 Group name: predicted_strain_L1A1
 #Fields=  17
 1) coordinates, coordinate, rectangular cartesian, #Components=3
   x.  Value index= 1, #Derivatives=0
   y.  Value index= 2, #Derivatives=0
   z.  Value index= 3, #Derivatives=0
 2) dummy, field, rectangular cartesian, #Components=1
   Tensor_1.  Value index= 4, #Derivatives=0
 3) Tensor_1, field, rectangular cartesian, #Components=1
   Tensor_1.  Value index= 5, #Derivatives=0
 4) Tensor_2, field, rectangular cartesian, #Components=1
   Tensor_2.  Value index= 6, #Derivatives=0
 5) Tensor_3, field, rectangular cartesian, #Components=1
   Tensor_3.  Value index= 7, #Derivatives=0
 6) Tensor_4, field, rectangular cartesian, #Components=1
   Tensor_4.  Value index= 8, #Derivatives=0
 7) Tensor_5, field, rectangular cartesian, #Components=1
   Tensor_5.  Value index= 9, #Derivatives=0
 8) Tensor_6, field, rectangular cartesian, #Components=1
   Tensor_6.  Value index= 10, #Derivatives=0
 9) Principal_1, field, rectangular cartesian, #Components=1
   Principal_1.  Value index= 11, #Derivatives=0
 10) Principal_2, field, rectangular cartesian, #Components=1
   Principal_2.  Value index= 12, #Derivatives=0
 11) Principal_3, field, rectangular cartesian, #Components=1
   Principal_3.  Value index= 13, #Derivatives=0
 12) VonMises, field, rectangular cartesian, #Components=1
   VonMises.  Value index= 14, #Derivatives=0
 13) Hydrostatic, field, rectangular cartesian, #Components=1
   VonMises.  Value index= 15, #Derivatives=0
 14) Octahedral, field, rectangular cartesian, #Components=1
   VonMises.  Value index= 16, #Derivatives=0
 15) PrincipalVector1, field, rectangular cartesian, #Components=3
   x.  Value index= 17, #Derivatives=0
   y.  Value index= 18, #Derivatives=0
   z.  Value index= 19, #Derivatives=0
 16) PrincipalVector2, field, rectangular cartesian, #Components=3
   x.  Value index= 20, #Derivatives=0
   y.  Value index= 21, #Derivatives=0
   z.  Value index= 22, #Derivatives=0
 17) PrincipalVector3, field, rectangular cartesian, #Components=3
   x.  Value index= 23, #Derivatives=0
   y.  Value index= 24, #Derivatives=0
   z.  Value index= 25, #Derivatives=0
 Node:          1
  0.1287E+03  0.1133E+03  0.4908E+03 -0.1386E-08
  -1.11E-16
  -8.327E-17
  -2.22E-16
  -2.776E-17
  -4.163E-17
  -3.331E-16
  -6.637000000e-17
  -2.400000000e-16
  -3.598000000e-16
  2.555400000e-16
  -2.220600000e-16
  1.204600000e-16
  8.837000000e-01 -4.676000000e-01 -1.897000000e-02
  4.046000000e-01 7.837000000e-01 -4.712000000e-01
  2.352000000e-01 4.088000000e-01 8.818000000e-01
 Node:          2
  0.1292E+03  0.1137E+03  0.5052E+03 -0.1386E-08
  -5.551E-17
  -1.11E-16
  -1.665E-16
  -5.551E-17
   1.943E-16
  -2.776E-16
  8.603000000e-17
  -1.600000000e-16
  -4.256000000e-16
  4.431900000e-16
  -1.665200000e-16
  2.089200000e-16
  -6.554000000e-01 6.199000000e-01 4.313000000e-01
  7.522000000e-01 4.849000000e-01 4.462000000e-01
  -6.744000000e-02 -6.169000000e-01 7.841000000e-01
 Node:          3
  0.1289E+03  0.1155E+03  0.5194E+03 -0.1386E-08
   2.22E-16
   1.388E-16
   3.331E-16
   1.11E-16
   5.551E-17
   2.22E-16
  4.753000000e-16
  2.118000000e-16
  9.006000000e-17
  3.410700000e-16
  2.590500000e-16
  1.607800000e-16
  -5.696000000e-01 -7.144000000e-01 -4.063000000e-01
  2.395000000e-01 -6.172000000e-01 7.494000000e-01
  -7.862000000e-01 3.296000000e-01 5.227000000e-01
 Node:          4
  0.1361E+03  0.1141E+03  0.4915E+03 -0.1386E-08
   0.0
  -2.776E-17
  -1.11E-16
  -2.776E-17
  -8.327E-17
   2.22E-16
  2.435000000e-16
  6.328000000e-18
  -1.388000000e-16
  3.342600000e-16
  3.700900000e-17
  1.575700000e-16
  -8.549000000e-02 -2.215000000e-01 9.714000000e-01
  9.681000000e-01 -2.491000000e-01 2.840000000e-02
  2.357000000e-01 9.428000000e-01 2.357000000e-01
 Node:          5
  0.1341E+03  0.1144E+03  0.5054E+03 -0.1386E-08
   3.331E-16
   1.388E-16
   3.331E-16
   5.551E-17
  -6.939E-17
   4.441E-16
  4.814000000e-16
  4.627000000e-16
  1.662000000e-16
  3.062800000e-16
  3.701000000e-16
  1.443800000e-16
  -3.480000000e-01 -6.443000000e-01 6.810000000e-01
  -6.589000000e-01 -3.487000000e-01 -6.665000000e-01
  6.669000000e-01 -6.807000000e-01 -3.032000000e-01
 Node:          6
  0.1323E+03  0.1162E+03  0.5191E+03 -0.1386E-08
   2.22E-16
   5.551E-17
   2.22E-16
  -5.551E-17
  -2.776E-17
   0.0
  2.897000000e-16
  1.685000000e-16
  -1.402000000e-17
  2.648100000e-16
  1.480600000e-16
  1.248300000e-16
  -7.150000000e-01 -6.696000000e-01 2.012000000e-01
  6.656000000e-01 -7.399000000e-01 -9.741000000e-02
  -2.141000000e-01 -6.426000000e-02 -9.747000000e-01
 Node:          7
  0.1408E+03  0.1171E+03  0.4920E+03 -0.1386E-08
   3.331E-16
   2.22E-16
   2.22E-16
  -8.327E-17
  -1.11E-16
   0.0
  5.398000000e-16
  6.158000000e-17
  -4.631000000e-17
  5.403100000e-16
  1.850200000e-16
  2.547000000e-16
  -7.537000000e-01 -6.111000000e-01 2.419000000e-01
  -6.560000000e-01 6.770000000e-01 -3.335000000e-01
  -4.004000000e-02 4.101000000e-01 9.112000000e-01
 Node:          8
  0.1367E+03  0.1169E+03  0.5055E+03 -0.1386E-08
   2.22E-16
   1.943E-16
   2.22E-16
  -4.025E-16
  -2.359E-16
  -2.22E-16
  6.547000000e-16
  4.477000000e-17
  -4.775000000e-16
  9.814900000e-16
  7.399000000e-17
  4.626800000e-16
  -6.847000000e-01 -5.611000000e-01 4.652000000e-01
  5.685000000e-01 -8.105000000e-01 -1.409000000e-01
  -4.561000000e-01 -1.681000000e-01 -8.739000000e-01
 Node:          9
  0.1339E+03  0.1180E+03  0.5191E+03 -0.1386E-08
   2.22E-16
   1.665E-16
   0.0
  -3.955E-16
  -2.776E-16
   6.661E-16
  1.002000000e-15
  -9.379000000e-18
  -1.046000000e-16
  1.062200000e-15
  2.960100000e-16
  5.007200000e-16
  -4.817000000e-01 -3.073000000e-01 8.207000000e-01
  -8.565000000e-01 -3.292000000e-02 -5.150000000e-01
  -1.853000000e-01 9.510000000e-01 2.474000000e-01
 Node:         10
  0.1294E+03  0.1212E+03  0.4911E+03 -0.1386E-08
   0.0
   2.776E-17
   1.11E-16
  -1.388E-17
   1.249E-16
   1.11E-16
  2.363000000e-16
  2.303000000e-17
  -3.732000000e-17
  2.489900000e-16
  7.400300000e-17
  1.173800000e-16
  4.210000000e-02 7.100000000e-01 7.030000000e-01
  -7.813000000e-01 -4.152000000e-01 4.661000000e-01
  -6.228000000e-01 5.688000000e-01 -5.372000000e-01
 Node:         11
  0.1295E+03  0.1214E+03  0.5055E+03 -0.1386E-08
  -2.22E-16
  -2.776E-17
  -2.22E-16
  -4.163E-17
   1.388E-17
  -1.665E-16
  -1.365000000e-16
  -2.183000000e-16
  -2.558000000e-16
  1.056600000e-16
  -2.035300000e-16
  4.981100000e-17
  -4.935000000e-01 2.929000000e-01 8.189000000e-01
  3.541000000e-01 -7.924000000e-01 4.968000000e-01
  -7.944000000e-01 -5.351000000e-01 -2.873000000e-01
 Node:         12
  0.1295E+03  0.1217E+03  0.5196E+03 -0.1386E-08
   1.11E-16
   0.0
   1.11E-16
   7.633E-17
   2.776E-17
   2.22E-16
  2.649000000e-16
  1.110000000e-16
  6.816000000e-17
  1.792000000e-16
  1.480200000e-16
  8.447700000e-17
  -4.387000000e-01 -1.595000000e-01 -8.844000000e-01
  3.417000000e-01 -9.398000000e-01 -2.255000000e-17
  8.311000000e-01 3.022000000e-01 -4.668000000e-01
 Node:         13
  0.1361E+03  0.1199E+03  0.4914E+03 -0.1386E-08
   1.11E-16
  -1.388E-16
   0.0
  -9.714E-17
   2.776E-17
  -1.665E-16
  2.285000000e-16
  -8.520000000e-17
  -1.988000000e-16
  3.833400000e-16
  -1.850000000e-17
  1.807100000e-16
  8.171000000e-01 -5.252000000e-01 -2.378000000e-01
  4.648000000e-01 8.442000000e-01 -2.671000000e-01
  3.410000000e-01 1.077000000e-01 9.339000000e-01
 Node:         14
  0.1342E+03  0.1198E+03  0.5054E+03 -0.1386E-08
  -5.551E-17
   2.776E-17
   0.0
   5.551E-17
  -9.021E-17
   1.11E-16
  1.672000000e-16
  -4.940000000e-18
  -1.068000000e-16
  2.398800000e-16
  1.848700000e-17
  1.130800000e-16
  1.634000000e-01 -4.472000000e-01 8.794000000e-01
  -6.569000000e-01 -7.144000000e-01 -2.412000000e-01
  -7.361000000e-01 5.382000000e-01 4.105000000e-01
 Node:         15
  0.1330E+03  0.1205E+03  0.5193E+03 -0.1386E-08
   2.22E-16
  -8.327E-17
  -5.551E-17
   1.388E-17
   4.857E-17
   0.0
  2.451000000e-16
  2.471000000e-17
  -1.033000000e-16
  3.052400000e-16
  5.550300000e-17
  1.438900000e-16
  -9.638000000e-01 2.667000000e-01 -1.723000000e-03
  1.157000000e-01 4.239000000e-01 8.983000000e-01
  2.403000000e-01 8.656000000e-01 -4.394000000e-01
 Node:         16
  0.1404E+03  0.1188E+03  0.4918E+03 -0.1386E-08
   2.22E-16
   5.551E-17
   2.22E-16
  -8.327E-17
  -1.457E-16
   4.441E-16
  5.466000000e-16
  1.950000000e-16
  1.465000000e-16
  3.781900000e-16
  2.960300000e-16
  1.782800000e-16
  -2.927000000e-01 -4.328000000e-01 8.526000000e-01
  -9.222000000e-01 -1.077000000e-01 -3.713000000e-01
  -2.526000000e-01 8.950000000e-01 3.676000000e-01
 Node:         17
  0.1365E+03  0.1184E+03  0.5055E+03 -0.1386E-08
  -1.11E-16
   2.776E-17
  -1.11E-16
   9.714E-17
   1.7E-16
   0.0
  1.573000000e-16
  -1.341000000e-16
  -2.452000000e-16
  3.600400000e-16
  -7.400000000e-17
  1.697300000e-16
  3.368000000e-01 5.285000000e-01 7.792000000e-01
  8.927000000e-01 -4.425000000e-01 -8.566000000e-02
  -2.996000000e-01 -7.244000000e-01 6.209000000e-01
 Node:         18
  0.1341E+03  0.1191E+03  0.5192E+03 -0.1386E-08
   0.0
   0.0
   0.0
   2.645E-17
   1.065E-16
   4.441E-16
  4.697000000e-16
  -1.672000000e-33
  -2.562000000e-17
  4.830200000e-16
  1.480300000e-16
  2.277000000e-16
  -5.484000000e-02 -2.207000000e-01 -9.738000000e-01
  9.705000000e-01 -2.411000000e-01 -6.210000000e-17
  -2.348000000e-01 -9.451000000e-01 2.274000000e-01
 Node:         19
  0.1301E+03  0.1291E+03  0.4914E+03  0.0000E+00
   1.11E-16
   0.0
   1.11E-16
   2.101E-19
   1.001E-17
  -2.22E-16
  1.113000000e-16
  1.110000000e-16
  -2.223000000e-16
  3.334500000e-16
  0.000000000e+00
  1.571900000e-16
  -2.096000000e-02 -9.993000000e-01 -3.003000000e-02
  9.998000000e-01 -2.097000000e-02 1.345000000e-19
  6.298000000e-04 3.003000000e-02 -9.995000000e-01
 Node:         20
  0.1299E+03  0.1291E+03  0.5058E+03  0.0000E+00
   2.22E-16
   0.0
   0.0
   1.041E-17
   1.924E-17
  -5.551E-17
  2.224000000e-16
  5.975000000e-18
  -6.188000000e-17
  2.571600000e-16
  5.549800000e-17
  1.212200000e-16
  -9.993000000e-01 -3.257000000e-03 -3.765000000e-02
  1.428000000e-02 -9.549000000e-01 -2.965000000e-01
  -3.498000000e-02 -2.968000000e-01 9.543000000e-01
 Node:         21
  0.1301E+03  0.1280E+03  0.5197E+03  0.0000E+00
   1.11E-16
   0.0
   0.0
   4.163E-17
   1.475E-17
   1.11E-16
  1.534000000e-16
  7.089000000e-17
  -2.220000000e-18
  1.348500000e-16
  7.402300000e-17
  6.357000000e-17
  -6.994000000e-01 -6.840000000e-02 -7.114000000e-01
  -7.126000000e-01 1.429000000e-01 6.869000000e-01
  -5.465000000e-02 -9.874000000e-01 1.487000000e-01
 Node:         22
  0.1360E+03  0.1256E+03  0.4913E+03  0.0000E+00
  -2.22E-16
   1.388E-17
  -1.11E-16
  -1.388E-17
   1.006E-16
   1.11E-16
  1.500000000e-16
  -1.456000000e-16
  -2.264000000e-16
  3.432100000e-16
  -7.400000000e-17
  1.617900000e-16
  -2.144000000e-02 3.586000000e-01 9.332000000e-01
  2.280000000e-01 9.106000000e-01 -3.447000000e-01
  -9.734000000e-01 2.054000000e-01 -1.013000000e-01
 Node:         23
  0.1343E+03  0.1253E+03  0.5054E+03  0.0000E+00
   0.0
   2.082E-17
  -4.441E-16
   0.0
   1.314E-16
  -1.665E-16
  1.265000000e-18
  -1.147000000e-16
  -4.972000000e-16
  4.517900000e-16
  -2.035500000e-16
  2.129700000e-16
  9.970000000e-01 6.061000000e-02 4.746000000e-02
  6.644000000e-02 -3.661000000e-01 -9.282000000e-01
  3.888000000e-02 -9.286000000e-01 3.690000000e-01
 Node:         24
  0.1336E+03  0.1248E+03  0.5194E+03  0.0000E+00
  -2.22E-16
   1.214E-17
   0.0
   1.388E-17
   8.674E-19
  -1.665E-16
  6.779000000e-19
  -1.633000000e-16
  -2.259000000e-16
  2.026600000e-16
  -1.295100000e-16
  9.553700000e-17
  -5.504000000e-02 -9.984000000e-01 -9.747000000e-03
  2.257000000e-01 -2.195000000e-02 9.740000000e-01
  -9.726000000e-01 5.141000000e-02 2.265000000e-01
 Node:         25
  0.1400E+03  0.1206E+03  0.4917E+03  0.0000E+00
   0.0
   2.671E-16
  -1.11E-16
  -8.327E-17
  -1.301E-16
   2.22E-16
  3.681000000e-16
  7.580000000e-17
  -3.329000000e-16
  6.098700000e-16
  3.700000000e-17
  2.874900000e-16
  5.089000000e-01 4.781000000e-01 -7.159000000e-01
  6.086000000e-01 3.883000000e-01 6.920000000e-01
  6.088000000e-01 -7.878000000e-01 -9.334000000e-02
 Node:         26
  0.1363E+03  0.1200E+03  0.5055E+03  0.0000E+00
   2.22E-16
   1.076E-16
  -6.106E-16
   2.776E-17
  -1.124E-15
  -5.551E-17
  8.281000000e-16
  2.248000000e-16
  -1.497000000e-15
  2.089800000e-15
  -1.480300000e-16
  9.851500000e-16
  7.371000000e-02 6.174000000e-01 -7.832000000e-01
  9.955000000e-01 1.018000000e-03 9.449000000e-02
  -5.914000000e-02 7.866000000e-01 6.146000000e-01
 Node:         27
  0.1343E+03  0.1203E+03  0.5192E+03  0.0000E+00
   2.22E-16
  -1.943E-16
   2.22E-16
  -1.041E-16
   1.313E-15
   0.0
  1.466000000e-15
  1.875000000e-16
  -1.209000000e-15
  2.317400000e-15
  1.481700000e-16
  1.092400000e-15
  -1.693000000e-01 7.280000000e-01 6.643000000e-01
  9.848000000e-01 9.849000000e-02 1.431000000e-01
  3.876000000e-02 6.785000000e-01 -7.336000000e-01
 Node:         28
  0.1155E+03  0.1124E+03  0.4931E+03 -0.8193E-08
  -2.22E-16
   3.816E-17
   2.22E-16
  -5.551E-17
   5.551E-17
   1.11E-16
  2.455000000e-16
  1.014000000e-16
  -2.359000000e-16
  4.279500000e-16
  3.700000000e-17
  2.017400000e-16
  3.184000000e-02 9.284000000e-01 3.701000000e-01
  1.988000000e-01 3.571000000e-01 -9.127000000e-01
  9.795000000e-01 -1.026000000e-01 1.732000000e-01
 Node:         29
  0.1119E+03  0.1139E+03  0.5068E+03 -0.8193E-08
  -2.22E-16
  -2.082E-17
   0.0
   5.551E-17
   6.939E-18
  -3.331E-16
  1.944000000e-18
  -2.004000000e-16
  -3.566000000e-16
  3.113600000e-16
  -1.850200000e-16
  1.467800000e-16
  -9.118000000e-02 9.958000000e-01 5.517000000e-03
  -9.179000000e-01 -8.189000000e-02 -3.884000000e-01
  -3.863000000e-01 -4.048000000e-02 9.215000000e-01
 Node:         30
  0.1113E+03  0.1159E+03  0.5206E+03 -0.8193E-08
   2.22E-16
   1.249E-16
   2.22E-16
   0.0
  -2.776E-17
   1.11E-16
  3.486000000e-16
  1.238000000e-16
  8.277000000e-17
  2.478800000e-16
  1.850600000e-16
  1.168500000e-16
  -7.001000000e-01 -7.092000000e-01 8.287000000e-02
  -4.685000000e-01 3.686000000e-01 -8.029000000e-01
  -5.389000000e-01 6.009000000e-01 5.903000000e-01
 Node:         31
  0.1203E+03  0.1126E+03  0.4920E+03 -0.8193E-08
  -5.551E-17
   9.714E-17
  -1.11E-16
   2.776E-17
   4.163E-17
  -5.551E-17
  4.114000000e-17
  -7.661000000e-17
  -1.866000000e-16
  1.972700000e-16
  -7.402300000e-17
  9.299200000e-17
  -6.956000000e-01 -5.654000000e-01 -4.433000000e-01
  4.358000000e-01 1.585000000e-01 -8.860000000e-01
  5.712000000e-01 -8.095000000e-01 1.362000000e-01
 Node:         32
  0.1188E+03  0.1134E+03  0.5062E+03 -0.8193E-08
   2.22E-16
  -1.388E-17
  -1.11E-16
  -2.776E-17
   9.714E-17
  -5.551E-17
  2.266000000e-16
  1.331000000e-17
  -1.844000000e-16
  3.560200000e-16
  1.850300000e-17
  1.678300000e-16
  -9.894000000e-01 7.624000000e-02 1.236000000e-01
  1.445000000e-01 5.992000000e-01 7.875000000e-01
  1.402000000e-02 -7.970000000e-01 6.038000000e-01
 Node:         33
  0.1183E+03  0.1150E+03  0.5201E+03 -0.8193E-08
   1.11E-16
   5.551E-17
   0.0
   8.327E-17
   0.0
   0.0
  1.700000000e-16
  0.000000000e+00
  -5.893000000e-17
  2.058900000e-16
  3.702300000e-17
  9.705800000e-17
  -8.617000000e-01 -2.815000000e-01 -4.222000000e-01
  0.000000000e+00 -8.321000000e-01 5.547000000e-01
  -5.074000000e-01 4.780000000e-01 7.170000000e-01
 Node:         34
  0.1255E+03  0.1129E+03  0.4909E+03 -0.8193E-08
   0.0
   0.0
   0.0
   5.551E-17
   9.714E-17
   0.0
  1.119000000e-16
  3.387000000e-33
  -1.119000000e-16
  1.938200000e-16
  0.000000000e+00
  9.136600000e-17
  -3.508000000e-01 -6.139000000e-01 -7.071000000e-01
  8.682000000e-01 -4.961000000e-01 -4.855000000e-17
  -3.508000000e-01 -6.139000000e-01 7.071000000e-01
 Node:         35
  0.1260E+03  0.1135E+03  0.5054E+03 -0.8193E-08
   0.0
   1.11E-16
  -1.11E-16
   1.11E-16
   2.498E-16
  -1.11E-16
  2.410000000e-16
  -1.023000000e-16
  -3.608000000e-16
  5.229000000e-16
  -7.403300000e-17
  2.465000000e-16
  5.458000000e-01 5.925000000e-01 5.925000000e-01
  8.379000000e-01 -3.859000000e-01 -3.859000000e-01
  -4.975000000e-17 -7.071000000e-01 7.071000000e-01
 Node:         36
  0.1257E+03  0.1153E+03  0.5196E+03 -0.8193E-08
   0.0
  -5.551E-17
   0.0
  -5.551E-17
   8.327E-17
   0.0
  1.305000000e-16
  -4.723000000e-17
  -8.327000000e-17
  1.982200000e-16
  0.000000000e+00
  9.344300000e-17
  -5.155000000e-01 6.059000000e-01 6.059000000e-01
  8.569000000e-01 3.645000000e-01 3.645000000e-01
  -1.256000000e-16 7.071000000e-01 -7.071000000e-01
 Node:         37
  0.1132E+03  0.1210E+03  0.4959E+03 -0.8193E-08
  -2.22E-16
   1.388E-16
  -2.22E-16
  -8.327E-17
   1.804E-16
  -2.776E-16
  -4.482000000e-17
  -1.622000000e-16
  -5.146000000e-16
  4.234700000e-16
  -2.405400000e-16
  1.996300000e-16
  3.971000000e-01 7.887000000e-01 4.693000000e-01
  -7.874000000e-01 3.010000000e-02 6.157000000e-01
  4.715000000e-01 -6.140000000e-01 6.330000000e-01
 Node:         38
  0.1111E+03  0.1204E+03  0.5085E+03 -0.8193E-08
  -1.665E-16
   9.714E-17
   0.0
  -2.776E-17
  -8.327E-17
  -2.22E-16
  7.071000000e-17
  -2.091000000e-16
  -2.502000000e-16
  3.024600000e-16
  -1.295300000e-16
  1.425800000e-16
  -3.916000000e-01 -8.746000000e-01 2.859000000e-01
  9.154000000e-01 -3.389000000e-01 2.170000000e-01
  9.287000000e-02 -3.467000000e-01 -9.334000000e-01
 Node:         39
  0.1119E+03  0.1201E+03  0.5207E+03 -0.8193E-08
  -5.551E-17
  -9.714E-17
  -3.331E-16
  -8.327E-17
  -7.633E-17
  -1.11E-16
  8.934000000e-18
  -1.105000000e-16
  -3.981000000e-16
  3.623900000e-16
  -1.665600000e-16
  1.708300000e-16
  8.510000000e-01 -1.281000000e-01 -5.092000000e-01
  4.076000000e-01 -4.503000000e-01 7.944000000e-01
  -3.311000000e-01 -8.836000000e-01 -3.310000000e-01
 Node:         40
  0.1191E+03  0.1220E+03  0.4937E+03 -0.8193E-08
   0.0
   8.327E-17
  -2.22E-16
   8.327E-17
  -1.388E-17
  -2.22E-16
  4.872000000e-17
  -2.082000000e-16
  -2.846000000e-16
  3.024500000e-16
  -1.480300000e-16
  1.425700000e-16
  -9.240000000e-01 -2.703000000e-01 -2.703000000e-01
  0.000000000e+00 -7.071000000e-01 7.071000000e-01
  3.823000000e-01 -6.534000000e-01 -6.534000000e-01
 Node:         41
  0.1182E+03  0.1217E+03  0.5073E+03 -0.8193E-08
   0.0
  -2.776E-17
  -5.551E-17
   5.551E-17
   9.714E-17
   1.11E-16
  1.653000000e-16
  1.073000000e-17
  -1.206000000e-16
  2.478700000e-16
  1.847700000e-17
  1.168500000e-16
  2.406000000e-01 3.653000000e-01 8.993000000e-01
  -8.901000000e-01 4.526000000e-01 5.428000000e-02
  -3.871000000e-01 -8.135000000e-01 4.340000000e-01
 Node:         42
  0.1187E+03  0.1212E+03  0.5204E+03 -0.8193E-08
   0.0
  -5.551E-17
  -1.11E-16
   0.0
   5.551E-17
   1.11E-16
  1.256000000e-16
  1.887000000e-17
  -1.444000000e-16
  2.355300000e-16
  2.333300000e-20
  1.110300000e-16
  1.113000000e-01 -2.517000000e-01 -9.614000000e-01
  9.295000000e-01 -3.159000000e-01 1.903000000e-01
  -3.516000000e-01 -9.148000000e-01 1.988000000e-01
 Node:         43
  0.1258E+03  0.1217E+03  0.4915E+03 -0.8193E-08
   2.22E-16
   1.11E-16
   1.11E-16
  -1.388E-17
   0.0
  -5.551E-17
  2.911000000e-16
  4.294000000e-17
  -5.645000000e-17
  3.100400000e-16
  9.253000000e-17
  1.461600000e-16
  -8.507000000e-01 -5.246000000e-01 3.406000000e-02
  -5.213000000e-01 8.502000000e-01 7.348000000e-02
  6.751000000e-02 -4.475000000e-02 9.967000000e-01
 Node:         44
  0.1259E+03  0.1220E+03  0.5059E+03 -0.8193E-08
  -2.22E-16
   1.388E-16
  -2.22E-16
   9.714E-17
   1.11E-16
  -1.11E-16
  5.081000000e-17
  -2.445000000e-16
  -3.614000000e-16
  3.679600000e-16
  -1.850300000e-16
  1.734600000e-16
  -5.113000000e-01 -5.340000000e-01 -6.733000000e-01
  -5.198000000e-01 -4.318000000e-01 7.372000000e-01
  -6.844000000e-01 7.269000000e-01 -5.679000000e-02
 Node:         45
  0.1261E+03  0.1221E+03  0.5198E+03 -0.8193E-08
  -5.551E-17
  -8.327E-17
  -2.776E-16
   2.776E-17
  -6.939E-18
   1.11E-16
  1.167000000e-16
  -3.339000000e-17
  -3.053000000e-16
  3.705000000e-16
  -7.399700000e-17
  1.746600000e-16
  1.854000000e-01 -5.643000000e-02 9.810000000e-01
  9.302000000e-01 -3.117000000e-01 -1.938000000e-01
  -3.167000000e-01 -9.485000000e-01 5.308000000e-03
 Node:         46
  0.1117E+03  0.1296E+03  0.4959E+03  0.0000E+00
  -5.551E-17
   2.776E-17
  -1.665E-16
   6.939E-18
  -2.602E-17
   0.0
  4.101000000e-18
  -4.897000000e-17
  -1.772000000e-16
  1.614500000e-16
  -7.402300000e-17
  7.610600000e-17
  4.856000000e-02 -1.429000000e-01 9.886000000e-01
  9.724000000e-01 2.327000000e-01 -1.414000000e-02
  -2.280000000e-01 9.620000000e-01 1.502000000e-01
 Node:         47
  0.1107E+03  0.1269E+03  0.5087E+03  0.0000E+00
  -1.665E-16
  -3.123E-17
   1.11E-16
  -2.776E-17
   3.99E-17
   0.0
  1.289000000e-16
  -1.114000000e-17
  -1.732000000e-16
  2.618600000e-16
  -1.848000000e-17
  1.234400000e-16
  -1.292000000e-01 9.390000000e-01 3.186000000e-01
  -1.008000000e-01 -3.321000000e-01 9.379000000e-01
  -9.865000000e-01 -8.906000000e-02 -1.376000000e-01
 Node:         48
  0.1125E+03  0.1242E+03  0.5208E+03  0.0000E+00
   1.11E-16
   3.469E-18
   1.11E-16
   0.0
  -1.735E-18
   1.11E-16
  1.149000000e-16
  1.110000000e-16
  1.071000000e-16
  6.755000000e-18
  1.110000000e-16
  3.184300000e-18
  -6.325000000e-01 -7.071000000e-01 3.162000000e-01
  4.472000000e-01 -4.455000000e-15 8.944000000e-01
  -6.325000000e-01 7.071000000e-01 3.162000000e-01
 Node:         49
  0.1186E+03  0.1311E+03  0.4938E+03  0.0000E+00
  -1.665E-16
  -2.082E-17
   0.0
  -4.163E-17
  -6.072E-18
  -5.551E-17
  2.581000000e-18
  -4.165000000e-17
  -1.830000000e-16
  1.678900000e-16
  -7.402300000e-17
  7.914600000e-17
  1.174000000e-01 -9.929000000e-01 1.965000000e-02
  -3.135000000e-01 -1.827000000e-02 9.494000000e-01
  -9.423000000e-01 -1.176000000e-01 -3.134000000e-01
 Node:         50
  0.1180E+03  0.1298E+03  0.5075E+03  0.0000E+00
   0.0
  -1.301E-17
   3.331E-16
  -4.163E-17
   1.247E-17
   2.22E-16
  3.354000000e-16
  2.276000000e-16
  -7.879000000e-18
  3.040700000e-16
  1.850400000e-16
  1.433400000e-16
  5.441000000e-02 -9.902000000e-01 -1.289000000e-01
  -1.707000000e-01 -1.364000000e-01 9.758000000e-01
  9.838000000e-01 3.109000000e-02 1.765000000e-01
 Node:         51
  0.1192E+03  0.1275E+03  0.5206E+03  0.0000E+00
   0.0
  -3.469E-18
  -5.551E-17
   0.0
   1.475E-17
   1.11E-16
  1.123000000e-16
  2.087000000e-19
  -5.702000000e-17
  1.491800000e-16
  1.849600000e-17
  7.032400000e-17
  -2.705000000e-03 8.758000000e-02 9.962000000e-01
  9.982000000e-01 -6.004000000e-02 7.989000000e-03
  -6.051000000e-02 -9.943000000e-01 8.725000000e-02
 Node:         52
  0.1262E+03  0.1305E+03  0.4920E+03  0.0000E+00
   1.11E-16
  -1.388E-17
   1.11E-16
   1.301E-18
   4.906E-18
   0.0
  1.250000000e-16
  9.734000000e-17
  -2.497000000e-19
  1.139700000e-16
  7.403000000e-17
  5.372400000e-17
  -7.047000000e-01 7.092000000e-01 2.051000000e-02
  7.093000000e-01 7.034000000e-01 4.493000000e-02
  -1.744000000e-02 -4.621000000e-02 9.988000000e-01
 Node:         53
  0.1258E+03  0.1304E+03  0.5063E+03  0.0000E+00
  -1.665E-16
  -1.735E-18
  -1.11E-16
   2.776E-17
   3.383E-17
  -2.22E-16
  -1.010000000e-16
  -1.572000000e-16
  -2.414000000e-16
  1.223900000e-16
  -1.665300000e-16
  5.769700000e-17
  9.684000000e-02 9.526000000e-01 2.883000000e-01
  -9.346000000e-01 1.866000000e-01 -3.027000000e-01
  -3.422000000e-01 -2.402000000e-01 9.084000000e-01
 Node:         54
  0.1265E+03  0.1288E+03  0.5200E+03  0.0000E+00
  -2.22E-16
   2.082E-17
   1.11E-16
   0.0
  -4.337E-18
   1.11E-16
  1.160000000e-16
  1.073000000e-16
  -2.233000000e-16
  3.350300000e-16
  0.000000000e+00
  1.579400000e-16
  -4.656000000e-02 -7.562000000e-01 6.527000000e-01
  -4.117000000e-02 -6.514000000e-01 -7.576000000e-01
  -9.981000000e-01 6.215000000e-02 8.061000000e-04
 Node:         55
  0.1382E+03  0.1167E+03  0.4532E+03 -0.7884E-04
  -0.003879
  -6.285E-4
   0.003068
   1.711E-4
   9.553E-4
   0.001972
  6.213100000e-02
  3.010000000e-02
  -5.815400000e-02
  1.070500000e-01
  1.135900000e-02
  5.046300000e-02
  1.166100000e-02 6.331100000e-01 4.074300000e-01
  -1.514400000e-01 4.249100000e-01 -7.391300000e-01
  -8.408200000e-01 -7.049600000e-02 3.548100000e-03
 Node:         56
  0.1314E+03  0.1156E+03  0.4686E+03 -0.7884E-04
  -0.004134
   2.636E-4
   0.001728
   0.001146
  -2.842E-6
   1.454E-4
  2.708000000e-02
  9.299800000e-03
  -6.552200000e-02
  8.450200000e-02
  -9.714100000e-03
  3.983500000e-02
  -8.568300000e-02 -8.827100000e-01 1.074500000e-02
  1.420200000e-01 -3.825500000e-02 8.249900000e-01
  -1.070700000e+00 5.839300000e-02 2.197100000e-01
 Node:         57
  0.1285E+03  0.1140E+03  0.4823E+03 -0.7884E-04
  -9.689E-4
   4.792E-4
  -1.122E-4
   3.704E-4
  -2.495E-4
  -1.399E-4
  2.111300000e-03
  -3.465700000e-04
  -2.101200000e-02
  2.191300000e-02
  -6.415800000e-03
  1.033000000e-02
  -1.639800000e-01 -9.860000000e-01 5.313100000e-01
  4.914800000e-01 3.487400000e-01 9.069600000e-01
  -9.549800000e-01 4.293600000e-01 3.272200000e-01
 Node:         58
  0.1480E+03  0.1172E+03  0.4540E+03 -0.7884E-04
  -0.003864
  -0.001635
   0.005123
  -2.75E-4
   7.893E-4
   4.683E-4
  9.656000000e-02
  1.427400000e-02
  -6.638300000e-02
  1.410200000e-01
  1.481700000e-02
  6.647700000e-02
  2.147900000e-01 -1.045100000e+00 -1.749200000e-01
  -1.078400000e-01 -2.080300000e-01 1.095200000e+00
  -9.966200000e-01 -1.570700000e-01 -9.914400000e-02
 Node:         59
  0.1417E+03  0.1164E+03  0.4696E+03 -0.7884E-04
  -0.003871
  -0.001149
   0.003831
   6.376E-4
   2.5E-4
  -6.621E-4
  6.452700000e-02
  -7.060300000e-03
  -6.623300000e-02
  1.132300000e-01
  -2.922100000e-03
  5.337900000e-02
  -9.594200000e-02 6.184600000e-01 1.509700000e-02
  1.125200000e-01 -6.804200000e-02 1.118400000e+00
  -7.997600000e-01 -1.106700000e-01 3.098600000e-02
 Node:         60
  0.1375E+03  0.1149E+03  0.4832E+03 -0.7884E-04
  -8.638E-4
  -8.098E-5
   5.25E-4
   4.048E-4
  -1.382E-4
  -2.56E-4
  7.712000000e-03
  -1.767800000e-03
  -1.670400000e-02
  2.107200000e-02
  -3.586700000e-03
  9.933500000e-03
  -1.181400000e-01 1.035500000e+00 -2.589100000e-01
  -3.677500000e-01 -2.505700000e-01 -6.968100000e-01
  -7.982300000e-01 -1.465800000e-02 4.340100000e-01
 Node:         61
  0.1551E+03  0.1212E+03  0.4547E+03 -0.7884E-04
  -0.00165
  -0.001461
   0.002361
  -0.001341
   0.001812
  -0.003928
  7.515800000e-02
  -3.834300000e-02
  -7.368000000e-02
  1.342100000e-01
  -1.228800000e-02
  6.326500000e-02
  -2.806500000e-01 6.527300000e-01 1.789200000e-01
  6.994900000e-01 2.601800000e-01 -2.522200000e-01
  3.135800000e-01 -1.214900000e-01 7.020900000e-01
 Node:         62
  0.1490E+03  0.1198E+03  0.4705E+03 -0.7884E-04
  -4.102E-4
  -0.001977
   0.002733
  -7.749E-5
   7.728E-4
  -0.003937
  6.606800000e-02
  -2.522400000e-02
  -6.657500000e-02
  1.173500000e-01
  -8.576800000e-03
  5.532100000e-02
  -1.806100000e-01 5.513800000e-01 3.362900000e-02
  9.463500000e-01 4.332600000e-01 2.149300000e-02
  -4.649500000e-02 -9.347400000e-02 3.463800000e-01
 Node:         63
  0.1436E+03  0.1180E+03  0.4839E+03 -0.7884E-04
   3.189E-4
  -5.089E-4
   5.578E-4
   2.344E-4
  -2.153E-4
  -7.543E-4
  1.537800000e-02
  -1.661500000e-03
  -1.274300000e-02
  2.441100000e-02
  3.243700000e-04
  1.150700000e-02
  -2.153000000e-01 2.663700000e-01 -1.265100000e-01
  8.695200000e-01 6.889600000e-01 1.014100000e-01
  1.233000000e-01 -1.127100000e-02 -2.843100000e-01
 Node:         64
  0.1412E+03  0.1253E+03  0.4532E+03 -0.7884E-04
  -0.002288
   8.075E-4
   0.00269
  -7.273E-4
   5.185E-4
  -4.664E-4
  4.636300000e-02
  -8.624900000e-04
  -4.376400000e-02
  7.778400000e-02
  5.789400000e-04
  3.666800000e-02
  1.293900000e-01 1.124100000e+00 1.446300000e-01
  4.326700000e-01 1.081700000e-01 -1.202800000e+00
  -9.549700000e-01 1.470700000e-01 -3.245000000e-01
 Node:         65
  0.1340E+03  0.1229E+03  0.4686E+03 -0.7884E-04
  -0.002122
   4.2E-4
   0.00243
  -1.466E-4
   1.816E-4
  -3.629E-4
  3.829100000e-02
  -4.227200000e-03
  -3.384700000e-02
  6.271700000e-02
  7.219300000e-05
  2.956500000e-02
  -7.425100000e-02 -7.204200000e-01 -4.394200000e-02
  -7.903000000e-02 -5.258000000e-02 7.653900000e-01
  -8.960500000e-01 5.437200000e-02 -1.493400000e-01
 Node:         66
  0.1299E+03  0.1214E+03  0.4825E+03 -0.7884E-04
  -3.252E-4
   6.53E-5
   3.758E-4
   1.62E-4
  -1.141E-4
  -1.07E-4
  5.601900000e-03
  -6.376700000e-04
  -5.739500000e-03
  9.848100000e-03
  -2.584400000e-04
  4.642400000e-03
  -5.723600000e-03 -5.391700000e-01 1.127700000e-01
  2.693600000e-01 5.094300000e-02 6.103700000e-01
  7.418900000e-01 -1.287800000e-01 -5.713200000e-01
 Node:         67
  0.1498E+03  0.1239E+03  0.4539E+03 -0.7884E-04
  -0.002426
  -8.344E-4
   0.002293
  -6.207E-4
   2.829E-4
   2.996E-4
  4.477200000e-02
  1.742700000e-02
  -4.378200000e-02
  7.769400000e-02
  6.138800000e-03
  3.662500000e-02
  -1.464800000e-02 5.908600000e-02 -2.125900000e-02
  -2.299600000e-01 -3.029000000e-01 1.093800000e+00
  -1.030400000e+00 -1.601100000e-01 -1.230800000e-01
 Node:         68
  0.1431E+03  0.1222E+03  0.4695E+03 -0.7884E-04
  -0.002083
  -0.001418
   0.00255
  -2.668E-4
   3.819E-4
   1.39E-4
  4.980800000e-02
  5.316200000e-03
  -3.892200000e-02
  7.699900000e-02
  5.400800000e-03
  3.629800000e-02
  1.053500000e-01 -5.150000000e-01 -8.210800000e-02
  -6.112300000e-02 -2.382500000e-01 1.110400000e+00
  -6.290900000e-01 -1.601300000e-01 -6.336400000e-02
 Node:         69
  0.1379E+03  0.1205E+03  0.4831E+03 -0.7884E-04
  -2.938E-4
  -3.996E-4
   6.978E-4
   8.348E-5
   5.487E-5
  -4.319E-5
  1.298900000e-02
  -3.318700000e-04
  -6.201800000e-03
  1.707000000e-02
  2.151700000e-03
  8.047000000e-03
  -3.451800000e-01 9.481300000e-01 1.932600000e-02
  1.294500000e-01 -8.055100000e-02 1.150300000e+00
  9.814700000e-01 4.233800000e-01 -2.604900000e-01
 Node:         70
  0.1553E+03  0.1233E+03  0.4546E+03 -0.7884E-04
  -0.001783
  -9.981E-4
  -2.126E-4
  -0.001148
   8.2E-4
   0.002716
  6.163400000e-02
  1.399600000e-03
  -4.320600000e-02
  9.125700000e-02
  6.609300000e-03
  4.301900000e-02
  6.732000000e-03 -3.407700000e-02 3.929600000e-02
  1.969700000e-01 -1.007600000e+00 4.167300000e-01
  1.950400000e-02 4.928700000e-02 -2.298800000e-02
 Node:         71
  0.1492E+03  0.1217E+03  0.4705E+03 -0.7884E-04
  -0.001226
  -0.002165
   0.00143
  -0.00104
   0.00113
   9.706E-4
  6.127300000e-02
  2.182300000e-03
  -4.003600000e-02
  8.837600000e-02
  7.806500000e-03
  4.166100000e-02
  -3.051800000e-01 5.781600000e-01 4.241800000e-01
  9.807100000e-03 -7.577500000e-01 9.726900000e-01
  9.590300000e-01 4.910300000e-01 1.382100000e-01
 Node:         72
  0.1435E+03  0.1199E+03  0.4838E+03 -0.7884E-04
  -8.06E-5
  -7.588E-4
   6.251E-4
  -1.062E-4
   2.187E-4
   3.663E-5
  1.850200000e-02
  -4.735300000e-04
  -7.906800000e-03
  2.360200000e-02
  3.373900000e-03
  1.112600000e-02
  -5.311100000e-01 8.283400000e-01 2.092200000e-01
  8.956500000e-02 -3.093100000e-01 1.102400000e+00
  9.291700000e-01 6.274800000e-01 4.940200000e-02
 Node:         73
  0.1443E+03  0.1338E+03  0.4532E+03  0.0000E+00
   6.653E-4
  -5.071E-4
  -0.002086
   3.212E-4
  -2.831E-4
   0.001972
  3.234000000e-02
  1.195100000e-02
  -3.543300000e-02
  6.038000000e-02
  2.952600000e-03
  2.846300000e-02
  1.822600000e-01 -4.710400000e-02 5.308600000e-01
  2.973800000e-01 -6.431800000e-02 -2.625900000e-01
  -8.224900000e-02 -4.715800000e-01 -3.788400000e-02
 Node:         74
  0.1366E+03  0.1303E+03  0.4687E+03  0.0000E+00
   0.001721
  -7.966E-4
  -0.001212
   1.394E-5
  -5.621E-4
   0.001057
  3.187800000e-02
  1.843500000e-02
  -2.376200000e-02
  4.997600000e-02
  8.850400000e-03
  2.355900000e-02
  5.302200000e-01 -1.581700000e-01 1.316400000e-01
  -2.440900000e-01 -1.500200000e-01 9.336300000e-01
  -1.344300000e-01 -5.020300000e-01 -1.055500000e-01
 Node:         75
  0.1313E+03  0.1288E+03  0.4827E+03  0.0000E+00
   5.152E-4
  -3.405E-4
  -2.009E-4
  -2.267E-4
  -1.158E-4
   4.616E-5
  1.108700000e-02
  1.332700000e-03
  -5.741700000e-03
  1.458000000e-02
  2.226100000e-03
  6.872900000e-03
  -9.284000000e-01 3.226100000e-01 2.312100000e-01
  8.602200000e-02 -4.601700000e-01 8.965900000e-01
  3.888900000e-01 8.261400000e-01 4.010300000e-01
 Node:         76
  0.1515E+03  0.1306E+03  0.4539E+03  0.0000E+00
   7.988E-4
  -6.57E-4
  -0.003093
   3.678E-5
   7.491E-4
   0.003251
  4.966500000e-02
  1.544900000e-02
  -5.233000000e-02
  9.004100000e-02
  4.261500000e-03
  4.244600000e-02
  6.237600000e-02 -5.089200000e-03 4.659900000e-02
  1.075400000e+00 -1.910700000e-01 5.304100000e-02
  1.299800000e-01 7.322100000e-01 -9.206600000e-02
 Node:         77
  0.1445E+03  0.1279E+03  0.4695E+03  0.0000E+00
   0.002597
  -3.222E-4
  -0.001666
  -2.969E-4
   5.085E-4
   0.001303
  4.559600000e-02
  1.949400000e-02
  -2.918000000e-02
  6.544200000e-02
  1.197000000e-02
  3.085000000e-02
  -9.791100000e-01 1.008700000e-01 1.855000000e-01
  1.998500000e-01 1.552700000e-01 9.678600000e-01
  1.020500000e-02 -2.112600000e-01 3.352000000e-02
 Node:         78
  0.1384E+03  0.1261E+03  0.4830E+03  0.0000E+00
   0.001055
  -5.458E-5
  -1.632E-4
  -2.442E-4
  -4.617E-5
   1.278E-5
  1.882400000e-02
  8.268400000e-05
  -2.645200000e-03
  2.024300000e-02
  5.420400000e-03
  9.542700000e-03
  -9.870600000e-01 2.887200000e-02 1.715000000e-01
  1.026500000e-01 -2.008700000e-01 3.918200000e-01
  -6.204400000e-02 -3.147500000e-01 -1.634800000e-01
 Node:         79
  0.1556E+03  0.1254E+03  0.4546E+03  0.0000E+00
   9.608E-4
   0.001352
   0.002215
   7.064E-4
   5.573E-5
  -0.006772
  6.778000000e-02
  5.482800000e-03
  -1.583600000e-01
  2.011600000e-01
  -2.836500000e-02
  9.482700000e-02
  4.810800000e-01 9.212300000e-01 3.648200000e-02
  1.704900000e-01 -9.473400000e-02 3.903900000e-02
  -7.517500000e-02 -3.063100000e-02 1.054600000e+00
 Node:         80
  0.1494E+03  0.1236E+03  0.4704E+03  0.0000E+00
   0.00279
   0.001251
   0.00123
  -4.159E-5
  -2.008E-4
  -0.005765
  6.148600000e-02
  1.508000000e-02
  -1.323200000e-01
  1.724100000e-01
  -1.858300000e-02
  8.127300000e-02
  1.118000000e+00 5.455100000e-01 1.499700000e-02
  -5.122900000e-01 8.957200000e-01 -8.416100000e-02
  -2.216700000e-02 7.798500000e-02 1.032100000e+00
 Node:         81
  0.1433E+03  0.1217E+03  0.4837E+03  0.0000E+00
   0.001174
   2.467E-4
   8.887E-5
  -2.341E-4
  -5.168E-5
  -8.143E-4
  2.075900000e-02
  1.008300000e-03
  -1.856100000e-02
  3.371800000e-02
  1.068900000e-03
  1.589500000e-02
  -9.791200000e-01 -1.936100000e-01 8.992500000e-02
  -1.888100000e-01 1.018500000e+00 -6.626800000e-02
  6.846100000e-02 8.262000000e-02 1.033600000e+00
 Node:         82
  0.1267E+03  0.1148E+03  0.4561E+03 -0.1353E-02
  -0.001299
  -1.09E-4
   0.001055
   3.144E-4
   7.851E-4
   2.146E-4
  2.606000000e-02
  -1.742200000e-03
  -2.507900000e-02
  4.418100000e-02
  -2.537300000e-04
  2.082700000e-02
  7.676400000e-02 8.649000000e-01 5.720400000e-01
  -3.002700000e-01 5.812700000e-01 -8.678100000e-01
  5.522100000e-01 1.007500000e-01 -1.699400000e-01
 Node:         83
  0.1234E+03  0.1129E+03  0.4718E+03 -0.1353E-02
  -0.001703
   2.098E-4
   5.237E-4
   0.001646
   3.47E-4
  -0.001188
  1.243500000e-02
  -4.000300000e-04
  -4.662900000e-02
  5.376200000e-02
  -1.153200000e-02
  2.534300000e-02
  3.811000000e-01 7.830100000e-01 4.607700000e-01
  -5.250500000e-01 5.834100000e-01 -6.088700000e-01
  -7.978300000e-01 -6.031000000e-04 6.609800000e-01
 Node:         84
  0.1187E+03  0.1123E+03  0.4849E+03 -0.1353E-02
  -2.399E-4
   5.718E-5
   3.834E-5
   6.075E-4
  -2.695E-5
  -0.001082
  1.641800000e-03
  3.154400000e-04
  -2.123100000e-02
  2.228600000e-02
  -6.424500000e-03
  1.050600000e-02
  -8.134000000e-01 -6.360000000e-01 -4.401200000e-01
  4.980000000e-01 -9.321900000e-01 2.836100000e-01
  5.138100000e-01 -2.846900000e-02 -9.606300000e-01
 Node:         85
  0.1302E+03  0.1161E+03  0.4549E+03 -0.1353E-02
  -0.001693
  -6.935E-5
   0.001284
   3.709E-4
   0.001206
   8.131E-4
  3.694200000e-02
  -2.015000000e-03
  -2.727500000e-02
  5.594000000e-02
  2.550700000e-03
  2.637100000e-02
  9.344400000e-02 5.663100000e-01 4.822500000e-01
  -2.996800000e-01 4.481900000e-01 -6.463200000e-01
  8.838800000e-02 1.491800000e-01 -1.589400000e-01
 Node:         86
  0.1252E+03  0.1138E+03  0.4702E+03 -0.1353E-02
  -0.001334
   8.476E-4
   0.002274
   0.003139
   0.001378
  -5.425E-4
  5.987200000e-02
  1.159100000e-02
  -5.818600000e-02
  1.024800000e-01
  4.425800000e-03
  4.830800000e-02
  -5.120100000e-01 -7.590300000e-01 -5.380700000e-01
  5.905400000e-01 -6.975400000e-01 4.995200000e-01
  7.799400000e-01 2.291900000e-02 -7.268800000e-01
 Node:         87
  0.1217E+03  0.1126E+03  0.4833E+03 -0.1353E-02
  -4.766E-4
   3.324E-5
   9.457E-5
   7.874E-4
  -1.229E-4
  -9.963E-4
  2.327800000e-03
  8.158400000e-04
  -2.400800000e-02
  2.566500000e-02
  -6.954700000e-03
  1.209900000e-02
  -5.401000000e-01 8.047900000e-01 -4.828700000e-01
  6.793200000e-01 7.424800000e-01 3.853200000e-01
  5.852300000e-01 -1.056700000e-01 -8.912000000e-01
 Node:         88
  0.1338E+03  0.1169E+03  0.4534E+03 -0.1353E-02
  -0.002823
  -4.306E-4
   0.001043
   3.628E-4
   0.001532
   0.001754
  4.936200000e-02
  -9.197000000e-04
  -4.225000000e-02
  7.949400000e-02
  2.063900000e-03
  3.747400000e-02
  4.511000000e-02 5.963500000e-01 8.139000000e-01
  -2.734100000e-01 9.118500000e-01 -7.610900000e-01
  8.006000000e-01 1.588300000e-01 -8.857500000e-02
 Node:         89
  0.1270E+03  0.1150E+03  0.4685E+03 -0.1353E-02
  -0.003381
   4.349E-4
   6.537E-4
   0.001437
   4.332E-4
  -3.405E-4
  1.584500000e-02
  -1.892700000e-03
  -5.784100000e-02
  6.647400000e-02
  -1.463000000e-02
  3.133600000e-02
  3.123000000e-01 7.264400000e-01 4.940200000e-01
  -2.487700000e-01 5.882500000e-01 -7.555300000e-01
  -1.029800000e+00 4.321000000e-02 3.752000000e-01
 Node:         90
  0.1248E+03  0.1132E+03  0.4822E+03 -0.1353E-02
  -8.363E-4
   4.778E-4
  -2.141E-4
   4.257E-4
  -2.327E-4
  -2.458E-4
  6.179100000e-04
  -3.824400000e-04
  -2.035100000e-02
  2.049300000e-02
  -6.705200000e-03
  9.660300000e-03
  5.720000000e-01 1.025400000e+00 -9.317700000e-02
  2.904000000e-01 -1.559500000e-01 6.950600000e-01
  -8.839400000e-01 4.356300000e-01 4.069800000e-01
 Node:         91
  0.1258E+03  0.1261E+03  0.4551E+03 -0.1353E-02
  -0.001607
   0.001234
   0.002376
  -1.457E-4
   0.001243
   7.646E-5
  4.945400000e-02
  -2.093500000e-03
  -2.750200000e-02
  6.792000000e-02
  6.619300000e-03
  3.201800000e-02
  -1.554400000e-01 -4.610600000e-01 -1.983400000e-01
  -3.029400000e-01 -2.338000000e-01 7.468700000e-01
  -6.025900000e-01 2.384100000e-01 -1.638200000e-01
 Node:         92
  0.1209E+03  0.1233E+03  0.4726E+03 -0.1353E-02
  -0.002052
   3.546E-4
   0.001507
   4.255E-4
   9.294E-4
   6.756E-4
  3.289100000e-02
  2.418100000e-03
  -3.007200000e-02
  5.450900000e-02
  1.745800000e-03
  2.569600000e-02
  -9.253400000e-02 -7.837200000e-01 -5.314700000e-01
  6.020100000e-02 -4.857000000e-01 7.032200000e-01
  -1.046500000e+00 4.368900000e-02 9.869100000e-02
 Node:         93
  0.1159E+03  0.1217E+03  0.4877E+03 -0.1353E-02
  -3.284E-4
  -9.863E-5
   1.316E-4
   3.305E-4
   2.838E-4
  -1.882E-4
  4.280800000e-03
  -2.140800000e-04
  -9.851600000e-03
  1.242400000e-02
  -1.928300000e-03
  5.856900000e-03
  2.361400000e-01 6.279700000e-01 3.782500000e-01
  -5.562800000e-01 4.812200000e-01 -4.235000000e-01
  -6.004300000e-01 -2.492500000e-01 4.927800000e-01
 Node:         94
  0.1313E+03  0.1263E+03  0.4542E+03 -0.1353E-02
  -0.001912
   0.001171
   0.002592
  -6.87E-4
   0.001135
   0.001016
  5.277800000e-02
  1.469100000e-02
  -3.318100000e-02
  7.455900000e-02
  1.142900000e-02
  3.514700000e-02
  1.382700000e-01 1.113500000e+00 4.761500000e-01
  4.291300000e-01 4.067500000e-01 -1.105700000e+00
  1.067100000e+00 -2.924900000e-01 3.175900000e-01
 Node:         95
