 Group name: predicted_strain_L5A3
 #Fields=  17
 1) coordinates, coordinate, rectangular cartesian, #Components=3
   x.  Value index= 1, #Derivatives=0
   y.  Value index= 2, #Derivatives=0
   z.  Value index= 3, #Derivatives=0
 2) dummy, field, rectangular cartesian, #Components=1
   Tensor_1.  Value index= 4, #Derivatives=0
 3) Tensor_1, field, rectangular cartesian, #Components=1
   Tensor_1.  Value index= 5, #Derivatives=0
 4) Tensor_2, field, rectangular cartesian, #Components=1
   Tensor_2.  Value index= 6, #Derivatives=0
 5) Tensor_3, field, rectangular cartesian, #Components=1
   Tensor_3.  Value index= 7, #Derivatives=0
 6) Tensor_4, field, rectangular cartesian, #Components=1
   Tensor_4.  Value index= 8, #Derivatives=0
 7) Tensor_5, field, rectangular cartesian, #Components=1
   Tensor_5.  Value index= 9, #Derivatives=0
 8) Tensor_6, field, rectangular cartesian, #Components=1
   Tensor_6.  Value index= 10, #Derivatives=0
 9) Principal_1, field, rectangular cartesian, #Components=1
   Principal_1.  Value index= 11, #Derivatives=0
 10) Principal_2, field, rectangular cartesian, #Components=1
   Principal_2.  Value index= 12, #Derivatives=0
 11) Principal_3, field, rectangular cartesian, #Components=1
   Principal_3.  Value index= 13, #Derivatives=0
 12) VonMises, field, rectangular cartesian, #Components=1
   VonMises.  Value index= 14, #Derivatives=0
 13) Hydrostatic, field, rectangular cartesian, #Components=1
   VonMises.  Value index= 15, #Derivatives=0
 14) Octahedral, field, rectangular cartesian, #Components=1
   VonMises.  Value index= 16, #Derivatives=0
 15) PrincipalVector1, field, rectangular cartesian, #Components=3
   x.  Value index= 17, #Derivatives=0
   y.  Value index= 18, #Derivatives=0
   z.  Value index= 19, #Derivatives=0
 16) PrincipalVector2, field, rectangular cartesian, #Components=3
   x.  Value index= 20, #Derivatives=0
   y.  Value index= 21, #Derivatives=0
   z.  Value index= 22, #Derivatives=0
 17) PrincipalVector3, field, rectangular cartesian, #Components=3
   x.  Value index= 23, #Derivatives=0
   y.  Value index= 24, #Derivatives=0
   z.  Value index= 25, #Derivatives=0
 Node:          1
  0.1287E+03  0.1133E+03  0.4908E+03 -0.2689E-04
  -1.11E-16
  -8.327E-17
  -2.22E-16
  -2.776E-17
  -4.163E-17
  -3.331E-16
  -6.637000000e-17
  -2.400000000e-16
  -3.598000000e-16
  2.555400000e-16
  -2.220600000e-16
  1.204600000e-16
  8.837000000e-01 -4.676000000e-01 -1.897000000e-02
  4.046000000e-01 7.837000000e-01 -4.712000000e-01
  2.352000000e-01 4.088000000e-01 8.818000000e-01
 Node:          2
  0.1292E+03  0.1137E+03  0.5052E+03 -0.2689E-04
  -5.551E-17
  -1.11E-16
  -1.665E-16
  -5.551E-17
   1.943E-16
  -2.776E-16
  8.603000000e-17
  -1.600000000e-16
  -4.256000000e-16
  4.431900000e-16
  -1.665200000e-16
  2.089200000e-16
  -6.554000000e-01 6.199000000e-01 4.313000000e-01
  7.522000000e-01 4.849000000e-01 4.462000000e-01
  -6.744000000e-02 -6.169000000e-01 7.841000000e-01
 Node:          3
  0.1289E+03  0.1155E+03  0.5194E+03 -0.2689E-04
   2.22E-16
   1.388E-16
   3.331E-16
   1.11E-16
   5.551E-17
   2.22E-16
  4.753000000e-16
  2.118000000e-16
  9.006000000e-17
  3.410700000e-16
  2.590500000e-16
  1.607800000e-16
  -5.696000000e-01 -7.144000000e-01 -4.063000000e-01
  2.395000000e-01 -6.172000000e-01 7.494000000e-01
  -7.862000000e-01 3.296000000e-01 5.227000000e-01
 Node:          4
  0.1361E+03  0.1141E+03  0.4915E+03 -0.2689E-04
   0.0
  -2.776E-17
  -1.11E-16
  -2.776E-17
  -8.327E-17
   2.22E-16
  2.435000000e-16
  6.328000000e-18
  -1.388000000e-16
  3.342600000e-16
  3.700900000e-17
  1.575700000e-16
  -8.549000000e-02 -2.215000000e-01 9.714000000e-01
  9.681000000e-01 -2.491000000e-01 2.840000000e-02
  2.357000000e-01 9.428000000e-01 2.357000000e-01
 Node:          5
  0.1341E+03  0.1144E+03  0.5054E+03 -0.2689E-04
   3.331E-16
   1.388E-16
   3.331E-16
   5.551E-17
  -6.939E-17
   4.441E-16
  4.814000000e-16
  4.627000000e-16
  1.662000000e-16
  3.062800000e-16
  3.701000000e-16
  1.443800000e-16
  -3.480000000e-01 -6.443000000e-01 6.810000000e-01
  -6.589000000e-01 -3.487000000e-01 -6.665000000e-01
  6.669000000e-01 -6.807000000e-01 -3.032000000e-01
 Node:          6
  0.1323E+03  0.1162E+03  0.5191E+03 -0.2689E-04
   2.22E-16
   5.551E-17
   2.22E-16
  -5.551E-17
  -2.776E-17
   0.0
  2.897000000e-16
  1.685000000e-16
  -1.402000000e-17
  2.648100000e-16
  1.480600000e-16
  1.248300000e-16
  -7.150000000e-01 -6.696000000e-01 2.012000000e-01
  6.656000000e-01 -7.399000000e-01 -9.741000000e-02
  -2.141000000e-01 -6.426000000e-02 -9.747000000e-01
 Node:          7
  0.1408E+03  0.1171E+03  0.4920E+03 -0.2689E-04
   3.331E-16
   2.22E-16
   2.22E-16
  -8.327E-17
  -1.11E-16
   0.0
  5.398000000e-16
  6.158000000e-17
  -4.631000000e-17
  5.403100000e-16
  1.850200000e-16
  2.547000000e-16
  -7.537000000e-01 -6.111000000e-01 2.419000000e-01
  -6.560000000e-01 6.770000000e-01 -3.335000000e-01
  -4.004000000e-02 4.101000000e-01 9.112000000e-01
 Node:          8
  0.1367E+03  0.1169E+03  0.5055E+03 -0.2689E-04
   2.22E-16
   1.943E-16
   2.22E-16
  -4.025E-16
  -2.359E-16
  -2.22E-16
  6.547000000e-16
  4.477000000e-17
  -4.775000000e-16
  9.814900000e-16
  7.399000000e-17
  4.626800000e-16
  -6.847000000e-01 -5.611000000e-01 4.652000000e-01
  5.685000000e-01 -8.105000000e-01 -1.409000000e-01
  -4.561000000e-01 -1.681000000e-01 -8.739000000e-01
 Node:          9
  0.1339E+03  0.1180E+03  0.5191E+03 -0.2689E-04
   2.22E-16
   1.665E-16
   0.0
  -3.955E-16
  -2.776E-16
   6.661E-16
  1.002000000e-15
  -9.379000000e-18
  -1.046000000e-16
  1.062200000e-15
  2.960100000e-16
  5.007200000e-16
  -4.817000000e-01 -3.073000000e-01 8.207000000e-01
  -8.565000000e-01 -3.292000000e-02 -5.150000000e-01
  -1.853000000e-01 9.510000000e-01 2.474000000e-01
 Node:         10
  0.1294E+03  0.1212E+03  0.4911E+03 -0.2689E-04
   0.0
   2.776E-17
   1.11E-16
  -1.388E-17
   1.249E-16
   1.11E-16
  2.363000000e-16
  2.303000000e-17
  -3.732000000e-17
  2.489900000e-16
  7.400300000e-17
  1.173800000e-16
  4.210000000e-02 7.100000000e-01 7.030000000e-01
  -7.813000000e-01 -4.152000000e-01 4.661000000e-01
  -6.228000000e-01 5.688000000e-01 -5.372000000e-01
 Node:         11
  0.1295E+03  0.1214E+03  0.5055E+03 -0.2689E-04
  -2.22E-16
  -2.776E-17
  -2.22E-16
  -4.163E-17
   1.388E-17
  -1.665E-16
  -1.365000000e-16
  -2.183000000e-16
  -2.558000000e-16
  1.056600000e-16
  -2.035300000e-16
  4.981100000e-17
  -4.935000000e-01 2.929000000e-01 8.189000000e-01
  3.541000000e-01 -7.924000000e-01 4.968000000e-01
  -7.944000000e-01 -5.351000000e-01 -2.873000000e-01
 Node:         12
  0.1295E+03  0.1217E+03  0.5196E+03 -0.2689E-04
   1.11E-16
   0.0
   1.11E-16
   7.633E-17
   2.776E-17
   2.22E-16
  2.649000000e-16
  1.110000000e-16
  6.816000000e-17
  1.792000000e-16
  1.480200000e-16
  8.447700000e-17
  -4.387000000e-01 -1.595000000e-01 -8.844000000e-01
  3.417000000e-01 -9.398000000e-01 -2.255000000e-17
  8.311000000e-01 3.022000000e-01 -4.668000000e-01
 Node:         13
  0.1361E+03  0.1199E+03  0.4914E+03 -0.2689E-04
   1.11E-16
  -1.388E-16
   0.0
  -9.714E-17
   2.776E-17
  -1.665E-16
  2.285000000e-16
  -8.520000000e-17
  -1.988000000e-16
  3.833400000e-16
  -1.850000000e-17
  1.807100000e-16
  8.171000000e-01 -5.252000000e-01 -2.378000000e-01
  4.648000000e-01 8.442000000e-01 -2.671000000e-01
  3.410000000e-01 1.077000000e-01 9.339000000e-01
 Node:         14
  0.1342E+03  0.1198E+03  0.5054E+03 -0.2689E-04
  -5.551E-17
   2.776E-17
   0.0
   5.551E-17
  -9.021E-17
   1.11E-16
  1.672000000e-16
  -4.940000000e-18
  -1.068000000e-16
  2.398800000e-16
  1.848700000e-17
  1.130800000e-16
  1.634000000e-01 -4.472000000e-01 8.794000000e-01
  -6.569000000e-01 -7.144000000e-01 -2.412000000e-01
  -7.361000000e-01 5.382000000e-01 4.105000000e-01
 Node:         15
  0.1330E+03  0.1205E+03  0.5193E+03 -0.2689E-04
   2.22E-16
  -8.327E-17
  -5.551E-17
   1.388E-17
   4.857E-17
   0.0
  2.451000000e-16
  2.471000000e-17
  -1.033000000e-16
  3.052400000e-16
  5.550300000e-17
  1.438900000e-16
  -9.638000000e-01 2.667000000e-01 -1.723000000e-03
  1.157000000e-01 4.239000000e-01 8.983000000e-01
  2.403000000e-01 8.656000000e-01 -4.394000000e-01
 Node:         16
  0.1404E+03  0.1188E+03  0.4918E+03 -0.2689E-04
   2.22E-16
   5.551E-17
   2.22E-16
  -8.327E-17
  -1.457E-16
   4.441E-16
  5.466000000e-16
  1.950000000e-16
  1.465000000e-16
  3.781900000e-16
  2.960300000e-16
  1.782800000e-16
  -2.927000000e-01 -4.328000000e-01 8.526000000e-01
  -9.222000000e-01 -1.077000000e-01 -3.713000000e-01
  -2.526000000e-01 8.950000000e-01 3.676000000e-01
 Node:         17
  0.1365E+03  0.1184E+03  0.5055E+03 -0.2689E-04
  -1.11E-16
   2.776E-17
  -1.11E-16
   9.714E-17
   1.7E-16
   0.0
  1.573000000e-16
  -1.341000000e-16
  -2.452000000e-16
  3.600400000e-16
  -7.400000000e-17
  1.697300000e-16
  3.368000000e-01 5.285000000e-01 7.792000000e-01
  8.927000000e-01 -4.425000000e-01 -8.566000000e-02
  -2.996000000e-01 -7.244000000e-01 6.209000000e-01
 Node:         18
  0.1341E+03  0.1191E+03  0.5192E+03 -0.2689E-04
   0.0
   0.0
   0.0
   2.645E-17
   1.065E-16
   4.441E-16
  4.697000000e-16
  -1.672000000e-33
  -2.562000000e-17
  4.830200000e-16
  1.480300000e-16
  2.277000000e-16
  -5.484000000e-02 -2.207000000e-01 -9.738000000e-01
  9.705000000e-01 -2.411000000e-01 -6.210000000e-17
  -2.348000000e-01 -9.451000000e-01 2.274000000e-01
 Node:         19
  0.1301E+03  0.1291E+03  0.4914E+03  0.0000E+00
   1.11E-16
   0.0
   1.11E-16
   2.101E-19
   1.001E-17
  -2.22E-16
  1.113000000e-16
  1.110000000e-16
  -2.223000000e-16
  3.334500000e-16
  0.000000000e+00
  1.571900000e-16
  -2.096000000e-02 -9.993000000e-01 -3.003000000e-02
  9.998000000e-01 -2.097000000e-02 1.345000000e-19
  6.298000000e-04 3.003000000e-02 -9.995000000e-01
 Node:         20
  0.1299E+03  0.1291E+03  0.5058E+03  0.0000E+00
   2.22E-16
   0.0
   0.0
   1.041E-17
   1.924E-17
  -5.551E-17
  2.224000000e-16
  5.975000000e-18
  -6.188000000e-17
  2.571600000e-16
  5.549800000e-17
  1.212200000e-16
  -9.993000000e-01 -3.257000000e-03 -3.765000000e-02
  1.428000000e-02 -9.549000000e-01 -2.965000000e-01
  -3.498000000e-02 -2.968000000e-01 9.543000000e-01
 Node:         21
  0.1301E+03  0.1280E+03  0.5197E+03  0.0000E+00
   1.11E-16
   0.0
   0.0
   4.163E-17
   1.475E-17
   1.11E-16
  1.534000000e-16
  7.089000000e-17
  -2.220000000e-18
  1.348500000e-16
  7.402300000e-17
  6.357000000e-17
  -6.994000000e-01 -6.840000000e-02 -7.114000000e-01
  -7.126000000e-01 1.429000000e-01 6.869000000e-01
  -5.465000000e-02 -9.874000000e-01 1.487000000e-01
 Node:         22
  0.1360E+03  0.1256E+03  0.4913E+03  0.0000E+00
  -2.22E-16
   1.388E-17
  -1.11E-16
  -1.388E-17
   1.006E-16
   1.11E-16
  1.500000000e-16
  -1.456000000e-16
  -2.264000000e-16
  3.432100000e-16
  -7.400000000e-17
  1.617900000e-16
  -2.144000000e-02 3.586000000e-01 9.332000000e-01
  2.280000000e-01 9.106000000e-01 -3.447000000e-01
  -9.734000000e-01 2.054000000e-01 -1.013000000e-01
 Node:         23
  0.1343E+03  0.1253E+03  0.5054E+03  0.0000E+00
   0.0
   2.082E-17
  -4.441E-16
   0.0
   1.314E-16
  -1.665E-16
  1.265000000e-18
  -1.147000000e-16
  -4.972000000e-16
  4.517900000e-16
  -2.035500000e-16
  2.129700000e-16
  9.970000000e-01 6.061000000e-02 4.746000000e-02
  6.644000000e-02 -3.661000000e-01 -9.282000000e-01
  3.888000000e-02 -9.286000000e-01 3.690000000e-01
 Node:         24
  0.1336E+03  0.1248E+03  0.5194E+03  0.0000E+00
  -2.22E-16
   1.214E-17
   0.0
   1.388E-17
   8.674E-19
  -1.665E-16
  6.779000000e-19
  -1.633000000e-16
  -2.259000000e-16
  2.026600000e-16
  -1.295100000e-16
  9.553700000e-17
  -5.504000000e-02 -9.984000000e-01 -9.747000000e-03
  2.257000000e-01 -2.195000000e-02 9.740000000e-01
  -9.726000000e-01 5.141000000e-02 2.265000000e-01
 Node:         25
  0.1400E+03  0.1206E+03  0.4917E+03  0.0000E+00
   0.0
   2.671E-16
  -1.11E-16
  -8.327E-17
  -1.301E-16
   2.22E-16
  3.681000000e-16
  7.580000000e-17
  -3.329000000e-16
  6.098700000e-16
  3.700000000e-17
  2.874900000e-16
  5.089000000e-01 4.781000000e-01 -7.159000000e-01
  6.086000000e-01 3.883000000e-01 6.920000000e-01
  6.088000000e-01 -7.878000000e-01 -9.334000000e-02
 Node:         26
  0.1363E+03  0.1200E+03  0.5055E+03  0.0000E+00
   2.22E-16
   1.076E-16
  -6.106E-16
   2.776E-17
  -1.124E-15
  -5.551E-17
  8.281000000e-16
  2.248000000e-16
  -1.497000000e-15
  2.089800000e-15
  -1.480300000e-16
  9.851500000e-16
  7.371000000e-02 6.174000000e-01 -7.832000000e-01
  9.955000000e-01 1.018000000e-03 9.449000000e-02
  -5.914000000e-02 7.866000000e-01 6.146000000e-01
 Node:         27
  0.1343E+03  0.1203E+03  0.5192E+03  0.0000E+00
   2.22E-16
  -1.943E-16
   2.22E-16
  -1.041E-16
   1.313E-15
   0.0
  1.466000000e-15
  1.875000000e-16
  -1.209000000e-15
  2.317400000e-15
  1.481700000e-16
  1.092400000e-15
  -1.693000000e-01 7.280000000e-01 6.643000000e-01
  9.848000000e-01 9.849000000e-02 1.431000000e-01
  3.876000000e-02 6.785000000e-01 -7.336000000e-01
 Node:         28
  0.1155E+03  0.1124E+03  0.4931E+03 -0.1589E-03
  -2.22E-16
   3.816E-17
   2.22E-16
  -5.551E-17
   5.551E-17
   1.11E-16
  2.455000000e-16
  1.014000000e-16
  -2.359000000e-16
  4.279500000e-16
  3.700000000e-17
  2.017400000e-16
  3.184000000e-02 9.284000000e-01 3.701000000e-01
  1.988000000e-01 3.571000000e-01 -9.127000000e-01
  9.795000000e-01 -1.026000000e-01 1.732000000e-01
 Node:         29
  0.1119E+03  0.1139E+03  0.5068E+03 -0.1589E-03
  -2.22E-16
  -2.082E-17
   0.0
   5.551E-17
   6.939E-18
  -3.331E-16
  1.944000000e-18
  -2.004000000e-16
  -3.566000000e-16
  3.113600000e-16
  -1.850200000e-16
  1.467800000e-16
  -9.118000000e-02 9.958000000e-01 5.517000000e-03
  -9.179000000e-01 -8.189000000e-02 -3.884000000e-01
  -3.863000000e-01 -4.048000000e-02 9.215000000e-01
 Node:         30
  0.1113E+03  0.1159E+03  0.5206E+03 -0.1589E-03
   2.22E-16
   1.249E-16
   2.22E-16
   0.0
  -2.776E-17
   1.11E-16
  3.486000000e-16
  1.238000000e-16
  8.277000000e-17
  2.478800000e-16
  1.850600000e-16
  1.168500000e-16
  -7.001000000e-01 -7.092000000e-01 8.287000000e-02
  -4.685000000e-01 3.686000000e-01 -8.029000000e-01
  -5.389000000e-01 6.009000000e-01 5.903000000e-01
 Node:         31
  0.1203E+03  0.1126E+03  0.4920E+03 -0.1589E-03
  -5.551E-17
   9.714E-17
  -1.11E-16
   2.776E-17
   4.163E-17
  -5.551E-17
  4.114000000e-17
  -7.661000000e-17
  -1.866000000e-16
  1.972700000e-16
  -7.402300000e-17
  9.299200000e-17
  -6.956000000e-01 -5.654000000e-01 -4.433000000e-01
  4.358000000e-01 1.585000000e-01 -8.860000000e-01
  5.712000000e-01 -8.095000000e-01 1.362000000e-01
 Node:         32
  0.1188E+03  0.1134E+03  0.5062E+03 -0.1589E-03
   2.22E-16
  -1.388E-17
  -1.11E-16
  -2.776E-17
   9.714E-17
  -5.551E-17
  2.266000000e-16
  1.331000000e-17
  -1.844000000e-16
  3.560200000e-16
  1.850300000e-17
  1.678300000e-16
  -9.894000000e-01 7.624000000e-02 1.236000000e-01
  1.445000000e-01 5.992000000e-01 7.875000000e-01
  1.402000000e-02 -7.970000000e-01 6.038000000e-01
 Node:         33
  0.1183E+03  0.1150E+03  0.5201E+03 -0.1589E-03
   1.11E-16
   5.551E-17
   0.0
   8.327E-17
   0.0
   0.0
  1.700000000e-16
  0.000000000e+00
  -5.893000000e-17
  2.058900000e-16
  3.702300000e-17
  9.705800000e-17
  -8.617000000e-01 -2.815000000e-01 -4.222000000e-01
  0.000000000e+00 -8.321000000e-01 5.547000000e-01
  -5.074000000e-01 4.780000000e-01 7.170000000e-01
 Node:         34
  0.1255E+03  0.1129E+03  0.4909E+03 -0.1589E-03
   0.0
   0.0
   0.0
   5.551E-17
   9.714E-17
   0.0
  1.119000000e-16
  3.387000000e-33
  -1.119000000e-16
  1.938200000e-16
  0.000000000e+00
  9.136600000e-17
  -3.508000000e-01 -6.139000000e-01 -7.071000000e-01
  8.682000000e-01 -4.961000000e-01 -4.855000000e-17
  -3.508000000e-01 -6.139000000e-01 7.071000000e-01
 Node:         35
  0.1260E+03  0.1135E+03  0.5054E+03 -0.1589E-03
   0.0
   1.11E-16
  -1.11E-16
   1.11E-16
   2.498E-16
  -1.11E-16
  2.410000000e-16
  -1.023000000e-16
  -3.608000000e-16
  5.229000000e-16
  -7.403300000e-17
  2.465000000e-16
  5.458000000e-01 5.925000000e-01 5.925000000e-01
  8.379000000e-01 -3.859000000e-01 -3.859000000e-01
  -4.975000000e-17 -7.071000000e-01 7.071000000e-01
 Node:         36
  0.1257E+03  0.1153E+03  0.5196E+03 -0.1589E-03
   0.0
  -5.551E-17
   0.0
  -5.551E-17
   8.327E-17
   0.0
  1.305000000e-16
  -4.723000000e-17
  -8.327000000e-17
  1.982200000e-16
  0.000000000e+00
  9.344300000e-17
  -5.155000000e-01 6.059000000e-01 6.059000000e-01
  8.569000000e-01 3.645000000e-01 3.645000000e-01
  -1.256000000e-16 7.071000000e-01 -7.071000000e-01
 Node:         37
  0.1132E+03  0.1210E+03  0.4959E+03 -0.1589E-03
  -2.22E-16
   1.388E-16
  -2.22E-16
  -8.327E-17
   1.804E-16
  -2.776E-16
  -4.482000000e-17
  -1.622000000e-16
  -5.146000000e-16
  4.234700000e-16
  -2.405400000e-16
  1.996300000e-16
  3.971000000e-01 7.887000000e-01 4.693000000e-01
  -7.874000000e-01 3.010000000e-02 6.157000000e-01
  4.715000000e-01 -6.140000000e-01 6.330000000e-01
 Node:         38
  0.1111E+03  0.1204E+03  0.5085E+03 -0.1589E-03
  -1.665E-16
   9.714E-17
   0.0
  -2.776E-17
  -8.327E-17
  -2.22E-16
  7.071000000e-17
  -2.091000000e-16
  -2.502000000e-16
  3.024600000e-16
  -1.295300000e-16
  1.425800000e-16
  -3.916000000e-01 -8.746000000e-01 2.859000000e-01
  9.154000000e-01 -3.389000000e-01 2.170000000e-01
  9.287000000e-02 -3.467000000e-01 -9.334000000e-01
 Node:         39
  0.1119E+03  0.1201E+03  0.5207E+03 -0.1589E-03
  -5.551E-17
  -9.714E-17
  -3.331E-16
  -8.327E-17
  -7.633E-17
  -1.11E-16
  8.934000000e-18
  -1.105000000e-16
  -3.981000000e-16
  3.623900000e-16
  -1.665600000e-16
  1.708300000e-16
  8.510000000e-01 -1.281000000e-01 -5.092000000e-01
  4.076000000e-01 -4.503000000e-01 7.944000000e-01
  -3.311000000e-01 -8.836000000e-01 -3.310000000e-01
 Node:         40
  0.1191E+03  0.1220E+03  0.4937E+03 -0.1589E-03
   0.0
   8.327E-17
  -2.22E-16
   8.327E-17
  -1.388E-17
  -2.22E-16
  4.872000000e-17
  -2.082000000e-16
  -2.846000000e-16
  3.024500000e-16
  -1.480300000e-16
  1.425700000e-16
  -9.240000000e-01 -2.703000000e-01 -2.703000000e-01
  0.000000000e+00 -7.071000000e-01 7.071000000e-01
  3.823000000e-01 -6.534000000e-01 -6.534000000e-01
 Node:         41
  0.1182E+03  0.1217E+03  0.5073E+03 -0.1589E-03
   0.0
  -2.776E-17
  -5.551E-17
   5.551E-17
   9.714E-17
   1.11E-16
  1.653000000e-16
  1.073000000e-17
  -1.206000000e-16
  2.478700000e-16
  1.847700000e-17
  1.168500000e-16
  2.406000000e-01 3.653000000e-01 8.993000000e-01
  -8.901000000e-01 4.526000000e-01 5.428000000e-02
  -3.871000000e-01 -8.135000000e-01 4.340000000e-01
 Node:         42
  0.1187E+03  0.1212E+03  0.5204E+03 -0.1589E-03
   0.0
  -5.551E-17
  -1.11E-16
   0.0
   5.551E-17
   1.11E-16
  1.256000000e-16
  1.887000000e-17
  -1.444000000e-16
  2.355300000e-16
  2.333300000e-20
  1.110300000e-16
  1.113000000e-01 -2.517000000e-01 -9.614000000e-01
  9.295000000e-01 -3.159000000e-01 1.903000000e-01
  -3.516000000e-01 -9.148000000e-01 1.988000000e-01
 Node:         43
  0.1258E+03  0.1217E+03  0.4915E+03 -0.1589E-03
   2.22E-16
   1.11E-16
   1.11E-16
  -1.388E-17
   0.0
  -5.551E-17
  2.911000000e-16
  4.294000000e-17
  -5.645000000e-17
  3.100400000e-16
  9.253000000e-17
  1.461600000e-16
  -8.507000000e-01 -5.246000000e-01 3.406000000e-02
  -5.213000000e-01 8.502000000e-01 7.348000000e-02
  6.751000000e-02 -4.475000000e-02 9.967000000e-01
 Node:         44
  0.1259E+03  0.1220E+03  0.5059E+03 -0.1589E-03
  -2.22E-16
   1.388E-16
  -2.22E-16
   9.714E-17
   1.11E-16
  -1.11E-16
  5.081000000e-17
  -2.445000000e-16
  -3.614000000e-16
  3.679600000e-16
  -1.850300000e-16
  1.734600000e-16
  -5.113000000e-01 -5.340000000e-01 -6.733000000e-01
  -5.198000000e-01 -4.318000000e-01 7.372000000e-01
  -6.844000000e-01 7.269000000e-01 -5.679000000e-02
 Node:         45
  0.1261E+03  0.1221E+03  0.5198E+03 -0.1589E-03
  -5.551E-17
  -8.327E-17
  -2.776E-16
   2.776E-17
  -6.939E-18
   1.11E-16
  1.167000000e-16
  -3.339000000e-17
  -3.053000000e-16
  3.705000000e-16
  -7.399700000e-17
  1.746600000e-16
  1.854000000e-01 -5.643000000e-02 9.810000000e-01
  9.302000000e-01 -3.117000000e-01 -1.938000000e-01
  -3.167000000e-01 -9.485000000e-01 5.308000000e-03
 Node:         46
  0.1117E+03  0.1296E+03  0.4959E+03  0.0000E+00
  -5.551E-17
   2.776E-17
  -1.665E-16
   6.939E-18
  -2.602E-17
   0.0
  4.101000000e-18
  -4.897000000e-17
  -1.772000000e-16
  1.614500000e-16
  -7.402300000e-17
  7.610600000e-17
  4.856000000e-02 -1.429000000e-01 9.886000000e-01
  9.724000000e-01 2.327000000e-01 -1.414000000e-02
  -2.280000000e-01 9.620000000e-01 1.502000000e-01
 Node:         47
  0.1107E+03  0.1269E+03  0.5087E+03  0.0000E+00
  -1.665E-16
  -3.123E-17
   1.11E-16
  -2.776E-17
   3.99E-17
   0.0
  1.289000000e-16
  -1.114000000e-17
  -1.732000000e-16
  2.618600000e-16
  -1.848000000e-17
  1.234400000e-16
  -1.292000000e-01 9.390000000e-01 3.186000000e-01
  -1.008000000e-01 -3.321000000e-01 9.379000000e-01
  -9.865000000e-01 -8.906000000e-02 -1.376000000e-01
 Node:         48
  0.1125E+03  0.1242E+03  0.5208E+03  0.0000E+00
   1.11E-16
   3.469E-18
   1.11E-16
   0.0
  -1.735E-18
   1.11E-16
  1.149000000e-16
  1.110000000e-16
  1.071000000e-16
  6.755000000e-18
  1.110000000e-16
  3.184300000e-18
  -6.325000000e-01 -7.071000000e-01 3.162000000e-01
  4.472000000e-01 -4.455000000e-15 8.944000000e-01
  -6.325000000e-01 7.071000000e-01 3.162000000e-01
 Node:         49
  0.1186E+03  0.1311E+03  0.4938E+03  0.0000E+00
  -1.665E-16
  -2.082E-17
   0.0
  -4.163E-17
  -6.072E-18
  -5.551E-17
  2.581000000e-18
  -4.165000000e-17
  -1.830000000e-16
  1.678900000e-16
  -7.402300000e-17
  7.914600000e-17
  1.174000000e-01 -9.929000000e-01 1.965000000e-02
  -3.135000000e-01 -1.827000000e-02 9.494000000e-01
  -9.423000000e-01 -1.176000000e-01 -3.134000000e-01
 Node:         50
  0.1180E+03  0.1298E+03  0.5075E+03  0.0000E+00
   0.0
  -1.301E-17
   3.331E-16
  -4.163E-17
   1.247E-17
   2.22E-16
  3.354000000e-16
  2.276000000e-16
  -7.879000000e-18
  3.040700000e-16
  1.850400000e-16
  1.433400000e-16
  5.441000000e-02 -9.902000000e-01 -1.289000000e-01
  -1.707000000e-01 -1.364000000e-01 9.758000000e-01
  9.838000000e-01 3.109000000e-02 1.765000000e-01
 Node:         51
  0.1192E+03  0.1275E+03  0.5206E+03  0.0000E+00
   0.0
  -3.469E-18
  -5.551E-17
   0.0
   1.475E-17
   1.11E-16
  1.123000000e-16
  2.087000000e-19
  -5.702000000e-17
  1.491800000e-16
  1.849600000e-17
  7.032400000e-17
  -2.705000000e-03 8.758000000e-02 9.962000000e-01
  9.982000000e-01 -6.004000000e-02 7.989000000e-03
  -6.051000000e-02 -9.943000000e-01 8.725000000e-02
 Node:         52
  0.1262E+03  0.1305E+03  0.4920E+03  0.0000E+00
   1.11E-16
  -1.388E-17
   1.11E-16
   1.301E-18
   4.906E-18
   0.0
  1.250000000e-16
  9.734000000e-17
  -2.497000000e-19
  1.139700000e-16
  7.403000000e-17
  5.372400000e-17
  -7.047000000e-01 7.092000000e-01 2.051000000e-02
  7.093000000e-01 7.034000000e-01 4.493000000e-02
  -1.744000000e-02 -4.621000000e-02 9.988000000e-01
 Node:         53
  0.1258E+03  0.1304E+03  0.5063E+03  0.0000E+00
  -1.665E-16
  -1.735E-18
  -1.11E-16
   2.776E-17
   3.383E-17
  -2.22E-16
  -1.010000000e-16
  -1.572000000e-16
  -2.414000000e-16
  1.223900000e-16
  -1.665300000e-16
  5.769700000e-17
  9.684000000e-02 9.526000000e-01 2.883000000e-01
  -9.346000000e-01 1.866000000e-01 -3.027000000e-01
  -3.422000000e-01 -2.402000000e-01 9.084000000e-01
 Node:         54
  0.1265E+03  0.1288E+03  0.5200E+03  0.0000E+00
  -2.22E-16
   2.082E-17
   1.11E-16
   0.0
  -4.337E-18
   1.11E-16
  1.160000000e-16
  1.073000000e-16
  -2.233000000e-16
  3.350300000e-16
  0.000000000e+00
  1.579400000e-16
  -4.656000000e-02 -7.562000000e-01 6.527000000e-01
  -4.117000000e-02 -6.514000000e-01 -7.576000000e-01
  -9.981000000e-01 6.215000000e-02 8.061000000e-04
 Node:         55
  0.1381E+03  0.1168E+03  0.4527E+03  0.9884E-02
  -0.006082
  -0.01305
   0.02019
  -0.002634
   0.01917
  -0.02158
  4.167800000e-02
  -5.481300000e-03
  -3.719000000e-02
  6.915200000e-02
  -3.311300000e-04
  3.259900000e-02
  1.342000000e-01 -3.163400000e-01 -1.818400000e-01
  5.763400000e-01 7.107000000e-02 7.619900000e-01
  -1.948300000e-01 -1.714800000e-01 4.440100000e-01
 Node:         56
  0.1314E+03  0.1156E+03  0.4684E+03  0.9884E-02
   6.028E-4
  -0.01069
   0.01268
  -0.004026
   0.007756
  -0.01471
  2.750200000e-02
  -5.837400000e-03
  -2.612700000e-02
  4.695800000e-02
  -1.487300000e-03
  2.213600000e-02
  -1.603700000e-01 5.013700000e-01 8.203400000e-02
  3.669300000e-01 4.616400000e-01 -1.484100000e-01
  -4.622900000e-02 -1.239900000e-01 4.868300000e-01
 Node:         57
  0.1285E+03  0.1140E+03  0.4823E+03  0.9884E-02
   0.001676
  -0.002247
   0.002528
  -0.001013
   7.734E-4
  -8.425E-4
  5.626000000e-03
  -5.830600000e-04
  -4.204500000e-03
  9.103800000e-03
  2.794600000e-04
  4.291600000e-03
  -4.680800000e-01 4.909600000e-02 2.308900000e-01
  4.205900000e-01 4.779200000e-01 2.201200000e-01
  -3.153400000e-02 2.408500000e-02 6.569400000e-01
 Node:         58
  0.1479E+03  0.1178E+03  0.4527E+03  0.9884E-02
  -0.007377
  -0.01835
   0.03933
  -0.003216
   0.01332
  -0.05623
  5.992300000e-02
  -1.859900000e-02
  -5.685000000e-02
  1.068500000e-01
  -5.175300000e-03
  5.036900000e-02
  3.955400000e-02 3.597300000e-01 5.672800000e-02
  6.517500000e-01 3.758000000e-01 1.964800000e-01
  2.682100000e-01 -2.337100000e-02 5.803200000e-01
 Node:         59
  0.1416E+03  0.1167E+03  0.4689E+03  0.9884E-02
   0.01294
  -0.02374
   0.03054
  -0.01619
   0.01668
  -0.01973
  6.218400000e-02
  -1.018300000e-02
  -3.092100000e-02
  8.463700000e-02
  7.026600000e-03
  3.989800000e-02
  -2.335600000e-01 -1.215600000e-01 8.986900000e-02
  4.447000000e-01 4.583800000e-01 1.854000000e-01
  4.872500000e-01 -9.159900000e-02 7.253600000e-01
 Node:         60
  0.1375E+03  0.1150E+03  0.4832E+03  0.9884E-02
   0.008818
  -0.009285
   0.008739
  -0.00736
   0.005488
   0.002139
  2.060100000e-02
  -5.218800000e-04
  -3.016600000e-03
  2.221500000e-02
  5.687600000e-03
  1.047200000e-02
  -5.110800000e-01 4.271800000e-01 3.354100000e-01
  3.231300000e-01 3.400000000e-01 5.574800000e-01
  5.708000000e-01 9.700100000e-02 1.310300000e-01
 Node:         61
  0.1549E+03  0.1222E+03  0.4528E+03  0.9884E-02
   0.01826
  -0.0149
   0.01011
  -8.227E-4
  -0.002277
  -0.04719
  4.321000000e-02
  -9.197200000e-03
  -5.694400000e-02
  8.688600000e-02
  -7.643700000e-03
  4.095800000e-02
  -5.657600000e-02 2.135700000e-01 3.335600000e-02
  6.160400000e-01 7.178500000e-01 -1.935200000e-01
  3.351700000e-02 1.460600000e-01 9.872100000e-01
 Node:         62
  0.1489E+03  0.1203E+03  0.4694E+03  0.9884E-02
   0.04123
  -0.03911
   0.02714
  -0.02039
   0.01305
  -0.002543
  8.570900000e-02
  -2.537700000e-03
  -2.547900000e-02
  1.018900000e-01
  1.923100000e-02
  4.803400000e-02
  -6.329800000e-01 4.163200000e-01 2.725200000e-01
  3.602100000e-01 2.631500000e-01 1.054600000e-01
  1.353100000e-01 1.756700000e-01 -5.123200000e-02
 Node:         63
  0.1436E+03  0.1181E+03  0.4838E+03  0.9884E-02
   0.01212
  -0.01749
   0.01914
  -0.006795
   0.009684
   0.00387
  3.690500000e-02
  -5.514600000e-04
  -3.173900000e-03
  3.866600000e-02
  1.106000000e-02
  1.822700000e-02
  -5.549700000e-01 6.903000000e-01 3.511200000e-01
  -3.248600000e-02 2.051200000e-01 -3.893100000e-01
  -4.670200000e-01 -5.033900000e-01 7.579600000e-01
 Node:         64
  0.1411E+03  0.1253E+03  0.4521E+03  0.9884E-02
  -0.03257
  -0.008777
   0.04214
  -0.004503
   0.003957
  -0.02355
  4.713500000e-02
  -2.101400000e-02
  -3.900100000e-02
  7.893400000e-02
  -4.293300000e-03
  3.721000000e-02
  -6.990900000e-02 1.438800000e-01 -4.328400000e-03
  -1.667300000e-01 -5.068000000e-02 5.899000000e-01
  6.712700000e-01 5.039000000e-02 1.760100000e-01
 Node:         65
  0.1339E+03  0.1229E+03  0.4682E+03  0.9884E-02
  -0.004696
  -0.01891
   0.03104
  -0.006972
   0.003453
  -0.01488
  4.273100000e-02
  -1.013100000e-02
  -2.143000000e-02
  5.913600000e-02
  3.723100000e-03
  2.787700000e-02
  3.319500000e-01 -3.516800000e-01 -5.692400000e-02
  -2.875000000e-01 -1.943000000e-01 3.277700000e-01
  2.257000000e-01 -2.470100000e-02 1.826200000e-02
 Node:         66
  0.1299E+03  0.1214E+03  0.4825E+03  0.9884E-02
   0.00534
  -0.006296
   0.007514
  -0.001873
   0.0015
  -8.754E-4
  1.276900000e-02
  -3.580100000e-04
  -9.952300000e-04
  1.331700000e-02
  3.805300000e-03
  6.277900000e-03
  -6.433900000e-01 1.073400000e+00 9.250400000e-02
  6.846200000e-01 6.185900000e-01 -2.792900000e-01
  1.195400000e-01 7.609700000e-02 8.698500000e-01
 Node:         67
  0.1496E+03  0.1245E+03  0.4523E+03  0.9884E-02
  -0.02287
  -0.01445
   0.03884
  -0.00396
   0.004338
  -0.05129
  4.585000000e-02
  -2.276000000e-02
  -5.235100000e-02
  8.746900000e-02
  -9.753800000e-03
  4.123300000e-02
  -8.703800000e-02 3.285600000e-01 6.417400000e-03
  6.825700000e-01 1.775500000e-01 3.490300000e-02
  1.500000000e-01 1.175200000e-02 3.396800000e-01
 Node:         68
  0.1430E+03  0.1224E+03  0.4688E+03  0.9884E-02
   0.01752
  -0.02993
   0.03623
  -0.01698
   0.008983
  -0.0285
  6.532600000e-02
  -5.712400000e-03
  -3.302000000e-02
  8.803600000e-02
  8.864600000e-03
  4.150000000e-02
  -2.814400000e-01 3.531900000e-01 9.108700000e-02
  1.867000000e-01 2.695100000e-01 9.323900000e-02
  5.991500000e-01 1.447000000e-01 6.798200000e-01
 Node:         69
  0.1379E+03  0.1205E+03  0.4831E+03  0.9884E-02
   0.01302
  -0.01153
   0.0106
  -0.007018
   0.004768
  -2.323E-4
  2.598500000e-02
  -7.952600000e-05
  -2.774200000e-03
  2.743900000e-02
  7.710500000e-03
  1.293500000e-02
  -7.373300000e-01 6.120200000e-01 3.206200000e-01
  4.058400000e-01 6.006600000e-01 -1.627100000e-01
  2.918500000e-01 3.645800000e-02 6.945500000e-01
 Node:         70
  0.1551E+03  0.1242E+03  0.4527E+03  0.9884E-02
  -0.01032
  -0.01813
   0.01806
  -0.01459
   0.0112
  -0.05471
  3.171500000e-02
  -1.247800000e-02
  -6.029700000e-02
  8.064900000e-02
  -1.368700000e-02
  3.801800000e-02
  -1.289700000e-01 2.037300000e-01 1.388400000e-01
  4.389300000e-02 -8.933400000e-02 2.492100000e-01
  -5.389300000e-02 -5.185300000e-02 3.021500000e-01
 Node:         71
  0.1491E+03  0.1222E+03  0.4694E+03  0.9884E-02
   0.04066
  -0.03061
   0.02744
  -0.03559
   0.01828
  -0.02035
  8.483000000e-02
  2.590600000e-05
  -3.624800000e-02
  1.080500000e-01
  1.620300000e-02
  5.093700000e-02
  -6.425600000e-01 3.759800000e-01 2.576300000e-01
  2.629600000e-01 4.472900000e-01 -9.706200000e-02
  2.704500000e-01 -4.827200000e-02 6.982900000e-01
 Node:         72
  0.1435E+03  0.1199E+03  0.4837E+03  0.9884E-02
   0.02217
  -0.01367
   0.009006
  -0.01347
   0.006908
   0.002517
  3.725600000e-02
  2.098700000e-04
  -4.152500000e-03
  3.934500000e-02
  1.110400000e-02
  1.854700000e-02
  -7.994800000e-01 4.557800000e-01 4.120700000e-01
  2.145800000e-01 4.513300000e-01 2.392500000e-02
  1.625000000e-01 1.536200000e-02 3.472100000e-01
 Node:         73
  0.1441E+03  0.1339E+03  0.4515E+03  0.0000E+00
   0.02928
  -0.00237
  -0.02982
  -0.003166
   0.002422
   0.01302
  2.994100000e-02
  1.629500000e-02
  -3.335400000e-02
  5.892700000e-02
  4.294100000e-03
  2.777900000e-02
  -3.030100000e-01 -1.928700000e-02 3.247200000e-01
  3.113100000e-01 -6.017000000e-02 3.105400000e-01
  -3.408800000e-02 -1.180400000e-01 -4.098500000e-02
 Node:         74
  0.1365E+03  0.1304E+03  0.4679E+03  0.0000E+00
   0.05427
   0.01181
  -0.008204
   0.003778
   0.003532
   0.01766
  5.757700000e-02
  1.955500000e-02
  -1.272400000e-02
  6.120400000e-02
  2.146900000e-02
  2.885200000e-02
  -1.282300000e+00 -1.188900000e-01 -1.774800000e-01
  -1.035900000e-01 1.102500000e-01 7.496700000e-01
  -1.035400000e-01 1.133800000e+00 -6.711000000e-02
 Node:         75
  0.1313E+03  0.1288E+03  0.4826E+03  0.0000E+00
   0.02283
   0.004788
   3.139E-4
   7.439E-4
   3.659E-4
   0.00191
  2.374000000e-02
  1.907300000e-03
  -7.961700000e-04
  2.321300000e-02
  8.283800000e-03
  1.094300000e-02
  -9.849300000e-01 -2.244600000e-01 -5.415100000e-02
  -5.339500000e-02 4.306000000e-02 9.964800000e-01
  -2.277000000e-01 7.570800000e-01 -1.023500000e-01
 Node:         76
  0.1513E+03  0.1311E+03  0.4520E+03  0.0000E+00
   0.02461
  -0.005631
  -0.03412
  -0.005454
   0.004893
   0.01412
  3.290100000e-02
  1.275600000e-02
  -4.002900000e-02
  6.681800000e-02
  1.875700000e-03
  3.149800000e-02
  -5.533400000e-01 6.377100000e-02 3.144700000e-01
  1.100200000e-01 2.380400000e-03 4.992900000e-01
  -7.954800000e-02 -8.243000000e-01 3.729600000e-02
 Node:         77
  0.1444E+03  0.1282E+03  0.4686E+03  0.0000E+00
   0.0681
   0.01289
  -0.0109
   0.003008
   0.005563
   0.01259
  7.278400000e-02
  1.551200000e-02
  -1.708300000e-02
  7.952100000e-02
  2.373800000e-02
  3.748700000e-02
  -9.854400000e-01 -1.832500000e-01 -9.185100000e-02
  -1.200900000e-01 1.653800000e-01 9.850600000e-01
  -1.568300000e-01 1.039600000e+00 -1.857300000e-01
 Node:         78
  0.1384E+03  0.1261E+03  0.4829E+03  0.0000E+00
   0.0289
   0.007664
   6.803E-4
   0.001509
   9.467E-4
   0.001321
  3.184200000e-02
  1.358300000e-03
  -1.483400000e-03
  3.199900000e-02
  1.057200000e-02
  1.508500000e-02
  -9.659300000e-01 -2.682000000e-01 -8.194700000e-02
  -1.160500000e-01 2.002100000e-01 1.003900000e+00
  -2.363600000e-01 1.244800000e+00 -1.360000000e-01
 Node:         79
  0.1554E+03  0.1263E+03  0.4526E+03  0.0000E+00
   0.01635
   0.003427
  -0.05132
  -0.01116
   0.001642
  -0.04768
  2.356900000e-02
  -2.509400000e-02
  -9.183100000e-02
  1.027800000e-01
  -3.111900000e-02
  4.845200000e-02
  9.493900000e-01 9.335600000e-02 -2.437200000e-01
  6.014700000e-02 2.530000000e-01 2.490600000e-01
  -1.092100000e-02 -2.933800000e-01 3.064600000e-01
 Node:         80
  0.1493E+03  0.1241E+03  0.4694E+03  0.0000E+00
   0.07955
   0.01024
  -0.03283
   0.008702
   0.002957
  -0.0319
  8.458500000e-02
  -1.383700000e-02
  -6.769900000e-02
  1.348800000e-01
  1.016400000e-03
  6.358400000e-02
  -7.630800000e-01 -8.922400000e-02 -8.031200000e-02
  -1.184200000e-01 5.458500000e-01 5.513200000e-01
  -7.904100000e-03 -5.607200000e-01 5.387200000e-01
 Node:         81
  0.1433E+03  0.1217E+03  0.4836E+03  0.0000E+00
   0.03367
   0.007129
  -0.002859
   0.008214
   0.002304
  -0.001164
  3.766000000e-02
  -1.825900000e-03
  -7.715100000e-03
  4.262500000e-02
  9.373000000e-03
  2.009300000e-02
  -9.539900000e-01 -1.825200000e-01 -2.442800000e-01
  -2.723600000e-01 5.086000000e-01 6.046500000e-01
  8.721000000e-03 -6.403700000e-01 5.425700000e-01
 Node:         82
  0.1267E+03  0.1148E+03  0.4559E+03  0.1025E-01
   0.01039
  -0.01196
   3.473E-4
  -0.002841
   0.003167
  -0.005638
  2.113100000e-02
  -4.438800000e-03
  -1.221000000e-02
  3.034500000e-02
  1.494000000e-03
  1.430500000e-02
  -7.456000000e-01 5.709000000e-01 2.169200000e-01
  2.763100000e-04 -2.955500000e-01 4.865400000e-01
  -1.379600000e-01 1.081200000e-01 4.474500000e-01
 Node:         83
  0.1234E+03  0.1129E+03  0.4718E+03  0.1025E-01
  -0.001944
  -0.007471
  -0.001671
  -7.493E-4
   0.002419
  -0.003299
  9.096700000e-03
  -1.564500000e-03
  -1.825000000e-02
  2.471700000e-02
  -3.572500000e-03
  1.165200000e-02
  -4.476300000e-01 5.147900000e-01 2.661500000e-01
  -1.065500000e-01 -2.456400000e-01 3.600000000e-02
  -2.858100000e-02 2.129700000e-01 3.758100000e-01
 Node:         84
  0.1187E+03  0.1123E+03  0.4849E+03  0.1025E-01
  -5.236E-4
  -5.231E-4
  -2.39E-4
   4.888E-4
  -1.691E-5
  -0.001663
  2.120500000e-03
  -5.789000000e-05
  -6.654400000e-03
  8.478800000e-03
  -1.530600000e-03
  3.997000000e-03
  -4.219700000e-01 1.964000000e-01 3.258900000e-01
  -4.903500000e-02 1.123900000e-01 4.695300000e-03
  -2.753000000e-02 -1.809000000e-01 -4.207400000e-01
 Node:         85
  0.1302E+03  0.1161E+03  0.4546E+03  0.1025E-01
   0.01
  -0.01311
   0.001927
  -0.002461
   0.004496
  -0.007972
  2.505900000e-02
  -4.946100000e-03
  -1.547200000e-02
  3.659100000e-02
  1.547000000e-03
  1.724900000e-02
  -6.867200000e-01 6.584200000e-01 2.700300000e-01
  1.847800000e-01 4.136400000e-01 -1.059800000e-01
  2.286000000e-01 8.853400000e-02 4.902200000e-01
 Node:         86
  0.1252E+03  0.1138E+03  0.4701E+03  0.1025E-01
  -0.0146
  -0.004208
   0.02894
  -0.003918
   0.009525
  -0.003429
  3.800600000e-02
  3.077900000e-03
  -2.873200000e-02
  5.861300000e-02
  4.117200000e-03
  2.763100000e-02
  1.748000000e-02 -3.788800000e-01 -1.099500000e-01
  1.295300000e-02 -1.756400000e-01 4.019000000e-01
  6.768800000e-01 9.488700000e-02 2.391600000e-02
 Node:         87
  0.1217E+03  0.1126E+03  0.4833E+03  0.1025E-01
  -1.806E-4
  -4.873E-4
   1.644E-4
  -1.366E-4
  -1.004E-4
  -5.767E-4
  3.607100000e-03
  -2.418600000e-04
  -6.410400000e-03
  9.518200000e-03
  -1.015100000e-03
  4.486900000e-03
  -4.348600000e-01 3.718000000e-01 2.309400000e-01
  3.635600000e-01 -2.522300000e-01 3.952100000e-01
  6.580600000e-01 1.676200000e-01 -4.053900000e-02
 Node:         88
  0.1338E+03  0.1169E+03  0.4529E+03  0.1025E-01
  -0.004408
  -0.01504
   0.005998
  -0.002424
   0.0116
   0.003057
  3.134500000e-02
  -3.265000000e-03
  -2.228300000e-02
  4.755400000e-02
  1.932400000e-03
  2.241700000e-02
  -5.002000000e-01 6.495200000e-01 4.475100000e-01
  1.001600000e-01 1.451700000e-01 5.916100000e-03
  8.041800000e-02 -3.812800000e-03 1.796500000e-01
 Node:         89
  0.1270E+03  0.1150E+03  0.4684E+03  0.1025E-01
   1.768E-4
  -0.00841
   0.002829
  -0.003302
   0.003253
  -0.00109
  1.673700000e-02
  -1.936800000e-03
  -1.814100000e-02
  3.132400000e-02
  -1.113600000e-03
  1.476600000e-02
  -5.104100000e-01 5.935200000e-01 3.585200000e-01
  -5.206500000e-02 -2.099400000e-01 1.825500000e-01
  -9.039200000e-02 2.528900000e-01 3.862900000e-01
 Node:         90
  0.1248E+03  0.1132E+03  0.4822E+03  0.1025E-01
   5.499E-4
  -9.856E-4
   5.694E-4
  -4.621E-4
   1.929E-4
  -3.413E-5
  3.366300000e-03
  -2.036400000e-04
  -4.549600000e-03
  7.627300000e-03
  -4.623200000e-04
  3.595600000e-03
  -4.454900000e-01 9.221100000e-02 2.916800000e-01
  5.132100000e-02 -1.697500000e-01 4.309600000e-01
  -1.530900000e-02 5.198600000e-01 4.029100000e-01
 Node:         91
  0.1258E+03  0.1260E+03  0.4544E+03  0.1025E-01
  -0.03141
  -0.01315
   0.03294
  -0.008304
   0.007783
  -0.008124
  4.173200000e-02
  -8.245000000e-03
  -3.653100000e-02
  6.873800000e-02
  -1.014700000e-03
  3.240300000e-02
  -6.074200000e-02 5.691100000e-01 1.408700000e-01
  -1.060700000e-01 -1.263500000e-01 5.893100000e-01
  -3.154300000e-02 -1.860700000e-01 -2.508300000e-02
 Node:         92
  0.1209E+03  0.1232E+03  0.4724E+03  0.1025E-01
  -0.003992
  -0.0121
   0.006874
  -0.009391
   0.005028
   0.002196
  2.402700000e-02
  -6.987700000e-04
  -1.750400000e-02
  3.615900000e-02
  1.941300000e-03
  1.704500000e-02
  -3.726600000e-01 2.205400000e-01 1.928200000e-01
  -1.098100000e-02 -4.478000000e-01 5.969600000e-01
  2.391700000e-01 2.782600000e-01 2.487700000e-01
 Node:         93
  0.1159E+03  0.1217E+03  0.4876E+03  0.1025E-01
   0.002613
  -3.583E-4
  -3.176E-4
  -0.003926
  -8.33E-4
   0.002685
  6.063500000e-03
  -8.389000000e-05
  -1.832900000e-03
  7.102700000e-03
  1.382200000e-03
  3.348300000e-03
  -6.237900000e-01 -1.058200000e-01 5.217200000e-01
  5.723300000e-01 -6.732400000e-01 4.685500000e-01
  9.005000000e-02 -1.808400000e-01 -2.297500000e-01
 Node:         94
  0.1312E+03  0.1262E+03  0.4534E+03  0.1025E-01
  -0.03905
  -0.01312
   0.03802
  -0.008712
   0.005315
  -0.008509
  4.566700000e-02
  -5.633100000e-03
  -4.393700000e-02
  7.791500000e-02
  -1.300900000e-03
  3.673000000e-02
  -1.282400000e-01 2.600600000e-01 -3.288300000e-02
  -1.698500000e-01 -1.072700000e-01 7.567300000e-01
  -4.500600000e-01 -1.239600000e-01 -1.054900000e-01
 Node:         95
  0.1249E+03  0.1234E+03  0.4704E+03  0.1025E-01
  -6.967E-4
  -0.01156
   0.0156
  -0.01168
   0.004338
  -0.005658
  2.900500000e-02
