 Group name: predicted_strain_L6A3
 #Fields=  17
 1) coordinates, coordinate, rectangular cartesian, #Components=3
   x.  Value index= 1, #Derivatives=0
   y.  Value index= 2, #Derivatives=0
   z.  Value index= 3, #Derivatives=0
 2) dummy, field, rectangular cartesian, #Components=1
   Tensor_1.  Value index= 4, #Derivatives=0
 3) Tensor_1, field, rectangular cartesian, #Components=1
   Tensor_1.  Value index= 5, #Derivatives=0
 4) Tensor_2, field, rectangular cartesian, #Components=1
   Tensor_2.  Value index= 6, #Derivatives=0
 5) Tensor_3, field, rectangular cartesian, #Components=1
   Tensor_3.  Value index= 7, #Derivatives=0
 6) Tensor_4, field, rectangular cartesian, #Components=1
   Tensor_4.  Value index= 8, #Derivatives=0
 7) Tensor_5, field, rectangular cartesian, #Components=1
   Tensor_5.  Value index= 9, #Derivatives=0
 8) Tensor_6, field, rectangular cartesian, #Components=1
   Tensor_6.  Value index= 10, #Derivatives=0
 9) Principal_1, field, rectangular cartesian, #Components=1
   Principal_1.  Value index= 11, #Derivatives=0
 10) Principal_2, field, rectangular cartesian, #Components=1
   Principal_2.  Value index= 12, #Derivatives=0
 11) Principal_3, field, rectangular cartesian, #Components=1
   Principal_3.  Value index= 13, #Derivatives=0
 12) VonMises, field, rectangular cartesian, #Components=1
   VonMises.  Value index= 14, #Derivatives=0
 13) Hydrostatic, field, rectangular cartesian, #Components=1
   VonMises.  Value index= 15, #Derivatives=0
 14) Octahedral, field, rectangular cartesian, #Components=1
   VonMises.  Value index= 16, #Derivatives=0
 15) PrincipalVector1, field, rectangular cartesian, #Components=3
   x.  Value index= 17, #Derivatives=0
   y.  Value index= 18, #Derivatives=0
   z.  Value index= 19, #Derivatives=0
 16) PrincipalVector2, field, rectangular cartesian, #Components=3
   x.  Value index= 20, #Derivatives=0
   y.  Value index= 21, #Derivatives=0
   z.  Value index= 22, #Derivatives=0
 17) PrincipalVector3, field, rectangular cartesian, #Components=3
   x.  Value index= 23, #Derivatives=0
   y.  Value index= 24, #Derivatives=0
   z.  Value index= 25, #Derivatives=0
 Node:          1
  0.1287E+03  0.1133E+03  0.4908E+03 -0.2072E-04
  -1.11E-16
  -8.327E-17
  -2.22E-16
  -2.776E-17
  -4.163E-17
  -3.331E-16
  -6.637000000e-17
  -2.400000000e-16
  -3.598000000e-16
  2.555400000e-16
  -2.220600000e-16
  1.204600000e-16
  8.837000000e-01 -4.676000000e-01 -1.897000000e-02
  4.046000000e-01 7.837000000e-01 -4.712000000e-01
  2.352000000e-01 4.088000000e-01 8.818000000e-01
 Node:          2
  0.1292E+03  0.1137E+03  0.5052E+03 -0.2072E-04
  -5.551E-17
  -1.11E-16
  -1.665E-16
  -5.551E-17
   1.943E-16
  -2.776E-16
  8.603000000e-17
  -1.600000000e-16
  -4.256000000e-16
  4.431900000e-16
  -1.665200000e-16
  2.089200000e-16
  -6.554000000e-01 6.199000000e-01 4.313000000e-01
  7.522000000e-01 4.849000000e-01 4.462000000e-01
  -6.744000000e-02 -6.169000000e-01 7.841000000e-01
 Node:          3
  0.1289E+03  0.1155E+03  0.5194E+03 -0.2072E-04
   2.22E-16
   1.388E-16
   3.331E-16
   1.11E-16
   5.551E-17
   2.22E-16
  4.753000000e-16
  2.118000000e-16
  9.006000000e-17
  3.410700000e-16
  2.590500000e-16
  1.607800000e-16
  -5.696000000e-01 -7.144000000e-01 -4.063000000e-01
  2.395000000e-01 -6.172000000e-01 7.494000000e-01
  -7.862000000e-01 3.296000000e-01 5.227000000e-01
 Node:          4
  0.1361E+03  0.1141E+03  0.4915E+03 -0.2072E-04
   0.0
  -2.776E-17
  -1.11E-16
  -2.776E-17
  -8.327E-17
   2.22E-16
  2.435000000e-16
  6.328000000e-18
  -1.388000000e-16
  3.342600000e-16
  3.700900000e-17
  1.575700000e-16
  -8.549000000e-02 -2.215000000e-01 9.714000000e-01
  9.681000000e-01 -2.491000000e-01 2.840000000e-02
  2.357000000e-01 9.428000000e-01 2.357000000e-01
 Node:          5
  0.1341E+03  0.1144E+03  0.5054E+03 -0.2072E-04
   3.331E-16
   1.388E-16
   3.331E-16
   5.551E-17
  -6.939E-17
   4.441E-16
  4.814000000e-16
  4.627000000e-16
  1.662000000e-16
  3.062800000e-16
  3.701000000e-16
  1.443800000e-16
  -3.480000000e-01 -6.443000000e-01 6.810000000e-01
  -6.589000000e-01 -3.487000000e-01 -6.665000000e-01
  6.669000000e-01 -6.807000000e-01 -3.032000000e-01
 Node:          6
  0.1323E+03  0.1162E+03  0.5191E+03 -0.2072E-04
   2.22E-16
   5.551E-17
   2.22E-16
  -5.551E-17
  -2.776E-17
   0.0
  2.897000000e-16
  1.685000000e-16
  -1.402000000e-17
  2.648100000e-16
  1.480600000e-16
  1.248300000e-16
  -7.150000000e-01 -6.696000000e-01 2.012000000e-01
  6.656000000e-01 -7.399000000e-01 -9.741000000e-02
  -2.141000000e-01 -6.426000000e-02 -9.747000000e-01
 Node:          7
  0.1408E+03  0.1171E+03  0.4920E+03 -0.2072E-04
   3.331E-16
   2.22E-16
   2.22E-16
  -8.327E-17
  -1.11E-16
   0.0
  5.398000000e-16
  6.158000000e-17
  -4.631000000e-17
  5.403100000e-16
  1.850200000e-16
  2.547000000e-16
  -7.537000000e-01 -6.111000000e-01 2.419000000e-01
  -6.560000000e-01 6.770000000e-01 -3.335000000e-01
  -4.004000000e-02 4.101000000e-01 9.112000000e-01
 Node:          8
  0.1367E+03  0.1169E+03  0.5055E+03 -0.2072E-04
   2.22E-16
   1.943E-16
   2.22E-16
  -4.025E-16
  -2.359E-16
  -2.22E-16
  6.547000000e-16
  4.477000000e-17
  -4.775000000e-16
  9.814900000e-16
  7.399000000e-17
  4.626800000e-16
  -6.847000000e-01 -5.611000000e-01 4.652000000e-01
  5.685000000e-01 -8.105000000e-01 -1.409000000e-01
  -4.561000000e-01 -1.681000000e-01 -8.739000000e-01
 Node:          9
  0.1339E+03  0.1180E+03  0.5191E+03 -0.2072E-04
   2.22E-16
   1.665E-16
   0.0
  -3.955E-16
  -2.776E-16
   6.661E-16
  1.002000000e-15
  -9.379000000e-18
  -1.046000000e-16
  1.062200000e-15
  2.960100000e-16
  5.007200000e-16
  -4.817000000e-01 -3.073000000e-01 8.207000000e-01
  -8.565000000e-01 -3.292000000e-02 -5.150000000e-01
  -1.853000000e-01 9.510000000e-01 2.474000000e-01
 Node:         10
  0.1294E+03  0.1212E+03  0.4911E+03 -0.2072E-04
   0.0
   2.776E-17
   1.11E-16
  -1.388E-17
   1.249E-16
   1.11E-16
  2.363000000e-16
  2.303000000e-17
  -3.732000000e-17
  2.489900000e-16
  7.400300000e-17
  1.173800000e-16
  4.210000000e-02 7.100000000e-01 7.030000000e-01
  -7.813000000e-01 -4.152000000e-01 4.661000000e-01
  -6.228000000e-01 5.688000000e-01 -5.372000000e-01
 Node:         11
  0.1295E+03  0.1214E+03  0.5055E+03 -0.2072E-04
  -2.22E-16
  -2.776E-17
  -2.22E-16
  -4.163E-17
   1.388E-17
  -1.665E-16
  -1.365000000e-16
  -2.183000000e-16
  -2.558000000e-16
  1.056600000e-16
  -2.035300000e-16
  4.981100000e-17
  -4.935000000e-01 2.929000000e-01 8.189000000e-01
  3.541000000e-01 -7.924000000e-01 4.968000000e-01
  -7.944000000e-01 -5.351000000e-01 -2.873000000e-01
 Node:         12
  0.1295E+03  0.1217E+03  0.5196E+03 -0.2072E-04
   1.11E-16
   0.0
   1.11E-16
   7.633E-17
   2.776E-17
   2.22E-16
  2.649000000e-16
  1.110000000e-16
  6.816000000e-17
  1.792000000e-16
  1.480200000e-16
  8.447700000e-17
  -4.387000000e-01 -1.595000000e-01 -8.844000000e-01
  3.417000000e-01 -9.398000000e-01 -2.255000000e-17
  8.311000000e-01 3.022000000e-01 -4.668000000e-01
 Node:         13
  0.1361E+03  0.1199E+03  0.4914E+03 -0.2072E-04
   1.11E-16
  -1.388E-16
   0.0
  -9.714E-17
   2.776E-17
  -1.665E-16
  2.285000000e-16
  -8.520000000e-17
  -1.988000000e-16
  3.833400000e-16
  -1.850000000e-17
  1.807100000e-16
  8.171000000e-01 -5.252000000e-01 -2.378000000e-01
  4.648000000e-01 8.442000000e-01 -2.671000000e-01
  3.410000000e-01 1.077000000e-01 9.339000000e-01
 Node:         14
  0.1342E+03  0.1198E+03  0.5054E+03 -0.2072E-04
  -5.551E-17
   2.776E-17
   0.0
   5.551E-17
  -9.021E-17
   1.11E-16
  1.672000000e-16
  -4.940000000e-18
  -1.068000000e-16
  2.398800000e-16
  1.848700000e-17
  1.130800000e-16
  1.634000000e-01 -4.472000000e-01 8.794000000e-01
  -6.569000000e-01 -7.144000000e-01 -2.412000000e-01
  -7.361000000e-01 5.382000000e-01 4.105000000e-01
 Node:         15
  0.1330E+03  0.1205E+03  0.5193E+03 -0.2072E-04
   2.22E-16
  -8.327E-17
  -5.551E-17
   1.388E-17
   4.857E-17
   0.0
  2.451000000e-16
  2.471000000e-17
  -1.033000000e-16
  3.052400000e-16
  5.550300000e-17
  1.438900000e-16
  -9.638000000e-01 2.667000000e-01 -1.723000000e-03
  1.157000000e-01 4.239000000e-01 8.983000000e-01
  2.403000000e-01 8.656000000e-01 -4.394000000e-01
 Node:         16
  0.1404E+03  0.1188E+03  0.4918E+03 -0.2072E-04
   2.22E-16
   5.551E-17
   2.22E-16
  -8.327E-17
  -1.457E-16
   4.441E-16
  5.466000000e-16
  1.950000000e-16
  1.465000000e-16
  3.781900000e-16
  2.960300000e-16
  1.782800000e-16
  -2.927000000e-01 -4.328000000e-01 8.526000000e-01
  -9.222000000e-01 -1.077000000e-01 -3.713000000e-01
  -2.526000000e-01 8.950000000e-01 3.676000000e-01
 Node:         17
  0.1365E+03  0.1184E+03  0.5055E+03 -0.2072E-04
  -1.11E-16
   2.776E-17
  -1.11E-16
   9.714E-17
   1.7E-16
   0.0
  1.573000000e-16
  -1.341000000e-16
  -2.452000000e-16
  3.600400000e-16
  -7.400000000e-17
  1.697300000e-16
  3.368000000e-01 5.285000000e-01 7.792000000e-01
  8.927000000e-01 -4.425000000e-01 -8.566000000e-02
  -2.996000000e-01 -7.244000000e-01 6.209000000e-01
 Node:         18
  0.1341E+03  0.1191E+03  0.5192E+03 -0.2072E-04
   0.0
   0.0
   0.0
   2.645E-17
   1.065E-16
   4.441E-16
  4.697000000e-16
  -1.672000000e-33
  -2.562000000e-17
  4.830200000e-16
  1.480300000e-16
  2.277000000e-16
  -5.484000000e-02 -2.207000000e-01 -9.738000000e-01
  9.705000000e-01 -2.411000000e-01 -6.210000000e-17
  -2.348000000e-01 -9.451000000e-01 2.274000000e-01
 Node:         19
  0.1301E+03  0.1291E+03  0.4914E+03  0.0000E+00
   1.11E-16
   0.0
   1.11E-16
   2.101E-19
   1.001E-17
  -2.22E-16
  1.113000000e-16
  1.110000000e-16
  -2.223000000e-16
  3.334500000e-16
  0.000000000e+00
  1.571900000e-16
  -2.096000000e-02 -9.993000000e-01 -3.003000000e-02
  9.998000000e-01 -2.097000000e-02 1.345000000e-19
  6.298000000e-04 3.003000000e-02 -9.995000000e-01
 Node:         20
  0.1299E+03  0.1291E+03  0.5058E+03  0.0000E+00
   2.22E-16
   0.0
   0.0
   1.041E-17
   1.924E-17
  -5.551E-17
  2.224000000e-16
  5.975000000e-18
  -6.188000000e-17
  2.571600000e-16
  5.549800000e-17
  1.212200000e-16
  -9.993000000e-01 -3.257000000e-03 -3.765000000e-02
  1.428000000e-02 -9.549000000e-01 -2.965000000e-01
  -3.498000000e-02 -2.968000000e-01 9.543000000e-01
 Node:         21
  0.1301E+03  0.1280E+03  0.5197E+03  0.0000E+00
   1.11E-16
   0.0
   0.0
   4.163E-17
   1.475E-17
   1.11E-16
  1.534000000e-16
  7.089000000e-17
  -2.220000000e-18
  1.348500000e-16
  7.402300000e-17
  6.357000000e-17
  -6.994000000e-01 -6.840000000e-02 -7.114000000e-01
  -7.126000000e-01 1.429000000e-01 6.869000000e-01
  -5.465000000e-02 -9.874000000e-01 1.487000000e-01
 Node:         22
  0.1360E+03  0.1256E+03  0.4913E+03  0.0000E+00
  -2.22E-16
   1.388E-17
  -1.11E-16
  -1.388E-17
   1.006E-16
   1.11E-16
  1.500000000e-16
  -1.456000000e-16
  -2.264000000e-16
  3.432100000e-16
  -7.400000000e-17
  1.617900000e-16
  -2.144000000e-02 3.586000000e-01 9.332000000e-01
  2.280000000e-01 9.106000000e-01 -3.447000000e-01
  -9.734000000e-01 2.054000000e-01 -1.013000000e-01
 Node:         23
  0.1343E+03  0.1253E+03  0.5054E+03  0.0000E+00
   0.0
   2.082E-17
  -4.441E-16
   0.0
   1.314E-16
  -1.665E-16
  1.265000000e-18
  -1.147000000e-16
  -4.972000000e-16
  4.517900000e-16
  -2.035500000e-16
  2.129700000e-16
  9.970000000e-01 6.061000000e-02 4.746000000e-02
  6.644000000e-02 -3.661000000e-01 -9.282000000e-01
  3.888000000e-02 -9.286000000e-01 3.690000000e-01
 Node:         24
  0.1336E+03  0.1248E+03  0.5194E+03  0.0000E+00
  -2.22E-16
   1.214E-17
   0.0
   1.388E-17
   8.674E-19
  -1.665E-16
  6.779000000e-19
  -1.633000000e-16
  -2.259000000e-16
  2.026600000e-16
  -1.295100000e-16
  9.553700000e-17
  -5.504000000e-02 -9.984000000e-01 -9.747000000e-03
  2.257000000e-01 -2.195000000e-02 9.740000000e-01
  -9.726000000e-01 5.141000000e-02 2.265000000e-01
 Node:         25
  0.1400E+03  0.1206E+03  0.4917E+03  0.0000E+00
   0.0
   2.671E-16
  -1.11E-16
  -8.327E-17
  -1.301E-16
   2.22E-16
  3.681000000e-16
  7.580000000e-17
  -3.329000000e-16
  6.098700000e-16
  3.700000000e-17
  2.874900000e-16
  5.089000000e-01 4.781000000e-01 -7.159000000e-01
  6.086000000e-01 3.883000000e-01 6.920000000e-01
  6.088000000e-01 -7.878000000e-01 -9.334000000e-02
 Node:         26
  0.1363E+03  0.1200E+03  0.5055E+03  0.0000E+00
   2.22E-16
   1.076E-16
  -6.106E-16
   2.776E-17
  -1.124E-15
  -5.551E-17
  8.281000000e-16
  2.248000000e-16
  -1.497000000e-15
  2.089800000e-15
  -1.480300000e-16
  9.851500000e-16
  7.371000000e-02 6.174000000e-01 -7.832000000e-01
  9.955000000e-01 1.018000000e-03 9.449000000e-02
  -5.914000000e-02 7.866000000e-01 6.146000000e-01
 Node:         27
  0.1343E+03  0.1203E+03  0.5192E+03  0.0000E+00
   2.22E-16
  -1.943E-16
   2.22E-16
  -1.041E-16
   1.313E-15
   0.0
  1.466000000e-15
  1.875000000e-16
  -1.209000000e-15
  2.317400000e-15
  1.481700000e-16
  1.092400000e-15
  -1.693000000e-01 7.280000000e-01 6.643000000e-01
  9.848000000e-01 9.849000000e-02 1.431000000e-01
  3.876000000e-02 6.785000000e-01 -7.336000000e-01
 Node:         28
  0.1155E+03  0.1124E+03  0.4931E+03 -0.1225E-03
  -2.22E-16
   3.816E-17
   2.22E-16
  -5.551E-17
   5.551E-17
   1.11E-16
  2.455000000e-16
  1.014000000e-16
  -2.359000000e-16
  4.279500000e-16
  3.700000000e-17
  2.017400000e-16
  3.184000000e-02 9.284000000e-01 3.701000000e-01
  1.988000000e-01 3.571000000e-01 -9.127000000e-01
  9.795000000e-01 -1.026000000e-01 1.732000000e-01
 Node:         29
  0.1119E+03  0.1139E+03  0.5068E+03 -0.1225E-03
  -2.22E-16
  -2.082E-17
   0.0
   5.551E-17
   6.939E-18
  -3.331E-16
  1.944000000e-18
  -2.004000000e-16
  -3.566000000e-16
  3.113600000e-16
  -1.850200000e-16
  1.467800000e-16
  -9.118000000e-02 9.958000000e-01 5.517000000e-03
  -9.179000000e-01 -8.189000000e-02 -3.884000000e-01
  -3.863000000e-01 -4.048000000e-02 9.215000000e-01
 Node:         30
  0.1113E+03  0.1159E+03  0.5206E+03 -0.1225E-03
   2.22E-16
   1.249E-16
   2.22E-16
   0.0
  -2.776E-17
   1.11E-16
  3.486000000e-16
  1.238000000e-16
  8.277000000e-17
  2.478800000e-16
  1.850600000e-16
  1.168500000e-16
  -7.001000000e-01 -7.092000000e-01 8.287000000e-02
  -4.685000000e-01 3.686000000e-01 -8.029000000e-01
  -5.389000000e-01 6.009000000e-01 5.903000000e-01
 Node:         31
  0.1203E+03  0.1126E+03  0.4920E+03 -0.1225E-03
  -5.551E-17
   9.714E-17
  -1.11E-16
   2.776E-17
   4.163E-17
  -5.551E-17
  4.114000000e-17
  -7.661000000e-17
  -1.866000000e-16
  1.972700000e-16
  -7.402300000e-17
  9.299200000e-17
  -6.956000000e-01 -5.654000000e-01 -4.433000000e-01
  4.358000000e-01 1.585000000e-01 -8.860000000e-01
  5.712000000e-01 -8.095000000e-01 1.362000000e-01
 Node:         32
  0.1188E+03  0.1134E+03  0.5062E+03 -0.1225E-03
   2.22E-16
  -1.388E-17
  -1.11E-16
  -2.776E-17
   9.714E-17
  -5.551E-17
  2.266000000e-16
  1.331000000e-17
  -1.844000000e-16
  3.560200000e-16
  1.850300000e-17
  1.678300000e-16
  -9.894000000e-01 7.624000000e-02 1.236000000e-01
  1.445000000e-01 5.992000000e-01 7.875000000e-01
  1.402000000e-02 -7.970000000e-01 6.038000000e-01
 Node:         33
  0.1183E+03  0.1150E+03  0.5201E+03 -0.1225E-03
   1.11E-16
   5.551E-17
   0.0
   8.327E-17
   0.0
   0.0
  1.700000000e-16
  0.000000000e+00
  -5.893000000e-17
  2.058900000e-16
  3.702300000e-17
  9.705800000e-17
  -8.617000000e-01 -2.815000000e-01 -4.222000000e-01
  0.000000000e+00 -8.321000000e-01 5.547000000e-01
  -5.074000000e-01 4.780000000e-01 7.170000000e-01
 Node:         34
  0.1255E+03  0.1129E+03  0.4909E+03 -0.1225E-03
   0.0
   0.0
   0.0
   5.551E-17
   9.714E-17
   0.0
  1.119000000e-16
  3.387000000e-33
  -1.119000000e-16
  1.938200000e-16
  0.000000000e+00
  9.136600000e-17
  -3.508000000e-01 -6.139000000e-01 -7.071000000e-01
  8.682000000e-01 -4.961000000e-01 -4.855000000e-17
  -3.508000000e-01 -6.139000000e-01 7.071000000e-01
 Node:         35
  0.1260E+03  0.1135E+03  0.5054E+03 -0.1225E-03
   0.0
   1.11E-16
  -1.11E-16
   1.11E-16
   2.498E-16
  -1.11E-16
  2.410000000e-16
  -1.023000000e-16
  -3.608000000e-16
  5.229000000e-16
  -7.403300000e-17
  2.465000000e-16
  5.458000000e-01 5.925000000e-01 5.925000000e-01
  8.379000000e-01 -3.859000000e-01 -3.859000000e-01
  -4.975000000e-17 -7.071000000e-01 7.071000000e-01
 Node:         36
  0.1257E+03  0.1153E+03  0.5196E+03 -0.1225E-03
   0.0
  -5.551E-17
   0.0
  -5.551E-17
   8.327E-17
   0.0
  1.305000000e-16
  -4.723000000e-17
  -8.327000000e-17
  1.982200000e-16
  0.000000000e+00
  9.344300000e-17
  -5.155000000e-01 6.059000000e-01 6.059000000e-01
  8.569000000e-01 3.645000000e-01 3.645000000e-01
  -1.256000000e-16 7.071000000e-01 -7.071000000e-01
 Node:         37
  0.1132E+03  0.1210E+03  0.4959E+03 -0.1225E-03
  -2.22E-16
   1.388E-16
  -2.22E-16
  -8.327E-17
   1.804E-16
  -2.776E-16
  -4.482000000e-17
  -1.622000000e-16
  -5.146000000e-16
  4.234700000e-16
  -2.405400000e-16
  1.996300000e-16
  3.971000000e-01 7.887000000e-01 4.693000000e-01
  -7.874000000e-01 3.010000000e-02 6.157000000e-01
  4.715000000e-01 -6.140000000e-01 6.330000000e-01
 Node:         38
  0.1111E+03  0.1204E+03  0.5085E+03 -0.1225E-03
  -1.665E-16
   9.714E-17
   0.0
  -2.776E-17
  -8.327E-17
  -2.22E-16
  7.071000000e-17
  -2.091000000e-16
  -2.502000000e-16
  3.024600000e-16
  -1.295300000e-16
  1.425800000e-16
  -3.916000000e-01 -8.746000000e-01 2.859000000e-01
  9.154000000e-01 -3.389000000e-01 2.170000000e-01
  9.287000000e-02 -3.467000000e-01 -9.334000000e-01
 Node:         39
  0.1119E+03  0.1201E+03  0.5207E+03 -0.1225E-03
  -5.551E-17
  -9.714E-17
  -3.331E-16
  -8.327E-17
  -7.633E-17
  -1.11E-16
  8.934000000e-18
  -1.105000000e-16
  -3.981000000e-16
  3.623900000e-16
  -1.665600000e-16
  1.708300000e-16
  8.510000000e-01 -1.281000000e-01 -5.092000000e-01
  4.076000000e-01 -4.503000000e-01 7.944000000e-01
  -3.311000000e-01 -8.836000000e-01 -3.310000000e-01
 Node:         40
  0.1191E+03  0.1220E+03  0.4937E+03 -0.1225E-03
   0.0
   8.327E-17
  -2.22E-16
   8.327E-17
  -1.388E-17
  -2.22E-16
  4.872000000e-17
  -2.082000000e-16
  -2.846000000e-16
  3.024500000e-16
  -1.480300000e-16
  1.425700000e-16
  -9.240000000e-01 -2.703000000e-01 -2.703000000e-01
  0.000000000e+00 -7.071000000e-01 7.071000000e-01
  3.823000000e-01 -6.534000000e-01 -6.534000000e-01
 Node:         41
  0.1182E+03  0.1217E+03  0.5073E+03 -0.1225E-03
   0.0
  -2.776E-17
  -5.551E-17
   5.551E-17
   9.714E-17
   1.11E-16
  1.653000000e-16
  1.073000000e-17
  -1.206000000e-16
  2.478700000e-16
  1.847700000e-17
  1.168500000e-16
  2.406000000e-01 3.653000000e-01 8.993000000e-01
  -8.901000000e-01 4.526000000e-01 5.428000000e-02
  -3.871000000e-01 -8.135000000e-01 4.340000000e-01
 Node:         42
  0.1187E+03  0.1212E+03  0.5204E+03 -0.1225E-03
   0.0
  -5.551E-17
  -1.11E-16
   0.0
   5.551E-17
   1.11E-16
  1.256000000e-16
  1.887000000e-17
  -1.444000000e-16
  2.355300000e-16
  2.333300000e-20
  1.110300000e-16
  1.113000000e-01 -2.517000000e-01 -9.614000000e-01
  9.295000000e-01 -3.159000000e-01 1.903000000e-01
  -3.516000000e-01 -9.148000000e-01 1.988000000e-01
 Node:         43
  0.1258E+03  0.1217E+03  0.4915E+03 -0.1225E-03
   2.22E-16
   1.11E-16
   1.11E-16
  -1.388E-17
   0.0
  -5.551E-17
  2.911000000e-16
  4.294000000e-17
  -5.645000000e-17
  3.100400000e-16
  9.253000000e-17
  1.461600000e-16
  -8.507000000e-01 -5.246000000e-01 3.406000000e-02
  -5.213000000e-01 8.502000000e-01 7.348000000e-02
  6.751000000e-02 -4.475000000e-02 9.967000000e-01
 Node:         44
  0.1259E+03  0.1220E+03  0.5059E+03 -0.1225E-03
  -2.22E-16
   1.388E-16
  -2.22E-16
   9.714E-17
   1.11E-16
  -1.11E-16
  5.081000000e-17
  -2.445000000e-16
  -3.614000000e-16
  3.679600000e-16
  -1.850300000e-16
  1.734600000e-16
  -5.113000000e-01 -5.340000000e-01 -6.733000000e-01
  -5.198000000e-01 -4.318000000e-01 7.372000000e-01
  -6.844000000e-01 7.269000000e-01 -5.679000000e-02
 Node:         45
  0.1261E+03  0.1221E+03  0.5198E+03 -0.1225E-03
  -5.551E-17
  -8.327E-17
  -2.776E-16
   2.776E-17
  -6.939E-18
   1.11E-16
  1.167000000e-16
  -3.339000000e-17
  -3.053000000e-16
  3.705000000e-16
  -7.399700000e-17
  1.746600000e-16
  1.854000000e-01 -5.643000000e-02 9.810000000e-01
  9.302000000e-01 -3.117000000e-01 -1.938000000e-01
  -3.167000000e-01 -9.485000000e-01 5.308000000e-03
 Node:         46
  0.1117E+03  0.1296E+03  0.4959E+03  0.0000E+00
  -5.551E-17
   2.776E-17
  -1.665E-16
   6.939E-18
  -2.602E-17
   0.0
  4.101000000e-18
  -4.897000000e-17
  -1.772000000e-16
  1.614500000e-16
  -7.402300000e-17
  7.610600000e-17
  4.856000000e-02 -1.429000000e-01 9.886000000e-01
  9.724000000e-01 2.327000000e-01 -1.414000000e-02
  -2.280000000e-01 9.620000000e-01 1.502000000e-01
 Node:         47
  0.1107E+03  0.1269E+03  0.5087E+03  0.0000E+00
  -1.665E-16
  -3.123E-17
   1.11E-16
  -2.776E-17
   3.99E-17
   0.0
  1.289000000e-16
  -1.114000000e-17
  -1.732000000e-16
  2.618600000e-16
  -1.848000000e-17
  1.234400000e-16
  -1.292000000e-01 9.390000000e-01 3.186000000e-01
  -1.008000000e-01 -3.321000000e-01 9.379000000e-01
  -9.865000000e-01 -8.906000000e-02 -1.376000000e-01
 Node:         48
  0.1125E+03  0.1242E+03  0.5208E+03  0.0000E+00
   1.11E-16
   3.469E-18
   1.11E-16
   0.0
  -1.735E-18
   1.11E-16
  1.149000000e-16
  1.110000000e-16
  1.071000000e-16
  6.755000000e-18
  1.110000000e-16
  3.184300000e-18
  -6.325000000e-01 -7.071000000e-01 3.162000000e-01
  4.472000000e-01 -4.455000000e-15 8.944000000e-01
  -6.325000000e-01 7.071000000e-01 3.162000000e-01
 Node:         49
  0.1186E+03  0.1311E+03  0.4938E+03  0.0000E+00
  -1.665E-16
  -2.082E-17
   0.0
  -4.163E-17
  -6.072E-18
  -5.551E-17
  2.581000000e-18
  -4.165000000e-17
  -1.830000000e-16
  1.678900000e-16
  -7.402300000e-17
  7.914600000e-17
  1.174000000e-01 -9.929000000e-01 1.965000000e-02
  -3.135000000e-01 -1.827000000e-02 9.494000000e-01
  -9.423000000e-01 -1.176000000e-01 -3.134000000e-01
 Node:         50
  0.1180E+03  0.1298E+03  0.5075E+03  0.0000E+00
   0.0
  -1.301E-17
   3.331E-16
  -4.163E-17
   1.247E-17
   2.22E-16
  3.354000000e-16
  2.276000000e-16
  -7.879000000e-18
  3.040700000e-16
  1.850400000e-16
  1.433400000e-16
  5.441000000e-02 -9.902000000e-01 -1.289000000e-01
  -1.707000000e-01 -1.364000000e-01 9.758000000e-01
  9.838000000e-01 3.109000000e-02 1.765000000e-01
 Node:         51
  0.1192E+03  0.1275E+03  0.5206E+03  0.0000E+00
   0.0
  -3.469E-18
  -5.551E-17
   0.0
   1.475E-17
   1.11E-16
  1.123000000e-16
  2.087000000e-19
  -5.702000000e-17
  1.491800000e-16
  1.849600000e-17
  7.032400000e-17
  -2.705000000e-03 8.758000000e-02 9.962000000e-01
  9.982000000e-01 -6.004000000e-02 7.989000000e-03
  -6.051000000e-02 -9.943000000e-01 8.725000000e-02
 Node:         52
  0.1262E+03  0.1305E+03  0.4920E+03  0.0000E+00
   1.11E-16
  -1.388E-17
   1.11E-16
   1.301E-18
   4.906E-18
   0.0
  1.250000000e-16
  9.734000000e-17
  -2.497000000e-19
  1.139700000e-16
  7.403000000e-17
  5.372400000e-17
  -7.047000000e-01 7.092000000e-01 2.051000000e-02
  7.093000000e-01 7.034000000e-01 4.493000000e-02
  -1.744000000e-02 -4.621000000e-02 9.988000000e-01
 Node:         53
  0.1258E+03  0.1304E+03  0.5063E+03  0.0000E+00
  -1.665E-16
  -1.735E-18
  -1.11E-16
   2.776E-17
   3.383E-17
  -2.22E-16
  -1.010000000e-16
  -1.572000000e-16
  -2.414000000e-16
  1.223900000e-16
  -1.665300000e-16
  5.769700000e-17
  9.684000000e-02 9.526000000e-01 2.883000000e-01
  -9.346000000e-01 1.866000000e-01 -3.027000000e-01
  -3.422000000e-01 -2.402000000e-01 9.084000000e-01
 Node:         54
  0.1265E+03  0.1288E+03  0.5200E+03  0.0000E+00
  -2.22E-16
   2.082E-17
   1.11E-16
   0.0
  -4.337E-18
   1.11E-16
  1.160000000e-16
  1.073000000e-16
  -2.233000000e-16
  3.350300000e-16
  0.000000000e+00
  1.579400000e-16
  -4.656000000e-02 -7.562000000e-01 6.527000000e-01
  -4.117000000e-02 -6.514000000e-01 -7.576000000e-01
  -9.981000000e-01 6.215000000e-02 8.061000000e-04
 Node:         55
  0.1381E+03  0.1168E+03  0.4524E+03  0.1264E-01
   0.001342
  -0.01562
   0.01917
  -0.00372
   0.02266
  -0.03282
  3.457900000e-02
  -4.475400000e-03
  -3.458300000e-02
  6.073300000e-02
  -1.493200000e-03
  2.863000000e-02
  1.956700000e-01 -2.086500000e-01 -1.185000000e-01
  5.999100000e-01 2.511600000e-01 6.123700000e-01
  -1.020400000e-01 -1.990900000e-01 5.570200000e-01
 Node:         56
  0.1314E+03  0.1156E+03  0.4682E+03  0.1264E-01
   0.0105
  -0.01431
   0.01246
  -0.00752
   0.009962
  -0.01999
  2.690100000e-02
  -4.813700000e-03
  -2.237400000e-02
  4.329200000e-02
  -9.573600000e-05
  2.040800000e-02
  -2.445900000e-01 3.966600000e-01 9.233100000e-02
  4.310400000e-01 5.575500000e-01 -4.004100000e-02
  4.037100000e-02 -1.440200000e-01 5.885500000e-01
 Node:         57
  0.1285E+03  0.1140E+03  0.4823E+03  0.1264E-01
   0.004274
  -0.003891
   0.003458
  -0.002076
   0.001517
  -8.531E-4
  6.607000000e-03
  -4.396500000e-04
  -3.046600000e-03
  9.031400000e-03
  1.040200000e-03
  4.257400000e-03
  -5.399500000e-01 1.936700000e-01 2.396500000e-01
  4.447900000e-01 5.547400000e-01 1.473600000e-01
  7.755500000e-02 -2.789300000e-02 7.332100000e-01
 Node:         58
  0.1478E+03  0.1179E+03  0.4523E+03  0.1264E-01
   3.053E-4
  -0.01986
   0.03978
  -0.003392
   0.01532
  -0.07424
  4.746100000e-02
  -1.289100000e-02
  -5.448900000e-02
  9.303300000e-02
  -6.639700000e-03
  4.385600000e-02
  1.271600000e-01 2.511800000e-01 4.037900000e-02
  6.779400000e-01 4.685500000e-01 1.426200000e-01
  1.864100000e-01 -5.133900000e-02 6.797000000e-01
 Node:         59
  0.1415E+03  0.1167E+03  0.4687E+03  0.1264E-01
   0.02687
  -0.02793
   0.03118
  -0.0221
   0.02085
  -0.02487
  5.620300000e-02
  -6.838700000e-03
  -2.754600000e-02
  7.566800000e-02
  7.272600000e-03
  3.567000000e-02
  -3.560900000e-01 6.699100000e-03 1.393900000e-01
  4.897400000e-01 5.652700000e-01 1.357900000e-01
  4.208700000e-01 -1.422300000e-01 8.000600000e-01
 Node:         60
  0.1374E+03  0.1150E+03  0.4832E+03  0.1264E-01
   0.01343
  -0.01174
   0.01008
  -0.01044
   0.007387
   0.003285
  2.071200000e-02
  -3.137800000e-04
  -2.645700000e-03
  2.210900000e-02
  5.917700000e-03
  1.042200000e-02
  -5.742900000e-01 4.451500000e-01 3.724900000e-01
  3.590900000e-01 4.518000000e-01 3.706900000e-01
  4.560600000e-01 2.588500000e-02 2.265500000e-01
 Node:         61
  0.1548E+03  0.1224E+03  0.4523E+03  0.1264E-01
   0.02889
  -0.01516
   0.009104
   0.002427
  -0.007035
  -0.05122
  3.730200000e-02
  -6.325200000e-03
  -4.735400000e-02
  7.342300000e-02
  -5.459200000e-03
  3.461200000e-02
  -5.340500000e-02 1.213600000e-01 5.367600000e-03
  5.378500000e-01 7.586400000e-01 -2.328700000e-01
  6.776800000e-03 2.129800000e-01 9.626900000e-01
 Node:         62
  0.1488E+03  0.1204E+03  0.4692E+03  0.1264E-01
   0.0566
  -0.04524
   0.02954
  -0.02619
   0.01452
   0.006786
  7.699500000e-02
  9.071400000e-04
  -1.873800000e-02
  8.778700000e-02
  1.972200000e-02
  4.138300000e-02
  -6.889800000e-01 4.453100000e-01 3.063700000e-01
  2.706300000e-01 1.730400000e-01 1.414800000e-01
  1.550100000e-01 1.831600000e-01 -3.989200000e-03
 Node:         63
  0.1436E+03  0.1181E+03  0.4838E+03  0.1264E-01
   0.01511
  -0.02141
   0.02348
  -0.009315
   0.01296
   0.006837
  3.453100000e-02
  -2.572600000e-05
  -2.661800000e-03
  3.584000000e-02
  1.061400000e-02
  1.689500000e-02
  -5.662600000e-01 7.032800000e-01 3.734800000e-01
  -1.461100000e-01 1.691800000e-01 -4.877800000e-01
  -4.983200000e-01 -5.269900000e-01 5.837400000e-01
 Node:         64
  0.1410E+03  0.1253E+03  0.4518E+03  0.1264E-01
  -0.03628
  -0.01276
   0.04918
  -0.004314
   0.004054
  -0.02947
  4.042900000e-02
  -1.999700000e-02
  -3.310400000e-02
  6.820100000e-02
  -4.224200000e-03
  3.215000000e-02
  -8.453400000e-02 2.109200000e-01 -3.105100000e-03
  -1.622000000e-01 -5.155500000e-02 6.147300000e-01
  6.604200000e-01 8.180700000e-02 1.553900000e-01
 Node:         65
  0.1339E+03  0.1229E+03  0.4680E+03  0.1264E-01
  -0.001645
  -0.02498
   0.03541
  -0.008689
   0.004123
  -0.01851
  3.837000000e-02
  -8.964900000e-03
  -1.874900000e-02
  5.278700000e-02
  3.552200000e-03
  2.488400000e-02
  4.047400000e-01 -4.852400000e-01 -7.324700000e-02
  -3.090400000e-01 -2.369400000e-01 3.082600000e-01
  1.220200000e-01 -4.443400000e-02 -8.097200000e-02
 Node:         66
  0.1299E+03  0.1214E+03  0.4825E+03  0.1264E-01
   0.007417
  -0.008149
   0.008912
  -0.002702
   0.002146
  -9.339E-4
  1.232600000e-02
  -2.874400000e-04
  -1.008900000e-03
  1.290100000e-02
  3.676700000e-03
  6.081500000e-03
  -6.671300000e-01 9.450200000e-01 1.358700000e-01
  6.719600000e-01 6.629000000e-01 -2.784000000e-01
  1.923800000e-01 6.948700000e-02 9.088100000e-01
 Node:         67
  0.1495E+03  0.1246E+03  0.4520E+03  0.1264E-01
  -0.02323
  -0.0164
   0.04596
  -0.003724
   0.004924
  -0.06751
  3.899900000e-02
  -1.951900000e-02
  -4.976800000e-02
  7.879400000e-02
  -1.009600000e-02
  3.714400000e-02
  -1.146900000e-01 4.325900000e-01 1.058700000e-02
  7.848800000e-01 2.051200000e-01 -4.924900000e-03
  1.112300000e-01 2.537000000e-03 4.406200000e-01
 Node:         68
  0.1430E+03  0.1225E+03  0.4686E+03  0.1264E-01
   0.02775
  -0.03518
   0.04211
  -0.02096
   0.01067
  -0.0378
  5.825600000e-02
  -3.113400000e-03
  -3.128000000e-02
  7.962000000e-02
  7.954200000e-03
  3.753300000e-02
  -3.656700000e-01 3.640200000e-01 1.042800000e-01
  2.913800000e-01 3.952200000e-01 1.860400000e-02
  4.682600000e-01 9.070400000e-02 7.298500000e-01
 Node:         69
  0.1379E+03  0.1205E+03  0.4830E+03  0.1264E-01
   0.01732
  -0.01392
   0.01225
  -0.009144
   0.005994
  -2.998E-4
  2.411100000e-02
  1.288600000e-04
  -2.744500000e-03
  2.550000000e-02
  7.165200000e-03
  1.202100000e-02
  -7.484000000e-01 5.894800000e-01 3.260200000e-01
  4.519500000e-01 6.868400000e-01 -1.829700000e-01
  3.036300000e-01 -4.772500000e-04 7.676800000e-01
 Node:         70
  0.1550E+03  0.1244E+03  0.4522E+03  0.1264E-01
  -0.007855
  -0.02064
   0.026
  -0.01595
   0.01256
  -0.0778
  2.841700000e-02
  -1.082100000e-02
  -5.967400000e-02
  7.740600000e-02
  -1.402600000e-02
  3.648900000e-02
  -7.014100000e-02 9.889300000e-02 9.177600000e-02
  9.206600000e-02 -1.579500000e-02 1.640900000e-01
  -3.233300000e-02 -5.208200000e-02 4.163300000e-01
 Node:         71
  0.1490E+03  0.1223E+03  0.4691E+03  0.1264E-01
   0.05693
  -0.03432
   0.03401
  -0.0429
   0.02109
  -0.02999
  7.591400000e-02
  2.411400000e-03
  -3.448700000e-02
  9.788900000e-02
  1.461300000e-02
  4.614600000e-02
  -7.078900000e-01 4.016200000e-01 2.836200000e-01
  2.574600000e-01 4.376300000e-01 -1.035700000e-01
  2.776700000e-01 -6.654200000e-02 7.703300000e-01
 Node:         72
  0.1435E+03  0.1199E+03  0.4837E+03  0.1264E-01
   0.02883
  -0.01592
   0.01042
  -0.01704
   0.008421
   0.00301
  3.430600000e-02
  4.663900000e-04
  -3.923400000e-03
  3.619900000e-02
  1.028300000e-02
  1.706400000e-02
  -8.061400000e-01 4.370100000e-01 4.126100000e-01
  2.777000000e-01 6.034100000e-01 -2.019100000e-02
  1.662500000e-01 -3.369500000e-02 3.993600000e-01
 Node:         73
  0.1440E+03  0.1339E+03  0.4511E+03  0.0000E+00
   0.03661
  -0.00192
  -0.03309
  -0.004638
   0.003817
   0.01193
  2.739800000e-02
  1.175900000e-02
  -2.803900000e-02
  5.090900000e-02
  3.706100000e-03
  2.399900000e-02
  -4.715100000e-01 -8.965400000e-03 2.522800000e-01
  2.037600000e-01 -7.303100000e-02 1.849600000e-01
  -2.684300000e-02 3.820700000e-02 -5.857500000e-02
 Node:         74
  0.1364E+03  0.1303E+03  0.4677E+03  0.0000E+00
   0.06671
   0.01687
  -0.007469
   0.004692
   0.005694
   0.01989
  5.270100000e-02
  1.647300000e-02
  -1.082000000e-02
  5.544100000e-02
  1.945100000e-02
  2.613500000e-02
  -1.178100000e+00 -1.722700000e-01 -1.622000000e-01
  -1.320000000e-01 1.346700000e-01 8.248200000e-01
  -1.497200000e-01 1.071000000e+00 -1.202700000e-01
 Node:         75
  0.1313E+03  0.1288E+03  0.4826E+03  0.0000E+00
   0.02827
   0.006817
   8.336E-4
   0.001364
   6.97E-4
   0.002303
  2.209300000e-02
  1.683600000e-03
  -7.311100000e-04
  2.165900000e-02
  7.681800000e-03
  1.021000000e-02
  -9.753400000e-01 -2.452300000e-01 -6.589400000e-02
  -7.660600000e-02 6.880100000e-02 9.933900000e-01
  -2.428200000e-01 8.274900000e-01 -1.171500000e-01
 Node:         76
  0.1512E+03  0.1312E+03  0.4516E+03  0.0000E+00
   0.03049
  -0.005647
  -0.03638
  -0.00688
   0.00489
   0.01142
  2.795100000e-02
  7.686700000e-03
  -3.230300000e-02
  5.510400000e-02
  1.111500000e-03
  2.597600000e-02
  -6.448400000e-01 5.714700000e-02 2.650000000e-01
  1.246800000e-01 -6.185800000e-03 6.054700000e-01
  -7.284800000e-02 -8.702300000e-01 2.252500000e-02
 Node:         77
  0.1444E+03  0.1282E+03  0.4683E+03  0.0000E+00
   0.08261
   0.01705
  -0.009905
   0.00426
   0.006037
   0.01323
  6.506700000e-02
  1.182200000e-02
  -1.329200000e-02
  7.005700000e-02
  2.119900000e-02
  3.302500000e-02
  -9.801800000e-01 -1.988200000e-01 -9.209800000e-02
  -1.219700000e-01 1.563700000e-01 9.844000000e-01
  -1.747100000e-01 1.037900000e+00 -1.818900000e-01
 Node:         78
  0.1384E+03  0.1261E+03  0.4829E+03  0.0000E+00
   0.03488
   0.009802
   0.001215
   0.002309
   0.00127
   0.001606
  2.867700000e-02
  1.150400000e-03
  -1.298000000e-03
  2.883000000e-02
  9.509800000e-03
  1.359000000e-02
  -9.601500000e-01 -2.791600000e-01 -8.964500000e-02
  -1.264000000e-01 1.792700000e-01 9.999000000e-01
  -2.514300000e-01 1.152300000e+00 -1.455500000e-01
 Node:         79
  0.1552E+03  0.1264E+03  0.4522E+03  0.0000E+00
   0.0196
   8.405E-4
  -0.07092
  -0.0159
   0.001911
  -0.04738
  2.088500000e-02
  -2.283000000e-02
  -7.797600000e-02
  8.778200000e-02
  -2.664000000e-02
  4.138100000e-02
  9.341000000e-01 4.672300000e-02 -3.021300000e-01
  1.612000000e-01 1.589000000e-01 3.631600000e-01
  -2.518200000e-02 -4.258700000e-01 1.913000000e-01
 Node:         80
  0.1492E+03  0.1242E+03  0.4691E+03  0.0000E+00
   0.09716
   0.009536
  -0.04497
   0.01104
   0.003896
  -0.02949
  7.517900000e-02
  -1.052500000e-02
  -5.561100000e-02
  1.160900000e-01
  3.014500000e-03
  5.472600000e-02
  -8.635900000e-01 -8.300100000e-02 -9.858100000e-02
  -1.243800000e-01 4.329500000e-01 6.659700000e-01
  3.917900000e-04 -6.754600000e-01 4.290400000e-01
 Node:         81
  0.1433E+03  0.1217E+03  0.4836E+03  0.0000E+00
   0.04084
   0.008566
  -0.00393
   0.01092
   0.003076
   7.496E-5
  3.415700000e-02
  -1.305200000e-03
  -6.355800000e-03
  3.817100000e-02
  8.832100000e-03
  1.799400000e-02
  -9.478800000e-01 -1.825700000e-01 -2.635500000e-01
  -2.913300000e-01 4.081400000e-01 7.022400000e-01
  4.101200000e-02 -7.401100000e-01 4.470700000e-01
 Node:         82
  0.1267E+03  0.1148E+03  0.4557E+03  0.1622E-01
   0.01681
  -0.01497
  -0.001776
  -0.004319
   0.002191
  -0.007988
  2.016300000e-02
  -4.482300000e-03
  -1.115100000e-02
  2.867600000e-02
  1.509900000e-03
  1.351800000e-02
  -8.006000000e-01 5.152200000e-01 1.872500000e-01
  -1.534100000e-02 -3.443400000e-01 5.754200000e-01
  -2.247900000e-02 2.509000000e-01 4.714400000e-01
 Node:         83
  0.1234E+03  0.1129E+03  0.4717E+03  0.1622E-01
   0.001327
  -0.009998
  -0.003163
  -0.004472
   0.002342
  -0.001941
  1.039600000e-02
  -1.412400000e-03
  -1.491500000e-02
  2.269400000e-02
  -1.977100000e-03
  1.069800000e-02
  -5.194400000e-01 4.654700000e-01 3.195400000e-01
  -1.135300000e-02 -3.164500000e-01 1.931800000e-01
  1.356800000e-01 3.454400000e-01 3.436300000e-01
 Node:         84
  0.1187E+03  0.1123E+03  0.4849E+03  0.1622E-01
  -1.568E-4
  -7.893E-4
  -3.805E-4
  -6.538E-4
   3.62E-5
   1.11E-4
  2.780500000e-03
  -5.928700000e-05
  -4.778900000e-03
  7.221500000e-03
  -6.858800000e-04
  3.404200000e-03
  -4.422800000e-01 2.040900000e-01 4.532300000e-01
  -1.086900000e-01 2.162400000e-01 -3.574400000e-02
  -1.409000000e-01 -2.332700000e-01 -3.573800000e-01
 Node:         85
  0.1302E+03  0.1161E+03  0.4544E+03  0.1622E-01
   0.01705
  -0.01657
  -3.718E-4
  -0.004052
   0.002929
  -0.01211
  2.348200000e-02
  -5.290600000e-03
  -1.444500000e-02
  3.442000000e-02
  1.248700000e-03
  1.622600000e-02
  -7.578700000e-01 5.759000000e-01 2.083600000e-01
  2.250600000e-01 4.558300000e-01 -1.284400000e-01
  2.031500000e-01 1.595600000e-01 5.891800000e-01
 Node:         86
  0.1252E+03  0.1138E+03  0.4700E+03  0.1622E-01
  -0.01606
  -0.006926
   0.03292
  -0.01143
   0.01
  -0.002672
  3.270900000e-02
  3.818500000e-03
  -2.558400000e-02
  5.134900000e-02
  3.648000000e-03
  2.420600000e-02
  3.006900000e-02 -3.064700000e-01 -8.075900000e-02
  -6.098900000e-02 -1.435600000e-01 3.429800000e-01
  6.905000000e-01 9.987700000e-02 1.723100000e-01
 Node:         87
  0.1217E+03  0.1126E+03  0.4833E+03  0.1622E-01
   8.004E-4
  -6.898E-4
   7.292E-6
  -0.001845
   1.217E-4
   0.001336
  4.354500000e-03
  -2.640900000e-04
  -4.491500000e-03
  8.430400000e-03
  -1.337000000e-04
  3.974100000e-03
  -4.672600000e-01 2.938200000e-01 3.691000000e-01
  3.085900000e-01 -4.284900000e-01 3.673600000e-01
  6.840500000e-01 2.063500000e-01 1.163200000e-01
 Node:         88
  0.1338E+03  0.1169E+03  0.4527E+03  0.1622E-01
   9.261E-4
  -0.01844
   0.005585
  -0.003972
   0.01146
  -2.928E-4
  2.669900000e-02
  -3.751300000e-03
  -1.773600000e-02
  3.987800000e-02
  1.737400000e-03
  1.879900000e-02
  -5.791700000e-01 6.251100000e-01 3.867300000e-01
  1.347900000e-01 1.652700000e-01 -1.055200000e-02
  5.487700000e-02 -1.668400000e-02 2.648600000e-01
 Node:         89
  0.1270E+03  0.1150E+03  0.4683E+03  0.1622E-01
   0.008044
  -0.01164
   0.002232
  -0.007404
   0.003049
  -0.001043
  1.814700000e-02
  -1.631900000e-03
  -1.411200000e-02
  2.912600000e-02
  8.009500000e-04
  1.373000000e-02
  -6.076800000e-01 5.371900000e-01 3.551100000e-01
  -1.588300000e-02 -3.318200000e-01 3.487900000e-01
  7.153600000e-02 3.499600000e-01 4.210700000e-01
 Node:         90
  0.1248E+03  0.1132E+03  0.4822E+03  0.1622E-01
   0.002518
  -0.002266
   0.001169
  -0.001492
   7.166E-4
   4.482E-4
  4.334000000e-03
  -1.282000000e-04
  -3.128600000e-03
  7.185900000e-03
  3.590900000e-04
  3.387500000e-03
  -5.386000000e-01 1.606500000e-01 3.281100000e-01
  7.912000000e-02 -2.518800000e-01 5.758600000e-01
  1.491700000e-01 5.606200000e-01 3.920200000e-01
 Node:         91
  0.1258E+03  0.1259E+03  0.4542E+03  0.1622E-01
  -0.03685
  -0.01945
   0.03765
  -0.01053
   0.007418
  -0.01077
  3.587100000e-02
  -7.439200000e-03
  -3.361700000e-02
  6.088300000e-02
  -1.728100000e-03
  2.870000000e-02
  -1.191000000e-01 5.603900000e-01 1.106800000e-01
  -1.432100000e-01 -1.540100000e-01 7.170700000e-01
  -2.140700000e-01 -2.019100000e-01 -7.752200000e-02
 Node:         92
  0.1208E+03  0.1231E+03  0.4723E+03  0.1622E-01
  -8.628E-4
  -0.01629
   0.005855
  -0.01306
   0.004534
   0.001397
  2.189900000e-02
  -7.435200000e-04
  -1.596900000e-02
  3.298600000e-02
  1.728800000e-03
  1.555000000e-02
  -4.844900000e-01 3.184800000e-01 2.675500000e-01
  -8.462300000e-03 -4.843500000e-01 6.229400000e-01
  3.757700000e-01 3.655100000e-01 3.186700000e-01
 Node:         93
  0.1159E+03  0.1217E+03  0.4876E+03  0.1622E-01
   0.004042
  -2.679E-4
  -6.705E-4
  -0.005725
  -0.001647
   0.00377
  6.643200000e-03
  -1.768500000e-05
  -1.967900000e-03
  7.763400000e-03
  1.552500000e-03
  3.659700000e-03
  -6.555900000e-01 -1.083900000e-01 5.884600000e-01
  5.312600000e-01 -6.714900000e-01 4.217100000e-01
  -2.855300000e-02 -2.830300000e-01 -2.942700000e-01
 Node:         94
  0.1312E+03  0.1261E+03  0.4532E+03  0.1622E-01
  -0.04599
  -0.01926
   0.04385
  -0.009873
   0.004428
  -0.01323
  3.920800000e-02
  -7.126400000e-03
  -3.986100000e-02
  6.887500000e-02
  -2.593000000e-03
  3.246800000e-02
  -1.707600000e-01 4.074900000e-01 -2.683600000e-02
  -1.889800000e-01 -1.121200000e-01 8.527900000e-01
  -6.011900000e-01 -1.648300000e-01 -1.423500000e-01
 Node:         95
  0.1249E+03  0.1233E+03  0.4703E+03  0.1622E-01
   0.005095
  -0.01531
   0.01665
  -0.01573
   0.004455
  -0.01061
  2.673700000e-02
  1.629000000e-03
