 Group name: predicted_strain_L6A4
 #Fields=  17
 1) coordinates, coordinate, rectangular cartesian, #Components=3
   x.  Value index= 1, #Derivatives=0
   y.  Value index= 2, #Derivatives=0
   z.  Value index= 3, #Derivatives=0
 2) dummy, field, rectangular cartesian, #Components=1
   Tensor_1.  Value index= 4, #Derivatives=0
 3) Tensor_1, field, rectangular cartesian, #Components=1
   Tensor_1.  Value index= 5, #Derivatives=0
 4) Tensor_2, field, rectangular cartesian, #Components=1
   Tensor_2.  Value index= 6, #Derivatives=0
 5) Tensor_3, field, rectangular cartesian, #Components=1
   Tensor_3.  Value index= 7, #Derivatives=0
 6) Tensor_4, field, rectangular cartesian, #Components=1
   Tensor_4.  Value index= 8, #Derivatives=0
 7) Tensor_5, field, rectangular cartesian, #Components=1
   Tensor_5.  Value index= 9, #Derivatives=0
 8) Tensor_6, field, rectangular cartesian, #Components=1
   Tensor_6.  Value index= 10, #Derivatives=0
 9) Principal_1, field, rectangular cartesian, #Components=1
   Principal_1.  Value index= 11, #Derivatives=0
 10) Principal_2, field, rectangular cartesian, #Components=1
   Principal_2.  Value index= 12, #Derivatives=0
 11) Principal_3, field, rectangular cartesian, #Components=1
   Principal_3.  Value index= 13, #Derivatives=0
 12) VonMises, field, rectangular cartesian, #Components=1
   VonMises.  Value index= 14, #Derivatives=0
 13) Hydrostatic, field, rectangular cartesian, #Components=1
   VonMises.  Value index= 15, #Derivatives=0
 14) Octahedral, field, rectangular cartesian, #Components=1
   VonMises.  Value index= 16, #Derivatives=0
 15) PrincipalVector1, field, rectangular cartesian, #Components=3
   x.  Value index= 17, #Derivatives=0
   y.  Value index= 18, #Derivatives=0
   z.  Value index= 19, #Derivatives=0
 16) PrincipalVector2, field, rectangular cartesian, #Components=3
   x.  Value index= 20, #Derivatives=0
   y.  Value index= 21, #Derivatives=0
   z.  Value index= 22, #Derivatives=0
 17) PrincipalVector3, field, rectangular cartesian, #Components=3
   x.  Value index= 23, #Derivatives=0
   y.  Value index= 24, #Derivatives=0
   z.  Value index= 25, #Derivatives=0
 Node:          1
  0.1287E+03  0.1133E+03  0.4908E+03 -0.1169E-04
  -1.11E-16
  -8.327E-17
  -2.22E-16
  -2.776E-17
  -4.163E-17
  -3.331E-16
  -6.637000000e-17
  -2.400000000e-16
  -3.598000000e-16
  2.555400000e-16
  -2.220600000e-16
  1.204600000e-16
  8.837000000e-01 -4.676000000e-01 -1.897000000e-02
  4.046000000e-01 7.837000000e-01 -4.712000000e-01
  2.352000000e-01 4.088000000e-01 8.818000000e-01
 Node:          2
  0.1292E+03  0.1137E+03  0.5052E+03 -0.1169E-04
  -5.551E-17
  -1.11E-16
  -1.665E-16
  -5.551E-17
   1.943E-16
  -2.776E-16
  8.603000000e-17
  -1.600000000e-16
  -4.256000000e-16
  4.431900000e-16
  -1.665200000e-16
  2.089200000e-16
  -6.554000000e-01 6.199000000e-01 4.313000000e-01
  7.522000000e-01 4.849000000e-01 4.462000000e-01
  -6.744000000e-02 -6.169000000e-01 7.841000000e-01
 Node:          3
  0.1289E+03  0.1155E+03  0.5194E+03 -0.1169E-04
   2.22E-16
   1.388E-16
   3.331E-16
   1.11E-16
   5.551E-17
   2.22E-16
  4.753000000e-16
  2.118000000e-16
  9.006000000e-17
  3.410700000e-16
  2.590500000e-16
  1.607800000e-16
  -5.696000000e-01 -7.144000000e-01 -4.063000000e-01
  2.395000000e-01 -6.172000000e-01 7.494000000e-01
  -7.862000000e-01 3.296000000e-01 5.227000000e-01
 Node:          4
  0.1361E+03  0.1141E+03  0.4915E+03 -0.1169E-04
   0.0
  -2.776E-17
  -1.11E-16
  -2.776E-17
  -8.327E-17
   2.22E-16
  2.435000000e-16
  6.328000000e-18
  -1.388000000e-16
  3.342600000e-16
  3.700900000e-17
  1.575700000e-16
  -8.549000000e-02 -2.215000000e-01 9.714000000e-01
  9.681000000e-01 -2.491000000e-01 2.840000000e-02
  2.357000000e-01 9.428000000e-01 2.357000000e-01
 Node:          5
  0.1341E+03  0.1144E+03  0.5054E+03 -0.1169E-04
   3.331E-16
   1.388E-16
   3.331E-16
   5.551E-17
  -6.939E-17
   4.441E-16
  4.814000000e-16
  4.627000000e-16
  1.662000000e-16
  3.062800000e-16
  3.701000000e-16
  1.443800000e-16
  -3.480000000e-01 -6.443000000e-01 6.810000000e-01
  -6.589000000e-01 -3.487000000e-01 -6.665000000e-01
  6.669000000e-01 -6.807000000e-01 -3.032000000e-01
 Node:          6
  0.1323E+03  0.1162E+03  0.5191E+03 -0.1169E-04
   2.22E-16
   5.551E-17
   2.22E-16
  -5.551E-17
  -2.776E-17
   0.0
  2.897000000e-16
  1.685000000e-16
  -1.402000000e-17
  2.648100000e-16
  1.480600000e-16
  1.248300000e-16
  -7.150000000e-01 -6.696000000e-01 2.012000000e-01
  6.656000000e-01 -7.399000000e-01 -9.741000000e-02
  -2.141000000e-01 -6.426000000e-02 -9.747000000e-01
 Node:          7
  0.1408E+03  0.1171E+03  0.4920E+03 -0.1169E-04
   3.331E-16
   2.22E-16
   2.22E-16
  -8.327E-17
  -1.11E-16
   0.0
  5.398000000e-16
  6.158000000e-17
  -4.631000000e-17
  5.403100000e-16
  1.850200000e-16
  2.547000000e-16
  -7.537000000e-01 -6.111000000e-01 2.419000000e-01
  -6.560000000e-01 6.770000000e-01 -3.335000000e-01
  -4.004000000e-02 4.101000000e-01 9.112000000e-01
 Node:          8
  0.1367E+03  0.1169E+03  0.5055E+03 -0.1169E-04
   2.22E-16
   1.943E-16
   2.22E-16
  -4.025E-16
  -2.359E-16
  -2.22E-16
  6.547000000e-16
  4.477000000e-17
  -4.775000000e-16
  9.814900000e-16
  7.399000000e-17
  4.626800000e-16
  -6.847000000e-01 -5.611000000e-01 4.652000000e-01
  5.685000000e-01 -8.105000000e-01 -1.409000000e-01
  -4.561000000e-01 -1.681000000e-01 -8.739000000e-01
 Node:          9
  0.1339E+03  0.1180E+03  0.5191E+03 -0.1169E-04
   2.22E-16
   1.665E-16
   0.0
  -3.955E-16
  -2.776E-16
   6.661E-16
  1.002000000e-15
  -9.379000000e-18
  -1.046000000e-16
  1.062200000e-15
  2.960100000e-16
  5.007200000e-16
  -4.817000000e-01 -3.073000000e-01 8.207000000e-01
  -8.565000000e-01 -3.292000000e-02 -5.150000000e-01
  -1.853000000e-01 9.510000000e-01 2.474000000e-01
 Node:         10
  0.1294E+03  0.1212E+03  0.4911E+03 -0.1169E-04
   0.0
   2.776E-17
   1.11E-16
  -1.388E-17
   1.249E-16
   1.11E-16
  2.363000000e-16
  2.303000000e-17
  -3.732000000e-17
  2.489900000e-16
  7.400300000e-17
  1.173800000e-16
  4.210000000e-02 7.100000000e-01 7.030000000e-01
  -7.813000000e-01 -4.152000000e-01 4.661000000e-01
  -6.228000000e-01 5.688000000e-01 -5.372000000e-01
 Node:         11
  0.1295E+03  0.1214E+03  0.5055E+03 -0.1169E-04
  -2.22E-16
  -2.776E-17
  -2.22E-16
  -4.163E-17
   1.388E-17
  -1.665E-16
  -1.365000000e-16
  -2.183000000e-16
  -2.558000000e-16
  1.056600000e-16
  -2.035300000e-16
  4.981100000e-17
  -4.935000000e-01 2.929000000e-01 8.189000000e-01
  3.541000000e-01 -7.924000000e-01 4.968000000e-01
  -7.944000000e-01 -5.351000000e-01 -2.873000000e-01
 Node:         12
  0.1295E+03  0.1217E+03  0.5196E+03 -0.1169E-04
   1.11E-16
   0.0
   1.11E-16
   7.633E-17
   2.776E-17
   2.22E-16
  2.649000000e-16
  1.110000000e-16
  6.816000000e-17
  1.792000000e-16
  1.480200000e-16
  8.447700000e-17
  -4.387000000e-01 -1.595000000e-01 -8.844000000e-01
  3.417000000e-01 -9.398000000e-01 -2.255000000e-17
  8.311000000e-01 3.022000000e-01 -4.668000000e-01
 Node:         13
  0.1361E+03  0.1199E+03  0.4914E+03 -0.1169E-04
   1.11E-16
  -1.388E-16
   0.0
  -9.714E-17
   2.776E-17
  -1.665E-16
  2.285000000e-16
  -8.520000000e-17
  -1.988000000e-16
  3.833400000e-16
  -1.850000000e-17
  1.807100000e-16
  8.171000000e-01 -5.252000000e-01 -2.378000000e-01
  4.648000000e-01 8.442000000e-01 -2.671000000e-01
  3.410000000e-01 1.077000000e-01 9.339000000e-01
 Node:         14
  0.1342E+03  0.1198E+03  0.5054E+03 -0.1169E-04
  -5.551E-17
   2.776E-17
   0.0
   5.551E-17
  -9.021E-17
   1.11E-16
  1.672000000e-16
  -4.940000000e-18
  -1.068000000e-16
  2.398800000e-16
  1.848700000e-17
  1.130800000e-16
  1.634000000e-01 -4.472000000e-01 8.794000000e-01
  -6.569000000e-01 -7.144000000e-01 -2.412000000e-01
  -7.361000000e-01 5.382000000e-01 4.105000000e-01
 Node:         15
  0.1330E+03  0.1205E+03  0.5193E+03 -0.1169E-04
   2.22E-16
  -8.327E-17
  -5.551E-17
   1.388E-17
   4.857E-17
   0.0
  2.451000000e-16
  2.471000000e-17
  -1.033000000e-16
  3.052400000e-16
  5.550300000e-17
  1.438900000e-16
  -9.638000000e-01 2.667000000e-01 -1.723000000e-03
  1.157000000e-01 4.239000000e-01 8.983000000e-01
  2.403000000e-01 8.656000000e-01 -4.394000000e-01
 Node:         16
  0.1404E+03  0.1188E+03  0.4918E+03 -0.1169E-04
   2.22E-16
   5.551E-17
   2.22E-16
  -8.327E-17
  -1.457E-16
   4.441E-16
  5.466000000e-16
  1.950000000e-16
  1.465000000e-16
  3.781900000e-16
  2.960300000e-16
  1.782800000e-16
  -2.927000000e-01 -4.328000000e-01 8.526000000e-01
  -9.222000000e-01 -1.077000000e-01 -3.713000000e-01
  -2.526000000e-01 8.950000000e-01 3.676000000e-01
 Node:         17
  0.1365E+03  0.1184E+03  0.5055E+03 -0.1169E-04
  -1.11E-16
   2.776E-17
  -1.11E-16
   9.714E-17
   1.7E-16
   0.0
  1.573000000e-16
  -1.341000000e-16
  -2.452000000e-16
  3.600400000e-16
  -7.400000000e-17
  1.697300000e-16
  3.368000000e-01 5.285000000e-01 7.792000000e-01
  8.927000000e-01 -4.425000000e-01 -8.566000000e-02
  -2.996000000e-01 -7.244000000e-01 6.209000000e-01
 Node:         18
  0.1341E+03  0.1191E+03  0.5192E+03 -0.1169E-04
   0.0
   0.0
   0.0
   2.645E-17
   1.065E-16
   4.441E-16
  4.697000000e-16
  -1.672000000e-33
  -2.562000000e-17
  4.830200000e-16
  1.480300000e-16
  2.277000000e-16
  -5.484000000e-02 -2.207000000e-01 -9.738000000e-01
  9.705000000e-01 -2.411000000e-01 -6.210000000e-17
  -2.348000000e-01 -9.451000000e-01 2.274000000e-01
 Node:         19
  0.1301E+03  0.1291E+03  0.4914E+03  0.0000E+00
   1.11E-16
   0.0
   1.11E-16
   2.101E-19
   1.001E-17
  -2.22E-16
  1.113000000e-16
  1.110000000e-16
  -2.223000000e-16
  3.334500000e-16
  0.000000000e+00
  1.571900000e-16
  -2.096000000e-02 -9.993000000e-01 -3.003000000e-02
  9.998000000e-01 -2.097000000e-02 1.345000000e-19
  6.298000000e-04 3.003000000e-02 -9.995000000e-01
 Node:         20
  0.1299E+03  0.1291E+03  0.5058E+03  0.0000E+00
   2.22E-16
   0.0
   0.0
   1.041E-17
   1.924E-17
  -5.551E-17
  2.224000000e-16
  5.975000000e-18
  -6.188000000e-17
  2.571600000e-16
  5.549800000e-17
  1.212200000e-16
  -9.993000000e-01 -3.257000000e-03 -3.765000000e-02
  1.428000000e-02 -9.549000000e-01 -2.965000000e-01
  -3.498000000e-02 -2.968000000e-01 9.543000000e-01
 Node:         21
  0.1301E+03  0.1280E+03  0.5197E+03  0.0000E+00
   1.11E-16
   0.0
   0.0
   4.163E-17
   1.475E-17
   1.11E-16
  1.534000000e-16
  7.089000000e-17
  -2.220000000e-18
  1.348500000e-16
  7.402300000e-17
  6.357000000e-17
  -6.994000000e-01 -6.840000000e-02 -7.114000000e-01
  -7.126000000e-01 1.429000000e-01 6.869000000e-01
  -5.465000000e-02 -9.874000000e-01 1.487000000e-01
 Node:         22
  0.1360E+03  0.1256E+03  0.4913E+03  0.0000E+00
  -2.22E-16
   1.388E-17
  -1.11E-16
  -1.388E-17
   1.006E-16
   1.11E-16
  1.500000000e-16
  -1.456000000e-16
  -2.264000000e-16
  3.432100000e-16
  -7.400000000e-17
  1.617900000e-16
  -2.144000000e-02 3.586000000e-01 9.332000000e-01
  2.280000000e-01 9.106000000e-01 -3.447000000e-01
  -9.734000000e-01 2.054000000e-01 -1.013000000e-01
 Node:         23
  0.1343E+03  0.1253E+03  0.5054E+03  0.0000E+00
   0.0
   2.082E-17
  -4.441E-16
   0.0
   1.314E-16
  -1.665E-16
  1.265000000e-18
  -1.147000000e-16
  -4.972000000e-16
  4.517900000e-16
  -2.035500000e-16
  2.129700000e-16
  9.970000000e-01 6.061000000e-02 4.746000000e-02
  6.644000000e-02 -3.661000000e-01 -9.282000000e-01
  3.888000000e-02 -9.286000000e-01 3.690000000e-01
 Node:         24
  0.1336E+03  0.1248E+03  0.5194E+03  0.0000E+00
  -2.22E-16
   1.214E-17
   0.0
   1.388E-17
   8.674E-19
  -1.665E-16
  6.779000000e-19
  -1.633000000e-16
  -2.259000000e-16
  2.026600000e-16
  -1.295100000e-16
  9.553700000e-17
  -5.504000000e-02 -9.984000000e-01 -9.747000000e-03
  2.257000000e-01 -2.195000000e-02 9.740000000e-01
  -9.726000000e-01 5.141000000e-02 2.265000000e-01
 Node:         25
  0.1400E+03  0.1206E+03  0.4917E+03  0.0000E+00
   0.0
   2.671E-16
  -1.11E-16
  -8.327E-17
  -1.301E-16
   2.22E-16
  3.681000000e-16
  7.580000000e-17
  -3.329000000e-16
  6.098700000e-16
  3.700000000e-17
  2.874900000e-16
  5.089000000e-01 4.781000000e-01 -7.159000000e-01
  6.086000000e-01 3.883000000e-01 6.920000000e-01
  6.088000000e-01 -7.878000000e-01 -9.334000000e-02
 Node:         26
  0.1363E+03  0.1200E+03  0.5055E+03  0.0000E+00
   2.22E-16
   1.076E-16
  -6.106E-16
   2.776E-17
  -1.124E-15
  -5.551E-17
  8.281000000e-16
  2.248000000e-16
  -1.497000000e-15
  2.089800000e-15
  -1.480300000e-16
  9.851500000e-16
  7.371000000e-02 6.174000000e-01 -7.832000000e-01
  9.955000000e-01 1.018000000e-03 9.449000000e-02
  -5.914000000e-02 7.866000000e-01 6.146000000e-01
 Node:         27
  0.1343E+03  0.1203E+03  0.5192E+03  0.0000E+00
   2.22E-16
  -1.943E-16
   2.22E-16
  -1.041E-16
   1.313E-15
   0.0
  1.466000000e-15
  1.875000000e-16
  -1.209000000e-15
  2.317400000e-15
  1.481700000e-16
  1.092400000e-15
  -1.693000000e-01 7.280000000e-01 6.643000000e-01
  9.848000000e-01 9.849000000e-02 1.431000000e-01
  3.876000000e-02 6.785000000e-01 -7.336000000e-01
 Node:         28
  0.1155E+03  0.1124E+03  0.4931E+03 -0.6907E-04
  -2.22E-16
   3.816E-17
   2.22E-16
  -5.551E-17
   5.551E-17
   1.11E-16
  2.455000000e-16
  1.014000000e-16
  -2.359000000e-16
  4.279500000e-16
  3.700000000e-17
  2.017400000e-16
  3.184000000e-02 9.284000000e-01 3.701000000e-01
  1.988000000e-01 3.571000000e-01 -9.127000000e-01
  9.795000000e-01 -1.026000000e-01 1.732000000e-01
 Node:         29
  0.1119E+03  0.1139E+03  0.5068E+03 -0.6907E-04
  -2.22E-16
  -2.082E-17
   0.0
   5.551E-17
   6.939E-18
  -3.331E-16
  1.944000000e-18
  -2.004000000e-16
  -3.566000000e-16
  3.113600000e-16
  -1.850200000e-16
  1.467800000e-16
  -9.118000000e-02 9.958000000e-01 5.517000000e-03
  -9.179000000e-01 -8.189000000e-02 -3.884000000e-01
  -3.863000000e-01 -4.048000000e-02 9.215000000e-01
 Node:         30
  0.1113E+03  0.1159E+03  0.5206E+03 -0.6907E-04
   2.22E-16
   1.249E-16
   2.22E-16
   0.0
  -2.776E-17
   1.11E-16
  3.486000000e-16
  1.238000000e-16
  8.277000000e-17
  2.478800000e-16
  1.850600000e-16
  1.168500000e-16
  -7.001000000e-01 -7.092000000e-01 8.287000000e-02
  -4.685000000e-01 3.686000000e-01 -8.029000000e-01
  -5.389000000e-01 6.009000000e-01 5.903000000e-01
 Node:         31
  0.1203E+03  0.1126E+03  0.4920E+03 -0.6907E-04
  -5.551E-17
   9.714E-17
  -1.11E-16
   2.776E-17
   4.163E-17
  -5.551E-17
  4.114000000e-17
  -7.661000000e-17
  -1.866000000e-16
  1.972700000e-16
  -7.402300000e-17
  9.299200000e-17
  -6.956000000e-01 -5.654000000e-01 -4.433000000e-01
  4.358000000e-01 1.585000000e-01 -8.860000000e-01
  5.712000000e-01 -8.095000000e-01 1.362000000e-01
 Node:         32
  0.1188E+03  0.1134E+03  0.5062E+03 -0.6907E-04
   2.22E-16
  -1.388E-17
  -1.11E-16
  -2.776E-17
   9.714E-17
  -5.551E-17
  2.266000000e-16
  1.331000000e-17
  -1.844000000e-16
  3.560200000e-16
  1.850300000e-17
  1.678300000e-16
  -9.894000000e-01 7.624000000e-02 1.236000000e-01
  1.445000000e-01 5.992000000e-01 7.875000000e-01
  1.402000000e-02 -7.970000000e-01 6.038000000e-01
 Node:         33
  0.1183E+03  0.1150E+03  0.5201E+03 -0.6907E-04
   1.11E-16
   5.551E-17
   0.0
   8.327E-17
   0.0
   0.0
  1.700000000e-16
  0.000000000e+00
  -5.893000000e-17
  2.058900000e-16
  3.702300000e-17
  9.705800000e-17
  -8.617000000e-01 -2.815000000e-01 -4.222000000e-01
  0.000000000e+00 -8.321000000e-01 5.547000000e-01
  -5.074000000e-01 4.780000000e-01 7.170000000e-01
 Node:         34
  0.1255E+03  0.1129E+03  0.4909E+03 -0.6907E-04
   0.0
   0.0
   0.0
   5.551E-17
   9.714E-17
   0.0
  1.119000000e-16
  3.387000000e-33
  -1.119000000e-16
  1.938200000e-16
  0.000000000e+00
  9.136600000e-17
  -3.508000000e-01 -6.139000000e-01 -7.071000000e-01
  8.682000000e-01 -4.961000000e-01 -4.855000000e-17
  -3.508000000e-01 -6.139000000e-01 7.071000000e-01
 Node:         35
  0.1260E+03  0.1135E+03  0.5054E+03 -0.6907E-04
   0.0
   1.11E-16
  -1.11E-16
   1.11E-16
   2.498E-16
  -1.11E-16
  2.410000000e-16
  -1.023000000e-16
  -3.608000000e-16
  5.229000000e-16
  -7.403300000e-17
  2.465000000e-16
  5.458000000e-01 5.925000000e-01 5.925000000e-01
  8.379000000e-01 -3.859000000e-01 -3.859000000e-01
  -4.975000000e-17 -7.071000000e-01 7.071000000e-01
 Node:         36
  0.1257E+03  0.1153E+03  0.5196E+03 -0.6907E-04
   0.0
  -5.551E-17
   0.0
  -5.551E-17
   8.327E-17
   0.0
  1.305000000e-16
  -4.723000000e-17
  -8.327000000e-17
  1.982200000e-16
  0.000000000e+00
  9.344300000e-17
  -5.155000000e-01 6.059000000e-01 6.059000000e-01
  8.569000000e-01 3.645000000e-01 3.645000000e-01
  -1.256000000e-16 7.071000000e-01 -7.071000000e-01
 Node:         37
  0.1132E+03  0.1210E+03  0.4959E+03 -0.6907E-04
  -2.22E-16
   1.388E-16
  -2.22E-16
  -8.327E-17
   1.804E-16
  -2.776E-16
  -4.482000000e-17
  -1.622000000e-16
  -5.146000000e-16
  4.234700000e-16
  -2.405400000e-16
  1.996300000e-16
  3.971000000e-01 7.887000000e-01 4.693000000e-01
  -7.874000000e-01 3.010000000e-02 6.157000000e-01
  4.715000000e-01 -6.140000000e-01 6.330000000e-01
 Node:         38
  0.1111E+03  0.1204E+03  0.5085E+03 -0.6907E-04
  -1.665E-16
   9.714E-17
   0.0
  -2.776E-17
  -8.327E-17
  -2.22E-16
  7.071000000e-17
  -2.091000000e-16
  -2.502000000e-16
  3.024600000e-16
  -1.295300000e-16
  1.425800000e-16
  -3.916000000e-01 -8.746000000e-01 2.859000000e-01
  9.154000000e-01 -3.389000000e-01 2.170000000e-01
  9.287000000e-02 -3.467000000e-01 -9.334000000e-01
 Node:         39
  0.1119E+03  0.1201E+03  0.5207E+03 -0.6907E-04
  -5.551E-17
  -9.714E-17
  -3.331E-16
  -8.327E-17
  -7.633E-17
  -1.11E-16
  8.934000000e-18
  -1.105000000e-16
  -3.981000000e-16
  3.623900000e-16
  -1.665600000e-16
  1.708300000e-16
  8.510000000e-01 -1.281000000e-01 -5.092000000e-01
  4.076000000e-01 -4.503000000e-01 7.944000000e-01
  -3.311000000e-01 -8.836000000e-01 -3.310000000e-01
 Node:         40
  0.1191E+03  0.1220E+03  0.4937E+03 -0.6907E-04
   0.0
   8.327E-17
  -2.22E-16
   8.327E-17
  -1.388E-17
  -2.22E-16
  4.872000000e-17
  -2.082000000e-16
  -2.846000000e-16
  3.024500000e-16
  -1.480300000e-16
  1.425700000e-16
  -9.240000000e-01 -2.703000000e-01 -2.703000000e-01
  0.000000000e+00 -7.071000000e-01 7.071000000e-01
  3.823000000e-01 -6.534000000e-01 -6.534000000e-01
 Node:         41
  0.1182E+03  0.1217E+03  0.5073E+03 -0.6907E-04
   0.0
  -2.776E-17
  -5.551E-17
   5.551E-17
   9.714E-17
   1.11E-16
  1.653000000e-16
  1.073000000e-17
  -1.206000000e-16
  2.478700000e-16
  1.847700000e-17
  1.168500000e-16
  2.406000000e-01 3.653000000e-01 8.993000000e-01
  -8.901000000e-01 4.526000000e-01 5.428000000e-02
  -3.871000000e-01 -8.135000000e-01 4.340000000e-01
 Node:         42
  0.1187E+03  0.1212E+03  0.5204E+03 -0.6907E-04
   0.0
  -5.551E-17
  -1.11E-16
   0.0
   5.551E-17
   1.11E-16
  1.256000000e-16
  1.887000000e-17
  -1.444000000e-16
  2.355300000e-16
  2.333300000e-20
  1.110300000e-16
  1.113000000e-01 -2.517000000e-01 -9.614000000e-01
  9.295000000e-01 -3.159000000e-01 1.903000000e-01
  -3.516000000e-01 -9.148000000e-01 1.988000000e-01
 Node:         43
  0.1258E+03  0.1217E+03  0.4915E+03 -0.6907E-04
   2.22E-16
   1.11E-16
   1.11E-16
  -1.388E-17
   0.0
  -5.551E-17
  2.911000000e-16
  4.294000000e-17
  -5.645000000e-17
  3.100400000e-16
  9.253000000e-17
  1.461600000e-16
  -8.507000000e-01 -5.246000000e-01 3.406000000e-02
  -5.213000000e-01 8.502000000e-01 7.348000000e-02
  6.751000000e-02 -4.475000000e-02 9.967000000e-01
 Node:         44
  0.1259E+03  0.1220E+03  0.5059E+03 -0.6907E-04
  -2.22E-16
   1.388E-16
  -2.22E-16
   9.714E-17
   1.11E-16
  -1.11E-16
  5.081000000e-17
  -2.445000000e-16
  -3.614000000e-16
  3.679600000e-16
  -1.850300000e-16
  1.734600000e-16
  -5.113000000e-01 -5.340000000e-01 -6.733000000e-01
  -5.198000000e-01 -4.318000000e-01 7.372000000e-01
  -6.844000000e-01 7.269000000e-01 -5.679000000e-02
 Node:         45
  0.1261E+03  0.1221E+03  0.5198E+03 -0.6907E-04
  -5.551E-17
  -8.327E-17
  -2.776E-16
   2.776E-17
  -6.939E-18
   1.11E-16
  1.167000000e-16
  -3.339000000e-17
  -3.053000000e-16
  3.705000000e-16
  -7.399700000e-17
  1.746600000e-16
  1.854000000e-01 -5.643000000e-02 9.810000000e-01
  9.302000000e-01 -3.117000000e-01 -1.938000000e-01
  -3.167000000e-01 -9.485000000e-01 5.308000000e-03
 Node:         46
  0.1117E+03  0.1296E+03  0.4959E+03  0.0000E+00
  -5.551E-17
   2.776E-17
  -1.665E-16
   6.939E-18
  -2.602E-17
   0.0
  4.101000000e-18
  -4.897000000e-17
  -1.772000000e-16
  1.614500000e-16
  -7.402300000e-17
  7.610600000e-17
  4.856000000e-02 -1.429000000e-01 9.886000000e-01
  9.724000000e-01 2.327000000e-01 -1.414000000e-02
  -2.280000000e-01 9.620000000e-01 1.502000000e-01
 Node:         47
  0.1107E+03  0.1269E+03  0.5087E+03  0.0000E+00
  -1.665E-16
  -3.123E-17
   1.11E-16
  -2.776E-17
   3.99E-17
   0.0
  1.289000000e-16
  -1.114000000e-17
  -1.732000000e-16
  2.618600000e-16
  -1.848000000e-17
  1.234400000e-16
  -1.292000000e-01 9.390000000e-01 3.186000000e-01
  -1.008000000e-01 -3.321000000e-01 9.379000000e-01
  -9.865000000e-01 -8.906000000e-02 -1.376000000e-01
 Node:         48
  0.1125E+03  0.1242E+03  0.5208E+03  0.0000E+00
   1.11E-16
   3.469E-18
   1.11E-16
   0.0
  -1.735E-18
   1.11E-16
  1.149000000e-16
  1.110000000e-16
  1.071000000e-16
  6.755000000e-18
  1.110000000e-16
  3.184300000e-18
  -6.325000000e-01 -7.071000000e-01 3.162000000e-01
  4.472000000e-01 -4.455000000e-15 8.944000000e-01
  -6.325000000e-01 7.071000000e-01 3.162000000e-01
 Node:         49
  0.1186E+03  0.1311E+03  0.4938E+03  0.0000E+00
  -1.665E-16
  -2.082E-17
   0.0
  -4.163E-17
  -6.072E-18
  -5.551E-17
  2.581000000e-18
  -4.165000000e-17
  -1.830000000e-16
  1.678900000e-16
  -7.402300000e-17
  7.914600000e-17
  1.174000000e-01 -9.929000000e-01 1.965000000e-02
  -3.135000000e-01 -1.827000000e-02 9.494000000e-01
  -9.423000000e-01 -1.176000000e-01 -3.134000000e-01
 Node:         50
  0.1180E+03  0.1298E+03  0.5075E+03  0.0000E+00
   0.0
  -1.301E-17
   3.331E-16
  -4.163E-17
   1.247E-17
   2.22E-16
  3.354000000e-16
  2.276000000e-16
  -7.879000000e-18
  3.040700000e-16
  1.850400000e-16
  1.433400000e-16
  5.441000000e-02 -9.902000000e-01 -1.289000000e-01
  -1.707000000e-01 -1.364000000e-01 9.758000000e-01
  9.838000000e-01 3.109000000e-02 1.765000000e-01
 Node:         51
  0.1192E+03  0.1275E+03  0.5206E+03  0.0000E+00
   0.0
  -3.469E-18
  -5.551E-17
   0.0
   1.475E-17
   1.11E-16
  1.123000000e-16
  2.087000000e-19
  -5.702000000e-17
  1.491800000e-16
  1.849600000e-17
  7.032400000e-17
  -2.705000000e-03 8.758000000e-02 9.962000000e-01
  9.982000000e-01 -6.004000000e-02 7.989000000e-03
  -6.051000000e-02 -9.943000000e-01 8.725000000e-02
 Node:         52
  0.1262E+03  0.1305E+03  0.4920E+03  0.0000E+00
   1.11E-16
  -1.388E-17
   1.11E-16
   1.301E-18
   4.906E-18
   0.0
  1.250000000e-16
  9.734000000e-17
  -2.497000000e-19
  1.139700000e-16
  7.403000000e-17
  5.372400000e-17
  -7.047000000e-01 7.092000000e-01 2.051000000e-02
  7.093000000e-01 7.034000000e-01 4.493000000e-02
  -1.744000000e-02 -4.621000000e-02 9.988000000e-01
 Node:         53
  0.1258E+03  0.1304E+03  0.5063E+03  0.0000E+00
  -1.665E-16
  -1.735E-18
  -1.11E-16
   2.776E-17
   3.383E-17
  -2.22E-16
  -1.010000000e-16
  -1.572000000e-16
  -2.414000000e-16
  1.223900000e-16
  -1.665300000e-16
  5.769700000e-17
  9.684000000e-02 9.526000000e-01 2.883000000e-01
  -9.346000000e-01 1.866000000e-01 -3.027000000e-01
  -3.422000000e-01 -2.402000000e-01 9.084000000e-01
 Node:         54
  0.1265E+03  0.1288E+03  0.5200E+03  0.0000E+00
  -2.22E-16
   2.082E-17
   1.11E-16
   0.0
  -4.337E-18
   1.11E-16
  1.160000000e-16
  1.073000000e-16
  -2.233000000e-16
  3.350300000e-16
  0.000000000e+00
  1.579400000e-16
  -4.656000000e-02 -7.562000000e-01 6.527000000e-01
  -4.117000000e-02 -6.514000000e-01 -7.576000000e-01
  -9.981000000e-01 6.215000000e-02 8.061000000e-04
 Node:         55
  0.1382E+03  0.1168E+03  0.4529E+03  0.1141E-01
  -0.03486
  -0.0201
   0.04841
  -0.002514
   0.03093
  -0.009004
  5.838500000e-02
  -3.241500000e-03
  -4.493500000e-02
  9.060000000e-02
  3.402600000e-03
  4.270900000e-02
  -3.930800000e-03 -4.189700000e-01 -2.385100000e-01
  4.418500000e-01 -2.483000000e-01 8.827700000e-01
  -4.585600000e-01 -1.039300000e-01 1.642800000e-01
 Node:         56
  0.1314E+03  0.1156E+03  0.4686E+03  0.1141E-01
  -0.0281
  -0.01124
   0.0272
   0.002437
   0.009697
  -0.01559
  2.866000000e-02
  -6.081300000e-03
  -3.838100000e-02
  5.881500000e-02
  -5.267400000e-03
  2.772600000e-02
  1.773100000e-02 5.459600000e-01 5.281500000e-02
  2.112300000e-01 2.091400000e-01 -2.495400000e-01
  -3.428300000e-01 -6.190600000e-02 2.505500000e-01
 Node:         57
  0.1285E+03  0.1140E+03  0.4823E+03  0.1141E-01
  -0.00464
   5.252E-4
   0.002183
   0.001279
  -7.432E-4
  -0.001937
  3.234700000e-03
  -8.428100000e-04
  -8.542900000e-03
  1.078300000e-02
  -2.050300000e-03
  5.083200000e-03
  -2.872900000e-01 -3.652200000e-01 2.492600000e-01
  3.804700000e-01 3.081500000e-01 4.484800000e-01
  -3.612200000e-01 1.770100000e-01 4.642700000e-01
 Node:         58
  0.1481E+03  0.1180E+03  0.4526E+03  0.1141E-01
  -0.03842
  -0.03481
   0.0885
  -0.006316
   0.02223
  -0.05986
  8.934100000e-02
  -2.613000000e-02
  -6.273300000e-02
  1.386900000e-01
  1.597400000e-04
  6.538000000e-02
  -1.154300000e-01 4.095700000e-01 6.183200000e-02
  5.082000000e-01 1.196000000e-01 4.122600000e-01
  2.810800000e-01 1.679900000e-02 2.993600000e-01
 Node:         59
  0.1417E+03  0.1168E+03  0.4689E+03  0.1141E-01
  -0.0132
  -0.03756
   0.065
  -0.01566
   0.02263
  -0.02737
  7.447900000e-02
  -1.652700000e-02
  -4.192800000e-02
  1.060800000e-01
  5.341300000e-03
  5.000500000e-02
  2.902300000e-02 -2.905700000e-01 -1.856000000e-02
  3.144400000e-01 1.806500000e-01 3.967700000e-01
  4.664700000e-01 7.807100000e-03 4.922000000e-01
 Node:         60
  0.1375E+03  0.1150E+03  0.4832E+03  0.1141E-01
   0.004819
  -0.01173
   0.01387
  -0.006214
   0.005694
   8.272E-4
  1.883500000e-02
  -1.089100000e-03
  -5.400600000e-03
  2.229100000e-02
  4.115100000e-03
  1.050800000e-02
  -3.370700000e-01 4.639300000e-01 1.897900000e-01
  1.681700000e-01 4.473600000e-02 7.825000000e-01
  6.373600000e-01 2.264700000e-01 -2.456200000e-02
 Node:         61
  0.1551E+03  0.1226E+03  0.4521E+03  0.1141E-01
   0.006022
  -0.029
   0.0412
  -0.01326
   0.01237
  -0.08773
  5.890200000e-02
  -1.845600000e-02
  -7.821000000e-02
  1.195900000e-01
  -1.258800000e-02
  5.637700000e-02
  -8.977500000e-02 4.513700000e-01 1.070000000e-01
  7.830800000e-01 5.811100000e-01 -1.215000000e-01
  1.207600000e-01 -2.038100000e-02 1.002300000e+00
 Node:         62
  0.1491E+03  0.1205E+03  0.4691E+03  0.1141E-01
   0.04608
  -0.06209
   0.06013
  -0.02748
   0.02284
  -0.03394
  1.008600000e-01
  -1.217300000e-02
  -4.394100000e-02
  1.320800000e-01
  1.491500000e-02
  6.226400000e-02
  -4.663600000e-01 3.742700000e-01 1.759200000e-01
  6.103100000e-01 4.645300000e-01 2.305900000e-02
  7.397100000e-02 1.283900000e-01 -9.851500000e-02
 Node:         63
  0.1436E+03  0.1181E+03  0.4838E+03  0.1141E-01
   0.01705
  -0.0248
   0.02758
  -0.007414
   0.01056
  -3.366E-4
  3.909700000e-02
  -1.740400000e-03
  -5.348200000e-03
  4.263500000e-02
  1.067000000e-02
  2.009800000e-02
  -4.916200000e-01 6.134700000e-01 2.490100000e-01
  3.037400000e-01 3.352400000e-01 -1.327500000e-01
  -3.334600000e-01 -3.970600000e-01 9.831000000e-01
 Node:         64
  0.1412E+03  0.1253E+03  0.4517E+03  0.1141E-01
  -0.05599
  -0.005453
   0.07262
  -0.01077
   0.009021
  -0.0312
  6.051400000e-02
  -2.064300000e-02
  -5.141600000e-02
  1.003500000e-01
  -3.848700000e-03
  4.730700000e-02
  -1.667100000e-02 1.265800000e-01 1.104900000e-02
  -1.040400000e-01 -2.990300000e-02 3.253800000e-01
  4.983500000e-01 -1.138000000e-03 1.574900000e-01
 Node:         65
  0.1340E+03  0.1229E+03  0.4680E+03  0.1141E-01
  -0.02043
  -0.0211
   0.05573
  -0.009846
   0.006083
  -0.0201
  5.095800000e-02
  -1.176800000e-02
  -2.830200000e-02
  7.231800000e-02
  3.629400000e-03
  3.409100000e-02
  1.371200000e-01 -1.275800000e-01 -2.258400000e-02
  -2.192800000e-01 -9.167200000e-02 4.193700000e-01
  2.996400000e-01 2.440200000e-02 1.975100000e-01
 Node:         66
  0.1299E+03  0.1214E+03  0.4825E+03  0.1141E-01
   0.0047
  -0.007588
   0.01172
  -0.001245
   0.001049
  -0.001783
  1.280100000e-02
  -5.332300000e-04
  -1.535900000e-03
  1.373800000e-02
  3.577200000e-03
  6.476400000e-03
  -5.193300000e-01 1.138200000e+00 7.818900000e-03
  6.603200000e-01 4.616200000e-01 -1.745400000e-01
  4.774100000e-02 6.484300000e-02 6.190500000e-01
 Node:         67
  0.1498E+03  0.1247E+03  0.4517E+03  0.1141E-01
  -0.04583
  -0.02379
   0.06708
  -0.01001
   0.008014
  -0.05453
  5.948100000e-02
  -2.445800000e-02
  -5.651500000e-02
  1.037200000e-01
  -7.164100000e-03
  4.889500000e-02
  -2.282400000e-02 8.734600000e-02 -5.271500000e-03
  3.678100000e-01 6.463500000e-02 2.416800000e-01
  8.653900000e-02 9.685100000e-03 8.151700000e-02
 Node:         68
  0.1431E+03  0.1225E+03  0.4685E+03  0.1141E-01
   0.006727
  -0.04789
   0.06413
  -0.023
   0.01467
  -0.03178
  7.766800000e-02
  -9.612400000e-03
  -3.722000000e-02
  1.036200000e-01
  1.027900000e-02
  4.884600000e-02
  -6.592900000e-02 2.274800000e-01 4.385600000e-02
  -5.321900000e-02 -4.379200000e-02 3.649400000e-01
  7.150000000e-01 2.166700000e-01 4.903400000e-01
 Node:         69
  0.1380E+03  0.1205E+03  0.4830E+03  0.1141E-01
   0.01479
  -0.01711
   0.01761
  -0.008107
   0.006259
  -5.185E-4
  2.819300000e-02
  -5.283000000e-04
  -3.244200000e-03
  3.009200000e-02
  8.140100000e-03
  1.418600000e-02
  -6.681500000e-01 6.975400000e-01 2.736900000e-01
  2.801500000e-01 3.459900000e-01 3.519600000e-02
  3.507500000e-01 1.569700000e-01 4.333300000e-01
 Node:         70
  0.1553E+03  0.1247E+03  0.4519E+03  0.1141E-01
  -0.0286
  -0.02943
   0.02348
  -0.02851
   0.02081
  -0.04113
  4.192200000e-02
  -1.414400000e-02
  -5.950200000e-02
  8.843200000e-02
  -1.057500000e-02
  4.168700000e-02
  -2.308800000e-01 3.858300000e-01 2.214500000e-01
  -3.454000000e-02 -3.469900000e-01 4.402600000e-01
  -8.841000000e-02 -3.928400000e-02 3.388000000e-02
 Node:         71
  0.1493E+03  0.1224E+03  0.4690E+03  0.1141E-01
   0.04159
  -0.05357
   0.04637
  -0.05377
   0.03148
  -0.01554
  9.991900000e-02
  -4.507400000e-03
  -4.023700000e-02
  1.261100000e-01
  1.839100000e-02
  5.945100000e-02
  -4.709300000e-01 3.487000000e-01 2.253800000e-01
  2.437000000e-01 3.224100000e-01 4.409400000e-02
  3.383900000e-01 5.299600000e-02 4.865400000e-01
 Node:         72
  0.1435E+03  0.1199E+03  0.4837E+03  0.1141E-01
   0.0278
  -0.02192
   0.01529
  -0.01758
   0.00996
   0.003419
  4.093500000e-02
  -3.872100000e-04
  -5.062100000e-03
  4.377900000e-02
  1.182800000e-02
  2.063800000e-02
  -7.539800000e-01 5.380900000e-01 3.867000000e-01
  7.282900000e-02 5.477500000e-02 2.416600000e-01
  2.467600000e-01 1.871900000e-01 2.068000000e-01
 Node:         73
  0.1443E+03  0.1339E+03  0.4509E+03  0.0000E+00
   0.04128
  -0.006745
  -0.0516
  -0.001624
   8.934E-4
   0.03133
  3.533800000e-02
  2.488500000e-02
  -4.427900000e-02
  7.520700000e-02
  5.314500000e-03
  3.545300000e-02
  9.354200000e-02 -4.334800000e-02 4.949100000e-01
  5.256900000e-01 -3.483600000e-02 4.941600000e-01
  -5.440500000e-02 -4.742200000e-01 -5.284000000e-03
 Node:         74
  0.1366E+03  0.1304E+03  0.4676E+03  0.0000E+00
   0.08092
   0.009228
  -0.01843
   0.005383
   6.122E-4
   0.03128
  6.429300000e-02
  2.561300000e-02
  -1.786900000e-02
  7.143400000e-02
  2.401200000e-02
  3.367400000e-02
  -1.274400000e+00 -1.638300000e-02 -1.711700000e-01
  -6.335100000e-02 3.005400000e-02 6.207500000e-01
  -1.448300000e-02 1.064000000e+00 3.506000000e-02
 Node:         75
  0.1313E+03  0.1288E+03  0.4826E+03  0.0000E+00
   0.03253
   0.003678
  -9.633E-4
  -2.771E-4
  -2.913E-4
   0.002863
  2.553400000e-02
  2.288000000e-03
  -1.519000000e-03
  2.530000000e-02
  8.767600000e-03
  1.192700000e-02
  -9.974300000e-01 -1.172300000e-01 3.601300000e-03
  9.920600000e-03 -6.889700000e-02 9.907500000e-01
  -1.235100000e-01 6.239300000e-01 -1.234600000e-02
 Node:         76
  0.1514E+03  0.1313E+03  0.4511E+03  0.0000E+00
   0.03703
  -0.01244
  -0.06308
  -0.00729
   0.01231
   0.04174
  4.485100000e-02
  2.326100000e-02
  -5.702200000e-02
  9.312700000e-02
  3.696300000e-03
  4.390100000e-02
  -2.958200000e-01 6.883000000e-02 3.817700000e-01
  1.961700000e-01 -3.576000000e-03 2.325700000e-01
  -6.791700000e-02 -5.456700000e-01 5.147500000e-02
 Node:         77
  0.1445E+03  0.1283E+03  0.4681E+03  0.0000E+00
   0.1058
   0.01345
  -0.02548
   0.002259
   0.01072
   0.02639
  8.502900000e-02
  2.340100000e-02
  -2.614500000e-02
  9.684600000e-02
  2.742800000e-02
  4.565400000e-02
  -9.952400000e-01 -1.179600000e-01 -5.814800000e-02
  -7.802100000e-02 1.822800000e-01 9.843400000e-01
  -1.009300000e-01 8.933000000e-01 -1.671900000e-01
 Node:         78
  0.1384E+03  0.1261E+03  0.4829E+03  0.0000E+00
   0.0441
   0.009293
  -3.253E-4
   8.603E-4
   9.459E-4
   0.002058
  3.664000000e-02
  1.623000000e-03
  -1.995000000e-03
  3.695800000e-02
  1.208900000e-02
  1.742200000e-02
  -9.800800000e-01 -2.106300000e-01 -3.613800000e-02
  -6.907700000e-02 1.942400000e-01 9.387100000e-01
  -1.852300000e-01 1.243700000e+00 -1.201100000e-01
 Node:         79
  0.1555E+03  0.1267E+03  0.4517E+03  0.0000E+00
   0.02845
   0.01778
  -0.0411
  -0.009521
   0.002654
  -0.1267
  3.425200000e-02
  -2.598000000e-02
  -1.276300000e-01
  1.446900000e-01
  -3.978500000e-02
  6.820900000e-02
  9.240300000e-01 2.861500000e-01 -9.285200000e-02
  -1.296100000e-01 4.003700000e-01 -5.265400000e-03
  1.002800000e-02 4.193000000e-03 6.273400000e-01
 Node:         80
  0.1494E+03  0.1243E+03  0.4689E+03  0.0000E+00
   0.1217
   0.02319
  -0.02908
   0.01129
   0.002571
  -0.0967
  1.007100000e-01
  -1.702700000e-02
  -9.971500000e-02
  1.771100000e-01
  -5.343800000e-03
  8.349200000e-02
  -3.359800000e-01 -2.572600000e-02 -3.220600000e-02
  -1.536000000e-01 8.145200000e-01 2.449500000e-01
  -2.627500000e-02 -2.537800000e-01 8.180900000e-01
 Node:         81
  0.1433E+03  0.1217E+03  0.4836E+03  0.0000E+00
   0.05049
   0.01024
  -0.002676
   0.009355
   0.002302
  -0.008887
  4.267200000e-02
  -2.532500000e-03
  -1.174400000e-02
  5.050400000e-02
  9.465200000e-03
  2.380800000e-02
  -9.692700000e-01 -1.837600000e-01 -1.655500000e-01
  -2.242700000e-01 7.714500000e-01 3.283000000e-01
  -4.898700000e-02 -3.534700000e-01 7.931800000e-01
 Node:         82
  0.1267E+03  0.1148E+03  0.4563E+03  0.2647E-02
   0.001373
  -0.01697
   0.008579
  -0.001674
   0.01051
  -0.004199
  2.366400000e-02
  -4.028500000e-03
  -1.587700000e-02
  3.535400000e-02
  1.252800000e-03
  1.666600000e-02
  -5.366600000e-01 7.179200000e-01 3.190300000e-01
  -4.339300000e-03 -9.257400000e-02 1.458600000e-01
  -2.872800000e-01 -1.795400000e-01 3.253400000e-01
 Node:         83
  0.1234E+03  0.1129E+03  0.4720E+03  0.2647E-02
  -0.01424
  -0.007993
   0.001544
   0.01013
   0.005436
  -0.01187
  6.887300000e-03
  -1.730400000e-03
  -2.834700000e-02
  3.225700000e-02
  -7.730000000e-03
  1.520600000e-02
  -2.041600000e-01 6.459900000e-01 1.822100000e-01
  -3.478700000e-01 -4.155200000e-03 -3.569300000e-01
  -4.506200000e-01 -7.869500000e-02 4.745900000e-01
 Node:         84
  0.1187E+03  0.1123E+03  0.4849E+03  0.2647E-02
  -0.002273
  -2.687E-4
  -4.484E-5
   0.004715
  -2.105E-4
  -0.009374
  7.374700000e-04
  -1.038400000e-05
  -1.216700000e-02
  1.265800000e-02
  -3.813200000e-03
  5.966800000e-03
  -4.280300000e-01 8.127600000e-02 -2.158300000e-02
  1.362800000e-01 -2.212600000e-01 1.193200000e-01
  2.650000000e-01 -5.746600000e-02 -6.126300000e-01
 Node:         85
  0.1302E+03  0.1161E+03  0.4550E+03  0.2647E-02
  -0.001214
  -0.01771
   0.01263
  -1.727E-4
   0.01533
  -0.003506
  2.964900000e-02
  -3.903200000e-03
  -1.894700000e-02
  4.326900000e-02
  2.266300000e-03
  2.039700000e-02
  -4.503800000e-01 8.131500000e-01 4.193200000e-01
  4.587000000e-02 3.330300000e-01 -1.255800000e-01
  2.629300000e-01 -4.687800000e-02 2.137400000e-01
 Node:         86
  0.1252E+03  0.1138E+03  0.4703E+03  0.2647E-02
  -0.02531
   0.001634
   0.05231
   0.01572
   0.01974
  -0.008933
  5.126300000e-02
  2.609600000e-03
  -3.858300000e-02
  7.845700000e-02
  5.096600000e-03
  3.698500000e-02
  -7.120600000e-02 -5.698300000e-01 -2.198600000e-01
  2.306300000e-01 -3.025700000e-01 5.319200000e-01
  6.618500000e-01 7.624700000e-02 -3.640400000e-01
 Node:         87
  0.1217E+03  0.1126E+03  0.4834E+03  0.2647E-02
  -0.00347
  -3.778E-4
   8.452E-4
   0.005141
  -9.641E-4
  -0.007385
  1.952700000e-03
  -7.055600000e-05
  -1.237200000e-02
  1.363600000e-02
  -3.496500000e-03
  6.428300000e-03
  -3.823900000e-01 5.802800000e-01 -1.320300000e-01
  5.117800000e-01 2.208900000e-01 4.499800000e-01
  5.971300000e-01 5.710600000e-02 -4.574500000e-01
 Node:         88
  0.1338E+03  0.1169E+03  0.4532E+03  0.2647E-02
  -0.02562
  -0.02163
   0.01579
  -4.792E-4
   0.02617
   0.01744
  4.283400000e-02
  -2.007500000e-03
  -3.380600000e-02
  6.679600000e-02
  2.340000000e-03
  3.148800000e-02
  -2.762800000e-01 6.921700000e-01 6.134500000e-01
  -1.412900000e-02 1.966000000e-01 -5.284200000e-02
  2.179500000e-01 4.151500000e-02 -2.362600000e-02
 Node:         89
  0.1270E+03  0.1150E+03  0.4686E+03  0.2647E-02
  -0.02316
  -0.00738
   0.007893
   0.00543
   0.007196
  -0.002751
  1.379900000e-02
  -2.544000000e-03
  -3.098700000e-02
  3.994800000e-02
  -6.577600000e-03
  1.883200000e-02
  -2.165200000e-01 7.225900000e-01 3.815800000e-01
  -1.482900000e-01 1.304300000e-01 -2.636700000e-01
  -5.281100000e-01 3.281900000e-02 3.151000000e-01
 Node:         90
  0.1248E+03  0.1132E+03  0.4822E+03  0.2647E-02
  -0.005054
   0.00203
  -7.894E-4
   0.0023
  -0.001331
  -0.001671
  1.093400000e-03
  -3.765800000e-04
  -9.295800000e-03
  1.005400000e-02
  -2.859700000e-03
  4.739700000e-03
  -1.366500000e-01 6.648500000e-02 1.724200000e-01
  2.410900000e-02 -3.134100000e-03 1.715200000e-01
  -4.496800000e-01 4.279000000e-01 4.252600000e-01
 Node:         91
  0.1259E+03  0.1261E+03  0.4544E+03  0.2647E-02
  -0.04834
  -0.007626
   0.05896
  -0.0108
   0.01902
  -0.009233
  5.442900000e-02
  -9.127100000e-03
  -4.130400000e-02
  8.441900000e-02
  1.332400000e-03
  3.979500000e-02
  4.513700000e-02 4.632600000e-01 1.608900000e-01
  -5.504000000e-02 -8.367000000e-02 3.515400000e-01
  2.667200000e-01 -1.034100000e-01 6.363200000e-02
 Node:         92
  0.1209E+03  0.1232E+03  0.4724E+03  0.2647E-02
  -0.0186
  -0.01275
   0.01935
  -0.008756
   0.0131
   0.007379
  2.936300000e-02
  -2.356800000e-04
  -2.209300000e-02
  4.472800000e-02
  2.344800000e-03
  2.108500000e-02
  -1.145000000e-01 -9.642600000e-02 -4.399700000e-02
  -7.518600000e-03 -3.789100000e-01 5.574900000e-01
  -1.891500000e-01 7.492000000e-02 9.039800000e-02
 Node:         93
  0.1159E+03  0.1217E+03  0.4876E+03  0.2647E-02
   0.001074
  -0.001134
   4.993E-4
  -0.00273
   9.067E-4
   0.00211
  4.685600000e-03
  -2.324600000e-04
  -2.521900000e-03
  6.412900000e-03
  6.437500000e-04
  3.023100000e-03
  -4.569600000e-01 -1.278300000e-02 3.704800000e-01
  5.196800000e-01 -5.385200000e-01 4.558300000e-01
  2.456000000e-01 1.622600000e-02 -1.364400000e-02
 Node:         94
  0.1313E+03  0.1263E+03  0.4533E+03  0.2647E-02
  -0.059
  -0.007749
   0.06665
  -0.01531
   0.0157
  -0.003166
  5.949200000e-02
  -2.003600000e-04
  -5.083600000e-02
  9.567300000e-02
  2.818700000e-03
  4.510100000e-02
  -1.091000000e-02 6.613100000e-02 1.591900000e-02
  -5.971800000e-02 -3.598400000e-02 3.407800000e-01
  3.517400000e-02 -6.204500000e-02 1.918700000e-02
 Node:         95
  0.1250E+03  0.1234E+03  0.4704E+03  0.2647E-02
  -0.01954
  -0.01303
   0.03115
  -0.01276
   0.01025
   0.00399
  3.429300000e-02
  6.254500000e-03
  -2.721300000e-02
