 Group name: predicted_strain_L1A4
 #Fields=  17
 1) coordinates, coordinate, rectangular cartesian, #Components=3
   x.  Value index= 1, #Derivatives=0
   y.  Value index= 2, #Derivatives=0
   z.  Value index= 3, #Derivatives=0
 2) dummy, field, rectangular cartesian, #Components=1
   Tensor_1.  Value index= 4, #Derivatives=0
 3) Tensor_1, field, rectangular cartesian, #Components=1
   Tensor_1.  Value index= 5, #Derivatives=0
 4) Tensor_2, field, rectangular cartesian, #Components=1
   Tensor_2.  Value index= 6, #Derivatives=0
 5) Tensor_3, field, rectangular cartesian, #Components=1
   Tensor_3.  Value index= 7, #Derivatives=0
 6) Tensor_4, field, rectangular cartesian, #Components=1
   Tensor_4.  Value index= 8, #Derivatives=0
 7) Tensor_5, field, rectangular cartesian, #Components=1
   Tensor_5.  Value index= 9, #Derivatives=0
 8) Tensor_6, field, rectangular cartesian, #Components=1
   Tensor_6.  Value index= 10, #Derivatives=0
 9) Principal_1, field, rectangular cartesian, #Components=1
   Principal_1.  Value index= 11, #Derivatives=0
 10) Principal_2, field, rectangular cartesian, #Components=1
   Principal_2.  Value index= 12, #Derivatives=0
 11) Principal_3, field, rectangular cartesian, #Components=1
   Principal_3.  Value index= 13, #Derivatives=0
 12) VonMises, field, rectangular cartesian, #Components=1
   VonMises.  Value index= 14, #Derivatives=0
 13) Hydrostatic, field, rectangular cartesian, #Components=1
   VonMises.  Value index= 15, #Derivatives=0
 14) Octahedral, field, rectangular cartesian, #Components=1
   VonMises.  Value index= 16, #Derivatives=0
 15) PrincipalVector1, field, rectangular cartesian, #Components=3
   x.  Value index= 17, #Derivatives=0
   y.  Value index= 18, #Derivatives=0
   z.  Value index= 19, #Derivatives=0
 16) PrincipalVector2, field, rectangular cartesian, #Components=3
   x.  Value index= 20, #Derivatives=0
   y.  Value index= 21, #Derivatives=0
   z.  Value index= 22, #Derivatives=0
 17) PrincipalVector3, field, rectangular cartesian, #Components=3
   x.  Value index= 23, #Derivatives=0
   y.  Value index= 24, #Derivatives=0
   z.  Value index= 25, #Derivatives=0
 Node:          1
  0.1287E+03  0.1133E+03  0.4908E+03 -0.1079E-04
  -1.11E-16
  -8.327E-17
  -2.22E-16
  -2.776E-17
  -4.163E-17
  -3.331E-16
  -6.637000000e-17
  -2.400000000e-16
  -3.598000000e-16
  2.555400000e-16
  -2.220600000e-16
  1.204600000e-16
  8.837000000e-01 -4.676000000e-01 -1.897000000e-02
  4.046000000e-01 7.837000000e-01 -4.712000000e-01
  2.352000000e-01 4.088000000e-01 8.818000000e-01
 Node:          2
  0.1292E+03  0.1137E+03  0.5052E+03 -0.1079E-04
  -5.551E-17
  -1.11E-16
  -1.665E-16
  -5.551E-17
   1.943E-16
  -2.776E-16
  8.603000000e-17
  -1.600000000e-16
  -4.256000000e-16
  4.431900000e-16
  -1.665200000e-16
  2.089200000e-16
  -6.554000000e-01 6.199000000e-01 4.313000000e-01
  7.522000000e-01 4.849000000e-01 4.462000000e-01
  -6.744000000e-02 -6.169000000e-01 7.841000000e-01
 Node:          3
  0.1289E+03  0.1155E+03  0.5194E+03 -0.1079E-04
   2.22E-16
   1.388E-16
   3.331E-16
   1.11E-16
   5.551E-17
   2.22E-16
  4.753000000e-16
  2.118000000e-16
  9.006000000e-17
  3.410700000e-16
  2.590500000e-16
  1.607800000e-16
  -5.696000000e-01 -7.144000000e-01 -4.063000000e-01
  2.395000000e-01 -6.172000000e-01 7.494000000e-01
  -7.862000000e-01 3.296000000e-01 5.227000000e-01
 Node:          4
  0.1361E+03  0.1141E+03  0.4915E+03 -0.1079E-04
   0.0
  -2.776E-17
  -1.11E-16
  -2.776E-17
  -8.327E-17
   2.22E-16
  2.435000000e-16
  6.328000000e-18
  -1.388000000e-16
  3.342600000e-16
  3.700900000e-17
  1.575700000e-16
  -8.549000000e-02 -2.215000000e-01 9.714000000e-01
  9.681000000e-01 -2.491000000e-01 2.840000000e-02
  2.357000000e-01 9.428000000e-01 2.357000000e-01
 Node:          5
  0.1341E+03  0.1144E+03  0.5054E+03 -0.1079E-04
   3.331E-16
   1.388E-16
   3.331E-16
   5.551E-17
  -6.939E-17
   4.441E-16
  4.814000000e-16
  4.627000000e-16
  1.662000000e-16
  3.062800000e-16
  3.701000000e-16
  1.443800000e-16
  -3.480000000e-01 -6.443000000e-01 6.810000000e-01
  -6.589000000e-01 -3.487000000e-01 -6.665000000e-01
  6.669000000e-01 -6.807000000e-01 -3.032000000e-01
 Node:          6
  0.1323E+03  0.1162E+03  0.5191E+03 -0.1079E-04
   2.22E-16
   5.551E-17
   2.22E-16
  -5.551E-17
  -2.776E-17
   0.0
  2.897000000e-16
  1.685000000e-16
  -1.402000000e-17
  2.648100000e-16
  1.480600000e-16
  1.248300000e-16
  -7.150000000e-01 -6.696000000e-01 2.012000000e-01
  6.656000000e-01 -7.399000000e-01 -9.741000000e-02
  -2.141000000e-01 -6.426000000e-02 -9.747000000e-01
 Node:          7
  0.1408E+03  0.1171E+03  0.4920E+03 -0.1079E-04
   3.331E-16
   2.22E-16
   2.22E-16
  -8.327E-17
  -1.11E-16
   0.0
  5.398000000e-16
  6.158000000e-17
  -4.631000000e-17
  5.403100000e-16
  1.850200000e-16
  2.547000000e-16
  -7.537000000e-01 -6.111000000e-01 2.419000000e-01
  -6.560000000e-01 6.770000000e-01 -3.335000000e-01
  -4.004000000e-02 4.101000000e-01 9.112000000e-01
 Node:          8
  0.1367E+03  0.1169E+03  0.5055E+03 -0.1079E-04
   2.22E-16
   1.943E-16
   2.22E-16
  -4.025E-16
  -2.359E-16
  -2.22E-16
  6.547000000e-16
  4.477000000e-17
  -4.775000000e-16
  9.814900000e-16
  7.399000000e-17
  4.626800000e-16
  -6.847000000e-01 -5.611000000e-01 4.652000000e-01
  5.685000000e-01 -8.105000000e-01 -1.409000000e-01
  -4.561000000e-01 -1.681000000e-01 -8.739000000e-01
 Node:          9
  0.1339E+03  0.1180E+03  0.5191E+03 -0.1079E-04
   2.22E-16
   1.665E-16
   0.0
  -3.955E-16
  -2.776E-16
   6.661E-16
  1.002000000e-15
  -9.379000000e-18
  -1.046000000e-16
  1.062200000e-15
  2.960100000e-16
  5.007200000e-16
  -4.817000000e-01 -3.073000000e-01 8.207000000e-01
  -8.565000000e-01 -3.292000000e-02 -5.150000000e-01
  -1.853000000e-01 9.510000000e-01 2.474000000e-01
 Node:         10
  0.1294E+03  0.1212E+03  0.4911E+03 -0.1079E-04
   0.0
   2.776E-17
   1.11E-16
  -1.388E-17
   1.249E-16
   1.11E-16
  2.363000000e-16
  2.303000000e-17
  -3.732000000e-17
  2.489900000e-16
  7.400300000e-17
  1.173800000e-16
  4.210000000e-02 7.100000000e-01 7.030000000e-01
  -7.813000000e-01 -4.152000000e-01 4.661000000e-01
  -6.228000000e-01 5.688000000e-01 -5.372000000e-01
 Node:         11
  0.1295E+03  0.1214E+03  0.5055E+03 -0.1079E-04
  -2.22E-16
  -2.776E-17
  -2.22E-16
  -4.163E-17
   1.388E-17
  -1.665E-16
  -1.365000000e-16
  -2.183000000e-16
  -2.558000000e-16
  1.056600000e-16
  -2.035300000e-16
  4.981100000e-17
  -4.935000000e-01 2.929000000e-01 8.189000000e-01
  3.541000000e-01 -7.924000000e-01 4.968000000e-01
  -7.944000000e-01 -5.351000000e-01 -2.873000000e-01
 Node:         12
  0.1295E+03  0.1217E+03  0.5196E+03 -0.1079E-04
   1.11E-16
   0.0
   1.11E-16
   7.633E-17
   2.776E-17
   2.22E-16
  2.649000000e-16
  1.110000000e-16
  6.816000000e-17
  1.792000000e-16
  1.480200000e-16
  8.447700000e-17
  -4.387000000e-01 -1.595000000e-01 -8.844000000e-01
  3.417000000e-01 -9.398000000e-01 -2.255000000e-17
  8.311000000e-01 3.022000000e-01 -4.668000000e-01
 Node:         13
  0.1361E+03  0.1199E+03  0.4914E+03 -0.1079E-04
   1.11E-16
  -1.388E-16
   0.0
  -9.714E-17
   2.776E-17
  -1.665E-16
  2.285000000e-16
  -8.520000000e-17
  -1.988000000e-16
  3.833400000e-16
  -1.850000000e-17
  1.807100000e-16
  8.171000000e-01 -5.252000000e-01 -2.378000000e-01
  4.648000000e-01 8.442000000e-01 -2.671000000e-01
  3.410000000e-01 1.077000000e-01 9.339000000e-01
 Node:         14
  0.1342E+03  0.1198E+03  0.5054E+03 -0.1079E-04
  -5.551E-17
   2.776E-17
   0.0
   5.551E-17
  -9.021E-17
   1.11E-16
  1.672000000e-16
  -4.940000000e-18
  -1.068000000e-16
  2.398800000e-16
  1.848700000e-17
  1.130800000e-16
  1.634000000e-01 -4.472000000e-01 8.794000000e-01
  -6.569000000e-01 -7.144000000e-01 -2.412000000e-01
  -7.361000000e-01 5.382000000e-01 4.105000000e-01
 Node:         15
  0.1330E+03  0.1205E+03  0.5193E+03 -0.1079E-04
   2.22E-16
  -8.327E-17
  -5.551E-17
   1.388E-17
   4.857E-17
   0.0
  2.451000000e-16
  2.471000000e-17
  -1.033000000e-16
  3.052400000e-16
  5.550300000e-17
  1.438900000e-16
  -9.638000000e-01 2.667000000e-01 -1.723000000e-03
  1.157000000e-01 4.239000000e-01 8.983000000e-01
  2.403000000e-01 8.656000000e-01 -4.394000000e-01
 Node:         16
  0.1404E+03  0.1188E+03  0.4918E+03 -0.1079E-04
   2.22E-16
   5.551E-17
   2.22E-16
  -8.327E-17
  -1.457E-16
   4.441E-16
  5.466000000e-16
  1.950000000e-16
  1.465000000e-16
  3.781900000e-16
  2.960300000e-16
  1.782800000e-16
  -2.927000000e-01 -4.328000000e-01 8.526000000e-01
  -9.222000000e-01 -1.077000000e-01 -3.713000000e-01
  -2.526000000e-01 8.950000000e-01 3.676000000e-01
 Node:         17
  0.1365E+03  0.1184E+03  0.5055E+03 -0.1079E-04
  -1.11E-16
   2.776E-17
  -1.11E-16
   9.714E-17
   1.7E-16
   0.0
  1.573000000e-16
  -1.341000000e-16
  -2.452000000e-16
  3.600400000e-16
  -7.400000000e-17
  1.697300000e-16
  3.368000000e-01 5.285000000e-01 7.792000000e-01
  8.927000000e-01 -4.425000000e-01 -8.566000000e-02
  -2.996000000e-01 -7.244000000e-01 6.209000000e-01
 Node:         18
  0.1341E+03  0.1191E+03  0.5192E+03 -0.1079E-04
   0.0
   0.0
   0.0
   2.645E-17
   1.065E-16
   4.441E-16
  4.697000000e-16
  -1.672000000e-33
  -2.562000000e-17
  4.830200000e-16
  1.480300000e-16
  2.277000000e-16
  -5.484000000e-02 -2.207000000e-01 -9.738000000e-01
  9.705000000e-01 -2.411000000e-01 -6.210000000e-17
  -2.348000000e-01 -9.451000000e-01 2.274000000e-01
 Node:         19
  0.1301E+03  0.1291E+03  0.4914E+03  0.0000E+00
   1.11E-16
   0.0
   1.11E-16
   2.101E-19
   1.001E-17
  -2.22E-16
  1.113000000e-16
  1.110000000e-16
  -2.223000000e-16
  3.334500000e-16
  0.000000000e+00
  1.571900000e-16
  -2.096000000e-02 -9.993000000e-01 -3.003000000e-02
  9.998000000e-01 -2.097000000e-02 1.345000000e-19
  6.298000000e-04 3.003000000e-02 -9.995000000e-01
 Node:         20
  0.1299E+03  0.1291E+03  0.5058E+03  0.0000E+00
   2.22E-16
   0.0
   0.0
   1.041E-17
   1.924E-17
  -5.551E-17
  2.224000000e-16
  5.975000000e-18
  -6.188000000e-17
  2.571600000e-16
  5.549800000e-17
  1.212200000e-16
  -9.993000000e-01 -3.257000000e-03 -3.765000000e-02
  1.428000000e-02 -9.549000000e-01 -2.965000000e-01
  -3.498000000e-02 -2.968000000e-01 9.543000000e-01
 Node:         21
  0.1301E+03  0.1280E+03  0.5197E+03  0.0000E+00
   1.11E-16
   0.0
   0.0
   4.163E-17
   1.475E-17
   1.11E-16
  1.534000000e-16
  7.089000000e-17
  -2.220000000e-18
  1.348500000e-16
  7.402300000e-17
  6.357000000e-17
  -6.994000000e-01 -6.840000000e-02 -7.114000000e-01
  -7.126000000e-01 1.429000000e-01 6.869000000e-01
  -5.465000000e-02 -9.874000000e-01 1.487000000e-01
 Node:         22
  0.1360E+03  0.1256E+03  0.4913E+03  0.0000E+00
  -2.22E-16
   1.388E-17
  -1.11E-16
  -1.388E-17
   1.006E-16
   1.11E-16
  1.500000000e-16
  -1.456000000e-16
  -2.264000000e-16
  3.432100000e-16
  -7.400000000e-17
  1.617900000e-16
  -2.144000000e-02 3.586000000e-01 9.332000000e-01
  2.280000000e-01 9.106000000e-01 -3.447000000e-01
  -9.734000000e-01 2.054000000e-01 -1.013000000e-01
 Node:         23
  0.1343E+03  0.1253E+03  0.5054E+03  0.0000E+00
   0.0
   2.082E-17
  -4.441E-16
   0.0
   1.314E-16
  -1.665E-16
  1.265000000e-18
  -1.147000000e-16
  -4.972000000e-16
  4.517900000e-16
  -2.035500000e-16
  2.129700000e-16
  9.970000000e-01 6.061000000e-02 4.746000000e-02
  6.644000000e-02 -3.661000000e-01 -9.282000000e-01
  3.888000000e-02 -9.286000000e-01 3.690000000e-01
 Node:         24
  0.1336E+03  0.1248E+03  0.5194E+03  0.0000E+00
  -2.22E-16
   1.214E-17
   0.0
   1.388E-17
   8.674E-19
  -1.665E-16
  6.779000000e-19
  -1.633000000e-16
  -2.259000000e-16
  2.026600000e-16
  -1.295100000e-16
  9.553700000e-17
  -5.504000000e-02 -9.984000000e-01 -9.747000000e-03
  2.257000000e-01 -2.195000000e-02 9.740000000e-01
  -9.726000000e-01 5.141000000e-02 2.265000000e-01
 Node:         25
  0.1400E+03  0.1206E+03  0.4917E+03  0.0000E+00
   0.0
   2.671E-16
  -1.11E-16
  -8.327E-17
  -1.301E-16
   2.22E-16
  3.681000000e-16
  7.580000000e-17
  -3.329000000e-16
  6.098700000e-16
  3.700000000e-17
  2.874900000e-16
  5.089000000e-01 4.781000000e-01 -7.159000000e-01
  6.086000000e-01 3.883000000e-01 6.920000000e-01
  6.088000000e-01 -7.878000000e-01 -9.334000000e-02
 Node:         26
  0.1363E+03  0.1200E+03  0.5055E+03  0.0000E+00
   2.22E-16
   1.076E-16
  -6.106E-16
   2.776E-17
  -1.124E-15
  -5.551E-17
  8.281000000e-16
  2.248000000e-16
  -1.497000000e-15
  2.089800000e-15
  -1.480300000e-16
  9.851500000e-16
  7.371000000e-02 6.174000000e-01 -7.832000000e-01
  9.955000000e-01 1.018000000e-03 9.449000000e-02
  -5.914000000e-02 7.866000000e-01 6.146000000e-01
 Node:         27
  0.1343E+03  0.1203E+03  0.5192E+03  0.0000E+00
   2.22E-16
  -1.943E-16
   2.22E-16
  -1.041E-16
   1.313E-15
   0.0
  1.466000000e-15
  1.875000000e-16
  -1.209000000e-15
  2.317400000e-15
  1.481700000e-16
  1.092400000e-15
  -1.693000000e-01 7.280000000e-01 6.643000000e-01
  9.848000000e-01 9.849000000e-02 1.431000000e-01
  3.876000000e-02 6.785000000e-01 -7.336000000e-01
 Node:         28
  0.1155E+03  0.1124E+03  0.4931E+03 -0.6374E-04
  -2.22E-16
   3.816E-17
   2.22E-16
  -5.551E-17
   5.551E-17
   1.11E-16
  2.455000000e-16
  1.014000000e-16
  -2.359000000e-16
  4.279500000e-16
  3.700000000e-17
  2.017400000e-16
  3.184000000e-02 9.284000000e-01 3.701000000e-01
  1.988000000e-01 3.571000000e-01 -9.127000000e-01
  9.795000000e-01 -1.026000000e-01 1.732000000e-01
 Node:         29
  0.1119E+03  0.1139E+03  0.5068E+03 -0.6374E-04
  -2.22E-16
  -2.082E-17
   0.0
   5.551E-17
   6.939E-18
  -3.331E-16
  1.944000000e-18
  -2.004000000e-16
  -3.566000000e-16
  3.113600000e-16
  -1.850200000e-16
  1.467800000e-16
  -9.118000000e-02 9.958000000e-01 5.517000000e-03
  -9.179000000e-01 -8.189000000e-02 -3.884000000e-01
  -3.863000000e-01 -4.048000000e-02 9.215000000e-01
 Node:         30
  0.1113E+03  0.1159E+03  0.5206E+03 -0.6374E-04
   2.22E-16
   1.249E-16
   2.22E-16
   0.0
  -2.776E-17
   1.11E-16
  3.486000000e-16
  1.238000000e-16
  8.277000000e-17
  2.478800000e-16
  1.850600000e-16
  1.168500000e-16
  -7.001000000e-01 -7.092000000e-01 8.287000000e-02
  -4.685000000e-01 3.686000000e-01 -8.029000000e-01
  -5.389000000e-01 6.009000000e-01 5.903000000e-01
 Node:         31
  0.1203E+03  0.1126E+03  0.4920E+03 -0.6374E-04
  -5.551E-17
   9.714E-17
  -1.11E-16
   2.776E-17
   4.163E-17
  -5.551E-17
  4.114000000e-17
  -7.661000000e-17
  -1.866000000e-16
  1.972700000e-16
  -7.402300000e-17
  9.299200000e-17
  -6.956000000e-01 -5.654000000e-01 -4.433000000e-01
  4.358000000e-01 1.585000000e-01 -8.860000000e-01
  5.712000000e-01 -8.095000000e-01 1.362000000e-01
 Node:         32
  0.1188E+03  0.1134E+03  0.5062E+03 -0.6374E-04
   2.22E-16
  -1.388E-17
  -1.11E-16
  -2.776E-17
   9.714E-17
  -5.551E-17
  2.266000000e-16
  1.331000000e-17
  -1.844000000e-16
  3.560200000e-16
  1.850300000e-17
  1.678300000e-16
  -9.894000000e-01 7.624000000e-02 1.236000000e-01
  1.445000000e-01 5.992000000e-01 7.875000000e-01
  1.402000000e-02 -7.970000000e-01 6.038000000e-01
 Node:         33
  0.1183E+03  0.1150E+03  0.5201E+03 -0.6374E-04
   1.11E-16
   5.551E-17
   0.0
   8.327E-17
   0.0
   0.0
  1.700000000e-16
  0.000000000e+00
  -5.893000000e-17
  2.058900000e-16
  3.702300000e-17
  9.705800000e-17
  -8.617000000e-01 -2.815000000e-01 -4.222000000e-01
  0.000000000e+00 -8.321000000e-01 5.547000000e-01
  -5.074000000e-01 4.780000000e-01 7.170000000e-01
 Node:         34
  0.1255E+03  0.1129E+03  0.4909E+03 -0.6374E-04
   0.0
   0.0
   0.0
   5.551E-17
   9.714E-17
   0.0
  1.119000000e-16
  3.387000000e-33
  -1.119000000e-16
  1.938200000e-16
  0.000000000e+00
  9.136600000e-17
  -3.508000000e-01 -6.139000000e-01 -7.071000000e-01
  8.682000000e-01 -4.961000000e-01 -4.855000000e-17
  -3.508000000e-01 -6.139000000e-01 7.071000000e-01
 Node:         35
  0.1260E+03  0.1135E+03  0.5054E+03 -0.6374E-04
   0.0
   1.11E-16
  -1.11E-16
   1.11E-16
   2.498E-16
  -1.11E-16
  2.410000000e-16
  -1.023000000e-16
  -3.608000000e-16
  5.229000000e-16
  -7.403300000e-17
  2.465000000e-16
  5.458000000e-01 5.925000000e-01 5.925000000e-01
  8.379000000e-01 -3.859000000e-01 -3.859000000e-01
  -4.975000000e-17 -7.071000000e-01 7.071000000e-01
 Node:         36
  0.1257E+03  0.1153E+03  0.5196E+03 -0.6374E-04
   0.0
  -5.551E-17
   0.0
  -5.551E-17
   8.327E-17
   0.0
  1.305000000e-16
  -4.723000000e-17
  -8.327000000e-17
  1.982200000e-16
  0.000000000e+00
  9.344300000e-17
  -5.155000000e-01 6.059000000e-01 6.059000000e-01
  8.569000000e-01 3.645000000e-01 3.645000000e-01
  -1.256000000e-16 7.071000000e-01 -7.071000000e-01
 Node:         37
  0.1132E+03  0.1210E+03  0.4959E+03 -0.6374E-04
  -2.22E-16
   1.388E-16
  -2.22E-16
  -8.327E-17
   1.804E-16
  -2.776E-16
  -4.482000000e-17
  -1.622000000e-16
  -5.146000000e-16
  4.234700000e-16
  -2.405400000e-16
  1.996300000e-16
  3.971000000e-01 7.887000000e-01 4.693000000e-01
  -7.874000000e-01 3.010000000e-02 6.157000000e-01
  4.715000000e-01 -6.140000000e-01 6.330000000e-01
 Node:         38
  0.1111E+03  0.1204E+03  0.5085E+03 -0.6374E-04
  -1.665E-16
   9.714E-17
   0.0
  -2.776E-17
  -8.327E-17
  -2.22E-16
  7.071000000e-17
  -2.091000000e-16
  -2.502000000e-16
  3.024600000e-16
  -1.295300000e-16
  1.425800000e-16
  -3.916000000e-01 -8.746000000e-01 2.859000000e-01
  9.154000000e-01 -3.389000000e-01 2.170000000e-01
  9.287000000e-02 -3.467000000e-01 -9.334000000e-01
 Node:         39
  0.1119E+03  0.1201E+03  0.5207E+03 -0.6374E-04
  -5.551E-17
  -9.714E-17
  -3.331E-16
  -8.327E-17
  -7.633E-17
  -1.11E-16
  8.934000000e-18
  -1.105000000e-16
  -3.981000000e-16
  3.623900000e-16
  -1.665600000e-16
  1.708300000e-16
  8.510000000e-01 -1.281000000e-01 -5.092000000e-01
  4.076000000e-01 -4.503000000e-01 7.944000000e-01
  -3.311000000e-01 -8.836000000e-01 -3.310000000e-01
 Node:         40
  0.1191E+03  0.1220E+03  0.4937E+03 -0.6374E-04
   0.0
   8.327E-17
  -2.22E-16
   8.327E-17
  -1.388E-17
  -2.22E-16
  4.872000000e-17
  -2.082000000e-16
  -2.846000000e-16
  3.024500000e-16
  -1.480300000e-16
  1.425700000e-16
  -9.240000000e-01 -2.703000000e-01 -2.703000000e-01
  0.000000000e+00 -7.071000000e-01 7.071000000e-01
  3.823000000e-01 -6.534000000e-01 -6.534000000e-01
 Node:         41
  0.1182E+03  0.1217E+03  0.5073E+03 -0.6374E-04
   0.0
  -2.776E-17
  -5.551E-17
   5.551E-17
   9.714E-17
   1.11E-16
  1.653000000e-16
  1.073000000e-17
  -1.206000000e-16
  2.478700000e-16
  1.847700000e-17
  1.168500000e-16
  2.406000000e-01 3.653000000e-01 8.993000000e-01
  -8.901000000e-01 4.526000000e-01 5.428000000e-02
  -3.871000000e-01 -8.135000000e-01 4.340000000e-01
 Node:         42
  0.1187E+03  0.1212E+03  0.5204E+03 -0.6374E-04
   0.0
  -5.551E-17
  -1.11E-16
   0.0
   5.551E-17
   1.11E-16
  1.256000000e-16
  1.887000000e-17
  -1.444000000e-16
  2.355300000e-16
  2.333300000e-20
  1.110300000e-16
  1.113000000e-01 -2.517000000e-01 -9.614000000e-01
  9.295000000e-01 -3.159000000e-01 1.903000000e-01
  -3.516000000e-01 -9.148000000e-01 1.988000000e-01
 Node:         43
  0.1258E+03  0.1217E+03  0.4915E+03 -0.6374E-04
   2.22E-16
   1.11E-16
   1.11E-16
  -1.388E-17
   0.0
  -5.551E-17
  2.911000000e-16
  4.294000000e-17
  -5.645000000e-17
  3.100400000e-16
  9.253000000e-17
  1.461600000e-16
  -8.507000000e-01 -5.246000000e-01 3.406000000e-02
  -5.213000000e-01 8.502000000e-01 7.348000000e-02
  6.751000000e-02 -4.475000000e-02 9.967000000e-01
 Node:         44
  0.1259E+03  0.1220E+03  0.5059E+03 -0.6374E-04
  -2.22E-16
   1.388E-16
  -2.22E-16
   9.714E-17
   1.11E-16
  -1.11E-16
  5.081000000e-17
  -2.445000000e-16
  -3.614000000e-16
  3.679600000e-16
  -1.850300000e-16
  1.734600000e-16
  -5.113000000e-01 -5.340000000e-01 -6.733000000e-01
  -5.198000000e-01 -4.318000000e-01 7.372000000e-01
  -6.844000000e-01 7.269000000e-01 -5.679000000e-02
 Node:         45
  0.1261E+03  0.1221E+03  0.5198E+03 -0.6374E-04
  -5.551E-17
  -8.327E-17
  -2.776E-16
   2.776E-17
  -6.939E-18
   1.11E-16
  1.167000000e-16
  -3.339000000e-17
  -3.053000000e-16
  3.705000000e-16
  -7.399700000e-17
  1.746600000e-16
  1.854000000e-01 -5.643000000e-02 9.810000000e-01
  9.302000000e-01 -3.117000000e-01 -1.938000000e-01
  -3.167000000e-01 -9.485000000e-01 5.308000000e-03
 Node:         46
  0.1117E+03  0.1296E+03  0.4959E+03  0.0000E+00
  -5.551E-17
   2.776E-17
  -1.665E-16
   6.939E-18
  -2.602E-17
   0.0
  4.101000000e-18
  -4.897000000e-17
  -1.772000000e-16
  1.614500000e-16
  -7.402300000e-17
  7.610600000e-17
  4.856000000e-02 -1.429000000e-01 9.886000000e-01
  9.724000000e-01 2.327000000e-01 -1.414000000e-02
  -2.280000000e-01 9.620000000e-01 1.502000000e-01
 Node:         47
  0.1107E+03  0.1269E+03  0.5087E+03  0.0000E+00
  -1.665E-16
  -3.123E-17
   1.11E-16
  -2.776E-17
   3.99E-17
   0.0
  1.289000000e-16
  -1.114000000e-17
  -1.732000000e-16
  2.618600000e-16
  -1.848000000e-17
  1.234400000e-16
  -1.292000000e-01 9.390000000e-01 3.186000000e-01
  -1.008000000e-01 -3.321000000e-01 9.379000000e-01
  -9.865000000e-01 -8.906000000e-02 -1.376000000e-01
 Node:         48
  0.1125E+03  0.1242E+03  0.5208E+03  0.0000E+00
   1.11E-16
   3.469E-18
   1.11E-16
   0.0
  -1.735E-18
   1.11E-16
  1.149000000e-16
  1.110000000e-16
  1.071000000e-16
  6.755000000e-18
  1.110000000e-16
  3.184300000e-18
  -6.325000000e-01 -7.071000000e-01 3.162000000e-01
  4.472000000e-01 -4.455000000e-15 8.944000000e-01
  -6.325000000e-01 7.071000000e-01 3.162000000e-01
 Node:         49
  0.1186E+03  0.1311E+03  0.4938E+03  0.0000E+00
  -1.665E-16
  -2.082E-17
   0.0
  -4.163E-17
  -6.072E-18
  -5.551E-17
  2.581000000e-18
  -4.165000000e-17
  -1.830000000e-16
  1.678900000e-16
  -7.402300000e-17
  7.914600000e-17
  1.174000000e-01 -9.929000000e-01 1.965000000e-02
  -3.135000000e-01 -1.827000000e-02 9.494000000e-01
  -9.423000000e-01 -1.176000000e-01 -3.134000000e-01
 Node:         50
  0.1180E+03  0.1298E+03  0.5075E+03  0.0000E+00
   0.0
  -1.301E-17
   3.331E-16
  -4.163E-17
   1.247E-17
   2.22E-16
  3.354000000e-16
  2.276000000e-16
  -7.879000000e-18
  3.040700000e-16
  1.850400000e-16
  1.433400000e-16
  5.441000000e-02 -9.902000000e-01 -1.289000000e-01
  -1.707000000e-01 -1.364000000e-01 9.758000000e-01
  9.838000000e-01 3.109000000e-02 1.765000000e-01
 Node:         51
  0.1192E+03  0.1275E+03  0.5206E+03  0.0000E+00
   0.0
  -3.469E-18
  -5.551E-17
   0.0
   1.475E-17
   1.11E-16
  1.123000000e-16
  2.087000000e-19
  -5.702000000e-17
  1.491800000e-16
  1.849600000e-17
  7.032400000e-17
  -2.705000000e-03 8.758000000e-02 9.962000000e-01
  9.982000000e-01 -6.004000000e-02 7.989000000e-03
  -6.051000000e-02 -9.943000000e-01 8.725000000e-02
 Node:         52
  0.1262E+03  0.1305E+03  0.4920E+03  0.0000E+00
   1.11E-16
  -1.388E-17
   1.11E-16
   1.301E-18
   4.906E-18
   0.0
  1.250000000e-16
  9.734000000e-17
  -2.497000000e-19
  1.139700000e-16
  7.403000000e-17
  5.372400000e-17
  -7.047000000e-01 7.092000000e-01 2.051000000e-02
  7.093000000e-01 7.034000000e-01 4.493000000e-02
  -1.744000000e-02 -4.621000000e-02 9.988000000e-01
 Node:         53
  0.1258E+03  0.1304E+03  0.5063E+03  0.0000E+00
  -1.665E-16
  -1.735E-18
  -1.11E-16
   2.776E-17
   3.383E-17
  -2.22E-16
  -1.010000000e-16
  -1.572000000e-16
  -2.414000000e-16
  1.223900000e-16
  -1.665300000e-16
  5.769700000e-17
  9.684000000e-02 9.526000000e-01 2.883000000e-01
  -9.346000000e-01 1.866000000e-01 -3.027000000e-01
  -3.422000000e-01 -2.402000000e-01 9.084000000e-01
 Node:         54
  0.1265E+03  0.1288E+03  0.5200E+03  0.0000E+00
  -2.22E-16
   2.082E-17
   1.11E-16
   0.0
  -4.337E-18
   1.11E-16
  1.160000000e-16
  1.073000000e-16
  -2.233000000e-16
  3.350300000e-16
  0.000000000e+00
  1.579400000e-16
  -4.656000000e-02 -7.562000000e-01 6.527000000e-01
  -4.117000000e-02 -6.514000000e-01 -7.576000000e-01
  -9.981000000e-01 6.215000000e-02 8.061000000e-04
 Node:         55
  0.1382E+03  0.1167E+03  0.4541E+03 -0.2791E-02
  -0.06081
  -0.00755
   0.05212
   0.00382
   0.01469
   0.03882
  6.224600000e-02
  2.972600000e-02
  -5.807100000e-02
  1.070600000e-01
  1.130000000e-02
  5.046700000e-02
  1.015600000e-02 6.196600000e-01 3.992300000e-01
  -1.456900000e-01 4.138700000e-01 -7.187500000e-01
  -8.388000000e-01 -7.024700000e-02 2.781200000e-03
 Node:         56
  0.1314E+03  0.1156E+03  0.4691E+03 -0.2791E-02
  -0.06423
   0.005546
   0.02752
   0.01862
  -0.001328
   0.004793
  2.711000000e-02
  9.115100000e-03
  -6.531800000e-02
  8.431100000e-02
  -9.697400000e-03
  3.974500000e-02
  -8.275500000e-02 -8.653500000e-01 1.096500000e-02
  1.413500000e-01 -3.773500000e-02 8.112800000e-01
  -1.064900000e+00 5.755900000e-02 2.178100000e-01
 Node:         57
  0.1285E+03  0.1140E+03  0.4824E+03 -0.2791E-02
  -0.01574
   0.007858
  -0.002046
   0.006034
  -0.004164
  -0.002134
  2.101700000e-03
  -3.549300000e-04
  -2.090600000e-02
  2.179700000e-02
  -6.386300000e-03
  1.027500000e-02
  -1.637200000e-01 -9.826000000e-01 5.281400000e-01
  4.897800000e-01 3.466300000e-01 9.037100000e-01
  -9.510900000e-01 4.278300000e-01 3.270100000e-01
 Node:         58
  0.1486E+03  0.1175E+03  0.4544E+03 -0.2791E-02
  -0.06548
  -0.02589
   0.08862
  -0.003973
   0.01272
   0.01748
  9.675500000e-02
  1.372300000e-02
  -6.639600000e-02
  1.413000000e-01
  1.469400000e-02
  6.660700000e-02
  2.093900000e-01 -1.027300000e+00 -1.720600000e-01
  -1.019100000e-01 -2.066000000e-01 1.089100000e+00
  -9.813400000e-01 -1.546200000e-01 -9.710300000e-02
 Node:         59
  0.1420E+03  0.1165E+03  0.4700E+03 -0.2791E-02
  -0.06486
  -0.01848
   0.06299
   0.01127
   0.002638
  -0.008315
  6.476300000e-02
  -7.233100000e-03
  -6.605000000e-02
  1.133500000e-01
  -2.840200000e-03
  5.343500000e-02
  -9.195100000e-02 6.060700000e-01 1.366200000e-02
  1.136700000e-01 -6.774700000e-02 1.111800000e+00
  -7.849400000e-01 -1.083100000e-01 3.422700000e-02
 Node:         60
  0.1375E+03  0.1150E+03  0.4833E+03 -0.2791E-02
  -0.01477
  -0.001056
   0.008051
   0.007159
  -0.002733
  -0.004387
  7.827000000e-03
  -1.765100000e-03
  -1.659300000e-02
  2.108700000e-02
  -3.510400000e-03
  9.940600000e-03
  -1.190700000e-01 1.029100000e+00 -2.549900000e-01
  -3.628800000e-01 -2.498900000e-01 -6.771200000e-01
  -7.805700000e-01 -1.056100000e-02 4.270900000e-01
 Node:         61
  0.1557E+03  0.1217E+03  0.4542E+03 -0.2791E-02
  -0.03458
  -0.02587
   0.05299
  -0.0227
   0.03124
  -0.05959
  7.511500000e-02
  -3.819600000e-02
  -7.393700000e-02
  1.343500000e-01
  -1.233900000e-02
  6.333100000e-02
  -2.787000000e-01 6.526100000e-01 1.787700000e-01
  7.020800000e-01 2.626800000e-01 -2.499800000e-01
  3.121300000e-01 -1.218800000e-01 7.058000000e-01
 Node:         62
  0.1495E+03  0.1201E+03  0.4704E+03 -0.2791E-02
  -0.01154
  -0.03206
   0.04974
  -0.002037
   0.0129
  -0.06509
  6.662600000e-02
  -2.516100000e-02
  -6.648300000e-02
  1.178200000e-01
  -8.339500000e-03
  5.553900000e-02
  -1.824000000e-01 5.488800000e-01 3.439300000e-02
  9.447500000e-01 4.355500000e-01 2.072400000e-02
  -4.565300000e-02 -9.129500000e-02 3.406600000e-01
 Node:         63
  0.1437E+03  0.1181E+03  0.4839E+03 -0.2791E-02
   0.004789
  -0.007843
   0.008484
   0.003812
  -0.003917
  -0.01274
  1.568000000e-02
  -1.673800000e-03
  -1.267600000e-02
  2.466500000e-02
  4.433100000e-04
  1.162700000e-02
  -2.179700000e-01 2.697500000e-01 -1.230400000e-01
  8.660200000e-01 6.860100000e-01 1.010900000e-01
  1.191600000e-01 -1.482900000e-02 -2.671300000e-01
 Node:         64
  0.1415E+03  0.1253E+03  0.4531E+03 -0.2791E-02
  -0.03726
   0.01312
   0.0435
  -0.01187
   0.008311
  -0.00478
  4.665900000e-02
  -1.093500000e-03
  -4.397300000e-02
  7.825600000e-02
  5.306900000e-04
  3.689000000e-02
  1.281700000e-01 1.112100000e+00 1.431900000e-01
  4.269100000e-01 1.067300000e-01 -1.187200000e+00
  -9.393900000e-01 1.448200000e-01 -3.189600000e-01
 Node:         65
  0.1342E+03  0.1229E+03  0.4687E+03 -0.2791E-02
  -0.0349
   0.007003
   0.03859
  -0.00199
   0.002848
  -0.004208
  3.852000000e-02
  -4.332200000e-03
  -3.384700000e-02
  6.295700000e-02
  1.134800000e-04
  2.967800000e-02
  -7.360700000e-02 -7.112500000e-01 -4.336000000e-02
  -8.004100000e-02 -5.206300000e-02 7.621600000e-01
  -8.811700000e-01 5.448500000e-02 -1.435200000e-01
 Node:         66
  0.1299E+03  0.1214E+03  0.4825E+03 -0.2791E-02
  -0.005277
   0.0011
   0.005673
   0.002685
  -0.001991
  -0.001652
  5.687500000e-03
  -6.381000000e-04
  -5.694800000e-03
  9.898300000e-03
  -2.151400000e-04
  4.666100000e-03
  -1.062800000e-02 -5.186600000e-01 1.107100000e-01
  2.737700000e-01 5.431300000e-02 6.020700000e-01
  7.329700000e-01 -1.265900000e-01 -5.596000000e-01
 Node:         67
  0.1502E+03  0.1242E+03  0.4534E+03 -0.2791E-02
  -0.04104
  -0.01347
   0.03904
  -0.009868
   0.005579
   0.01654
  4.507600000e-02
  1.691400000e-02
  -4.397300000e-02
  7.815700000e-02
  6.005800000e-03
  3.684400000e-02
  -1.413100000e-02 5.711700000e-02 -2.118100000e-02
  -2.258800000e-01 -2.996200000e-01 1.085600000e+00
  -1.017700000e+00 -1.581100000e-01 -1.231200000e-01
 Node:         68
  0.1434E+03  0.1223E+03  0.4694E+03 -0.2791E-02
  -0.03536
  -0.02336
   0.04169
  -0.003067
   0.006403
   0.007457
  5.025700000e-02
  5.102000000e-03
  -3.894200000e-02
  7.746400000e-02
  5.472100000e-03
  3.651700000e-02
  1.053800000e-01 -5.074000000e-01 -8.106600000e-02
  -6.332200000e-02 -2.389400000e-01 1.104200000e+00
  -6.120400000e-01 -1.549700000e-01 -5.860900000e-02
 Node:         69
  0.1380E+03  0.1205E+03  0.4831E+03 -0.2791E-02
  -0.004709
  -0.006428
   0.01097
   0.001654
   6.485E-4
  -5.486E-4
  1.319000000e-02
  -3.384800000e-04
  -6.171200000e-03
  1.725000000e-02
  2.226800000e-03
  8.131800000e-03
  -3.483500000e-01 9.459700000e-01 2.189400000e-02
  1.300300000e-01 -7.792600000e-02 1.138900000e+00
  9.745500000e-01 4.213700000e-01 -2.547500000e-01
 Node:         70
  0.1559E+03  0.1238E+03  0.4540E+03 -0.2791E-02
  -0.03414
  -0.01646
  -0.003066
  -0.02135
   0.01422
   0.05443
  6.149800000e-02
  1.199300000e-03
  -4.339200000e-02
  9.129800000e-02
  6.435300000e-03
  4.303800000e-02
  2.940600000e-03 -2.735800000e-02 4.224600000e-02
  1.934700000e-01 -1.002200000e+00 4.188300000e-01
  1.789500000e-02 4.835700000e-02 -2.487700000e-02
 Node:         71
  0.1496E+03  0.1220E+03  0.4702E+03 -0.2791E-02
  -0.02308
  -0.03585
   0.02395
  -0.01821
   0.01888
   0.01943
  6.187500000e-02
  2.059600000e-03
  -4.007600000e-02
  8.899600000e-02
  7.952900000e-03
  4.195300000e-02
  -3.055000000e-01 5.751800000e-01 4.215100000e-01
  1.239600000e-02 -7.461300000e-01 9.630300000e-01
  9.523200000e-01 4.868000000e-01 1.403200000e-01
 Node:         72
  0.1435E+03  0.1199E+03  0.4838E+03 -0.2791E-02
  -0.001408
  -0.01219
   0.01002
  -0.001418
   0.003306
   4.764E-4
  1.880300000e-02
  -4.782100000e-04
  -7.881800000e-03
  2.388400000e-02
  3.481100000e-03
  1.125900000e-02
  -5.333200000e-01 8.256900000e-01 2.110800000e-01
  8.801200000e-02 -3.087800000e-01 1.094300000e+00
  9.218800000e-01 6.239000000e-01 4.992600000e-02
 Node:         73
  0.1448E+03  0.1339E+03  0.4527E+03  0.0000E+00
   0.01001
  -0.009176
  -0.03334
   0.00524
  -0.005485
   0.0319
  3.242700000e-02
  1.218600000e-02
  -3.564300000e-02
  6.071100000e-02
  2.990400000e-03
  2.862000000e-02
  1.849900000e-01 -4.728900000e-02 5.320600000e-01
  3.021300000e-01 -6.372600000e-02 -2.518700000e-01
  -8.211300000e-02 -4.750100000e-01 -3.715700000e-02
 Node:         74
  0.1370E+03  0.1304E+03  0.4685E+03  0.0000E+00
   0.02726
  -0.01395
  -0.01961
   7.113E-4
  -0.009353
   0.01714
  3.232700000e-02
  1.857800000e-02
  -2.374200000e-02
  5.032800000e-02
  9.054500000e-03
  2.372500000e-02
  5.089000000e-01 -1.555100000e-01 1.281100000e-01
  -2.415700000e-01 -1.486600000e-01 9.286900000e-01
  -1.321600000e-01 -4.841300000e-01 -1.029100000e-01
 Node:         75
  0.1313E+03  0.1289E+03  0.4826E+03  0.0000E+00
   0.008265
  -0.005733
  -0.003273
  -0.00328
  -0.001796
   7.541E-4
  1.127600000e-02
  1.347700000e-03
  -5.698600000e-03
  1.472700000e-02
  2.308300000e-03
  6.942200000e-03
  -9.293300000e-01 3.184200000e-01 2.290600000e-01
  8.572500000e-02 -4.566000000e-01 8.976500000e-01
  3.838100000e-01 8.224700000e-01 3.969900000e-01
 Node:         76
  0.1518E+03  0.1310E+03  0.4530E+03  0.0000E+00
   0.0123
  -0.01229
  -0.04883
  -2.606E-5
   0.01277
   0.05075
  4.972200000e-02
  1.564200000e-02
  -5.254800000e-02
  9.032900000e-02
  4.272200000e-03
  4.258100000e-02
  6.059000000e-02 -4.164400000e-03 5.121600000e-02
  1.065800000e+00 -1.889000000e-01 5.262100000e-02
  1.277400000e-01 7.197200000e-01 -9.022800000e-02
 Node:         77
  0.1448E+03  0.1282E+03  0.4691E+03  0.0000E+00
   0.04286
  -0.006197
  -0.02745
  -0.00428
   0.008653
   0.01952
  4.618000000e-02
  1.961500000e-02
  -2.923100000e-02
  6.598000000e-02
  1.218800000e-02
  3.110300000e-02
  -9.794000000e-01 9.889400000e-02 1.829300000e-01
  1.969600000e-01 1.557500000e-01 9.680500000e-01
  9.421000000e-03 -1.995600000e-01 3.131700000e-02
 Node:         78
  0.1385E+03  0.1261E+03  0.4829E+03  0.0000E+00
   0.0176
  -9.785E-4
  -0.002738
  -0.003306
  -6.201E-4
   2.649E-4
  1.908100000e-02
  1.034800000e-04
  -2.642400000e-03
  2.048900000e-02
  5.513900000e-03
  9.658500000e-03
  -9.871100000e-01 2.658200000e-02 1.694800000e-01
  1.010600000e-01 -1.962400000e-01 3.976900000e-01
  -6.301600000e-02 -2.962800000e-01 -1.628100000e-01
 Node:         79
  0.1561E+03  0.1259E+03  0.4537E+03  0.0000E+00
   0.01584
   0.02716
   0.05262
   0.01135
  -5.734E-4
  -0.1367
  6.748500000e-02
  5.101200000e-03
  -1.583300000e-01
  2.008900000e-01
  -2.858300000e-02
  9.470000000e-02
  4.860900000e-01 9.155400000e-01 3.639000000e-02
  1.651200000e-01 -8.745500000e-02 3.608300000e-02
  -7.396500000e-02 -2.737400000e-02 1.052600000e+00
 Node:         80
  0.1498E+03  0.1240E+03  0.4700E+03  0.0000E+00
   0.04614
   0.02159
   0.02683
   0.00183
  -0.003493
  -0.1149
  6.210500000e-02
  1.466900000e-02
  -1.322400000e-01
  1.728700000e-01
  -1.848700000e-02
  8.149000000e-02
  1.104800000e+00 5.393500000e-01 1.489700000e-02
  -5.083700000e-01 8.973200000e-01 -8.318600000e-02
  -2.239100000e-02 7.698400000e-02 1.032200000e+00
 Node:         81
  0.1433E+03  0.1217E+03  0.4837E+03  0.0000E+00
   0.0192
   0.003566
   0.00176
  -0.003344
  -8.514E-4
  -0.01616
  2.106700000e-02
  9.595700000e-04
  -1.851800000e-02
  3.399300000e-02
  1.169300000e-03
  1.602400000e-02
  -9.791500000e-01 -1.935100000e-01 8.764800000e-02
  -1.887700000e-01 1.018100000e+00 -6.423000000e-02
  6.651700000e-02 8.019000000e-02 1.033100000e+00
 Node:         82
  0.1267E+03  0.1149E+03  0.4571E+03 -0.2542E-01
  -0.0241
  -0.001835
   0.01778
   0.005547
   0.0138
   0.005514
  2.605500000e-02
  -1.765300000e-03
  -2.500500000e-02
  4.412400000e-02
  -2.381700000e-04
  2.080000000e-02
  7.148600000e-02 8.645700000e-01 5.700200000e-01
  -2.968000000e-01 5.752100000e-01 -8.590400000e-01
  5.408300000e-01 9.468300000e-02 -1.652300000e-01
 Node:         83
  0.1234E+03  0.1130E+03  0.4724E+03 -0.2542E-01
  -0.02742
   0.003712
   0.00858
   0.02579
   0.005654
  -0.01716
  1.234800000e-02
  -4.173900000e-04
  -4.650900000e-02
  5.357900000e-02
  -1.152600000e-02
  2.525700000e-02
  3.764900000e-01 7.826400000e-01 4.566700000e-01
  -5.252500000e-01 5.787500000e-01 -6.096300000e-01
  -7.977400000e-01 -4.316000000e-03 6.597100000e-01
 Node:         84
  0.1187E+03  0.1123E+03  0.4849E+03 -0.2542E-01
  -0.003837
   9.365E-4
   6.296E-4
   0.009585
  -4.031E-4
  -0.01677
  1.617900000e-03
  3.120300000e-04
  -2.117600000e-02
  2.221200000e-02
  -6.415400000e-03
  1.047100000e-02
  -8.088900000e-01 -6.285900000e-01 -4.384800000e-01
  4.954800000e-01 -9.269500000e-01 2.827600000e-01
  5.136600000e-01 -2.763300000e-02 -9.583400000e-01
 Node:         85
  0.1302E+03  0.1162E+03  0.4559E+03 -0.2542E-01
  -0.0271
  -3.765E-4
   0.02174
   0.007418
   0.02018
   0.01293
  3.690000000e-02
  -2.027400000e-03
  -2.721000000e-02
  5.585400000e-02
  2.554200000e-03
  2.633000000e-02
  8.925400000e-02 5.707100000e-01 4.829300000e-01
  -2.969100000e-01 4.460500000e-01 -6.403400000e-01
  9.078600000e-02 1.455600000e-01 -1.571600000e-01
 Node:         86
  0.1252E+03  0.1138E+03  0.4707E+03 -0.2542E-01
  -0.0161
   0.01672
   0.03558
   0.04905
   0.01977
  -0.008145
  5.989700000e-02
  1.148100000e-02
  -5.804800000e-02
  1.023800000e-01
  4.443100000e-03
  4.826300000e-02
  -5.076300000e-01 -7.586100000e-01 -5.353500000e-01
  5.883500000e-01 -6.940700000e-01 5.011500000e-01
  7.784000000e-01 2.337300000e-02 -7.262800000e-01
 Node:         87
  0.1217E+03  0.1126E+03  0.4834E+03 -0.2542E-01
  -0.007554
   6.096E-4
   0.001479
   0.01246
  -0.002021
  -0.01558
  2.307600000e-03
  8.069600000e-04
  -2.392700000e-02
  2.556200000e-02
  -6.937400000e-03
  1.205000000e-02
  -5.377300000e-01 8.041200000e-01 -4.821700000e-01
  6.787500000e-01 7.408200000e-01 3.866100000e-01
  5.847900000e-01 -1.047900000e-01 -8.900400000e-01
 Node:         88
  0.1338E+03  0.1169E+03  0.4543E+03 -0.2542E-01
  -0.04305
  -0.00489
   0.01678
   0.00639
   0.02487
   0.03049
  4.939400000e-02
  -9.205800000e-04
  -4.226000000e-02
  7.952700000e-02
  2.071100000e-03
  3.749000000e-02
  4.343800000e-02 5.978900000e-01 8.131100000e-01
  -2.714200000e-01 9.038600000e-01 -7.532500000e-01
  7.950100000e-01 1.578700000e-01 -8.974700000e-02
 Node:         89
  0.1270E+03  0.1150E+03  0.4691E+03 -0.2542E-01
  -0.05141
   0.008265
   0.009686
   0.02257
   0.0064
  -0.004615
  1.579300000e-02
  -1.906200000e-03
  -5.764600000e-02
  6.624200000e-02
  -1.458600000e-02
  3.122700000e-02
  3.088400000e-01 7.276300000e-01 4.929000000e-01
  -2.485000000e-01 5.860800000e-01 -7.539600000e-01
  -1.028000000e+00 4.098400000e-02 3.738100000e-01
 Node:         90
  0.1248E+03  0.1132E+03  0.4822E+03 -0.2542E-01
  -0.01333
   0.007728
  -0.003574
   0.006792
  -0.003762
  -0.003907
  6.018300000e-04
  -3.840200000e-04
  -2.026500000e-02
  2.039200000e-02
  -6.682500000e-03
  9.612900000e-03
  5.665500000e-01 1.013800000e+00 -9.116700000e-02
  2.869800000e-01 -1.525400000e-01 6.863700000e-01
  -8.829400000e-01 4.346600000e-01 4.074100000e-01
 Node:         91
  0.1261E+03  0.1265E+03  0.4554E+03 -0.2542E-01
  -0.02147
   0.02039
   0.03706
  -0.00139
   0.0199
   0.003297
  4.963400000e-02
  -2.185300000e-03
  -2.771100000e-02
  6.826500000e-02
  6.579000000e-03
  3.218100000e-02
  -1.520500000e-01 -4.511100000e-01 -1.938900000e-01
  -2.995100000e-01 -2.316100000e-01 7.399100000e-01
  -5.894300000e-01 2.351500000e-01 -1.602800000e-01
 Node:         92
  0.1210E+03  0.1235E+03  0.4728E+03 -0.2542E-01
  -0.03098
   0.006536
   0.02367
   0.006973
   0.01428
   0.01167
  3.290000000e-02
  2.391100000e-03
  -3.002100000e-02
  5.447500000e-02
  1.756700000e-03
  2.568000000e-02
  -9.032800000e-02 -7.786000000e-01 -5.279500000e-01
  5.943100000e-02 -4.837700000e-01 7.011100000e-01
  -1.040500000e+00 4.211700000e-02 9.707900000e-02
 Node:         93
  0.1159E+03  0.1217E+03  0.4877E+03 -0.2542E-01
  -0.00535
  -0.001531
   0.002098
   0.005461
   0.004474
  -0.002992
  4.272500000e-03
  -2.157200000e-04
  -9.771300000e-03
  1.234600000e-02
  -1.904800000e-03
  5.820200000e-03
  2.295100000e-01 6.212600000e-01 3.767100000e-01
  -5.440300000e-01 4.704200000e-01 -4.132000000e-01
  -5.889100000e-01 -2.442200000e-01 4.888400000e-01
 Node:         94
  0.1315E+03  0.1266E+03  0.4545E+03 -0.2542E-01
  -0.02598
   0.01956
   0.04104
  -0.01035
   0.019
   0.01819
  5.299000000e-02
  1.456600000e-02
  -3.345600000e-02
  7.497900000e-02
  1.136700000e-02
  3.534500000e-02
  1.376200000e-01 1.099200000e+00 4.711600000e-01
  4.243800000e-01 4.021800000e-01 -1.092600000e+00
  1.059500000e+00 -2.891700000e-01 3.152400000e-01
 Node:         95
  0.1251E+03  0.1237E+03  0.4709E+03 -0.2542E-01
  -0.04443
   0.004097
   0.02633
   0.004549
   0.009424
   0.02723
  3.516400000e-02
  1.681100000e-02
