 Group name: predicted_strain_L2A3
 #Fields=  16
 1) coordinates, coordinate, rectangular cartesian, #Components=3
   x.  Value index= 1, #Derivatives=0
   y.  Value index= 2, #Derivatives=0
   z.  Value index= 3, #Derivatives=0
 2) Tensor_1, field, rectangular cartesian, #Components=1
   Tensor_1.  Value index= 4, #Derivatives=0
 3) Tensor_2, field, rectangular cartesian, #Components=1
   Tensor_2.  Value index= 5, #Derivatives=0
 4) Tensor_3, field, rectangular cartesian, #Components=1
   Tensor_3.  Value index= 6, #Derivatives=0
 5) Tensor_4, field, rectangular cartesian, #Components=1
   Tensor_4.  Value index= 7, #Derivatives=0
 6) Tensor_5, field, rectangular cartesian, #Components=1
   Tensor_5.  Value index= 8, #Derivatives=0
 7) Tensor_6, field, rectangular cartesian, #Components=1
   Tensor_6.  Value index= 9, #Derivatives=0
 8) Principal_1, field, rectangular cartesian, #Components=1
   Principal_1.  Value index= 10, #Derivatives=0
 9) Principal_2, field, rectangular cartesian, #Components=1
   Principal_2.  Value index= 11, #Derivatives=0
 10) Principal_3, field, rectangular cartesian, #Components=1
   Principal_3.  Value index= 12, #Derivatives=0
 11) VonMises, field, rectangular cartesian, #Components=1
   VonMises.  Value index= 13, #Derivatives=0
 12) Hydrostatic, field, rectangular cartesian, #Components=1
   VonMises.  Value index= 14, #Derivatives=0
 13) Octahedral, field, rectangular cartesian, #Components=1
   VonMises.  Value index= 15, #Derivatives=0
 14) PrincipalVector1, field, rectangular cartesian, #Components=3
   x.  Value index= 16, #Derivatives=0
   y.  Value index= 17, #Derivatives=0
   z.  Value index= 18, #Derivatives=0
 15) PrincipalVector2, field, rectangular cartesian, #Components=3
   x.  Value index= 19, #Derivatives=0
   y.  Value index= 20, #Derivatives=0
   z.  Value index= 21, #Derivatives=0
 16) PrincipalVector3, field, rectangular cartesian, #Components=3
   x.  Value index= 22, #Derivatives=0
   y.  Value index= 23, #Derivatives=0
   z.  Value index= 24, #Derivatives=0
 Node:          1
  0.1287E+03  0.1133E+03  0.4908E+03 -0.8793E-01
  -1.11E-16
  -8.327E-17
  -2.22E-16
  -2.776E-17
  -4.163E-17
  -3.331E-16
  -6.637000000e-17
  -2.400000000e-16
  -3.598000000e-16
  2.555400000e-16
  -2.220600000e-16
  1.204600000e-16
  8.837000000e-01 -4.676000000e-01 -1.897000000e-02
  4.046000000e-01 7.837000000e-01 -4.712000000e-01
  2.352000000e-01 4.088000000e-01 8.818000000e-01
 Node:          2
  0.1292E+03  0.1137E+03  0.5052E+03 -0.8793E-01
  -5.551E-17
  -1.11E-16
  -1.665E-16
  -5.551E-17
   1.943E-16
  -2.776E-16
  8.603000000e-17
  -1.600000000e-16
  -4.256000000e-16
  4.431900000e-16
  -1.665200000e-16
  2.089200000e-16
  -6.554000000e-01 6.199000000e-01 4.313000000e-01
  7.522000000e-01 4.849000000e-01 4.462000000e-01
  -6.744000000e-02 -6.169000000e-01 7.841000000e-01
 Node:          3
  0.1289E+03  0.1155E+03  0.5194E+03 -0.8793E-01
   2.22E-16
   1.388E-16
   3.331E-16
   1.11E-16
   5.551E-17
   2.22E-16
  4.753000000e-16
  2.118000000e-16
  9.006000000e-17
  3.410700000e-16
  2.590500000e-16
  1.607800000e-16
  -5.696000000e-01 -7.144000000e-01 -4.063000000e-01
  2.395000000e-01 -6.172000000e-01 7.494000000e-01
  -7.862000000e-01 3.296000000e-01 5.227000000e-01
 Node:          4
  0.1361E+03  0.1141E+03  0.4915E+03 -0.8793E-01
   0.0
  -2.776E-17
  -1.11E-16
  -2.776E-17
  -8.327E-17
   2.22E-16
  2.435000000e-16
  6.328000000e-18
  -1.388000000e-16
  3.342600000e-16
  3.700900000e-17
  1.575700000e-16
  -8.549000000e-02 -2.215000000e-01 9.714000000e-01
  9.681000000e-01 -2.491000000e-01 2.840000000e-02
  2.357000000e-01 9.428000000e-01 2.357000000e-01
 Node:          5
  0.1341E+03  0.1144E+03  0.5054E+03 -0.8793E-01
   3.331E-16
   1.388E-16
   3.331E-16
   5.551E-17
  -6.939E-17
   4.441E-16
  4.814000000e-16
  4.627000000e-16
  1.662000000e-16
  3.062800000e-16
  3.701000000e-16
  1.443800000e-16
  -3.480000000e-01 -6.443000000e-01 6.810000000e-01
  -6.589000000e-01 -3.487000000e-01 -6.665000000e-01
  6.669000000e-01 -6.807000000e-01 -3.032000000e-01
 Node:          6
  0.1323E+03  0.1162E+03  0.5191E+03 -0.8793E-01
   2.22E-16
   5.551E-17
   2.22E-16
  -5.551E-17
  -2.776E-17
   0.0
  2.897000000e-16
  1.685000000e-16
  -1.402000000e-17
  2.648100000e-16
  1.480600000e-16
  1.248300000e-16
  -7.150000000e-01 -6.696000000e-01 2.012000000e-01
  6.656000000e-01 -7.399000000e-01 -9.741000000e-02
  -2.141000000e-01 -6.426000000e-02 -9.747000000e-01
 Node:          7
  0.1408E+03  0.1171E+03  0.4920E+03 -0.8793E-01
   3.331E-16
   2.22E-16
   2.22E-16
  -8.327E-17
  -1.11E-16
   0.0
  5.398000000e-16
  6.158000000e-17
  -4.631000000e-17
  5.403100000e-16
  1.850200000e-16
  2.547000000e-16
  -7.537000000e-01 -6.111000000e-01 2.419000000e-01
  -6.560000000e-01 6.770000000e-01 -3.335000000e-01
  -4.004000000e-02 4.101000000e-01 9.112000000e-01
 Node:          8
  0.1367E+03  0.1169E+03  0.5055E+03 -0.8793E-01
   2.22E-16
   1.943E-16
   2.22E-16
  -4.025E-16
  -2.359E-16
  -2.22E-16
  6.547000000e-16
  4.477000000e-17
  -4.775000000e-16
  9.814900000e-16
  7.399000000e-17
  4.626800000e-16
  -6.847000000e-01 -5.611000000e-01 4.652000000e-01
  5.685000000e-01 -8.105000000e-01 -1.409000000e-01
  -4.561000000e-01 -1.681000000e-01 -8.739000000e-01
 Node:          9
  0.1339E+03  0.1180E+03  0.5191E+03 -0.8793E-01
   2.22E-16
   1.665E-16
   0.0
  -3.955E-16
  -2.776E-16
   6.661E-16
  1.002000000e-15
  -9.379000000e-18
  -1.046000000e-16
  1.062200000e-15
  2.960100000e-16
  5.007200000e-16
  -4.817000000e-01 -3.073000000e-01 8.207000000e-01
  -8.565000000e-01 -3.292000000e-02 -5.150000000e-01
  -1.853000000e-01 9.510000000e-01 2.474000000e-01
 Node:         10
  0.1294E+03  0.1212E+03  0.4911E+03 -0.8793E-01
   0.0
   2.776E-17
   1.11E-16
  -1.388E-17
   1.249E-16
   1.11E-16
  2.363000000e-16
  2.303000000e-17
  -3.732000000e-17
  2.489900000e-16
  7.400300000e-17
  1.173800000e-16
  4.210000000e-02 7.100000000e-01 7.030000000e-01
  -7.813000000e-01 -4.152000000e-01 4.661000000e-01
  -6.228000000e-01 5.688000000e-01 -5.372000000e-01
 Node:         11
  0.1295E+03  0.1214E+03  0.5055E+03 -0.8793E-01
  -2.22E-16
  -2.776E-17
  -2.22E-16
  -4.163E-17
   1.388E-17
  -1.665E-16
  -1.365000000e-16
  -2.183000000e-16
  -2.558000000e-16
  1.056600000e-16
  -2.035300000e-16
  4.981100000e-17
  -4.935000000e-01 2.929000000e-01 8.189000000e-01
  3.541000000e-01 -7.924000000e-01 4.968000000e-01
  -7.944000000e-01 -5.351000000e-01 -2.873000000e-01
 Node:         12
  0.1295E+03  0.1217E+03  0.5196E+03 -0.8793E-01
   1.11E-16
   0.0
   1.11E-16
   7.633E-17
   2.776E-17
   2.22E-16
  2.649000000e-16
  1.110000000e-16
  6.816000000e-17
  1.792000000e-16
  1.480200000e-16
  8.447700000e-17
  -4.387000000e-01 -1.595000000e-01 -8.844000000e-01
  3.417000000e-01 -9.398000000e-01 -2.255000000e-17
  8.311000000e-01 3.022000000e-01 -4.668000000e-01
 Node:         13
  0.1361E+03  0.1199E+03  0.4914E+03 -0.8793E-01
   1.11E-16
  -1.388E-16
   0.0
  -9.714E-17
   2.776E-17
  -1.665E-16
  2.285000000e-16
  -8.520000000e-17
  -1.988000000e-16
  3.833400000e-16
  -1.850000000e-17
  1.807100000e-16
  8.171000000e-01 -5.252000000e-01 -2.378000000e-01
  4.648000000e-01 8.442000000e-01 -2.671000000e-01
  3.410000000e-01 1.077000000e-01 9.339000000e-01
 Node:         14
  0.1342E+03  0.1198E+03  0.5054E+03 -0.8793E-01
  -5.551E-17
   2.776E-17
   0.0
   5.551E-17
  -9.021E-17
   1.11E-16
  1.672000000e-16
  -4.940000000e-18
  -1.068000000e-16
  2.398800000e-16
  1.848700000e-17
  1.130800000e-16
  1.634000000e-01 -4.472000000e-01 8.794000000e-01
  -6.569000000e-01 -7.144000000e-01 -2.412000000e-01
  -7.361000000e-01 5.382000000e-01 4.105000000e-01
 Node:         15
  0.1330E+03  0.1205E+03  0.5193E+03 -0.8793E-01
   2.22E-16
  -8.327E-17
  -5.551E-17
   1.388E-17
   4.857E-17
   0.0
  2.451000000e-16
  2.471000000e-17
  -1.033000000e-16
  3.052400000e-16
  5.550300000e-17
  1.438900000e-16
  -9.638000000e-01 2.667000000e-01 -1.723000000e-03
  1.157000000e-01 4.239000000e-01 8.983000000e-01
  2.403000000e-01 8.656000000e-01 -4.394000000e-01
 Node:         16
  0.1404E+03  0.1188E+03  0.4918E+03 -0.8793E-01
   2.22E-16
   5.551E-17
   2.22E-16
  -8.327E-17
  -1.457E-16
   4.441E-16
  5.466000000e-16
  1.950000000e-16
  1.465000000e-16
  3.781900000e-16
  2.960300000e-16
  1.782800000e-16
  -2.927000000e-01 -4.328000000e-01 8.526000000e-01
  -9.222000000e-01 -1.077000000e-01 -3.713000000e-01
  -2.526000000e-01 8.950000000e-01 3.676000000e-01
 Node:         17
  0.1365E+03  0.1184E+03  0.5055E+03 -0.8793E-01
  -1.11E-16
   2.776E-17
  -1.11E-16
   9.714E-17
   1.7E-16
   0.0
  1.573000000e-16
  -1.341000000e-16
  -2.452000000e-16
  3.600400000e-16
  -7.400000000e-17
  1.697300000e-16
  3.368000000e-01 5.285000000e-01 7.792000000e-01
  8.927000000e-01 -4.425000000e-01 -8.566000000e-02
  -2.996000000e-01 -7.244000000e-01 6.209000000e-01
 Node:         18
  0.1341E+03  0.1191E+03  0.5192E+03 -0.8793E-01
   0.0
   0.0
   0.0
   2.645E-17
   1.065E-16
   4.441E-16
  4.697000000e-16
  -1.672000000e-33
  -2.562000000e-17
  4.830200000e-16
  1.480300000e-16
  2.277000000e-16
  -5.484000000e-02 -2.207000000e-01 -9.738000000e-01
  9.705000000e-01 -2.411000000e-01 -6.210000000e-17
  -2.348000000e-01 -9.451000000e-01 2.274000000e-01
 Node:         19
  0.1301E+03  0.1291E+03  0.4914E+03  0.0000E+00
   1.11E-16
   0.0
   1.11E-16
   2.101E-19
   1.001E-17
  -2.22E-16
  1.113000000e-16
  1.110000000e-16
  -2.223000000e-16
  3.334500000e-16
  0.000000000e+00
  1.571900000e-16
  -2.096000000e-02 -9.993000000e-01 -3.003000000e-02
  9.998000000e-01 -2.097000000e-02 1.345000000e-19
  6.298000000e-04 3.003000000e-02 -9.995000000e-01
 Node:         20
  0.1299E+03  0.1291E+03  0.5058E+03  0.0000E+00
   2.22E-16
   0.0
   0.0
   1.041E-17
   1.924E-17
  -5.551E-17
  2.224000000e-16
  5.975000000e-18
  -6.188000000e-17
  2.571600000e-16
  5.549800000e-17
  1.212200000e-16
  -9.993000000e-01 -3.257000000e-03 -3.765000000e-02
  1.428000000e-02 -9.549000000e-01 -2.965000000e-01
  -3.498000000e-02 -2.968000000e-01 9.543000000e-01
 Node:         21
  0.1301E+03  0.1280E+03  0.5197E+03  0.0000E+00
   1.11E-16
   0.0
   0.0
   4.163E-17
   1.475E-17
   1.11E-16
  1.534000000e-16
  7.089000000e-17
  -2.220000000e-18
  1.348500000e-16
  7.402300000e-17
  6.357000000e-17
  -6.994000000e-01 -6.840000000e-02 -7.114000000e-01
  -7.126000000e-01 1.429000000e-01 6.869000000e-01
  -5.465000000e-02 -9.874000000e-01 1.487000000e-01
 Node:         22
  0.1360E+03  0.1256E+03  0.4913E+03  0.0000E+00
  -2.22E-16
   1.388E-17
  -1.11E-16
  -1.388E-17
   1.006E-16
   1.11E-16
  1.500000000e-16
  -1.456000000e-16
  -2.264000000e-16
  3.432100000e-16
  -7.400000000e-17
  1.617900000e-16
  -2.144000000e-02 3.586000000e-01 9.332000000e-01
  2.280000000e-01 9.106000000e-01 -3.447000000e-01
  -9.734000000e-01 2.054000000e-01 -1.013000000e-01
 Node:         23
  0.1343E+03  0.1253E+03  0.5054E+03  0.0000E+00
   0.0
   2.082E-17
  -4.441E-16
   0.0
   1.314E-16
  -1.665E-16
  1.265000000e-18
  -1.147000000e-16
  -4.972000000e-16
  4.517900000e-16
  -2.035500000e-16
  2.129700000e-16
  9.970000000e-01 6.061000000e-02 4.746000000e-02
  6.644000000e-02 -3.661000000e-01 -9.282000000e-01
  3.888000000e-02 -9.286000000e-01 3.690000000e-01
 Node:         24
  0.1336E+03  0.1248E+03  0.5194E+03  0.0000E+00
  -2.22E-16
   1.214E-17
   0.0
   1.388E-17
   8.674E-19
  -1.665E-16
  6.779000000e-19
  -1.633000000e-16
  -2.259000000e-16
  2.026600000e-16
  -1.295100000e-16
  9.553700000e-17
  -5.504000000e-02 -9.984000000e-01 -9.747000000e-03
  2.257000000e-01 -2.195000000e-02 9.740000000e-01
  -9.726000000e-01 5.141000000e-02 2.265000000e-01
 Node:         25
  0.1400E+03  0.1206E+03  0.4917E+03  0.0000E+00
   0.0
   2.671E-16
  -1.11E-16
  -8.327E-17
  -1.301E-16
   2.22E-16
  3.681000000e-16
  7.580000000e-17
  -3.329000000e-16
  6.098700000e-16
  3.700000000e-17
  2.874900000e-16
  5.089000000e-01 4.781000000e-01 -7.159000000e-01
  6.086000000e-01 3.883000000e-01 6.920000000e-01
  6.088000000e-01 -7.878000000e-01 -9.334000000e-02
 Node:         26
  0.1363E+03  0.1200E+03  0.5055E+03  0.0000E+00
   2.22E-16
   1.076E-16
  -6.106E-16
   2.776E-17
  -1.124E-15
  -5.551E-17
  8.281000000e-16
  2.248000000e-16
  -1.497000000e-15
  2.089800000e-15
  -1.480300000e-16
  9.851500000e-16
  7.371000000e-02 6.174000000e-01 -7.832000000e-01
  9.955000000e-01 1.018000000e-03 9.449000000e-02
  -5.914000000e-02 7.866000000e-01 6.146000000e-01
 Node:         27
  0.1343E+03  0.1203E+03  0.5192E+03  0.0000E+00
   2.22E-16
  -1.943E-16
   2.22E-16
  -1.041E-16
   1.313E-15
   0.0
  1.466000000e-15
  1.875000000e-16
  -1.209000000e-15
  2.317400000e-15
  1.481700000e-16
  1.092400000e-15
  -1.693000000e-01 7.280000000e-01 6.643000000e-01
  9.848000000e-01 9.849000000e-02 1.431000000e-01
  3.876000000e-02 6.785000000e-01 -7.336000000e-01
 Node:         28
  0.1155E+03  0.1124E+03  0.4931E+03 -0.5254E+00
  -2.22E-16
   3.816E-17
   2.22E-16
  -5.551E-17
   5.551E-17
   1.11E-16
  2.455000000e-16
  1.014000000e-16
  -2.359000000e-16
  4.279500000e-16
  3.700000000e-17
  2.017400000e-16
  3.184000000e-02 9.284000000e-01 3.701000000e-01
  1.988000000e-01 3.571000000e-01 -9.127000000e-01
  9.795000000e-01 -1.026000000e-01 1.732000000e-01
 Node:         29
  0.1119E+03  0.1139E+03  0.5068E+03 -0.5254E+00
  -2.22E-16
  -2.082E-17
   0.0
   5.551E-17
   6.939E-18
  -3.331E-16
  1.944000000e-18
  -2.004000000e-16
  -3.566000000e-16
  3.113600000e-16
  -1.850200000e-16
  1.467800000e-16
  -9.118000000e-02 9.958000000e-01 5.517000000e-03
  -9.179000000e-01 -8.189000000e-02 -3.884000000e-01
  -3.863000000e-01 -4.048000000e-02 9.215000000e-01
 Node:         30
  0.1113E+03  0.1159E+03  0.5206E+03 -0.5254E+00
   2.22E-16
   1.249E-16
   2.22E-16
   0.0
  -2.776E-17
   1.11E-16
  3.486000000e-16
  1.238000000e-16
  8.277000000e-17
  2.478800000e-16
  1.850600000e-16
  1.168500000e-16
  -7.001000000e-01 -7.092000000e-01 8.287000000e-02
  -4.685000000e-01 3.686000000e-01 -8.029000000e-01
  -5.389000000e-01 6.009000000e-01 5.903000000e-01
 Node:         31
  0.1203E+03  0.1126E+03  0.4920E+03 -0.5254E+00
  -5.551E-17
   9.714E-17
  -1.11E-16
   2.776E-17
   4.163E-17
  -5.551E-17
  4.114000000e-17
  -7.661000000e-17
  -1.866000000e-16
  1.972700000e-16
  -7.402300000e-17
  9.299200000e-17
  -6.956000000e-01 -5.654000000e-01 -4.433000000e-01
  4.358000000e-01 1.585000000e-01 -8.860000000e-01
  5.712000000e-01 -8.095000000e-01 1.362000000e-01
 Node:         32
  0.1188E+03  0.1134E+03  0.5062E+03 -0.5254E+00
   2.22E-16
  -1.388E-17
  -1.11E-16
  -2.776E-17
   9.714E-17
  -5.551E-17
  2.266000000e-16
  1.331000000e-17
  -1.844000000e-16
  3.560200000e-16
  1.850300000e-17
  1.678300000e-16
  -9.894000000e-01 7.624000000e-02 1.236000000e-01
  1.445000000e-01 5.992000000e-01 7.875000000e-01
  1.402000000e-02 -7.970000000e-01 6.038000000e-01
 Node:         33
  0.1183E+03  0.1150E+03  0.5201E+03 -0.5254E+00
   1.11E-16
   5.551E-17
   0.0
   8.327E-17
   0.0
   0.0
  1.700000000e-16
  0.000000000e+00
  -5.893000000e-17
  2.058900000e-16
  3.702300000e-17
  9.705800000e-17
  -8.617000000e-01 -2.815000000e-01 -4.222000000e-01
  0.000000000e+00 -8.321000000e-01 5.547000000e-01
  -5.074000000e-01 4.780000000e-01 7.170000000e-01
 Node:         34
  0.1255E+03  0.1129E+03  0.4909E+03 -0.5254E+00
   0.0
   0.0
   0.0
   5.551E-17
   9.714E-17
   0.0
  1.119000000e-16
  3.387000000e-33
  -1.119000000e-16
  1.938200000e-16
  0.000000000e+00
  9.136600000e-17
  -3.508000000e-01 -6.139000000e-01 -7.071000000e-01
  8.682000000e-01 -4.961000000e-01 -4.855000000e-17
  -3.508000000e-01 -6.139000000e-01 7.071000000e-01
 Node:         35
  0.1260E+03  0.1135E+03  0.5054E+03 -0.5254E+00
   0.0
   1.11E-16
  -1.11E-16
   1.11E-16
   2.498E-16
  -1.11E-16
  2.410000000e-16
  -1.023000000e-16
  -3.608000000e-16
  5.229000000e-16
  -7.403300000e-17
  2.465000000e-16
  5.458000000e-01 5.925000000e-01 5.925000000e-01
  8.379000000e-01 -3.859000000e-01 -3.859000000e-01
  -4.975000000e-17 -7.071000000e-01 7.071000000e-01
 Node:         36
  0.1257E+03  0.1153E+03  0.5196E+03 -0.5254E+00
   0.0
  -5.551E-17
   0.0
  -5.551E-17
   8.327E-17
   0.0
  1.305000000e-16
  -4.723000000e-17
  -8.327000000e-17
  1.982200000e-16
  0.000000000e+00
  9.344300000e-17
  -5.155000000e-01 6.059000000e-01 6.059000000e-01
  8.569000000e-01 3.645000000e-01 3.645000000e-01
  -1.256000000e-16 7.071000000e-01 -7.071000000e-01
 Node:         37
  0.1132E+03  0.1210E+03  0.4959E+03 -0.5254E+00
  -2.22E-16
   1.388E-16
  -2.22E-16
  -8.327E-17
   1.804E-16
  -2.776E-16
  -4.482000000e-17
  -1.622000000e-16
  -5.146000000e-16
  4.234700000e-16
  -2.405400000e-16
  1.996300000e-16
  3.971000000e-01 7.887000000e-01 4.693000000e-01
  -7.874000000e-01 3.010000000e-02 6.157000000e-01
  4.715000000e-01 -6.140000000e-01 6.330000000e-01
 Node:         38
  0.1111E+03  0.1204E+03  0.5085E+03 -0.5254E+00
  -1.665E-16
   9.714E-17
   0.0
  -2.776E-17
  -8.327E-17
  -2.22E-16
  7.071000000e-17
  -2.091000000e-16
  -2.502000000e-16
  3.024600000e-16
  -1.295300000e-16
  1.425800000e-16
  -3.916000000e-01 -8.746000000e-01 2.859000000e-01
  9.154000000e-01 -3.389000000e-01 2.170000000e-01
  9.287000000e-02 -3.467000000e-01 -9.334000000e-01
 Node:         39
  0.1119E+03  0.1201E+03  0.5207E+03 -0.5254E+00
  -5.551E-17
  -9.714E-17
  -3.331E-16
  -8.327E-17
  -7.633E-17
  -1.11E-16
  8.934000000e-18
  -1.105000000e-16
  -3.981000000e-16
  3.623900000e-16
  -1.665600000e-16
  1.708300000e-16
  8.510000000e-01 -1.281000000e-01 -5.092000000e-01
  4.076000000e-01 -4.503000000e-01 7.944000000e-01
  -3.311000000e-01 -8.836000000e-01 -3.310000000e-01
 Node:         40
  0.1191E+03  0.1220E+03  0.4937E+03 -0.5254E+00
   0.0
   8.327E-17
  -2.22E-16
   8.327E-17
  -1.388E-17
  -2.22E-16
  4.872000000e-17
  -2.082000000e-16
  -2.846000000e-16
  3.024500000e-16
  -1.480300000e-16
  1.425700000e-16
  -9.240000000e-01 -2.703000000e-01 -2.703000000e-01
  0.000000000e+00 -7.071000000e-01 7.071000000e-01
  3.823000000e-01 -6.534000000e-01 -6.534000000e-01
 Node:         41
  0.1182E+03  0.1217E+03  0.5073E+03 -0.5254E+00
   0.0
  -2.776E-17
  -5.551E-17
   5.551E-17
   9.714E-17
   1.11E-16
  1.653000000e-16
  1.073000000e-17
  -1.206000000e-16
  2.478700000e-16
  1.847700000e-17
  1.168500000e-16
  2.406000000e-01 3.653000000e-01 8.993000000e-01
  -8.901000000e-01 4.526000000e-01 5.428000000e-02
  -3.871000000e-01 -8.135000000e-01 4.340000000e-01
 Node:         42
  0.1187E+03  0.1212E+03  0.5204E+03 -0.5254E+00
   0.0
  -5.551E-17
  -1.11E-16
   0.0
   5.551E-17
   1.11E-16
  1.256000000e-16
  1.887000000e-17
  -1.444000000e-16
  2.355300000e-16
  2.333300000e-20
  1.110300000e-16
  1.113000000e-01 -2.517000000e-01 -9.614000000e-01
  9.295000000e-01 -3.159000000e-01 1.903000000e-01
  -3.516000000e-01 -9.148000000e-01 1.988000000e-01
 Node:         43
  0.1258E+03  0.1217E+03  0.4915E+03 -0.5254E+00
   2.22E-16
   1.11E-16
   1.11E-16
  -1.388E-17
   0.0
  -5.551E-17
  2.911000000e-16
  4.294000000e-17
  -5.645000000e-17
  3.100400000e-16
  9.253000000e-17
  1.461600000e-16
  -8.507000000e-01 -5.246000000e-01 3.406000000e-02
  -5.213000000e-01 8.502000000e-01 7.348000000e-02
  6.751000000e-02 -4.475000000e-02 9.967000000e-01
 Node:         44
  0.1259E+03  0.1220E+03  0.5059E+03 -0.5254E+00
  -2.22E-16
   1.388E-16
  -2.22E-16
   9.714E-17
   1.11E-16
  -1.11E-16
  5.081000000e-17
  -2.445000000e-16
  -3.614000000e-16
  3.679600000e-16
  -1.850300000e-16
  1.734600000e-16
  -5.113000000e-01 -5.340000000e-01 -6.733000000e-01
  -5.198000000e-01 -4.318000000e-01 7.372000000e-01
  -6.844000000e-01 7.269000000e-01 -5.679000000e-02
 Node:         45
  0.1261E+03  0.1221E+03  0.5198E+03 -0.5254E+00
  -5.551E-17
  -8.327E-17
  -2.776E-16
   2.776E-17
  -6.939E-18
   1.11E-16
  1.167000000e-16
  -3.339000000e-17
  -3.053000000e-16
  3.705000000e-16
  -7.399700000e-17
  1.746600000e-16
  1.854000000e-01 -5.643000000e-02 9.810000000e-01
  9.302000000e-01 -3.117000000e-01 -1.938000000e-01
  -3.167000000e-01 -9.485000000e-01 5.308000000e-03
 Node:         46
  0.1117E+03  0.1296E+03  0.4959E+03  0.0000E+00
  -5.551E-17
   2.776E-17
  -1.665E-16
   6.939E-18
  -2.602E-17
   0.0
  4.101000000e-18
  -4.897000000e-17
  -1.772000000e-16
  1.614500000e-16
  -7.402300000e-17
  7.610600000e-17
  4.856000000e-02 -1.429000000e-01 9.886000000e-01
  9.724000000e-01 2.327000000e-01 -1.414000000e-02
  -2.280000000e-01 9.620000000e-01 1.502000000e-01
 Node:         47
  0.1107E+03  0.1269E+03  0.5087E+03  0.0000E+00
  -1.665E-16
  -3.123E-17
   1.11E-16
  -2.776E-17
   3.99E-17
   0.0
  1.289000000e-16
  -1.114000000e-17
  -1.732000000e-16
  2.618600000e-16
  -1.848000000e-17
  1.234400000e-16
  -1.292000000e-01 9.390000000e-01 3.186000000e-01
  -1.008000000e-01 -3.321000000e-01 9.379000000e-01
  -9.865000000e-01 -8.906000000e-02 -1.376000000e-01
 Node:         48
  0.1125E+03  0.1242E+03  0.5208E+03  0.0000E+00
   1.11E-16
   3.469E-18
   1.11E-16
   0.0
  -1.735E-18
   1.11E-16
  1.149000000e-16
  1.110000000e-16
  1.071000000e-16
  6.755000000e-18
  1.110000000e-16
  3.184300000e-18
  -6.325000000e-01 -7.071000000e-01 3.162000000e-01
  4.472000000e-01 -4.455000000e-15 8.944000000e-01
  -6.325000000e-01 7.071000000e-01 3.162000000e-01
 Node:         49
  0.1186E+03  0.1311E+03  0.4938E+03  0.0000E+00
  -1.665E-16
  -2.082E-17
   0.0
  -4.163E-17
  -6.072E-18
  -5.551E-17
  2.581000000e-18
  -4.165000000e-17
  -1.830000000e-16
  1.678900000e-16
  -7.402300000e-17
  7.914600000e-17
  1.174000000e-01 -9.929000000e-01 1.965000000e-02
  -3.135000000e-01 -1.827000000e-02 9.494000000e-01
  -9.423000000e-01 -1.176000000e-01 -3.134000000e-01
 Node:         50
  0.1180E+03  0.1298E+03  0.5075E+03  0.0000E+00
   0.0
  -1.301E-17
   3.331E-16
  -4.163E-17
   1.247E-17
   2.22E-16
  3.354000000e-16
  2.276000000e-16
  -7.879000000e-18
  3.040700000e-16
  1.850400000e-16
  1.433400000e-16
  5.441000000e-02 -9.902000000e-01 -1.289000000e-01
  -1.707000000e-01 -1.364000000e-01 9.758000000e-01
  9.838000000e-01 3.109000000e-02 1.765000000e-01
 Node:         51
  0.1192E+03  0.1275E+03  0.5206E+03  0.0000E+00
   0.0
  -3.469E-18
  -5.551E-17
   0.0
   1.475E-17
   1.11E-16
  1.123000000e-16
  2.087000000e-19
  -5.702000000e-17
  1.491800000e-16
  1.849600000e-17
  7.032400000e-17
  -2.705000000e-03 8.758000000e-02 9.962000000e-01
  9.982000000e-01 -6.004000000e-02 7.989000000e-03
  -6.051000000e-02 -9.943000000e-01 8.725000000e-02
 Node:         52
  0.1262E+03  0.1305E+03  0.4920E+03  0.0000E+00
   1.11E-16
  -1.388E-17
   1.11E-16
   1.301E-18
   4.906E-18
   0.0
  1.250000000e-16
  9.734000000e-17
  -2.497000000e-19
  1.139700000e-16
  7.403000000e-17
  5.372400000e-17
  -7.047000000e-01 7.092000000e-01 2.051000000e-02
  7.093000000e-01 7.034000000e-01 4.493000000e-02
  -1.744000000e-02 -4.621000000e-02 9.988000000e-01
 Node:         53
  0.1258E+03  0.1304E+03  0.5063E+03  0.0000E+00
  -1.665E-16
  -1.735E-18
  -1.11E-16
   2.776E-17
   3.383E-17
  -2.22E-16
  -1.010000000e-16
  -1.572000000e-16
  -2.414000000e-16
  1.223900000e-16
  -1.665300000e-16
  5.769700000e-17
  9.684000000e-02 9.526000000e-01 2.883000000e-01
  -9.346000000e-01 1.866000000e-01 -3.027000000e-01
  -3.422000000e-01 -2.402000000e-01 9.084000000e-01
 Node:         54
  0.1265E+03  0.1288E+03  0.5200E+03  0.0000E+00
  -2.22E-16
   2.082E-17
   1.11E-16
   0.0
  -4.337E-18
   1.11E-16
  1.160000000e-16
  1.073000000e-16
  -2.233000000e-16
  3.350300000e-16
  0.000000000e+00
  1.579400000e-16
  -4.656000000e-02 -7.562000000e-01 6.527000000e-01
  -4.117000000e-02 -6.514000000e-01 -7.576000000e-01
  -9.981000000e-01 6.215000000e-02 8.061000000e-04
 Node:         55
  0.1382E+03  0.1167E+03  0.4534E+03  0.1745E-02
  -0.0241
  -0.006196
   0.02285
   5.117E-4
   0.009823
   0.007846
  6.216200000e-02
  1.245600000e-02
  -5.199800000e-02
  1.008300000e-01
  7.540000000e-03
  4.753300000e-02
  -1.362200000e-02 5.514200000e-02 5.335000000e-02
  1.509500000e-01 2.402900000e-02 1.473000000e-01
  -6.676500000e-01 -8.020100000e-02 5.570100000e-02
 Node:         56
  0.1314E+03  0.1156E+03  0.4687E+03  0.1745E-02
  -0.02394
  -7.358E-4
   0.01294
   0.00567
   0.001626
  -0.001799
  2.807100000e-02
  1.003800000e-03
  -5.243600000e-02
  7.214800000e-02
  -7.786900000e-03
  3.401100000e-02
  -8.311200000e-03 -1.094500000e-01 2.977900000e-02
  1.601600000e-01 6.380200000e-02 2.351300000e-01
  -7.158000000e-01 1.338300000e-03 2.073700000e-01
 Node:         57
  0.1285E+03  0.1140E+03  0.4823E+03  0.1745E-02
  -0.005264
   0.002266
  -8.4E-5
   0.001909
  -0.001277
  -9.515E-4
  2.422400000e-03
  -6.450400000e-04
  -1.484200000e-02
  1.613700000e-02
  -4.354800000e-03
  7.607000000e-03
  -2.081300000e-01 -7.030800000e-01 3.819800000e-01
  4.269100000e-01 3.061500000e-01 6.885100000e-01
  -6.762200000e-01 3.124600000e-01 3.773000000e-01
 Node:         58
  0.1482E+03  0.1175E+03  0.4538E+03  0.1745E-02
  -0.0252
  -0.0137
   0.03935
  -0.002343
   0.007669
  -0.008357
  9.628000000e-02
  -8.361300000e-03
  -6.514100000e-02
  1.436600000e-01
  7.592700000e-03
  6.772400000e-02
  1.835500000e-02 -2.572100000e-01 -4.705700000e-02
  2.056700000e-01 -6.330600000e-02 7.545600000e-01
  -3.083800000e-01 -5.871100000e-02 8.063900000e-02
 Node:         59
  0.1418E+03  0.1165E+03  0.4696E+03  0.1745E-02
  -0.02072
  -0.01212
   0.02928
   8.875E-5
   0.00513
  -0.007579
  7.138000000e-02
  -1.292400000e-02
  -5.451800000e-02
  1.120100000e-01
  1.312600000e-03
  5.280200000e-02
  3.350200000e-03 1.092400000e-01 -1.626000000e-02
  2.051000000e-01 3.162400000e-02 7.564400000e-01
  -1.218000000e-01 -3.483100000e-02 2.503200000e-01
 Node:         60
  0.1375E+03  0.1150E+03  0.4832E+03  0.1745E-02
  -0.003219
  -0.002566
   0.005001
   7.954E-4
   3.739E-4
  -0.00102
  1.347400000e-02
  -1.472400000e-03
  -1.092100000e-02
  2.173700000e-02
  3.599800000e-04
  1.024700000e-02
  -2.145000000e-01 7.328100000e-01 -3.559100000e-02
  -9.869600000e-02 -1.280000000e-01 1.257400000e-01
  -1.856000000e-02 1.307800000e-01 1.685200000e-01
 Node:         61
  0.1552E+03  0.1216E+03  0.4541E+03  0.1745E-02
  -0.007268
  -0.01253
   0.01728
  -0.008355
   0.01041
  -0.03354
  6.834200000e-02
  -2.878800000e-02
  -7.871700000e-02
  1.303500000e-01
  -1.305400000e-02
  6.145000000e-02
  -1.821300000e-01 5.736100000e-01 1.492800000e-01
  7.648500000e-01 4.159300000e-01 -1.731600000e-01
  2.206300000e-01 -8.752100000e-02 8.652900000e-01
 Node:         62
  0.1491E+03  0.1200E+03  0.4702E+03  0.1745E-02
   0.005119
  -0.02075
   0.02255
  -0.005114
   0.00787
  -0.02432
  8.662100000e-02
  -1.938900000e-02
  -5.667000000e-02
  1.289600000e-01
  3.520500000e-03
  6.079400000e-02
  -3.137900000e-01 4.510500000e-01 9.828000000e-02
  7.963600000e-01 4.747100000e-01 1.225100000e-02
  1.074100000e-02 1.997300000e-02 1.015000000e-01
 Node:         63
  0.1436E+03  0.1181E+03  0.4839E+03  0.1745E-02
   0.00447
  -0.00688
   0.007515
  -1.509E-4
   8.866E-4
  -0.003674
  2.839300000e-02
  -1.849400000e-03
  -9.035000000e-03
  3.469100000e-02
  5.836400000e-03
  1.635300000e-02
  -3.560500000e-01 4.435100000e-01 6.280600000e-02
  6.066000000e-01 5.147800000e-01 6.966600000e-03
  -1.058300000e-01 -2.055900000e-01 4.243800000e-01
 Node:         64
  0.1413E+03  0.1253E+03  0.4529E+03  0.1745E-02
  -0.02101
   0.002599
   0.02485
  -0.005205
   0.003856
  -0.007682
  5.560500000e-02
  -1.144800000e-02
  -4.939600000e-02
  9.253400000e-02
  -1.746200000e-03
  4.362100000e-02
  5.741000000e-02 5.858800000e-01 7.472100000e-02
  1.519000000e-01 3.650700000e-02 -4.139100000e-01
  -1.950800000e-01 6.111500000e-02 -6.773100000e-02
 Node:         65
  0.1340E+03  0.1229E+03  0.4685E+03  0.1745E-02
  -0.01334
  -0.001956
   0.02078
  -0.002382
   0.001794
  -0.005248
  4.610500000e-02
  -8.479900000e-03
  -3.170800000e-02
  6.949000000e-02
  1.972400000e-03
  3.275800000e-02
  1.550100000e-02 -3.743900000e-01 -2.826200000e-02
  -1.460500000e-01 -6.103000000e-02 5.906400000e-01
  -2.444100000e-01 4.427400000e-02 5.900200000e-02
 Node:         66
  0.1299E+03  0.1214E+03  0.4825E+03  0.1745E-02
  -5.943E-4
  -0.0011
   0.003828
   4.941E-4
  -3.243E-4
  -7.949E-4
  9.474600000e-03
  -6.029800000e-04
  -3.546500000e-03
  1.199000000e-02
  1.775000000e-03
  5.652300000e-03
  -2.665700000e-01 3.701900000e-01 4.600200000e-02
  4.765000000e-01 2.524400000e-01 2.013600000e-01
  3.600500000e-01 -2.609800000e-02 3.772300000e-02
 Node:         67
  0.1499E+03  0.1242E+03  0.4534E+03  0.1745E-02
  -0.01996
  -0.008309
   0.02194
  -0.004509
   0.002766
  -0.008071
  5.434500000e-02
  -5.291200000e-03
  -5.113400000e-02
  9.367100000e-02
  -6.936200000e-04
  4.415700000e-02
  -1.118400000e-02 4.475500000e-02 -1.409700000e-02
  5.278300000e-02 -1.191900000e-01 6.611400000e-01
  -4.378800000e-01 -6.911000000e-02 -4.471400000e-02
 Node:         68
  0.1432E+03  0.1223E+03  0.4693E+03  0.1745E-02
  -0.008658
  -0.01524
   0.02265
  -0.005424
   0.004331
  -0.004648
  6.629100000e-02
  -3.184000000e-03
  -3.852200000e-02
  9.321200000e-02
  8.195300000e-03
  4.394100000e-02
  3.967200000e-02 -1.313600000e-01 -2.019200000e-02
  -8.623500000e-02 -1.720800000e-01 7.430400000e-01
  1.074300000e-01 5.117600000e-02 2.110200000e-01
 Node:         69
  0.1380E+03  0.1205E+03  0.4831E+03  0.1745E-02
   0.001299
  -0.004967
   0.00638
  -0.001108
   0.001387
  -2.416E-4
  2.143000000e-02
  -4.923500000e-04
  -4.669800000e-03
  2.439300000e-02
  5.422600000e-03
  1.149900000e-02
  -5.102900000e-01 8.239200000e-01 1.502800000e-01
  1.950600000e-01 1.175200000e-01 5.752100000e-01
  6.497100000e-01 2.949600000e-01 8.042200000e-02
 Node:         70
  0.1555E+03  0.1237E+03  0.4540E+03  0.1745E-02
  -0.01411
  -0.01026
   0.001647
  -0.01049
   0.007438
   0.005444
  5.228900000e-02
  -7.158100000e-03
  -5.186700000e-02
  9.069200000e-02
  -2.245100000e-03
  4.275200000e-02
  -1.334400000e-01 2.138800000e-01 1.473000000e-01
  6.295200000e-02 -6.841000000e-01 4.527500000e-01
  -4.271600000e-02 3.224700000e-03 -2.525500000e-02
 Node:         71
  0.1493E+03  0.1219E+03  0.4701E+03  0.1745E-02
   8.157E-4
  -0.01986
   0.0137
  -0.01462
   0.01079
   0.0023
  8.388900000e-02
  -1.967700000e-03
  -4.063200000e-02
  1.108700000e-01
  1.376300000e-02
  5.226300000e-02
  -3.732500000e-01 4.515000000e-01 3.133900000e-01
  1.331500000e-01 -1.925300000e-01 4.909100000e-01
  6.338000000e-01 2.680100000e-01 2.995000000e-01
 Node:         72
  0.1435E+03  0.1199E+03  0.4838E+03  0.1745E-02
   0.004508
  -0.007521
   0.005573
  -0.003678
   0.002811
   8.418E-4
  3.100800000e-02
  -5.002100000e-04
  -6.489300000e-03
  3.498800000e-02
  8.006200000e-03
  1.649400000e-02
  -6.453200000e-01 6.824200000e-01 3.015000000e-01
  6.322400000e-02 -1.621700000e-01 6.664500000e-01
  5.727300000e-01 4.118800000e-01 1.168100000e-01
 Node:         73
  0.1444E+03  0.1339E+03  0.4526E+03  0.0000E+00
   0.01024
  -0.003637
  -0.01926
   0.001078
  -0.001247
   0.01467
  3.461200000e-02
  1.995300000e-02
  -4.152400000e-02
  7.034100000e-02
  4.346800000e-03
  3.315900000e-02
  1.831100000e-01 -4.803000000e-02 5.323600000e-01
  4.463100000e-01 -4.537300000e-02 1.665700000e-01
  -6.977100000e-02 -5.165800000e-01 -1.599500000e-02
 Node:         74
  0.1367E+03  0.1304E+03  0.4684E+03  0.0000E+00
   0.02202
  -0.002069
  -0.009159
   0.001068
  -0.00246
   0.01043
  5.012000000e-02
  2.303400000e-02
  -2.122500000e-02
  6.276000000e-02
  1.731000000e-02
  2.958500000e-02
  -4.386700000e-01 -6.942700000e-02 -3.032700000e-02
  -1.420300000e-01 -6.306000000e-02 7.497100000e-01
  -5.907100000e-02 3.310800000e-01 -1.748000000e-02
 Node:         75
  0.1313E+03  0.1288E+03  0.4826E+03  0.0000E+00
   0.00819
  -8.847E-4
  -0.001101
  -0.001063
  -5.688E-4
   7.302E-4
  1.907100000e-02
  1.892700000e-03
  -3.560800000e-03
  2.059700000e-02
  5.800900000e-03
  9.709300000e-03
  -9.670200000e-01 9.935500000e-02 1.159600000e-01
  5.287100000e-02 -2.635900000e-01 9.464900000e-01
  1.262700000e-01 7.011700000e-01 1.898900000e-01
 Node:         76
  0.1516E+03  0.1309E+03  0.4532E+03  0.0000E+00
   0.009877
  -0.005377
  -0.02599
  -0.001208
   0.005439
   0.02172
  4.854000000e-02
  2.093300000e-02
  -5.693100000e-02
  9.491900000e-02
  4.180600000e-03
  4.474500000e-02
  -9.861500000e-02 3.525600000e-02 2.349600000e-01
  6.134400000e-01 -9.103600000e-02 1.168900000e-01
  2.504700000e-02 7.954300000e-02 -1.318800000e-02
 Node:         77
  0.1446E+03  0.1281E+03  0.4691E+03  0.0000E+00
   0.03042
   0.001053
  -0.01248
  -8.463E-4
   0.004281
   0.01031
  6.828700000e-02
  2.255900000e-02
  -2.865800000e-02
  8.443900000e-02
  2.072900000e-02
  3.980500000e-02
  -9.889800000e-01 -8.748800000e-03 5.868200000e-02
  5.566400000e-02 1.718500000e-01 9.766300000e-01
  -4.268200000e-02 3.644600000e-01 -7.207500000e-02
 Node:         78
  0.1384E+03  0.1261E+03  0.4830E+03  0.0000E+00
   0.0128
   0.001497
  -8.006E-4
  -9.189E-4
  -1.504E-5
   4.119E-4
  2.898600000e-02
  9.429000000e-04
  -2.358300000e-03
  2.983300000e-02
  9.190100000e-03
  1.406400000e-02
  -9.850400000e-01 -9.279800000e-02 6.551600000e-02
  1.610900000e-02 1.074000000e-02 6.777500000e-01
  -1.219900000e-01 5.226500000e-01 -1.382200000e-01
 Node:         79
  0.1557E+03  0.1258E+03  0.4539E+03  0.0000E+00
   0.009019
   0.009611
   0.003357
   0.001611
   5.874E-4
  -0.05278
  5.106900000e-02
  -1.153500000e-02
  -1.462200000e-01
  1.759400000e-01
  -3.556300000e-02
  8.294000000e-02
  7.160300000e-01 6.035100000e-01 -1.456300000e-02
  -1.400800000e-02 1.893800000e-01 -1.589400000e-02
  -2.682100000e-02 2.450000000e-02 8.642700000e-01
 Node:         80
  0.1495E+03  0.1238E+03  0.4701E+03  0.0000E+00
   0.03404
   0.01022
   5.789E-4
   0.002131
  -3.62E-4
  -0.04267
  8.454000000e-02
  -2.565600000e-03
  -1.187100000e-01
  1.801000000e-01
  -1.224600000e-02
  8.490200000e-02
  3.888500000e-01 2.462900000e-01 -4.484200000e-03
  -3.238300000e-01 8.849600000e-01 5.522200000e-02
  -2.662300000e-02 -6.275000000e-02 9.512500000e-01
 Node:         81
  0.1433E+03  0.1217E+03  0.4837E+03  0.0000E+00
   0.01449
   0.003036
  -6.674E-5
   6.379E-4
   2.153E-4
  -0.005225
  3.314900000e-02
  -9.810800000e-04
  -1.539000000e-02
  4.370300000e-02
  5.592500000e-03
  2.060200000e-02
  -9.757000000e-01 -1.884700000e-01 -3.774200000e-02
  -2.019800000e-01 9.179100000e-01 1.119600000e-01
  -1.719900000e-03 -1.166400000e-01 9.350600000e-01
 Node:         82
  0.1267E+03  0.1148E+03  0.4564E+03 -0.5913E-02
  -0.005941
  -0.003466
   0.006277
   0.001224
   0.005512
   3.63E-4
  2.508200000e-02
  -2.920700000e-03
  -2.058200000e-02
  4.005000000e-02
  5.264000000e-04
  1.888000000e-02
  -2.273400000e-01 8.039100000e-01 4.485600000e-01
  -1.417900000e-01 2.439700000e-01 -3.647300000e-01
  8.277600000e-02 -8.508500000e-02 8.129700000e-02
 Node:         83
  0.1234E+03  0.1129E+03  0.4720E+03 -0.5913E-02
  -0.01041
  -4.868E-4
   0.002623
   0.009236
   0.002588
  -0.00723
  9.183000000e-03
  -1.135300000e-03
  -3.804000000e-02
  4.312700000e-02
  -9.997300000e-03
  2.033000000e-02
  9.635900000e-02 7.254200000e-01 3.008000000e-01
  -4.593600000e-01 2.971900000e-01 -5.215500000e-01
  -6.628800000e-01 -7.826300000e-02 5.729000000e-01
 Node:         84
  0.1187E+03  0.1123E+03  0.4849E+03 -0.5913E-02
  -0.001506
   2.092E-4
   1.652E-4
   0.003586
  -1.54E-4
  -0.006511
  9.865500000e-04
  1.461500000e-04
  -1.703400000e-02
  1.762300000e-02
  -5.300500000e-03
  8.307500000e-03
  -6.070400000e-01 -2.646000000e-01 -2.577100000e-01
  3.262800000e-01 -5.909500000e-01 2.093400000e-01
  4.158900000e-01 -2.894800000e-02 -7.970900000e-01
 Node:         85
  0.1302E+03  0.1161E+03  0.4552E+03 -0.5913E-02
  -0.00782
  -0.003372
   0.008069
   0.001842
   0.008248
   0.00289
  3.358500000e-02
  -2.902100000e-03
  -2.322500000e-02
  4.994800000e-02
  2.485900000e-03
  2.354600000e-02
  -1.699000000e-01 7.179000000e-01 4.667000000e-01
  -1.309700000e-01 3.764300000e-01 -3.688600000e-01
  1.864000000e-01 2.724400000e-02 7.513900000e-03
 Node:         86
  0.1252E+03  0.1138E+03  0.4703E+03 -0.5913E-02
  -0.01024
   0.004214
   0.01939
   0.01691
   0.009478
  -0.004151
  5.686800000e-02
  6.707100000e-03
  -4.885600000e-02
  9.199600000e-02
  4.906100000e-03
  4.336700000e-02
  -2.859600000e-01 -6.807200000e-01 -3.805000000e-01
  4.237500000e-01 -5.008000000e-01 5.328500000e-01
  7.146400000e-01 4.929800000e-02 -5.793500000e-01
 Node:         87
  0.1217E+03  0.1126E+03  0.4834E+03 -0.5913E-02
  -0.002787
   8.58E-5
   5.807E-4
   0.00448
  -7.301E-4
  -0.0058
  1.923800000e-03
  3.604300000e-04
  -1.848400000e-02
  1.970500000e-02
  -5.399900000e-03
  9.288900000e-03
  -4.489200000e-01 7.096500000e-01 -3.387400000e-01
  6.074200000e-01 5.200600000e-01 4.267700000e-01
  5.841700000e-01 -3.171200000e-02 -7.091100000e-01
 Node:         88
  0.1338E+03  0.1169E+03  0.4536E+03 -0.5913E-02
  -0.01737
  -0.005647
   0.00739
   0.001679
   0.01165
   0.01136
  4.725900000e-02
  -1.350400000e-03
  -3.912200000e-02
  7.502400000e-02
  2.262200000e-03
  3.536700000e-02
  -1.002100000e-01 6.530700000e-01 7.264800000e-01
  -1.480500000e-01 5.337500000e-01 -3.876500000e-01
  5.043000000e-01 1.013300000e-01 -7.854500000e-02
 Node:         89
  0.1270E+03  0.1150E+03  0.4687E+03 -0.5913E-02
  -0.01944
   7.232E-4
   0.004337
   0.007505
   0.00329
  -0.001886
  1.438600000e-02
  -2.317000000e-03
  -4.498100000e-02
  5.327300000e-02
  -1.097100000e-02
  2.511300000e-02
  6.406600000e-02 7.401600000e-01 4.364100000e-01
  -2.065500000e-01 3.838600000e-01 -5.458000000e-01
  -8.137200000e-01 1.069500000e-02 3.341900000e-01
 Node:         90
  0.1248E+03  0.1132E+03  0.4822E+03 -0.5913E-02
  -0.004703
   0.00253
  -0.001111
   0.002338
  -0.001286
  -0.001403
  5.952900000e-04
  -4.004500000e-04
  -1.499100000e-02
  1.518000000e-02
  -4.931900000e-03
  7.155800000e-03
  2.289500000e-01 5.069000000e-01 3.496600000e-02
  1.439600000e-01 -5.343200000e-02 3.819500000e-01
  -7.037200000e-01 4.202200000e-01 4.195400000e-01
 Node:         91
  0.1259E+03  0.1262E+03  0.4550E+03 -0.5913E-02
  -0.01593
   0.00421
   0.02094
  -0.002551
   0.008911
  -0.001091
  5.368100000e-02
  -5.981500000e-03
  -3.550400000e-02
  7.870600000e-02
  4.065200000e-03
  3.710200000e-02
  -3.468800000e-02 2.273700000e-02 -2.830900000e-03
  -1.634700000e-01 -1.478900000e-01 5.053200000e-01
  -9.890500000e-02 6.482200000e-02 -3.072600000e-02
 Node:         92
  0.1209E+03  0.1234E+03  0.4726E+03 -0.5913E-02
  -0.01242
  -6.063E-4
   0.01012
   3.55E-4
   0.006403
   0.004475
  3.164800000e-02
  1.048600000e-03
  -2.634500000e-02
  5.030200000e-02
  2.117100000e-03
  2.371200000e-02
  -7.274700000e-02 -4.531400000e-01 -2.984700000e-01
  2.423000000e-02 -4.198800000e-01 6.200700000e-01
  -6.381700000e-01 3.559000000e-02 7.485400000e-02
 Node:         93
  0.1159E+03  0.1217E+03  0.4877E+03 -0.5913E-02
  -0.00129
  -6.385E-4
   6.792E-4
   0.001007
   0.001426
  -4.305E-4
  4.329800000e-03
  -2.421400000e-04
  -5.996800000e-03
  9.109200000e-03
  -6.363700000e-04
  4.294100000e-03
  -1.159300000e-01 2.950000000e-01 3.555600000e-01
  1.552600000e-02 -5.032800000e-02 4.751800000e-02
  -1.267200000e-01 -8.246100000e-02 2.470600000e-01
 Node:         94
  0.1313E+03  0.1264E+03  0.4541E+03 -0.5913E-02
  -0.01944
   0.003863
   0.02336
  -0.005796
   0.00785
   0.004205
  5.807800000e-02
  7.352600000e-03
  -4.351300000e-02
  8.807900000e-02
  7.305900000e-03
  4.152100000e-02
  7.245300000e-02 5.268900000e-01 2.347800000e-01
  1.798900000e-01 1.775400000e-01 -3.792500000e-01
  5.719200000e-01 -1.610700000e-01 1.724800000e-01
 Node:         95
  0.1250E+03  0.1235E+03  0.4707E+03 -0.5913E-02
  -0.01646
  -0.001382
   0.01312
  -9.42E-4
   0.004357
   0.008042
  3.532400000e-02
  1.162800000e-02
  -3.464600000e-02
  6.205600000e-02
  4.101900000e-03
