 Group name: predicted_strain_L4A1
 #Fields=  17
 1) coordinates, coordinate, rectangular cartesian, #Components=3
   x.  Value index= 1, #Derivatives=0
   y.  Value index= 2, #Derivatives=0
   z.  Value index= 3, #Derivatives=0
 2) dummy, field, rectangular cartesian, #Components=1
   Tensor_1.  Value index= 4, #Derivatives=0
 3) Tensor_1, field, rectangular cartesian, #Components=1
   Tensor_1.  Value index= 5, #Derivatives=0
 4) Tensor_2, field, rectangular cartesian, #Components=1
   Tensor_2.  Value index= 6, #Derivatives=0
 5) Tensor_3, field, rectangular cartesian, #Components=1
   Tensor_3.  Value index= 7, #Derivatives=0
 6) Tensor_4, field, rectangular cartesian, #Components=1
   Tensor_4.  Value index= 8, #Derivatives=0
 7) Tensor_5, field, rectangular cartesian, #Components=1
   Tensor_5.  Value index= 9, #Derivatives=0
 8) Tensor_6, field, rectangular cartesian, #Components=1
   Tensor_6.  Value index= 10, #Derivatives=0
 9) Principal_1, field, rectangular cartesian, #Components=1
   Principal_1.  Value index= 11, #Derivatives=0
 10) Principal_2, field, rectangular cartesian, #Components=1
   Principal_2.  Value index= 12, #Derivatives=0
 11) Principal_3, field, rectangular cartesian, #Components=1
   Principal_3.  Value index= 13, #Derivatives=0
 12) VonMises, field, rectangular cartesian, #Components=1
   VonMises.  Value index= 14, #Derivatives=0
 13) Hydrostatic, field, rectangular cartesian, #Components=1
   VonMises.  Value index= 15, #Derivatives=0
 14) Octahedral, field, rectangular cartesian, #Components=1
   VonMises.  Value index= 16, #Derivatives=0
 15) PrincipalVector1, field, rectangular cartesian, #Components=3
   x.  Value index= 17, #Derivatives=0
   y.  Value index= 18, #Derivatives=0
   z.  Value index= 19, #Derivatives=0
 16) PrincipalVector2, field, rectangular cartesian, #Components=3
   x.  Value index= 20, #Derivatives=0
   y.  Value index= 21, #Derivatives=0
   z.  Value index= 22, #Derivatives=0
 17) PrincipalVector3, field, rectangular cartesian, #Components=3
   x.  Value index= 23, #Derivatives=0
   y.  Value index= 24, #Derivatives=0
   z.  Value index= 25, #Derivatives=0
 Node:          1
  0.1287E+03  0.1133E+03  0.4908E+03 -0.3597E-04
  -1.11E-16
  -8.327E-17
  -2.22E-16
  -2.776E-17
  -4.163E-17
  -3.331E-16
  -6.637000000e-17
  -2.400000000e-16
  -3.598000000e-16
  2.555400000e-16
  -2.220600000e-16
  1.204600000e-16
  8.837000000e-01 -4.676000000e-01 -1.897000000e-02
  4.046000000e-01 7.837000000e-01 -4.712000000e-01
  2.352000000e-01 4.088000000e-01 8.818000000e-01
 Node:          2
  0.1292E+03  0.1137E+03  0.5052E+03 -0.3597E-04
  -5.551E-17
  -1.11E-16
  -1.665E-16
  -5.551E-17
   1.943E-16
  -2.776E-16
  8.603000000e-17
  -1.600000000e-16
  -4.256000000e-16
  4.431900000e-16
  -1.665200000e-16
  2.089200000e-16
  -6.554000000e-01 6.199000000e-01 4.313000000e-01
  7.522000000e-01 4.849000000e-01 4.462000000e-01
  -6.744000000e-02 -6.169000000e-01 7.841000000e-01
 Node:          3
  0.1289E+03  0.1155E+03  0.5194E+03 -0.3597E-04
   2.22E-16
   1.388E-16
   3.331E-16
   1.11E-16
   5.551E-17
   2.22E-16
  4.753000000e-16
  2.118000000e-16
  9.006000000e-17
  3.410700000e-16
  2.590500000e-16
  1.607800000e-16
  -5.696000000e-01 -7.144000000e-01 -4.063000000e-01
  2.395000000e-01 -6.172000000e-01 7.494000000e-01
  -7.862000000e-01 3.296000000e-01 5.227000000e-01
 Node:          4
  0.1361E+03  0.1141E+03  0.4915E+03 -0.3597E-04
   0.0
  -2.776E-17
  -1.11E-16
  -2.776E-17
  -8.327E-17
   2.22E-16
  2.435000000e-16
  6.328000000e-18
  -1.388000000e-16
  3.342600000e-16
  3.700900000e-17
  1.575700000e-16
  -8.549000000e-02 -2.215000000e-01 9.714000000e-01
  9.681000000e-01 -2.491000000e-01 2.840000000e-02
  2.357000000e-01 9.428000000e-01 2.357000000e-01
 Node:          5
  0.1341E+03  0.1144E+03  0.5054E+03 -0.3597E-04
   3.331E-16
   1.388E-16
   3.331E-16
   5.551E-17
  -6.939E-17
   4.441E-16
  4.814000000e-16
  4.627000000e-16
  1.662000000e-16
  3.062800000e-16
  3.701000000e-16
  1.443800000e-16
  -3.480000000e-01 -6.443000000e-01 6.810000000e-01
  -6.589000000e-01 -3.487000000e-01 -6.665000000e-01
  6.669000000e-01 -6.807000000e-01 -3.032000000e-01
 Node:          6
  0.1323E+03  0.1162E+03  0.5191E+03 -0.3597E-04
   2.22E-16
   5.551E-17
   2.22E-16
  -5.551E-17
  -2.776E-17
   0.0
  2.897000000e-16
  1.685000000e-16
  -1.402000000e-17
  2.648100000e-16
  1.480600000e-16
  1.248300000e-16
  -7.150000000e-01 -6.696000000e-01 2.012000000e-01
  6.656000000e-01 -7.399000000e-01 -9.741000000e-02
  -2.141000000e-01 -6.426000000e-02 -9.747000000e-01
 Node:          7
  0.1408E+03  0.1171E+03  0.4920E+03 -0.3597E-04
   3.331E-16
   2.22E-16
   2.22E-16
  -8.327E-17
  -1.11E-16
   0.0
  5.398000000e-16
  6.158000000e-17
  -4.631000000e-17
  5.403100000e-16
  1.850200000e-16
  2.547000000e-16
  -7.537000000e-01 -6.111000000e-01 2.419000000e-01
  -6.560000000e-01 6.770000000e-01 -3.335000000e-01
  -4.004000000e-02 4.101000000e-01 9.112000000e-01
 Node:          8
  0.1367E+03  0.1169E+03  0.5055E+03 -0.3597E-04
   2.22E-16
   1.943E-16
   2.22E-16
  -4.025E-16
  -2.359E-16
  -2.22E-16
  6.547000000e-16
  4.477000000e-17
  -4.775000000e-16
  9.814900000e-16
  7.399000000e-17
  4.626800000e-16
  -6.847000000e-01 -5.611000000e-01 4.652000000e-01
  5.685000000e-01 -8.105000000e-01 -1.409000000e-01
  -4.561000000e-01 -1.681000000e-01 -8.739000000e-01
 Node:          9
  0.1339E+03  0.1180E+03  0.5191E+03 -0.3597E-04
   2.22E-16
   1.665E-16
   0.0
  -3.955E-16
  -2.776E-16
   6.661E-16
  1.002000000e-15
  -9.379000000e-18
  -1.046000000e-16
  1.062200000e-15
  2.960100000e-16
  5.007200000e-16
  -4.817000000e-01 -3.073000000e-01 8.207000000e-01
  -8.565000000e-01 -3.292000000e-02 -5.150000000e-01
  -1.853000000e-01 9.510000000e-01 2.474000000e-01
 Node:         10
  0.1294E+03  0.1212E+03  0.4911E+03 -0.3597E-04
   0.0
   2.776E-17
   1.11E-16
  -1.388E-17
   1.249E-16
   1.11E-16
  2.363000000e-16
  2.303000000e-17
  -3.732000000e-17
  2.489900000e-16
  7.400300000e-17
  1.173800000e-16
  4.210000000e-02 7.100000000e-01 7.030000000e-01
  -7.813000000e-01 -4.152000000e-01 4.661000000e-01
  -6.228000000e-01 5.688000000e-01 -5.372000000e-01
 Node:         11
  0.1295E+03  0.1214E+03  0.5055E+03 -0.3597E-04
  -2.22E-16
  -2.776E-17
  -2.22E-16
  -4.163E-17
   1.388E-17
  -1.665E-16
  -1.365000000e-16
  -2.183000000e-16
  -2.558000000e-16
  1.056600000e-16
  -2.035300000e-16
  4.981100000e-17
  -4.935000000e-01 2.929000000e-01 8.189000000e-01
  3.541000000e-01 -7.924000000e-01 4.968000000e-01
  -7.944000000e-01 -5.351000000e-01 -2.873000000e-01
 Node:         12
  0.1295E+03  0.1217E+03  0.5196E+03 -0.3597E-04
   1.11E-16
   0.0
   1.11E-16
   7.633E-17
   2.776E-17
   2.22E-16
  2.649000000e-16
  1.110000000e-16
  6.816000000e-17
  1.792000000e-16
  1.480200000e-16
  8.447700000e-17
  -4.387000000e-01 -1.595000000e-01 -8.844000000e-01
  3.417000000e-01 -9.398000000e-01 -2.255000000e-17
  8.311000000e-01 3.022000000e-01 -4.668000000e-01
 Node:         13
  0.1361E+03  0.1199E+03  0.4914E+03 -0.3597E-04
   1.11E-16
  -1.388E-16
   0.0
  -9.714E-17
   2.776E-17
  -1.665E-16
  2.285000000e-16
  -8.520000000e-17
  -1.988000000e-16
  3.833400000e-16
  -1.850000000e-17
  1.807100000e-16
  8.171000000e-01 -5.252000000e-01 -2.378000000e-01
  4.648000000e-01 8.442000000e-01 -2.671000000e-01
  3.410000000e-01 1.077000000e-01 9.339000000e-01
 Node:         14
  0.1342E+03  0.1198E+03  0.5054E+03 -0.3597E-04
  -5.551E-17
   2.776E-17
   0.0
   5.551E-17
  -9.021E-17
   1.11E-16
  1.672000000e-16
  -4.940000000e-18
  -1.068000000e-16
  2.398800000e-16
  1.848700000e-17
  1.130800000e-16
  1.634000000e-01 -4.472000000e-01 8.794000000e-01
  -6.569000000e-01 -7.144000000e-01 -2.412000000e-01
  -7.361000000e-01 5.382000000e-01 4.105000000e-01
 Node:         15
  0.1330E+03  0.1205E+03  0.5193E+03 -0.3597E-04
   2.22E-16
  -8.327E-17
  -5.551E-17
   1.388E-17
   4.857E-17
   0.0
  2.451000000e-16
  2.471000000e-17
  -1.033000000e-16
  3.052400000e-16
  5.550300000e-17
  1.438900000e-16
  -9.638000000e-01 2.667000000e-01 -1.723000000e-03
  1.157000000e-01 4.239000000e-01 8.983000000e-01
  2.403000000e-01 8.656000000e-01 -4.394000000e-01
 Node:         16
  0.1404E+03  0.1188E+03  0.4918E+03 -0.3597E-04
   2.22E-16
   5.551E-17
   2.22E-16
  -8.327E-17
  -1.457E-16
   4.441E-16
  5.466000000e-16
  1.950000000e-16
  1.465000000e-16
  3.781900000e-16
  2.960300000e-16
  1.782800000e-16
  -2.927000000e-01 -4.328000000e-01 8.526000000e-01
  -9.222000000e-01 -1.077000000e-01 -3.713000000e-01
  -2.526000000e-01 8.950000000e-01 3.676000000e-01
 Node:         17
  0.1365E+03  0.1184E+03  0.5055E+03 -0.3597E-04
  -1.11E-16
   2.776E-17
  -1.11E-16
   9.714E-17
   1.7E-16
   0.0
  1.573000000e-16
  -1.341000000e-16
  -2.452000000e-16
  3.600400000e-16
  -7.400000000e-17
  1.697300000e-16
  3.368000000e-01 5.285000000e-01 7.792000000e-01
  8.927000000e-01 -4.425000000e-01 -8.566000000e-02
  -2.996000000e-01 -7.244000000e-01 6.209000000e-01
 Node:         18
  0.1341E+03  0.1191E+03  0.5192E+03 -0.3597E-04
   0.0
   0.0
   0.0
   2.645E-17
   1.065E-16
   4.441E-16
  4.697000000e-16
  -1.672000000e-33
  -2.562000000e-17
  4.830200000e-16
  1.480300000e-16
  2.277000000e-16
  -5.484000000e-02 -2.207000000e-01 -9.738000000e-01
  9.705000000e-01 -2.411000000e-01 -6.210000000e-17
  -2.348000000e-01 -9.451000000e-01 2.274000000e-01
 Node:         19
  0.1301E+03  0.1291E+03  0.4914E+03  0.0000E+00
   1.11E-16
   0.0
   1.11E-16
   2.101E-19
   1.001E-17
  -2.22E-16
  1.113000000e-16
  1.110000000e-16
  -2.223000000e-16
  3.334500000e-16
  0.000000000e+00
  1.571900000e-16
  -2.096000000e-02 -9.993000000e-01 -3.003000000e-02
  9.998000000e-01 -2.097000000e-02 1.345000000e-19
  6.298000000e-04 3.003000000e-02 -9.995000000e-01
 Node:         20
  0.1299E+03  0.1291E+03  0.5058E+03  0.0000E+00
   2.22E-16
   0.0
   0.0
   1.041E-17
   1.924E-17
  -5.551E-17
  2.224000000e-16
  5.975000000e-18
  -6.188000000e-17
  2.571600000e-16
  5.549800000e-17
  1.212200000e-16
  -9.993000000e-01 -3.257000000e-03 -3.765000000e-02
  1.428000000e-02 -9.549000000e-01 -2.965000000e-01
  -3.498000000e-02 -2.968000000e-01 9.543000000e-01
 Node:         21
  0.1301E+03  0.1280E+03  0.5197E+03  0.0000E+00
   1.11E-16
   0.0
   0.0
   4.163E-17
   1.475E-17
   1.11E-16
  1.534000000e-16
  7.089000000e-17
  -2.220000000e-18
  1.348500000e-16
  7.402300000e-17
  6.357000000e-17
  -6.994000000e-01 -6.840000000e-02 -7.114000000e-01
  -7.126000000e-01 1.429000000e-01 6.869000000e-01
  -5.465000000e-02 -9.874000000e-01 1.487000000e-01
 Node:         22
  0.1360E+03  0.1256E+03  0.4913E+03  0.0000E+00
  -2.22E-16
   1.388E-17
  -1.11E-16
  -1.388E-17
   1.006E-16
   1.11E-16
  1.500000000e-16
  -1.456000000e-16
  -2.264000000e-16
  3.432100000e-16
  -7.400000000e-17
  1.617900000e-16
  -2.144000000e-02 3.586000000e-01 9.332000000e-01
  2.280000000e-01 9.106000000e-01 -3.447000000e-01
  -9.734000000e-01 2.054000000e-01 -1.013000000e-01
 Node:         23
  0.1343E+03  0.1253E+03  0.5054E+03  0.0000E+00
   0.0
   2.082E-17
  -4.441E-16
   0.0
   1.314E-16
  -1.665E-16
  1.265000000e-18
  -1.147000000e-16
  -4.972000000e-16
  4.517900000e-16
  -2.035500000e-16
  2.129700000e-16
  9.970000000e-01 6.061000000e-02 4.746000000e-02
  6.644000000e-02 -3.661000000e-01 -9.282000000e-01
  3.888000000e-02 -9.286000000e-01 3.690000000e-01
 Node:         24
  0.1336E+03  0.1248E+03  0.5194E+03  0.0000E+00
  -2.22E-16
   1.214E-17
   0.0
   1.388E-17
   8.674E-19
  -1.665E-16
  6.779000000e-19
  -1.633000000e-16
  -2.259000000e-16
  2.026600000e-16
  -1.295100000e-16
  9.553700000e-17
  -5.504000000e-02 -9.984000000e-01 -9.747000000e-03
  2.257000000e-01 -2.195000000e-02 9.740000000e-01
  -9.726000000e-01 5.141000000e-02 2.265000000e-01
 Node:         25
  0.1400E+03  0.1206E+03  0.4917E+03  0.0000E+00
   0.0
   2.671E-16
  -1.11E-16
  -8.327E-17
  -1.301E-16
   2.22E-16
  3.681000000e-16
  7.580000000e-17
  -3.329000000e-16
  6.098700000e-16
  3.700000000e-17
  2.874900000e-16
  5.089000000e-01 4.781000000e-01 -7.159000000e-01
  6.086000000e-01 3.883000000e-01 6.920000000e-01
  6.088000000e-01 -7.878000000e-01 -9.334000000e-02
 Node:         26
  0.1363E+03  0.1200E+03  0.5055E+03  0.0000E+00
   2.22E-16
   1.076E-16
  -6.106E-16
   2.776E-17
  -1.124E-15
  -5.551E-17
  8.281000000e-16
  2.248000000e-16
  -1.497000000e-15
  2.089800000e-15
  -1.480300000e-16
  9.851500000e-16
  7.371000000e-02 6.174000000e-01 -7.832000000e-01
  9.955000000e-01 1.018000000e-03 9.449000000e-02
  -5.914000000e-02 7.866000000e-01 6.146000000e-01
 Node:         27
  0.1343E+03  0.1203E+03  0.5192E+03  0.0000E+00
   2.22E-16
  -1.943E-16
   2.22E-16
  -1.041E-16
   1.313E-15
   0.0
  1.466000000e-15
  1.875000000e-16
  -1.209000000e-15
  2.317400000e-15
  1.481700000e-16
  1.092400000e-15
  -1.693000000e-01 7.280000000e-01 6.643000000e-01
  9.848000000e-01 9.849000000e-02 1.431000000e-01
  3.876000000e-02 6.785000000e-01 -7.336000000e-01
 Node:         28
  0.1155E+03  0.1124E+03  0.4931E+03 -0.2126E-03
  -2.22E-16
   3.816E-17
   2.22E-16
  -5.551E-17
   5.551E-17
   1.11E-16
  2.455000000e-16
  1.014000000e-16
  -2.359000000e-16
  4.279500000e-16
  3.700000000e-17
  2.017400000e-16
  3.184000000e-02 9.284000000e-01 3.701000000e-01
  1.988000000e-01 3.571000000e-01 -9.127000000e-01
  9.795000000e-01 -1.026000000e-01 1.732000000e-01
 Node:         29
  0.1119E+03  0.1139E+03  0.5068E+03 -0.2126E-03
  -2.22E-16
  -2.082E-17
   0.0
   5.551E-17
   6.939E-18
  -3.331E-16
  1.944000000e-18
  -2.004000000e-16
  -3.566000000e-16
  3.113600000e-16
  -1.850200000e-16
  1.467800000e-16
  -9.118000000e-02 9.958000000e-01 5.517000000e-03
  -9.179000000e-01 -8.189000000e-02 -3.884000000e-01
  -3.863000000e-01 -4.048000000e-02 9.215000000e-01
 Node:         30
  0.1113E+03  0.1159E+03  0.5206E+03 -0.2126E-03
   2.22E-16
   1.249E-16
   2.22E-16
   0.0
  -2.776E-17
   1.11E-16
  3.486000000e-16
  1.238000000e-16
  8.277000000e-17
  2.478800000e-16
  1.850600000e-16
  1.168500000e-16
  -7.001000000e-01 -7.092000000e-01 8.287000000e-02
  -4.685000000e-01 3.686000000e-01 -8.029000000e-01
  -5.389000000e-01 6.009000000e-01 5.903000000e-01
 Node:         31
  0.1203E+03  0.1126E+03  0.4920E+03 -0.2126E-03
  -5.551E-17
   9.714E-17
  -1.11E-16
   2.776E-17
   4.163E-17
  -5.551E-17
  4.114000000e-17
  -7.661000000e-17
  -1.866000000e-16
  1.972700000e-16
  -7.402300000e-17
  9.299200000e-17
  -6.956000000e-01 -5.654000000e-01 -4.433000000e-01
  4.358000000e-01 1.585000000e-01 -8.860000000e-01
  5.712000000e-01 -8.095000000e-01 1.362000000e-01
 Node:         32
  0.1188E+03  0.1134E+03  0.5062E+03 -0.2126E-03
   2.22E-16
  -1.388E-17
  -1.11E-16
  -2.776E-17
   9.714E-17
  -5.551E-17
  2.266000000e-16
  1.331000000e-17
  -1.844000000e-16
  3.560200000e-16
  1.850300000e-17
  1.678300000e-16
  -9.894000000e-01 7.624000000e-02 1.236000000e-01
  1.445000000e-01 5.992000000e-01 7.875000000e-01
  1.402000000e-02 -7.970000000e-01 6.038000000e-01
 Node:         33
  0.1183E+03  0.1150E+03  0.5201E+03 -0.2126E-03
   1.11E-16
   5.551E-17
   0.0
   8.327E-17
   0.0
   0.0
  1.700000000e-16
  0.000000000e+00
  -5.893000000e-17
  2.058900000e-16
  3.702300000e-17
  9.705800000e-17
  -8.617000000e-01 -2.815000000e-01 -4.222000000e-01
  0.000000000e+00 -8.321000000e-01 5.547000000e-01
  -5.074000000e-01 4.780000000e-01 7.170000000e-01
 Node:         34
  0.1255E+03  0.1129E+03  0.4909E+03 -0.2126E-03
   0.0
   0.0
   0.0
   5.551E-17
   9.714E-17
   0.0
  1.119000000e-16
  3.387000000e-33
  -1.119000000e-16
  1.938200000e-16
  0.000000000e+00
  9.136600000e-17
  -3.508000000e-01 -6.139000000e-01 -7.071000000e-01
  8.682000000e-01 -4.961000000e-01 -4.855000000e-17
  -3.508000000e-01 -6.139000000e-01 7.071000000e-01
 Node:         35
  0.1260E+03  0.1135E+03  0.5054E+03 -0.2126E-03
   0.0
   1.11E-16
  -1.11E-16
   1.11E-16
   2.498E-16
  -1.11E-16
  2.410000000e-16
  -1.023000000e-16
  -3.608000000e-16
  5.229000000e-16
  -7.403300000e-17
  2.465000000e-16
  5.458000000e-01 5.925000000e-01 5.925000000e-01
  8.379000000e-01 -3.859000000e-01 -3.859000000e-01
  -4.975000000e-17 -7.071000000e-01 7.071000000e-01
 Node:         36
  0.1257E+03  0.1153E+03  0.5196E+03 -0.2126E-03
   0.0
  -5.551E-17
   0.0
  -5.551E-17
   8.327E-17
   0.0
  1.305000000e-16
  -4.723000000e-17
  -8.327000000e-17
  1.982200000e-16
  0.000000000e+00
  9.344300000e-17
  -5.155000000e-01 6.059000000e-01 6.059000000e-01
  8.569000000e-01 3.645000000e-01 3.645000000e-01
  -1.256000000e-16 7.071000000e-01 -7.071000000e-01
 Node:         37
  0.1132E+03  0.1210E+03  0.4959E+03 -0.2126E-03
  -2.22E-16
   1.388E-16
  -2.22E-16
  -8.327E-17
   1.804E-16
  -2.776E-16
  -4.482000000e-17
  -1.622000000e-16
  -5.146000000e-16
  4.234700000e-16
  -2.405400000e-16
  1.996300000e-16
  3.971000000e-01 7.887000000e-01 4.693000000e-01
  -7.874000000e-01 3.010000000e-02 6.157000000e-01
  4.715000000e-01 -6.140000000e-01 6.330000000e-01
 Node:         38
  0.1111E+03  0.1204E+03  0.5085E+03 -0.2126E-03
  -1.665E-16
   9.714E-17
   0.0
  -2.776E-17
  -8.327E-17
  -2.22E-16
  7.071000000e-17
  -2.091000000e-16
  -2.502000000e-16
  3.024600000e-16
  -1.295300000e-16
  1.425800000e-16
  -3.916000000e-01 -8.746000000e-01 2.859000000e-01
  9.154000000e-01 -3.389000000e-01 2.170000000e-01
  9.287000000e-02 -3.467000000e-01 -9.334000000e-01
 Node:         39
  0.1119E+03  0.1201E+03  0.5207E+03 -0.2126E-03
  -5.551E-17
  -9.714E-17
  -3.331E-16
  -8.327E-17
  -7.633E-17
  -1.11E-16
  8.934000000e-18
  -1.105000000e-16
  -3.981000000e-16
  3.623900000e-16
  -1.665600000e-16
  1.708300000e-16
  8.510000000e-01 -1.281000000e-01 -5.092000000e-01
  4.076000000e-01 -4.503000000e-01 7.944000000e-01
  -3.311000000e-01 -8.836000000e-01 -3.310000000e-01
 Node:         40
  0.1191E+03  0.1220E+03  0.4937E+03 -0.2126E-03
   0.0
   8.327E-17
  -2.22E-16
   8.327E-17
  -1.388E-17
  -2.22E-16
  4.872000000e-17
  -2.082000000e-16
  -2.846000000e-16
  3.024500000e-16
  -1.480300000e-16
  1.425700000e-16
  -9.240000000e-01 -2.703000000e-01 -2.703000000e-01
  0.000000000e+00 -7.071000000e-01 7.071000000e-01
  3.823000000e-01 -6.534000000e-01 -6.534000000e-01
 Node:         41
  0.1182E+03  0.1217E+03  0.5073E+03 -0.2126E-03
   0.0
  -2.776E-17
  -5.551E-17
   5.551E-17
   9.714E-17
   1.11E-16
  1.653000000e-16
  1.073000000e-17
  -1.206000000e-16
  2.478700000e-16
  1.847700000e-17
  1.168500000e-16
  2.406000000e-01 3.653000000e-01 8.993000000e-01
  -8.901000000e-01 4.526000000e-01 5.428000000e-02
  -3.871000000e-01 -8.135000000e-01 4.340000000e-01
 Node:         42
  0.1187E+03  0.1212E+03  0.5204E+03 -0.2126E-03
   0.0
  -5.551E-17
  -1.11E-16
   0.0
   5.551E-17
   1.11E-16
  1.256000000e-16
  1.887000000e-17
  -1.444000000e-16
  2.355300000e-16
  2.333300000e-20
  1.110300000e-16
  1.113000000e-01 -2.517000000e-01 -9.614000000e-01
  9.295000000e-01 -3.159000000e-01 1.903000000e-01
  -3.516000000e-01 -9.148000000e-01 1.988000000e-01
 Node:         43
  0.1258E+03  0.1217E+03  0.4915E+03 -0.2126E-03
   2.22E-16
   1.11E-16
   1.11E-16
  -1.388E-17
   0.0
  -5.551E-17
  2.911000000e-16
  4.294000000e-17
  -5.645000000e-17
  3.100400000e-16
  9.253000000e-17
  1.461600000e-16
  -8.507000000e-01 -5.246000000e-01 3.406000000e-02
  -5.213000000e-01 8.502000000e-01 7.348000000e-02
  6.751000000e-02 -4.475000000e-02 9.967000000e-01
 Node:         44
  0.1259E+03  0.1220E+03  0.5059E+03 -0.2126E-03
  -2.22E-16
   1.388E-16
  -2.22E-16
   9.714E-17
   1.11E-16
  -1.11E-16
  5.081000000e-17
  -2.445000000e-16
  -3.614000000e-16
  3.679600000e-16
  -1.850300000e-16
  1.734600000e-16
  -5.113000000e-01 -5.340000000e-01 -6.733000000e-01
  -5.198000000e-01 -4.318000000e-01 7.372000000e-01
  -6.844000000e-01 7.269000000e-01 -5.679000000e-02
 Node:         45
  0.1261E+03  0.1221E+03  0.5198E+03 -0.2126E-03
  -5.551E-17
  -8.327E-17
  -2.776E-16
   2.776E-17
  -6.939E-18
   1.11E-16
  1.167000000e-16
  -3.339000000e-17
  -3.053000000e-16
  3.705000000e-16
  -7.399700000e-17
  1.746600000e-16
  1.854000000e-01 -5.643000000e-02 9.810000000e-01
  9.302000000e-01 -3.117000000e-01 -1.938000000e-01
  -3.167000000e-01 -9.485000000e-01 5.308000000e-03
 Node:         46
  0.1117E+03  0.1296E+03  0.4959E+03  0.0000E+00
  -5.551E-17
   2.776E-17
  -1.665E-16
   6.939E-18
  -2.602E-17
   0.0
  4.101000000e-18
  -4.897000000e-17
  -1.772000000e-16
  1.614500000e-16
  -7.402300000e-17
  7.610600000e-17
  4.856000000e-02 -1.429000000e-01 9.886000000e-01
  9.724000000e-01 2.327000000e-01 -1.414000000e-02
  -2.280000000e-01 9.620000000e-01 1.502000000e-01
 Node:         47
  0.1107E+03  0.1269E+03  0.5087E+03  0.0000E+00
  -1.665E-16
  -3.123E-17
   1.11E-16
  -2.776E-17
   3.99E-17
   0.0
  1.289000000e-16
  -1.114000000e-17
  -1.732000000e-16
  2.618600000e-16
  -1.848000000e-17
  1.234400000e-16
  -1.292000000e-01 9.390000000e-01 3.186000000e-01
  -1.008000000e-01 -3.321000000e-01 9.379000000e-01
  -9.865000000e-01 -8.906000000e-02 -1.376000000e-01
 Node:         48
  0.1125E+03  0.1242E+03  0.5208E+03  0.0000E+00
   1.11E-16
   3.469E-18
   1.11E-16
   0.0
  -1.735E-18
   1.11E-16
  1.149000000e-16
  1.110000000e-16
  1.071000000e-16
  6.755000000e-18
  1.110000000e-16
  3.184300000e-18
  -6.325000000e-01 -7.071000000e-01 3.162000000e-01
  4.472000000e-01 -4.455000000e-15 8.944000000e-01
  -6.325000000e-01 7.071000000e-01 3.162000000e-01
 Node:         49
  0.1186E+03  0.1311E+03  0.4938E+03  0.0000E+00
  -1.665E-16
  -2.082E-17
   0.0
  -4.163E-17
  -6.072E-18
  -5.551E-17
  2.581000000e-18
  -4.165000000e-17
  -1.830000000e-16
  1.678900000e-16
  -7.402300000e-17
  7.914600000e-17
  1.174000000e-01 -9.929000000e-01 1.965000000e-02
  -3.135000000e-01 -1.827000000e-02 9.494000000e-01
  -9.423000000e-01 -1.176000000e-01 -3.134000000e-01
 Node:         50
  0.1180E+03  0.1298E+03  0.5075E+03  0.0000E+00
   0.0
  -1.301E-17
   3.331E-16
  -4.163E-17
   1.247E-17
   2.22E-16
  3.354000000e-16
  2.276000000e-16
  -7.879000000e-18
  3.040700000e-16
  1.850400000e-16
  1.433400000e-16
  5.441000000e-02 -9.902000000e-01 -1.289000000e-01
  -1.707000000e-01 -1.364000000e-01 9.758000000e-01
  9.838000000e-01 3.109000000e-02 1.765000000e-01
 Node:         51
  0.1192E+03  0.1275E+03  0.5206E+03  0.0000E+00
   0.0
  -3.469E-18
  -5.551E-17
   0.0
   1.475E-17
   1.11E-16
  1.123000000e-16
  2.087000000e-19
  -5.702000000e-17
  1.491800000e-16
  1.849600000e-17
  7.032400000e-17
  -2.705000000e-03 8.758000000e-02 9.962000000e-01
  9.982000000e-01 -6.004000000e-02 7.989000000e-03
  -6.051000000e-02 -9.943000000e-01 8.725000000e-02
 Node:         52
  0.1262E+03  0.1305E+03  0.4920E+03  0.0000E+00
   1.11E-16
  -1.388E-17
   1.11E-16
   1.301E-18
   4.906E-18
   0.0
  1.250000000e-16
  9.734000000e-17
  -2.497000000e-19
  1.139700000e-16
  7.403000000e-17
  5.372400000e-17
  -7.047000000e-01 7.092000000e-01 2.051000000e-02
  7.093000000e-01 7.034000000e-01 4.493000000e-02
  -1.744000000e-02 -4.621000000e-02 9.988000000e-01
 Node:         53
  0.1258E+03  0.1304E+03  0.5063E+03  0.0000E+00
  -1.665E-16
  -1.735E-18
  -1.11E-16
   2.776E-17
   3.383E-17
  -2.22E-16
  -1.010000000e-16
  -1.572000000e-16
  -2.414000000e-16
  1.223900000e-16
  -1.665300000e-16
  5.769700000e-17
  9.684000000e-02 9.526000000e-01 2.883000000e-01
  -9.346000000e-01 1.866000000e-01 -3.027000000e-01
  -3.422000000e-01 -2.402000000e-01 9.084000000e-01
 Node:         54
  0.1265E+03  0.1288E+03  0.5200E+03  0.0000E+00
  -2.22E-16
   2.082E-17
   1.11E-16
   0.0
  -4.337E-18
   1.11E-16
  1.160000000e-16
  1.073000000e-16
  -2.233000000e-16
  3.350300000e-16
  0.000000000e+00
  1.579400000e-16
  -4.656000000e-02 -7.562000000e-01 6.527000000e-01
  -4.117000000e-02 -6.514000000e-01 -7.576000000e-01
  -9.981000000e-01 6.215000000e-02 8.061000000e-04
 Node:         55
  0.1381E+03  0.1168E+03  0.4525E+03  0.7725E-02
   0.01337
  -0.00651
   5.791E-4
  -0.002381
   0.009573
  -0.02521
  1.192400000e-02
  -6.968100000e-04
  -2.646300000e-02
  3.406500000e-02
  -5.078700000e-03
  1.605800000e-02
  3.926400000e-01 1.536600000e-01 9.504800000e-02
  6.654000000e-01 8.388300000e-01 1.063300000e-01
  1.885200000e-01 -2.868800000e-01 9.160000000e-01
 Node:         56
  0.1314E+03  0.1156E+03  0.4682E+03  0.7725E-02
   0.01954
  -0.009082
   0.001798
  -0.008056
   0.005616
  -0.01152
  2.494900000e-02
  -1.279300000e-03
  -1.082000000e-02
  3.199200000e-02
  4.283300000e-03
  1.508100000e-02
  -5.158500000e-01 3.759000000e-02 1.245800000e-01
  6.350500000e-01 8.603500000e-01 3.248200000e-01
  3.053200000e-01 -2.061300000e-01 9.135600000e-01
 Node:         57
  0.1285E+03  0.1140E+03  0.4823E+03  0.7725E-02
   0.005667
  -0.00387
   0.002464
  -0.002446
   0.0017
   3.582E-5
  9.727700000e-03
  2.765400000e-05
  4.502600000e-04
  8.986200000e-03
  3.401900000e-03
  4.236100000e-03
  -7.679200000e-01 6.459400000e-01 2.724300000e-01
  5.241100000e-01 8.012900000e-01 -7.777900000e-02
  4.167200000e-01 -1.900100000e-01 9.750000000e-01
 Node:         58
  0.1477E+03  0.1176E+03  0.4530E+03  0.7725E-02
   0.01208
  -0.005849
   0.00478
  -9.129E-4
   0.006297
  -0.0447
  7.697100000e-03
  6.057000000e-03
  -4.699500000e-02
  4.885500000e-02
  -1.108000000e-02
  2.303000000e-02
  4.130700000e-01 -1.206200000e-01 -1.591700000e-02
  7.514100000e-01 7.598800000e-01 -1.829100000e-02
  -9.681500000e-02 -1.437700000e-01 9.910700000e-01
 Node:         59
  0.1415E+03  0.1165E+03  0.4690E+03  0.7725E-02
   0.02728
  -0.01244
   0.005071
  -0.01485
   0.01102
  -0.01151
  3.689300000e-02
  4.023900000e-03
  -1.715300000e-02
  4.708300000e-02
  7.921300000e-03
  2.219500000e-02
  -7.503200000e-01 4.324200000e-01 2.984600000e-01
  6.305300000e-01 9.031900000e-01 -1.089800000e-02
  1.872000000e-01 -3.062400000e-01 1.031400000e+00
 Node:         60
  0.1374E+03  0.1150E+03  0.4832E+03  0.7725E-02
   0.01036
  -0.006671
   0.004307
  -0.007237
   0.004689
   0.002755
  2.088200000e-02
  3.408600000e-04
  -1.648000000e-03
  2.174900000e-02
  6.524800000e-03
  1.025300000e-02
  -7.729200000e-01 5.122300000e-01 4.836100000e-01
  4.652000000e-01 8.046500000e-01 -2.519400000e-01
  6.473800000e-02 -2.057600000e-01 5.399500000e-01
 Node:         61
  0.1548E+03  0.1217E+03  0.4534E+03  0.7725E-02
   0.02112
  -0.004908
  -0.006357
   0.006305
  -0.01061
  -0.01617
  1.866600000e-02
  2.532900000e-03
  -1.658700000e-02
  3.058100000e-02
  1.537400000e-03
  1.441600000e-02
  -4.645700000e-02 -1.703700000e-01 -8.300100000e-02
  2.862100000e-01 8.838000000e-01 -3.610200000e-01
  -7.556700000e-02 4.254400000e-01 8.791900000e-01
 Node:         62
  0.1488E+03  0.1200E+03  0.4698E+03  0.7725E-02
   0.03175
  -0.02031
   0.005471
  -0.01424
   0.006039
   0.01669
  4.852200000e-02
  1.171300000e-02
  2.459300000e-03
  4.239100000e-02
  2.089800000e-02
  1.998300000e-02
  -8.633800000e-01 5.410600000e-01 4.123100000e-01
  -1.040400000e-02 -1.159000000e-01 2.567300000e-01
  2.160300000e-01 2.034300000e-01 1.546700000e-01
 Node:         63
  0.1436E+03  0.1181E+03  0.4838E+03  0.7725E-02
   0.007539
  -0.01078
   0.01161
  -0.005846
   0.008079
   0.006094
  2.653300000e-02
  1.658200000e-03
  -1.147000000e-03
  2.649000000e-02
  9.014900000e-03
  1.248800000e-02
  -5.977600000e-01 7.390000000e-01 4.387600000e-01
  -5.002700000e-01 6.009900000e-02 -7.990300000e-01
  -5.908500000e-01 -5.960500000e-01 4.916900000e-03
 Node:         64
  0.1410E+03  0.1253E+03  0.4524E+03  0.7725E-02
  -0.01411
  -0.01021
   0.01795
   7.552E-5
   3.451E-4
  -0.01541
  1.872800000e-02
  -1.641200000e-02
  -1.410300000e-02
  3.347500000e-02
  -3.928800000e-03
  1.578000000e-02
  -1.288900000e-01 4.422100000e-01 3.050900000e-03
  -1.387200000e-01 -5.203900000e-02 6.685500000e-01
  6.013200000e-01 1.848400000e-01 8.132200000e-02
 Node:         65
  0.1339E+03  0.1229E+03  0.4683E+03  0.7725E-02
   0.006254
  -0.01585
   0.01152
  -0.004351
   0.001471
  -0.009495
  2.420200000e-02
  -5.105000000e-03
  -1.026100000e-02
  3.230700000e-02
  2.945300000e-03
  1.523000000e-02
  6.341400000e-01 -9.226200000e-01 -1.258400000e-01
  -3.756200000e-01 -3.727700000e-01 2.516100000e-01
  -2.298500000e-01 -1.070800000e-01 -4.043800000e-01
 Node:         66
  0.1299E+03  0.1214E+03  0.4825E+03  0.7725E-02
   0.005395
  -0.004937
   0.003905
  -0.002123
   0.001632
  -1.615E-4
  1.078800000e-02
  -6.335200000e-05
  -1.123100000e-03
  1.150300000e-02
  3.200600000e-03
  5.422500000e-03
  -7.345300000e-01 5.060500000e-01 2.764300000e-01
  6.249000000e-01 7.978200000e-01 -2.624100000e-01
  4.371500000e-01 4.508500000e-02 1.013500000e+00
 Node:         67
  0.1495E+03  0.1242E+03  0.4529E+03  0.7725E-02
  -0.006329
  -0.007003
   0.01698
   2.107E-4
   0.001869
  -0.0402
  1.682800000e-02
  -8.443400000e-03
  -4.128500000e-02
  5.059600000e-02
  -1.096700000e-02
  2.385100000e-02
  -2.030600000e-01 7.650500000e-01 2.366300000e-02
  1.102300000e+00 2.872100000e-01 -1.181000000e-01
  -3.157700000e-02 -2.980400000e-02 7.602500000e-01
 Node:         68
  0.1429E+03  0.1223E+03  0.4690E+03  0.7725E-02
   0.02235
  -0.01559
   0.01437
  -0.01132
   0.004639
  -0.02175
  3.516200000e-02
  5.455000000e-03
  -2.574200000e-02
  5.223800000e-02
  4.958600000e-03
  2.462500000e-02
  -6.323900000e-01 3.862400000e-01 1.443800000e-01
  6.262500000e-01 7.942900000e-01 -2.077500000e-01
  2.681200000e-02 -8.843500000e-02 8.806800000e-01
 Node:         69
  0.1379E+03  0.1205E+03  0.4831E+03  0.7725E-02
   0.0108
  -0.006758
   0.00478
  -0.005579
   0.003278
   5.286E-5
  1.785900000e-02
  7.990700000e-04
  -2.699100000e-03
  1.907600000e-02
  5.319700000e-03
  8.992500000e-03
  -7.783900000e-01 5.215300000e-01 3.390500000e-01
  5.969700000e-01 9.555000000e-01 -2.291200000e-01
  3.519100000e-01 -1.142200000e-01 9.900600000e-01
 Node:         70
  0.1550E+03  0.1238E+03  0.4534E+03  0.7725E-02
   3.834E-4
  -0.00919
   0.01267
  -0.00517
   0.00407
  -0.05417
  1.819200000e-02
  -5.257900000e-03
  -5.740700000e-02
  6.707500000e-02
  -1.482400000e-02
  3.161900000e-02
  1.221200000e-01 -2.436700000e-01 -6.189700000e-02
  2.501300000e-01 2.084800000e-01 -1.087500000e-01
  3.847800000e-02 -5.132800000e-02 7.808000000e-01
 Node:         71
  0.1490E+03  0.1219E+03  0.4698E+03  0.7725E-02
   0.03475
  -0.01297
   0.01241
  -0.02116
   0.008093
  -0.01969
  4.673000000e-02
  1.015800000e-02
  -2.885000000e-02
  6.472600000e-02
  9.346200000e-03
  3.051200000e-02
  -9.142200000e-01 4.875200000e-01 3.701300000e-01
  2.359400000e-01 3.886000000e-01 -1.088200000e-01
  3.111900000e-01 -1.176700000e-01 9.950200000e-01
 Node:         72
  0.1435E+03  0.1199E+03  0.4838E+03  0.7725E-02
   0.01644
  -0.006827
   0.003866
  -0.009438
   0.004149
   0.001704
  2.449100000e-02
  1.285900000e-03
  -3.237900000e-03
  2.579200000e-02
  7.512900000e-03
  1.215800000e-02
  -8.237100000e-01 3.818100000e-01 4.113500000e-01
  4.799900000e-01 1.084000000e+00 -1.469400000e-01
  1.897100000e-01 -1.833100000e-01 5.636300000e-01
 Node:         73
  0.1440E+03  0.1339E+03  0.4521E+03  0.0000E+00
   0.01824
   5.475E-4
  -0.01279
  -0.003895
   0.002991
   6.104E-5
  1.920600000e-02
  -2.973200000e-03
  -1.087900000e-02
  2.499700000e-02
  1.784600000e-03
  1.178400000e-02
  -1.009300000e+00 2.400400000e-02 2.104300000e-02
  -1.443000000e-01 -1.146800000e-01 -2.296400000e-01
  -4.125700000e-03 5.383200000e-01 -1.154100000e-01
 Node:         74
  0.1364E+03  0.1303E+03  0.4682E+03  0.0000E+00
   0.0316
   0.01223
  -7.999E-4
   0.002645
   0.005105
   0.007486
  3.655400000e-02
  6.486000000e-03
  -4.826900000e-03
  3.664000000e-02
  1.273800000e-02
  1.727200000e-02
  -8.146300000e-01 -3.454800000e-01 -1.081900000e-01
  -2.259500000e-01 2.097800000e-01 1.070600000e+00
  -2.995300000e-01 8.438000000e-01 -2.927500000e-01
 Node:         75
  0.1313E+03  0.1288E+03  0.4826E+03  0.0000E+00
   0.01438
   0.005053
   0.001125
   0.001528
   7.956E-4
   0.001141
  1.657900000e-02
  9.513400000e-04
  -5.937600000e-04
  1.650600000e-02
  5.645600000e-03
  7.781000000e-03
  -9.434900000e-01 -3.043400000e-01 -9.965600000e-02
  -1.496200000e-01 1.446200000e-01 9.818900000e-01
  -2.826100000e-01 1.056200000e+00 -1.575800000e-01
 Node:         76
  0.1513E+03  0.1309E+03  0.4528E+03  0.0000E+00
   0.01386
  -0.001094
  -0.01166
  -0.004067
  -2.277E-4
  -0.005722
  1.218900000e-02
  -8.668200000e-03
  -7.495100000e-03
  1.756200000e-02
  -1.324800000e-03
  8.278700000e-03
  -9.316900000e-01 3.470900000e-02 1.010400000e-01
  1.863500000e-01 -3.674700000e-02 9.422900000e-01
  -4.808800000e-02 -9.958000000e-01 -2.715500000e-02
 Node:         77
  0.1443E+03  0.1280E+03  0.4689E+03  0.0000E+00
   0.03742
   0.01113
  -6.377E-4
   0.003529
   0.001719
   0.002246
  3.970700000e-02
  -5.377700000e-05
  -1.211200000e-03
  3.924000000e-02
  1.281400000e-02
  1.849800000e-02
  -9.630900000e-01 -2.449700000e-01 -8.880000000e-02
  -1.233000000e-01 1.270700000e-01 9.819800000e-01
  -2.300400000e-01 1.013800000e+00 -1.662500000e-01
 Node:         78
  0.1384E+03  0.1261E+03  0.4829E+03  0.0000E+00
   0.01641
   0.005919
   0.001248
   0.002121
   9.081E-4
   7.959E-4
  1.824900000e-02
  4.594200000e-04
  -7.155000000e-04
  1.840500000e-02
  5.997800000e-03
  8.676100000e-03
  -9.417600000e-01 -3.102000000e-01 -1.108000000e-01
  -1.566500000e-01 1.056400000e-01 9.778600000e-01
  -2.975800000e-01 8.303900000e-01 -1.768500000e-01
 Node:         79
  0.1553E+03  0.1259E+03  0.4534E+03  0.0000E+00
   0.006871
  -0.004226
  -0.04857
  -0.01129
   6.636E-4
  -9.718E-4
  1.286000000e-02
  -1.505700000e-02
  -3.415100000e-02
  4.071800000e-02
  -1.211600000e-02
  1.919500000e-02
  8.777300000e-01 -9.186700000e-02 -4.868900000e-01
  4.896300000e-01 -1.505600000e-01 7.290700000e-01
  -7.224900000e-02 -8.504800000e-01 -1.700800000e-01
 Node:         80
  0.1492E+03  0.1238E+03  0.4698E+03  0.0000E+00
   0.0448
   0.001681
  -0.03021
   0.006796
   0.003193
   0.005681
  4.442000000e-02
  6.137100000e-04
  -1.747200000e-02
  5.588000000e-02
  9.187200000e-03
  2.634200000e-02
  -1.160900000e+00 -5.350000000e-02 -1.562600000e-01
  -1.494700000e-01 7.297500000e-02 1.027400000e+00
  2.701100000e-02 -1.037100000e+00 8.161200000e-02
 Node:         81
  0.1433E+03  0.1217E+03  0.4837E+03  0.0000E+00
   0.01946
   0.004251
  -0.002567
   0.006976
   0.002033
   0.003049
  2.258000000e-02
  4.206700000e-04
  -2.119800000e-03
  2.363700000e-02
  6.960200000e-03
  1.114300000e-02
  -9.284800000e-01 -1.828800000e-01 -3.209400000e-01
  -3.514300000e-01 9.076500000e-02 1.008000000e+00
  1.463300000e-01 -1.052000000e+00 1.454700000e-01
 Node:         82
  0.1267E+03  0.1148E+03  0.4557E+03  0.1363E-01
   0.01388
  -0.007984
  -0.004737
  -0.003367
  -0.001391
  -0.005219
  1.710800000e-02
  -4.583300000e-03
  -7.918000000e-03
  2.348300000e-02
  1.535600000e-03
  1.107000000e-02
  -9.663400000e-01 3.395100000e-01 9.654900000e-02
  -7.028800000e-02 -4.891700000e-01 8.428600000e-01
  3.611900000e-01 7.125400000e-01 5.399100000e-01
 Node:         83
  0.1234E+03  0.1129E+03  0.4716E+03  0.1363E-01
   0.006168
  -0.006449
  -0.003616
  -0.008105
   2.679E-4
   0.003345
  1.464600000e-02
  -9.035700000e-04
  -4.547300000e-03
  1.658200000e-02
  3.065100000e-03
  7.816900000e-03
  -7.394500000e-01 3.099000000e-01 4.950800000e-01
  2.903400000e-01 -5.332000000e-01 6.920000000e-01
  6.555600000e-01 7.707300000e-01 2.437700000e-01
 Node:         84
  0.1187E+03  0.1123E+03  0.4849E+03  0.1363E-01
   6.832E-4
  -6.457E-4
  -3.462E-4
  -0.002414
   1.215E-4
   0.003786
  4.908100000e-03
  -5.829200000e-05
  1.071400000e-03
  3.359000000e-03
  1.973700000e-03
  1.583500000e-03
  -5.137700000e-01 2.166900000e-01 8.537200000e-01
  -2.935300000e-01 5.366700000e-01 -1.624100000e-01
  -4.995500000e-01 -4.003800000e-01 -1.604600000e-01
 Node:         85
  0.1302E+03  0.1161E+03  0.4544E+03  0.1363E-01
   0.01596
  -0.009064
  -0.004683
  -0.003287
  -0.002494
  -0.01013
  1.855800000e-02
  -6.361500000e-03
  -1.130000000e-02
  2.768300000e-02
  2.987700000e-04
  1.305000000e-02
  -9.764800000e-01 3.076600000e-01 1.202900000e-02
  3.481800000e-01 5.927900000e-01 -2.090400000e-01
  1.187600000e-01 3.901800000e-01 8.996200000e-01
 Node:         86
  0.1252E+03  0.1138E+03  0.4700E+03  0.1363E-01
  -0.004787
  -0.007057
   0.01097
  -0.01703
   0.001035
   2.0E-4
  1.590200000e-02
  6.339500000e-03
  -1.583700000e-02
  2.850200000e-02
  2.135100000e-03
  1.343600000e-02
  6.296800000e-02 -7.791000000e-02 7.340200000e-03
  -2.916000000e-01 -4.751900000e-02 1.538800000e-01
  7.360900000e-01 1.149500000e-01 6.411300000e-01
 Node:         87
  0.1217E+03  0.1126E+03  0.4833E+03  0.1363E-01
   0.00203
  -5.116E-4
  -3.012E-4
  -0.003684
   4.894E-4
   0.004127
  6.752700000e-03
  -3.203800000e-04
  1.454700000e-03
  5.150800000e-03
  2.629000000e-03
  2.428100000e-03
  -5.735900000e-01 4.800800000e-02 8.053800000e-01
  1.354700000e-01 -9.838300000e-01 2.771300000e-01
  7.670500000e-01 3.275600000e-01 6.110500000e-01
 Node:         88
  0.1338E+03  0.1169E+03  0.4527E+03  0.1363E-01
   0.01015
  -0.008862
  -7.729E-4
  -0.003351
   0.001272
  -0.005819
  1.194000000e-02
  -5.289300000e-03
  -3.325300000e-03
  1.552600000e-02
  1.108400000e-03
  7.319100000e-03
  -8.265300000e-01 5.454000000e-01 1.955900000e-01
  2.412800000e-01 2.415900000e-01 -7.513700000e-02
  -1.709200000e-02 -5.591000000e-02 5.365000000e-01
 Node:         89
  0.1270E+03  0.1150E+03  0.4682E+03  0.1363E-01
   0.01589
  -0.008149
  -8.809E-4
  -0.008921
   4.299E-4
   6.134E-4
  2.269300000e-02
  -6.449900000e-04
  -1.667900000e-03
  2.253600000e-02
  6.793300000e-03
  1.062300000e-02
  -9.101300000e-01 3.569600000e-01 3.461000000e-01
  9.822900000e-02 -7.141800000e-01 8.725600000e-01
  5.813600000e-01 6.607900000e-01 5.334000000e-01
 Node:         90
  0.1248E+03  0.1132E+03  0.4821E+03  0.1363E-01
   0.004237
  -0.002915
   0.001416
  -0.002284
   0.00121
   0.001091
  7.423300000e-03
  1.131400000e-04
  1.233900000e-03
  5.948400000e-03
  2.923400000e-03
  2.804100000e-03
  -8.246900000e-01 3.957500000e-01 4.402600000e-01
  1.725600000e-01 -5.172900000e-01 1.048400000e+00
  6.682800000e-01 6.912100000e-01 3.568600000e-01
 Node:         91
  0.1258E+03  0.1259E+03  0.4545E+03  0.1363E-01
  -0.016
  -0.01543
   0.01257
  -0.005556
  -3.349E-4
  -0.006123
  1.703100000e-02
  -4.742100000e-03
  -2.405700000e-02
  3.546500000e-02
  -3.922700000e-03
  1.671800000e-02
  -3.092300000e-01 5.170100000e-01 8.037700000e-03
  -2.662300000e-01 -2.450400000e-01 1.132600000e+00
  -8.128300000e-01 -2.469000000e-01 -2.491600000e-01
 Node:         92
  0.1208E+03  0.1231E+03  0.4724E+03  0.1363E-01
   0.006681
  -0.0104
  -0.002075
  -0.008941
  -8.668E-4
  -0.001304
  1.514700000e-02
  -8.422500000e-04
  -1.118900000e-02
  2.299700000e-02
  1.038600000e-03
  1.084100000e-02
  -8.420200000e-01 6.204100000e-01 4.985400000e-01
  7.359900000e-04 -6.031400000e-01 7.085500000e-01
  7.985600000e-01 6.442300000e-01 5.425200000e-01
 Node:         93
  0.1159E+03  0.1217E+03  0.4876E+03  0.1363E-01
   0.00342
   1.983E-4
  -8.353E-4
  -0.004386
  -0.001935
   0.002879
  8.491700000e-03
  1.945000000e-04
  -2.522900000e-03
  9.978700000e-03
  2.054400000e-03
  4.704000000e-03
  -7.457400000e-01 -1.058900000e-01 8.022000000e-01
  3.817800000e-01 -6.487900000e-01 2.570300000e-01
  -4.223200000e-01 -6.145400000e-01 -4.922600000e-01
 Node:         94
  0.1312E+03  0.1261E+03  0.4536E+03  0.1363E-01
  -0.02062
  -0.01521
   0.01543
  -0.003286
  -0.001711
  -0.01079
  1.842400000e-02
  -1.165600000e-02
  -2.652100000e-02
  3.958700000e-02
  -6.583900000e-03
  1.866100000e-02
  -3.043600000e-01 8.968800000e-01 2.362000000e-04
  -2.419800000e-01 -1.202200000e-01 1.136000000e+00
  -1.067600000e+00 -2.994900000e-01 -2.552800000e-01
 Node:         95
  0.1249E+03  0.1234E+03  0.4704E+03  0.1363E-01
   0.01259
  -0.009322
   0.003686
  -0.009952
   8.159E-5
