 Group name: predicted_strain_L6A2
 #Fields=  17
 1) coordinates, coordinate, rectangular cartesian, #Components=3
   x.  Value index= 1, #Derivatives=0
   y.  Value index= 2, #Derivatives=0
   z.  Value index= 3, #Derivatives=0
 2) dummy, field, rectangular cartesian, #Components=1
   Tensor_1.  Value index= 4, #Derivatives=0
 3) Tensor_1, field, rectangular cartesian, #Components=1
   Tensor_1.  Value index= 5, #Derivatives=0
 4) Tensor_2, field, rectangular cartesian, #Components=1
   Tensor_2.  Value index= 6, #Derivatives=0
 5) Tensor_3, field, rectangular cartesian, #Components=1
   Tensor_3.  Value index= 7, #Derivatives=0
 6) Tensor_4, field, rectangular cartesian, #Components=1
   Tensor_4.  Value index= 8, #Derivatives=0
 7) Tensor_5, field, rectangular cartesian, #Components=1
   Tensor_5.  Value index= 9, #Derivatives=0
 8) Tensor_6, field, rectangular cartesian, #Components=1
   Tensor_6.  Value index= 10, #Derivatives=0
 9) Principal_1, field, rectangular cartesian, #Components=1
   Principal_1.  Value index= 11, #Derivatives=0
 10) Principal_2, field, rectangular cartesian, #Components=1
   Principal_2.  Value index= 12, #Derivatives=0
 11) Principal_3, field, rectangular cartesian, #Components=1
   Principal_3.  Value index= 13, #Derivatives=0
 12) VonMises, field, rectangular cartesian, #Components=1
   VonMises.  Value index= 14, #Derivatives=0
 13) Hydrostatic, field, rectangular cartesian, #Components=1
   VonMises.  Value index= 15, #Derivatives=0
 14) Octahedral, field, rectangular cartesian, #Components=1
   VonMises.  Value index= 16, #Derivatives=0
 15) PrincipalVector1, field, rectangular cartesian, #Components=3
   x.  Value index= 17, #Derivatives=0
   y.  Value index= 18, #Derivatives=0
   z.  Value index= 19, #Derivatives=0
 16) PrincipalVector2, field, rectangular cartesian, #Components=3
   x.  Value index= 20, #Derivatives=0
   y.  Value index= 21, #Derivatives=0
   z.  Value index= 22, #Derivatives=0
 17) PrincipalVector3, field, rectangular cartesian, #Components=3
   x.  Value index= 23, #Derivatives=0
   y.  Value index= 24, #Derivatives=0
   z.  Value index= 25, #Derivatives=0
 Node:          1
  0.1287E+03  0.1133E+03  0.4908E+03 -0.2926E-04
  -1.11E-16
  -8.327E-17
  -2.22E-16
  -2.776E-17
  -4.163E-17
  -3.331E-16
  -6.637000000e-17
  -2.400000000e-16
  -3.598000000e-16
  2.555400000e-16
  -2.220600000e-16
  1.204600000e-16
  8.837000000e-01 -4.676000000e-01 -1.897000000e-02
  4.046000000e-01 7.837000000e-01 -4.712000000e-01
  2.352000000e-01 4.088000000e-01 8.818000000e-01
 Node:          2
  0.1292E+03  0.1137E+03  0.5052E+03 -0.2926E-04
  -5.551E-17
  -1.11E-16
  -1.665E-16
  -5.551E-17
   1.943E-16
  -2.776E-16
  8.603000000e-17
  -1.600000000e-16
  -4.256000000e-16
  4.431900000e-16
  -1.665200000e-16
  2.089200000e-16
  -6.554000000e-01 6.199000000e-01 4.313000000e-01
  7.522000000e-01 4.849000000e-01 4.462000000e-01
  -6.744000000e-02 -6.169000000e-01 7.841000000e-01
 Node:          3
  0.1289E+03  0.1155E+03  0.5194E+03 -0.2926E-04
   2.22E-16
   1.388E-16
   3.331E-16
   1.11E-16
   5.551E-17
   2.22E-16
  4.753000000e-16
  2.118000000e-16
  9.006000000e-17
  3.410700000e-16
  2.590500000e-16
  1.607800000e-16
  -5.696000000e-01 -7.144000000e-01 -4.063000000e-01
  2.395000000e-01 -6.172000000e-01 7.494000000e-01
  -7.862000000e-01 3.296000000e-01 5.227000000e-01
 Node:          4
  0.1361E+03  0.1141E+03  0.4915E+03 -0.2926E-04
   0.0
  -2.776E-17
  -1.11E-16
  -2.776E-17
  -8.327E-17
   2.22E-16
  2.435000000e-16
  6.328000000e-18
  -1.388000000e-16
  3.342600000e-16
  3.700900000e-17
  1.575700000e-16
  -8.549000000e-02 -2.215000000e-01 9.714000000e-01
  9.681000000e-01 -2.491000000e-01 2.840000000e-02
  2.357000000e-01 9.428000000e-01 2.357000000e-01
 Node:          5
  0.1341E+03  0.1144E+03  0.5054E+03 -0.2926E-04
   3.331E-16
   1.388E-16
   3.331E-16
   5.551E-17
  -6.939E-17
   4.441E-16
  4.814000000e-16
  4.627000000e-16
  1.662000000e-16
  3.062800000e-16
  3.701000000e-16
  1.443800000e-16
  -3.480000000e-01 -6.443000000e-01 6.810000000e-01
  -6.589000000e-01 -3.487000000e-01 -6.665000000e-01
  6.669000000e-01 -6.807000000e-01 -3.032000000e-01
 Node:          6
  0.1323E+03  0.1162E+03  0.5191E+03 -0.2926E-04
   2.22E-16
   5.551E-17
   2.22E-16
  -5.551E-17
  -2.776E-17
   0.0
  2.897000000e-16
  1.685000000e-16
  -1.402000000e-17
  2.648100000e-16
  1.480600000e-16
  1.248300000e-16
  -7.150000000e-01 -6.696000000e-01 2.012000000e-01
  6.656000000e-01 -7.399000000e-01 -9.741000000e-02
  -2.141000000e-01 -6.426000000e-02 -9.747000000e-01
 Node:          7
  0.1408E+03  0.1171E+03  0.4920E+03 -0.2926E-04
   3.331E-16
   2.22E-16
   2.22E-16
  -8.327E-17
  -1.11E-16
   0.0
  5.398000000e-16
  6.158000000e-17
  -4.631000000e-17
  5.403100000e-16
  1.850200000e-16
  2.547000000e-16
  -7.537000000e-01 -6.111000000e-01 2.419000000e-01
  -6.560000000e-01 6.770000000e-01 -3.335000000e-01
  -4.004000000e-02 4.101000000e-01 9.112000000e-01
 Node:          8
  0.1367E+03  0.1169E+03  0.5055E+03 -0.2926E-04
   2.22E-16
   1.943E-16
   2.22E-16
  -4.025E-16
  -2.359E-16
  -2.22E-16
  6.547000000e-16
  4.477000000e-17
  -4.775000000e-16
  9.814900000e-16
  7.399000000e-17
  4.626800000e-16
  -6.847000000e-01 -5.611000000e-01 4.652000000e-01
  5.685000000e-01 -8.105000000e-01 -1.409000000e-01
  -4.561000000e-01 -1.681000000e-01 -8.739000000e-01
 Node:          9
  0.1339E+03  0.1180E+03  0.5191E+03 -0.2926E-04
   2.22E-16
   1.665E-16
   0.0
  -3.955E-16
  -2.776E-16
   6.661E-16
  1.002000000e-15
  -9.379000000e-18
  -1.046000000e-16
  1.062200000e-15
  2.960100000e-16
  5.007200000e-16
  -4.817000000e-01 -3.073000000e-01 8.207000000e-01
  -8.565000000e-01 -3.292000000e-02 -5.150000000e-01
  -1.853000000e-01 9.510000000e-01 2.474000000e-01
 Node:         10
  0.1294E+03  0.1212E+03  0.4911E+03 -0.2926E-04
   0.0
   2.776E-17
   1.11E-16
  -1.388E-17
   1.249E-16
   1.11E-16
  2.363000000e-16
  2.303000000e-17
  -3.732000000e-17
  2.489900000e-16
  7.400300000e-17
  1.173800000e-16
  4.210000000e-02 7.100000000e-01 7.030000000e-01
  -7.813000000e-01 -4.152000000e-01 4.661000000e-01
  -6.228000000e-01 5.688000000e-01 -5.372000000e-01
 Node:         11
  0.1295E+03  0.1214E+03  0.5055E+03 -0.2926E-04
  -2.22E-16
  -2.776E-17
  -2.22E-16
  -4.163E-17
   1.388E-17
  -1.665E-16
  -1.365000000e-16
  -2.183000000e-16
  -2.558000000e-16
  1.056600000e-16
  -2.035300000e-16
  4.981100000e-17
  -4.935000000e-01 2.929000000e-01 8.189000000e-01
  3.541000000e-01 -7.924000000e-01 4.968000000e-01
  -7.944000000e-01 -5.351000000e-01 -2.873000000e-01
 Node:         12
  0.1295E+03  0.1217E+03  0.5196E+03 -0.2926E-04
   1.11E-16
   0.0
   1.11E-16
   7.633E-17
   2.776E-17
   2.22E-16
  2.649000000e-16
  1.110000000e-16
  6.816000000e-17
  1.792000000e-16
  1.480200000e-16
  8.447700000e-17
  -4.387000000e-01 -1.595000000e-01 -8.844000000e-01
  3.417000000e-01 -9.398000000e-01 -2.255000000e-17
  8.311000000e-01 3.022000000e-01 -4.668000000e-01
 Node:         13
  0.1361E+03  0.1199E+03  0.4914E+03 -0.2926E-04
   1.11E-16
  -1.388E-16
   0.0
  -9.714E-17
   2.776E-17
  -1.665E-16
  2.285000000e-16
  -8.520000000e-17
  -1.988000000e-16
  3.833400000e-16
  -1.850000000e-17
  1.807100000e-16
  8.171000000e-01 -5.252000000e-01 -2.378000000e-01
  4.648000000e-01 8.442000000e-01 -2.671000000e-01
  3.410000000e-01 1.077000000e-01 9.339000000e-01
 Node:         14
  0.1342E+03  0.1198E+03  0.5054E+03 -0.2926E-04
  -5.551E-17
   2.776E-17
   0.0
   5.551E-17
  -9.021E-17
   1.11E-16
  1.672000000e-16
  -4.940000000e-18
  -1.068000000e-16
  2.398800000e-16
  1.848700000e-17
  1.130800000e-16
  1.634000000e-01 -4.472000000e-01 8.794000000e-01
  -6.569000000e-01 -7.144000000e-01 -2.412000000e-01
  -7.361000000e-01 5.382000000e-01 4.105000000e-01
 Node:         15
  0.1330E+03  0.1205E+03  0.5193E+03 -0.2926E-04
   2.22E-16
  -8.327E-17
  -5.551E-17
   1.388E-17
   4.857E-17
   0.0
  2.451000000e-16
  2.471000000e-17
  -1.033000000e-16
  3.052400000e-16
  5.550300000e-17
  1.438900000e-16
  -9.638000000e-01 2.667000000e-01 -1.723000000e-03
  1.157000000e-01 4.239000000e-01 8.983000000e-01
  2.403000000e-01 8.656000000e-01 -4.394000000e-01
 Node:         16
  0.1404E+03  0.1188E+03  0.4918E+03 -0.2926E-04
   2.22E-16
   5.551E-17
   2.22E-16
  -8.327E-17
  -1.457E-16
   4.441E-16
  5.466000000e-16
  1.950000000e-16
  1.465000000e-16
  3.781900000e-16
  2.960300000e-16
  1.782800000e-16
  -2.927000000e-01 -4.328000000e-01 8.526000000e-01
  -9.222000000e-01 -1.077000000e-01 -3.713000000e-01
  -2.526000000e-01 8.950000000e-01 3.676000000e-01
 Node:         17
  0.1365E+03  0.1184E+03  0.5055E+03 -0.2926E-04
  -1.11E-16
   2.776E-17
  -1.11E-16
   9.714E-17
   1.7E-16
   0.0
  1.573000000e-16
  -1.341000000e-16
  -2.452000000e-16
  3.600400000e-16
  -7.400000000e-17
  1.697300000e-16
  3.368000000e-01 5.285000000e-01 7.792000000e-01
  8.927000000e-01 -4.425000000e-01 -8.566000000e-02
  -2.996000000e-01 -7.244000000e-01 6.209000000e-01
 Node:         18
  0.1341E+03  0.1191E+03  0.5192E+03 -0.2926E-04
   0.0
   0.0
   0.0
   2.645E-17
   1.065E-16
   4.441E-16
  4.697000000e-16
  -1.672000000e-33
  -2.562000000e-17
  4.830200000e-16
  1.480300000e-16
  2.277000000e-16
  -5.484000000e-02 -2.207000000e-01 -9.738000000e-01
  9.705000000e-01 -2.411000000e-01 -6.210000000e-17
  -2.348000000e-01 -9.451000000e-01 2.274000000e-01
 Node:         19
  0.1301E+03  0.1291E+03  0.4914E+03  0.0000E+00
   1.11E-16
   0.0
   1.11E-16
   2.101E-19
   1.001E-17
  -2.22E-16
  1.113000000e-16
  1.110000000e-16
  -2.223000000e-16
  3.334500000e-16
  0.000000000e+00
  1.571900000e-16
  -2.096000000e-02 -9.993000000e-01 -3.003000000e-02
  9.998000000e-01 -2.097000000e-02 1.345000000e-19
  6.298000000e-04 3.003000000e-02 -9.995000000e-01
 Node:         20
  0.1299E+03  0.1291E+03  0.5058E+03  0.0000E+00
   2.22E-16
   0.0
   0.0
   1.041E-17
   1.924E-17
  -5.551E-17
  2.224000000e-16
  5.975000000e-18
  -6.188000000e-17
  2.571600000e-16
  5.549800000e-17
  1.212200000e-16
  -9.993000000e-01 -3.257000000e-03 -3.765000000e-02
  1.428000000e-02 -9.549000000e-01 -2.965000000e-01
  -3.498000000e-02 -2.968000000e-01 9.543000000e-01
 Node:         21
  0.1301E+03  0.1280E+03  0.5197E+03  0.0000E+00
   1.11E-16
   0.0
   0.0
   4.163E-17
   1.475E-17
   1.11E-16
  1.534000000e-16
  7.089000000e-17
  -2.220000000e-18
  1.348500000e-16
  7.402300000e-17
  6.357000000e-17
  -6.994000000e-01 -6.840000000e-02 -7.114000000e-01
  -7.126000000e-01 1.429000000e-01 6.869000000e-01
  -5.465000000e-02 -9.874000000e-01 1.487000000e-01
 Node:         22
  0.1360E+03  0.1256E+03  0.4913E+03  0.0000E+00
  -2.22E-16
   1.388E-17
  -1.11E-16
  -1.388E-17
   1.006E-16
   1.11E-16
  1.500000000e-16
  -1.456000000e-16
  -2.264000000e-16
  3.432100000e-16
  -7.400000000e-17
  1.617900000e-16
  -2.144000000e-02 3.586000000e-01 9.332000000e-01
  2.280000000e-01 9.106000000e-01 -3.447000000e-01
  -9.734000000e-01 2.054000000e-01 -1.013000000e-01
 Node:         23
  0.1343E+03  0.1253E+03  0.5054E+03  0.0000E+00
   0.0
   2.082E-17
  -4.441E-16
   0.0
   1.314E-16
  -1.665E-16
  1.265000000e-18
  -1.147000000e-16
  -4.972000000e-16
  4.517900000e-16
  -2.035500000e-16
  2.129700000e-16
  9.970000000e-01 6.061000000e-02 4.746000000e-02
  6.644000000e-02 -3.661000000e-01 -9.282000000e-01
  3.888000000e-02 -9.286000000e-01 3.690000000e-01
 Node:         24
  0.1336E+03  0.1248E+03  0.5194E+03  0.0000E+00
  -2.22E-16
   1.214E-17
   0.0
   1.388E-17
   8.674E-19
  -1.665E-16
  6.779000000e-19
  -1.633000000e-16
  -2.259000000e-16
  2.026600000e-16
  -1.295100000e-16
  9.553700000e-17
  -5.504000000e-02 -9.984000000e-01 -9.747000000e-03
  2.257000000e-01 -2.195000000e-02 9.740000000e-01
  -9.726000000e-01 5.141000000e-02 2.265000000e-01
 Node:         25
  0.1400E+03  0.1206E+03  0.4917E+03  0.0000E+00
   0.0
   2.671E-16
  -1.11E-16
  -8.327E-17
  -1.301E-16
   2.22E-16
  3.681000000e-16
  7.580000000e-17
  -3.329000000e-16
  6.098700000e-16
  3.700000000e-17
  2.874900000e-16
  5.089000000e-01 4.781000000e-01 -7.159000000e-01
  6.086000000e-01 3.883000000e-01 6.920000000e-01
  6.088000000e-01 -7.878000000e-01 -9.334000000e-02
 Node:         26
  0.1363E+03  0.1200E+03  0.5055E+03  0.0000E+00
   2.22E-16
   1.076E-16
  -6.106E-16
   2.776E-17
  -1.124E-15
  -5.551E-17
  8.281000000e-16
  2.248000000e-16
  -1.497000000e-15
  2.089800000e-15
  -1.480300000e-16
  9.851500000e-16
  7.371000000e-02 6.174000000e-01 -7.832000000e-01
  9.955000000e-01 1.018000000e-03 9.449000000e-02
  -5.914000000e-02 7.866000000e-01 6.146000000e-01
 Node:         27
  0.1343E+03  0.1203E+03  0.5192E+03  0.0000E+00
   2.22E-16
  -1.943E-16
   2.22E-16
  -1.041E-16
   1.313E-15
   0.0
  1.466000000e-15
  1.875000000e-16
  -1.209000000e-15
  2.317400000e-15
  1.481700000e-16
  1.092400000e-15
  -1.693000000e-01 7.280000000e-01 6.643000000e-01
  9.848000000e-01 9.849000000e-02 1.431000000e-01
  3.876000000e-02 6.785000000e-01 -7.336000000e-01
 Node:         28
  0.1155E+03  0.1124E+03  0.4931E+03 -0.1729E-03
  -2.22E-16
   3.816E-17
   2.22E-16
  -5.551E-17
   5.551E-17
   1.11E-16
  2.455000000e-16
  1.014000000e-16
  -2.359000000e-16
  4.279500000e-16
  3.700000000e-17
  2.017400000e-16
  3.184000000e-02 9.284000000e-01 3.701000000e-01
  1.988000000e-01 3.571000000e-01 -9.127000000e-01
  9.795000000e-01 -1.026000000e-01 1.732000000e-01
 Node:         29
  0.1119E+03  0.1139E+03  0.5068E+03 -0.1729E-03
  -2.22E-16
  -2.082E-17
   0.0
   5.551E-17
   6.939E-18
  -3.331E-16
  1.944000000e-18
  -2.004000000e-16
  -3.566000000e-16
  3.113600000e-16
  -1.850200000e-16
  1.467800000e-16
  -9.118000000e-02 9.958000000e-01 5.517000000e-03
  -9.179000000e-01 -8.189000000e-02 -3.884000000e-01
  -3.863000000e-01 -4.048000000e-02 9.215000000e-01
 Node:         30
  0.1113E+03  0.1159E+03  0.5206E+03 -0.1729E-03
   2.22E-16
   1.249E-16
   2.22E-16
   0.0
  -2.776E-17
   1.11E-16
  3.486000000e-16
  1.238000000e-16
  8.277000000e-17
  2.478800000e-16
  1.850600000e-16
  1.168500000e-16
  -7.001000000e-01 -7.092000000e-01 8.287000000e-02
  -4.685000000e-01 3.686000000e-01 -8.029000000e-01
  -5.389000000e-01 6.009000000e-01 5.903000000e-01
 Node:         31
  0.1203E+03  0.1126E+03  0.4920E+03 -0.1729E-03
  -5.551E-17
   9.714E-17
  -1.11E-16
   2.776E-17
   4.163E-17
  -5.551E-17
  4.114000000e-17
  -7.661000000e-17
  -1.866000000e-16
  1.972700000e-16
  -7.402300000e-17
  9.299200000e-17
  -6.956000000e-01 -5.654000000e-01 -4.433000000e-01
  4.358000000e-01 1.585000000e-01 -8.860000000e-01
  5.712000000e-01 -8.095000000e-01 1.362000000e-01
 Node:         32
  0.1188E+03  0.1134E+03  0.5062E+03 -0.1729E-03
   2.22E-16
  -1.388E-17
  -1.11E-16
  -2.776E-17
   9.714E-17
  -5.551E-17
  2.266000000e-16
  1.331000000e-17
  -1.844000000e-16
  3.560200000e-16
  1.850300000e-17
  1.678300000e-16
  -9.894000000e-01 7.624000000e-02 1.236000000e-01
  1.445000000e-01 5.992000000e-01 7.875000000e-01
  1.402000000e-02 -7.970000000e-01 6.038000000e-01
 Node:         33
  0.1183E+03  0.1150E+03  0.5201E+03 -0.1729E-03
   1.11E-16
   5.551E-17
   0.0
   8.327E-17
   0.0
   0.0
  1.700000000e-16
  0.000000000e+00
  -5.893000000e-17
  2.058900000e-16
  3.702300000e-17
  9.705800000e-17
  -8.617000000e-01 -2.815000000e-01 -4.222000000e-01
  0.000000000e+00 -8.321000000e-01 5.547000000e-01
  -5.074000000e-01 4.780000000e-01 7.170000000e-01
 Node:         34
  0.1255E+03  0.1129E+03  0.4909E+03 -0.1729E-03
   0.0
   0.0
   0.0
   5.551E-17
   9.714E-17
   0.0
  1.119000000e-16
  3.387000000e-33
  -1.119000000e-16
  1.938200000e-16
  0.000000000e+00
  9.136600000e-17
  -3.508000000e-01 -6.139000000e-01 -7.071000000e-01
  8.682000000e-01 -4.961000000e-01 -4.855000000e-17
  -3.508000000e-01 -6.139000000e-01 7.071000000e-01
 Node:         35
  0.1260E+03  0.1135E+03  0.5054E+03 -0.1729E-03
   0.0
   1.11E-16
  -1.11E-16
   1.11E-16
   2.498E-16
  -1.11E-16
  2.410000000e-16
  -1.023000000e-16
  -3.608000000e-16
  5.229000000e-16
  -7.403300000e-17
  2.465000000e-16
  5.458000000e-01 5.925000000e-01 5.925000000e-01
  8.379000000e-01 -3.859000000e-01 -3.859000000e-01
  -4.975000000e-17 -7.071000000e-01 7.071000000e-01
 Node:         36
  0.1257E+03  0.1153E+03  0.5196E+03 -0.1729E-03
   0.0
  -5.551E-17
   0.0
  -5.551E-17
   8.327E-17
   0.0
  1.305000000e-16
  -4.723000000e-17
  -8.327000000e-17
  1.982200000e-16
  0.000000000e+00
  9.344300000e-17
  -5.155000000e-01 6.059000000e-01 6.059000000e-01
  8.569000000e-01 3.645000000e-01 3.645000000e-01
  -1.256000000e-16 7.071000000e-01 -7.071000000e-01
 Node:         37
  0.1132E+03  0.1210E+03  0.4959E+03 -0.1729E-03
  -2.22E-16
   1.388E-16
  -2.22E-16
  -8.327E-17
   1.804E-16
  -2.776E-16
  -4.482000000e-17
  -1.622000000e-16
  -5.146000000e-16
  4.234700000e-16
  -2.405400000e-16
  1.996300000e-16
  3.971000000e-01 7.887000000e-01 4.693000000e-01
  -7.874000000e-01 3.010000000e-02 6.157000000e-01
  4.715000000e-01 -6.140000000e-01 6.330000000e-01
 Node:         38
  0.1111E+03  0.1204E+03  0.5085E+03 -0.1729E-03
  -1.665E-16
   9.714E-17
   0.0
  -2.776E-17
  -8.327E-17
  -2.22E-16
  7.071000000e-17
  -2.091000000e-16
  -2.502000000e-16
  3.024600000e-16
  -1.295300000e-16
  1.425800000e-16
  -3.916000000e-01 -8.746000000e-01 2.859000000e-01
  9.154000000e-01 -3.389000000e-01 2.170000000e-01
  9.287000000e-02 -3.467000000e-01 -9.334000000e-01
 Node:         39
  0.1119E+03  0.1201E+03  0.5207E+03 -0.1729E-03
  -5.551E-17
  -9.714E-17
  -3.331E-16
  -8.327E-17
  -7.633E-17
  -1.11E-16
  8.934000000e-18
  -1.105000000e-16
  -3.981000000e-16
  3.623900000e-16
  -1.665600000e-16
  1.708300000e-16
  8.510000000e-01 -1.281000000e-01 -5.092000000e-01
  4.076000000e-01 -4.503000000e-01 7.944000000e-01
  -3.311000000e-01 -8.836000000e-01 -3.310000000e-01
 Node:         40
  0.1191E+03  0.1220E+03  0.4937E+03 -0.1729E-03
   0.0
   8.327E-17
  -2.22E-16
   8.327E-17
  -1.388E-17
  -2.22E-16
  4.872000000e-17
  -2.082000000e-16
  -2.846000000e-16
  3.024500000e-16
  -1.480300000e-16
  1.425700000e-16
  -9.240000000e-01 -2.703000000e-01 -2.703000000e-01
  0.000000000e+00 -7.071000000e-01 7.071000000e-01
  3.823000000e-01 -6.534000000e-01 -6.534000000e-01
 Node:         41
  0.1182E+03  0.1217E+03  0.5073E+03 -0.1729E-03
   0.0
  -2.776E-17
  -5.551E-17
   5.551E-17
   9.714E-17
   1.11E-16
  1.653000000e-16
  1.073000000e-17
  -1.206000000e-16
  2.478700000e-16
  1.847700000e-17
  1.168500000e-16
  2.406000000e-01 3.653000000e-01 8.993000000e-01
  -8.901000000e-01 4.526000000e-01 5.428000000e-02
  -3.871000000e-01 -8.135000000e-01 4.340000000e-01
 Node:         42
  0.1187E+03  0.1212E+03  0.5204E+03 -0.1729E-03
   0.0
  -5.551E-17
  -1.11E-16
   0.0
   5.551E-17
   1.11E-16
  1.256000000e-16
  1.887000000e-17
  -1.444000000e-16
  2.355300000e-16
  2.333300000e-20
  1.110300000e-16
  1.113000000e-01 -2.517000000e-01 -9.614000000e-01
  9.295000000e-01 -3.159000000e-01 1.903000000e-01
  -3.516000000e-01 -9.148000000e-01 1.988000000e-01
 Node:         43
  0.1258E+03  0.1217E+03  0.4915E+03 -0.1729E-03
   2.22E-16
   1.11E-16
   1.11E-16
  -1.388E-17
   0.0
  -5.551E-17
  2.911000000e-16
  4.294000000e-17
  -5.645000000e-17
  3.100400000e-16
  9.253000000e-17
  1.461600000e-16
  -8.507000000e-01 -5.246000000e-01 3.406000000e-02
  -5.213000000e-01 8.502000000e-01 7.348000000e-02
  6.751000000e-02 -4.475000000e-02 9.967000000e-01
 Node:         44
  0.1259E+03  0.1220E+03  0.5059E+03 -0.1729E-03
  -2.22E-16
   1.388E-16
  -2.22E-16
   9.714E-17
   1.11E-16
  -1.11E-16
  5.081000000e-17
  -2.445000000e-16
  -3.614000000e-16
  3.679600000e-16
  -1.850300000e-16
  1.734600000e-16
  -5.113000000e-01 -5.340000000e-01 -6.733000000e-01
  -5.198000000e-01 -4.318000000e-01 7.372000000e-01
  -6.844000000e-01 7.269000000e-01 -5.679000000e-02
 Node:         45
  0.1261E+03  0.1221E+03  0.5198E+03 -0.1729E-03
  -5.551E-17
  -8.327E-17
  -2.776E-16
   2.776E-17
  -6.939E-18
   1.11E-16
  1.167000000e-16
  -3.339000000e-17
  -3.053000000e-16
  3.705000000e-16
  -7.399700000e-17
  1.746600000e-16
  1.854000000e-01 -5.643000000e-02 9.810000000e-01
  9.302000000e-01 -3.117000000e-01 -1.938000000e-01
  -3.167000000e-01 -9.485000000e-01 5.308000000e-03
 Node:         46
  0.1117E+03  0.1296E+03  0.4959E+03  0.0000E+00
  -5.551E-17
   2.776E-17
  -1.665E-16
   6.939E-18
  -2.602E-17
   0.0
  4.101000000e-18
  -4.897000000e-17
  -1.772000000e-16
  1.614500000e-16
  -7.402300000e-17
  7.610600000e-17
  4.856000000e-02 -1.429000000e-01 9.886000000e-01
  9.724000000e-01 2.327000000e-01 -1.414000000e-02
  -2.280000000e-01 9.620000000e-01 1.502000000e-01
 Node:         47
  0.1107E+03  0.1269E+03  0.5087E+03  0.0000E+00
  -1.665E-16
  -3.123E-17
   1.11E-16
  -2.776E-17
   3.99E-17
   0.0
  1.289000000e-16
  -1.114000000e-17
  -1.732000000e-16
  2.618600000e-16
  -1.848000000e-17
  1.234400000e-16
  -1.292000000e-01 9.390000000e-01 3.186000000e-01
  -1.008000000e-01 -3.321000000e-01 9.379000000e-01
  -9.865000000e-01 -8.906000000e-02 -1.376000000e-01
 Node:         48
  0.1125E+03  0.1242E+03  0.5208E+03  0.0000E+00
   1.11E-16
   3.469E-18
   1.11E-16
   0.0
  -1.735E-18
   1.11E-16
  1.149000000e-16
  1.110000000e-16
  1.071000000e-16
  6.755000000e-18
  1.110000000e-16
  3.184300000e-18
  -6.325000000e-01 -7.071000000e-01 3.162000000e-01
  4.472000000e-01 -4.455000000e-15 8.944000000e-01
  -6.325000000e-01 7.071000000e-01 3.162000000e-01
 Node:         49
  0.1186E+03  0.1311E+03  0.4938E+03  0.0000E+00
  -1.665E-16
  -2.082E-17
   0.0
  -4.163E-17
  -6.072E-18
  -5.551E-17
  2.581000000e-18
  -4.165000000e-17
  -1.830000000e-16
  1.678900000e-16
  -7.402300000e-17
  7.914600000e-17
  1.174000000e-01 -9.929000000e-01 1.965000000e-02
  -3.135000000e-01 -1.827000000e-02 9.494000000e-01
  -9.423000000e-01 -1.176000000e-01 -3.134000000e-01
 Node:         50
  0.1180E+03  0.1298E+03  0.5075E+03  0.0000E+00
   0.0
  -1.301E-17
   3.331E-16
  -4.163E-17
   1.247E-17
   2.22E-16
  3.354000000e-16
  2.276000000e-16
  -7.879000000e-18
  3.040700000e-16
  1.850400000e-16
  1.433400000e-16
  5.441000000e-02 -9.902000000e-01 -1.289000000e-01
  -1.707000000e-01 -1.364000000e-01 9.758000000e-01
  9.838000000e-01 3.109000000e-02 1.765000000e-01
 Node:         51
  0.1192E+03  0.1275E+03  0.5206E+03  0.0000E+00
   0.0
  -3.469E-18
  -5.551E-17
   0.0
   1.475E-17
   1.11E-16
  1.123000000e-16
  2.087000000e-19
  -5.702000000e-17
  1.491800000e-16
  1.849600000e-17
  7.032400000e-17
  -2.705000000e-03 8.758000000e-02 9.962000000e-01
  9.982000000e-01 -6.004000000e-02 7.989000000e-03
  -6.051000000e-02 -9.943000000e-01 8.725000000e-02
 Node:         52
  0.1262E+03  0.1305E+03  0.4920E+03  0.0000E+00
   1.11E-16
  -1.388E-17
   1.11E-16
   1.301E-18
   4.906E-18
   0.0
  1.250000000e-16
  9.734000000e-17
  -2.497000000e-19
  1.139700000e-16
  7.403000000e-17
  5.372400000e-17
  -7.047000000e-01 7.092000000e-01 2.051000000e-02
  7.093000000e-01 7.034000000e-01 4.493000000e-02
  -1.744000000e-02 -4.621000000e-02 9.988000000e-01
 Node:         53
  0.1258E+03  0.1304E+03  0.5063E+03  0.0000E+00
  -1.665E-16
  -1.735E-18
  -1.11E-16
   2.776E-17
   3.383E-17
  -2.22E-16
  -1.010000000e-16
  -1.572000000e-16
  -2.414000000e-16
  1.223900000e-16
  -1.665300000e-16
  5.769700000e-17
  9.684000000e-02 9.526000000e-01 2.883000000e-01
  -9.346000000e-01 1.866000000e-01 -3.027000000e-01
  -3.422000000e-01 -2.402000000e-01 9.084000000e-01
 Node:         54
  0.1265E+03  0.1288E+03  0.5200E+03  0.0000E+00
  -2.22E-16
   2.082E-17
   1.11E-16
   0.0
  -4.337E-18
   1.11E-16
  1.160000000e-16
  1.073000000e-16
  -2.233000000e-16
  3.350300000e-16
  0.000000000e+00
  1.579400000e-16
  -4.656000000e-02 -7.562000000e-01 6.527000000e-01
  -4.117000000e-02 -6.514000000e-01 -7.576000000e-01
  -9.981000000e-01 6.215000000e-02 8.061000000e-04
 Node:         55
  0.1381E+03  0.1168E+03  0.4521E+03  0.1302E-01
   0.02257
  -0.01206
   0.002922
  -0.004082
   0.01759
  -0.044
  1.151600000e-02
  -5.245700000e-04
  -2.635400000e-02
  3.362200000e-02
  -5.120700000e-03
  1.584900000e-02
  3.963400000e-01 1.635900000e-01 1.009800000e-01
  6.647900000e-01 8.517700000e-01 9.198600000e-02
  1.927200000e-01 -2.884000000e-01 9.221500000e-01
 Node:         56
  0.1313E+03  0.1156E+03  0.4681E+03  0.1302E-01
   0.03321
  -0.01569
   0.003927
  -0.01326
   0.009836
  -0.02132
  2.490800000e-02
  -1.166600000e-03
  -1.068900000e-02
  3.186200000e-02
  4.350700000e-03
  1.502000000e-02
  -5.211900000e-01 2.656100000e-02 1.250500000e-01
  6.386100000e-01 8.652000000e-01 3.348700000e-01
  3.079900000e-01 -2.069100000e-01 9.194800000e-01
 Node:         57
  0.1285E+03  0.1140E+03  0.4823E+03  0.1302E-01
   0.009391
  -0.006428
   0.004158
  -0.004019
   0.002803
  -1.48E-4
  9.782000000e-03
  3.782700000e-05
  4.767300000e-04
  9.019500000e-03
  3.432200000e-03
  4.251800000e-03
  -7.717600000e-01 6.524100000e-01 2.739000000e-01
  5.259200000e-01 8.059700000e-01 -8.054000000e-02
  4.211800000e-01 -1.922400000e-01 9.790500000e-01
 Node:         58
  0.1476E+03  0.1179E+03  0.4522E+03  0.1302E-01
   0.02127
  -0.01093
   0.01281
  -0.001565
   0.01135
  -0.07889
  6.983200000e-03
  6.531700000e-03
  -4.686800000e-02
  4.804400000e-02
  -1.111800000e-02
  2.264800000e-02
  4.193800000e-01 -1.319700000e-01 -1.768600000e-02
  7.508800000e-01 7.642700000e-01 -1.917500000e-02
  -1.059800000e-01 -1.460100000e-01 9.956100000e-01
 Node:         59
  0.1414E+03  0.1167E+03  0.4686E+03  0.1302E-01
   0.04862
  -0.02228
   0.01177
  -0.02549
   0.01944
  -0.02212
  3.650500000e-02
  4.254000000e-03
  -1.703500000e-02
  4.657600000e-02
  7.908000000e-03
  2.195600000e-02
  -7.580000000e-01 4.430900000e-01 3.015100000e-01
  6.325200000e-01 9.086800000e-01 -1.139900000e-02
  1.789900000e-01 -3.096400000e-01 1.034200000e+00
 Node:         60
  0.1374E+03  0.1150E+03  0.4832E+03  0.1302E-01
   0.01805
  -0.01165
   0.007751
  -0.01263
   0.008189
   0.004639
  2.085100000e-02
  3.508900000e-04
  -1.664200000e-03
  2.173900000e-02
  6.512400000e-03
  1.024800000e-02
  -7.759200000e-01 5.152300000e-01 4.842900000e-01
  4.655200000e-01 8.102700000e-01 -2.680100000e-01
  5.309000000e-02 -2.107900000e-01 5.471600000e-01
 Node:         61
  0.1546E+03  0.1222E+03  0.4525E+03  0.1302E-01
   0.03869
  -0.007907
  -0.005413
   0.01088
  -0.01745
  -0.02903
  1.837100000e-02
  2.635800000e-03
  -1.600300000e-02
  2.983300000e-02
  1.667800000e-03
  1.406400000e-02
  -4.691400000e-02 -1.751600000e-01 -8.441600000e-02
  2.812900000e-01 8.851400000e-01 -3.637900000e-01
  -7.650000000e-02 4.290700000e-01 8.767200000e-01
 Node:         62
  0.1487E+03  0.1203E+03  0.4692E+03  0.1302E-01
   0.06006
  -0.03543
   0.01356
  -0.02556
   0.0102
   0.02938
  4.788800000e-02
  1.187300000e-02
  2.782200000e-03
  4.150600000e-02
  2.084800000e-02
  1.956600000e-02
  -8.657300000e-01 5.433700000e-01 4.138400000e-01
  -1.457500000e-02 -1.213400000e-01 2.588600000e-01
  2.167900000e-01 2.031300000e-01 1.589700000e-01
 Node:         63
  0.1436E+03  0.1181E+03  0.4838E+03  0.1302E-01
   0.01375
  -0.01923
   0.02087
  -0.01034
   0.01416
   0.01069
  2.631300000e-02
  1.689600000e-03
  -1.141600000e-03
  2.626100000e-02
  8.953500000e-03
  1.238000000e-02
  -5.974900000e-01 7.385900000e-01 4.388100000e-01
  -5.050900000e-01 5.916500000e-02 -8.040700000e-01
  -5.911600000e-01 -5.961500000e-01 -9.685700000e-03
 Node:         64
  0.1409E+03  0.1253E+03  0.4518E+03  0.1302E-01
  -0.02485
  -0.01693
   0.03493
  -5.2E-4
   0.001125
  -0.02753
  1.828300000e-02
  -1.628500000e-02
  -1.372700000e-02
  3.276300000e-02
  -3.909700000e-03
  1.544500000e-02
  -1.292600000e-01 4.495500000e-01 3.574700000e-03
  -1.366400000e-01 -5.162400000e-02 6.648600000e-01
  5.957700000e-01 1.872000000e-01 7.847200000e-02
 Node:         65
  0.1338E+03  0.1229E+03  0.4680E+03  0.1302E-01
   0.009317
  -0.02718
   0.0231
  -0.007841
   0.002896
  -0.01707
  2.390100000e-02
  -5.010400000e-03
  -1.012100000e-02
  3.189800000e-02
  2.923200000e-03
  1.503700000e-02
  6.377300000e-01 -9.325300000e-01 -1.268800000e-01
  -3.764300000e-01 -3.751700000e-01 2.516200000e-01
  -2.400300000e-01 -1.081500000e-01 -4.114300000e-01
 Node:         66
  0.1299E+03  0.1214E+03  0.4825E+03  0.1302E-01
   0.009029
  -0.008483
   0.007152
  -0.003532
   0.002739
  -4.149E-4
  1.073800000e-02
  -5.952500000e-05
  -1.138100000e-03
  1.146500000e-02
  3.180000000e-03
  5.404700000e-03
  -7.342000000e-01 4.927800000e-01 2.793600000e-01
  6.228300000e-01 7.990600000e-01 -2.597100000e-01
  4.438100000e-01 4.403900000e-02 1.011800000e+00
 Node:         67
  0.1494E+03  0.1245E+03  0.4521E+03  0.1302E-01
  -0.01084
  -0.01208
   0.03351
  -4.006E-5
   0.003441
  -0.07108
  1.637200000e-02
  -8.109900000e-03
  -4.108900000e-02
  4.999400000e-02
  -1.094200000e-02
  2.356700000e-02
  -2.046700000e-01 7.711200000e-01 2.385600000e-02
  1.106300000e+00 2.876000000e-01 -1.175800000e-01
  -3.764700000e-02 -3.092400000e-02 7.655400000e-01
 Node:         68
  0.1428E+03  0.1224E+03  0.4686E+03  0.1302E-01
   0.03921
  -0.0279
   0.02894
  -0.01947
   0.00839
  -0.03933
  3.465000000e-02
  5.659400000e-03
  -2.564500000e-02
  5.165000000e-02
  4.888100000e-03
  2.434800000e-02
  -6.368000000e-01 3.843700000e-01 1.447300000e-01
  6.324200000e-01 8.010800000e-01 -2.096600000e-01
  1.451700000e-02 -9.290700000e-02 8.817700000e-01
 Node:         69
  0.1379E+03  0.1205E+03  0.4830E+03  0.1302E-01
   0.01875
  -0.01204
   0.008981
  -0.009637
   0.005753
  -9.968E-5
  1.769700000e-02
  8.120800000e-04
  -2.707400000e-03
  1.891700000e-02
  5.267100000e-03
  8.917600000e-03
  -7.779600000e-01 5.210500000e-01 3.385100000e-01
  5.991900000e-01 9.591600000e-01 -2.265600000e-01
  3.547400000e-01 -1.155000000e-01 9.920500000e-01
 Node:         70
  0.1548E+03  0.1243E+03  0.4525E+03  0.1302E-01
   0.002151
  -0.0157
   0.02669
  -0.009446
   0.007747
  -0.09516
  1.806300000e-02
  -5.107200000e-03
  -5.731500000e-02
  6.689200000e-02
  -1.478600000e-02
  3.153300000e-02
  1.264100000e-01 -2.513000000e-01 -6.530000000e-02
  2.537600000e-01 2.106000000e-01 -1.138700000e-01
  4.011900000e-02 -5.104200000e-02 7.873800000e-01
 Node:         71
  0.1489E+03  0.1222E+03  0.4692E+03  0.1302E-01
   0.06398
  -0.02349
   0.02633
  -0.03698
   0.01511
  -0.03675
  4.607100000e-02
  1.032200000e-02
  -2.874500000e-02
  6.399600000e-02
  9.216200000e-03
  3.016800000e-02
  -9.175300000e-01 4.898100000e-01 3.723400000e-01
  2.348200000e-01 3.843800000e-01 -1.060700000e-01
  3.137100000e-01 -1.172700000e-01 9.981200000e-01
 Node:         72
  0.1434E+03  0.1199E+03  0.4837E+03  0.1302E-01
   0.0292
  -0.01238
   0.007479
  -0.01657
   0.007431
   0.002754
  2.424000000e-02
  1.300800000e-03
  -3.233900000e-03
  2.553700000e-02
  7.435700000e-03
  1.203800000e-02
  -8.233500000e-01 3.816700000e-01 4.107800000e-01
  4.837800000e-01 1.091800000e+00 -1.466500000e-01
  1.922400000e-01 -1.847300000e-01 5.661800000e-01
 Node:         73
  0.1438E+03  0.1339E+03  0.4513E+03  0.0000E+00
   0.03327
   6.582E-4
  -0.02233
  -0.006402
   0.005219
   5.31E-4
  1.904500000e-02
  -3.285600000e-03
  -1.053400000e-02
  2.447200000e-02
  1.741800000e-03
  1.153600000e-02
  -1.019000000e+00 2.460300000e-02 1.687300000e-02
  -1.514500000e-01 -1.155500000e-01 -2.396400000e-01
  -3.790600000e-03 5.475800000e-01 -1.165700000e-01
 Node:         74
  0.1363E+03  0.1303E+03  0.4678E+03  0.0000E+00
   0.0579
   0.02094
  -0.001278
   0.004458
   0.008529
   0.01311
  3.615600000e-02
  6.279100000e-03
  -4.734000000e-03
  3.622600000e-02
  1.256700000e-02
  1.707700000e-02
  -8.023600000e-01 -3.491200000e-01 -1.062600000e-01
  -2.282500000e-01 2.106100000e-01 1.076100000e+00
  -3.026700000e-01 8.347900000e-01 -2.963800000e-01
 Node:         75
  0.1313E+03  0.1288E+03  0.4826E+03  0.0000E+00
   0.02567
   0.008546
   0.001851
   0.002445
   0.001292
   0.00196
  1.643300000e-02
  9.348500000e-04
  -6.041700000e-04
  1.637800000e-02
  5.587800000e-03
  7.720500000e-03
  -9.426900000e-01 -3.040800000e-01 -9.958200000e-02
  -1.507300000e-01 1.448200000e-01 9.813900000e-01
  -2.817800000e-01 1.061100000e+00 -1.570600000e-01
 Node:         76
  0.1511E+03  0.1311E+03  0.4519E+03  0.0000E+00
   0.02605
  -0.00215
  -0.02074
  -0.006843
   6.2E-4
  -0.007176
  1.191200000e-02
  -8.994900000e-03
  -7.021500000e-03
  1.685700000e-02
  -1.368100000e-03
  7.946700000e-03
  -9.359000000e-01 3.406700000e-02 9.697500000e-02
  1.901900000e-01 -3.788800000e-02 9.479700000e-01
  -4.702200000e-02 -9.942000000e-01 -2.851500000e-02
 Node:         77
  0.1443E+03  0.1282E+03  0.4685E+03  0.0000E+00
   0.06893
   0.01887
  -0.001243
   0.005604
   0.003358
   0.004802
  3.911600000e-02
  -2.855800000e-04
  -9.968600000e-04
  3.857300000e-02
  1.261100000e-02
  1.818400000e-02
  -9.627300000e-01 -2.451500000e-01 -8.799100000e-02
  -1.224700000e-01 1.264400000e-01 9.818900000e-01
  -2.307300000e-01 1.010000000e+00 -1.653400000e-01
 Node:         78
  0.1384E+03  0.1261E+03  0.4829E+03  0.0000E+00
   0.02956
   0.01007
   0.002065
   0.003368
   0.001494
   0.001338
  1.800200000e-02
  4.419000000e-04
  -7.067100000e-04
  1.816100000e-02
  5.912300000e-03
  8.561000000e-03
  -9.414400000e-01 -3.100400000e-01 -1.105500000e-01
  -1.566800000e-01 1.030600000e-01 9.757700000e-01
  -2.980600000e-01 8.196500000e-01 -1.775600000e-01
 Node:         79
  0.1551E+03  0.1263E+03  0.4525E+03  0.0000E+00
   0.01409
  -0.007229
  -0.08295
  -0.01947
   0.001052
  -0.009375
  1.281400000e-02
  -1.481600000e-02
  -3.343400000e-02
  4.002000000e-02
  -1.181200000e-02
  1.886600000e-02
  8.753300000e-01 -9.248400000e-02 -4.899200000e-01
  4.966300000e-01 -1.578100000e-01 7.359800000e-01
  -7.338200000e-02 -8.584400000e-01 -1.754500000e-01
 Node:         80
  0.1491E+03  0.1241E+03  0.4692E+03  0.0000E+00
   0.08256
   0.002277
  -0.05197
   0.01153
   0.004838
   0.002759
  4.373000000e-02
  9.183900000e-04
  -1.686600000e-02
  5.475100000e-02
  9.260800000e-03
  2.581000000e-02
  -1.161900000e+00 -5.120100000e-02 -1.571800000e-01
  -1.510400000e-01 6.656100000e-02 1.033000000e+00
  2.751600000e-02 -1.042800000e+00 7.583800000e-02
 Node:         81
  0.1433E+03  0.1217E+03  0.4836E+03  0.0000E+00
   0.03511
   0.007466
  -0.004531
   0.01193
   0.003517
   0.004327
  2.229800000e-02
  4.634800000e-04
  -2.062300000e-03
  2.331600000e-02
  6.899700000e-03
  1.099100000e-02
  -9.281500000e-01 -1.829100000e-01 -3.212200000e-01
  -3.524300000e-01 8.564900000e-02 1.012400000e+00
  1.486400000e-01 -1.056400000e+00 1.406300000e-01
 Node:         82
  0.1267E+03  0.1148E+03  0.4554E+03  0.2325E-01
   0.02444
  -0.01394
  -0.007474
  -0.005765
  -0.002153
  -0.009327
  1.705900000e-02
  -4.578100000e-03
  -7.886400000e-03
  2.341400000e-02
  1.531400000e-03
  1.103800000e-02
  -9.675200000e-01 3.367100000e-01 9.564600000e-02
  -7.221300000e-02 -4.897900000e-01 8.447000000e-01
  3.708700000e-01 7.219400000e-01 5.396600000e-01
 Node:         83
  0.1234E+03  0.1129E+03  0.4716E+03  0.2325E-01
   0.01002
  -0.01112
  -0.005815
  -0.01317
   6.672E-4
   0.004712
  1.474200000e-02
  -8.900700000e-04
  -4.411500000e-03
  1.653500000e-02
  3.146700000e-03
  7.794600000e-03
  -7.417300000e-01 3.074400000e-01 4.991800000e-01
  2.953900000e-01 -5.354100000e-01 7.004600000e-01
  6.641200000e-01 7.788400000e-01 2.425000000e-01
 Node:         84
  0.1187E+03  0.1123E+03  0.4849E+03  0.2325E-01
   0.00105
  -0.00109
  -5.687E-4
  -0.003816
   1.97E-4
   0.005833
  4.950200000e-03
  -5.727400000e-05
  1.151900000e-03
  3.317100000e-03
  2.015000000e-03
  1.563700000e-03
  -5.162700000e-01 2.147200000e-01 8.598500000e-01
  -2.958400000e-01 5.404200000e-01 -1.642500000e-01
  -5.054200000e-01 -4.033800000e-01 -1.578800000e-01
 Node:         85
  0.1302E+03  0.1161E+03  0.4541E+03  0.2325E-01
   0.02775
  -0.01581
  -0.007422
  -0.005659
  -0.003926
  -0.01734
  1.848900000e-02
  -6.375600000e-03
  -1.126700000e-02
  2.759700000e-02
  2.820600000e-04
  1.300900000e-02
  -9.788600000e-01 3.019300000e-01 8.588300000e-03
  3.493900000e-01 5.956800000e-01 -2.121300000e-01
  1.166600000e-01 3.950500000e-01 9.042200000e-01
 Node:         86
  0.1252E+03  0.1138E+03  0.4698E+03  0.2325E-01
  -0.009426
  -0.01116
   0.0221
  -0.02738
   0.003886
   9.742E-4
  1.561800000e-02
  6.413700000e-03
  -1.571600000e-02
  2.815200000e-02
  2.105100000e-03
  1.327100000e-02
  6.222400000e-02 -7.425900000e-02 7.994600000e-03
  -2.947600000e-01 -4.695300000e-02 1.502800000e-01
  7.372900000e-01 1.150700000e-01 6.487000000e-01
 Node:         87
  0.1217E+03  0.1126E+03  0.4833E+03  0.2325E-01
   0.003286
  -8.647E-4
  -4.714E-4
  -0.005943
   7.586E-4
   0.006524
  6.798200000e-03
  -3.187000000e-04
  1.529000000e-03
  5.127000000e-03
  2.669500000e-03
  2.416900000e-03
  -5.760400000e-01 4.414700000e-02 8.123800000e-01
  1.327800000e-01 -9.925100000e-01 2.752600000e-01
  7.685400000e-01 3.293100000e-01 6.188800000e-01
 Node:         88
  0.1338E+03  0.1169E+03  0.4524E+03  0.2325E-01
   0.017
  -0.01584
  -3.554E-4
  -0.005796
   0.003025
  -0.009739
  1.168700000e-02
  -5.314400000e-03
  -3.084500000e-03
  1.511400000e-02
  1.096000000e-03
  7.125000000e-03
  -8.301200000e-01 5.436300000e-01 1.926700000e-01
  2.424600000e-01 2.452000000e-01 -7.850600000e-02
  -1.663700000e-02 -5.627600000e-02 5.413200000e-01
 Node:         89
  0.1270E+03  0.1150E+03  0.4681E+03  0.2325E-01
   0.02682
  -0.01379
  -0.00118
  -0.01495
   6.484E-4
   3.339E-4
  2.278300000e-02
  -6.247300000e-04
  -1.519900000e-03
  2.249500000e-02
  6.879600000e-03
  1.060400000e-02
  -9.141000000e-01 3.536400000e-01 3.462800000e-01
  1.000300000e-01 -7.198600000e-01 8.807500000e-01
  5.892600000e-01 6.665700000e-01 5.356700000e-01
 Node:         90
  0.1248E+03  0.1132E+03  0.4821E+03  0.2325E-01
   0.006942
  -0.004768
   0.002299
  -0.00372
   0.001922
   0.001705
  7.479000000e-03
  1.175900000e-04
  1.280700000e-03
  5.957500000e-03
  2.959100000e-03
  2.808400000e-03
  -8.278100000e-01 4.030400000e-01 4.415200000e-01
  1.751000000e-01 -5.226700000e-01 1.058800000e+00
  6.765600000e-01 6.936500000e-01 3.561600000e-01
 Node:         91
  0.1257E+03  0.1258E+03  0.4541E+03  0.2325E-01
  -0.02865
  -0.02607
   0.0245
  -0.01009
   4.56E-4
  -0.01092
  1.666700000e-02
  -4.670600000e-03
  -2.383800000e-02
  3.494400000e-02
  -3.947100000e-03
  1.647300000e-02
  -3.133700000e-01 5.133700000e-01 5.035600000e-03
  -2.692700000e-01 -2.471800000e-01 1.141500000e+00
  -8.265800000e-01 -2.466800000e-01 -2.530400000e-01
 Node:         92
  0.1208E+03  0.1230E+03  0.4722E+03  0.2325E-01
   0.01026
  -0.01799
  -0.002188
  -0.01557
  -7.694E-4
  -0.001814
  1.503300000e-02
  -8.359300000e-04
  -1.112500000e-02
  2.284200000e-02
  1.024000000e-03
  1.076800000e-02
  -8.485700000e-01 6.238900000e-01 5.013200000e-01
  1.114000000e-03 -6.056700000e-01 7.105800000e-01
  8.037600000e-01 6.493000000e-01 5.466900000e-01
 Node:         93
  0.1159E+03  0.1217E+03  0.4876E+03  0.2325E-01
   0.005766
   2.529E-4
  -0.001349
  -0.007447
  -0.003164
   0.004787
  8.524600000e-03
  1.984900000e-04
  -2.555600000e-03
  1.003800000e-02
  2.055800000e-03
  4.732000000e-03
  -7.452800000e-01 -1.038800000e-01 8.061800000e-01
  3.757100000e-01 -6.452400000e-01 2.512900000e-01
  -4.322100000e-01 -6.214900000e-01 -4.943700000e-01
 Node:         94
  0.1311E+03  0.1260E+03  0.4531E+03  0.2325E-01
  -0.0368
  -0.02566
   0.02992
  -0.006452
  -0.002046
  -0.01844
  1.801900000e-02
  -1.169400000e-02
  -2.621900000e-02
  3.898000000e-02
  -6.631400000e-03
  1.837500000e-02
  -3.063700000e-01 9.091500000e-01 2.149300000e-03
  -2.414700000e-01 -1.190100000e-01 1.136800000e+00
  -1.073000000e+00 -3.026900000e-01 -2.564600000e-01
 Node:         95
  0.1248E+03  0.1233E+03  0.4703E+03  0.2325E-01
   0.02011
  -0.01629
   0.007906
  -0.01747
   9.22E-4
  -0.01854
  1.936100000e-02
  -1.312200000e-03
