 Group name: predicted_strain_L6A1
 #Fields=  16
 1) coordinates, coordinate, rectangular cartesian, #Components=3
   x.  Value index= 1, #Derivatives=0
   y.  Value index= 2, #Derivatives=0
   z.  Value index= 3, #Derivatives=0
 2) Tensor_1, field, rectangular cartesian, #Components=1
   Tensor_1.  Value index= 4, #Derivatives=0
 3) Tensor_2, field, rectangular cartesian, #Components=1
   Tensor_2.  Value index= 5, #Derivatives=0
 4) Tensor_3, field, rectangular cartesian, #Components=1
   Tensor_3.  Value index= 6, #Derivatives=0
 5) Tensor_4, field, rectangular cartesian, #Components=1
   Tensor_4.  Value index= 7, #Derivatives=0
 6) Tensor_5, field, rectangular cartesian, #Components=1
   Tensor_5.  Value index= 8, #Derivatives=0
 7) Tensor_6, field, rectangular cartesian, #Components=1
   Tensor_6.  Value index= 9, #Derivatives=0
 8) Principal_1, field, rectangular cartesian, #Components=1
   Principal_1.  Value index= 10, #Derivatives=0
 9) Principal_2, field, rectangular cartesian, #Components=1
   Principal_2.  Value index= 11, #Derivatives=0
 10) Principal_3, field, rectangular cartesian, #Components=1
   Principal_3.  Value index= 12, #Derivatives=0
 11) VonMises, field, rectangular cartesian, #Components=1
   VonMises.  Value index= 13, #Derivatives=0
 12) Hydrostatic, field, rectangular cartesian, #Components=1
   VonMises.  Value index= 14, #Derivatives=0
 13) Octahedral, field, rectangular cartesian, #Components=1
   VonMises.  Value index= 15, #Derivatives=0
 14) PrincipalVector1, field, rectangular cartesian, #Components=3
   x.  Value index= 16, #Derivatives=0
   y.  Value index= 17, #Derivatives=0
   z.  Value index= 18, #Derivatives=0
 15) PrincipalVector2, field, rectangular cartesian, #Components=3
   x.  Value index= 19, #Derivatives=0
   y.  Value index= 20, #Derivatives=0
   z.  Value index= 21, #Derivatives=0
 16) PrincipalVector3, field, rectangular cartesian, #Components=3
   x.  Value index= 22, #Derivatives=0
   y.  Value index= 23, #Derivatives=0
   z.  Value index= 24, #Derivatives=0
 Node:          1
  0.1287E+03  0.1133E+03  0.4908E+03 -0.2926E-04
  -1.11E-16
  -8.327E-17
  -2.22E-16
  -2.776E-17
  -4.163E-17
  -3.331E-16
  -6.637000000e-17
  -2.400000000e-16
  -3.598000000e-16
  2.555400000e-16
  -2.220600000e-16
  1.204600000e-16
  8.837000000e-01 -4.676000000e-01 -1.897000000e-02
  4.046000000e-01 7.837000000e-01 -4.712000000e-01
  2.352000000e-01 4.088000000e-01 8.818000000e-01
 Node:          2
  0.1292E+03  0.1137E+03  0.5052E+03 -0.2926E-04
  -5.551E-17
  -1.11E-16
  -1.665E-16
  -5.551E-17
   1.943E-16
  -2.776E-16
  8.603000000e-17
  -1.600000000e-16
  -4.256000000e-16
  4.431900000e-16
  -1.665200000e-16
  2.089200000e-16
  -6.554000000e-01 6.199000000e-01 4.313000000e-01
  7.522000000e-01 4.849000000e-01 4.462000000e-01
  -6.744000000e-02 -6.169000000e-01 7.841000000e-01
 Node:          3
  0.1289E+03  0.1155E+03  0.5194E+03 -0.2926E-04
   2.22E-16
   1.388E-16
   3.331E-16
   1.11E-16
   5.551E-17
   2.22E-16
  4.753000000e-16
  2.118000000e-16
  9.006000000e-17
  3.410700000e-16
  2.590500000e-16
  1.607800000e-16
  -5.696000000e-01 -7.144000000e-01 -4.063000000e-01
  2.395000000e-01 -6.172000000e-01 7.494000000e-01
  -7.862000000e-01 3.296000000e-01 5.227000000e-01
 Node:          4
  0.1361E+03  0.1141E+03  0.4915E+03 -0.2926E-04
   0.0
  -2.776E-17
  -1.11E-16
  -2.776E-17
  -8.327E-17
   2.22E-16
  2.435000000e-16
  6.328000000e-18
  -1.388000000e-16
  3.342600000e-16
  3.700900000e-17
  1.575700000e-16
  -8.549000000e-02 -2.215000000e-01 9.714000000e-01
  9.681000000e-01 -2.491000000e-01 2.840000000e-02
  2.357000000e-01 9.428000000e-01 2.357000000e-01
 Node:          5
  0.1341E+03  0.1144E+03  0.5054E+03 -0.2926E-04
   3.331E-16
   1.388E-16
   3.331E-16
   5.551E-17
  -6.939E-17
   4.441E-16
  4.814000000e-16
  4.627000000e-16
  1.662000000e-16
  3.062800000e-16
  3.701000000e-16
  1.443800000e-16
  -3.480000000e-01 -6.443000000e-01 6.810000000e-01
  -6.589000000e-01 -3.487000000e-01 -6.665000000e-01
  6.669000000e-01 -6.807000000e-01 -3.032000000e-01
 Node:          6
  0.1323E+03  0.1162E+03  0.5191E+03 -0.2926E-04
   2.22E-16
   5.551E-17
   2.22E-16
  -5.551E-17
  -2.776E-17
   0.0
  2.897000000e-16
  1.685000000e-16
  -1.402000000e-17
  2.648100000e-16
  1.480600000e-16
  1.248300000e-16
  -7.150000000e-01 -6.696000000e-01 2.012000000e-01
  6.656000000e-01 -7.399000000e-01 -9.741000000e-02
  -2.141000000e-01 -6.426000000e-02 -9.747000000e-01
 Node:          7
  0.1408E+03  0.1171E+03  0.4920E+03 -0.2926E-04
   3.331E-16
   2.22E-16
   2.22E-16
  -8.327E-17
  -1.11E-16
   0.0
  5.398000000e-16
  6.158000000e-17
  -4.631000000e-17
  5.403100000e-16
  1.850200000e-16
  2.547000000e-16
  -7.537000000e-01 -6.111000000e-01 2.419000000e-01
  -6.560000000e-01 6.770000000e-01 -3.335000000e-01
  -4.004000000e-02 4.101000000e-01 9.112000000e-01
 Node:          8
  0.1367E+03  0.1169E+03  0.5055E+03 -0.2926E-04
   2.22E-16
   1.943E-16
   2.22E-16
  -4.025E-16
  -2.359E-16
  -2.22E-16
  6.547000000e-16
  4.477000000e-17
  -4.775000000e-16
  9.814900000e-16
  7.399000000e-17
  4.626800000e-16
  -6.847000000e-01 -5.611000000e-01 4.652000000e-01
  5.685000000e-01 -8.105000000e-01 -1.409000000e-01
  -4.561000000e-01 -1.681000000e-01 -8.739000000e-01
 Node:          9
  0.1339E+03  0.1180E+03  0.5191E+03 -0.2926E-04
   2.22E-16
   1.665E-16
   0.0
  -3.955E-16
  -2.776E-16
   6.661E-16
  1.002000000e-15
  -9.379000000e-18
  -1.046000000e-16
  1.062200000e-15
  2.960100000e-16
  5.007200000e-16
  -4.817000000e-01 -3.073000000e-01 8.207000000e-01
  -8.565000000e-01 -3.292000000e-02 -5.150000000e-01
  -1.853000000e-01 9.510000000e-01 2.474000000e-01
 Node:         10
  0.1294E+03  0.1212E+03  0.4911E+03 -0.2926E-04
   0.0
   2.776E-17
   1.11E-16
  -1.388E-17
   1.249E-16
   1.11E-16
  2.363000000e-16
  2.303000000e-17
  -3.732000000e-17
  2.489900000e-16
  7.400300000e-17
  1.173800000e-16
  4.210000000e-02 7.100000000e-01 7.030000000e-01
  -7.813000000e-01 -4.152000000e-01 4.661000000e-01
  -6.228000000e-01 5.688000000e-01 -5.372000000e-01
 Node:         11
  0.1295E+03  0.1214E+03  0.5055E+03 -0.2926E-04
  -2.22E-16
  -2.776E-17
  -2.22E-16
  -4.163E-17
   1.388E-17
  -1.665E-16
  -1.365000000e-16
  -2.183000000e-16
  -2.558000000e-16
  1.056600000e-16
  -2.035300000e-16
  4.981100000e-17
  -4.935000000e-01 2.929000000e-01 8.189000000e-01
  3.541000000e-01 -7.924000000e-01 4.968000000e-01
  -7.944000000e-01 -5.351000000e-01 -2.873000000e-01
 Node:         12
  0.1295E+03  0.1217E+03  0.5196E+03 -0.2926E-04
   1.11E-16
   0.0
   1.11E-16
   7.633E-17
   2.776E-17
   2.22E-16
  2.649000000e-16
  1.110000000e-16
  6.816000000e-17
  1.792000000e-16
  1.480200000e-16
  8.447700000e-17
  -4.387000000e-01 -1.595000000e-01 -8.844000000e-01
  3.417000000e-01 -9.398000000e-01 -2.255000000e-17
  8.311000000e-01 3.022000000e-01 -4.668000000e-01
 Node:         13
  0.1361E+03  0.1199E+03  0.4914E+03 -0.2926E-04
   1.11E-16
  -1.388E-16
   0.0
  -9.714E-17
   2.776E-17
  -1.665E-16
  2.285000000e-16
  -8.520000000e-17
  -1.988000000e-16
  3.833400000e-16
  -1.850000000e-17
  1.807100000e-16
  8.171000000e-01 -5.252000000e-01 -2.378000000e-01
  4.648000000e-01 8.442000000e-01 -2.671000000e-01
  3.410000000e-01 1.077000000e-01 9.339000000e-01
 Node:         14
  0.1342E+03  0.1198E+03  0.5054E+03 -0.2926E-04
  -5.551E-17
   2.776E-17
   0.0
   5.551E-17
  -9.021E-17
   1.11E-16
  1.672000000e-16
  -4.940000000e-18
  -1.068000000e-16
  2.398800000e-16
  1.848700000e-17
  1.130800000e-16
  1.634000000e-01 -4.472000000e-01 8.794000000e-01
  -6.569000000e-01 -7.144000000e-01 -2.412000000e-01
  -7.361000000e-01 5.382000000e-01 4.105000000e-01
 Node:         15
  0.1330E+03  0.1205E+03  0.5193E+03 -0.2926E-04
   2.22E-16
  -8.327E-17
  -5.551E-17
   1.388E-17
   4.857E-17
   0.0
  2.451000000e-16
  2.471000000e-17
  -1.033000000e-16
  3.052400000e-16
  5.550300000e-17
  1.438900000e-16
  -9.638000000e-01 2.667000000e-01 -1.723000000e-03
  1.157000000e-01 4.239000000e-01 8.983000000e-01
  2.403000000e-01 8.656000000e-01 -4.394000000e-01
 Node:         16
  0.1404E+03  0.1188E+03  0.4918E+03 -0.2926E-04
   2.22E-16
   5.551E-17
   2.22E-16
  -8.327E-17
  -1.457E-16
   4.441E-16
  5.466000000e-16
  1.950000000e-16
  1.465000000e-16
  3.781900000e-16
  2.960300000e-16
  1.782800000e-16
  -2.927000000e-01 -4.328000000e-01 8.526000000e-01
  -9.222000000e-01 -1.077000000e-01 -3.713000000e-01
  -2.526000000e-01 8.950000000e-01 3.676000000e-01
 Node:         17
  0.1365E+03  0.1184E+03  0.5055E+03 -0.2926E-04
  -1.11E-16
   2.776E-17
  -1.11E-16
   9.714E-17
   1.7E-16
   0.0
  1.573000000e-16
  -1.341000000e-16
  -2.452000000e-16
  3.600400000e-16
  -7.400000000e-17
  1.697300000e-16
  3.368000000e-01 5.285000000e-01 7.792000000e-01
  8.927000000e-01 -4.425000000e-01 -8.566000000e-02
  -2.996000000e-01 -7.244000000e-01 6.209000000e-01
 Node:         18
  0.1341E+03  0.1191E+03  0.5192E+03 -0.2926E-04
   0.0
   0.0
   0.0
   2.645E-17
   1.065E-16
   4.441E-16
  4.697000000e-16
  -1.672000000e-33
  -2.562000000e-17
  4.830200000e-16
  1.480300000e-16
  2.277000000e-16
  -5.484000000e-02 -2.207000000e-01 -9.738000000e-01
  9.705000000e-01 -2.411000000e-01 -6.210000000e-17
  -2.348000000e-01 -9.451000000e-01 2.274000000e-01
 Node:         19
  0.1301E+03  0.1291E+03  0.4914E+03  0.0000E+00
   1.11E-16
   0.0
   1.11E-16
   2.101E-19
   1.001E-17
  -2.22E-16
  1.113000000e-16
  1.110000000e-16
  -2.223000000e-16
  3.334500000e-16
  0.000000000e+00
  1.571900000e-16
  -2.096000000e-02 -9.993000000e-01 -3.003000000e-02
  9.998000000e-01 -2.097000000e-02 1.345000000e-19
  6.298000000e-04 3.003000000e-02 -9.995000000e-01
 Node:         20
  0.1299E+03  0.1291E+03  0.5058E+03  0.0000E+00
   2.22E-16
   0.0
   0.0
   1.041E-17
   1.924E-17
  -5.551E-17
  2.224000000e-16
  5.975000000e-18
  -6.188000000e-17
  2.571600000e-16
  5.549800000e-17
  1.212200000e-16
  -9.993000000e-01 -3.257000000e-03 -3.765000000e-02
  1.428000000e-02 -9.549000000e-01 -2.965000000e-01
  -3.498000000e-02 -2.968000000e-01 9.543000000e-01
 Node:         21
  0.1301E+03  0.1280E+03  0.5197E+03  0.0000E+00
   1.11E-16
   0.0
   0.0
   4.163E-17
   1.475E-17
   1.11E-16
  1.534000000e-16
  7.089000000e-17
  -2.220000000e-18
  1.348500000e-16
  7.402300000e-17
  6.357000000e-17
  -6.994000000e-01 -6.840000000e-02 -7.114000000e-01
  -7.126000000e-01 1.429000000e-01 6.869000000e-01
  -5.465000000e-02 -9.874000000e-01 1.487000000e-01
 Node:         22
  0.1360E+03  0.1256E+03  0.4913E+03  0.0000E+00
  -2.22E-16
   1.388E-17
  -1.11E-16
  -1.388E-17
   1.006E-16
   1.11E-16
  1.500000000e-16
  -1.456000000e-16
  -2.264000000e-16
  3.432100000e-16
  -7.400000000e-17
  1.617900000e-16
  -2.144000000e-02 3.586000000e-01 9.332000000e-01
  2.280000000e-01 9.106000000e-01 -3.447000000e-01
  -9.734000000e-01 2.054000000e-01 -1.013000000e-01
 Node:         23
  0.1343E+03  0.1253E+03  0.5054E+03  0.0000E+00
   0.0
   2.082E-17
  -4.441E-16
   0.0
   1.314E-16
  -1.665E-16
  1.265000000e-18
  -1.147000000e-16
  -4.972000000e-16
  4.517900000e-16
  -2.035500000e-16
  2.129700000e-16
  9.970000000e-01 6.061000000e-02 4.746000000e-02
  6.644000000e-02 -3.661000000e-01 -9.282000000e-01
  3.888000000e-02 -9.286000000e-01 3.690000000e-01
 Node:         24
  0.1336E+03  0.1248E+03  0.5194E+03  0.0000E+00
  -2.22E-16
   1.214E-17
   0.0
   1.388E-17
   8.674E-19
  -1.665E-16
  6.779000000e-19
  -1.633000000e-16
  -2.259000000e-16
  2.026600000e-16
  -1.295100000e-16
  9.553700000e-17
  -5.504000000e-02 -9.984000000e-01 -9.747000000e-03
  2.257000000e-01 -2.195000000e-02 9.740000000e-01
  -9.726000000e-01 5.141000000e-02 2.265000000e-01
 Node:         25
  0.1400E+03  0.1206E+03  0.4917E+03  0.0000E+00
   0.0
   2.671E-16
  -1.11E-16
  -8.327E-17
  -1.301E-16
   2.22E-16
  3.681000000e-16
  7.580000000e-17
  -3.329000000e-16
  6.098700000e-16
  3.700000000e-17
  2.874900000e-16
  5.089000000e-01 4.781000000e-01 -7.159000000e-01
  6.086000000e-01 3.883000000e-01 6.920000000e-01
  6.088000000e-01 -7.878000000e-01 -9.334000000e-02
 Node:         26
  0.1363E+03  0.1200E+03  0.5055E+03  0.0000E+00
   2.22E-16
   1.076E-16
  -6.106E-16
   2.776E-17
  -1.124E-15
  -5.551E-17
  8.281000000e-16
  2.248000000e-16
  -1.497000000e-15
  2.089800000e-15
  -1.480300000e-16
  9.851500000e-16
  7.371000000e-02 6.174000000e-01 -7.832000000e-01
  9.955000000e-01 1.018000000e-03 9.449000000e-02
  -5.914000000e-02 7.866000000e-01 6.146000000e-01
 Node:         27
  0.1343E+03  0.1203E+03  0.5192E+03  0.0000E+00
   2.22E-16
  -1.943E-16
   2.22E-16
  -1.041E-16
   1.313E-15
   0.0
  1.466000000e-15
  1.875000000e-16
  -1.209000000e-15
  2.317400000e-15
  1.481700000e-16
  1.092400000e-15
  -1.693000000e-01 7.280000000e-01 6.643000000e-01
  9.848000000e-01 9.849000000e-02 1.431000000e-01
  3.876000000e-02 6.785000000e-01 -7.336000000e-01
 Node:         28
  0.1155E+03  0.1124E+03  0.4931E+03 -0.1729E-03
  -2.22E-16
   3.816E-17
   2.22E-16
  -5.551E-17
   5.551E-17
   1.11E-16
  2.455000000e-16
  1.014000000e-16
  -2.359000000e-16
  4.279500000e-16
  3.700000000e-17
  2.017400000e-16
  3.184000000e-02 9.284000000e-01 3.701000000e-01
  1.988000000e-01 3.571000000e-01 -9.127000000e-01
  9.795000000e-01 -1.026000000e-01 1.732000000e-01
 Node:         29
  0.1119E+03  0.1139E+03  0.5068E+03 -0.1729E-03
  -2.22E-16
  -2.082E-17
   0.0
   5.551E-17
   6.939E-18
  -3.331E-16
  1.944000000e-18
  -2.004000000e-16
  -3.566000000e-16
  3.113600000e-16
  -1.850200000e-16
  1.467800000e-16
  -9.118000000e-02 9.958000000e-01 5.517000000e-03
  -9.179000000e-01 -8.189000000e-02 -3.884000000e-01
  -3.863000000e-01 -4.048000000e-02 9.215000000e-01
 Node:         30
  0.1113E+03  0.1159E+03  0.5206E+03 -0.1729E-03
   2.22E-16
   1.249E-16
   2.22E-16
   0.0
  -2.776E-17
   1.11E-16
  3.486000000e-16
  1.238000000e-16
  8.277000000e-17
  2.478800000e-16
  1.850600000e-16
  1.168500000e-16
  -7.001000000e-01 -7.092000000e-01 8.287000000e-02
  -4.685000000e-01 3.686000000e-01 -8.029000000e-01
  -5.389000000e-01 6.009000000e-01 5.903000000e-01
 Node:         31
  0.1203E+03  0.1126E+03  0.4920E+03 -0.1729E-03
  -5.551E-17
   9.714E-17
  -1.11E-16
   2.776E-17
   4.163E-17
  -5.551E-17
  4.114000000e-17
  -7.661000000e-17
  -1.866000000e-16
  1.972700000e-16
  -7.402300000e-17
  9.299200000e-17
  -6.956000000e-01 -5.654000000e-01 -4.433000000e-01
  4.358000000e-01 1.585000000e-01 -8.860000000e-01
  5.712000000e-01 -8.095000000e-01 1.362000000e-01
 Node:         32
  0.1188E+03  0.1134E+03  0.5062E+03 -0.1729E-03
   2.22E-16
  -1.388E-17
  -1.11E-16
  -2.776E-17
   9.714E-17
  -5.551E-17
  2.266000000e-16
  1.331000000e-17
  -1.844000000e-16
  3.560200000e-16
  1.850300000e-17
  1.678300000e-16
  -9.894000000e-01 7.624000000e-02 1.236000000e-01
  1.445000000e-01 5.992000000e-01 7.875000000e-01
  1.402000000e-02 -7.970000000e-01 6.038000000e-01
 Node:         33
  0.1183E+03  0.1150E+03  0.5201E+03 -0.1729E-03
   1.11E-16
   5.551E-17
   0.0
   8.327E-17
   0.0
   0.0
  1.700000000e-16
  0.000000000e+00
  -5.893000000e-17
  2.058900000e-16
  3.702300000e-17
  9.705800000e-17
  -8.617000000e-01 -2.815000000e-01 -4.222000000e-01
  0.000000000e+00 -8.321000000e-01 5.547000000e-01
  -5.074000000e-01 4.780000000e-01 7.170000000e-01
 Node:         34
  0.1255E+03  0.1129E+03  0.4909E+03 -0.1729E-03
   0.0
   0.0
   0.0
   5.551E-17
   9.714E-17
   0.0
  1.119000000e-16
  3.387000000e-33
  -1.119000000e-16
  1.938200000e-16
  0.000000000e+00
  9.136600000e-17
  -3.508000000e-01 -6.139000000e-01 -7.071000000e-01
  8.682000000e-01 -4.961000000e-01 -4.855000000e-17
  -3.508000000e-01 -6.139000000e-01 7.071000000e-01
 Node:         35
  0.1260E+03  0.1135E+03  0.5054E+03 -0.1729E-03
   0.0
   1.11E-16
  -1.11E-16
   1.11E-16
   2.498E-16
  -1.11E-16
  2.410000000e-16
  -1.023000000e-16
  -3.608000000e-16
  5.229000000e-16
  -7.403300000e-17
  2.465000000e-16
  5.458000000e-01 5.925000000e-01 5.925000000e-01
  8.379000000e-01 -3.859000000e-01 -3.859000000e-01
  -4.975000000e-17 -7.071000000e-01 7.071000000e-01
 Node:         36
  0.1257E+03  0.1153E+03  0.5196E+03 -0.1729E-03
   0.0
  -5.551E-17
   0.0
  -5.551E-17
   8.327E-17
   0.0
  1.305000000e-16
  -4.723000000e-17
  -8.327000000e-17
  1.982200000e-16
  0.000000000e+00
  9.344300000e-17
  -5.155000000e-01 6.059000000e-01 6.059000000e-01
  8.569000000e-01 3.645000000e-01 3.645000000e-01
  -1.256000000e-16 7.071000000e-01 -7.071000000e-01
 Node:         37
  0.1132E+03  0.1210E+03  0.4959E+03 -0.1729E-03
  -2.22E-16
   1.388E-16
  -2.22E-16
  -8.327E-17
   1.804E-16
  -2.776E-16
  -4.482000000e-17
  -1.622000000e-16
  -5.146000000e-16
  4.234700000e-16
  -2.405400000e-16
  1.996300000e-16
  3.971000000e-01 7.887000000e-01 4.693000000e-01
  -7.874000000e-01 3.010000000e-02 6.157000000e-01
  4.715000000e-01 -6.140000000e-01 6.330000000e-01
 Node:         38
  0.1111E+03  0.1204E+03  0.5085E+03 -0.1729E-03
  -1.665E-16
   9.714E-17
   0.0
  -2.776E-17
  -8.327E-17
  -2.22E-16
  7.071000000e-17
  -2.091000000e-16
  -2.502000000e-16
  3.024600000e-16
  -1.295300000e-16
  1.425800000e-16
  -3.916000000e-01 -8.746000000e-01 2.859000000e-01
  9.154000000e-01 -3.389000000e-01 2.170000000e-01
  9.287000000e-02 -3.467000000e-01 -9.334000000e-01
 Node:         39
  0.1119E+03  0.1201E+03  0.5207E+03 -0.1729E-03
  -5.551E-17
  -9.714E-17
  -3.331E-16
  -8.327E-17
  -7.633E-17
  -1.11E-16
  8.934000000e-18
  -1.105000000e-16
  -3.981000000e-16
  3.623900000e-16
  -1.665600000e-16
  1.708300000e-16
  8.510000000e-01 -1.281000000e-01 -5.092000000e-01
  4.076000000e-01 -4.503000000e-01 7.944000000e-01
  -3.311000000e-01 -8.836000000e-01 -3.310000000e-01
 Node:         40
  0.1191E+03  0.1220E+03  0.4937E+03 -0.1729E-03
   0.0
   8.327E-17
  -2.22E-16
   8.327E-17
  -1.388E-17
  -2.22E-16
  4.872000000e-17
  -2.082000000e-16
  -2.846000000e-16
  3.024500000e-16
  -1.480300000e-16
  1.425700000e-16
  -9.240000000e-01 -2.703000000e-01 -2.703000000e-01
  0.000000000e+00 -7.071000000e-01 7.071000000e-01
  3.823000000e-01 -6.534000000e-01 -6.534000000e-01
 Node:         41
  0.1182E+03  0.1217E+03  0.5073E+03 -0.1729E-03
   0.0
  -2.776E-17
  -5.551E-17
   5.551E-17
   9.714E-17
   1.11E-16
  1.653000000e-16
  1.073000000e-17
  -1.206000000e-16
  2.478700000e-16
  1.847700000e-17
  1.168500000e-16
  2.406000000e-01 3.653000000e-01 8.993000000e-01
  -8.901000000e-01 4.526000000e-01 5.428000000e-02
  -3.871000000e-01 -8.135000000e-01 4.340000000e-01
 Node:         42
  0.1187E+03  0.1212E+03  0.5204E+03 -0.1729E-03
   0.0
  -5.551E-17
  -1.11E-16
   0.0
   5.551E-17
   1.11E-16
  1.256000000e-16
  1.887000000e-17
  -1.444000000e-16
  2.355300000e-16
  2.333300000e-20
  1.110300000e-16
  1.113000000e-01 -2.517000000e-01 -9.614000000e-01
  9.295000000e-01 -3.159000000e-01 1.903000000e-01
  -3.516000000e-01 -9.148000000e-01 1.988000000e-01
 Node:         43
  0.1258E+03  0.1217E+03  0.4915E+03 -0.1729E-03
   2.22E-16
   1.11E-16
   1.11E-16
  -1.388E-17
   0.0
  -5.551E-17
  2.911000000e-16
  4.294000000e-17
  -5.645000000e-17
  3.100400000e-16
  9.253000000e-17
  1.461600000e-16
  -8.507000000e-01 -5.246000000e-01 3.406000000e-02
  -5.213000000e-01 8.502000000e-01 7.348000000e-02
  6.751000000e-02 -4.475000000e-02 9.967000000e-01
 Node:         44
  0.1259E+03  0.1220E+03  0.5059E+03 -0.1729E-03
  -2.22E-16
   1.388E-16
  -2.22E-16
   9.714E-17
   1.11E-16
  -1.11E-16
  5.081000000e-17
  -2.445000000e-16
  -3.614000000e-16
  3.679600000e-16
  -1.850300000e-16
  1.734600000e-16
  -5.113000000e-01 -5.340000000e-01 -6.733000000e-01
  -5.198000000e-01 -4.318000000e-01 7.372000000e-01
  -6.844000000e-01 7.269000000e-01 -5.679000000e-02
 Node:         45
  0.1261E+03  0.1221E+03  0.5198E+03 -0.1729E-03
  -5.551E-17
  -8.327E-17
  -2.776E-16
   2.776E-17
  -6.939E-18
   1.11E-16
  1.167000000e-16
  -3.339000000e-17
  -3.053000000e-16
  3.705000000e-16
  -7.399700000e-17
  1.746600000e-16
  1.854000000e-01 -5.643000000e-02 9.810000000e-01
  9.302000000e-01 -3.117000000e-01 -1.938000000e-01
  -3.167000000e-01 -9.485000000e-01 5.308000000e-03
 Node:         46
  0.1117E+03  0.1296E+03  0.4959E+03  0.0000E+00
  -5.551E-17
   2.776E-17
  -1.665E-16
   6.939E-18
  -2.602E-17
   0.0
  4.101000000e-18
  -4.897000000e-17
  -1.772000000e-16
  1.614500000e-16
  -7.402300000e-17
  7.610600000e-17
  4.856000000e-02 -1.429000000e-01 9.886000000e-01
  9.724000000e-01 2.327000000e-01 -1.414000000e-02
  -2.280000000e-01 9.620000000e-01 1.502000000e-01
 Node:         47
  0.1107E+03  0.1269E+03  0.5087E+03  0.0000E+00
  -1.665E-16
  -3.123E-17
   1.11E-16
  -2.776E-17
   3.99E-17
   0.0
  1.289000000e-16
  -1.114000000e-17
  -1.732000000e-16
  2.618600000e-16
  -1.848000000e-17
  1.234400000e-16
  -1.292000000e-01 9.390000000e-01 3.186000000e-01
  -1.008000000e-01 -3.321000000e-01 9.379000000e-01
  -9.865000000e-01 -8.906000000e-02 -1.376000000e-01
 Node:         48
  0.1125E+03  0.1242E+03  0.5208E+03  0.0000E+00
   1.11E-16
   3.469E-18
   1.11E-16
   0.0
  -1.735E-18
   1.11E-16
  1.149000000e-16
  1.110000000e-16
  1.071000000e-16
  6.755000000e-18
  1.110000000e-16
  3.184300000e-18
  -6.325000000e-01 -7.071000000e-01 3.162000000e-01
  4.472000000e-01 -4.455000000e-15 8.944000000e-01
  -6.325000000e-01 7.071000000e-01 3.162000000e-01
 Node:         49
  0.1186E+03  0.1311E+03  0.4938E+03  0.0000E+00
  -1.665E-16
  -2.082E-17
   0.0
  -4.163E-17
  -6.072E-18
  -5.551E-17
  2.581000000e-18
  -4.165000000e-17
  -1.830000000e-16
  1.678900000e-16
  -7.402300000e-17
  7.914600000e-17
  1.174000000e-01 -9.929000000e-01 1.965000000e-02
  -3.135000000e-01 -1.827000000e-02 9.494000000e-01
  -9.423000000e-01 -1.176000000e-01 -3.134000000e-01
 Node:         50
  0.1180E+03  0.1298E+03  0.5075E+03  0.0000E+00
   0.0
  -1.301E-17
   3.331E-16
  -4.163E-17
   1.247E-17
   2.22E-16
  3.354000000e-16
  2.276000000e-16
  -7.879000000e-18
  3.040700000e-16
  1.850400000e-16
  1.433400000e-16
  5.441000000e-02 -9.902000000e-01 -1.289000000e-01
  -1.707000000e-01 -1.364000000e-01 9.758000000e-01
  9.838000000e-01 3.109000000e-02 1.765000000e-01
 Node:         51
  0.1192E+03  0.1275E+03  0.5206E+03  0.0000E+00
   0.0
  -3.469E-18
  -5.551E-17
   0.0
   1.475E-17
   1.11E-16
  1.123000000e-16
  2.087000000e-19
  -5.702000000e-17
  1.491800000e-16
  1.849600000e-17
  7.032400000e-17
  -2.705000000e-03 8.758000000e-02 9.962000000e-01
  9.982000000e-01 -6.004000000e-02 7.989000000e-03
  -6.051000000e-02 -9.943000000e-01 8.725000000e-02
 Node:         52
  0.1262E+03  0.1305E+03  0.4920E+03  0.0000E+00
   1.11E-16
  -1.388E-17
   1.11E-16
   1.301E-18
   4.906E-18
   0.0
  1.250000000e-16
  9.734000000e-17
  -2.497000000e-19
  1.139700000e-16
  7.403000000e-17
  5.372400000e-17
  -7.047000000e-01 7.092000000e-01 2.051000000e-02
  7.093000000e-01 7.034000000e-01 4.493000000e-02
  -1.744000000e-02 -4.621000000e-02 9.988000000e-01
 Node:         53
  0.1258E+03  0.1304E+03  0.5063E+03  0.0000E+00
  -1.665E-16
  -1.735E-18
  -1.11E-16
   2.776E-17
   3.383E-17
  -2.22E-16
  -1.010000000e-16
  -1.572000000e-16
  -2.414000000e-16
  1.223900000e-16
  -1.665300000e-16
  5.769700000e-17
  9.684000000e-02 9.526000000e-01 2.883000000e-01
  -9.346000000e-01 1.866000000e-01 -3.027000000e-01
  -3.422000000e-01 -2.402000000e-01 9.084000000e-01
 Node:         54
  0.1265E+03  0.1288E+03  0.5200E+03  0.0000E+00
  -2.22E-16
   2.082E-17
   1.11E-16
   0.0
  -4.337E-18
   1.11E-16
  1.160000000e-16
  1.073000000e-16
  -2.233000000e-16
  3.350300000e-16
  0.000000000e+00
  1.579400000e-16
  -4.656000000e-02 -7.562000000e-01 6.527000000e-01
  -4.117000000e-02 -6.514000000e-01 -7.576000000e-01
  -9.981000000e-01 6.215000000e-02 8.061000000e-04
 Node:         55
  0.1381E+03  0.1168E+03  0.4520E+03  0.1308E-01
   0.02796
  -0.01105
  -0.001146
  -0.004143
   0.01628
  -0.04651
  1.205100000e-02
  8.933700000e-04
  -2.707200000e-02
  3.478500000e-02
  -4.709300000e-03
  1.639800000e-02
  3.938300000e-01 2.043800000e-01 1.261700000e-01
  6.374000000e-01 8.720800000e-01 2.825000000e-02
  1.710400000e-01 -2.854900000e-01 9.091800000e-01
 Node:         56
  0.1313E+03  0.1156E+03  0.4680E+03  0.1308E-01
   0.03901
  -0.016
   0.001748
  -0.01473
   0.009779
  -0.02149
  2.486900000e-02
  -5.416400000e-04
  -1.208100000e-02
  3.318500000e-02
  4.082200000e-03
  1.564400000e-02
  -5.213600000e-01 -3.099200000e-02 1.226600000e-01
  6.322200000e-01 8.493000000e-01 3.766200000e-01
  2.713900000e-01 -2.005600000e-01 9.128200000e-01
 Node:         57
  0.1285E+03  0.1140E+03  0.4823E+03  0.1308E-01
   0.01069
  -0.007074
   0.004332
  -0.004515
   0.003129
   4.217E-5
  9.681400000e-03
  5.224600000e-05
  -1.334100000e-04
  9.514100000e-03
  3.200100000e-03
  4.485000000e-03
  -7.625800000e-01 6.175100000e-01 2.858800000e-01
  5.295600000e-01 8.037700000e-01 -5.653600000e-02
  3.893200000e-01 -1.784100000e-01 9.690400000e-01
 Node:         58
  0.1475E+03  0.1178E+03  0.4522E+03  0.1308E-01
   0.0264
  -0.008621
   0.006056
  -0.001097
   0.01034
  -0.07962
  7.950100000e-03
  8.016300000e-03
  -4.715200000e-02
  4.886600000e-02
  -1.039500000e-02
  2.303500000e-02
  4.293800000e-01 -1.904600000e-01 -2.727500000e-02
  7.223500000e-01 7.450000000e-01 1.374300000e-02
  -1.580600000e-01 -1.522200000e-01 9.728600000e-01
 Node:         59
  0.1414E+03  0.1167E+03  0.4686E+03  0.1308E-01
   0.05396
  -0.02083
   0.00683
  -0.02633
   0.01904
  -0.02125
  3.637700000e-02
  4.497400000e-03
  -1.828200000e-02
  4.735900000e-02
  7.530800000e-03
  2.232500000e-02
  -7.571400000e-01 4.765000000e-01 3.004200000e-01
  6.212700000e-01 8.921500000e-01 2.300500000e-02
  1.266100000e-01 -3.122300000e-01 1.010000000e+00
 Node:         60
  0.1374E+03  0.1150E+03  0.4832E+03  0.1308E-01
   0.01918
  -0.01161
   0.007137
  -0.01316
   0.008372
   0.004976
  2.035400000e-02
  3.101300000e-04
  -2.182000000e-03
  2.169100000e-02
  6.160800000e-03
  1.022500000e-02
  -7.629800000e-01 5.395000000e-01 4.625700000e-01
  4.400100000e-01 7.914300000e-01 -3.235200000e-01
  -4.244800000e-03 -2.177200000e-01 5.624100000e-01
 Node:         61
  0.1545E+03  0.1222E+03  0.4525E+03  0.1308E-01
   0.04078
  -0.006106
  -0.008626
   0.01291
  -0.01999
  -0.02333
  1.939500000e-02
  1.609300000e-03
  -1.630300000e-02
  3.117800000e-02
  1.567300000e-03
  1.469800000e-02
  -5.549600000e-02 -1.614800000e-01 -7.978800000e-02
  2.816800000e-01 8.688600000e-01 -3.675100000e-01
  -6.660500000e-02 4.211200000e-01 8.647600000e-01
 Node:         62
  0.1487E+03  0.1202E+03  0.4692E+03  0.1308E-01
   0.06061
  -0.03289
   0.009694
  -0.02543
   0.009153
   0.03499
  4.680700000e-02
  1.111800000e-02
  1.433200000e-03
  4.159000000e-02
  1.978600000e-02
  1.960600000e-02
  -8.502200000e-01 5.496700000e-01 4.058000000e-01
  4.905100000e-03 -1.180300000e-01 2.569200000e-01
  2.104500000e-01 1.929500000e-01 1.761300000e-01
 Node:         63
  0.1436E+03  0.1181E+03  0.4838E+03  0.1308E-01
   0.01337
  -0.01864
   0.02017
  -0.01059
   0.01444
   0.01164
  2.539000000e-02
  1.665700000e-03
  -1.494400000e-03
  2.560500000e-02
  8.520500000e-03
  1.207000000e-02
  -5.847200000e-01 7.226100000e-01 4.210900000e-01
  -4.742300000e-01 7.663400000e-02 -7.886200000e-01
  -5.693900000e-01 -5.779000000e-01 -5.650900000e-02
 Node:         64
  0.1409E+03  0.1253E+03  0.4518E+03  0.1308E-01
  -0.02191
  -0.01799
   0.03118
   4.631E-4
   3.581E-4
  -0.02693
  1.800800000e-02
  -1.546500000e-02
  -1.369700000e-02
  3.232600000e-02
  -3.718100000e-03
  1.523900000e-02
  -1.220600000e-01 4.900500000e-01 9.401600000e-03
  -1.132100000e-01 -4.549000000e-02 5.961800000e-01
  5.322400000e-01 1.921000000e-01 5.829000000e-02
 Node:         65
  0.1338E+03  0.1229E+03  0.4680E+03  0.1308E-01
   0.01215
  -0.02773
   0.01987
  -0.007601
   0.002561
  -0.01664
  2.356900000e-02
  -4.738600000e-03
  -1.050500000e-02
  3.180500000e-02
  2.775200000e-03
  1.499300000e-02
  6.246200000e-01 -9.517200000e-01 -1.269800000e-01
  -3.691200000e-01 -3.712300000e-01 2.679000000e-01
  -2.873600000e-01 -1.058000000e-01 -4.215600000e-01
 Node:         66
  0.1299E+03  0.1214E+03  0.4824E+03  0.1308E-01
   0.009447
  -0.008569
   0.006683
  -0.003742
   0.002884
  -2.792E-4
  1.044300000e-02
  -6.780300000e-05
  -1.322700000e-03
  1.131500000e-02
  3.017500000e-03
  5.334000000e-03
  -7.103100000e-01 4.255000000e-01 2.817300000e-01
  6.062500000e-01 7.786400000e-01 -2.251400000e-01
  4.706300000e-01 3.584500000e-02 9.572800000e-01
 Node:         67
  0.1493E+03  0.1245E+03  0.4522E+03  0.1308E-01
  -0.007733
  -0.01096
   0.03028
   9.009E-4
   0.003089
  -0.07153
  1.608000000e-02
  -6.431500000e-03
  -4.066200000e-02
  4.929800000e-02
  -1.033800000e-02
  2.323900000e-02
  -2.028700000e-01 7.644600000e-01 2.293400000e-02
  1.074600000e+00 2.699500000e-01 -7.792800000e-02
  -8.488300000e-02 -3.793200000e-02 7.512600000e-01
 Node:         68
  0.1428E+03  0.1224E+03  0.4686E+03  0.1308E-01
   0.04206
  -0.02604
   0.0255
  -0.01905
   0.007808
  -0.0395
  3.378900000e-02
  6.182500000e-03
  -2.581000000e-02
  5.091400000e-02
  4.720400000e-03
  2.400100000e-02
  -6.248700000e-01 3.510600000e-01 1.384900000e-01
  6.266300000e-01 7.859600000e-01 -1.729000000e-01
  -3.794200000e-02 -1.067100000e-01 8.547500000e-01
 Node:         69
  0.1379E+03  0.1205E+03  0.4830E+03  0.1308E-01
   0.01911
  -0.01154
   0.008121
  -0.009748
   0.00568
  -4.015E-5
  1.712400000e-02
  8.099000000e-04
  -2.839300000e-03
  1.844400000e-02
  5.031400000e-03
  8.694500000e-03
  -7.631400000e-01 5.332700000e-01 3.270100000e-01
  5.901500000e-01 9.358700000e-01 -1.763300000e-01
  3.819400000e-01 -1.018300000e-01 9.576400000e-01
 Node:         70
  0.1548E+03  0.1242E+03  0.4525E+03  0.1308E-01
   0.004504
  -0.01445
   0.0267
  -0.007874
   0.006511
  -0.09914
  1.910400000e-02
  -4.508000000e-03
  -5.662900000e-02
  6.718500000e-02
  -1.401100000e-02
  3.167100000e-02
  1.338200000e-01 -2.643600000e-01 -7.088300000e-02
  2.614600000e-01 1.776400000e-01 -1.104800000e-01
  4.375600000e-02 -4.712400000e-02 7.789300000e-01
 Node:         71
  0.1489E+03  0.1221E+03  0.4692E+03  0.1308E-01
   0.06557
  -0.02075
   0.02425
  -0.03551
   0.01357
  -0.03829
  4.483100000e-02
  1.049300000e-02
  -2.882700000e-02
  6.286100000e-02
  8.832200000e-03
  2.963300000e-02
  -9.068200000e-01 4.985900000e-01 3.797500000e-01
  2.248000000e-01 3.372500000e-01 -6.478000000e-02
  3.407100000e-01 -9.700100000e-02 9.790100000e-01
 Node:         72
  0.1434E+03  0.1199E+03  0.4837E+03  0.1308E-01
   0.02926
  -0.01146
   0.006705
  -0.01643
   0.007164
   0.002686
  2.340400000e-02
  1.283700000e-03
  -3.371300000e-03
  2.481100000e-02
  7.105600000e-03
  1.169600000e-02
  -8.131800000e-01 3.954500000e-01 4.029300000e-01
  4.812300000e-01 1.067900000e+00 -1.063900000e-01
  2.221400000e-01 -1.627600000e-01 5.565300000e-01
 Node:         73
  0.1437E+03  0.1339E+03  0.4513E+03  0.0000E+00
   0.03234
   0.001298
  -0.01958
  -0.006862
   0.005545
  -0.002377
  1.904500000e-02
  -3.619900000e-03
  -1.042100000e-02
  2.423600000e-02
  1.668200000e-03
  1.142500000e-02
  -1.006300000e+00 2.390000000e-02 2.222800000e-02
  -1.559200000e-01 -1.161800000e-01 -2.664700000e-01
  -5.395500000e-03 5.395700000e-01 -1.170900000e-01
 Node:         74
  0.1363E+03  0.1303E+03  0.4678E+03  0.0000E+00
   0.05556
   0.02194
   2.906E-4
   0.004414
   0.00924
   0.01137
  3.498000000e-02
  6.123000000e-03
  -5.093000000e-03
  3.557900000e-02
  1.200300000e-02
  1.677200000e-02
  -7.282000000e-01 -3.526000000e-01 -9.370600000e-02
  -2.347400000e-01 2.014000000e-01 1.086000000e+00
  -3.055500000e-01 7.690000000e-01 -2.998100000e-01
 Node:         75
  0.1313E+03  0.1288E+03  0.4826E+03  0.0000E+00
   0.02498
   0.008978
   0.002109
   0.002737
   0.001446
   0.001872
  1.588100000e-02
  9.043700000e-04
  -7.937700000e-04
  1.598600000e-02
  5.330700000e-03
  7.535800000e-03
  -9.401400000e-01 -2.836100000e-01 -8.893400000e-02
  -1.461700000e-01 1.262300000e-01 9.774000000e-01
  -2.583900000e-01 1.066300000e+00 -1.380700000e-01
 Node:         76
  0.1511E+03  0.1310E+03  0.4520E+03  0.0000E+00
   0.02484
  -0.001305
  -0.01673
  -0.006852
  -4.681E-4
  -0.012
  1.238200000e-02
  -9.075500000e-03
  -7.216700000e-03
  1.733100000e-02
  -1.303400000e-03
  8.169900000e-03
  -9.153400000e-01 3.115200000e-02 8.477000000e-02
  2.282000000e-01 -4.571000000e-02 9.345300000e-01
  -3.864400000e-02 -9.354600000e-01 -3.407600000e-02
 Node:         77
  0.1443E+03  0.1281E+03  0.4685E+03  0.0000E+00
   0.06538
   0.01931
   9.215E-4
   0.005968
   0.002675
   0.002587
  3.777900000e-02
  -2.658200000e-04
  -1.328000000e-03
  3.768100000e-02
  1.206200000e-02
  1.776300000e-02
  -9.622900000e-01 -2.346900000e-01 -7.723400000e-02
  -1.101200000e-01 1.257200000e-01 9.812000000e-01
  -2.249000000e-01 9.613400000e-01 -1.566900000e-01
 Node:         78
  0.1384E+03  0.1261E+03  0.4829E+03  0.0000E+00
   0.02818
   0.01014
   0.002277
   0.003664
   0.001555
   0.001271
  1.738100000e-02
  3.848000000e-04
  -7.450300000e-04
  1.758800000e-02
  5.673500000e-03
  8.291300000e-03
  -9.420500000e-01 -2.989100000e-01 -1.010000000e-01
  -1.485700000e-01 8.673100000e-02 9.518600000e-01
  -2.918400000e-01 7.557400000e-01 -1.789800000e-01
 Node:         79
  0.1550E+03  0.1262E+03  0.4525E+03  0.0000E+00
   0.01264
  -0.009087
  -0.08541
  -0.02037
   8.049E-4
  -4.237E-4
  1.443200000e-02
  -1.354700000e-02
  -3.551000000e-02
  4.329100000e-02
  -1.154100000e-02
  2.040800000e-02
  8.565900000e-01 -6.205100000e-02 -4.811700000e-01
  5.046000000e-01 -1.747400000e-01 7.320000000e-01
  -7.639700000e-02 -8.530800000e-01 -1.506200000e-01
 Node:         80
  0.1491E+03  0.1240E+03  0.4693E+03  0.0000E+00
   0.07875
   4.997E-4
  -0.05348
   0.01169
   0.005089
   0.01035
  4.249000000e-02
  2.161900000e-03
  -1.893300000e-02
  5.552200000e-02
  8.573000000e-03
  2.617300000e-02
  -1.092600000e+00 -2.633400000e-02 -1.541500000e-01
  -1.665400000e-01 7.601800000e-02 1.012600000e+00
  2.726600000e-02 -1.022200000e+00 9.098200000e-02
 Node:         81
  0.1433E+03  0.1217E+03  0.4836E+03  0.0000E+00
   0.03361
   0.007169
  -0.004667
   0.0122
   0.003623
   0.00533
  2.151400000e-02
  5.925200000e-04
  -2.433600000e-03
  2.280800000e-02
  6.557600000e-03
  1.075200000e-02
  -9.289100000e-01 -1.833500000e-01 -3.089500000e-01
  -3.498800000e-01 1.017700000e-01 9.899300000e-01
  1.521400000e-01 -1.032000000e+00 1.562000000e-01
 Node:         82
  0.1267E+03  0.1148E+03  0.4553E+03  0.2496E-01
   0.02622
  -0.01371
  -0.008896
  -0.006135
  -0.003201
  -0.009552
  1.721500000e-02
  -4.475000000e-03
  -8.347300000e-03
  2.389000000e-02
  1.464200000e-03
  1.126200000e-02
  -9.376100000e-01 3.460900000e-01 1.083500000e-01
  -8.445000000e-02 -4.575300000e-01 7.953800000e-01
  4.018800000e-01 7.268700000e-01 5.165700000e-01
 Node:         83
  0.1234E+03  0.1129E+03  0.4715E+03  0.2496E-01
   0.01221
  -0.01141
  -0.006485
  -0.01541
   2.54E-4
   0.006511
  1.491900000e-02
  -8.393100000e-04
  -5.391300000e-03
  1.758900000e-02
  2.896000000e-03
  8.291300000e-03
  -7.121800000e-01 3.160500000e-01 5.086900000e-01
  2.826200000e-01 -5.058100000e-01 6.811700000e-01
  6.402600000e-01 7.753900000e-01 2.523900000e-01
 Node:         84
  0.1187E+03  0.1123E+03  0.4849E+03  0.2496E-01
   0.001357
  -0.001167
  -6.162E-4
  -0.004628
   2.399E-4
   0.007317
  4.955800000e-03
  -4.283400000e-05
  6.545600000e-04
  3.807100000e-03
  1.855800000e-03
  1.794700000e-03
  -5.322100000e-01 1.826900000e-01 8.347700000e-01
  -2.767900000e-01 5.036600000e-01 -1.549000000e-01
  -4.885500000e-01 -3.993800000e-01 -1.765300000e-01
 Node:         85
  0.1302E+03  0.1161E+03  0.4540E+03  0.2496E-01
   0.03047
  -0.01561
  -0.009173
  -0.006006
  -0.005628
  -0.01865
  1.889300000e-02
  -6.274400000e-03
  -1.168800000e-02
  2.826900000e-02
  3.101300000e-04
  1.332600000e-02
  -9.511700000e-01 2.953400000e-01 1.457300000e-02
  3.320600000e-01 5.985600000e-01 -2.339300000e-01
  1.102900000e-01 4.000000000e-01 8.826300000e-01
 Node:         86
  0.1252E+03  0.1138E+03  0.4698E+03  0.2496E-01
  -0.007591
  -0.01216
   0.01939
  -0.03148
   0.002274
   0.001907
  1.627300000e-02
  6.771200000e-03
  -1.674500000e-02
  2.959000000e-02
  2.099900000e-03
  1.394900000e-02
  4.213000000e-02 -8.637100000e-02 -7.557700000e-03
  -2.750400000e-01 -6.604000000e-02 1.519200000e-01
  7.417900000e-01 1.124600000e-01 6.249700000e-01
 Node:         87
  0.1217E+03  0.1126E+03  0.4833E+03  0.2496E-01
   0.003922
  -9.09E-4
  -5.929E-4
  -0.006994
   9.218E-4
   0.007863
  6.775800000e-03
  -2.784600000e-04
  9.160500000e-04
  5.714100000e-03
  2.471100000e-03
  2.693600000e-03
  -5.813100000e-01 5.810500000e-02 7.897200000e-01
  1.430200000e-01 -9.603300000e-01 2.738600000e-01
  7.666700000e-01 3.201100000e-01 5.915900000e-01
 Node:         88
  0.1338E+03  0.1169E+03  0.4523E+03  0.2496E-01
   0.02116
  -0.01509
  -0.00187
  -0.00624
   8.874E-4
  -0.01204
  1.221600000e-02
  -5.241100000e-03
  -3.693500000e-03
  1.607400000e-02
  1.093900000e-03
  7.577300000e-03
  -8.118400000e-01 5.406700000e-01 2.046700000e-01
  2.292200000e-01 2.757000000e-01 -1.088800000e-01
  1.038700000e-02 -5.043300000e-02 5.340300000e-01
 Node:         89
  0.1270E+03  0.1150E+03  0.4680E+03  0.2496E-01
   0.03168
  -0.0143
  -0.002065
  -0.01689
   3.869E-5
   7.379E-4
  2.280000000e-02
  -6.118700000e-04
  -2.913800000e-03
  2.377900000e-02
  6.424800000e-03
  1.121000000e-02
  -8.857200000e-01 3.567400000e-01 3.514100000e-01
  9.371900000e-02 -6.933200000e-01 8.504100000e-01
  5.587100000e-01 6.619800000e-01 5.365100000e-01
 Node:         90
  0.1248E+03  0.1132E+03  0.4821E+03  0.2496E-01
   0.008075
  -0.005409
   0.002588
  -0.004292
   0.002233
   0.00203
  7.407600000e-03
  1.134100000e-04
  7.192100000e-04
  6.440800000e-03
  2.746800000e-03
  3.036200000e-03
  -7.917100000e-01 4.417700000e-01 4.279100000e-01
  1.854000000e-01 -5.251300000e-01 1.074300000e+00
  6.488500000e-01 6.918700000e-01 3.559200000e-01
 Node:         91
  0.1257E+03  0.1258E+03  0.4541E+03  0.2496E-01
  -0.02635
  -0.02773
   0.02105
  -0.009943
  -0.001358
  -0.01086
  1.675300000e-02
  -4.402400000e-03
  -2.338100000e-02
  3.462500000e-02
  -3.676800000e-03
  1.632300000e-02
  -3.191800000e-01 4.730600000e-01 -9.234600000e-03
  -2.782700000e-01 -2.523600000e-01 1.152300000e+00
  -8.554200000e-01 -2.307800000e-01 -2.603400000e-01
 Node:         92
  0.1208E+03  0.1230E+03  0.4722E+03  0.2496E-01
   0.0132
  -0.01839
  -0.004269
  -0.0162
  -0.002166
  -0.002599
  1.529900000e-02
  -7.165700000e-04
  -1.155700000e-02
  2.343800000e-02
  1.008600000e-03
  1.104900000e-02
  -8.417900000e-01 5.884800000e-01 4.759300000e-01
  3.969200000e-03 -6.084700000e-01 7.156500000e-01
  7.588400000e-01 6.433800000e-01 5.434100000e-01
 Node:         93
  0.1159E+03  0.1217E+03  0.4876E+03  0.2496E-01
   0.006205
   3.887E-4
  -0.001522
  -0.007883
  -0.003558
   0.005052
  8.476600000e-03
  1.958500000e-04
  -2.871800000e-03
  1.026900000e-02
  1.933600000e-03
  4.840800000e-03
  -7.130600000e-01 -7.549000000e-02 8.030500000e-01
  3.304000000e-01 -6.003600000e-01 2.149500000e-01
  -4.633400000e-01 -6.278700000e-01 -4.686800000e-01
 Node:         94
  0.1311E+03  0.1260E+03  0.4531E+03  0.2496E-01
  -0.03425
  -0.02727
   0.02626
  -0.005541
  -0.003691
  -0.0197
  1.805900000e-02
  -1.095900000e-02
  -2.565300000e-02
  3.851900000e-02
  -6.184400000e-03
  1.815800000e-02
  -2.975800000e-01 9.476700000e-01 2.213000000e-02
  -2.189100000e-01 -9.923800000e-02 1.068000000e+00
  -1.019700000e+00 -3.107300000e-01 -2.413800000e-01
 Node:         95
  0.1248E+03  0.1232E+03  0.4702E+03  0.2496E-01
   0.02402
  -0.0165
   0.005626
  -0.01792
  -4.832E-6
  -0.0205
  1.951600000e-02
  -7.922600000e-04
  -1.438100000e-02
  2.965700000e-02
  1.447500000e-03
  1.398100000e-02
