 Group name: predicted_strain_L2A2
 #Fields=  16
 1) coordinates, coordinate, rectangular cartesian, #Components=3
   x.  Value index= 1, #Derivatives=0
   y.  Value index= 2, #Derivatives=0
   z.  Value index= 3, #Derivatives=0
 2) Tensor_1, field, rectangular cartesian, #Components=1
   Tensor_1.  Value index= 4, #Derivatives=0
 3) Tensor_2, field, rectangular cartesian, #Components=1
   Tensor_2.  Value index= 5, #Derivatives=0
 4) Tensor_3, field, rectangular cartesian, #Components=1
   Tensor_3.  Value index= 6, #Derivatives=0
 5) Tensor_4, field, rectangular cartesian, #Components=1
   Tensor_4.  Value index= 7, #Derivatives=0
 6) Tensor_5, field, rectangular cartesian, #Components=1
   Tensor_5.  Value index= 8, #Derivatives=0
 7) Tensor_6, field, rectangular cartesian, #Components=1
   Tensor_6.  Value index= 9, #Derivatives=0
 8) Principal_1, field, rectangular cartesian, #Components=1
   Principal_1.  Value index= 10, #Derivatives=0
 9) Principal_2, field, rectangular cartesian, #Components=1
   Principal_2.  Value index= 11, #Derivatives=0
 10) Principal_3, field, rectangular cartesian, #Components=1
   Principal_3.  Value index= 12, #Derivatives=0
 11) VonMises, field, rectangular cartesian, #Components=1
   VonMises.  Value index= 13, #Derivatives=0
 12) Hydrostatic, field, rectangular cartesian, #Components=1
   VonMises.  Value index= 14, #Derivatives=0
 13) Octahedral, field, rectangular cartesian, #Components=1
   VonMises.  Value index= 15, #Derivatives=0
 14) PrincipalVector1, field, rectangular cartesian, #Components=3
   x.  Value index= 16, #Derivatives=0
   y.  Value index= 17, #Derivatives=0
   z.  Value index= 18, #Derivatives=0
 15) PrincipalVector2, field, rectangular cartesian, #Components=3
   x.  Value index= 19, #Derivatives=0
   y.  Value index= 20, #Derivatives=0
   z.  Value index= 21, #Derivatives=0
 16) PrincipalVector3, field, rectangular cartesian, #Components=3
   x.  Value index= 22, #Derivatives=0
   y.  Value index= 23, #Derivatives=0
   z.  Value index= 24, #Derivatives=0
 Node:          1
  0.1287E+03  0.1133E+03  0.4908E+03 -0.2244E-04
  -1.11E-16
  -8.327E-17
  -2.22E-16
  -2.776E-17
  -4.163E-17
  -3.331E-16
  -6.637000000e-17
  -2.400000000e-16
  -3.598000000e-16
  2.555400000e-16
  -2.220600000e-16
  1.204600000e-16
  8.837000000e-01 -4.676000000e-01 -1.897000000e-02
  4.046000000e-01 7.837000000e-01 -4.712000000e-01
  2.352000000e-01 4.088000000e-01 8.818000000e-01
 Node:          2
  0.1292E+03  0.1137E+03  0.5052E+03 -0.2244E-04
  -5.551E-17
  -1.11E-16
  -1.665E-16
  -5.551E-17
   1.943E-16
  -2.776E-16
  8.603000000e-17
  -1.600000000e-16
  -4.256000000e-16
  4.431900000e-16
  -1.665200000e-16
  2.089200000e-16
  -6.554000000e-01 6.199000000e-01 4.313000000e-01
  7.522000000e-01 4.849000000e-01 4.462000000e-01
  -6.744000000e-02 -6.169000000e-01 7.841000000e-01
 Node:          3
  0.1289E+03  0.1155E+03  0.5194E+03 -0.2244E-04
   2.22E-16
   1.388E-16
   3.331E-16
   1.11E-16
   5.551E-17
   2.22E-16
  4.753000000e-16
  2.118000000e-16
  9.006000000e-17
  3.410700000e-16
  2.590500000e-16
  1.607800000e-16
  -5.696000000e-01 -7.144000000e-01 -4.063000000e-01
  2.395000000e-01 -6.172000000e-01 7.494000000e-01
  -7.862000000e-01 3.296000000e-01 5.227000000e-01
 Node:          4
  0.1361E+03  0.1141E+03  0.4915E+03 -0.2244E-04
   0.0
  -2.776E-17
  -1.11E-16
  -2.776E-17
  -8.327E-17
   2.22E-16
  2.435000000e-16
  6.328000000e-18
  -1.388000000e-16
  3.342600000e-16
  3.700900000e-17
  1.575700000e-16
  -8.549000000e-02 -2.215000000e-01 9.714000000e-01
  9.681000000e-01 -2.491000000e-01 2.840000000e-02
  2.357000000e-01 9.428000000e-01 2.357000000e-01
 Node:          5
  0.1341E+03  0.1144E+03  0.5054E+03 -0.2244E-04
   3.331E-16
   1.388E-16
   3.331E-16
   5.551E-17
  -6.939E-17
   4.441E-16
  4.814000000e-16
  4.627000000e-16
  1.662000000e-16
  3.062800000e-16
  3.701000000e-16
  1.443800000e-16
  -3.480000000e-01 -6.443000000e-01 6.810000000e-01
  -6.589000000e-01 -3.487000000e-01 -6.665000000e-01
  6.669000000e-01 -6.807000000e-01 -3.032000000e-01
 Node:          6
  0.1323E+03  0.1162E+03  0.5191E+03 -0.2244E-04
   2.22E-16
   5.551E-17
   2.22E-16
  -5.551E-17
  -2.776E-17
   0.0
  2.897000000e-16
  1.685000000e-16
  -1.402000000e-17
  2.648100000e-16
  1.480600000e-16
  1.248300000e-16
  -7.150000000e-01 -6.696000000e-01 2.012000000e-01
  6.656000000e-01 -7.399000000e-01 -9.741000000e-02
  -2.141000000e-01 -6.426000000e-02 -9.747000000e-01
 Node:          7
  0.1408E+03  0.1171E+03  0.4920E+03 -0.2244E-04
   3.331E-16
   2.22E-16
   2.22E-16
  -8.327E-17
  -1.11E-16
   0.0
  5.398000000e-16
  6.158000000e-17
  -4.631000000e-17
  5.403100000e-16
  1.850200000e-16
  2.547000000e-16
  -7.537000000e-01 -6.111000000e-01 2.419000000e-01
  -6.560000000e-01 6.770000000e-01 -3.335000000e-01
  -4.004000000e-02 4.101000000e-01 9.112000000e-01
 Node:          8
  0.1367E+03  0.1169E+03  0.5055E+03 -0.2244E-04
   2.22E-16
   1.943E-16
   2.22E-16
  -4.025E-16
  -2.359E-16
  -2.22E-16
  6.547000000e-16
  4.477000000e-17
  -4.775000000e-16
  9.814900000e-16
  7.399000000e-17
  4.626800000e-16
  -6.847000000e-01 -5.611000000e-01 4.652000000e-01
  5.685000000e-01 -8.105000000e-01 -1.409000000e-01
  -4.561000000e-01 -1.681000000e-01 -8.739000000e-01
 Node:          9
  0.1339E+03  0.1180E+03  0.5191E+03 -0.2244E-04
   2.22E-16
   1.665E-16
   0.0
  -3.955E-16
  -2.776E-16
   6.661E-16
  1.002000000e-15
  -9.379000000e-18
  -1.046000000e-16
  1.062200000e-15
  2.960100000e-16
  5.007200000e-16
  -4.817000000e-01 -3.073000000e-01 8.207000000e-01
  -8.565000000e-01 -3.292000000e-02 -5.150000000e-01
  -1.853000000e-01 9.510000000e-01 2.474000000e-01
 Node:         10
  0.1294E+03  0.1212E+03  0.4911E+03 -0.2244E-04
   0.0
   2.776E-17
   1.11E-16
  -1.388E-17
   1.249E-16
   1.11E-16
  2.363000000e-16
  2.303000000e-17
  -3.732000000e-17
  2.489900000e-16
  7.400300000e-17
  1.173800000e-16
  4.210000000e-02 7.100000000e-01 7.030000000e-01
  -7.813000000e-01 -4.152000000e-01 4.661000000e-01
  -6.228000000e-01 5.688000000e-01 -5.372000000e-01
 Node:         11
  0.1295E+03  0.1214E+03  0.5055E+03 -0.2244E-04
  -2.22E-16
  -2.776E-17
  -2.22E-16
  -4.163E-17
   1.388E-17
  -1.665E-16
  -1.365000000e-16
  -2.183000000e-16
  -2.558000000e-16
  1.056600000e-16
  -2.035300000e-16
  4.981100000e-17
  -4.935000000e-01 2.929000000e-01 8.189000000e-01
  3.541000000e-01 -7.924000000e-01 4.968000000e-01
  -7.944000000e-01 -5.351000000e-01 -2.873000000e-01
 Node:         12
  0.1295E+03  0.1217E+03  0.5196E+03 -0.2244E-04
   1.11E-16
   0.0
   1.11E-16
   7.633E-17
   2.776E-17
   2.22E-16
  2.649000000e-16
  1.110000000e-16
  6.816000000e-17
  1.792000000e-16
  1.480200000e-16
  8.447700000e-17
  -4.387000000e-01 -1.595000000e-01 -8.844000000e-01
  3.417000000e-01 -9.398000000e-01 -2.255000000e-17
  8.311000000e-01 3.022000000e-01 -4.668000000e-01
 Node:         13
  0.1361E+03  0.1199E+03  0.4914E+03 -0.2244E-04
   1.11E-16
  -1.388E-16
   0.0
  -9.714E-17
   2.776E-17
  -1.665E-16
  2.285000000e-16
  -8.520000000e-17
  -1.988000000e-16
  3.833400000e-16
  -1.850000000e-17
  1.807100000e-16
  8.171000000e-01 -5.252000000e-01 -2.378000000e-01
  4.648000000e-01 8.442000000e-01 -2.671000000e-01
  3.410000000e-01 1.077000000e-01 9.339000000e-01
 Node:         14
  0.1342E+03  0.1198E+03  0.5054E+03 -0.2244E-04
  -5.551E-17
   2.776E-17
   0.0
   5.551E-17
  -9.021E-17
   1.11E-16
  1.672000000e-16
  -4.940000000e-18
  -1.068000000e-16
  2.398800000e-16
  1.848700000e-17
  1.130800000e-16
  1.634000000e-01 -4.472000000e-01 8.794000000e-01
  -6.569000000e-01 -7.144000000e-01 -2.412000000e-01
  -7.361000000e-01 5.382000000e-01 4.105000000e-01
 Node:         15
  0.1330E+03  0.1205E+03  0.5193E+03 -0.2244E-04
   2.22E-16
  -8.327E-17
  -5.551E-17
   1.388E-17
   4.857E-17
   0.0
  2.451000000e-16
  2.471000000e-17
  -1.033000000e-16
  3.052400000e-16
  5.550300000e-17
  1.438900000e-16
  -9.638000000e-01 2.667000000e-01 -1.723000000e-03
  1.157000000e-01 4.239000000e-01 8.983000000e-01
  2.403000000e-01 8.656000000e-01 -4.394000000e-01
 Node:         16
  0.1404E+03  0.1188E+03  0.4918E+03 -0.2244E-04
   2.22E-16
   5.551E-17
   2.22E-16
  -8.327E-17
  -1.457E-16
   4.441E-16
  5.466000000e-16
  1.950000000e-16
  1.465000000e-16
  3.781900000e-16
  2.960300000e-16
  1.782800000e-16
  -2.927000000e-01 -4.328000000e-01 8.526000000e-01
  -9.222000000e-01 -1.077000000e-01 -3.713000000e-01
  -2.526000000e-01 8.950000000e-01 3.676000000e-01
 Node:         17
  0.1365E+03  0.1184E+03  0.5055E+03 -0.2244E-04
  -1.11E-16
   2.776E-17
  -1.11E-16
   9.714E-17
   1.7E-16
   0.0
  1.573000000e-16
  -1.341000000e-16
  -2.452000000e-16
  3.600400000e-16
  -7.400000000e-17
  1.697300000e-16
  3.368000000e-01 5.285000000e-01 7.792000000e-01
  8.927000000e-01 -4.425000000e-01 -8.566000000e-02
  -2.996000000e-01 -7.244000000e-01 6.209000000e-01
 Node:         18
  0.1341E+03  0.1191E+03  0.5192E+03 -0.2244E-04
   0.0
   0.0
   0.0
   2.645E-17
   1.065E-16
   4.441E-16
  4.697000000e-16
  -1.672000000e-33
  -2.562000000e-17
  4.830200000e-16
  1.480300000e-16
  2.277000000e-16
  -5.484000000e-02 -2.207000000e-01 -9.738000000e-01
  9.705000000e-01 -2.411000000e-01 -6.210000000e-17
  -2.348000000e-01 -9.451000000e-01 2.274000000e-01
 Node:         19
  0.1301E+03  0.1291E+03  0.4914E+03  0.0000E+00
   1.11E-16
   0.0
   1.11E-16
   2.101E-19
   1.001E-17
  -2.22E-16
  1.113000000e-16
  1.110000000e-16
  -2.223000000e-16
  3.334500000e-16
  0.000000000e+00
  1.571900000e-16
  -2.096000000e-02 -9.993000000e-01 -3.003000000e-02
  9.998000000e-01 -2.097000000e-02 1.345000000e-19
  6.298000000e-04 3.003000000e-02 -9.995000000e-01
 Node:         20
  0.1299E+03  0.1291E+03  0.5058E+03  0.0000E+00
   2.22E-16
   0.0
   0.0
   1.041E-17
   1.924E-17
  -5.551E-17
  2.224000000e-16
  5.975000000e-18
  -6.188000000e-17
  2.571600000e-16
  5.549800000e-17
  1.212200000e-16
  -9.993000000e-01 -3.257000000e-03 -3.765000000e-02
  1.428000000e-02 -9.549000000e-01 -2.965000000e-01
  -3.498000000e-02 -2.968000000e-01 9.543000000e-01
 Node:         21
  0.1301E+03  0.1280E+03  0.5197E+03  0.0000E+00
   1.11E-16
   0.0
   0.0
   4.163E-17
   1.475E-17
   1.11E-16
  1.534000000e-16
  7.089000000e-17
  -2.220000000e-18
  1.348500000e-16
  7.402300000e-17
  6.357000000e-17
  -6.994000000e-01 -6.840000000e-02 -7.114000000e-01
  -7.126000000e-01 1.429000000e-01 6.869000000e-01
  -5.465000000e-02 -9.874000000e-01 1.487000000e-01
 Node:         22
  0.1360E+03  0.1256E+03  0.4913E+03  0.0000E+00
  -2.22E-16
   1.388E-17
  -1.11E-16
  -1.388E-17
   1.006E-16
   1.11E-16
  1.500000000e-16
  -1.456000000e-16
  -2.264000000e-16
  3.432100000e-16
  -7.400000000e-17
  1.617900000e-16
  -2.144000000e-02 3.586000000e-01 9.332000000e-01
  2.280000000e-01 9.106000000e-01 -3.447000000e-01
  -9.734000000e-01 2.054000000e-01 -1.013000000e-01
 Node:         23
  0.1343E+03  0.1253E+03  0.5054E+03  0.0000E+00
   0.0
   2.082E-17
  -4.441E-16
   0.0
   1.314E-16
  -1.665E-16
  1.265000000e-18
  -1.147000000e-16
  -4.972000000e-16
  4.517900000e-16
  -2.035500000e-16
  2.129700000e-16
  9.970000000e-01 6.061000000e-02 4.746000000e-02
  6.644000000e-02 -3.661000000e-01 -9.282000000e-01
  3.888000000e-02 -9.286000000e-01 3.690000000e-01
 Node:         24
  0.1336E+03  0.1248E+03  0.5194E+03  0.0000E+00
  -2.22E-16
   1.214E-17
   0.0
   1.388E-17
   8.674E-19
  -1.665E-16
  6.779000000e-19
  -1.633000000e-16
  -2.259000000e-16
  2.026600000e-16
  -1.295100000e-16
  9.553700000e-17
  -5.504000000e-02 -9.984000000e-01 -9.747000000e-03
  2.257000000e-01 -2.195000000e-02 9.740000000e-01
  -9.726000000e-01 5.141000000e-02 2.265000000e-01
 Node:         25
  0.1400E+03  0.1206E+03  0.4917E+03  0.0000E+00
   0.0
   2.671E-16
  -1.11E-16
  -8.327E-17
  -1.301E-16
   2.22E-16
  3.681000000e-16
  7.580000000e-17
  -3.329000000e-16
  6.098700000e-16
  3.700000000e-17
  2.874900000e-16
  5.089000000e-01 4.781000000e-01 -7.159000000e-01
  6.086000000e-01 3.883000000e-01 6.920000000e-01
  6.088000000e-01 -7.878000000e-01 -9.334000000e-02
 Node:         26
  0.1363E+03  0.1200E+03  0.5055E+03  0.0000E+00
   2.22E-16
   1.076E-16
  -6.106E-16
   2.776E-17
  -1.124E-15
  -5.551E-17
  8.281000000e-16
  2.248000000e-16
  -1.497000000e-15
  2.089800000e-15
  -1.480300000e-16
  9.851500000e-16
  7.371000000e-02 6.174000000e-01 -7.832000000e-01
  9.955000000e-01 1.018000000e-03 9.449000000e-02
  -5.914000000e-02 7.866000000e-01 6.146000000e-01
 Node:         27
  0.1343E+03  0.1203E+03  0.5192E+03  0.0000E+00
   2.22E-16
  -1.943E-16
   2.22E-16
  -1.041E-16
   1.313E-15
   0.0
  1.466000000e-15
  1.875000000e-16
  -1.209000000e-15
  2.317400000e-15
  1.481700000e-16
  1.092400000e-15
  -1.693000000e-01 7.280000000e-01 6.643000000e-01
  9.848000000e-01 9.849000000e-02 1.431000000e-01
  3.876000000e-02 6.785000000e-01 -7.336000000e-01
 Node:         28
  0.1155E+03  0.1124E+03  0.4931E+03 -0.1326E-03
  -2.22E-16
   3.816E-17
   2.22E-16
  -5.551E-17
   5.551E-17
   1.11E-16
  2.455000000e-16
  1.014000000e-16
  -2.359000000e-16
  4.279500000e-16
  3.700000000e-17
  2.017400000e-16
  3.184000000e-02 9.284000000e-01 3.701000000e-01
  1.988000000e-01 3.571000000e-01 -9.127000000e-01
  9.795000000e-01 -1.026000000e-01 1.732000000e-01
 Node:         29
  0.1119E+03  0.1139E+03  0.5068E+03 -0.1326E-03
  -2.22E-16
  -2.082E-17
   0.0
   5.551E-17
   6.939E-18
  -3.331E-16
  1.944000000e-18
  -2.004000000e-16
  -3.566000000e-16
  3.113600000e-16
  -1.850200000e-16
  1.467800000e-16
  -9.118000000e-02 9.958000000e-01 5.517000000e-03
  -9.179000000e-01 -8.189000000e-02 -3.884000000e-01
  -3.863000000e-01 -4.048000000e-02 9.215000000e-01
 Node:         30
  0.1113E+03  0.1159E+03  0.5206E+03 -0.1326E-03
   2.22E-16
   1.249E-16
   2.22E-16
   0.0
  -2.776E-17
   1.11E-16
  3.486000000e-16
  1.238000000e-16
  8.277000000e-17
  2.478800000e-16
  1.850600000e-16
  1.168500000e-16
  -7.001000000e-01 -7.092000000e-01 8.287000000e-02
  -4.685000000e-01 3.686000000e-01 -8.029000000e-01
  -5.389000000e-01 6.009000000e-01 5.903000000e-01
 Node:         31
  0.1203E+03  0.1126E+03  0.4920E+03 -0.1326E-03
  -5.551E-17
   9.714E-17
  -1.11E-16
   2.776E-17
   4.163E-17
  -5.551E-17
  4.114000000e-17
  -7.661000000e-17
  -1.866000000e-16
  1.972700000e-16
  -7.402300000e-17
  9.299200000e-17
  -6.956000000e-01 -5.654000000e-01 -4.433000000e-01
  4.358000000e-01 1.585000000e-01 -8.860000000e-01
  5.712000000e-01 -8.095000000e-01 1.362000000e-01
 Node:         32
  0.1188E+03  0.1134E+03  0.5062E+03 -0.1326E-03
   2.22E-16
  -1.388E-17
  -1.11E-16
  -2.776E-17
   9.714E-17
  -5.551E-17
  2.266000000e-16
  1.331000000e-17
  -1.844000000e-16
  3.560200000e-16
  1.850300000e-17
  1.678300000e-16
  -9.894000000e-01 7.624000000e-02 1.236000000e-01
  1.445000000e-01 5.992000000e-01 7.875000000e-01
  1.402000000e-02 -7.970000000e-01 6.038000000e-01
 Node:         33
  0.1183E+03  0.1150E+03  0.5201E+03 -0.1326E-03
   1.11E-16
   5.551E-17
   0.0
   8.327E-17
   0.0
   0.0
  1.700000000e-16
  0.000000000e+00
  -5.893000000e-17
  2.058900000e-16
  3.702300000e-17
  9.705800000e-17
  -8.617000000e-01 -2.815000000e-01 -4.222000000e-01
  0.000000000e+00 -8.321000000e-01 5.547000000e-01
  -5.074000000e-01 4.780000000e-01 7.170000000e-01
 Node:         34
  0.1255E+03  0.1129E+03  0.4909E+03 -0.1326E-03
   0.0
   0.0
   0.0
   5.551E-17
   9.714E-17
   0.0
  1.119000000e-16
  3.387000000e-33
  -1.119000000e-16
  1.938200000e-16
  0.000000000e+00
  9.136600000e-17
  -3.508000000e-01 -6.139000000e-01 -7.071000000e-01
  8.682000000e-01 -4.961000000e-01 -4.855000000e-17
  -3.508000000e-01 -6.139000000e-01 7.071000000e-01
 Node:         35
  0.1260E+03  0.1135E+03  0.5054E+03 -0.1326E-03
   0.0
   1.11E-16
  -1.11E-16
   1.11E-16
   2.498E-16
  -1.11E-16
  2.410000000e-16
  -1.023000000e-16
  -3.608000000e-16
  5.229000000e-16
  -7.403300000e-17
  2.465000000e-16
  5.458000000e-01 5.925000000e-01 5.925000000e-01
  8.379000000e-01 -3.859000000e-01 -3.859000000e-01
  -4.975000000e-17 -7.071000000e-01 7.071000000e-01
 Node:         36
  0.1257E+03  0.1153E+03  0.5196E+03 -0.1326E-03
   0.0
  -5.551E-17
   0.0
  -5.551E-17
   8.327E-17
   0.0
  1.305000000e-16
  -4.723000000e-17
  -8.327000000e-17
  1.982200000e-16
  0.000000000e+00
  9.344300000e-17
  -5.155000000e-01 6.059000000e-01 6.059000000e-01
  8.569000000e-01 3.645000000e-01 3.645000000e-01
  -1.256000000e-16 7.071000000e-01 -7.071000000e-01
 Node:         37
  0.1132E+03  0.1210E+03  0.4959E+03 -0.1326E-03
  -2.22E-16
   1.388E-16
  -2.22E-16
  -8.327E-17
   1.804E-16
  -2.776E-16
  -4.482000000e-17
  -1.622000000e-16
  -5.146000000e-16
  4.234700000e-16
  -2.405400000e-16
  1.996300000e-16
  3.971000000e-01 7.887000000e-01 4.693000000e-01
  -7.874000000e-01 3.010000000e-02 6.157000000e-01
  4.715000000e-01 -6.140000000e-01 6.330000000e-01
 Node:         38
  0.1111E+03  0.1204E+03  0.5085E+03 -0.1326E-03
  -1.665E-16
   9.714E-17
   0.0
  -2.776E-17
  -8.327E-17
  -2.22E-16
  7.071000000e-17
  -2.091000000e-16
  -2.502000000e-16
  3.024600000e-16
  -1.295300000e-16
  1.425800000e-16
  -3.916000000e-01 -8.746000000e-01 2.859000000e-01
  9.154000000e-01 -3.389000000e-01 2.170000000e-01
  9.287000000e-02 -3.467000000e-01 -9.334000000e-01
 Node:         39
  0.1119E+03  0.1201E+03  0.5207E+03 -0.1326E-03
  -5.551E-17
  -9.714E-17
  -3.331E-16
  -8.327E-17
  -7.633E-17
  -1.11E-16
  8.934000000e-18
  -1.105000000e-16
  -3.981000000e-16
  3.623900000e-16
  -1.665600000e-16
  1.708300000e-16
  8.510000000e-01 -1.281000000e-01 -5.092000000e-01
  4.076000000e-01 -4.503000000e-01 7.944000000e-01
  -3.311000000e-01 -8.836000000e-01 -3.310000000e-01
 Node:         40
  0.1191E+03  0.1220E+03  0.4937E+03 -0.1326E-03
   0.0
   8.327E-17
  -2.22E-16
   8.327E-17
  -1.388E-17
  -2.22E-16
  4.872000000e-17
  -2.082000000e-16
  -2.846000000e-16
  3.024500000e-16
  -1.480300000e-16
  1.425700000e-16
  -9.240000000e-01 -2.703000000e-01 -2.703000000e-01
  0.000000000e+00 -7.071000000e-01 7.071000000e-01
  3.823000000e-01 -6.534000000e-01 -6.534000000e-01
 Node:         41
  0.1182E+03  0.1217E+03  0.5073E+03 -0.1326E-03
   0.0
  -2.776E-17
  -5.551E-17
   5.551E-17
   9.714E-17
   1.11E-16
  1.653000000e-16
  1.073000000e-17
  -1.206000000e-16
  2.478700000e-16
  1.847700000e-17
  1.168500000e-16
  2.406000000e-01 3.653000000e-01 8.993000000e-01
  -8.901000000e-01 4.526000000e-01 5.428000000e-02
  -3.871000000e-01 -8.135000000e-01 4.340000000e-01
 Node:         42
  0.1187E+03  0.1212E+03  0.5204E+03 -0.1326E-03
   0.0
  -5.551E-17
  -1.11E-16
   0.0
   5.551E-17
   1.11E-16
  1.256000000e-16
  1.887000000e-17
  -1.444000000e-16
  2.355300000e-16
  2.333300000e-20
  1.110300000e-16
  1.113000000e-01 -2.517000000e-01 -9.614000000e-01
  9.295000000e-01 -3.159000000e-01 1.903000000e-01
  -3.516000000e-01 -9.148000000e-01 1.988000000e-01
 Node:         43
  0.1258E+03  0.1217E+03  0.4915E+03 -0.1326E-03
   2.22E-16
   1.11E-16
   1.11E-16
  -1.388E-17
   0.0
  -5.551E-17
  2.911000000e-16
  4.294000000e-17
  -5.645000000e-17
  3.100400000e-16
  9.253000000e-17
  1.461600000e-16
  -8.507000000e-01 -5.246000000e-01 3.406000000e-02
  -5.213000000e-01 8.502000000e-01 7.348000000e-02
  6.751000000e-02 -4.475000000e-02 9.967000000e-01
 Node:         44
  0.1259E+03  0.1220E+03  0.5059E+03 -0.1326E-03
  -2.22E-16
   1.388E-16
  -2.22E-16
   9.714E-17
   1.11E-16
  -1.11E-16
  5.081000000e-17
  -2.445000000e-16
  -3.614000000e-16
  3.679600000e-16
  -1.850300000e-16
  1.734600000e-16
  -5.113000000e-01 -5.340000000e-01 -6.733000000e-01
  -5.198000000e-01 -4.318000000e-01 7.372000000e-01
  -6.844000000e-01 7.269000000e-01 -5.679000000e-02
 Node:         45
  0.1261E+03  0.1221E+03  0.5198E+03 -0.1326E-03
  -5.551E-17
  -8.327E-17
  -2.776E-16
   2.776E-17
  -6.939E-18
   1.11E-16
  1.167000000e-16
  -3.339000000e-17
  -3.053000000e-16
  3.705000000e-16
  -7.399700000e-17
  1.746600000e-16
  1.854000000e-01 -5.643000000e-02 9.810000000e-01
  9.302000000e-01 -3.117000000e-01 -1.938000000e-01
  -3.167000000e-01 -9.485000000e-01 5.308000000e-03
 Node:         46
  0.1117E+03  0.1296E+03  0.4959E+03  0.0000E+00
  -5.551E-17
   2.776E-17
  -1.665E-16
   6.939E-18
  -2.602E-17
   0.0
  4.101000000e-18
  -4.897000000e-17
  -1.772000000e-16
  1.614500000e-16
  -7.402300000e-17
  7.610600000e-17
  4.856000000e-02 -1.429000000e-01 9.886000000e-01
  9.724000000e-01 2.327000000e-01 -1.414000000e-02
  -2.280000000e-01 9.620000000e-01 1.502000000e-01
 Node:         47
  0.1107E+03  0.1269E+03  0.5087E+03  0.0000E+00
  -1.665E-16
  -3.123E-17
   1.11E-16
  -2.776E-17
   3.99E-17
   0.0
  1.289000000e-16
  -1.114000000e-17
  -1.732000000e-16
  2.618600000e-16
  -1.848000000e-17
  1.234400000e-16
  -1.292000000e-01 9.390000000e-01 3.186000000e-01
  -1.008000000e-01 -3.321000000e-01 9.379000000e-01
  -9.865000000e-01 -8.906000000e-02 -1.376000000e-01
 Node:         48
  0.1125E+03  0.1242E+03  0.5208E+03  0.0000E+00
   1.11E-16
   3.469E-18
   1.11E-16
   0.0
  -1.735E-18
   1.11E-16
  1.149000000e-16
  1.110000000e-16
  1.071000000e-16
  6.755000000e-18
  1.110000000e-16
  3.184300000e-18
  -6.325000000e-01 -7.071000000e-01 3.162000000e-01
  4.472000000e-01 -4.455000000e-15 8.944000000e-01
  -6.325000000e-01 7.071000000e-01 3.162000000e-01
 Node:         49
  0.1186E+03  0.1311E+03  0.4938E+03  0.0000E+00
  -1.665E-16
  -2.082E-17
   0.0
  -4.163E-17
  -6.072E-18
  -5.551E-17
  2.581000000e-18
  -4.165000000e-17
  -1.830000000e-16
  1.678900000e-16
  -7.402300000e-17
  7.914600000e-17
  1.174000000e-01 -9.929000000e-01 1.965000000e-02
  -3.135000000e-01 -1.827000000e-02 9.494000000e-01
  -9.423000000e-01 -1.176000000e-01 -3.134000000e-01
 Node:         50
  0.1180E+03  0.1298E+03  0.5075E+03  0.0000E+00
   0.0
  -1.301E-17
   3.331E-16
  -4.163E-17
   1.247E-17
   2.22E-16
  3.354000000e-16
  2.276000000e-16
  -7.879000000e-18
  3.040700000e-16
  1.850400000e-16
  1.433400000e-16
  5.441000000e-02 -9.902000000e-01 -1.289000000e-01
  -1.707000000e-01 -1.364000000e-01 9.758000000e-01
  9.838000000e-01 3.109000000e-02 1.765000000e-01
 Node:         51
  0.1192E+03  0.1275E+03  0.5206E+03  0.0000E+00
   0.0
  -3.469E-18
  -5.551E-17
   0.0
   1.475E-17
   1.11E-16
  1.123000000e-16
  2.087000000e-19
  -5.702000000e-17
  1.491800000e-16
  1.849600000e-17
  7.032400000e-17
  -2.705000000e-03 8.758000000e-02 9.962000000e-01
  9.982000000e-01 -6.004000000e-02 7.989000000e-03
  -6.051000000e-02 -9.943000000e-01 8.725000000e-02
 Node:         52
  0.1262E+03  0.1305E+03  0.4920E+03  0.0000E+00
   1.11E-16
  -1.388E-17
   1.11E-16
   1.301E-18
   4.906E-18
   0.0
  1.250000000e-16
  9.734000000e-17
  -2.497000000e-19
  1.139700000e-16
  7.403000000e-17
  5.372400000e-17
  -7.047000000e-01 7.092000000e-01 2.051000000e-02
  7.093000000e-01 7.034000000e-01 4.493000000e-02
  -1.744000000e-02 -4.621000000e-02 9.988000000e-01
 Node:         53
  0.1258E+03  0.1304E+03  0.5063E+03  0.0000E+00
  -1.665E-16
  -1.735E-18
  -1.11E-16
   2.776E-17
   3.383E-17
  -2.22E-16
  -1.010000000e-16
  -1.572000000e-16
  -2.414000000e-16
  1.223900000e-16
  -1.665300000e-16
  5.769700000e-17
  9.684000000e-02 9.526000000e-01 2.883000000e-01
  -9.346000000e-01 1.866000000e-01 -3.027000000e-01
  -3.422000000e-01 -2.402000000e-01 9.084000000e-01
 Node:         54
  0.1265E+03  0.1288E+03  0.5200E+03  0.0000E+00
  -2.22E-16
   2.082E-17
   1.11E-16
   0.0
  -4.337E-18
   1.11E-16
  1.160000000e-16
  1.073000000e-16
  -2.233000000e-16
  3.350300000e-16
  0.000000000e+00
  1.579400000e-16
  -4.656000000e-02 -7.562000000e-01 6.527000000e-01
  -4.117000000e-02 -6.514000000e-01 -7.576000000e-01
  -9.981000000e-01 6.215000000e-02 8.061000000e-04
 Node:         55
  0.1382E+03  0.1167E+03  0.4531E+03  0.2360E-02
  -0.003944
  -0.003322
   0.006424
  -4.499E-4
   0.004947
  -0.003748
  3.632900000e-02
  2.439700000e-03
  -3.773000000e-02
  6.534700000e-02
  3.461600000e-04
  3.080500000e-02
  1.906700000e-01 -6.913500000e-04 9.551200000e-03
  4.712600000e-01 3.692300000e-01 2.895700000e-01
  -1.954000000e-01 -1.882900000e-01 5.077800000e-01
 Node:         56
  0.1314E+03  0.1156E+03  0.4685E+03  0.2360E-02
  -0.002521
  -0.002348
   0.004077
  -2.712E-4
   0.001791
  -0.003116
  2.664800000e-02
  -1.699100000e-03
  -2.862000000e-02
  4.921900000e-02
  -1.223800000e-03
  2.320200000e-02
  -2.550900000e-01 1.086600000e-01 8.204500000e-02
  4.077500000e-01 4.922900000e-01 1.725700000e-01
  -1.252300000e-01 -1.158800000e-01 5.683000000e-01
 Node:         57
  0.1285E+03  0.1140E+03  0.4823E+03  0.2360E-02
  -1.827E-4
  -2.602E-4
   5.583E-4
  -2.976E-5
   3.849E-5
  -2.508E-4
  6.237000000e-03
  -3.540600000e-04
  -5.839700000e-03
  1.139500000e-02
  1.442000000e-05
  5.371600000e-03
  -5.041800000e-01 4.288500000e-02 2.981200000e-01
  4.650100000e-01 5.529600000e-01 2.541400000e-01
  -6.272700000e-02 3.248300000e-02 6.939400000e-01
 Node:         58
  0.1480E+03  0.1174E+03  0.4537E+03  0.2360E-02
  -0.004437
  -0.005246
   0.01174
  -9.138E-4
   0.003605
  -0.01288
  5.066800000e-02
  -5.116600000e-03
  -5.557900000e-02
  9.538900000e-02
  -3.342500000e-03
  4.496700000e-02
  1.851700000e-01 -4.178400000e-02 -7.481000000e-03
  5.441300000e-01 3.867500000e-01 2.943000000e-01
  -7.274700000e-02 -8.433400000e-02 5.820200000e-01
 Node:         59
  0.1416E+03  0.1164E+03  0.4695E+03  0.2360E-02
   1.787E-4
  -0.006265
   0.009255
  -0.003428
   0.004014
  -0.004691
  5.490500000e-02
  -5.287900000e-03
  -3.314100000e-02
  7.839100000e-02
  5.491900000e-03
  3.695400000e-02
  -3.659800000e-01 1.816300000e-01 1.398300000e-01
  4.409700000e-01 4.982600000e-01 2.950800000e-01
  1.620500000e-01 -1.604500000e-01 6.924500000e-01
 Node:         60
  0.1375E+03  0.1150E+03  0.4832E+03  0.2360E-02
   0.001453
  -0.002263
   0.002416
  -0.001437
   0.001192
   3.583E-4
  1.834500000e-02
  -4.853900000e-04
  -5.086100000e-03
  2.186600000e-02
  4.257900000e-03
  1.030800000e-02
  -5.194600000e-01 5.635900000e-01 2.726000000e-01
  2.409100000e-01 3.742700000e-01 8.305700000e-02
  1.679500000e-01 -1.551300000e-02 3.106400000e-01
 Node:         61
  0.1550E+03  0.1214E+03  0.4543E+03  0.2360E-02
   0.002799
  -0.004725
   0.002352
  -9.38E-4
   4.147E-4
  -0.01341
  4.153600000e-02
  -1.091800000e-02
  -4.769000000e-02
  7.833000000e-02
  -5.690600000e-03
  3.692500000e-02
  -9.419700000e-02 1.763800000e-01 2.435200000e-02
  5.307200000e-01 6.852700000e-01 -2.552100000e-01
  5.116000000e-02 1.825700000e-01 9.025100000e-01
 Node:         62
  0.1490E+03  0.1199E+03  0.4703E+03  0.2360E-02
   0.008357
  -0.01062
   0.007118
  -0.0046
   0.003661
  -0.003208
  7.081300000e-02
  -2.317400000e-03
  -2.443400000e-02
  8.657600000e-02
  1.468700000e-02
  4.081200000e-02
  -6.209900000e-01 4.788600000e-01 2.717100000e-01
  3.537800000e-01 1.785800000e-01 1.362900000e-01
  1.268700000e-01 1.352400000e-01 8.372100000e-02
 Node:         63
  0.1436E+03  0.1181E+03  0.4839E+03  0.2360E-02
   0.002947
  -0.004408
   0.004766
  -0.001353
   0.0021
   3.352E-4
  2.983500000e-02
  -7.997800000e-05
  -4.294700000e-03
  3.236700000e-02
  8.486800000e-03
  1.525800000e-02
  -5.063000000e-01 6.281300000e-01 2.910500000e-01
  -1.113700000e-02 2.488300000e-01 -4.249800000e-01
  -3.975100000e-01 -4.422200000e-01 3.392300000e-01
 Node:         64
  0.1412E+03  0.1253E+03  0.4529E+03  0.2360E-02
  -0.009258
  -0.001671
   0.01089
  -0.001421
   0.001146
  -0.005752
  3.834100000e-02
  -1.595100000e-02
  -3.228100000e-02
  6.487700000e-02
  -3.297200000e-03
  3.058300000e-02
  -5.167300000e-02 4.128200000e-01 2.497800000e-02
  -4.931100000e-02 -2.223900000e-02 2.882000000e-01
  3.545500000e-01 1.089100000e-01 5.624400000e-02
 Node:         65
  0.1340E+03  0.1229E+03  0.4685E+03  0.2360E-02
  -0.002255
  -0.00422
   0.008329
  -0.001672
   8.309E-4
  -0.003671
  3.628000000e-02
  -7.527700000e-03
  -2.028300000e-02
  5.161400000e-02
  2.823000000e-03
  2.433100000e-02
  3.502200000e-01 -5.925900000e-01 -7.556100000e-02
  -2.764800000e-01 -2.229200000e-01 3.840700000e-01
  -1.168400000e-01 -3.543400000e-02 -1.409400000e-01
 Node:         66
  0.1299E+03  0.1214E+03  0.4825E+03  0.2360E-02
   0.001094
  -0.001453
   0.001972
  -3.62E-4
   2.967E-4
  -2.53E-4
  1.086400000e-02
  -3.190500000e-04
  -1.896000000e-03
  1.213400000e-02
  2.882900000e-03
  5.720200000e-03
  -5.553200000e-01 6.076400000e-01 1.522200000e-01
  5.910000000e-01 5.700800000e-01 -1.125400000e-01
  3.293500000e-01 2.943300000e-02 6.518200000e-01
 Node:         67
  0.1497E+03  0.1241E+03  0.4536E+03  0.2360E-02
  -0.007148
  -0.004009
   0.009717
  -0.001223
   0.00116
  -0.01184
  3.681300000e-02
  -1.109900000e-02
  -4.742400000e-02
  7.446000000e-02
  -7.236400000e-03
  3.510100000e-02
  -1.092300000e-01 4.125800000e-01 6.643500000e-03
  6.446600000e-01 1.236800000e-01 1.806400000e-01
  -1.197300000e-01 -3.212600000e-02 3.837400000e-01
 Node:         68
  0.1431E+03  0.1222E+03  0.4694E+03  0.2360E-02
   0.002601
  -0.007843
   0.009383
  -0.004227
   0.002268
  -0.006336
  5.331800000e-02
  -3.070600000e-04
  -3.187500000e-02
  7.512600000e-02
  7.045500000e-03
  3.541500000e-02
  -3.180900000e-01 2.055500000e-01 7.586000000e-02
  2.755800000e-01 3.371400000e-01 1.863200000e-01
  2.016800000e-01 1.830800000e-02 6.060000000e-01
 Node:         69
  0.1379E+03  0.1205E+03  0.4831E+03  0.2360E-02
   0.002829
  -0.002943
   0.002873
  -0.001612
   0.001153
  -4.185E-5
  2.114900000e-02
  1.422900000e-04
  -3.374000000e-03
  2.300800000e-02
  5.972400000e-03
  1.084600000e-02
  -6.786000000e-01 6.455100000e-01 2.715000000e-01
  4.138600000e-01 5.850100000e-01 5.556400000e-02
  4.354200000e-01 6.084400000e-02 6.110900000e-01
 Node:         70
  0.1553E+03  0.1235E+03  0.4542E+03  0.2360E-02
  -0.003922
  -0.005061
   0.002926
  -0.004047
   0.002969
  -0.01112
  3.303000000e-02
  -7.757600000e-03
  -5.631200000e-02
  7.844100000e-02
  -1.034600000e-02
  3.697700000e-02
  -2.782900000e-02 2.423800000e-02 5.960500000e-02
  1.345200000e-01 -1.654200000e-01 1.706000000e-01
  -1.242100000e-02 -3.332000000e-02 3.889000000e-01
 Node:         71
  0.1492E+03  0.1218E+03  0.4702E+03  0.2360E-02
   0.007892
  -0.008538
   0.006296
  -0.008959
   0.004828
  -0.003705
  6.894400000e-02
  3.504200000e-03
  -3.468200000e-02
  9.128000000e-02
  1.258900000e-02
  4.303000000e-02
  -6.640300000e-01 4.466900000e-01 3.221600000e-01
  2.087400000e-01 2.105100000e-01 9.368100000e-02
  4.079400000e-01 2.855400000e-02 6.869500000e-01
 Node:         72
  0.1435E+03  0.1199E+03  0.4838E+03  0.2360E-02
   0.004977
  -0.003674
   0.00242
  -0.003208
   0.001744
   6.593E-4
  2.996000000e-02
  4.135300000e-04
  -4.555800000e-03
  3.235600000e-02
  8.606000000e-03
  1.525300000e-02
  -7.581100000e-01 5.009200000e-01 3.750000000e-01
  2.727200000e-01 5.059000000e-01 1.677800000e-01
  3.100600000e-01 6.603200000e-02 3.590400000e-01
 Node:         73
  0.1442E+03  0.1339E+03  0.4528E+03  0.0000E+00
   0.00698
  -8.534E-4
  -0.008472
  -6.109E-4
   3.565E-4
   0.004247
  2.710700000e-02
  9.636000000e-03
  -2.688500000e-02
  4.885500000e-02
  3.285900000e-03
  2.303000000e-02
  -4.300100000e-01 -1.115200000e-02 2.696600000e-01
  1.699900000e-01 -7.753000000e-02 4.187000000e-02
  -3.370900000e-02 1.768500000e-02 -6.309600000e-02
 Node:         74
  0.1365E+03  0.1303E+03  0.4685E+03  0.0000E+00
   0.01326
   0.002284
  -0.00282
   9.055E-4
   5.018E-4
   0.004737
  4.650400000e-02
  1.537100000e-02
  -1.232300000e-02
  5.168100000e-02
  1.651700000e-02
  2.436300000e-02
  -8.105700000e-01 -1.950600000e-01 -1.002200000e-01
  -1.663900000e-01 9.329100000e-02 8.808400000e-01
  -1.688600000e-01 7.483000000e-01 -1.428300000e-01
 Node:         75
  0.1313E+03  0.1288E+03  0.4826E+03  0.0000E+00
   0.005574
   9.365E-4
  -4.598E-5
   4.599E-5
   2.329E-5
   4.755E-4
  1.926000000e-02
  1.511700000e-03
  -1.632900000e-03
  1.960100000e-02
  6.379700000e-03
  9.240200000e-03
  -9.620400000e-01 -1.494100000e-01 -1.617600000e-02
  -5.738100000e-02 -1.741600000e-02 9.738900000e-01
  -1.324200000e-01 8.607500000e-01 -2.773300000e-02
 Node:         76
  0.1515E+03  0.1308E+03  0.4535E+03  0.0000E+00
   0.005839
  -0.00171
  -0.01014
  -0.001274
   0.001391
   0.004805
  2.963700000e-02
  6.718700000e-03
  -3.235300000e-02
  5.603100000e-02
  1.334100000e-03
  2.641300000e-02
  -5.567500000e-01 4.240900000e-02 2.007900000e-01
  3.086400000e-01 -4.468000000e-02 5.531800000e-01
  -3.190300000e-02 -5.937900000e-01 -5.837200000e-03
 Node:         77
  0.1445E+03  0.1280E+03  0.4693E+03  0.0000E+00
   0.01685
   0.002937
  -0.003692
   5.924E-4
   0.001577
   0.003497
  5.776900000e-02
  1.149300000e-02
  -1.444500000e-02
  6.469300000e-02
  1.827200000e-02
  3.049600000e-02
  -9.774800000e-01 -1.504400000e-01 -4.054000000e-02
  -6.295100000e-02 1.518700000e-01 9.810000000e-01
  -1.487900000e-01 8.045100000e-01 -1.399700000e-01
 Node:         78
  0.1384E+03  0.1261E+03  0.4830E+03  0.0000E+00
   0.007299
   0.001812
   7.132E-5
   2.218E-4
   2.069E-4
   3.054E-4
  2.533600000e-02
  8.527500000e-04
  -1.460500000e-03
  2.572200000e-02
  8.242800000e-03
  1.212600000e-02
  -9.624100000e-01 -2.270300000e-01 -4.469700000e-02
  -8.869200000e-02 9.854200000e-02 8.847900000e-01
  -2.233400000e-01 8.352400000e-01 -1.534400000e-01
 Node:         79
  0.1555E+03  0.1256E+03  0.4542E+03  0.0000E+00
   0.003942
   0.001574
  -0.01096
  -0.002122
   3.854E-4
  -0.01363
  2.833800000e-02
  -1.648200000e-02
  -8.634500000e-02
  1.017500000e-01
  -2.483000000e-02
  4.796400000e-02
  8.424900000e-01 1.873200000e-01 -2.669000000e-01
  2.110300000e-01 6.689500000e-02 3.571400000e-01
  -4.127600000e-02 -4.153600000e-01 2.972000000e-01
 Node:         80
  0.1493E+03  0.1237E+03  0.4702E+03  0.0000E+00
   0.01949
   0.003365
  -0.007064
   0.002098
   7.17E-4
  -0.00946
  6.815300000e-02
  -4.181900000e-03
  -6.413600000e-02
  1.176300000e-01
  -5.489300000e-05
  5.545200000e-02
  -5.425500000e-01 3.696100000e-02 -8.613400000e-02
  -1.994200000e-01 4.653500000e-01 5.809000000e-01
  1.412700000e-04 -5.898200000e-01 4.890800000e-01
 Node:         81
  0.1433E+03  0.1217E+03  0.4837E+03  0.0000E+00
   0.00847
   0.00186
  -6.105E-4
   0.001773
   5.303E-4
  -6.03E-4
  2.999600000e-02
  -6.267000000e-04
  -7.980700000e-03
  3.522200000e-02
  7.129500000e-03
  1.660400000e-02
  -9.507800000e-01 -1.846500000e-01 -2.069200000e-01
  -2.812700000e-01 4.739500000e-01 6.056400000e-01
  6.149300000e-02 -6.344400000e-01 5.108000000e-01
 Node:         82
  0.1267E+03  0.1148E+03  0.4561E+03  0.1566E-02
   0.001573
  -0.002811
   6.205E-4
  -4.384E-4
   0.0012
  -0.001158
  2.080100000e-02
  -3.993000000e-03
  -1.324000000e-02
  3.076800000e-02
  1.189200000e-03
  1.450400000e-02
  -6.634600000e-01 5.538200000e-01 2.447600000e-01
  -7.581500000e-02 -1.952600000e-01 3.490600000e-01
  1.394700000e-01 2.909100000e-01 3.634700000e-01
 Node:         83
  0.1234E+03  0.1129E+03  0.4718E+03  0.1566E-02
  -0.001522
  -0.001629
  -1.252E-4
   7.779E-4
   7.795E-4
  -0.001335
  1.139400000e-02
  -1.151600000e-03
  -1.923100000e-02
  2.751500000e-02
  -2.996300000e-03
  1.297100000e-02
  -3.859900000e-01 5.011000000e-01 3.712400000e-01
  -6.166500000e-02 -1.826400000e-01 1.187000000e-01
  4.009500000e-02 3.440900000e-01 3.873900000e-01
 Node:         84
  0.1187E+03  0.1123E+03  0.4849E+03  0.1566E-02
  -2.664E-4
  -8.994E-5
  -3.547E-5
   4.612E-4
  -1.808E-5
  -9.837E-4
  2.882700000e-03
  9.803700000e-06
  -6.948700000e-03
  9.427400000e-03
  -1.352100000e-03
  4.444100000e-03
  -5.210400000e-01 5.137300000e-02 3.475400000e-01
  -2.414600000e-02 5.188700000e-02 4.456400000e-03
  -7.298500000e-02 -2.200700000e-01 -4.395200000e-01
 Node:         85
  0.1302E+03  0.1161E+03  0.4549E+03  0.1566E-02
   0.001345
  -0.003067
   0.001145
  -2.976E-4
   0.00175
  -0.001466
  2.523700000e-02
  -4.844800000e-03
  -1.634500000e-02
  3.739200000e-02
  1.349100000e-03
  1.762700000e-02
  -6.332700000e-01 5.348400000e-01 2.299900000e-01
  1.465500000e-01 4.744900000e-01 -2.355300000e-01
  1.696700000e-01 1.914400000e-01 4.970100000e-01
 Node:         86
  0.1252E+03  0.1138E+03  0.4702E+03  0.1566E-02
  -0.004218
  -6.553E-4
   0.007821
   8.568E-4
   0.002868
  -0.001247
  3.524500000e-02
  5.618000000e-03
  -3.015400000e-02
  5.740800000e-02
  3.569400000e-03
  2.706200000e-02
  -6.484700000e-02 -3.562500000e-01 -1.519900000e-01
  2.509800000e-02 -2.314200000e-01 3.440800000e-01
  7.136400000e-01 8.792600000e-02 7.555500000e-02
 Node:         87
  0.1217E+03  0.1126E+03  0.4833E+03  0.1566E-02
  -3.258E-4
  -9.71E-5
   9.556E-5
   4.239E-4
  -8.978E-5
  -6.976E-4
  4.332900000e-03
  -7.364200000e-05
  -7.211100000e-03
  1.112100000e-02
  -9.839200000e-04
  5.242500000e-03
  -4.962400000e-01 3.518200000e-01 2.762700000e-01
  3.514300000e-01 -2.944100000e-01 3.574500000e-01
  6.780300000e-01 1.667000000e-01 3.430500000e-03
 Node:         88
  0.1338E+03  0.1169E+03  0.4532E+03  0.1566E-02
  -0.002773
  -0.003711
   0.001855
  -3.06E-4
   0.003572
   0.001838
  2.870600000e-02
  -3.455600000e-03
  -2.013500000e-02
  4.359900000e-02
  1.705300000e-03
  2.055300000e-02
  -5.005500000e-01 6.081400000e-01 4.373200000e-01
  7.529200000e-02 3.138200000e-01 -1.581100000e-01
  1.815400000e-01 9.861400000e-03 2.396300000e-01
 Node:         89
  0.1270E+03  0.1150E+03  0.4685E+03  0.1566E-02
  -0.002075
  -0.001745
   0.001051
   1.239E-4
   0.001085
  -3.75E-4
  1.838900000e-02
  -1.535300000e-03
  -2.033500000e-02
  3.503200000e-02
  -1.160100000e-03
  1.651400000e-02
  -4.827300000e-01 5.456000000e-01 3.793500000e-01
  -4.201400000e-02 -2.185500000e-01 2.223400000e-01
  -5.639400000e-02 3.390600000e-01 4.290900000e-01
 Node:         90
  0.1248E+03  0.1132E+03  0.4822E+03  0.1566E-02
  -3.622E-4
   3.797E-5
   2.148E-5
   1.362E-4
  -7.883E-5
  -1.411E-4
  4.102900000e-03
  -1.396200000e-04
  -5.658200000e-03
  9.452900000e-03
  -5.649600000e-04
  4.456100000e-03
  -3.761800000e-01 3.541900000e-01 2.670300000e-01
  1.316800000e-01 -2.731100000e-01 6.670300000e-01
  3.514400000e-02 5.567600000e-01 3.896200000e-01
 Node:         91
  0.1258E+03  0.1261E+03  0.4549E+03  0.1566E-02
  -0.008398
  -0.002408
   0.008719
  -0.001992
   0.002416
  -0.001776
  3.561000000e-02
  -6.060500000e-03
  -3.109100000e-02
  5.845400000e-02
  -5.138200000e-04
  2.755500000e-02
  -1.536400000e-01 3.661000000e-01 3.878500000e-02
  -1.906200000e-01 -1.820300000e-01 7.834400000e-01
  -3.732800000e-01 -1.274900000e-01 -1.185500000e-01
 Node:         92
  0.1209E+03  0.1233E+03  0.4726E+03  0.1566E-02
  -0.002061
  -0.002598
   0.002334
  -0.001923
   0.001624
   9.169E-4
  2.293200000e-02
  -1.762800000e-04
  -1.786300000e-02
  3.548300000e-02
  1.630800000e-03
  1.672700000e-02
  -4.647600000e-01 1.599300000e-01 1.543800000e-01
  5.518600000e-03 -5.020000000e-01 6.502500000e-01
  1.760200000e-01 3.471400000e-01 3.109900000e-01
 Node:         93
  0.1159E+03  0.1217E+03  0.4877E+03  0.1566E-02
   4.222E-4
  -1.323E-4
  -3.979E-6
  -7.276E-4
  -4.357E-5
   5.51E-4
  6.479300000e-03
  -2.273200000e-05
  -3.499700000e-03
  8.945500000e-03
  9.856300000e-04
  4.217000000e-03
  -5.047300000e-01 2.745600000e-02 5.811000000e-01
  3.092600000e-01 -4.560800000e-01 2.420700000e-01
  -1.914600000e-01 -3.253900000e-01 -1.784700000e-01
 Node:         94
  0.1313E+03  0.1263E+03  0.4540E+03  0.1566E-02
  -0.01045
  -0.002469
   0.009989
  -0.002379
   0.001768
  -0.001353
  3.866000000e-02
  -3.775900000e-03
  -3.667700000e-02
  6.562900000e-02
  -5.977800000e-04
  3.093800000e-02
  -1.334800000e-01 6.090900000e-01 6.967300000e-02
  -8.301800000e-02 -1.784400000e-02 5.339300000e-01
  -3.625700000e-01 -2.080500000e-01 -7.427000000e-02
 Node:         95
  0.1249E+03  0.1235E+03  0.4706E+03  0.1566E-02
  -0.00182
  -0.002557
   0.004513
  -0.002506
   0.001216
  -3.957E-4
  2.721900000e-02
  4.011300000e-03
