 Group name: predicted_strain_L1A5
 #Fields=  16
 1) coordinates, coordinate, rectangular cartesian, #Components=3
   x.  Value index= 1, #Derivatives=0
   y.  Value index= 2, #Derivatives=0
   z.  Value index= 3, #Derivatives=0
 2) Tensor_1, field, rectangular cartesian, #Components=1
   Tensor_1.  Value index= 4, #Derivatives=0
 3) Tensor_2, field, rectangular cartesian, #Components=1
   Tensor_2.  Value index= 5, #Derivatives=0
 4) Tensor_3, field, rectangular cartesian, #Components=1
   Tensor_3.  Value index= 6, #Derivatives=0
 5) Tensor_4, field, rectangular cartesian, #Components=1
   Tensor_4.  Value index= 7, #Derivatives=0
 6) Tensor_5, field, rectangular cartesian, #Components=1
   Tensor_5.  Value index= 8, #Derivatives=0
 7) Tensor_6, field, rectangular cartesian, #Components=1
   Tensor_6.  Value index= 9, #Derivatives=0
 8) Principal_1, field, rectangular cartesian, #Components=1
   Principal_1.  Value index= 10, #Derivatives=0
 9) Principal_2, field, rectangular cartesian, #Components=1
   Principal_2.  Value index= 11, #Derivatives=0
 10) Principal_3, field, rectangular cartesian, #Components=1
   Principal_3.  Value index= 12, #Derivatives=0
 11) VonMises, field, rectangular cartesian, #Components=1
   VonMises.  Value index= 13, #Derivatives=0
 12) Hydrostatic, field, rectangular cartesian, #Components=1
   VonMises.  Value index= 14, #Derivatives=0
 13) Octahedral, field, rectangular cartesian, #Components=1
   VonMises.  Value index= 15, #Derivatives=0
 14) PrincipalVector1, field, rectangular cartesian, #Components=3
   x.  Value index= 16, #Derivatives=0
   y.  Value index= 17, #Derivatives=0
   z.  Value index= 18, #Derivatives=0
 15) PrincipalVector2, field, rectangular cartesian, #Components=3
   x.  Value index= 19, #Derivatives=0
   y.  Value index= 20, #Derivatives=0
   z.  Value index= 21, #Derivatives=0
 16) PrincipalVector3, field, rectangular cartesian, #Components=3
   x.  Value index= 22, #Derivatives=0
   y.  Value index= 23, #Derivatives=0
   z.  Value index= 24, #Derivatives=0
 Node:          1
  0.1287E+03  0.1133E+03  0.4908E+03 -0.1831E-05
  -1.11E-16
  -8.327E-17
  -2.22E-16
  -2.776E-17
  -4.163E-17
  -3.331E-16
  -6.637000000e-17
  -2.400000000e-16
  -3.598000000e-16
  2.555400000e-16
  -2.220600000e-16
  1.204600000e-16
  8.837000000e-01 -4.676000000e-01 -1.897000000e-02
  4.046000000e-01 7.837000000e-01 -4.712000000e-01
  2.352000000e-01 4.088000000e-01 8.818000000e-01
 Node:          2
  0.1292E+03  0.1137E+03  0.5052E+03 -0.1831E-05
  -5.551E-17
  -1.11E-16
  -1.665E-16
  -5.551E-17
   1.943E-16
  -2.776E-16
  8.603000000e-17
  -1.600000000e-16
  -4.256000000e-16
  4.431900000e-16
  -1.665200000e-16
  2.089200000e-16
  -6.554000000e-01 6.199000000e-01 4.313000000e-01
  7.522000000e-01 4.849000000e-01 4.462000000e-01
  -6.744000000e-02 -6.169000000e-01 7.841000000e-01
 Node:          3
  0.1289E+03  0.1155E+03  0.5194E+03 -0.1831E-05
   2.22E-16
   1.388E-16
   3.331E-16
   1.11E-16
   5.551E-17
   2.22E-16
  4.753000000e-16
  2.118000000e-16
  9.006000000e-17
  3.410700000e-16
  2.590500000e-16
  1.607800000e-16
  -5.696000000e-01 -7.144000000e-01 -4.063000000e-01
  2.395000000e-01 -6.172000000e-01 7.494000000e-01
  -7.862000000e-01 3.296000000e-01 5.227000000e-01
 Node:          4
  0.1361E+03  0.1141E+03  0.4915E+03 -0.1831E-05
   0.0
  -2.776E-17
  -1.11E-16
  -2.776E-17
  -8.327E-17
   2.22E-16
  2.435000000e-16
  6.328000000e-18
  -1.388000000e-16
  3.342600000e-16
  3.700900000e-17
  1.575700000e-16
  -8.549000000e-02 -2.215000000e-01 9.714000000e-01
  9.681000000e-01 -2.491000000e-01 2.840000000e-02
  2.357000000e-01 9.428000000e-01 2.357000000e-01
 Node:          5
  0.1341E+03  0.1144E+03  0.5054E+03 -0.1831E-05
   3.331E-16
   1.388E-16
   3.331E-16
   5.551E-17
  -6.939E-17
   4.441E-16
  4.814000000e-16
  4.627000000e-16
  1.662000000e-16
  3.062800000e-16
  3.701000000e-16
  1.443800000e-16
  -3.480000000e-01 -6.443000000e-01 6.810000000e-01
  -6.589000000e-01 -3.487000000e-01 -6.665000000e-01
  6.669000000e-01 -6.807000000e-01 -3.032000000e-01
 Node:          6
  0.1323E+03  0.1162E+03  0.5191E+03 -0.1831E-05
   2.22E-16
   5.551E-17
   2.22E-16
  -5.551E-17
  -2.776E-17
   0.0
  2.897000000e-16
  1.685000000e-16
  -1.402000000e-17
  2.648100000e-16
  1.480600000e-16
  1.248300000e-16
  -7.150000000e-01 -6.696000000e-01 2.012000000e-01
  6.656000000e-01 -7.399000000e-01 -9.741000000e-02
  -2.141000000e-01 -6.426000000e-02 -9.747000000e-01
 Node:          7
  0.1408E+03  0.1171E+03  0.4920E+03 -0.1831E-05
   3.331E-16
   2.22E-16
   2.22E-16
  -8.327E-17
  -1.11E-16
   0.0
  5.398000000e-16
  6.158000000e-17
  -4.631000000e-17
  5.403100000e-16
  1.850200000e-16
  2.547000000e-16
  -7.537000000e-01 -6.111000000e-01 2.419000000e-01
  -6.560000000e-01 6.770000000e-01 -3.335000000e-01
  -4.004000000e-02 4.101000000e-01 9.112000000e-01
 Node:          8
  0.1367E+03  0.1169E+03  0.5055E+03 -0.1831E-05
   2.22E-16
   1.943E-16
   2.22E-16
  -4.025E-16
  -2.359E-16
  -2.22E-16
  6.547000000e-16
  4.477000000e-17
  -4.775000000e-16
  9.814900000e-16
  7.399000000e-17
  4.626800000e-16
  -6.847000000e-01 -5.611000000e-01 4.652000000e-01
  5.685000000e-01 -8.105000000e-01 -1.409000000e-01
  -4.561000000e-01 -1.681000000e-01 -8.739000000e-01
 Node:          9
  0.1339E+03  0.1180E+03  0.5191E+03 -0.1831E-05
   2.22E-16
   1.665E-16
   0.0
  -3.955E-16
  -2.776E-16
   6.661E-16
  1.002000000e-15
  -9.379000000e-18
  -1.046000000e-16
  1.062200000e-15
  2.960100000e-16
  5.007200000e-16
  -4.817000000e-01 -3.073000000e-01 8.207000000e-01
  -8.565000000e-01 -3.292000000e-02 -5.150000000e-01
  -1.853000000e-01 9.510000000e-01 2.474000000e-01
 Node:         10
  0.1294E+03  0.1212E+03  0.4911E+03 -0.1831E-05
   0.0
   2.776E-17
   1.11E-16
  -1.388E-17
   1.249E-16
   1.11E-16
  2.363000000e-16
  2.303000000e-17
  -3.732000000e-17
  2.489900000e-16
  7.400300000e-17
  1.173800000e-16
  4.210000000e-02 7.100000000e-01 7.030000000e-01
  -7.813000000e-01 -4.152000000e-01 4.661000000e-01
  -6.228000000e-01 5.688000000e-01 -5.372000000e-01
 Node:         11
  0.1295E+03  0.1214E+03  0.5055E+03 -0.1831E-05
  -2.22E-16
  -2.776E-17
  -2.22E-16
  -4.163E-17
   1.388E-17
  -1.665E-16
  -1.365000000e-16
  -2.183000000e-16
  -2.558000000e-16
  1.056600000e-16
  -2.035300000e-16
  4.981100000e-17
  -4.935000000e-01 2.929000000e-01 8.189000000e-01
  3.541000000e-01 -7.924000000e-01 4.968000000e-01
  -7.944000000e-01 -5.351000000e-01 -2.873000000e-01
 Node:         12
  0.1295E+03  0.1217E+03  0.5196E+03 -0.1831E-05
   1.11E-16
   0.0
   1.11E-16
   7.633E-17
   2.776E-17
   2.22E-16
  2.649000000e-16
  1.110000000e-16
  6.816000000e-17
  1.792000000e-16
  1.480200000e-16
  8.447700000e-17
  -4.387000000e-01 -1.595000000e-01 -8.844000000e-01
  3.417000000e-01 -9.398000000e-01 -2.255000000e-17
  8.311000000e-01 3.022000000e-01 -4.668000000e-01
 Node:         13
  0.1361E+03  0.1199E+03  0.4914E+03 -0.1831E-05
   1.11E-16
  -1.388E-16
   0.0
  -9.714E-17
   2.776E-17
  -1.665E-16
  2.285000000e-16
  -8.520000000e-17
  -1.988000000e-16
  3.833400000e-16
  -1.850000000e-17
  1.807100000e-16
  8.171000000e-01 -5.252000000e-01 -2.378000000e-01
  4.648000000e-01 8.442000000e-01 -2.671000000e-01
  3.410000000e-01 1.077000000e-01 9.339000000e-01
 Node:         14
  0.1342E+03  0.1198E+03  0.5054E+03 -0.1831E-05
  -5.551E-17
   2.776E-17
   0.0
   5.551E-17
  -9.021E-17
   1.11E-16
  1.672000000e-16
  -4.940000000e-18
  -1.068000000e-16
  2.398800000e-16
  1.848700000e-17
  1.130800000e-16
  1.634000000e-01 -4.472000000e-01 8.794000000e-01
  -6.569000000e-01 -7.144000000e-01 -2.412000000e-01
  -7.361000000e-01 5.382000000e-01 4.105000000e-01
 Node:         15
  0.1330E+03  0.1205E+03  0.5193E+03 -0.1831E-05
   2.22E-16
  -8.327E-17
  -5.551E-17
   1.388E-17
   4.857E-17
   0.0
  2.451000000e-16
  2.471000000e-17
  -1.033000000e-16
  3.052400000e-16
  5.550300000e-17
  1.438900000e-16
  -9.638000000e-01 2.667000000e-01 -1.723000000e-03
  1.157000000e-01 4.239000000e-01 8.983000000e-01
  2.403000000e-01 8.656000000e-01 -4.394000000e-01
 Node:         16
  0.1404E+03  0.1188E+03  0.4918E+03 -0.1831E-05
   2.22E-16
   5.551E-17
   2.22E-16
  -8.327E-17
  -1.457E-16
   4.441E-16
  5.466000000e-16
  1.950000000e-16
  1.465000000e-16
  3.781900000e-16
  2.960300000e-16
  1.782800000e-16
  -2.927000000e-01 -4.328000000e-01 8.526000000e-01
  -9.222000000e-01 -1.077000000e-01 -3.713000000e-01
  -2.526000000e-01 8.950000000e-01 3.676000000e-01
 Node:         17
  0.1365E+03  0.1184E+03  0.5055E+03 -0.1831E-05
  -1.11E-16
   2.776E-17
  -1.11E-16
   9.714E-17
   1.7E-16
   0.0
  1.573000000e-16
  -1.341000000e-16
  -2.452000000e-16
  3.600400000e-16
  -7.400000000e-17
  1.697300000e-16
  3.368000000e-01 5.285000000e-01 7.792000000e-01
  8.927000000e-01 -4.425000000e-01 -8.566000000e-02
  -2.996000000e-01 -7.244000000e-01 6.209000000e-01
 Node:         18
  0.1341E+03  0.1191E+03  0.5192E+03 -0.1831E-05
   0.0
   0.0
   0.0
   2.645E-17
   1.065E-16
   4.441E-16
  4.697000000e-16
  -1.672000000e-33
  -2.562000000e-17
  4.830200000e-16
  1.480300000e-16
  2.277000000e-16
  -5.484000000e-02 -2.207000000e-01 -9.738000000e-01
  9.705000000e-01 -2.411000000e-01 -6.210000000e-17
  -2.348000000e-01 -9.451000000e-01 2.274000000e-01
 Node:         19
  0.1301E+03  0.1291E+03  0.4914E+03  0.0000E+00
   1.11E-16
   0.0
   1.11E-16
   2.101E-19
   1.001E-17
  -2.22E-16
  1.113000000e-16
  1.110000000e-16
  -2.223000000e-16
  3.334500000e-16
  0.000000000e+00
  1.571900000e-16
  -2.096000000e-02 -9.993000000e-01 -3.003000000e-02
  9.998000000e-01 -2.097000000e-02 1.345000000e-19
  6.298000000e-04 3.003000000e-02 -9.995000000e-01
 Node:         20
  0.1299E+03  0.1291E+03  0.5058E+03  0.0000E+00
   2.22E-16
   0.0
   0.0
   1.041E-17
   1.924E-17
  -5.551E-17
  2.224000000e-16
  5.975000000e-18
  -6.188000000e-17
  2.571600000e-16
  5.549800000e-17
  1.212200000e-16
  -9.993000000e-01 -3.257000000e-03 -3.765000000e-02
  1.428000000e-02 -9.549000000e-01 -2.965000000e-01
  -3.498000000e-02 -2.968000000e-01 9.543000000e-01
 Node:         21
  0.1301E+03  0.1280E+03  0.5197E+03  0.0000E+00
   1.11E-16
   0.0
   0.0
   4.163E-17
   1.475E-17
   1.11E-16
  1.534000000e-16
  7.089000000e-17
  -2.220000000e-18
  1.348500000e-16
  7.402300000e-17
  6.357000000e-17
  -6.994000000e-01 -6.840000000e-02 -7.114000000e-01
  -7.126000000e-01 1.429000000e-01 6.869000000e-01
  -5.465000000e-02 -9.874000000e-01 1.487000000e-01
 Node:         22
  0.1360E+03  0.1256E+03  0.4913E+03  0.0000E+00
  -2.22E-16
   1.388E-17
  -1.11E-16
  -1.388E-17
   1.006E-16
   1.11E-16
  1.500000000e-16
  -1.456000000e-16
  -2.264000000e-16
  3.432100000e-16
  -7.400000000e-17
  1.617900000e-16
  -2.144000000e-02 3.586000000e-01 9.332000000e-01
  2.280000000e-01 9.106000000e-01 -3.447000000e-01
  -9.734000000e-01 2.054000000e-01 -1.013000000e-01
 Node:         23
  0.1343E+03  0.1253E+03  0.5054E+03  0.0000E+00
   0.0
   2.082E-17
  -4.441E-16
   0.0
   1.314E-16
  -1.665E-16
  1.265000000e-18
  -1.147000000e-16
  -4.972000000e-16
  4.517900000e-16
  -2.035500000e-16
  2.129700000e-16
  9.970000000e-01 6.061000000e-02 4.746000000e-02
  6.644000000e-02 -3.661000000e-01 -9.282000000e-01
  3.888000000e-02 -9.286000000e-01 3.690000000e-01
 Node:         24
  0.1336E+03  0.1248E+03  0.5194E+03  0.0000E+00
  -2.22E-16
   1.214E-17
   0.0
   1.388E-17
   8.674E-19
  -1.665E-16
  6.779000000e-19
  -1.633000000e-16
  -2.259000000e-16
  2.026600000e-16
  -1.295100000e-16
  9.553700000e-17
  -5.504000000e-02 -9.984000000e-01 -9.747000000e-03
  2.257000000e-01 -2.195000000e-02 9.740000000e-01
  -9.726000000e-01 5.141000000e-02 2.265000000e-01
 Node:         25
  0.1400E+03  0.1206E+03  0.4917E+03  0.0000E+00
   0.0
   2.671E-16
  -1.11E-16
  -8.327E-17
  -1.301E-16
   2.22E-16
  3.681000000e-16
  7.580000000e-17
  -3.329000000e-16
  6.098700000e-16
  3.700000000e-17
  2.874900000e-16
  5.089000000e-01 4.781000000e-01 -7.159000000e-01
  6.086000000e-01 3.883000000e-01 6.920000000e-01
  6.088000000e-01 -7.878000000e-01 -9.334000000e-02
 Node:         26
  0.1363E+03  0.1200E+03  0.5055E+03  0.0000E+00
   2.22E-16
   1.076E-16
  -6.106E-16
   2.776E-17
  -1.124E-15
  -5.551E-17
  8.281000000e-16
  2.248000000e-16
  -1.497000000e-15
  2.089800000e-15
  -1.480300000e-16
  9.851500000e-16
  7.371000000e-02 6.174000000e-01 -7.832000000e-01
  9.955000000e-01 1.018000000e-03 9.449000000e-02
  -5.914000000e-02 7.866000000e-01 6.146000000e-01
 Node:         27
  0.1343E+03  0.1203E+03  0.5192E+03  0.0000E+00
   2.22E-16
  -1.943E-16
   2.22E-16
  -1.041E-16
   1.313E-15
   0.0
  1.466000000e-15
  1.875000000e-16
  -1.209000000e-15
  2.317400000e-15
  1.481700000e-16
  1.092400000e-15
  -1.693000000e-01 7.280000000e-01 6.643000000e-01
  9.848000000e-01 9.849000000e-02 1.431000000e-01
  3.876000000e-02 6.785000000e-01 -7.336000000e-01
 Node:         28
  0.1155E+03  0.1124E+03  0.4931E+03 -0.1082E-04
  -2.22E-16
   3.816E-17
   2.22E-16
  -5.551E-17
   5.551E-17
   1.11E-16
  2.455000000e-16
  1.014000000e-16
  -2.359000000e-16
  4.279500000e-16
  3.700000000e-17
  2.017400000e-16
  3.184000000e-02 9.284000000e-01 3.701000000e-01
  1.988000000e-01 3.571000000e-01 -9.127000000e-01
  9.795000000e-01 -1.026000000e-01 1.732000000e-01
 Node:         29
  0.1119E+03  0.1139E+03  0.5068E+03 -0.1082E-04
  -2.22E-16
  -2.082E-17
   0.0
   5.551E-17
   6.939E-18
  -3.331E-16
  1.944000000e-18
  -2.004000000e-16
  -3.566000000e-16
  3.113600000e-16
  -1.850200000e-16
  1.467800000e-16
  -9.118000000e-02 9.958000000e-01 5.517000000e-03
  -9.179000000e-01 -8.189000000e-02 -3.884000000e-01
  -3.863000000e-01 -4.048000000e-02 9.215000000e-01
 Node:         30
  0.1113E+03  0.1159E+03  0.5206E+03 -0.1082E-04
   2.22E-16
   1.249E-16
   2.22E-16
   0.0
  -2.776E-17
   1.11E-16
  3.486000000e-16
  1.238000000e-16
  8.277000000e-17
  2.478800000e-16
  1.850600000e-16
  1.168500000e-16
  -7.001000000e-01 -7.092000000e-01 8.287000000e-02
  -4.685000000e-01 3.686000000e-01 -8.029000000e-01
  -5.389000000e-01 6.009000000e-01 5.903000000e-01
 Node:         31
  0.1203E+03  0.1126E+03  0.4920E+03 -0.1082E-04
  -5.551E-17
   9.714E-17
  -1.11E-16
   2.776E-17
   4.163E-17
  -5.551E-17
  4.114000000e-17
  -7.661000000e-17
  -1.866000000e-16
  1.972700000e-16
  -7.402300000e-17
  9.299200000e-17
  -6.956000000e-01 -5.654000000e-01 -4.433000000e-01
  4.358000000e-01 1.585000000e-01 -8.860000000e-01
  5.712000000e-01 -8.095000000e-01 1.362000000e-01
 Node:         32
  0.1188E+03  0.1134E+03  0.5062E+03 -0.1082E-04
   2.22E-16
  -1.388E-17
  -1.11E-16
  -2.776E-17
   9.714E-17
  -5.551E-17
  2.266000000e-16
  1.331000000e-17
  -1.844000000e-16
  3.560200000e-16
  1.850300000e-17
  1.678300000e-16
  -9.894000000e-01 7.624000000e-02 1.236000000e-01
  1.445000000e-01 5.992000000e-01 7.875000000e-01
  1.402000000e-02 -7.970000000e-01 6.038000000e-01
 Node:         33
  0.1183E+03  0.1150E+03  0.5201E+03 -0.1082E-04
   1.11E-16
   5.551E-17
   0.0
   8.327E-17
   0.0
   0.0
  1.700000000e-16
  0.000000000e+00
  -5.893000000e-17
  2.058900000e-16
  3.702300000e-17
  9.705800000e-17
  -8.617000000e-01 -2.815000000e-01 -4.222000000e-01
  0.000000000e+00 -8.321000000e-01 5.547000000e-01
  -5.074000000e-01 4.780000000e-01 7.170000000e-01
 Node:         34
  0.1255E+03  0.1129E+03  0.4909E+03 -0.1082E-04
   0.0
   0.0
   0.0
   5.551E-17
   9.714E-17
   0.0
  1.119000000e-16
  3.387000000e-33
  -1.119000000e-16
  1.938200000e-16
  0.000000000e+00
  9.136600000e-17
  -3.508000000e-01 -6.139000000e-01 -7.071000000e-01
  8.682000000e-01 -4.961000000e-01 -4.855000000e-17
  -3.508000000e-01 -6.139000000e-01 7.071000000e-01
 Node:         35
  0.1260E+03  0.1135E+03  0.5054E+03 -0.1082E-04
   0.0
   1.11E-16
  -1.11E-16
   1.11E-16
   2.498E-16
  -1.11E-16
  2.410000000e-16
  -1.023000000e-16
  -3.608000000e-16
  5.229000000e-16
  -7.403300000e-17
  2.465000000e-16
  5.458000000e-01 5.925000000e-01 5.925000000e-01
  8.379000000e-01 -3.859000000e-01 -3.859000000e-01
  -4.975000000e-17 -7.071000000e-01 7.071000000e-01
 Node:         36
  0.1257E+03  0.1153E+03  0.5196E+03 -0.1082E-04
   0.0
  -5.551E-17
   0.0
  -5.551E-17
   8.327E-17
   0.0
  1.305000000e-16
  -4.723000000e-17
  -8.327000000e-17
  1.982200000e-16
  0.000000000e+00
  9.344300000e-17
  -5.155000000e-01 6.059000000e-01 6.059000000e-01
  8.569000000e-01 3.645000000e-01 3.645000000e-01
  -1.256000000e-16 7.071000000e-01 -7.071000000e-01
 Node:         37
  0.1132E+03  0.1210E+03  0.4959E+03 -0.1082E-04
  -2.22E-16
   1.388E-16
  -2.22E-16
  -8.327E-17
   1.804E-16
  -2.776E-16
  -4.482000000e-17
  -1.622000000e-16
  -5.146000000e-16
  4.234700000e-16
  -2.405400000e-16
  1.996300000e-16
  3.971000000e-01 7.887000000e-01 4.693000000e-01
  -7.874000000e-01 3.010000000e-02 6.157000000e-01
  4.715000000e-01 -6.140000000e-01 6.330000000e-01
 Node:         38
  0.1111E+03  0.1204E+03  0.5085E+03 -0.1082E-04
  -1.665E-16
   9.714E-17
   0.0
  -2.776E-17
  -8.327E-17
  -2.22E-16
  7.071000000e-17
  -2.091000000e-16
  -2.502000000e-16
  3.024600000e-16
  -1.295300000e-16
  1.425800000e-16
  -3.916000000e-01 -8.746000000e-01 2.859000000e-01
  9.154000000e-01 -3.389000000e-01 2.170000000e-01
  9.287000000e-02 -3.467000000e-01 -9.334000000e-01
 Node:         39
  0.1119E+03  0.1201E+03  0.5207E+03 -0.1082E-04
  -5.551E-17
  -9.714E-17
  -3.331E-16
  -8.327E-17
  -7.633E-17
  -1.11E-16
  8.934000000e-18
  -1.105000000e-16
  -3.981000000e-16
  3.623900000e-16
  -1.665600000e-16
  1.708300000e-16
  8.510000000e-01 -1.281000000e-01 -5.092000000e-01
  4.076000000e-01 -4.503000000e-01 7.944000000e-01
  -3.311000000e-01 -8.836000000e-01 -3.310000000e-01
 Node:         40
  0.1191E+03  0.1220E+03  0.4937E+03 -0.1082E-04
   0.0
   8.327E-17
  -2.22E-16
   8.327E-17
  -1.388E-17
  -2.22E-16
  4.872000000e-17
  -2.082000000e-16
  -2.846000000e-16
  3.024500000e-16
  -1.480300000e-16
  1.425700000e-16
  -9.240000000e-01 -2.703000000e-01 -2.703000000e-01
  0.000000000e+00 -7.071000000e-01 7.071000000e-01
  3.823000000e-01 -6.534000000e-01 -6.534000000e-01
 Node:         41
  0.1182E+03  0.1217E+03  0.5073E+03 -0.1082E-04
   0.0
  -2.776E-17
  -5.551E-17
   5.551E-17
   9.714E-17
   1.11E-16
  1.653000000e-16
  1.073000000e-17
  -1.206000000e-16
  2.478700000e-16
  1.847700000e-17
  1.168500000e-16
  2.406000000e-01 3.653000000e-01 8.993000000e-01
  -8.901000000e-01 4.526000000e-01 5.428000000e-02
  -3.871000000e-01 -8.135000000e-01 4.340000000e-01
 Node:         42
  0.1187E+03  0.1212E+03  0.5204E+03 -0.1082E-04
   0.0
  -5.551E-17
  -1.11E-16
   0.0
   5.551E-17
   1.11E-16
  1.256000000e-16
  1.887000000e-17
  -1.444000000e-16
  2.355300000e-16
  2.333300000e-20
  1.110300000e-16
  1.113000000e-01 -2.517000000e-01 -9.614000000e-01
  9.295000000e-01 -3.159000000e-01 1.903000000e-01
  -3.516000000e-01 -9.148000000e-01 1.988000000e-01
 Node:         43
  0.1258E+03  0.1217E+03  0.4915E+03 -0.1082E-04
   2.22E-16
   1.11E-16
   1.11E-16
  -1.388E-17
   0.0
  -5.551E-17
  2.911000000e-16
  4.294000000e-17
  -5.645000000e-17
  3.100400000e-16
  9.253000000e-17
  1.461600000e-16
  -8.507000000e-01 -5.246000000e-01 3.406000000e-02
  -5.213000000e-01 8.502000000e-01 7.348000000e-02
  6.751000000e-02 -4.475000000e-02 9.967000000e-01
 Node:         44
  0.1259E+03  0.1220E+03  0.5059E+03 -0.1082E-04
  -2.22E-16
   1.388E-16
  -2.22E-16
   9.714E-17
   1.11E-16
  -1.11E-16
  5.081000000e-17
  -2.445000000e-16
  -3.614000000e-16
  3.679600000e-16
  -1.850300000e-16
  1.734600000e-16
  -5.113000000e-01 -5.340000000e-01 -6.733000000e-01
  -5.198000000e-01 -4.318000000e-01 7.372000000e-01
  -6.844000000e-01 7.269000000e-01 -5.679000000e-02
 Node:         45
  0.1261E+03  0.1221E+03  0.5198E+03 -0.1082E-04
  -5.551E-17
  -8.327E-17
  -2.776E-16
   2.776E-17
  -6.939E-18
   1.11E-16
  1.167000000e-16
  -3.339000000e-17
  -3.053000000e-16
  3.705000000e-16
  -7.399700000e-17
  1.746600000e-16
  1.854000000e-01 -5.643000000e-02 9.810000000e-01
  9.302000000e-01 -3.117000000e-01 -1.938000000e-01
  -3.167000000e-01 -9.485000000e-01 5.308000000e-03
 Node:         46
  0.1117E+03  0.1296E+03  0.4959E+03  0.0000E+00
  -5.551E-17
   2.776E-17
  -1.665E-16
   6.939E-18
  -2.602E-17
   0.0
  4.101000000e-18
  -4.897000000e-17
  -1.772000000e-16
  1.614500000e-16
  -7.402300000e-17
  7.610600000e-17
  4.856000000e-02 -1.429000000e-01 9.886000000e-01
  9.724000000e-01 2.327000000e-01 -1.414000000e-02
  -2.280000000e-01 9.620000000e-01 1.502000000e-01
 Node:         47
  0.1107E+03  0.1269E+03  0.5087E+03  0.0000E+00
  -1.665E-16
  -3.123E-17
   1.11E-16
  -2.776E-17
   3.99E-17
   0.0
  1.289000000e-16
  -1.114000000e-17
  -1.732000000e-16
  2.618600000e-16
  -1.848000000e-17
  1.234400000e-16
  -1.292000000e-01 9.390000000e-01 3.186000000e-01
  -1.008000000e-01 -3.321000000e-01 9.379000000e-01
  -9.865000000e-01 -8.906000000e-02 -1.376000000e-01
 Node:         48
  0.1125E+03  0.1242E+03  0.5208E+03  0.0000E+00
   1.11E-16
   3.469E-18
   1.11E-16
   0.0
  -1.735E-18
   1.11E-16
  1.149000000e-16
  1.110000000e-16
  1.071000000e-16
  6.755000000e-18
  1.110000000e-16
  3.184300000e-18
  -6.325000000e-01 -7.071000000e-01 3.162000000e-01
  4.472000000e-01 -4.455000000e-15 8.944000000e-01
  -6.325000000e-01 7.071000000e-01 3.162000000e-01
 Node:         49
  0.1186E+03  0.1311E+03  0.4938E+03  0.0000E+00
  -1.665E-16
  -2.082E-17
   0.0
  -4.163E-17
  -6.072E-18
  -5.551E-17
  2.581000000e-18
  -4.165000000e-17
  -1.830000000e-16
  1.678900000e-16
  -7.402300000e-17
  7.914600000e-17
  1.174000000e-01 -9.929000000e-01 1.965000000e-02
  -3.135000000e-01 -1.827000000e-02 9.494000000e-01
  -9.423000000e-01 -1.176000000e-01 -3.134000000e-01
 Node:         50
  0.1180E+03  0.1298E+03  0.5075E+03  0.0000E+00
   0.0
  -1.301E-17
   3.331E-16
  -4.163E-17
   1.247E-17
   2.22E-16
  3.354000000e-16
  2.276000000e-16
  -7.879000000e-18
  3.040700000e-16
  1.850400000e-16
  1.433400000e-16
  5.441000000e-02 -9.902000000e-01 -1.289000000e-01
  -1.707000000e-01 -1.364000000e-01 9.758000000e-01
  9.838000000e-01 3.109000000e-02 1.765000000e-01
 Node:         51
  0.1192E+03  0.1275E+03  0.5206E+03  0.0000E+00
   0.0
  -3.469E-18
  -5.551E-17
   0.0
   1.475E-17
   1.11E-16
  1.123000000e-16
  2.087000000e-19
  -5.702000000e-17
  1.491800000e-16
  1.849600000e-17
  7.032400000e-17
  -2.705000000e-03 8.758000000e-02 9.962000000e-01
  9.982000000e-01 -6.004000000e-02 7.989000000e-03
  -6.051000000e-02 -9.943000000e-01 8.725000000e-02
 Node:         52
  0.1262E+03  0.1305E+03  0.4920E+03  0.0000E+00
   1.11E-16
  -1.388E-17
   1.11E-16
   1.301E-18
   4.906E-18
   0.0
  1.250000000e-16
  9.734000000e-17
  -2.497000000e-19
  1.139700000e-16
  7.403000000e-17
  5.372400000e-17
  -7.047000000e-01 7.092000000e-01 2.051000000e-02
  7.093000000e-01 7.034000000e-01 4.493000000e-02
  -1.744000000e-02 -4.621000000e-02 9.988000000e-01
 Node:         53
  0.1258E+03  0.1304E+03  0.5063E+03  0.0000E+00
  -1.665E-16
  -1.735E-18
  -1.11E-16
   2.776E-17
   3.383E-17
  -2.22E-16
  -1.010000000e-16
  -1.572000000e-16
  -2.414000000e-16
  1.223900000e-16
  -1.665300000e-16
  5.769700000e-17
  9.684000000e-02 9.526000000e-01 2.883000000e-01
  -9.346000000e-01 1.866000000e-01 -3.027000000e-01
  -3.422000000e-01 -2.402000000e-01 9.084000000e-01
 Node:         54
  0.1265E+03  0.1288E+03  0.5200E+03  0.0000E+00
  -2.22E-16
   2.082E-17
   1.11E-16
   0.0
  -4.337E-18
   1.11E-16
  1.160000000e-16
  1.073000000e-16
  -2.233000000e-16
  3.350300000e-16
  0.000000000e+00
  1.579400000e-16
  -4.656000000e-02 -7.562000000e-01 6.527000000e-01
  -4.117000000e-02 -6.514000000e-01 -7.576000000e-01
  -9.981000000e-01 6.215000000e-02 8.061000000e-04
 Node:         55
  0.1383E+03  0.1167E+03  0.4548E+03 -0.7430E-02
  -0.09945
  -0.009465
   0.09129
   0.007966
   0.02342
   0.07405
  5.492200000e-02
  3.048900000e-02
  -5.528600000e-02
  9.827400000e-02
  1.004200000e-02
  4.632700000e-02
  7.318200000e-02 7.217800000e-01 4.590700000e-01
  -1.166700000e-01 5.934500000e-01 -8.593300000e-01
  -7.403700000e-01 -9.888300000e-02 1.201900000e-01
 Node:         56
  0.1315E+03  0.1156E+03  0.4696E+03 -0.7430E-02
  -0.1051
   0.01097
   0.04619
   0.03207
  -0.004255
   0.01071
  2.650500000e-02
  1.004200000e-02
  -6.124200000e-02
  8.033700000e-02
  -8.231700000e-03
  3.787100000e-02
  -1.684400000e-01 -9.613500000e-01 2.188600000e-02
  2.077800000e-01 6.281200000e-02 9.139200000e-01
  -9.699900000e-01 3.599900000e-02 3.225700000e-01
 Node:         57
  0.1285E+03  0.1140E+03  0.4824E+03 -0.7430E-02
  -0.02681
   0.01351
  -0.003762
   0.01035
  -0.007279
  -0.003489
  3.118700000e-03
  -2.116100000e-04
  -1.961500000e-02
  2.163200000e-02
  -5.569300000e-03
  1.019800000e-02
  -2.385700000e-01 -8.290300000e-01 5.348600000e-01
  5.137500000e-01 4.252300000e-01 8.252400000e-01
  -8.341900000e-01 3.723800000e-01 4.064800000e-01
 Node:         58
  0.1491E+03  0.1176E+03  0.4547E+03 -0.7430E-02
  -0.1137
  -0.04278
   0.1579
  -0.005536
   0.02133
   0.0421
  8.389300000e-02
  1.926100000e-02
  -6.394100000e-02
  1.270800000e-01
  1.307100000e-02
  5.990700000e-02
  2.967200000e-01 -1.127100000e+00 -1.869400000e-01
  -7.000900000e-02 -1.086500000e-01 1.028300000e+00
  -1.055000000e+00 -1.819500000e-01 8.230600000e-03
 Node:         59
  0.1423E+03  0.1167E+03  0.4703E+03 -0.7430E-02
  -0.1119
  -0.03128
   0.1081
   0.02075
   0.002252
  -0.01123
  5.869800000e-02
  -3.873600000e-03
  -6.238600000e-02
  1.040800000e-01
  -2.520500000e-03
  4.906400000e-02
  -2.168300000e-01 7.304800000e-01 6.427400000e-02
  1.616000000e-01 4.409100000e-02 1.055000000e+00
  -8.428800000e-01 -1.593700000e-01 1.147100000e-01
 Node:         60
  0.1375E+03  0.1150E+03  0.4833E+03 -0.7430E-02
  -0.02611
  -0.001567
   0.01319
   0.01298
  -0.005298
  -0.007772
  8.031300000e-03
  -1.545800000e-03
  -1.612000000e-02
  2.098800000e-02
  -3.211600000e-03
  9.893900000e-03
  -1.857900000e-01 1.042900000e+00 -2.132600000e-01
  -3.215900000e-01 -1.326300000e-01 -8.570600000e-01
  -8.868300000e-01 -8.167400000e-02 5.215100000e-01
 Node:         61
  0.1562E+03  0.1221E+03  0.4540E+03 -0.7430E-02
  -0.06963
  -0.04738
   0.111
  -0.0392
   0.05528
  -0.09417
  6.891300000e-02
  -3.508400000e-02
  -6.412100000e-02
  1.203900000e-01
  -1.009700000e-02
  5.675500000e-02
  -2.739000000e-01 5.562400000e-01 1.494300000e-01
  6.224200000e-01 3.071900000e-01 -2.893600000e-01
  2.830900000e-01 -5.231200000e-02 6.830400000e-01
 Node:         62
  0.1498E+03  0.1204E+03  0.4703E+03 -0.7430E-02
  -0.02591
  -0.0546
   0.09136
  -0.004766
   0.02201
  -0.1122
  5.795400000e-02
  -2.151600000e-02
  -5.937300000e-02
  1.034400000e-01
  -7.644900000e-03
  4.876300000e-02
  -2.422500000e-01 5.772300000e-01 7.032500000e-02
  8.500000000e-01 3.432200000e-01 5.774400000e-02
  -2.443700000e-02 -8.179600000e-02 3.855900000e-01
 Node:         63
  0.1437E+03  0.1181E+03  0.4839E+03 -0.7430E-02
   0.007677
  -0.01293
   0.01365
   0.006539
  -0.007227
  -0.02253
  1.343200000e-02
  -1.134300000e-03
  -1.209000000e-02
  2.190900000e-02
  6.934100000e-05
  1.032800000e-02
  -2.318100000e-01 2.859000000e-01 -9.701500000e-02
  7.446900000e-01 6.462200000e-01 -1.989500000e-03
  8.329200000e-02 -4.220300000e-02 -4.358600000e-01
 Node:         64
  0.1417E+03  0.1252E+03  0.4530E+03 -0.7430E-02
  -0.06427
   0.02267
   0.07434
  -0.0205
   0.01461
  -0.004195
  3.988300000e-02
  -2.092000000e-04
  -3.797600000e-02
  6.741300000e-02
  5.658000000e-04
  3.177900000e-02
  1.119600000e-01 1.172900000e+00 1.433600000e-01
  4.272100000e-01 1.047100000e-01 -1.149400000e+00
  -9.387600000e-01 1.759000000e-01 -3.362400000e-01
 Node:         65
  0.1344E+03  0.1229E+03  0.4687E+03 -0.7430E-02
  -0.06057
   0.01235
   0.06499
  -0.002896
   0.005185
  -0.004611
  3.414200000e-02
  -3.194800000e-03
  -3.104800000e-02
  5.651200000e-02
  -3.334700000e-05
  2.664000000e-02
  2.889000000e-03 -8.436700000e-01 -5.995800000e-02
  -1.033100000e-01 -9.619500000e-02 7.393000000e-01
  -9.780000000e-01 3.396800000e-02 -2.426600000e-01
 Node:         66
  0.1299E+03  0.1214E+03  0.4825E+03 -0.7430E-02
  -0.009089
   0.001952
   0.009168
   0.004627
  -0.003497
  -0.002659
  5.290800000e-03
  -5.647600000e-04
  -5.674800000e-03
  9.501900000e-03
  -3.162500000e-04
  4.479200000e-03
  -3.919100000e-02 -6.369600000e-01 1.544200000e-01
  2.639300000e-01 1.031700000e-01 5.966100000e-01
  8.021900000e-01 -1.318100000e-01 -5.099300000e-01
 Node:         67
  0.1506E+03  0.1243E+03  0.4531E+03 -0.7430E-02
  -0.07247
  -0.0224
   0.06974
  -0.01639
   0.01114
   0.04401
  3.815700000e-02
  1.990500000e-02
  -4.142200000e-02
  6.945600000e-02
  5.546700000e-03
  3.274200000e-02
  -4.261000000e-02 1.642300000e-01 -1.676800000e-02
  -1.159200000e-01 -2.683100000e-01 1.037800000e+00
  -1.048500000e+00 -1.662100000e-01 -1.774600000e-02
 Node:         68
  0.1437E+03  0.1224E+03  0.4693E+03 -0.7430E-02
  -0.06239
  -0.03996
   0.07185
  -0.003546
   0.01113
   0.02001
  4.321900000e-02
  7.651300000e-03
  -3.714100000e-02
  6.903200000e-02
  4.576200000e-03
  3.254200000e-02
  1.744200000e-02 -4.902600000e-01 -6.649300000e-02
  4.428900000e-02 -1.082000000e-01 1.021500000e+00
  -7.356300000e-01 -2.074000000e-01 -2.719300000e-03
 Node:         69
  0.1380E+03  0.1205E+03  0.4831E+03 -0.7430E-02
  -0.008061
  -0.01089
   0.01831
   0.00318
   7.713E-4
  -7.086E-4
  1.138800000e-02
  -1.259700000e-04
  -6.116700000e-03
  1.536300000e-02
  1.715100000e-03
  7.242400000e-03
  -3.623400000e-01 9.207800000e-01 2.950800000e-02
  1.786200000e-01 1.407500000e-02 1.109100000e+00
  9.815400000e-01 3.812700000e-01 -1.740000000e-01
 Node:         70
  0.1564E+03  0.1241E+03  0.4535E+03 -0.7430E-02
  -0.06457
  -0.02674
   0.00272
  -0.03947
   0.02536
   0.1055
  5.795000000e-02
  2.775700000e-03
  -4.288400000e-02
  8.794300000e-02
  5.947300000e-03
  4.145700000e-02
  6.145700000e-02 -1.316700000e-01 -4.631200000e-03
  2.410900000e-01 -9.213200000e-01 3.315600000e-01
  3.917200000e-02 4.740400000e-02 9.289700000e-02
 Node:         71
  0.1500E+03  0.1223E+03  0.4700E+03 -0.7430E-02
  -0.04323
  -0.06072
   0.04656
  -0.03221
   0.0328
   0.03729
  5.302800000e-02
  4.456300000e-03
  -3.826900000e-02
  7.885800000e-02
  6.405000000e-03
  3.717400000e-02
  -3.739700000e-01 5.996600000e-01 4.466000000e-01
  8.641400000e-03 -7.473100000e-01 9.488200000e-01
  9.547100000e-01 4.644800000e-01 2.171600000e-01
 Node:         72
  0.1435E+03  0.1199E+03  0.4838E+03 -0.7430E-02
  -0.002611
  -0.0206
   0.01745
  -0.001982
   0.005306
   5.773E-4
  1.595500000e-02
  -2.139500000e-04
  -7.623300000e-03
  2.081500000e-02
  2.705700000e-03
  9.812300000e-03
  -5.419600000e-01 8.040500000e-01 2.130700000e-01
  1.527300000e-01 -1.495800000e-01 1.041900000e+00
  9.202100000e-01 5.699300000e-01 1.047800000e-01
 Node:         73
  0.1452E+03  0.1339E+03  0.4524E+03  0.0000E+00
   0.01591
  -0.01695
  -0.05493
   0.009216
  -0.01062
   0.05394
  2.983800000e-02
  7.631200000e-03
  -3.025300000e-02
  5.259300000e-02
  2.405400000e-03
  2.479300000e-02
  1.115100000e-02 -3.665400000e-02 4.573400000e-01
  1.934800000e-01 -7.670100000e-02 -3.747600000e-01
  -7.444400000e-02 -3.145000000e-01 -5.496400000e-02
 Node:         74
  0.1372E+03  0.1304E+03  0.4684E+03  0.0000E+00
   0.04576
  -0.02498
  -0.03291
   0.001858
  -0.01617
   0.0284
  2.758000000e-02
  1.546900000e-02
  -2.173800000e-02
  4.458200000e-02
  7.103800000e-03
  2.101600000e-02
  6.012600000e-01 -2.092100000e-01 1.413600000e-01
  -2.692900000e-01 -1.221100000e-01 1.003400000e+00
  -1.786300000e-01 -5.359400000e-01 -1.563800000e-01
 Node:         75
  0.1314E+03  0.1289E+03  0.4826E+03  0.0000E+00
   0.01408
  -0.01001
  -0.005571
  -0.005114
  -0.002948
   0.001209
  9.700600000e-03
  1.125500000e-03
  -5.597500000e-03
  1.321700000e-02
  1.742900000e-03
  6.230600000e-03
  -9.200400000e-01 2.935100000e-01 2.151500000e-01
  6.126000000e-02 -4.269900000e-01 8.952300000e-01
  3.641300000e-01 8.931700000e-01 3.784400000e-01
 Node:         76
  0.1520E+03  0.1311E+03  0.4523E+03  0.0000E+00
   0.02007
  -0.0233
  -0.08048
  -9.644E-4
   0.0224
   0.08208
  4.459700000e-02
  1.049700000e-02
  -4.464700000e-02
  7.831800000e-02
  3.482500000e-03
  3.692000000e-02
  -3.632800000e-02 -1.037100000e-02 3.100600000e-03
  1.073800000e+00 -1.961900000e-01 1.631700000e-01
  1.330200000e-01 6.621800000e-01 -1.042400000e-01
 Node:         77
  0.1450E+03  0.1283E+03  0.4687E+03  0.0000E+00
   0.07404
  -0.01186
  -0.04694
  -0.00652
   0.01519
   0.0294
  3.857100000e-02
  1.585600000e-02
  -2.531100000e-02
  5.651000000e-02
  9.705000000e-03
  2.663900000e-02
  -9.741300000e-01 8.112700000e-02 1.807100000e-01
  1.927800000e-01 1.467100000e-01 9.674900000e-01
  -9.843600000e-03 -1.923900000e-01 3.363300000e-02
 Node:         78
  0.1385E+03  0.1261E+03  0.4829E+03  0.0000E+00
   0.03069
  -0.001799
  -0.004763
  -0.00476
  -8.815E-4
   3.726E-4
  1.597300000e-02
  -9.758600000e-05
  -2.446600000e-03
  1.736800000e-02
  4.476400000e-03
  8.187100000e-03
  -9.811100000e-01 1.338700000e-02 1.598900000e-01
  8.903900000e-02 -2.145500000e-01 3.979900000e-01
  -7.949400000e-02 -3.786100000e-01 -1.722800000e-01
 Node:         79
  0.1565E+03  0.1262E+03  0.4531E+03  0.0000E+00
   0.02742
   0.05281
   0.1117
   0.0179
  -0.004842
  -0.2962
  6.445600000e-02
  7.172300000e-03
  -1.438500000e-01
  1.850200000e-01
  -2.407400000e-02
  8.721900000e-02
  4.739700000e-01 8.624800000e-01 -2.466900000e-02
  2.665100000e-01 -1.801200000e-01 1.529500000e-01
  -8.792600000e-02 -1.632200000e-01 9.308600000e-01
 Node:         80
  0.1501E+03  0.1242E+03  0.4698E+03  0.0000E+00
   0.07991
   0.03807
   0.05431
   0.01005
  -0.005868
  -0.2474
  5.276000000e-02
  1.781200000e-02
  -1.195500000e-01
  1.536000000e-01
  -1.632700000e-02
  7.240800000e-02
  9.897700000e-01 5.411100000e-01 -4.255600000e-03
  -5.115900000e-01 7.806700000e-01 3.727400000e-02
  -1.390100000e-02 -4.359300000e-02 9.177600000e-01
 Node:         81
  0.1434E+03  0.1217E+03  0.4837E+03  0.0000E+00
   0.03303
   0.005498
   0.003287
  -0.004866
  -0.00104
  -0.03567
  1.764500000e-02
  1.465900000e-03
  -1.706600000e-02
  2.955300000e-02
  6.816200000e-04
  1.393100000e-02
  -9.727900000e-01 -1.934700000e-01 6.577700000e-02
  -2.085400000e-01 9.129000000e-01 3.923700000e-02
  9.874300000e-02 -2.582000000e-02 9.330700000e-01
 Node:         82
  0.1267E+03  0.1149E+03  0.4578E+03 -0.4886E-01
  -0.04403
  -0.003011
   0.03156
   0.01054
   0.02503
   0.01132
  2.504200000e-02
  -1.828600000e-03
  -2.384300000e-02
  4.233800000e-02
  -2.096200000e-04
  1.995800000e-02
  1.000500000e-02 8.061800000e-01 5.374900000e-01
  -3.104500000e-01 5.196300000e-01 -7.595100000e-01
  6.526800000e-01 2.391000000e-01 -1.365700000e-01
 Node:         83
  0.1234E+03  0.1130E+03  0.4727E+03 -0.4886E-01
  -0.04644
   0.006782
   0.01489
   0.04332
   0.009801
  -0.02726
  1.363700000e-02
  -2.719700000e-04
  -4.293400000e-02
  5.132600000e-02
  -9.856300000e-03
  2.419500000e-02
  2.979600000e-01 7.308500000e-01 5.092700000e-01
  -4.260100000e-01 5.012400000e-01 -4.461000000e-01
  -6.261600000e-01 1.311600000e-01 6.251400000e-01
 Node:         84
  0.1187E+03  0.1123E+03  0.4850E+03 -0.4886E-01
  -0.006506
   0.001622
   0.001096
   0.01614
  -6.426E-4
  -0.02789
  2.288700000e-03
  3.079500000e-04
  -1.917600000e-02
  2.084200000e-02
  -5.526300000e-03
  9.825100000e-03
  -8.266400000e-01 -6.148700000e-01 -3.042600000e-01
  4.312600000e-01 -8.144900000e-01 2.398800000e-01
  3.951600000e-01 -8.167100000e-02 -8.904300000e-01
 Node:         85
  0.1303E+03  0.1162E+03  0.4566E+03 -0.4886E-01
  -0.045
   4.403E-5
   0.03883
   0.0147
   0.03529
   0.02029
  3.522100000e-02
  -2.396700000e-03
  -2.608800000e-02
  5.352000000e-02
  2.245400000e-03
  2.523000000e-02
  1.173900000e-02 4.879300000e-01 4.190500000e-01
  -2.527200000e-01 4.884600000e-01 -6.591900000e-01
  6.605000000e-02 2.169600000e-01 -5.247700000e-02
 Node:         86
  0.1252E+03  0.1139E+03  0.4711E+03 -0.4886E-01
  -0.0215
   0.03209
   0.06063
   0.08234
   0.03164
  -0.01274
  5.438500000e-02
  1.216900000e-02
  -5.465400000e-02
  9.472200000e-02
  3.966400000e-03
  4.465200000e-02
  -4.911200000e-01 -6.826800000e-01 -5.027800000e-01
  5.094600000e-01 -6.579000000e-01 4.408800000e-01
  7.914400000e-01 2.893200000e-02 -5.708800000e-01
 Node:         87
  0.1217E+03  0.1126E+03  0.4834E+03 -0.4886E-01
  -0.01275
   0.001127
   0.002483
   0.02103
  -0.003483
  -0.02604
  3.072400000e-03
  7.769400000e-04
  -2.186100000e-02
  2.434700000e-02
  -6.003900000e-03
  1.147700000e-02
  -5.697300000e-01 7.221800000e-01 -3.373800000e-01
  6.209100000e-01 5.555000000e-01 3.585200000e-01
  6.116000000e-01 -6.368200000e-02 -7.253600000e-01
 Node:         88
  0.1338E+03  0.1169E+03  0.4550E+03 -0.4886E-01
  -0.06936
  -0.005912
   0.02814
   0.01153
   0.0424
   0.05443
  4.456800000e-02
  -1.429000000e-03
  -3.752000000e-02
  7.153800000e-02
  1.872900000e-03
  3.372300000e-02
  -4.030700000e-02 5.735900000e-01 7.490400000e-01
  -2.337400000e-01 9.187200000e-01 -7.644400000e-01
  7.640400000e-01 1.437000000e-01 -1.668500000e-03
 Node:         89
  0.1270E+03  0.1150E+03  0.4695E+03 -0.4886E-01
  -0.0833
   0.01542
   0.01547
   0.03803
   0.01024
  -0.007313
  1.722500000e-02
  -1.598200000e-03
  -5.328900000e-02
  6.376800000e-02
  -1.255400000e-02
  3.006100000e-02
  2.046100000e-01 6.697200000e-01 4.884900000e-01
  -2.105100000e-01 4.571500000e-01 -5.791700000e-01
  -8.575500000e-01 1.406300000e-01 4.090600000e-01
 Node:         90
  0.1248E+03  0.1132E+03  0.4822E+03 -0.4886E-01
  -0.0225
   0.01319
  -0.006218
   0.01152
  -0.006424
  -0.006617
  1.600000000e-03
  -3.064700000e-04
  -1.871600000e-02
  1.985400000e-02
  -5.807400000e-03
  9.359200000e-03
  4.651400000e-01 1.076300000e+00 -5.158200000e-02
  3.133900000e-01 -2.356900000e-01 8.310100000e-01
  -7.104300000e-01 4.764800000e-01 3.963800000e-01
 Node:         91
  0.1262E+03  0.1267E+03  0.4556E+03 -0.4886E-01
  -0.03223
   0.03534
   0.06182
  -0.001033
   0.03383
   0.008175
  4.365300000e-02
  -1.414400000e-03
  -2.482900000e-02
  6.032800000e-02
  5.803200000e-03
  2.843900000e-02
  -2.103800000e-01 -4.525700000e-01 -2.220000000e-01
  -3.356600000e-01 -2.588100000e-01 8.679800000e-01
  -7.699300000e-01 2.161000000e-01 -2.123100000e-01
 Node:         92
  0.1211E+03  0.1237E+03  0.4729E+03 -0.4886E-01
  -0.05083
   0.01198
   0.03982
   0.01217
   0.02371
   0.02101
  3.068500000e-02
  2.323600000e-03
  -2.837900000e-02
  5.113600000e-02
  1.543200000e-03
  2.410600000e-02
  -2.054000000e-01 -6.724000000e-01 -4.472200000e-01
  6.147000000e-02 -5.204700000e-01 7.266300000e-01
  -8.931700000e-01 1.320200000e-01 1.688300000e-01
 Node:         93
  0.1160E+03  0.1217E+03  0.4877E+03 -0.4886E-01
  -0.009236
  -0.002576
   0.003572
   0.009502
   0.007586
  -0.004993
  4.871400000e-03
  -1.478500000e-04
  -9.850600000e-03
  1.297700000e-02
  -1.709000000e-03
  6.117200000e-03
  1.912300000e-01 6.134200000e-01 4.452200000e-01
  -5.775000000e-01 4.639500000e-01 -4.542000000e-01
  -7.039100000e-01 -3.470600000e-01 4.184500000e-01
 Node:         94
  0.1317E+03  0.1268E+03  0.4547E+03 -0.4886E-01
  -0.03819
   0.03412
   0.06884
  -0.01661
   0.03335
   0.03323
  4.640800000e-02
  1.291100000e-02
  -2.941100000e-02
  6.586100000e-02
  9.969300000e-03
  3.104700000e-02
  9.272000000e-02 1.242200000e+00 4.736400000e-01
  4.007700000e-01 3.936100000e-01 -9.821500000e-01
  8.959000000e-01 -3.292900000e-01 2.749600000e-01
 Node:         95
  0.1252E+03  0.1238E+03  0.4710E+03 -0.4886E-01
  -0.07327
   0.008189
   0.04386
   0.007455
   0.01614
   0.04853
  3.282700000e-02
  1.573000000e-02
  -3.956700000e-02
  6.539400000e-02
  2.996700000e-03
  3.082700000e-02
  -4.707400000e-02 8.779100000e-01 7.903600000e-01
