 Group name: predicted_strain_L4A4
 #Fields=  17
 1) coordinates, coordinate, rectangular cartesian, #Components=3
   x.  Value index= 1, #Derivatives=0
   y.  Value index= 2, #Derivatives=0
   z.  Value index= 3, #Derivatives=0
 2) dummy, field, rectangular cartesian, #Components=1
   Tensor_1.  Value index= 4, #Derivatives=0
 3) Tensor_1, field, rectangular cartesian, #Components=1
   Tensor_1.  Value index= 5, #Derivatives=0
 4) Tensor_2, field, rectangular cartesian, #Components=1
   Tensor_2.  Value index= 6, #Derivatives=0
 5) Tensor_3, field, rectangular cartesian, #Components=1
   Tensor_3.  Value index= 7, #Derivatives=0
 6) Tensor_4, field, rectangular cartesian, #Components=1
   Tensor_4.  Value index= 8, #Derivatives=0
 7) Tensor_5, field, rectangular cartesian, #Components=1
   Tensor_5.  Value index= 9, #Derivatives=0
 8) Tensor_6, field, rectangular cartesian, #Components=1
   Tensor_6.  Value index= 10, #Derivatives=0
 9) Principal_1, field, rectangular cartesian, #Components=1
   Principal_1.  Value index= 11, #Derivatives=0
 10) Principal_2, field, rectangular cartesian, #Components=1
   Principal_2.  Value index= 12, #Derivatives=0
 11) Principal_3, field, rectangular cartesian, #Components=1
   Principal_3.  Value index= 13, #Derivatives=0
 12) VonMises, field, rectangular cartesian, #Components=1
   VonMises.  Value index= 14, #Derivatives=0
 13) Hydrostatic, field, rectangular cartesian, #Components=1
   VonMises.  Value index= 15, #Derivatives=0
 14) Octahedral, field, rectangular cartesian, #Components=1
   VonMises.  Value index= 16, #Derivatives=0
 15) PrincipalVector1, field, rectangular cartesian, #Components=3
   x.  Value index= 17, #Derivatives=0
   y.  Value index= 18, #Derivatives=0
   z.  Value index= 19, #Derivatives=0
 16) PrincipalVector2, field, rectangular cartesian, #Components=3
   x.  Value index= 20, #Derivatives=0
   y.  Value index= 21, #Derivatives=0
   z.  Value index= 22, #Derivatives=0
 17) PrincipalVector3, field, rectangular cartesian, #Components=3
   x.  Value index= 23, #Derivatives=0
   y.  Value index= 24, #Derivatives=0
   z.  Value index= 25, #Derivatives=0
 Node:          1
  0.1287E+03  0.1133E+03  0.4908E+03 -0.3079E-04
  -1.11E-16
  -8.327E-17
  -2.22E-16
  -2.776E-17
  -4.163E-17
  -3.331E-16
  -6.637000000e-17
  -2.400000000e-16
  -3.598000000e-16
  2.555400000e-16
  -2.220600000e-16
  1.204600000e-16
  8.837000000e-01 -4.676000000e-01 -1.897000000e-02
  4.046000000e-01 7.837000000e-01 -4.712000000e-01
  2.352000000e-01 4.088000000e-01 8.818000000e-01
 Node:          2
  0.1292E+03  0.1137E+03  0.5052E+03 -0.3079E-04
  -5.551E-17
  -1.11E-16
  -1.665E-16
  -5.551E-17
   1.943E-16
  -2.776E-16
  8.603000000e-17
  -1.600000000e-16
  -4.256000000e-16
  4.431900000e-16
  -1.665200000e-16
  2.089200000e-16
  -6.554000000e-01 6.199000000e-01 4.313000000e-01
  7.522000000e-01 4.849000000e-01 4.462000000e-01
  -6.744000000e-02 -6.169000000e-01 7.841000000e-01
 Node:          3
  0.1289E+03  0.1155E+03  0.5194E+03 -0.3079E-04
   2.22E-16
   1.388E-16
   3.331E-16
   1.11E-16
   5.551E-17
   2.22E-16
  4.753000000e-16
  2.118000000e-16
  9.006000000e-17
  3.410700000e-16
  2.590500000e-16
  1.607800000e-16
  -5.696000000e-01 -7.144000000e-01 -4.063000000e-01
  2.395000000e-01 -6.172000000e-01 7.494000000e-01
  -7.862000000e-01 3.296000000e-01 5.227000000e-01
 Node:          4
  0.1361E+03  0.1141E+03  0.4915E+03 -0.3079E-04
   0.0
  -2.776E-17
  -1.11E-16
  -2.776E-17
  -8.327E-17
   2.22E-16
  2.435000000e-16
  6.328000000e-18
  -1.388000000e-16
  3.342600000e-16
  3.700900000e-17
  1.575700000e-16
  -8.549000000e-02 -2.215000000e-01 9.714000000e-01
  9.681000000e-01 -2.491000000e-01 2.840000000e-02
  2.357000000e-01 9.428000000e-01 2.357000000e-01
 Node:          5
  0.1341E+03  0.1144E+03  0.5054E+03 -0.3079E-04
   3.331E-16
   1.388E-16
   3.331E-16
   5.551E-17
  -6.939E-17
   4.441E-16
  4.814000000e-16
  4.627000000e-16
  1.662000000e-16
  3.062800000e-16
  3.701000000e-16
  1.443800000e-16
  -3.480000000e-01 -6.443000000e-01 6.810000000e-01
  -6.589000000e-01 -3.487000000e-01 -6.665000000e-01
  6.669000000e-01 -6.807000000e-01 -3.032000000e-01
 Node:          6
  0.1323E+03  0.1162E+03  0.5191E+03 -0.3079E-04
   2.22E-16
   5.551E-17
   2.22E-16
  -5.551E-17
  -2.776E-17
   0.0
  2.897000000e-16
  1.685000000e-16
  -1.402000000e-17
  2.648100000e-16
  1.480600000e-16
  1.248300000e-16
  -7.150000000e-01 -6.696000000e-01 2.012000000e-01
  6.656000000e-01 -7.399000000e-01 -9.741000000e-02
  -2.141000000e-01 -6.426000000e-02 -9.747000000e-01
 Node:          7
  0.1408E+03  0.1171E+03  0.4920E+03 -0.3079E-04
   3.331E-16
   2.22E-16
   2.22E-16
  -8.327E-17
  -1.11E-16
   0.0
  5.398000000e-16
  6.158000000e-17
  -4.631000000e-17
  5.403100000e-16
  1.850200000e-16
  2.547000000e-16
  -7.537000000e-01 -6.111000000e-01 2.419000000e-01
  -6.560000000e-01 6.770000000e-01 -3.335000000e-01
  -4.004000000e-02 4.101000000e-01 9.112000000e-01
 Node:          8
  0.1367E+03  0.1169E+03  0.5055E+03 -0.3079E-04
   2.22E-16
   1.943E-16
   2.22E-16
  -4.025E-16
  -2.359E-16
  -2.22E-16
  6.547000000e-16
  4.477000000e-17
  -4.775000000e-16
  9.814900000e-16
  7.399000000e-17
  4.626800000e-16
  -6.847000000e-01 -5.611000000e-01 4.652000000e-01
  5.685000000e-01 -8.105000000e-01 -1.409000000e-01
  -4.561000000e-01 -1.681000000e-01 -8.739000000e-01
 Node:          9
  0.1339E+03  0.1180E+03  0.5191E+03 -0.3079E-04
   2.22E-16
   1.665E-16
   0.0
  -3.955E-16
  -2.776E-16
   6.661E-16
  1.002000000e-15
  -9.379000000e-18
  -1.046000000e-16
  1.062200000e-15
  2.960100000e-16
  5.007200000e-16
  -4.817000000e-01 -3.073000000e-01 8.207000000e-01
  -8.565000000e-01 -3.292000000e-02 -5.150000000e-01
  -1.853000000e-01 9.510000000e-01 2.474000000e-01
 Node:         10
  0.1294E+03  0.1212E+03  0.4911E+03 -0.3079E-04
   0.0
   2.776E-17
   1.11E-16
  -1.388E-17
   1.249E-16
   1.11E-16
  2.363000000e-16
  2.303000000e-17
  -3.732000000e-17
  2.489900000e-16
  7.400300000e-17
  1.173800000e-16
  4.210000000e-02 7.100000000e-01 7.030000000e-01
  -7.813000000e-01 -4.152000000e-01 4.661000000e-01
  -6.228000000e-01 5.688000000e-01 -5.372000000e-01
 Node:         11
  0.1295E+03  0.1214E+03  0.5055E+03 -0.3079E-04
  -2.22E-16
  -2.776E-17
  -2.22E-16
  -4.163E-17
   1.388E-17
  -1.665E-16
  -1.365000000e-16
  -2.183000000e-16
  -2.558000000e-16
  1.056600000e-16
  -2.035300000e-16
  4.981100000e-17
  -4.935000000e-01 2.929000000e-01 8.189000000e-01
  3.541000000e-01 -7.924000000e-01 4.968000000e-01
  -7.944000000e-01 -5.351000000e-01 -2.873000000e-01
 Node:         12
  0.1295E+03  0.1217E+03  0.5196E+03 -0.3079E-04
   1.11E-16
   0.0
   1.11E-16
   7.633E-17
   2.776E-17
   2.22E-16
  2.649000000e-16
  1.110000000e-16
  6.816000000e-17
  1.792000000e-16
  1.480200000e-16
  8.447700000e-17
  -4.387000000e-01 -1.595000000e-01 -8.844000000e-01
  3.417000000e-01 -9.398000000e-01 -2.255000000e-17
  8.311000000e-01 3.022000000e-01 -4.668000000e-01
 Node:         13
  0.1361E+03  0.1199E+03  0.4914E+03 -0.3079E-04
   1.11E-16
  -1.388E-16
   0.0
  -9.714E-17
   2.776E-17
  -1.665E-16
  2.285000000e-16
  -8.520000000e-17
  -1.988000000e-16
  3.833400000e-16
  -1.850000000e-17
  1.807100000e-16
  8.171000000e-01 -5.252000000e-01 -2.378000000e-01
  4.648000000e-01 8.442000000e-01 -2.671000000e-01
  3.410000000e-01 1.077000000e-01 9.339000000e-01
 Node:         14
  0.1342E+03  0.1198E+03  0.5054E+03 -0.3079E-04
  -5.551E-17
   2.776E-17
   0.0
   5.551E-17
  -9.021E-17
   1.11E-16
  1.672000000e-16
  -4.940000000e-18
  -1.068000000e-16
  2.398800000e-16
  1.848700000e-17
  1.130800000e-16
  1.634000000e-01 -4.472000000e-01 8.794000000e-01
  -6.569000000e-01 -7.144000000e-01 -2.412000000e-01
  -7.361000000e-01 5.382000000e-01 4.105000000e-01
 Node:         15
  0.1330E+03  0.1205E+03  0.5193E+03 -0.3079E-04
   2.22E-16
  -8.327E-17
  -5.551E-17
   1.388E-17
   4.857E-17
   0.0
  2.451000000e-16
  2.471000000e-17
  -1.033000000e-16
  3.052400000e-16
  5.550300000e-17
  1.438900000e-16
  -9.638000000e-01 2.667000000e-01 -1.723000000e-03
  1.157000000e-01 4.239000000e-01 8.983000000e-01
  2.403000000e-01 8.656000000e-01 -4.394000000e-01
 Node:         16
  0.1404E+03  0.1188E+03  0.4918E+03 -0.3079E-04
   2.22E-16
   5.551E-17
   2.22E-16
  -8.327E-17
  -1.457E-16
   4.441E-16
  5.466000000e-16
  1.950000000e-16
  1.465000000e-16
  3.781900000e-16
  2.960300000e-16
  1.782800000e-16
  -2.927000000e-01 -4.328000000e-01 8.526000000e-01
  -9.222000000e-01 -1.077000000e-01 -3.713000000e-01
  -2.526000000e-01 8.950000000e-01 3.676000000e-01
 Node:         17
  0.1365E+03  0.1184E+03  0.5055E+03 -0.3079E-04
  -1.11E-16
   2.776E-17
  -1.11E-16
   9.714E-17
   1.7E-16
   0.0
  1.573000000e-16
  -1.341000000e-16
  -2.452000000e-16
  3.600400000e-16
  -7.400000000e-17
  1.697300000e-16
  3.368000000e-01 5.285000000e-01 7.792000000e-01
  8.927000000e-01 -4.425000000e-01 -8.566000000e-02
  -2.996000000e-01 -7.244000000e-01 6.209000000e-01
 Node:         18
  0.1341E+03  0.1191E+03  0.5192E+03 -0.3079E-04
   0.0
   0.0
   0.0
   2.645E-17
   1.065E-16
   4.441E-16
  4.697000000e-16
  -1.672000000e-33
  -2.562000000e-17
  4.830200000e-16
  1.480300000e-16
  2.277000000e-16
  -5.484000000e-02 -2.207000000e-01 -9.738000000e-01
  9.705000000e-01 -2.411000000e-01 -6.210000000e-17
  -2.348000000e-01 -9.451000000e-01 2.274000000e-01
 Node:         19
  0.1301E+03  0.1291E+03  0.4914E+03  0.0000E+00
   1.11E-16
   0.0
   1.11E-16
   2.101E-19
   1.001E-17
  -2.22E-16
  1.113000000e-16
  1.110000000e-16
  -2.223000000e-16
  3.334500000e-16
  0.000000000e+00
  1.571900000e-16
  -2.096000000e-02 -9.993000000e-01 -3.003000000e-02
  9.998000000e-01 -2.097000000e-02 1.345000000e-19
  6.298000000e-04 3.003000000e-02 -9.995000000e-01
 Node:         20
  0.1299E+03  0.1291E+03  0.5058E+03  0.0000E+00
   2.22E-16
   0.0
   0.0
   1.041E-17
   1.924E-17
  -5.551E-17
  2.224000000e-16
  5.975000000e-18
  -6.188000000e-17
  2.571600000e-16
  5.549800000e-17
  1.212200000e-16
  -9.993000000e-01 -3.257000000e-03 -3.765000000e-02
  1.428000000e-02 -9.549000000e-01 -2.965000000e-01
  -3.498000000e-02 -2.968000000e-01 9.543000000e-01
 Node:         21
  0.1301E+03  0.1280E+03  0.5197E+03  0.0000E+00
   1.11E-16
   0.0
   0.0
   4.163E-17
   1.475E-17
   1.11E-16
  1.534000000e-16
  7.089000000e-17
  -2.220000000e-18
  1.348500000e-16
  7.402300000e-17
  6.357000000e-17
  -6.994000000e-01 -6.840000000e-02 -7.114000000e-01
  -7.126000000e-01 1.429000000e-01 6.869000000e-01
  -5.465000000e-02 -9.874000000e-01 1.487000000e-01
 Node:         22
  0.1360E+03  0.1256E+03  0.4913E+03  0.0000E+00
  -2.22E-16
   1.388E-17
  -1.11E-16
  -1.388E-17
   1.006E-16
   1.11E-16
  1.500000000e-16
  -1.456000000e-16
  -2.264000000e-16
  3.432100000e-16
  -7.400000000e-17
  1.617900000e-16
  -2.144000000e-02 3.586000000e-01 9.332000000e-01
  2.280000000e-01 9.106000000e-01 -3.447000000e-01
  -9.734000000e-01 2.054000000e-01 -1.013000000e-01
 Node:         23
  0.1343E+03  0.1253E+03  0.5054E+03  0.0000E+00
   0.0
   2.082E-17
  -4.441E-16
   0.0
   1.314E-16
  -1.665E-16
  1.265000000e-18
  -1.147000000e-16
  -4.972000000e-16
  4.517900000e-16
  -2.035500000e-16
  2.129700000e-16
  9.970000000e-01 6.061000000e-02 4.746000000e-02
  6.644000000e-02 -3.661000000e-01 -9.282000000e-01
  3.888000000e-02 -9.286000000e-01 3.690000000e-01
 Node:         24
  0.1336E+03  0.1248E+03  0.5194E+03  0.0000E+00
  -2.22E-16
   1.214E-17
   0.0
   1.388E-17
   8.674E-19
  -1.665E-16
  6.779000000e-19
  -1.633000000e-16
  -2.259000000e-16
  2.026600000e-16
  -1.295100000e-16
  9.553700000e-17
  -5.504000000e-02 -9.984000000e-01 -9.747000000e-03
  2.257000000e-01 -2.195000000e-02 9.740000000e-01
  -9.726000000e-01 5.141000000e-02 2.265000000e-01
 Node:         25
  0.1400E+03  0.1206E+03  0.4917E+03  0.0000E+00
   0.0
   2.671E-16
  -1.11E-16
  -8.327E-17
  -1.301E-16
   2.22E-16
  3.681000000e-16
  7.580000000e-17
  -3.329000000e-16
  6.098700000e-16
  3.700000000e-17
  2.874900000e-16
  5.089000000e-01 4.781000000e-01 -7.159000000e-01
  6.086000000e-01 3.883000000e-01 6.920000000e-01
  6.088000000e-01 -7.878000000e-01 -9.334000000e-02
 Node:         26
  0.1363E+03  0.1200E+03  0.5055E+03  0.0000E+00
   2.22E-16
   1.076E-16
  -6.106E-16
   2.776E-17
  -1.124E-15
  -5.551E-17
  8.281000000e-16
  2.248000000e-16
  -1.497000000e-15
  2.089800000e-15
  -1.480300000e-16
  9.851500000e-16
  7.371000000e-02 6.174000000e-01 -7.832000000e-01
  9.955000000e-01 1.018000000e-03 9.449000000e-02
  -5.914000000e-02 7.866000000e-01 6.146000000e-01
 Node:         27
  0.1343E+03  0.1203E+03  0.5192E+03  0.0000E+00
   2.22E-16
  -1.943E-16
   2.22E-16
  -1.041E-16
   1.313E-15
   0.0
  1.466000000e-15
  1.875000000e-16
  -1.209000000e-15
  2.317400000e-15
  1.481700000e-16
  1.092400000e-15
  -1.693000000e-01 7.280000000e-01 6.643000000e-01
  9.848000000e-01 9.849000000e-02 1.431000000e-01
  3.876000000e-02 6.785000000e-01 -7.336000000e-01
 Node:         28
  0.1155E+03  0.1124E+03  0.4931E+03 -0.1820E-03
  -2.22E-16
   3.816E-17
   2.22E-16
  -5.551E-17
   5.551E-17
   1.11E-16
  2.455000000e-16
  1.014000000e-16
  -2.359000000e-16
  4.279500000e-16
  3.700000000e-17
  2.017400000e-16
  3.184000000e-02 9.284000000e-01 3.701000000e-01
  1.988000000e-01 3.571000000e-01 -9.127000000e-01
  9.795000000e-01 -1.026000000e-01 1.732000000e-01
 Node:         29
  0.1119E+03  0.1139E+03  0.5068E+03 -0.1820E-03
  -2.22E-16
  -2.082E-17
   0.0
   5.551E-17
   6.939E-18
  -3.331E-16
  1.944000000e-18
  -2.004000000e-16
  -3.566000000e-16
  3.113600000e-16
  -1.850200000e-16
  1.467800000e-16
  -9.118000000e-02 9.958000000e-01 5.517000000e-03
  -9.179000000e-01 -8.189000000e-02 -3.884000000e-01
  -3.863000000e-01 -4.048000000e-02 9.215000000e-01
 Node:         30
  0.1113E+03  0.1159E+03  0.5206E+03 -0.1820E-03
   2.22E-16
   1.249E-16
   2.22E-16
   0.0
  -2.776E-17
   1.11E-16
  3.486000000e-16
  1.238000000e-16
  8.277000000e-17
  2.478800000e-16
  1.850600000e-16
  1.168500000e-16
  -7.001000000e-01 -7.092000000e-01 8.287000000e-02
  -4.685000000e-01 3.686000000e-01 -8.029000000e-01
  -5.389000000e-01 6.009000000e-01 5.903000000e-01
 Node:         31
  0.1203E+03  0.1126E+03  0.4920E+03 -0.1820E-03
  -5.551E-17
   9.714E-17
  -1.11E-16
   2.776E-17
   4.163E-17
  -5.551E-17
  4.114000000e-17
  -7.661000000e-17
  -1.866000000e-16
  1.972700000e-16
  -7.402300000e-17
  9.299200000e-17
  -6.956000000e-01 -5.654000000e-01 -4.433000000e-01
  4.358000000e-01 1.585000000e-01 -8.860000000e-01
  5.712000000e-01 -8.095000000e-01 1.362000000e-01
 Node:         32
  0.1188E+03  0.1134E+03  0.5062E+03 -0.1820E-03
   2.22E-16
  -1.388E-17
  -1.11E-16
  -2.776E-17
   9.714E-17
  -5.551E-17
  2.266000000e-16
  1.331000000e-17
  -1.844000000e-16
  3.560200000e-16
  1.850300000e-17
  1.678300000e-16
  -9.894000000e-01 7.624000000e-02 1.236000000e-01
  1.445000000e-01 5.992000000e-01 7.875000000e-01
  1.402000000e-02 -7.970000000e-01 6.038000000e-01
 Node:         33
  0.1183E+03  0.1150E+03  0.5201E+03 -0.1820E-03
   1.11E-16
   5.551E-17
   0.0
   8.327E-17
   0.0
   0.0
  1.700000000e-16
  0.000000000e+00
  -5.893000000e-17
  2.058900000e-16
  3.702300000e-17
  9.705800000e-17
  -8.617000000e-01 -2.815000000e-01 -4.222000000e-01
  0.000000000e+00 -8.321000000e-01 5.547000000e-01
  -5.074000000e-01 4.780000000e-01 7.170000000e-01
 Node:         34
  0.1255E+03  0.1129E+03  0.4909E+03 -0.1820E-03
   0.0
   0.0
   0.0
   5.551E-17
   9.714E-17
   0.0
  1.119000000e-16
  3.387000000e-33
  -1.119000000e-16
  1.938200000e-16
  0.000000000e+00
  9.136600000e-17
  -3.508000000e-01 -6.139000000e-01 -7.071000000e-01
  8.682000000e-01 -4.961000000e-01 -4.855000000e-17
  -3.508000000e-01 -6.139000000e-01 7.071000000e-01
 Node:         35
  0.1260E+03  0.1135E+03  0.5054E+03 -0.1820E-03
   0.0
   1.11E-16
  -1.11E-16
   1.11E-16
   2.498E-16
  -1.11E-16
  2.410000000e-16
  -1.023000000e-16
  -3.608000000e-16
  5.229000000e-16
  -7.403300000e-17
  2.465000000e-16
  5.458000000e-01 5.925000000e-01 5.925000000e-01
  8.379000000e-01 -3.859000000e-01 -3.859000000e-01
  -4.975000000e-17 -7.071000000e-01 7.071000000e-01
 Node:         36
  0.1257E+03  0.1153E+03  0.5196E+03 -0.1820E-03
   0.0
  -5.551E-17
   0.0
  -5.551E-17
   8.327E-17
   0.0
  1.305000000e-16
  -4.723000000e-17
  -8.327000000e-17
  1.982200000e-16
  0.000000000e+00
  9.344300000e-17
  -5.155000000e-01 6.059000000e-01 6.059000000e-01
  8.569000000e-01 3.645000000e-01 3.645000000e-01
  -1.256000000e-16 7.071000000e-01 -7.071000000e-01
 Node:         37
  0.1132E+03  0.1210E+03  0.4959E+03 -0.1820E-03
  -2.22E-16
   1.388E-16
  -2.22E-16
  -8.327E-17
   1.804E-16
  -2.776E-16
  -4.482000000e-17
  -1.622000000e-16
  -5.146000000e-16
  4.234700000e-16
  -2.405400000e-16
  1.996300000e-16
  3.971000000e-01 7.887000000e-01 4.693000000e-01
  -7.874000000e-01 3.010000000e-02 6.157000000e-01
  4.715000000e-01 -6.140000000e-01 6.330000000e-01
 Node:         38
  0.1111E+03  0.1204E+03  0.5085E+03 -0.1820E-03
  -1.665E-16
   9.714E-17
   0.0
  -2.776E-17
  -8.327E-17
  -2.22E-16
  7.071000000e-17
  -2.091000000e-16
  -2.502000000e-16
  3.024600000e-16
  -1.295300000e-16
  1.425800000e-16
  -3.916000000e-01 -8.746000000e-01 2.859000000e-01
  9.154000000e-01 -3.389000000e-01 2.170000000e-01
  9.287000000e-02 -3.467000000e-01 -9.334000000e-01
 Node:         39
  0.1119E+03  0.1201E+03  0.5207E+03 -0.1820E-03
  -5.551E-17
  -9.714E-17
  -3.331E-16
  -8.327E-17
  -7.633E-17
  -1.11E-16
  8.934000000e-18
  -1.105000000e-16
  -3.981000000e-16
  3.623900000e-16
  -1.665600000e-16
  1.708300000e-16
  8.510000000e-01 -1.281000000e-01 -5.092000000e-01
  4.076000000e-01 -4.503000000e-01 7.944000000e-01
  -3.311000000e-01 -8.836000000e-01 -3.310000000e-01
 Node:         40
  0.1191E+03  0.1220E+03  0.4937E+03 -0.1820E-03
   0.0
   8.327E-17
  -2.22E-16
   8.327E-17
  -1.388E-17
  -2.22E-16
  4.872000000e-17
  -2.082000000e-16
  -2.846000000e-16
  3.024500000e-16
  -1.480300000e-16
  1.425700000e-16
  -9.240000000e-01 -2.703000000e-01 -2.703000000e-01
  0.000000000e+00 -7.071000000e-01 7.071000000e-01
  3.823000000e-01 -6.534000000e-01 -6.534000000e-01
 Node:         41
  0.1182E+03  0.1217E+03  0.5073E+03 -0.1820E-03
   0.0
  -2.776E-17
  -5.551E-17
   5.551E-17
   9.714E-17
   1.11E-16
  1.653000000e-16
  1.073000000e-17
  -1.206000000e-16
  2.478700000e-16
  1.847700000e-17
  1.168500000e-16
  2.406000000e-01 3.653000000e-01 8.993000000e-01
  -8.901000000e-01 4.526000000e-01 5.428000000e-02
  -3.871000000e-01 -8.135000000e-01 4.340000000e-01
 Node:         42
  0.1187E+03  0.1212E+03  0.5204E+03 -0.1820E-03
   0.0
  -5.551E-17
  -1.11E-16
   0.0
   5.551E-17
   1.11E-16
  1.256000000e-16
  1.887000000e-17
  -1.444000000e-16
  2.355300000e-16
  2.333300000e-20
  1.110300000e-16
  1.113000000e-01 -2.517000000e-01 -9.614000000e-01
  9.295000000e-01 -3.159000000e-01 1.903000000e-01
  -3.516000000e-01 -9.148000000e-01 1.988000000e-01
 Node:         43
  0.1258E+03  0.1217E+03  0.4915E+03 -0.1820E-03
   2.22E-16
   1.11E-16
   1.11E-16
  -1.388E-17
   0.0
  -5.551E-17
  2.911000000e-16
  4.294000000e-17
  -5.645000000e-17
  3.100400000e-16
  9.253000000e-17
  1.461600000e-16
  -8.507000000e-01 -5.246000000e-01 3.406000000e-02
  -5.213000000e-01 8.502000000e-01 7.348000000e-02
  6.751000000e-02 -4.475000000e-02 9.967000000e-01
 Node:         44
  0.1259E+03  0.1220E+03  0.5059E+03 -0.1820E-03
  -2.22E-16
   1.388E-16
  -2.22E-16
   9.714E-17
   1.11E-16
  -1.11E-16
  5.081000000e-17
  -2.445000000e-16
  -3.614000000e-16
  3.679600000e-16
  -1.850300000e-16
  1.734600000e-16
  -5.113000000e-01 -5.340000000e-01 -6.733000000e-01
  -5.198000000e-01 -4.318000000e-01 7.372000000e-01
  -6.844000000e-01 7.269000000e-01 -5.679000000e-02
 Node:         45
  0.1261E+03  0.1221E+03  0.5198E+03 -0.1820E-03
  -5.551E-17
  -8.327E-17
  -2.776E-16
   2.776E-17
  -6.939E-18
   1.11E-16
  1.167000000e-16
  -3.339000000e-17
  -3.053000000e-16
  3.705000000e-16
  -7.399700000e-17
  1.746600000e-16
  1.854000000e-01 -5.643000000e-02 9.810000000e-01
  9.302000000e-01 -3.117000000e-01 -1.938000000e-01
  -3.167000000e-01 -9.485000000e-01 5.308000000e-03
 Node:         46
  0.1117E+03  0.1296E+03  0.4959E+03  0.0000E+00
  -5.551E-17
   2.776E-17
  -1.665E-16
   6.939E-18
  -2.602E-17
   0.0
  4.101000000e-18
  -4.897000000e-17
  -1.772000000e-16
  1.614500000e-16
  -7.402300000e-17
  7.610600000e-17
  4.856000000e-02 -1.429000000e-01 9.886000000e-01
  9.724000000e-01 2.327000000e-01 -1.414000000e-02
  -2.280000000e-01 9.620000000e-01 1.502000000e-01
 Node:         47
  0.1107E+03  0.1269E+03  0.5087E+03  0.0000E+00
  -1.665E-16
  -3.123E-17
   1.11E-16
  -2.776E-17
   3.99E-17
   0.0
  1.289000000e-16
  -1.114000000e-17
  -1.732000000e-16
  2.618600000e-16
  -1.848000000e-17
  1.234400000e-16
  -1.292000000e-01 9.390000000e-01 3.186000000e-01
  -1.008000000e-01 -3.321000000e-01 9.379000000e-01
  -9.865000000e-01 -8.906000000e-02 -1.376000000e-01
 Node:         48
  0.1125E+03  0.1242E+03  0.5208E+03  0.0000E+00
   1.11E-16
   3.469E-18
   1.11E-16
   0.0
  -1.735E-18
   1.11E-16
  1.149000000e-16
  1.110000000e-16
  1.071000000e-16
  6.755000000e-18
  1.110000000e-16
  3.184300000e-18
  -6.325000000e-01 -7.071000000e-01 3.162000000e-01
  4.472000000e-01 -4.455000000e-15 8.944000000e-01
  -6.325000000e-01 7.071000000e-01 3.162000000e-01
 Node:         49
  0.1186E+03  0.1311E+03  0.4938E+03  0.0000E+00
  -1.665E-16
  -2.082E-17
   0.0
  -4.163E-17
  -6.072E-18
  -5.551E-17
  2.581000000e-18
  -4.165000000e-17
  -1.830000000e-16
  1.678900000e-16
  -7.402300000e-17
  7.914600000e-17
  1.174000000e-01 -9.929000000e-01 1.965000000e-02
  -3.135000000e-01 -1.827000000e-02 9.494000000e-01
  -9.423000000e-01 -1.176000000e-01 -3.134000000e-01
 Node:         50
  0.1180E+03  0.1298E+03  0.5075E+03  0.0000E+00
   0.0
  -1.301E-17
   3.331E-16
  -4.163E-17
   1.247E-17
   2.22E-16
  3.354000000e-16
  2.276000000e-16
  -7.879000000e-18
  3.040700000e-16
  1.850400000e-16
  1.433400000e-16
  5.441000000e-02 -9.902000000e-01 -1.289000000e-01
  -1.707000000e-01 -1.364000000e-01 9.758000000e-01
  9.838000000e-01 3.109000000e-02 1.765000000e-01
 Node:         51
  0.1192E+03  0.1275E+03  0.5206E+03  0.0000E+00
   0.0
  -3.469E-18
  -5.551E-17
   0.0
   1.475E-17
   1.11E-16
  1.123000000e-16
  2.087000000e-19
  -5.702000000e-17
  1.491800000e-16
  1.849600000e-17
  7.032400000e-17
  -2.705000000e-03 8.758000000e-02 9.962000000e-01
  9.982000000e-01 -6.004000000e-02 7.989000000e-03
  -6.051000000e-02 -9.943000000e-01 8.725000000e-02
 Node:         52
  0.1262E+03  0.1305E+03  0.4920E+03  0.0000E+00
   1.11E-16
  -1.388E-17
   1.11E-16
   1.301E-18
   4.906E-18
   0.0
  1.250000000e-16
  9.734000000e-17
  -2.497000000e-19
  1.139700000e-16
  7.403000000e-17
  5.372400000e-17
  -7.047000000e-01 7.092000000e-01 2.051000000e-02
  7.093000000e-01 7.034000000e-01 4.493000000e-02
  -1.744000000e-02 -4.621000000e-02 9.988000000e-01
 Node:         53
  0.1258E+03  0.1304E+03  0.5063E+03  0.0000E+00
  -1.665E-16
  -1.735E-18
  -1.11E-16
   2.776E-17
   3.383E-17
  -2.22E-16
  -1.010000000e-16
  -1.572000000e-16
  -2.414000000e-16
  1.223900000e-16
  -1.665300000e-16
  5.769700000e-17
  9.684000000e-02 9.526000000e-01 2.883000000e-01
  -9.346000000e-01 1.866000000e-01 -3.027000000e-01
  -3.422000000e-01 -2.402000000e-01 9.084000000e-01
 Node:         54
  0.1265E+03  0.1288E+03  0.5200E+03  0.0000E+00
  -2.22E-16
   2.082E-17
   1.11E-16
   0.0
  -4.337E-18
   1.11E-16
  1.160000000e-16
  1.073000000e-16
  -2.233000000e-16
  3.350300000e-16
  0.000000000e+00
  1.579400000e-16
  -4.656000000e-02 -7.562000000e-01 6.527000000e-01
  -4.117000000e-02 -6.514000000e-01 -7.576000000e-01
  -9.981000000e-01 6.215000000e-02 8.061000000e-04
 Node:         55
  0.1382E+03  0.1168E+03  0.4534E+03  0.5590E-02
  -0.04736
  -0.01449
   0.05036
   2.194E-4
   0.02388
   0.01262
  7.057200000e-02
  4.274100000e-03
  -5.264200000e-02
  1.083300000e-01
  7.401300000e-03
  5.106700000e-02
  -9.635100000e-02 -3.012700000e-01 -1.618800000e-01
  2.428800000e-01 -3.478600000e-01 6.755300000e-01
  -7.088000000e-01 -5.138900000e-02 -5.731600000e-02
 Node:         56
  0.1314E+03  0.1156E+03  0.4688E+03  0.5590E-02
  -0.04513
  -0.003907
   0.02767
   0.00944
   0.004997
  -0.005912
  2.917500000e-02
  -3.494500000e-03
  -5.168900000e-02
  7.158900000e-02
  -8.669500000e-03
  3.374700000e-02
  1.219700000e-01 3.208100000e-01 2.514000000e-02
  9.151800000e-02 -9.214600000e-03 -1.267900000e-01
  -6.776400000e-01 2.432100000e-03 8.215300000e-02
 Node:         57
  0.1285E+03  0.1140E+03  0.4823E+03  0.5590E-02
  -0.009575
   0.003716
   3.911E-4
   0.003343
  -0.002225
  -0.001957
  1.385200000e-03
  -9.329600000e-04
  -1.376700000e-02
  1.393400000e-02
  -4.438100000e-03
  6.568500000e-03
  -1.406000000e-01 -7.619900000e-01 3.124400000e-01
  3.726900000e-01 1.984000000e-01 6.880100000e-01
  -6.948100000e-01 3.276200000e-01 3.069200000e-01
 Node:         58
  0.1483E+03  0.1178E+03  0.4534E+03  0.5590E-02
  -0.05187
  -0.03118
   0.08847
  -0.005419
   0.01824
  -0.02537
  1.109100000e-01
  -2.408300000e-02
  -6.744200000e-02
  1.610600000e-01
  6.462400000e-03
  7.592300000e-02
  -1.631100000e-01 1.833800000e-01 2.294700000e-02
  2.989200000e-01 -1.156700000e-01 6.833000000e-01
  6.109900000e-02 1.334600000e-02 3.431800000e-02
 Node:         59
  0.1419E+03  0.1167E+03  0.4694E+03  0.5590E-02
  -0.03793
  -0.02943
   0.06428
  -0.003959
   0.01409
  -0.01814
  8.117100000e-02
  -1.920400000e-02
  -5.386800000e-02
  1.221400000e-01
  2.699600000e-03
  5.757500000e-02
  1.876400000e-01 -2.442500000e-01 -8.727100000e-02
  1.884900000e-01 -5.532800000e-02 6.717100000e-01
  2.253600000e-01 5.510700000e-02 2.488700000e-01
 Node:         60
  0.1375E+03  0.1150E+03  0.4832E+03  0.5590E-02
  -0.004022
  -0.007127
   0.01144
  -2.675E-4
   0.002002
  -0.001434
  1.562500000e-02
  -1.601600000e-03
  -9.068500000e-03
  2.212500000e-02
  1.651700000e-03
  1.043000000e-02
  -1.779100000e-01 5.916200000e-01 9.043400000e-03
  -3.462600000e-02 -2.116800000e-01 6.726400000e-01
  4.261200000e-01 2.725300000e-01 -4.967400000e-02
 Node:         61
  0.1554E+03  0.1222E+03  0.4530E+03  0.5590E-02
  -0.01347
  -0.02853
   0.04447
  -0.01789
   0.0209
  -0.07669
  7.263000000e-02
  -2.839900000e-02
  -9.205600000e-02
  1.447500000e-01
  -1.594200000e-02
  6.823800000e-02
  -1.468500000e-01 6.513400000e-01 1.706500000e-01
  8.832400000e-01 4.293900000e-01 -9.527100000e-02
  2.154300000e-01 -1.532200000e-01 9.589600000e-01
 Node:         62
  0.1492E+03  0.1204E+03  0.4697E+03  0.5590E-02
   0.01824
  -0.04999
   0.05499
  -0.01608
   0.01932
  -0.04928
  1.050700000e-01
  -2.115300000e-02
  -6.072100000e-02
  1.502500000e-01
  7.733400000e-03
  7.082900000e-02
  -3.003200000e-01 3.770000000e-01 8.385400000e-02
  8.428900000e-01 5.977300000e-01 -3.402000000e-02
  1.011700000e-02 5.605900000e-02 -5.142200000e-02
 Node:         63
  0.1436E+03  0.1181E+03  0.4838E+03  0.5590E-02
   0.01152
  -0.01744
   0.01927
  -0.0024
   0.004209
  -0.006046
  3.636000000e-02
  -2.545700000e-03
  -8.171400000e-03
  4.210700000e-02
  8.547600000e-03
  1.984900000e-02
  -3.984700000e-01 4.983500000e-01 1.113700000e-01
  6.368400000e-01 4.882800000e-01 8.603800000e-02
  -1.595900000e-01 -2.546800000e-01 9.112800000e-01
 Node:         64
  0.1413E+03  0.1253E+03  0.4523E+03  0.5590E-02
  -0.04868
   0.002569
   0.05925
  -0.01119
   0.008703
  -0.01975
  6.720000000e-02
  -1.684500000e-02
  -5.860300000e-02
  1.110700000e-01
  -2.749200000e-03
  5.236100000e-02
  4.618700000e-02 2.933200000e-01 4.557400000e-02
  3.529200000e-02 9.147100000e-03 -1.306700000e-01
  1.188600000e-01 -1.010900000e-02 5.840100000e-02
 Node:         65
  0.1341E+03  0.1229E+03  0.4683E+03  0.5590E-02
  -0.02666
  -0.009046
   0.0478
  -0.006426
   0.004644
  -0.01318
  5.436000000e-02
  -1.154500000e-02
  -3.403200000e-02
  7.968400000e-02
  2.927600000e-03
  3.756300000e-02
  -3.503600000e-02 -7.928400000e-02 -2.739800000e-03
  -1.471300000e-01 -1.393000000e-02 5.444800000e-01
  1.364500000e-01 6.361500000e-02 2.589500000e-01
 Node:         66
  0.1299E+03  0.1214E+03  0.4825E+03  0.5590E-02
   4.939E-4
  -0.003907
   0.009111
   4.165E-4
  -2.395E-4
  -0.001702
  1.153300000e-02
  -6.727100000e-04
  -2.661400000e-03
  1.333200000e-02
  2.733000000e-03
  6.284700000e-03
  -3.418400000e-01 8.823800000e-01 -3.175600000e-02
  5.735500000e-01 2.798700000e-01 3.824600000e-02
  1.225800000e-01 2.240700000e-02 2.329700000e-01
 Node:         67
  0.1500E+03  0.1245E+03  0.4525E+03  0.5590E-02
  -0.04493
  -0.01967
   0.05387
  -0.01002
   0.006988
  -0.02304
  6.624200000e-02
  -1.812700000e-02
  -5.710400000e-02
  1.102600000e-01
  -2.996400000e-03
  5.197800000e-02
  2.290200000e-02 -8.398300000e-02 -1.619200000e-02
  4.379400000e-02 -7.902000000e-02 5.368300000e-01
  -1.572500000e-01 -2.215100000e-02 -1.330700000e-01
 Node:         68
  0.1433E+03  0.1224E+03  0.4689E+03  0.5590E-02
  -0.01257
  -0.03757
   0.05347
  -0.01474
   0.01118
  -0.01395
  8.118600000e-02
  -9.626700000e-03
  -4.042000000e-02
  1.095900000e-01
  1.038000000e-02
  5.166200000e-02
  1.132900000e-01 7.846500000e-03 -1.126200000e-02
  -2.200100000e-01 -2.945700000e-01 6.857500000e-01
  5.541100000e-01 1.987800000e-01 2.605700000e-01
 Node:         69
  0.1380E+03  0.1205E+03  0.4831E+03  0.5590E-02
   0.006318
  -0.01255
   0.01468
  -0.00393
   0.003854
  -4.407E-4
  2.699100000e-02
  -8.024500000e-04
  -4.097900000e-03
  2.958900000e-02
  7.363700000e-03
  1.394800000e-02
  -5.626200000e-01 8.013700000e-01 1.957800000e-01
  1.665100000e-01 9.405900000e-02 3.713300000e-01
  5.043200000e-01 2.877600000e-01 1.290100000e-01
 Node:         70
  0.1556E+03  0.1243E+03  0.4528E+03  0.5590E-02
  -0.0327
  -0.0244
   0.009196
  -0.02562
   0.01795
   0.002363
  5.248800000e-02
  -1.250900000e-02
  -5.603500000e-02
  9.430400000e-02
  -5.352000000e-03
  4.445500000e-02
  -2.585700000e-01 4.361400000e-01 2.457600000e-01
  -4.713800000e-02 -6.429100000e-01 5.677300000e-01
  -9.287400000e-02 -1.475700000e-02 -1.612200000e-01
 Node:         71
  0.1494E+03  0.1223E+03  0.4695E+03  0.5590E-02
   0.01121
  -0.04644
   0.03463
  -0.03892
   0.02605
   0.001572
  1.034000000e-01
  -6.434000000e-03
  -4.295100000e-02
  1.318000000e-01
  1.800400000e-02
  6.213300000e-02
  -3.229400000e-01 3.709900000e-01 2.387500000e-01
  1.885300000e-01 4.286600000e-02 3.077100000e-01
  4.963900000e-01 2.012500000e-01 2.782000000e-01
 Node:         72
  0.1435E+03  0.1199E+03  0.4837E+03  0.5590E-02
   0.01489
  -0.01777
   0.01284
  -0.01062
   0.007079
   0.002302
  3.945300000e-02
  -8.142300000e-04
  -6.198700000e-03
  4.322200000e-02
  1.081300000e-02
  2.037500000e-02
  -6.826900000e-01 6.468100000e-01 3.374300000e-01
  -2.188000000e-02 -2.837700000e-01 5.459100000e-01
  4.270600000e-01 3.844800000e-01 8.182300000e-02
 Node:         73
  0.1445E+03  0.1339E+03  0.4517E+03  0.0000E+00
   0.02716
  -0.007878
  -0.04468
   0.001251
  -0.001958
   0.03225
  3.852100000e-02
  2.848900000e-02
  -5.022600000e-02
  8.377300000e-02
  5.594800000e-03
  3.949100000e-02
  3.827700000e-01 -6.060700000e-02 6.186500000e-01
  6.325600000e-01 -2.265300000e-02 4.851800000e-01
  -7.339700000e-02 -7.192500000e-01 1.348500000e-02
 Node:         74
  0.1368E+03  0.1304E+03  0.4680E+03  0.0000E+00
   0.05706
  -9.207E-4
  -0.01966
   0.003471
  -0.003687
   0.02568
  6.311600000e-02
  2.850400000e-02
  -2.247100000e-02
  7.464200000e-02
  2.304900000e-02
  3.518600000e-02
  -9.457600000e-01 2.888200000e-02 -1.125900000e-01
  -6.798600000e-02 -5.748000000e-02 5.879300000e-01
  2.541900000e-02 7.354600000e-01 8.030000000e-02
 Node:         75
  0.1313E+03  0.1288E+03  0.4826E+03  0.0000E+00
   0.02201
  -3.865E-4
  -0.002001
  -0.00155
  -9.379E-4
   0.001995
  2.418300000e-02
  2.379300000e-03
  -2.773500000e-03
  2.481900000e-02
  7.929400000e-03
  1.170000000e-02
  -9.936800000e-01 3.546500000e-02 8.417600000e-02
  6.719300000e-02 -2.161500000e-01 9.699300000e-01
  4.008800000e-02 5.683700000e-01 1.237300000e-01
 Node:         76
  0.1516E+03  0.1312E+03  0.4519E+03  0.0000E+00
   0.02554
  -0.01252
  -0.05805
  -0.004341
   0.01227
   0.04553
  5.395000000e-02
  2.910200000e-02
  -6.789500000e-02
  1.107100000e-01
  5.052500000e-03
  5.218900000e-02
  -5.416200000e-02 5.907800000e-02 3.681300000e-01
  4.130300000e-01 -4.126400000e-02 1.657900000e-02
  -2.445600000e-02 -1.247400000e-01 3.553900000e-02
 Node:         77
  0.1446E+03  0.1283E+03  0.4685E+03  0.0000E+00
   0.07785
   0.005134
  -0.02705
  -3.652E-4
   0.009859
   0.02359
  8.640700000e-02
  2.813900000e-02
  -3.293500000e-02
  1.031600000e-01
  2.720300000e-02
  4.863100000e-02
  -9.991000000e-01 -3.376800000e-02 8.723000000e-03
  7.471900000e-04 1.890800000e-01 9.809000000e-01
  -4.249400000e-02 5.946300000e-01 -1.184600000e-01
 Node:         78
  0.1384E+03  0.1261E+03  0.4829E+03  0.0000E+00
   0.03266
   0.004991
  -0.001382
  -8.366E-4
   3.029E-4
   0.001331
  3.675600000e-02
  1.529600000e-03
  -2.464000000e-03
  3.738300000e-02
  1.194100000e-02
  1.762200000e-02
  -9.910800000e-01 -1.280500000e-01 3.262700000e-02
  -5.938800000e-03 1.193600000e-01 7.958100000e-01
  -1.279200000e-01 9.638000000e-01 -1.169200000e-01
 Node:         79
  0.1558E+03  0.1264E+03  0.4526E+03  0.0000E+00
   0.02216
   0.02244
  -4.731E-4
  -1.882E-4
   0.001317
  -0.129
  4.762100000e-02
  -2.095600000e-02
  -1.578000000e-01
  1.837000000e-01
  -4.371200000e-02
  8.659500000e-02
  8.272200000e-01 5.327800000e-01 3.430500000e-02
  -2.066500000e-01 4.132800000e-01 -1.726300000e-01
  9.207700000e-03 2.030700000e-01 9.250500000e-01
 Node:         80
  0.1496E+03  0.1242E+03  0.4694E+03  0.0000E+00
   0.08796
   0.02358
  -0.004804
   0.007314
   3.131E-4
  -0.1028
  1.048000000e-01
  -1.347600000e-02
  -1.276200000e-01
  2.053800000e-01
  -1.209900000e-02
  9.681800000e-02
  2.188300000e-01 1.203600000e-01 9.407400000e-03
  -2.421000000e-01 1.014200000e+00 -2.517000000e-02
  -3.820200000e-02 1.721600000e-02 1.049000000e+00
 Node:         81
  0.1433E+03  0.1217E+03  0.4836E+03  0.0000E+00
   0.03686
   0.007445
  -6.951E-4
   0.00394
   9.347E-4
  -0.01176
  4.220200000e-02
  -2.385300000e-03
  -1.574200000e-02
  5.292800000e-02
  8.024900000e-03
  2.495000000e-02
  -9.815700000e-01 -1.863800000e-01 -6.553200000e-02
  -1.847700000e-01 9.968800000e-01 6.714100000e-02
  -6.772800000e-02 -7.760500000e-02 1.009000000e+00
 Node:         82
  0.1267E+03  0.1148E+03  0.4566E+03 -0.9377E-02
  -0.01049
  -0.01054
   0.01263
   0.001519
   0.01216
   2.007E-4
  2.583900000e-02
  -3.336200000e-03
  -2.005200000e-02
  4.038800000e-02
  8.166900000e-04
  1.903900000e-02
  -2.827700000e-01 8.455900000e-01 4.347300000e-01
  -6.052400000e-02 1.680300000e-01 -2.705300000e-01
  -2.398400000e-01 -3.276200000e-01 1.524700000e-01
 Node:         83
  0.1234E+03  0.1129E+03  0.4722E+03 -0.9377E-02
  -0.02037
  -0.002967
   0.004561
   0.01705
   0.005611
  -0.01403
  6.357900000e-03
  -1.606500000e-03
  -3.858100000e-02
  4.130600000e-02
  -1.127700000e-02
  1.947200000e-02
  6.848000000e-02 7.609600000e-01 1.742500000e-01
  -5.459400000e-01 2.675300000e-01 -6.728900000e-01
  -8.037100000e-01 -2.657500000e-01 5.760600000e-01
 Node:         84
  0.1187E+03  0.1123E+03  0.4849E+03 -0.9377E-02
  -0.002979
   2.506E-4
   2.451E-4
   0.006851
  -2.909E-4
  -0.01259
  -5.387400000e-05
  8.071800000e-05
  -1.759000000e-02
  1.726200000e-02
  -5.854300000e-03
  8.137600000e-03
  -5.012300000e-01 -1.265500000e-01 -3.360600000e-01
  3.288000000e-01 -5.785800000e-01 2.277500000e-01
  5.112000000e-01 3.280900000e-02 -8.072300000e-01
 Node:         85
  0.1302E+03  0.1161E+03  0.4554E+03 -0.9377E-02
  -0.01318
  -0.01035
   0.01683
   0.003335
   0.01777
   0.003513
  3.411900000e-02
  -2.846100000e-03
  -2.283400000e-02
  5.014200000e-02
  2.813100000e-03
  2.363700000e-02
  -1.900800000e-01 8.755900000e-01 5.334900000e-01
  -1.117700000e-01 2.980900000e-01 -2.323500000e-01
  2.553400000e-01 -1.051000000e-01 -4.358400000e-02
 Node:         86
  0.1252E+03  0.1138E+03  0.4705E+03 -0.9377E-02
  -0.0215
   0.007794
   0.04482
   0.03024
   0.01929
  -0.00927
  6.194300000e-02
  3.895600000e-03
  -4.888400000e-02
  9.643700000e-02
  5.651500000e-03
  4.546100000e-02
  -2.112900000e-01 -7.353400000e-01 -3.526100000e-01
  4.451300000e-01 -4.607900000e-01 6.157400000e-01
  6.726400000e-01 5.384700000e-02 -6.964300000e-01
 Node:         87
  0.1217E+03  0.1126E+03  0.4834E+03 -0.9377E-02
  -0.005295
   3.944E-5
   0.001136
   0.008357
  -0.001406
  -0.01096
  8.796100000e-04
  2.062800000e-04
  -1.856500000e-02
  1.863000000e-02
  -5.826300000e-03
  8.782100000e-03
  -3.744700000e-01 7.642000000e-01 -4.450600000e-01
  6.439500000e-01 6.404300000e-01 4.761400000e-01
  5.530000000e-01 -4.822200000e-02 -8.225100000e-01
 Node:         88
  0.1338E+03  0.1169E+03  0.4537E+03 -0.9377E-02
  -0.0341
  -0.01436
   0.01619
   0.002662
   0.02591
   0.02359
  5.192200000e-02
  -9.458600000e-04
  -4.326200000e-02
  8.233300000e-02
  2.571500000e-03
  3.881200000e-02
  -6.437500000e-02 7.044100000e-01 7.637300000e-01
  -1.393500000e-01 3.601500000e-01 -2.202000000e-01
  4.171100000e-01 9.377000000e-02 -1.753700000e-01
 Node:         89
  0.1270E+03  0.1150E+03  0.4688E+03 -0.9377E-02
  -0.03644
  -6.558E-4
   0.008797
   0.01308
   0.007166
  -0.003171
  1.214000000e-02
  -2.845900000e-03
  -4.465200000e-02
  5.064300000e-02
  -1.178600000e-02
  2.387300000e-02
  8.077200000e-02 8.122400000e-01 4.176200000e-01
  -2.326200000e-01 4.470400000e-01 -6.593400000e-01
  -9.196800000e-01 -1.170100000e-01 2.767900000e-01
 Node:         90
  0.1248E+03  0.1132E+03  0.4822E+03 -0.9377E-02
  -0.008731
   0.004508
  -0.001976
   0.004262
  -0.002363
  -0.00262
  -5.584700000e-04
  -4.968300000e-04
  -1.454700000e-02
  1.359700000e-02
  -5.200900000e-03
  6.409600000e-03
  2.031500000e-01 2.205000000e-01 4.264400000e-02
  5.304700000e-02 8.434100000e-02 8.646200000e-02
  -8.268700000e-01 3.659000000e-01 4.374000000e-01
 Node:         91
  0.1260E+03  0.1263E+03  0.4548E+03 -0.9377E-02
  -0.03712
   0.004723
   0.04919
  -0.006632
   0.01939
  -0.00376
  6.228900000e-02
  -8.475300000e-03
  -4.212200000e-02
  9.227200000e-02
  3.897100000e-03
  4.349700000e-02
  8.219300000e-02 2.247500000e-01 1.103500000e-01
  -6.426800000e-02 -8.113900000e-02 2.584600000e-01
  3.166000000e-01 1.478400000e-02 8.404400000e-02
 Node:         92
  0.1209E+03  0.1234E+03  0.4726E+03 -0.9377E-02
  -0.02401
  -0.004353
   0.02119
  -0.00185
   0.01365
   0.009183
  3.367300000e-02
  5.588500000e-04
  -2.668500000e-02
  5.238700000e-02
  2.515600000e-03
  2.469600000e-02
  6.738200000e-02 -4.380100000e-01 -2.945400000e-01
  6.997400000e-03 -3.505500000e-01 5.563900000e-01
  -6.379400000e-01 -7.083400000e-02 -1.727900000e-02
 Node:         93
  0.1159E+03  0.1217E+03  0.4877E+03 -0.9377E-02
  -0.001688
  -0.001309
   0.001197
   7.808E-4
   0.002471
  -2.187E-5
  3.663400000e-03
  -3.315700000e-04
  -4.309600000e-03
  7.014100000e-03
  -3.259300000e-04
  3.306500000e-03
  -2.178200000e-01 1.661100000e-01 2.676200000e-01
  2.906800000e-01 -2.630200000e-01 2.895700000e-01
  2.012900000e-01 1.045100000e-01 2.260200000e-01
 Node:         94
  0.1314E+03  0.1264E+03  0.4538E+03 -0.9377E-02
  -0.04517
   0.004246
   0.05512
  -0.01308
   0.01713
   0.006182
  6.781900000e-02
  6.211500000e-03
  -5.242900000e-02
  1.041300000e-01
  7.200500000e-03
  4.908800000e-02
  9.667900000e-02 1.200500000e-01 1.319900000e-01
  1.037500000e-01 9.245100000e-02 -2.050200000e-01
  5.544700000e-01 -6.064500000e-02 1.585700000e-01
 Node:         95
  0.1250E+03  0.1235E+03  0.4706E+03 -0.9377E-02
  -0.03041
  -0.005564
   0.02902
  -0.005107
   0.009829
   0.01399
  3.808700000e-02
  1.068300000e-02
