 Group name: predicted_strain_L2A5
 #Fields=  16
 1) coordinates, coordinate, rectangular cartesian, #Components=3
   x.  Value index= 1, #Derivatives=0
   y.  Value index= 2, #Derivatives=0
   z.  Value index= 3, #Derivatives=0
 2) Tensor_1, field, rectangular cartesian, #Components=1
   Tensor_1.  Value index= 4, #Derivatives=0
 3) Tensor_2, field, rectangular cartesian, #Components=1
   Tensor_2.  Value index= 5, #Derivatives=0
 4) Tensor_3, field, rectangular cartesian, #Components=1
   Tensor_3.  Value index= 6, #Derivatives=0
 5) Tensor_4, field, rectangular cartesian, #Components=1
   Tensor_4.  Value index= 7, #Derivatives=0
 6) Tensor_5, field, rectangular cartesian, #Components=1
   Tensor_5.  Value index= 8, #Derivatives=0
 7) Tensor_6, field, rectangular cartesian, #Components=1
   Tensor_6.  Value index= 9, #Derivatives=0
 8) Principal_1, field, rectangular cartesian, #Components=1
   Principal_1.  Value index= 10, #Derivatives=0
 9) Principal_2, field, rectangular cartesian, #Components=1
   Principal_2.  Value index= 11, #Derivatives=0
 10) Principal_3, field, rectangular cartesian, #Components=1
   Principal_3.  Value index= 12, #Derivatives=0
 11) VonMises, field, rectangular cartesian, #Components=1
   VonMises.  Value index= 13, #Derivatives=0
 12) Hydrostatic, field, rectangular cartesian, #Components=1
   VonMises.  Value index= 14, #Derivatives=0
 13) Octahedral, field, rectangular cartesian, #Components=1
   VonMises.  Value index= 15, #Derivatives=0
 14) PrincipalVector1, field, rectangular cartesian, #Components=3
   x.  Value index= 16, #Derivatives=0
   y.  Value index= 17, #Derivatives=0
   z.  Value index= 18, #Derivatives=0
 15) PrincipalVector2, field, rectangular cartesian, #Components=3
   x.  Value index= 19, #Derivatives=0
   y.  Value index= 20, #Derivatives=0
   z.  Value index= 21, #Derivatives=0
 16) PrincipalVector3, field, rectangular cartesian, #Components=3
   x.  Value index= 22, #Derivatives=0
   y.  Value index= 23, #Derivatives=0
   z.  Value index= 24, #Derivatives=0
 Node:          1
  0.1287E+03  0.1133E+03  0.4908E+03 -0.8791E-01
  -1.11E-16
  -8.327E-17
  -2.22E-16
  -2.776E-17
  -4.163E-17
  -3.331E-16
  -6.637000000e-17
  -2.400000000e-16
  -3.598000000e-16
  2.555400000e-16
  -2.220600000e-16
  1.204600000e-16
  8.837000000e-01 -4.676000000e-01 -1.897000000e-02
  4.046000000e-01 7.837000000e-01 -4.712000000e-01
  2.352000000e-01 4.088000000e-01 8.818000000e-01
 Node:          2
  0.1292E+03  0.1137E+03  0.5052E+03 -0.8791E-01
  -5.551E-17
  -1.11E-16
  -1.665E-16
  -5.551E-17
   1.943E-16
  -2.776E-16
  8.603000000e-17
  -1.600000000e-16
  -4.256000000e-16
  4.431900000e-16
  -1.665200000e-16
  2.089200000e-16
  -6.554000000e-01 6.199000000e-01 4.313000000e-01
  7.522000000e-01 4.849000000e-01 4.462000000e-01
  -6.744000000e-02 -6.169000000e-01 7.841000000e-01
 Node:          3
  0.1289E+03  0.1155E+03  0.5194E+03 -0.8791E-01
   2.22E-16
   1.388E-16
   3.331E-16
   1.11E-16
   5.551E-17
   2.22E-16
  4.753000000e-16
  2.118000000e-16
  9.006000000e-17
  3.410700000e-16
  2.590500000e-16
  1.607800000e-16
  -5.696000000e-01 -7.144000000e-01 -4.063000000e-01
  2.395000000e-01 -6.172000000e-01 7.494000000e-01
  -7.862000000e-01 3.296000000e-01 5.227000000e-01
 Node:          4
  0.1361E+03  0.1141E+03  0.4915E+03 -0.8791E-01
   0.0
  -2.776E-17
  -1.11E-16
  -2.776E-17
  -8.327E-17
   2.22E-16
  2.435000000e-16
  6.328000000e-18
  -1.388000000e-16
  3.342600000e-16
  3.700900000e-17
  1.575700000e-16
  -8.549000000e-02 -2.215000000e-01 9.714000000e-01
  9.681000000e-01 -2.491000000e-01 2.840000000e-02
  2.357000000e-01 9.428000000e-01 2.357000000e-01
 Node:          5
  0.1341E+03  0.1144E+03  0.5054E+03 -0.8791E-01
   3.331E-16
   1.388E-16
   3.331E-16
   5.551E-17
  -6.939E-17
   4.441E-16
  4.814000000e-16
  4.627000000e-16
  1.662000000e-16
  3.062800000e-16
  3.701000000e-16
  1.443800000e-16
  -3.480000000e-01 -6.443000000e-01 6.810000000e-01
  -6.589000000e-01 -3.487000000e-01 -6.665000000e-01
  6.669000000e-01 -6.807000000e-01 -3.032000000e-01
 Node:          6
  0.1323E+03  0.1162E+03  0.5191E+03 -0.8791E-01
   2.22E-16
   5.551E-17
   2.22E-16
  -5.551E-17
  -2.776E-17
   0.0
  2.897000000e-16
  1.685000000e-16
  -1.402000000e-17
  2.648100000e-16
  1.480600000e-16
  1.248300000e-16
  -7.150000000e-01 -6.696000000e-01 2.012000000e-01
  6.656000000e-01 -7.399000000e-01 -9.741000000e-02
  -2.141000000e-01 -6.426000000e-02 -9.747000000e-01
 Node:          7
  0.1408E+03  0.1171E+03  0.4920E+03 -0.8791E-01
   3.331E-16
   2.22E-16
   2.22E-16
  -8.327E-17
  -1.11E-16
   0.0
  5.398000000e-16
  6.158000000e-17
  -4.631000000e-17
  5.403100000e-16
  1.850200000e-16
  2.547000000e-16
  -7.537000000e-01 -6.111000000e-01 2.419000000e-01
  -6.560000000e-01 6.770000000e-01 -3.335000000e-01
  -4.004000000e-02 4.101000000e-01 9.112000000e-01
 Node:          8
  0.1367E+03  0.1169E+03  0.5055E+03 -0.8791E-01
   2.22E-16
   1.943E-16
   2.22E-16
  -4.025E-16
  -2.359E-16
  -2.22E-16
  6.547000000e-16
  4.477000000e-17
  -4.775000000e-16
  9.814900000e-16
  7.399000000e-17
  4.626800000e-16
  -6.847000000e-01 -5.611000000e-01 4.652000000e-01
  5.685000000e-01 -8.105000000e-01 -1.409000000e-01
  -4.561000000e-01 -1.681000000e-01 -8.739000000e-01
 Node:          9
  0.1339E+03  0.1180E+03  0.5191E+03 -0.8791E-01
   2.22E-16
   1.665E-16
   0.0
  -3.955E-16
  -2.776E-16
   6.661E-16
  1.002000000e-15
  -9.379000000e-18
  -1.046000000e-16
  1.062200000e-15
  2.960100000e-16
  5.007200000e-16
  -4.817000000e-01 -3.073000000e-01 8.207000000e-01
  -8.565000000e-01 -3.292000000e-02 -5.150000000e-01
  -1.853000000e-01 9.510000000e-01 2.474000000e-01
 Node:         10
  0.1294E+03  0.1212E+03  0.4911E+03 -0.8791E-01
   0.0
   2.776E-17
   1.11E-16
  -1.388E-17
   1.249E-16
   1.11E-16
  2.363000000e-16
  2.303000000e-17
  -3.732000000e-17
  2.489900000e-16
  7.400300000e-17
  1.173800000e-16
  4.210000000e-02 7.100000000e-01 7.030000000e-01
  -7.813000000e-01 -4.152000000e-01 4.661000000e-01
  -6.228000000e-01 5.688000000e-01 -5.372000000e-01
 Node:         11
  0.1295E+03  0.1214E+03  0.5055E+03 -0.8791E-01
  -2.22E-16
  -2.776E-17
  -2.22E-16
  -4.163E-17
   1.388E-17
  -1.665E-16
  -1.365000000e-16
  -2.183000000e-16
  -2.558000000e-16
  1.056600000e-16
  -2.035300000e-16
  4.981100000e-17
  -4.935000000e-01 2.929000000e-01 8.189000000e-01
  3.541000000e-01 -7.924000000e-01 4.968000000e-01
  -7.944000000e-01 -5.351000000e-01 -2.873000000e-01
 Node:         12
  0.1295E+03  0.1217E+03  0.5196E+03 -0.8791E-01
   1.11E-16
   0.0
   1.11E-16
   7.633E-17
   2.776E-17
   2.22E-16
  2.649000000e-16
  1.110000000e-16
  6.816000000e-17
  1.792000000e-16
  1.480200000e-16
  8.447700000e-17
  -4.387000000e-01 -1.595000000e-01 -8.844000000e-01
  3.417000000e-01 -9.398000000e-01 -2.255000000e-17
  8.311000000e-01 3.022000000e-01 -4.668000000e-01
 Node:         13
  0.1361E+03  0.1199E+03  0.4914E+03 -0.8791E-01
   1.11E-16
  -1.388E-16
   0.0
  -9.714E-17
   2.776E-17
  -1.665E-16
  2.285000000e-16
  -8.520000000e-17
  -1.988000000e-16
  3.833400000e-16
  -1.850000000e-17
  1.807100000e-16
  8.171000000e-01 -5.252000000e-01 -2.378000000e-01
  4.648000000e-01 8.442000000e-01 -2.671000000e-01
  3.410000000e-01 1.077000000e-01 9.339000000e-01
 Node:         14
  0.1342E+03  0.1198E+03  0.5054E+03 -0.8791E-01
  -5.551E-17
   2.776E-17
   0.0
   5.551E-17
  -9.021E-17
   1.11E-16
  1.672000000e-16
  -4.940000000e-18
  -1.068000000e-16
  2.398800000e-16
  1.848700000e-17
  1.130800000e-16
  1.634000000e-01 -4.472000000e-01 8.794000000e-01
  -6.569000000e-01 -7.144000000e-01 -2.412000000e-01
  -7.361000000e-01 5.382000000e-01 4.105000000e-01
 Node:         15
  0.1330E+03  0.1205E+03  0.5193E+03 -0.8791E-01
   2.22E-16
  -8.327E-17
  -5.551E-17
   1.388E-17
   4.857E-17
   0.0
  2.451000000e-16
  2.471000000e-17
  -1.033000000e-16
  3.052400000e-16
  5.550300000e-17
  1.438900000e-16
  -9.638000000e-01 2.667000000e-01 -1.723000000e-03
  1.157000000e-01 4.239000000e-01 8.983000000e-01
  2.403000000e-01 8.656000000e-01 -4.394000000e-01
 Node:         16
  0.1404E+03  0.1188E+03  0.4918E+03 -0.8791E-01
   2.22E-16
   5.551E-17
   2.22E-16
  -8.327E-17
  -1.457E-16
   4.441E-16
  5.466000000e-16
  1.950000000e-16
  1.465000000e-16
  3.781900000e-16
  2.960300000e-16
  1.782800000e-16
  -2.927000000e-01 -4.328000000e-01 8.526000000e-01
  -9.222000000e-01 -1.077000000e-01 -3.713000000e-01
  -2.526000000e-01 8.950000000e-01 3.676000000e-01
 Node:         17
  0.1365E+03  0.1184E+03  0.5055E+03 -0.8791E-01
  -1.11E-16
   2.776E-17
  -1.11E-16
   9.714E-17
   1.7E-16
   0.0
  1.573000000e-16
  -1.341000000e-16
  -2.452000000e-16
  3.600400000e-16
  -7.400000000e-17
  1.697300000e-16
  3.368000000e-01 5.285000000e-01 7.792000000e-01
  8.927000000e-01 -4.425000000e-01 -8.566000000e-02
  -2.996000000e-01 -7.244000000e-01 6.209000000e-01
 Node:         18
  0.1341E+03  0.1191E+03  0.5192E+03 -0.8791E-01
   0.0
   0.0
   0.0
   2.645E-17
   1.065E-16
   4.441E-16
  4.697000000e-16
  -1.672000000e-33
  -2.562000000e-17
  4.830200000e-16
  1.480300000e-16
  2.277000000e-16
  -5.484000000e-02 -2.207000000e-01 -9.738000000e-01
  9.705000000e-01 -2.411000000e-01 -6.210000000e-17
  -2.348000000e-01 -9.451000000e-01 2.274000000e-01
 Node:         19
  0.1301E+03  0.1291E+03  0.4914E+03  0.0000E+00
   1.11E-16
   0.0
   1.11E-16
   2.101E-19
   1.001E-17
  -2.22E-16
  1.113000000e-16
  1.110000000e-16
  -2.223000000e-16
  3.334500000e-16
  0.000000000e+00
  1.571900000e-16
  -2.096000000e-02 -9.993000000e-01 -3.003000000e-02
  9.998000000e-01 -2.097000000e-02 1.345000000e-19
  6.298000000e-04 3.003000000e-02 -9.995000000e-01
 Node:         20
  0.1299E+03  0.1291E+03  0.5058E+03  0.0000E+00
   2.22E-16
   0.0
   0.0
   1.041E-17
   1.924E-17
  -5.551E-17
  2.224000000e-16
  5.975000000e-18
  -6.188000000e-17
  2.571600000e-16
  5.549800000e-17
  1.212200000e-16
  -9.993000000e-01 -3.257000000e-03 -3.765000000e-02
  1.428000000e-02 -9.549000000e-01 -2.965000000e-01
  -3.498000000e-02 -2.968000000e-01 9.543000000e-01
 Node:         21
  0.1301E+03  0.1280E+03  0.5197E+03  0.0000E+00
   1.11E-16
   0.0
   0.0
   4.163E-17
   1.475E-17
   1.11E-16
  1.534000000e-16
  7.089000000e-17
  -2.220000000e-18
  1.348500000e-16
  7.402300000e-17
  6.357000000e-17
  -6.994000000e-01 -6.840000000e-02 -7.114000000e-01
  -7.126000000e-01 1.429000000e-01 6.869000000e-01
  -5.465000000e-02 -9.874000000e-01 1.487000000e-01
 Node:         22
  0.1360E+03  0.1256E+03  0.4913E+03  0.0000E+00
  -2.22E-16
   1.388E-17
  -1.11E-16
  -1.388E-17
   1.006E-16
   1.11E-16
  1.500000000e-16
  -1.456000000e-16
  -2.264000000e-16
  3.432100000e-16
  -7.400000000e-17
  1.617900000e-16
  -2.144000000e-02 3.586000000e-01 9.332000000e-01
  2.280000000e-01 9.106000000e-01 -3.447000000e-01
  -9.734000000e-01 2.054000000e-01 -1.013000000e-01
 Node:         23
  0.1343E+03  0.1253E+03  0.5054E+03  0.0000E+00
   0.0
   2.082E-17
  -4.441E-16
   0.0
   1.314E-16
  -1.665E-16
  1.265000000e-18
  -1.147000000e-16
  -4.972000000e-16
  4.517900000e-16
  -2.035500000e-16
  2.129700000e-16
  9.970000000e-01 6.061000000e-02 4.746000000e-02
  6.644000000e-02 -3.661000000e-01 -9.282000000e-01
  3.888000000e-02 -9.286000000e-01 3.690000000e-01
 Node:         24
  0.1336E+03  0.1248E+03  0.5194E+03  0.0000E+00
  -2.22E-16
   1.214E-17
   0.0
   1.388E-17
   8.674E-19
  -1.665E-16
  6.779000000e-19
  -1.633000000e-16
  -2.259000000e-16
  2.026600000e-16
  -1.295100000e-16
  9.553700000e-17
  -5.504000000e-02 -9.984000000e-01 -9.747000000e-03
  2.257000000e-01 -2.195000000e-02 9.740000000e-01
  -9.726000000e-01 5.141000000e-02 2.265000000e-01
 Node:         25
  0.1400E+03  0.1206E+03  0.4917E+03  0.0000E+00
   0.0
   2.671E-16
  -1.11E-16
  -8.327E-17
  -1.301E-16
   2.22E-16
  3.681000000e-16
  7.580000000e-17
  -3.329000000e-16
  6.098700000e-16
  3.700000000e-17
  2.874900000e-16
  5.089000000e-01 4.781000000e-01 -7.159000000e-01
  6.086000000e-01 3.883000000e-01 6.920000000e-01
  6.088000000e-01 -7.878000000e-01 -9.334000000e-02
 Node:         26
  0.1363E+03  0.1200E+03  0.5055E+03  0.0000E+00
   2.22E-16
   1.076E-16
  -6.106E-16
   2.776E-17
  -1.124E-15
  -5.551E-17
  8.281000000e-16
  2.248000000e-16
  -1.497000000e-15
  2.089800000e-15
  -1.480300000e-16
  9.851500000e-16
  7.371000000e-02 6.174000000e-01 -7.832000000e-01
  9.955000000e-01 1.018000000e-03 9.449000000e-02
  -5.914000000e-02 7.866000000e-01 6.146000000e-01
 Node:         27
  0.1343E+03  0.1203E+03  0.5192E+03  0.0000E+00
   2.22E-16
  -1.943E-16
   2.22E-16
  -1.041E-16
   1.313E-15
   0.0
  1.466000000e-15
  1.875000000e-16
  -1.209000000e-15
  2.317400000e-15
  1.481700000e-16
  1.092400000e-15
  -1.693000000e-01 7.280000000e-01 6.643000000e-01
  9.848000000e-01 9.849000000e-02 1.431000000e-01
  3.876000000e-02 6.785000000e-01 -7.336000000e-01
 Node:         28
  0.1155E+03  0.1124E+03  0.4931E+03 -0.5253E+00
  -2.22E-16
   3.816E-17
   2.22E-16
  -5.551E-17
   5.551E-17
   1.11E-16
  2.455000000e-16
  1.014000000e-16
  -2.359000000e-16
  4.279500000e-16
  3.700000000e-17
  2.017400000e-16
  3.184000000e-02 9.284000000e-01 3.701000000e-01
  1.988000000e-01 3.571000000e-01 -9.127000000e-01
  9.795000000e-01 -1.026000000e-01 1.732000000e-01
 Node:         29
  0.1119E+03  0.1139E+03  0.5068E+03 -0.5253E+00
  -2.22E-16
  -2.082E-17
   0.0
   5.551E-17
   6.939E-18
  -3.331E-16
  1.944000000e-18
  -2.004000000e-16
  -3.566000000e-16
  3.113600000e-16
  -1.850200000e-16
  1.467800000e-16
  -9.118000000e-02 9.958000000e-01 5.517000000e-03
  -9.179000000e-01 -8.189000000e-02 -3.884000000e-01
  -3.863000000e-01 -4.048000000e-02 9.215000000e-01
 Node:         30
  0.1113E+03  0.1159E+03  0.5206E+03 -0.5253E+00
   2.22E-16
   1.249E-16
   2.22E-16
   0.0
  -2.776E-17
   1.11E-16
  3.486000000e-16
  1.238000000e-16
  8.277000000e-17
  2.478800000e-16
  1.850600000e-16
  1.168500000e-16
  -7.001000000e-01 -7.092000000e-01 8.287000000e-02
  -4.685000000e-01 3.686000000e-01 -8.029000000e-01
  -5.389000000e-01 6.009000000e-01 5.903000000e-01
 Node:         31
  0.1203E+03  0.1126E+03  0.4920E+03 -0.5253E+00
  -5.551E-17
   9.714E-17
  -1.11E-16
   2.776E-17
   4.163E-17
  -5.551E-17
  4.114000000e-17
  -7.661000000e-17
  -1.866000000e-16
  1.972700000e-16
  -7.402300000e-17
  9.299200000e-17
  -6.956000000e-01 -5.654000000e-01 -4.433000000e-01
  4.358000000e-01 1.585000000e-01 -8.860000000e-01
  5.712000000e-01 -8.095000000e-01 1.362000000e-01
 Node:         32
  0.1188E+03  0.1134E+03  0.5062E+03 -0.5253E+00
   2.22E-16
  -1.388E-17
  -1.11E-16
  -2.776E-17
   9.714E-17
  -5.551E-17
  2.266000000e-16
  1.331000000e-17
  -1.844000000e-16
  3.560200000e-16
  1.850300000e-17
  1.678300000e-16
  -9.894000000e-01 7.624000000e-02 1.236000000e-01
  1.445000000e-01 5.992000000e-01 7.875000000e-01
  1.402000000e-02 -7.970000000e-01 6.038000000e-01
 Node:         33
  0.1183E+03  0.1150E+03  0.5201E+03 -0.5253E+00
   1.11E-16
   5.551E-17
   0.0
   8.327E-17
   0.0
   0.0
  1.700000000e-16
  0.000000000e+00
  -5.893000000e-17
  2.058900000e-16
  3.702300000e-17
  9.705800000e-17
  -8.617000000e-01 -2.815000000e-01 -4.222000000e-01
  0.000000000e+00 -8.321000000e-01 5.547000000e-01
  -5.074000000e-01 4.780000000e-01 7.170000000e-01
 Node:         34
  0.1255E+03  0.1129E+03  0.4909E+03 -0.5253E+00
   0.0
   0.0
   0.0
   5.551E-17
   9.714E-17
   0.0
  1.119000000e-16
  3.387000000e-33
  -1.119000000e-16
  1.938200000e-16
  0.000000000e+00
  9.136600000e-17
  -3.508000000e-01 -6.139000000e-01 -7.071000000e-01
  8.682000000e-01 -4.961000000e-01 -4.855000000e-17
  -3.508000000e-01 -6.139000000e-01 7.071000000e-01
 Node:         35
  0.1260E+03  0.1135E+03  0.5054E+03 -0.5253E+00
   0.0
   1.11E-16
  -1.11E-16
   1.11E-16
   2.498E-16
  -1.11E-16
  2.410000000e-16
  -1.023000000e-16
  -3.608000000e-16
  5.229000000e-16
  -7.403300000e-17
  2.465000000e-16
  5.458000000e-01 5.925000000e-01 5.925000000e-01
  8.379000000e-01 -3.859000000e-01 -3.859000000e-01
  -4.975000000e-17 -7.071000000e-01 7.071000000e-01
 Node:         36
  0.1257E+03  0.1153E+03  0.5196E+03 -0.5253E+00
   0.0
  -5.551E-17
   0.0
  -5.551E-17
   8.327E-17
   0.0
  1.305000000e-16
  -4.723000000e-17
  -8.327000000e-17
  1.982200000e-16
  0.000000000e+00
  9.344300000e-17
  -5.155000000e-01 6.059000000e-01 6.059000000e-01
  8.569000000e-01 3.645000000e-01 3.645000000e-01
  -1.256000000e-16 7.071000000e-01 -7.071000000e-01
 Node:         37
  0.1132E+03  0.1210E+03  0.4959E+03 -0.5253E+00
  -2.22E-16
   1.388E-16
  -2.22E-16
  -8.327E-17
   1.804E-16
  -2.776E-16
  -4.482000000e-17
  -1.622000000e-16
  -5.146000000e-16
  4.234700000e-16
  -2.405400000e-16
  1.996300000e-16
  3.971000000e-01 7.887000000e-01 4.693000000e-01
  -7.874000000e-01 3.010000000e-02 6.157000000e-01
  4.715000000e-01 -6.140000000e-01 6.330000000e-01
 Node:         38
  0.1111E+03  0.1204E+03  0.5085E+03 -0.5253E+00
  -1.665E-16
   9.714E-17
   0.0
  -2.776E-17
  -8.327E-17
  -2.22E-16
  7.071000000e-17
  -2.091000000e-16
  -2.502000000e-16
  3.024600000e-16
  -1.295300000e-16
  1.425800000e-16
  -3.916000000e-01 -8.746000000e-01 2.859000000e-01
  9.154000000e-01 -3.389000000e-01 2.170000000e-01
  9.287000000e-02 -3.467000000e-01 -9.334000000e-01
 Node:         39
  0.1119E+03  0.1201E+03  0.5207E+03 -0.5253E+00
  -5.551E-17
  -9.714E-17
  -3.331E-16
  -8.327E-17
  -7.633E-17
  -1.11E-16
  8.934000000e-18
  -1.105000000e-16
  -3.981000000e-16
  3.623900000e-16
  -1.665600000e-16
  1.708300000e-16
  8.510000000e-01 -1.281000000e-01 -5.092000000e-01
  4.076000000e-01 -4.503000000e-01 7.944000000e-01
  -3.311000000e-01 -8.836000000e-01 -3.310000000e-01
 Node:         40
  0.1191E+03  0.1220E+03  0.4937E+03 -0.5253E+00
   0.0
   8.327E-17
  -2.22E-16
   8.327E-17
  -1.388E-17
  -2.22E-16
  4.872000000e-17
  -2.082000000e-16
  -2.846000000e-16
  3.024500000e-16
  -1.480300000e-16
  1.425700000e-16
  -9.240000000e-01 -2.703000000e-01 -2.703000000e-01
  0.000000000e+00 -7.071000000e-01 7.071000000e-01
  3.823000000e-01 -6.534000000e-01 -6.534000000e-01
 Node:         41
  0.1182E+03  0.1217E+03  0.5073E+03 -0.5253E+00
   0.0
  -2.776E-17
  -5.551E-17
   5.551E-17
   9.714E-17
   1.11E-16
  1.653000000e-16
  1.073000000e-17
  -1.206000000e-16
  2.478700000e-16
  1.847700000e-17
  1.168500000e-16
  2.406000000e-01 3.653000000e-01 8.993000000e-01
  -8.901000000e-01 4.526000000e-01 5.428000000e-02
  -3.871000000e-01 -8.135000000e-01 4.340000000e-01
 Node:         42
  0.1187E+03  0.1212E+03  0.5204E+03 -0.5253E+00
   0.0
  -5.551E-17
  -1.11E-16
   0.0
   5.551E-17
   1.11E-16
  1.256000000e-16
  1.887000000e-17
  -1.444000000e-16
  2.355300000e-16
  2.333300000e-20
  1.110300000e-16
  1.113000000e-01 -2.517000000e-01 -9.614000000e-01
  9.295000000e-01 -3.159000000e-01 1.903000000e-01
  -3.516000000e-01 -9.148000000e-01 1.988000000e-01
 Node:         43
  0.1258E+03  0.1217E+03  0.4915E+03 -0.5253E+00
   2.22E-16
   1.11E-16
   1.11E-16
  -1.388E-17
   0.0
  -5.551E-17
  2.911000000e-16
  4.294000000e-17
  -5.645000000e-17
  3.100400000e-16
  9.253000000e-17
  1.461600000e-16
  -8.507000000e-01 -5.246000000e-01 3.406000000e-02
  -5.213000000e-01 8.502000000e-01 7.348000000e-02
  6.751000000e-02 -4.475000000e-02 9.967000000e-01
 Node:         44
  0.1259E+03  0.1220E+03  0.5059E+03 -0.5253E+00
  -2.22E-16
   1.388E-16
  -2.22E-16
   9.714E-17
   1.11E-16
  -1.11E-16
  5.081000000e-17
  -2.445000000e-16
  -3.614000000e-16
  3.679600000e-16
  -1.850300000e-16
  1.734600000e-16
  -5.113000000e-01 -5.340000000e-01 -6.733000000e-01
  -5.198000000e-01 -4.318000000e-01 7.372000000e-01
  -6.844000000e-01 7.269000000e-01 -5.679000000e-02
 Node:         45
  0.1261E+03  0.1221E+03  0.5198E+03 -0.5253E+00
  -5.551E-17
  -8.327E-17
  -2.776E-16
   2.776E-17
  -6.939E-18
   1.11E-16
  1.167000000e-16
  -3.339000000e-17
  -3.053000000e-16
  3.705000000e-16
  -7.399700000e-17
  1.746600000e-16
  1.854000000e-01 -5.643000000e-02 9.810000000e-01
  9.302000000e-01 -3.117000000e-01 -1.938000000e-01
  -3.167000000e-01 -9.485000000e-01 5.308000000e-03
 Node:         46
  0.1117E+03  0.1296E+03  0.4959E+03  0.0000E+00
  -5.551E-17
   2.776E-17
  -1.665E-16
   6.939E-18
  -2.602E-17
   0.0
  4.101000000e-18
  -4.897000000e-17
  -1.772000000e-16
  1.614500000e-16
  -7.402300000e-17
  7.610600000e-17
  4.856000000e-02 -1.429000000e-01 9.886000000e-01
  9.724000000e-01 2.327000000e-01 -1.414000000e-02
  -2.280000000e-01 9.620000000e-01 1.502000000e-01
 Node:         47
  0.1107E+03  0.1269E+03  0.5087E+03  0.0000E+00
  -1.665E-16
  -3.123E-17
   1.11E-16
  -2.776E-17
   3.99E-17
   0.0
  1.289000000e-16
  -1.114000000e-17
  -1.732000000e-16
  2.618600000e-16
  -1.848000000e-17
  1.234400000e-16
  -1.292000000e-01 9.390000000e-01 3.186000000e-01
  -1.008000000e-01 -3.321000000e-01 9.379000000e-01
  -9.865000000e-01 -8.906000000e-02 -1.376000000e-01
 Node:         48
  0.1125E+03  0.1242E+03  0.5208E+03  0.0000E+00
   1.11E-16
   3.469E-18
   1.11E-16
   0.0
  -1.735E-18
   1.11E-16
  1.149000000e-16
  1.110000000e-16
  1.071000000e-16
  6.755000000e-18
  1.110000000e-16
  3.184300000e-18
  -6.325000000e-01 -7.071000000e-01 3.162000000e-01
  4.472000000e-01 -4.455000000e-15 8.944000000e-01
  -6.325000000e-01 7.071000000e-01 3.162000000e-01
 Node:         49
  0.1186E+03  0.1311E+03  0.4938E+03  0.0000E+00
  -1.665E-16
  -2.082E-17
   0.0
  -4.163E-17
  -6.072E-18
  -5.551E-17
  2.581000000e-18
  -4.165000000e-17
  -1.830000000e-16
  1.678900000e-16
  -7.402300000e-17
  7.914600000e-17
  1.174000000e-01 -9.929000000e-01 1.965000000e-02
  -3.135000000e-01 -1.827000000e-02 9.494000000e-01
  -9.423000000e-01 -1.176000000e-01 -3.134000000e-01
 Node:         50
  0.1180E+03  0.1298E+03  0.5075E+03  0.0000E+00
   0.0
  -1.301E-17
   3.331E-16
  -4.163E-17
   1.247E-17
   2.22E-16
  3.354000000e-16
  2.276000000e-16
  -7.879000000e-18
  3.040700000e-16
  1.850400000e-16
  1.433400000e-16
  5.441000000e-02 -9.902000000e-01 -1.289000000e-01
  -1.707000000e-01 -1.364000000e-01 9.758000000e-01
  9.838000000e-01 3.109000000e-02 1.765000000e-01
 Node:         51
  0.1192E+03  0.1275E+03  0.5206E+03  0.0000E+00
   0.0
  -3.469E-18
  -5.551E-17
   0.0
   1.475E-17
   1.11E-16
  1.123000000e-16
  2.087000000e-19
  -5.702000000e-17
  1.491800000e-16
  1.849600000e-17
  7.032400000e-17
  -2.705000000e-03 8.758000000e-02 9.962000000e-01
  9.982000000e-01 -6.004000000e-02 7.989000000e-03
  -6.051000000e-02 -9.943000000e-01 8.725000000e-02
 Node:         52
  0.1262E+03  0.1305E+03  0.4920E+03  0.0000E+00
   1.11E-16
  -1.388E-17
   1.11E-16
   1.301E-18
   4.906E-18
   0.0
  1.250000000e-16
  9.734000000e-17
  -2.497000000e-19
  1.139700000e-16
  7.403000000e-17
  5.372400000e-17
  -7.047000000e-01 7.092000000e-01 2.051000000e-02
  7.093000000e-01 7.034000000e-01 4.493000000e-02
  -1.744000000e-02 -4.621000000e-02 9.988000000e-01
 Node:         53
  0.1258E+03  0.1304E+03  0.5063E+03  0.0000E+00
  -1.665E-16
  -1.735E-18
  -1.11E-16
   2.776E-17
   3.383E-17
  -2.22E-16
  -1.010000000e-16
  -1.572000000e-16
  -2.414000000e-16
  1.223900000e-16
  -1.665300000e-16
  5.769700000e-17
  9.684000000e-02 9.526000000e-01 2.883000000e-01
  -9.346000000e-01 1.866000000e-01 -3.027000000e-01
  -3.422000000e-01 -2.402000000e-01 9.084000000e-01
 Node:         54
  0.1265E+03  0.1288E+03  0.5200E+03  0.0000E+00
  -2.22E-16
   2.082E-17
   1.11E-16
   0.0
  -4.337E-18
   1.11E-16
  1.160000000e-16
  1.073000000e-16
  -2.233000000e-16
  3.350300000e-16
  0.000000000e+00
  1.579400000e-16
  -4.656000000e-02 -7.562000000e-01 6.527000000e-01
  -4.117000000e-02 -6.514000000e-01 -7.576000000e-01
  -9.981000000e-01 6.215000000e-02 8.061000000e-04
 Node:         55
  0.1383E+03  0.1167E+03  0.4546E+03 -0.4477E-02
  -0.09659
  -0.01166
   0.09121
   0.00664
   0.02638
   0.06707
  6.149100000e-02
  2.431700000e-02
  -5.586500000e-02
  1.042100000e-01
  9.980800000e-03
  4.912300000e-02
  8.875100000e-03 4.505300000e-01 2.953300000e-01
  -4.859100000e-02 3.079300000e-01 -4.576800000e-01
  -7.746500000e-01 -7.625800000e-02 3.127100000e-02
 Node:         56
  0.1315E+03  0.1156E+03  0.4695E+03 -0.4477E-02
  -0.1008
   0.008158
   0.04645
   0.02932
  -0.002154
   0.00816
  2.735500000e-02
  6.631200000e-03
  -6.082100000e-02
  8.005300000e-02
  -8.944800000e-03
  3.773700000e-02
  -6.763800000e-02 -6.348300000e-01 1.802700000e-02
  1.539400000e-01 4.518000000e-03 6.385100000e-01
  -9.445600000e-01 3.755800000e-02 2.249200000e-01
 Node:         57
  0.1285E+03  0.1140E+03  0.4824E+03 -0.4477E-02
  -0.02512
   0.01231
  -0.003039
   0.009568
  -0.0067
  -0.003405
  2.304800000e-03
  -4.328100000e-04
  -1.885100000e-02
  1.998300000e-02
  -5.659800000e-03
  9.420100000e-03
  -1.852700000e-01 -8.785400000e-01 4.823900000e-01
  4.722000000e-01 3.416000000e-01 8.275500000e-01
  -8.521600000e-01 3.856700000e-01 3.508900000e-01
 Node:         58
  0.1490E+03  0.1177E+03  0.4545E+03 -0.4477E-02
  -0.111
  -0.04479
   0.1581
  -0.006168
   0.02318
   0.03042
  9.532500000e-02
  7.260100000e-03
  -6.575300000e-02
  1.406300000e-01
  1.227700000e-02
  6.629500000e-02
  1.574100000e-01 -7.926700000e-01 -1.338400000e-01
  -1.046800000e-03 -1.513400000e-01 9.768100000e-01
  -7.749400000e-01 -1.268800000e-01 -3.017100000e-02
 Node:         59
  0.1423E+03  0.1167E+03  0.4701E+03 -0.4477E-02
  -0.1057
  -0.03467
   0.1088
   0.01627
   0.005969
  -0.01349
  6.626100000e-02
  -8.706400000e-03
  -6.202300000e-02
  1.120000000e-01
  -1.489400000e-03
  5.279900000e-02
  -7.410800000e-02 4.606500000e-01 9.194800000e-03
  1.474800000e-01 -2.505800000e-02 9.933100000e-01
  -5.800900000e-01 -9.005300000e-02 1.108700000e-01
 Node:         60
  0.1375E+03  0.1150E+03  0.4833E+03 -0.4477E-02
  -0.02316
  -0.003319
   0.0142
   0.01085
  -0.003904
  -0.006896
  9.640700000e-03
  -1.650400000e-03
  -1.474500000e-02
  2.128400000e-02
  -2.251400000e-03
  1.003300000e-02
  -1.560200000e-01 9.363400000e-01 -1.811500000e-01
  -2.748600000e-01 -1.995100000e-01 -4.400400000e-01
  -5.491300000e-01 2.725200000e-02 3.543600000e-01
 Node:         61
  0.1561E+03  0.1222E+03  0.4536E+03 -0.4477E-02
  -0.06444
  -0.04851
   0.1081
  -0.03858
   0.05275
  -0.1012
  7.234700000e-02
  -3.489800000e-02
  -7.447800000e-02
  1.316900000e-01
  -1.234300000e-02
  6.207900000e-02
  -2.475500000e-01 6.179300000e-01 1.664800000e-01
  7.140900000e-01 3.157800000e-01 -2.295000000e-01
  2.801800000e-01 -1.040500000e-01 7.541900000e-01
 Node:         62
  0.1497E+03  0.1204E+03  0.4701E+03 -0.4477E-02
  -0.01841
  -0.06041
   0.09371
  -0.008732
   0.02467
  -0.1094
  7.211300000e-02
  -2.296500000e-02
  -6.265900000e-02
  1.199300000e-01
  -4.503600000e-03
  5.653400000e-02
  -2.300800000e-01 5.206300000e-01 5.825900000e-02
  8.881900000e-01 4.388000000e-01 2.171600000e-02
  -2.563100000e-02 -5.501100000e-02 2.691700000e-01
 Node:         63
  0.1437E+03  0.1181E+03  0.4839E+03 -0.4477E-02
   0.009566
  -0.01573
   0.01691
   0.004707
  -0.004827
  -0.02072
  1.949400000e-02
  -1.675900000e-03
  -1.146100000e-02
  2.757500000e-02
  2.118900000e-03
  1.299900000e-02
  -2.632000000e-01 3.265400000e-01 -6.142300000e-02
  7.715600000e-01 6.276700000e-01 6.093900000e-02
  4.413100000e-02 -7.814100000e-02 -6.429600000e-02
 Node:         64
  0.1417E+03  0.1252E+03  0.4528E+03 -0.4477E-02
  -0.06808
   0.01956
   0.07906
  -0.02033
   0.01486
  -0.00874
  4.882600000e-02
  -4.294100000e-03
  -4.509900000e-02
  8.171200000e-02
  -1.889600000e-04
  3.851900000e-02
  1.040800000e-01 9.510000000e-01 1.214600000e-01
  3.395900000e-01 8.422500000e-02 -9.378600000e-01
  -7.029300000e-01 1.213300000e-01 -2.408900000e-01
 Node:         65
  0.1344E+03  0.1229E+03  0.4686E+03 -0.4477E-02
  -0.05817
   0.007434
   0.06777
  -0.004323
   0.005835
  -0.007297
  4.049400000e-02
  -5.536300000e-03
  -3.288900000e-02
  6.439000000e-02
  6.892800000e-04
  3.035400000e-02
  -3.769400000e-02 -6.174400000e-01 -4.021600000e-02
  -1.033200000e-01 -5.930200000e-02 7.054100000e-01
  -6.885700000e-01 4.920100000e-02 -8.906300000e-02
 Node:         66
  0.1299E+03  0.1214E+03  0.4825E+03 -0.4477E-02
  -0.007272
   3.814E-4
   0.01022
   0.003921
  -0.002952
  -0.002665
  6.850800000e-03
  -6.196500000e-04
  -5.010500000e-03
  1.052300000e-02
  4.068800000e-04
  4.960700000e-03
  -9.475800000e-02 -2.481300000e-01 9.450900000e-02
  3.371800000e-01 1.221000000e-01 4.742600000e-01
  6.214200000e-01 -9.519300000e-02 -3.649500000e-01
 Node:         67
  0.1505E+03  0.1244E+03  0.4528E+03 -0.4477E-02
  -0.07439
  -0.02451
   0.07395
  -0.01673
   0.01162
   0.03282
  4.733200000e-02
  1.015900000e-02
  -4.599400000e-02
  8.221900000e-02
  3.832400000e-03
  3.875800000e-02
  -1.602900000e-02 6.384800000e-02 -1.849200000e-02
  -1.264300000e-01 -2.392000000e-01 9.460700000e-01
  -8.366400000e-01 -1.306500000e-01 -8.773100000e-02
 Node:         68
  0.1437E+03  0.1225E+03  0.4691E+03 -0.4477E-02
  -0.05644
  -0.0446
   0.07523
  -0.007451
   0.01281
   0.01412
  5.464900000e-02
  2.724000000e-03
  -3.862900000e-02
  8.162700000e-02
  6.247900000e-03
  3.847900000e-02
  7.575900000e-02 -3.862600000e-01 -6.028200000e-02
  -5.989200000e-02 -2.047000000e-01 9.812600000e-01
  -3.958300000e-01 -9.471700000e-02 3.258800000e-02
 Node:         69
  0.1380E+03  0.1205E+03  0.4831E+03 -0.4477E-02
  -0.004727
  -0.01277
   0.01938
   0.001468
   0.001762
  -6.28E-4
  1.562800000e-02
  -3.662100000e-04
  -5.689000000e-03
  1.933100000e-02
  3.190900000e-03
  9.112800000e-03
  -4.011700000e-01 9.047000000e-01 6.342800000e-02
  1.555200000e-01 -6.697800000e-03 9.569200000e-01
  8.720800000e-01 3.772300000e-01 -1.402700000e-01
 Node:         70
  0.1563E+03  0.1243E+03  0.4532E+03 -0.4477E-02
  -0.06542
  -0.02958
   0.005051
  -0.04101
   0.02655
   0.09193
  5.822000000e-02
  -1.298200000e-03
  -4.603300000e-02
  9.077200000e-02
  3.629800000e-03
  4.279000000e-02
  -3.455200000e-02 3.888000000e-02 7.094600000e-02
  1.567600000e-01 -8.931400000e-01 4.209200000e-01
  7.617700000e-04 3.392800000e-02 -1.327800000e-02
 Node:         71
  0.1499E+03  0.1223E+03  0.4698E+03 -0.4477E-02
  -0.03436
  -0.06448
   0.04893
  -0.039
   0.03515
   0.03329
  6.798600000e-02
  1.019000000e-03
  -4.007300000e-02
  9.493400000e-02
  9.644200000e-03
  4.475200000e-02
  -3.338300000e-01 5.383400000e-01 3.896700000e-01
  5.037400000e-02 -5.704200000e-01 8.116700000e-01
  8.513900000e-01 4.150900000e-01 1.985200000e-01
 Node:         72
  0.1435E+03  0.1199E+03  0.4838E+03 -0.4477E-02
   0.002211
  -0.02229
   0.01817
  -0.004793
   0.006442
   0.001221
  2.239600000e-02
  -4.589000000e-04
  -7.413800000e-03
  2.710500000e-02
  4.841100000e-03
  1.277800000e-02
  -5.697500000e-01 7.780300000e-01 2.400000000e-01
  8.657800000e-02 -2.463800000e-01 9.531800000e-01
  8.108200000e-01 5.511900000e-01 7.662600000e-02
 Node:         73
  0.1451E+03  0.1339E+03  0.4520E+03  0.0000E+00
   0.02082
  -0.0166
  -0.05898
   0.008017
  -0.009496
   0.05479
  3.286400000e-02
  1.420000000e-02
  -3.697400000e-02
  6.296200000e-02
  3.363000000e-03
  2.968000000e-02
  1.671000000e-01 -4.646600000e-02 5.247200000e-01
  3.371100000e-01 -5.918800000e-02 -1.312000000e-01
  -7.743000000e-02 -4.722400000e-01 -3.220800000e-02
 Node:         74
  0.1372E+03  0.1304E+03  0.4682E+03  0.0000E+00
   0.05475
  -0.02113
  -0.03337
   0.002796
  -0.01441
   0.03169
  3.750600000e-02
  1.968400000e-02
  -2.274300000e-02
  5.370500000e-02
  1.148200000e-02
  2.531700000e-02
  2.171400000e-01 -1.335100000e-01 7.911000000e-02
  -2.127100000e-01 -1.188300000e-01 8.792800000e-01
  -1.135700000e-01 -2.303700000e-01 -8.109500000e-02
 Node:         75
  0.1314E+03  0.1289E+03  0.4826E+03  0.0000E+00
   0.0183
  -0.008396
  -0.005216
  -0.004575
  -0.002691
   0.001638
  1.359500000e-02
  1.498700000e-03
  -5.009500000e-03
  1.644100000e-02
  3.361300000e-03
  7.750300000e-03
  -9.403800000e-01 2.463700000e-01 1.917600000e-01
  7.285600000e-02 -3.923600000e-01 9.129200000e-01
  3.000600000e-01 7.909800000e-01 3.293700000e-01
 Node:         76
  0.1519E+03  0.1312E+03  0.4519E+03  0.0000E+00
   0.02375
  -0.02344
  -0.08396
  -0.002464
   0.02226
   0.08114
  4.883700000e-02
  1.681100000e-02
  -5.315400000e-02
  9.059200000e-02
  4.164500000e-03
  4.270500000e-02
  3.825700000e-04 7.738100000e-03 1.047900000e-01
  9.229500000e-01 -1.585500000e-01 8.403200000e-02
  9.565100000e-02 5.106800000e-01 -6.715400000e-02
 Node:         77
  0.1450E+03  0.1283E+03  0.4686E+03  0.0000E+00
   0.08478
  -0.008371
  -0.04732
  -0.005233
   0.01557
   0.03131
  5.244400000e-02
  2.017600000e-02
  -2.865900000e-02
  7.090000000e-02
  1.465400000e-02
  3.342300000e-02
  -9.819200000e-01 6.293900000e-02 1.432500000e-01
  1.516700000e-01 1.599700000e-01 9.707200000e-01
  -9.043700000e-03 -1.971400000e-02 -1.290000000e-03
 Node:         78
  0.1385E+03  0.1261E+03  0.4829E+03  0.0000E+00
   0.03536
   9.007E-5
  -0.004372
  -0.003922
  -5.895E-4
   7.752E-4
  2.191700000e-02
  3.500800000e-04
  -2.532700000e-03
  2.314600000e-02
  6.578300000e-03
  1.091100000e-02
  -9.858600000e-01 -1.264600000e-02 1.355000000e-01
  7.288600000e-02 -1.323300000e-01 4.866700000e-01
  -8.338500000e-02 -4.437800000e-02 -1.559400000e-01
 Node:         79
  0.1564E+03  0.1263E+03  0.4527E+03  0.0000E+00
   0.02903
   0.05209
   0.09548
   0.01481
  -0.004077
  -0.2924
  6.197000000e-02
  2.366300000e-05
  -1.530500000e-01
  1.913900000e-01
  -3.035100000e-02
  9.022100000e-02
  5.579100000e-01 8.111600000e-01 1.413200000e-02
  1.183200000e-01 -8.751000000e-03 3.120400000e-02
  -6.038100000e-02 -2.441500000e-02 9.807000000e-01
 Node:         80
  0.1500E+03  0.1242E+03  0.4696E+03  0.0000E+00
   0.09251
   0.03967
   0.04479
   0.01122
  -0.004353
  -0.2431
  6.830100000e-02
  9.507900000e-03
  -1.266800000e-01
  1.732500000e-01
  -1.629000000e-02
  8.167000000e-02
  8.659800000e-01 4.464500000e-01 6.835800000e-03
  -4.500800000e-01 8.817900000e-01 -2.724200000e-02
  -2.289000000e-02 2.060700000e-02 9.950900000e-01
 Node:         81
  0.1434E+03  0.1217E+03  0.4837E+03  0.0000E+00
   0.03837
   0.006708
   0.002604
  -0.002586
  -5.634E-4
  -0.03407
  2.456400000e-02
  3.935900000e-04
  -1.738000000e-02
  3.663500000e-02
  2.525600000e-03
  1.727000000e-02
  -9.774200000e-01 -1.919000000e-01 4.564800000e-02
  -1.949300000e-01 9.758200000e-01 2.024100000e-03
  4.805100000e-02 7.129400000e-03 9.920300000e-01
 Node:         82
  0.1267E+03  0.1149E+03  0.4577E+03 -0.4346E-01
  -0.04062
  -0.005951
   0.03016
   0.009236
   0.02477
   0.009895
  2.564500000e-02
  -2.138600000e-03
  -2.348400000e-02
  4.265300000e-02
  7.498200000e-06
  2.010700000e-02
  -2.953800000e-02 8.394900000e-01 5.282100000e-01
  -2.489300000e-01 4.644800000e-01 -6.921500000e-01
  4.064800000e-01 5.195800000e-02 -8.408200000e-02
 Node:         83
  0.1234E+03  0.1130E+03  0.4727E+03 -0.4346E-01
  -0.04471
   0.004719
   0.01366
   0.04088
   0.009808
  -0.02645
  1.147100000e-02
  -6.309400000e-04
  -4.346300000e-02
  5.003500000e-02
  -1.087400000e-02
  2.358700000e-02
  2.797000000e-01 7.593100000e-01 4.124000000e-01
  -4.944500000e-01 4.816100000e-01 -5.653900000e-01
  -7.378400000e-01 -1.432200000e-02 6.287000000e-01
 Node:         84
  0.1187E+03  0.1123E+03  0.4850E+03 -0.4346E-01
  -0.006277
   0.001416
   9.761E-4
   0.01538
  -6.197E-4
  -0.02676
  1.484100000e-03
  2.589400000e-04
  -1.966100000e-02
  2.061800000e-02
  -5.972800000e-03
  9.719500000e-03
  -7.465500000e-01 -5.116200000e-01 -3.677100000e-01
  4.353500000e-01 -8.090500000e-01 2.551800000e-01
  4.708200000e-01 -3.342700000e-02 -9.003700000e-01
 Node:         85
  0.1302E+03  0.1162E+03  0.4565E+03 -0.4346E-01
  -0.04163
  -0.003264
   0.03768
   0.01349
   0.03493
   0.01768
  3.568000000e-02
  -2.342000000e-03
  -2.583200000e-02
  5.374600000e-02
  2.501800000e-03
  2.533600000e-02
  -7.669700000e-04 6.092200000e-01 4.714200000e-01
  -2.398100000e-01 4.281600000e-01 -5.559900000e-01
  1.186900000e-01 1.150900000e-01 -9.444600000e-02
 Node:         86
  0.1252E+03  0.1139E+03  0.4711E+03 -0.4346E-01
  -0.02377
   0.02905
   0.06372
   0.07687
   0.03132
  -0.01368
  5.838600000e-02
  1.003300000e-02
  -5.479100000e-02
  9.832000000e-02
  4.542700000e-03
  4.634900000e-02
  -4.355900000e-01 -7.263200000e-01 -4.829300000e-01
  5.282200000e-01 -6.290900000e-01 5.052200000e-01
  7.594400000e-01 3.216000000e-02 -6.641500000e-01
 Node:         87
  0.1217E+03  0.1126E+03  0.4834E+03 -0.4346E-01
  -0.01214
   9.437E-4
   0.002398
   0.01988
  -0.003295
  -0.02476
  2.261800000e-03
  6.621500000e-04
  -2.199300000e-02
  2.358100000e-02
  -6.356200000e-03
  1.111600000e-02
  -5.127100000e-01 7.659600000e-01 -4.222100000e-01
  6.503400000e-01 6.522600000e-01 3.965700000e-01
  5.872600000e-01 -7.749100000e-02 -8.161900000e-01
 Node:         88
  0.1338E+03  0.1169E+03  0.4548E+03 -0.4346E-01
  -0.06763
  -0.008922
   0.0282
   0.01039
   0.04312
   0.05285
  4.823600000e-02
  -1.107700000e-03
  -4.079200000e-02
  7.730200000e-02
  2.112000000e-03
  3.644100000e-02
  -1.051800000e-02 6.130000000e-01 7.792200000e-01
  -2.284900000e-01 7.877900000e-01 -6.382500000e-01
  6.996000000e-01 1.385000000e-01 -7.742500000e-02
 Node:         89
  0.1270E+03  0.1150E+03  0.4695E+03 -0.4346E-01
  -0.07994
   0.01269
   0.01535
   0.03538
   0.01074
  -0.00655
  1.548900000e-02
  -2.006000000e-03
  -5.319000000e-02
  6.187700000e-02
  -1.323600000e-02
  2.916900000e-02
  2.207300000e-01 7.258500000e-01 4.745200000e-01
  -2.314000000e-01 5.090200000e-01 -6.704500000e-01
  -9.429800000e-01 4.127900000e-02 3.647300000e-01
 Node:         90
  0.1248E+03  0.1132E+03  0.4822E+03 -0.4346E-01
  -0.02125
   0.01226
  -0.005741
   0.0108
  -0.006005
  -0.006229
  6.990700000e-04
  -3.815200000e-04
  -1.843600000e-02
  1.868300000e-02
  -6.039400000e-03
  8.807300000e-03
  4.492400000e-01 8.590000000e-01 -4.716800000e-02
  2.441900000e-01 -1.293400000e-01 6.040800000e-01
  -8.088600000e-01 4.342300000e-01 4.101700000e-01
 Node:         91
  0.1262E+03  0.1267E+03  0.4554E+03 -0.4346E-01
  -0.03726
   0.03082
   0.0658
  -0.002627
   0.0339
   0.005874
  5.032400000e-02
  -3.314300000e-03
  -2.990000000e-02
  7.079200000e-02
  5.703400000e-03
  3.337100000e-02
  -1.205800000e-01 -3.007600000e-01 -1.360100000e-01
  -2.599000000e-01 -2.077300000e-01 6.781500000e-01
  -4.516000000e-01 1.791600000e-01 -1.243100000e-01
 Node:         92
  0.1211E+03  0.1237E+03  0.4729E+03 -0.4346E-01
  -0.04895
   0.008716
   0.03925
   0.00954
   0.02372
   0.02016
  3.228200000e-02
  1.958000000e-03
  -2.869000000e-02
  5.281800000e-02
  1.849900000e-03
  2.489800000e-02
  -9.619400000e-02 -6.646600000e-01 -4.470300000e-01
  4.845400000e-02 -4.671300000e-01 6.779100000e-01
  -8.980400000e-01 4.898900000e-02 9.716000000e-02
 Node:         93
  0.1160E+03  0.1217E+03  0.4877E+03 -0.4346E-01
  -0.008124
  -0.002513
   0.003312
   0.008059
   0.007003
  -0.00407
  4.350300000e-03
  -2.173600000e-04
  -8.580400000e-03
  1.138100000e-02
  -1.482500000e-03
  5.365000000e-03
  1.159900000e-01 5.168600000e-01 3.768100000e-01
  -3.696400000e-01 3.043800000e-01 -2.709500000e-01
  -4.535600000e-01 -2.030800000e-01 4.050500000e-01
 Node:         94
  0.1317E+03  0.1268E+03  0.4545E+03 -0.4346E-01
  -0.04428
   0.02972
   0.07328
  -0.01749
   0.03298
   0.0296
  5.395100000e-02
  1.211000000e-02
  -3.624800000e-02
  7.823200000e-02
  9.937900000e-03
  3.687900000e-02
  1.124600000e-01 9.316900000e-01 3.963300000e-01
  3.443800000e-01 3.299800000e-01 -8.550300000e-01
  8.883900000e-01 -2.524800000e-01 2.658900000e-01
 Node:         95
  0.1252E+03  0.1238E+03  0.4709E+03 -0.4346E-01
  -0.06931
   0.005273
   0.04486
   0.004659
   0.01637
   0.04441
  3.498200000e-02
  1.505700000e-02
  -3.916100000e-02
  6.651200000e-02
  3.626200000e-03
  3.135400000e-02
  3.330400000e-02 6.110800000e-01 5.782900000e-01
