 Group name: predicted_strain_L5A5
 #Fields=  17
 1) coordinates, coordinate, rectangular cartesian, #Components=3
   x.  Value index= 1, #Derivatives=0
   y.  Value index= 2, #Derivatives=0
   z.  Value index= 3, #Derivatives=0
 2) dummy, field, rectangular cartesian, #Components=1
   Tensor_1.  Value index= 4, #Derivatives=0
 3) Tensor_1, field, rectangular cartesian, #Components=1
   Tensor_1.  Value index= 5, #Derivatives=0
 4) Tensor_2, field, rectangular cartesian, #Components=1
   Tensor_2.  Value index= 6, #Derivatives=0
 5) Tensor_3, field, rectangular cartesian, #Components=1
   Tensor_3.  Value index= 7, #Derivatives=0
 6) Tensor_4, field, rectangular cartesian, #Components=1
   Tensor_4.  Value index= 8, #Derivatives=0
 7) Tensor_5, field, rectangular cartesian, #Components=1
   Tensor_5.  Value index= 9, #Derivatives=0
 8) Tensor_6, field, rectangular cartesian, #Components=1
   Tensor_6.  Value index= 10, #Derivatives=0
 9) Principal_1, field, rectangular cartesian, #Components=1
   Principal_1.  Value index= 11, #Derivatives=0
 10) Principal_2, field, rectangular cartesian, #Components=1
   Principal_2.  Value index= 12, #Derivatives=0
 11) Principal_3, field, rectangular cartesian, #Components=1
   Principal_3.  Value index= 13, #Derivatives=0
 12) VonMises, field, rectangular cartesian, #Components=1
   VonMises.  Value index= 14, #Derivatives=0
 13) Hydrostatic, field, rectangular cartesian, #Components=1
   VonMises.  Value index= 15, #Derivatives=0
 14) Octahedral, field, rectangular cartesian, #Components=1
   VonMises.  Value index= 16, #Derivatives=0
 15) PrincipalVector1, field, rectangular cartesian, #Components=3
   x.  Value index= 17, #Derivatives=0
   y.  Value index= 18, #Derivatives=0
   z.  Value index= 19, #Derivatives=0
 16) PrincipalVector2, field, rectangular cartesian, #Components=3
   x.  Value index= 20, #Derivatives=0
   y.  Value index= 21, #Derivatives=0
   z.  Value index= 22, #Derivatives=0
 17) PrincipalVector3, field, rectangular cartesian, #Components=3
   x.  Value index= 23, #Derivatives=0
   y.  Value index= 24, #Derivatives=0
   z.  Value index= 25, #Derivatives=0
 Node:          1
  0.1287E+03  0.1133E+03  0.4908E+03 -0.8000E-05
  -1.11E-16
  -8.327E-17
  -2.22E-16
  -2.776E-17
  -4.163E-17
  -3.331E-16
  -6.637000000e-17
  -2.400000000e-16
  -3.598000000e-16
  2.555400000e-16
  -2.220600000e-16
  1.204600000e-16
  8.837000000e-01 -4.676000000e-01 -1.897000000e-02
  4.046000000e-01 7.837000000e-01 -4.712000000e-01
  2.352000000e-01 4.088000000e-01 8.818000000e-01
 Node:          2
  0.1292E+03  0.1137E+03  0.5052E+03 -0.8000E-05
  -5.551E-17
  -1.11E-16
  -1.665E-16
  -5.551E-17
   1.943E-16
  -2.776E-16
  8.603000000e-17
  -1.600000000e-16
  -4.256000000e-16
  4.431900000e-16
  -1.665200000e-16
  2.089200000e-16
  -6.554000000e-01 6.199000000e-01 4.313000000e-01
  7.522000000e-01 4.849000000e-01 4.462000000e-01
  -6.744000000e-02 -6.169000000e-01 7.841000000e-01
 Node:          3
  0.1289E+03  0.1155E+03  0.5194E+03 -0.8000E-05
   2.22E-16
   1.388E-16
   3.331E-16
   1.11E-16
   5.551E-17
   2.22E-16
  4.753000000e-16
  2.118000000e-16
  9.006000000e-17
  3.410700000e-16
  2.590500000e-16
  1.607800000e-16
  -5.696000000e-01 -7.144000000e-01 -4.063000000e-01
  2.395000000e-01 -6.172000000e-01 7.494000000e-01
  -7.862000000e-01 3.296000000e-01 5.227000000e-01
 Node:          4
  0.1361E+03  0.1141E+03  0.4915E+03 -0.8000E-05
   0.0
  -2.776E-17
  -1.11E-16
  -2.776E-17
  -8.327E-17
   2.22E-16
  2.435000000e-16
  6.328000000e-18
  -1.388000000e-16
  3.342600000e-16
  3.700900000e-17
  1.575700000e-16
  -8.549000000e-02 -2.215000000e-01 9.714000000e-01
  9.681000000e-01 -2.491000000e-01 2.840000000e-02
  2.357000000e-01 9.428000000e-01 2.357000000e-01
 Node:          5
  0.1341E+03  0.1144E+03  0.5054E+03 -0.8000E-05
   3.331E-16
   1.388E-16
   3.331E-16
   5.551E-17
  -6.939E-17
   4.441E-16
  4.814000000e-16
  4.627000000e-16
  1.662000000e-16
  3.062800000e-16
  3.701000000e-16
  1.443800000e-16
  -3.480000000e-01 -6.443000000e-01 6.810000000e-01
  -6.589000000e-01 -3.487000000e-01 -6.665000000e-01
  6.669000000e-01 -6.807000000e-01 -3.032000000e-01
 Node:          6
  0.1323E+03  0.1162E+03  0.5191E+03 -0.8000E-05
   2.22E-16
   5.551E-17
   2.22E-16
  -5.551E-17
  -2.776E-17
   0.0
  2.897000000e-16
  1.685000000e-16
  -1.402000000e-17
  2.648100000e-16
  1.480600000e-16
  1.248300000e-16
  -7.150000000e-01 -6.696000000e-01 2.012000000e-01
  6.656000000e-01 -7.399000000e-01 -9.741000000e-02
  -2.141000000e-01 -6.426000000e-02 -9.747000000e-01
 Node:          7
  0.1408E+03  0.1171E+03  0.4920E+03 -0.8000E-05
   3.331E-16
   2.22E-16
   2.22E-16
  -8.327E-17
  -1.11E-16
   0.0
  5.398000000e-16
  6.158000000e-17
  -4.631000000e-17
  5.403100000e-16
  1.850200000e-16
  2.547000000e-16
  -7.537000000e-01 -6.111000000e-01 2.419000000e-01
  -6.560000000e-01 6.770000000e-01 -3.335000000e-01
  -4.004000000e-02 4.101000000e-01 9.112000000e-01
 Node:          8
  0.1367E+03  0.1169E+03  0.5055E+03 -0.8000E-05
   2.22E-16
   1.943E-16
   2.22E-16
  -4.025E-16
  -2.359E-16
  -2.22E-16
  6.547000000e-16
  4.477000000e-17
  -4.775000000e-16
  9.814900000e-16
  7.399000000e-17
  4.626800000e-16
  -6.847000000e-01 -5.611000000e-01 4.652000000e-01
  5.685000000e-01 -8.105000000e-01 -1.409000000e-01
  -4.561000000e-01 -1.681000000e-01 -8.739000000e-01
 Node:          9
  0.1339E+03  0.1180E+03  0.5191E+03 -0.8000E-05
   2.22E-16
   1.665E-16
   0.0
  -3.955E-16
  -2.776E-16
   6.661E-16
  1.002000000e-15
  -9.379000000e-18
  -1.046000000e-16
  1.062200000e-15
  2.960100000e-16
  5.007200000e-16
  -4.817000000e-01 -3.073000000e-01 8.207000000e-01
  -8.565000000e-01 -3.292000000e-02 -5.150000000e-01
  -1.853000000e-01 9.510000000e-01 2.474000000e-01
 Node:         10
  0.1294E+03  0.1212E+03  0.4911E+03 -0.8000E-05
   0.0
   2.776E-17
   1.11E-16
  -1.388E-17
   1.249E-16
   1.11E-16
  2.363000000e-16
  2.303000000e-17
  -3.732000000e-17
  2.489900000e-16
  7.400300000e-17
  1.173800000e-16
  4.210000000e-02 7.100000000e-01 7.030000000e-01
  -7.813000000e-01 -4.152000000e-01 4.661000000e-01
  -6.228000000e-01 5.688000000e-01 -5.372000000e-01
 Node:         11
  0.1295E+03  0.1214E+03  0.5055E+03 -0.8000E-05
  -2.22E-16
  -2.776E-17
  -2.22E-16
  -4.163E-17
   1.388E-17
  -1.665E-16
  -1.365000000e-16
  -2.183000000e-16
  -2.558000000e-16
  1.056600000e-16
  -2.035300000e-16
  4.981100000e-17
  -4.935000000e-01 2.929000000e-01 8.189000000e-01
  3.541000000e-01 -7.924000000e-01 4.968000000e-01
  -7.944000000e-01 -5.351000000e-01 -2.873000000e-01
 Node:         12
  0.1295E+03  0.1217E+03  0.5196E+03 -0.8000E-05
   1.11E-16
   0.0
   1.11E-16
   7.633E-17
   2.776E-17
   2.22E-16
  2.649000000e-16
  1.110000000e-16
  6.816000000e-17
  1.792000000e-16
  1.480200000e-16
  8.447700000e-17
  -4.387000000e-01 -1.595000000e-01 -8.844000000e-01
  3.417000000e-01 -9.398000000e-01 -2.255000000e-17
  8.311000000e-01 3.022000000e-01 -4.668000000e-01
 Node:         13
  0.1361E+03  0.1199E+03  0.4914E+03 -0.8000E-05
   1.11E-16
  -1.388E-16
   0.0
  -9.714E-17
   2.776E-17
  -1.665E-16
  2.285000000e-16
  -8.520000000e-17
  -1.988000000e-16
  3.833400000e-16
  -1.850000000e-17
  1.807100000e-16
  8.171000000e-01 -5.252000000e-01 -2.378000000e-01
  4.648000000e-01 8.442000000e-01 -2.671000000e-01
  3.410000000e-01 1.077000000e-01 9.339000000e-01
 Node:         14
  0.1342E+03  0.1198E+03  0.5054E+03 -0.8000E-05
  -5.551E-17
   2.776E-17
   0.0
   5.551E-17
  -9.021E-17
   1.11E-16
  1.672000000e-16
  -4.940000000e-18
  -1.068000000e-16
  2.398800000e-16
  1.848700000e-17
  1.130800000e-16
  1.634000000e-01 -4.472000000e-01 8.794000000e-01
  -6.569000000e-01 -7.144000000e-01 -2.412000000e-01
  -7.361000000e-01 5.382000000e-01 4.105000000e-01
 Node:         15
  0.1330E+03  0.1205E+03  0.5193E+03 -0.8000E-05
   2.22E-16
  -8.327E-17
  -5.551E-17
   1.388E-17
   4.857E-17
   0.0
  2.451000000e-16
  2.471000000e-17
  -1.033000000e-16
  3.052400000e-16
  5.550300000e-17
  1.438900000e-16
  -9.638000000e-01 2.667000000e-01 -1.723000000e-03
  1.157000000e-01 4.239000000e-01 8.983000000e-01
  2.403000000e-01 8.656000000e-01 -4.394000000e-01
 Node:         16
  0.1404E+03  0.1188E+03  0.4918E+03 -0.8000E-05
   2.22E-16
   5.551E-17
   2.22E-16
  -8.327E-17
  -1.457E-16
   4.441E-16
  5.466000000e-16
  1.950000000e-16
  1.465000000e-16
  3.781900000e-16
  2.960300000e-16
  1.782800000e-16
  -2.927000000e-01 -4.328000000e-01 8.526000000e-01
  -9.222000000e-01 -1.077000000e-01 -3.713000000e-01
  -2.526000000e-01 8.950000000e-01 3.676000000e-01
 Node:         17
  0.1365E+03  0.1184E+03  0.5055E+03 -0.8000E-05
  -1.11E-16
   2.776E-17
  -1.11E-16
   9.714E-17
   1.7E-16
   0.0
  1.573000000e-16
  -1.341000000e-16
  -2.452000000e-16
  3.600400000e-16
  -7.400000000e-17
  1.697300000e-16
  3.368000000e-01 5.285000000e-01 7.792000000e-01
  8.927000000e-01 -4.425000000e-01 -8.566000000e-02
  -2.996000000e-01 -7.244000000e-01 6.209000000e-01
 Node:         18
  0.1341E+03  0.1191E+03  0.5192E+03 -0.8000E-05
   0.0
   0.0
   0.0
   2.645E-17
   1.065E-16
   4.441E-16
  4.697000000e-16
  -1.672000000e-33
  -2.562000000e-17
  4.830200000e-16
  1.480300000e-16
  2.277000000e-16
  -5.484000000e-02 -2.207000000e-01 -9.738000000e-01
  9.705000000e-01 -2.411000000e-01 -6.210000000e-17
  -2.348000000e-01 -9.451000000e-01 2.274000000e-01
 Node:         19
  0.1301E+03  0.1291E+03  0.4914E+03  0.0000E+00
   1.11E-16
   0.0
   1.11E-16
   2.101E-19
   1.001E-17
  -2.22E-16
  1.113000000e-16
  1.110000000e-16
  -2.223000000e-16
  3.334500000e-16
  0.000000000e+00
  1.571900000e-16
  -2.096000000e-02 -9.993000000e-01 -3.003000000e-02
  9.998000000e-01 -2.097000000e-02 1.345000000e-19
  6.298000000e-04 3.003000000e-02 -9.995000000e-01
 Node:         20
  0.1299E+03  0.1291E+03  0.5058E+03  0.0000E+00
   2.22E-16
   0.0
   0.0
   1.041E-17
   1.924E-17
  -5.551E-17
  2.224000000e-16
  5.975000000e-18
  -6.188000000e-17
  2.571600000e-16
  5.549800000e-17
  1.212200000e-16
  -9.993000000e-01 -3.257000000e-03 -3.765000000e-02
  1.428000000e-02 -9.549000000e-01 -2.965000000e-01
  -3.498000000e-02 -2.968000000e-01 9.543000000e-01
 Node:         21
  0.1301E+03  0.1280E+03  0.5197E+03  0.0000E+00
   1.11E-16
   0.0
   0.0
   4.163E-17
   1.475E-17
   1.11E-16
  1.534000000e-16
  7.089000000e-17
  -2.220000000e-18
  1.348500000e-16
  7.402300000e-17
  6.357000000e-17
  -6.994000000e-01 -6.840000000e-02 -7.114000000e-01
  -7.126000000e-01 1.429000000e-01 6.869000000e-01
  -5.465000000e-02 -9.874000000e-01 1.487000000e-01
 Node:         22
  0.1360E+03  0.1256E+03  0.4913E+03  0.0000E+00
  -2.22E-16
   1.388E-17
  -1.11E-16
  -1.388E-17
   1.006E-16
   1.11E-16
  1.500000000e-16
  -1.456000000e-16
  -2.264000000e-16
  3.432100000e-16
  -7.400000000e-17
  1.617900000e-16
  -2.144000000e-02 3.586000000e-01 9.332000000e-01
  2.280000000e-01 9.106000000e-01 -3.447000000e-01
  -9.734000000e-01 2.054000000e-01 -1.013000000e-01
 Node:         23
  0.1343E+03  0.1253E+03  0.5054E+03  0.0000E+00
   0.0
   2.082E-17
  -4.441E-16
   0.0
   1.314E-16
  -1.665E-16
  1.265000000e-18
  -1.147000000e-16
  -4.972000000e-16
  4.517900000e-16
  -2.035500000e-16
  2.129700000e-16
  9.970000000e-01 6.061000000e-02 4.746000000e-02
  6.644000000e-02 -3.661000000e-01 -9.282000000e-01
  3.888000000e-02 -9.286000000e-01 3.690000000e-01
 Node:         24
  0.1336E+03  0.1248E+03  0.5194E+03  0.0000E+00
  -2.22E-16
   1.214E-17
   0.0
   1.388E-17
   8.674E-19
  -1.665E-16
  6.779000000e-19
  -1.633000000e-16
  -2.259000000e-16
  2.026600000e-16
  -1.295100000e-16
  9.553700000e-17
  -5.504000000e-02 -9.984000000e-01 -9.747000000e-03
  2.257000000e-01 -2.195000000e-02 9.740000000e-01
  -9.726000000e-01 5.141000000e-02 2.265000000e-01
 Node:         25
  0.1400E+03  0.1206E+03  0.4917E+03  0.0000E+00
   0.0
   2.671E-16
  -1.11E-16
  -8.327E-17
  -1.301E-16
   2.22E-16
  3.681000000e-16
  7.580000000e-17
  -3.329000000e-16
  6.098700000e-16
  3.700000000e-17
  2.874900000e-16
  5.089000000e-01 4.781000000e-01 -7.159000000e-01
  6.086000000e-01 3.883000000e-01 6.920000000e-01
  6.088000000e-01 -7.878000000e-01 -9.334000000e-02
 Node:         26
  0.1363E+03  0.1200E+03  0.5055E+03  0.0000E+00
   2.22E-16
   1.076E-16
  -6.106E-16
   2.776E-17
  -1.124E-15
  -5.551E-17
  8.281000000e-16
  2.248000000e-16
  -1.497000000e-15
  2.089800000e-15
  -1.480300000e-16
  9.851500000e-16
  7.371000000e-02 6.174000000e-01 -7.832000000e-01
  9.955000000e-01 1.018000000e-03 9.449000000e-02
  -5.914000000e-02 7.866000000e-01 6.146000000e-01
 Node:         27
  0.1343E+03  0.1203E+03  0.5192E+03  0.0000E+00
   2.22E-16
  -1.943E-16
   2.22E-16
  -1.041E-16
   1.313E-15
   0.0
  1.466000000e-15
  1.875000000e-16
  -1.209000000e-15
  2.317400000e-15
  1.481700000e-16
  1.092400000e-15
  -1.693000000e-01 7.280000000e-01 6.643000000e-01
  9.848000000e-01 9.849000000e-02 1.431000000e-01
  3.876000000e-02 6.785000000e-01 -7.336000000e-01
 Node:         28
  0.1155E+03  0.1124E+03  0.4931E+03 -0.4728E-04
  -2.22E-16
   3.816E-17
   2.22E-16
  -5.551E-17
   5.551E-17
   1.11E-16
  2.455000000e-16
  1.014000000e-16
  -2.359000000e-16
  4.279500000e-16
  3.700000000e-17
  2.017400000e-16
  3.184000000e-02 9.284000000e-01 3.701000000e-01
  1.988000000e-01 3.571000000e-01 -9.127000000e-01
  9.795000000e-01 -1.026000000e-01 1.732000000e-01
 Node:         29
  0.1119E+03  0.1139E+03  0.5068E+03 -0.4728E-04
  -2.22E-16
  -2.082E-17
   0.0
   5.551E-17
   6.939E-18
  -3.331E-16
  1.944000000e-18
  -2.004000000e-16
  -3.566000000e-16
  3.113600000e-16
  -1.850200000e-16
  1.467800000e-16
  -9.118000000e-02 9.958000000e-01 5.517000000e-03
  -9.179000000e-01 -8.189000000e-02 -3.884000000e-01
  -3.863000000e-01 -4.048000000e-02 9.215000000e-01
 Node:         30
  0.1113E+03  0.1159E+03  0.5206E+03 -0.4728E-04
   2.22E-16
   1.249E-16
   2.22E-16
   0.0
  -2.776E-17
   1.11E-16
  3.486000000e-16
  1.238000000e-16
  8.277000000e-17
  2.478800000e-16
  1.850600000e-16
  1.168500000e-16
  -7.001000000e-01 -7.092000000e-01 8.287000000e-02
  -4.685000000e-01 3.686000000e-01 -8.029000000e-01
  -5.389000000e-01 6.009000000e-01 5.903000000e-01
 Node:         31
  0.1203E+03  0.1126E+03  0.4920E+03 -0.4728E-04
  -5.551E-17
   9.714E-17
  -1.11E-16
   2.776E-17
   4.163E-17
  -5.551E-17
  4.114000000e-17
  -7.661000000e-17
  -1.866000000e-16
  1.972700000e-16
  -7.402300000e-17
  9.299200000e-17
  -6.956000000e-01 -5.654000000e-01 -4.433000000e-01
  4.358000000e-01 1.585000000e-01 -8.860000000e-01
  5.712000000e-01 -8.095000000e-01 1.362000000e-01
 Node:         32
  0.1188E+03  0.1134E+03  0.5062E+03 -0.4728E-04
   2.22E-16
  -1.388E-17
  -1.11E-16
  -2.776E-17
   9.714E-17
  -5.551E-17
  2.266000000e-16
  1.331000000e-17
  -1.844000000e-16
  3.560200000e-16
  1.850300000e-17
  1.678300000e-16
  -9.894000000e-01 7.624000000e-02 1.236000000e-01
  1.445000000e-01 5.992000000e-01 7.875000000e-01
  1.402000000e-02 -7.970000000e-01 6.038000000e-01
 Node:         33
  0.1183E+03  0.1150E+03  0.5201E+03 -0.4728E-04
   1.11E-16
   5.551E-17
   0.0
   8.327E-17
   0.0
   0.0
  1.700000000e-16
  0.000000000e+00
  -5.893000000e-17
  2.058900000e-16
  3.702300000e-17
  9.705800000e-17
  -8.617000000e-01 -2.815000000e-01 -4.222000000e-01
  0.000000000e+00 -8.321000000e-01 5.547000000e-01
  -5.074000000e-01 4.780000000e-01 7.170000000e-01
 Node:         34
  0.1255E+03  0.1129E+03  0.4909E+03 -0.4728E-04
   0.0
   0.0
   0.0
   5.551E-17
   9.714E-17
   0.0
  1.119000000e-16
  3.387000000e-33
  -1.119000000e-16
  1.938200000e-16
  0.000000000e+00
  9.136600000e-17
  -3.508000000e-01 -6.139000000e-01 -7.071000000e-01
  8.682000000e-01 -4.961000000e-01 -4.855000000e-17
  -3.508000000e-01 -6.139000000e-01 7.071000000e-01
 Node:         35
  0.1260E+03  0.1135E+03  0.5054E+03 -0.4728E-04
   0.0
   1.11E-16
  -1.11E-16
   1.11E-16
   2.498E-16
  -1.11E-16
  2.410000000e-16
  -1.023000000e-16
  -3.608000000e-16
  5.229000000e-16
  -7.403300000e-17
  2.465000000e-16
  5.458000000e-01 5.925000000e-01 5.925000000e-01
  8.379000000e-01 -3.859000000e-01 -3.859000000e-01
  -4.975000000e-17 -7.071000000e-01 7.071000000e-01
 Node:         36
  0.1257E+03  0.1153E+03  0.5196E+03 -0.4728E-04
   0.0
  -5.551E-17
   0.0
  -5.551E-17
   8.327E-17
   0.0
  1.305000000e-16
  -4.723000000e-17
  -8.327000000e-17
  1.982200000e-16
  0.000000000e+00
  9.344300000e-17
  -5.155000000e-01 6.059000000e-01 6.059000000e-01
  8.569000000e-01 3.645000000e-01 3.645000000e-01
  -1.256000000e-16 7.071000000e-01 -7.071000000e-01
 Node:         37
  0.1132E+03  0.1210E+03  0.4959E+03 -0.4728E-04
  -2.22E-16
   1.388E-16
  -2.22E-16
  -8.327E-17
   1.804E-16
  -2.776E-16
  -4.482000000e-17
  -1.622000000e-16
  -5.146000000e-16
  4.234700000e-16
  -2.405400000e-16
  1.996300000e-16
  3.971000000e-01 7.887000000e-01 4.693000000e-01
  -7.874000000e-01 3.010000000e-02 6.157000000e-01
  4.715000000e-01 -6.140000000e-01 6.330000000e-01
 Node:         38
  0.1111E+03  0.1204E+03  0.5085E+03 -0.4728E-04
  -1.665E-16
   9.714E-17
   0.0
  -2.776E-17
  -8.327E-17
  -2.22E-16
  7.071000000e-17
  -2.091000000e-16
  -2.502000000e-16
  3.024600000e-16
  -1.295300000e-16
  1.425800000e-16
  -3.916000000e-01 -8.746000000e-01 2.859000000e-01
  9.154000000e-01 -3.389000000e-01 2.170000000e-01
  9.287000000e-02 -3.467000000e-01 -9.334000000e-01
 Node:         39
  0.1119E+03  0.1201E+03  0.5207E+03 -0.4728E-04
  -5.551E-17
  -9.714E-17
  -3.331E-16
  -8.327E-17
  -7.633E-17
  -1.11E-16
  8.934000000e-18
  -1.105000000e-16
  -3.981000000e-16
  3.623900000e-16
  -1.665600000e-16
  1.708300000e-16
  8.510000000e-01 -1.281000000e-01 -5.092000000e-01
  4.076000000e-01 -4.503000000e-01 7.944000000e-01
  -3.311000000e-01 -8.836000000e-01 -3.310000000e-01
 Node:         40
  0.1191E+03  0.1220E+03  0.4937E+03 -0.4728E-04
   0.0
   8.327E-17
  -2.22E-16
   8.327E-17
  -1.388E-17
  -2.22E-16
  4.872000000e-17
  -2.082000000e-16
  -2.846000000e-16
  3.024500000e-16
  -1.480300000e-16
  1.425700000e-16
  -9.240000000e-01 -2.703000000e-01 -2.703000000e-01
  0.000000000e+00 -7.071000000e-01 7.071000000e-01
  3.823000000e-01 -6.534000000e-01 -6.534000000e-01
 Node:         41
  0.1182E+03  0.1217E+03  0.5073E+03 -0.4728E-04
   0.0
  -2.776E-17
  -5.551E-17
   5.551E-17
   9.714E-17
   1.11E-16
  1.653000000e-16
  1.073000000e-17
  -1.206000000e-16
  2.478700000e-16
  1.847700000e-17
  1.168500000e-16
  2.406000000e-01 3.653000000e-01 8.993000000e-01
  -8.901000000e-01 4.526000000e-01 5.428000000e-02
  -3.871000000e-01 -8.135000000e-01 4.340000000e-01
 Node:         42
  0.1187E+03  0.1212E+03  0.5204E+03 -0.4728E-04
   0.0
  -5.551E-17
  -1.11E-16
   0.0
   5.551E-17
   1.11E-16
  1.256000000e-16
  1.887000000e-17
  -1.444000000e-16
  2.355300000e-16
  2.333300000e-20
  1.110300000e-16
  1.113000000e-01 -2.517000000e-01 -9.614000000e-01
  9.295000000e-01 -3.159000000e-01 1.903000000e-01
  -3.516000000e-01 -9.148000000e-01 1.988000000e-01
 Node:         43
  0.1258E+03  0.1217E+03  0.4915E+03 -0.4728E-04
   2.22E-16
   1.11E-16
   1.11E-16
  -1.388E-17
   0.0
  -5.551E-17
  2.911000000e-16
  4.294000000e-17
  -5.645000000e-17
  3.100400000e-16
  9.253000000e-17
  1.461600000e-16
  -8.507000000e-01 -5.246000000e-01 3.406000000e-02
  -5.213000000e-01 8.502000000e-01 7.348000000e-02
  6.751000000e-02 -4.475000000e-02 9.967000000e-01
 Node:         44
  0.1259E+03  0.1220E+03  0.5059E+03 -0.4728E-04
  -2.22E-16
   1.388E-16
  -2.22E-16
   9.714E-17
   1.11E-16
  -1.11E-16
  5.081000000e-17
  -2.445000000e-16
  -3.614000000e-16
  3.679600000e-16
  -1.850300000e-16
  1.734600000e-16
  -5.113000000e-01 -5.340000000e-01 -6.733000000e-01
  -5.198000000e-01 -4.318000000e-01 7.372000000e-01
  -6.844000000e-01 7.269000000e-01 -5.679000000e-02
 Node:         45
  0.1261E+03  0.1221E+03  0.5198E+03 -0.4728E-04
  -5.551E-17
  -8.327E-17
  -2.776E-16
   2.776E-17
  -6.939E-18
   1.11E-16
  1.167000000e-16
  -3.339000000e-17
  -3.053000000e-16
  3.705000000e-16
  -7.399700000e-17
  1.746600000e-16
  1.854000000e-01 -5.643000000e-02 9.810000000e-01
  9.302000000e-01 -3.117000000e-01 -1.938000000e-01
  -3.167000000e-01 -9.485000000e-01 5.308000000e-03
 Node:         46
  0.1117E+03  0.1296E+03  0.4959E+03  0.0000E+00
  -5.551E-17
   2.776E-17
  -1.665E-16
   6.939E-18
  -2.602E-17
   0.0
  4.101000000e-18
  -4.897000000e-17
  -1.772000000e-16
  1.614500000e-16
  -7.402300000e-17
  7.610600000e-17
  4.856000000e-02 -1.429000000e-01 9.886000000e-01
  9.724000000e-01 2.327000000e-01 -1.414000000e-02
  -2.280000000e-01 9.620000000e-01 1.502000000e-01
 Node:         47
  0.1107E+03  0.1269E+03  0.5087E+03  0.0000E+00
  -1.665E-16
  -3.123E-17
   1.11E-16
  -2.776E-17
   3.99E-17
   0.0
  1.289000000e-16
  -1.114000000e-17
  -1.732000000e-16
  2.618600000e-16
  -1.848000000e-17
  1.234400000e-16
  -1.292000000e-01 9.390000000e-01 3.186000000e-01
  -1.008000000e-01 -3.321000000e-01 9.379000000e-01
  -9.865000000e-01 -8.906000000e-02 -1.376000000e-01
 Node:         48
  0.1125E+03  0.1242E+03  0.5208E+03  0.0000E+00
   1.11E-16
   3.469E-18
   1.11E-16
   0.0
  -1.735E-18
   1.11E-16
  1.149000000e-16
  1.110000000e-16
  1.071000000e-16
  6.755000000e-18
  1.110000000e-16
  3.184300000e-18
  -6.325000000e-01 -7.071000000e-01 3.162000000e-01
  4.472000000e-01 -4.455000000e-15 8.944000000e-01
  -6.325000000e-01 7.071000000e-01 3.162000000e-01
 Node:         49
  0.1186E+03  0.1311E+03  0.4938E+03  0.0000E+00
  -1.665E-16
  -2.082E-17
   0.0
  -4.163E-17
  -6.072E-18
  -5.551E-17
  2.581000000e-18
  -4.165000000e-17
  -1.830000000e-16
  1.678900000e-16
  -7.402300000e-17
  7.914600000e-17
  1.174000000e-01 -9.929000000e-01 1.965000000e-02
  -3.135000000e-01 -1.827000000e-02 9.494000000e-01
  -9.423000000e-01 -1.176000000e-01 -3.134000000e-01
 Node:         50
  0.1180E+03  0.1298E+03  0.5075E+03  0.0000E+00
   0.0
  -1.301E-17
   3.331E-16
  -4.163E-17
   1.247E-17
   2.22E-16
  3.354000000e-16
  2.276000000e-16
  -7.879000000e-18
  3.040700000e-16
  1.850400000e-16
  1.433400000e-16
  5.441000000e-02 -9.902000000e-01 -1.289000000e-01
  -1.707000000e-01 -1.364000000e-01 9.758000000e-01
  9.838000000e-01 3.109000000e-02 1.765000000e-01
 Node:         51
  0.1192E+03  0.1275E+03  0.5206E+03  0.0000E+00
   0.0
  -3.469E-18
  -5.551E-17
   0.0
   1.475E-17
   1.11E-16
  1.123000000e-16
  2.087000000e-19
  -5.702000000e-17
  1.491800000e-16
  1.849600000e-17
  7.032400000e-17
  -2.705000000e-03 8.758000000e-02 9.962000000e-01
  9.982000000e-01 -6.004000000e-02 7.989000000e-03
  -6.051000000e-02 -9.943000000e-01 8.725000000e-02
 Node:         52
  0.1262E+03  0.1305E+03  0.4920E+03  0.0000E+00
   1.11E-16
  -1.388E-17
   1.11E-16
   1.301E-18
   4.906E-18
   0.0
  1.250000000e-16
  9.734000000e-17
  -2.497000000e-19
  1.139700000e-16
  7.403000000e-17
  5.372400000e-17
  -7.047000000e-01 7.092000000e-01 2.051000000e-02
  7.093000000e-01 7.034000000e-01 4.493000000e-02
  -1.744000000e-02 -4.621000000e-02 9.988000000e-01
 Node:         53
  0.1258E+03  0.1304E+03  0.5063E+03  0.0000E+00
  -1.665E-16
  -1.735E-18
  -1.11E-16
   2.776E-17
   3.383E-17
  -2.22E-16
  -1.010000000e-16
  -1.572000000e-16
  -2.414000000e-16
  1.223900000e-16
  -1.665300000e-16
  5.769700000e-17
  9.684000000e-02 9.526000000e-01 2.883000000e-01
  -9.346000000e-01 1.866000000e-01 -3.027000000e-01
  -3.422000000e-01 -2.402000000e-01 9.084000000e-01
 Node:         54
  0.1265E+03  0.1288E+03  0.5200E+03  0.0000E+00
  -2.22E-16
   2.082E-17
   1.11E-16
   0.0
  -4.337E-18
   1.11E-16
  1.160000000e-16
  1.073000000e-16
  -2.233000000e-16
  3.350300000e-16
  0.000000000e+00
  1.579400000e-16
  -4.656000000e-02 -7.562000000e-01 6.527000000e-01
  -4.117000000e-02 -6.514000000e-01 -7.576000000e-01
  -9.981000000e-01 6.215000000e-02 8.061000000e-04
 Node:         55
  0.1382E+03  0.1168E+03  0.4539E+03  0.4935E-02
  -0.08511
  -0.01962
   0.09008
   0.002065
   0.0366
   0.04111
  7.376100000e-02
  6.870600000e-03
  -5.487900000e-02
  1.131900000e-01
  8.584200000e-03
  5.335900000e-02
  -1.196400000e-01 -2.498500000e-01 -1.292000000e-01
  1.800200000e-01 -3.596200000e-01 5.896800000e-01
  -7.804800000e-01 -3.728800000e-02 -1.171800000e-01
 Node:         56
  0.1314E+03  0.1156E+03  0.4692E+03  0.4935E-02
  -0.08385
  -0.001838
   0.04671
   0.01968
   0.005091
  -0.002057
  2.927500000e-02
  -2.521600000e-03
  -5.563900000e-02
  7.537300000e-02
  -9.628700000e-03
  3.553100000e-02
  1.465000000e-01 2.343000000e-01 1.721700000e-02
  5.953400000e-02 -7.001100000e-02 -7.363000000e-02
  -7.779300000e-01 2.130800000e-02 3.851400000e-02
 Node:         57
  0.1285E+03  0.1140E+03  0.4824E+03  0.4935E-02
  -0.019
   0.00811
  -5.895E-4
   0.006826
  -0.004668
  -0.003208
  8.900200000e-04
  -9.459200000e-04
  -1.535400000e-02
  1.496500000e-02
  -5.136600000e-03
  7.054400000e-03
  -1.006200000e-01 -8.759400000e-01 3.343000000e-01
  3.729600000e-01 1.711900000e-01 7.585000000e-01
  -7.920700000e-01 3.712100000e-01 2.639400000e-01
 Node:         58
  0.1488E+03  0.1180E+03  0.4534E+03  0.4935E-02
  -0.09872
  -0.05129
   0.1583
  -0.008348
   0.02928
  -0.0122
  1.165700000e-01
  -2.274100000e-02
  -6.871800000e-02
  1.668200000e-01
  8.369700000e-03
  7.863800000e-02
  -1.685900000e-01 9.608400000e-02 8.209200000e-03
  2.329600000e-01 -1.824200000e-01 7.664000000e-01
  -2.102300000e-02 8.935900000e-03 -4.147000000e-02
 Node:         59
  0.1421E+03  0.1168E+03  0.4695E+03  0.4935E-02
  -0.08049
  -0.04608
   0.1103
   4.635E-4
   0.01861
  -0.02294
  8.267900000e-02
  -1.969600000e-02
  -5.741200000e-02
  1.263800000e-01
  1.857100000e-03
  5.957700000e-02
  2.256200000e-01 -2.139700000e-01 -1.041400000e-01
  1.522200000e-01 -1.206500000e-01 7.565800000e-01
  1.380700000e-01 6.478500000e-02 1.773600000e-01
 Node:         60
  0.1375E+03  0.1150E+03  0.4832E+03  0.4935E-02
  -0.01222
  -0.009293
   0.01743
   0.003233
   9.726E-4
  -0.003859
  1.457900000e-02
  -1.746200000e-03
  -1.023500000e-02
  2.205800000e-02
  8.661300000e-04
  1.039800000e-02
  -1.328100000e-01 6.358400000e-01 -4.623200000e-02
  -9.730400000e-02 -2.831700000e-01 6.145500000e-01
  3.430200000e-01 2.794000000e-01 -4.678200000e-02
 Node:         61
  0.1558E+03  0.1227E+03  0.4524E+03  0.4935E-02
  -0.04334
  -0.05073
   0.1003
  -0.03607
   0.04322
  -0.1239
  7.646600000e-02
  -3.134300000e-02
  -9.550200000e-02
  1.514800000e-01
  -1.679300000e-02
  7.140800000e-02
  -1.653000000e-01 7.065100000e-01 1.883600000e-01
  9.071300000e-01 3.841200000e-01 -9.122400000e-02
  2.435200000e-01 -1.892000000e-01 9.417900000e-01
 Node:         62
  0.1495E+03  0.1207E+03  0.4694E+03  0.4935E-02
   0.01201
  -0.07865
   0.102
  -0.02345
   0.03227
  -0.09701
  1.054400000e-01
  -2.371100000e-02
  -6.546600000e-02
  1.545900000e-01
  5.422000000e-03
  7.287600000e-02
  -2.521100000e-01 3.813000000e-01 5.744900000e-02
  9.091100000e-01 6.311200000e-01 -4.863200000e-02
  -8.638600000e-03 3.308200000e-02 -3.036300000e-02
 Node:         63
  0.1437E+03  0.1181E+03  0.4838E+03  0.4935E-02
   0.01638
  -0.02526
   0.02806
  -0.001963
   0.003551
  -0.01382
  3.517900000e-02
  -2.749900000e-03
  -9.042700000e-03
  4.160200000e-02
  7.795600000e-03
  1.961100000e-02
  -3.690700000e-01 4.619000000e-01 6.858700000e-02
  7.334000000e-01 5.345500000e-01 1.466700000e-01
  -1.059100000e-01 -2.104800000e-01 8.672100000e-01
 Node:         64
  0.1415E+03  0.1252E+03  0.4520E+03  0.4935E-02
  -0.07963
   0.00874
   0.09609
  -0.01974
   0.01571
  -0.02443
  6.862100000e-02
  -1.547300000e-02
  -6.028400000e-02
  1.133600000e-01
  -2.378500000e-03
  5.343600000e-02
  6.520800000e-02 3.561500000e-01 5.710300000e-02
  8.177600000e-02 2.192400000e-02 -2.781700000e-01
  -7.575400000e-03 -9.393000000e-03 2.330700000e-02
 Node:         65
  0.1342E+03  0.1229E+03  0.4682E+03  0.4935E-02
  -0.04957
  -0.009422
   0.07779
  -0.009188
   0.008059
  -0.01668
  5.497200000e-02
  -1.133500000e-02
  -3.560800000e-02
  8.137100000e-02
  2.676200000e-03
  3.835800000e-02
  -8.330000000e-02 -7.898100000e-02 1.895800000e-03
  -1.258500000e-01 6.720700000e-03 5.834600000e-01
  7.049300000e-02 7.424000000e-02 2.676000000e-01
 Node:         66
  0.1299E+03  0.1214E+03  0.4825E+03  0.4935E-02
  -0.00114
  -0.004915
   0.01378
   0.00157
  -0.001145
  -0.002742
  1.106300000e-02
  -7.104600000e-04
  -3.034300000e-03
  1.314900000e-02
  2.439500000e-03
  6.198600000e-03
  -2.860700000e-01 7.830000000e-01 -3.973500000e-02
  5.434500000e-01 2.251100000e-01 1.085300000e-01
  1.557900000e-01 7.637700000e-03 1.101900000e-01
 Node:         67
  0.1502E+03  0.1246E+03  0.4518E+03  0.4935E-02
  -0.07849
  -0.03113
   0.08975
  -0.01778
   0.01313
  -0.007487
  6.767000000e-02
  -1.566000000e-02
  -5.699600000e-02
  1.114100000e-01
  -1.661900000e-03
  5.251700000e-02
  3.474800000e-02 -1.283200000e-01 -1.930600000e-02
  -5.110500000e-02 -1.231700000e-01 6.295100000e-01
  -2.421900000e-01 -3.372900000e-02 -1.920400000e-01
 Node:         68
  0.1435E+03  0.1226E+03  0.4686E+03  0.4935E-02
  -0.0336
  -0.0598
   0.08792
  -0.0202
   0.01832
  -0.007853
  8.151900000e-02
  -9.327400000e-03
  -4.127200000e-02
  1.105800000e-01
  1.030600000e-02
  5.212700000e-02
  1.625500000e-01 -6.332500000e-02 -2.789700000e-02
  -2.627700000e-01 -3.625800000e-01 7.828200000e-01
  4.857400000e-01 1.865700000e-01 1.906400000e-01
 Node:         69
  0.1380E+03  0.1205E+03  0.4830E+03  0.4935E-02
   0.006878
  -0.01905
   0.02301
  -0.004302
   0.005097
  -5.215E-4
  2.637600000e-02
  -8.684900000e-04
  -4.376000000e-03
  2.919600000e-02
  7.043800000e-03
  1.376300000e-02
  -5.291100000e-01 8.329800000e-01 1.707200000e-01
  1.344300000e-01 2.104900000e-02 4.798200000e-01
  5.563500000e-01 3.265700000e-01 3.718900000e-02
 Node:         70
  0.1559E+03  0.1247E+03  0.4520E+03  0.4935E-02
  -0.06477
  -0.038
   0.01755
  -0.04595
   0.03064
   0.04127
  5.558700000e-02
  -1.177600000e-02
  -5.481900000e-02
  9.586100000e-02
  -3.669200000e-03
  4.518900000e-02
  -2.608200000e-01 4.404700000e-01 2.482800000e-01
  -4.565700000e-02 -7.319000000e-01 5.998100000e-01
  -9.182400000e-02 -6.693900000e-03 -2.122100000e-01
 Node:         71
  0.1497E+03  0.1226E+03  0.4691E+03  0.4935E-02
   5.647E-4
  -0.07584
   0.06024
  -0.06141
   0.04303
   0.01621
  1.035000000e-01
  -6.790300000e-03
  -4.364000000e-02
  1.324900000e-01
  1.769000000e-02
  6.245700000e-02
  -2.817700000e-01 3.813400000e-01 2.462000000e-01
  1.696900000e-01 -5.046200000e-02 3.938900000e-01
  5.493400000e-01 2.480100000e-01 2.179100000e-01
 Node:         72
  0.1435E+03  0.1199E+03  0.4837E+03  0.4935E-02
   0.01926
  -0.02781
   0.02083
  -0.01433
   0.0103
   0.003181
  3.861900000e-02
  -9.250500000e-04
  -6.546700000e-03
  4.267000000e-02
  1.038200000e-02
  2.011500000e-02
  -6.599600000e-01 6.804700000e-01 3.212400000e-01
  -4.573200000e-02 -3.776400000e-01 6.410900000e-01
  4.869600000e-01 4.438200000e-01 4.670600000e-02
 Node:         73
  0.1447E+03  0.1339E+03  0.4510E+03  0.0000E+00
   0.03862
  -0.015
  -0.07141
   0.003985
  -0.005572
   0.05661
  3.927400000e-02
  2.914700000e-02
  -5.156500000e-02
  8.566000000e-02
  5.618500000e-03
  4.038000000e-02
  4.584500000e-01 -6.509100000e-02 6.509900000e-01
  6.552200000e-01 -2.014000000e-02 4.675300000e-01
  -7.881300000e-02 -7.817900000e-01 1.761800000e-02
 Node:         74
  0.1370E+03  0.1304E+03  0.4677E+03  0.0000E+00
   0.08651
  -0.007477
  -0.03383
   0.005883
  -0.008471
   0.04217
  6.215800000e-02
  2.909600000e-02
  -2.376600000e-02
  7.502600000e-02
  2.249600000e-02
  3.536700000e-02
  -8.251800000e-01 3.756600000e-02 -9.147900000e-02
  -7.283800000e-02 -8.349300000e-02 5.858900000e-01
  3.317700000e-02 6.197400000e-01 8.900200000e-02
 Node:         75
  0.1313E+03  0.1289E+03  0.4826E+03  0.0000E+00
   0.03273
  -0.002865
  -0.003945
  -0.002724
  -0.001826
   0.003044
  2.354400000e-02
  2.383200000e-03
  -3.179700000e-03
  2.447800000e-02
  7.582600000e-03
  1.153900000e-02
  -9.913200000e-01 8.339500000e-02 1.093800000e-01
  8.336700000e-02 -2.617000000e-01 9.627000000e-01
  9.227500000e-02 5.582800000e-01 1.668800000e-01
 Node:         76
  0.1516E+03  0.1314E+03  0.4508E+03  0.0000E+00
   0.03788
  -0.02348
  -0.09419
  -0.007162
   0.0222
   0.07835
  5.637200000e-02
  3.043600000e-02
  -7.057700000e-02
  1.151400000e-01
  5.410400000e-03
  5.427600000e-02
  1.483600000e-02 5.508700000e-02 3.578400000e-01
  4.862700000e-01 -5.469600000e-02 -4.223800000e-02
  -9.337800000e-03 8.718100000e-03 2.855600000e-02
 Node:         77
  0.1448E+03  0.1284E+03  0.4680E+03  0.0000E+00
   0.1224
   0.00342
  -0.04749
  -0.001092
   0.01683
   0.03779
  8.595900000e-02
  2.926900000e-02
  -3.473200000e-02
  1.041400000e-01
  2.683200000e-02
  4.909200000e-02
  -9.997600000e-01 -7.820300000e-03 3.074900000e-02
  2.650700000e-02 1.902700000e-01 9.796800000e-01
  -2.531200000e-02 4.959200000e-01 -1.019300000e-01
 Node:         78
  0.1385E+03  0.1261E+03  0.4829E+03  0.0000E+00
   0.0511
   0.006321
  -0.003016
  -0.001204
   3.492E-4
   0.002102
  3.642400000e-02
  1.474500000e-03
  -2.597000000e-03
  3.715200000e-02
  1.176700000e-02
  1.751400000e-02
  -9.940300000e-01 -1.021000000e-01 5.440600000e-02
  1.367400000e-02 9.220900000e-02 7.482100000e-01
  -1.107800000e-01 8.606800000e-01 -1.169800000e-01
 Node:         79
  0.1560E+03  0.1268E+03  0.4515E+03  0.0000E+00
   0.0361
   0.04823
   0.03912
   0.003181
  -0.001115
  -0.2853
  5.171600000e-02
  -1.903400000e-02
  -1.661300000e-01
  1.948000000e-01
  -4.448400000e-02
  9.183100000e-02
  7.935000000e-01 6.086700000e-01 6.941000000e-02
  -2.202400000e-01 4.065200000e-01 -2.144900000e-01
  7.268900000e-03 2.531600000e-01 1.009800000e+00
 Node:         80
  0.1498E+03  0.1244E+03  0.4689E+03  0.0000E+00
   0.1371
   0.04297
   0.01188
   0.01514
   2.066E-4
  -0.2327
  1.050500000e-01
  -1.191700000e-02
  -1.354100000e-01
  2.125100000e-01
  -1.409300000e-02
  1.001800000e-01
  3.900600000e-01 1.692600000e-01 2.099500000e-02
  -2.719800000e-01 1.066900000e+00 -1.008500000e-01
  -4.116500000e-02 9.317000000e-02 1.112300000e+00
 Node:         81
  0.1433E+03  0.1218E+03  0.4836E+03  0.0000E+00
   0.05658
   0.01063
   2.067E-4
   0.005113
   0.001018
  -0.0293
  4.163700000e-02
  -2.275900000e-03
  -1.690200000e-02
  5.320600000e-02
  7.486600000e-03
  2.508200000e-02
  -9.849100000e-01 -1.872400000e-01 -3.479800000e-02
  -1.739600000e-01 1.059500000e+00 -7.575800000e-03
  -7.013100000e-02 1.711600000e-03 1.069000000e+00
 Node:         82
  0.1267E+03  0.1149E+03  0.4572E+03 -0.2557E-01
  -0.02768
  -0.01587
   0.02538
   0.004615
   0.02354
   0.00467
  2.644300000e-02
  -3.113000000e-03
  -2.130600000e-02
  4.185200000e-02
  6.747200000e-04
  1.972900000e-02
  -2.054700000e-01 8.811900000e-01 4.694200000e-01
  -8.088200000e-02 2.482700000e-01 -3.974600000e-01
  -2.106900000e-01 -3.597500000e-01 9.825800000e-02
 Node:         83
  0.1234E+03  0.1130E+03  0.4725E+03 -0.2557E-01
  -0.03804
  -0.002348
   0.009586
   0.03224
   0.009824
  -0.02378
  6.335300000e-03
  -1.547900000e-03
  -4.156600000e-02
  4.405400000e-02
  -1.226000000e-02
  2.076700000e-02
  1.500000000e-01 7.931100000e-01 1.778700000e-01
  -6.001300000e-01 3.488600000e-01 -7.587100000e-01
  -9.009500000e-01 -3.119400000e-01 6.057700000e-01
 Node:         84
  0.1187E+03  0.1123E+03  0.4849E+03 -0.2557E-01
  -0.005434
   7.054E-4
   5.748E-4
   0.01269
  -5.239E-4
  -0.02278
  -2.376500000e-04
  1.106000000e-04
  -1.915900000e-02
  1.863400000e-02
  -6.428700000e-03
  8.784200000e-03
  -5.277500000e-01 -1.941900000e-01 -4.248800000e-01
  3.853200000e-01 -6.842800000e-01 2.587800000e-01
  5.791300000e-01 5.645700000e-02 -8.640000000e-01
 Node:         85
  0.1302E+03  0.1162E+03  0.4559E+03 -0.2557E-01
  -0.02919
  -0.01447
   0.03345
   0.009018
   0.03327
   0.008942
  3.540900000e-02
  -2.537800000e-03
  -2.399600000e-02
  5.215500000e-02
  2.958500000e-03
  2.458600000e-02
  -1.125500000e-01 8.865300000e-01 5.639400000e-01
  -1.590500000e-01 2.915100000e-01 -2.702000000e-01
  2.498600000e-01 -1.159900000e-01 -1.168800000e-01
 Node:         86
  0.1252E+03  0.1138E+03  0.4709E+03 -0.2557E-01
  -0.03068
   0.01914
   0.07436
   0.05801
   0.03084
  -0.01603
  6.484500000e-02
  4.406300000e-03
  -5.191300000e-02
  1.015200000e-01
  5.779600000e-03
  4.785600000e-02
  -2.560100000e-01 -7.814600000e-01 -3.929700000e-01
  5.072300000e-01 -5.092300000e-01 6.365000000e-01
  6.778000000e-01 4.704300000e-02 -7.887000000e-01
 Node:         87
  0.1217E+03  0.1126E+03  0.4834E+03 -0.2557E-01
  -0.00993
   3.226E-4
   0.00208
   0.0158
  -0.002645
  -0.02024
  6.131100000e-04
  2.949800000e-04
  -2.038300000e-02
  2.014900000e-02
  -6.491600000e-03
  9.498400000e-03
  -3.756400000e-01 8.157300000e-01 -5.321400000e-01
  6.811200000e-01 7.581800000e-01 4.815100000e-01
  5.414800000e-01 -7.843000000e-02 -9.245700000e-01
 Node:         88
  0.1338E+03  0.1169E+03  0.4542E+03 -0.2557E-01
  -0.06059
  -0.01939
   0.0286
   0.006321
   0.04517
   0.04634
  5.437600000e-02
  -6.526100000e-04
  -4.584800000e-02
  8.655900000e-02
  2.625000000e-03
  4.080500000e-02
  -3.723500000e-03 7.055900000e-01 8.061900000e-01
  -1.765900000e-01 4.164500000e-01 -2.773200000e-01
  4.798000000e-01 1.095000000e-01 -2.154500000e-01
 Node:         89
  0.1270E+03  0.1150E+03  0.4692E+03 -0.2557E-01
  -0.06691
   0.003176
   0.01489
   0.02585
   0.01208
  -0.00456
  1.175800000e-02
  -2.909800000e-03
  -4.868700000e-02
  5.391300000e-02
  -1.328000000e-02
  2.541500000e-02
  1.674400000e-01 8.352200000e-01 4.291000000e-01
  -2.562000000e-01 5.372000000e-01 -7.703900000e-01
  -1.029900000e+00 -1.550800000e-01 2.682200000e-01
 Node:         90
  0.1248E+03  0.1132E+03  0.4822E+03 -0.2557E-01
  -0.01673
   0.00899
  -0.004085
   0.008244
  -0.004563
  -0.004908
  -9.900600000e-04
  -5.276600000e-04
  -1.611300000e-02
  1.471400000e-02
  -5.877000000e-03
  6.936000000e-03
  3.043300000e-01 2.793000000e-01 4.104300000e-03
  6.584400000e-02 1.035800000e-01 7.536100000e-02
  -9.320300000e-01 3.502200000e-01 4.401300000e-01
 Node:         91
  0.1261E+03  0.1264E+03  0.4549E+03 -0.2557E-01
  -0.05388
   0.01504
   0.07991
  -0.008112
   0.03407
  -0.002123
  6.419600000e-02
  -8.166100000e-03
  -4.205100000e-02
  9.394300000e-02
  4.659500000e-03
  4.428500000e-02
  8.758700000e-02 1.450600000e-01 9.015000000e-02
  -7.165700000e-02 -8.353900000e-02 2.427100000e-01
  3.117000000e-01 5.191300000e-02 8.464100000e-02
 Node:         92
  0.1210E+03  0.1235E+03  0.4726E+03 -0.2557E-01
  -0.04245
  -0.002721
   0.03748
   4.569E-4
   0.02379
   0.01726
  3.484500000e-02
  8.156600000e-04
  -2.802000000e-02
  5.454200000e-02
  2.547100000e-03
  2.571100000e-02
  1.142900000e-01 -5.392100000e-01 -3.684400000e-01
  1.208000000e-02 -3.454800000e-01 5.590600000e-01
  -7.699800000e-01 -1.087000000e-01 -4.461500000e-02
 Node:         93
  0.1159E+03  0.1217E+03  0.4877E+03 -0.2557E-01
  -0.004303
  -0.002326
   0.002416
   0.003131
   0.005025
  -0.001015
  3.394100000e-03
  -3.565100000e-04
  -4.915000000e-03
  7.289600000e-03
  -6.258200000e-04
  3.436400000e-03
  -1.426700000e-01 2.248100000e-01 2.415100000e-01
  2.103500000e-01 -1.719500000e-01 2.292600000e-01
  1.728000000e-01 1.216800000e-01 2.975100000e-01
 Node:         94
  0.1316E+03  0.1266E+03  0.4538E+03 -0.2557E-01
  -0.06426
   0.01437
   0.08905
  -0.0206
   0.03168
   0.01698
  6.981000000e-02
  8.151500000e-03
  -5.247700000e-02
  1.058600000e-01
  8.494600000e-03
  4.990400000e-02
  1.271900000e-01 1.550800000e-01 1.709800000e-01
  1.554300000e-01 1.342400000e-01 -3.737900000e-01
  7.080600000e-01 -6.496500000e-02 2.002300000e-01
 Node:         95
  0.1251E+03  0.1236E+03  0.4707E+03 -0.2557E-01
  -0.05538
  -0.005014
   0.04823
  -0.005255
   0.0174
   0.03045
  3.907300000e-02
  1.203000000e-02
  -3.604600000e-02
  6.619200000e-02
