 Group name: predicted_strain_L3A3
 #Fields=  16
 1) coordinates, coordinate, rectangular cartesian, #Components=3
   x.  Value index= 1, #Derivatives=0
   y.  Value index= 2, #Derivatives=0
   z.  Value index= 3, #Derivatives=0
 2) Tensor_1, field, rectangular cartesian, #Components=1
   Tensor_1.  Value index= 4, #Derivatives=0
 3) Tensor_2, field, rectangular cartesian, #Components=1
   Tensor_2.  Value index= 5, #Derivatives=0
 4) Tensor_3, field, rectangular cartesian, #Components=1
   Tensor_3.  Value index= 6, #Derivatives=0
 5) Tensor_4, field, rectangular cartesian, #Components=1
   Tensor_4.  Value index= 7, #Derivatives=0
 6) Tensor_5, field, rectangular cartesian, #Components=1
   Tensor_5.  Value index= 8, #Derivatives=0
 7) Tensor_6, field, rectangular cartesian, #Components=1
   Tensor_6.  Value index= 9, #Derivatives=0
 8) Principal_1, field, rectangular cartesian, #Components=1
   Principal_1.  Value index= 10, #Derivatives=0
 9) Principal_2, field, rectangular cartesian, #Components=1
   Principal_2.  Value index= 11, #Derivatives=0
 10) Principal_3, field, rectangular cartesian, #Components=1
   Principal_3.  Value index= 12, #Derivatives=0
 11) VonMises, field, rectangular cartesian, #Components=1
   VonMises.  Value index= 13, #Derivatives=0
 12) Hydrostatic, field, rectangular cartesian, #Components=1
   VonMises.  Value index= 14, #Derivatives=0
 13) Octahedral, field, rectangular cartesian, #Components=1
   VonMises.  Value index= 15, #Derivatives=0
 14) PrincipalVector1, field, rectangular cartesian, #Components=3
   x.  Value index= 16, #Derivatives=0
   y.  Value index= 17, #Derivatives=0
   z.  Value index= 18, #Derivatives=0
 15) PrincipalVector2, field, rectangular cartesian, #Components=3
   x.  Value index= 19, #Derivatives=0
   y.  Value index= 20, #Derivatives=0
   z.  Value index= 21, #Derivatives=0
 16) PrincipalVector3, field, rectangular cartesian, #Components=3
   x.  Value index= 22, #Derivatives=0
   y.  Value index= 23, #Derivatives=0
   z.  Value index= 24, #Derivatives=0
 Node:          1
  0.1287E+03  0.1133E+03  0.4908E+03 -0.1245E-04
  -1.11E-16
  -8.327E-17
  -2.22E-16
  -2.776E-17
  -4.163E-17
  -3.331E-16
  -6.637000000e-17
  -2.400000000e-16
  -3.598000000e-16
  2.555400000e-16
  -2.220600000e-16
  1.204600000e-16
  8.837000000e-01 -4.676000000e-01 -1.897000000e-02
  4.046000000e-01 7.837000000e-01 -4.712000000e-01
  2.352000000e-01 4.088000000e-01 8.818000000e-01
 Node:          2
  0.1292E+03  0.1137E+03  0.5052E+03 -0.1245E-04
  -5.551E-17
  -1.11E-16
  -1.665E-16
  -5.551E-17
   1.943E-16
  -2.776E-16
  8.603000000e-17
  -1.600000000e-16
  -4.256000000e-16
  4.431900000e-16
  -1.665200000e-16
  2.089200000e-16
  -6.554000000e-01 6.199000000e-01 4.313000000e-01
  7.522000000e-01 4.849000000e-01 4.462000000e-01
  -6.744000000e-02 -6.169000000e-01 7.841000000e-01
 Node:          3
  0.1289E+03  0.1155E+03  0.5194E+03 -0.1245E-04
   2.22E-16
   1.388E-16
   3.331E-16
   1.11E-16
   5.551E-17
   2.22E-16
  4.753000000e-16
  2.118000000e-16
  9.006000000e-17
  3.410700000e-16
  2.590500000e-16
  1.607800000e-16
  -5.696000000e-01 -7.144000000e-01 -4.063000000e-01
  2.395000000e-01 -6.172000000e-01 7.494000000e-01
  -7.862000000e-01 3.296000000e-01 5.227000000e-01
 Node:          4
  0.1361E+03  0.1141E+03  0.4915E+03 -0.1245E-04
   0.0
  -2.776E-17
  -1.11E-16
  -2.776E-17
  -8.327E-17
   2.22E-16
  2.435000000e-16
  6.328000000e-18
  -1.388000000e-16
  3.342600000e-16
  3.700900000e-17
  1.575700000e-16
  -8.549000000e-02 -2.215000000e-01 9.714000000e-01
  9.681000000e-01 -2.491000000e-01 2.840000000e-02
  2.357000000e-01 9.428000000e-01 2.357000000e-01
 Node:          5
  0.1341E+03  0.1144E+03  0.5054E+03 -0.1245E-04
   3.331E-16
   1.388E-16
   3.331E-16
   5.551E-17
  -6.939E-17
   4.441E-16
  4.814000000e-16
  4.627000000e-16
  1.662000000e-16
  3.062800000e-16
  3.701000000e-16
  1.443800000e-16
  -3.480000000e-01 -6.443000000e-01 6.810000000e-01
  -6.589000000e-01 -3.487000000e-01 -6.665000000e-01
  6.669000000e-01 -6.807000000e-01 -3.032000000e-01
 Node:          6
  0.1323E+03  0.1162E+03  0.5191E+03 -0.1245E-04
   2.22E-16
   5.551E-17
   2.22E-16
  -5.551E-17
  -2.776E-17
   0.0
  2.897000000e-16
  1.685000000e-16
  -1.402000000e-17
  2.648100000e-16
  1.480600000e-16
  1.248300000e-16
  -7.150000000e-01 -6.696000000e-01 2.012000000e-01
  6.656000000e-01 -7.399000000e-01 -9.741000000e-02
  -2.141000000e-01 -6.426000000e-02 -9.747000000e-01
 Node:          7
  0.1408E+03  0.1171E+03  0.4920E+03 -0.1245E-04
   3.331E-16
   2.22E-16
   2.22E-16
  -8.327E-17
  -1.11E-16
   0.0
  5.398000000e-16
  6.158000000e-17
  -4.631000000e-17
  5.403100000e-16
  1.850200000e-16
  2.547000000e-16
  -7.537000000e-01 -6.111000000e-01 2.419000000e-01
  -6.560000000e-01 6.770000000e-01 -3.335000000e-01
  -4.004000000e-02 4.101000000e-01 9.112000000e-01
 Node:          8
  0.1367E+03  0.1169E+03  0.5055E+03 -0.1245E-04
   2.22E-16
   1.943E-16
   2.22E-16
  -4.025E-16
  -2.359E-16
  -2.22E-16
  6.547000000e-16
  4.477000000e-17
  -4.775000000e-16
  9.814900000e-16
  7.399000000e-17
  4.626800000e-16
  -6.847000000e-01 -5.611000000e-01 4.652000000e-01
  5.685000000e-01 -8.105000000e-01 -1.409000000e-01
  -4.561000000e-01 -1.681000000e-01 -8.739000000e-01
 Node:          9
  0.1339E+03  0.1180E+03  0.5191E+03 -0.1245E-04
   2.22E-16
   1.665E-16
   0.0
  -3.955E-16
  -2.776E-16
   6.661E-16
  1.002000000e-15
  -9.379000000e-18
  -1.046000000e-16
  1.062200000e-15
  2.960100000e-16
  5.007200000e-16
  -4.817000000e-01 -3.073000000e-01 8.207000000e-01
  -8.565000000e-01 -3.292000000e-02 -5.150000000e-01
  -1.853000000e-01 9.510000000e-01 2.474000000e-01
 Node:         10
  0.1294E+03  0.1212E+03  0.4911E+03 -0.1245E-04
   0.0
   2.776E-17
   1.11E-16
  -1.388E-17
   1.249E-16
   1.11E-16
  2.363000000e-16
  2.303000000e-17
  -3.732000000e-17
  2.489900000e-16
  7.400300000e-17
  1.173800000e-16
  4.210000000e-02 7.100000000e-01 7.030000000e-01
  -7.813000000e-01 -4.152000000e-01 4.661000000e-01
  -6.228000000e-01 5.688000000e-01 -5.372000000e-01
 Node:         11
  0.1295E+03  0.1214E+03  0.5055E+03 -0.1245E-04
  -2.22E-16
  -2.776E-17
  -2.22E-16
  -4.163E-17
   1.388E-17
  -1.665E-16
  -1.365000000e-16
  -2.183000000e-16
  -2.558000000e-16
  1.056600000e-16
  -2.035300000e-16
  4.981100000e-17
  -4.935000000e-01 2.929000000e-01 8.189000000e-01
  3.541000000e-01 -7.924000000e-01 4.968000000e-01
  -7.944000000e-01 -5.351000000e-01 -2.873000000e-01
 Node:         12
  0.1295E+03  0.1217E+03  0.5196E+03 -0.1245E-04
   1.11E-16
   0.0
   1.11E-16
   7.633E-17
   2.776E-17
   2.22E-16
  2.649000000e-16
  1.110000000e-16
  6.816000000e-17
  1.792000000e-16
  1.480200000e-16
  8.447700000e-17
  -4.387000000e-01 -1.595000000e-01 -8.844000000e-01
  3.417000000e-01 -9.398000000e-01 -2.255000000e-17
  8.311000000e-01 3.022000000e-01 -4.668000000e-01
 Node:         13
  0.1361E+03  0.1199E+03  0.4914E+03 -0.1245E-04
   1.11E-16
  -1.388E-16
   0.0
  -9.714E-17
   2.776E-17
  -1.665E-16
  2.285000000e-16
  -8.520000000e-17
  -1.988000000e-16
  3.833400000e-16
  -1.850000000e-17
  1.807100000e-16
  8.171000000e-01 -5.252000000e-01 -2.378000000e-01
  4.648000000e-01 8.442000000e-01 -2.671000000e-01
  3.410000000e-01 1.077000000e-01 9.339000000e-01
 Node:         14
  0.1342E+03  0.1198E+03  0.5054E+03 -0.1245E-04
  -5.551E-17
   2.776E-17
   0.0
   5.551E-17
  -9.021E-17
   1.11E-16
  1.672000000e-16
  -4.940000000e-18
  -1.068000000e-16
  2.398800000e-16
  1.848700000e-17
  1.130800000e-16
  1.634000000e-01 -4.472000000e-01 8.794000000e-01
  -6.569000000e-01 -7.144000000e-01 -2.412000000e-01
  -7.361000000e-01 5.382000000e-01 4.105000000e-01
 Node:         15
  0.1330E+03  0.1205E+03  0.5193E+03 -0.1245E-04
   2.22E-16
  -8.327E-17
  -5.551E-17
   1.388E-17
   4.857E-17
   0.0
  2.451000000e-16
  2.471000000e-17
  -1.033000000e-16
  3.052400000e-16
  5.550300000e-17
  1.438900000e-16
  -9.638000000e-01 2.667000000e-01 -1.723000000e-03
  1.157000000e-01 4.239000000e-01 8.983000000e-01
  2.403000000e-01 8.656000000e-01 -4.394000000e-01
 Node:         16
  0.1404E+03  0.1188E+03  0.4918E+03 -0.1245E-04
   2.22E-16
   5.551E-17
   2.22E-16
  -8.327E-17
  -1.457E-16
   4.441E-16
  5.466000000e-16
  1.950000000e-16
  1.465000000e-16
  3.781900000e-16
  2.960300000e-16
  1.782800000e-16
  -2.927000000e-01 -4.328000000e-01 8.526000000e-01
  -9.222000000e-01 -1.077000000e-01 -3.713000000e-01
  -2.526000000e-01 8.950000000e-01 3.676000000e-01
 Node:         17
  0.1365E+03  0.1184E+03  0.5055E+03 -0.1245E-04
  -1.11E-16
   2.776E-17
  -1.11E-16
   9.714E-17
   1.7E-16
   0.0
  1.573000000e-16
  -1.341000000e-16
  -2.452000000e-16
  3.600400000e-16
  -7.400000000e-17
  1.697300000e-16
  3.368000000e-01 5.285000000e-01 7.792000000e-01
  8.927000000e-01 -4.425000000e-01 -8.566000000e-02
  -2.996000000e-01 -7.244000000e-01 6.209000000e-01
 Node:         18
  0.1341E+03  0.1191E+03  0.5192E+03 -0.1245E-04
   0.0
   0.0
   0.0
   2.645E-17
   1.065E-16
   4.441E-16
  4.697000000e-16
  -1.672000000e-33
  -2.562000000e-17
  4.830200000e-16
  1.480300000e-16
  2.277000000e-16
  -5.484000000e-02 -2.207000000e-01 -9.738000000e-01
  9.705000000e-01 -2.411000000e-01 -6.210000000e-17
  -2.348000000e-01 -9.451000000e-01 2.274000000e-01
 Node:         19
  0.1301E+03  0.1291E+03  0.4914E+03  0.0000E+00
   1.11E-16
   0.0
   1.11E-16
   2.101E-19
   1.001E-17
  -2.22E-16
  1.113000000e-16
  1.110000000e-16
  -2.223000000e-16
  3.334500000e-16
  0.000000000e+00
  1.571900000e-16
  -2.096000000e-02 -9.993000000e-01 -3.003000000e-02
  9.998000000e-01 -2.097000000e-02 1.345000000e-19
  6.298000000e-04 3.003000000e-02 -9.995000000e-01
 Node:         20
  0.1299E+03  0.1291E+03  0.5058E+03  0.0000E+00
   2.22E-16
   0.0
   0.0
   1.041E-17
   1.924E-17
  -5.551E-17
  2.224000000e-16
  5.975000000e-18
  -6.188000000e-17
  2.571600000e-16
  5.549800000e-17
  1.212200000e-16
  -9.993000000e-01 -3.257000000e-03 -3.765000000e-02
  1.428000000e-02 -9.549000000e-01 -2.965000000e-01
  -3.498000000e-02 -2.968000000e-01 9.543000000e-01
 Node:         21
  0.1301E+03  0.1280E+03  0.5197E+03  0.0000E+00
   1.11E-16
   0.0
   0.0
   4.163E-17
   1.475E-17
   1.11E-16
  1.534000000e-16
  7.089000000e-17
  -2.220000000e-18
  1.348500000e-16
  7.402300000e-17
  6.357000000e-17
  -6.994000000e-01 -6.840000000e-02 -7.114000000e-01
  -7.126000000e-01 1.429000000e-01 6.869000000e-01
  -5.465000000e-02 -9.874000000e-01 1.487000000e-01
 Node:         22
  0.1360E+03  0.1256E+03  0.4913E+03  0.0000E+00
  -2.22E-16
   1.388E-17
  -1.11E-16
  -1.388E-17
   1.006E-16
   1.11E-16
  1.500000000e-16
  -1.456000000e-16
  -2.264000000e-16
  3.432100000e-16
  -7.400000000e-17
  1.617900000e-16
  -2.144000000e-02 3.586000000e-01 9.332000000e-01
  2.280000000e-01 9.106000000e-01 -3.447000000e-01
  -9.734000000e-01 2.054000000e-01 -1.013000000e-01
 Node:         23
  0.1343E+03  0.1253E+03  0.5054E+03  0.0000E+00
   0.0
   2.082E-17
  -4.441E-16
   0.0
   1.314E-16
  -1.665E-16
  1.265000000e-18
  -1.147000000e-16
  -4.972000000e-16
  4.517900000e-16
  -2.035500000e-16
  2.129700000e-16
  9.970000000e-01 6.061000000e-02 4.746000000e-02
  6.644000000e-02 -3.661000000e-01 -9.282000000e-01
  3.888000000e-02 -9.286000000e-01 3.690000000e-01
 Node:         24
  0.1336E+03  0.1248E+03  0.5194E+03  0.0000E+00
  -2.22E-16
   1.214E-17
   0.0
   1.388E-17
   8.674E-19
  -1.665E-16
  6.779000000e-19
  -1.633000000e-16
  -2.259000000e-16
  2.026600000e-16
  -1.295100000e-16
  9.553700000e-17
  -5.504000000e-02 -9.984000000e-01 -9.747000000e-03
  2.257000000e-01 -2.195000000e-02 9.740000000e-01
  -9.726000000e-01 5.141000000e-02 2.265000000e-01
 Node:         25
  0.1400E+03  0.1206E+03  0.4917E+03  0.0000E+00
   0.0
   2.671E-16
  -1.11E-16
  -8.327E-17
  -1.301E-16
   2.22E-16
  3.681000000e-16
  7.580000000e-17
  -3.329000000e-16
  6.098700000e-16
  3.700000000e-17
  2.874900000e-16
  5.089000000e-01 4.781000000e-01 -7.159000000e-01
  6.086000000e-01 3.883000000e-01 6.920000000e-01
  6.088000000e-01 -7.878000000e-01 -9.334000000e-02
 Node:         26
  0.1363E+03  0.1200E+03  0.5055E+03  0.0000E+00
   2.22E-16
   1.076E-16
  -6.106E-16
   2.776E-17
  -1.124E-15
  -5.551E-17
  8.281000000e-16
  2.248000000e-16
  -1.497000000e-15
  2.089800000e-15
  -1.480300000e-16
  9.851500000e-16
  7.371000000e-02 6.174000000e-01 -7.832000000e-01
  9.955000000e-01 1.018000000e-03 9.449000000e-02
  -5.914000000e-02 7.866000000e-01 6.146000000e-01
 Node:         27
  0.1343E+03  0.1203E+03  0.5192E+03  0.0000E+00
   2.22E-16
  -1.943E-16
   2.22E-16
  -1.041E-16
   1.313E-15
   0.0
  1.466000000e-15
  1.875000000e-16
  -1.209000000e-15
  2.317400000e-15
  1.481700000e-16
  1.092400000e-15
  -1.693000000e-01 7.280000000e-01 6.643000000e-01
  9.848000000e-01 9.849000000e-02 1.431000000e-01
  3.876000000e-02 6.785000000e-01 -7.336000000e-01
 Node:         28
  0.1155E+03  0.1124E+03  0.4931E+03 -0.7355E-04
  -2.22E-16
   3.816E-17
   2.22E-16
  -5.551E-17
   5.551E-17
   1.11E-16
  2.455000000e-16
  1.014000000e-16
  -2.359000000e-16
  4.279500000e-16
  3.700000000e-17
  2.017400000e-16
  3.184000000e-02 9.284000000e-01 3.701000000e-01
  1.988000000e-01 3.571000000e-01 -9.127000000e-01
  9.795000000e-01 -1.026000000e-01 1.732000000e-01
 Node:         29
  0.1119E+03  0.1139E+03  0.5068E+03 -0.7355E-04
  -2.22E-16
  -2.082E-17
   0.0
   5.551E-17
   6.939E-18
  -3.331E-16
  1.944000000e-18
  -2.004000000e-16
  -3.566000000e-16
  3.113600000e-16
  -1.850200000e-16
  1.467800000e-16
  -9.118000000e-02 9.958000000e-01 5.517000000e-03
  -9.179000000e-01 -8.189000000e-02 -3.884000000e-01
  -3.863000000e-01 -4.048000000e-02 9.215000000e-01
 Node:         30
  0.1113E+03  0.1159E+03  0.5206E+03 -0.7355E-04
   2.22E-16
   1.249E-16
   2.22E-16
   0.0
  -2.776E-17
   1.11E-16
  3.486000000e-16
  1.238000000e-16
  8.277000000e-17
  2.478800000e-16
  1.850600000e-16
  1.168500000e-16
  -7.001000000e-01 -7.092000000e-01 8.287000000e-02
  -4.685000000e-01 3.686000000e-01 -8.029000000e-01
  -5.389000000e-01 6.009000000e-01 5.903000000e-01
 Node:         31
  0.1203E+03  0.1126E+03  0.4920E+03 -0.7355E-04
  -5.551E-17
   9.714E-17
  -1.11E-16
   2.776E-17
   4.163E-17
  -5.551E-17
  4.114000000e-17
  -7.661000000e-17
  -1.866000000e-16
  1.972700000e-16
  -7.402300000e-17
  9.299200000e-17
  -6.956000000e-01 -5.654000000e-01 -4.433000000e-01
  4.358000000e-01 1.585000000e-01 -8.860000000e-01
  5.712000000e-01 -8.095000000e-01 1.362000000e-01
 Node:         32
  0.1188E+03  0.1134E+03  0.5062E+03 -0.7355E-04
   2.22E-16
  -1.388E-17
  -1.11E-16
  -2.776E-17
   9.714E-17
  -5.551E-17
  2.266000000e-16
  1.331000000e-17
  -1.844000000e-16
  3.560200000e-16
  1.850300000e-17
  1.678300000e-16
  -9.894000000e-01 7.624000000e-02 1.236000000e-01
  1.445000000e-01 5.992000000e-01 7.875000000e-01
  1.402000000e-02 -7.970000000e-01 6.038000000e-01
 Node:         33
  0.1183E+03  0.1150E+03  0.5201E+03 -0.7355E-04
   1.11E-16
   5.551E-17
   0.0
   8.327E-17
   0.0
   0.0
  1.700000000e-16
  0.000000000e+00
  -5.893000000e-17
  2.058900000e-16
  3.702300000e-17
  9.705800000e-17
  -8.617000000e-01 -2.815000000e-01 -4.222000000e-01
  0.000000000e+00 -8.321000000e-01 5.547000000e-01
  -5.074000000e-01 4.780000000e-01 7.170000000e-01
 Node:         34
  0.1255E+03  0.1129E+03  0.4909E+03 -0.7355E-04
   0.0
   0.0
   0.0
   5.551E-17
   9.714E-17
   0.0
  1.119000000e-16
  3.387000000e-33
  -1.119000000e-16
  1.938200000e-16
  0.000000000e+00
  9.136600000e-17
  -3.508000000e-01 -6.139000000e-01 -7.071000000e-01
  8.682000000e-01 -4.961000000e-01 -4.855000000e-17
  -3.508000000e-01 -6.139000000e-01 7.071000000e-01
 Node:         35
  0.1260E+03  0.1135E+03  0.5054E+03 -0.7355E-04
   0.0
   1.11E-16
  -1.11E-16
   1.11E-16
   2.498E-16
  -1.11E-16
  2.410000000e-16
  -1.023000000e-16
  -3.608000000e-16
  5.229000000e-16
  -7.403300000e-17
  2.465000000e-16
  5.458000000e-01 5.925000000e-01 5.925000000e-01
  8.379000000e-01 -3.859000000e-01 -3.859000000e-01
  -4.975000000e-17 -7.071000000e-01 7.071000000e-01
 Node:         36
  0.1257E+03  0.1153E+03  0.5196E+03 -0.7355E-04
   0.0
  -5.551E-17
   0.0
  -5.551E-17
   8.327E-17
   0.0
  1.305000000e-16
  -4.723000000e-17
  -8.327000000e-17
  1.982200000e-16
  0.000000000e+00
  9.344300000e-17
  -5.155000000e-01 6.059000000e-01 6.059000000e-01
  8.569000000e-01 3.645000000e-01 3.645000000e-01
  -1.256000000e-16 7.071000000e-01 -7.071000000e-01
 Node:         37
  0.1132E+03  0.1210E+03  0.4959E+03 -0.7355E-04
  -2.22E-16
   1.388E-16
  -2.22E-16
  -8.327E-17
   1.804E-16
  -2.776E-16
  -4.482000000e-17
  -1.622000000e-16
  -5.146000000e-16
  4.234700000e-16
  -2.405400000e-16
  1.996300000e-16
  3.971000000e-01 7.887000000e-01 4.693000000e-01
  -7.874000000e-01 3.010000000e-02 6.157000000e-01
  4.715000000e-01 -6.140000000e-01 6.330000000e-01
 Node:         38
  0.1111E+03  0.1204E+03  0.5085E+03 -0.7355E-04
  -1.665E-16
   9.714E-17
   0.0
  -2.776E-17
  -8.327E-17
  -2.22E-16
  7.071000000e-17
  -2.091000000e-16
  -2.502000000e-16
  3.024600000e-16
  -1.295300000e-16
  1.425800000e-16
  -3.916000000e-01 -8.746000000e-01 2.859000000e-01
  9.154000000e-01 -3.389000000e-01 2.170000000e-01
  9.287000000e-02 -3.467000000e-01 -9.334000000e-01
 Node:         39
  0.1119E+03  0.1201E+03  0.5207E+03 -0.7355E-04
  -5.551E-17
  -9.714E-17
  -3.331E-16
  -8.327E-17
  -7.633E-17
  -1.11E-16
  8.934000000e-18
  -1.105000000e-16
  -3.981000000e-16
  3.623900000e-16
  -1.665600000e-16
  1.708300000e-16
  8.510000000e-01 -1.281000000e-01 -5.092000000e-01
  4.076000000e-01 -4.503000000e-01 7.944000000e-01
  -3.311000000e-01 -8.836000000e-01 -3.310000000e-01
 Node:         40
  0.1191E+03  0.1220E+03  0.4937E+03 -0.7355E-04
   0.0
   8.327E-17
  -2.22E-16
   8.327E-17
  -1.388E-17
  -2.22E-16
  4.872000000e-17
  -2.082000000e-16
  -2.846000000e-16
  3.024500000e-16
  -1.480300000e-16
  1.425700000e-16
  -9.240000000e-01 -2.703000000e-01 -2.703000000e-01
  0.000000000e+00 -7.071000000e-01 7.071000000e-01
  3.823000000e-01 -6.534000000e-01 -6.534000000e-01
 Node:         41
  0.1182E+03  0.1217E+03  0.5073E+03 -0.7355E-04
   0.0
  -2.776E-17
  -5.551E-17
   5.551E-17
   9.714E-17
   1.11E-16
  1.653000000e-16
  1.073000000e-17
  -1.206000000e-16
  2.478700000e-16
  1.847700000e-17
  1.168500000e-16
  2.406000000e-01 3.653000000e-01 8.993000000e-01
  -8.901000000e-01 4.526000000e-01 5.428000000e-02
  -3.871000000e-01 -8.135000000e-01 4.340000000e-01
 Node:         42
  0.1187E+03  0.1212E+03  0.5204E+03 -0.7355E-04
   0.0
  -5.551E-17
  -1.11E-16
   0.0
   5.551E-17
   1.11E-16
  1.256000000e-16
  1.887000000e-17
  -1.444000000e-16
  2.355300000e-16
  2.333300000e-20
  1.110300000e-16
  1.113000000e-01 -2.517000000e-01 -9.614000000e-01
  9.295000000e-01 -3.159000000e-01 1.903000000e-01
  -3.516000000e-01 -9.148000000e-01 1.988000000e-01
 Node:         43
  0.1258E+03  0.1217E+03  0.4915E+03 -0.7355E-04
   2.22E-16
   1.11E-16
   1.11E-16
  -1.388E-17
   0.0
  -5.551E-17
  2.911000000e-16
  4.294000000e-17
  -5.645000000e-17
  3.100400000e-16
  9.253000000e-17
  1.461600000e-16
  -8.507000000e-01 -5.246000000e-01 3.406000000e-02
  -5.213000000e-01 8.502000000e-01 7.348000000e-02
  6.751000000e-02 -4.475000000e-02 9.967000000e-01
 Node:         44
  0.1259E+03  0.1220E+03  0.5059E+03 -0.7355E-04
  -2.22E-16
   1.388E-16
  -2.22E-16
   9.714E-17
   1.11E-16
  -1.11E-16
  5.081000000e-17
  -2.445000000e-16
  -3.614000000e-16
  3.679600000e-16
  -1.850300000e-16
  1.734600000e-16
  -5.113000000e-01 -5.340000000e-01 -6.733000000e-01
  -5.198000000e-01 -4.318000000e-01 7.372000000e-01
  -6.844000000e-01 7.269000000e-01 -5.679000000e-02
 Node:         45
  0.1261E+03  0.1221E+03  0.5198E+03 -0.7355E-04
  -5.551E-17
  -8.327E-17
  -2.776E-16
   2.776E-17
  -6.939E-18
   1.11E-16
  1.167000000e-16
  -3.339000000e-17
  -3.053000000e-16
  3.705000000e-16
  -7.399700000e-17
  1.746600000e-16
  1.854000000e-01 -5.643000000e-02 9.810000000e-01
  9.302000000e-01 -3.117000000e-01 -1.938000000e-01
  -3.167000000e-01 -9.485000000e-01 5.308000000e-03
 Node:         46
  0.1117E+03  0.1296E+03  0.4959E+03  0.0000E+00
  -5.551E-17
   2.776E-17
  -1.665E-16
   6.939E-18
  -2.602E-17
   0.0
  4.101000000e-18
  -4.897000000e-17
  -1.772000000e-16
  1.614500000e-16
  -7.402300000e-17
  7.610600000e-17
  4.856000000e-02 -1.429000000e-01 9.886000000e-01
  9.724000000e-01 2.327000000e-01 -1.414000000e-02
  -2.280000000e-01 9.620000000e-01 1.502000000e-01
 Node:         47
  0.1107E+03  0.1269E+03  0.5087E+03  0.0000E+00
  -1.665E-16
  -3.123E-17
   1.11E-16
  -2.776E-17
   3.99E-17
   0.0
  1.289000000e-16
  -1.114000000e-17
  -1.732000000e-16
  2.618600000e-16
  -1.848000000e-17
  1.234400000e-16
  -1.292000000e-01 9.390000000e-01 3.186000000e-01
  -1.008000000e-01 -3.321000000e-01 9.379000000e-01
  -9.865000000e-01 -8.906000000e-02 -1.376000000e-01
 Node:         48
  0.1125E+03  0.1242E+03  0.5208E+03  0.0000E+00
   1.11E-16
   3.469E-18
   1.11E-16
   0.0
  -1.735E-18
   1.11E-16
  1.149000000e-16
  1.110000000e-16
  1.071000000e-16
  6.755000000e-18
  1.110000000e-16
  3.184300000e-18
  -6.325000000e-01 -7.071000000e-01 3.162000000e-01
  4.472000000e-01 -4.455000000e-15 8.944000000e-01
  -6.325000000e-01 7.071000000e-01 3.162000000e-01
 Node:         49
  0.1186E+03  0.1311E+03  0.4938E+03  0.0000E+00
  -1.665E-16
  -2.082E-17
   0.0
  -4.163E-17
  -6.072E-18
  -5.551E-17
  2.581000000e-18
  -4.165000000e-17
  -1.830000000e-16
  1.678900000e-16
  -7.402300000e-17
  7.914600000e-17
  1.174000000e-01 -9.929000000e-01 1.965000000e-02
  -3.135000000e-01 -1.827000000e-02 9.494000000e-01
  -9.423000000e-01 -1.176000000e-01 -3.134000000e-01
 Node:         50
  0.1180E+03  0.1298E+03  0.5075E+03  0.0000E+00
   0.0
  -1.301E-17
   3.331E-16
  -4.163E-17
   1.247E-17
   2.22E-16
  3.354000000e-16
  2.276000000e-16
  -7.879000000e-18
  3.040700000e-16
  1.850400000e-16
  1.433400000e-16
  5.441000000e-02 -9.902000000e-01 -1.289000000e-01
  -1.707000000e-01 -1.364000000e-01 9.758000000e-01
  9.838000000e-01 3.109000000e-02 1.765000000e-01
 Node:         51
  0.1192E+03  0.1275E+03  0.5206E+03  0.0000E+00
   0.0
  -3.469E-18
  -5.551E-17
   0.0
   1.475E-17
   1.11E-16
  1.123000000e-16
  2.087000000e-19
  -5.702000000e-17
  1.491800000e-16
  1.849600000e-17
  7.032400000e-17
  -2.705000000e-03 8.758000000e-02 9.962000000e-01
  9.982000000e-01 -6.004000000e-02 7.989000000e-03
  -6.051000000e-02 -9.943000000e-01 8.725000000e-02
 Node:         52
  0.1262E+03  0.1305E+03  0.4920E+03  0.0000E+00
   1.11E-16
  -1.388E-17
   1.11E-16
   1.301E-18
   4.906E-18
   0.0
  1.250000000e-16
  9.734000000e-17
  -2.497000000e-19
  1.139700000e-16
  7.403000000e-17
  5.372400000e-17
  -7.047000000e-01 7.092000000e-01 2.051000000e-02
  7.093000000e-01 7.034000000e-01 4.493000000e-02
  -1.744000000e-02 -4.621000000e-02 9.988000000e-01
 Node:         53
  0.1258E+03  0.1304E+03  0.5063E+03  0.0000E+00
  -1.665E-16
  -1.735E-18
  -1.11E-16
   2.776E-17
   3.383E-17
  -2.22E-16
  -1.010000000e-16
  -1.572000000e-16
  -2.414000000e-16
  1.223900000e-16
  -1.665300000e-16
  5.769700000e-17
  9.684000000e-02 9.526000000e-01 2.883000000e-01
  -9.346000000e-01 1.866000000e-01 -3.027000000e-01
  -3.422000000e-01 -2.402000000e-01 9.084000000e-01
 Node:         54
  0.1265E+03  0.1288E+03  0.5200E+03  0.0000E+00
  -2.22E-16
   2.082E-17
   1.11E-16
   0.0
  -4.337E-18
   1.11E-16
  1.160000000e-16
  1.073000000e-16
  -2.233000000e-16
  3.350300000e-16
  0.000000000e+00
  1.579400000e-16
  -4.656000000e-02 -7.562000000e-01 6.527000000e-01
  -4.117000000e-02 -6.514000000e-01 -7.576000000e-01
  -9.981000000e-01 6.215000000e-02 8.061000000e-04
 Node:         55
  0.1382E+03  0.1167E+03  0.4532E+03  0.4410E-02
  -0.01878
  -0.008338
   0.02205
  -5.036E-4
   0.01276
  -0.001226
  5.734500000e-02
  1.208700000e-03
  -4.605800000e-02
  9.089100000e-02
  4.165200000e-03
  4.284700000e-02
  1.117600000e-02 -2.623200000e-01 -1.429300000e-01
  3.715200000e-01 -1.243200000e-01 6.447900000e-01
  -4.873000000e-01 -1.055800000e-01 1.680000000e-01
 Node:         56
  0.1314E+03  0.1156E+03  0.4686E+03  0.4410E-02
  -0.01658
  -0.003892
   0.01293
   0.002586
   0.003589
  -0.005637
  2.833100000e-02
  -3.908800000e-03
  -4.102800000e-02
  6.129500000e-02
  -5.535100000e-03
  2.889500000e-02
  -1.339000000e-02 3.421200000e-01 4.967000000e-02
  2.161300000e-01 1.982000000e-01 -8.990400000e-02
  -4.167900000e-01 -5.090300000e-02 2.683500000e-01
 Node:         57
  0.1285E+03  0.1140E+03  0.4823E+03  0.4410E-02
  -0.003097
   8.363E-4
   7.546E-4
   9.83E-4
  -6.255E-4
  -8.955E-4
  3.301500000e-03
  -7.491400000e-04
  -9.879500000e-03
  1.218100000e-02
  -2.442400000e-03
  5.742400000e-03
  -2.869800000e-01 -4.132100000e-01 2.869600000e-01
  3.997400000e-01 3.297100000e-01 4.911900000e-01
  -4.133400000e-01 1.979700000e-01 4.631500000e-01
 Node:         58
  0.1481E+03  0.1176E+03  0.4535E+03  0.4410E-02
  -0.02007
  -0.01525
   0.03918
  -0.002681
   0.009485
  -0.02325
  8.759700000e-02
  -1.977800000e-02
  -6.269200000e-02
  1.360400000e-01
  1.708900000e-03
  6.412800000e-02
  -5.477400000e-02 2.016100000e-01 2.826700000e-02
  4.355400000e-01 9.778800000e-02 4.875000000e-01
  1.013100000e-01 -1.126000000e-02 2.699600000e-01
 Node:         59
  0.1417E+03  0.1165E+03  0.4694E+03  0.4410E-02
  -0.01078
  -0.01582
   0.02963
  -0.005077
   0.00881
  -0.01112
  7.193800000e-02
  -1.461000000e-02
  -4.429500000e-02
  1.050700000e-01
  4.344100000e-03
  4.953000000e-02
  -1.301700000e-02 -1.477100000e-01 -3.708700000e-03
  2.984100000e-01 1.718800000e-01 4.778400000e-01
  2.914500000e-01 -1.805400000e-02 4.495600000e-01
 Node:         60
  0.1375E+03  0.1150E+03  0.4832E+03  0.4410E-02
   4.906E-4
  -0.004694
   0.006199
  -0.001743
   0.00198
  -1.747E-5
  1.744600000e-02
  -1.130800000e-03
  -6.757300000e-03
  2.211400000e-02
  3.185800000e-03
  1.042500000e-02
  -3.227600000e-01 5.403700000e-01 1.407100000e-01
  1.077700000e-01 3.109800000e-02 5.546900000e-01
  4.305000000e-01 1.806600000e-01 5.408800000e-02
 Node:         61
  0.1551E+03  0.1218E+03  0.4537E+03  0.4410E-02
   1.829E-4
  -0.01354
   0.0144
  -0.006176
   0.006507
  -0.03818
  5.970500000e-02
  -2.036900000e-02
  -7.558600000e-02
  1.185700000e-01
  -1.208300000e-02
  5.589600000e-02
  -1.133400000e-01 4.572500000e-01 1.101600000e-01
  7.557600000e-01 5.490600000e-01 -1.465100000e-01
  1.395400000e-01 -1.893500000e-02 9.589500000e-01
 Node:         62
  0.1491E+03  0.1201E+03  0.4700E+03  0.4410E-02
   0.01556
  -0.02681
   0.02376
  -0.009856
   0.009742
  -0.01796
  9.458100000e-02
  -1.309600000e-02
  -4.537700000e-02
  1.272000000e-01
  1.203600000e-02
  5.996200000e-02
  -4.420100000e-01 4.029600000e-01 1.650700000e-01
  6.338700000e-01 4.413100000e-01 3.055200000e-02
  6.287600000e-02 1.018000000e-01 -3.191200000e-02
 Node:         63
  0.1436E+03  0.1181E+03  0.4838E+03  0.4410E-02
   0.006804
  -0.01022
   0.01117
  -0.00221
   0.003645
  -0.00138
  3.557700000e-02
  -1.618100000e-03
  -6.178200000e-03
  3.971700000e-02
  9.260300000e-03
  1.872300000e-02
  -4.589300000e-01 5.721500000e-01 2.060800000e-01
  3.513500000e-01 3.724900000e-01 -1.240300000e-01
  -2.821300000e-01 -3.531000000e-01 7.849000000e-01
 Node:         64
  0.1412E+03  0.1253E+03  0.4526E+03  0.4410E-02
  -0.02488
  -0.001064
   0.03002
  -0.004954
   0.003866
  -0.01266
  5.728400000e-02
  -1.791300000e-02
  -4.918500000e-02
  9.519400000e-02
  -3.271500000e-03
  4.487500000e-02
  -1.239600000e-03 2.676100000e-01 2.827900000e-02
  -3.489900000e-02 -1.255100000e-02 1.365500000e-01
  3.114200000e-01 2.439800000e-02 9.186200000e-02
 Node:         65
  0.1340E+03  0.1229E+03  0.4684E+03  0.4410E-02
  -0.01055
  -0.007371
   0.02378
  -0.003822
   0.002297
  -0.008252
  4.841700000e-02
  -1.056100000e-02
  -2.843400000e-02
  6.974200000e-02
  3.141000000e-03
  3.287700000e-02
  1.258100000e-01 -2.314000000e-01 -2.878300000e-02
  -2.060600000e-01 -9.581300000e-02 4.591500000e-01
  1.256100000e-01 2.399500000e-02 1.322600000e-01
 Node:         66
  0.1299E+03  0.1214E+03  0.4825E+03  0.4410E-02
   0.001323
  -0.002766
   0.004978
  -2.708E-4
   2.63E-4
  -8.079E-4
  1.179200000e-02
  -5.314300000e-04
  -2.072800000e-03
  1.315500000e-02
  3.062500000e-03
  6.201500000e-03
  -4.591600000e-01 8.976800000e-01 3.041200000e-02
  6.079600000e-01 4.189200000e-01 -7.464400000e-02
  1.514700000e-01 3.883600000e-02 4.761600000e-01
 Node:         67
  0.1498E+03  0.1242E+03  0.4531E+03  0.4410E-02
  -0.02117
  -0.01037
   0.0269
  -0.004353
   0.003257
  -0.02155
  5.614900000e-02
  -1.844600000e-02
  -5.434600000e-02
  9.856300000e-02
  -5.547300000e-03
  4.646300000e-02
  -2.769100000e-02 1.059700000e-01 -6.412000000e-03
  3.137300000e-01 2.383700000e-02 3.414200000e-01
  -6.361900000e-02 -1.385100000e-02 7.708500000e-02
 Node:         68
  0.1431E+03  0.1223E+03  0.4691E+03  0.4410E-02
  -6.639E-4
  -0.01994
   0.02658
  -0.009193
   0.005814
  -0.01194
  7.262000000e-02
  -7.161000000e-03
  -3.706500000e-02
  9.844000000e-02
  9.464600000e-03
  4.640500000e-02
  -6.216100000e-02 1.354800000e-01 3.067100000e-02
  -3.186900000e-02 -4.164800000e-02 4.437000000e-01
  5.163100000e-01 1.572700000e-01 4.306900000e-01
 Node:         69
  0.1379E+03  0.1205E+03  0.4831E+03  0.4410E-02
   0.004999
  -0.007046
   0.007678
  -0.002994
   0.002463
  -2.081E-4
  2.586100000e-02
  -4.588500000e-04
  -3.613600000e-03
  2.802400000e-02
  7.262900000e-03
  1.321100000e-02
  -6.294900000e-01 7.245600000e-01 2.425300000e-01
  2.708500000e-01 3.102100000e-01 1.725100000e-01
  4.333900000e-01 1.829300000e-01 3.608100000e-01
 Node:         70
  0.1554E+03  0.1239E+03  0.4536E+03  0.4410E-02
  -0.01337
  -0.01291
   0.006017
  -0.01185
   0.008619
  -0.0131
  4.372200000e-02
  -1.181600000e-02
  -5.729900000e-02
  8.809900000e-02
  -8.464500000e-03
  4.153000000e-02
  -1.881400000e-01 3.101000000e-01 1.882600000e-01
  5.155500000e-03 -4.152000000e-01 4.190900000e-01
  -7.009800000e-02 -2.808200000e-02 5.104000000e-02
 Node:         71
  0.1492E+03  0.1220E+03  0.4699E+03  0.4410E-02
   0.0127
  -0.02336
   0.0174
  -0.0214
   0.01314
  -0.004293
  9.310600000e-02
  -3.148200000e-03
  -3.983600000e-02
  1.191500000e-01
  1.670700000e-02
  5.616800000e-02
  -4.638300000e-01 3.833200000e-01 2.561800000e-01
  2.128100000e-01 1.831400000e-01 1.606600000e-01
  4.187700000e-01 1.047400000e-01 4.576800000e-01
 Node:         72
  0.1435E+03  0.1199E+03  0.4838E+03  0.4410E-02
   0.01001
  -0.009464
   0.006597
  -0.006783
   0.004102
   0.001421
  3.745500000e-02
  -3.433900000e-04
  -5.374600000e-03
  4.054400000e-02
  1.057900000e-02
  1.911300000e-02
  -7.270900000e-01 5.709500000e-01 3.642700000e-01
  8.843400000e-02 4.100400000e-02 3.415800000e-01
  3.342400000e-01 2.326400000e-01 1.979400000e-01
 Node:         73
  0.1443E+03  0.1339E+03  0.4523E+03  0.0000E+00
   0.01609
  -0.003232
  -0.02286
  -2.978E-4
  -1.162E-4
   0.01436
  3.441400000e-02
  2.227300000e-02
  -4.202100000e-02
  7.161100000e-02
  4.888900000e-03
  3.375800000e-02
  6.882800000e-02 -4.162100000e-02 4.840100000e-01
  4.737200000e-01 -4.132700000e-02 3.712100000e-01
  -5.639500000e-02 -4.405100000e-01 -1.318100000e-02
 Node:         74
  0.1366E+03  0.1304E+03  0.4683E+03  0.0000E+00
   0.03196
   0.002333
  -0.009019
   0.001958
  -5.581E-4
   0.01289
  5.913400000e-02
  2.404300000e-02
  -1.821100000e-02
  6.747700000e-02
  2.165500000e-02
  3.180900000e-02
  -1.022900000e+00 -4.579300000e-02 -1.294400000e-01
  -9.237700000e-02 1.239200000e-02 6.765400000e-01
  -3.958200000e-02 8.516900000e-01 5.846600000e-03
 Node:         75
  0.1313E+03  0.1288E+03  0.4826E+03  0.0000E+00
   0.01279
   9.301E-4
  -6.539E-4
  -4.765E-4
  -2.696E-4
   0.00112
  2.334700000e-02
  2.118900000e-03
  -2.041500000e-03
  2.360700000e-02
  7.808100000e-03
  1.112800000e-02
  -9.866100000e-01 -6.579000000e-02 3.000700000e-02
  1.463100000e-02 -1.131000000e-01 9.781200000e-01
  -6.164600000e-02 6.646500000e-01 3.700400000e-02
 Node:         76
  0.1515E+03  0.1309E+03  0.4528E+03  0.0000E+00
   0.01432
  -0.005489
  -0.02886
  -0.002605
   0.005184
   0.01928
  4.440500000e-02
  2.118600000e-02
  -5.477600000e-02
  9.023300000e-02
  3.604900000e-03
  4.253600000e-02
  -2.698600000e-01 5.802600000e-02 3.286300000e-01
  3.109900000e-01 -2.922300000e-02 2.324400000e-01
  -4.134800000e-02 -3.931500000e-01 3.008700000e-02
 Node:         77
  0.1445E+03  0.1281E+03  0.4690E+03  0.0000E+00
   0.04204
   0.004872
  -0.01215
   4.389E-4
   0.004685
   0.0111
  7.837200000e-02
  2.211600000e-02
  -2.572100000e-02
  9.083600000e-02
  2.492200000e-02
  4.282000000e-02
  -9.920700000e-01 -9.348900000e-02 -2.725000000e-02
  -4.312300000e-02 1.769200000e-01 9.821100000e-01
  -9.063100000e-02 7.526200000e-01 -1.408700000e-01
 Node:         78
  0.1384E+03  0.1261E+03  0.4829E+03  0.0000E+00
   0.01786
   0.0035
  -3.283E-4
  -1.165E-4
   3.012E-4
   7.18E-4
  3.370100000e-02
  1.383000000e-03
  -2.038000000e-03
  3.415800000e-02
  1.101500000e-02
  1.610200000e-02
  -9.797300000e-01 -1.825500000e-01 -1.140600000e-02
  -4.947300000e-02 1.395800000e-01 8.683800000e-01
  -1.728000000e-01 1.026000000e+00 -1.276600000e-01
 Node:         79
  0.1556E+03  0.1259E+03  0.4535E+03  0.0000E+00
   0.0111
   0.007797
  -0.01405
  -0.002388
   9.667E-4
  -0.05051
  3.793800000e-02
  -2.150000000e-02
  -1.285700000e-01
  1.486600000e-01
  -3.737800000e-02
  7.008000000e-02
  8.645000000e-01 3.568600000e-01 -8.889600000e-02
  -6.990600000e-02 3.173800000e-01 2.472900000e-02
  -3.840400000e-03 -2.852400000e-02 6.570300000e-01
 Node:         80
  0.1494E+03  0.1239E+03  0.4698E+03  0.0000E+00
   0.04803
   0.01054
  -0.01001
   0.004237
   8.13E-4
  -0.03864
  9.372000000e-02
  -1.224100000e-02
  -1.012800000e-01
  1.725000000e-01
  -6.598900000e-03
  8.131900000e-02
  -1.727500000e-01 4.816700000e-02 -3.011100000e-02
  -2.004400000e-01 8.007200000e-01 2.276300000e-01
  -2.398100000e-02 -2.361400000e-01 8.218400000e-01
 Node:         81
  0.1433E+03  0.1217E+03  0.4837E+03  0.0000E+00
   0.02049
   0.00436
  -9.304E-4
   0.00306
   8.743E-4
  -0.003845
  3.914000000e-02
  -1.971500000e-03
  -1.232000000e-02
  4.742000000e-02
  8.283100000e-03
  2.235400000e-02
  -9.692200000e-01 -1.850200000e-01 -1.372200000e-01
  -2.238100000e-01 7.813800000e-01 2.990200000e-01
  -2.717100000e-02 -3.193700000e-01 8.033300000e-01
 Node:         82
  0.1267E+03  0.1148E+03  0.4562E+03 -0.8080E-03
  -9.793E-4
  -0.006204
   0.004394
  -6.654E-5
   0.004832
  -0.00146
  2.376100000e-02
  -3.747400000e-03
  -1.682000000e-02
  3.611900000e-02
  1.064800000e-03
  1.702700000e-02
  -4.704800000e-01 7.247100000e-01 3.448300000e-01
  -4.526600000e-02 -1.739500000e-02 3.607100000e-02
  -1.559800000e-01 -1.134500000e-01 2.675500000e-01
 Node:         83
  0.1234E+03  0.1129E+03  0.4719E+03 -0.8080E-03
  -0.007832
  -0.002712
   0.001237
   0.006116
   0.002549
  -0.00595
  7.869300000e-03
  -1.529000000e-03
  -2.995700000e-02
  3.455700000e-02
  -7.872200000e-03
  1.629000000e-02
  -1.451500000e-01 6.528600000e-01 2.290000000e-01
  -3.500500000e-01 5.536100000e-02 -3.553600000e-01
  -4.596500000e-01 -4.048500000e-02 4.914000000e-01
 Node:         84
  0.1187E+03  0.1123E+03  0.4849E+03 -0.8080E-03
  -0.001202
  -2.324E-5
   3.505E-5
   0.002614
  -1.114E-4
  -0.004984
  9.933000000e-04
  3.070600000e-05
  -1.291800000e-02
  1.361200000e-02
  -3.964500000e-03
  6.416800000e-03
  -4.813200000e-01 -8.194500000e-03 -4.755700000e-02
  1.694900000e-01 -2.893900000e-01 1.315500000e-01
  2.723900000e-01 -6.496600000e-02 -6.433100000e-01
 Node:         85
  0.1302E+03  0.1161E+03  0.4550E+03 -0.8080E-03
  -0.002416
  -0.006508
   0.006169
   5.05E-4
   0.007164
  -4.979E-4
  3.023900000e-02
  -3.736900000e-03
  -1.978600000e-02
  4.441500000e-02
  2.238800000e-03
  2.093800000e-02
  -3.965000000e-01 7.641700000e-01 4.141400000e-01
  1.057700000e-02 3.566700000e-01 -1.965200000e-01
  2.353300000e-01 -6.803800000e-03 1.875300000e-01
 Node:         86
  0.1252E+03  0.1138E+03  0.4703E+03 -0.8080E-03
  -0.01171
   0.001399
   0.0223
   0.01032
   0.00934
  -0.004135
  5.122500000e-02
  3.908700000e-03
  -4.040100000e-02
  7.995700000e-02
  4.911200000e-03
  3.769200000e-02
  -1.245100000e-01 -5.784000000e-01 -2.540400000e-01
  2.605600000e-01 -3.458900000e-01 5.152300000e-01
  6.797600000e-01 7.053800000e-02 -3.784400000e-01
 Node:         87
  0.1217E+03  0.1126E+03  0.4834E+03 -0.8080E-03
  -0.001978
  -9.938E-5
   4.529E-4
   0.003033
  -5.27E-4
  -0.004155
  2.160000000e-03
  3.729300000e-05
  -1.344000000e-02
  1.493200000e-02
  -3.747600000e-03
  7.039100000e-03
  -4.093400000e-01 5.921500000e-01 -1.470900000e-01
  5.213200000e-01 2.495100000e-01 4.358100000e-01
  6.011700000e-01 4.470000000e-02 -4.790500000e-01
 Node:         88
  0.1338E+03  0.1169E+03  0.4534E+03 -0.8080E-03
  -0.01355
  -0.008643
   0.006924
   4.155E-4
   0.01171
   0.008874
  4.267100000e-02
  -1.973100000e-03
  -3.390800000e-02
  6.677000000e-02
  2.263300000e-03
  3.147500000e-02
  -2.523200000e-01 6.747900000e-01 6.259400000e-01
  -3.966900000e-02 2.917500000e-01 -1.463300000e-01
  2.865100000e-01 5.366800000e-02 -1.367900000e-02
 Node:         89
  0.1270E+03  0.1150E+03  0.4686E+03 -0.8080E-03
  -0.01354
  -0.002214
   0.00389
   0.004163
   0.00337
  -0.001536
  1.436000000e-02
  -2.396200000e-03
  -3.353800000e-02
  4.284800000e-02
  -7.191500000e-03
  2.019900000e-02
  -1.701100000e-01 7.110500000e-01 3.951400000e-01
  -1.533300000e-01 1.625600000e-01 -2.906500000e-01
  -5.572600000e-01 5.486700000e-02 3.301600000e-01
 Node:         90
  0.1248E+03  0.1132E+03  0.4822E+03 -0.8080E-03
  -0.003065
   0.001417
  -5.724E-4
   0.001456
  -8.112E-4
  -9.632E-4
  1.239600000e-03
  -3.612100000e-04
  -1.039700000e-02
  1.128600000e-02
  -3.172800000e-03
  5.320300000e-03
  -6.651600000e-02 2.029100000e-01 1.464600000e-01
  6.387200000e-02 -4.008400000e-02 2.689700000e-01
  -4.697200000e-01 4.375900000e-01 4.206200000e-01
 Node:         91
  0.1259E+03  0.1261E+03  0.4548E+03 -0.8080E-03
  -0.02095
  -0.001285
   0.02462
  -0.004323
   0.008539
  -0.003291
  5.254500000e-02
  -8.061500000e-03
  -3.892900000e-02
  8.064500000e-02
  1.851600000e-03
  3.801700000e-02
  7.195400000e-03 3.439800000e-01 1.088100000e-01
  -9.446100000e-02 -1.086500000e-01 4.290500000e-01
  1.173100000e-01 -6.337500000e-02 2.354100000e-02
 Node:         92
  0.1209E+03  0.1233E+03  0.4725E+03 -0.8080E-03
  -0.009783
  -0.004247
   0.009038
  -0.002687
   0.005973
   0.003739
  2.935700000e-02
  9.187700000e-05
  -2.277800000e-02
  4.529300000e-02
  2.223300000e-03
  2.135100000e-02
  -1.355900000e-01 -1.628200000e-01 -8.996100000e-02
  1.621700000e-03 -4.002800000e-01 5.815500000e-01
  -2.688900000e-01 8.958500000e-02 1.063800000e-01
 Node:         93
  0.1159E+03  0.1217E+03  0.4877E+03 -0.8080E-03
  -5.477E-5
  -5.465E-4
   3.604E-4
  -5.587E-4
   7.095E-4
   5.795E-4
  4.758000000e-03
  -2.159800000e-04
  -3.481800000e-03
  7.317600000e-03
  3.534000000e-04
  3.449500000e-03
  -3.757100000e-01 6.806100000e-02 3.857200000e-01
  3.742300000e-01 -4.086100000e-01 3.341300000e-01
  1.128000000e-01 -3.932000000e-02 3.690800000e-02
 Node:         94
  0.1313E+03  0.1263E+03  0.4539E+03 -0.8080E-03
  -0.02577
  -0.001524
   0.02782
  -0.006678
   0.007039
   2.124E-4
  5.726000000e-02
  1.372300000e-03
  -4.772300000e-02
  9.106000000e-02
  3.636600000e-03
  4.292600000e-02
  -1.041800000e-03 2.306600000e-01 7.567200000e-02
  -1.704400000e-03 1.922000000e-02 1.775400000e-01
  1.339900000e-01 -1.000500000e-01 4.922200000e-02
 Node:         95
  0.1250E+03  0.1235E+03  0.4706E+03 -0.8080E-03
  -0.01149
  -0.004592
   0.01385
  -0.004286
   0.004313
   0.003682
  3.391400000e-02
  7.400300000e-03
  -2.866100000e-02
  5.481600000e-02
  4.218000000e-03
