 Group name: predicted_strain_L3A2
 #Fields=  17
 1) coordinates, coordinate, rectangular cartesian, #Components=3
   x.  Value index= 1, #Derivatives=0
   y.  Value index= 2, #Derivatives=0
   z.  Value index= 3, #Derivatives=0
 2) dummy, field, rectangular cartesian, #Components=1
   Tensor_1.  Value index= 4, #Derivatives=0
 3) Tensor_1, field, rectangular cartesian, #Components=1
   Tensor_1.  Value index= 5, #Derivatives=0
 4) Tensor_2, field, rectangular cartesian, #Components=1
   Tensor_2.  Value index= 6, #Derivatives=0
 5) Tensor_3, field, rectangular cartesian, #Components=1
   Tensor_3.  Value index= 7, #Derivatives=0
 6) Tensor_4, field, rectangular cartesian, #Components=1
   Tensor_4.  Value index= 8, #Derivatives=0
 7) Tensor_5, field, rectangular cartesian, #Components=1
   Tensor_5.  Value index= 9, #Derivatives=0
 8) Tensor_6, field, rectangular cartesian, #Components=1
   Tensor_6.  Value index= 10, #Derivatives=0
 9) Principal_1, field, rectangular cartesian, #Components=1
   Principal_1.  Value index= 11, #Derivatives=0
 10) Principal_2, field, rectangular cartesian, #Components=1
   Principal_2.  Value index= 12, #Derivatives=0
 11) Principal_3, field, rectangular cartesian, #Components=1
   Principal_3.  Value index= 13, #Derivatives=0
 12) VonMises, field, rectangular cartesian, #Components=1
   VonMises.  Value index= 14, #Derivatives=0
 13) Hydrostatic, field, rectangular cartesian, #Components=1
   VonMises.  Value index= 15, #Derivatives=0
 14) Octahedral, field, rectangular cartesian, #Components=1
   VonMises.  Value index= 16, #Derivatives=0
 15) PrincipalVector1, field, rectangular cartesian, #Components=3
   x.  Value index= 17, #Derivatives=0
   y.  Value index= 18, #Derivatives=0
   z.  Value index= 19, #Derivatives=0
 16) PrincipalVector2, field, rectangular cartesian, #Components=3
   x.  Value index= 20, #Derivatives=0
   y.  Value index= 21, #Derivatives=0
   z.  Value index= 22, #Derivatives=0
 17) PrincipalVector3, field, rectangular cartesian, #Components=3
   x.  Value index= 23, #Derivatives=0
   y.  Value index= 24, #Derivatives=0
   z.  Value index= 25, #Derivatives=0
 Node:          1
  0.1287E+03  0.1133E+03  0.4908E+03 -0.3663E-04
  -1.11E-16
  -8.327E-17
  -2.22E-16
  -2.776E-17
  -4.163E-17
  -3.331E-16
  -6.637000000e-17
  -2.400000000e-16
  -3.598000000e-16
  2.555400000e-16
  -2.220600000e-16
  1.204600000e-16
  8.837000000e-01 -4.676000000e-01 -1.897000000e-02
  4.046000000e-01 7.837000000e-01 -4.712000000e-01
  2.352000000e-01 4.088000000e-01 8.818000000e-01
 Node:          2
  0.1292E+03  0.1137E+03  0.5052E+03 -0.3663E-04
  -5.551E-17
  -1.11E-16
  -1.665E-16
  -5.551E-17
   1.943E-16
  -2.776E-16
  8.603000000e-17
  -1.600000000e-16
  -4.256000000e-16
  4.431900000e-16
  -1.665200000e-16
  2.089200000e-16
  -6.554000000e-01 6.199000000e-01 4.313000000e-01
  7.522000000e-01 4.849000000e-01 4.462000000e-01
  -6.744000000e-02 -6.169000000e-01 7.841000000e-01
 Node:          3
  0.1289E+03  0.1155E+03  0.5194E+03 -0.3663E-04
   2.22E-16
   1.388E-16
   3.331E-16
   1.11E-16
   5.551E-17
   2.22E-16
  4.753000000e-16
  2.118000000e-16
  9.006000000e-17
  3.410700000e-16
  2.590500000e-16
  1.607800000e-16
  -5.696000000e-01 -7.144000000e-01 -4.063000000e-01
  2.395000000e-01 -6.172000000e-01 7.494000000e-01
  -7.862000000e-01 3.296000000e-01 5.227000000e-01
 Node:          4
  0.1361E+03  0.1141E+03  0.4915E+03 -0.3663E-04
   0.0
  -2.776E-17
  -1.11E-16
  -2.776E-17
  -8.327E-17
   2.22E-16
  2.435000000e-16
  6.328000000e-18
  -1.388000000e-16
  3.342600000e-16
  3.700900000e-17
  1.575700000e-16
  -8.549000000e-02 -2.215000000e-01 9.714000000e-01
  9.681000000e-01 -2.491000000e-01 2.840000000e-02
  2.357000000e-01 9.428000000e-01 2.357000000e-01
 Node:          5
  0.1341E+03  0.1144E+03  0.5054E+03 -0.3663E-04
   3.331E-16
   1.388E-16
   3.331E-16
   5.551E-17
  -6.939E-17
   4.441E-16
  4.814000000e-16
  4.627000000e-16
  1.662000000e-16
  3.062800000e-16
  3.701000000e-16
  1.443800000e-16
  -3.480000000e-01 -6.443000000e-01 6.810000000e-01
  -6.589000000e-01 -3.487000000e-01 -6.665000000e-01
  6.669000000e-01 -6.807000000e-01 -3.032000000e-01
 Node:          6
  0.1323E+03  0.1162E+03  0.5191E+03 -0.3663E-04
   2.22E-16
   5.551E-17
   2.22E-16
  -5.551E-17
  -2.776E-17
   0.0
  2.897000000e-16
  1.685000000e-16
  -1.402000000e-17
  2.648100000e-16
  1.480600000e-16
  1.248300000e-16
  -7.150000000e-01 -6.696000000e-01 2.012000000e-01
  6.656000000e-01 -7.399000000e-01 -9.741000000e-02
  -2.141000000e-01 -6.426000000e-02 -9.747000000e-01
 Node:          7
  0.1408E+03  0.1171E+03  0.4920E+03 -0.3663E-04
   3.331E-16
   2.22E-16
   2.22E-16
  -8.327E-17
  -1.11E-16
   0.0
  5.398000000e-16
  6.158000000e-17
  -4.631000000e-17
  5.403100000e-16
  1.850200000e-16
  2.547000000e-16
  -7.537000000e-01 -6.111000000e-01 2.419000000e-01
  -6.560000000e-01 6.770000000e-01 -3.335000000e-01
  -4.004000000e-02 4.101000000e-01 9.112000000e-01
 Node:          8
  0.1367E+03  0.1169E+03  0.5055E+03 -0.3663E-04
   2.22E-16
   1.943E-16
   2.22E-16
  -4.025E-16
  -2.359E-16
  -2.22E-16
  6.547000000e-16
  4.477000000e-17
  -4.775000000e-16
  9.814900000e-16
  7.399000000e-17
  4.626800000e-16
  -6.847000000e-01 -5.611000000e-01 4.652000000e-01
  5.685000000e-01 -8.105000000e-01 -1.409000000e-01
  -4.561000000e-01 -1.681000000e-01 -8.739000000e-01
 Node:          9
  0.1339E+03  0.1180E+03  0.5191E+03 -0.3663E-04
   2.22E-16
   1.665E-16
   0.0
  -3.955E-16
  -2.776E-16
   6.661E-16
  1.002000000e-15
  -9.379000000e-18
  -1.046000000e-16
  1.062200000e-15
  2.960100000e-16
  5.007200000e-16
  -4.817000000e-01 -3.073000000e-01 8.207000000e-01
  -8.565000000e-01 -3.292000000e-02 -5.150000000e-01
  -1.853000000e-01 9.510000000e-01 2.474000000e-01
 Node:         10
  0.1294E+03  0.1212E+03  0.4911E+03 -0.3663E-04
   0.0
   2.776E-17
   1.11E-16
  -1.388E-17
   1.249E-16
   1.11E-16
  2.363000000e-16
  2.303000000e-17
  -3.732000000e-17
  2.489900000e-16
  7.400300000e-17
  1.173800000e-16
  4.210000000e-02 7.100000000e-01 7.030000000e-01
  -7.813000000e-01 -4.152000000e-01 4.661000000e-01
  -6.228000000e-01 5.688000000e-01 -5.372000000e-01
 Node:         11
  0.1295E+03  0.1214E+03  0.5055E+03 -0.3663E-04
  -2.22E-16
  -2.776E-17
  -2.22E-16
  -4.163E-17
   1.388E-17
  -1.665E-16
  -1.365000000e-16
  -2.183000000e-16
  -2.558000000e-16
  1.056600000e-16
  -2.035300000e-16
  4.981100000e-17
  -4.935000000e-01 2.929000000e-01 8.189000000e-01
  3.541000000e-01 -7.924000000e-01 4.968000000e-01
  -7.944000000e-01 -5.351000000e-01 -2.873000000e-01
 Node:         12
  0.1295E+03  0.1217E+03  0.5196E+03 -0.3663E-04
   1.11E-16
   0.0
   1.11E-16
   7.633E-17
   2.776E-17
   2.22E-16
  2.649000000e-16
  1.110000000e-16
  6.816000000e-17
  1.792000000e-16
  1.480200000e-16
  8.447700000e-17
  -4.387000000e-01 -1.595000000e-01 -8.844000000e-01
  3.417000000e-01 -9.398000000e-01 -2.255000000e-17
  8.311000000e-01 3.022000000e-01 -4.668000000e-01
 Node:         13
  0.1361E+03  0.1199E+03  0.4914E+03 -0.3663E-04
   1.11E-16
  -1.388E-16
   0.0
  -9.714E-17
   2.776E-17
  -1.665E-16
  2.285000000e-16
  -8.520000000e-17
  -1.988000000e-16
  3.833400000e-16
  -1.850000000e-17
  1.807100000e-16
  8.171000000e-01 -5.252000000e-01 -2.378000000e-01
  4.648000000e-01 8.442000000e-01 -2.671000000e-01
  3.410000000e-01 1.077000000e-01 9.339000000e-01
 Node:         14
  0.1342E+03  0.1198E+03  0.5054E+03 -0.3663E-04
  -5.551E-17
   2.776E-17
   0.0
   5.551E-17
  -9.021E-17
   1.11E-16
  1.672000000e-16
  -4.940000000e-18
  -1.068000000e-16
  2.398800000e-16
  1.848700000e-17
  1.130800000e-16
  1.634000000e-01 -4.472000000e-01 8.794000000e-01
  -6.569000000e-01 -7.144000000e-01 -2.412000000e-01
  -7.361000000e-01 5.382000000e-01 4.105000000e-01
 Node:         15
  0.1330E+03  0.1205E+03  0.5193E+03 -0.3663E-04
   2.22E-16
  -8.327E-17
  -5.551E-17
   1.388E-17
   4.857E-17
   0.0
  2.451000000e-16
  2.471000000e-17
  -1.033000000e-16
  3.052400000e-16
  5.550300000e-17
  1.438900000e-16
  -9.638000000e-01 2.667000000e-01 -1.723000000e-03
  1.157000000e-01 4.239000000e-01 8.983000000e-01
  2.403000000e-01 8.656000000e-01 -4.394000000e-01
 Node:         16
  0.1404E+03  0.1188E+03  0.4918E+03 -0.3663E-04
   2.22E-16
   5.551E-17
   2.22E-16
  -8.327E-17
  -1.457E-16
   4.441E-16
  5.466000000e-16
  1.950000000e-16
  1.465000000e-16
  3.781900000e-16
  2.960300000e-16
  1.782800000e-16
  -2.927000000e-01 -4.328000000e-01 8.526000000e-01
  -9.222000000e-01 -1.077000000e-01 -3.713000000e-01
  -2.526000000e-01 8.950000000e-01 3.676000000e-01
 Node:         17
  0.1365E+03  0.1184E+03  0.5055E+03 -0.3663E-04
  -1.11E-16
   2.776E-17
  -1.11E-16
   9.714E-17
   1.7E-16
   0.0
  1.573000000e-16
  -1.341000000e-16
  -2.452000000e-16
  3.600400000e-16
  -7.400000000e-17
  1.697300000e-16
  3.368000000e-01 5.285000000e-01 7.792000000e-01
  8.927000000e-01 -4.425000000e-01 -8.566000000e-02
  -2.996000000e-01 -7.244000000e-01 6.209000000e-01
 Node:         18
  0.1341E+03  0.1191E+03  0.5192E+03 -0.3663E-04
   0.0
   0.0
   0.0
   2.645E-17
   1.065E-16
   4.441E-16
  4.697000000e-16
  -1.672000000e-33
  -2.562000000e-17
  4.830200000e-16
  1.480300000e-16
  2.277000000e-16
  -5.484000000e-02 -2.207000000e-01 -9.738000000e-01
  9.705000000e-01 -2.411000000e-01 -6.210000000e-17
  -2.348000000e-01 -9.451000000e-01 2.274000000e-01
 Node:         19
  0.1301E+03  0.1291E+03  0.4914E+03  0.0000E+00
   1.11E-16
   0.0
   1.11E-16
   2.101E-19
   1.001E-17
  -2.22E-16
  1.113000000e-16
  1.110000000e-16
  -2.223000000e-16
  3.334500000e-16
  0.000000000e+00
  1.571900000e-16
  -2.096000000e-02 -9.993000000e-01 -3.003000000e-02
  9.998000000e-01 -2.097000000e-02 1.345000000e-19
  6.298000000e-04 3.003000000e-02 -9.995000000e-01
 Node:         20
  0.1299E+03  0.1291E+03  0.5058E+03  0.0000E+00
   2.22E-16
   0.0
   0.0
   1.041E-17
   1.924E-17
  -5.551E-17
  2.224000000e-16
  5.975000000e-18
  -6.188000000e-17
  2.571600000e-16
  5.549800000e-17
  1.212200000e-16
  -9.993000000e-01 -3.257000000e-03 -3.765000000e-02
  1.428000000e-02 -9.549000000e-01 -2.965000000e-01
  -3.498000000e-02 -2.968000000e-01 9.543000000e-01
 Node:         21
  0.1301E+03  0.1280E+03  0.5197E+03  0.0000E+00
   1.11E-16
   0.0
   0.0
   4.163E-17
   1.475E-17
   1.11E-16
  1.534000000e-16
  7.089000000e-17
  -2.220000000e-18
  1.348500000e-16
  7.402300000e-17
  6.357000000e-17
  -6.994000000e-01 -6.840000000e-02 -7.114000000e-01
  -7.126000000e-01 1.429000000e-01 6.869000000e-01
  -5.465000000e-02 -9.874000000e-01 1.487000000e-01
 Node:         22
  0.1360E+03  0.1256E+03  0.4913E+03  0.0000E+00
  -2.22E-16
   1.388E-17
  -1.11E-16
  -1.388E-17
   1.006E-16
   1.11E-16
  1.500000000e-16
  -1.456000000e-16
  -2.264000000e-16
  3.432100000e-16
  -7.400000000e-17
  1.617900000e-16
  -2.144000000e-02 3.586000000e-01 9.332000000e-01
  2.280000000e-01 9.106000000e-01 -3.447000000e-01
  -9.734000000e-01 2.054000000e-01 -1.013000000e-01
 Node:         23
  0.1343E+03  0.1253E+03  0.5054E+03  0.0000E+00
   0.0
   2.082E-17
  -4.441E-16
   0.0
   1.314E-16
  -1.665E-16
  1.265000000e-18
  -1.147000000e-16
  -4.972000000e-16
  4.517900000e-16
  -2.035500000e-16
  2.129700000e-16
  9.970000000e-01 6.061000000e-02 4.746000000e-02
  6.644000000e-02 -3.661000000e-01 -9.282000000e-01
  3.888000000e-02 -9.286000000e-01 3.690000000e-01
 Node:         24
  0.1336E+03  0.1248E+03  0.5194E+03  0.0000E+00
  -2.22E-16
   1.214E-17
   0.0
   1.388E-17
   8.674E-19
  -1.665E-16
  6.779000000e-19
  -1.633000000e-16
  -2.259000000e-16
  2.026600000e-16
  -1.295100000e-16
  9.553700000e-17
  -5.504000000e-02 -9.984000000e-01 -9.747000000e-03
  2.257000000e-01 -2.195000000e-02 9.740000000e-01
  -9.726000000e-01 5.141000000e-02 2.265000000e-01
 Node:         25
  0.1400E+03  0.1206E+03  0.4917E+03  0.0000E+00
   0.0
   2.671E-16
  -1.11E-16
  -8.327E-17
  -1.301E-16
   2.22E-16
  3.681000000e-16
  7.580000000e-17
  -3.329000000e-16
  6.098700000e-16
  3.700000000e-17
  2.874900000e-16
  5.089000000e-01 4.781000000e-01 -7.159000000e-01
  6.086000000e-01 3.883000000e-01 6.920000000e-01
  6.088000000e-01 -7.878000000e-01 -9.334000000e-02
 Node:         26
  0.1363E+03  0.1200E+03  0.5055E+03  0.0000E+00
   2.22E-16
   1.076E-16
  -6.106E-16
   2.776E-17
  -1.124E-15
  -5.551E-17
  8.281000000e-16
  2.248000000e-16
  -1.497000000e-15
  2.089800000e-15
  -1.480300000e-16
  9.851500000e-16
  7.371000000e-02 6.174000000e-01 -7.832000000e-01
  9.955000000e-01 1.018000000e-03 9.449000000e-02
  -5.914000000e-02 7.866000000e-01 6.146000000e-01
 Node:         27
  0.1343E+03  0.1203E+03  0.5192E+03  0.0000E+00
   2.22E-16
  -1.943E-16
   2.22E-16
  -1.041E-16
   1.313E-15
   0.0
  1.466000000e-15
  1.875000000e-16
  -1.209000000e-15
  2.317400000e-15
  1.481700000e-16
  1.092400000e-15
  -1.693000000e-01 7.280000000e-01 6.643000000e-01
  9.848000000e-01 9.849000000e-02 1.431000000e-01
  3.876000000e-02 6.785000000e-01 -7.336000000e-01
 Node:         28
  0.1155E+03  0.1124E+03  0.4931E+03 -0.2165E-03
  -2.22E-16
   3.816E-17
   2.22E-16
  -5.551E-17
   5.551E-17
   1.11E-16
  2.455000000e-16
  1.014000000e-16
  -2.359000000e-16
  4.279500000e-16
  3.700000000e-17
  2.017400000e-16
  3.184000000e-02 9.284000000e-01 3.701000000e-01
  1.988000000e-01 3.571000000e-01 -9.127000000e-01
  9.795000000e-01 -1.026000000e-01 1.732000000e-01
 Node:         29
  0.1119E+03  0.1139E+03  0.5068E+03 -0.2165E-03
  -2.22E-16
  -2.082E-17
   0.0
   5.551E-17
   6.939E-18
  -3.331E-16
  1.944000000e-18
  -2.004000000e-16
  -3.566000000e-16
  3.113600000e-16
  -1.850200000e-16
  1.467800000e-16
  -9.118000000e-02 9.958000000e-01 5.517000000e-03
  -9.179000000e-01 -8.189000000e-02 -3.884000000e-01
  -3.863000000e-01 -4.048000000e-02 9.215000000e-01
 Node:         30
  0.1113E+03  0.1159E+03  0.5206E+03 -0.2165E-03
   2.22E-16
   1.249E-16
   2.22E-16
   0.0
  -2.776E-17
   1.11E-16
  3.486000000e-16
  1.238000000e-16
  8.277000000e-17
  2.478800000e-16
  1.850600000e-16
  1.168500000e-16
  -7.001000000e-01 -7.092000000e-01 8.287000000e-02
  -4.685000000e-01 3.686000000e-01 -8.029000000e-01
  -5.389000000e-01 6.009000000e-01 5.903000000e-01
 Node:         31
  0.1203E+03  0.1126E+03  0.4920E+03 -0.2165E-03
  -5.551E-17
   9.714E-17
  -1.11E-16
   2.776E-17
   4.163E-17
  -5.551E-17
  4.114000000e-17
  -7.661000000e-17
  -1.866000000e-16
  1.972700000e-16
  -7.402300000e-17
  9.299200000e-17
  -6.956000000e-01 -5.654000000e-01 -4.433000000e-01
  4.358000000e-01 1.585000000e-01 -8.860000000e-01
  5.712000000e-01 -8.095000000e-01 1.362000000e-01
 Node:         32
  0.1188E+03  0.1134E+03  0.5062E+03 -0.2165E-03
   2.22E-16
  -1.388E-17
  -1.11E-16
  -2.776E-17
   9.714E-17
  -5.551E-17
  2.266000000e-16
  1.331000000e-17
  -1.844000000e-16
  3.560200000e-16
  1.850300000e-17
  1.678300000e-16
  -9.894000000e-01 7.624000000e-02 1.236000000e-01
  1.445000000e-01 5.992000000e-01 7.875000000e-01
  1.402000000e-02 -7.970000000e-01 6.038000000e-01
 Node:         33
  0.1183E+03  0.1150E+03  0.5201E+03 -0.2165E-03
   1.11E-16
   5.551E-17
   0.0
   8.327E-17
   0.0
   0.0
  1.700000000e-16
  0.000000000e+00
  -5.893000000e-17
  2.058900000e-16
  3.702300000e-17
  9.705800000e-17
  -8.617000000e-01 -2.815000000e-01 -4.222000000e-01
  0.000000000e+00 -8.321000000e-01 5.547000000e-01
  -5.074000000e-01 4.780000000e-01 7.170000000e-01
 Node:         34
  0.1255E+03  0.1129E+03  0.4909E+03 -0.2165E-03
   0.0
   0.0
   0.0
   5.551E-17
   9.714E-17
   0.0
  1.119000000e-16
  3.387000000e-33
  -1.119000000e-16
  1.938200000e-16
  0.000000000e+00
  9.136600000e-17
  -3.508000000e-01 -6.139000000e-01 -7.071000000e-01
  8.682000000e-01 -4.961000000e-01 -4.855000000e-17
  -3.508000000e-01 -6.139000000e-01 7.071000000e-01
 Node:         35
  0.1260E+03  0.1135E+03  0.5054E+03 -0.2165E-03
   0.0
   1.11E-16
  -1.11E-16
   1.11E-16
   2.498E-16
  -1.11E-16
  2.410000000e-16
  -1.023000000e-16
  -3.608000000e-16
  5.229000000e-16
  -7.403300000e-17
  2.465000000e-16
  5.458000000e-01 5.925000000e-01 5.925000000e-01
  8.379000000e-01 -3.859000000e-01 -3.859000000e-01
  -4.975000000e-17 -7.071000000e-01 7.071000000e-01
 Node:         36
  0.1257E+03  0.1153E+03  0.5196E+03 -0.2165E-03
   0.0
  -5.551E-17
   0.0
  -5.551E-17
   8.327E-17
   0.0
  1.305000000e-16
  -4.723000000e-17
  -8.327000000e-17
  1.982200000e-16
  0.000000000e+00
  9.344300000e-17
  -5.155000000e-01 6.059000000e-01 6.059000000e-01
  8.569000000e-01 3.645000000e-01 3.645000000e-01
  -1.256000000e-16 7.071000000e-01 -7.071000000e-01
 Node:         37
  0.1132E+03  0.1210E+03  0.4959E+03 -0.2165E-03
  -2.22E-16
   1.388E-16
  -2.22E-16
  -8.327E-17
   1.804E-16
  -2.776E-16
  -4.482000000e-17
  -1.622000000e-16
  -5.146000000e-16
  4.234700000e-16
  -2.405400000e-16
  1.996300000e-16
  3.971000000e-01 7.887000000e-01 4.693000000e-01
  -7.874000000e-01 3.010000000e-02 6.157000000e-01
  4.715000000e-01 -6.140000000e-01 6.330000000e-01
 Node:         38
  0.1111E+03  0.1204E+03  0.5085E+03 -0.2165E-03
  -1.665E-16
   9.714E-17
   0.0
  -2.776E-17
  -8.327E-17
  -2.22E-16
  7.071000000e-17
  -2.091000000e-16
  -2.502000000e-16
  3.024600000e-16
  -1.295300000e-16
  1.425800000e-16
  -3.916000000e-01 -8.746000000e-01 2.859000000e-01
  9.154000000e-01 -3.389000000e-01 2.170000000e-01
  9.287000000e-02 -3.467000000e-01 -9.334000000e-01
 Node:         39
  0.1119E+03  0.1201E+03  0.5207E+03 -0.2165E-03
  -5.551E-17
  -9.714E-17
  -3.331E-16
  -8.327E-17
  -7.633E-17
  -1.11E-16
  8.934000000e-18
  -1.105000000e-16
  -3.981000000e-16
  3.623900000e-16
  -1.665600000e-16
  1.708300000e-16
  8.510000000e-01 -1.281000000e-01 -5.092000000e-01
  4.076000000e-01 -4.503000000e-01 7.944000000e-01
  -3.311000000e-01 -8.836000000e-01 -3.310000000e-01
 Node:         40
  0.1191E+03  0.1220E+03  0.4937E+03 -0.2165E-03
   0.0
   8.327E-17
  -2.22E-16
   8.327E-17
  -1.388E-17
  -2.22E-16
  4.872000000e-17
  -2.082000000e-16
  -2.846000000e-16
  3.024500000e-16
  -1.480300000e-16
  1.425700000e-16
  -9.240000000e-01 -2.703000000e-01 -2.703000000e-01
  0.000000000e+00 -7.071000000e-01 7.071000000e-01
  3.823000000e-01 -6.534000000e-01 -6.534000000e-01
 Node:         41
  0.1182E+03  0.1217E+03  0.5073E+03 -0.2165E-03
   0.0
  -2.776E-17
  -5.551E-17
   5.551E-17
   9.714E-17
   1.11E-16
  1.653000000e-16
  1.073000000e-17
  -1.206000000e-16
  2.478700000e-16
  1.847700000e-17
  1.168500000e-16
  2.406000000e-01 3.653000000e-01 8.993000000e-01
  -8.901000000e-01 4.526000000e-01 5.428000000e-02
  -3.871000000e-01 -8.135000000e-01 4.340000000e-01
 Node:         42
  0.1187E+03  0.1212E+03  0.5204E+03 -0.2165E-03
   0.0
  -5.551E-17
  -1.11E-16
   0.0
   5.551E-17
   1.11E-16
  1.256000000e-16
  1.887000000e-17
  -1.444000000e-16
  2.355300000e-16
  2.333300000e-20
  1.110300000e-16
  1.113000000e-01 -2.517000000e-01 -9.614000000e-01
  9.295000000e-01 -3.159000000e-01 1.903000000e-01
  -3.516000000e-01 -9.148000000e-01 1.988000000e-01
 Node:         43
  0.1258E+03  0.1217E+03  0.4915E+03 -0.2165E-03
   2.22E-16
   1.11E-16
   1.11E-16
  -1.388E-17
   0.0
  -5.551E-17
  2.911000000e-16
  4.294000000e-17
  -5.645000000e-17
  3.100400000e-16
  9.253000000e-17
  1.461600000e-16
  -8.507000000e-01 -5.246000000e-01 3.406000000e-02
  -5.213000000e-01 8.502000000e-01 7.348000000e-02
  6.751000000e-02 -4.475000000e-02 9.967000000e-01
 Node:         44
  0.1259E+03  0.1220E+03  0.5059E+03 -0.2165E-03
  -2.22E-16
   1.388E-16
  -2.22E-16
   9.714E-17
   1.11E-16
  -1.11E-16
  5.081000000e-17
  -2.445000000e-16
  -3.614000000e-16
  3.679600000e-16
  -1.850300000e-16
  1.734600000e-16
  -5.113000000e-01 -5.340000000e-01 -6.733000000e-01
  -5.198000000e-01 -4.318000000e-01 7.372000000e-01
  -6.844000000e-01 7.269000000e-01 -5.679000000e-02
 Node:         45
  0.1261E+03  0.1221E+03  0.5198E+03 -0.2165E-03
  -5.551E-17
  -8.327E-17
  -2.776E-16
   2.776E-17
  -6.939E-18
   1.11E-16
  1.167000000e-16
  -3.339000000e-17
  -3.053000000e-16
  3.705000000e-16
  -7.399700000e-17
  1.746600000e-16
  1.854000000e-01 -5.643000000e-02 9.810000000e-01
  9.302000000e-01 -3.117000000e-01 -1.938000000e-01
  -3.167000000e-01 -9.485000000e-01 5.308000000e-03
 Node:         46
  0.1117E+03  0.1296E+03  0.4959E+03  0.0000E+00
  -5.551E-17
   2.776E-17
  -1.665E-16
   6.939E-18
  -2.602E-17
   0.0
  4.101000000e-18
  -4.897000000e-17
  -1.772000000e-16
  1.614500000e-16
  -7.402300000e-17
  7.610600000e-17
  4.856000000e-02 -1.429000000e-01 9.886000000e-01
  9.724000000e-01 2.327000000e-01 -1.414000000e-02
  -2.280000000e-01 9.620000000e-01 1.502000000e-01
 Node:         47
  0.1107E+03  0.1269E+03  0.5087E+03  0.0000E+00
  -1.665E-16
  -3.123E-17
   1.11E-16
  -2.776E-17
   3.99E-17
   0.0
  1.289000000e-16
  -1.114000000e-17
  -1.732000000e-16
  2.618600000e-16
  -1.848000000e-17
  1.234400000e-16
  -1.292000000e-01 9.390000000e-01 3.186000000e-01
  -1.008000000e-01 -3.321000000e-01 9.379000000e-01
  -9.865000000e-01 -8.906000000e-02 -1.376000000e-01
 Node:         48
  0.1125E+03  0.1242E+03  0.5208E+03  0.0000E+00
   1.11E-16
   3.469E-18
   1.11E-16
   0.0
  -1.735E-18
   1.11E-16
  1.149000000e-16
  1.110000000e-16
  1.071000000e-16
  6.755000000e-18
  1.110000000e-16
  3.184300000e-18
  -6.325000000e-01 -7.071000000e-01 3.162000000e-01
  4.472000000e-01 -4.455000000e-15 8.944000000e-01
  -6.325000000e-01 7.071000000e-01 3.162000000e-01
 Node:         49
  0.1186E+03  0.1311E+03  0.4938E+03  0.0000E+00
  -1.665E-16
  -2.082E-17
   0.0
  -4.163E-17
  -6.072E-18
  -5.551E-17
  2.581000000e-18
  -4.165000000e-17
  -1.830000000e-16
  1.678900000e-16
  -7.402300000e-17
  7.914600000e-17
  1.174000000e-01 -9.929000000e-01 1.965000000e-02
  -3.135000000e-01 -1.827000000e-02 9.494000000e-01
  -9.423000000e-01 -1.176000000e-01 -3.134000000e-01
 Node:         50
  0.1180E+03  0.1298E+03  0.5075E+03  0.0000E+00
   0.0
  -1.301E-17
   3.331E-16
  -4.163E-17
   1.247E-17
   2.22E-16
  3.354000000e-16
  2.276000000e-16
  -7.879000000e-18
  3.040700000e-16
  1.850400000e-16
  1.433400000e-16
  5.441000000e-02 -9.902000000e-01 -1.289000000e-01
  -1.707000000e-01 -1.364000000e-01 9.758000000e-01
  9.838000000e-01 3.109000000e-02 1.765000000e-01
 Node:         51
  0.1192E+03  0.1275E+03  0.5206E+03  0.0000E+00
   0.0
  -3.469E-18
  -5.551E-17
   0.0
   1.475E-17
   1.11E-16
  1.123000000e-16
  2.087000000e-19
  -5.702000000e-17
  1.491800000e-16
  1.849600000e-17
  7.032400000e-17
  -2.705000000e-03 8.758000000e-02 9.962000000e-01
  9.982000000e-01 -6.004000000e-02 7.989000000e-03
  -6.051000000e-02 -9.943000000e-01 8.725000000e-02
 Node:         52
  0.1262E+03  0.1305E+03  0.4920E+03  0.0000E+00
   1.11E-16
  -1.388E-17
   1.11E-16
   1.301E-18
   4.906E-18
   0.0
  1.250000000e-16
  9.734000000e-17
  -2.497000000e-19
  1.139700000e-16
  7.403000000e-17
  5.372400000e-17
  -7.047000000e-01 7.092000000e-01 2.051000000e-02
  7.093000000e-01 7.034000000e-01 4.493000000e-02
  -1.744000000e-02 -4.621000000e-02 9.988000000e-01
 Node:         53
  0.1258E+03  0.1304E+03  0.5063E+03  0.0000E+00
  -1.665E-16
  -1.735E-18
  -1.11E-16
   2.776E-17
   3.383E-17
  -2.22E-16
  -1.010000000e-16
  -1.572000000e-16
  -2.414000000e-16
  1.223900000e-16
  -1.665300000e-16
  5.769700000e-17
  9.684000000e-02 9.526000000e-01 2.883000000e-01
  -9.346000000e-01 1.866000000e-01 -3.027000000e-01
  -3.422000000e-01 -2.402000000e-01 9.084000000e-01
 Node:         54
  0.1265E+03  0.1288E+03  0.5200E+03  0.0000E+00
  -2.22E-16
   2.082E-17
   1.11E-16
   0.0
  -4.337E-18
   1.11E-16
  1.160000000e-16
  1.073000000e-16
  -2.233000000e-16
  3.350300000e-16
  0.000000000e+00
  1.579400000e-16
  -4.656000000e-02 -7.562000000e-01 6.527000000e-01
  -4.117000000e-02 -6.514000000e-01 -7.576000000e-01
  -9.981000000e-01 6.215000000e-02 8.061000000e-04
 Node:         55
  0.1381E+03  0.1167E+03  0.4529E+03  0.4974E-02
   0.00174
  -0.005315
   0.00558
  -0.001337
   0.00782
  -0.01283
  2.701400000e-02
  -3.491700000e-03
  -3.177400000e-02
  5.172900000e-02
  -2.750900000e-03
  2.438500000e-02
  2.610500000e-01 -9.676200000e-02 -5.276500000e-02
  6.265500000e-01 4.411100000e-01 4.573400000e-01
  -2.269400000e-03 -2.285600000e-01 6.777300000e-01
 Node:         56
  0.1314E+03  0.1156E+03  0.4684E+03  0.4974E-02
   0.005281
  -0.005469
   0.004078
  -0.003348
   0.003675
  -0.006997
  2.626400000e-02
  -3.764100000e-03
  -1.830900000e-02
  3.932300000e-02
  1.397100000e-03
  1.853700000e-02
  -3.339600000e-01 2.889300000e-01 1.034000000e-01
  4.994600000e-01 6.602900000e-01 7.251300000e-02
  1.344500000e-01 -1.656600000e-01 6.969000000e-01
 Node:         57
  0.1285E+03  0.1140E+03  0.4823E+03  0.4974E-02
   0.002024
  -0.001707
   0.001412
  -9.67E-4
   6.889E-4
  -1.921E-4
  7.654100000e-03
  -2.882900000e-04
  -1.781400000e-03
  8.925200000e-03
  1.861500000e-03
  4.207400000e-03
  -6.167900000e-01 3.491800000e-01 2.482400000e-01
  4.702700000e-01 6.364100000e-01 6.872700000e-02
  1.952200000e-01 -8.388100000e-02 8.147500000e-01
 Node:         58
  0.1479E+03  0.1175E+03  0.4533E+03  0.4974E-02
   8.551E-4
  -0.006676
   0.01158
  -0.001149
   0.005431
  -0.02791
  3.417600000e-02
  -6.919600000e-03
  -5.196700000e-02
  7.832000000e-02
  -8.236700000e-03
  3.692000000e-02
  2.195500000e-01 1.394300000e-01 2.359400000e-02
  7.074200000e-01 5.681300000e-01 8.350800000e-02
  1.026800000e-01 -8.065700000e-02 7.865200000e-01
 Node:         59
  0.1416E+03  0.1165E+03  0.4693E+03  0.4974E-02
   0.01048
  -0.01001
   0.009626
  -0.008591
   0.007615
  -0.00829
  4.986200000e-02
  -3.303300000e-03
  -2.389000000e-02
  6.610200000e-02
  7.556000000e-03
  3.116100000e-02
  -4.861900000e-01 1.408500000e-01 1.920300000e-01
  5.382300000e-01 6.797000000e-01 8.109100000e-02
  3.535200000e-01 -1.958100000e-01 8.807700000e-01
 Node:         60
  0.1375E+03  0.1150E+03  0.4832E+03  0.4974E-02
   0.005191
  -0.004444
   0.00366
  -0.003983
   0.0028
   0.001362
  2.086000000e-02
  -9.049000000e-05
  -2.221300000e-03
  2.199900000e-02
  6.182700000e-03
  1.037100000e-02
  -6.421500000e-01 4.627800000e-01 4.131200000e-01
  3.987700000e-01 5.715800000e-01 1.757200000e-01
  3.376600000e-01 -4.918500000e-02 3.270300000e-01
 Node:         61
  0.1549E+03  0.1216E+03  0.4538E+03  0.4974E-02
   0.0104
  -0.005852
  -6.213E-4
   0.001553
  -0.003711
  -0.01762
  3.097000000e-02
  -3.216100000e-03
  -3.715800000e-02
  5.905400000e-02
  -3.134600000e-03
  2.783800000e-02
  -4.953100000e-02 2.268000000e-02 -2.461300000e-02
  4.548400000e-01 8.029000000e-01 -2.744200000e-01
  -2.219000000e-02 2.844700000e-01 9.373800000e-01
 Node:         62
  0.1489E+03  0.1200E+03  0.4700E+03  0.4974E-02
   0.01903
  -0.01672
   0.008028
  -0.00931
   0.005416
   0.003558
  6.781000000e-02
  4.608100000e-03
  -1.150200000e-02
  7.280900000e-02
  2.030500000e-02
  3.432300000e-02
  -7.493200000e-01 4.757100000e-01 3.427700000e-01
  1.744100000e-01 7.719200000e-02 1.798300000e-01
  1.762900000e-01 1.917200000e-01 4.513700000e-02
 Node:         63
  0.1436E+03  0.1181E+03  0.4839E+03  0.4974E-02
   0.005339
  -0.007811
   0.008434
  -0.003386
   0.004862
   0.002623
  3.206500000e-02
  5.336900000e-04
  -2.097400000e-03
  3.288000000e-02
  1.016700000e-02
  1.550000000e-02
  -5.790000000e-01 7.180000000e-01 3.982700000e-01
  -2.685400000e-01 1.300000000e-01 -5.932200000e-01
  -5.328400000e-01 -5.531200000e-01 4.016000000e-01
 Node:         64
  0.1411E+03  0.1253E+03  0.4527E+03  0.4974E-02
  -0.01319
  -0.005347
   0.01598
  -0.001156
   0.0011
  -0.01073
  3.332700000e-02
  -1.896700000e-02
  -2.684700000e-02
  5.683600000e-02
  -4.162200000e-03
  2.679300000e-02
  -1.004800000e-01 2.796800000e-01 -2.151500000e-03
  -1.587900000e-01 -5.284600000e-02 6.451400000e-01
  6.526700000e-01 1.148600000e-01 1.347000000e-01
 Node:         65
  0.1339E+03  0.1229E+03  0.4684E+03  0.4974E-02
   5.342E-4
  -0.00964
   0.01134
  -0.003081
   0.001276
  -0.0067
  3.376100000e-02
  -7.742900000e-03
  -1.588000000e-02
  4.605400000e-02
  3.379500000e-03
  2.171000000e-02
  4.827700000e-01 -6.258600000e-01 -9.056600000e-02
  -3.323300000e-01 -2.824400000e-01 2.865800000e-01
  1.478300000e-02 -6.551700000e-02 -1.857000000e-01
 Node:         66
  0.1299E+03  0.1214E+03  0.4825E+03  0.4974E-02
   0.003003
  -0.003119
   0.003139
  -0.001125
   8.802E-4
  -2.69E-4
  1.187400000e-02
  -2.120500000e-04
  -1.012400000e-03
  1.246800000e-02
  3.549700000e-03
  5.877400000e-03
  -6.937500000e-01 8.127600000e-01 1.817600000e-01
  6.595100000e-01 7.111400000e-01 -2.795100000e-01
  2.681100000e-01 6.295700000e-02 9.533800000e-01
 Node:         67
  0.1496E+03  0.1242E+03  0.4532E+03  0.4974E-02
  -0.008435
  -0.006068
   0.01461
  -9.681E-4
   0.001681
  -0.02533
  3.174500000e-02
  -1.617800000e-02
  -4.705100000e-02
  6.962800000e-02
  -1.049400000e-02
  3.282300000e-02
  -1.441500000e-01 5.434000000e-01 1.506700000e-02
  8.953400000e-01 2.354300000e-01 -4.954400000e-02
  7.288000000e-02 -6.829300000e-03 5.486100000e-01
 Node:         68
  0.1430E+03  0.1223E+03  0.4692E+03  0.4974E-02
   0.01071
  -0.01256
   0.0133
  -0.007926
   0.003698
  -0.01362
  5.080300000e-02
  -3.857900000e-04
  -2.942400000e-02
  7.073100000e-02
  6.997800000e-03
  3.334300000e-02
  -4.557900000e-01 3.774900000e-01 1.186500000e-01
  4.028200000e-01 5.295400000e-01 -6.278800000e-02
  3.324400000e-01 3.420800000e-02 7.845500000e-01
 Node:         69
  0.1379E+03  0.1205E+03  0.4831E+03  0.4974E-02
   0.006527
  -0.005051
   0.004216
  -0.003499
   0.002226
  -8.723E-6
  2.215600000e-02
  3.501600000e-04
  -2.705200000e-03
  2.347000000e-02
  6.600400000e-03
  1.106400000e-02
  -7.610200000e-01 5.648300000e-01 3.324400000e-01
  5.014200000e-01 7.796900000e-01 -2.074500000e-01
  3.145200000e-01 -4.048900000e-02 8.473200000e-01
 Node:         70
  0.1552E+03  0.1237E+03  0.4538E+03  0.4974E-02
  -0.003211
  -0.007777
   0.00722
  -0.005389
   0.004078
  -0.02998
  2.485500000e-02
  -9.098100000e-03
  -5.905400000e-02
  7.394600000e-02
  -1.443200000e-02
  3.485900000e-02
  -8.141700000e-03 -1.160600000e-02 4.215600000e-02
  1.427400000e-01 6.420700000e-02 7.353300000e-02
  -9.665300000e-03 -5.255600000e-02 5.380200000e-01
 Node:         71
  0.1491E+03  0.1219E+03  0.4700E+03  0.4974E-02
   0.01984
  -0.01211
   0.009949
  -0.01568
   0.00715
  -0.01051
  6.652400000e-02
  4.933200000e-03
  -3.261400000e-02
  8.716800000e-02
  1.294800000e-02
  4.109200000e-02
  -7.778700000e-01 4.283100000e-01 3.107600000e-01
  2.522200000e-01 4.301700000e-01 -1.129200000e-01
  2.837400000e-01 -8.713300000e-02 8.479100000e-01
 Node:         72
  0.1435E+03  0.1199E+03  0.4838E+03  0.4974E-02
   0.01048
  -0.005676
   0.003484
  -0.006316
   0.003049
   0.001221
  3.122500000e-02
  7.396700000e-04
  -3.672100000e-03
  3.290300000e-02
  9.431000000e-03
  1.551000000e-02
  -8.138100000e-01 4.162700000e-01 4.136400000e-01
  3.448400000e-01 7.662500000e-01 -6.939700000e-02
  1.684700000e-01 -8.706300000e-02 4.552800000e-01
 Node:         73
  0.1441E+03  0.1339E+03  0.4525E+03  0.0000E+00
   0.01283
  -4.925E-4
  -0.01204
  -0.00201
   0.001459
   0.003675
  2.469800000e-02
  6.965200000e-03
  -2.240400000e-02
  4.241200000e-02
  3.086300000e-03
  1.999300000e-02
  -6.511000000e-01 2.031000000e-03 1.750800000e-01
  8.986200000e-02 -8.664300000e-02 5.326000000e-02
  -1.905900000e-02 2.045200000e-01 -7.721300000e-02
 Node:         74
  0.1365E+03  0.1303E+03  0.4683E+03  0.0000E+00
   0.02319
   0.006637
  -0.002681
   0.001786
   0.002399
   0.00695
  4.759600000e-02
  1.321000000e-02
  -8.778600000e-03
  4.936400000e-02
  1.734300000e-02
  2.327000000e-02
  -1.072000000e+00 -2.287200000e-01 -1.467100000e-01
  -1.617700000e-01 1.611200000e-01 9.039900000e-01
  -1.985600000e-01 1.008300000e+00 -1.764800000e-01
 Node:         75
  0.1313E+03  0.1288E+03  0.4826E+03  0.0000E+00
   0.01019
   0.002739
   3.977E-4
   6.327E-4
   3.27E-4
   8.462E-4
  2.037700000e-02
  1.447800000e-03
  -6.508500000e-04
  2.003300000e-02
  7.058100000e-03
  9.443600000e-03
  -9.653100000e-01 -2.684900000e-01 -7.898700000e-02
  -1.015100000e-01 9.722200000e-02 9.903300000e-01
  -2.602500000e-01 9.019100000e-01 -1.339800000e-01
 Node:         76
  0.1514E+03  0.1308E+03  0.4531E+03  0.0000E+00
   0.0102
  -0.001849
  -0.01299
  -0.002649
   0.001076
   0.00191
  2.266900000e-02
  2.311000000e-03
  -2.409000000e-02
  4.264200000e-02
  2.965700000e-04
  2.010200000e-02
  -7.431800000e-01 5.029000000e-02 2.132100000e-01
  1.379900000e-01 -1.481500000e-02 7.189700000e-01
  -6.623300000e-02 -9.224600000e-01 7.176900000e-03
 Node:         77
  0.1444E+03  0.1280E+03  0.4691E+03  0.0000E+00
   0.02844
   0.006753
  -0.003346
   0.001873
   0.00198
   0.00391
  5.695500000e-02
  7.904000000e-03
  -9.249200000e-03
  6.006400000e-02
  1.853700000e-02
  2.831500000e-02
  -9.746300000e-01 -2.159600000e-01 -9.299600000e-02
  -1.246900000e-01 1.468400000e-01 9.837300000e-01
  -1.940200000e-01 1.038900000e+00 -1.783300000e-01
 Node:         78
  0.1384E+03  0.1261E+03  0.4829E+03  0.0000E+00
   0.0124
   0.003805
   5.429E-4
   0.001015
   5.252E-4
   5.768E-4
  2.535500000e-02
  9.332300000e-04
  -1.098900000e-03
  2.549900000e-02
  8.396300000e-03
  1.202000000e-02
  -9.539800000e-01 -2.914400000e-01 -9.838200000e-02
  -1.378700000e-01 1.580200000e-01 9.970500000e-01
  -2.677900000e-01 1.058000000e+00 -1.556100000e-01
 Node:         79
  0.1554E+03  0.1257E+03  0.4538E+03  0.0000E+00
   0.005924
  -2.784E-4
  -0.02801
  -0.006124
   6.234E-4
  -0.01159
  1.794100000e-02
  -2.050200000e-02
  -6.314800000e-02
  7.166600000e-02
  -2.190300000e-02
  3.378400000e-02
  9.189800000e-01 -4.572800000e-03 -3.646400000e-01
  2.679700000e-01 6.002800000e-02 4.845000000e-01
  -4.013800000e-02 -5.668100000e-01 6.760800000e-02
 Node:         80
  0.1493E+03  0.1238E+03  0.4700E+03  0.0000E+00
   0.03347
   0.003543
  -0.01757
   0.004347
   0.001855
  -0.005551
  6.527000000e-02
  -7.083100000e-03
  -4.265900000e-02
  9.610400000e-02
  5.175900000e-03
  4.530400000e-02
  -9.743700000e-01 -7.786700000e-02 -1.181500000e-01
  -1.297900000e-01 3.125600000e-01 7.888600000e-01
  9.211700000e-03 -7.984600000e-01 3.117300000e-01
 Node:         81
  0.1433E+03  0.1217E+03  0.4837E+03  0.0000E+00
   0.01454
   0.00319
  -0.001491
   0.004182
   0.001217
   7.114E-4
  3.048600000e-02
  -7.601900000e-04
  -4.891100000e-03
  3.347500000e-02
  8.278300000e-03
  1.578000000e-02
  -9.413500000e-01 -1.825900000e-01 -2.847300000e-01
  -3.116100000e-01 3.005600000e-01 8.071500000e-01
  7.507900000e-02 -8.474200000e-01 3.447900000e-01
 Node:         82
  0.1267E+03  0.1148E+03  0.4559E+03  0.6575E-02
   0.006616
  -0.005448
  -0.001311
  -0.001676
   4.737E-4
  -0.002977
  1.912800000e-02
  -4.534600000e-03
  -1.000100000e-02
  2.687700000e-02
  1.530800000e-03
  1.267000000e-02
  -8.607500000e-01 4.555800000e-01 1.550100000e-01
  -3.119300000e-02 -3.980300000e-01 6.726700000e-01
  9.825500000e-02 4.021400000e-01 4.982700000e-01
 Node:         83
  0.1234E+03  0.1129E+03  0.4718E+03  0.6575E-02
   0.001114
  -0.003843
  -0.001513
  -0.002459
   7.413E-4
   1.342E-4
  1.176400000e-02
  -1.254100000e-03
  -1.131700000e-02
  2.048500000e-02
  -2.689600000e-04
  9.656800000e-03
  -5.974100000e-01 4.126000000e-01 3.756400000e-01
  9.044200000e-02 -3.933500000e-01 3.611500000e-01
  3.114400000e-01 4.862600000e-01 3.088900000e-01
 Node:         84
  0.1187E+03  0.1123E+03  0.4849E+03  0.6575E-02
   4.378E-5
  -3.237E-4
  -1.645E-4
  -5.447E-4
   2.962E-5
   6.296E-4
  3.480800000e-03
  -6.162400000e-05
  -2.758900000e-03
  5.858000000e-03
  2.200900000e-04
  2.761500000e-03
  -4.629000000e-01 2.141600000e-01 5.898600000e-01
  -1.731300000e-01 3.286400000e-01 -7.921800000e-02
  -2.622200000e-01 -2.890800000e-01 -2.890400000e-01
 Node:         85
  0.1302E+03  0.1161E+03  0.4547E+03  0.6575E-02
   0.007124
  -0.006083
  -8.401E-4
  -0.001549
   5.338E-4
  -0.005054
  2.178400000e-02
  -5.662300000e-03
  -1.333100000e-02
  3.207500000e-02
  9.304200000e-04
  1.512000000e-02
  -8.350300000e-01 4.887100000e-01 1.425400000e-01
  2.688400000e-01 5.004400000e-01 -1.509800000e-01
  1.765100000e-01 2.346600000e-01 6.954800000e-01
 Node:         86
  0.1252E+03  0.1138E+03  0.4701E+03  0.6575E-02
  -0.00539
  -0.003331
   0.01062
  -0.005883
   0.002695
  -0.001051
  2.704900000e-02
  4.583400000e-03
  -2.218100000e-02
  4.355300000e-02
  3.150300000e-03
  2.053100000e-02
  4.462100000e-02 -2.289000000e-01 -4.885100000e-02
  -1.406400000e-01 -1.083800000e-01 2.803500000e-01
  7.047000000e-01 1.053300000e-01 3.312100000e-01
 Node:         87
  0.1217E+03  0.1126E+03  0.4833E+03  0.6575E-02
   5.084E-4
  -2.786E-4
  -3.729E-5
  -0.001064
   1.143E-4
   0.001006
  5.149000000e-03
  -2.900700000e-04
  -2.418500000e-03
  7.241100000e-03
  8.134900000e-04
  3.413500000e-03
  -5.013300000e-01 2.102200000e-01 5.170800000e-01
  2.496300000e-01 -6.174700000e-01 3.378800000e-01
  7.117500000e-01 2.480000000e-01 2.844200000e-01
 Node:         88
  0.1338E+03  0.1169E+03  0.4530E+03  0.6575E-02
   0.001462
  -0.006552
   0.001266
  -0.001553
   0.0035
  -6.879E-4
  2.173700000e-02
  -4.271700000e-03
  -1.287400000e-02
  3.167500000e-02
  1.530400000e-03
  1.493200000e-02
  -6.640800000e-01 5.993900000e-01 3.215200000e-01
  1.723400000e-01 1.848000000e-01 -2.623300000e-02
  2.616800000e-02 -3.069200000e-02 3.557400000e-01
 Node:         89
  0.1270E+03  0.1150E+03  0.4684E+03  0.6575E-02
   0.004258
  -0.004619
   5.423E-4
  -0.003317
   0.001092
  -4.356E-5
  1.964200000e-02
  -1.309000000e-03
  -9.753200000e-03
  2.671700000e-02
  2.860000000e-03
  1.259400000e-02
  -7.126000000e-01 4.772200000e-01 3.511900000e-01
  2.289300000e-02 -4.627400000e-01 5.270200000e-01
  2.452100000e-01 4.532600000e-01 4.579400000e-01
 Node:         90
  0.1248E+03  0.1132E+03  0.4822E+03  0.6575E-02
   0.001323
  -0.001091
   5.639E-4
  -7.648E-4
   4.018E-4
   3.049E-4
  5.365400000e-03
  -4.788100000e-05
  -1.587100000e-03
  6.688900000e-03
  1.243500000e-03
  3.153200000e-03
  -6.395600000e-01 2.309900000e-01 3.675900000e-01
  1.080200000e-01 -3.389000000e-01 7.287400000e-01
  3.253800000e-01 6.039900000e-01 3.804700000e-01
 Node:         91
  0.1258E+03  0.1260E+03  0.4547E+03  0.6575E-02
  -0.01323
  -0.007957
   0.01216
  -0.003784
   0.001919
  -0.003873
  2.964600000e-02
  -6.599700000e-03
  -3.055000000e-02
  5.256400000e-02
  -2.501300000e-03
  2.477900000e-02
  -1.807000000e-01 5.535300000e-01 7.948300000e-02
  -1.820900000e-01 -1.830500000e-01 8.520400000e-01
  -4.061000000e-01 -2.196700000e-01 -1.327500000e-01
 Node:         92
  0.1208E+03  0.1232E+03  0.4725E+03  0.6575E-02
   8.068E-4
  -0.006195
   0.001147
  -0.005027
   0.001056
   2.346E-4
  1.962400000e-02
  -7.980900000e-04
  -1.431400000e-02
  2.958400000e-02
  1.504200000e-03
  1.394600000e-02
  -6.035900000e-01 4.245300000e-01 3.483700000e-01
  -5.957500000e-03 -5.229900000e-01 6.502200000e-01
  5.234100000e-01 4.584700000e-01 3.930500000e-01
 Node:         93
  0.1159E+03  0.1217E+03  0.4877E+03  0.6575E-02
   0.00167
  -3.368E-5
  -3.268E-4
  -0.002299
  -7.801E-4
   0.001571
  7.261300000e-03
  5.273900000e-05
  -2.092500000e-03
  8.451000000e-03
  1.740500000e-03
  3.983800000e-03
  -6.912500000e-01 -1.128100000e-01 6.594900000e-01
  4.903500000e-01 -6.722900000e-01 3.741400000e-01
  -1.525900000e-01 -3.911200000e-01 -3.642600000e-01
 Node:         94
  0.1312E+03  0.1262E+03  0.4538E+03  0.6575E-02
  -0.01669
  -0.00792
   0.01428
  -0.003244
   8.432E-4
  -0.005305
  3.235100000e-02
  -8.754700000e-03
  -3.556900000e-02
  5.930600000e-02
  -3.990900000e-03
  2.795700000e-02
  -2.164200000e-01 5.616800000e-01 -2.160100000e-02
  -2.106100000e-01 -1.184400000e-01 9.588200000e-01
  -7.647600000e-01 -2.077300000e-01 -1.823500000e-01
 Node:         95
  0.1249E+03  0.1234E+03  0.4705E+03  0.6575E-02
   0.003313
  -0.005733
   0.005181
