 Group name: predicted_strain_L1A3
 #Fields=  17
 1) coordinates, coordinate, rectangular cartesian, #Components=3
   x.  Value index= 1, #Derivatives=0
   y.  Value index= 2, #Derivatives=0
   z.  Value index= 3, #Derivatives=0
 2) dummy, field, rectangular cartesian, #Components=1
   Tensor_1.  Value index= 4, #Derivatives=0
 3) Tensor_1, field, rectangular cartesian, #Components=1
   Tensor_1.  Value index= 5, #Derivatives=0
 4) Tensor_2, field, rectangular cartesian, #Components=1
   Tensor_2.  Value index= 6, #Derivatives=0
 5) Tensor_3, field, rectangular cartesian, #Components=1
   Tensor_3.  Value index= 7, #Derivatives=0
 6) Tensor_4, field, rectangular cartesian, #Components=1
   Tensor_4.  Value index= 8, #Derivatives=0
 7) Tensor_5, field, rectangular cartesian, #Components=1
   Tensor_5.  Value index= 9, #Derivatives=0
 8) Tensor_6, field, rectangular cartesian, #Components=1
   Tensor_6.  Value index= 10, #Derivatives=0
 9) Principal_1, field, rectangular cartesian, #Components=1
   Principal_1.  Value index= 11, #Derivatives=0
 10) Principal_2, field, rectangular cartesian, #Components=1
   Principal_2.  Value index= 12, #Derivatives=0
 11) Principal_3, field, rectangular cartesian, #Components=1
   Principal_3.  Value index= 13, #Derivatives=0
 12) VonMises, field, rectangular cartesian, #Components=1
   VonMises.  Value index= 14, #Derivatives=0
 13) Hydrostatic, field, rectangular cartesian, #Components=1
   VonMises.  Value index= 15, #Derivatives=0
 14) Octahedral, field, rectangular cartesian, #Components=1
   VonMises.  Value index= 16, #Derivatives=0
 15) PrincipalVector1, field, rectangular cartesian, #Components=3
   x.  Value index= 17, #Derivatives=0
   y.  Value index= 18, #Derivatives=0
   z.  Value index= 19, #Derivatives=0
 16) PrincipalVector2, field, rectangular cartesian, #Components=3
   x.  Value index= 20, #Derivatives=0
   y.  Value index= 21, #Derivatives=0
   z.  Value index= 22, #Derivatives=0
 17) PrincipalVector3, field, rectangular cartesian, #Components=3
   x.  Value index= 23, #Derivatives=0
   y.  Value index= 24, #Derivatives=0
   z.  Value index= 25, #Derivatives=0
 Node:          1
  0.1287E+03  0.1133E+03  0.4908E+03  0.1179E-04
  -1.11E-16
  -8.327E-17
  -2.22E-16
  -2.776E-17
  -4.163E-17
  -3.331E-16
  -6.637000000e-17
  -2.400000000e-16
  -3.598000000e-16
  2.555400000e-16
  -2.220600000e-16
  1.204600000e-16
  8.837000000e-01 -4.676000000e-01 -1.897000000e-02
  4.046000000e-01 7.837000000e-01 -4.712000000e-01
  2.352000000e-01 4.088000000e-01 8.818000000e-01
 Node:          2
  0.1292E+03  0.1137E+03  0.5052E+03  0.1179E-04
  -5.551E-17
  -1.11E-16
  -1.665E-16
  -5.551E-17
   1.943E-16
  -2.776E-16
  8.603000000e-17
  -1.600000000e-16
  -4.256000000e-16
  4.431900000e-16
  -1.665200000e-16
  2.089200000e-16
  -6.554000000e-01 6.199000000e-01 4.313000000e-01
  7.522000000e-01 4.849000000e-01 4.462000000e-01
  -6.744000000e-02 -6.169000000e-01 7.841000000e-01
 Node:          3
  0.1289E+03  0.1155E+03  0.5194E+03  0.1179E-04
   2.22E-16
   1.388E-16
   3.331E-16
   1.11E-16
   5.551E-17
   2.22E-16
  4.753000000e-16
  2.118000000e-16
  9.006000000e-17
  3.410700000e-16
  2.590500000e-16
  1.607800000e-16
  -5.696000000e-01 -7.144000000e-01 -4.063000000e-01
  2.395000000e-01 -6.172000000e-01 7.494000000e-01
  -7.862000000e-01 3.296000000e-01 5.227000000e-01
 Node:          4
  0.1361E+03  0.1141E+03  0.4915E+03  0.1179E-04
   0.0
  -2.776E-17
  -1.11E-16
  -2.776E-17
  -8.327E-17
   2.22E-16
  2.435000000e-16
  6.328000000e-18
  -1.388000000e-16
  3.342600000e-16
  3.700900000e-17
  1.575700000e-16
  -8.549000000e-02 -2.215000000e-01 9.714000000e-01
  9.681000000e-01 -2.491000000e-01 2.840000000e-02
  2.357000000e-01 9.428000000e-01 2.357000000e-01
 Node:          5
  0.1341E+03  0.1144E+03  0.5054E+03  0.1179E-04
   3.331E-16
   1.388E-16
   3.331E-16
   5.551E-17
  -6.939E-17
   4.441E-16
  4.814000000e-16
  4.627000000e-16
  1.662000000e-16
  3.062800000e-16
  3.701000000e-16
  1.443800000e-16
  -3.480000000e-01 -6.443000000e-01 6.810000000e-01
  -6.589000000e-01 -3.487000000e-01 -6.665000000e-01
  6.669000000e-01 -6.807000000e-01 -3.032000000e-01
 Node:          6
  0.1323E+03  0.1162E+03  0.5191E+03  0.1179E-04
   2.22E-16
   5.551E-17
   2.22E-16
  -5.551E-17
  -2.776E-17
   0.0
  2.897000000e-16
  1.685000000e-16
  -1.402000000e-17
  2.648100000e-16
  1.480600000e-16
  1.248300000e-16
  -7.150000000e-01 -6.696000000e-01 2.012000000e-01
  6.656000000e-01 -7.399000000e-01 -9.741000000e-02
  -2.141000000e-01 -6.426000000e-02 -9.747000000e-01
 Node:          7
  0.1408E+03  0.1171E+03  0.4920E+03  0.1179E-04
   3.331E-16
   2.22E-16
   2.22E-16
  -8.327E-17
  -1.11E-16
   0.0
  5.398000000e-16
  6.158000000e-17
  -4.631000000e-17
  5.403100000e-16
  1.850200000e-16
  2.547000000e-16
  -7.537000000e-01 -6.111000000e-01 2.419000000e-01
  -6.560000000e-01 6.770000000e-01 -3.335000000e-01
  -4.004000000e-02 4.101000000e-01 9.112000000e-01
 Node:          8
  0.1367E+03  0.1169E+03  0.5055E+03  0.1179E-04
   2.22E-16
   1.943E-16
   2.22E-16
  -4.025E-16
  -2.359E-16
  -2.22E-16
  6.547000000e-16
  4.477000000e-17
  -4.775000000e-16
  9.814900000e-16
  7.399000000e-17
  4.626800000e-16
  -6.847000000e-01 -5.611000000e-01 4.652000000e-01
  5.685000000e-01 -8.105000000e-01 -1.409000000e-01
  -4.561000000e-01 -1.681000000e-01 -8.739000000e-01
 Node:          9
  0.1339E+03  0.1180E+03  0.5191E+03  0.1179E-04
   2.22E-16
   1.665E-16
   0.0
  -3.955E-16
  -2.776E-16
   6.661E-16
  1.002000000e-15
  -9.379000000e-18
  -1.046000000e-16
  1.062200000e-15
  2.960100000e-16
  5.007200000e-16
  -4.817000000e-01 -3.073000000e-01 8.207000000e-01
  -8.565000000e-01 -3.292000000e-02 -5.150000000e-01
  -1.853000000e-01 9.510000000e-01 2.474000000e-01
 Node:         10
  0.1294E+03  0.1212E+03  0.4911E+03  0.1179E-04
   0.0
   2.776E-17
   1.11E-16
  -1.388E-17
   1.249E-16
   1.11E-16
  2.363000000e-16
  2.303000000e-17
  -3.732000000e-17
  2.489900000e-16
  7.400300000e-17
  1.173800000e-16
  4.210000000e-02 7.100000000e-01 7.030000000e-01
  -7.813000000e-01 -4.152000000e-01 4.661000000e-01
  -6.228000000e-01 5.688000000e-01 -5.372000000e-01
 Node:         11
  0.1295E+03  0.1214E+03  0.5055E+03  0.1179E-04
  -2.22E-16
  -2.776E-17
  -2.22E-16
  -4.163E-17
   1.388E-17
  -1.665E-16
  -1.365000000e-16
  -2.183000000e-16
  -2.558000000e-16
  1.056600000e-16
  -2.035300000e-16
  4.981100000e-17
  -4.935000000e-01 2.929000000e-01 8.189000000e-01
  3.541000000e-01 -7.924000000e-01 4.968000000e-01
  -7.944000000e-01 -5.351000000e-01 -2.873000000e-01
 Node:         12
  0.1295E+03  0.1217E+03  0.5196E+03  0.1179E-04
   1.11E-16
   0.0
   1.11E-16
   7.633E-17
   2.776E-17
   2.22E-16
  2.649000000e-16
  1.110000000e-16
  6.816000000e-17
  1.792000000e-16
  1.480200000e-16
  8.447700000e-17
  -4.387000000e-01 -1.595000000e-01 -8.844000000e-01
  3.417000000e-01 -9.398000000e-01 -2.255000000e-17
  8.311000000e-01 3.022000000e-01 -4.668000000e-01
 Node:         13
  0.1361E+03  0.1199E+03  0.4914E+03  0.1179E-04
   1.11E-16
  -1.388E-16
   0.0
  -9.714E-17
   2.776E-17
  -1.665E-16
  2.285000000e-16
  -8.520000000e-17
  -1.988000000e-16
  3.833400000e-16
  -1.850000000e-17
  1.807100000e-16
  8.171000000e-01 -5.252000000e-01 -2.378000000e-01
  4.648000000e-01 8.442000000e-01 -2.671000000e-01
  3.410000000e-01 1.077000000e-01 9.339000000e-01
 Node:         14
  0.1342E+03  0.1198E+03  0.5054E+03  0.1179E-04
  -5.551E-17
   2.776E-17
   0.0
   5.551E-17
  -9.021E-17
   1.11E-16
  1.672000000e-16
  -4.940000000e-18
  -1.068000000e-16
  2.398800000e-16
  1.848700000e-17
  1.130800000e-16
  1.634000000e-01 -4.472000000e-01 8.794000000e-01
  -6.569000000e-01 -7.144000000e-01 -2.412000000e-01
  -7.361000000e-01 5.382000000e-01 4.105000000e-01
 Node:         15
  0.1330E+03  0.1205E+03  0.5193E+03  0.1179E-04
   2.22E-16
  -8.327E-17
  -5.551E-17
   1.388E-17
   4.857E-17
   0.0
  2.451000000e-16
  2.471000000e-17
  -1.033000000e-16
  3.052400000e-16
  5.550300000e-17
  1.438900000e-16
  -9.638000000e-01 2.667000000e-01 -1.723000000e-03
  1.157000000e-01 4.239000000e-01 8.983000000e-01
  2.403000000e-01 8.656000000e-01 -4.394000000e-01
 Node:         16
  0.1404E+03  0.1188E+03  0.4918E+03  0.1179E-04
   2.22E-16
   5.551E-17
   2.22E-16
  -8.327E-17
  -1.457E-16
   4.441E-16
  5.466000000e-16
  1.950000000e-16
  1.465000000e-16
  3.781900000e-16
  2.960300000e-16
  1.782800000e-16
  -2.927000000e-01 -4.328000000e-01 8.526000000e-01
  -9.222000000e-01 -1.077000000e-01 -3.713000000e-01
  -2.526000000e-01 8.950000000e-01 3.676000000e-01
 Node:         17
  0.1365E+03  0.1184E+03  0.5055E+03  0.1179E-04
  -1.11E-16
   2.776E-17
  -1.11E-16
   9.714E-17
   1.7E-16
   0.0
  1.573000000e-16
  -1.341000000e-16
  -2.452000000e-16
  3.600400000e-16
  -7.400000000e-17
  1.697300000e-16
  3.368000000e-01 5.285000000e-01 7.792000000e-01
  8.927000000e-01 -4.425000000e-01 -8.566000000e-02
  -2.996000000e-01 -7.244000000e-01 6.209000000e-01
 Node:         18
  0.1341E+03  0.1191E+03  0.5192E+03  0.1179E-04
   0.0
   0.0
   0.0
   2.645E-17
   1.065E-16
   4.441E-16
  4.697000000e-16
  -1.672000000e-33
  -2.562000000e-17
  4.830200000e-16
  1.480300000e-16
  2.277000000e-16
  -5.484000000e-02 -2.207000000e-01 -9.738000000e-01
  9.705000000e-01 -2.411000000e-01 -6.210000000e-17
  -2.348000000e-01 -9.451000000e-01 2.274000000e-01
 Node:         19
  0.1301E+03  0.1291E+03  0.4914E+03  0.0000E+00
   1.11E-16
   0.0
   1.11E-16
   2.101E-19
   1.001E-17
  -2.22E-16
  1.113000000e-16
  1.110000000e-16
  -2.223000000e-16
  3.334500000e-16
  0.000000000e+00
  1.571900000e-16
  -2.096000000e-02 -9.993000000e-01 -3.003000000e-02
  9.998000000e-01 -2.097000000e-02 1.345000000e-19
  6.298000000e-04 3.003000000e-02 -9.995000000e-01
 Node:         20
  0.1299E+03  0.1291E+03  0.5058E+03  0.0000E+00
   2.22E-16
   0.0
   0.0
   1.041E-17
   1.924E-17
  -5.551E-17
  2.224000000e-16
  5.975000000e-18
  -6.188000000e-17
  2.571600000e-16
  5.549800000e-17
  1.212200000e-16
  -9.993000000e-01 -3.257000000e-03 -3.765000000e-02
  1.428000000e-02 -9.549000000e-01 -2.965000000e-01
  -3.498000000e-02 -2.968000000e-01 9.543000000e-01
 Node:         21
  0.1301E+03  0.1280E+03  0.5197E+03  0.0000E+00
   1.11E-16
   0.0
   0.0
   4.163E-17
   1.475E-17
   1.11E-16
  1.534000000e-16
  7.089000000e-17
  -2.220000000e-18
  1.348500000e-16
  7.402300000e-17
  6.357000000e-17
  -6.994000000e-01 -6.840000000e-02 -7.114000000e-01
  -7.126000000e-01 1.429000000e-01 6.869000000e-01
  -5.465000000e-02 -9.874000000e-01 1.487000000e-01
 Node:         22
  0.1360E+03  0.1256E+03  0.4913E+03  0.0000E+00
  -2.22E-16
   1.388E-17
  -1.11E-16
  -1.388E-17
   1.006E-16
   1.11E-16
  1.500000000e-16
  -1.456000000e-16
  -2.264000000e-16
  3.432100000e-16
  -7.400000000e-17
  1.617900000e-16
  -2.144000000e-02 3.586000000e-01 9.332000000e-01
  2.280000000e-01 9.106000000e-01 -3.447000000e-01
  -9.734000000e-01 2.054000000e-01 -1.013000000e-01
 Node:         23
  0.1343E+03  0.1253E+03  0.5054E+03  0.0000E+00
   0.0
   2.082E-17
  -4.441E-16
   0.0
   1.314E-16
  -1.665E-16
  1.265000000e-18
  -1.147000000e-16
  -4.972000000e-16
  4.517900000e-16
  -2.035500000e-16
  2.129700000e-16
  9.970000000e-01 6.061000000e-02 4.746000000e-02
  6.644000000e-02 -3.661000000e-01 -9.282000000e-01
  3.888000000e-02 -9.286000000e-01 3.690000000e-01
 Node:         24
  0.1336E+03  0.1248E+03  0.5194E+03  0.0000E+00
  -2.22E-16
   1.214E-17
   0.0
   1.388E-17
   8.674E-19
  -1.665E-16
  6.779000000e-19
  -1.633000000e-16
  -2.259000000e-16
  2.026600000e-16
  -1.295100000e-16
  9.553700000e-17
  -5.504000000e-02 -9.984000000e-01 -9.747000000e-03
  2.257000000e-01 -2.195000000e-02 9.740000000e-01
  -9.726000000e-01 5.141000000e-02 2.265000000e-01
 Node:         25
  0.1400E+03  0.1206E+03  0.4917E+03  0.0000E+00
   0.0
   2.671E-16
  -1.11E-16
  -8.327E-17
  -1.301E-16
   2.22E-16
  3.681000000e-16
  7.580000000e-17
  -3.329000000e-16
  6.098700000e-16
  3.700000000e-17
  2.874900000e-16
  5.089000000e-01 4.781000000e-01 -7.159000000e-01
  6.086000000e-01 3.883000000e-01 6.920000000e-01
  6.088000000e-01 -7.878000000e-01 -9.334000000e-02
 Node:         26
  0.1363E+03  0.1200E+03  0.5055E+03  0.0000E+00
   2.22E-16
   1.076E-16
  -6.106E-16
   2.776E-17
  -1.124E-15
  -5.551E-17
  8.281000000e-16
  2.248000000e-16
  -1.497000000e-15
  2.089800000e-15
  -1.480300000e-16
  9.851500000e-16
  7.371000000e-02 6.174000000e-01 -7.832000000e-01
  9.955000000e-01 1.018000000e-03 9.449000000e-02
  -5.914000000e-02 7.866000000e-01 6.146000000e-01
 Node:         27
  0.1343E+03  0.1203E+03  0.5192E+03  0.0000E+00
   2.22E-16
  -1.943E-16
   2.22E-16
  -1.041E-16
   1.313E-15
   0.0
  1.466000000e-15
  1.875000000e-16
  -1.209000000e-15
  2.317400000e-15
  1.481700000e-16
  1.092400000e-15
  -1.693000000e-01 7.280000000e-01 6.643000000e-01
  9.848000000e-01 9.849000000e-02 1.431000000e-01
  3.876000000e-02 6.785000000e-01 -7.336000000e-01
 Node:         28
  0.1155E+03  0.1124E+03  0.4931E+03  0.6966E-04
  -2.22E-16
   3.816E-17
   2.22E-16
  -5.551E-17
   5.551E-17
   1.11E-16
  2.455000000e-16
  1.014000000e-16
  -2.359000000e-16
  4.279500000e-16
  3.700000000e-17
  2.017400000e-16
  3.184000000e-02 9.284000000e-01 3.701000000e-01
  1.988000000e-01 3.571000000e-01 -9.127000000e-01
  9.795000000e-01 -1.026000000e-01 1.732000000e-01
 Node:         29
  0.1119E+03  0.1139E+03  0.5068E+03  0.6966E-04
  -2.22E-16
  -2.082E-17
   0.0
   5.551E-17
   6.939E-18
  -3.331E-16
  1.944000000e-18
  -2.004000000e-16
  -3.566000000e-16
  3.113600000e-16
  -1.850200000e-16
  1.467800000e-16
  -9.118000000e-02 9.958000000e-01 5.517000000e-03
  -9.179000000e-01 -8.189000000e-02 -3.884000000e-01
  -3.863000000e-01 -4.048000000e-02 9.215000000e-01
 Node:         30
  0.1113E+03  0.1159E+03  0.5206E+03  0.6966E-04
   2.22E-16
   1.249E-16
   2.22E-16
   0.0
  -2.776E-17
   1.11E-16
  3.486000000e-16
  1.238000000e-16
  8.277000000e-17
  2.478800000e-16
  1.850600000e-16
  1.168500000e-16
  -7.001000000e-01 -7.092000000e-01 8.287000000e-02
  -4.685000000e-01 3.686000000e-01 -8.029000000e-01
  -5.389000000e-01 6.009000000e-01 5.903000000e-01
 Node:         31
  0.1203E+03  0.1126E+03  0.4920E+03  0.6966E-04
  -5.551E-17
   9.714E-17
  -1.11E-16
   2.776E-17
   4.163E-17
  -5.551E-17
  4.114000000e-17
  -7.661000000e-17
  -1.866000000e-16
  1.972700000e-16
  -7.402300000e-17
  9.299200000e-17
  -6.956000000e-01 -5.654000000e-01 -4.433000000e-01
  4.358000000e-01 1.585000000e-01 -8.860000000e-01
  5.712000000e-01 -8.095000000e-01 1.362000000e-01
 Node:         32
  0.1188E+03  0.1134E+03  0.5062E+03  0.6966E-04
   2.22E-16
  -1.388E-17
  -1.11E-16
  -2.776E-17
   9.714E-17
  -5.551E-17
  2.266000000e-16
  1.331000000e-17
  -1.844000000e-16
  3.560200000e-16
  1.850300000e-17
  1.678300000e-16
  -9.894000000e-01 7.624000000e-02 1.236000000e-01
  1.445000000e-01 5.992000000e-01 7.875000000e-01
  1.402000000e-02 -7.970000000e-01 6.038000000e-01
 Node:         33
  0.1183E+03  0.1150E+03  0.5201E+03  0.6966E-04
   1.11E-16
   5.551E-17
   0.0
   8.327E-17
   0.0
   0.0
  1.700000000e-16
  0.000000000e+00
  -5.893000000e-17
  2.058900000e-16
  3.702300000e-17
  9.705800000e-17
  -8.617000000e-01 -2.815000000e-01 -4.222000000e-01
  0.000000000e+00 -8.321000000e-01 5.547000000e-01
  -5.074000000e-01 4.780000000e-01 7.170000000e-01
 Node:         34
  0.1255E+03  0.1129E+03  0.4909E+03  0.6966E-04
   0.0
   0.0
   0.0
   5.551E-17
   9.714E-17
   0.0
  1.119000000e-16
  3.387000000e-33
  -1.119000000e-16
  1.938200000e-16
  0.000000000e+00
  9.136600000e-17
  -3.508000000e-01 -6.139000000e-01 -7.071000000e-01
  8.682000000e-01 -4.961000000e-01 -4.855000000e-17
  -3.508000000e-01 -6.139000000e-01 7.071000000e-01
 Node:         35
  0.1260E+03  0.1135E+03  0.5054E+03  0.6966E-04
   0.0
   1.11E-16
  -1.11E-16
   1.11E-16
   2.498E-16
  -1.11E-16
  2.410000000e-16
  -1.023000000e-16
  -3.608000000e-16
  5.229000000e-16
  -7.403300000e-17
  2.465000000e-16
  5.458000000e-01 5.925000000e-01 5.925000000e-01
  8.379000000e-01 -3.859000000e-01 -3.859000000e-01
  -4.975000000e-17 -7.071000000e-01 7.071000000e-01
 Node:         36
  0.1257E+03  0.1153E+03  0.5196E+03  0.6966E-04
   0.0
  -5.551E-17
   0.0
  -5.551E-17
   8.327E-17
   0.0
  1.305000000e-16
  -4.723000000e-17
  -8.327000000e-17
  1.982200000e-16
  0.000000000e+00
  9.344300000e-17
  -5.155000000e-01 6.059000000e-01 6.059000000e-01
  8.569000000e-01 3.645000000e-01 3.645000000e-01
  -1.256000000e-16 7.071000000e-01 -7.071000000e-01
 Node:         37
  0.1132E+03  0.1210E+03  0.4959E+03  0.6966E-04
  -2.22E-16
   1.388E-16
  -2.22E-16
  -8.327E-17
   1.804E-16
  -2.776E-16
  -4.482000000e-17
  -1.622000000e-16
  -5.146000000e-16
  4.234700000e-16
  -2.405400000e-16
  1.996300000e-16
  3.971000000e-01 7.887000000e-01 4.693000000e-01
  -7.874000000e-01 3.010000000e-02 6.157000000e-01
  4.715000000e-01 -6.140000000e-01 6.330000000e-01
 Node:         38
  0.1111E+03  0.1204E+03  0.5085E+03  0.6966E-04
  -1.665E-16
   9.714E-17
   0.0
  -2.776E-17
  -8.327E-17
  -2.22E-16
  7.071000000e-17
  -2.091000000e-16
  -2.502000000e-16
  3.024600000e-16
  -1.295300000e-16
  1.425800000e-16
  -3.916000000e-01 -8.746000000e-01 2.859000000e-01
  9.154000000e-01 -3.389000000e-01 2.170000000e-01
  9.287000000e-02 -3.467000000e-01 -9.334000000e-01
 Node:         39
  0.1119E+03  0.1201E+03  0.5207E+03  0.6966E-04
  -5.551E-17
  -9.714E-17
  -3.331E-16
  -8.327E-17
  -7.633E-17
  -1.11E-16
  8.934000000e-18
  -1.105000000e-16
  -3.981000000e-16
  3.623900000e-16
  -1.665600000e-16
  1.708300000e-16
  8.510000000e-01 -1.281000000e-01 -5.092000000e-01
  4.076000000e-01 -4.503000000e-01 7.944000000e-01
  -3.311000000e-01 -8.836000000e-01 -3.310000000e-01
 Node:         40
  0.1191E+03  0.1220E+03  0.4937E+03  0.6966E-04
   0.0
   8.327E-17
  -2.22E-16
   8.327E-17
  -1.388E-17
  -2.22E-16
  4.872000000e-17
  -2.082000000e-16
  -2.846000000e-16
  3.024500000e-16
  -1.480300000e-16
  1.425700000e-16
  -9.240000000e-01 -2.703000000e-01 -2.703000000e-01
  0.000000000e+00 -7.071000000e-01 7.071000000e-01
  3.823000000e-01 -6.534000000e-01 -6.534000000e-01
 Node:         41
  0.1182E+03  0.1217E+03  0.5073E+03  0.6966E-04
   0.0
  -2.776E-17
  -5.551E-17
   5.551E-17
   9.714E-17
   1.11E-16
  1.653000000e-16
  1.073000000e-17
  -1.206000000e-16
  2.478700000e-16
  1.847700000e-17
  1.168500000e-16
  2.406000000e-01 3.653000000e-01 8.993000000e-01
  -8.901000000e-01 4.526000000e-01 5.428000000e-02
  -3.871000000e-01 -8.135000000e-01 4.340000000e-01
 Node:         42
  0.1187E+03  0.1212E+03  0.5204E+03  0.6966E-04
   0.0
  -5.551E-17
  -1.11E-16
   0.0
   5.551E-17
   1.11E-16
  1.256000000e-16
  1.887000000e-17
  -1.444000000e-16
  2.355300000e-16
  2.333300000e-20
  1.110300000e-16
  1.113000000e-01 -2.517000000e-01 -9.614000000e-01
  9.295000000e-01 -3.159000000e-01 1.903000000e-01
  -3.516000000e-01 -9.148000000e-01 1.988000000e-01
 Node:         43
  0.1258E+03  0.1217E+03  0.4915E+03  0.6966E-04
   2.22E-16
   1.11E-16
   1.11E-16
  -1.388E-17
   0.0
  -5.551E-17
  2.911000000e-16
  4.294000000e-17
  -5.645000000e-17
  3.100400000e-16
  9.253000000e-17
  1.461600000e-16
  -8.507000000e-01 -5.246000000e-01 3.406000000e-02
  -5.213000000e-01 8.502000000e-01 7.348000000e-02
  6.751000000e-02 -4.475000000e-02 9.967000000e-01
 Node:         44
  0.1259E+03  0.1220E+03  0.5059E+03  0.6966E-04
  -2.22E-16
   1.388E-16
  -2.22E-16
   9.714E-17
   1.11E-16
  -1.11E-16
  5.081000000e-17
  -2.445000000e-16
  -3.614000000e-16
  3.679600000e-16
  -1.850300000e-16
  1.734600000e-16
  -5.113000000e-01 -5.340000000e-01 -6.733000000e-01
  -5.198000000e-01 -4.318000000e-01 7.372000000e-01
  -6.844000000e-01 7.269000000e-01 -5.679000000e-02
 Node:         45
  0.1261E+03  0.1221E+03  0.5198E+03  0.6966E-04
  -5.551E-17
  -8.327E-17
  -2.776E-16
   2.776E-17
  -6.939E-18
   1.11E-16
  1.167000000e-16
  -3.339000000e-17
  -3.053000000e-16
  3.705000000e-16
  -7.399700000e-17
  1.746600000e-16
  1.854000000e-01 -5.643000000e-02 9.810000000e-01
  9.302000000e-01 -3.117000000e-01 -1.938000000e-01
  -3.167000000e-01 -9.485000000e-01 5.308000000e-03
 Node:         46
  0.1117E+03  0.1296E+03  0.4959E+03  0.0000E+00
  -5.551E-17
   2.776E-17
  -1.665E-16
   6.939E-18
  -2.602E-17
   0.0
  4.101000000e-18
  -4.897000000e-17
  -1.772000000e-16
  1.614500000e-16
  -7.402300000e-17
  7.610600000e-17
  4.856000000e-02 -1.429000000e-01 9.886000000e-01
  9.724000000e-01 2.327000000e-01 -1.414000000e-02
  -2.280000000e-01 9.620000000e-01 1.502000000e-01
 Node:         47
  0.1107E+03  0.1269E+03  0.5087E+03  0.0000E+00
  -1.665E-16
  -3.123E-17
   1.11E-16
  -2.776E-17
   3.99E-17
   0.0
  1.289000000e-16
  -1.114000000e-17
  -1.732000000e-16
  2.618600000e-16
  -1.848000000e-17
  1.234400000e-16
  -1.292000000e-01 9.390000000e-01 3.186000000e-01
  -1.008000000e-01 -3.321000000e-01 9.379000000e-01
  -9.865000000e-01 -8.906000000e-02 -1.376000000e-01
 Node:         48
  0.1125E+03  0.1242E+03  0.5208E+03  0.0000E+00
   1.11E-16
   3.469E-18
   1.11E-16
   0.0
  -1.735E-18
   1.11E-16
  1.149000000e-16
  1.110000000e-16
  1.071000000e-16
  6.755000000e-18
  1.110000000e-16
  3.184300000e-18
  -6.325000000e-01 -7.071000000e-01 3.162000000e-01
  4.472000000e-01 -4.455000000e-15 8.944000000e-01
  -6.325000000e-01 7.071000000e-01 3.162000000e-01
 Node:         49
  0.1186E+03  0.1311E+03  0.4938E+03  0.0000E+00
  -1.665E-16
  -2.082E-17
   0.0
  -4.163E-17
  -6.072E-18
  -5.551E-17
  2.581000000e-18
  -4.165000000e-17
  -1.830000000e-16
  1.678900000e-16
  -7.402300000e-17
  7.914600000e-17
  1.174000000e-01 -9.929000000e-01 1.965000000e-02
  -3.135000000e-01 -1.827000000e-02 9.494000000e-01
  -9.423000000e-01 -1.176000000e-01 -3.134000000e-01
 Node:         50
  0.1180E+03  0.1298E+03  0.5075E+03  0.0000E+00
   0.0
  -1.301E-17
   3.331E-16
  -4.163E-17
   1.247E-17
   2.22E-16
  3.354000000e-16
  2.276000000e-16
  -7.879000000e-18
  3.040700000e-16
  1.850400000e-16
  1.433400000e-16
  5.441000000e-02 -9.902000000e-01 -1.289000000e-01
  -1.707000000e-01 -1.364000000e-01 9.758000000e-01
  9.838000000e-01 3.109000000e-02 1.765000000e-01
 Node:         51
  0.1192E+03  0.1275E+03  0.5206E+03  0.0000E+00
   0.0
  -3.469E-18
  -5.551E-17
   0.0
   1.475E-17
   1.11E-16
  1.123000000e-16
  2.087000000e-19
  -5.702000000e-17
  1.491800000e-16
  1.849600000e-17
  7.032400000e-17
  -2.705000000e-03 8.758000000e-02 9.962000000e-01
  9.982000000e-01 -6.004000000e-02 7.989000000e-03
  -6.051000000e-02 -9.943000000e-01 8.725000000e-02
 Node:         52
  0.1262E+03  0.1305E+03  0.4920E+03  0.0000E+00
   1.11E-16
  -1.388E-17
   1.11E-16
   1.301E-18
   4.906E-18
   0.0
  1.250000000e-16
  9.734000000e-17
  -2.497000000e-19
  1.139700000e-16
  7.403000000e-17
  5.372400000e-17
  -7.047000000e-01 7.092000000e-01 2.051000000e-02
  7.093000000e-01 7.034000000e-01 4.493000000e-02
  -1.744000000e-02 -4.621000000e-02 9.988000000e-01
 Node:         53
  0.1258E+03  0.1304E+03  0.5063E+03  0.0000E+00
  -1.665E-16
  -1.735E-18
  -1.11E-16
   2.776E-17
   3.383E-17
  -2.22E-16
  -1.010000000e-16
  -1.572000000e-16
  -2.414000000e-16
  1.223900000e-16
  -1.665300000e-16
  5.769700000e-17
  9.684000000e-02 9.526000000e-01 2.883000000e-01
  -9.346000000e-01 1.866000000e-01 -3.027000000e-01
  -3.422000000e-01 -2.402000000e-01 9.084000000e-01
 Node:         54
  0.1265E+03  0.1288E+03  0.5200E+03  0.0000E+00
  -2.22E-16
   2.082E-17
   1.11E-16
   0.0
  -4.337E-18
   1.11E-16
  1.160000000e-16
  1.073000000e-16
  -2.233000000e-16
  3.350300000e-16
  0.000000000e+00
  1.579400000e-16
  -4.656000000e-02 -7.562000000e-01 6.527000000e-01
  -4.117000000e-02 -6.514000000e-01 -7.576000000e-01
  -9.981000000e-01 6.215000000e-02 8.061000000e-04
 Node:         55
  0.1382E+03  0.1167E+03  0.4536E+03 -0.8612E-03
  -0.02878
  -0.004206
   0.02352
   0.001474
   0.007044
   0.01618
  6.782900000e-02
  2.746800000e-02
  -5.960800000e-02
  1.131600000e-01
  1.189600000e-02
  5.334300000e-02
  -4.026400000e-02 4.869400000e-01 3.200000000e-01
  -1.390800000e-01 2.389700000e-01 -5.274300000e-01
  -8.973500000e-01 -4.935200000e-02 -8.171700000e-02
 Node:         56
  0.1314E+03  0.1156E+03  0.4688E+03 -0.8612E-03
  -0.03051
   0.002236
   0.01287
   0.008592
  -2.573E-4
   0.001592
  2.766600000e-02
  7.620500000e-03
  -6.717900000e-02
  8.616500000e-02
  -1.063100000e-02
  4.061900000e-02
  -1.011900000e-02 -7.187400000e-01 4.453100000e-03
  9.246700000e-02 -1.046400000e-01 6.770400000e-01
  -1.103400000e+00 6.856500000e-02 1.368300000e-01
 Node:         57
  0.1285E+03  0.1140E+03  0.4823E+03 -0.8612E-03
  -0.00728
   0.003615
  -8.888E-4
   0.002785
  -0.001895
  -0.001023
  1.356500000e-03
  -4.924900000e-04
  -2.130300000e-02
  2.137400000e-02
  -6.813000000e-03
  1.007600000e-02
  -1.108900000e-01 -1.072700000e+00 5.088300000e-01
  4.653900000e-01 2.827000000e-01 9.427300000e-01
  -1.013700000e+00 4.589600000e-01 2.712200000e-01
 Node:         58
  0.1482E+03  0.1174E+03  0.4541E+03 -0.8612E-03
  -0.02959
  -0.01217
   0.03955
  -0.002001
   0.005916
   0.005458
  1.065300000e-01
  7.353400000e-03
  -6.814800000e-02
  1.523800000e-01
  1.524500000e-02
  7.183100000e-02
  1.241900000e-01 -8.764900000e-01 -1.485800000e-01
  -9.642400000e-02 -2.674700000e-01 1.103100000e+00
  -8.598100000e-01 -1.244600000e-01 -1.602700000e-01
 Node:         59
  0.1418E+03  0.1164E+03  0.4698E+03 -0.8612E-03
  -0.02951
  -0.008589
   0.02893
   0.004955
   0.001617
  -0.004501
  7.003500000e-02
  -1.035000000e-02
  -6.772900000e-02
  1.203000000e-01
  -2.681400000e-03
  5.671100000e-02
  1.262300000e-02 4.629000000e-01 -2.787700000e-02
  8.595900000e-02 -1.434800000e-01 1.120800000e+00
  -6.763900000e-01 -6.220700000e-02 -6.250300000e-03
 Node:         60
  0.1375E+03  0.1150E+03  0.4833E+03 -0.8612E-03
  -0.006634
  -5.503E-4
   0.003844
   0.003154
  -0.001134
  -0.001968
  8.218800000e-03
  -1.904200000e-03
  -1.640400000e-02
  2.122600000e-02
  -3.363100000e-03
  1.000600000e-02
  -7.739300000e-02 9.897600000e-01 -2.655600000e-01
  -3.687800000e-01 -3.275800000e-01 -4.618900000e-01
  -6.255400000e-01 5.743500000e-02 3.299200000e-01
 Node:         61
  0.1553E+03  0.1214E+03  0.4545E+03 -0.8612E-03
  -0.01383
  -0.01135
   0.02052
  -0.01028
   0.01399
  -0.02883
  7.919200000e-02
  -3.965900000e-02
  -8.189400000e-02
  1.446100000e-01
  -1.412000000e-02
  6.816900000e-02
  -2.730100000e-01 7.185200000e-01 1.983100000e-01
  7.689700000e-01 2.435600000e-01 -2.124700000e-01
  3.254200000e-01 -1.716600000e-01 7.386400000e-01
 Node:         62
  0.1492E+03  0.1199E+03  0.4704E+03 -0.8612E-03
  -0.004021
  -0.01483
   0.02158
  -7.316E-4
   0.005898
  -0.02983
  7.518500000e-02
  -2.738400000e-02
  -7.095900000e-02
  1.298700000e-01
  -7.719400000e-03
  6.122200000e-02
  -1.494600000e-01 5.177500000e-01 1.315900000e-02
  1.002700000e+00 5.098400000e-01 -8.358900000e-03
  -5.637900000e-02 -8.775400000e-02 2.831600000e-01
 Node:         63
  0.1436E+03  0.1181E+03  0.4839E+03 -0.8612E-03
   0.002316
  -0.003732
   0.004077
   0.001757
  -0.001697
  -0.005754
  1.862900000e-02
  -2.102700000e-03
  -1.277000000e-02
  2.774100000e-02
  1.251900000e-03
  1.307700000e-02
  -2.208000000e-01 2.742800000e-01 -1.248700000e-01
  9.334800000e-01 6.997800000e-01 1.706500000e-01
  1.247100000e-01 -1.243600000e-02 -7.125300000e-02
 Node:         64
  0.1414E+03  0.1253E+03  0.4531E+03 -0.8612E-03
  -0.01715
   0.006054
   0.02016
  -0.005462
   0.003846
  -0.002976
  5.269900000e-02
  -2.772900000e-03
  -4.907700000e-02
  8.792000000e-02
  2.830300000e-04
  4.144600000e-02
  1.336800000e-01 1.014600000e+00 1.364200000e-01
  4.000100000e-01 1.014600000e-01 -1.141200000e+00
  -8.676800000e-01 1.129800000e-01 -2.814000000e-01
 Node:         65
  0.1341E+03  0.1229E+03  0.4686E+03 -0.8612E-03
  -0.016
   0.003187
   0.01807
  -0.001025
   0.001323
  -0.002417
  4.259800000e-02
  -5.602900000e-03
  -3.577700000e-02
  6.851100000e-02
  4.058800000e-04
  3.229600000e-02
  -1.233600000e-01 -5.774900000e-01 -2.922600000e-02
  -6.868200000e-02 -1.924100000e-02 7.629700000e-01
  -7.454800000e-01 6.915700000e-02 -4.818700000e-02
 Node:         66
  0.1299E+03  0.1214E+03  0.4825E+03 -0.8612E-03
  -0.002439
   4.992E-4
   0.002733
   0.001228
  -8.882E-4
  -7.895E-4
  6.357700000e-03
  -6.906900000e-04
  -5.501800000e-03
  1.040400000e-02
  5.509100000e-05
  4.904400000e-03
  -1.365000000e-02 -3.421300000e-01 7.106900000e-02
  3.009400000e-01 3.623600000e-02 5.673600000e-01
  6.439600000e-01 -1.128600000e-01 -5.395800000e-01
 Node:         67
  0.1500E+03  0.1241E+03  0.4537E+03 -0.8612E-03
  -0.01851
  -0.006273
   0.01755
  -0.004631
   0.0023
   0.004497
  5.125800000e-02
  1.247700000e-02
  -4.661500000e-02
  8.630500000e-02
  5.706500000e-03
  4.068500000e-02
  7.895900000e-03 -2.585200000e-02 -2.386300000e-02
  -2.827900000e-01 -3.060200000e-01 1.081000000e+00
  -9.379900000e-01 -1.433000000e-01 -1.959500000e-01
 Node:         68
  0.1432E+03  0.1222E+03  0.4695E+03 -0.8612E-03
  -0.01594
  -0.01072
   0.0192
  -0.001757
   0.002905
   0.002026
  5.718500000e-02
  2.352000000e-03
  -4.027600000e-02
  8.542800000e-02
  6.420200000e-03
  4.027100000e-02
  1.661300000e-01 -4.840200000e-01 -8.628600000e-02
  -1.476900000e-01 -3.322600000e-01 1.132300000e+00
  -4.479100000e-01 -9.495600000e-02 -7.512200000e-02
 Node:         69
  0.1380E+03  0.1205E+03  0.4831E+03 -0.8612E-03
  -0.002192
  -0.002986
   0.005166
   6.876E-4
   3.643E-4
  -2.97E-4
  1.536500000e-02
  -5.156400000e-04
  -6.067200000e-03
  1.938300000e-02
  2.927400000e-03
  9.137400000e-03
  -3.533800000e-01 9.533700000e-01 2.853400000e-02
  9.924900000e-02 -1.292000000e-01 1.107000000e+00
  9.377000000e-01 4.397300000e-01 -2.838900000e-01
 Node:         70
  0.1556E+03  0.1235E+03  0.4544E+03 -0.8612E-03
  -0.01436
  -0.007588
  -0.001766
  -0.009148
   0.006343
   0.02245
  6.331400000e-02
  -8.147100000e-04
  -4.460100000e-02
  9.380000000e-02
  5.965900000e-03
  4.421800000e-02
  -5.495900000e-02 7.567100000e-02 8.822100000e-02
  1.444600000e-01 -1.033100000e+00 4.887500000e-01
  -4.227100000e-03 4.470600000e-02 -1.148200000e-01
 Node:         71
  0.1494E+03  0.1219E+03  0.4704E+03 -0.8612E-03
  -0.009807
  -0.01642
   0.01074
  -0.008078
   0.008592
   0.008013
  7.076500000e-02
  -1.606900000e-04
  -4.151000000e-02
  9.885600000e-02
  9.698200000e-03
  4.660100000e-02
  -2.598000000e-01 5.445000000e-01 3.918700000e-01
  2.697600000e-02 -6.915400000e-01 9.280800000e-01
  9.196000000e-01 4.826200000e-01 9.710700000e-02
 Node:         72
  0.1435E+03  0.1199E+03  0.4838E+03 -0.8612E-03
  -6.202E-4
  -0.005669
   0.00465
  -7.37E-4
   0.001593
   2.534E-4
  2.216200000e-02
  -6.820800000e-04
  -7.944000000e-03
  2.730400000e-02
  4.511800000e-03
  1.287100000e-02
  -5.375800000e-01 8.283100000e-01 2.183300000e-01
  3.620400000e-02 -4.161000000e-01 1.092700000e+00
  8.892900000e-01 6.445300000e-01 1.453500000e-02
 Node:         73
  0.1445E+03  0.1339E+03  0.4530E+03  0.0000E+00
   0.004866
  -0.003991
  -0.0156
   0.002404
  -0.0023
   0.0148
  3.461600000e-02
  1.641700000e-02
  -4.032800000e-02
  6.784300000e-02
  3.568500000e-03
  3.198100000e-02
  3.175200000e-01 -5.548000000e-02 5.891300000e-01
  3.990700000e-01 -5.204200000e-02 -1.174600000e-01
  -8.677000000e-02 -6.015800000e-01 -2.151000000e-02
 Node:         74
  0.1367E+03  0.1304E+03  0.4686E+03  0.0000E+00
   0.01278
  -0.006194
  -0.009109
   1.965E-4
  -0.004268
   0.007969
  3.767600000e-02
  2.138400000e-02
  -2.502700000e-02
  5.592100000e-02
  1.134400000e-02
  2.636100000e-02
  3.464800000e-01 -1.061700000e-01 1.026300000e-01
  -2.107500000e-01 -1.606100000e-01 8.543200000e-01
  -8.959200000e-02 -3.655000000e-01 -5.379600000e-02
 Node:         75
  0.1313E+03  0.1288E+03  0.4827E+03  0.0000E+00
   0.003839
  -0.002601
  -0.001513
  -0.001622
  -8.531E-4
   3.513E-4
  1.323500000e-02
  1.570100000e-03
  -5.568300000e-03
  1.644900000e-02
  3.078800000e-03
  7.753900000e-03
  -9.400900000e-01 3.161900000e-01 2.287100000e-01
  1.012100000e-01 -4.604900000e-01 9.042300000e-01
  3.738600000e-01 7.567300000e-01 3.910700000e-01
 Node:         76
  0.1517E+03  0.1308E+03  0.4535E+03  0.0000E+00
   0.005889
  -0.005241
  -0.023
   1.594E-4
   0.005749
   0.02406
  5.352000000e-02
  2.008300000e-02
  -5.900500000e-02
  9.994300000e-02
  4.866200000e-03
  4.711300000e-02
  1.191300000e-01 4.397200000e-03 1.057700000e-01
  1.015900000e+00 -1.738500000e-01 -2.554000000e-02
  1.137500000e-01 7.015600000e-01 -7.205800000e-02
 Node:         77
  0.1446E+03  0.1280E+03  0.4693E+03  0.0000E+00
   0.01963
  -0.002612
  -0.01261
  -0.002125
   0.003894
   0.00951
  5.413400000e-02
  2.277100000e-02
  -3.216700000e-02
  7.500000000e-02
  1.491300000e-02
  3.535500000e-02
  -9.843500000e-01 1.020200000e-01 1.725800000e-01
  1.864400000e-01 1.642200000e-01 9.693000000e-01
  1.907400000e-02 -1.503300000e-01 1.952000000e-02
 Node:         78
  0.1384E+03  0.1261E+03  0.4830E+03  0.0000E+00
   0.008004
  -4.302E-4
  -0.001244
  -0.001705
  -3.222E-4
   1.11E-4
  2.241400000e-02
  3.383900000e-04
  -2.764300000e-03
  2.377800000e-02
  6.662500000e-03
  1.120900000e-02
  -9.914900000e-01 2.507600000e-02 1.667200000e-01
  1.020100000e-01 -1.621900000e-01 4.246200000e-01
  -5.615700000e-02 -1.540000000e-01 -1.532000000e-01
 Node:         79
  0.1558E+03  0.1256E+03  0.4542E+03  0.0000E+00
   0.007279
   0.01118
   0.01987
   0.005298
   1.989E-4
  -0.05547
  6.820400000e-02
  1.906500000e-03
  -1.682200000e-01
  2.105900000e-01
  -3.270200000e-02
  9.927100000e-02
  5.176500000e-01 9.257800000e-01 7.806000000e-02
  7.034800000e-02 1.014100000e-02 -5.817800000e-02
  -5.873400000e-02 8.135800000e-02 1.127300000e+00
 Node:         80
  0.1495E+03  0.1238E+03  0.4703E+03  0.0000E+00
   0.02111
   0.00965
   0.01059
   8.58E-5
  -0.001576
  -0.04695
  7.141600000e-02
  1.059800000e-02
  -1.406100000e-01
  1.882800000e-01
  -1.953100000e-02
  8.875400000e-02
  1.123200000e+00 5.095700000e-01 2.763800000e-02
  -4.880100000e-01 9.851800000e-01 -1.617200000e-01
  -2.928300000e-02 1.554800000e-01 1.111700000e+00
 Node:         81
  0.1433E+03  0.1217E+03  0.4837E+03  0.0000E+00
   0.008834
   0.001764
   7.342E-4
  -0.001674
  -4.053E-4
  -0.006598
  2.485000000e-02
  3.848100000e-04
  -1.932300000e-02
  3.832400000e-02
  1.970700000e-03
  1.806600000e-02
  -9.836700000e-01 -1.930400000e-01 9.218100000e-02
  -1.749600000e-01 1.088700000e+00 -1.261300000e-01
  3.529700000e-02 1.420300000e-01 1.100000000e+00
 Node:         82
  0.1267E+03  0.1149E+03  0.4565E+03 -0.1080E-01
  -0.0104
  -8.388E-4
   0.008035
   0.002421
   0.006097
   0.00205
  2.673500000e-02
  -1.829100000e-03
  -2.546300000e-02
  4.509300000e-02
  -1.858100000e-04
  2.125700000e-02
  8.943600000e-02 9.032600000e-01 5.830700000e-01
  -2.713500000e-01 5.855200000e-01 -8.870800000e-01
  4.110200000e-01 -3.300500000e-02 -1.632000000e-01
 Node:         83
  0.1234E+03  0.1129E+03  0.4721E+03 -0.1080E-01
  -0.01275
   0.001632
   0.003941
   0.01215
   0.002605
  -0.008461
  1.105600000e-02
  -5.980400000e-04
  -4.841700000e-02
  5.428400000e-02
  -1.265300000e-02
  2.559000000e-02
  4.092600000e-01 8.166200000e-01 4.014000000e-01
  -5.946200000e-01 6.106100000e-01 -7.259300000e-01
  -9.156500000e-01 -1.149100000e-01 6.776900000e-01
 Node:         84
  0.1187E+03  0.1123E+03  0.4849E+03 -0.1080E-01
  -0.001789
   4.301E-4
   2.887E-4
   0.0045
  -1.953E-4
  -0.007953
  1.044600000e-03
  2.990500000e-04
  -2.230100000e-02
  2.281300000e-02
  -6.985900000e-03
  1.075400000e-02
  -7.757600000e-01 -6.037600000e-01 -5.234100000e-01
  5.280900000e-01 -9.802100000e-01 3.083700000e-01
  5.946300000e-01 1.349200000e-02 -9.945400000e-01
 Node:         85
  0.1302E+03  0.1161E+03  0.4554E+03 -0.1080E-01
  -0.01269
  -3.605E-4
   0.009794
   0.003049
   0.009177
   0.006123
  3.786000000e-02
  -1.830400000e-03
  -2.768000000e-02
  5.706300000e-02
  2.783300000e-03
  2.690000000e-02
  1.232900000e-01 6.481900000e-01 5.301200000e-01
  -3.145400000e-01 4.069200000e-01 -5.996100000e-01
  1.189400000e-01 7.958800000e-02 -2.211100000e-01
 Node:         86
  0.1252E+03  0.1138E+03  0.4704E+03 -0.1080E-01
  -0.008832
   0.006976
   0.01673
   0.02313
   0.009756
  -0.003968
  6.381100000e-02
  1.049200000e-02
  -5.974700000e-02
  1.072200000e-01
  4.851900000e-03
  5.054400000e-02
  -4.987300000e-01 -8.090200000e-01 -5.452000000e-01
  6.326100000e-01 -7.029200000e-01 5.502300000e-01
  7.622500000e-01 2.164400000e-02 -8.306600000e-01
 Node:         87
  0.1217E+03  0.1126E+03  0.4834E+03 -0.1080E-01
  -0.003538
   2.637E-4
   6.974E-4
   0.005841
  -9.277E-4
  -0.007352
  1.686500000e-03
  7.865700000e-04
  -2.497600000e-02
  2.592200000e-02
  -7.501000000e-03
  1.222000000e-02
  -5.046800000e-01 8.575100000e-01 -5.788000000e-01
  7.159800000e-01 8.608700000e-01 4.119600000e-01
  5.642700000e-01 -1.290900000e-01 -9.982000000e-01
 Node:         88
  0.1338E+03  0.1169E+03  0.4538E+03 -0.1080E-01
  -0.02069
  -0.002811
   0.007826
   0.002825
   0.01151
   0.01358
  5.287100000e-02
  -5.741500000e-04
  -4.557400000e-02
  8.519000000e-02
  2.240900000e-03
  4.015900000e-02
  9.343500000e-02 6.217900000e-01 8.536200000e-01
  -2.882200000e-01 8.566200000e-01 -7.092600000e-01
  7.904500000e-01 1.632100000e-01 -1.559000000e-01
 Node:         89
  0.1270E+03  0.1150E+03  0.4688E+03 -0.1080E-01
  -0.0247
   0.003518
   0.00472
   0.01061
   0.003122
  -0.00234
  1.456300000e-02
  -2.181200000e-03
  -5.974400000e-02
  6.687200000e-02
  -1.578700000e-02
  3.152400000e-02
  3.646600000e-01 7.730500000e-01 4.907900000e-01
  -2.734300000e-01 6.648800000e-01 -8.672000000e-01
  -1.137300000e+00 -3.802300000e-02 3.430600000e-01
 Node:         90
  0.1248E+03  0.1132E+03  0.4822E+03 -0.1080E-01
  -0.006228
   0.003581
  -0.001628
   0.003169
  -0.001743
  -0.001826
  -1.608000000e-04
  -4.448200000e-04
  -2.093700000e-02
  2.029700000e-02
  -7.180800000e-03
  9.568200000e-03
  6.112100000e-01 9.168500000e-01 -1.091500000e-01
  2.529500000e-01 -7.945800000e-02 5.464300000e-01
  -9.972500000e-01 4.013300000e-01 4.170200000e-01
 Node:         91
  0.1259E+03  0.1263E+03  0.4552E+03 -0.1080E-01
  -0.01107
   0.009337
   0.01752
  -9.012E-4
   0.009267
   9.865E-4
  5.459200000e-02
  -3.142100000e-03
  -3.066800000e-02
  7.533700000e-02
  6.927500000e-03
  3.551400000e-02
  -9.613500000e-02 -4.040400000e-01 -1.539000000e-01
  -2.587200000e-01 -2.027300000e-01 6.193900000e-01
  -4.040600000e-01 2.331700000e-01 -1.079900000e-01
 Node:         92
  0.1209E+03  0.1234E+03  0.4727E+03 -0.1080E-01
  -0.01489
   0.002827
   0.01114
   0.003202
   0.006797
   0.0052
  3.447000000e-02
  2.312400000e-03
  -3.091800000e-02
  5.661900000e-02
  1.954700000e-03
  2.669100000e-02
  -7.740300000e-04 -8.281000000e-01 -5.673200000e-01
  5.446000000e-02 -4.495600000e-01 6.737700000e-01
  -1.113900000e+00 -2.714500000e-02 4.014900000e-02
 Node:         93
  0.1159E+03  0.1217E+03  0.4877E+03 -0.1080E-01
  -0.002466
  -7.241E-4
   9.783E-4
   0.002498
   0.002098
  -0.001404
  3.820800000e-03
  -2.701000000e-04
  -9.344600000e-03
  1.155100000e-02
  -1.931300000e-03
  5.445400000e-03
  2.252400000e-01 5.956000000e-01 3.223600000e-01
  -4.642000000e-01 4.248400000e-01 -3.372100000e-01
  -4.562900000e-01 -1.500200000e-01 5.191200000e-01
 Node:         94
  0.1314E+03  0.1265E+03  0.4543E+03 -0.1080E-01
  -0.01334
   0.0089
   0.01926
  -0.004996
   0.008621
   0.007966
  5.850800000e-02
  1.513000000e-02
  -3.751900000e-02
  8.321000000e-02
  1.203900000e-02
  3.922600000e-02
  1.655800000e-01 9.345800000e-01 4.463300000e-01
  4.186900000e-01 3.869300000e-01 -1.107700000e+00
  1.137200000e+00 -2.461100000e-01 3.321400000e-01
 Node:         95
  0.1250E+03  0.1236E+03  0.4708E+03 -0.1080E-01
  -0.02114
   0.00164
   0.01243
