 Group name: predicted_strain_L1A2
 #Fields=  17
 1) coordinates, coordinate, rectangular cartesian, #Components=3
   x.  Value index= 1, #Derivatives=0
   y.  Value index= 2, #Derivatives=0
   z.  Value index= 3, #Derivatives=0
 2) dummy, field, rectangular cartesian, #Components=1
   Tensor_1.  Value index= 4, #Derivatives=0
 3) Tensor_1, field, rectangular cartesian, #Components=1
   Tensor_1.  Value index= 5, #Derivatives=0
 4) Tensor_2, field, rectangular cartesian, #Components=1
   Tensor_2.  Value index= 6, #Derivatives=0
 5) Tensor_3, field, rectangular cartesian, #Components=1
   Tensor_3.  Value index= 7, #Derivatives=0
 6) Tensor_4, field, rectangular cartesian, #Components=1
   Tensor_4.  Value index= 8, #Derivatives=0
 7) Tensor_5, field, rectangular cartesian, #Components=1
   Tensor_5.  Value index= 9, #Derivatives=0
 8) Tensor_6, field, rectangular cartesian, #Components=1
   Tensor_6.  Value index= 10, #Derivatives=0
 9) Principal_1, field, rectangular cartesian, #Components=1
   Principal_1.  Value index= 11, #Derivatives=0
 10) Principal_2, field, rectangular cartesian, #Components=1
   Principal_2.  Value index= 12, #Derivatives=0
 11) Principal_3, field, rectangular cartesian, #Components=1
   Principal_3.  Value index= 13, #Derivatives=0
 12) VonMises, field, rectangular cartesian, #Components=1
   VonMises.  Value index= 14, #Derivatives=0
 13) Hydrostatic, field, rectangular cartesian, #Components=1
   VonMises.  Value index= 15, #Derivatives=0
 14) Octahedral, field, rectangular cartesian, #Components=1
   VonMises.  Value index= 16, #Derivatives=0
 15) PrincipalVector1, field, rectangular cartesian, #Components=3
   x.  Value index= 17, #Derivatives=0
   y.  Value index= 18, #Derivatives=0
   z.  Value index= 19, #Derivatives=0
 16) PrincipalVector2, field, rectangular cartesian, #Components=3
   x.  Value index= 20, #Derivatives=0
   y.  Value index= 21, #Derivatives=0
   z.  Value index= 22, #Derivatives=0
 17) PrincipalVector3, field, rectangular cartesian, #Components=3
   x.  Value index= 23, #Derivatives=0
   y.  Value index= 24, #Derivatives=0
   z.  Value index= 25, #Derivatives=0
 Node:          1
  0.1287E+03  0.1133E+03  0.4908E+03 -0.2751E-08
  -1.11E-16
  -8.327E-17
  -2.22E-16
  -2.776E-17
  -4.163E-17
  -3.331E-16
  -6.637000000e-17
  -2.400000000e-16
  -3.598000000e-16
  2.555400000e-16
  -2.220600000e-16
  1.204600000e-16
  8.837000000e-01 -4.676000000e-01 -1.897000000e-02
  4.046000000e-01 7.837000000e-01 -4.712000000e-01
  2.352000000e-01 4.088000000e-01 8.818000000e-01
 Node:          2
  0.1292E+03  0.1137E+03  0.5052E+03 -0.2751E-08
  -5.551E-17
  -1.11E-16
  -1.665E-16
  -5.551E-17
   1.943E-16
  -2.776E-16
  8.603000000e-17
  -1.600000000e-16
  -4.256000000e-16
  4.431900000e-16
  -1.665200000e-16
  2.089200000e-16
  -6.554000000e-01 6.199000000e-01 4.313000000e-01
  7.522000000e-01 4.849000000e-01 4.462000000e-01
  -6.744000000e-02 -6.169000000e-01 7.841000000e-01
 Node:          3
  0.1289E+03  0.1155E+03  0.5194E+03 -0.2751E-08
   2.22E-16
   1.388E-16
   3.331E-16
   1.11E-16
   5.551E-17
   2.22E-16
  4.753000000e-16
  2.118000000e-16
  9.006000000e-17
  3.410700000e-16
  2.590500000e-16
  1.607800000e-16
  -5.696000000e-01 -7.144000000e-01 -4.063000000e-01
  2.395000000e-01 -6.172000000e-01 7.494000000e-01
  -7.862000000e-01 3.296000000e-01 5.227000000e-01
 Node:          4
  0.1361E+03  0.1141E+03  0.4915E+03 -0.2751E-08
   0.0
  -2.776E-17
  -1.11E-16
  -2.776E-17
  -8.327E-17
   2.22E-16
  2.435000000e-16
  6.328000000e-18
  -1.388000000e-16
  3.342600000e-16
  3.700900000e-17
  1.575700000e-16
  -8.549000000e-02 -2.215000000e-01 9.714000000e-01
  9.681000000e-01 -2.491000000e-01 2.840000000e-02
  2.357000000e-01 9.428000000e-01 2.357000000e-01
 Node:          5
  0.1341E+03  0.1144E+03  0.5054E+03 -0.2751E-08
   3.331E-16
   1.388E-16
   3.331E-16
   5.551E-17
  -6.939E-17
   4.441E-16
  4.814000000e-16
  4.627000000e-16
  1.662000000e-16
  3.062800000e-16
  3.701000000e-16
  1.443800000e-16
  -3.480000000e-01 -6.443000000e-01 6.810000000e-01
  -6.589000000e-01 -3.487000000e-01 -6.665000000e-01
  6.669000000e-01 -6.807000000e-01 -3.032000000e-01
 Node:          6
  0.1323E+03  0.1162E+03  0.5191E+03 -0.2751E-08
   2.22E-16
   5.551E-17
   2.22E-16
  -5.551E-17
  -2.776E-17
   0.0
  2.897000000e-16
  1.685000000e-16
  -1.402000000e-17
  2.648100000e-16
  1.480600000e-16
  1.248300000e-16
  -7.150000000e-01 -6.696000000e-01 2.012000000e-01
  6.656000000e-01 -7.399000000e-01 -9.741000000e-02
  -2.141000000e-01 -6.426000000e-02 -9.747000000e-01
 Node:          7
  0.1408E+03  0.1171E+03  0.4920E+03 -0.2751E-08
   3.331E-16
   2.22E-16
   2.22E-16
  -8.327E-17
  -1.11E-16
   0.0
  5.398000000e-16
  6.158000000e-17
  -4.631000000e-17
  5.403100000e-16
  1.850200000e-16
  2.547000000e-16
  -7.537000000e-01 -6.111000000e-01 2.419000000e-01
  -6.560000000e-01 6.770000000e-01 -3.335000000e-01
  -4.004000000e-02 4.101000000e-01 9.112000000e-01
 Node:          8
  0.1367E+03  0.1169E+03  0.5055E+03 -0.2751E-08
   2.22E-16
   1.943E-16
   2.22E-16
  -4.025E-16
  -2.359E-16
  -2.22E-16
  6.547000000e-16
  4.477000000e-17
  -4.775000000e-16
  9.814900000e-16
  7.399000000e-17
  4.626800000e-16
  -6.847000000e-01 -5.611000000e-01 4.652000000e-01
  5.685000000e-01 -8.105000000e-01 -1.409000000e-01
  -4.561000000e-01 -1.681000000e-01 -8.739000000e-01
 Node:          9
  0.1339E+03  0.1180E+03  0.5191E+03 -0.2751E-08
   2.22E-16
   1.665E-16
   0.0
  -3.955E-16
  -2.776E-16
   6.661E-16
  1.002000000e-15
  -9.379000000e-18
  -1.046000000e-16
  1.062200000e-15
  2.960100000e-16
  5.007200000e-16
  -4.817000000e-01 -3.073000000e-01 8.207000000e-01
  -8.565000000e-01 -3.292000000e-02 -5.150000000e-01
  -1.853000000e-01 9.510000000e-01 2.474000000e-01
 Node:         10
  0.1294E+03  0.1212E+03  0.4911E+03 -0.2751E-08
   0.0
   2.776E-17
   1.11E-16
  -1.388E-17
   1.249E-16
   1.11E-16
  2.363000000e-16
  2.303000000e-17
  -3.732000000e-17
  2.489900000e-16
  7.400300000e-17
  1.173800000e-16
  4.210000000e-02 7.100000000e-01 7.030000000e-01
  -7.813000000e-01 -4.152000000e-01 4.661000000e-01
  -6.228000000e-01 5.688000000e-01 -5.372000000e-01
 Node:         11
  0.1295E+03  0.1214E+03  0.5055E+03 -0.2751E-08
  -2.22E-16
  -2.776E-17
  -2.22E-16
  -4.163E-17
   1.388E-17
  -1.665E-16
  -1.365000000e-16
  -2.183000000e-16
  -2.558000000e-16
  1.056600000e-16
  -2.035300000e-16
  4.981100000e-17
  -4.935000000e-01 2.929000000e-01 8.189000000e-01
  3.541000000e-01 -7.924000000e-01 4.968000000e-01
  -7.944000000e-01 -5.351000000e-01 -2.873000000e-01
 Node:         12
  0.1295E+03  0.1217E+03  0.5196E+03 -0.2751E-08
   1.11E-16
   0.0
   1.11E-16
   7.633E-17
   2.776E-17
   2.22E-16
  2.649000000e-16
  1.110000000e-16
  6.816000000e-17
  1.792000000e-16
  1.480200000e-16
  8.447700000e-17
  -4.387000000e-01 -1.595000000e-01 -8.844000000e-01
  3.417000000e-01 -9.398000000e-01 -2.255000000e-17
  8.311000000e-01 3.022000000e-01 -4.668000000e-01
 Node:         13
  0.1361E+03  0.1199E+03  0.4914E+03 -0.2751E-08
   1.11E-16
  -1.388E-16
   0.0
  -9.714E-17
   2.776E-17
  -1.665E-16
  2.285000000e-16
  -8.520000000e-17
  -1.988000000e-16
  3.833400000e-16
  -1.850000000e-17
  1.807100000e-16
  8.171000000e-01 -5.252000000e-01 -2.378000000e-01
  4.648000000e-01 8.442000000e-01 -2.671000000e-01
  3.410000000e-01 1.077000000e-01 9.339000000e-01
 Node:         14
  0.1342E+03  0.1198E+03  0.5054E+03 -0.2751E-08
  -5.551E-17
   2.776E-17
   0.0
   5.551E-17
  -9.021E-17
   1.11E-16
  1.672000000e-16
  -4.940000000e-18
  -1.068000000e-16
  2.398800000e-16
  1.848700000e-17
  1.130800000e-16
  1.634000000e-01 -4.472000000e-01 8.794000000e-01
  -6.569000000e-01 -7.144000000e-01 -2.412000000e-01
  -7.361000000e-01 5.382000000e-01 4.105000000e-01
 Node:         15
  0.1330E+03  0.1205E+03  0.5193E+03 -0.2751E-08
   2.22E-16
  -8.327E-17
  -5.551E-17
   1.388E-17
   4.857E-17
   0.0
  2.451000000e-16
  2.471000000e-17
  -1.033000000e-16
  3.052400000e-16
  5.550300000e-17
  1.438900000e-16
  -9.638000000e-01 2.667000000e-01 -1.723000000e-03
  1.157000000e-01 4.239000000e-01 8.983000000e-01
  2.403000000e-01 8.656000000e-01 -4.394000000e-01
 Node:         16
  0.1404E+03  0.1188E+03  0.4918E+03 -0.2751E-08
   2.22E-16
   5.551E-17
   2.22E-16
  -8.327E-17
  -1.457E-16
   4.441E-16
  5.466000000e-16
  1.950000000e-16
  1.465000000e-16
  3.781900000e-16
  2.960300000e-16
  1.782800000e-16
  -2.927000000e-01 -4.328000000e-01 8.526000000e-01
  -9.222000000e-01 -1.077000000e-01 -3.713000000e-01
  -2.526000000e-01 8.950000000e-01 3.676000000e-01
 Node:         17
  0.1365E+03  0.1184E+03  0.5055E+03 -0.2751E-08
  -1.11E-16
   2.776E-17
  -1.11E-16
   9.714E-17
   1.7E-16
   0.0
  1.573000000e-16
  -1.341000000e-16
  -2.452000000e-16
  3.600400000e-16
  -7.400000000e-17
  1.697300000e-16
  3.368000000e-01 5.285000000e-01 7.792000000e-01
  8.927000000e-01 -4.425000000e-01 -8.566000000e-02
  -2.996000000e-01 -7.244000000e-01 6.209000000e-01
 Node:         18
  0.1341E+03  0.1191E+03  0.5192E+03 -0.2751E-08
   0.0
   0.0
   0.0
   2.645E-17
   1.065E-16
   4.441E-16
  4.697000000e-16
  -1.672000000e-33
  -2.562000000e-17
  4.830200000e-16
  1.480300000e-16
  2.277000000e-16
  -5.484000000e-02 -2.207000000e-01 -9.738000000e-01
  9.705000000e-01 -2.411000000e-01 -6.210000000e-17
  -2.348000000e-01 -9.451000000e-01 2.274000000e-01
 Node:         19
  0.1301E+03  0.1291E+03  0.4914E+03  0.0000E+00
   1.11E-16
   0.0
   1.11E-16
   2.101E-19
   1.001E-17
  -2.22E-16
  1.113000000e-16
  1.110000000e-16
  -2.223000000e-16
  3.334500000e-16
  0.000000000e+00
  1.571900000e-16
  -2.096000000e-02 -9.993000000e-01 -3.003000000e-02
  9.998000000e-01 -2.097000000e-02 1.345000000e-19
  6.298000000e-04 3.003000000e-02 -9.995000000e-01
 Node:         20
  0.1299E+03  0.1291E+03  0.5058E+03  0.0000E+00
   2.22E-16
   0.0
   0.0
   1.041E-17
   1.924E-17
  -5.551E-17
  2.224000000e-16
  5.975000000e-18
  -6.188000000e-17
  2.571600000e-16
  5.549800000e-17
  1.212200000e-16
  -9.993000000e-01 -3.257000000e-03 -3.765000000e-02
  1.428000000e-02 -9.549000000e-01 -2.965000000e-01
  -3.498000000e-02 -2.968000000e-01 9.543000000e-01
 Node:         21
  0.1301E+03  0.1280E+03  0.5197E+03  0.0000E+00
   1.11E-16
   0.0
   0.0
   4.163E-17
   1.475E-17
   1.11E-16
  1.534000000e-16
  7.089000000e-17
  -2.220000000e-18
  1.348500000e-16
  7.402300000e-17
  6.357000000e-17
  -6.994000000e-01 -6.840000000e-02 -7.114000000e-01
  -7.126000000e-01 1.429000000e-01 6.869000000e-01
  -5.465000000e-02 -9.874000000e-01 1.487000000e-01
 Node:         22
  0.1360E+03  0.1256E+03  0.4913E+03  0.0000E+00
  -2.22E-16
   1.388E-17
  -1.11E-16
  -1.388E-17
   1.006E-16
   1.11E-16
  1.500000000e-16
  -1.456000000e-16
  -2.264000000e-16
  3.432100000e-16
  -7.400000000e-17
  1.617900000e-16
  -2.144000000e-02 3.586000000e-01 9.332000000e-01
  2.280000000e-01 9.106000000e-01 -3.447000000e-01
  -9.734000000e-01 2.054000000e-01 -1.013000000e-01
 Node:         23
  0.1343E+03  0.1253E+03  0.5054E+03  0.0000E+00
   0.0
   2.082E-17
  -4.441E-16
   0.0
   1.314E-16
  -1.665E-16
  1.265000000e-18
  -1.147000000e-16
  -4.972000000e-16
  4.517900000e-16
  -2.035500000e-16
  2.129700000e-16
  9.970000000e-01 6.061000000e-02 4.746000000e-02
  6.644000000e-02 -3.661000000e-01 -9.282000000e-01
  3.888000000e-02 -9.286000000e-01 3.690000000e-01
 Node:         24
  0.1336E+03  0.1248E+03  0.5194E+03  0.0000E+00
  -2.22E-16
   1.214E-17
   0.0
   1.388E-17
   8.674E-19
  -1.665E-16
  6.779000000e-19
  -1.633000000e-16
  -2.259000000e-16
  2.026600000e-16
  -1.295100000e-16
  9.553700000e-17
  -5.504000000e-02 -9.984000000e-01 -9.747000000e-03
  2.257000000e-01 -2.195000000e-02 9.740000000e-01
  -9.726000000e-01 5.141000000e-02 2.265000000e-01
 Node:         25
  0.1400E+03  0.1206E+03  0.4917E+03  0.0000E+00
   0.0
   2.671E-16
  -1.11E-16
  -8.327E-17
  -1.301E-16
   2.22E-16
  3.681000000e-16
  7.580000000e-17
  -3.329000000e-16
  6.098700000e-16
  3.700000000e-17
  2.874900000e-16
  5.089000000e-01 4.781000000e-01 -7.159000000e-01
  6.086000000e-01 3.883000000e-01 6.920000000e-01
  6.088000000e-01 -7.878000000e-01 -9.334000000e-02
 Node:         26
  0.1363E+03  0.1200E+03  0.5055E+03  0.0000E+00
   2.22E-16
   1.076E-16
  -6.106E-16
   2.776E-17
  -1.124E-15
  -5.551E-17
  8.281000000e-16
  2.248000000e-16
  -1.497000000e-15
  2.089800000e-15
  -1.480300000e-16
  9.851500000e-16
  7.371000000e-02 6.174000000e-01 -7.832000000e-01
  9.955000000e-01 1.018000000e-03 9.449000000e-02
  -5.914000000e-02 7.866000000e-01 6.146000000e-01
 Node:         27
  0.1343E+03  0.1203E+03  0.5192E+03  0.0000E+00
   2.22E-16
  -1.943E-16
   2.22E-16
  -1.041E-16
   1.313E-15
   0.0
  1.466000000e-15
  1.875000000e-16
  -1.209000000e-15
  2.317400000e-15
  1.481700000e-16
  1.092400000e-15
  -1.693000000e-01 7.280000000e-01 6.643000000e-01
  9.848000000e-01 9.849000000e-02 1.431000000e-01
  3.876000000e-02 6.785000000e-01 -7.336000000e-01
 Node:         28
  0.1155E+03  0.1124E+03  0.4931E+03 -0.1625E-07
  -2.22E-16
   3.816E-17
   2.22E-16
  -5.551E-17
   5.551E-17
   1.11E-16
  2.455000000e-16
  1.014000000e-16
  -2.359000000e-16
  4.279500000e-16
  3.700000000e-17
  2.017400000e-16
  3.184000000e-02 9.284000000e-01 3.701000000e-01
  1.988000000e-01 3.571000000e-01 -9.127000000e-01
  9.795000000e-01 -1.026000000e-01 1.732000000e-01
 Node:         29
  0.1119E+03  0.1139E+03  0.5068E+03 -0.1625E-07
  -2.22E-16
  -2.082E-17
   0.0
   5.551E-17
   6.939E-18
  -3.331E-16
  1.944000000e-18
  -2.004000000e-16
  -3.566000000e-16
  3.113600000e-16
  -1.850200000e-16
  1.467800000e-16
  -9.118000000e-02 9.958000000e-01 5.517000000e-03
  -9.179000000e-01 -8.189000000e-02 -3.884000000e-01
  -3.863000000e-01 -4.048000000e-02 9.215000000e-01
 Node:         30
  0.1113E+03  0.1159E+03  0.5206E+03 -0.1625E-07
   2.22E-16
   1.249E-16
   2.22E-16
   0.0
  -2.776E-17
   1.11E-16
  3.486000000e-16
  1.238000000e-16
  8.277000000e-17
  2.478800000e-16
  1.850600000e-16
  1.168500000e-16
  -7.001000000e-01 -7.092000000e-01 8.287000000e-02
  -4.685000000e-01 3.686000000e-01 -8.029000000e-01
  -5.389000000e-01 6.009000000e-01 5.903000000e-01
 Node:         31
  0.1203E+03  0.1126E+03  0.4920E+03 -0.1625E-07
  -5.551E-17
   9.714E-17
  -1.11E-16
   2.776E-17
   4.163E-17
  -5.551E-17
  4.114000000e-17
  -7.661000000e-17
  -1.866000000e-16
  1.972700000e-16
  -7.402300000e-17
  9.299200000e-17
  -6.956000000e-01 -5.654000000e-01 -4.433000000e-01
  4.358000000e-01 1.585000000e-01 -8.860000000e-01
  5.712000000e-01 -8.095000000e-01 1.362000000e-01
 Node:         32
  0.1188E+03  0.1134E+03  0.5062E+03 -0.1625E-07
   2.22E-16
  -1.388E-17
  -1.11E-16
  -2.776E-17
   9.714E-17
  -5.551E-17
  2.266000000e-16
  1.331000000e-17
  -1.844000000e-16
  3.560200000e-16
  1.850300000e-17
  1.678300000e-16
  -9.894000000e-01 7.624000000e-02 1.236000000e-01
  1.445000000e-01 5.992000000e-01 7.875000000e-01
  1.402000000e-02 -7.970000000e-01 6.038000000e-01
 Node:         33
  0.1183E+03  0.1150E+03  0.5201E+03 -0.1625E-07
   1.11E-16
   5.551E-17
   0.0
   8.327E-17
   0.0
   0.0
  1.700000000e-16
  0.000000000e+00
  -5.893000000e-17
  2.058900000e-16
  3.702300000e-17
  9.705800000e-17
  -8.617000000e-01 -2.815000000e-01 -4.222000000e-01
  0.000000000e+00 -8.321000000e-01 5.547000000e-01
  -5.074000000e-01 4.780000000e-01 7.170000000e-01
 Node:         34
  0.1255E+03  0.1129E+03  0.4909E+03 -0.1625E-07
   0.0
   0.0
   0.0
   5.551E-17
   9.714E-17
   0.0
  1.119000000e-16
  3.387000000e-33
  -1.119000000e-16
  1.938200000e-16
  0.000000000e+00
  9.136600000e-17
  -3.508000000e-01 -6.139000000e-01 -7.071000000e-01
  8.682000000e-01 -4.961000000e-01 -4.855000000e-17
  -3.508000000e-01 -6.139000000e-01 7.071000000e-01
 Node:         35
  0.1260E+03  0.1135E+03  0.5054E+03 -0.1625E-07
   0.0
   1.11E-16
  -1.11E-16
   1.11E-16
   2.498E-16
  -1.11E-16
  2.410000000e-16
  -1.023000000e-16
  -3.608000000e-16
  5.229000000e-16
  -7.403300000e-17
  2.465000000e-16
  5.458000000e-01 5.925000000e-01 5.925000000e-01
  8.379000000e-01 -3.859000000e-01 -3.859000000e-01
  -4.975000000e-17 -7.071000000e-01 7.071000000e-01
 Node:         36
  0.1257E+03  0.1153E+03  0.5196E+03 -0.1625E-07
   0.0
  -5.551E-17
   0.0
  -5.551E-17
   8.327E-17
   0.0
  1.305000000e-16
  -4.723000000e-17
  -8.327000000e-17
  1.982200000e-16
  0.000000000e+00
  9.344300000e-17
  -5.155000000e-01 6.059000000e-01 6.059000000e-01
  8.569000000e-01 3.645000000e-01 3.645000000e-01
  -1.256000000e-16 7.071000000e-01 -7.071000000e-01
 Node:         37
  0.1132E+03  0.1210E+03  0.4959E+03 -0.1625E-07
  -2.22E-16
   1.388E-16
  -2.22E-16
  -8.327E-17
   1.804E-16
  -2.776E-16
  -4.482000000e-17
  -1.622000000e-16
  -5.146000000e-16
  4.234700000e-16
  -2.405400000e-16
  1.996300000e-16
  3.971000000e-01 7.887000000e-01 4.693000000e-01
  -7.874000000e-01 3.010000000e-02 6.157000000e-01
  4.715000000e-01 -6.140000000e-01 6.330000000e-01
 Node:         38
  0.1111E+03  0.1204E+03  0.5085E+03 -0.1625E-07
  -1.665E-16
   9.714E-17
   0.0
  -2.776E-17
  -8.327E-17
  -2.22E-16
  7.071000000e-17
  -2.091000000e-16
  -2.502000000e-16
  3.024600000e-16
  -1.295300000e-16
  1.425800000e-16
  -3.916000000e-01 -8.746000000e-01 2.859000000e-01
  9.154000000e-01 -3.389000000e-01 2.170000000e-01
  9.287000000e-02 -3.467000000e-01 -9.334000000e-01
 Node:         39
  0.1119E+03  0.1201E+03  0.5207E+03 -0.1625E-07
  -5.551E-17
  -9.714E-17
  -3.331E-16
  -8.327E-17
  -7.633E-17
  -1.11E-16
  8.934000000e-18
  -1.105000000e-16
  -3.981000000e-16
  3.623900000e-16
  -1.665600000e-16
  1.708300000e-16
  8.510000000e-01 -1.281000000e-01 -5.092000000e-01
  4.076000000e-01 -4.503000000e-01 7.944000000e-01
  -3.311000000e-01 -8.836000000e-01 -3.310000000e-01
 Node:         40
  0.1191E+03  0.1220E+03  0.4937E+03 -0.1625E-07
   0.0
   8.327E-17
  -2.22E-16
   8.327E-17
  -1.388E-17
  -2.22E-16
  4.872000000e-17
  -2.082000000e-16
  -2.846000000e-16
  3.024500000e-16
  -1.480300000e-16
  1.425700000e-16
  -9.240000000e-01 -2.703000000e-01 -2.703000000e-01
  0.000000000e+00 -7.071000000e-01 7.071000000e-01
  3.823000000e-01 -6.534000000e-01 -6.534000000e-01
 Node:         41
  0.1182E+03  0.1217E+03  0.5073E+03 -0.1625E-07
   0.0
  -2.776E-17
  -5.551E-17
   5.551E-17
   9.714E-17
   1.11E-16
  1.653000000e-16
  1.073000000e-17
  -1.206000000e-16
  2.478700000e-16
  1.847700000e-17
  1.168500000e-16
  2.406000000e-01 3.653000000e-01 8.993000000e-01
  -8.901000000e-01 4.526000000e-01 5.428000000e-02
  -3.871000000e-01 -8.135000000e-01 4.340000000e-01
 Node:         42
  0.1187E+03  0.1212E+03  0.5204E+03 -0.1625E-07
   0.0
  -5.551E-17
  -1.11E-16
   0.0
   5.551E-17
   1.11E-16
  1.256000000e-16
  1.887000000e-17
  -1.444000000e-16
  2.355300000e-16
  2.333300000e-20
  1.110300000e-16
  1.113000000e-01 -2.517000000e-01 -9.614000000e-01
  9.295000000e-01 -3.159000000e-01 1.903000000e-01
  -3.516000000e-01 -9.148000000e-01 1.988000000e-01
 Node:         43
  0.1258E+03  0.1217E+03  0.4915E+03 -0.1625E-07
   2.22E-16
   1.11E-16
   1.11E-16
  -1.388E-17
   0.0
  -5.551E-17
  2.911000000e-16
  4.294000000e-17
  -5.645000000e-17
  3.100400000e-16
  9.253000000e-17
  1.461600000e-16
  -8.507000000e-01 -5.246000000e-01 3.406000000e-02
  -5.213000000e-01 8.502000000e-01 7.348000000e-02
  6.751000000e-02 -4.475000000e-02 9.967000000e-01
 Node:         44
  0.1259E+03  0.1220E+03  0.5059E+03 -0.1625E-07
  -2.22E-16
   1.388E-16
  -2.22E-16
   9.714E-17
   1.11E-16
  -1.11E-16
  5.081000000e-17
  -2.445000000e-16
  -3.614000000e-16
  3.679600000e-16
  -1.850300000e-16
  1.734600000e-16
  -5.113000000e-01 -5.340000000e-01 -6.733000000e-01
  -5.198000000e-01 -4.318000000e-01 7.372000000e-01
  -6.844000000e-01 7.269000000e-01 -5.679000000e-02
 Node:         45
  0.1261E+03  0.1221E+03  0.5198E+03 -0.1625E-07
  -5.551E-17
  -8.327E-17
  -2.776E-16
   2.776E-17
  -6.939E-18
   1.11E-16
  1.167000000e-16
  -3.339000000e-17
  -3.053000000e-16
  3.705000000e-16
  -7.399700000e-17
  1.746600000e-16
  1.854000000e-01 -5.643000000e-02 9.810000000e-01
  9.302000000e-01 -3.117000000e-01 -1.938000000e-01
  -3.167000000e-01 -9.485000000e-01 5.308000000e-03
 Node:         46
  0.1117E+03  0.1296E+03  0.4959E+03  0.0000E+00
  -5.551E-17
   2.776E-17
  -1.665E-16
   6.939E-18
  -2.602E-17
   0.0
  4.101000000e-18
  -4.897000000e-17
  -1.772000000e-16
  1.614500000e-16
  -7.402300000e-17
  7.610600000e-17
  4.856000000e-02 -1.429000000e-01 9.886000000e-01
  9.724000000e-01 2.327000000e-01 -1.414000000e-02
  -2.280000000e-01 9.620000000e-01 1.502000000e-01
 Node:         47
  0.1107E+03  0.1269E+03  0.5087E+03  0.0000E+00
  -1.665E-16
  -3.123E-17
   1.11E-16
  -2.776E-17
   3.99E-17
   0.0
  1.289000000e-16
  -1.114000000e-17
  -1.732000000e-16
  2.618600000e-16
  -1.848000000e-17
  1.234400000e-16
  -1.292000000e-01 9.390000000e-01 3.186000000e-01
  -1.008000000e-01 -3.321000000e-01 9.379000000e-01
  -9.865000000e-01 -8.906000000e-02 -1.376000000e-01
 Node:         48
  0.1125E+03  0.1242E+03  0.5208E+03  0.0000E+00
   1.11E-16
   3.469E-18
   1.11E-16
   0.0
  -1.735E-18
   1.11E-16
  1.149000000e-16
  1.110000000e-16
  1.071000000e-16
  6.755000000e-18
  1.110000000e-16
  3.184300000e-18
  -6.325000000e-01 -7.071000000e-01 3.162000000e-01
  4.472000000e-01 -4.455000000e-15 8.944000000e-01
  -6.325000000e-01 7.071000000e-01 3.162000000e-01
 Node:         49
  0.1186E+03  0.1311E+03  0.4938E+03  0.0000E+00
  -1.665E-16
  -2.082E-17
   0.0
  -4.163E-17
  -6.072E-18
  -5.551E-17
  2.581000000e-18
  -4.165000000e-17
  -1.830000000e-16
  1.678900000e-16
  -7.402300000e-17
  7.914600000e-17
  1.174000000e-01 -9.929000000e-01 1.965000000e-02
  -3.135000000e-01 -1.827000000e-02 9.494000000e-01
  -9.423000000e-01 -1.176000000e-01 -3.134000000e-01
 Node:         50
  0.1180E+03  0.1298E+03  0.5075E+03  0.0000E+00
   0.0
  -1.301E-17
   3.331E-16
  -4.163E-17
   1.247E-17
   2.22E-16
  3.354000000e-16
  2.276000000e-16
  -7.879000000e-18
  3.040700000e-16
  1.850400000e-16
  1.433400000e-16
  5.441000000e-02 -9.902000000e-01 -1.289000000e-01
  -1.707000000e-01 -1.364000000e-01 9.758000000e-01
  9.838000000e-01 3.109000000e-02 1.765000000e-01
 Node:         51
  0.1192E+03  0.1275E+03  0.5206E+03  0.0000E+00
   0.0
  -3.469E-18
  -5.551E-17
   0.0
   1.475E-17
   1.11E-16
  1.123000000e-16
  2.087000000e-19
  -5.702000000e-17
  1.491800000e-16
  1.849600000e-17
  7.032400000e-17
  -2.705000000e-03 8.758000000e-02 9.962000000e-01
  9.982000000e-01 -6.004000000e-02 7.989000000e-03
  -6.051000000e-02 -9.943000000e-01 8.725000000e-02
 Node:         52
  0.1262E+03  0.1305E+03  0.4920E+03  0.0000E+00
   1.11E-16
  -1.388E-17
   1.11E-16
   1.301E-18
   4.906E-18
   0.0
  1.250000000e-16
  9.734000000e-17
  -2.497000000e-19
  1.139700000e-16
  7.403000000e-17
  5.372400000e-17
  -7.047000000e-01 7.092000000e-01 2.051000000e-02
  7.093000000e-01 7.034000000e-01 4.493000000e-02
  -1.744000000e-02 -4.621000000e-02 9.988000000e-01
 Node:         53
  0.1258E+03  0.1304E+03  0.5063E+03  0.0000E+00
  -1.665E-16
  -1.735E-18
  -1.11E-16
   2.776E-17
   3.383E-17
  -2.22E-16
  -1.010000000e-16
  -1.572000000e-16
  -2.414000000e-16
  1.223900000e-16
  -1.665300000e-16
  5.769700000e-17
  9.684000000e-02 9.526000000e-01 2.883000000e-01
  -9.346000000e-01 1.866000000e-01 -3.027000000e-01
  -3.422000000e-01 -2.402000000e-01 9.084000000e-01
 Node:         54
  0.1265E+03  0.1288E+03  0.5200E+03  0.0000E+00
  -2.22E-16
   2.082E-17
   1.11E-16
   0.0
  -4.337E-18
   1.11E-16
  1.160000000e-16
  1.073000000e-16
  -2.233000000e-16
  3.350300000e-16
  0.000000000e+00
  1.579400000e-16
  -4.656000000e-02 -7.562000000e-01 6.527000000e-01
  -4.117000000e-02 -6.514000000e-01 -7.576000000e-01
  -9.981000000e-01 6.215000000e-02 8.061000000e-04
 Node:         55
  0.1382E+03  0.1167E+03  0.4533E+03 -0.2009E-03
  -0.009059
  -0.001439
   0.007213
   4.117E-4
   0.002229
   0.004703
  6.725800000e-02
  2.788700000e-02
  -5.951700000e-02
  1.126000000e-01
  1.187600000e-02
  5.308100000e-02
  -3.484500000e-02 5.066600000e-01 3.318600000e-01
  -1.429800000e-01 2.611100000e-01 -5.564100000e-01
  -8.932100000e-01 -5.138200000e-02 -7.364400000e-02
 Node:         56
  0.1314E+03  0.1156E+03  0.4686E+03 -0.2009E-03
  -0.009643
   6.336E-4
   0.004037
   0.002681
  -2.113E-5
   3.729E-4
  2.759800000e-02
  7.861500000e-03
  -6.712900000e-02
  8.610700000e-02
  -1.055600000e-02
  4.059100000e-02
  -1.836200000e-02 -7.419500000e-01 4.915200000e-03
  9.726600000e-02 -9.889800000e-02 6.970400000e-01
  -1.103300000e+00 6.804900000e-02 1.452300000e-01
 Node:         57
  0.1285E+03  0.1140E+03  0.4823E+03 -0.2009E-03
  -0.002268
   0.001123
  -2.657E-4
   8.672E-4
  -5.852E-4
  -3.256E-4
  1.429200000e-03
  -4.752600000e-04
  -2.132800000e-02
  2.147900000e-02
  -6.791400000e-03
  1.012500000e-02
  -1.158100000e-01 -1.066500000e+00 5.124000000e-01
  4.685700000e-01 2.896900000e-01 9.410800000e-01
  -1.010200000e+00 4.570300000e-01 2.763800000e-01
 Node:         58
  0.1480E+03  0.1173E+03  0.4540E+03 -0.2009E-03
  -0.009081
  -0.003821
   0.01206
  -6.408E-4
   0.001847
   0.00122
  1.055300000e-01
  8.245200000e-03
  -6.798300000e-02
  1.512200000e-01
  1.526500000e-02
  7.128400000e-02
  1.349900000e-01 -9.003000000e-01 -1.523400000e-01
  -1.003300000e-01 -2.628000000e-01 1.105300000e+00
  -8.795600000e-01 -1.285900000e-01 -1.557400000e-01
 Node:         59
  0.1417E+03  0.1164E+03  0.4696E+03 -0.2009E-03
  -0.009088
  -0.002686
   0.008977
   0.001503
   5.692E-4
  -0.00152
  6.942300000e-02
  -9.969000000e-03
  -6.768200000e-02
  1.196100000e-01
  -2.742800000e-03
  5.638300000e-02
  8.850100000e-04 4.829500000e-01 -2.330100000e-02
  8.780200000e-02 -1.368100000e-01 1.123700000e+00
  -6.947000000e-01 -6.772400000e-02 -4.454500000e-03
 Node:         60
  0.1375E+03  0.1149E+03  0.4832E+03 -0.2009E-03
  -0.002031
  -1.855E-4
   0.001222
   9.548E-4
  -3.296E-4
  -6.021E-4
  8.117300000e-03
  -1.893100000e-03
  -1.648500000e-02
  2.120500000e-02
  -3.420200000e-03
  9.996000000e-03
  -8.062200000e-02 9.970000000e-01 -2.668600000e-01
  -3.710400000e-01 -3.209500000e-01 -4.926400000e-01
  -6.496800000e-01 4.894100000e-02 3.426700000e-01
 Node:         61
  0.1551E+03  0.1213E+03  0.4546E+03 -0.2009E-03
  -0.003949
  -0.003442
   0.005701
  -0.003153
   0.004266
  -0.009155
  7.884900000e-02
  -3.961100000e-02
  -8.102800000e-02
  1.436000000e-01
  -1.393000000e-02
  6.769400000e-02
  -2.746400000e-01 7.126300000e-01 1.966300000e-01
  7.614500000e-01 2.438600000e-01 -2.171500000e-01
  3.250500000e-01 -1.669400000e-01 7.335500000e-01
 Node:         62
  0.1491E+03  0.1198E+03  0.4705E+03 -0.2009E-03
  -0.001019
  -0.004624
   0.006465
  -1.909E-4
   0.001816
  -0.009232
  7.409200000e-02
  -2.721900000e-02
  -7.060800000e-02
  1.285200000e-01
  -7.911600000e-03
  6.058300000e-02
  -1.514100000e-01 5.220000000e-01 1.463900000e-02
  9.983700000e-01 5.018100000e-01 -5.290300000e-03
  -5.589400000e-02 -8.932500000e-02 2.916400000e-01
 Node:         63
  0.1436E+03  0.1181E+03  0.4839E+03 -0.2009E-03
   7.412E-4
  -0.001185
   0.001298
   5.482E-4
  -5.089E-4
  -0.001771
  1.818900000e-02
  -2.056900000e-03
  -1.280000000e-02
  2.731700000e-02
  1.110600000e-03
  1.287800000e-02
  -2.190100000e-01 2.719300000e-01 -1.267000000e-01
  9.293900000e-01 7.002300000e-01 1.645500000e-01
  1.265900000e-01 -1.060900000e-02 -9.881100000e-02
 Node:         64
  0.1412E+03  0.1253E+03  0.4532E+03 -0.2009E-03
  -0.005351
   0.001889
   0.006293
  -0.001702
   0.00121
  -0.001059
  5.198400000e-02
  -2.488600000e-03
  -4.849600000e-02
  8.677500000e-02
  3.331000000e-04
  4.090600000e-02
  1.338800000e-01 1.030300000e+00 1.378500000e-01
  4.057500000e-01 1.027600000e-01 -1.154300000e+00
  -8.831000000e-01 1.171500000e-01 -2.879800000e-01
 Node:         65
  0.1340E+03  0.1229E+03  0.4686E+03 -0.2009E-03
  -0.004969
   9.851E-4
   0.005675
  -3.384E-4
   4.217E-4
  -8.307E-4
  4.209800000e-02
  -5.427800000e-03
  -3.560300000e-02
  6.787200000e-02
  3.557600000e-04
  3.199500000e-02
  -1.192400000e-01 -5.948400000e-01 -3.083600000e-02
  -6.912700000e-02 -2.250300000e-02 7.647500000e-01
  -7.662800000e-01 6.776700000e-02 -6.014300000e-02
 Node:         66
  0.1299E+03  0.1214E+03  0.4825E+03 -0.2009E-03
  -7.609E-4
   1.535E-4
   8.737E-4
   3.799E-4
  -2.692E-4
  -2.496E-4
  6.248000000e-03
  -6.856900000e-04
  -5.544800000e-03
  1.032900000e-02
  5.818800000e-06
  4.869300000e-03
  -1.056100000e-02 -3.698500000e-01 7.582900000e-02
  2.959600000e-01 3.593400000e-02 5.752700000e-01
  6.571200000e-01 -1.153500000e-01 -5.481200000e-01
 Node:         67
  0.1498E+03  0.1240E+03  0.4539E+03 -0.2009E-03
  -0.005695
  -0.001954
   0.005387
  -0.001451
   6.726E-4
   8.425E-4
  5.052400000e-02
  1.317200000e-02
  -4.626700000e-02
  8.530300000e-02
  5.809900000e-03
  4.021200000e-02
  5.609500000e-03 -1.722600000e-02 -2.366600000e-02
  -2.799900000e-01 -3.073200000e-01 1.086100000e+00
  -9.524500000e-01 -1.457900000e-01 -1.893500000e-01
 Node:         68
  0.1431E+03  0.1222E+03  0.4695E+03 -0.2009E-03
  -0.004894
  -0.003323
   0.005972
  -6.087E-4
   8.959E-4
   3.863E-4
  5.630200000e-02
  2.723500000e-03
  -4.014400000e-02
  8.444200000e-02
  6.293600000e-03
  3.980600000e-02
  1.606300000e-01 -4.904900000e-01 -8.641300000e-02
  -1.388100000e-01 -3.234300000e-01 1.133400000e+00
  -4.725200000e-01 -1.033400000e-01 -7.636000000e-02
 Node:         69
  0.1379E+03  0.1205E+03  0.4831E+03 -0.2009E-03
  -6.868E-4
  -9.342E-4
   0.001628
   1.994E-4
   1.253E-4
  -9.949E-5
  1.505300000e-02
  -4.958400000e-04
  -6.094100000e-03
  1.908700000e-02
  2.821000000e-03
  8.997900000e-03
  -3.511100000e-01 9.539400000e-01 2.646000000e-02
  1.016900000e-01 -1.260800000e-01 1.116400000e+00
  9.450000000e-01 4.392200000e-01 -2.845500000e-01
 Node:         70
  0.1554E+03  0.1233E+03  0.4546E+03 -0.2009E-03
  -0.004233
  -0.002343
  -5.153E-4
  -0.002721
   0.001931
   0.006488
  6.322800000e-02
  -5.178200000e-04
  -4.438600000e-02
  9.355100000e-02
  6.108200000e-03
  4.410000000e-02
  -4.755200000e-02 6.250700000e-02 8.237500000e-02
  1.508900000e-01 -1.033400000e+00 4.812200000e-01
  -1.304800000e-03 4.557000000e-02 -1.056100000e-01
 Node:         71
  0.1492E+03  0.1217E+03  0.4704E+03 -0.2009E-03
  -0.002906
  -0.005078
   0.003343
  -0.00245
   0.002651
   0.002318
  6.961600000e-02
  1.102900000e-04
  -4.135700000e-02
  9.761000000e-02
  9.456500000e-03
  4.601400000e-02
  -2.637400000e-01 5.489800000e-01 3.960800000e-01
  2.417200000e-02 -7.031400000e-01 9.367900000e-01
  9.264100000e-01 4.854200000e-01 9.980100000e-02
 Node:         72
  0.1435E+03  0.1199E+03  0.4838E+03 -0.2009E-03
  -1.894E-4
  -0.001774
   0.001459
  -2.446E-4
   5.085E-4
   8.436E-5
  2.168500000e-02
  -6.609800000e-04
  -7.952800000e-03
  2.683300000e-02
  4.357200000e-03
  1.264900000e-02
  -5.359300000e-01 8.295900000e-01 2.166100000e-01
  4.177600000e-02 -4.067100000e-01 1.097500000e+00
  8.964200000e-01 6.447200000e-01 1.743100000e-02
 Node:         73
  0.1443E+03  0.1339E+03  0.4531E+03  0.0000E+00
   0.001551
  -0.001199
  -0.004879
   7.508E-4
  -6.739E-4
   0.004615
  3.436800000e-02
  1.590000000e-02
  -3.978400000e-02
  6.700800000e-02
  3.494600000e-03
  3.158800000e-02
  3.039800000e-01 -5.463300000e-02 5.832800000e-01
  3.875800000e-01 -5.343700000e-02 -1.357600000e-01
  -8.642800000e-02 -5.881800000e-01 -2.334100000e-02
 Node:         74
  0.1366E+03  0.1303E+03  0.4687E+03  0.0000E+00
   0.004019
  -0.001879
  -0.002838
   3.832E-5
  -0.001319
   0.002477
  3.693500000e-02
  2.104900000e-02
  -2.492300000e-02
  5.521300000e-02
  1.102000000e-02
  2.602800000e-02
  3.734000000e-01 -1.121600000e-01 1.069600000e-01
  -2.149800000e-01 -1.603200000e-01 8.638800000e-01
  -9.474200000e-02 -3.864900000e-01 -5.975000000e-02
 Node:         75
  0.1313E+03  0.1288E+03  0.4827E+03  0.0000E+00
   0.001203
  -7.999E-4
  -4.706E-4
  -5.254E-4
  -2.7E-4
   1.084E-4
  1.294900000e-02
  1.541400000e-03
  -5.604900000e-03
  1.620900000e-02
  2.962000000e-03
  7.640800000e-03
  -9.385800000e-01 3.188000000e-01 2.299700000e-01
  9.998600000e-02 -4.621900000e-01 9.030300000e-01
  3.776700000e-01 7.647700000e-01 3.939300000e-01
 Node:         76
  0.1516E+03  0.1307E+03  0.4538E+03  0.0000E+00
   0.001864
  -0.001557
  -0.007225
   7.886E-5
   0.001761
   0.007588
  5.314400000e-02
  1.957100000e-02
  -5.829600000e-02
  9.890900000e-02
  4.806400000e-03
  4.662600000e-02
  1.148700000e-01 3.092800000e-03 9.819100000e-02
  1.025900000e+00 -1.764600000e-01 -1.823900000e-02
  1.163000000e-01 7.103700000e-01 -7.475400000e-02
 Node:         77
  0.1445E+03  0.1280E+03  0.4695E+03  0.0000E+00
   0.006086
  -7.666E-4
  -0.003906
  -6.882E-4
   0.001195
   0.003034
  5.308000000e-02
  2.241600000e-02
  -3.187300000e-02
  7.387600000e-02
  1.454100000e-02
  3.482500000e-02
  -9.837400000e-01 1.028700000e-01 1.749900000e-01
  1.890500000e-01 1.631800000e-01 9.690800000e-01
  1.865200000e-02 -1.614900000e-01 2.185100000e-02
 Node:         78
  0.1384E+03  0.1261E+03  0.4830E+03  0.0000E+00
   0.002473
  -1.292E-4
  -3.831E-4
  -5.632E-4
  -1.065E-4
   3.098E-5
  2.196500000e-02
  3.052300000e-04
  -2.754900000e-03
  2.334000000e-02
  6.505100000e-03
  1.100200000e-02
  -9.910700000e-01 2.652700000e-02 1.681300000e-01
  1.028300000e-01 -1.679200000e-01 4.188200000e-01
  -5.621800000e-02 -1.774500000e-01 -1.544500000e-01
 Node:         79
  0.1556E+03  0.1254E+03  0.4545E+03  0.0000E+00
   0.002254
   0.00323
   0.005389
   0.001653
   1.187E-4
  -0.01613
  6.830900000e-02
  2.414100000e-03
  -1.673400000e-01
  2.098600000e-01
  -3.220500000e-02
  9.893100000e-02
  5.119200000e-01 9.281200000e-01 7.434900000e-02
  8.199300000e-02 -2.854100000e-03 -4.796600000e-02
  -6.080500000e-02 6.966700000e-02 1.121700000e+00
 Node:         80
  0.1494E+03  0.1237E+03  0.4704E+03  0.0000E+00
   0.006539
   0.002944
   0.002964
  -7.447E-5
  -4.752E-4
  -0.01371
  7.022000000e-02
  1.120200000e-02
  -1.399000000e-01
  1.866200000e-01
  -1.949200000e-02
  8.797400000e-02
  1.129100000e+00 5.158000000e-01 2.654500000e-02
  -4.921000000e-01 9.763200000e-01 -1.551800000e-01
  -2.853200000e-02 1.489600000e-01 1.104400000e+00
 Node:         81
  0.1433E+03  0.1217E+03  0.4837E+03  0.0000E+00
   0.002749
   5.715E-4
   2.124E-4
  -5.427E-4
  -1.225E-4
  -0.001934
  2.433200000e-02
  4.647100000e-04
  -1.927500000e-02
  3.777500000e-02
  1.840600000e-03
  1.780700000e-02
  -9.832400000e-01 -1.931400000e-01 9.307900000e-02
  -1.762300000e-01 1.082600000e+00 -1.217000000e-01
  3.923400000e-02 1.378300000e-01 1.094200000e+00
 Node:         82
  0.1267E+03  0.1148E+03  0.4562E+03 -0.3207E-02
  -0.003085
  -2.566E-4
   0.002476
   7.384E-4
   0.00185
   5.319E-4
  2.667600000e-02
  -1.810100000e-03
  -2.546400000e-02
  4.503800000e-02
  -1.994700000e-04
  2.123100000e-02
  9.084400000e-02 8.999600000e-01 5.830600000e-01
  -2.756400000e-01 5.880600000e-01 -8.895800000e-01
  4.292800000e-01 -1.798400000e-02 -1.660800000e-01
 Node:         83
  0.1234E+03  0.1129E+03  0.4719E+03 -0.3207E-02
  -0.003984
   4.944E-4
   0.001226
   0.003837
   8.12E-4
  -0.002749
  1.122300000e-02
  -5.717500000e-04
  -4.831300000e-02
  5.432500000e-02
  -1.255400000e-02
  2.560900000e-02
  4.089500000e-01 8.137700000e-01 4.087500000e-01
  -5.882400000e-01 6.104000000e-01 -7.149900000e-01
  -9.050400000e-01 -1.027900000e-01 6.767900000e-01
 Node:         84
  0.1187E+03  0.1123E+03  0.4849E+03 -0.3207E-02
  -5.607E-4
   1.338E-4
   8.976E-5
   0.001418
  -6.26E-5
  -0.002521
  1.110100000e-03
  3.021800000e-04
  -2.223100000e-02
  2.280100000e-02
  -6.939600000e-03
  1.074900000e-02
  -7.813400000e-01 -6.102500000e-01 -5.166800000e-01
  5.265900000e-01 -9.784100000e-01 3.065500000e-01
  5.874100000e-01 9.297400000e-03 -9.925900000e-01
 Node:         85
  0.1302E+03  0.1161E+03  0.4550E+03 -0.3207E-02
  -0.003963
  -1.517E-4
   0.003014
   8.845E-4
   0.002831
   0.001907
  3.779800000e-02
  -1.841100000e-03
  -2.767500000e-02
  5.700300000e-02
  2.760600000e-03
  2.687200000e-02
  1.226200000e-01 6.386600000e-01 5.254600000e-01
  -3.145400000e-01 4.116800000e-01 -6.067300000e-01
  1.150200000e-01 8.762500000e-02 -2.163500000e-01
 Node:         86
  0.1252E+03  0.1138E+03  0.4702E+03 -0.3207E-02
  -0.003042
   0.002025
   0.005297
   0.007317
   0.003183
  -0.001264
  6.344300000e-02
  1.064500000e-02
  -5.967300000e-02
  1.068400000e-01
  4.805000000e-03
  5.036400000e-02
  -5.020500000e-01 -8.047000000e-01 -5.458700000e-01
  6.298700000e-01 -7.041200000e-01 5.448600000e-01
  7.646000000e-01 2.154000000e-02 -8.215800000e-01
 Node:         87
  0.1217E+03  0.1126E+03  0.4834E+03 -0.3207E-02
  -0.001113
   7.871E-5
   2.205E-4
   0.001838
  -2.879E-4
  -0.002323
  1.754200000e-03
  7.935100000e-04
  -2.492800000e-02
  2.594800000e-02
  -7.460000000e-03
  1.223200000e-02
  -5.090200000e-01 8.530700000e-01 -5.704600000e-01
  7.129500000e-01 8.509800000e-01 4.089300000e-01
  5.663800000e-01 -1.273900000e-01 -9.891000000e-01
 Node:         88
  0.1338E+03  0.1169E+03  0.4534E+03 -0.3207E-02
  -0.006577
  -9.806E-4
   0.002443
   8.556E-4
   0.003587
   0.004132
  5.253900000e-02
  -6.049400000e-04
  -4.526900000e-02
  8.465900000e-02
  2.221400000e-03
  3.990900000e-02
  8.987800000e-02 6.187500000e-01 8.504100000e-01
  -2.878400000e-01 8.654800000e-01 -7.177300000e-01
  7.940700000e-01 1.632800000e-01 -1.492500000e-01
 Node:         89
  0.1270E+03  0.1150E+03  0.4686E+03 -0.3207E-02
  -0.007869
   0.001035
   0.001518
   0.00335
   0.001005
  -7.815E-4
  1.470500000e-02
  -2.148600000e-03
  -5.966600000e-02
  6.694800000e-02
  -1.570300000e-02
  3.156000000e-02
  3.616100000e-01 7.682700000e-01 4.916200000e-01
  -2.713400000e-01 6.590100000e-01 -8.578700000e-01
  -1.128500000e+00 -2.960800000e-02 3.466300000e-01
 Node:         90
  0.1248E+03  0.1132E+03  0.4822E+03 -0.3207E-02
  -0.001954
   0.001118
  -5.025E-4
   9.944E-4
  -5.443E-4
  -5.739E-4
  -8.267600000e-05
  -4.384200000e-04
  -2.092500000e-02
  2.036400000e-02
  -7.148800000e-03
  9.599500000e-03
  6.103100000e-01 9.322700000e-01 -1.086800000e-01
  2.579900000e-01 -8.801400000e-02 5.640600000e-01
  -9.875000000e-01 4.049000000e-01 4.159000000e-01
 Node:         91
  0.1259E+03  0.1262E+03  0.4551E+03 -0.3207E-02
  -0.003693
   0.002893
   0.00554
  -3.285E-4
   0.002905
   2.057E-4
  5.404100000e-02
  -3.003000000e-03
  -3.028100000e-02
  7.450000000e-02
  6.919100000e-03
  3.512000000e-02
  -1.031300000e-01 -4.140000000e-01 -1.600700000e-01
  -2.643700000e-01 -2.066000000e-01 6.342700000e-01
  -4.283600000e-01 2.352200000e-01 -1.147500000e-01
 Node:         92
  0.1209E+03  0.1233E+03  0.4726E+03 -0.3207E-02
  -0.004768
   8.408E-4
   0.003515
   9.962E-4
   0.002163
   0.001589
  3.432300000e-02
  2.335000000e-03
  -3.086600000e-02
  5.644500000e-02
  1.930500000e-03
  2.660900000e-02
  -1.013100000e-02 -8.265700000e-01 -5.657800000e-01
  5.535100000e-02 -4.537600000e-01 6.774500000e-01
  -1.110700000e+00 -1.998600000e-02 4.621700000e-02
 Node:         93
  0.1159E+03  0.1217E+03  0.4877E+03 -0.3207E-02
  -7.685E-4
  -2.297E-4
   3.073E-4
   7.746E-4
   6.618E-4
  -4.402E-4
  3.866400000e-03
  -2.642500000e-04
  -9.429300000e-03
  1.166800000e-02
  -1.942400000e-03
  5.500300000e-03
  2.294200000e-01 6.017700000e-01 3.281500000e-01
  -4.784500000e-01 4.351600000e-01 -3.499900000e-01
  -4.748800000e-01 -1.614200000e-01 5.186500000e-01
 Node:         94
  0.1313E+03  0.1264E+03  0.4542E+03 -0.3207E-02
  -0.004408
   0.002747
   0.006054
  -0.001597
   0.002661
   0.002399
  5.788800000e-02
  1.515000000e-02
  -3.699400000e-02
  8.222500000e-02
  1.201500000e-02
  3.876100000e-02
  1.634200000e-01 9.576500000e-01 4.514400000e-01
  4.219300000e-01 3.909300000e-01 -1.113900000e+00
  1.134500000e+00 -2.519100000e-01 3.319700000e-01
 Node:         95
