 Group name: predicted_strain_L5A2
 #Fields=  17
 1) coordinates, coordinate, rectangular cartesian, #Components=3
   x.  Value index= 1, #Derivatives=0
   y.  Value index= 2, #Derivatives=0
   z.  Value index= 3, #Derivatives=0
 2) dummy, field, rectangular cartesian, #Components=1
   Tensor_1.  Value index= 4, #Derivatives=0
 3) Tensor_1, field, rectangular cartesian, #Components=1
   Tensor_1.  Value index= 5, #Derivatives=0
 4) Tensor_2, field, rectangular cartesian, #Components=1
   Tensor_2.  Value index= 6, #Derivatives=0
 5) Tensor_3, field, rectangular cartesian, #Components=1
   Tensor_3.  Value index= 7, #Derivatives=0
 6) Tensor_4, field, rectangular cartesian, #Components=1
   Tensor_4.  Value index= 8, #Derivatives=0
 7) Tensor_5, field, rectangular cartesian, #Components=1
   Tensor_5.  Value index= 9, #Derivatives=0
 8) Tensor_6, field, rectangular cartesian, #Components=1
   Tensor_6.  Value index= 10, #Derivatives=0
 9) Principal_1, field, rectangular cartesian, #Components=1
   Principal_1.  Value index= 11, #Derivatives=0
 10) Principal_2, field, rectangular cartesian, #Components=1
   Principal_2.  Value index= 12, #Derivatives=0
 11) Principal_3, field, rectangular cartesian, #Components=1
   Principal_3.  Value index= 13, #Derivatives=0
 12) VonMises, field, rectangular cartesian, #Components=1
   VonMises.  Value index= 14, #Derivatives=0
 13) Hydrostatic, field, rectangular cartesian, #Components=1
   VonMises.  Value index= 15, #Derivatives=0
 14) Octahedral, field, rectangular cartesian, #Components=1
   VonMises.  Value index= 16, #Derivatives=0
 15) PrincipalVector1, field, rectangular cartesian, #Components=3
   x.  Value index= 17, #Derivatives=0
   y.  Value index= 18, #Derivatives=0
   z.  Value index= 19, #Derivatives=0
 16) PrincipalVector2, field, rectangular cartesian, #Components=3
   x.  Value index= 20, #Derivatives=0
   y.  Value index= 21, #Derivatives=0
   z.  Value index= 22, #Derivatives=0
 17) PrincipalVector3, field, rectangular cartesian, #Components=3
   x.  Value index= 23, #Derivatives=0
   y.  Value index= 24, #Derivatives=0
   z.  Value index= 25, #Derivatives=0
 Node:          1
  0.1287E+03  0.1133E+03  0.4908E+03 -0.3432E-04
  -1.11E-16
  -8.327E-17
  -2.22E-16
  -2.776E-17
  -4.163E-17
  -3.331E-16
  -6.637000000e-17
  -2.400000000e-16
  -3.598000000e-16
  2.555400000e-16
  -2.220600000e-16
  1.204600000e-16
  8.837000000e-01 -4.676000000e-01 -1.897000000e-02
  4.046000000e-01 7.837000000e-01 -4.712000000e-01
  2.352000000e-01 4.088000000e-01 8.818000000e-01
 Node:          2
  0.1292E+03  0.1137E+03  0.5052E+03 -0.3432E-04
  -5.551E-17
  -1.11E-16
  -1.665E-16
  -5.551E-17
   1.943E-16
  -2.776E-16
  8.603000000e-17
  -1.600000000e-16
  -4.256000000e-16
  4.431900000e-16
  -1.665200000e-16
  2.089200000e-16
  -6.554000000e-01 6.199000000e-01 4.313000000e-01
  7.522000000e-01 4.849000000e-01 4.462000000e-01
  -6.744000000e-02 -6.169000000e-01 7.841000000e-01
 Node:          3
  0.1289E+03  0.1155E+03  0.5194E+03 -0.3432E-04
   2.22E-16
   1.388E-16
   3.331E-16
   1.11E-16
   5.551E-17
   2.22E-16
  4.753000000e-16
  2.118000000e-16
  9.006000000e-17
  3.410700000e-16
  2.590500000e-16
  1.607800000e-16
  -5.696000000e-01 -7.144000000e-01 -4.063000000e-01
  2.395000000e-01 -6.172000000e-01 7.494000000e-01
  -7.862000000e-01 3.296000000e-01 5.227000000e-01
 Node:          4
  0.1361E+03  0.1141E+03  0.4915E+03 -0.3432E-04
   0.0
  -2.776E-17
  -1.11E-16
  -2.776E-17
  -8.327E-17
   2.22E-16
  2.435000000e-16
  6.328000000e-18
  -1.388000000e-16
  3.342600000e-16
  3.700900000e-17
  1.575700000e-16
  -8.549000000e-02 -2.215000000e-01 9.714000000e-01
  9.681000000e-01 -2.491000000e-01 2.840000000e-02
  2.357000000e-01 9.428000000e-01 2.357000000e-01
 Node:          5
  0.1341E+03  0.1144E+03  0.5054E+03 -0.3432E-04
   3.331E-16
   1.388E-16
   3.331E-16
   5.551E-17
  -6.939E-17
   4.441E-16
  4.814000000e-16
  4.627000000e-16
  1.662000000e-16
  3.062800000e-16
  3.701000000e-16
  1.443800000e-16
  -3.480000000e-01 -6.443000000e-01 6.810000000e-01
  -6.589000000e-01 -3.487000000e-01 -6.665000000e-01
  6.669000000e-01 -6.807000000e-01 -3.032000000e-01
 Node:          6
  0.1323E+03  0.1162E+03  0.5191E+03 -0.3432E-04
   2.22E-16
   5.551E-17
   2.22E-16
  -5.551E-17
  -2.776E-17
   0.0
  2.897000000e-16
  1.685000000e-16
  -1.402000000e-17
  2.648100000e-16
  1.480600000e-16
  1.248300000e-16
  -7.150000000e-01 -6.696000000e-01 2.012000000e-01
  6.656000000e-01 -7.399000000e-01 -9.741000000e-02
  -2.141000000e-01 -6.426000000e-02 -9.747000000e-01
 Node:          7
  0.1408E+03  0.1171E+03  0.4920E+03 -0.3432E-04
   3.331E-16
   2.22E-16
   2.22E-16
  -8.327E-17
  -1.11E-16
   0.0
  5.398000000e-16
  6.158000000e-17
  -4.631000000e-17
  5.403100000e-16
  1.850200000e-16
  2.547000000e-16
  -7.537000000e-01 -6.111000000e-01 2.419000000e-01
  -6.560000000e-01 6.770000000e-01 -3.335000000e-01
  -4.004000000e-02 4.101000000e-01 9.112000000e-01
 Node:          8
  0.1367E+03  0.1169E+03  0.5055E+03 -0.3432E-04
   2.22E-16
   1.943E-16
   2.22E-16
  -4.025E-16
  -2.359E-16
  -2.22E-16
  6.547000000e-16
  4.477000000e-17
  -4.775000000e-16
  9.814900000e-16
  7.399000000e-17
  4.626800000e-16
  -6.847000000e-01 -5.611000000e-01 4.652000000e-01
  5.685000000e-01 -8.105000000e-01 -1.409000000e-01
  -4.561000000e-01 -1.681000000e-01 -8.739000000e-01
 Node:          9
  0.1339E+03  0.1180E+03  0.5191E+03 -0.3432E-04
   2.22E-16
   1.665E-16
   0.0
  -3.955E-16
  -2.776E-16
   6.661E-16
  1.002000000e-15
  -9.379000000e-18
  -1.046000000e-16
  1.062200000e-15
  2.960100000e-16
  5.007200000e-16
  -4.817000000e-01 -3.073000000e-01 8.207000000e-01
  -8.565000000e-01 -3.292000000e-02 -5.150000000e-01
  -1.853000000e-01 9.510000000e-01 2.474000000e-01
 Node:         10
  0.1294E+03  0.1212E+03  0.4911E+03 -0.3432E-04
   0.0
   2.776E-17
   1.11E-16
  -1.388E-17
   1.249E-16
   1.11E-16
  2.363000000e-16
  2.303000000e-17
  -3.732000000e-17
  2.489900000e-16
  7.400300000e-17
  1.173800000e-16
  4.210000000e-02 7.100000000e-01 7.030000000e-01
  -7.813000000e-01 -4.152000000e-01 4.661000000e-01
  -6.228000000e-01 5.688000000e-01 -5.372000000e-01
 Node:         11
  0.1295E+03  0.1214E+03  0.5055E+03 -0.3432E-04
  -2.22E-16
  -2.776E-17
  -2.22E-16
  -4.163E-17
   1.388E-17
  -1.665E-16
  -1.365000000e-16
  -2.183000000e-16
  -2.558000000e-16
  1.056600000e-16
  -2.035300000e-16
  4.981100000e-17
  -4.935000000e-01 2.929000000e-01 8.189000000e-01
  3.541000000e-01 -7.924000000e-01 4.968000000e-01
  -7.944000000e-01 -5.351000000e-01 -2.873000000e-01
 Node:         12
  0.1295E+03  0.1217E+03  0.5196E+03 -0.3432E-04
   1.11E-16
   0.0
   1.11E-16
   7.633E-17
   2.776E-17
   2.22E-16
  2.649000000e-16
  1.110000000e-16
  6.816000000e-17
  1.792000000e-16
  1.480200000e-16
  8.447700000e-17
  -4.387000000e-01 -1.595000000e-01 -8.844000000e-01
  3.417000000e-01 -9.398000000e-01 -2.255000000e-17
  8.311000000e-01 3.022000000e-01 -4.668000000e-01
 Node:         13
  0.1361E+03  0.1199E+03  0.4914E+03 -0.3432E-04
   1.11E-16
  -1.388E-16
   0.0
  -9.714E-17
   2.776E-17
  -1.665E-16
  2.285000000e-16
  -8.520000000e-17
  -1.988000000e-16
  3.833400000e-16
  -1.850000000e-17
  1.807100000e-16
  8.171000000e-01 -5.252000000e-01 -2.378000000e-01
  4.648000000e-01 8.442000000e-01 -2.671000000e-01
  3.410000000e-01 1.077000000e-01 9.339000000e-01
 Node:         14
  0.1342E+03  0.1198E+03  0.5054E+03 -0.3432E-04
  -5.551E-17
   2.776E-17
   0.0
   5.551E-17
  -9.021E-17
   1.11E-16
  1.672000000e-16
  -4.940000000e-18
  -1.068000000e-16
  2.398800000e-16
  1.848700000e-17
  1.130800000e-16
  1.634000000e-01 -4.472000000e-01 8.794000000e-01
  -6.569000000e-01 -7.144000000e-01 -2.412000000e-01
  -7.361000000e-01 5.382000000e-01 4.105000000e-01
 Node:         15
  0.1330E+03  0.1205E+03  0.5193E+03 -0.3432E-04
   2.22E-16
  -8.327E-17
  -5.551E-17
   1.388E-17
   4.857E-17
   0.0
  2.451000000e-16
  2.471000000e-17
  -1.033000000e-16
  3.052400000e-16
  5.550300000e-17
  1.438900000e-16
  -9.638000000e-01 2.667000000e-01 -1.723000000e-03
  1.157000000e-01 4.239000000e-01 8.983000000e-01
  2.403000000e-01 8.656000000e-01 -4.394000000e-01
 Node:         16
  0.1404E+03  0.1188E+03  0.4918E+03 -0.3432E-04
   2.22E-16
   5.551E-17
   2.22E-16
  -8.327E-17
  -1.457E-16
   4.441E-16
  5.466000000e-16
  1.950000000e-16
  1.465000000e-16
  3.781900000e-16
  2.960300000e-16
  1.782800000e-16
  -2.927000000e-01 -4.328000000e-01 8.526000000e-01
  -9.222000000e-01 -1.077000000e-01 -3.713000000e-01
  -2.526000000e-01 8.950000000e-01 3.676000000e-01
 Node:         17
  0.1365E+03  0.1184E+03  0.5055E+03 -0.3432E-04
  -1.11E-16
   2.776E-17
  -1.11E-16
   9.714E-17
   1.7E-16
   0.0
  1.573000000e-16
  -1.341000000e-16
  -2.452000000e-16
  3.600400000e-16
  -7.400000000e-17
  1.697300000e-16
  3.368000000e-01 5.285000000e-01 7.792000000e-01
  8.927000000e-01 -4.425000000e-01 -8.566000000e-02
  -2.996000000e-01 -7.244000000e-01 6.209000000e-01
 Node:         18
  0.1341E+03  0.1191E+03  0.5192E+03 -0.3432E-04
   0.0
   0.0
   0.0
   2.645E-17
   1.065E-16
   4.441E-16
  4.697000000e-16
  -1.672000000e-33
  -2.562000000e-17
  4.830200000e-16
  1.480300000e-16
  2.277000000e-16
  -5.484000000e-02 -2.207000000e-01 -9.738000000e-01
  9.705000000e-01 -2.411000000e-01 -6.210000000e-17
  -2.348000000e-01 -9.451000000e-01 2.274000000e-01
 Node:         19
  0.1301E+03  0.1291E+03  0.4914E+03  0.0000E+00
   1.11E-16
   0.0
   1.11E-16
   2.101E-19
   1.001E-17
  -2.22E-16
  1.113000000e-16
  1.110000000e-16
  -2.223000000e-16
  3.334500000e-16
  0.000000000e+00
  1.571900000e-16
  -2.096000000e-02 -9.993000000e-01 -3.003000000e-02
  9.998000000e-01 -2.097000000e-02 1.345000000e-19
  6.298000000e-04 3.003000000e-02 -9.995000000e-01
 Node:         20
  0.1299E+03  0.1291E+03  0.5058E+03  0.0000E+00
   2.22E-16
   0.0
   0.0
   1.041E-17
   1.924E-17
  -5.551E-17
  2.224000000e-16
  5.975000000e-18
  -6.188000000e-17
  2.571600000e-16
  5.549800000e-17
  1.212200000e-16
  -9.993000000e-01 -3.257000000e-03 -3.765000000e-02
  1.428000000e-02 -9.549000000e-01 -2.965000000e-01
  -3.498000000e-02 -2.968000000e-01 9.543000000e-01
 Node:         21
  0.1301E+03  0.1280E+03  0.5197E+03  0.0000E+00
   1.11E-16
   0.0
   0.0
   4.163E-17
   1.475E-17
   1.11E-16
  1.534000000e-16
  7.089000000e-17
  -2.220000000e-18
  1.348500000e-16
  7.402300000e-17
  6.357000000e-17
  -6.994000000e-01 -6.840000000e-02 -7.114000000e-01
  -7.126000000e-01 1.429000000e-01 6.869000000e-01
  -5.465000000e-02 -9.874000000e-01 1.487000000e-01
 Node:         22
  0.1360E+03  0.1256E+03  0.4913E+03  0.0000E+00
  -2.22E-16
   1.388E-17
  -1.11E-16
  -1.388E-17
   1.006E-16
   1.11E-16
  1.500000000e-16
  -1.456000000e-16
  -2.264000000e-16
  3.432100000e-16
  -7.400000000e-17
  1.617900000e-16
  -2.144000000e-02 3.586000000e-01 9.332000000e-01
  2.280000000e-01 9.106000000e-01 -3.447000000e-01
  -9.734000000e-01 2.054000000e-01 -1.013000000e-01
 Node:         23
  0.1343E+03  0.1253E+03  0.5054E+03  0.0000E+00
   0.0
   2.082E-17
  -4.441E-16
   0.0
   1.314E-16
  -1.665E-16
  1.265000000e-18
  -1.147000000e-16
  -4.972000000e-16
  4.517900000e-16
  -2.035500000e-16
  2.129700000e-16
  9.970000000e-01 6.061000000e-02 4.746000000e-02
  6.644000000e-02 -3.661000000e-01 -9.282000000e-01
  3.888000000e-02 -9.286000000e-01 3.690000000e-01
 Node:         24
  0.1336E+03  0.1248E+03  0.5194E+03  0.0000E+00
  -2.22E-16
   1.214E-17
   0.0
   1.388E-17
   8.674E-19
  -1.665E-16
  6.779000000e-19
  -1.633000000e-16
  -2.259000000e-16
  2.026600000e-16
  -1.295100000e-16
  9.553700000e-17
  -5.504000000e-02 -9.984000000e-01 -9.747000000e-03
  2.257000000e-01 -2.195000000e-02 9.740000000e-01
  -9.726000000e-01 5.141000000e-02 2.265000000e-01
 Node:         25
  0.1400E+03  0.1206E+03  0.4917E+03  0.0000E+00
   0.0
   2.671E-16
  -1.11E-16
  -8.327E-17
  -1.301E-16
   2.22E-16
  3.681000000e-16
  7.580000000e-17
  -3.329000000e-16
  6.098700000e-16
  3.700000000e-17
  2.874900000e-16
  5.089000000e-01 4.781000000e-01 -7.159000000e-01
  6.086000000e-01 3.883000000e-01 6.920000000e-01
  6.088000000e-01 -7.878000000e-01 -9.334000000e-02
 Node:         26
  0.1363E+03  0.1200E+03  0.5055E+03  0.0000E+00
   2.22E-16
   1.076E-16
  -6.106E-16
   2.776E-17
  -1.124E-15
  -5.551E-17
  8.281000000e-16
  2.248000000e-16
  -1.497000000e-15
  2.089800000e-15
  -1.480300000e-16
  9.851500000e-16
  7.371000000e-02 6.174000000e-01 -7.832000000e-01
  9.955000000e-01 1.018000000e-03 9.449000000e-02
  -5.914000000e-02 7.866000000e-01 6.146000000e-01
 Node:         27
  0.1343E+03  0.1203E+03  0.5192E+03  0.0000E+00
   2.22E-16
  -1.943E-16
   2.22E-16
  -1.041E-16
   1.313E-15
   0.0
  1.466000000e-15
  1.875000000e-16
  -1.209000000e-15
  2.317400000e-15
  1.481700000e-16
  1.092400000e-15
  -1.693000000e-01 7.280000000e-01 6.643000000e-01
  9.848000000e-01 9.849000000e-02 1.431000000e-01
  3.876000000e-02 6.785000000e-01 -7.336000000e-01
 Node:         28
  0.1155E+03  0.1124E+03  0.4931E+03 -0.2028E-03
  -2.22E-16
   3.816E-17
   2.22E-16
  -5.551E-17
   5.551E-17
   1.11E-16
  2.455000000e-16
  1.014000000e-16
  -2.359000000e-16
  4.279500000e-16
  3.700000000e-17
  2.017400000e-16
  3.184000000e-02 9.284000000e-01 3.701000000e-01
  1.988000000e-01 3.571000000e-01 -9.127000000e-01
  9.795000000e-01 -1.026000000e-01 1.732000000e-01
 Node:         29
  0.1119E+03  0.1139E+03  0.5068E+03 -0.2028E-03
  -2.22E-16
  -2.082E-17
   0.0
   5.551E-17
   6.939E-18
  -3.331E-16
  1.944000000e-18
  -2.004000000e-16
  -3.566000000e-16
  3.113600000e-16
  -1.850200000e-16
  1.467800000e-16
  -9.118000000e-02 9.958000000e-01 5.517000000e-03
  -9.179000000e-01 -8.189000000e-02 -3.884000000e-01
  -3.863000000e-01 -4.048000000e-02 9.215000000e-01
 Node:         30
  0.1113E+03  0.1159E+03  0.5206E+03 -0.2028E-03
   2.22E-16
   1.249E-16
   2.22E-16
   0.0
  -2.776E-17
   1.11E-16
  3.486000000e-16
  1.238000000e-16
  8.277000000e-17
  2.478800000e-16
  1.850600000e-16
  1.168500000e-16
  -7.001000000e-01 -7.092000000e-01 8.287000000e-02
  -4.685000000e-01 3.686000000e-01 -8.029000000e-01
  -5.389000000e-01 6.009000000e-01 5.903000000e-01
 Node:         31
  0.1203E+03  0.1126E+03  0.4920E+03 -0.2028E-03
  -5.551E-17
   9.714E-17
  -1.11E-16
   2.776E-17
   4.163E-17
  -5.551E-17
  4.114000000e-17
  -7.661000000e-17
  -1.866000000e-16
  1.972700000e-16
  -7.402300000e-17
  9.299200000e-17
  -6.956000000e-01 -5.654000000e-01 -4.433000000e-01
  4.358000000e-01 1.585000000e-01 -8.860000000e-01
  5.712000000e-01 -8.095000000e-01 1.362000000e-01
 Node:         32
  0.1188E+03  0.1134E+03  0.5062E+03 -0.2028E-03
   2.22E-16
  -1.388E-17
  -1.11E-16
  -2.776E-17
   9.714E-17
  -5.551E-17
  2.266000000e-16
  1.331000000e-17
  -1.844000000e-16
  3.560200000e-16
  1.850300000e-17
  1.678300000e-16
  -9.894000000e-01 7.624000000e-02 1.236000000e-01
  1.445000000e-01 5.992000000e-01 7.875000000e-01
  1.402000000e-02 -7.970000000e-01 6.038000000e-01
 Node:         33
  0.1183E+03  0.1150E+03  0.5201E+03 -0.2028E-03
   1.11E-16
   5.551E-17
   0.0
   8.327E-17
   0.0
   0.0
  1.700000000e-16
  0.000000000e+00
  -5.893000000e-17
  2.058900000e-16
  3.702300000e-17
  9.705800000e-17
  -8.617000000e-01 -2.815000000e-01 -4.222000000e-01
  0.000000000e+00 -8.321000000e-01 5.547000000e-01
  -5.074000000e-01 4.780000000e-01 7.170000000e-01
 Node:         34
  0.1255E+03  0.1129E+03  0.4909E+03 -0.2028E-03
   0.0
   0.0
   0.0
   5.551E-17
   9.714E-17
   0.0
  1.119000000e-16
  3.387000000e-33
  -1.119000000e-16
  1.938200000e-16
  0.000000000e+00
  9.136600000e-17
  -3.508000000e-01 -6.139000000e-01 -7.071000000e-01
  8.682000000e-01 -4.961000000e-01 -4.855000000e-17
  -3.508000000e-01 -6.139000000e-01 7.071000000e-01
 Node:         35
  0.1260E+03  0.1135E+03  0.5054E+03 -0.2028E-03
   0.0
   1.11E-16
  -1.11E-16
   1.11E-16
   2.498E-16
  -1.11E-16
  2.410000000e-16
  -1.023000000e-16
  -3.608000000e-16
  5.229000000e-16
  -7.403300000e-17
  2.465000000e-16
  5.458000000e-01 5.925000000e-01 5.925000000e-01
  8.379000000e-01 -3.859000000e-01 -3.859000000e-01
  -4.975000000e-17 -7.071000000e-01 7.071000000e-01
 Node:         36
  0.1257E+03  0.1153E+03  0.5196E+03 -0.2028E-03
   0.0
  -5.551E-17
   0.0
  -5.551E-17
   8.327E-17
   0.0
  1.305000000e-16
  -4.723000000e-17
  -8.327000000e-17
  1.982200000e-16
  0.000000000e+00
  9.344300000e-17
  -5.155000000e-01 6.059000000e-01 6.059000000e-01
  8.569000000e-01 3.645000000e-01 3.645000000e-01
  -1.256000000e-16 7.071000000e-01 -7.071000000e-01
 Node:         37
  0.1132E+03  0.1210E+03  0.4959E+03 -0.2028E-03
  -2.22E-16
   1.388E-16
  -2.22E-16
  -8.327E-17
   1.804E-16
  -2.776E-16
  -4.482000000e-17
  -1.622000000e-16
  -5.146000000e-16
  4.234700000e-16
  -2.405400000e-16
  1.996300000e-16
  3.971000000e-01 7.887000000e-01 4.693000000e-01
  -7.874000000e-01 3.010000000e-02 6.157000000e-01
  4.715000000e-01 -6.140000000e-01 6.330000000e-01
 Node:         38
  0.1111E+03  0.1204E+03  0.5085E+03 -0.2028E-03
  -1.665E-16
   9.714E-17
   0.0
  -2.776E-17
  -8.327E-17
  -2.22E-16
  7.071000000e-17
  -2.091000000e-16
  -2.502000000e-16
  3.024600000e-16
  -1.295300000e-16
  1.425800000e-16
  -3.916000000e-01 -8.746000000e-01 2.859000000e-01
  9.154000000e-01 -3.389000000e-01 2.170000000e-01
  9.287000000e-02 -3.467000000e-01 -9.334000000e-01
 Node:         39
  0.1119E+03  0.1201E+03  0.5207E+03 -0.2028E-03
  -5.551E-17
  -9.714E-17
  -3.331E-16
  -8.327E-17
  -7.633E-17
  -1.11E-16
  8.934000000e-18
  -1.105000000e-16
  -3.981000000e-16
  3.623900000e-16
  -1.665600000e-16
  1.708300000e-16
  8.510000000e-01 -1.281000000e-01 -5.092000000e-01
  4.076000000e-01 -4.503000000e-01 7.944000000e-01
  -3.311000000e-01 -8.836000000e-01 -3.310000000e-01
 Node:         40
  0.1191E+03  0.1220E+03  0.4937E+03 -0.2028E-03
   0.0
   8.327E-17
  -2.22E-16
   8.327E-17
  -1.388E-17
  -2.22E-16
  4.872000000e-17
  -2.082000000e-16
  -2.846000000e-16
  3.024500000e-16
  -1.480300000e-16
  1.425700000e-16
  -9.240000000e-01 -2.703000000e-01 -2.703000000e-01
  0.000000000e+00 -7.071000000e-01 7.071000000e-01
  3.823000000e-01 -6.534000000e-01 -6.534000000e-01
 Node:         41
  0.1182E+03  0.1217E+03  0.5073E+03 -0.2028E-03
   0.0
  -2.776E-17
  -5.551E-17
   5.551E-17
   9.714E-17
   1.11E-16
  1.653000000e-16
  1.073000000e-17
  -1.206000000e-16
  2.478700000e-16
  1.847700000e-17
  1.168500000e-16
  2.406000000e-01 3.653000000e-01 8.993000000e-01
  -8.901000000e-01 4.526000000e-01 5.428000000e-02
  -3.871000000e-01 -8.135000000e-01 4.340000000e-01
 Node:         42
  0.1187E+03  0.1212E+03  0.5204E+03 -0.2028E-03
   0.0
  -5.551E-17
  -1.11E-16
   0.0
   5.551E-17
   1.11E-16
  1.256000000e-16
  1.887000000e-17
  -1.444000000e-16
  2.355300000e-16
  2.333300000e-20
  1.110300000e-16
  1.113000000e-01 -2.517000000e-01 -9.614000000e-01
  9.295000000e-01 -3.159000000e-01 1.903000000e-01
  -3.516000000e-01 -9.148000000e-01 1.988000000e-01
 Node:         43
  0.1258E+03  0.1217E+03  0.4915E+03 -0.2028E-03
   2.22E-16
   1.11E-16
   1.11E-16
  -1.388E-17
   0.0
  -5.551E-17
  2.911000000e-16
  4.294000000e-17
  -5.645000000e-17
  3.100400000e-16
  9.253000000e-17
  1.461600000e-16
  -8.507000000e-01 -5.246000000e-01 3.406000000e-02
  -5.213000000e-01 8.502000000e-01 7.348000000e-02
  6.751000000e-02 -4.475000000e-02 9.967000000e-01
 Node:         44
  0.1259E+03  0.1220E+03  0.5059E+03 -0.2028E-03
  -2.22E-16
   1.388E-16
  -2.22E-16
   9.714E-17
   1.11E-16
  -1.11E-16
  5.081000000e-17
  -2.445000000e-16
  -3.614000000e-16
  3.679600000e-16
  -1.850300000e-16
  1.734600000e-16
  -5.113000000e-01 -5.340000000e-01 -6.733000000e-01
  -5.198000000e-01 -4.318000000e-01 7.372000000e-01
  -6.844000000e-01 7.269000000e-01 -5.679000000e-02
 Node:         45
  0.1261E+03  0.1221E+03  0.5198E+03 -0.2028E-03
  -5.551E-17
  -8.327E-17
  -2.776E-16
   2.776E-17
  -6.939E-18
   1.11E-16
  1.167000000e-16
  -3.339000000e-17
  -3.053000000e-16
  3.705000000e-16
  -7.399700000e-17
  1.746600000e-16
  1.854000000e-01 -5.643000000e-02 9.810000000e-01
  9.302000000e-01 -3.117000000e-01 -1.938000000e-01
  -3.167000000e-01 -9.485000000e-01 5.308000000e-03
 Node:         46
  0.1117E+03  0.1296E+03  0.4959E+03  0.0000E+00
  -5.551E-17
   2.776E-17
  -1.665E-16
   6.939E-18
  -2.602E-17
   0.0
  4.101000000e-18
  -4.897000000e-17
  -1.772000000e-16
  1.614500000e-16
  -7.402300000e-17
  7.610600000e-17
  4.856000000e-02 -1.429000000e-01 9.886000000e-01
  9.724000000e-01 2.327000000e-01 -1.414000000e-02
  -2.280000000e-01 9.620000000e-01 1.502000000e-01
 Node:         47
  0.1107E+03  0.1269E+03  0.5087E+03  0.0000E+00
  -1.665E-16
  -3.123E-17
   1.11E-16
  -2.776E-17
   3.99E-17
   0.0
  1.289000000e-16
  -1.114000000e-17
  -1.732000000e-16
  2.618600000e-16
  -1.848000000e-17
  1.234400000e-16
  -1.292000000e-01 9.390000000e-01 3.186000000e-01
  -1.008000000e-01 -3.321000000e-01 9.379000000e-01
  -9.865000000e-01 -8.906000000e-02 -1.376000000e-01
 Node:         48
  0.1125E+03  0.1242E+03  0.5208E+03  0.0000E+00
   1.11E-16
   3.469E-18
   1.11E-16
   0.0
  -1.735E-18
   1.11E-16
  1.149000000e-16
  1.110000000e-16
  1.071000000e-16
  6.755000000e-18
  1.110000000e-16
  3.184300000e-18
  -6.325000000e-01 -7.071000000e-01 3.162000000e-01
  4.472000000e-01 -4.455000000e-15 8.944000000e-01
  -6.325000000e-01 7.071000000e-01 3.162000000e-01
 Node:         49
  0.1186E+03  0.1311E+03  0.4938E+03  0.0000E+00
  -1.665E-16
  -2.082E-17
   0.0
  -4.163E-17
  -6.072E-18
  -5.551E-17
  2.581000000e-18
  -4.165000000e-17
  -1.830000000e-16
  1.678900000e-16
  -7.402300000e-17
  7.914600000e-17
  1.174000000e-01 -9.929000000e-01 1.965000000e-02
  -3.135000000e-01 -1.827000000e-02 9.494000000e-01
  -9.423000000e-01 -1.176000000e-01 -3.134000000e-01
 Node:         50
  0.1180E+03  0.1298E+03  0.5075E+03  0.0000E+00
   0.0
  -1.301E-17
   3.331E-16
  -4.163E-17
   1.247E-17
   2.22E-16
  3.354000000e-16
  2.276000000e-16
  -7.879000000e-18
  3.040700000e-16
  1.850400000e-16
  1.433400000e-16
  5.441000000e-02 -9.902000000e-01 -1.289000000e-01
  -1.707000000e-01 -1.364000000e-01 9.758000000e-01
  9.838000000e-01 3.109000000e-02 1.765000000e-01
 Node:         51
  0.1192E+03  0.1275E+03  0.5206E+03  0.0000E+00
   0.0
  -3.469E-18
  -5.551E-17
   0.0
   1.475E-17
   1.11E-16
  1.123000000e-16
  2.087000000e-19
  -5.702000000e-17
  1.491800000e-16
  1.849600000e-17
  7.032400000e-17
  -2.705000000e-03 8.758000000e-02 9.962000000e-01
  9.982000000e-01 -6.004000000e-02 7.989000000e-03
  -6.051000000e-02 -9.943000000e-01 8.725000000e-02
 Node:         52
  0.1262E+03  0.1305E+03  0.4920E+03  0.0000E+00
   1.11E-16
  -1.388E-17
   1.11E-16
   1.301E-18
   4.906E-18
   0.0
  1.250000000e-16
  9.734000000e-17
  -2.497000000e-19
  1.139700000e-16
  7.403000000e-17
  5.372400000e-17
  -7.047000000e-01 7.092000000e-01 2.051000000e-02
  7.093000000e-01 7.034000000e-01 4.493000000e-02
  -1.744000000e-02 -4.621000000e-02 9.988000000e-01
 Node:         53
  0.1258E+03  0.1304E+03  0.5063E+03  0.0000E+00
  -1.665E-16
  -1.735E-18
  -1.11E-16
   2.776E-17
   3.383E-17
  -2.22E-16
  -1.010000000e-16
  -1.572000000e-16
  -2.414000000e-16
  1.223900000e-16
  -1.665300000e-16
  5.769700000e-17
  9.684000000e-02 9.526000000e-01 2.883000000e-01
  -9.346000000e-01 1.866000000e-01 -3.027000000e-01
  -3.422000000e-01 -2.402000000e-01 9.084000000e-01
 Node:         54
  0.1265E+03  0.1288E+03  0.5200E+03  0.0000E+00
  -2.22E-16
   2.082E-17
   1.11E-16
   0.0
  -4.337E-18
   1.11E-16
  1.160000000e-16
  1.073000000e-16
  -2.233000000e-16
  3.350300000e-16
  0.000000000e+00
  1.579400000e-16
  -4.656000000e-02 -7.562000000e-01 6.527000000e-01
  -4.117000000e-02 -6.514000000e-01 -7.576000000e-01
  -9.981000000e-01 6.215000000e-02 8.061000000e-04
 Node:         55
  0.1381E+03  0.1168E+03  0.4524E+03  0.1033E-01
   0.01496
  -0.009681
   0.003818
  -0.00316
   0.01413
  -0.03295
  1.464500000e-02
  -2.112900000e-03
  -2.710200000e-02
  3.692700000e-02
  -4.856600000e-03
  1.740700000e-02
  3.676200000e-01 7.863900000e-02 5.010000000e-02
  6.740400000e-01 7.464200000e-01 2.154300000e-01
  1.630900000e-01 -2.768700000e-01 8.757500000e-01
 Node:         56
  0.1314E+03  0.1156E+03  0.4682E+03  0.1033E-01
   0.0231
  -0.01215
   0.004004
  -0.009854
   0.007697
  -0.01607
  2.523700000e-02
  -2.156000000e-03
  -1.149300000e-02
  3.267500000e-02
  3.862800000e-03
  1.540300000e-02
  -4.790700000e-01 1.228700000e-01 1.217500000e-01
  6.115500000e-01 8.295700000e-01 2.488500000e-01
  2.928700000e-01 -2.017900000e-01 8.738700000e-01
 Node:         57
  0.1285E+03  0.1140E+03  0.4823E+03  0.1033E-01
   0.006812
  -0.004794
   0.003214
  -0.002963
   0.002072
  -1.372E-4
  9.370100000e-03
  -4.472000000e-05
  3.671300000e-04
  8.676500000e-03
  3.230800000e-03
  4.090200000e-03
  -7.429700000e-01 6.070900000e-01 2.603500000e-01
  5.110700000e-01 7.693700000e-01 -6.267100000e-02
  3.912200000e-01 -1.769300000e-01 9.487100000e-01
 Node:         58
  0.1477E+03  0.1177E+03  0.4526E+03  0.1033E-01
   0.01364
  -0.00953
   0.01206
  -0.001482
   0.009307
  -0.06093
  1.245500000e-02
  2.547900000e-03
  -4.782700000e-02
  5.430200000e-02
  -1.094100000e-02
  2.559800000e-02
  3.680400000e-01 -3.301600000e-02 -2.185100000e-03
  7.597000000e-01 7.328100000e-01 -1.755700000e-02
  -2.527500000e-02 -1.273100000e-01 9.635000000e-01
 Node:         59
  0.1415E+03  0.1166E+03  0.4688E+03  0.1033E-01
   0.03461
  -0.01803
   0.01085
  -0.01963
   0.01533
  -0.01696
  3.958400000e-02
  2.400100000e-03
  -1.776100000e-02
  5.044800000e-02
  8.074400000e-03
  2.378100000e-02
  -6.975800000e-01 3.535400000e-01 2.776600000e-01
  6.186900000e-01 8.680600000e-01 -1.303500000e-02
  2.522300000e-01 -2.824200000e-01 1.015600000e+00
 Node:         60
  0.1374E+03  0.1150E+03  0.4832E+03  0.1033E-01
   0.01348
  -0.009139
   0.006327
  -0.009576
   0.006297
   0.003504
  2.117600000e-02
  2.783900000e-04
  -1.452300000e-03
  2.182900000e-02
  6.667200000e-03
  1.029000000e-02
  -7.543300000e-01 4.876700000e-01 4.824500000e-01
  4.671400000e-01 7.689800000e-01 -1.323400000e-01
  1.542400000e-01 -1.700200000e-01 4.878500000e-01
 Node:         61
  0.1547E+03  0.1220E+03  0.4529E+03  0.1033E-01
   0.02831
  -0.00749
  -0.004705
   0.007438
  -0.01267
  -0.02554
  2.053100000e-02
  1.990800000e-03
  -2.055400000e-02
  3.551400000e-02
  6.557700000e-04
  1.674100000e-02
  -4.191700000e-02 -1.396700000e-01 -7.401100000e-02
  3.199800000e-01 8.772800000e-01 -3.413200000e-01
  -7.075400000e-02 4.017900000e-01 8.981100000e-01
 Node:         62
  0.1488E+03  0.1202E+03  0.4695E+03  0.1033E-01
   0.04477
  -0.02917
   0.01113
  -0.01977
   0.008696
   0.01974
  5.306100000e-02
  1.073400000e-02
  4.552700000e-04
  4.847300000e-02
  2.141700000e-02
  2.285100000e-02
  -8.497100000e-01 5.240900000e-01 4.031200000e-01
  1.514800000e-02 -7.895700000e-02 2.423900000e-01
  2.118300000e-01 2.071900000e-01 1.222700000e-01
 Node:         63
  0.1436E+03  0.1181E+03  0.4838E+03  0.1033E-01
   0.01074
  -0.01522
   0.01647
  -0.007879
   0.01089
   0.007792
  2.820300000e-02
  1.445800000e-03
  -1.126500000e-03
  2.817300000e-02
  9.507500000e-03
  1.328100000e-02
  -6.016600000e-01 7.443700000e-01 4.412500000e-01
  -4.721100000e-01 6.369100000e-02 -7.668200000e-01
  -5.922400000e-01 -5.983600000e-01 1.130500000e-01
 Node:         64
  0.1410E+03  0.1253E+03  0.4521E+03  0.1033E-01
  -0.02103
  -0.01299
   0.02795
  -6.964E-4
   0.001088
  -0.02162
  2.183700000e-02
  -1.741900000e-02
  -1.669100000e-02
  3.844800000e-02
  -4.091100000e-03
  1.812400000e-02
  -1.274900000e-01 3.850900000e-01 -1.501400000e-03
  -1.568500000e-01 -5.589000000e-02 7.051300000e-01
  6.498700000e-01 1.677800000e-01 1.042200000e-01
 Node:         65
  0.1339E+03  0.1229E+03  0.4681E+03  0.1033E-01
   0.006329
  -0.02113
   0.01867
  -0.006158
   0.002301
  -0.0134
  2.632900000e-02
  -5.800300000e-03
  -1.116300000e-02
  3.513500000e-02
  3.121800000e-03
  1.656300000e-02
  6.115000000e-01 -8.512400000e-01 -1.186800000e-01
  -3.712900000e-01 -3.569300000e-01 2.488800000e-01
  -1.520700000e-01 -1.001100000e-01 -3.542000000e-01
 Node:         66
  0.1299E+03  0.1214E+03  0.4825E+03  0.1033E-01
   0.006978
  -0.006638
   0.005724
  -0.002712
   0.002102
  -3.489E-4
  1.118400000e-02
  -8.835800000e-05
  -9.897300000e-04
  1.178700000e-02
  3.368600000e-03
  5.556700000e-03
  -7.406700000e-01 6.083500000e-01 2.559200000e-01
  6.418500000e-01 7.926200000e-01 -2.866400000e-01
  3.869400000e-01 5.361500000e-02 1.034200000e+00
 Node:         67
  0.1495E+03  0.1244E+03  0.4525E+03  0.1033E-01
  -0.01035
  -0.01013
   0.02644
  -3.772E-4
   0.002824
  -0.05495
  2.001100000e-02
  -1.101200000e-02
  -4.270500000e-02
  5.485200000e-02
  -1.123500000e-02
  2.585700000e-02
  -1.922600000e-01 7.243700000e-01 2.248400000e-02
  1.079600000e+00 2.873700000e-01 -1.281100000e-01
  1.788500000e-02 -2.095800000e-02 7.261600000e-01
 Node:         68
  0.1429E+03  0.1223E+03  0.4688E+03  0.1033E-01
   0.02898
  -0.0226
   0.02301
  -0.01556
   0.006759
  -0.0301
  3.883400000e-02
  3.962900000e-03
  -2.638500000e-02
  5.640900000e-02
  5.470600000e-03
  2.659200000e-02
  -6.039600000e-01 4.045000000e-01 1.429400000e-01
  5.846800000e-01 7.499900000e-01 -2.006200000e-01
  1.199800000e-01 -5.540600000e-02 8.775400000e-01
 Node:         69
  0.1379E+03  0.1205E+03  0.4831E+03  0.1033E-01
   0.0145
  -0.009599
   0.00726
  -0.007513
   0.004527
  -3.351E-5
  1.907000000e-02
  7.098700000e-04
  -2.621000000e-03
  2.024700000e-02
  5.719600000e-03
  9.544300000e-03
  -7.838000000e-01 5.229100000e-01 3.446300000e-01
  5.831400000e-01 9.340600000e-01 -2.549500000e-01
  3.280200000e-01 -1.075700000e-01 9.819600000e-01
 Node:         70
  0.1549E+03  0.1241E+03  0.4529E+03  0.1033E-01
  -2.637E-4
  -0.01313
   0.01894
  -0.008102
   0.006481
  -0.07195
  1.891000000e-02
  -6.392500000e-03
  -5.815200000e-02
  6.828400000e-02
  -1.521200000e-02
  3.218900000e-02
  9.139500000e-02 -1.890300000e-01 -3.755900000e-02
  2.238400000e-01 1.992000000e-01 -7.403700000e-02
  2.658400000e-02 -5.393100000e-02 7.369300000e-01
 Node:         71
  0.1490E+03  0.1221E+03  0.4695E+03  0.1033E-01
   0.04777
  -0.01961
   0.01984
  -0.02973
   0.01228
  -0.02693
  5.146700000e-02
  9.001900000e-03
  -2.955900000e-02
  6.993300000e-02
  1.030300000e-02
  3.296700000e-02
  -8.931600000e-01 4.703000000e-01 3.537000000e-01
  2.452500000e-01 4.253200000e-01 -1.344700000e-01
  2.894200000e-01 -1.236900000e-01 9.768500000e-01
 Node:         72
  0.1434E+03  0.1199E+03  0.4837E+03  0.1033E-01
   0.02259
  -0.01003
   0.005998
  -0.013
   0.005889
   0.002279
  2.635100000e-02
  1.186100000e-03
  -3.242800000e-03
  2.766200000e-02
  8.098100000e-03
  1.304000000e-02
  -8.278300000e-01 3.804700000e-01 4.165400000e-01
  4.542700000e-01 1.034400000e+00 -1.555100000e-01
  1.674500000e-01 -1.771100000e-01 5.475900000e-01
 Node:         73
  0.1439E+03  0.1339E+03  0.4517E+03  0.0000E+00
   0.02596
   2.666E-4
  -0.01903
  -0.004913
   0.003888
   0.001838
  2.031300000e-02
  -7.683000000e-04
  -1.327100000e-02
  2.865100000e-02
  2.091300000e-03
  1.350600000e-02
  -9.446900000e-01 1.999600000e-02 4.888100000e-02
  -9.440000000e-02 -1.086500000e-01 -1.564700000e-01
  -6.171900000e-03 4.758300000e-01 -1.074000000e-01
 Node:         74
  0.1364E+03  0.1303E+03  0.4680E+03  0.0000E+00
   0.04547
   0.01596
  -0.00195
   0.003571
   0.006415
   0.01116
  3.948800000e-02
  7.935600000e-03
  -5.407900000e-03
  3.959400000e-02
  1.400500000e-02
  1.866500000e-02
  -9.111200000e-01 -3.198500000e-01 -1.235100000e-01
  -2.091100000e-01 2.055000000e-01 1.031000000e+00
  -2.774400000e-01 9.165200000e-01 -2.672400000e-01
 Node:         75
  0.1313E+03  0.1288E+03  0.4826E+03  0.0000E+00
   0.02023
   0.006545
   0.001345
   0.001837
   9.623E-4
   0.001591
  1.767600000e-02
  1.069800000e-03
  -4.912700000e-04
  1.745300000e-02
  6.085000000e-03
  8.227300000e-03
  -9.494200000e-01 -3.094200000e-01 -1.018900000e-01
  -1.426600000e-01 1.462400000e-01 9.859900000e-01
  -2.921600000e-01 1.021900000e+00 -1.642500000e-01
 Node:         76
  0.1512E+03  0.1310E+03  0.4523E+03  0.0000E+00
   0.02028
  -0.002073
  -0.01835
  -0.005446
   6.739E-4
  -0.00411
  1.402000000e-02
  -6.406000000e-03
  -1.072400000e-02
  2.233400000e-02
  -1.036800000e-03
  1.052800000e-02
  -9.060400000e-01 3.960300000e-02 1.309900000e-01
  1.537400000e-01 -2.762100000e-02 9.053400000e-01
  -5.678400000e-02 -1.016300000e+00 -1.688900000e-02
 Node:         77
  0.1443E+03  0.1281E+03  0.4687E+03  0.0000E+00
   0.05443
   0.01473
  -0.002167
   0.004395
   0.002866
   0.004567
  4.398900000e-02
  1.538900000e-03
  -2.632800000e-03
  4.397500000e-02
  1.429800000e-02
  2.073000000e-02
  -9.656800000e-01 -2.454100000e-01 -9.611400000e-02
  -1.310100000e-01 1.314900000e-01 9.827500000e-01
  -2.262900000e-01 1.048100000e+00 -1.738900000e-01
 Node:         78
  0.1384E+03  0.1261E+03  0.4829E+03  0.0000E+00
   0.02352
   0.007944
   0.001539
   0.0026
   0.001171
   0.001097
  2.005500000e-02
  5.892900000e-04
  -7.697700000e-04
  2.017900000e-02
  6.625000000e-03
  9.512600000e-03
  -9.438600000e-01 -3.131100000e-01 -1.140400000e-01
  -1.577400000e-01 1.260200000e-01 9.961000000e-01
  -2.953100000e-01 9.147200000e-01 -1.717200000e-01
 Node:         79
  0.1552E+03  0.1261E+03  0.4529E+03  0.0000E+00
   0.01096
  -0.004657
  -0.0641
  -0.01481
   9.734E-4
  -0.009343
  1.291200000e-02
  -1.691800000e-02
  -3.874900000e-02
  4.499200000e-02
  -1.425200000e-02
  2.120900000e-02
  8.973200000e-01 -9.256300000e-02 -4.675000000e-01
  4.401400000e-01 -9.791700000e-02 6.821500000e-01
  -6.396200000e-02 -7.965000000e-01 -1.370800000e-01
 Node:         80
  0.1492E+03  0.1240E+03  0.4695E+03  0.0000E+00
   0.06494
   0.003037
  -0.04006
   0.009074
   0.003931
   7.084E-4
  4.936900000e-02
  -1.685800000e-03
  -2.130800000e-02
  6.352700000e-02
  8.791900000e-03
  2.994700000e-02
  -1.165000000e+00 -7.336400000e-02 -1.504000000e-01
  -1.361800000e-01 1.156000000e-01 9.915900000e-01
  2.357300000e-02 -1.001400000e+00 1.189100000e-01
 Node:         81
  0.1433E+03  0.1217E+03  0.4837E+03  0.0000E+00
   0.02785
   0.005992
  -0.003447
   0.009274
   0.002708
   0.003204
  2.464500000e-02
  1.049900000e-04
  -2.455300000e-03
  2.592600000e-02
  7.431600000e-03
  1.222200000e-02
  -9.306200000e-01 -1.825600000e-01 -3.210200000e-01
  -3.449300000e-01 1.233700000e-01 9.809800000e-01
  1.298600000e-01 -1.025400000e+00 1.763000000e-01
 Node:         82
  0.1267E+03  0.1148E+03  0.4556E+03  0.1741E-01
   0.01802
  -0.01102
  -0.005363
  -0.00434
  -0.001199
  -0.007054
  1.742100000e-02
  -4.635400000e-03
  -8.060800000e-03
  2.388100000e-02
  1.575000000e-03
  1.125800000e-02
  -9.630300000e-01 3.572800000e-01 1.007000000e-01
  -5.504800000e-02 -4.901900000e-01 8.382000000e-01
  2.895300000e-01 6.469900000e-01 5.454000000e-01
 Node:         83
  0.1234E+03  0.1129E+03  0.4716E+03  0.1741E-01
   0.00688
  -0.00859
  -0.004364
  -0.009436
   6.847E-4
   0.003174
  1.395800000e-02
  -1.004800000e-03
  -5.323100000e-03
  1.673600000e-02
  2.543500000e-03
  7.889200000e-03
  -7.285700000e-01 3.254300000e-01 4.652800000e-01
  2.577100000e-01 -5.227900000e-01 6.368900000e-01
  6.005200000e-01 7.154500000e-01 2.509500000e-01
 Node:         84
  0.1187E+03  0.1123E+03  0.4849E+03  0.1741E-01
   7.026E-4
  -8.239E-4
  -4.316E-4
  -0.002686
   1.372E-4
   0.004045
  4.617000000e-03
  -6.764700000e-05
  5.981000000e-04
  3.568200000e-03
  1.715800000e-03
  1.682100000e-03
  -4.939300000e-01 2.354400000e-01 8.156000000e-01
  -2.807100000e-01 5.168200000e-01 -1.512600000e-01
  -4.618400000e-01 -3.803400000e-01 -1.751800000e-01
 Node:         85
  0.1302E+03  0.1161E+03  0.4543E+03  0.1741E-01
   0.02029
  -0.01246
  -0.005123
  -0.004232
  -0.002298
  -0.01299
  1.896600000e-02
  -6.281400000e-03
  -1.145600000e-02
  2.816400000e-02
  4.092600000e-04
  1.327700000e-02
  -9.646000000e-01 3.481200000e-01 3.474700000e-02
  3.426000000e-01 5.724400000e-01 -1.842300000e-01
  1.342300000e-01 3.558500000e-01 8.714300000e-01
 Node:         86
  0.1252E+03  0.1138E+03  0.4699E+03  0.1741E-01
  -0.007964
  -0.008606
   0.01768
  -0.02003
   0.003146
   1.754E-5
  1.775600000e-02
  5.770400000e-03
  -1.649800000e-02
  3.067200000e-02
  2.342900000e-03
  1.445900000e-02
  7.135000000e-02 -1.010700000e-01 5.360900000e-03
  -2.730200000e-01 -4.831500000e-02 1.784000000e-01
  7.270500000e-01 1.145800000e-01 5.929000000e-01
 Node:         87
  0.1217E+03  0.1126E+03  0.4833E+03  0.1741E-01
   0.002314
  -6.626E-4
  -3.21E-4
  -0.00425
   5.395E-4
   0.004621
  6.442800000e-03
  -3.384600000e-04
  1.042300000e-03
  5.219300000e-03
  2.382200000e-03
  2.460400000e-03
  -5.558500000e-01 7.232300000e-02 7.608800000e-01
  1.523200000e-01 -9.293000000e-01 2.902200000e-01
  7.570300000e-01 3.170500000e-01 5.616000000e-01
 Node:         88
  0.1338E+03  0.1169E+03  0.4526E+03  0.1741E-01
   0.01132
  -0.01262
   1.52E-4
  -0.004299
   0.003228
  -0.006474
  1.359700000e-02
  -5.128100000e-03
  -4.884400000e-03
  1.820500000e-02
  1.194700000e-03
  8.582100000e-03
  -8.047700000e-01 5.580600000e-01 2.137700000e-01
  2.353400000e-01 2.118100000e-01 -4.701400000e-02
  -2.461700000e-02 -5.433900000e-02 5.044400000e-01
 Node:         89
  0.1270E+03  0.1150E+03  0.4682E+03  0.1741E-01
   0.01867
  -0.01065
  -5.715E-4
  -0.01085
   8.852E-4
   3.239E-4
  2.206800000e-02
  -7.866000000e-04
  -2.460100000e-03
  2.260700000e-02
  6.273600000e-03
  1.065700000e-02
  -8.873600000e-01 3.793500000e-01 3.440400000e-01
  8.683500000e-02 -6.794400000e-01 8.211300000e-01
  5.319500000e-01 6.217100000e-01 5.176800000e-01
 Node:         90
  0.1248E+03  0.1132E+03  0.4821E+03  0.1741E-01
   0.004975
  -0.003496
   0.001705
  -0.002694
   0.001404
   0.00123
  7.051200000e-03
  8.319000000e-05
  1.002600000e-03
  5.807100000e-03
  2.712300000e-03
  2.737500000e-03
  -8.090600000e-01 3.392500000e-01 4.337900000e-01
  1.533500000e-01 -4.798400000e-01 9.746100000e-01
  6.158000000e-01 6.746900000e-01 3.617700000e-01
 Node:         91
  0.1258E+03  0.1259E+03  0.4543E+03  0.1741E-01
  -0.02337
  -0.01979
   0.02002
  -0.007824
   9.313E-4
  -0.008443
  1.952300000e-02
  -5.277900000e-03
  -2.564100000e-02
  3.910400000e-02
  -3.798600000e-03
  1.843400000e-02
  -2.798300000e-01 5.486100000e-01 3.102300000e-02
  -2.438500000e-01 -2.294200000e-01 1.069600000e+00
  -7.134900000e-01 -2.509700000e-01 -2.213000000e-01
 Node:         92
  0.1208E+03  0.1231E+03  0.4723E+03  0.1741E-01
   0.006976
  -0.0139
  -0.001133
  -0.01184
  -1.44E-4
  -0.001137
  1.589000000e-02
  -9.051000000e-04
  -1.155900000e-02
  2.396600000e-02
  1.141700000e-03
  1.129800000e-02
  -7.980300000e-01 6.022000000e-01 4.835200000e-01
  -2.330300000e-03 -5.852900000e-01 6.937300000e-01
  7.700900000e-01 6.103400000e-01 5.143500000e-01
 Node:         93
  0.1159E+03  0.1217E+03  0.4876E+03  0.1741E-01
   0.004343
   1.6E-4
  -0.001001
  -0.00566
  -0.002342
   0.003693
  8.272400000e-03
  1.675000000e-04
  -2.246000000e-03
  9.531900000e-03
  2.064700000e-03
  4.493400000e-03
  -7.541200000e-01 -1.243600000e-01 7.753100000e-01
  4.309100000e-01 -6.805100000e-01 3.024900000e-01
  -3.492200000e-01 -5.656500000e-01 -4.819000000e-01
 Node:         94
  0.1311E+03  0.1261E+03  0.4533E+03  0.1741E-01
  -0.02987
  -0.01952
   0.02421
  -0.005273
  -0.001073
  -0.01385
  2.120800000e-02
  -1.151200000e-02
  -2.868500000e-02
  4.384000000e-02
  -6.329800000e-03
  2.066600000e-02
  -2.919100000e-01 8.061400000e-01 -1.618000000e-02
  -2.492200000e-01 -1.317500000e-01 1.141600000e+00
  -1.038600000e+00 -2.761600000e-01 -2.496400000e-01
 Node:         95
  0.1249E+03  0.1233E+03  0.4704E+03  0.1741E-01
   0.01429
  -0.0126
   0.006863
  -0.01338
   9.044E-4
  -0.01377
  2.037300000e-02
