 Group name: predicted_strain_L2A4
 #Fields=  17
 1) coordinates, coordinate, rectangular cartesian, #Components=3
   x.  Value index= 1, #Derivatives=0
   y.  Value index= 2, #Derivatives=0
   z.  Value index= 3, #Derivatives=0
 2) dummy, field, rectangular cartesian, #Components=1
   Tensor_1.  Value index= 4, #Derivatives=0
 3) Tensor_1, field, rectangular cartesian, #Components=1
   Tensor_1.  Value index= 5, #Derivatives=0
 4) Tensor_2, field, rectangular cartesian, #Components=1
   Tensor_2.  Value index= 6, #Derivatives=0
 5) Tensor_3, field, rectangular cartesian, #Components=1
   Tensor_3.  Value index= 7, #Derivatives=0
 6) Tensor_4, field, rectangular cartesian, #Components=1
   Tensor_4.  Value index= 8, #Derivatives=0
 7) Tensor_5, field, rectangular cartesian, #Components=1
   Tensor_5.  Value index= 9, #Derivatives=0
 8) Tensor_6, field, rectangular cartesian, #Components=1
   Tensor_6.  Value index= 10, #Derivatives=0
 9) Principal_1, field, rectangular cartesian, #Components=1
   Principal_1.  Value index= 11, #Derivatives=0
 10) Principal_2, field, rectangular cartesian, #Components=1
   Principal_2.  Value index= 12, #Derivatives=0
 11) Principal_3, field, rectangular cartesian, #Components=1
   Principal_3.  Value index= 13, #Derivatives=0
 12) VonMises, field, rectangular cartesian, #Components=1
   VonMises.  Value index= 14, #Derivatives=0
 13) Hydrostatic, field, rectangular cartesian, #Components=1
   VonMises.  Value index= 15, #Derivatives=0
 14) Octahedral, field, rectangular cartesian, #Components=1
   VonMises.  Value index= 16, #Derivatives=0
 15) PrincipalVector1, field, rectangular cartesian, #Components=3
   x.  Value index= 17, #Derivatives=0
   y.  Value index= 18, #Derivatives=0
   z.  Value index= 19, #Derivatives=0
 16) PrincipalVector2, field, rectangular cartesian, #Components=3
   x.  Value index= 20, #Derivatives=0
   y.  Value index= 21, #Derivatives=0
   z.  Value index= 22, #Derivatives=0
 17) PrincipalVector3, field, rectangular cartesian, #Components=3
   x.  Value index= 23, #Derivatives=0
   y.  Value index= 24, #Derivatives=0
   z.  Value index= 25, #Derivatives=0
 Node:          1
  0.1287E+03  0.1133E+03  0.4908E+03 -0.8793E-01
  -1.11E-16
  -8.327E-17
  -2.22E-16
  -2.776E-17
  -4.163E-17
  -3.331E-16
  -6.637000000e-17
  -2.400000000e-16
  -3.598000000e-16
  2.555400000e-16
  -2.220600000e-16
  1.204600000e-16
  8.837000000e-01 -4.676000000e-01 -1.897000000e-02
  4.046000000e-01 7.837000000e-01 -4.712000000e-01
  2.352000000e-01 4.088000000e-01 8.818000000e-01
 Node:          2
  0.1292E+03  0.1137E+03  0.5052E+03 -0.8793E-01
  -5.551E-17
  -1.11E-16
  -1.665E-16
  -5.551E-17
   1.943E-16
  -2.776E-16
  8.603000000e-17
  -1.600000000e-16
  -4.256000000e-16
  4.431900000e-16
  -1.665200000e-16
  2.089200000e-16
  -6.554000000e-01 6.199000000e-01 4.313000000e-01
  7.522000000e-01 4.849000000e-01 4.462000000e-01
  -6.744000000e-02 -6.169000000e-01 7.841000000e-01
 Node:          3
  0.1289E+03  0.1155E+03  0.5194E+03 -0.8793E-01
   2.22E-16
   1.388E-16
   3.331E-16
   1.11E-16
   5.551E-17
   2.22E-16
  4.753000000e-16
  2.118000000e-16
  9.006000000e-17
  3.410700000e-16
  2.590500000e-16
  1.607800000e-16
  -5.696000000e-01 -7.144000000e-01 -4.063000000e-01
  2.395000000e-01 -6.172000000e-01 7.494000000e-01
  -7.862000000e-01 3.296000000e-01 5.227000000e-01
 Node:          4
  0.1361E+03  0.1141E+03  0.4915E+03 -0.8793E-01
   0.0
  -2.776E-17
  -1.11E-16
  -2.776E-17
  -8.327E-17
   2.22E-16
  2.435000000e-16
  6.328000000e-18
  -1.388000000e-16
  3.342600000e-16
  3.700900000e-17
  1.575700000e-16
  -8.549000000e-02 -2.215000000e-01 9.714000000e-01
  9.681000000e-01 -2.491000000e-01 2.840000000e-02
  2.357000000e-01 9.428000000e-01 2.357000000e-01
 Node:          5
  0.1341E+03  0.1144E+03  0.5054E+03 -0.8793E-01
   3.331E-16
   1.388E-16
   3.331E-16
   5.551E-17
  -6.939E-17
   4.441E-16
  4.814000000e-16
  4.627000000e-16
  1.662000000e-16
  3.062800000e-16
  3.701000000e-16
  1.443800000e-16
  -3.480000000e-01 -6.443000000e-01 6.810000000e-01
  -6.589000000e-01 -3.487000000e-01 -6.665000000e-01
  6.669000000e-01 -6.807000000e-01 -3.032000000e-01
 Node:          6
  0.1323E+03  0.1162E+03  0.5191E+03 -0.8793E-01
   2.22E-16
   5.551E-17
   2.22E-16
  -5.551E-17
  -2.776E-17
   0.0
  2.897000000e-16
  1.685000000e-16
  -1.402000000e-17
  2.648100000e-16
  1.480600000e-16
  1.248300000e-16
  -7.150000000e-01 -6.696000000e-01 2.012000000e-01
  6.656000000e-01 -7.399000000e-01 -9.741000000e-02
  -2.141000000e-01 -6.426000000e-02 -9.747000000e-01
 Node:          7
  0.1408E+03  0.1171E+03  0.4920E+03 -0.8793E-01
   3.331E-16
   2.22E-16
   2.22E-16
  -8.327E-17
  -1.11E-16
   0.0
  5.398000000e-16
  6.158000000e-17
  -4.631000000e-17
  5.403100000e-16
  1.850200000e-16
  2.547000000e-16
  -7.537000000e-01 -6.111000000e-01 2.419000000e-01
  -6.560000000e-01 6.770000000e-01 -3.335000000e-01
  -4.004000000e-02 4.101000000e-01 9.112000000e-01
 Node:          8
  0.1367E+03  0.1169E+03  0.5055E+03 -0.8793E-01
   2.22E-16
   1.943E-16
   2.22E-16
  -4.025E-16
  -2.359E-16
  -2.22E-16
  6.547000000e-16
  4.477000000e-17
  -4.775000000e-16
  9.814900000e-16
  7.399000000e-17
  4.626800000e-16
  -6.847000000e-01 -5.611000000e-01 4.652000000e-01
  5.685000000e-01 -8.105000000e-01 -1.409000000e-01
  -4.561000000e-01 -1.681000000e-01 -8.739000000e-01
 Node:          9
  0.1339E+03  0.1180E+03  0.5191E+03 -0.8793E-01
   2.22E-16
   1.665E-16
   0.0
  -3.955E-16
  -2.776E-16
   6.661E-16
  1.002000000e-15
  -9.379000000e-18
  -1.046000000e-16
  1.062200000e-15
  2.960100000e-16
  5.007200000e-16
  -4.817000000e-01 -3.073000000e-01 8.207000000e-01
  -8.565000000e-01 -3.292000000e-02 -5.150000000e-01
  -1.853000000e-01 9.510000000e-01 2.474000000e-01
 Node:         10
  0.1294E+03  0.1212E+03  0.4911E+03 -0.8793E-01
   0.0
   2.776E-17
   1.11E-16
  -1.388E-17
   1.249E-16
   1.11E-16
  2.363000000e-16
  2.303000000e-17
  -3.732000000e-17
  2.489900000e-16
  7.400300000e-17
  1.173800000e-16
  4.210000000e-02 7.100000000e-01 7.030000000e-01
  -7.813000000e-01 -4.152000000e-01 4.661000000e-01
  -6.228000000e-01 5.688000000e-01 -5.372000000e-01
 Node:         11
  0.1295E+03  0.1214E+03  0.5055E+03 -0.8793E-01
  -2.22E-16
  -2.776E-17
  -2.22E-16
  -4.163E-17
   1.388E-17
  -1.665E-16
  -1.365000000e-16
  -2.183000000e-16
  -2.558000000e-16
  1.056600000e-16
  -2.035300000e-16
  4.981100000e-17
  -4.935000000e-01 2.929000000e-01 8.189000000e-01
  3.541000000e-01 -7.924000000e-01 4.968000000e-01
  -7.944000000e-01 -5.351000000e-01 -2.873000000e-01
 Node:         12
  0.1295E+03  0.1217E+03  0.5196E+03 -0.8793E-01
   1.11E-16
   0.0
   1.11E-16
   7.633E-17
   2.776E-17
   2.22E-16
  2.649000000e-16
  1.110000000e-16
  6.816000000e-17
  1.792000000e-16
  1.480200000e-16
  8.447700000e-17
  -4.387000000e-01 -1.595000000e-01 -8.844000000e-01
  3.417000000e-01 -9.398000000e-01 -2.255000000e-17
  8.311000000e-01 3.022000000e-01 -4.668000000e-01
 Node:         13
  0.1361E+03  0.1199E+03  0.4914E+03 -0.8793E-01
   1.11E-16
  -1.388E-16
   0.0
  -9.714E-17
   2.776E-17
  -1.665E-16
  2.285000000e-16
  -8.520000000e-17
  -1.988000000e-16
  3.833400000e-16
  -1.850000000e-17
  1.807100000e-16
  8.171000000e-01 -5.252000000e-01 -2.378000000e-01
  4.648000000e-01 8.442000000e-01 -2.671000000e-01
  3.410000000e-01 1.077000000e-01 9.339000000e-01
 Node:         14
  0.1342E+03  0.1198E+03  0.5054E+03 -0.8793E-01
  -5.551E-17
   2.776E-17
   0.0
   5.551E-17
  -9.021E-17
   1.11E-16
  1.672000000e-16
  -4.940000000e-18
  -1.068000000e-16
  2.398800000e-16
  1.848700000e-17
  1.130800000e-16
  1.634000000e-01 -4.472000000e-01 8.794000000e-01
  -6.569000000e-01 -7.144000000e-01 -2.412000000e-01
  -7.361000000e-01 5.382000000e-01 4.105000000e-01
 Node:         15
  0.1330E+03  0.1205E+03  0.5193E+03 -0.8793E-01
   2.22E-16
  -8.327E-17
  -5.551E-17
   1.388E-17
   4.857E-17
   0.0
  2.451000000e-16
  2.471000000e-17
  -1.033000000e-16
  3.052400000e-16
  5.550300000e-17
  1.438900000e-16
  -9.638000000e-01 2.667000000e-01 -1.723000000e-03
  1.157000000e-01 4.239000000e-01 8.983000000e-01
  2.403000000e-01 8.656000000e-01 -4.394000000e-01
 Node:         16
  0.1404E+03  0.1188E+03  0.4918E+03 -0.8793E-01
   2.22E-16
   5.551E-17
   2.22E-16
  -8.327E-17
  -1.457E-16
   4.441E-16
  5.466000000e-16
  1.950000000e-16
  1.465000000e-16
  3.781900000e-16
  2.960300000e-16
  1.782800000e-16
  -2.927000000e-01 -4.328000000e-01 8.526000000e-01
  -9.222000000e-01 -1.077000000e-01 -3.713000000e-01
  -2.526000000e-01 8.950000000e-01 3.676000000e-01
 Node:         17
  0.1365E+03  0.1184E+03  0.5055E+03 -0.8793E-01
  -1.11E-16
   2.776E-17
  -1.11E-16
   9.714E-17
   1.7E-16
   0.0
  1.573000000e-16
  -1.341000000e-16
  -2.452000000e-16
  3.600400000e-16
  -7.400000000e-17
  1.697300000e-16
  3.368000000e-01 5.285000000e-01 7.792000000e-01
  8.927000000e-01 -4.425000000e-01 -8.566000000e-02
  -2.996000000e-01 -7.244000000e-01 6.209000000e-01
 Node:         18
  0.1341E+03  0.1191E+03  0.5192E+03 -0.8793E-01
   0.0
   0.0
   0.0
   2.645E-17
   1.065E-16
   4.441E-16
  4.697000000e-16
  -1.672000000e-33
  -2.562000000e-17
  4.830200000e-16
  1.480300000e-16
  2.277000000e-16
  -5.484000000e-02 -2.207000000e-01 -9.738000000e-01
  9.705000000e-01 -2.411000000e-01 -6.210000000e-17
  -2.348000000e-01 -9.451000000e-01 2.274000000e-01
 Node:         19
  0.1301E+03  0.1291E+03  0.4914E+03  0.0000E+00
   1.11E-16
   0.0
   1.11E-16
   2.101E-19
   1.001E-17
  -2.22E-16
  1.113000000e-16
  1.110000000e-16
  -2.223000000e-16
  3.334500000e-16
  0.000000000e+00
  1.571900000e-16
  -2.096000000e-02 -9.993000000e-01 -3.003000000e-02
  9.998000000e-01 -2.097000000e-02 1.345000000e-19
  6.298000000e-04 3.003000000e-02 -9.995000000e-01
 Node:         20
  0.1299E+03  0.1291E+03  0.5058E+03  0.0000E+00
   2.22E-16
   0.0
   0.0
   1.041E-17
   1.924E-17
  -5.551E-17
  2.224000000e-16
  5.975000000e-18
  -6.188000000e-17
  2.571600000e-16
  5.549800000e-17
  1.212200000e-16
  -9.993000000e-01 -3.257000000e-03 -3.765000000e-02
  1.428000000e-02 -9.549000000e-01 -2.965000000e-01
  -3.498000000e-02 -2.968000000e-01 9.543000000e-01
 Node:         21
  0.1301E+03  0.1280E+03  0.5197E+03  0.0000E+00
   1.11E-16
   0.0
   0.0
   4.163E-17
   1.475E-17
   1.11E-16
  1.534000000e-16
  7.089000000e-17
  -2.220000000e-18
  1.348500000e-16
  7.402300000e-17
  6.357000000e-17
  -6.994000000e-01 -6.840000000e-02 -7.114000000e-01
  -7.126000000e-01 1.429000000e-01 6.869000000e-01
  -5.465000000e-02 -9.874000000e-01 1.487000000e-01
 Node:         22
  0.1360E+03  0.1256E+03  0.4913E+03  0.0000E+00
  -2.22E-16
   1.388E-17
  -1.11E-16
  -1.388E-17
   1.006E-16
   1.11E-16
  1.500000000e-16
  -1.456000000e-16
  -2.264000000e-16
  3.432100000e-16
  -7.400000000e-17
  1.617900000e-16
  -2.144000000e-02 3.586000000e-01 9.332000000e-01
  2.280000000e-01 9.106000000e-01 -3.447000000e-01
  -9.734000000e-01 2.054000000e-01 -1.013000000e-01
 Node:         23
  0.1343E+03  0.1253E+03  0.5054E+03  0.0000E+00
   0.0
   2.082E-17
  -4.441E-16
   0.0
   1.314E-16
  -1.665E-16
  1.265000000e-18
  -1.147000000e-16
  -4.972000000e-16
  4.517900000e-16
  -2.035500000e-16
  2.129700000e-16
  9.970000000e-01 6.061000000e-02 4.746000000e-02
  6.644000000e-02 -3.661000000e-01 -9.282000000e-01
  3.888000000e-02 -9.286000000e-01 3.690000000e-01
 Node:         24
  0.1336E+03  0.1248E+03  0.5194E+03  0.0000E+00
  -2.22E-16
   1.214E-17
   0.0
   1.388E-17
   8.674E-19
  -1.665E-16
  6.779000000e-19
  -1.633000000e-16
  -2.259000000e-16
  2.026600000e-16
  -1.295100000e-16
  9.553700000e-17
  -5.504000000e-02 -9.984000000e-01 -9.747000000e-03
  2.257000000e-01 -2.195000000e-02 9.740000000e-01
  -9.726000000e-01 5.141000000e-02 2.265000000e-01
 Node:         25
  0.1400E+03  0.1206E+03  0.4917E+03  0.0000E+00
   0.0
   2.671E-16
  -1.11E-16
  -8.327E-17
  -1.301E-16
   2.22E-16
  3.681000000e-16
  7.580000000e-17
  -3.329000000e-16
  6.098700000e-16
  3.700000000e-17
  2.874900000e-16
  5.089000000e-01 4.781000000e-01 -7.159000000e-01
  6.086000000e-01 3.883000000e-01 6.920000000e-01
  6.088000000e-01 -7.878000000e-01 -9.334000000e-02
 Node:         26
  0.1363E+03  0.1200E+03  0.5055E+03  0.0000E+00
   2.22E-16
   1.076E-16
  -6.106E-16
   2.776E-17
  -1.124E-15
  -5.551E-17
  8.281000000e-16
  2.248000000e-16
  -1.497000000e-15
  2.089800000e-15
  -1.480300000e-16
  9.851500000e-16
  7.371000000e-02 6.174000000e-01 -7.832000000e-01
  9.955000000e-01 1.018000000e-03 9.449000000e-02
  -5.914000000e-02 7.866000000e-01 6.146000000e-01
 Node:         27
  0.1343E+03  0.1203E+03  0.5192E+03  0.0000E+00
   2.22E-16
  -1.943E-16
   2.22E-16
  -1.041E-16
   1.313E-15
   0.0
  1.466000000e-15
  1.875000000e-16
  -1.209000000e-15
  2.317400000e-15
  1.481700000e-16
  1.092400000e-15
  -1.693000000e-01 7.280000000e-01 6.643000000e-01
  9.848000000e-01 9.849000000e-02 1.431000000e-01
  3.876000000e-02 6.785000000e-01 -7.336000000e-01
 Node:         28
  0.1155E+03  0.1124E+03  0.4931E+03 -0.5255E+00
  -2.22E-16
   3.816E-17
   2.22E-16
  -5.551E-17
   5.551E-17
   1.11E-16
  2.455000000e-16
  1.014000000e-16
  -2.359000000e-16
  4.279500000e-16
  3.700000000e-17
  2.017400000e-16
  3.184000000e-02 9.284000000e-01 3.701000000e-01
  1.988000000e-01 3.571000000e-01 -9.127000000e-01
  9.795000000e-01 -1.026000000e-01 1.732000000e-01
 Node:         29
  0.1119E+03  0.1139E+03  0.5068E+03 -0.5255E+00
  -2.22E-16
  -2.082E-17
   0.0
   5.551E-17
   6.939E-18
  -3.331E-16
  1.944000000e-18
  -2.004000000e-16
  -3.566000000e-16
  3.113600000e-16
  -1.850200000e-16
  1.467800000e-16
  -9.118000000e-02 9.958000000e-01 5.517000000e-03
  -9.179000000e-01 -8.189000000e-02 -3.884000000e-01
  -3.863000000e-01 -4.048000000e-02 9.215000000e-01
 Node:         30
  0.1113E+03  0.1159E+03  0.5206E+03 -0.5255E+00
   2.22E-16
   1.249E-16
   2.22E-16
   0.0
  -2.776E-17
   1.11E-16
  3.486000000e-16
  1.238000000e-16
  8.277000000e-17
  2.478800000e-16
  1.850600000e-16
  1.168500000e-16
  -7.001000000e-01 -7.092000000e-01 8.287000000e-02
  -4.685000000e-01 3.686000000e-01 -8.029000000e-01
  -5.389000000e-01 6.009000000e-01 5.903000000e-01
 Node:         31
  0.1203E+03  0.1126E+03  0.4920E+03 -0.5255E+00
  -5.551E-17
   9.714E-17
  -1.11E-16
   2.776E-17
   4.163E-17
  -5.551E-17
  4.114000000e-17
  -7.661000000e-17
  -1.866000000e-16
  1.972700000e-16
  -7.402300000e-17
  9.299200000e-17
  -6.956000000e-01 -5.654000000e-01 -4.433000000e-01
  4.358000000e-01 1.585000000e-01 -8.860000000e-01
  5.712000000e-01 -8.095000000e-01 1.362000000e-01
 Node:         32
  0.1188E+03  0.1134E+03  0.5062E+03 -0.5255E+00
   2.22E-16
  -1.388E-17
  -1.11E-16
  -2.776E-17
   9.714E-17
  -5.551E-17
  2.266000000e-16
  1.331000000e-17
  -1.844000000e-16
  3.560200000e-16
  1.850300000e-17
  1.678300000e-16
  -9.894000000e-01 7.624000000e-02 1.236000000e-01
  1.445000000e-01 5.992000000e-01 7.875000000e-01
  1.402000000e-02 -7.970000000e-01 6.038000000e-01
 Node:         33
  0.1183E+03  0.1150E+03  0.5201E+03 -0.5255E+00
   1.11E-16
   5.551E-17
   0.0
   8.327E-17
   0.0
   0.0
  1.700000000e-16
  0.000000000e+00
  -5.893000000e-17
  2.058900000e-16
  3.702300000e-17
  9.705800000e-17
  -8.617000000e-01 -2.815000000e-01 -4.222000000e-01
  0.000000000e+00 -8.321000000e-01 5.547000000e-01
  -5.074000000e-01 4.780000000e-01 7.170000000e-01
 Node:         34
  0.1255E+03  0.1129E+03  0.4909E+03 -0.5255E+00
   0.0
   0.0
   0.0
   5.551E-17
   9.714E-17
   0.0
  1.119000000e-16
  3.387000000e-33
  -1.119000000e-16
  1.938200000e-16
  0.000000000e+00
  9.136600000e-17
  -3.508000000e-01 -6.139000000e-01 -7.071000000e-01
  8.682000000e-01 -4.961000000e-01 -4.855000000e-17
  -3.508000000e-01 -6.139000000e-01 7.071000000e-01
 Node:         35
  0.1260E+03  0.1135E+03  0.5054E+03 -0.5255E+00
   0.0
   1.11E-16
  -1.11E-16
   1.11E-16
   2.498E-16
  -1.11E-16
  2.410000000e-16
  -1.023000000e-16
  -3.608000000e-16
  5.229000000e-16
  -7.403300000e-17
  2.465000000e-16
  5.458000000e-01 5.925000000e-01 5.925000000e-01
  8.379000000e-01 -3.859000000e-01 -3.859000000e-01
  -4.975000000e-17 -7.071000000e-01 7.071000000e-01
 Node:         36
  0.1257E+03  0.1153E+03  0.5196E+03 -0.5255E+00
   0.0
  -5.551E-17
   0.0
  -5.551E-17
   8.327E-17
   0.0
  1.305000000e-16
  -4.723000000e-17
  -8.327000000e-17
  1.982200000e-16
  0.000000000e+00
  9.344300000e-17
  -5.155000000e-01 6.059000000e-01 6.059000000e-01
  8.569000000e-01 3.645000000e-01 3.645000000e-01
  -1.256000000e-16 7.071000000e-01 -7.071000000e-01
 Node:         37
  0.1132E+03  0.1210E+03  0.4959E+03 -0.5255E+00
  -2.22E-16
   1.388E-16
  -2.22E-16
  -8.327E-17
   1.804E-16
  -2.776E-16
  -4.482000000e-17
  -1.622000000e-16
  -5.146000000e-16
  4.234700000e-16
  -2.405400000e-16
  1.996300000e-16
  3.971000000e-01 7.887000000e-01 4.693000000e-01
  -7.874000000e-01 3.010000000e-02 6.157000000e-01
  4.715000000e-01 -6.140000000e-01 6.330000000e-01
 Node:         38
  0.1111E+03  0.1204E+03  0.5085E+03 -0.5255E+00
  -1.665E-16
   9.714E-17
   0.0
  -2.776E-17
  -8.327E-17
  -2.22E-16
  7.071000000e-17
  -2.091000000e-16
  -2.502000000e-16
  3.024600000e-16
  -1.295300000e-16
  1.425800000e-16
  -3.916000000e-01 -8.746000000e-01 2.859000000e-01
  9.154000000e-01 -3.389000000e-01 2.170000000e-01
  9.287000000e-02 -3.467000000e-01 -9.334000000e-01
 Node:         39
  0.1119E+03  0.1201E+03  0.5207E+03 -0.5255E+00
  -5.551E-17
  -9.714E-17
  -3.331E-16
  -8.327E-17
  -7.633E-17
  -1.11E-16
  8.934000000e-18
  -1.105000000e-16
  -3.981000000e-16
  3.623900000e-16
  -1.665600000e-16
  1.708300000e-16
  8.510000000e-01 -1.281000000e-01 -5.092000000e-01
  4.076000000e-01 -4.503000000e-01 7.944000000e-01
  -3.311000000e-01 -8.836000000e-01 -3.310000000e-01
 Node:         40
  0.1191E+03  0.1220E+03  0.4937E+03 -0.5255E+00
   0.0
   8.327E-17
  -2.22E-16
   8.327E-17
  -1.388E-17
  -2.22E-16
  4.872000000e-17
  -2.082000000e-16
  -2.846000000e-16
  3.024500000e-16
  -1.480300000e-16
  1.425700000e-16
  -9.240000000e-01 -2.703000000e-01 -2.703000000e-01
  0.000000000e+00 -7.071000000e-01 7.071000000e-01
  3.823000000e-01 -6.534000000e-01 -6.534000000e-01
 Node:         41
  0.1182E+03  0.1217E+03  0.5073E+03 -0.5255E+00
   0.0
  -2.776E-17
  -5.551E-17
   5.551E-17
   9.714E-17
   1.11E-16
  1.653000000e-16
  1.073000000e-17
  -1.206000000e-16
  2.478700000e-16
  1.847700000e-17
  1.168500000e-16
  2.406000000e-01 3.653000000e-01 8.993000000e-01
  -8.901000000e-01 4.526000000e-01 5.428000000e-02
  -3.871000000e-01 -8.135000000e-01 4.340000000e-01
 Node:         42
  0.1187E+03  0.1212E+03  0.5204E+03 -0.5255E+00
   0.0
  -5.551E-17
  -1.11E-16
   0.0
   5.551E-17
   1.11E-16
  1.256000000e-16
  1.887000000e-17
  -1.444000000e-16
  2.355300000e-16
  2.333300000e-20
  1.110300000e-16
  1.113000000e-01 -2.517000000e-01 -9.614000000e-01
  9.295000000e-01 -3.159000000e-01 1.903000000e-01
  -3.516000000e-01 -9.148000000e-01 1.988000000e-01
 Node:         43
  0.1258E+03  0.1217E+03  0.4915E+03 -0.5255E+00
   2.22E-16
   1.11E-16
   1.11E-16
  -1.388E-17
   0.0
  -5.551E-17
  2.911000000e-16
  4.294000000e-17
  -5.645000000e-17
  3.100400000e-16
  9.253000000e-17
  1.461600000e-16
  -8.507000000e-01 -5.246000000e-01 3.406000000e-02
  -5.213000000e-01 8.502000000e-01 7.348000000e-02
  6.751000000e-02 -4.475000000e-02 9.967000000e-01
 Node:         44
  0.1259E+03  0.1220E+03  0.5059E+03 -0.5255E+00
  -2.22E-16
   1.388E-16
  -2.22E-16
   9.714E-17
   1.11E-16
  -1.11E-16
  5.081000000e-17
  -2.445000000e-16
  -3.614000000e-16
  3.679600000e-16
  -1.850300000e-16
  1.734600000e-16
  -5.113000000e-01 -5.340000000e-01 -6.733000000e-01
  -5.198000000e-01 -4.318000000e-01 7.372000000e-01
  -6.844000000e-01 7.269000000e-01 -5.679000000e-02
 Node:         45
  0.1261E+03  0.1221E+03  0.5198E+03 -0.5255E+00
  -5.551E-17
  -8.327E-17
  -2.776E-16
   2.776E-17
  -6.939E-18
   1.11E-16
  1.167000000e-16
  -3.339000000e-17
  -3.053000000e-16
  3.705000000e-16
  -7.399700000e-17
  1.746600000e-16
  1.854000000e-01 -5.643000000e-02 9.810000000e-01
  9.302000000e-01 -3.117000000e-01 -1.938000000e-01
  -3.167000000e-01 -9.485000000e-01 5.308000000e-03
 Node:         46
  0.1117E+03  0.1296E+03  0.4959E+03  0.0000E+00
  -5.551E-17
   2.776E-17
  -1.665E-16
   6.939E-18
  -2.602E-17
   0.0
  4.101000000e-18
  -4.897000000e-17
  -1.772000000e-16
  1.614500000e-16
  -7.402300000e-17
  7.610600000e-17
  4.856000000e-02 -1.429000000e-01 9.886000000e-01
  9.724000000e-01 2.327000000e-01 -1.414000000e-02
  -2.280000000e-01 9.620000000e-01 1.502000000e-01
 Node:         47
  0.1107E+03  0.1269E+03  0.5087E+03  0.0000E+00
  -1.665E-16
  -3.123E-17
   1.11E-16
  -2.776E-17
   3.99E-17
   0.0
  1.289000000e-16
  -1.114000000e-17
  -1.732000000e-16
  2.618600000e-16
  -1.848000000e-17
  1.234400000e-16
  -1.292000000e-01 9.390000000e-01 3.186000000e-01
  -1.008000000e-01 -3.321000000e-01 9.379000000e-01
  -9.865000000e-01 -8.906000000e-02 -1.376000000e-01
 Node:         48
  0.1125E+03  0.1242E+03  0.5208E+03  0.0000E+00
   1.11E-16
   3.469E-18
   1.11E-16
   0.0
  -1.735E-18
   1.11E-16
  1.149000000e-16
  1.110000000e-16
  1.071000000e-16
  6.755000000e-18
  1.110000000e-16
  3.184300000e-18
  -6.325000000e-01 -7.071000000e-01 3.162000000e-01
  4.472000000e-01 -4.455000000e-15 8.944000000e-01
  -6.325000000e-01 7.071000000e-01 3.162000000e-01
 Node:         49
  0.1186E+03  0.1311E+03  0.4938E+03  0.0000E+00
  -1.665E-16
  -2.082E-17
   0.0
  -4.163E-17
  -6.072E-18
  -5.551E-17
  2.581000000e-18
  -4.165000000e-17
  -1.830000000e-16
  1.678900000e-16
  -7.402300000e-17
  7.914600000e-17
  1.174000000e-01 -9.929000000e-01 1.965000000e-02
  -3.135000000e-01 -1.827000000e-02 9.494000000e-01
  -9.423000000e-01 -1.176000000e-01 -3.134000000e-01
 Node:         50
  0.1180E+03  0.1298E+03  0.5075E+03  0.0000E+00
   0.0
  -1.301E-17
   3.331E-16
  -4.163E-17
   1.247E-17
   2.22E-16
  3.354000000e-16
  2.276000000e-16
  -7.879000000e-18
  3.040700000e-16
  1.850400000e-16
  1.433400000e-16
  5.441000000e-02 -9.902000000e-01 -1.289000000e-01
  -1.707000000e-01 -1.364000000e-01 9.758000000e-01
  9.838000000e-01 3.109000000e-02 1.765000000e-01
 Node:         51
  0.1192E+03  0.1275E+03  0.5206E+03  0.0000E+00
   0.0
  -3.469E-18
  -5.551E-17
   0.0
   1.475E-17
   1.11E-16
  1.123000000e-16
  2.087000000e-19
  -5.702000000e-17
  1.491800000e-16
  1.849600000e-17
  7.032400000e-17
  -2.705000000e-03 8.758000000e-02 9.962000000e-01
  9.982000000e-01 -6.004000000e-02 7.989000000e-03
  -6.051000000e-02 -9.943000000e-01 8.725000000e-02
 Node:         52
  0.1262E+03  0.1305E+03  0.4920E+03  0.0000E+00
   1.11E-16
  -1.388E-17
   1.11E-16
   1.301E-18
   4.906E-18
   0.0
  1.250000000e-16
  9.734000000e-17
  -2.497000000e-19
  1.139700000e-16
  7.403000000e-17
  5.372400000e-17
  -7.047000000e-01 7.092000000e-01 2.051000000e-02
  7.093000000e-01 7.034000000e-01 4.493000000e-02
  -1.744000000e-02 -4.621000000e-02 9.988000000e-01
 Node:         53
  0.1258E+03  0.1304E+03  0.5063E+03  0.0000E+00
  -1.665E-16
  -1.735E-18
  -1.11E-16
   2.776E-17
   3.383E-17
  -2.22E-16
  -1.010000000e-16
  -1.572000000e-16
  -2.414000000e-16
  1.223900000e-16
  -1.665300000e-16
  5.769700000e-17
  9.684000000e-02 9.526000000e-01 2.883000000e-01
  -9.346000000e-01 1.866000000e-01 -3.027000000e-01
  -3.422000000e-01 -2.402000000e-01 9.084000000e-01
 Node:         54
  0.1265E+03  0.1288E+03  0.5200E+03  0.0000E+00
  -2.22E-16
   2.082E-17
   1.11E-16
   0.0
  -4.337E-18
   1.11E-16
  1.160000000e-16
  1.073000000e-16
  -2.233000000e-16
  3.350300000e-16
  0.000000000e+00
  1.579400000e-16
  -4.656000000e-02 -7.562000000e-01 6.527000000e-01
  -4.117000000e-02 -6.514000000e-01 -7.576000000e-01
  -9.981000000e-01 6.215000000e-02 8.061000000e-04
 Node:         55
  0.1382E+03  0.1167E+03  0.4539E+03 -0.6036E-04
  -0.05693
  -0.009669
   0.05169
   0.002688
   0.01757
   0.03092
  6.465400000e-02
  2.124000000e-02
  -5.610800000e-02
  1.070300000e-01
  9.928900000e-03
  5.045300000e-02
  -2.224500000e-02 3.164800000e-01 2.143900000e-01
  -1.402400000e-02 1.680500000e-01 -2.590100000e-01
  -7.901400000e-01 -6.541900000e-02 -1.124700000e-02
 Node:         56
  0.1314E+03  0.1156E+03  0.4690E+03 -0.6036E-04
  -0.05865
   0.002625
   0.02767
   0.01576
   6.656E-4
   0.001687
  2.777100000e-02
  4.939400000e-03
  -6.054100000e-02
  7.984300000e-02
  -9.276900000e-03
  3.763800000e-02
  -1.863200000e-02 -4.730100000e-01 1.628100000e-02
  1.281100000e-01 -2.295500000e-02 5.023900000e-01
  -9.302200000e-01 3.797300000e-02 1.778200000e-01
 Node:         57
  0.1285E+03  0.1140E+03  0.4824E+03 -0.6036E-04
  -0.01386
   0.006575
  -0.001276
   0.005199
  -0.003561
  -0.002062
  1.914600000e-03
  -5.411100000e-04
  -1.844700000e-02
  1.915500000e-02
  -5.691300000e-03
  9.029600000e-03
  -1.598600000e-01 -9.007200000e-01 4.562400000e-01
  4.518100000e-01 3.010700000e-01 8.273800000e-01
  -8.591700000e-01 3.913800000e-01 3.244100000e-01
 Node:         58
  0.1485E+03  0.1176E+03  0.4541E+03 -0.6036E-04
  -0.06168
  -0.02762
   0.0886
  -0.004432
   0.01449
   0.004401
  1.008300000e-01
  1.346900000e-03
  -6.661900000e-02
  1.471800000e-01
  1.185200000e-02
  6.937900000e-02
  8.915300000e-02 -6.269700000e-01 -1.075100000e-01
  3.401400000e-02 -1.710500000e-01 9.500200000e-01
  -6.359900000e-01 -9.977700000e-02 -4.760600000e-02
 Node:         59
  0.1420E+03  0.1166E+03  0.4698E+03 -0.6036E-04
  -0.05709
  -0.02195
   0.06347
   0.006559
   0.006253
  -0.01112
  6.994400000e-02
  -1.106800000e-02
  -6.177900000e-02
  1.158100000e-01
  -9.679100000e-04
  5.459500000e-02
  -4.788500000e-03 3.277000000e-01 -1.751700000e-02
  1.412300000e-01 -5.777400000e-02 9.614600000e-01
  -4.495300000e-01 -5.622400000e-02 1.103100000e-01
 Node:         60
  0.1375E+03  0.1150E+03  0.4833E+03 -0.6036E-04
  -0.01152
  -0.002959
   0.009144
   0.004885
  -0.001265
  -0.003466
  1.045000000e-02
  -1.698900000e-03
  -1.404800000e-02
  2.143000000e-02
  -1.765700000e-03
  1.010200000e-02
  -1.422500000e-01 8.832500000e-01 -1.643800000e-01
  -2.507800000e-01 -2.310000000e-01 -2.343500000e-01
  -3.818900000e-01 8.056900000e-02 2.722900000e-01
 Node:         61
  0.1556E+03  0.1219E+03  0.4539E+03 -0.6036E-04
  -0.02845
  -0.02693
   0.04988
  -0.0213
   0.02812
  -0.06529
  7.396000000e-02
  -3.475300000e-02
  -7.949600000e-02
  1.371100000e-01
  -1.342900000e-02
  6.463300000e-02
  -2.342900000e-01 6.471800000e-01 1.745200000e-01
  7.586200000e-01 3.208300000e-01 -2.002100000e-01
  2.782300000e-01 -1.287600000e-01 7.894100000e-01
 Node:         62
  0.1494E+03  0.1202E+03  0.4702E+03 -0.6036E-04
  -0.002946
  -0.0379
   0.05127
  -0.006292
   0.01513
  -0.0607
  7.905400000e-02
  -2.362900000e-02
  -6.418300000e-02
  1.279300000e-01
  -2.919500000e-03
  6.030900000e-02
  -2.250100000e-01 4.927800000e-01 5.282900000e-02
  9.057000000e-01 4.850800000e-01 4.310700000e-03
  -2.586900000e-02 -4.144200000e-02 2.116600000e-01
 Node:         63
  0.1437E+03  0.1181E+03  0.4839E+03 -0.6036E-04
   0.006843
  -0.01085
   0.01185
   0.001917
  -0.0014
  -0.01075
  2.249000000e-02
  -1.937800000e-03
  -1.113700000e-02
  3.036400000e-02
  3.138500000e-03
  1.431400000e-02
  -2.791500000e-01 3.471600000e-01 -4.316600000e-02
  7.829500000e-01 6.177100000e-01 9.068900000e-02
  2.392000000e-02 -9.659400000e-02 1.188300000e-01
 Node:         64
  0.1415E+03  0.1253E+03  0.4528E+03 -0.6036E-04
  -0.04106
   0.009834
   0.04826
  -0.01165
   0.008437
  -0.009458
  5.318700000e-02
  -6.323800000e-03
  -4.856200000e-02
  8.868600000e-02
  -5.661600000e-04
  4.180700000e-02
  9.986500000e-02 8.409800000e-01 1.105000000e-01
  2.957400000e-01 7.393600000e-02 -8.313500000e-01
  -5.848800000e-01 9.454100000e-02 -1.934500000e-01
 Node:         65
  0.1342E+03  0.1229E+03  0.4685E+03 -0.6036E-04
  -0.03234
   0.00197
   0.04137
  -0.003378
   0.003407
  -0.0070
  4.359800000e-02
  -6.689100000e-03
  -3.376400000e-02
  6.822500000e-02
  1.048500000e-03
  3.216200000e-02
  -5.671100000e-02 -5.064500000e-01 -3.061600000e-02
  -1.037200000e-01 -4.158300000e-02 6.880500000e-01
  -5.453300000e-01 5.647700000e-02 -1.385900000e-02
 Node:         66
  0.1299E+03  0.1214E+03  0.4825E+03 -0.6036E-04
  -0.003449
  -4.848E-4
   0.006755
   0.001964
  -0.001434
  -0.00166
  7.625000000e-03
  -6.458800000e-04
  -4.677700000e-03
  1.102800000e-02
  7.671300000e-04
  5.198600000e-03
  -1.230600000e-01 -5.550400000e-02 6.526200000e-02
  3.736800000e-01 1.324100000e-01 4.129200000e-01
  5.321100000e-01 -7.695200000e-02 -2.915300000e-01
 Node:         67
  0.1502E+03  0.1243E+03  0.4531E+03 -0.6036E-04
  -0.04263
  -0.01552
   0.04342
  -0.009942
   0.006032
   0.00439
  5.180700000e-02
  5.331700000e-03
  -4.823900000e-02
  8.846000000e-02
  2.966500000e-03
  4.170000000e-02
  -3.206400000e-03 1.542000000e-02 -1.928100000e-02
  -1.298300000e-01 -2.241000000e-01 8.993200000e-01
  -7.311000000e-01 -1.129900000e-01 -1.209700000e-01
 Node:         68
  0.1434E+03  0.1224E+03  0.4692E+03 -0.6036E-04
  -0.02858
  -0.0279
   0.04517
  -0.006827
   0.007933
   0.001008
  6.025100000e-02
  3.008100000e-04
  -3.934400000e-02
  8.778700000e-02
  7.069400000e-03
  4.138300000e-02
  1.034600000e-01 -3.339200000e-01 -5.692600000e-02
  -1.102100000e-01 -2.507800000e-01 9.597300000e-01
  -2.278400000e-01 -3.920200000e-02 5.121000000e-02
 Node:         69
  0.1380E+03  0.1205E+03  0.4831E+03 -0.6036E-04
  -0.001277
  -0.008364
   0.01213
  -1.07E-4
   0.00166
  -4.893E-4
  1.771900000e-02
  -4.828500000e-04
  -5.473900000e-03
  2.128500000e-02
  3.920900000e-03
  1.003400000e-02
  -4.208500000e-01 8.962300000e-01 8.053600000e-02
  1.447800000e-01 -1.553400000e-02 8.802500000e-01
  8.174000000e-01 3.745300000e-01 -1.220100000e-01
 Node:         70
  0.1558E+03  0.1240E+03  0.4536E+03 -0.6036E-04
  -0.03421
  -0.01914
   3.634E-5
  -0.02274
   0.01537
   0.03875
  5.829600000e-02
  -3.310600000e-03
  -4.760000000e-02
  9.213100000e-02
  2.461500000e-03
  4.343100000e-02
  -8.161700000e-02 1.224800000e-01 1.079800000e-01
  1.153500000e-01 -8.776600000e-01 4.641700000e-01
  -1.810400000e-02 2.716600000e-02 -6.442700000e-02
 Node:         71
  0.1496E+03  0.1221E+03  0.4700E+03 -0.6036E-04
  -0.01303
  -0.03936
   0.02677
  -0.02483
   0.02114
   0.01438
  7.532400000e-02
  -6.609100000e-04
  -4.094500000e-02
  1.028100000e-01
  1.123900000e-02
  4.846400000e-02
  -3.149000000e-01 5.080600000e-01 3.616000000e-01
  7.120000000e-02 -4.819000000e-01 7.427800000e-01
  7.997200000e-01 3.899900000e-01 1.905000000e-01
 Node:         72
  0.1435E+03  0.1199E+03  0.4838E+03 -0.6036E-04
   0.003618
  -0.01397
   0.01087
  -0.004308
   0.004489
   0.001089
  2.557200000e-02
  -5.770300000e-04
  -7.304600000e-03
  3.020200000e-02
  5.896800000e-03
  1.423700000e-02
  -5.838000000e-01 7.646400000e-01 2.535100000e-01
  5.456500000e-02 -2.921300000e-01 9.078500000e-01
  7.560400000e-01 5.409000000e-01 6.346200000e-02
 Node:         73
  0.1447E+03  0.1339E+03  0.4524E+03  0.0000E+00
   0.01522
  -0.008819
  -0.03715
   0.003971
  -0.004391
   0.03217
  3.433400000e-02
  1.741000000e-02
  -4.024700000e-02
  6.801400000e-02
  3.832400000e-03
  3.206200000e-02
  2.422100000e-01 -5.119700000e-02 5.571800000e-01
  4.071700000e-01 -5.064300000e-02 -1.136700000e-02
  -7.879500000e-02 -5.484800000e-01 -2.111900000e-02
 Node:         74
  0.1369E+03  0.1304E+03  0.4683E+03  0.0000E+00
   0.03642
  -0.009938
  -0.01982
   0.0016
  -0.007565
   0.01994
  4.239300000e-02
  2.174100000e-02
  -2.321200000e-02
  5.817400000e-02
  1.364100000e-02
  2.742300000e-02
  2.643500000e-02 -9.653700000e-02 4.817300000e-02
  -1.848600000e-01 -1.167300000e-01 8.184300000e-01
  -8.179200000e-02 -7.829700000e-02 -4.431700000e-02
 Node:         75
  0.1313E+03  0.1289E+03  0.4826E+03  0.0000E+00
   0.01257
  -0.004062
  -0.002885
  -0.002737
  -0.001525
   0.001153
  1.551700000e-02
  1.681700000e-03
  -4.713500000e-03
  1.802900000e-02
  4.161800000e-03
  8.498900000e-03
  -9.504000000e-01 2.223500000e-01 1.798100000e-01
  7.824600000e-02 -3.745200000e-01 9.217300000e-01
  2.676500000e-01 7.410300000e-01 3.044900000e-01
 Node:         76
  0.1517E+03  0.1310E+03  0.4526E+03  0.0000E+00
   0.01621
  -0.01241
  -0.05201
  -0.001437
   0.01255
   0.04904
  5.087200000e-02
  1.988400000e-02
  -5.727800000e-02
  9.653100000e-02
  4.492600000e-03
  4.550500000e-02
  1.711400000e-02 1.669700000e-02 1.548700000e-01
  8.475800000e-01 -1.398300000e-01 4.629400000e-02
  7.703500000e-02 4.338600000e-01 -4.882800000e-02
 Node:         77
  0.1447E+03  0.1282E+03  0.4689E+03  0.0000E+00
   0.05365
  -0.002611
  -0.02752
  -0.003001
   0.009035
   0.02081
  5.926000000e-02
  2.227500000e-02
  -3.026800000e-02
  7.794300000e-02
  1.708900000e-02
  3.674300000e-02
  -9.857300000e-01 5.353300000e-02 1.244600000e-01
  1.310200000e-01 1.664500000e-01 9.723200000e-01
  -8.970300000e-03 6.684100000e-02 -1.873200000e-02
 Node:         78
  0.1385E+03  0.1261E+03  0.4829E+03  0.0000E+00
   0.02234
   9.269E-4
  -0.002317
  -0.002507
  -3.225E-4
   6.076E-4
  2.484000000e-02
  5.707400000e-04
  -2.572400000e-03
  2.598600000e-02
  7.612700000e-03
  1.225000000e-02
  -9.881300000e-01 -2.590100000e-02 1.231400000e-01
  6.459700000e-02 -9.147800000e-02 5.310600000e-01
  -8.561200000e-02 1.215300000e-01 -1.479300000e-01
 Node:         79
  0.1560E+03  0.1261E+03  0.4534E+03  0.0000E+00
   0.01757
   0.02588
   0.03602
   0.007868
   1.719E-5
  -0.1337
  6.067400000e-02
  -3.519500000e-03
  -1.574000000e-01
  1.943100000e-01
  -3.341600000e-02
  9.159600000e-02
  5.997300000e-01 7.845700000e-01 3.251800000e-02
  4.586000000e-02 7.545800000e-02 -2.775600000e-02
  -4.683000000e-02 4.275700000e-02 1.003600000e+00
 Node:         80
  0.1497E+03  0.1240E+03  0.4698E+03  0.0000E+00
   0.05897
   0.02253
   0.01694
   0.003603
  -0.002201
  -0.1106
  7.592200000e-02
  5.404700000e-03
  -1.300300000e-01
  1.827600000e-01
  -1.623500000e-02
  8.615200000e-02
  8.020600000e-01 3.990900000e-01 1.206300000e-02
  -4.193400000e-01 9.304300000e-01 -5.749100000e-02
  -2.724600000e-02 5.069600000e-02 1.031900000e+00
 Node:         81
  0.1433E+03  0.1217E+03  0.4837E+03  0.0000E+00
   0.02472
   0.004808
   0.001005
  -0.001041
  -2.92E-4
  -0.01471
  2.796900000e-02
  -1.345600000e-04
  -1.751300000e-02
  4.010500000e-02
  3.440400000e-03
  1.890500000e-02
  -9.796300000e-01 -1.911200000e-01 3.520100000e-02
  -1.884600000e-01 1.005500000e+00 -1.484700000e-02
  2.322400000e-02 2.182300000e-02 1.019800000e+00
 Node:         82
  0.1267E+03  0.1149E+03  0.4569E+03 -0.2031E-01
  -0.02007
  -0.004592
   0.01618
   0.004306
   0.01334
   0.003903
  2.593000000e-02
  -2.294800000e-03
  -2.328500000e-02
  4.278000000e-02
  1.166600000e-04
  2.016700000e-02
  -5.037500000e-02 8.551800000e-01 5.230100000e-01
  -2.183700000e-01 4.359300000e-01 -6.567400000e-01
  2.851400000e-01 -3.926800000e-02 -5.732200000e-02
 Node:         83
  0.1234E+03  0.1130E+03  0.4723E+03 -0.2031E-01
  -0.02533
   0.001615
   0.007307
   0.0231
   0.00565
  -0.01616
  1.040800000e-02
  -8.081500000e-04
  -4.366800000e-02
  4.935000000e-02
  -1.135600000e-02
  2.326400000e-02
  2.692300000e-01 7.726800000e-01 3.648000000e-01
  -5.270200000e-01 4.704700000e-01 -6.223200000e-01
  -7.908200000e-01 -8.484600000e-02 6.299000000e-01
 Node:         84
  0.1187E+03  0.1123E+03  0.4849E+03 -0.2031E-01
  -0.003577
   7.218E-4
   5.081E-4
   0.008739
  -3.693E-4
  -0.01548
  1.092800000e-03
  2.343300000e-04
  -1.987100000e-02
  2.048300000e-02
  -6.181200000e-03
  9.655700000e-03
  -7.067600000e-01 -4.597100000e-01 -3.971900000e-01
  4.363100000e-01 -8.044100000e-01 2.621100000e-01
  5.066700000e-01 -1.019600000e-02 -9.041900000e-01
 Node:         85
  0.1302E+03  0.1161E+03  0.4557E+03 -0.2031E-01
  -0.02294
  -0.003529
   0.02026
   0.006196
   0.01951
   0.009959
  3.588100000e-02
  -2.320900000e-03
  -2.568600000e-02
  5.381900000e-02
  2.624900000e-03
  2.537100000e-02
  -8.342500000e-03 6.685400000e-01 4.965500000e-01
  -2.325900000e-01 3.986900000e-01 -5.046500000e-01
  1.446200000e-01 6.531100000e-02 -1.136800000e-01
 Node:         86
  0.1252E+03  0.1138E+03  0.4707E+03 -0.2031E-01
  -0.01787
   0.01383
   0.03841
   0.04318
   0.01949
  -0.008673
  6.029600000e-02
  8.975500000e-03
  -5.480200000e-02
  9.999200000e-02
  4.823100000e-03
  4.713600000e-02
  -4.075100000e-01 -7.468700000e-01 -4.724400000e-01
  5.362800000e-01 -6.140500000e-01 5.364000000e-01
  7.436500000e-01 3.387000000e-02 -7.082100000e-01
 Node:         87
  0.1217E+03  0.1126E+03  0.4834E+03 -0.2031E-01
  -0.006864
   4.292E-4
   0.001376
   0.0112
  -0.001826
  -0.01415
  1.869000000e-03
  6.041900000e-04
  -2.202300000e-02
  2.317700000e-02
  -6.516700000e-03
  1.092600000e-02
  -4.847000000e-01 7.864900000e-01 -4.622200000e-01
  6.640900000e-01 6.975600000e-01 4.151400000e-01
  5.755300000e-01 -8.370600000e-02 -8.588600000e-01
 Node:         88
  0.1338E+03  0.1169E+03  0.4541E+03 -0.2031E-01
  -0.04049
  -0.00784
   0.01658
   0.005255
   0.02527
   0.0285
  4.999000000e-02
  -9.554800000e-04
  -4.234900000e-02
  8.005200000e-02
  2.228400000e-03
  3.773700000e-02
  2.971300000e-03 6.323100000e-01 7.932400000e-01
  -2.252200000e-01 7.225100000e-01 -5.752800000e-01
  6.668100000e-01 1.356600000e-01 -1.138500000e-01
 Node:         89
  0.1270E+03  0.1150E+03  0.4690E+03 -0.2031E-01
  -0.04702
   0.005481
   0.009433
   0.01966
   0.006717
  -0.004039
  1.464400000e-02
  -2.205000000e-03
  -5.306700000e-02
  6.088800000e-02
  -1.354300000e-02
  2.870300000e-02
  2.270300000e-01 7.529600000e-01 4.674500000e-01
  -2.412100000e-01 5.328000000e-01 -7.131800000e-01
  -9.828500000e-01 -6.761200000e-03 3.431400000e-01
 Node:         90
  0.1248E+03  0.1132E+03  0.4822E+03 -0.2031E-01
  -0.01192
   0.00673
  -0.003073
   0.006008
  -0.003321
  -0.0035
  2.650400000e-04
  -4.177800000e-04
  -1.826900000e-02
  1.808800000e-02
  -6.140700000e-03
  8.526700000e-03
  4.395500000e-01 7.512900000e-01 -4.428700000e-02
  2.099900000e-01 -7.751500000e-02 4.929400000e-01
  -8.551900000e-01 4.138000000e-01 4.168900000e-01
 Node:         91
  0.1260E+03  0.1264E+03  0.4552E+03 -0.2031E-01
  -0.02647
   0.01554
   0.04079
  -0.00302
   0.01974
   0.001099
  5.356200000e-02
  -4.252200000e-03
  -3.238900000e-02
  7.589400000e-02
  5.640300000e-03
  3.577700000e-02
  -7.661800000e-02 -2.248000000e-01 -9.344000000e-02
  -2.225900000e-01 -1.826200000e-01 5.853000000e-01
  -2.953200000e-01 1.603400000e-01 -8.114200000e-02
 Node:         92
  0.1210E+03  0.1235E+03  0.4727E+03 -0.2031E-01
  -0.02881
   0.003159
   0.02288
   0.004228
   0.01408
   0.01088
  3.304400000e-02
  1.773800000e-03
  -2.881800000e-02
  5.360200000e-02
  1.999800000e-03
  2.526800000e-02
  -4.348100000e-02 -6.589900000e-01 -4.455700000e-01
  4.197300000e-02 -4.410600000e-01 6.539600000e-01
  -8.979800000e-01 8.954400000e-03 6.250200000e-02
 Node:         93
  0.1159E+03  0.1217E+03  0.4877E+03 -0.2031E-01
  -0.004203
  -0.001459
   0.001818
   0.00399
   0.003847
  -0.002045
  4.099600000e-03
  -2.510000000e-04
  -7.945900000e-03
  1.059300000e-02
  -1.365800000e-03
  4.993600000e-03
  7.767900000e-02 4.683900000e-01 3.437300000e-01
  -2.661700000e-01 2.244000000e-01 -1.799200000e-01
  -3.302000000e-01 -1.327500000e-01 3.971400000e-01
 Node:         94
  0.1315E+03  0.1266E+03  0.4543E+03 -0.2031E-01
  -0.03212
   0.01481
   0.04534
  -0.01118
   0.01841
   0.01446
  5.761500000e-02
  1.168100000e-02
  -3.960100000e-02
  8.427000000e-02
  9.898500000e-03
  3.972500000e-02
  1.215700000e-01 7.786800000e-01 3.576700000e-01
  3.157600000e-01 2.979800000e-01 -7.895300000e-01
  8.818600000e-01 -2.147100000e-01 2.606700000e-01
 Node:         95
  0.1251E+03  0.1236E+03  0.4708E+03 -0.2031E-01
  -0.04009
   0.001105
   0.02717
   0.001581
   0.009517
   0.02306
  3.602100000e-02
