 Group name: predicted_strain_L4A3
 #Fields=  17
 1) coordinates, coordinate, rectangular cartesian, #Components=3
   x.  Value index= 1, #Derivatives=0
   y.  Value index= 2, #Derivatives=0
   z.  Value index= 3, #Derivatives=0
 2) dummy, field, rectangular cartesian, #Components=1
   Tensor_1.  Value index= 4, #Derivatives=0
 3) Tensor_1, field, rectangular cartesian, #Components=1
   Tensor_1.  Value index= 5, #Derivatives=0
 4) Tensor_2, field, rectangular cartesian, #Components=1
   Tensor_2.  Value index= 6, #Derivatives=0
 5) Tensor_3, field, rectangular cartesian, #Components=1
   Tensor_3.  Value index= 7, #Derivatives=0
 6) Tensor_4, field, rectangular cartesian, #Components=1
   Tensor_4.  Value index= 8, #Derivatives=0
 7) Tensor_5, field, rectangular cartesian, #Components=1
   Tensor_5.  Value index= 9, #Derivatives=0
 8) Tensor_6, field, rectangular cartesian, #Components=1
   Tensor_6.  Value index= 10, #Derivatives=0
 9) Principal_1, field, rectangular cartesian, #Components=1
   Principal_1.  Value index= 11, #Derivatives=0
 10) Principal_2, field, rectangular cartesian, #Components=1
   Principal_2.  Value index= 12, #Derivatives=0
 11) Principal_3, field, rectangular cartesian, #Components=1
   Principal_3.  Value index= 13, #Derivatives=0
 12) VonMises, field, rectangular cartesian, #Components=1
   VonMises.  Value index= 14, #Derivatives=0
 13) Hydrostatic, field, rectangular cartesian, #Components=1
   VonMises.  Value index= 15, #Derivatives=0
 14) Octahedral, field, rectangular cartesian, #Components=1
   VonMises.  Value index= 16, #Derivatives=0
 15) PrincipalVector1, field, rectangular cartesian, #Components=3
   x.  Value index= 17, #Derivatives=0
   y.  Value index= 18, #Derivatives=0
   z.  Value index= 19, #Derivatives=0
 16) PrincipalVector2, field, rectangular cartesian, #Components=3
   x.  Value index= 20, #Derivatives=0
   y.  Value index= 21, #Derivatives=0
   z.  Value index= 22, #Derivatives=0
 17) PrincipalVector3, field, rectangular cartesian, #Components=3
   x.  Value index= 23, #Derivatives=0
   y.  Value index= 24, #Derivatives=0
   z.  Value index= 25, #Derivatives=0
 Node:          1
  0.1287E+03  0.1133E+03  0.4908E+03 -0.3797E-04
  -1.11E-16
  -8.327E-17
  -2.22E-16
  -2.776E-17
  -4.163E-17
  -3.331E-16
  -6.637000000e-17
  -2.400000000e-16
  -3.598000000e-16
  2.555400000e-16
  -2.220600000e-16
  1.204600000e-16
  8.837000000e-01 -4.676000000e-01 -1.897000000e-02
  4.046000000e-01 7.837000000e-01 -4.712000000e-01
  2.352000000e-01 4.088000000e-01 8.818000000e-01
 Node:          2
  0.1292E+03  0.1137E+03  0.5052E+03 -0.3797E-04
  -5.551E-17
  -1.11E-16
  -1.665E-16
  -5.551E-17
   1.943E-16
  -2.776E-16
  8.603000000e-17
  -1.600000000e-16
  -4.256000000e-16
  4.431900000e-16
  -1.665200000e-16
  2.089200000e-16
  -6.554000000e-01 6.199000000e-01 4.313000000e-01
  7.522000000e-01 4.849000000e-01 4.462000000e-01
  -6.744000000e-02 -6.169000000e-01 7.841000000e-01
 Node:          3
  0.1289E+03  0.1155E+03  0.5194E+03 -0.3797E-04
   2.22E-16
   1.388E-16
   3.331E-16
   1.11E-16
   5.551E-17
   2.22E-16
  4.753000000e-16
  2.118000000e-16
  9.006000000e-17
  3.410700000e-16
  2.590500000e-16
  1.607800000e-16
  -5.696000000e-01 -7.144000000e-01 -4.063000000e-01
  2.395000000e-01 -6.172000000e-01 7.494000000e-01
  -7.862000000e-01 3.296000000e-01 5.227000000e-01
 Node:          4
  0.1361E+03  0.1141E+03  0.4915E+03 -0.3797E-04
   0.0
  -2.776E-17
  -1.11E-16
  -2.776E-17
  -8.327E-17
   2.22E-16
  2.435000000e-16
  6.328000000e-18
  -1.388000000e-16
  3.342600000e-16
  3.700900000e-17
  1.575700000e-16
  -8.549000000e-02 -2.215000000e-01 9.714000000e-01
  9.681000000e-01 -2.491000000e-01 2.840000000e-02
  2.357000000e-01 9.428000000e-01 2.357000000e-01
 Node:          5
  0.1341E+03  0.1144E+03  0.5054E+03 -0.3797E-04
   3.331E-16
   1.388E-16
   3.331E-16
   5.551E-17
  -6.939E-17
   4.441E-16
  4.814000000e-16
  4.627000000e-16
  1.662000000e-16
  3.062800000e-16
  3.701000000e-16
  1.443800000e-16
  -3.480000000e-01 -6.443000000e-01 6.810000000e-01
  -6.589000000e-01 -3.487000000e-01 -6.665000000e-01
  6.669000000e-01 -6.807000000e-01 -3.032000000e-01
 Node:          6
  0.1323E+03  0.1162E+03  0.5191E+03 -0.3797E-04
   2.22E-16
   5.551E-17
   2.22E-16
  -5.551E-17
  -2.776E-17
   0.0
  2.897000000e-16
  1.685000000e-16
  -1.402000000e-17
  2.648100000e-16
  1.480600000e-16
  1.248300000e-16
  -7.150000000e-01 -6.696000000e-01 2.012000000e-01
  6.656000000e-01 -7.399000000e-01 -9.741000000e-02
  -2.141000000e-01 -6.426000000e-02 -9.747000000e-01
 Node:          7
  0.1408E+03  0.1171E+03  0.4920E+03 -0.3797E-04
   3.331E-16
   2.22E-16
   2.22E-16
  -8.327E-17
  -1.11E-16
   0.0
  5.398000000e-16
  6.158000000e-17
  -4.631000000e-17
  5.403100000e-16
  1.850200000e-16
  2.547000000e-16
  -7.537000000e-01 -6.111000000e-01 2.419000000e-01
  -6.560000000e-01 6.770000000e-01 -3.335000000e-01
  -4.004000000e-02 4.101000000e-01 9.112000000e-01
 Node:          8
  0.1367E+03  0.1169E+03  0.5055E+03 -0.3797E-04
   2.22E-16
   1.943E-16
   2.22E-16
  -4.025E-16
  -2.359E-16
  -2.22E-16
  6.547000000e-16
  4.477000000e-17
  -4.775000000e-16
  9.814900000e-16
  7.399000000e-17
  4.626800000e-16
  -6.847000000e-01 -5.611000000e-01 4.652000000e-01
  5.685000000e-01 -8.105000000e-01 -1.409000000e-01
  -4.561000000e-01 -1.681000000e-01 -8.739000000e-01
 Node:          9
  0.1339E+03  0.1180E+03  0.5191E+03 -0.3797E-04
   2.22E-16
   1.665E-16
   0.0
  -3.955E-16
  -2.776E-16
   6.661E-16
  1.002000000e-15
  -9.379000000e-18
  -1.046000000e-16
  1.062200000e-15
  2.960100000e-16
  5.007200000e-16
  -4.817000000e-01 -3.073000000e-01 8.207000000e-01
  -8.565000000e-01 -3.292000000e-02 -5.150000000e-01
  -1.853000000e-01 9.510000000e-01 2.474000000e-01
 Node:         10
  0.1294E+03  0.1212E+03  0.4911E+03 -0.3797E-04
   0.0
   2.776E-17
   1.11E-16
  -1.388E-17
   1.249E-16
   1.11E-16
  2.363000000e-16
  2.303000000e-17
  -3.732000000e-17
  2.489900000e-16
  7.400300000e-17
  1.173800000e-16
  4.210000000e-02 7.100000000e-01 7.030000000e-01
  -7.813000000e-01 -4.152000000e-01 4.661000000e-01
  -6.228000000e-01 5.688000000e-01 -5.372000000e-01
 Node:         11
  0.1295E+03  0.1214E+03  0.5055E+03 -0.3797E-04
  -2.22E-16
  -2.776E-17
  -2.22E-16
  -4.163E-17
   1.388E-17
  -1.665E-16
  -1.365000000e-16
  -2.183000000e-16
  -2.558000000e-16
  1.056600000e-16
  -2.035300000e-16
  4.981100000e-17
  -4.935000000e-01 2.929000000e-01 8.189000000e-01
  3.541000000e-01 -7.924000000e-01 4.968000000e-01
  -7.944000000e-01 -5.351000000e-01 -2.873000000e-01
 Node:         12
  0.1295E+03  0.1217E+03  0.5196E+03 -0.3797E-04
   1.11E-16
   0.0
   1.11E-16
   7.633E-17
   2.776E-17
   2.22E-16
  2.649000000e-16
  1.110000000e-16
  6.816000000e-17
  1.792000000e-16
  1.480200000e-16
  8.447700000e-17
  -4.387000000e-01 -1.595000000e-01 -8.844000000e-01
  3.417000000e-01 -9.398000000e-01 -2.255000000e-17
  8.311000000e-01 3.022000000e-01 -4.668000000e-01
 Node:         13
  0.1361E+03  0.1199E+03  0.4914E+03 -0.3797E-04
   1.11E-16
  -1.388E-16
   0.0
  -9.714E-17
   2.776E-17
  -1.665E-16
  2.285000000e-16
  -8.520000000e-17
  -1.988000000e-16
  3.833400000e-16
  -1.850000000e-17
  1.807100000e-16
  8.171000000e-01 -5.252000000e-01 -2.378000000e-01
  4.648000000e-01 8.442000000e-01 -2.671000000e-01
  3.410000000e-01 1.077000000e-01 9.339000000e-01
 Node:         14
  0.1342E+03  0.1198E+03  0.5054E+03 -0.3797E-04
  -5.551E-17
   2.776E-17
   0.0
   5.551E-17
  -9.021E-17
   1.11E-16
  1.672000000e-16
  -4.940000000e-18
  -1.068000000e-16
  2.398800000e-16
  1.848700000e-17
  1.130800000e-16
  1.634000000e-01 -4.472000000e-01 8.794000000e-01
  -6.569000000e-01 -7.144000000e-01 -2.412000000e-01
  -7.361000000e-01 5.382000000e-01 4.105000000e-01
 Node:         15
  0.1330E+03  0.1205E+03  0.5193E+03 -0.3797E-04
   2.22E-16
  -8.327E-17
  -5.551E-17
   1.388E-17
   4.857E-17
   0.0
  2.451000000e-16
  2.471000000e-17
  -1.033000000e-16
  3.052400000e-16
  5.550300000e-17
  1.438900000e-16
  -9.638000000e-01 2.667000000e-01 -1.723000000e-03
  1.157000000e-01 4.239000000e-01 8.983000000e-01
  2.403000000e-01 8.656000000e-01 -4.394000000e-01
 Node:         16
  0.1404E+03  0.1188E+03  0.4918E+03 -0.3797E-04
   2.22E-16
   5.551E-17
   2.22E-16
  -8.327E-17
  -1.457E-16
   4.441E-16
  5.466000000e-16
  1.950000000e-16
  1.465000000e-16
  3.781900000e-16
  2.960300000e-16
  1.782800000e-16
  -2.927000000e-01 -4.328000000e-01 8.526000000e-01
  -9.222000000e-01 -1.077000000e-01 -3.713000000e-01
  -2.526000000e-01 8.950000000e-01 3.676000000e-01
 Node:         17
  0.1365E+03  0.1184E+03  0.5055E+03 -0.3797E-04
  -1.11E-16
   2.776E-17
  -1.11E-16
   9.714E-17
   1.7E-16
   0.0
  1.573000000e-16
  -1.341000000e-16
  -2.452000000e-16
  3.600400000e-16
  -7.400000000e-17
  1.697300000e-16
  3.368000000e-01 5.285000000e-01 7.792000000e-01
  8.927000000e-01 -4.425000000e-01 -8.566000000e-02
  -2.996000000e-01 -7.244000000e-01 6.209000000e-01
 Node:         18
  0.1341E+03  0.1191E+03  0.5192E+03 -0.3797E-04
   0.0
   0.0
   0.0
   2.645E-17
   1.065E-16
   4.441E-16
  4.697000000e-16
  -1.672000000e-33
  -2.562000000e-17
  4.830200000e-16
  1.480300000e-16
  2.277000000e-16
  -5.484000000e-02 -2.207000000e-01 -9.738000000e-01
  9.705000000e-01 -2.411000000e-01 -6.210000000e-17
  -2.348000000e-01 -9.451000000e-01 2.274000000e-01
 Node:         19
  0.1301E+03  0.1291E+03  0.4914E+03  0.0000E+00
   1.11E-16
   0.0
   1.11E-16
   2.101E-19
   1.001E-17
  -2.22E-16
  1.113000000e-16
  1.110000000e-16
  -2.223000000e-16
  3.334500000e-16
  0.000000000e+00
  1.571900000e-16
  -2.096000000e-02 -9.993000000e-01 -3.003000000e-02
  9.998000000e-01 -2.097000000e-02 1.345000000e-19
  6.298000000e-04 3.003000000e-02 -9.995000000e-01
 Node:         20
  0.1299E+03  0.1291E+03  0.5058E+03  0.0000E+00
   2.22E-16
   0.0
   0.0
   1.041E-17
   1.924E-17
  -5.551E-17
  2.224000000e-16
  5.975000000e-18
  -6.188000000e-17
  2.571600000e-16
  5.549800000e-17
  1.212200000e-16
  -9.993000000e-01 -3.257000000e-03 -3.765000000e-02
  1.428000000e-02 -9.549000000e-01 -2.965000000e-01
  -3.498000000e-02 -2.968000000e-01 9.543000000e-01
 Node:         21
  0.1301E+03  0.1280E+03  0.5197E+03  0.0000E+00
   1.11E-16
   0.0
   0.0
   4.163E-17
   1.475E-17
   1.11E-16
  1.534000000e-16
  7.089000000e-17
  -2.220000000e-18
  1.348500000e-16
  7.402300000e-17
  6.357000000e-17
  -6.994000000e-01 -6.840000000e-02 -7.114000000e-01
  -7.126000000e-01 1.429000000e-01 6.869000000e-01
  -5.465000000e-02 -9.874000000e-01 1.487000000e-01
 Node:         22
  0.1360E+03  0.1256E+03  0.4913E+03  0.0000E+00
  -2.22E-16
   1.388E-17
  -1.11E-16
  -1.388E-17
   1.006E-16
   1.11E-16
  1.500000000e-16
  -1.456000000e-16
  -2.264000000e-16
  3.432100000e-16
  -7.400000000e-17
  1.617900000e-16
  -2.144000000e-02 3.586000000e-01 9.332000000e-01
  2.280000000e-01 9.106000000e-01 -3.447000000e-01
  -9.734000000e-01 2.054000000e-01 -1.013000000e-01
 Node:         23
  0.1343E+03  0.1253E+03  0.5054E+03  0.0000E+00
   0.0
   2.082E-17
  -4.441E-16
   0.0
   1.314E-16
  -1.665E-16
  1.265000000e-18
  -1.147000000e-16
  -4.972000000e-16
  4.517900000e-16
  -2.035500000e-16
  2.129700000e-16
  9.970000000e-01 6.061000000e-02 4.746000000e-02
  6.644000000e-02 -3.661000000e-01 -9.282000000e-01
  3.888000000e-02 -9.286000000e-01 3.690000000e-01
 Node:         24
  0.1336E+03  0.1248E+03  0.5194E+03  0.0000E+00
  -2.22E-16
   1.214E-17
   0.0
   1.388E-17
   8.674E-19
  -1.665E-16
  6.779000000e-19
  -1.633000000e-16
  -2.259000000e-16
  2.026600000e-16
  -1.295100000e-16
  9.553700000e-17
  -5.504000000e-02 -9.984000000e-01 -9.747000000e-03
  2.257000000e-01 -2.195000000e-02 9.740000000e-01
  -9.726000000e-01 5.141000000e-02 2.265000000e-01
 Node:         25
  0.1400E+03  0.1206E+03  0.4917E+03  0.0000E+00
   0.0
   2.671E-16
  -1.11E-16
  -8.327E-17
  -1.301E-16
   2.22E-16
  3.681000000e-16
  7.580000000e-17
  -3.329000000e-16
  6.098700000e-16
  3.700000000e-17
  2.874900000e-16
  5.089000000e-01 4.781000000e-01 -7.159000000e-01
  6.086000000e-01 3.883000000e-01 6.920000000e-01
  6.088000000e-01 -7.878000000e-01 -9.334000000e-02
 Node:         26
  0.1363E+03  0.1200E+03  0.5055E+03  0.0000E+00
   2.22E-16
   1.076E-16
  -6.106E-16
   2.776E-17
  -1.124E-15
  -5.551E-17
  8.281000000e-16
  2.248000000e-16
  -1.497000000e-15
  2.089800000e-15
  -1.480300000e-16
  9.851500000e-16
  7.371000000e-02 6.174000000e-01 -7.832000000e-01
  9.955000000e-01 1.018000000e-03 9.449000000e-02
  -5.914000000e-02 7.866000000e-01 6.146000000e-01
 Node:         27
  0.1343E+03  0.1203E+03  0.5192E+03  0.0000E+00
   2.22E-16
  -1.943E-16
   2.22E-16
  -1.041E-16
   1.313E-15
   0.0
  1.466000000e-15
  1.875000000e-16
  -1.209000000e-15
  2.317400000e-15
  1.481700000e-16
  1.092400000e-15
  -1.693000000e-01 7.280000000e-01 6.643000000e-01
  9.848000000e-01 9.849000000e-02 1.431000000e-01
  3.876000000e-02 6.785000000e-01 -7.336000000e-01
 Node:         28
  0.1155E+03  0.1124E+03  0.4931E+03 -0.2244E-03
  -2.22E-16
   3.816E-17
   2.22E-16
  -5.551E-17
   5.551E-17
   1.11E-16
  2.455000000e-16
  1.014000000e-16
  -2.359000000e-16
  4.279500000e-16
  3.700000000e-17
  2.017400000e-16
  3.184000000e-02 9.284000000e-01 3.701000000e-01
  1.988000000e-01 3.571000000e-01 -9.127000000e-01
  9.795000000e-01 -1.026000000e-01 1.732000000e-01
 Node:         29
  0.1119E+03  0.1139E+03  0.5068E+03 -0.2244E-03
  -2.22E-16
  -2.082E-17
   0.0
   5.551E-17
   6.939E-18
  -3.331E-16
  1.944000000e-18
  -2.004000000e-16
  -3.566000000e-16
  3.113600000e-16
  -1.850200000e-16
  1.467800000e-16
  -9.118000000e-02 9.958000000e-01 5.517000000e-03
  -9.179000000e-01 -8.189000000e-02 -3.884000000e-01
  -3.863000000e-01 -4.048000000e-02 9.215000000e-01
 Node:         30
  0.1113E+03  0.1159E+03  0.5206E+03 -0.2244E-03
   2.22E-16
   1.249E-16
   2.22E-16
   0.0
  -2.776E-17
   1.11E-16
  3.486000000e-16
  1.238000000e-16
  8.277000000e-17
  2.478800000e-16
  1.850600000e-16
  1.168500000e-16
  -7.001000000e-01 -7.092000000e-01 8.287000000e-02
  -4.685000000e-01 3.686000000e-01 -8.029000000e-01
  -5.389000000e-01 6.009000000e-01 5.903000000e-01
 Node:         31
  0.1203E+03  0.1126E+03  0.4920E+03 -0.2244E-03
  -5.551E-17
   9.714E-17
  -1.11E-16
   2.776E-17
   4.163E-17
  -5.551E-17
  4.114000000e-17
  -7.661000000e-17
  -1.866000000e-16
  1.972700000e-16
  -7.402300000e-17
  9.299200000e-17
  -6.956000000e-01 -5.654000000e-01 -4.433000000e-01
  4.358000000e-01 1.585000000e-01 -8.860000000e-01
  5.712000000e-01 -8.095000000e-01 1.362000000e-01
 Node:         32
  0.1188E+03  0.1134E+03  0.5062E+03 -0.2244E-03
   2.22E-16
  -1.388E-17
  -1.11E-16
  -2.776E-17
   9.714E-17
  -5.551E-17
  2.266000000e-16
  1.331000000e-17
  -1.844000000e-16
  3.560200000e-16
  1.850300000e-17
  1.678300000e-16
  -9.894000000e-01 7.624000000e-02 1.236000000e-01
  1.445000000e-01 5.992000000e-01 7.875000000e-01
  1.402000000e-02 -7.970000000e-01 6.038000000e-01
 Node:         33
  0.1183E+03  0.1150E+03  0.5201E+03 -0.2244E-03
   1.11E-16
   5.551E-17
   0.0
   8.327E-17
   0.0
   0.0
  1.700000000e-16
  0.000000000e+00
  -5.893000000e-17
  2.058900000e-16
  3.702300000e-17
  9.705800000e-17
  -8.617000000e-01 -2.815000000e-01 -4.222000000e-01
  0.000000000e+00 -8.321000000e-01 5.547000000e-01
  -5.074000000e-01 4.780000000e-01 7.170000000e-01
 Node:         34
  0.1255E+03  0.1129E+03  0.4909E+03 -0.2244E-03
   0.0
   0.0
   0.0
   5.551E-17
   9.714E-17
   0.0
  1.119000000e-16
  3.387000000e-33
  -1.119000000e-16
  1.938200000e-16
  0.000000000e+00
  9.136600000e-17
  -3.508000000e-01 -6.139000000e-01 -7.071000000e-01
  8.682000000e-01 -4.961000000e-01 -4.855000000e-17
  -3.508000000e-01 -6.139000000e-01 7.071000000e-01
 Node:         35
  0.1260E+03  0.1135E+03  0.5054E+03 -0.2244E-03
   0.0
   1.11E-16
  -1.11E-16
   1.11E-16
   2.498E-16
  -1.11E-16
  2.410000000e-16
  -1.023000000e-16
  -3.608000000e-16
  5.229000000e-16
  -7.403300000e-17
  2.465000000e-16
  5.458000000e-01 5.925000000e-01 5.925000000e-01
  8.379000000e-01 -3.859000000e-01 -3.859000000e-01
  -4.975000000e-17 -7.071000000e-01 7.071000000e-01
 Node:         36
  0.1257E+03  0.1153E+03  0.5196E+03 -0.2244E-03
   0.0
  -5.551E-17
   0.0
  -5.551E-17
   8.327E-17
   0.0
  1.305000000e-16
  -4.723000000e-17
  -8.327000000e-17
  1.982200000e-16
  0.000000000e+00
  9.344300000e-17
  -5.155000000e-01 6.059000000e-01 6.059000000e-01
  8.569000000e-01 3.645000000e-01 3.645000000e-01
  -1.256000000e-16 7.071000000e-01 -7.071000000e-01
 Node:         37
  0.1132E+03  0.1210E+03  0.4959E+03 -0.2244E-03
  -2.22E-16
   1.388E-16
  -2.22E-16
  -8.327E-17
   1.804E-16
  -2.776E-16
  -4.482000000e-17
  -1.622000000e-16
  -5.146000000e-16
  4.234700000e-16
  -2.405400000e-16
  1.996300000e-16
  3.971000000e-01 7.887000000e-01 4.693000000e-01
  -7.874000000e-01 3.010000000e-02 6.157000000e-01
  4.715000000e-01 -6.140000000e-01 6.330000000e-01
 Node:         38
  0.1111E+03  0.1204E+03  0.5085E+03 -0.2244E-03
  -1.665E-16
   9.714E-17
   0.0
  -2.776E-17
  -8.327E-17
  -2.22E-16
  7.071000000e-17
  -2.091000000e-16
  -2.502000000e-16
  3.024600000e-16
  -1.295300000e-16
  1.425800000e-16
  -3.916000000e-01 -8.746000000e-01 2.859000000e-01
  9.154000000e-01 -3.389000000e-01 2.170000000e-01
  9.287000000e-02 -3.467000000e-01 -9.334000000e-01
 Node:         39
  0.1119E+03  0.1201E+03  0.5207E+03 -0.2244E-03
  -5.551E-17
  -9.714E-17
  -3.331E-16
  -8.327E-17
  -7.633E-17
  -1.11E-16
  8.934000000e-18
  -1.105000000e-16
  -3.981000000e-16
  3.623900000e-16
  -1.665600000e-16
  1.708300000e-16
  8.510000000e-01 -1.281000000e-01 -5.092000000e-01
  4.076000000e-01 -4.503000000e-01 7.944000000e-01
  -3.311000000e-01 -8.836000000e-01 -3.310000000e-01
 Node:         40
  0.1191E+03  0.1220E+03  0.4937E+03 -0.2244E-03
   0.0
   8.327E-17
  -2.22E-16
   8.327E-17
  -1.388E-17
  -2.22E-16
  4.872000000e-17
  -2.082000000e-16
  -2.846000000e-16
  3.024500000e-16
  -1.480300000e-16
  1.425700000e-16
  -9.240000000e-01 -2.703000000e-01 -2.703000000e-01
  0.000000000e+00 -7.071000000e-01 7.071000000e-01
  3.823000000e-01 -6.534000000e-01 -6.534000000e-01
 Node:         41
  0.1182E+03  0.1217E+03  0.5073E+03 -0.2244E-03
   0.0
  -2.776E-17
  -5.551E-17
   5.551E-17
   9.714E-17
   1.11E-16
  1.653000000e-16
  1.073000000e-17
  -1.206000000e-16
  2.478700000e-16
  1.847700000e-17
  1.168500000e-16
  2.406000000e-01 3.653000000e-01 8.993000000e-01
  -8.901000000e-01 4.526000000e-01 5.428000000e-02
  -3.871000000e-01 -8.135000000e-01 4.340000000e-01
 Node:         42
  0.1187E+03  0.1212E+03  0.5204E+03 -0.2244E-03
   0.0
  -5.551E-17
  -1.11E-16
   0.0
   5.551E-17
   1.11E-16
  1.256000000e-16
  1.887000000e-17
  -1.444000000e-16
  2.355300000e-16
  2.333300000e-20
  1.110300000e-16
  1.113000000e-01 -2.517000000e-01 -9.614000000e-01
  9.295000000e-01 -3.159000000e-01 1.903000000e-01
  -3.516000000e-01 -9.148000000e-01 1.988000000e-01
 Node:         43
  0.1258E+03  0.1217E+03  0.4915E+03 -0.2244E-03
   2.22E-16
   1.11E-16
   1.11E-16
  -1.388E-17
   0.0
  -5.551E-17
  2.911000000e-16
  4.294000000e-17
  -5.645000000e-17
  3.100400000e-16
  9.253000000e-17
  1.461600000e-16
  -8.507000000e-01 -5.246000000e-01 3.406000000e-02
  -5.213000000e-01 8.502000000e-01 7.348000000e-02
  6.751000000e-02 -4.475000000e-02 9.967000000e-01
 Node:         44
  0.1259E+03  0.1220E+03  0.5059E+03 -0.2244E-03
  -2.22E-16
   1.388E-16
  -2.22E-16
   9.714E-17
   1.11E-16
  -1.11E-16
  5.081000000e-17
  -2.445000000e-16
  -3.614000000e-16
  3.679600000e-16
  -1.850300000e-16
  1.734600000e-16
  -5.113000000e-01 -5.340000000e-01 -6.733000000e-01
  -5.198000000e-01 -4.318000000e-01 7.372000000e-01
  -6.844000000e-01 7.269000000e-01 -5.679000000e-02
 Node:         45
  0.1261E+03  0.1221E+03  0.5198E+03 -0.2244E-03
  -5.551E-17
  -8.327E-17
  -2.776E-16
   2.776E-17
  -6.939E-18
   1.11E-16
  1.167000000e-16
  -3.339000000e-17
  -3.053000000e-16
  3.705000000e-16
  -7.399700000e-17
  1.746600000e-16
  1.854000000e-01 -5.643000000e-02 9.810000000e-01
  9.302000000e-01 -3.117000000e-01 -1.938000000e-01
  -3.167000000e-01 -9.485000000e-01 5.308000000e-03
 Node:         46
  0.1117E+03  0.1296E+03  0.4959E+03  0.0000E+00
  -5.551E-17
   2.776E-17
  -1.665E-16
   6.939E-18
  -2.602E-17
   0.0
  4.101000000e-18
  -4.897000000e-17
  -1.772000000e-16
  1.614500000e-16
  -7.402300000e-17
  7.610600000e-17
  4.856000000e-02 -1.429000000e-01 9.886000000e-01
  9.724000000e-01 2.327000000e-01 -1.414000000e-02
  -2.280000000e-01 9.620000000e-01 1.502000000e-01
 Node:         47
  0.1107E+03  0.1269E+03  0.5087E+03  0.0000E+00
  -1.665E-16
  -3.123E-17
   1.11E-16
  -2.776E-17
   3.99E-17
   0.0
  1.289000000e-16
  -1.114000000e-17
  -1.732000000e-16
  2.618600000e-16
  -1.848000000e-17
  1.234400000e-16
  -1.292000000e-01 9.390000000e-01 3.186000000e-01
  -1.008000000e-01 -3.321000000e-01 9.379000000e-01
  -9.865000000e-01 -8.906000000e-02 -1.376000000e-01
 Node:         48
  0.1125E+03  0.1242E+03  0.5208E+03  0.0000E+00
   1.11E-16
   3.469E-18
   1.11E-16
   0.0
  -1.735E-18
   1.11E-16
  1.149000000e-16
  1.110000000e-16
  1.071000000e-16
  6.755000000e-18
  1.110000000e-16
  3.184300000e-18
  -6.325000000e-01 -7.071000000e-01 3.162000000e-01
  4.472000000e-01 -4.455000000e-15 8.944000000e-01
  -6.325000000e-01 7.071000000e-01 3.162000000e-01
 Node:         49
  0.1186E+03  0.1311E+03  0.4938E+03  0.0000E+00
  -1.665E-16
  -2.082E-17
   0.0
  -4.163E-17
  -6.072E-18
  -5.551E-17
  2.581000000e-18
  -4.165000000e-17
  -1.830000000e-16
  1.678900000e-16
  -7.402300000e-17
  7.914600000e-17
  1.174000000e-01 -9.929000000e-01 1.965000000e-02
  -3.135000000e-01 -1.827000000e-02 9.494000000e-01
  -9.423000000e-01 -1.176000000e-01 -3.134000000e-01
 Node:         50
  0.1180E+03  0.1298E+03  0.5075E+03  0.0000E+00
   0.0
  -1.301E-17
   3.331E-16
  -4.163E-17
   1.247E-17
   2.22E-16
  3.354000000e-16
  2.276000000e-16
  -7.879000000e-18
  3.040700000e-16
  1.850400000e-16
  1.433400000e-16
  5.441000000e-02 -9.902000000e-01 -1.289000000e-01
  -1.707000000e-01 -1.364000000e-01 9.758000000e-01
  9.838000000e-01 3.109000000e-02 1.765000000e-01
 Node:         51
  0.1192E+03  0.1275E+03  0.5206E+03  0.0000E+00
   0.0
  -3.469E-18
  -5.551E-17
   0.0
   1.475E-17
   1.11E-16
  1.123000000e-16
  2.087000000e-19
  -5.702000000e-17
  1.491800000e-16
  1.849600000e-17
  7.032400000e-17
  -2.705000000e-03 8.758000000e-02 9.962000000e-01
  9.982000000e-01 -6.004000000e-02 7.989000000e-03
  -6.051000000e-02 -9.943000000e-01 8.725000000e-02
 Node:         52
  0.1262E+03  0.1305E+03  0.4920E+03  0.0000E+00
   1.11E-16
  -1.388E-17
   1.11E-16
   1.301E-18
   4.906E-18
   0.0
  1.250000000e-16
  9.734000000e-17
  -2.497000000e-19
  1.139700000e-16
  7.403000000e-17
  5.372400000e-17
  -7.047000000e-01 7.092000000e-01 2.051000000e-02
  7.093000000e-01 7.034000000e-01 4.493000000e-02
  -1.744000000e-02 -4.621000000e-02 9.988000000e-01
 Node:         53
  0.1258E+03  0.1304E+03  0.5063E+03  0.0000E+00
  -1.665E-16
  -1.735E-18
  -1.11E-16
   2.776E-17
   3.383E-17
  -2.22E-16
  -1.010000000e-16
  -1.572000000e-16
  -2.414000000e-16
  1.223900000e-16
  -1.665300000e-16
  5.769700000e-17
  9.684000000e-02 9.526000000e-01 2.883000000e-01
  -9.346000000e-01 1.866000000e-01 -3.027000000e-01
  -3.422000000e-01 -2.402000000e-01 9.084000000e-01
 Node:         54
  0.1265E+03  0.1288E+03  0.5200E+03  0.0000E+00
  -2.22E-16
   2.082E-17
   1.11E-16
   0.0
  -4.337E-18
   1.11E-16
  1.160000000e-16
  1.073000000e-16
  -2.233000000e-16
  3.350300000e-16
  0.000000000e+00
  1.579400000e-16
  -4.656000000e-02 -7.562000000e-01 6.527000000e-01
  -4.117000000e-02 -6.514000000e-01 -7.576000000e-01
  -9.981000000e-01 6.215000000e-02 8.061000000e-04
 Node:         55
  0.1382E+03  0.1168E+03  0.4529E+03  0.7131E-02
  -0.01278
  -0.01062
   0.02115
  -0.001558
   0.01588
  -0.01104
  4.980600000e-02
  -4.327000000e-03
  -4.098100000e-02
  7.960900000e-02
  1.499400000e-03
  3.752800000e-02
  6.709100000e-02 -3.641500000e-01 -2.081200000e-01
  5.098000000e-01 -8.283800000e-02 8.175100000e-01
  -3.237700000e-01 -1.385800000e-01 3.077300000e-01
 Node:         56
  0.1314E+03  0.1156E+03  0.4685E+03  0.7131E-02
  -0.008414
  -0.007215
   0.01284
  -6.499E-4
   0.005631
  -0.009935
  2.806200000e-02
  -5.925700000e-03
  -3.213700000e-02
  5.277200000e-02
  -3.333400000e-03
  2.487700000e-02
  -7.400500000e-02 5.202300000e-01 6.774900000e-02
  2.911100000e-01 3.384200000e-01 -1.954600000e-01
  -1.918300000e-01 -9.357500000e-02 3.719200000e-01
 Node:         57
  0.1285E+03  0.1140E+03  0.4823E+03  0.7131E-02
  -7.833E-4
  -6.692E-4
   0.001626
   8.526E-6
   5.831E-5
  -8.581E-4
  4.461500000e-03
  -7.083400000e-04
  -6.337700000e-03
  9.941900000e-03
  -8.615400000e-04
  4.686700000e-03
  -3.799600000e-01 -1.535100000e-01 2.403700000e-01
  4.013100000e-01 3.954800000e-01 3.320200000e-01
  -1.929500000e-01 9.891400000e-02 5.630200000e-01
 Node:         58
  0.1480E+03  0.1177E+03  0.4531E+03  0.7131E-02
  -0.01415
  -0.0168
   0.03915
  -0.002977
   0.01137
  -0.03922
  7.423600000e-02
  -2.218000000e-02
  -5.971600000e-02
  1.223300000e-01
  -2.553300000e-03
  5.766700000e-02
  -3.512800000e-02 3.811000000e-01 5.874300000e-02
  5.807600000e-01 2.506300000e-01 3.027000000e-01
  2.719500000e-01 -4.188100000e-03 4.429700000e-01
 Node:         59
  0.1416E+03  0.1166E+03  0.4692E+03  0.7131E-02
   4.144E-4
  -0.0197
   0.03003
  -0.01051
   0.01266
  -0.01516
  6.814100000e-02
  -1.324800000e-02
  -3.631900000e-02
  9.507100000e-02
  6.191200000e-03
  4.481700000e-02
  -1.061800000e-01 -2.019200000e-01 3.723200000e-02
  3.809800000e-01 3.229000000e-01 2.895600000e-01
  4.746600000e-01 -4.351500000e-02 6.111200000e-01
 Node:         60
  0.1375E+03  0.1150E+03  0.4832E+03  0.7131E-02
   0.004502
  -0.006935
   0.007446
  -0.004461
   0.003685
   0.001037
  1.972100000e-02
  -7.989000000e-04
  -4.197600000e-03
  2.225000000e-02
  4.908100000e-03
  1.048900000e-02
  -4.260700000e-01 4.461600000e-01 2.637500000e-01
  2.467600000e-01 1.959000000e-01 6.639400000e-01
  6.003300000e-01 1.594600000e-01 5.630300000e-02
 Node:         61
  0.1550E+03  0.1220E+03  0.4533E+03  0.7131E-02
   0.008674
  -0.01434
   0.01196
  -0.003681
   0.002272
  -0.04277
  5.086900000e-02
  -1.373600000e-02
  -6.727100000e-02
  1.028100000e-01
  -1.004600000e-02
  4.846600000e-02
  -7.308800000e-02 3.295500000e-01 6.929400000e-02
  6.970600000e-01 6.507500000e-01 -1.587700000e-01
  7.630100000e-02 6.496200000e-02 9.939600000e-01
 Node:         62
  0.1490E+03  0.1202E+03  0.4697E+03  0.7131E-02
   0.02756
  -0.03294
   0.02527
  -0.01495
   0.01148
  -0.01074
  9.300600000e-02
  -7.246900000e-03
  -3.449800000e-02
  1.165400000e-01
  1.708700000e-02
  5.493700000e-02
  -5.514300000e-01 3.962300000e-01 2.252800000e-01
  4.824300000e-01 3.609700000e-01 6.540500000e-02
  1.052600000e-01 1.522500000e-01 -7.333900000e-02
 Node:         63
  0.1436E+03  0.1181E+03  0.4838E+03  0.7131E-02
   0.009353
  -0.01375
   0.01504
  -0.004424
   0.006577
   0.001133
  3.792400000e-02
  -1.129200000e-03
  -4.245300000e-03
  4.055900000e-02
  1.085000000e-02
  1.912000000e-02
  -5.236400000e-01 6.522800000e-01 3.007500000e-01
  1.320600000e-01 2.690600000e-01 -2.641400000e-01
  -4.012000000e-01 -4.509500000e-01 8.649000000e-01
 Node:         64
  0.1412E+03  0.1253E+03  0.4524E+03  0.7131E-02
  -0.02875
  -0.004869
   0.03577
  -0.004718
   0.003895
  -0.01794
  5.361000000e-02
  -2.079500000e-02
  -4.502100000e-02
  8.930000000e-02
  -4.068500000e-03
  4.209700000e-02
  -4.374500000e-02 1.374300000e-01 3.408800000e-03
  -1.352000000e-01 -4.031000000e-02 4.583200000e-01
  5.843600000e-01 2.563600000e-02 1.660600000e-01
 Node:         65
  0.1340E+03  0.1229E+03  0.4683E+03  0.7131E-02
  -0.007671
  -0.01303
   0.02718
  -0.005351
   0.002846
  -0.01146
  4.670400000e-02
  -1.091200000e-02
  -2.478100000e-02
  6.552400000e-02
  3.670500000e-03
  3.088800000e-02
  2.368300000e-01 -2.439200000e-01 -4.027500000e-02
  -2.540600000e-01 -1.443400000e-01 3.729700000e-01
  2.592900000e-01 -7.753100000e-04 1.047100000e-01
 Node:         66
  0.1299E+03  0.1214E+03  0.4825E+03  0.7131E-02
   0.003305
  -0.0045
   0.006204
  -0.001061
   8.715E-4
  -8.338E-4
  1.277000000e-02
  -4.433800000e-04
  -1.266300000e-03
  1.351400000e-02
  3.686900000e-03
  6.370700000e-03
  -5.820800000e-01 1.101600000e+00 5.154800000e-02
  6.720400000e-01 5.414900000e-01 -2.268300000e-01
  8.600500000e-02 7.024600000e-02 7.456000000e-01
 Node:         67
  0.1497E+03  0.1243E+03  0.4527E+03  0.7131E-02
  -0.02216
  -0.01243
   0.03251
  -0.00417
   0.003781
  -0.03596
  5.244600000e-02
  -2.350300000e-02
  -5.435000000e-02
  9.531700000e-02
  -8.468900000e-03
  4.493300000e-02
  -5.581000000e-02 2.112600000e-01 7.044000000e-04
  5.284000000e-01 1.219400000e-01 1.370900000e-01
  1.169600000e-01 1.041400000e-02 2.137900000e-01
 Node:         68
  0.1431E+03  0.1224E+03  0.4689E+03  0.7131E-02
   0.008052
  -0.02484
   0.03108
  -0.01305
   0.007364
  -0.01988
  7.127000000e-02
  -7.578700000e-03
  -3.506500000e-02
  9.555800000e-02
  9.542300000e-03
  4.504600000e-02
  -1.763500000e-01 2.906300000e-01 6.788200000e-02
  7.007100000e-02 1.168400000e-01 2.267700000e-01
  6.528200000e-01 1.789400000e-01 5.866300000e-01
 Node:         69
  0.1379E+03  0.1205E+03  0.4831E+03  0.7131E-02
   0.00891
  -0.009233
   0.009082
  -0.004966
   0.003591
  -2.032E-4
  2.702800000e-02
  -2.972700000e-04
  -3.008500000e-03
  2.870300000e-02
  7.907500000e-03
  1.353100000e-02
  -7.030700000e-01 6.540800000e-01 2.973100000e-01
  3.444500000e-01 4.760400000e-01 -6.432300000e-02
  3.217200000e-01 9.556000000e-02 5.662200000e-01
 Node:         70
  0.1553E+03  0.1240E+03  0.4532E+03  0.7131E-02
  -0.01212
  -0.01554
   0.01145
  -0.01322
   0.009877
  -0.03315
  3.671500000e-02
  -1.325700000e-02
  -5.987900000e-02
  8.443700000e-02
  -1.214000000e-02
  3.980400000e-02
  -1.780400000e-01 2.914200000e-01 1.786300000e-01
  6.224900000e-03 -2.158700000e-01 3.420300000e-01
  -7.045800000e-02 -4.556900000e-02 1.716400000e-01
 Node:         71
  0.1492E+03  0.1221E+03  0.4697E+03  0.7131E-02
   0.02595
  -0.02695
   0.02195
  -0.0284
   0.01563
  -0.01182
  9.208800000e-02
  -2.164400000e-03
  -3.818700000e-02
  1.167600000e-01
  1.724600000e-02
  5.504000000e-02
  -5.588100000e-01 3.631700000e-01 2.423500000e-01
  2.531400000e-01 3.844700000e-01 -2.662500000e-02
  3.047000000e-01 1.812000000e-03 5.946800000e-01
 Node:         72
  0.1435E+03  0.1199E+03  0.4837E+03  0.7131E-02
   0.01589
  -0.01151
   0.007737
  -0.01005
   0.005468
   0.001983
  3.900000000e-02
  -8.051800000e-05
  -4.600200000e-03
  4.146000000e-02
  1.144000000e-02
  1.954500000e-02
  -7.769300000e-01 4.963600000e-01 3.993900000e-01
  1.457100000e-01 2.578600000e-01 1.314500000e-01
  2.048000000e-01 9.974600000e-02 2.786500000e-01
 Node:         73
  0.1442E+03  0.1339E+03  0.4519E+03  0.0000E+00
   0.02244
  -0.002808
  -0.02639
  -0.001715
   0.001109
   0.01382
  3.255900000e-02
  2.044500000e-02
  -3.864700000e-02
  6.681100000e-02
  4.785400000e-03
  3.149500000e-02
  -1.100900000e-01 -3.099000000e-02 4.075100000e-01
  4.150600000e-01 -4.791400000e-02 3.983000000e-01
  -4.401800000e-02 -2.911600000e-01 -2.369600000e-02
 Node:         74
  0.1365E+03  0.1304E+03  0.4681E+03  0.0000E+00
   0.04269
   0.006963
  -0.008706
   0.002864
   0.001444
   0.01532
  6.077700000e-02
  2.248600000e-02
  -1.523600000e-02
  6.613400000e-02
  2.267600000e-02
  3.117600000e-02
  -1.274900000e+00 -6.934600000e-02 -1.738200000e-01
  -8.438700000e-02 7.091700000e-02 6.876200000e-01
  -6.049000000e-02 1.096800000e+00 -1.772600000e-02
 Node:         75
  0.1313E+03  0.1288E+03  0.4826E+03  0.0000E+00
   0.01767
   0.002824
  -1.815E-4
   1.283E-4
   4.298E-5
   0.001515
  2.458400000e-02
  2.090500000e-03
  -1.155800000e-03
  2.420600000e-02
  8.506100000e-03
  1.141100000e-02
  -9.908700000e-01 -1.714700000e-01 -2.563200000e-02
  -2.247000000e-02 -1.212800000e-02 9.935100000e-01
  -1.760500000e-01 6.927600000e-01 -5.778800000e-02
 Node:         76
  0.1514E+03  0.1310E+03  0.4524E+03  0.0000E+00
   0.01923
  -0.005576
  -0.03158
  -0.004024
   0.004996
   0.01675
  3.871900000e-02
  1.784600000e-02
  -4.828000000e-02
  7.960000000e-02
  2.761800000e-03
  3.752400000e-02
  -4.274600000e-01 6.608500000e-02 3.465200000e-01
  1.536200000e-01 -8.835800000e-04 3.692900000e-01
  -7.350500000e-02 -6.863500000e-01 4.390500000e-02
 Node:         77
  0.1445E+03  0.1281E+03  0.4688E+03  0.0000E+00
   0.05458
   0.008823
  -0.01163
   0.001728
   0.005112
   0.01187
  7.865800000e-02
  1.933900000e-02
  -2.149400000e-02
  8.788100000e-02
  2.550100000e-02
  4.142700000e-02
  -9.901700000e-01 -1.510800000e-01 -7.499000000e-02
  -9.909600000e-02 1.735400000e-01 9.846800000e-01
  -1.294400000e-01 9.663100000e-01 -1.763200000e-01
 Node:         78
  0.1384E+03  0.1261E+03  0.4829E+03  0.0000E+00
   0.02322
   0.00556
   1.658E-4
   6.958E-4
   6.229E-4
   0.001023
  3.413900000e-02
  1.483900000e-03
  -1.733400000e-03
  3.437700000e-02
  1.129700000e-02
  1.620500000e-02
  -9.728200000e-01 -2.397500000e-01 -5.927300000e-02
  -9.288300000e-02 1.965300000e-01 9.711500000e-01
  -2.112600000e-01 1.241200000e+00 -1.283600000e-01
 Node:         79
  0.1555E+03  0.1261E+03  0.4531E+03  0.0000E+00
   0.01353
   0.005739
  -0.03232
  -0.006651
   0.001321
  -0.04877
  2.882700000e-02
  -2.546300000e-02
  -1.092900000e-01
  1.232700000e-01
  -3.530900000e-02
  5.810800000e-02
  9.361900000e-01 1.883100000e-01 -1.701400000e-01
  -3.149500000e-02 3.236600000e-01 1.255300000e-01
  -9.062700000e-04 -1.488100000e-01 4.632700000e-01
 Node:         80
  0.1494E+03  0.1240E+03  0.4696E+03  0.0000E+00
   0.06318
   0.01056
  -0.02116
   0.00643
   0.001925
  -0.035
  9.234600000e-02
  -1.532400000e-02
  -8.332500000e-02
  1.554000000e-01
  -2.101100000e-03
  7.325600000e-02
  -5.526200000e-01 -5.723700000e-02 -5.683700000e-02
  -1.362200000e-01 6.766000000e-01 4.017600000e-01
  -1.682500000e-02 -4.108700000e-01 6.749300000e-01
 Node:         81
  0.1433E+03  0.1217E+03  0.4837E+03  0.0000E+00
   0.02688
   0.005726
  -0.00186
   0.005589
   0.00157
  -0.002482
  4.005300000e-02
  -2.162400000e-03
  -9.686800000e-03
  4.642100000e-02
  9.401300000e-03
  2.188300000e-02
  -9.614400000e-01 -1.831400000e-01 -2.055100000e-01
  -2.489200000e-01 6.368500000e-01 4.695500000e-01
  -1.909700000e-02 -5.000600000e-01 6.648600000e-01
 Node:         82
  0.1267E+03  0.1148E+03  0.4561E+03  0.4574E-02
   0.004473
  -0.009041
   0.002409
  -0.001425
   0.004049
  -0.003459
  2.236600000e-02
  -4.234900000e-03
  -1.401000000e-02
  3.279700000e-02
  1.373800000e-03
  1.546100000e-02
  -6.428300000e-01 6.426500000e-01 2.670500000e-01
  -2.549300000e-03 -1.955700000e-01 3.189500000e-01
  -2.088900000e-01 -3.114900000e-02 3.871300000e-01
 Node:         83
  0.1234E+03  0.1129E+03  0.4719E+03  0.4574E-02
  -0.005003
  -0.005042
  -2.002E-4
   0.002789
   0.00249
  -0.004644
  8.033700000e-03
  -1.642500000e-03
  -2.319400000e-02
  2.842400000e-02
  -5.600800000e-03
  1.339900000e-02
  -3.281400000e-01 5.788300000e-01 2.259000000e-01
  -2.242000000e-01 -1.271100000e-01 -1.554800000e-01
  -2.344000000e-01 7.135500000e-02 4.241900000e-01
 Node:         84
  0.1187E+03  0.1123E+03  0.4849E+03  0.4574E-02
  -8.734E-4
  -2.676E-4
  -1.002E-4
   0.001582
  -6.615E-5
  -0.003369
  1.450000000e-03
  -3.415800000e-05
  -9.351600000e-03
  1.052900000e-02
  -2.645200000e-03
  4.963400000e-03
  -4.256700000e-01 1.390300000e-01 1.561800000e-01
  4.175100000e-02 -5.118200000e-02 6.073200000e-02
  1.151500000e-01 -1.208500000e-01 -5.146900000e-01
 Node:         85
  0.1302E+03  0.1161E+03  0.4548E+03  0.4574E-02
   0.003525
  -0.009757
   0.004112
  -9.38E-4
   0.00591
  -0.004106
  2.730400000e-02
  -4.435500000e-03
  -1.717700000e-02
  3.986200000e-02
  1.897200000e-03
  1.879100000e-02
  -5.707700000e-01 7.331500000e-01 3.427200000e-01
  1.165800000e-01 3.746900000e-01 -1.165300000e-01
  2.449400000e-01 2.310100000e-02 3.551000000e-01
 Node:         86
  0.1252E+03  0.1138E+03  0.4702E+03  0.4574E-02
  -0.01319
  -0.001422
   0.02548
   0.003363
   0.00935
  -0.003898
  4.446700000e-02
  2.867900000e-03
  -3.355900000e-02
  6.830600000e-02
  4.591900000e-03
  3.220000000e-02
  -2.649400000e-02 -4.720700000e-01 -1.640000000e-01
  1.194600000e-01 -2.381100000e-01 4.650300000e-01
  6.698100000e-01 8.572200000e-02 -1.653700000e-01
 Node:         87
  0.1217E+03  0.1126E+03  0.4833E+03  0.4574E-02
  -0.001109
  -2.907E-4
   3.138E-4
   0.001494
  -3.173E-4
  -0.002414
  2.803700000e-03
  -1.568500000e-04
  -9.330800000e-03
  1.154400000e-02
  -2.228000000e-03
  5.441700000e-03
  -4.096700000e-01 4.735800000e-01 5.382300000e-02
  4.359300000e-01 -2.124100000e-02 4.217000000e-01
  6.284200000e-01 1.135800000e-01 -2.440400000e-01
 Node:         88
  0.1338E+03  0.1169E+03  0.4531E+03  0.4574E-02
  -0.009224
  -0.01178
   0.006451
  -9.585E-4
   0.01169
   0.006111
  3.694200000e-02
  -2.651600000e-03
  -2.790000000e-02
  5.693200000e-02
  2.130000000e-03
  2.683800000e-02
  -3.907300000e-01 6.700600000e-01 5.285600000e-01
  4.409900000e-02 1.715800000e-01 -2.403700000e-02
  1.484100000e-01 1.845000000e-02 8.071800000e-02
 Node:         89
  0.1270E+03  0.1150E+03  0.4685E+03  0.4574E-02
  -0.007013
  -0.005263
   0.003384
   5.609E-4
   0.003359
  -0.001266
  1.531300000e-02
  -2.230700000e-03
  -2.443800000e-02
  3.556800000e-02
  -3.785300000e-03
  1.676700000e-02
  -3.665200000e-01 6.562700000e-01 3.699500000e-01
  -9.903600000e-02 -4.360100000e-02 -3.531100000e-02
  -3.041400000e-01 1.459400000e-01 3.518000000e-01
 Node:         90
  0.1248E+03  0.1132E+03  0.4822E+03  0.4574E-02
  -0.001314
   2.441E-4
  -1.209E-5
   5.228E-4
  -3.177E-4
  -5.062E-4
  2.260600000e-03
  -2.877100000e-04
  -6.878300000e-03
  8.827500000e-03
  -1.635100000e-03
  4.161300000e-03
  -2.939800000e-01 8.159300000e-02 2.331900000e-01
  3.861800000e-02 -8.906500000e-02 3.058800000e-01
  -2.273000000e-01 4.751800000e-01 4.137400000e-01
 Node:         91
  0.1259E+03  0.1261E+03  0.4546E+03  0.4574E-02
  -0.02611
  -0.007091
   0.02861
  -0.006238
   0.00816
  -0.00563
  4.789400000e-02
  -8.659900000e-03
  -3.882400000e-02
  7.632700000e-02
  1.365300000e-04
  3.598100000e-02
  -9.673200000e-03 5.158400000e-01 1.498900000e-01
  -8.175200000e-02 -1.059000000e-01 4.745200000e-01
  1.117200000e-01 -1.452200000e-01 1.759000000e-02
 Node:         92
  0.1209E+03  0.1232E+03  0.4725E+03  0.4574E-02
  -0.006975
  -0.008081
   0.007944
  -0.005933
   0.00551
   0.002981
  2.662700000e-02
  -4.684600000e-04
  -1.975000000e-02
  4.034300000e-02
  2.136300000e-03
  1.901800000e-02
  -2.471300000e-01 6.512400000e-02 7.675500000e-02
  -9.165100000e-03 -4.145200000e-01 5.780600000e-01
  2.929600000e-02 1.793600000e-01 1.718100000e-01
 Node:         93
  0.1159E+03  0.1217E+03  0.4877E+03  0.4574E-02
   0.001245
  -4.517E-4
   2.696E-5
  -0.002202
  -4.649E-5
   0.001619
  5.393000000e-03
  -1.560700000e-04
  -2.182200000e-03
  6.779300000e-03
  1.018200000e-03
  3.195800000e-03
  -5.413400000e-01 -5.933700000e-02 4.482200000e-01
  5.446200000e-01 -6.057500000e-01 4.606400000e-01
  1.639900000e-01 -8.557700000e-02 -1.237100000e-01
 Node:         94
  0.1313E+03  0.1263E+03  0.4537E+03  0.4574E-02
  -0.0323
  -0.007199
   0.03269
  -0.007648
   0.006189
  -0.004024
  5.237400000e-02
  -2.963200000e-03
  -4.725500000e-02
  8.650500000e-02
  7.184300000e-04
  4.077900000e-02
  -7.091500000e-02 1.678600000e-01 -8.256800000e-03
  -1.153600000e-01 -7.175100000e-02 5.517100000e-01
  -2.121700000e-01 -9.431700000e-02 -4.430400000e-02
 Node:         95
  0.1249E+03  0.1234E+03  0.4705E+03  0.4574E-02
  -0.006239
  -0.007982
   0.01467
  -0.007861
   0.004295
