 Group name: predicted_strain_L3A4
 #Fields=  17
 1) coordinates, coordinate, rectangular cartesian, #Components=3
   x.  Value index= 1, #Derivatives=0
   y.  Value index= 2, #Derivatives=0
   z.  Value index= 3, #Derivatives=0
 2) dummy, field, rectangular cartesian, #Components=1
   Tensor_1.  Value index= 4, #Derivatives=0
 3) Tensor_1, field, rectangular cartesian, #Components=1
   Tensor_1.  Value index= 5, #Derivatives=0
 4) Tensor_2, field, rectangular cartesian, #Components=1
   Tensor_2.  Value index= 6, #Derivatives=0
 5) Tensor_3, field, rectangular cartesian, #Components=1
   Tensor_3.  Value index= 7, #Derivatives=0
 6) Tensor_4, field, rectangular cartesian, #Components=1
   Tensor_4.  Value index= 8, #Derivatives=0
 7) Tensor_5, field, rectangular cartesian, #Components=1
   Tensor_5.  Value index= 9, #Derivatives=0
 8) Tensor_6, field, rectangular cartesian, #Components=1
   Tensor_6.  Value index= 10, #Derivatives=0
 9) Principal_1, field, rectangular cartesian, #Components=1
   Principal_1.  Value index= 11, #Derivatives=0
 10) Principal_2, field, rectangular cartesian, #Components=1
   Principal_2.  Value index= 12, #Derivatives=0
 11) Principal_3, field, rectangular cartesian, #Components=1
   Principal_3.  Value index= 13, #Derivatives=0
 12) VonMises, field, rectangular cartesian, #Components=1
   VonMises.  Value index= 14, #Derivatives=0
 13) Hydrostatic, field, rectangular cartesian, #Components=1
   VonMises.  Value index= 15, #Derivatives=0
 14) Octahedral, field, rectangular cartesian, #Components=1
   VonMises.  Value index= 16, #Derivatives=0
 15) PrincipalVector1, field, rectangular cartesian, #Components=3
   x.  Value index= 17, #Derivatives=0
   y.  Value index= 18, #Derivatives=0
   z.  Value index= 19, #Derivatives=0
 16) PrincipalVector2, field, rectangular cartesian, #Components=3
   x.  Value index= 20, #Derivatives=0
   y.  Value index= 21, #Derivatives=0
   z.  Value index= 22, #Derivatives=0
 17) PrincipalVector3, field, rectangular cartesian, #Components=3
   x.  Value index= 23, #Derivatives=0
   y.  Value index= 24, #Derivatives=0
   z.  Value index= 25, #Derivatives=0
 Node:          1
  0.1287E+03  0.1133E+03  0.4908E+03 -0.8215E-05
  -1.11E-16
  -8.327E-17
  -2.22E-16
  -2.776E-17
  -4.163E-17
  -3.331E-16
  -6.637000000e-17
  -2.400000000e-16
  -3.598000000e-16
  2.555400000e-16
  -2.220600000e-16
  1.204600000e-16
  8.837000000e-01 -4.676000000e-01 -1.897000000e-02
  4.046000000e-01 7.837000000e-01 -4.712000000e-01
  2.352000000e-01 4.088000000e-01 8.818000000e-01
 Node:          2
  0.1292E+03  0.1137E+03  0.5052E+03 -0.8215E-05
  -5.551E-17
  -1.11E-16
  -1.665E-16
  -5.551E-17
   1.943E-16
  -2.776E-16
  8.603000000e-17
  -1.600000000e-16
  -4.256000000e-16
  4.431900000e-16
  -1.665200000e-16
  2.089200000e-16
  -6.554000000e-01 6.199000000e-01 4.313000000e-01
  7.522000000e-01 4.849000000e-01 4.462000000e-01
  -6.744000000e-02 -6.169000000e-01 7.841000000e-01
 Node:          3
  0.1289E+03  0.1155E+03  0.5194E+03 -0.8215E-05
   2.22E-16
   1.388E-16
   3.331E-16
   1.11E-16
   5.551E-17
   2.22E-16
  4.753000000e-16
  2.118000000e-16
  9.006000000e-17
  3.410700000e-16
  2.590500000e-16
  1.607800000e-16
  -5.696000000e-01 -7.144000000e-01 -4.063000000e-01
  2.395000000e-01 -6.172000000e-01 7.494000000e-01
  -7.862000000e-01 3.296000000e-01 5.227000000e-01
 Node:          4
  0.1361E+03  0.1141E+03  0.4915E+03 -0.8215E-05
   0.0
  -2.776E-17
  -1.11E-16
  -2.776E-17
  -8.327E-17
   2.22E-16
  2.435000000e-16
  6.328000000e-18
  -1.388000000e-16
  3.342600000e-16
  3.700900000e-17
  1.575700000e-16
  -8.549000000e-02 -2.215000000e-01 9.714000000e-01
  9.681000000e-01 -2.491000000e-01 2.840000000e-02
  2.357000000e-01 9.428000000e-01 2.357000000e-01
 Node:          5
  0.1341E+03  0.1144E+03  0.5054E+03 -0.8215E-05
   3.331E-16
   1.388E-16
   3.331E-16
   5.551E-17
  -6.939E-17
   4.441E-16
  4.814000000e-16
  4.627000000e-16
  1.662000000e-16
  3.062800000e-16
  3.701000000e-16
  1.443800000e-16
  -3.480000000e-01 -6.443000000e-01 6.810000000e-01
  -6.589000000e-01 -3.487000000e-01 -6.665000000e-01
  6.669000000e-01 -6.807000000e-01 -3.032000000e-01
 Node:          6
  0.1323E+03  0.1162E+03  0.5191E+03 -0.8215E-05
   2.22E-16
   5.551E-17
   2.22E-16
  -5.551E-17
  -2.776E-17
   0.0
  2.897000000e-16
  1.685000000e-16
  -1.402000000e-17
  2.648100000e-16
  1.480600000e-16
  1.248300000e-16
  -7.150000000e-01 -6.696000000e-01 2.012000000e-01
  6.656000000e-01 -7.399000000e-01 -9.741000000e-02
  -2.141000000e-01 -6.426000000e-02 -9.747000000e-01
 Node:          7
  0.1408E+03  0.1171E+03  0.4920E+03 -0.8215E-05
   3.331E-16
   2.22E-16
   2.22E-16
  -8.327E-17
  -1.11E-16
   0.0
  5.398000000e-16
  6.158000000e-17
  -4.631000000e-17
  5.403100000e-16
  1.850200000e-16
  2.547000000e-16
  -7.537000000e-01 -6.111000000e-01 2.419000000e-01
  -6.560000000e-01 6.770000000e-01 -3.335000000e-01
  -4.004000000e-02 4.101000000e-01 9.112000000e-01
 Node:          8
  0.1367E+03  0.1169E+03  0.5055E+03 -0.8215E-05
   2.22E-16
   1.943E-16
   2.22E-16
  -4.025E-16
  -2.359E-16
  -2.22E-16
  6.547000000e-16
  4.477000000e-17
  -4.775000000e-16
  9.814900000e-16
  7.399000000e-17
  4.626800000e-16
  -6.847000000e-01 -5.611000000e-01 4.652000000e-01
  5.685000000e-01 -8.105000000e-01 -1.409000000e-01
  -4.561000000e-01 -1.681000000e-01 -8.739000000e-01
 Node:          9
  0.1339E+03  0.1180E+03  0.5191E+03 -0.8215E-05
   2.22E-16
   1.665E-16
   0.0
  -3.955E-16
  -2.776E-16
   6.661E-16
  1.002000000e-15
  -9.379000000e-18
  -1.046000000e-16
  1.062200000e-15
  2.960100000e-16
  5.007200000e-16
  -4.817000000e-01 -3.073000000e-01 8.207000000e-01
  -8.565000000e-01 -3.292000000e-02 -5.150000000e-01
  -1.853000000e-01 9.510000000e-01 2.474000000e-01
 Node:         10
  0.1294E+03  0.1212E+03  0.4911E+03 -0.8215E-05
   0.0
   2.776E-17
   1.11E-16
  -1.388E-17
   1.249E-16
   1.11E-16
  2.363000000e-16
  2.303000000e-17
  -3.732000000e-17
  2.489900000e-16
  7.400300000e-17
  1.173800000e-16
  4.210000000e-02 7.100000000e-01 7.030000000e-01
  -7.813000000e-01 -4.152000000e-01 4.661000000e-01
  -6.228000000e-01 5.688000000e-01 -5.372000000e-01
 Node:         11
  0.1295E+03  0.1214E+03  0.5055E+03 -0.8215E-05
  -2.22E-16
  -2.776E-17
  -2.22E-16
  -4.163E-17
   1.388E-17
  -1.665E-16
  -1.365000000e-16
  -2.183000000e-16
  -2.558000000e-16
  1.056600000e-16
  -2.035300000e-16
  4.981100000e-17
  -4.935000000e-01 2.929000000e-01 8.189000000e-01
  3.541000000e-01 -7.924000000e-01 4.968000000e-01
  -7.944000000e-01 -5.351000000e-01 -2.873000000e-01
 Node:         12
  0.1295E+03  0.1217E+03  0.5196E+03 -0.8215E-05
   1.11E-16
   0.0
   1.11E-16
   7.633E-17
   2.776E-17
   2.22E-16
  2.649000000e-16
  1.110000000e-16
  6.816000000e-17
  1.792000000e-16
  1.480200000e-16
  8.447700000e-17
  -4.387000000e-01 -1.595000000e-01 -8.844000000e-01
  3.417000000e-01 -9.398000000e-01 -2.255000000e-17
  8.311000000e-01 3.022000000e-01 -4.668000000e-01
 Node:         13
  0.1361E+03  0.1199E+03  0.4914E+03 -0.8215E-05
   1.11E-16
  -1.388E-16
   0.0
  -9.714E-17
   2.776E-17
  -1.665E-16
  2.285000000e-16
  -8.520000000e-17
  -1.988000000e-16
  3.833400000e-16
  -1.850000000e-17
  1.807100000e-16
  8.171000000e-01 -5.252000000e-01 -2.378000000e-01
  4.648000000e-01 8.442000000e-01 -2.671000000e-01
  3.410000000e-01 1.077000000e-01 9.339000000e-01
 Node:         14
  0.1342E+03  0.1198E+03  0.5054E+03 -0.8215E-05
  -5.551E-17
   2.776E-17
   0.0
   5.551E-17
  -9.021E-17
   1.11E-16
  1.672000000e-16
  -4.940000000e-18
  -1.068000000e-16
  2.398800000e-16
  1.848700000e-17
  1.130800000e-16
  1.634000000e-01 -4.472000000e-01 8.794000000e-01
  -6.569000000e-01 -7.144000000e-01 -2.412000000e-01
  -7.361000000e-01 5.382000000e-01 4.105000000e-01
 Node:         15
  0.1330E+03  0.1205E+03  0.5193E+03 -0.8215E-05
   2.22E-16
  -8.327E-17
  -5.551E-17
   1.388E-17
   4.857E-17
   0.0
  2.451000000e-16
  2.471000000e-17
  -1.033000000e-16
  3.052400000e-16
  5.550300000e-17
  1.438900000e-16
  -9.638000000e-01 2.667000000e-01 -1.723000000e-03
  1.157000000e-01 4.239000000e-01 8.983000000e-01
  2.403000000e-01 8.656000000e-01 -4.394000000e-01
 Node:         16
  0.1404E+03  0.1188E+03  0.4918E+03 -0.8215E-05
   2.22E-16
   5.551E-17
   2.22E-16
  -8.327E-17
  -1.457E-16
   4.441E-16
  5.466000000e-16
  1.950000000e-16
  1.465000000e-16
  3.781900000e-16
  2.960300000e-16
  1.782800000e-16
  -2.927000000e-01 -4.328000000e-01 8.526000000e-01
  -9.222000000e-01 -1.077000000e-01 -3.713000000e-01
  -2.526000000e-01 8.950000000e-01 3.676000000e-01
 Node:         17
  0.1365E+03  0.1184E+03  0.5055E+03 -0.8215E-05
  -1.11E-16
   2.776E-17
  -1.11E-16
   9.714E-17
   1.7E-16
   0.0
  1.573000000e-16
  -1.341000000e-16
  -2.452000000e-16
  3.600400000e-16
  -7.400000000e-17
  1.697300000e-16
  3.368000000e-01 5.285000000e-01 7.792000000e-01
  8.927000000e-01 -4.425000000e-01 -8.566000000e-02
  -2.996000000e-01 -7.244000000e-01 6.209000000e-01
 Node:         18
  0.1341E+03  0.1191E+03  0.5192E+03 -0.8215E-05
   0.0
   0.0
   0.0
   2.645E-17
   1.065E-16
   4.441E-16
  4.697000000e-16
  -1.672000000e-33
  -2.562000000e-17
  4.830200000e-16
  1.480300000e-16
  2.277000000e-16
  -5.484000000e-02 -2.207000000e-01 -9.738000000e-01
  9.705000000e-01 -2.411000000e-01 -6.210000000e-17
  -2.348000000e-01 -9.451000000e-01 2.274000000e-01
 Node:         19
  0.1301E+03  0.1291E+03  0.4914E+03  0.0000E+00
   1.11E-16
   0.0
   1.11E-16
   2.101E-19
   1.001E-17
  -2.22E-16
  1.113000000e-16
  1.110000000e-16
  -2.223000000e-16
  3.334500000e-16
  0.000000000e+00
  1.571900000e-16
  -2.096000000e-02 -9.993000000e-01 -3.003000000e-02
  9.998000000e-01 -2.097000000e-02 1.345000000e-19
  6.298000000e-04 3.003000000e-02 -9.995000000e-01
 Node:         20
  0.1299E+03  0.1291E+03  0.5058E+03  0.0000E+00
   2.22E-16
   0.0
   0.0
   1.041E-17
   1.924E-17
  -5.551E-17
  2.224000000e-16
  5.975000000e-18
  -6.188000000e-17
  2.571600000e-16
  5.549800000e-17
  1.212200000e-16
  -9.993000000e-01 -3.257000000e-03 -3.765000000e-02
  1.428000000e-02 -9.549000000e-01 -2.965000000e-01
  -3.498000000e-02 -2.968000000e-01 9.543000000e-01
 Node:         21
  0.1301E+03  0.1280E+03  0.5197E+03  0.0000E+00
   1.11E-16
   0.0
   0.0
   4.163E-17
   1.475E-17
   1.11E-16
  1.534000000e-16
  7.089000000e-17
  -2.220000000e-18
  1.348500000e-16
  7.402300000e-17
  6.357000000e-17
  -6.994000000e-01 -6.840000000e-02 -7.114000000e-01
  -7.126000000e-01 1.429000000e-01 6.869000000e-01
  -5.465000000e-02 -9.874000000e-01 1.487000000e-01
 Node:         22
  0.1360E+03  0.1256E+03  0.4913E+03  0.0000E+00
  -2.22E-16
   1.388E-17
  -1.11E-16
  -1.388E-17
   1.006E-16
   1.11E-16
  1.500000000e-16
  -1.456000000e-16
  -2.264000000e-16
  3.432100000e-16
  -7.400000000e-17
  1.617900000e-16
  -2.144000000e-02 3.586000000e-01 9.332000000e-01
  2.280000000e-01 9.106000000e-01 -3.447000000e-01
  -9.734000000e-01 2.054000000e-01 -1.013000000e-01
 Node:         23
  0.1343E+03  0.1253E+03  0.5054E+03  0.0000E+00
   0.0
   2.082E-17
  -4.441E-16
   0.0
   1.314E-16
  -1.665E-16
  1.265000000e-18
  -1.147000000e-16
  -4.972000000e-16
  4.517900000e-16
  -2.035500000e-16
  2.129700000e-16
  9.970000000e-01 6.061000000e-02 4.746000000e-02
  6.644000000e-02 -3.661000000e-01 -9.282000000e-01
  3.888000000e-02 -9.286000000e-01 3.690000000e-01
 Node:         24
  0.1336E+03  0.1248E+03  0.5194E+03  0.0000E+00
  -2.22E-16
   1.214E-17
   0.0
   1.388E-17
   8.674E-19
  -1.665E-16
  6.779000000e-19
  -1.633000000e-16
  -2.259000000e-16
  2.026600000e-16
  -1.295100000e-16
  9.553700000e-17
  -5.504000000e-02 -9.984000000e-01 -9.747000000e-03
  2.257000000e-01 -2.195000000e-02 9.740000000e-01
  -9.726000000e-01 5.141000000e-02 2.265000000e-01
 Node:         25
  0.1400E+03  0.1206E+03  0.4917E+03  0.0000E+00
   0.0
   2.671E-16
  -1.11E-16
  -8.327E-17
  -1.301E-16
   2.22E-16
  3.681000000e-16
  7.580000000e-17
  -3.329000000e-16
  6.098700000e-16
  3.700000000e-17
  2.874900000e-16
  5.089000000e-01 4.781000000e-01 -7.159000000e-01
  6.086000000e-01 3.883000000e-01 6.920000000e-01
  6.088000000e-01 -7.878000000e-01 -9.334000000e-02
 Node:         26
  0.1363E+03  0.1200E+03  0.5055E+03  0.0000E+00
   2.22E-16
   1.076E-16
  -6.106E-16
   2.776E-17
  -1.124E-15
  -5.551E-17
  8.281000000e-16
  2.248000000e-16
  -1.497000000e-15
  2.089800000e-15
  -1.480300000e-16
  9.851500000e-16
  7.371000000e-02 6.174000000e-01 -7.832000000e-01
  9.955000000e-01 1.018000000e-03 9.449000000e-02
  -5.914000000e-02 7.866000000e-01 6.146000000e-01
 Node:         27
  0.1343E+03  0.1203E+03  0.5192E+03  0.0000E+00
   2.22E-16
  -1.943E-16
   2.22E-16
  -1.041E-16
   1.313E-15
   0.0
  1.466000000e-15
  1.875000000e-16
  -1.209000000e-15
  2.317400000e-15
  1.481700000e-16
  1.092400000e-15
  -1.693000000e-01 7.280000000e-01 6.643000000e-01
  9.848000000e-01 9.849000000e-02 1.431000000e-01
  3.876000000e-02 6.785000000e-01 -7.336000000e-01
 Node:         28
  0.1155E+03  0.1124E+03  0.4931E+03 -0.4855E-04
  -2.22E-16
   3.816E-17
   2.22E-16
  -5.551E-17
   5.551E-17
   1.11E-16
  2.455000000e-16
  1.014000000e-16
  -2.359000000e-16
  4.279500000e-16
  3.700000000e-17
  2.017400000e-16
  3.184000000e-02 9.284000000e-01 3.701000000e-01
  1.988000000e-01 3.571000000e-01 -9.127000000e-01
  9.795000000e-01 -1.026000000e-01 1.732000000e-01
 Node:         29
  0.1119E+03  0.1139E+03  0.5068E+03 -0.4855E-04
  -2.22E-16
  -2.082E-17
   0.0
   5.551E-17
   6.939E-18
  -3.331E-16
  1.944000000e-18
  -2.004000000e-16
  -3.566000000e-16
  3.113600000e-16
  -1.850200000e-16
  1.467800000e-16
  -9.118000000e-02 9.958000000e-01 5.517000000e-03
  -9.179000000e-01 -8.189000000e-02 -3.884000000e-01
  -3.863000000e-01 -4.048000000e-02 9.215000000e-01
 Node:         30
  0.1113E+03  0.1159E+03  0.5206E+03 -0.4855E-04
   2.22E-16
   1.249E-16
   2.22E-16
   0.0
  -2.776E-17
   1.11E-16
  3.486000000e-16
  1.238000000e-16
  8.277000000e-17
  2.478800000e-16
  1.850600000e-16
  1.168500000e-16
  -7.001000000e-01 -7.092000000e-01 8.287000000e-02
  -4.685000000e-01 3.686000000e-01 -8.029000000e-01
  -5.389000000e-01 6.009000000e-01 5.903000000e-01
 Node:         31
  0.1203E+03  0.1126E+03  0.4920E+03 -0.4855E-04
  -5.551E-17
   9.714E-17
  -1.11E-16
   2.776E-17
   4.163E-17
  -5.551E-17
  4.114000000e-17
  -7.661000000e-17
  -1.866000000e-16
  1.972700000e-16
  -7.402300000e-17
  9.299200000e-17
  -6.956000000e-01 -5.654000000e-01 -4.433000000e-01
  4.358000000e-01 1.585000000e-01 -8.860000000e-01
  5.712000000e-01 -8.095000000e-01 1.362000000e-01
 Node:         32
  0.1188E+03  0.1134E+03  0.5062E+03 -0.4855E-04
   2.22E-16
  -1.388E-17
  -1.11E-16
  -2.776E-17
   9.714E-17
  -5.551E-17
  2.266000000e-16
  1.331000000e-17
  -1.844000000e-16
  3.560200000e-16
  1.850300000e-17
  1.678300000e-16
  -9.894000000e-01 7.624000000e-02 1.236000000e-01
  1.445000000e-01 5.992000000e-01 7.875000000e-01
  1.402000000e-02 -7.970000000e-01 6.038000000e-01
 Node:         33
  0.1183E+03  0.1150E+03  0.5201E+03 -0.4855E-04
   1.11E-16
   5.551E-17
   0.0
   8.327E-17
   0.0
   0.0
  1.700000000e-16
  0.000000000e+00
  -5.893000000e-17
  2.058900000e-16
  3.702300000e-17
  9.705800000e-17
  -8.617000000e-01 -2.815000000e-01 -4.222000000e-01
  0.000000000e+00 -8.321000000e-01 5.547000000e-01
  -5.074000000e-01 4.780000000e-01 7.170000000e-01
 Node:         34
  0.1255E+03  0.1129E+03  0.4909E+03 -0.4855E-04
   0.0
   0.0
   0.0
   5.551E-17
   9.714E-17
   0.0
  1.119000000e-16
  3.387000000e-33
  -1.119000000e-16
  1.938200000e-16
  0.000000000e+00
  9.136600000e-17
  -3.508000000e-01 -6.139000000e-01 -7.071000000e-01
  8.682000000e-01 -4.961000000e-01 -4.855000000e-17
  -3.508000000e-01 -6.139000000e-01 7.071000000e-01
 Node:         35
  0.1260E+03  0.1135E+03  0.5054E+03 -0.4855E-04
   0.0
   1.11E-16
  -1.11E-16
   1.11E-16
   2.498E-16
  -1.11E-16
  2.410000000e-16
  -1.023000000e-16
  -3.608000000e-16
  5.229000000e-16
  -7.403300000e-17
  2.465000000e-16
  5.458000000e-01 5.925000000e-01 5.925000000e-01
  8.379000000e-01 -3.859000000e-01 -3.859000000e-01
  -4.975000000e-17 -7.071000000e-01 7.071000000e-01
 Node:         36
  0.1257E+03  0.1153E+03  0.5196E+03 -0.4855E-04
   0.0
  -5.551E-17
   0.0
  -5.551E-17
   8.327E-17
   0.0
  1.305000000e-16
  -4.723000000e-17
  -8.327000000e-17
  1.982200000e-16
  0.000000000e+00
  9.344300000e-17
  -5.155000000e-01 6.059000000e-01 6.059000000e-01
  8.569000000e-01 3.645000000e-01 3.645000000e-01
  -1.256000000e-16 7.071000000e-01 -7.071000000e-01
 Node:         37
  0.1132E+03  0.1210E+03  0.4959E+03 -0.4855E-04
  -2.22E-16
   1.388E-16
  -2.22E-16
  -8.327E-17
   1.804E-16
  -2.776E-16
  -4.482000000e-17
  -1.622000000e-16
  -5.146000000e-16
  4.234700000e-16
  -2.405400000e-16
  1.996300000e-16
  3.971000000e-01 7.887000000e-01 4.693000000e-01
  -7.874000000e-01 3.010000000e-02 6.157000000e-01
  4.715000000e-01 -6.140000000e-01 6.330000000e-01
 Node:         38
  0.1111E+03  0.1204E+03  0.5085E+03 -0.4855E-04
  -1.665E-16
   9.714E-17
   0.0
  -2.776E-17
  -8.327E-17
  -2.22E-16
  7.071000000e-17
  -2.091000000e-16
  -2.502000000e-16
  3.024600000e-16
  -1.295300000e-16
  1.425800000e-16
  -3.916000000e-01 -8.746000000e-01 2.859000000e-01
  9.154000000e-01 -3.389000000e-01 2.170000000e-01
  9.287000000e-02 -3.467000000e-01 -9.334000000e-01
 Node:         39
  0.1119E+03  0.1201E+03  0.5207E+03 -0.4855E-04
  -5.551E-17
  -9.714E-17
  -3.331E-16
  -8.327E-17
  -7.633E-17
  -1.11E-16
  8.934000000e-18
  -1.105000000e-16
  -3.981000000e-16
  3.623900000e-16
  -1.665600000e-16
  1.708300000e-16
  8.510000000e-01 -1.281000000e-01 -5.092000000e-01
  4.076000000e-01 -4.503000000e-01 7.944000000e-01
  -3.311000000e-01 -8.836000000e-01 -3.310000000e-01
 Node:         40
  0.1191E+03  0.1220E+03  0.4937E+03 -0.4855E-04
   0.0
   8.327E-17
  -2.22E-16
   8.327E-17
  -1.388E-17
  -2.22E-16
  4.872000000e-17
  -2.082000000e-16
  -2.846000000e-16
  3.024500000e-16
  -1.480300000e-16
  1.425700000e-16
  -9.240000000e-01 -2.703000000e-01 -2.703000000e-01
  0.000000000e+00 -7.071000000e-01 7.071000000e-01
  3.823000000e-01 -6.534000000e-01 -6.534000000e-01
 Node:         41
  0.1182E+03  0.1217E+03  0.5073E+03 -0.4855E-04
   0.0
  -2.776E-17
  -5.551E-17
   5.551E-17
   9.714E-17
   1.11E-16
  1.653000000e-16
  1.073000000e-17
  -1.206000000e-16
  2.478700000e-16
  1.847700000e-17
  1.168500000e-16
  2.406000000e-01 3.653000000e-01 8.993000000e-01
  -8.901000000e-01 4.526000000e-01 5.428000000e-02
  -3.871000000e-01 -8.135000000e-01 4.340000000e-01
 Node:         42
  0.1187E+03  0.1212E+03  0.5204E+03 -0.4855E-04
   0.0
  -5.551E-17
  -1.11E-16
   0.0
   5.551E-17
   1.11E-16
  1.256000000e-16
  1.887000000e-17
  -1.444000000e-16
  2.355300000e-16
  2.333300000e-20
  1.110300000e-16
  1.113000000e-01 -2.517000000e-01 -9.614000000e-01
  9.295000000e-01 -3.159000000e-01 1.903000000e-01
  -3.516000000e-01 -9.148000000e-01 1.988000000e-01
 Node:         43
  0.1258E+03  0.1217E+03  0.4915E+03 -0.4855E-04
   2.22E-16
   1.11E-16
   1.11E-16
  -1.388E-17
   0.0
  -5.551E-17
  2.911000000e-16
  4.294000000e-17
  -5.645000000e-17
  3.100400000e-16
  9.253000000e-17
  1.461600000e-16
  -8.507000000e-01 -5.246000000e-01 3.406000000e-02
  -5.213000000e-01 8.502000000e-01 7.348000000e-02
  6.751000000e-02 -4.475000000e-02 9.967000000e-01
 Node:         44
  0.1259E+03  0.1220E+03  0.5059E+03 -0.4855E-04
  -2.22E-16
   1.388E-16
  -2.22E-16
   9.714E-17
   1.11E-16
  -1.11E-16
  5.081000000e-17
  -2.445000000e-16
  -3.614000000e-16
  3.679600000e-16
  -1.850300000e-16
  1.734600000e-16
  -5.113000000e-01 -5.340000000e-01 -6.733000000e-01
  -5.198000000e-01 -4.318000000e-01 7.372000000e-01
  -6.844000000e-01 7.269000000e-01 -5.679000000e-02
 Node:         45
  0.1261E+03  0.1221E+03  0.5198E+03 -0.4855E-04
  -5.551E-17
  -8.327E-17
  -2.776E-16
   2.776E-17
  -6.939E-18
   1.11E-16
  1.167000000e-16
  -3.339000000e-17
  -3.053000000e-16
  3.705000000e-16
  -7.399700000e-17
  1.746600000e-16
  1.854000000e-01 -5.643000000e-02 9.810000000e-01
  9.302000000e-01 -3.117000000e-01 -1.938000000e-01
  -3.167000000e-01 -9.485000000e-01 5.308000000e-03
 Node:         46
  0.1117E+03  0.1296E+03  0.4959E+03  0.0000E+00
  -5.551E-17
   2.776E-17
  -1.665E-16
   6.939E-18
  -2.602E-17
   0.0
  4.101000000e-18
  -4.897000000e-17
  -1.772000000e-16
  1.614500000e-16
  -7.402300000e-17
  7.610600000e-17
  4.856000000e-02 -1.429000000e-01 9.886000000e-01
  9.724000000e-01 2.327000000e-01 -1.414000000e-02
  -2.280000000e-01 9.620000000e-01 1.502000000e-01
 Node:         47
  0.1107E+03  0.1269E+03  0.5087E+03  0.0000E+00
  -1.665E-16
  -3.123E-17
   1.11E-16
  -2.776E-17
   3.99E-17
   0.0
  1.289000000e-16
  -1.114000000e-17
  -1.732000000e-16
  2.618600000e-16
  -1.848000000e-17
  1.234400000e-16
  -1.292000000e-01 9.390000000e-01 3.186000000e-01
  -1.008000000e-01 -3.321000000e-01 9.379000000e-01
  -9.865000000e-01 -8.906000000e-02 -1.376000000e-01
 Node:         48
  0.1125E+03  0.1242E+03  0.5208E+03  0.0000E+00
   1.11E-16
   3.469E-18
   1.11E-16
   0.0
  -1.735E-18
   1.11E-16
  1.149000000e-16
  1.110000000e-16
  1.071000000e-16
  6.755000000e-18
  1.110000000e-16
  3.184300000e-18
  -6.325000000e-01 -7.071000000e-01 3.162000000e-01
  4.472000000e-01 -4.455000000e-15 8.944000000e-01
  -6.325000000e-01 7.071000000e-01 3.162000000e-01
 Node:         49
  0.1186E+03  0.1311E+03  0.4938E+03  0.0000E+00
  -1.665E-16
  -2.082E-17
   0.0
  -4.163E-17
  -6.072E-18
  -5.551E-17
  2.581000000e-18
  -4.165000000e-17
  -1.830000000e-16
  1.678900000e-16
  -7.402300000e-17
  7.914600000e-17
  1.174000000e-01 -9.929000000e-01 1.965000000e-02
  -3.135000000e-01 -1.827000000e-02 9.494000000e-01
  -9.423000000e-01 -1.176000000e-01 -3.134000000e-01
 Node:         50
  0.1180E+03  0.1298E+03  0.5075E+03  0.0000E+00
   0.0
  -1.301E-17
   3.331E-16
  -4.163E-17
   1.247E-17
   2.22E-16
  3.354000000e-16
  2.276000000e-16
  -7.879000000e-18
  3.040700000e-16
  1.850400000e-16
  1.433400000e-16
  5.441000000e-02 -9.902000000e-01 -1.289000000e-01
  -1.707000000e-01 -1.364000000e-01 9.758000000e-01
  9.838000000e-01 3.109000000e-02 1.765000000e-01
 Node:         51
  0.1192E+03  0.1275E+03  0.5206E+03  0.0000E+00
   0.0
  -3.469E-18
  -5.551E-17
   0.0
   1.475E-17
   1.11E-16
  1.123000000e-16
  2.087000000e-19
  -5.702000000e-17
  1.491800000e-16
  1.849600000e-17
  7.032400000e-17
  -2.705000000e-03 8.758000000e-02 9.962000000e-01
  9.982000000e-01 -6.004000000e-02 7.989000000e-03
  -6.051000000e-02 -9.943000000e-01 8.725000000e-02
 Node:         52
  0.1262E+03  0.1305E+03  0.4920E+03  0.0000E+00
   1.11E-16
  -1.388E-17
   1.11E-16
   1.301E-18
   4.906E-18
   0.0
  1.250000000e-16
  9.734000000e-17
  -2.497000000e-19
  1.139700000e-16
  7.403000000e-17
  5.372400000e-17
  -7.047000000e-01 7.092000000e-01 2.051000000e-02
  7.093000000e-01 7.034000000e-01 4.493000000e-02
  -1.744000000e-02 -4.621000000e-02 9.988000000e-01
 Node:         53
  0.1258E+03  0.1304E+03  0.5063E+03  0.0000E+00
  -1.665E-16
  -1.735E-18
  -1.11E-16
   2.776E-17
   3.383E-17
  -2.22E-16
  -1.010000000e-16
  -1.572000000e-16
  -2.414000000e-16
  1.223900000e-16
  -1.665300000e-16
  5.769700000e-17
  9.684000000e-02 9.526000000e-01 2.883000000e-01
  -9.346000000e-01 1.866000000e-01 -3.027000000e-01
  -3.422000000e-01 -2.402000000e-01 9.084000000e-01
 Node:         54
  0.1265E+03  0.1288E+03  0.5200E+03  0.0000E+00
  -2.22E-16
   2.082E-17
   1.11E-16
   0.0
  -4.337E-18
   1.11E-16
  1.160000000e-16
  1.073000000e-16
  -2.233000000e-16
  3.350300000e-16
  0.000000000e+00
  1.579400000e-16
  -4.656000000e-02 -7.562000000e-01 6.527000000e-01
  -4.117000000e-02 -6.514000000e-01 -7.576000000e-01
  -9.981000000e-01 6.215000000e-02 8.061000000e-04
 Node:         55
  0.1382E+03  0.1168E+03  0.4537E+03  0.2733E-02
  -0.05248
  -0.01198
   0.05111
   0.001491
   0.02063
   0.0222
  6.903500000e-02
  1.187400000e-02
  -5.465900000e-02
  1.091200000e-01
  8.750100000e-03
  5.144100000e-02
  -7.258000000e-02 -3.628900000e-02 -1.117900000e-04
  1.214000000e-01 -1.414500000e-01 2.724700000e-01
  -7.613600000e-01 -5.325200000e-02 -5.489100000e-02
 Node:         56
  0.1314E+03  0.1156E+03  0.4689E+03  0.2733E-02
  -0.05231
  -5.301E-4
   0.02772
   0.0127
   0.002777
  -0.001859
  2.863200000e-02
  1.969000000e-04
  -5.636100000e-02
  7.597200000e-02
  -9.177300000e-03
  3.581400000e-02
  7.152000000e-02 -2.525400000e-02 1.938400000e-02
  9.768200000e-02 -3.134300000e-02 1.433100000e-01
  -8.075500000e-01 2.200900000e-02 1.091400000e-01
 Node:         57
  0.1285E+03  0.1140E+03  0.4824E+03  0.2733E-02
  -0.0118
   0.005192
  -4.622E-4
   0.004301
  -0.002914
  -0.002001
  1.465500000e-03
  -7.772800000e-04
  -1.610000000e-02
  1.633600000e-02
  -5.137300000e-03
  7.700700000e-03
  -1.375500000e-01 -8.493700000e-01 3.768100000e-01
  4.049100000e-01 2.327100000e-01 7.638200000e-01
  -7.880500000e-01 3.653900000e-01 3.023300000e-01
 Node:         58
  0.1484E+03  0.1177E+03  0.4537E+03  0.2733E-02
  -0.05718
  -0.02939
   0.08854
  -0.004915
   0.01633
  -0.009864
  1.083500000e-01
  -1.338600000e-02
  -6.745500000e-02
  1.569800000e-01
  9.171400000e-03
  7.400300000e-02
  -6.211000000e-02 -1.696100000e-01 -3.406800000e-02
  1.733400000e-01 -1.563400000e-01 8.142800000e-01
  -2.444700000e-01 -3.381500000e-02 -1.959200000e-02
 Node:         59
  0.1419E+03  0.1166E+03  0.4696E+03  0.2733E-02
  -0.04816
  -0.0256
   0.0639
   0.001478
   0.01007
  -0.01437
  7.702000000e-02
  -1.603200000e-02
  -5.804700000e-02
  1.207200000e-01
  9.802400000e-04
  5.690900000e-02
  1.197900000e-01 -3.632800000e-03 -6.352100000e-02
  1.594200000e-01 -7.409900000e-02 8.125300000e-01
  -7.259900000e-02 1.250800000e-02 1.731100000e-01
 Node:         60
  0.1375E+03  0.1150E+03  0.4832E+03  0.2733E-02
  -0.007941
  -0.004984
   0.01028
   0.002412
   3.123E-4
  -0.002481
  1.323800000e-02
  -1.680500000e-03
  -1.140900000e-02
  2.182500000e-02
  4.942600000e-05
  1.028800000e-02
  -1.511500000e-01 7.221400000e-01 -7.645800000e-02
  -1.395000000e-01 -2.389800000e-01 2.883300000e-01
  7.521700000e-02 1.964100000e-01 8.192600000e-02
 Node:         61
  0.1555E+03  0.1221E+03  0.4535E+03  0.2733E-02
  -0.02145
  -0.02783
   0.047
  -0.01971
   0.02468
  -0.071
  7.421400000e-02
  -3.178200000e-02
  -8.789100000e-02
  1.434800000e-01
  -1.515300000e-02
  6.763600000e-02
  -1.873900000e-01 6.646600000e-01 1.770400000e-01
  8.391100000e-01 3.729600000e-01 -1.368000000e-01
  2.485900000e-01 -1.530800000e-01 8.854000000e-01
 Node:         62
  0.1493E+03  0.1203E+03  0.4699E+03  0.2733E-02
   0.006925
  -0.04388
   0.053
  -0.01097
   0.01728
  -0.05546
  9.460300000e-02
  -2.285500000e-02
  -6.341900000e-02
  1.423700000e-01
  2.776200000e-03
  6.711200000e-02
  -2.566000000e-01 4.252100000e-01 6.406300000e-02
  8.864300000e-01 5.610500000e-01 -2.242300000e-02
  -9.607900000e-03 1.019200000e-02 6.119600000e-02
 Node:         63
  0.1437E+03  0.1181E+03  0.4838E+03  0.2733E-02
   0.009083
  -0.01405
   0.01545
  -1.534E-4
   0.001307
  -0.008525
  3.040300000e-02
  -2.354300000e-03
  -9.613300000e-03
  3.719900000e-02
  6.145300000e-03
  1.753600000e-02
  -3.419900000e-01 4.270000000e-01 3.693900000e-02
  7.224800000e-01 5.534600000e-01 1.044300000e-01
  -7.042400000e-02 -1.784200000e-01 5.773200000e-01
 Node:         64
  0.1414E+03  0.1253E+03  0.4526E+03  0.2733E-02
  -0.04489
   0.006316
   0.05349
  -0.01142
   0.008566
  -0.01445
  6.189400000e-02
  -1.219700000e-02
  -5.498100000e-02
  1.026000000e-01
  -1.761400000e-03
  4.836600000e-02
  7.317300000e-02 5.329300000e-01 7.509100000e-02
  1.537600000e-01 3.894800000e-02 -4.554900000e-01
  -2.014700000e-01 3.260400000e-02 -5.347700000e-02
 Node:         65
  0.1341E+03  0.1229E+03  0.4684E+03  0.2733E-02
  -0.02959
  -0.003389
   0.04442
  -0.004856
   0.004002
  -0.009996
  5.015400000e-02
  -9.514900000e-03
  -3.435200000e-02
  7.548700000e-02
  2.095700000e-03
  3.558500000e-02
  -5.697700000e-02 -2.527500000e-01 -1.280400000e-02
  -1.237000000e-01 -1.954600000e-02 6.134200000e-01
  -1.585000000e-01 6.360700000e-02 1.504600000e-01
 Node:         66
  0.1299E+03  0.1214E+03  0.4825E+03  0.2733E-02
  -0.001519
  -0.002158
   0.007901
   0.001207
  -8.505E-4
  -0.001677
  9.817300000e-03
  -6.720900000e-04
  -3.582100000e-03
  1.234600000e-02
  1.854400000e-03
  5.820000000e-03
  -2.377700000e-01 4.742800000e-01 5.489900000e-03
  4.841500000e-01 2.050600000e-01 2.096000000e-01
  2.980100000e-01 -2.198100000e-02 -1.354400000e-02
 Node:         67
  0.1501E+03  0.1244E+03  0.4528E+03  0.2733E-02
  -0.04394
  -0.01759
   0.04834
  -0.009994
   0.006502
  -0.008793
  6.076600000e-02
  -7.924600000e-03
  -5.347300000e-02
  1.017200000e-01
  -2.105600000e-04
  4.794900000e-02
  1.551800000e-02 -5.566300000e-02 -1.829400000e-02
  -5.257400000e-02 -1.499800000e-01 7.093300000e-01
  -4.135200000e-01 -6.221000000e-02 -1.442100000e-01
 Node:         68
  0.1433E+03  0.1224E+03  0.4690E+03  0.2733E-02
  -0.02099
  -0.03264
   0.04906
  -0.01073
   0.009527
  -0.006114
  7.277100000e-02
  -5.511800000e-03
  -4.021500000e-02
  1.010000000e-01
  9.014800000e-03
  4.761200000e-02
  1.227000000e-01 -1.503800000e-01 -3.434200000e-02
  -1.870400000e-01 -2.952900000e-01 8.234800000e-01
  2.178000000e-01 9.876700000e-02 1.564800000e-01
 Node:         69
  0.1380E+03  0.1205E+03  0.4831E+03  0.2733E-02
   0.002402
  -0.0104
   0.01336
  -0.001969
   0.002729
  -4.515E-4
  2.305700000e-02
  -6.905700000e-04
  -4.732700000e-03
  2.610800000e-02
  5.877800000e-03
  1.230800000e-02
  -4.959000000e-01 8.485100000e-01 1.421400000e-01
  1.489500000e-01 2.966300000e-02 6.076200000e-01
  6.456800000e-01 3.335800000e-01 2.033200000e-03
 Node:         70
  0.1557E+03  0.1241E+03  0.4532E+03  0.2733E-02
  -0.03375
  -0.02178
   0.004062
  -0.02416
   0.01662
   0.02145
  5.569100000e-02
  -8.572200000e-03
  -5.227700000e-02
  9.384400000e-02
  -1.719500000e-03
  4.423900000e-02
  -1.872900000e-01 3.098800000e-01 1.904700000e-01
  1.928300000e-02 -7.625000000e-01 5.343800000e-01
  -6.221000000e-02 4.470400000e-03 -1.357700000e-01
 Node:         71
  0.1495E+03  0.1222E+03  0.4698E+03  0.2733E-02
  -0.001629
  -0.04289
   0.03028
  -0.03174
   0.02353
   0.008478
  9.202000000e-02
  -4.185400000e-03
  -4.232400000e-02
  1.202100000e-01
  1.517000000e-02
  5.666800000e-02
  -3.084700000e-01 4.294900000e-01 2.906900000e-01
  1.357300000e-01 -1.957400000e-01 5.079300000e-01
  6.340400000e-01 2.906600000e-01 2.261600000e-01
 Node:         72
  0.1435E+03  0.1199E+03  0.4838E+03  0.2733E-02
   0.009048
  -0.01583
   0.01181
  -0.007375
   0.005747
   0.001702
  3.358600000e-02
  -7.480200000e-04
  -6.742700000e-03
  3.778200000e-02
  8.698400000e-03
  1.781000000e-02
  -6.363300000e-01 7.038400000e-01 2.989300000e-01
  2.688100000e-03 -3.127100000e-01 7.188600000e-01
  5.770300000e-01 4.641800000e-01 6.480700000e-02
 Node:         73
  0.1446E+03  0.1339E+03  0.4520E+03  0.0000E+00
   0.02092
  -0.008388
  -0.04096
   0.002635
  -0.003222
   0.03231
  3.702500000e-02
  2.416700000e-02
  -4.653600000e-02
  7.788400000e-02
  4.885200000e-03
  3.671500000e-02
  3.462500000e-01 -5.800400000e-02 6.024800000e-01
  5.471500000e-01 -3.334100000e-02 2.786300000e-01
  -7.706400000e-02 -6.668900000e-01 5.507600000e-04
 Node:         74
  0.1368E+03  0.1304E+03  0.4682E+03  0.0000E+00
   0.04635
  -0.005595
  -0.01986
   0.002526
  -0.005677
   0.0228
  5.443600000e-02
  2.591700000e-02
  -2.312500000e-02
  6.805500000e-02
  1.907600000e-02
  3.208200000e-02
  -5.179500000e-01 -1.971200000e-02 -4.152800000e-02
  -1.167900000e-01 -8.863400000e-02 6.810300000e-01
  -1.602800000e-02 3.733500000e-01 3.203700000e-02
 Node:         75
  0.1313E+03  0.1289E+03  0.4826E+03  0.0000E+00
   0.01715
  -0.00228
  -0.002463
  -0.002157
  -0.001239
   0.001568
  2.048800000e-02
  2.096900000e-03
  -3.672300000e-03
  2.196800000e-02
  6.304300000e-03
  1.035600000e-02
  -9.754500000e-01 1.244400000e-01 1.298900000e-01
  7.608500000e-02 -2.928900000e-01 9.483800000e-01
  1.467500000e-01 6.357700000e-01 2.089200000e-01
 Node:         76
  0.1517E+03  0.1311E+03  0.4523E+03  0.0000E+00
   0.02061
  -0.01248
  -0.05512
  -0.002876
   0.01238
   0.04731
  5.335900000e-02
  2.572000000e-02
  -6.431100000e-02
  1.061500000e-01
  4.922400000e-03
  5.004100000e-02
  -6.426000000e-03 4.077300000e-02 2.786800000e-01
  6.095200000e-01 -8.496500000e-02 1.264600000e-02
  2.089300000e-02 1.385400000e-01 -6.390300000e-04
 Node:         77
  0.1447E+03  0.1282E+03  0.4687E+03  0.0000E+00
   0.0653
   0.001177
  -0.02741
  -0.001687
   0.009444
   0.02219
  7.525500000e-02
  2.606400000e-02
  -3.234000000e-02
  9.318200000e-02
  2.299300000e-02
  4.392600000e-02
  -9.938500000e-01 8.763300000e-03 6.174100000e-02
  6.068400000e-02 1.802100000e-01 9.770800000e-01
  -2.419800000e-02 3.533300000e-01 -7.344300000e-02
 Node:         78
  0.1384E+03  0.1261E+03  0.4829E+03  0.0000E+00
   0.02735
   0.002921
  -0.001866
  -0.00168
  -1.348E-5
   9.658E-4
  3.182400000e-02
  1.125000000e-03
  -2.544300000e-03
  3.268900000e-02
  1.013500000e-02
  1.541000000e-02
  -9.906900000e-01 -7.948400000e-02 7.532800000e-02
  2.805700000e-02 2.630800000e-02 6.752900000e-01
  -1.060700000e-01 5.935300000e-01 -1.295400000e-01
 Node:         79
  0.1559E+03  0.1262E+03  0.4530E+03  0.0000E+00
   0.01966
   0.0243
   0.01834
   0.004025
   6.483E-4
  -0.1311
  5.403900000e-02
  -1.334900000e-02
  -1.599100000e-01
  1.910300000e-01
  -3.973900000e-02
  9.005200000e-02
  7.256100000e-01 6.557300000e-01 4.313300000e-02
  -1.077600000e-01 2.741900000e-01 -1.251600000e-01
  -1.408800000e-02 1.515700000e-01 9.800100000e-01
 Node:         80
  0.1497E+03  0.1241E+03  0.4696E+03  0.0000E+00
   0.07289
   0.02321
   0.006414
   0.005435
  -9.293E-4
  -0.1066
  9.313500000e-02
  -5.380400000e-03
  -1.307200000e-01
  1.981300000e-01
  -1.432200000e-02
  9.339800000e-02
  5.023900000e-01 2.469100000e-01 1.364000000e-02
  -3.222400000e-01 9.945200000e-01 -5.889700000e-02
  -3.455700000e-02 5.148900000e-02 1.059300000e+00
 Node:         81
  0.1433E+03  0.1217E+03  0.4837E+03  0.0000E+00
   0.03061
   0.006103
   1.892E-4
   0.001389
   3.026E-4
  -0.01324
  3.626500000e-02
  -1.441100000e-03
  -1.677700000e-02
  4.779400000e-02
  6.015700000e-03
  2.253000000e-02
  -9.816900000e-01 -1.885400000e-01 -1.624100000e-02
  -1.833200000e-01 1.017400000e+00 1.349600000e-02
  -3.142900000e-02 -1.562300000e-02 1.029700000e+00
 Node:         82
  0.1267E+03  0.1149E+03  0.4568E+03 -0.1498E-01
  -0.01554
  -0.007498
   0.01447
   0.00297
   0.0128
   0.002126
  2.604000000e-02
  -2.852400000e-03
  -2.170700000e-02
  4.175800000e-02
  4.936400000e-04
  1.968500000e-02
  -1.673100000e-01 8.591700000e-01 4.800400000e-01
  -1.301900000e-01 2.987100000e-01 -4.619800000e-01
  -1.861200000e-02 -2.192100000e-01 5.248000000e-02
 Node:         83
  0.1234E+03  0.1130E+03  0.4722E+03 -0.1498E-01
  -0.02299
  -6.162E-4
   0.005971
   0.02019
   0.005643
  -0.01511
  7.997400000e-03
  -1.266200000e-03
  -4.146000000e-02
  4.532200000e-02
  -1.157600000e-02
  2.136500000e-02
  1.722300000e-01 7.744700000e-01 2.526500000e-01
  -5.530000000e-01 3.721200000e-01 -6.757000000e-01
  -8.249400000e-01 -2.048200000e-01 6.060200000e-01
 Node:         84
  0.1187E+03  0.1123E+03  0.4849E+03 -0.1498E-01
  -0.00329
   4.926E-4
   3.803E-4
   0.007827
  -3.308E-4
  -0.01408
  3.619800000e-04
  1.512600000e-04
  -1.894400000e-02
  1.894400000e-02
  -6.143400000e-03
  8.930400000e-03
  -5.919500000e-01 -2.803200000e-01 -3.850700000e-01
  3.878600000e-01 -6.991000000e-01 2.501500000e-01
  5.278500000e-01 2.177200000e-02 -8.620700000e-01
 Node:         85
  0.1302E+03  0.1161E+03  0.4556E+03 -0.1498E-01
  -0.01832
  -0.006856
   0.01863
   0.004844
   0.01871
   0.006812
  3.518600000e-02
  -2.548800000e-03
  -2.430900000e-02
  5.218400000e-02
  2.776200000e-03
  2.460000000e-02
  -9.514100000e-02 7.944400000e-01 5.267700000e-01
  -1.737300000e-01 3.371700000e-01 -3.532900000e-01
  2.088600000e-01 -3.882700000e-02 -9.200900000e-02
 Node:         86
  0.1252E+03  0.1138E+03  0.4706E+03 -0.1498E-01
  -0.01966
   0.01085
   0.04148
   0.03692
   0.01932
  -0.009061
  6.206400000e-02
  6.098500000e-03
  -5.211300000e-02
  9.926400000e-02
  5.349800000e-03
  4.679300000e-02
  -3.031800000e-01 -7.525700000e-01 -4.122800000e-01
  4.990600000e-01 -5.362400000e-01 5.891600000e-01
  7.029000000e-01 4.387900000e-02 -7.263300000e-01
 Node:         87
  0.1217E+03  0.1126E+03  0.4834E+03 -0.1498E-01
  -0.006111
   2.388E-4
   0.001262
   0.009825
  -0.00162
  -0.01261
  1.209100000e-03
  3.920900000e-04
  -2.046500000e-02
  2.089100000e-02
  -6.287900000e-03
  9.847900000e-03
  -4.195700000e-01 7.872800000e-01 -4.757300000e-01
  6.622500000e-01 6.956900000e-01 4.528200000e-01
  5.590200000e-01 -7.085900000e-02 -8.650500000e-01
 Node:         88
  0.1338E+03  0.1169E+03  0.4539E+03 -0.1498E-01
  -0.03754
  -0.011
   0.01639
   0.00402
   0.02563
   0.0262
  5.180500000e-02
  -8.699600000e-04
  -4.359500000e-02
  8.255600000e-02
  2.446600000e-03
  3.891700000e-02
  -2.050700000e-02 6.754400000e-01 7.872800000e-01
  -1.843700000e-01 5.227000000e-01 -3.800100000e-01
  5.356200000e-01 1.150700000e-01 -1.612900000e-01
 Node:         89
  0.1270E+03  0.1150E+03  0.4689E+03 -0.1498E-01
  -0.04205
   0.002503
   0.00914
   0.0165
   0.006982
  -0.003544
  1.305300000e-02
  -2.602900000e-03
  -4.916900000e-02
  5.569500000e-02
  -1.290600000e-02
  2.625500000e-02
  1.637800000e-01 7.944100000e-01 4.409900000e-01
  -2.425200000e-01 5.064200000e-01 -7.114400000e-01
  -9.753300000e-01 -8.257800000e-02 3.014200000e-01
 Node:         90
  0.1248E+03  0.1132E+03  0.4822E+03 -0.1498E-01
  -0.01039
   0.005655
  -0.002539
   0.005163
  -0.002853
  -0.00307
  -3.413400000e-04
  -4.731000000e-04
  -1.648600000e-02
  1.572500000e-02
  -5.766700000e-03
  7.413000000e-03
  3.267300000e-01 4.521600000e-01 -3.163900000e-03
  1.203000000e-01 2.381700000e-02 2.485900000e-01
  -8.670000000e-01 3.810900000e-01 4.298100000e-01
 Node:         91
  0.1260E+03  0.1263E+03  0.4550E+03 -0.1498E-01
  -0.0317
   0.01033
   0.04482
  -0.00476
   0.01957
  -0.001253
  5.926200000e-02
  -6.675400000e-03
  -3.814800000e-02
  8.607300000e-02
  4.812800000e-03
  4.057500000e-02
  1.913700000e-02 2.041400000e-02 2.205500000e-02
  -1.306000000e-01 -1.230200000e-01 3.869700000e-01
  6.665000000e-02 8.402800000e-02 1.709300000e-02
 Node:         92
  0.1210E+03  0.1234E+03  0.4726E+03 -0.1498E-01
  -0.02649
  -4.737E-4
   0.02206
   0.001294
   0.01388
   0.01005
  3.373600000e-02
  1.122400000e-03
  -2.791500000e-02
  5.346700000e-02
  2.314600000e-03
  2.520500000e-02
  3.510400000e-02 -5.553300000e-01 -3.760100000e-01
  2.259100000e-02 -3.859400000e-01 5.967600000e-01
  -7.795300000e-01 -4.872100000e-02 7.696200000e-03
 Node:         93
  0.1159E+03  0.1217E+03  0.4877E+03 -0.1498E-01
  -0.00298
  -0.001386
   0.001518
   0.002428
   0.003182
  -0.001052
  3.767300000e-03
  -3.056200000e-04
  -5.951800000e-03
  8.543200000e-03
  -8.300200000e-04
  4.027300000e-03
  -7.731100000e-02 3.049000000e-01 2.914400000e-01
  4.257800000e-02 -4.020000000e-02 8.240500000e-02
  -2.240200000e-02 1.278600000e-02 3.150000000e-01
 Node:         94
  0.1314E+03  0.1265E+03  0.4540E+03 -0.1498E-01
  -0.03852
   0.009717
   0.05002
  -0.01209
   0.01779
   0.01046
  6.421500000e-02
  8.961800000e-03
  -4.723000000e-02
  9.653300000e-02
  8.648800000e-03
  4.550600000e-02
  1.151000000e-01 3.971800000e-01 2.342900000e-01
  2.039500000e-01 1.873300000e-01 -4.884300000e-01
  7.292800000e-01 -1.244100000e-01 2.113900000e-01
 Node:         95
  0.1250E+03  0.1236E+03  0.4707E+03 -0.1498E-01
  -0.03541
  -0.00212
   0.02806
  -0.001638
   0.009657
   0.01865
  3.751600000e-02
  1.268200000e-02
