 Group name: predicted_strain_L3A1
 #Fields=  17
 1) coordinates, coordinate, rectangular cartesian, #Components=3
   x.  Value index= 1, #Derivatives=0
   y.  Value index= 2, #Derivatives=0
   z.  Value index= 3, #Derivatives=0
 2) dummy, field, rectangular cartesian, #Components=1
   Tensor_1.  Value index= 4, #Derivatives=0
 3) Tensor_1, field, rectangular cartesian, #Components=1
   Tensor_1.  Value index= 5, #Derivatives=0
 4) Tensor_2, field, rectangular cartesian, #Components=1
   Tensor_2.  Value index= 6, #Derivatives=0
 5) Tensor_3, field, rectangular cartesian, #Components=1
   Tensor_3.  Value index= 7, #Derivatives=0
 6) Tensor_4, field, rectangular cartesian, #Components=1
   Tensor_4.  Value index= 8, #Derivatives=0
 7) Tensor_5, field, rectangular cartesian, #Components=1
   Tensor_5.  Value index= 9, #Derivatives=0
 8) Tensor_6, field, rectangular cartesian, #Components=1
   Tensor_6.  Value index= 10, #Derivatives=0
 9) Principal_1, field, rectangular cartesian, #Components=1
   Principal_1.  Value index= 11, #Derivatives=0
 10) Principal_2, field, rectangular cartesian, #Components=1
   Principal_2.  Value index= 12, #Derivatives=0
 11) Principal_3, field, rectangular cartesian, #Components=1
   Principal_3.  Value index= 13, #Derivatives=0
 12) VonMises, field, rectangular cartesian, #Components=1
   VonMises.  Value index= 14, #Derivatives=0
 13) Hydrostatic, field, rectangular cartesian, #Components=1
   VonMises.  Value index= 15, #Derivatives=0
 14) Octahedral, field, rectangular cartesian, #Components=1
   VonMises.  Value index= 16, #Derivatives=0
 15) PrincipalVector1, field, rectangular cartesian, #Components=3
   x.  Value index= 17, #Derivatives=0
   y.  Value index= 18, #Derivatives=0
   z.  Value index= 19, #Derivatives=0
 16) PrincipalVector2, field, rectangular cartesian, #Components=3
   x.  Value index= 20, #Derivatives=0
   y.  Value index= 21, #Derivatives=0
   z.  Value index= 22, #Derivatives=0
 17) PrincipalVector3, field, rectangular cartesian, #Components=3
   x.  Value index= 23, #Derivatives=0
   y.  Value index= 24, #Derivatives=0
   z.  Value index= 25, #Derivatives=0
 Node:          1
  0.1287E+03  0.1133E+03  0.4908E+03 -0.3663E-04
  -1.11E-16
  -8.327E-17
  -2.22E-16
  -2.776E-17
  -4.163E-17
  -3.331E-16
  -6.637000000e-17
  -2.400000000e-16
  -3.598000000e-16
  2.555400000e-16
  -2.220600000e-16
  1.204600000e-16
  8.837000000e-01 -4.676000000e-01 -1.897000000e-02
  4.046000000e-01 7.837000000e-01 -4.712000000e-01
  2.352000000e-01 4.088000000e-01 8.818000000e-01
 Node:          2
  0.1292E+03  0.1137E+03  0.5052E+03 -0.3663E-04
  -5.551E-17
  -1.11E-16
  -1.665E-16
  -5.551E-17
   1.943E-16
  -2.776E-16
  8.603000000e-17
  -1.600000000e-16
  -4.256000000e-16
  4.431900000e-16
  -1.665200000e-16
  2.089200000e-16
  -6.554000000e-01 6.199000000e-01 4.313000000e-01
  7.522000000e-01 4.849000000e-01 4.462000000e-01
  -6.744000000e-02 -6.169000000e-01 7.841000000e-01
 Node:          3
  0.1289E+03  0.1155E+03  0.5194E+03 -0.3663E-04
   2.22E-16
   1.388E-16
   3.331E-16
   1.11E-16
   5.551E-17
   2.22E-16
  4.753000000e-16
  2.118000000e-16
  9.006000000e-17
  3.410700000e-16
  2.590500000e-16
  1.607800000e-16
  -5.696000000e-01 -7.144000000e-01 -4.063000000e-01
  2.395000000e-01 -6.172000000e-01 7.494000000e-01
  -7.862000000e-01 3.296000000e-01 5.227000000e-01
 Node:          4
  0.1361E+03  0.1141E+03  0.4915E+03 -0.3663E-04
   0.0
  -2.776E-17
  -1.11E-16
  -2.776E-17
  -8.327E-17
   2.22E-16
  2.435000000e-16
  6.328000000e-18
  -1.388000000e-16
  3.342600000e-16
  3.700900000e-17
  1.575700000e-16
  -8.549000000e-02 -2.215000000e-01 9.714000000e-01
  9.681000000e-01 -2.491000000e-01 2.840000000e-02
  2.357000000e-01 9.428000000e-01 2.357000000e-01
 Node:          5
  0.1341E+03  0.1144E+03  0.5054E+03 -0.3663E-04
   3.331E-16
   1.388E-16
   3.331E-16
   5.551E-17
  -6.939E-17
   4.441E-16
  4.814000000e-16
  4.627000000e-16
  1.662000000e-16
  3.062800000e-16
  3.701000000e-16
  1.443800000e-16
  -3.480000000e-01 -6.443000000e-01 6.810000000e-01
  -6.589000000e-01 -3.487000000e-01 -6.665000000e-01
  6.669000000e-01 -6.807000000e-01 -3.032000000e-01
 Node:          6
  0.1323E+03  0.1162E+03  0.5191E+03 -0.3663E-04
   2.22E-16
   5.551E-17
   2.22E-16
  -5.551E-17
  -2.776E-17
   0.0
  2.897000000e-16
  1.685000000e-16
  -1.402000000e-17
  2.648100000e-16
  1.480600000e-16
  1.248300000e-16
  -7.150000000e-01 -6.696000000e-01 2.012000000e-01
  6.656000000e-01 -7.399000000e-01 -9.741000000e-02
  -2.141000000e-01 -6.426000000e-02 -9.747000000e-01
 Node:          7
  0.1408E+03  0.1171E+03  0.4920E+03 -0.3663E-04
   3.331E-16
   2.22E-16
   2.22E-16
  -8.327E-17
  -1.11E-16
   0.0
  5.398000000e-16
  6.158000000e-17
  -4.631000000e-17
  5.403100000e-16
  1.850200000e-16
  2.547000000e-16
  -7.537000000e-01 -6.111000000e-01 2.419000000e-01
  -6.560000000e-01 6.770000000e-01 -3.335000000e-01
  -4.004000000e-02 4.101000000e-01 9.112000000e-01
 Node:          8
  0.1367E+03  0.1169E+03  0.5055E+03 -0.3663E-04
   2.22E-16
   1.943E-16
   2.22E-16
  -4.025E-16
  -2.359E-16
  -2.22E-16
  6.547000000e-16
  4.477000000e-17
  -4.775000000e-16
  9.814900000e-16
  7.399000000e-17
  4.626800000e-16
  -6.847000000e-01 -5.611000000e-01 4.652000000e-01
  5.685000000e-01 -8.105000000e-01 -1.409000000e-01
  -4.561000000e-01 -1.681000000e-01 -8.739000000e-01
 Node:          9
  0.1339E+03  0.1180E+03  0.5191E+03 -0.3663E-04
   2.22E-16
   1.665E-16
   0.0
  -3.955E-16
  -2.776E-16
   6.661E-16
  1.002000000e-15
  -9.379000000e-18
  -1.046000000e-16
  1.062200000e-15
  2.960100000e-16
  5.007200000e-16
  -4.817000000e-01 -3.073000000e-01 8.207000000e-01
  -8.565000000e-01 -3.292000000e-02 -5.150000000e-01
  -1.853000000e-01 9.510000000e-01 2.474000000e-01
 Node:         10
  0.1294E+03  0.1212E+03  0.4911E+03 -0.3663E-04
   0.0
   2.776E-17
   1.11E-16
  -1.388E-17
   1.249E-16
   1.11E-16
  2.363000000e-16
  2.303000000e-17
  -3.732000000e-17
  2.489900000e-16
  7.400300000e-17
  1.173800000e-16
  4.210000000e-02 7.100000000e-01 7.030000000e-01
  -7.813000000e-01 -4.152000000e-01 4.661000000e-01
  -6.228000000e-01 5.688000000e-01 -5.372000000e-01
 Node:         11
  0.1295E+03  0.1214E+03  0.5055E+03 -0.3663E-04
  -2.22E-16
  -2.776E-17
  -2.22E-16
  -4.163E-17
   1.388E-17
  -1.665E-16
  -1.365000000e-16
  -2.183000000e-16
  -2.558000000e-16
  1.056600000e-16
  -2.035300000e-16
  4.981100000e-17
  -4.935000000e-01 2.929000000e-01 8.189000000e-01
  3.541000000e-01 -7.924000000e-01 4.968000000e-01
  -7.944000000e-01 -5.351000000e-01 -2.873000000e-01
 Node:         12
  0.1295E+03  0.1217E+03  0.5196E+03 -0.3663E-04
   1.11E-16
   0.0
   1.11E-16
   7.633E-17
   2.776E-17
   2.22E-16
  2.649000000e-16
  1.110000000e-16
  6.816000000e-17
  1.792000000e-16
  1.480200000e-16
  8.447700000e-17
  -4.387000000e-01 -1.595000000e-01 -8.844000000e-01
  3.417000000e-01 -9.398000000e-01 -2.255000000e-17
  8.311000000e-01 3.022000000e-01 -4.668000000e-01
 Node:         13
  0.1361E+03  0.1199E+03  0.4914E+03 -0.3663E-04
   1.11E-16
  -1.388E-16
   0.0
  -9.714E-17
   2.776E-17
  -1.665E-16
  2.285000000e-16
  -8.520000000e-17
  -1.988000000e-16
  3.833400000e-16
  -1.850000000e-17
  1.807100000e-16
  8.171000000e-01 -5.252000000e-01 -2.378000000e-01
  4.648000000e-01 8.442000000e-01 -2.671000000e-01
  3.410000000e-01 1.077000000e-01 9.339000000e-01
 Node:         14
  0.1342E+03  0.1198E+03  0.5054E+03 -0.3663E-04
  -5.551E-17
   2.776E-17
   0.0
   5.551E-17
  -9.021E-17
   1.11E-16
  1.672000000e-16
  -4.940000000e-18
  -1.068000000e-16
  2.398800000e-16
  1.848700000e-17
  1.130800000e-16
  1.634000000e-01 -4.472000000e-01 8.794000000e-01
  -6.569000000e-01 -7.144000000e-01 -2.412000000e-01
  -7.361000000e-01 5.382000000e-01 4.105000000e-01
 Node:         15
  0.1330E+03  0.1205E+03  0.5193E+03 -0.3663E-04
   2.22E-16
  -8.327E-17
  -5.551E-17
   1.388E-17
   4.857E-17
   0.0
  2.451000000e-16
  2.471000000e-17
  -1.033000000e-16
  3.052400000e-16
  5.550300000e-17
  1.438900000e-16
  -9.638000000e-01 2.667000000e-01 -1.723000000e-03
  1.157000000e-01 4.239000000e-01 8.983000000e-01
  2.403000000e-01 8.656000000e-01 -4.394000000e-01
 Node:         16
  0.1404E+03  0.1188E+03  0.4918E+03 -0.3663E-04
   2.22E-16
   5.551E-17
   2.22E-16
  -8.327E-17
  -1.457E-16
   4.441E-16
  5.466000000e-16
  1.950000000e-16
  1.465000000e-16
  3.781900000e-16
  2.960300000e-16
  1.782800000e-16
  -2.927000000e-01 -4.328000000e-01 8.526000000e-01
  -9.222000000e-01 -1.077000000e-01 -3.713000000e-01
  -2.526000000e-01 8.950000000e-01 3.676000000e-01
 Node:         17
  0.1365E+03  0.1184E+03  0.5055E+03 -0.3663E-04
  -1.11E-16
   2.776E-17
  -1.11E-16
   9.714E-17
   1.7E-16
   0.0
  1.573000000e-16
  -1.341000000e-16
  -2.452000000e-16
  3.600400000e-16
  -7.400000000e-17
  1.697300000e-16
  3.368000000e-01 5.285000000e-01 7.792000000e-01
  8.927000000e-01 -4.425000000e-01 -8.566000000e-02
  -2.996000000e-01 -7.244000000e-01 6.209000000e-01
 Node:         18
  0.1341E+03  0.1191E+03  0.5192E+03 -0.3663E-04
   0.0
   0.0
   0.0
   2.645E-17
   1.065E-16
   4.441E-16
  4.697000000e-16
  -1.672000000e-33
  -2.562000000e-17
  4.830200000e-16
  1.480300000e-16
  2.277000000e-16
  -5.484000000e-02 -2.207000000e-01 -9.738000000e-01
  9.705000000e-01 -2.411000000e-01 -6.210000000e-17
  -2.348000000e-01 -9.451000000e-01 2.274000000e-01
 Node:         19
  0.1301E+03  0.1291E+03  0.4914E+03  0.0000E+00
   1.11E-16
   0.0
   1.11E-16
   2.101E-19
   1.001E-17
  -2.22E-16
  1.113000000e-16
  1.110000000e-16
  -2.223000000e-16
  3.334500000e-16
  0.000000000e+00
  1.571900000e-16
  -2.096000000e-02 -9.993000000e-01 -3.003000000e-02
  9.998000000e-01 -2.097000000e-02 1.345000000e-19
  6.298000000e-04 3.003000000e-02 -9.995000000e-01
 Node:         20
  0.1299E+03  0.1291E+03  0.5058E+03  0.0000E+00
   2.22E-16
   0.0
   0.0
   1.041E-17
   1.924E-17
  -5.551E-17
  2.224000000e-16
  5.975000000e-18
  -6.188000000e-17
  2.571600000e-16
  5.549800000e-17
  1.212200000e-16
  -9.993000000e-01 -3.257000000e-03 -3.765000000e-02
  1.428000000e-02 -9.549000000e-01 -2.965000000e-01
  -3.498000000e-02 -2.968000000e-01 9.543000000e-01
 Node:         21
  0.1301E+03  0.1280E+03  0.5197E+03  0.0000E+00
   1.11E-16
   0.0
   0.0
   4.163E-17
   1.475E-17
   1.11E-16
  1.534000000e-16
  7.089000000e-17
  -2.220000000e-18
  1.348500000e-16
  7.402300000e-17
  6.357000000e-17
  -6.994000000e-01 -6.840000000e-02 -7.114000000e-01
  -7.126000000e-01 1.429000000e-01 6.869000000e-01
  -5.465000000e-02 -9.874000000e-01 1.487000000e-01
 Node:         22
  0.1360E+03  0.1256E+03  0.4913E+03  0.0000E+00
  -2.22E-16
   1.388E-17
  -1.11E-16
  -1.388E-17
   1.006E-16
   1.11E-16
  1.500000000e-16
  -1.456000000e-16
  -2.264000000e-16
  3.432100000e-16
  -7.400000000e-17
  1.617900000e-16
  -2.144000000e-02 3.586000000e-01 9.332000000e-01
  2.280000000e-01 9.106000000e-01 -3.447000000e-01
  -9.734000000e-01 2.054000000e-01 -1.013000000e-01
 Node:         23
  0.1343E+03  0.1253E+03  0.5054E+03  0.0000E+00
   0.0
   2.082E-17
  -4.441E-16
   0.0
   1.314E-16
  -1.665E-16
  1.265000000e-18
  -1.147000000e-16
  -4.972000000e-16
  4.517900000e-16
  -2.035500000e-16
  2.129700000e-16
  9.970000000e-01 6.061000000e-02 4.746000000e-02
  6.644000000e-02 -3.661000000e-01 -9.282000000e-01
  3.888000000e-02 -9.286000000e-01 3.690000000e-01
 Node:         24
  0.1336E+03  0.1248E+03  0.5194E+03  0.0000E+00
  -2.22E-16
   1.214E-17
   0.0
   1.388E-17
   8.674E-19
  -1.665E-16
  6.779000000e-19
  -1.633000000e-16
  -2.259000000e-16
  2.026600000e-16
  -1.295100000e-16
  9.553700000e-17
  -5.504000000e-02 -9.984000000e-01 -9.747000000e-03
  2.257000000e-01 -2.195000000e-02 9.740000000e-01
  -9.726000000e-01 5.141000000e-02 2.265000000e-01
 Node:         25
  0.1400E+03  0.1206E+03  0.4917E+03  0.0000E+00
   0.0
   2.671E-16
  -1.11E-16
  -8.327E-17
  -1.301E-16
   2.22E-16
  3.681000000e-16
  7.580000000e-17
  -3.329000000e-16
  6.098700000e-16
  3.700000000e-17
  2.874900000e-16
  5.089000000e-01 4.781000000e-01 -7.159000000e-01
  6.086000000e-01 3.883000000e-01 6.920000000e-01
  6.088000000e-01 -7.878000000e-01 -9.334000000e-02
 Node:         26
  0.1363E+03  0.1200E+03  0.5055E+03  0.0000E+00
   2.22E-16
   1.076E-16
  -6.106E-16
   2.776E-17
  -1.124E-15
  -5.551E-17
  8.281000000e-16
  2.248000000e-16
  -1.497000000e-15
  2.089800000e-15
  -1.480300000e-16
  9.851500000e-16
  7.371000000e-02 6.174000000e-01 -7.832000000e-01
  9.955000000e-01 1.018000000e-03 9.449000000e-02
  -5.914000000e-02 7.866000000e-01 6.146000000e-01
 Node:         27
  0.1343E+03  0.1203E+03  0.5192E+03  0.0000E+00
   2.22E-16
  -1.943E-16
   2.22E-16
  -1.041E-16
   1.313E-15
   0.0
  1.466000000e-15
  1.875000000e-16
  -1.209000000e-15
  2.317400000e-15
  1.481700000e-16
  1.092400000e-15
  -1.693000000e-01 7.280000000e-01 6.643000000e-01
  9.848000000e-01 9.849000000e-02 1.431000000e-01
  3.876000000e-02 6.785000000e-01 -7.336000000e-01
 Node:         28
  0.1155E+03  0.1124E+03  0.4931E+03 -0.2164E-03
  -2.22E-16
   3.816E-17
   2.22E-16
  -5.551E-17
   5.551E-17
   1.11E-16
  2.455000000e-16
  1.014000000e-16
  -2.359000000e-16
  4.279500000e-16
  3.700000000e-17
  2.017400000e-16
  3.184000000e-02 9.284000000e-01 3.701000000e-01
  1.988000000e-01 3.571000000e-01 -9.127000000e-01
  9.795000000e-01 -1.026000000e-01 1.732000000e-01
 Node:         29
  0.1119E+03  0.1139E+03  0.5068E+03 -0.2164E-03
  -2.22E-16
  -2.082E-17
   0.0
   5.551E-17
   6.939E-18
  -3.331E-16
  1.944000000e-18
  -2.004000000e-16
  -3.566000000e-16
  3.113600000e-16
  -1.850200000e-16
  1.467800000e-16
  -9.118000000e-02 9.958000000e-01 5.517000000e-03
  -9.179000000e-01 -8.189000000e-02 -3.884000000e-01
  -3.863000000e-01 -4.048000000e-02 9.215000000e-01
 Node:         30
  0.1113E+03  0.1159E+03  0.5206E+03 -0.2164E-03
   2.22E-16
   1.249E-16
   2.22E-16
   0.0
  -2.776E-17
   1.11E-16
  3.486000000e-16
  1.238000000e-16
  8.277000000e-17
  2.478800000e-16
  1.850600000e-16
  1.168500000e-16
  -7.001000000e-01 -7.092000000e-01 8.287000000e-02
  -4.685000000e-01 3.686000000e-01 -8.029000000e-01
  -5.389000000e-01 6.009000000e-01 5.903000000e-01
 Node:         31
  0.1203E+03  0.1126E+03  0.4920E+03 -0.2164E-03
  -5.551E-17
   9.714E-17
  -1.11E-16
   2.776E-17
   4.163E-17
  -5.551E-17
  4.114000000e-17
  -7.661000000e-17
  -1.866000000e-16
  1.972700000e-16
  -7.402300000e-17
  9.299200000e-17
  -6.956000000e-01 -5.654000000e-01 -4.433000000e-01
  4.358000000e-01 1.585000000e-01 -8.860000000e-01
  5.712000000e-01 -8.095000000e-01 1.362000000e-01
 Node:         32
  0.1188E+03  0.1134E+03  0.5062E+03 -0.2164E-03
   2.22E-16
  -1.388E-17
  -1.11E-16
  -2.776E-17
   9.714E-17
  -5.551E-17
  2.266000000e-16
  1.331000000e-17
  -1.844000000e-16
  3.560200000e-16
  1.850300000e-17
  1.678300000e-16
  -9.894000000e-01 7.624000000e-02 1.236000000e-01
  1.445000000e-01 5.992000000e-01 7.875000000e-01
  1.402000000e-02 -7.970000000e-01 6.038000000e-01
 Node:         33
  0.1183E+03  0.1150E+03  0.5201E+03 -0.2164E-03
   1.11E-16
   5.551E-17
   0.0
   8.327E-17
   0.0
   0.0
  1.700000000e-16
  0.000000000e+00
  -5.893000000e-17
  2.058900000e-16
  3.702300000e-17
  9.705800000e-17
  -8.617000000e-01 -2.815000000e-01 -4.222000000e-01
  0.000000000e+00 -8.321000000e-01 5.547000000e-01
  -5.074000000e-01 4.780000000e-01 7.170000000e-01
 Node:         34
  0.1255E+03  0.1129E+03  0.4909E+03 -0.2164E-03
   0.0
   0.0
   0.0
   5.551E-17
   9.714E-17
   0.0
  1.119000000e-16
  3.387000000e-33
  -1.119000000e-16
  1.938200000e-16
  0.000000000e+00
  9.136600000e-17
  -3.508000000e-01 -6.139000000e-01 -7.071000000e-01
  8.682000000e-01 -4.961000000e-01 -4.855000000e-17
  -3.508000000e-01 -6.139000000e-01 7.071000000e-01
 Node:         35
  0.1260E+03  0.1135E+03  0.5054E+03 -0.2164E-03
   0.0
   1.11E-16
  -1.11E-16
   1.11E-16
   2.498E-16
  -1.11E-16
  2.410000000e-16
  -1.023000000e-16
  -3.608000000e-16
  5.229000000e-16
  -7.403300000e-17
  2.465000000e-16
  5.458000000e-01 5.925000000e-01 5.925000000e-01
  8.379000000e-01 -3.859000000e-01 -3.859000000e-01
  -4.975000000e-17 -7.071000000e-01 7.071000000e-01
 Node:         36
  0.1257E+03  0.1153E+03  0.5196E+03 -0.2164E-03
   0.0
  -5.551E-17
   0.0
  -5.551E-17
   8.327E-17
   0.0
  1.305000000e-16
  -4.723000000e-17
  -8.327000000e-17
  1.982200000e-16
  0.000000000e+00
  9.344300000e-17
  -5.155000000e-01 6.059000000e-01 6.059000000e-01
  8.569000000e-01 3.645000000e-01 3.645000000e-01
  -1.256000000e-16 7.071000000e-01 -7.071000000e-01
 Node:         37
  0.1132E+03  0.1210E+03  0.4959E+03 -0.2164E-03
  -2.22E-16
   1.388E-16
  -2.22E-16
  -8.327E-17
   1.804E-16
  -2.776E-16
  -4.482000000e-17
  -1.622000000e-16
  -5.146000000e-16
  4.234700000e-16
  -2.405400000e-16
  1.996300000e-16
  3.971000000e-01 7.887000000e-01 4.693000000e-01
  -7.874000000e-01 3.010000000e-02 6.157000000e-01
  4.715000000e-01 -6.140000000e-01 6.330000000e-01
 Node:         38
  0.1111E+03  0.1204E+03  0.5085E+03 -0.2164E-03
  -1.665E-16
   9.714E-17
   0.0
  -2.776E-17
  -8.327E-17
  -2.22E-16
  7.071000000e-17
  -2.091000000e-16
  -2.502000000e-16
  3.024600000e-16
  -1.295300000e-16
  1.425800000e-16
  -3.916000000e-01 -8.746000000e-01 2.859000000e-01
  9.154000000e-01 -3.389000000e-01 2.170000000e-01
  9.287000000e-02 -3.467000000e-01 -9.334000000e-01
 Node:         39
  0.1119E+03  0.1201E+03  0.5207E+03 -0.2164E-03
  -5.551E-17
  -9.714E-17
  -3.331E-16
  -8.327E-17
  -7.633E-17
  -1.11E-16
  8.934000000e-18
  -1.105000000e-16
  -3.981000000e-16
  3.623900000e-16
  -1.665600000e-16
  1.708300000e-16
  8.510000000e-01 -1.281000000e-01 -5.092000000e-01
  4.076000000e-01 -4.503000000e-01 7.944000000e-01
  -3.311000000e-01 -8.836000000e-01 -3.310000000e-01
 Node:         40
  0.1191E+03  0.1220E+03  0.4937E+03 -0.2164E-03
   0.0
   8.327E-17
  -2.22E-16
   8.327E-17
  -1.388E-17
  -2.22E-16
  4.872000000e-17
  -2.082000000e-16
  -2.846000000e-16
  3.024500000e-16
  -1.480300000e-16
  1.425700000e-16
  -9.240000000e-01 -2.703000000e-01 -2.703000000e-01
  0.000000000e+00 -7.071000000e-01 7.071000000e-01
  3.823000000e-01 -6.534000000e-01 -6.534000000e-01
 Node:         41
  0.1182E+03  0.1217E+03  0.5073E+03 -0.2164E-03
   0.0
  -2.776E-17
  -5.551E-17
   5.551E-17
   9.714E-17
   1.11E-16
  1.653000000e-16
  1.073000000e-17
  -1.206000000e-16
  2.478700000e-16
  1.847700000e-17
  1.168500000e-16
  2.406000000e-01 3.653000000e-01 8.993000000e-01
  -8.901000000e-01 4.526000000e-01 5.428000000e-02
  -3.871000000e-01 -8.135000000e-01 4.340000000e-01
 Node:         42
  0.1187E+03  0.1212E+03  0.5204E+03 -0.2164E-03
   0.0
  -5.551E-17
  -1.11E-16
   0.0
   5.551E-17
   1.11E-16
  1.256000000e-16
  1.887000000e-17
  -1.444000000e-16
  2.355300000e-16
  2.333300000e-20
  1.110300000e-16
  1.113000000e-01 -2.517000000e-01 -9.614000000e-01
  9.295000000e-01 -3.159000000e-01 1.903000000e-01
  -3.516000000e-01 -9.148000000e-01 1.988000000e-01
 Node:         43
  0.1258E+03  0.1217E+03  0.4915E+03 -0.2164E-03
   2.22E-16
   1.11E-16
   1.11E-16
  -1.388E-17
   0.0
  -5.551E-17
  2.911000000e-16
  4.294000000e-17
  -5.645000000e-17
  3.100400000e-16
  9.253000000e-17
  1.461600000e-16
  -8.507000000e-01 -5.246000000e-01 3.406000000e-02
  -5.213000000e-01 8.502000000e-01 7.348000000e-02
  6.751000000e-02 -4.475000000e-02 9.967000000e-01
 Node:         44
  0.1259E+03  0.1220E+03  0.5059E+03 -0.2164E-03
  -2.22E-16
   1.388E-16
  -2.22E-16
   9.714E-17
   1.11E-16
  -1.11E-16
  5.081000000e-17
  -2.445000000e-16
  -3.614000000e-16
  3.679600000e-16
  -1.850300000e-16
  1.734600000e-16
  -5.113000000e-01 -5.340000000e-01 -6.733000000e-01
  -5.198000000e-01 -4.318000000e-01 7.372000000e-01
  -6.844000000e-01 7.269000000e-01 -5.679000000e-02
 Node:         45
  0.1261E+03  0.1221E+03  0.5198E+03 -0.2164E-03
  -5.551E-17
  -8.327E-17
  -2.776E-16
   2.776E-17
  -6.939E-18
   1.11E-16
  1.167000000e-16
  -3.339000000e-17
  -3.053000000e-16
  3.705000000e-16
  -7.399700000e-17
  1.746600000e-16
  1.854000000e-01 -5.643000000e-02 9.810000000e-01
  9.302000000e-01 -3.117000000e-01 -1.938000000e-01
  -3.167000000e-01 -9.485000000e-01 5.308000000e-03
 Node:         46
  0.1117E+03  0.1296E+03  0.4959E+03  0.0000E+00
  -5.551E-17
   2.776E-17
  -1.665E-16
   6.939E-18
  -2.602E-17
   0.0
  4.101000000e-18
  -4.897000000e-17
  -1.772000000e-16
  1.614500000e-16
  -7.402300000e-17
  7.610600000e-17
  4.856000000e-02 -1.429000000e-01 9.886000000e-01
  9.724000000e-01 2.327000000e-01 -1.414000000e-02
  -2.280000000e-01 9.620000000e-01 1.502000000e-01
 Node:         47
  0.1107E+03  0.1269E+03  0.5087E+03  0.0000E+00
  -1.665E-16
  -3.123E-17
   1.11E-16
  -2.776E-17
   3.99E-17
   0.0
  1.289000000e-16
  -1.114000000e-17
  -1.732000000e-16
  2.618600000e-16
  -1.848000000e-17
  1.234400000e-16
  -1.292000000e-01 9.390000000e-01 3.186000000e-01
  -1.008000000e-01 -3.321000000e-01 9.379000000e-01
  -9.865000000e-01 -8.906000000e-02 -1.376000000e-01
 Node:         48
  0.1125E+03  0.1242E+03  0.5208E+03  0.0000E+00
   1.11E-16
   3.469E-18
   1.11E-16
   0.0
  -1.735E-18
   1.11E-16
  1.149000000e-16
  1.110000000e-16
  1.071000000e-16
  6.755000000e-18
  1.110000000e-16
  3.184300000e-18
  -6.325000000e-01 -7.071000000e-01 3.162000000e-01
  4.472000000e-01 -4.455000000e-15 8.944000000e-01
  -6.325000000e-01 7.071000000e-01 3.162000000e-01
 Node:         49
  0.1186E+03  0.1311E+03  0.4938E+03  0.0000E+00
  -1.665E-16
  -2.082E-17
   0.0
  -4.163E-17
  -6.072E-18
  -5.551E-17
  2.581000000e-18
  -4.165000000e-17
  -1.830000000e-16
  1.678900000e-16
  -7.402300000e-17
  7.914600000e-17
  1.174000000e-01 -9.929000000e-01 1.965000000e-02
  -3.135000000e-01 -1.827000000e-02 9.494000000e-01
  -9.423000000e-01 -1.176000000e-01 -3.134000000e-01
 Node:         50
  0.1180E+03  0.1298E+03  0.5075E+03  0.0000E+00
   0.0
  -1.301E-17
   3.331E-16
  -4.163E-17
   1.247E-17
   2.22E-16
  3.354000000e-16
  2.276000000e-16
  -7.879000000e-18
  3.040700000e-16
  1.850400000e-16
  1.433400000e-16
  5.441000000e-02 -9.902000000e-01 -1.289000000e-01
  -1.707000000e-01 -1.364000000e-01 9.758000000e-01
  9.838000000e-01 3.109000000e-02 1.765000000e-01
 Node:         51
  0.1192E+03  0.1275E+03  0.5206E+03  0.0000E+00
   0.0
  -3.469E-18
  -5.551E-17
   0.0
   1.475E-17
   1.11E-16
  1.123000000e-16
  2.087000000e-19
  -5.702000000e-17
  1.491800000e-16
  1.849600000e-17
  7.032400000e-17
  -2.705000000e-03 8.758000000e-02 9.962000000e-01
  9.982000000e-01 -6.004000000e-02 7.989000000e-03
  -6.051000000e-02 -9.943000000e-01 8.725000000e-02
 Node:         52
  0.1262E+03  0.1305E+03  0.4920E+03  0.0000E+00
   1.11E-16
  -1.388E-17
   1.11E-16
   1.301E-18
   4.906E-18
   0.0
  1.250000000e-16
  9.734000000e-17
  -2.497000000e-19
  1.139700000e-16
  7.403000000e-17
  5.372400000e-17
  -7.047000000e-01 7.092000000e-01 2.051000000e-02
  7.093000000e-01 7.034000000e-01 4.493000000e-02
  -1.744000000e-02 -4.621000000e-02 9.988000000e-01
 Node:         53
  0.1258E+03  0.1304E+03  0.5063E+03  0.0000E+00
  -1.665E-16
  -1.735E-18
  -1.11E-16
   2.776E-17
   3.383E-17
  -2.22E-16
  -1.010000000e-16
  -1.572000000e-16
  -2.414000000e-16
  1.223900000e-16
  -1.665300000e-16
  5.769700000e-17
  9.684000000e-02 9.526000000e-01 2.883000000e-01
  -9.346000000e-01 1.866000000e-01 -3.027000000e-01
  -3.422000000e-01 -2.402000000e-01 9.084000000e-01
 Node:         54
  0.1265E+03  0.1288E+03  0.5200E+03  0.0000E+00
  -2.22E-16
   2.082E-17
   1.11E-16
   0.0
  -4.337E-18
   1.11E-16
  1.160000000e-16
  1.073000000e-16
  -2.233000000e-16
  3.350300000e-16
  0.000000000e+00
  1.579400000e-16
  -4.656000000e-02 -7.562000000e-01 6.527000000e-01
  -4.117000000e-02 -6.514000000e-01 -7.576000000e-01
  -9.981000000e-01 6.215000000e-02 8.061000000e-04
 Node:         55
  0.1381E+03  0.1167E+03  0.4528E+03  0.5075E-02
   0.007051
  -0.004433
   0.001431
  -0.001513
   0.006523
  -0.01552
  1.368000000e-02
  -1.697200000e-03
  -2.684600000e-02
  3.588200000e-02
  -4.954100000e-03
  1.691500000e-02
  3.763700000e-01 1.024100000e-01 6.430300000e-02
  6.724600000e-01 7.772200000e-01 1.810900000e-01
  1.729500000e-01 -2.804700000e-01 8.902800000e-01
 Node:         56
  0.1314E+03  0.1156E+03  0.4684E+03  0.5075E-02
   0.01097
  -0.005826
   0.001793
  -0.004875
   0.003662
  -0.007223
  2.514000000e-02
  -1.885800000e-03
  -1.119000000e-02
  3.237200000e-02
  4.021300000e-03
  1.526000000e-02
  -4.917300000e-01 9.642200000e-02 1.228500000e-01
  6.199700000e-01 8.409900000e-01 2.729000000e-01
  2.990300000e-01 -2.036000000e-01 8.878800000e-01
 Node:         57
  0.1285E+03  0.1140E+03  0.4823E+03  0.5075E-02
   0.003338
  -0.002358
   0.001575
  -0.001468
   0.001024
  -3.994E-6
  9.498400000e-03
  -2.052000000e-05
  4.268300000e-04
  8.758000000e-03
  3.301600000e-03
  4.128600000e-03
  -7.520300000e-01 6.222500000e-01 2.639000000e-01
  5.153800000e-01 7.804800000e-01 -6.909800000e-02
  4.016300000e-01 -1.821400000e-01 9.582800000e-01
 Node:         58
  0.1478E+03  0.1175E+03  0.4533E+03  0.5075E-02
   0.006101
  -0.004441
   0.004651
  -7.418E-4
   0.004385
  -0.0287
  1.076700000e-02
  3.681200000e-03
  -4.752600000e-02
  5.238300000e-02
  -1.102600000e-02
  2.469400000e-02
  3.830400000e-01 -6.021900000e-02 -6.427700000e-03
  7.583000000e-01 7.431200000e-01 -1.948600000e-02
  -4.726900000e-02 -1.326600000e-01 9.741600000e-01
 Node:         59
  0.1416E+03  0.1165E+03  0.4692E+03  0.5075E-02
   0.01582
  -0.008498
   0.004505
  -0.009457
   0.00726
  -0.007438
  3.866400000e-02
  2.947100000e-03
  -1.748800000e-02
  4.924900000e-02
  8.040900000e-03
  2.321600000e-02
  -7.158000000e-01 3.790200000e-01 2.848800000e-01
  6.233400000e-01 8.810100000e-01 -1.405000000e-02
  2.325000000e-01 -2.904900000e-01 1.022200000e+00
 Node:         60
  0.1375E+03  0.1150E+03  0.4832E+03  0.5075E-02
   0.006365
  -0.004367
   0.002988
  -0.004533
   0.002991
   0.001708
  2.109900000e-02
  3.019900000e-04
  -1.493400000e-03
  2.180400000e-02
  6.636000000e-03
  1.027800000e-02
  -7.613900000e-01 4.949000000e-01 4.839600000e-01
  4.677700000e-01 7.822300000e-01 -1.707200000e-01
  1.263300000e-01 -1.819800000e-01 5.050300000e-01
 Node:         61
  0.1549E+03  0.1216E+03  0.4539E+03  0.5075E-02
   0.01269
  -0.003936
  -0.003978
   0.003481
  -0.006234
  -0.01219
  1.983600000e-02
  2.229800000e-03
  -1.917200000e-02
  3.374600000e-02
  9.646000000e-04
  1.590800000e-02
  -4.304400000e-02 -1.509500000e-01 -7.734400000e-02
  3.083300000e-01 8.803500000e-01 -3.479200000e-01
  -7.291600000e-02 4.103500000e-01 8.922000000e-01
 Node:         62
  0.1489E+03  0.1199E+03  0.4700E+03  0.5075E-02
   0.01967
  -0.0141
   0.00419
  -0.009191
   0.004352
   0.009022
  5.155200000e-02
  1.111000000e-02
  1.214400000e-03
  4.637400000e-02
  2.129200000e-02
  2.186100000e-02
  -8.552100000e-01 5.296200000e-01 4.067000000e-01
  5.352900000e-03 -9.185300000e-02 2.474300000e-01
  2.136000000e-01 2.064100000e-01 1.325600000e-01
 Node:         63
  0.1436E+03  0.1181E+03  0.4839E+03  0.5075E-02
   0.004938
  -0.007166
   0.007703
  -0.003685
   0.005156
   0.003628
  2.767500000e-02
  1.520200000e-03
  -1.115600000e-03
  2.762700000e-02
  9.359800000e-03
  1.302300000e-02
  -6.009600000e-01 7.433300000e-01 4.412900000e-01
  -4.833800000e-01 6.156400000e-02 -7.787100000e-01
  -5.928700000e-01 -5.984900000e-01 7.818400000e-02
 Node:         64
  0.1411E+03  0.1253E+03  0.4527E+03  0.5075E-02
  -0.01015
  -0.006436
   0.01232
  -1.705E-4
   3.802E-4
  -0.01013
  2.078000000e-02
  -1.711400000e-02
  -1.580100000e-02
  3.675700000e-02
  -4.044900000e-03
  1.732700000e-02
  -1.283400000e-01 4.027000000e-01 -2.297500000e-04
  -1.518000000e-01 -5.487500000e-02 6.960200000e-01
  6.363800000e-01 1.734100000e-01 9.735900000e-02
 Node:         65
  0.1339E+03  0.1229E+03  0.4684E+03  0.5075E-02
   0.003395
  -0.01021
   0.008086
  -0.00287
   0.001002
  -0.006246
  2.561300000e-02
  -5.574600000e-03
  -1.083300000e-02
  3.416500000e-02
  3.068600000e-03
  1.610600000e-02
  6.199600000e-01 -8.748500000e-01 -1.211400000e-01
  -3.731500000e-01 -3.625900000e-01 2.489900000e-01
  -1.764500000e-01 -1.026400000e-01 -3.709700000e-01
 Node:         66
  0.1299E+03  0.1214E+03  0.4825E+03  0.5075E-02
   0.003436
  -0.003209
   0.00265
  -0.001342
   0.001033
  -1.284E-4
  1.106300000e-02
  -7.932200000e-05
  -1.026300000e-03
  1.169700000e-02
  3.319000000e-03
  5.514000000e-03
  -7.397700000e-01 5.765400000e-01 2.628700000e-01
  6.368500000e-01 7.954500000e-01 -2.800600000e-01
  4.028700000e-01 5.109400000e-02 1.029800000e+00
 Node:         67
  0.1496E+03  0.1241E+03  0.4533E+03  0.5075E-02
  -0.005211
  -0.004953
   0.01146
  -9.259E-5
   0.001306
  -0.02586
  1.892900000e-02
  -1.021300000e-02
  -4.223700000e-02
  5.342100000e-02
  -1.117400000e-02
  2.518300000e-02
  -1.960800000e-01 7.387200000e-01 2.293700000e-02
  1.089000000e+00 2.882100000e-01 -1.266800000e-01
  3.250100000e-03 -2.364900000e-02 7.386300000e-01
 Node:         68
  0.1430E+03  0.1222E+03  0.4692E+03  0.5075E-02
   0.01357
  -0.01066
   0.009861
  -0.007554
   0.003157
  -0.01386
  3.761300000e-02
  4.450300000e-03
  -2.615500000e-02
  5.501000000e-02
  5.302700000e-03
  2.593200000e-02
  -6.143600000e-01 3.999000000e-01 1.437600000e-01
  5.993000000e-01 7.660200000e-01 -2.049500000e-01
  9.055300000e-02 -6.608200000e-02 8.800000000e-01
 Node:         69
  0.1379E+03  0.1205E+03  0.4831E+03  0.5075E-02
   0.006918
  -0.004532
   0.003307
  -0.003614
   0.002154
   4.823E-5
  1.868200000e-02
  7.407100000e-04
  -2.641200000e-03
  1.986700000e-02
  5.593800000e-03
  9.365600000e-03
  -7.826900000e-01 5.218200000e-01 3.432900000e-01
  5.883700000e-01 9.426300000e-01 -2.486100000e-01
  3.348700000e-01 -1.105600000e-01 9.865000000e-01
 Node:         70
  0.1551E+03  0.1236E+03  0.4539E+03  0.5075E-02
  -7.883E-4
  -0.006472
   0.007439
  -0.003814
   0.002922
  -0.0339
  1.861000000e-02
  -6.032100000e-03
  -5.793000000e-02
  6.785200000e-02
  -1.511800000e-02
  3.198600000e-02
  1.016000000e-01 -2.071900000e-01 -4.565900000e-02
  2.325000000e-01 2.040800000e-01 -8.616900000e-02
  3.049600000e-02 -5.323300000e-02 7.524800000e-01
 Node:         71
  0.1491E+03  0.1219E+03  0.4700E+03  0.5075E-02
   0.02152
  -0.009245
   0.007977
  -0.01425
   0.005615
  -0.01195
  4.989800000e-02
  9.391600000e-03
  -2.931000000e-02
  6.819700000e-02
  9.993100000e-03
  3.214800000e-02
  -9.009600000e-01 4.757800000e-01 3.589800000e-01
  2.425500000e-01 4.150700000e-01 -1.277400000e-01
  2.955500000e-01 -1.226500000e-01 9.840900000e-01
 Node:         72
  0.1435E+03  0.1199E+03  0.4838E+03  0.5075E-02
   0.01059
  -0.004692
   0.002667
  -0.006177
   0.002765
   0.001166
  2.575300000e-02
  1.221400000e-03
  -3.234100000e-03
  2.705500000e-02
  7.913300000e-03
  1.275400000e-02
  -8.269300000e-01 3.802300000e-01 4.151500000e-01
  4.632600000e-01 1.052700000e+00 -1.546100000e-01
  1.736000000e-01 -1.803700000e-01 5.536000000e-01
 Node:         73
  0.1441E+03  0.1339E+03  0.4525E+03  0.0000E+00
   0.01194
   1.835E-4
  -0.00925
  -0.002454
   0.001829
   9.075E-4
  1.993200000e-02
  -1.510900000e-03
  -1.245300000e-02
  2.740400000e-02
  1.989400000e-03
  1.291800000e-02
  -9.675900000e-01 2.141300000e-02 3.901800000e-02
  -1.113600000e-01 -1.107000000e-01 -1.803100000e-01
  -5.385200000e-03 4.977700000e-01 -1.101300000e-01
 Node:         74
  0.1364E+03  0.1303E+03  0.4684E+03  0.0000E+00
   0.02088
   0.007697
  -0.001064
   0.001759
   0.003145
   0.005403
  3.853700000e-02
  7.444100000e-03
  -5.189400000e-03
  3.860900000e-02
  1.359700000e-02
  1.820000000e-02
  -8.816500000e-01 -3.285000000e-01 -1.188700000e-01
  -2.145800000e-01 2.074400000e-01 1.044200000e+00
  -2.849000000e-01 8.948200000e-01 -2.758600000e-01
 Node:         75
  0.1313E+03  0.1288E+03  0.4826E+03  0.0000E+00
   0.009501
   0.003191
   6.651E-4
   9.32E-4
   4.827E-4
   7.742E-4
  1.732600000e-02
  1.030500000e-03
  -5.169200000e-04
  1.714600000e-02
  5.946700000e-03
  8.082900000e-03
  -9.475100000e-01 -3.087100000e-01 -1.016600000e-01
  -1.452900000e-01 1.466300000e-01 9.847800000e-01
  -2.900600000e-01 1.033500000e+00 -1.629200000e-01
 Node:         76
  0.1514E+03  0.1308E+03  0.4532E+03  0.0000E+00
   0.009092
  -9.609E-4
  -0.00887
  -0.002681
   3.176E-5
  -0.00265
  1.336500000e-02
  -7.181200000e-03
  -9.601500000e-03
  2.066600000e-02
  -1.139300000e-03
  9.742000000e-03
  -9.159200000e-01 3.806600000e-02 1.213000000e-01
  1.630400000e-01 -3.036700000e-02 9.187600000e-01
  -5.421400000e-02 -1.012200000e+00 -2.014300000e-02
 Node:         77
  0.1444E+03  0.1280E+03  0.4691E+03  0.0000E+00
   0.02492
   0.0072
  -0.001114
   0.002263
   0.00129
   0.001985
  4.258100000e-02
  9.891900000e-04
  -2.126200000e-03
  4.238900000e-02
  1.381500000e-02
  1.998200000e-02
  -9.648100000e-01 -2.457900000e-01 -9.414200000e-02
  -1.289800000e-01 1.300000000e-01 9.825200000e-01
  -2.278800000e-01 1.038700000e+00 -1.716900000e-01
 Node:         78
  0.1384E+03  0.1261E+03  0.4830E+03  0.0000E+00
   0.011
   0.003876
   7.616E-4
   0.001331
   5.863E-4
   5.408E-4
  1.946500000e-02
  5.474600000e-04
  -7.491200000e-04
  1.959700000e-02
  6.421100000e-03
  9.238200000e-03
  -9.431000000e-01 -3.126700000e-01 -1.134100000e-01
  -1.577800000e-01 1.198300000e-01 9.910300000e-01
  -2.964100000e-01 8.889200000e-01 -1.734100000e-01
 Node:         79
  0.1554E+03  0.1257E+03  0.4538E+03  0.0000E+00
   0.004576
  -0.002162
  -0.03099
  -0.007072
   4.989E-4
  -0.002351
  1.281100000e-02
  -1.634200000e-02
  -3.705900000e-02
  4.335300000e-02
  -1.353000000e-02
  2.043700000e-02
  8.915200000e-01 -9.387300000e-02 -4.746300000e-01
  4.567800000e-01 -1.151900000e-01 6.985200000e-01
  -6.666300000e-02 -8.153700000e-01 -1.497100000e-01
 Node:         80
  0.1492E+03  0.1238E+03  0.4700E+03  0.0000E+00
   0.0297
   0.001795
  -0.01926
   0.004441
   0.002121
   0.002323
  4.772700000e-02
  -9.569400000e-04
  -1.988100000e-02
  6.085400000e-02
  8.963100000e-03
  2.868700000e-02
  -1.167100000e+00 -6.778600000e-02 -1.525700000e-01
  -1.399700000e-01 1.004300000e-01 1.005000000e+00
  2.477000000e-02 -1.014700000e+00 1.052900000e-01
 Node:         81
  0.1433E+03  0.1217E+03  0.4837E+03  0.0000E+00
   0.01299
   0.002869
  -0.001621
   0.004483
   0.001301
   0.001797
  2.397300000e-02
  2.071700000e-04
  -2.320800000e-03
  2.516300000e-02
  7.286600000e-03
  1.186200000e-02
  -9.298500000e-01 -1.826500000e-01 -3.216200000e-01
  -3.473000000e-01 1.113200000e-01 9.914200000e-01
  1.353500000e-01 -1.035800000e+00 1.648800000e-01
 Node:         82
  0.1267E+03  0.1148E+03  0.4558E+03  0.8380E-02
   0.008421
  -0.005265
  -0.002745
  -0.002079
  -5.991E-4
  -0.003275
  1.730500000e-02
  -4.622700000e-03
  -7.988200000e-03
  2.372000000e-02
  1.564900000e-03
  1.118200000e-02
  -9.656900000e-01 3.506800000e-01 9.862300000e-02
  -5.967500000e-02 -4.914800000e-01 8.423200000e-01
  3.126400000e-01 6.693200000e-01 5.446800000e-01
 Node:         83
  0.1234E+03  0.1129E+03  0.4717E+03  0.8380E-02
   0.003394
  -0.004128
  -0.002211
  -0.004696
   2.871E-4
   0.001794
  1.418600000e-02
  -9.724800000e-04
  -5.006000000e-03
  1.662900000e-02
  2.736000000e-03
  7.839000000e-03
  -7.338300000e-01 3.196400000e-01 4.750600000e-01
  2.696100000e-01 -5.278900000e-01 6.568600000e-01
  6.207000000e-01 7.346700000e-01 2.479800000e-01
 Node:         84
  0.1187E+03  0.1123E+03  0.4849E+03  0.8380E-02
   3.637E-4
  -4.011E-4
  -2.15E-4
  -0.001366
   6.818E-5
   0.002102
  4.717000000e-03
  -6.515900000e-05
  7.864700000e-04
  3.471200000e-03
  1.812800000e-03
  1.636300000e-03
  -4.999500000e-01 2.306100000e-01 8.300100000e-01
  -2.861000000e-01 5.255300000e-01 -1.555800000e-01
  -4.756900000e-01 -3.874500000e-01 -1.691600000e-01
 Node:         85
  0.1302E+03  0.1161E+03  0.4546E+03  0.8380E-02
   0.00957
  -0.005955
  -0.002594
  -0.002011
  -0.001135
  -0.006244
  1.880500000e-02
  -6.314100000e-03
  -1.138100000e-02
  2.796400000e-02
  3.697700000e-04
  1.318200000e-02
  -9.701000000e-01 3.345200000e-01 2.661600000e-02
  3.454000000e-01 5.793000000e-01 -1.916700000e-01
  1.292300000e-01 3.674300000e-01 8.822400000e-01
 Node:         86
  0.1252E+03  0.1138E+03  0.4700E+03  0.8380E-02
  -0.003569
  -0.004439
   0.00763
  -0.01009
   9.126E-4
  -2.498E-4
  1.708400000e-02
  5.948300000e-03
  -1.621700000e-02
  2.985100000e-02
  2.271600000e-03
  1.407200000e-02
  6.948500000e-02 -9.247600000e-02 6.834600000e-03
  -2.804200000e-01 -4.706900000e-02 1.698700000e-01
  7.299400000e-01 1.148400000e-01 6.107300000e-01
 Node:         87
  0.1217E+03  0.1126E+03  0.4833E+03  0.8380E-02
   0.001152
  -3.233E-4
  -1.637E-4
  -0.002128
   2.799E-4
   0.002353
  6.550700000e-03
  -3.342800000e-04
  1.215600000e-03
  5.165800000e-03
  2.477300000e-03
  2.435200000e-03
  -5.617000000e-01 6.323600000e-02 7.773600000e-01
  1.459900000e-01 -9.497300000e-01 2.857900000e-01
  7.605700000e-01 3.211400000e-01 5.800200000e-01
 Node:         88
  0.1338E+03  0.1169E+03  0.4530E+03  0.8380E-02
   0.00539
  -0.005932
  -1.825E-4
  -0.002032
   0.0014
  -0.003067
  1.299900000e-02
  -5.187400000e-03
  -4.316300000e-03
  1.723300000e-02
  1.165100000e-03
  8.123900000e-03
  -8.132000000e-01 5.538500000e-01 2.068900000e-01
  2.380600000e-01 2.205200000e-01 -5.515600000e-02
  -2.340000000e-02 -5.517800000e-02 5.158500000e-01
 Node:         89
  0.1270E+03  0.1150E+03  0.4683E+03  0.8380E-02
   0.008931
  -0.005194
  -3.392E-4
  -0.005264
   4.982E-4
   3.848E-4
  2.228200000e-02
  -7.384700000e-04
  -2.116200000e-03
  2.251700000e-02
  6.475800000e-03
  1.061500000e-02
  -8.966500000e-01 3.714800000e-01 3.444900000e-01
  9.108200000e-02 -6.927600000e-01 8.404000000e-01
  5.505200000e-01 6.354000000e-01 5.230500000e-01
 Node:         90
  0.1248E+03  0.1132E+03  0.4822E+03  0.8380E-02
   0.002458
  -0.001738
   8.548E-4
  -0.001341
   7.157E-4
   6.348E-4
  7.183000000e-03
  9.372100000e-05
  1.110900000e-03
  5.831200000e-03
  2.795900000e-03
  2.748800000e-03
  -8.162800000e-01 3.567400000e-01 4.367100000e-01
  1.594400000e-01 -4.926100000e-01 9.992400000e-01
  6.352900000e-01 6.804700000e-01 3.600900000e-01
 Node:         91
  0.1258E+03  0.1260E+03  0.4547E+03  0.8380E-02
  -0.01105
  -0.009637
   0.008874
  -0.00361
   1.92E-4
  -0.003941
  1.866000000e-02
  -5.107000000e-03
  -2.511900000e-02
  3.786700000e-02
  -3.855100000e-03
  1.785100000e-02
  -2.896600000e-01 5.397700000e-01 2.383100000e-02
  -2.511000000e-01 -2.345400000e-01 1.090700000e+00
  -7.462500000e-01 -2.503700000e-01 -2.305300000e-01
 Node:         92
  0.1208E+03  0.1232E+03  0.4725E+03  0.8380E-02
   0.003628
  -0.006657
  -9.046E-4
  -0.005627
  -2.454E-4
  -6.446E-4
  1.562000000e-02
  -8.895300000e-04
  -1.141000000e-02
  2.360200000e-02
  1.107000000e-03
  1.112600000e-02
  -8.135300000e-01 6.102700000e-01 4.899900000e-01
  -1.419300000e-03 -5.913000000e-01 6.985800000e-01
  7.821900000e-01 6.223200000e-01 5.242200000e-01
 Node:         93
  0.1159E+03  0.1217E+03  0.4876E+03  0.8380E-02
   0.002114
   1.0E-4
  -5.037E-4
  -0.002744
  -0.001167
   0.001828
  8.350400000e-03
  1.769400000e-04
  -2.325300000e-03
  9.674100000e-03
  2.067400000e-03
  4.560400000e-03
  -7.528700000e-01 -1.194400000e-01 7.847300000e-01
  4.162900000e-01 -6.718700000e-01 2.886800000e-01
  -3.728200000e-01 -5.821600000e-01 -4.867700000e-01
 Node:         94
  0.1312E+03  0.1262E+03  0.4538E+03  0.8380E-02
  -0.01415
  -0.009527
   0.01074
  -0.002324
  -7.395E-4
  -0.006656
  2.024700000e-02
  -1.159900000e-02
  -2.796800000e-02
  4.239800000e-02
  -6.440100000e-03
  1.998700000e-02
  -2.966500000e-01 8.354400000e-01 -1.154200000e-02
  -2.478700000e-01 -1.287900000e-01 1.143200000e+00
  -1.051300000e+00 -2.837900000e-01 -2.523600000e-01
 Node:         95
  0.1249E+03  0.1234E+03  0.4705E+03  0.8380E-02
   0.007209
  -0.005989
