 Group name: predicted_strain_L2A1
 #Fields=  16
 1) coordinates, coordinate, rectangular cartesian, #Components=3
   x.  Value index= 1, #Derivatives=0
   y.  Value index= 2, #Derivatives=0
   z.  Value index= 3, #Derivatives=0
 2) Tensor_1, field, rectangular cartesian, #Components=1
   Tensor_1.  Value index= 4, #Derivatives=0
 3) Tensor_2, field, rectangular cartesian, #Components=1
   Tensor_2.  Value index= 5, #Derivatives=0
 4) Tensor_3, field, rectangular cartesian, #Components=1
   Tensor_3.  Value index= 6, #Derivatives=0
 5) Tensor_4, field, rectangular cartesian, #Components=1
   Tensor_4.  Value index= 7, #Derivatives=0
 6) Tensor_5, field, rectangular cartesian, #Components=1
   Tensor_5.  Value index= 8, #Derivatives=0
 7) Tensor_6, field, rectangular cartesian, #Components=1
   Tensor_6.  Value index= 9, #Derivatives=0
 8) Principal_1, field, rectangular cartesian, #Components=1
   Principal_1.  Value index= 10, #Derivatives=0
 9) Principal_2, field, rectangular cartesian, #Components=1
   Principal_2.  Value index= 11, #Derivatives=0
 10) Principal_3, field, rectangular cartesian, #Components=1
   Principal_3.  Value index= 12, #Derivatives=0
 11) VonMises, field, rectangular cartesian, #Components=1
   VonMises.  Value index= 13, #Derivatives=0
 12) Hydrostatic, field, rectangular cartesian, #Components=1
   VonMises.  Value index= 14, #Derivatives=0
 13) Octahedral, field, rectangular cartesian, #Components=1
   VonMises.  Value index= 15, #Derivatives=0
 14) PrincipalVector1, field, rectangular cartesian, #Components=3
   x.  Value index= 16, #Derivatives=0
   y.  Value index= 17, #Derivatives=0
   z.  Value index= 18, #Derivatives=0
 15) PrincipalVector2, field, rectangular cartesian, #Components=3
   x.  Value index= 19, #Derivatives=0
   y.  Value index= 20, #Derivatives=0
   z.  Value index= 21, #Derivatives=0
 16) PrincipalVector3, field, rectangular cartesian, #Components=3
   x.  Value index= 22, #Derivatives=0
   y.  Value index= 23, #Derivatives=0
   z.  Value index= 24, #Derivatives=0
 Node:          1
  0.1287E+03  0.1133E+03  0.4908E+03 -0.2244E-04
  -1.11E-16
  -8.327E-17
  -2.22E-16
  -2.776E-17
  -4.163E-17
  -3.331E-16
  -6.637000000e-17
  -2.400000000e-16
  -3.598000000e-16
  2.555400000e-16
  -2.220600000e-16
  1.204600000e-16
  8.837000000e-01 -4.676000000e-01 -1.897000000e-02
  4.046000000e-01 7.837000000e-01 -4.712000000e-01
  2.352000000e-01 4.088000000e-01 8.818000000e-01
 Node:          2
  0.1292E+03  0.1137E+03  0.5052E+03 -0.2244E-04
  -5.551E-17
  -1.11E-16
  -1.665E-16
  -5.551E-17
   1.943E-16
  -2.776E-16
  8.603000000e-17
  -1.600000000e-16
  -4.256000000e-16
  4.431900000e-16
  -1.665200000e-16
  2.089200000e-16
  -6.554000000e-01 6.199000000e-01 4.313000000e-01
  7.522000000e-01 4.849000000e-01 4.462000000e-01
  -6.744000000e-02 -6.169000000e-01 7.841000000e-01
 Node:          3
  0.1289E+03  0.1155E+03  0.5194E+03 -0.2244E-04
   2.22E-16
   1.388E-16
   3.331E-16
   1.11E-16
   5.551E-17
   2.22E-16
  4.753000000e-16
  2.118000000e-16
  9.006000000e-17
  3.410700000e-16
  2.590500000e-16
  1.607800000e-16
  -5.696000000e-01 -7.144000000e-01 -4.063000000e-01
  2.395000000e-01 -6.172000000e-01 7.494000000e-01
  -7.862000000e-01 3.296000000e-01 5.227000000e-01
 Node:          4
  0.1361E+03  0.1141E+03  0.4915E+03 -0.2244E-04
   0.0
  -2.776E-17
  -1.11E-16
  -2.776E-17
  -8.327E-17
   2.22E-16
  2.435000000e-16
  6.328000000e-18
  -1.388000000e-16
  3.342600000e-16
  3.700900000e-17
  1.575700000e-16
  -8.549000000e-02 -2.215000000e-01 9.714000000e-01
  9.681000000e-01 -2.491000000e-01 2.840000000e-02
  2.357000000e-01 9.428000000e-01 2.357000000e-01
 Node:          5
  0.1341E+03  0.1144E+03  0.5054E+03 -0.2244E-04
   3.331E-16
   1.388E-16
   3.331E-16
   5.551E-17
  -6.939E-17
   4.441E-16
  4.814000000e-16
  4.627000000e-16
  1.662000000e-16
  3.062800000e-16
  3.701000000e-16
  1.443800000e-16
  -3.480000000e-01 -6.443000000e-01 6.810000000e-01
  -6.589000000e-01 -3.487000000e-01 -6.665000000e-01
  6.669000000e-01 -6.807000000e-01 -3.032000000e-01
 Node:          6
  0.1323E+03  0.1162E+03  0.5191E+03 -0.2244E-04
   2.22E-16
   5.551E-17
   2.22E-16
  -5.551E-17
  -2.776E-17
   0.0
  2.897000000e-16
  1.685000000e-16
  -1.402000000e-17
  2.648100000e-16
  1.480600000e-16
  1.248300000e-16
  -7.150000000e-01 -6.696000000e-01 2.012000000e-01
  6.656000000e-01 -7.399000000e-01 -9.741000000e-02
  -2.141000000e-01 -6.426000000e-02 -9.747000000e-01
 Node:          7
  0.1408E+03  0.1171E+03  0.4920E+03 -0.2244E-04
   3.331E-16
   2.22E-16
   2.22E-16
  -8.327E-17
  -1.11E-16
   0.0
  5.398000000e-16
  6.158000000e-17
  -4.631000000e-17
  5.403100000e-16
  1.850200000e-16
  2.547000000e-16
  -7.537000000e-01 -6.111000000e-01 2.419000000e-01
  -6.560000000e-01 6.770000000e-01 -3.335000000e-01
  -4.004000000e-02 4.101000000e-01 9.112000000e-01
 Node:          8
  0.1367E+03  0.1169E+03  0.5055E+03 -0.2244E-04
   2.22E-16
   1.943E-16
   2.22E-16
  -4.025E-16
  -2.359E-16
  -2.22E-16
  6.547000000e-16
  4.477000000e-17
  -4.775000000e-16
  9.814900000e-16
  7.399000000e-17
  4.626800000e-16
  -6.847000000e-01 -5.611000000e-01 4.652000000e-01
  5.685000000e-01 -8.105000000e-01 -1.409000000e-01
  -4.561000000e-01 -1.681000000e-01 -8.739000000e-01
 Node:          9
  0.1339E+03  0.1180E+03  0.5191E+03 -0.2244E-04
   2.22E-16
   1.665E-16
   0.0
  -3.955E-16
  -2.776E-16
   6.661E-16
  1.002000000e-15
  -9.379000000e-18
  -1.046000000e-16
  1.062200000e-15
  2.960100000e-16
  5.007200000e-16
  -4.817000000e-01 -3.073000000e-01 8.207000000e-01
  -8.565000000e-01 -3.292000000e-02 -5.150000000e-01
  -1.853000000e-01 9.510000000e-01 2.474000000e-01
 Node:         10
  0.1294E+03  0.1212E+03  0.4911E+03 -0.2244E-04
   0.0
   2.776E-17
   1.11E-16
  -1.388E-17
   1.249E-16
   1.11E-16
  2.363000000e-16
  2.303000000e-17
  -3.732000000e-17
  2.489900000e-16
  7.400300000e-17
  1.173800000e-16
  4.210000000e-02 7.100000000e-01 7.030000000e-01
  -7.813000000e-01 -4.152000000e-01 4.661000000e-01
  -6.228000000e-01 5.688000000e-01 -5.372000000e-01
 Node:         11
  0.1295E+03  0.1214E+03  0.5055E+03 -0.2244E-04
  -2.22E-16
  -2.776E-17
  -2.22E-16
  -4.163E-17
   1.388E-17
  -1.665E-16
  -1.365000000e-16
  -2.183000000e-16
  -2.558000000e-16
  1.056600000e-16
  -2.035300000e-16
  4.981100000e-17
  -4.935000000e-01 2.929000000e-01 8.189000000e-01
  3.541000000e-01 -7.924000000e-01 4.968000000e-01
  -7.944000000e-01 -5.351000000e-01 -2.873000000e-01
 Node:         12
  0.1295E+03  0.1217E+03  0.5196E+03 -0.2244E-04
   1.11E-16
   0.0
   1.11E-16
   7.633E-17
   2.776E-17
   2.22E-16
  2.649000000e-16
  1.110000000e-16
  6.816000000e-17
  1.792000000e-16
  1.480200000e-16
  8.447700000e-17
  -4.387000000e-01 -1.595000000e-01 -8.844000000e-01
  3.417000000e-01 -9.398000000e-01 -2.255000000e-17
  8.311000000e-01 3.022000000e-01 -4.668000000e-01
 Node:         13
  0.1361E+03  0.1199E+03  0.4914E+03 -0.2244E-04
   1.11E-16
  -1.388E-16
   0.0
  -9.714E-17
   2.776E-17
  -1.665E-16
  2.285000000e-16
  -8.520000000e-17
  -1.988000000e-16
  3.833400000e-16
  -1.850000000e-17
  1.807100000e-16
  8.171000000e-01 -5.252000000e-01 -2.378000000e-01
  4.648000000e-01 8.442000000e-01 -2.671000000e-01
  3.410000000e-01 1.077000000e-01 9.339000000e-01
 Node:         14
  0.1342E+03  0.1198E+03  0.5054E+03 -0.2244E-04
  -5.551E-17
   2.776E-17
   0.0
   5.551E-17
  -9.021E-17
   1.11E-16
  1.672000000e-16
  -4.940000000e-18
  -1.068000000e-16
  2.398800000e-16
  1.848700000e-17
  1.130800000e-16
  1.634000000e-01 -4.472000000e-01 8.794000000e-01
  -6.569000000e-01 -7.144000000e-01 -2.412000000e-01
  -7.361000000e-01 5.382000000e-01 4.105000000e-01
 Node:         15
  0.1330E+03  0.1205E+03  0.5193E+03 -0.2244E-04
   2.22E-16
  -8.327E-17
  -5.551E-17
   1.388E-17
   4.857E-17
   0.0
  2.451000000e-16
  2.471000000e-17
  -1.033000000e-16
  3.052400000e-16
  5.550300000e-17
  1.438900000e-16
  -9.638000000e-01 2.667000000e-01 -1.723000000e-03
  1.157000000e-01 4.239000000e-01 8.983000000e-01
  2.403000000e-01 8.656000000e-01 -4.394000000e-01
 Node:         16
  0.1404E+03  0.1188E+03  0.4918E+03 -0.2244E-04
   2.22E-16
   5.551E-17
   2.22E-16
  -8.327E-17
  -1.457E-16
   4.441E-16
  5.466000000e-16
  1.950000000e-16
  1.465000000e-16
  3.781900000e-16
  2.960300000e-16
  1.782800000e-16
  -2.927000000e-01 -4.328000000e-01 8.526000000e-01
  -9.222000000e-01 -1.077000000e-01 -3.713000000e-01
  -2.526000000e-01 8.950000000e-01 3.676000000e-01
 Node:         17
  0.1365E+03  0.1184E+03  0.5055E+03 -0.2244E-04
  -1.11E-16
   2.776E-17
  -1.11E-16
   9.714E-17
   1.7E-16
   0.0
  1.573000000e-16
  -1.341000000e-16
  -2.452000000e-16
  3.600400000e-16
  -7.400000000e-17
  1.697300000e-16
  3.368000000e-01 5.285000000e-01 7.792000000e-01
  8.927000000e-01 -4.425000000e-01 -8.566000000e-02
  -2.996000000e-01 -7.244000000e-01 6.209000000e-01
 Node:         18
  0.1341E+03  0.1191E+03  0.5192E+03 -0.2244E-04
   0.0
   0.0
   0.0
   2.645E-17
   1.065E-16
   4.441E-16
  4.697000000e-16
  -1.672000000e-33
  -2.562000000e-17
  4.830200000e-16
  1.480300000e-16
  2.277000000e-16
  -5.484000000e-02 -2.207000000e-01 -9.738000000e-01
  9.705000000e-01 -2.411000000e-01 -6.210000000e-17
  -2.348000000e-01 -9.451000000e-01 2.274000000e-01
 Node:         19
  0.1301E+03  0.1291E+03  0.4914E+03  0.0000E+00
   1.11E-16
   0.0
   1.11E-16
   2.101E-19
   1.001E-17
  -2.22E-16
  1.113000000e-16
  1.110000000e-16
  -2.223000000e-16
  3.334500000e-16
  0.000000000e+00
  1.571900000e-16
  -2.096000000e-02 -9.993000000e-01 -3.003000000e-02
  9.998000000e-01 -2.097000000e-02 1.345000000e-19
  6.298000000e-04 3.003000000e-02 -9.995000000e-01
 Node:         20
  0.1299E+03  0.1291E+03  0.5058E+03  0.0000E+00
   2.22E-16
   0.0
   0.0
   1.041E-17
   1.924E-17
  -5.551E-17
  2.224000000e-16
  5.975000000e-18
  -6.188000000e-17
  2.571600000e-16
  5.549800000e-17
  1.212200000e-16
  -9.993000000e-01 -3.257000000e-03 -3.765000000e-02
  1.428000000e-02 -9.549000000e-01 -2.965000000e-01
  -3.498000000e-02 -2.968000000e-01 9.543000000e-01
 Node:         21
  0.1301E+03  0.1280E+03  0.5197E+03  0.0000E+00
   1.11E-16
   0.0
   0.0
   4.163E-17
   1.475E-17
   1.11E-16
  1.534000000e-16
  7.089000000e-17
  -2.220000000e-18
  1.348500000e-16
  7.402300000e-17
  6.357000000e-17
  -6.994000000e-01 -6.840000000e-02 -7.114000000e-01
  -7.126000000e-01 1.429000000e-01 6.869000000e-01
  -5.465000000e-02 -9.874000000e-01 1.487000000e-01
 Node:         22
  0.1360E+03  0.1256E+03  0.4913E+03  0.0000E+00
  -2.22E-16
   1.388E-17
  -1.11E-16
  -1.388E-17
   1.006E-16
   1.11E-16
  1.500000000e-16
  -1.456000000e-16
  -2.264000000e-16
  3.432100000e-16
  -7.400000000e-17
  1.617900000e-16
  -2.144000000e-02 3.586000000e-01 9.332000000e-01
  2.280000000e-01 9.106000000e-01 -3.447000000e-01
  -9.734000000e-01 2.054000000e-01 -1.013000000e-01
 Node:         23
  0.1343E+03  0.1253E+03  0.5054E+03  0.0000E+00
   0.0
   2.082E-17
  -4.441E-16
   0.0
   1.314E-16
  -1.665E-16
  1.265000000e-18
  -1.147000000e-16
  -4.972000000e-16
  4.517900000e-16
  -2.035500000e-16
  2.129700000e-16
  9.970000000e-01 6.061000000e-02 4.746000000e-02
  6.644000000e-02 -3.661000000e-01 -9.282000000e-01
  3.888000000e-02 -9.286000000e-01 3.690000000e-01
 Node:         24
  0.1336E+03  0.1248E+03  0.5194E+03  0.0000E+00
  -2.22E-16
   1.214E-17
   0.0
   1.388E-17
   8.674E-19
  -1.665E-16
  6.779000000e-19
  -1.633000000e-16
  -2.259000000e-16
  2.026600000e-16
  -1.295100000e-16
  9.553700000e-17
  -5.504000000e-02 -9.984000000e-01 -9.747000000e-03
  2.257000000e-01 -2.195000000e-02 9.740000000e-01
  -9.726000000e-01 5.141000000e-02 2.265000000e-01
 Node:         25
  0.1400E+03  0.1206E+03  0.4917E+03  0.0000E+00
   0.0
   2.671E-16
  -1.11E-16
  -8.327E-17
  -1.301E-16
   2.22E-16
  3.681000000e-16
  7.580000000e-17
  -3.329000000e-16
  6.098700000e-16
  3.700000000e-17
  2.874900000e-16
  5.089000000e-01 4.781000000e-01 -7.159000000e-01
  6.086000000e-01 3.883000000e-01 6.920000000e-01
  6.088000000e-01 -7.878000000e-01 -9.334000000e-02
 Node:         26
  0.1363E+03  0.1200E+03  0.5055E+03  0.0000E+00
   2.22E-16
   1.076E-16
  -6.106E-16
   2.776E-17
  -1.124E-15
  -5.551E-17
  8.281000000e-16
  2.248000000e-16
  -1.497000000e-15
  2.089800000e-15
  -1.480300000e-16
  9.851500000e-16
  7.371000000e-02 6.174000000e-01 -7.832000000e-01
  9.955000000e-01 1.018000000e-03 9.449000000e-02
  -5.914000000e-02 7.866000000e-01 6.146000000e-01
 Node:         27
  0.1343E+03  0.1203E+03  0.5192E+03  0.0000E+00
   2.22E-16
  -1.943E-16
   2.22E-16
  -1.041E-16
   1.313E-15
   0.0
  1.466000000e-15
  1.875000000e-16
  -1.209000000e-15
  2.317400000e-15
  1.481700000e-16
  1.092400000e-15
  -1.693000000e-01 7.280000000e-01 6.643000000e-01
  9.848000000e-01 9.849000000e-02 1.431000000e-01
  3.876000000e-02 6.785000000e-01 -7.336000000e-01
 Node:         28
  0.1155E+03  0.1124E+03  0.4931E+03 -0.1326E-03
  -2.22E-16
   3.816E-17
   2.22E-16
  -5.551E-17
   5.551E-17
   1.11E-16
  2.455000000e-16
  1.014000000e-16
  -2.359000000e-16
  4.279500000e-16
  3.700000000e-17
  2.017400000e-16
  3.184000000e-02 9.284000000e-01 3.701000000e-01
  1.988000000e-01 3.571000000e-01 -9.127000000e-01
  9.795000000e-01 -1.026000000e-01 1.732000000e-01
 Node:         29
  0.1119E+03  0.1139E+03  0.5068E+03 -0.1326E-03
  -2.22E-16
  -2.082E-17
   0.0
   5.551E-17
   6.939E-18
  -3.331E-16
  1.944000000e-18
  -2.004000000e-16
  -3.566000000e-16
  3.113600000e-16
  -1.850200000e-16
  1.467800000e-16
  -9.118000000e-02 9.958000000e-01 5.517000000e-03
  -9.179000000e-01 -8.189000000e-02 -3.884000000e-01
  -3.863000000e-01 -4.048000000e-02 9.215000000e-01
 Node:         30
  0.1113E+03  0.1159E+03  0.5206E+03 -0.1326E-03
   2.22E-16
   1.249E-16
   2.22E-16
   0.0
  -2.776E-17
   1.11E-16
  3.486000000e-16
  1.238000000e-16
  8.277000000e-17
  2.478800000e-16
  1.850600000e-16
  1.168500000e-16
  -7.001000000e-01 -7.092000000e-01 8.287000000e-02
  -4.685000000e-01 3.686000000e-01 -8.029000000e-01
  -5.389000000e-01 6.009000000e-01 5.903000000e-01
 Node:         31
  0.1203E+03  0.1126E+03  0.4920E+03 -0.1326E-03
  -5.551E-17
   9.714E-17
  -1.11E-16
   2.776E-17
   4.163E-17
  -5.551E-17
  4.114000000e-17
  -7.661000000e-17
  -1.866000000e-16
  1.972700000e-16
  -7.402300000e-17
  9.299200000e-17
  -6.956000000e-01 -5.654000000e-01 -4.433000000e-01
  4.358000000e-01 1.585000000e-01 -8.860000000e-01
  5.712000000e-01 -8.095000000e-01 1.362000000e-01
 Node:         32
  0.1188E+03  0.1134E+03  0.5062E+03 -0.1326E-03
   2.22E-16
  -1.388E-17
  -1.11E-16
  -2.776E-17
   9.714E-17
  -5.551E-17
  2.266000000e-16
  1.331000000e-17
  -1.844000000e-16
  3.560200000e-16
  1.850300000e-17
  1.678300000e-16
  -9.894000000e-01 7.624000000e-02 1.236000000e-01
  1.445000000e-01 5.992000000e-01 7.875000000e-01
  1.402000000e-02 -7.970000000e-01 6.038000000e-01
 Node:         33
  0.1183E+03  0.1150E+03  0.5201E+03 -0.1326E-03
   1.11E-16
   5.551E-17
   0.0
   8.327E-17
   0.0
   0.0
  1.700000000e-16
  0.000000000e+00
  -5.893000000e-17
  2.058900000e-16
  3.702300000e-17
  9.705800000e-17
  -8.617000000e-01 -2.815000000e-01 -4.222000000e-01
  0.000000000e+00 -8.321000000e-01 5.547000000e-01
  -5.074000000e-01 4.780000000e-01 7.170000000e-01
 Node:         34
  0.1255E+03  0.1129E+03  0.4909E+03 -0.1326E-03
   0.0
   0.0
   0.0
   5.551E-17
   9.714E-17
   0.0
  1.119000000e-16
  3.387000000e-33
  -1.119000000e-16
  1.938200000e-16
  0.000000000e+00
  9.136600000e-17
  -3.508000000e-01 -6.139000000e-01 -7.071000000e-01
  8.682000000e-01 -4.961000000e-01 -4.855000000e-17
  -3.508000000e-01 -6.139000000e-01 7.071000000e-01
 Node:         35
  0.1260E+03  0.1135E+03  0.5054E+03 -0.1326E-03
   0.0
   1.11E-16
  -1.11E-16
   1.11E-16
   2.498E-16
  -1.11E-16
  2.410000000e-16
  -1.023000000e-16
  -3.608000000e-16
  5.229000000e-16
  -7.403300000e-17
  2.465000000e-16
  5.458000000e-01 5.925000000e-01 5.925000000e-01
  8.379000000e-01 -3.859000000e-01 -3.859000000e-01
  -4.975000000e-17 -7.071000000e-01 7.071000000e-01
 Node:         36
  0.1257E+03  0.1153E+03  0.5196E+03 -0.1326E-03
   0.0
  -5.551E-17
   0.0
  -5.551E-17
   8.327E-17
   0.0
  1.305000000e-16
  -4.723000000e-17
  -8.327000000e-17
  1.982200000e-16
  0.000000000e+00
  9.344300000e-17
  -5.155000000e-01 6.059000000e-01 6.059000000e-01
  8.569000000e-01 3.645000000e-01 3.645000000e-01
  -1.256000000e-16 7.071000000e-01 -7.071000000e-01
 Node:         37
  0.1132E+03  0.1210E+03  0.4959E+03 -0.1326E-03
  -2.22E-16
   1.388E-16
  -2.22E-16
  -8.327E-17
   1.804E-16
  -2.776E-16
  -4.482000000e-17
  -1.622000000e-16
  -5.146000000e-16
  4.234700000e-16
  -2.405400000e-16
  1.996300000e-16
  3.971000000e-01 7.887000000e-01 4.693000000e-01
  -7.874000000e-01 3.010000000e-02 6.157000000e-01
  4.715000000e-01 -6.140000000e-01 6.330000000e-01
 Node:         38
  0.1111E+03  0.1204E+03  0.5085E+03 -0.1326E-03
  -1.665E-16
   9.714E-17
   0.0
  -2.776E-17
  -8.327E-17
  -2.22E-16
  7.071000000e-17
  -2.091000000e-16
  -2.502000000e-16
  3.024600000e-16
  -1.295300000e-16
  1.425800000e-16
  -3.916000000e-01 -8.746000000e-01 2.859000000e-01
  9.154000000e-01 -3.389000000e-01 2.170000000e-01
  9.287000000e-02 -3.467000000e-01 -9.334000000e-01
 Node:         39
  0.1119E+03  0.1201E+03  0.5207E+03 -0.1326E-03
  -5.551E-17
  -9.714E-17
  -3.331E-16
  -8.327E-17
  -7.633E-17
  -1.11E-16
  8.934000000e-18
  -1.105000000e-16
  -3.981000000e-16
  3.623900000e-16
  -1.665600000e-16
  1.708300000e-16
  8.510000000e-01 -1.281000000e-01 -5.092000000e-01
  4.076000000e-01 -4.503000000e-01 7.944000000e-01
  -3.311000000e-01 -8.836000000e-01 -3.310000000e-01
 Node:         40
  0.1191E+03  0.1220E+03  0.4937E+03 -0.1326E-03
   0.0
   8.327E-17
  -2.22E-16
   8.327E-17
  -1.388E-17
  -2.22E-16
  4.872000000e-17
  -2.082000000e-16
  -2.846000000e-16
  3.024500000e-16
  -1.480300000e-16
  1.425700000e-16
  -9.240000000e-01 -2.703000000e-01 -2.703000000e-01
  0.000000000e+00 -7.071000000e-01 7.071000000e-01
  3.823000000e-01 -6.534000000e-01 -6.534000000e-01
 Node:         41
  0.1182E+03  0.1217E+03  0.5073E+03 -0.1326E-03
   0.0
  -2.776E-17
  -5.551E-17
   5.551E-17
   9.714E-17
   1.11E-16
  1.653000000e-16
  1.073000000e-17
  -1.206000000e-16
  2.478700000e-16
  1.847700000e-17
  1.168500000e-16
  2.406000000e-01 3.653000000e-01 8.993000000e-01
  -8.901000000e-01 4.526000000e-01 5.428000000e-02
  -3.871000000e-01 -8.135000000e-01 4.340000000e-01
 Node:         42
  0.1187E+03  0.1212E+03  0.5204E+03 -0.1326E-03
   0.0
  -5.551E-17
  -1.11E-16
   0.0
   5.551E-17
   1.11E-16
  1.256000000e-16
  1.887000000e-17
  -1.444000000e-16
  2.355300000e-16
  2.333300000e-20
  1.110300000e-16
  1.113000000e-01 -2.517000000e-01 -9.614000000e-01
  9.295000000e-01 -3.159000000e-01 1.903000000e-01
  -3.516000000e-01 -9.148000000e-01 1.988000000e-01
 Node:         43
  0.1258E+03  0.1217E+03  0.4915E+03 -0.1326E-03
   2.22E-16
   1.11E-16
   1.11E-16
  -1.388E-17
   0.0
  -5.551E-17
  2.911000000e-16
  4.294000000e-17
  -5.645000000e-17
  3.100400000e-16
  9.253000000e-17
  1.461600000e-16
  -8.507000000e-01 -5.246000000e-01 3.406000000e-02
  -5.213000000e-01 8.502000000e-01 7.348000000e-02
  6.751000000e-02 -4.475000000e-02 9.967000000e-01
 Node:         44
  0.1259E+03  0.1220E+03  0.5059E+03 -0.1326E-03
  -2.22E-16
   1.388E-16
  -2.22E-16
   9.714E-17
   1.11E-16
  -1.11E-16
  5.081000000e-17
  -2.445000000e-16
  -3.614000000e-16
  3.679600000e-16
  -1.850300000e-16
  1.734600000e-16
  -5.113000000e-01 -5.340000000e-01 -6.733000000e-01
  -5.198000000e-01 -4.318000000e-01 7.372000000e-01
  -6.844000000e-01 7.269000000e-01 -5.679000000e-02
 Node:         45
  0.1261E+03  0.1221E+03  0.5198E+03 -0.1326E-03
  -5.551E-17
  -8.327E-17
  -2.776E-16
   2.776E-17
  -6.939E-18
   1.11E-16
  1.167000000e-16
  -3.339000000e-17
  -3.053000000e-16
  3.705000000e-16
  -7.399700000e-17
  1.746600000e-16
  1.854000000e-01 -5.643000000e-02 9.810000000e-01
  9.302000000e-01 -3.117000000e-01 -1.938000000e-01
  -3.167000000e-01 -9.485000000e-01 5.308000000e-03
 Node:         46
  0.1117E+03  0.1296E+03  0.4959E+03  0.0000E+00
  -5.551E-17
   2.776E-17
  -1.665E-16
   6.939E-18
  -2.602E-17
   0.0
  4.101000000e-18
  -4.897000000e-17
  -1.772000000e-16
  1.614500000e-16
  -7.402300000e-17
  7.610600000e-17
  4.856000000e-02 -1.429000000e-01 9.886000000e-01
  9.724000000e-01 2.327000000e-01 -1.414000000e-02
  -2.280000000e-01 9.620000000e-01 1.502000000e-01
 Node:         47
  0.1107E+03  0.1269E+03  0.5087E+03  0.0000E+00
  -1.665E-16
  -3.123E-17
   1.11E-16
  -2.776E-17
   3.99E-17
   0.0
  1.289000000e-16
  -1.114000000e-17
  -1.732000000e-16
  2.618600000e-16
  -1.848000000e-17
  1.234400000e-16
  -1.292000000e-01 9.390000000e-01 3.186000000e-01
  -1.008000000e-01 -3.321000000e-01 9.379000000e-01
  -9.865000000e-01 -8.906000000e-02 -1.376000000e-01
 Node:         48
  0.1125E+03  0.1242E+03  0.5208E+03  0.0000E+00
   1.11E-16
   3.469E-18
   1.11E-16
   0.0
  -1.735E-18
   1.11E-16
  1.149000000e-16
  1.110000000e-16
  1.071000000e-16
  6.755000000e-18
  1.110000000e-16
  3.184300000e-18
  -6.325000000e-01 -7.071000000e-01 3.162000000e-01
  4.472000000e-01 -4.455000000e-15 8.944000000e-01
  -6.325000000e-01 7.071000000e-01 3.162000000e-01
 Node:         49
  0.1186E+03  0.1311E+03  0.4938E+03  0.0000E+00
  -1.665E-16
  -2.082E-17
   0.0
  -4.163E-17
  -6.072E-18
  -5.551E-17
  2.581000000e-18
  -4.165000000e-17
  -1.830000000e-16
  1.678900000e-16
  -7.402300000e-17
  7.914600000e-17
  1.174000000e-01 -9.929000000e-01 1.965000000e-02
  -3.135000000e-01 -1.827000000e-02 9.494000000e-01
  -9.423000000e-01 -1.176000000e-01 -3.134000000e-01
 Node:         50
  0.1180E+03  0.1298E+03  0.5075E+03  0.0000E+00
   0.0
  -1.301E-17
   3.331E-16
  -4.163E-17
   1.247E-17
   2.22E-16
  3.354000000e-16
  2.276000000e-16
  -7.879000000e-18
  3.040700000e-16
  1.850400000e-16
  1.433400000e-16
  5.441000000e-02 -9.902000000e-01 -1.289000000e-01
  -1.707000000e-01 -1.364000000e-01 9.758000000e-01
  9.838000000e-01 3.109000000e-02 1.765000000e-01
 Node:         51
  0.1192E+03  0.1275E+03  0.5206E+03  0.0000E+00
   0.0
  -3.469E-18
  -5.551E-17
   0.0
   1.475E-17
   1.11E-16
  1.123000000e-16
  2.087000000e-19
  -5.702000000e-17
  1.491800000e-16
  1.849600000e-17
  7.032400000e-17
  -2.705000000e-03 8.758000000e-02 9.962000000e-01
  9.982000000e-01 -6.004000000e-02 7.989000000e-03
  -6.051000000e-02 -9.943000000e-01 8.725000000e-02
 Node:         52
  0.1262E+03  0.1305E+03  0.4920E+03  0.0000E+00
   1.11E-16
  -1.388E-17
   1.11E-16
   1.301E-18
   4.906E-18
   0.0
  1.250000000e-16
  9.734000000e-17
  -2.497000000e-19
  1.139700000e-16
  7.403000000e-17
  5.372400000e-17
  -7.047000000e-01 7.092000000e-01 2.051000000e-02
  7.093000000e-01 7.034000000e-01 4.493000000e-02
  -1.744000000e-02 -4.621000000e-02 9.988000000e-01
 Node:         53
  0.1258E+03  0.1304E+03  0.5063E+03  0.0000E+00
  -1.665E-16
  -1.735E-18
  -1.11E-16
   2.776E-17
   3.383E-17
  -2.22E-16
  -1.010000000e-16
  -1.572000000e-16
  -2.414000000e-16
  1.223900000e-16
  -1.665300000e-16
  5.769700000e-17
  9.684000000e-02 9.526000000e-01 2.883000000e-01
  -9.346000000e-01 1.866000000e-01 -3.027000000e-01
  -3.422000000e-01 -2.402000000e-01 9.084000000e-01
 Node:         54
  0.1265E+03  0.1288E+03  0.5200E+03  0.0000E+00
  -2.22E-16
   2.082E-17
   1.11E-16
   0.0
  -4.337E-18
   1.11E-16
  1.160000000e-16
  1.073000000e-16
  -2.233000000e-16
  3.350300000e-16
  0.000000000e+00
  1.579400000e-16
  -4.656000000e-02 -7.562000000e-01 6.527000000e-01
  -4.117000000e-02 -6.514000000e-01 -7.576000000e-01
  -9.981000000e-01 6.215000000e-02 8.061000000e-04
 Node:         55
  0.1381E+03  0.1167E+03  0.4530E+03  0.2473E-02
   0.001321
  -0.002478
   0.002263
  -6.613E-4
   0.003659
  -0.006482
  1.875200000e-02
  5.197600000e-04
  -2.973400000e-02
  4.293700000e-02
  -3.487500000e-03
  2.024000000e-02
  3.366200000e-01 1.215800000e-01 7.793100000e-02
  6.052800000e-01 7.151400000e-01 1.405600000e-01
  7.777800000e-02 -2.591100000e-01 8.007800000e-01
 Node:         56
  0.1314E+03  0.1156E+03  0.4685E+03  0.2473E-02
   0.003102
  -0.002715
   0.00177
  -0.00181
   0.001793
  -0.003351
  2.540500000e-02
  -1.237300000e-03
  -1.605100000e-02
  3.704900000e-02
  2.705500000e-03
  1.746500000e-02
  -4.443800000e-01 4.261700000e-02 1.123100000e-01
  5.711000000e-01 7.554200000e-01 2.935600000e-01
  1.780400000e-01 -1.797800000e-01 8.172000000e-01
 Node:         57
  0.1285E+03  0.1140E+03  0.4823E+03  0.2473E-02
   0.00113
  -9.104E-4
   7.167E-4
  -5.309E-4
   3.751E-4
  -6.358E-5
  8.745100000e-03
  -7.340800000e-05
  -1.428100000e-03
  9.771100000e-03
  2.414500000e-03
  4.606100000e-03
  -6.932800000e-01 4.717800000e-01 2.824900000e-01
  5.088200000e-01 7.326300000e-01 1.928300000e-02
  2.772300000e-01 -1.255200000e-01 8.954000000e-01
 Node:         58
  0.1479E+03  0.1173E+03  0.4537E+03  0.2473E-02
   8.137E-4
  -0.003035
   0.004784
  -5.271E-4
   0.002552
  -0.01368
  1.972500000e-02
  3.365700000e-03
  -4.942100000e-02
  6.182300000e-02
  -8.776700000e-03
  2.914400000e-02
  3.530800000e-01 -1.137000000e-01 -1.601400000e-02
  6.873900000e-01 6.527100000e-01 7.571100000e-02
  -1.033100000e-01 -1.290300000e-01 8.731700000e-01
 Node:         59
  0.1416E+03  0.1164E+03  0.4694E+03  0.2473E-02
   0.005484
  -0.00474
   0.004104
  -0.004301
   0.003678
  -0.003842
  4.180100000e-02
  1.531300000e-03
  -2.185100000e-02
  5.586600000e-02
  7.160200000e-03
  2.633600000e-02
  -6.447000000e-01 3.720400000e-01 2.546800000e-01
  5.757200000e-01 7.879800000e-01 8.166500000e-02
  1.671400000e-01 -2.669100000e-01 9.323300000e-01
 Node:         60
  0.1375E+03  0.1149E+03  0.4832E+03  0.2473E-02
   0.002631
  -0.002173
   0.00173
  -0.001991
   0.001385
   7.059E-4
  2.006100000e-02
  1.040100000e-04
  -2.721100000e-03
  2.176900000e-02
  5.814700000e-03
  1.026200000e-02
  -7.001500000e-01 5.324200000e-01 4.202800000e-01
  3.972800000e-01 6.818800000e-01 -1.740200000e-01
  7.863400000e-02 -1.553300000e-01 4.809000000e-01
 Node:         61
  0.1550E+03  0.1214E+03  0.4543E+03  0.2473E-02
   0.005125
  -0.002775
  -0.001023
   9.429E-4
  -0.002095
  -0.008093
  2.519600000e-02
  -1.414200000e-03
  -2.519200000e-02
  4.401500000e-02
  -4.701900000e-04
  2.074900000e-02
  -6.170700000e-02 -7.183700000e-02 -5.239600000e-02
  3.533600000e-01 8.252600000e-01 -3.329300000e-01
  -3.832500000e-02 3.568400000e-01 8.825800000e-01
 Node:         62
  0.1489E+03  0.1198E+03  0.4703E+03  0.2473E-02
   0.009009
  -0.007984
   0.003311
  -0.004484
   0.002596
   0.002185
  5.436400000e-02
  7.675600000e-03
  -5.255200000e-03
  5.453000000e-02
  1.892800000e-02
  2.570600000e-02
  -7.930000000e-01 5.255800000e-01 3.717300000e-01
  9.437100000e-02 -3.430500000e-02 2.232100000e-01
  1.899900000e-01 1.821700000e-01 1.395200000e-01
 Node:         63
  0.1436E+03  0.1181E+03  0.4839E+03  0.2473E-02
   0.002538
  -0.003748
   0.00403
  -0.001662
   0.002396
   0.001351
  2.720700000e-02
  1.175500000e-03
  -2.098900000e-03
  2.793700000e-02
  8.761200000e-03
  1.317000000e-02
  -5.694700000e-01 7.045700000e-01 3.937900000e-01
  -3.583700000e-01 1.162500000e-01 -6.925600000e-01
  -5.323500000e-01 -5.492800000e-01 8.483400000e-02
 Node:         64
  0.1412E+03  0.1253E+03  0.4529E+03  0.2473E-02
  -0.006208
  -0.002765
   0.007254
  -4.401E-4
   4.391E-4
  -0.005158
  2.403800000e-02
  -1.607900000e-02
  -1.908100000e-02
  4.197700000e-02
  -3.707400000e-03
  1.978800000e-02
  -1.059000000e-01 4.443300000e-01 1.052900000e-02
  -1.083100000e-01 -4.232400000e-02 5.469800000e-01
  5.176800000e-01 1.652500000e-01 6.937200000e-02
 Node:         65
  0.1339E+03  0.1229E+03  0.4685E+03  0.2473E-02
   6.043E-4
  -0.004795
   0.005075
  -0.001473
   5.749E-4
  -0.003209
  2.743100000e-02
  -5.701100000e-03
  -1.310600000e-02
  3.757800000e-02
  2.874600000e-03
  1.771500000e-02
  5.529800000e-01 -8.369300000e-01 -1.120800000e-01
  -3.466000000e-01 -3.306900000e-01 2.920300000e-01
  -2.107500000e-01 -8.684300000e-02 -3.346800000e-01
 Node:         66
  0.1299E+03  0.1214E+03  0.4825E+03  0.2473E-02
   0.001531
  -0.001543
   0.001478
  -5.806E-4
   4.514E-4
  -1.107E-4
  1.073500000e-02
  -1.355600000e-04
  -1.381500000e-03
  1.163800000e-02
  3.072600000e-03
  5.486400000e-03
  -6.793700000e-01 5.170000000e-01 2.429600000e-01
  6.114300000e-01 7.302300000e-01 -2.126200000e-01
  4.143300000e-01 3.873300000e-02 9.006100000e-01
 Node:         67
  0.1497E+03  0.1240E+03  0.4536E+03  0.2473E-02
  -0.003897
  -0.002893
   0.006596
  -3.691E-4
   7.779E-4
  -0.01239
  2.223500000e-02
  -8.749800000e-03
  -4.286100000e-02
  5.696600000e-02
  -9.792000000e-03
  2.685400000e-02
  -1.768800000e-01 6.667100000e-01 1.876400000e-02
  9.688100000e-01 2.379200000e-01 -2.620100000e-02
  -6.762600000e-02 -3.220300000e-02 6.534000000e-01
 Node:         68
  0.1430E+03  0.1222E+03  0.4694E+03  0.2473E-02
   0.005449
  -0.005943
   0.00595
  -0.003873
   0.001741
  -0.006583
  3.992500000e-02
  4.006200000e-03
  -2.746500000e-02
  5.833000000e-02
  5.488800000e-03
  2.749700000e-02
  -5.431900000e-01 3.283100000e-01 1.240200000e-01
  5.286200000e-01 6.651100000e-01 -9.043700000e-02
  6.158700000e-02 -6.263000000e-02 7.985500000e-01
 Node:         69
  0.1379E+03  0.1205E+03  0.4831E+03  0.2473E-02
   0.003225
  -0.002416
   0.001952
  -0.00173
   0.001082
   1.497E-5
  1.861700000e-02
  6.184000000e-04
  -2.917400000e-03
  2.003500000e-02
  5.439400000e-03
  9.444800000e-03
  -7.473000000e-01 5.586100000e-01 3.176400000e-01
  5.444800000e-01 8.480400000e-01 -1.384200000e-01
  3.816500000e-01 -6.277000000e-02 8.774800000e-01
 Node:         70
  0.1552E+03  0.1235E+03  0.4543E+03  0.2473E-02
  -0.001484
  -0.003737
   0.003198
  -0.002473
   0.001838
  -0.01499
  2.252300000e-02
  -5.792800000e-03
  -5.693500000e-02
  7.026500000e-02
  -1.340100000e-02
  3.312300000e-02
  8.285900000e-02 -1.734800000e-01 -2.997700000e-02
  2.203600000e-01 9.765100000e-02 -3.128700000e-02
  2.543300000e-02 -4.540400000e-02 6.712000000e-01
 Node:         71
  0.1491E+03  0.1218E+03  0.4702E+03  0.2473E-02
   0.009586
  -0.005643
   0.004359
  -0.007541
   0.0033
  -0.005105
  5.251100000e-02
  8.376300000e-03
  -3.047000000e-02
  7.172300000e-02
  1.013900000e-02
  3.381100000e-02
  -8.429100000e-01 4.785300000e-01 3.588300000e-01
  2.259600000e-01 3.279200000e-01 -4.290600000e-02
  3.445100000e-01 -7.247100000e-02 9.057300000e-01
 Node:         72
  0.1435E+03  0.1199E+03  0.4838E+03  0.2473E-02
   0.00509
  -0.002673
   0.001593
  -0.003072
   0.001458
   6.08E-4
  2.578100000e-02
  1.042400000e-03
  -3.633800000e-03
  2.741000000e-02
  7.729700000e-03
  1.292100000e-02
  -8.031600000e-01 4.179400000e-01 3.994100000e-01
  4.225000000e-01 9.194600000e-01 -5.051200000e-02
  2.302300000e-01 -1.094100000e-01 5.050900000e-01
 Node:         73
  0.1442E+03  0.1339E+03  0.4529E+03  0.0000E+00
   0.006096
  -1.685E-4
  -0.005675
  -0.001049
   7.401E-4
   0.001538
  2.137300000e-02
  4.009100000e-04
  -1.524000000e-02
  3.148100000e-02
  2.177800000e-03
  1.484000000e-02
  -8.472300000e-01 1.418600000e-02 9.057200000e-02
  -5.923100000e-02 -1.046500000e-01 -1.619200000e-01
  -1.264200000e-02 3.935200000e-01 -1.012000000e-01
 Node:         74
  0.1365E+03  0.1303E+03  0.4685E+03  0.0000E+00
   0.01096
   0.003362
  -0.001192
   8.807E-4
   0.001258
   0.003258
  3.898800000e-02
  8.883400000e-03
  -6.973000000e-03
  4.060200000e-02
  1.363300000e-02
  1.914000000e-02
  -7.948800000e-01 -3.051000000e-01 -1.028500000e-01
  -2.112500000e-01 1.755100000e-01 1.021000000e+00
  -2.644200000e-01 8.010700000e-01 -2.525000000e-01
 Node:         75
  0.1313E+03  0.1288E+03  0.4826E+03  0.0000E+00
   0.00489
   0.001396
   2.241E-4
   3.465E-4
   1.79E-4
   4.091E-4
  1.717600000e-02
  1.097400000e-03
  -9.263900000e-04
  1.725600000e-02
  5.782300000e-03
  8.134700000e-03
  -9.479400000e-01 -2.567000000e-01 -7.408500000e-02
  -1.231700000e-01 9.550700000e-02 9.786900000e-01
  -2.355500000e-01 1.003900000e+00 -1.172000000e-01
 Node:         76
  0.1514E+03  0.1307E+03  0.4536E+03  0.0000E+00
   0.004754
  -8.151E-4
  -0.006007
  -0.001312
   3.619E-4
   3.46E-4
  1.709200000e-02
  -4.468500000e-03
  -1.436100000e-02
  2.823100000e-02
  -5.793000000e-04
  1.330800000e-02
  -8.236900000e-01 3.608800000e-02 1.253300000e-01
  2.294400000e-01 -4.088800000e-02 8.322000000e-01
  -4.154300000e-02 -8.707800000e-01 -2.270600000e-02
 Node:         77
  0.1444E+03  0.1280E+03  0.4693E+03  0.0000E+00
   0.01335
   0.003386
  -0.001446
   9.853E-4
   8.882E-4
   0.001671
  4.432400000e-02
  3.118000000e-03
  -4.923900000e-03
  4.599600000e-02
  1.417300000e-02
  2.168300000e-02
  -9.669300000e-01 -2.164100000e-01 -7.286100000e-02
  -1.036500000e-01 1.336900000e-01 9.815400000e-01
  -2.063000000e-01 9.441800000e-01 -1.568700000e-01
 Node:         78
  0.1384E+03  0.1261E+03  0.4830E+03  0.0000E+00
   0.005891
   0.001886
   2.92E-4
   5.408E-4
   2.682E-4
   2.792E-4
  2.003700000e-02
  5.529400000e-04
  -9.294600000e-04
  2.026800000e-02
  6.553500000e-03
  9.554400000e-03
  -9.475700000e-01 -2.845900000e-01 -9.026900000e-02
  -1.359700000e-01 9.958800000e-02 9.463300000e-01
  -2.756600000e-01 8.156600000e-01 -1.707900000e-01
 Node:         79
  0.1555E+03  0.1255E+03  0.4542E+03  0.0000E+00
   0.002622
  -3.125E-4
  -0.01407
  -0.003077
   2.928E-4
  -0.00432
  1.751100000e-02
  -1.512900000e-02
  -4.898700000e-02
  5.827800000e-02
  -1.553500000e-02
  2.747200000e-02
  8.633600000e-01 -7.651300000e-03 -4.243600000e-01
  4.152200000e-01 -9.517900000e-02 6.260700000e-01
  -6.451200000e-02 -7.298000000e-01 -3.568100000e-02
 Node:         80
  0.1493E+03  0.1237E+03  0.4702E+03  0.0000E+00
   0.01574
   0.001641
  -0.008788
   0.002163
   9.877E-4
  -0.001531
  5.061700000e-02
  -3.889700000e-04
  -3.078900000e-02
  7.300900000e-02
  6.479600000e-03
  3.441700000e-02
  -9.738600000e-01 -2.244100000e-02 -1.362600000e-01
  -1.670700000e-01 1.829600000e-01 8.997700000e-01
  1.957900000e-02 -9.092600000e-01 1.971700000e-01
 Node:         81
  0.1433E+03  0.1217E+03  0.4837E+03  0.0000E+00
   0.006911
   0.001537
  -7.381E-4
   0.002081
   6.079E-4
   5.039E-4
  2.441700000e-02
  1.658600000e-04
  -3.820500000e-03
  2.668600000e-02
  6.920600000e-03
  1.258000000e-02
  -9.347900000e-01 -1.834700000e-01 -2.865900000e-01
  -3.315400000e-01 1.999100000e-01 8.919700000e-01
  1.239400000e-01 -9.313500000e-01 2.495800000e-01
 Node:         82
  0.1267E+03  0.1148E+03  0.4560E+03  0.3397E-02
   0.003377
  -0.002644
  -8.154E-4
  -8.537E-4
   1.247E-4
  -0.00147
  1.816000000e-02
  -4.395500000e-03
  -9.493400000e-03
  2.560100000e-02
  1.423700000e-03
  1.206800000e-02
  -8.757500000e-01 4.006400000e-01 1.403900000e-01
  -7.488000000e-02 -4.004600000e-01 6.950400000e-01
  3.081800000e-01 5.981400000e-01 4.857200000e-01
 Node:         83
  0.1234E+03  0.1129E+03  0.4718E+03  0.3397E-02
   7.75E-4
  -0.001913
  -8.307E-4
  -0.001449
   3.144E-4
   2.803E-4
  1.379900000e-02
  -9.588400000e-04
  -8.820600000e-03
  1.984500000e-02
  1.339700000e-03
  9.355100000e-03
  -6.350800000e-01 3.645000000e-01 4.635100000e-01
  1.906000000e-01 -4.296200000e-01 5.299200000e-01
  4.807700000e-01 6.528600000e-01 2.856500000e-01
 Node:         84
  0.1187E+03  0.1123E+03  0.4849E+03  0.3397E-02
   5.616E-5
  -1.672E-4
  -8.686E-5
  -3.591E-4
   1.883E-5
   4.797E-4
  4.354000000e-03
  -3.598700000e-05
  -1.253100000e-03
  5.146400000e-03
  1.021600000e-03
  2.426100000e-03
  -5.197700000e-01 1.633000000e-01 7.086000000e-01
  -2.148600000e-01 3.944800000e-01 -1.143000000e-01
  -3.783200000e-01 -3.499200000e-01 -2.416800000e-01
 Node:         85
  0.1302E+03  0.1161E+03  0.4548E+03  0.3397E-02
   0.003709
  -0.00296
  -6.082E-4
  -7.922E-4
   9.438E-5
  -0.002605
  2.049100000e-02
  -5.920100000e-03
  -1.278900000e-02
  3.051400000e-02
  5.938800000e-04
  1.438500000e-02
  -8.753900000e-01 3.683000000e-01 7.330900000e-02
  2.885200000e-01 5.610700000e-01 -2.217800000e-01
  1.311200000e-01 3.369200000e-01 7.837800000e-01
 Node:         86
  0.1252E+03  0.1138E+03  0.4701E+03  0.3397E-02
  -0.002432
  -0.001803
   0.004766
  -0.003369
   0.001047
  -4.847E-4
  2.137200000e-02
  6.231500000e-03
  -2.002200000e-02
  3.679100000e-02
  2.527200000e-03
  1.734300000e-02
  2.286400000e-02 -1.572900000e-01 -4.026600000e-02
  -1.997900000e-01 -1.027500000e-01 2.064600000e-01
  7.310600000e-01 1.068800000e-01 4.800600000e-01
 Node:         87
  0.1217E+03  0.1126E+03  0.4833E+03  0.3397E-02
   3.176E-4
  -1.42E-4
  -3.175E-5
  -6.389E-4
   7.581E-5
   6.465E-4
  6.083400000e-03
  -2.426000000e-04
  -1.076000000e-03
  6.935700000e-03
  1.588300000e-03
  3.269500000e-03
  -5.537000000e-01 1.348400000e-01 6.545700000e-01
  1.972700000e-01 -7.866700000e-01 2.988100000e-01
  7.421600000e-01 2.811400000e-01 4.375500000e-01
 Node:         88
  0.1338E+03  0.1169E+03  0.4532E+03  0.3397E-02
   0.001083
  -0.003127
   4.25E-4
  -7.963E-4
   0.001486
  -5.493E-4
  1.667100000e-02
  -4.768000000e-03
  -8.088400000e-03
  2.346600000e-02
  1.271600000e-03
  1.106200000e-02
  -7.325400000e-01 5.618600000e-01 2.649000000e-01
  1.924300000e-01 2.690600000e-01 -1.055300000e-01
  4.417400000e-02 -3.640400000e-02 4.532500000e-01
 Node:         89
  0.1270E+03  0.1150E+03  0.4684E+03  0.3397E-02
   0.002527
  -0.002335
   1.716E-4
  -0.001817
   4.964E-4
   6.206E-5
  2.151700000e-02
  -8.859200000e-04
  -7.137600000e-03
  2.628600000e-02
  4.497800000e-03
  1.239100000e-02
  -7.857800000e-01 4.094800000e-01 3.565100000e-01
  5.818000000e-02 -5.715900000e-01 6.866100000e-01
  3.987700000e-01 5.714000000e-01 5.050000000e-01
 Node:         90
  0.1248E+03  0.1132E+03  0.4822E+03  0.3397E-02
   7.694E-4
  -6.079E-4
   3.118E-4
  -4.386E-4
   2.35E-4
   1.893E-4
  6.494700000e-03
  4.276900000e-05
  -7.974200000e-04
  7.031000000e-03
  1.913400000e-03
  3.314400000e-03
  -6.926100000e-01 3.940800000e-01 3.893300000e-01
  1.639300000e-01 -4.509400000e-01 9.477200000e-01
  4.876800000e-01 6.538900000e-01 3.657900000e-01
 Node:         91
  0.1258E+03  0.1261E+03  0.4549E+03  0.3397E-02
  -0.006263
  -0.004091
   0.00549
  -0.001813
   7.196E-4
  -0.001879
  2.214800000e-02
  -5.036300000e-03
  -2.587100000e-02
  4.169000000e-02
  -2.919900000e-03
  1.965300000e-02
  -2.680200000e-01 4.654900000e-01 1.288400000e-02
  -2.477500000e-01 -2.290600000e-01 1.039600000e+00
  -6.995300000e-01 -2.101500000e-01 -2.151700000e-01
 Node:         92
  0.1209E+03  0.1233E+03  0.4725E+03  0.3397E-02
   7.189E-4
  -0.003078
   2.938E-4
  -0.002512
   3.538E-4
   1.636E-5
  1.734900000e-02
  -6.296000000e-04
  -1.312800000e-02
  2.657100000e-02
  1.197200000e-03
  1.252600000e-02
  -7.368500000e-01 4.852200000e-01 3.977700000e-01
  2.765200000e-03 -5.761100000e-01 6.938300000e-01
  6.165400000e-01 5.612700000e-01 4.782000000e-01
 Node:         93
  0.1159E+03  0.1217E+03  0.4877E+03  0.3397E-02
   8.666E-4
   8.349E-7
  -1.815E-4
  -0.001175
  -4.281E-4
   8.069E-4
  7.927700000e-03
  1.342600000e-04
  -2.870200000e-03
  9.753300000e-03
  1.730600000e-03
  4.597800000e-03
  -6.715400000e-01 -6.218600000e-02 7.407700000e-01
  3.505000000e-01 -5.846600000e-01 2.438000000e-01
  -3.668300000e-01 -5.368400000e-01 -3.997400000e-01
 Node:         94
  0.1312E+03  0.1263E+03  0.4540E+03  0.3397E-02
  -0.007929
  -0.004072
   0.006482
  -0.001463
   2.103E-4
  -0.002728
  2.398400000e-02
  -9.310000000e-03
  -2.916400000e-02
  4.661300000e-02
  -4.829900000e-03
  2.197400000e-02
  -2.552800000e-01 8.276300000e-01 2.430100000e-02
  -1.927200000e-01 -8.717400000e-02 9.535700000e-01
  -8.608100000e-01 -2.764300000e-01 -2.018500000e-01
 Node:         95
  0.1249E+03  0.1235E+03  0.4706E+03  0.3397E-02
   0.002058
  -0.002823
   0.002251
  -0.002914
   3.903E-4
  -0.002531
  2.165000000e-02
