 Group name: test
 #Fields=  17
 1) coordinates, coordinate, rectangular cartesian, #Components=3
   x.  Value index= 1, #Derivatives=0
   y.  Value index= 2, #Derivatives=0
   z.  Value index= 3, #Derivatives=0
 2) dummy, field, rectangular cartesian, #Components=1
   Tensor_1.  Value index= 4, #Derivatives=0
 3) Tensor_1, field, rectangular cartesian, #Components=1
   Tensor_1.  Value index= 5, #Derivatives=0
 4) Tensor_2, field, rectangular cartesian, #Components=1
   Tensor_2.  Value index= 6, #Derivatives=0
 5) Tensor_3, field, rectangular cartesian, #Components=1
   Tensor_3.  Value index= 7, #Derivatives=0
 6) Tensor_4, field, rectangular cartesian, #Components=1
   Tensor_4.  Value index= 8, #Derivatives=0
 7) Tensor_5, field, rectangular cartesian, #Components=1
   Tensor_5.  Value index= 9, #Derivatives=0
 8) Tensor_6, field, rectangular cartesian, #Components=1
   Tensor_6.  Value index= 10, #Derivatives=0
 9) Principal_1, field, rectangular cartesian, #Components=1
   Principal_1.  Value index= 11, #Derivatives=0
 10) Principal_2, field, rectangular cartesian, #Components=1
   Principal_2.  Value index= 12, #Derivatives=0
 11) Principal_3, field, rectangular cartesian, #Components=1
   Principal_3.  Value index= 13, #Derivatives=0
 12) VonMises, field, rectangular cartesian, #Components=1
   VonMises.  Value index= 14, #Derivatives=0
 13) Hydrostatic, field, rectangular cartesian, #Components=1
   VonMises.  Value index= 15, #Derivatives=0
 14) Octahedral, field, rectangular cartesian, #Components=1
   VonMises.  Value index= 16, #Derivatives=0
 15) PrincipalVector1, field, rectangular cartesian, #Components=3
   x.  Value index= 17, #Derivatives=0
   y.  Value index= 18, #Derivatives=0
   z.  Value index= 19, #Derivatives=0
 16) PrincipalVector2, field, rectangular cartesian, #Components=3
   x.  Value index= 20, #Derivatives=0
   y.  Value index= 21, #Derivatives=0
   z.  Value index= 22, #Derivatives=0
 17) PrincipalVector3, field, rectangular cartesian, #Components=3
   x.  Value index= 23, #Derivatives=0
   y.  Value index= 24, #Derivatives=0
   z.  Value index= 25, #Derivatives=0
 Node:          1
  0.1287E+03  0.1133E+03  0.4908E+03 -0.1602E-05
  -1.11E-16
  -8.327E-17
  -2.22E-16
  -2.776E-17
  -4.163E-17
  -3.331E-16
  -6.637000000e-17
  -2.400000000e-16
  -3.598000000e-16
  2.555400000e-16
  -2.220600000e-16
  1.204600000e-16
  8.837000000e-01 -4.676000000e-01 -1.897000000e-02
  4.046000000e-01 7.837000000e-01 -4.712000000e-01
  2.352000000e-01 4.088000000e-01 8.818000000e-01
 Node:          2
  0.1292E+03  0.1137E+03  0.5052E+03 -0.1602E-05
  -5.551E-17
  -1.11E-16
  -1.665E-16
  -5.551E-17
   1.943E-16
  -2.776E-16
  8.603000000e-17
  -1.600000000e-16
  -4.256000000e-16
  4.431900000e-16
  -1.665200000e-16
  2.089200000e-16
  -6.554000000e-01 6.199000000e-01 4.313000000e-01
  7.522000000e-01 4.849000000e-01 4.462000000e-01
  -6.744000000e-02 -6.169000000e-01 7.841000000e-01
 Node:          3
  0.1289E+03  0.1155E+03  0.5194E+03 -0.1602E-05
   2.22E-16
   1.388E-16
   3.331E-16
   1.11E-16
   5.551E-17
   2.22E-16
  4.753000000e-16
  2.118000000e-16
  9.006000000e-17
  3.410700000e-16
  2.590500000e-16
  1.607800000e-16
  -5.696000000e-01 -7.144000000e-01 -4.063000000e-01
  2.395000000e-01 -6.172000000e-01 7.494000000e-01
  -7.862000000e-01 3.296000000e-01 5.227000000e-01
 Node:          4
  0.1361E+03  0.1141E+03  0.4915E+03 -0.1602E-05
   0.0
  -2.776E-17
  -1.11E-16
  -2.776E-17
  -8.327E-17
   2.22E-16
  2.435000000e-16
  6.328000000e-18
  -1.388000000e-16
  3.342600000e-16
  3.700900000e-17
  1.575700000e-16
  -8.549000000e-02 -2.215000000e-01 9.714000000e-01
  9.681000000e-01 -2.491000000e-01 2.840000000e-02
  2.357000000e-01 9.428000000e-01 2.357000000e-01
 Node:          5
  0.1341E+03  0.1144E+03  0.5054E+03 -0.1602E-05
   3.331E-16
   1.388E-16
   3.331E-16
   5.551E-17
  -6.939E-17
   4.441E-16
  4.814000000e-16
  4.627000000e-16
  1.662000000e-16
  3.062800000e-16
  3.701000000e-16
  1.443800000e-16
  -3.480000000e-01 -6.443000000e-01 6.810000000e-01
  -6.589000000e-01 -3.487000000e-01 -6.665000000e-01
  6.669000000e-01 -6.807000000e-01 -3.032000000e-01
 Node:          6
  0.1323E+03  0.1162E+03  0.5191E+03 -0.1602E-05
   2.22E-16
   5.551E-17
   2.22E-16
  -5.551E-17
  -2.776E-17
   0.0
  2.897000000e-16
  1.685000000e-16
  -1.402000000e-17
  2.648100000e-16
  1.480600000e-16
  1.248300000e-16
  -7.150000000e-01 -6.696000000e-01 2.012000000e-01
  6.656000000e-01 -7.399000000e-01 -9.741000000e-02
  -2.141000000e-01 -6.426000000e-02 -9.747000000e-01
 Node:          7
  0.1408E+03  0.1171E+03  0.4920E+03 -0.1602E-05
   3.331E-16
   2.22E-16
   2.22E-16
  -8.327E-17
  -1.11E-16
   0.0
  5.398000000e-16
  6.158000000e-17
  -4.631000000e-17
  5.403100000e-16
  1.850200000e-16
  2.547000000e-16
  -7.537000000e-01 -6.111000000e-01 2.419000000e-01
  -6.560000000e-01 6.770000000e-01 -3.335000000e-01
  -4.004000000e-02 4.101000000e-01 9.112000000e-01
 Node:          8
  0.1367E+03  0.1169E+03  0.5055E+03 -0.1602E-05
   2.22E-16
   1.943E-16
   2.22E-16
  -4.025E-16
  -2.359E-16
  -2.22E-16
  6.547000000e-16
  4.477000000e-17
  -4.775000000e-16
  9.814900000e-16
  7.399000000e-17
  4.626800000e-16
  -6.847000000e-01 -5.611000000e-01 4.652000000e-01
  5.685000000e-01 -8.105000000e-01 -1.409000000e-01
  -4.561000000e-01 -1.681000000e-01 -8.739000000e-01
 Node:          9
  0.1339E+03  0.1180E+03  0.5191E+03 -0.1602E-05
   2.22E-16
   1.665E-16
   0.0
  -3.955E-16
  -2.776E-16
   6.661E-16
  1.002000000e-15
  -9.379000000e-18
  -1.046000000e-16
  1.062200000e-15
  2.960100000e-16
  5.007200000e-16
  -4.817000000e-01 -3.073000000e-01 8.207000000e-01
  -8.565000000e-01 -3.292000000e-02 -5.150000000e-01
  -1.853000000e-01 9.510000000e-01 2.474000000e-01
 Node:         10
  0.1294E+03  0.1212E+03  0.4911E+03 -0.1602E-05
   0.0
   2.776E-17
   1.11E-16
  -1.388E-17
   1.249E-16
   1.11E-16
  2.363000000e-16
  2.303000000e-17
  -3.732000000e-17
  2.489900000e-16
  7.400300000e-17
  1.173800000e-16
  4.210000000e-02 7.100000000e-01 7.030000000e-01
  -7.813000000e-01 -4.152000000e-01 4.661000000e-01
  -6.228000000e-01 5.688000000e-01 -5.372000000e-01
 Node:         11
  0.1295E+03  0.1214E+03  0.5055E+03 -0.1602E-05
  -2.22E-16
  -2.776E-17
  -2.22E-16
  -4.163E-17
   1.388E-17
  -1.665E-16
  -1.365000000e-16
  -2.183000000e-16
  -2.558000000e-16
  1.056600000e-16
  -2.035300000e-16
  4.981100000e-17
  -4.935000000e-01 2.929000000e-01 8.189000000e-01
  3.541000000e-01 -7.924000000e-01 4.968000000e-01
  -7.944000000e-01 -5.351000000e-01 -2.873000000e-01
 Node:         12
  0.1295E+03  0.1217E+03  0.5196E+03 -0.1602E-05
   1.11E-16
   0.0
   1.11E-16
   7.633E-17
   2.776E-17
   2.22E-16
  2.649000000e-16
  1.110000000e-16
  6.816000000e-17
  1.792000000e-16
  1.480200000e-16
  8.447700000e-17
  -4.387000000e-01 -1.595000000e-01 -8.844000000e-01
  3.417000000e-01 -9.398000000e-01 -2.255000000e-17
  8.311000000e-01 3.022000000e-01 -4.668000000e-01
 Node:         13
  0.1361E+03  0.1199E+03  0.4914E+03 -0.1602E-05
   1.11E-16
  -1.388E-16
   0.0
  -9.714E-17
   2.776E-17
  -1.665E-16
  2.285000000e-16
  -8.520000000e-17
  -1.988000000e-16
  3.833400000e-16
  -1.850000000e-17
  1.807100000e-16
  8.171000000e-01 -5.252000000e-01 -2.378000000e-01
  4.648000000e-01 8.442000000e-01 -2.671000000e-01
  3.410000000e-01 1.077000000e-01 9.339000000e-01
 Node:         14
  0.1342E+03  0.1198E+03  0.5054E+03 -0.1602E-05
  -5.551E-17
   2.776E-17
   0.0
   5.551E-17
  -9.021E-17
   1.11E-16
  1.672000000e-16
  -4.940000000e-18
  -1.068000000e-16
  2.398800000e-16
  1.848700000e-17
  1.130800000e-16
  1.634000000e-01 -4.472000000e-01 8.794000000e-01
  -6.569000000e-01 -7.144000000e-01 -2.412000000e-01
  -7.361000000e-01 5.382000000e-01 4.105000000e-01
 Node:         15
  0.1330E+03  0.1205E+03  0.5193E+03 -0.1602E-05
   2.22E-16
  -8.327E-17
  -5.551E-17
   1.388E-17
   4.857E-17
   0.0
  2.451000000e-16
  2.471000000e-17
  -1.033000000e-16
  3.052400000e-16
  5.550300000e-17
  1.438900000e-16
  -9.638000000e-01 2.667000000e-01 -1.723000000e-03
  1.157000000e-01 4.239000000e-01 8.983000000e-01
  2.403000000e-01 8.656000000e-01 -4.394000000e-01
 Node:         16
  0.1404E+03  0.1188E+03  0.4918E+03 -0.1602E-05
   2.22E-16
   5.551E-17
   2.22E-16
  -8.327E-17
  -1.457E-16
   4.441E-16
  5.466000000e-16
  1.950000000e-16
  1.465000000e-16
  3.781900000e-16
  2.960300000e-16
  1.782800000e-16
  -2.927000000e-01 -4.328000000e-01 8.526000000e-01
  -9.222000000e-01 -1.077000000e-01 -3.713000000e-01
  -2.526000000e-01 8.950000000e-01 3.676000000e-01
 Node:         17
  0.1365E+03  0.1184E+03  0.5055E+03 -0.1602E-05
  -1.11E-16
   2.776E-17
  -1.11E-16
   9.714E-17
   1.7E-16
   0.0
  1.573000000e-16
  -1.341000000e-16
  -2.452000000e-16
  3.600400000e-16
  -7.400000000e-17
  1.697300000e-16
  3.368000000e-01 5.285000000e-01 7.792000000e-01
  8.927000000e-01 -4.425000000e-01 -8.566000000e-02
  -2.996000000e-01 -7.244000000e-01 6.209000000e-01
 Node:         18
  0.1341E+03  0.1191E+03  0.5192E+03 -0.1602E-05
   0.0
   0.0
   0.0
   2.645E-17
   1.065E-16
   4.441E-16
  4.697000000e-16
  -1.672000000e-33
  -2.562000000e-17
  4.830200000e-16
  1.480300000e-16
  2.277000000e-16
  -5.484000000e-02 -2.207000000e-01 -9.738000000e-01
  9.705000000e-01 -2.411000000e-01 -6.210000000e-17
  -2.348000000e-01 -9.451000000e-01 2.274000000e-01
 Node:         19
  0.1301E+03  0.1291E+03  0.4914E+03  0.0000E+00
   1.11E-16
   0.0
   1.11E-16
   2.101E-19
   1.001E-17
  -2.22E-16
  1.113000000e-16
  1.110000000e-16
  -2.223000000e-16
  3.334500000e-16
  0.000000000e+00
  1.571900000e-16
  -2.096000000e-02 -9.993000000e-01 -3.003000000e-02
  9.998000000e-01 -2.097000000e-02 1.345000000e-19
  6.298000000e-04 3.003000000e-02 -9.995000000e-01
 Node:         20
  0.1299E+03  0.1291E+03  0.5058E+03  0.0000E+00
   2.22E-16
   0.0
   0.0
   1.041E-17
   1.924E-17
  -5.551E-17
  2.224000000e-16
  5.975000000e-18
  -6.188000000e-17
  2.571600000e-16
  5.549800000e-17
  1.212200000e-16
  -9.993000000e-01 -3.257000000e-03 -3.765000000e-02
  1.428000000e-02 -9.549000000e-01 -2.965000000e-01
  -3.498000000e-02 -2.968000000e-01 9.543000000e-01
 Node:         21
  0.1301E+03  0.1280E+03  0.5197E+03  0.0000E+00
   1.11E-16
   0.0
   0.0
   4.163E-17
   1.475E-17
   1.11E-16
  1.534000000e-16
  7.089000000e-17
  -2.220000000e-18
  1.348500000e-16
  7.402300000e-17
  6.357000000e-17
  -6.994000000e-01 -6.840000000e-02 -7.114000000e-01
  -7.126000000e-01 1.429000000e-01 6.869000000e-01
  -5.465000000e-02 -9.874000000e-01 1.487000000e-01
 Node:         22
  0.1360E+03  0.1256E+03  0.4913E+03  0.0000E+00
  -2.22E-16
   1.388E-17
  -1.11E-16
  -1.388E-17
   1.006E-16
   1.11E-16
  1.500000000e-16
  -1.456000000e-16
  -2.264000000e-16
  3.432100000e-16
  -7.400000000e-17
  1.617900000e-16
  -2.144000000e-02 3.586000000e-01 9.332000000e-01
  2.280000000e-01 9.106000000e-01 -3.447000000e-01
  -9.734000000e-01 2.054000000e-01 -1.013000000e-01
 Node:         23
  0.1343E+03  0.1253E+03  0.5054E+03  0.0000E+00
   0.0
   2.082E-17
  -4.441E-16
   0.0
   1.314E-16
  -1.665E-16
  1.265000000e-18
  -1.147000000e-16
  -4.972000000e-16
  4.517900000e-16
  -2.035500000e-16
  2.129700000e-16
  9.970000000e-01 6.061000000e-02 4.746000000e-02
  6.644000000e-02 -3.661000000e-01 -9.282000000e-01
  3.888000000e-02 -9.286000000e-01 3.690000000e-01
 Node:         24
  0.1336E+03  0.1248E+03  0.5194E+03  0.0000E+00
  -2.22E-16
   1.214E-17
   0.0
   1.388E-17
   8.674E-19
  -1.665E-16
  6.779000000e-19
  -1.633000000e-16
  -2.259000000e-16
  2.026600000e-16
  -1.295100000e-16
  9.553700000e-17
  -5.504000000e-02 -9.984000000e-01 -9.747000000e-03
  2.257000000e-01 -2.195000000e-02 9.740000000e-01
  -9.726000000e-01 5.141000000e-02 2.265000000e-01
 Node:         25
  0.1400E+03  0.1206E+03  0.4917E+03  0.0000E+00
   0.0
   2.671E-16
  -1.11E-16
  -8.327E-17
  -1.301E-16
   2.22E-16
  3.681000000e-16
  7.580000000e-17
  -3.329000000e-16
  6.098700000e-16
  3.700000000e-17
  2.874900000e-16
  5.089000000e-01 4.781000000e-01 -7.159000000e-01
  6.086000000e-01 3.883000000e-01 6.920000000e-01
  6.088000000e-01 -7.878000000e-01 -9.334000000e-02
 Node:         26
  0.1363E+03  0.1200E+03  0.5055E+03  0.0000E+00
   2.22E-16
   1.076E-16
  -6.106E-16
   2.776E-17
  -1.124E-15
  -5.551E-17
  8.281000000e-16
  2.248000000e-16
  -1.497000000e-15
  2.089800000e-15
  -1.480300000e-16
  9.851500000e-16
  7.371000000e-02 6.174000000e-01 -7.832000000e-01
  9.955000000e-01 1.018000000e-03 9.449000000e-02
  -5.914000000e-02 7.866000000e-01 6.146000000e-01
 Node:         27
  0.1343E+03  0.1203E+03  0.5192E+03  0.0000E+00
   2.22E-16
  -1.943E-16
   2.22E-16
  -1.041E-16
   1.313E-15
   0.0
  1.466000000e-15
  1.875000000e-16
  -1.209000000e-15
  2.317400000e-15
  1.481700000e-16
  1.092400000e-15
  -1.693000000e-01 7.280000000e-01 6.643000000e-01
  9.848000000e-01 9.849000000e-02 1.431000000e-01
  3.876000000e-02 6.785000000e-01 -7.336000000e-01
 Node:         28
  0.1155E+03  0.1124E+03  0.4931E+03 -0.9469E-05
  -2.22E-16
   3.816E-17
   2.22E-16
  -5.551E-17
   5.551E-17
   1.11E-16
  2.455000000e-16
  1.014000000e-16
  -2.359000000e-16
  4.279500000e-16
  3.700000000e-17
  2.017400000e-16
  3.184000000e-02 9.284000000e-01 3.701000000e-01
  1.988000000e-01 3.571000000e-01 -9.127000000e-01
  9.795000000e-01 -1.026000000e-01 1.732000000e-01
 Node:         29
  0.1119E+03  0.1139E+03  0.5068E+03 -0.9469E-05
  -2.22E-16
  -2.082E-17
   0.0
   5.551E-17
   6.939E-18
  -3.331E-16
  1.944000000e-18
  -2.004000000e-16
  -3.566000000e-16
  3.113600000e-16
  -1.850200000e-16
  1.467800000e-16
  -9.118000000e-02 9.958000000e-01 5.517000000e-03
  -9.179000000e-01 -8.189000000e-02 -3.884000000e-01
  -3.863000000e-01 -4.048000000e-02 9.215000000e-01
 Node:         30
  0.1113E+03  0.1159E+03  0.5206E+03 -0.9469E-05
   2.22E-16
   1.249E-16
   2.22E-16
   0.0
  -2.776E-17
   1.11E-16
  3.486000000e-16
  1.238000000e-16
  8.277000000e-17
  2.478800000e-16
  1.850600000e-16
  1.168500000e-16
  -7.001000000e-01 -7.092000000e-01 8.287000000e-02
  -4.685000000e-01 3.686000000e-01 -8.029000000e-01
  -5.389000000e-01 6.009000000e-01 5.903000000e-01
 Node:         31
  0.1203E+03  0.1126E+03  0.4920E+03 -0.9469E-05
  -5.551E-17
   9.714E-17
  -1.11E-16
   2.776E-17
   4.163E-17
  -5.551E-17
  4.114000000e-17
  -7.661000000e-17
  -1.866000000e-16
  1.972700000e-16
  -7.402300000e-17
  9.299200000e-17
  -6.956000000e-01 -5.654000000e-01 -4.433000000e-01
  4.358000000e-01 1.585000000e-01 -8.860000000e-01
  5.712000000e-01 -8.095000000e-01 1.362000000e-01
 Node:         32
  0.1188E+03  0.1134E+03  0.5062E+03 -0.9469E-05
   2.22E-16
  -1.388E-17
  -1.11E-16
  -2.776E-17
   9.714E-17
  -5.551E-17
  2.266000000e-16
  1.331000000e-17
  -1.844000000e-16
  3.560200000e-16
  1.850300000e-17
  1.678300000e-16
  -9.894000000e-01 7.624000000e-02 1.236000000e-01
  1.445000000e-01 5.992000000e-01 7.875000000e-01
  1.402000000e-02 -7.970000000e-01 6.038000000e-01
 Node:         33
  0.1183E+03  0.1150E+03  0.5201E+03 -0.9469E-05
   1.11E-16
   5.551E-17
   0.0
   8.327E-17
   0.0
   0.0
  1.700000000e-16
  0.000000000e+00
  -5.893000000e-17
  2.058900000e-16
  3.702300000e-17
  9.705800000e-17
  -8.617000000e-01 -2.815000000e-01 -4.222000000e-01
  0.000000000e+00 -8.321000000e-01 5.547000000e-01
  -5.074000000e-01 4.780000000e-01 7.170000000e-01
 Node:         34
  0.1255E+03  0.1129E+03  0.4909E+03 -0.9469E-05
   0.0
   0.0
   0.0
   5.551E-17
   9.714E-17
   0.0
  1.119000000e-16
  3.387000000e-33
  -1.119000000e-16
  1.938200000e-16
  0.000000000e+00
  9.136600000e-17
  -3.508000000e-01 -6.139000000e-01 -7.071000000e-01
  8.682000000e-01 -4.961000000e-01 -4.855000000e-17
  -3.508000000e-01 -6.139000000e-01 7.071000000e-01
 Node:         35
  0.1260E+03  0.1135E+03  0.5054E+03 -0.9469E-05
   0.0
   1.11E-16
  -1.11E-16
   1.11E-16
   2.498E-16
  -1.11E-16
  2.410000000e-16
  -1.023000000e-16
  -3.608000000e-16
  5.229000000e-16
  -7.403300000e-17
  2.465000000e-16
  5.458000000e-01 5.925000000e-01 5.925000000e-01
  8.379000000e-01 -3.859000000e-01 -3.859000000e-01
  -4.975000000e-17 -7.071000000e-01 7.071000000e-01
 Node:         36
  0.1257E+03  0.1153E+03  0.5196E+03 -0.9469E-05
   0.0
  -5.551E-17
   0.0
  -5.551E-17
   8.327E-17
   0.0
  1.305000000e-16
  -4.723000000e-17
  -8.327000000e-17
  1.982200000e-16
  0.000000000e+00
  9.344300000e-17
  -5.155000000e-01 6.059000000e-01 6.059000000e-01
  8.569000000e-01 3.645000000e-01 3.645000000e-01
  -1.256000000e-16 7.071000000e-01 -7.071000000e-01
 Node:         37
  0.1132E+03  0.1210E+03  0.4959E+03 -0.9469E-05
  -2.22E-16
   1.388E-16
  -2.22E-16
  -8.327E-17
   1.804E-16
  -2.776E-16
  -4.482000000e-17
  -1.622000000e-16
  -5.146000000e-16
  4.234700000e-16
  -2.405400000e-16
  1.996300000e-16
  3.971000000e-01 7.887000000e-01 4.693000000e-01
  -7.874000000e-01 3.010000000e-02 6.157000000e-01
  4.715000000e-01 -6.140000000e-01 6.330000000e-01
 Node:         38
  0.1111E+03  0.1204E+03  0.5085E+03 -0.9469E-05
  -1.665E-16
   9.714E-17
   0.0
  -2.776E-17
  -8.327E-17
  -2.22E-16
  7.071000000e-17
  -2.091000000e-16
  -2.502000000e-16
  3.024600000e-16
  -1.295300000e-16
  1.425800000e-16
  -3.916000000e-01 -8.746000000e-01 2.859000000e-01
  9.154000000e-01 -3.389000000e-01 2.170000000e-01
  9.287000000e-02 -3.467000000e-01 -9.334000000e-01
 Node:         39
  0.1119E+03  0.1201E+03  0.5207E+03 -0.9469E-05
  -5.551E-17
  -9.714E-17
  -3.331E-16
  -8.327E-17
  -7.633E-17
  -1.11E-16
  8.934000000e-18
  -1.105000000e-16
  -3.981000000e-16
  3.623900000e-16
  -1.665600000e-16
  1.708300000e-16
  8.510000000e-01 -1.281000000e-01 -5.092000000e-01
  4.076000000e-01 -4.503000000e-01 7.944000000e-01
  -3.311000000e-01 -8.836000000e-01 -3.310000000e-01
 Node:         40
  0.1191E+03  0.1220E+03  0.4937E+03 -0.9469E-05
   0.0
   8.327E-17
  -2.22E-16
   8.327E-17
  -1.388E-17
  -2.22E-16
  4.872000000e-17
  -2.082000000e-16
  -2.846000000e-16
  3.024500000e-16
  -1.480300000e-16
  1.425700000e-16
  -9.240000000e-01 -2.703000000e-01 -2.703000000e-01
  0.000000000e+00 -7.071000000e-01 7.071000000e-01
  3.823000000e-01 -6.534000000e-01 -6.534000000e-01
 Node:         41
  0.1182E+03  0.1217E+03  0.5073E+03 -0.9469E-05
   0.0
  -2.776E-17
  -5.551E-17
   5.551E-17
   9.714E-17
   1.11E-16
  1.653000000e-16
  1.073000000e-17
  -1.206000000e-16
  2.478700000e-16
  1.847700000e-17
  1.168500000e-16
  2.406000000e-01 3.653000000e-01 8.993000000e-01
  -8.901000000e-01 4.526000000e-01 5.428000000e-02
  -3.871000000e-01 -8.135000000e-01 4.340000000e-01
 Node:         42
  0.1187E+03  0.1212E+03  0.5204E+03 -0.9469E-05
   0.0
  -5.551E-17
  -1.11E-16
   0.0
   5.551E-17
   1.11E-16
  1.256000000e-16
  1.887000000e-17
  -1.444000000e-16
  2.355300000e-16
  2.333300000e-20
  1.110300000e-16
  1.113000000e-01 -2.517000000e-01 -9.614000000e-01
  9.295000000e-01 -3.159000000e-01 1.903000000e-01
  -3.516000000e-01 -9.148000000e-01 1.988000000e-01
 Node:         43
  0.1258E+03  0.1217E+03  0.4915E+03 -0.9469E-05
   2.22E-16
   1.11E-16
   1.11E-16
  -1.388E-17
   0.0
  -5.551E-17
  2.911000000e-16
  4.294000000e-17
  -5.645000000e-17
  3.100400000e-16
  9.253000000e-17
  1.461600000e-16
  -8.507000000e-01 -5.246000000e-01 3.406000000e-02
  -5.213000000e-01 8.502000000e-01 7.348000000e-02
  6.751000000e-02 -4.475000000e-02 9.967000000e-01
 Node:         44
  0.1259E+03  0.1220E+03  0.5059E+03 -0.9469E-05
  -2.22E-16
   1.388E-16
  -2.22E-16
   9.714E-17
   1.11E-16
  -1.11E-16
  5.081000000e-17
  -2.445000000e-16
  -3.614000000e-16
  3.679600000e-16
  -1.850300000e-16
  1.734600000e-16
  -5.113000000e-01 -5.340000000e-01 -6.733000000e-01
  -5.198000000e-01 -4.318000000e-01 7.372000000e-01
  -6.844000000e-01 7.269000000e-01 -5.679000000e-02
 Node:         45
  0.1261E+03  0.1221E+03  0.5198E+03 -0.9469E-05
  -5.551E-17
  -8.327E-17
  -2.776E-16
   2.776E-17
  -6.939E-18
   1.11E-16
  1.167000000e-16
  -3.339000000e-17
  -3.053000000e-16
  3.705000000e-16
  -7.399700000e-17
  1.746600000e-16
  1.854000000e-01 -5.643000000e-02 9.810000000e-01
  9.302000000e-01 -3.117000000e-01 -1.938000000e-01
  -3.167000000e-01 -9.485000000e-01 5.308000000e-03
 Node:         46
  0.1117E+03  0.1296E+03  0.4959E+03  0.0000E+00
  -5.551E-17
   2.776E-17
  -1.665E-16
   6.939E-18
  -2.602E-17
   0.0
  4.101000000e-18
  -4.897000000e-17
  -1.772000000e-16
  1.614500000e-16
  -7.402300000e-17
  7.610600000e-17
  4.856000000e-02 -1.429000000e-01 9.886000000e-01
  9.724000000e-01 2.327000000e-01 -1.414000000e-02
  -2.280000000e-01 9.620000000e-01 1.502000000e-01
 Node:         47
  0.1107E+03  0.1269E+03  0.5087E+03  0.0000E+00
  -1.665E-16
  -3.123E-17
   1.11E-16
  -2.776E-17
   3.99E-17
   0.0
  1.289000000e-16
  -1.114000000e-17
  -1.732000000e-16
  2.618600000e-16
  -1.848000000e-17
  1.234400000e-16
  -1.292000000e-01 9.390000000e-01 3.186000000e-01
  -1.008000000e-01 -3.321000000e-01 9.379000000e-01
  -9.865000000e-01 -8.906000000e-02 -1.376000000e-01
 Node:         48
  0.1125E+03  0.1242E+03  0.5208E+03  0.0000E+00
   1.11E-16
   3.469E-18
   1.11E-16
   0.0
  -1.735E-18
   1.11E-16
  1.149000000e-16
  1.110000000e-16
  1.071000000e-16
  6.755000000e-18
  1.110000000e-16
  3.184300000e-18
  -6.325000000e-01 -7.071000000e-01 3.162000000e-01
  4.472000000e-01 -4.455000000e-15 8.944000000e-01
  -6.325000000e-01 7.071000000e-01 3.162000000e-01
 Node:         49
  0.1186E+03  0.1311E+03  0.4938E+03  0.0000E+00
  -1.665E-16
  -2.082E-17
   0.0
  -4.163E-17
  -6.072E-18
  -5.551E-17
  2.581000000e-18
  -4.165000000e-17
  -1.830000000e-16
  1.678900000e-16
  -7.402300000e-17
  7.914600000e-17
  1.174000000e-01 -9.929000000e-01 1.965000000e-02
  -3.135000000e-01 -1.827000000e-02 9.494000000e-01
  -9.423000000e-01 -1.176000000e-01 -3.134000000e-01
 Node:         50
  0.1180E+03  0.1298E+03  0.5075E+03  0.0000E+00
   0.0
  -1.301E-17
   3.331E-16
  -4.163E-17
   1.247E-17
   2.22E-16
  3.354000000e-16
  2.276000000e-16
  -7.879000000e-18
  3.040700000e-16
  1.850400000e-16
  1.433400000e-16
  5.441000000e-02 -9.902000000e-01 -1.289000000e-01
  -1.707000000e-01 -1.364000000e-01 9.758000000e-01
  9.838000000e-01 3.109000000e-02 1.765000000e-01
 Node:         51
  0.1192E+03  0.1275E+03  0.5206E+03  0.0000E+00
   0.0
  -3.469E-18
  -5.551E-17
   0.0
   1.475E-17
   1.11E-16
  1.123000000e-16
  2.087000000e-19
  -5.702000000e-17
  1.491800000e-16
  1.849600000e-17
  7.032400000e-17
  -2.705000000e-03 8.758000000e-02 9.962000000e-01
  9.982000000e-01 -6.004000000e-02 7.989000000e-03
  -6.051000000e-02 -9.943000000e-01 8.725000000e-02
 Node:         52
  0.1262E+03  0.1305E+03  0.4920E+03  0.0000E+00
   1.11E-16
  -1.388E-17
   1.11E-16
   1.301E-18
   4.906E-18
   0.0
  1.250000000e-16
  9.734000000e-17
  -2.497000000e-19
  1.139700000e-16
  7.403000000e-17
  5.372400000e-17
  -7.047000000e-01 7.092000000e-01 2.051000000e-02
  7.093000000e-01 7.034000000e-01 4.493000000e-02
  -1.744000000e-02 -4.621000000e-02 9.988000000e-01
 Node:         53
  0.1258E+03  0.1304E+03  0.5063E+03  0.0000E+00
  -1.665E-16
  -1.735E-18
  -1.11E-16
   2.776E-17
   3.383E-17
  -2.22E-16
  -1.010000000e-16
  -1.572000000e-16
  -2.414000000e-16
  1.223900000e-16
  -1.665300000e-16
  5.769700000e-17
  9.684000000e-02 9.526000000e-01 2.883000000e-01
  -9.346000000e-01 1.866000000e-01 -3.027000000e-01
  -3.422000000e-01 -2.402000000e-01 9.084000000e-01
 Node:         54
  0.1265E+03  0.1288E+03  0.5200E+03  0.0000E+00
  -2.22E-16
   2.082E-17
   1.11E-16
   0.0
  -4.337E-18
   1.11E-16
  1.160000000e-16
  1.073000000e-16
  -2.233000000e-16
  3.350300000e-16
  0.000000000e+00
  1.579400000e-16
  -4.656000000e-02 -7.562000000e-01 6.527000000e-01
  -4.117000000e-02 -6.514000000e-01 -7.576000000e-01
  -9.981000000e-01 6.215000000e-02 8.061000000e-04
 Node:         55
  0.1382E+03  0.1168E+03  0.4536E+03  0.8171E-02
  -0.08003
  -0.02276
   0.08934
   3.452E-4
   0.04043
   0.03062
  7.098000000e-02
  4.329100000e-03
  -5.283100000e-02
  1.088500000e-01
  7.492700000e-03
  5.131400000e-02
  -9.973000000e-02 -3.037700000e-01 -1.632600000e-01
  2.395900000e-01 -3.556600000e-01 6.784800000e-01
  -7.152600000e-01 -4.973700000e-02 -6.416000000e-02
 Node:         56
  0.1314E+03  0.1156E+03  0.4690E+03  0.8171E-02
  -0.07661
  -0.00566
   0.04655
   0.01605
   0.007776
  -0.006516
  2.920400000e-02
  -3.500400000e-03
  -5.198900000e-02
  7.187900000e-02
  -8.762000000e-03
  3.388400000e-02
  1.263300000e-01 3.218900000e-01 2.442500000e-02
  8.770900000e-02 -1.539300000e-02 -1.292600000e-01
  -6.849000000e-01 3.951400000e-03 7.637300000e-02
 Node:         57
  0.1285E+03  0.1140E+03  0.4824E+03  0.8171E-02
  -0.0166
   0.006517
   3.022E-4
   0.005792
  -0.003901
  -0.00318
  1.326700000e-03
  -9.393100000e-04
  -1.387300000e-02
  1.397500000e-02
  -4.495100000e-03
  6.587900000e-03
  -1.361800000e-01 -7.721300000e-01 3.128900000e-01
  3.717100000e-01 1.942500000e-01 6.936000000e-01
  -7.028800000e-01 3.313600000e-01 3.022000000e-01
 Node:         58
  0.1486E+03  0.1181E+03  0.4530E+03  0.8171E-02
  -0.09295
  -0.05355
   0.1583
  -0.009154
   0.03144
  -0.02906
  1.116300000e-01
  -2.426700000e-02
  -6.758500000e-02
  1.618400000e-01
  6.592900000e-03
  7.629000000e-02
  -1.669000000e-01 1.845900000e-01 2.307000000e-02
  2.954000000e-01 -1.219400000e-01 6.885900000e-01
  6.140600000e-02 1.432800000e-02 2.744300000e-02
 Node:         59
  0.1420E+03  0.1169E+03  0.4693E+03  0.8171E-02
  -0.0694
  -0.0502
   0.1107
  -0.005549
   0.02324
  -0.0272
  8.147200000e-02
  -1.935900000e-02
  -5.413800000e-02
  1.226600000e-01
  2.658300000e-03
  5.782200000e-02
  1.940600000e-01 -2.483800000e-01 -8.992300000e-02
  1.853000000e-01 -6.212300000e-02 6.768800000e-01
  2.248400000e-01 5.753800000e-02 2.431600000e-01
 Node:         60
  0.1375E+03  0.1150E+03  0.4832E+03  0.8171E-02
  -0.007843
  -0.0115
   0.01855
   2.648E-4
   0.002825
  -0.002719
  1.558200000e-02
  -1.615400000e-03
  -9.126900000e-03
  2.212700000e-02
  1.613200000e-03
  1.043100000e-02
  -1.736500000e-01 5.925300000e-01 5.478500000e-03
  -3.841900000e-02 -2.189000000e-01 6.781300000e-01
  4.277400000e-01 2.757000000e-01 -5.347800000e-02
 Node:         61
  0.1556E+03  0.1229E+03  0.4519E+03  0.8171E-02
  -0.03408
  -0.05091
   0.09818
  -0.03485
   0.03938
  -0.1318
  7.301400000e-02
  -2.862600000e-02
  -9.257700000e-02
  1.455500000e-01
  -1.606300000e-02
  6.861500000e-02
  -1.476600000e-01 6.571600000e-01 1.724500000e-01
  8.873300000e-01 4.260400000e-01 -9.351000000e-02
  2.175600000e-01 -1.572900000e-01 9.593300000e-01
 Node:         62
  0.1494E+03  0.1207E+03  0.4691E+03  0.8171E-02
   0.02536
  -0.08476
   0.1053
  -0.0293
   0.03445
  -0.09115
  1.054400000e-01
  -2.138800000e-02
  -6.117300000e-02
  1.509900000e-01
  7.627700000e-03
  7.117700000e-02
  -2.962400000e-01 3.759800000e-01 8.149000000e-02
  8.490100000e-01 6.026600000e-01 -3.603600000e-02
  8.615900000e-03 5.490100000e-02 -5.257600000e-02
 Node:         63
  0.1437E+03  0.1181E+03  0.4838E+03  0.8171E-02
   0.01906
  -0.0288
   0.03221
  -0.004581
   0.006723
  -0.01098
  3.641300000e-02
  -2.574800000e-03
  -8.224600000e-03
  4.220400000e-02
  8.537900000e-03
  1.989500000e-02
  -3.969200000e-01 4.964700000e-01 1.088700000e-01
  6.450700000e-01 4.914600000e-01 9.231500000e-02
  -1.563200000e-01 -2.520700000e-01 9.167800000e-01
 Node:         64
  0.1414E+03  0.1252E+03  0.4516E+03  0.8171E-02
  -0.08325
   0.004682
   0.1029
  -0.01952
   0.01601
  -0.03029
  6.752800000e-02
  -1.683600000e-02
  -5.890700000e-02
  1.116000000e-01
  -2.738300000e-03
  5.260800000e-02
  4.749000000e-02 2.929000000e-01 4.595100000e-02
  3.682800000e-02 9.656200000e-03 -1.371400000e-01
  1.146200000e-01 -1.136900000e-02 5.794500000e-02
 Node:         65
  0.1342E+03  0.1229E+03  0.4681E+03  0.8171E-02
  -0.04627
  -0.01562
   0.0818
  -0.01099
   0.008902
  -0.0202
  5.456100000e-02
  -1.158500000e-02
  -3.420000000e-02
  8.000600000e-02
  2.925300000e-03
  3.771500000e-02
  -3.980300000e-02 -7.380600000e-02 -1.899900000e-03
  -1.454600000e-01 -1.142000000e-02 5.467200000e-01
  1.382500000e-01 6.481600000e-02 2.633300000e-01
 Node:         66
  0.1299E+03  0.1214E+03  0.4825E+03  0.8171E-02
   0.00107
  -0.006828
   0.0151
   7.24E-4
  -4.934E-4
  -0.002788
  1.153400000e-02
  -6.770000000e-04
  -2.674700000e-03
  1.334200000e-02
  2.727400000e-03
  6.289600000e-03
  -3.388000000e-01 8.839500000e-01 -3.382700000e-02
  5.729500000e-01 2.760300000e-01 4.081300000e-02
  1.208300000e-01 2.213100000e-02 2.268300000e-01
 Node:         67
  0.1501E+03  0.1247E+03  0.4514E+03  0.8171E-02
  -0.07905
  -0.03334
   0.09626
  -0.01812
   0.01362
  -0.02324
  6.657500000e-02
  -1.816800000e-02
  -5.720600000e-02
  1.106600000e-01
  -2.933000000e-03
  5.216600000e-02
  2.447300000e-02 -8.988400000e-02 -1.647800000e-02
  3.609100000e-02 -8.178400000e-02 5.418900000e-01
  -1.588100000e-01 -2.220300000e-02 -1.393900000e-01
 Node:         68
  0.1434E+03  0.1226E+03  0.4684E+03  0.8171E-02
  -0.02419
  -0.06517
   0.09318
  -0.02466
   0.02026
  -0.01676
  8.148800000e-02
  -9.722000000e-03
  -4.052300000e-02
  1.099700000e-01
  1.041400000e-02
  5.184200000e-02
  1.185700000e-01 4.767100000e-03 -1.241800000e-02
  -2.258800000e-01 -3.022400000e-01 6.924000000e-01
  5.569400000e-01 2.005400000e-01 2.559300000e-01
 Node:         69
  0.1380E+03  0.1205E+03  0.4830E+03  0.8171E-02
   0.01123
  -0.02132
   0.02437
  -0.006407
   0.006316
  -5.519E-4
  2.704500000e-02
  -8.134300000e-04
  -4.109500000e-03
  2.965400000e-02
  7.374100000e-03
  1.397900000e-02
  -5.609200000e-01 8.034600000e-01 1.946300000e-01
  1.634400000e-01 8.782700000e-02 3.761800000e-01
  5.057700000e-01 2.907100000e-01 1.226100000e-01
 Node:         70
  0.1558E+03  0.1249E+03  0.4515E+03  0.8171E-02
  -0.06318
  -0.04067
   0.02417
  -0.04766
   0.03212
   0.02062
  5.273800000e-02
  -1.255000000e-02
  -5.601600000e-02
  9.449400000e-02
  -5.275800000e-03
  4.454500000e-02
  -2.610600000e-01 4.405900000e-01 2.477800000e-01
  -4.905500000e-02 -6.492100000e-01 5.724000000e-01
  -9.371800000e-02 -1.444900000e-02 -1.677800000e-01
 Node:         71
  0.1496E+03  0.1226E+03  0.4689E+03  0.8171E-02
   0.01535
  -0.07952
   0.06585
  -0.06934
   0.04586
   0.008372
  1.037700000e-01
  -6.544800000e-03
  -4.304900000e-02
  1.322500000e-01
  1.805700000e-02
  6.234100000e-02
  -3.187400000e-01 3.703200000e-01 2.379600000e-01
  1.880500000e-01 3.980500000e-02 3.111700000e-01
  4.980500000e-01 2.037300000e-01 2.730200000e-01
 Node:         72
  0.1435E+03  0.1199E+03  0.4837E+03  0.8171E-02
   0.02579
  -0.02978
   0.02191
  -0.01784
   0.01171
   0.003798
  3.954200000e-02
  -8.288300000e-04
  -6.220900000e-03
  4.333000000e-02
  1.083100000e-02
  2.042600000e-02
  -6.815800000e-01 6.488200000e-01 3.368100000e-01
  -2.534700000e-02 -2.934800000e-01 5.512400000e-01
  4.291200000e-01 3.886900000e-01 7.838800000e-02
 Node:         73
  0.1446E+03  0.1339E+03  0.4506E+03  0.0000E+00
   0.04566
  -0.01426
  -0.0753
   0.002554
  -0.004043
   0.05682
  3.865300000e-02
  2.869900000e-02
  -5.049300000e-02
  8.417100000e-02
  5.619800000e-03
  3.967900000e-02
  3.924700000e-01 -6.119500000e-02 6.228200000e-01
  6.378000000e-01 -2.203400000e-02 4.896700000e-01
  -7.389400000e-02 -7.279600000e-01 1.435900000e-02
 Node:         74
  0.1369E+03  0.1304E+03  0.4675E+03  0.0000E+00
   0.0987
  -0.002241
  -0.03342
   0.006945
  -0.006287
   0.04571
  6.328000000e-02
  2.865200000e-02
  -2.259700000e-02
  7.489200000e-02
  2.311200000e-02
  3.530400000e-02
  -9.455500000e-01 3.138800000e-02 -1.124300000e-01
  -6.700300000e-02 -5.944200000e-02 5.847800000e-01
  2.759700000e-02 7.337400000e-01 8.279800000e-02
 Node:         75
  0.1313E+03  0.1289E+03  0.4826E+03  0.0000E+00
   0.03807
  -8.054E-4
  -0.003438
  -0.002056
  -0.001511
   0.003536
  2.422600000e-02
  2.388600000e-03
  -2.791200000e-03
  2.487000000e-02
  7.941200000e-03
  1.172400000e-02
  -9.939800000e-01 3.809100000e-02 8.559000000e-02
  6.874300000e-02 -2.188900000e-01 9.697900000e-01
  4.264000000e-02 5.651100000e-01 1.259300000e-01
 Node:         76
  0.1515E+03  0.1315E+03  0.4504E+03  0.0000E+00
   0.04376
  -0.02336
  -0.09718
  -0.008734
   0.02234
   0.07739
  5.424200000e-02
  2.935900000e-02
  -6.831000000e-02
  1.113500000e-01
  5.097100000e-03
  5.249200000e-02
  -4.786100000e-02 5.920100000e-02 3.697700000e-01
  4.151400000e-01 -4.141000000e-02 1.005400000e-02
  -2.417000000e-02 -1.179200000e-01 3.588500000e-02
 Node:         77
  0.1447E+03  0.1284E+03  0.4678E+03  0.0000E+00
   0.1367
   0.007684
  -0.04701
   3.044E-4
   0.01723
   0.04008
  8.670700000e-02
  2.833200000e-02
  -3.315700000e-02
  1.035900000e-01
  2.729400000e-02
  4.883100000e-02
  -9.993400000e-01 -3.216900000e-02 9.548800000e-03
  1.777900000e-03 1.895000000e-01 9.808800000e-01
  -4.112600000e-02 5.910500000e-01 -1.180000000e-01
 Node:         78
  0.1385E+03  0.1261E+03  0.4829E+03  0.0000E+00
   0.05686
   0.008525
  -0.002501
  -2.775E-4
   6.671E-4
   0.002557
  3.687300000e-02
  1.536100000e-03
  -2.476500000e-03
  3.750400000e-02
  1.197800000e-02
  1.768000000e-02
  -9.914300000e-01 -1.266400000e-01 3.374900000e-02
  -4.788600000e-03 1.192100000e-01 7.942100000e-01
  -1.266700000e-01 9.637600000e-01 -1.165300000e-01
 Node:         79
  0.1559E+03  0.1269E+03  0.4511E+03  0.0000E+00
   0.03936
   0.04627
   0.01771
  -0.001521
   1.146E-4
  -0.2848
  4.788200000e-02
  -2.097700000e-02
  -1.586800000e-01
  1.847200000e-01
  -4.392400000e-02
  8.707800000e-02
  8.265900000e-01 5.375000000e-01 3.799600000e-02
  -2.112900000e-01 4.168800000e-01 -1.788600000e-01
  9.719700000e-03 2.103500000e-01 9.329100000e-01
 Node:         80
  0.1497E+03  0.1245E+03  0.4687E+03  0.0000E+00
   0.1542
   0.04333
  -5.271E-4
   0.01651
   0.001673
  -0.2306
  1.052000000e-01
  -1.355300000e-02
  -1.284100000e-01
  2.064100000e-01
  -1.225500000e-02
  9.730500000e-02
  2.292900000e-01 1.219100000e-01 1.058400000e-02
  -2.429600000e-01 1.020800000e+00 -3.266600000e-02
  -3.865100000e-02 2.472600000e-02 1.055800000e+00
 Node:         81
  0.1433E+03  0.1218E+03  0.4836E+03  0.0000E+00
   0.06334
   0.01201
  -7.216E-4
   0.007913
   0.001591
  -0.02779
  4.232400000e-02
  -2.402600000e-03
  -1.584100000e-02
  5.312000000e-02
  8.027100000e-03
  2.504100000e-02
  -9.819400000e-01 -1.864100000e-01 -6.360500000e-02
  -1.835900000e-01 1.003300000e+00 6.037800000e-02
  -6.913900000e-02 -7.058400000e-02 1.015100000e+00
 Node:         82
  0.1267E+03  0.1149E+03  0.4571E+03 -0.1906E-01
  -0.02233
  -0.01949
   0.02354
   0.002813
   0.02292
   0.00263
  2.590100000e-02
  -3.326200000e-03
  -2.014200000e-02
  4.051000000e-02
  8.107900000e-04
  1.909700000e-02
  -2.776600000e-01 8.491900000e-01 4.372300000e-01
  -6.063900000e-02 1.729900000e-01 -2.788700000e-01
  -2.434900000e-01 -3.346500000e-01 1.494800000e-01
 Node:         83
  0.1234E+03  0.1129E+03  0.4724E+03 -0.1906E-01
  -0.03528
  -0.004949
   0.008091
   0.0289
   0.009781
  -0.02283
  6.303900000e-03
  -1.610600000e-03
  -3.882800000e-02
  4.149000000e-02
  -1.137800000e-02
  1.955900000e-02
  7.443900000e-02 7.641700000e-01 1.722000000e-01
  -5.518500000e-01 2.734400000e-01 -6.825000000e-01
  -8.140400000e-01 -2.728800000e-01 5.784800000e-01
 Node:         84
  0.1187E+03  0.1123E+03  0.4849E+03 -0.1906E-01
  -0.005099
   4.426E-4
   4.27E-4
   0.01166
  -4.888E-4
  -0.02127
  -8.770000000e-05
  8.188200000e-05
  -1.772500000e-02
  1.736500000e-02
  -5.910200000e-03
  8.185800000e-03
  -5.013800000e-01 -1.293700000e-01 -3.445600000e-01
  3.333400000e-01 -5.867500000e-01 2.305600000e-01
  5.183500000e-01 3.582800000e-02 -8.119300000e-01
 Node:         85
  0.1302E+03  0.1161E+03  0.4557E+03 -0.1906E-01
  -0.02415
  -0.01859
   0.03171
   0.007176
   0.03246
   0.005813
  3.423200000e-02
  -2.820600000e-03
  -2.291900000e-02
  5.030600000e-02
  2.830700000e-03
  2.371400000e-02
  -1.842900000e-01 8.793700000e-01 5.371500000e-01
  -1.151700000e-01 2.961200000e-01 -2.328300000e-01
  2.561800000e-01 -1.084100000e-01 -5.035000000e-02
 Node:         86
  0.1252E+03  0.1138E+03  0.4708E+03 -0.1906E-01
  -0.03302
   0.01567
   0.07837
   0.05091
   0.03092
  -0.01652
  6.226700000e-02
  3.884200000e-03
  -4.912500000e-02
  9.692300000e-02
  5.675500000e-03
  4.569000000e-02
  -2.134600000e-01 -7.400100000e-01 -3.553000000e-01
  4.504600000e-01 -4.639000000e-01 6.189300000e-01
  6.722800000e-01 5.339100000e-02 -7.059200000e-01
 Node:         87
  0.1217E+03  0.1126E+03  0.4834E+03 -0.1906E-01
  -0.009069
   9.698E-5
   0.00195
   0.01424
  -0.00241
  -0.01853
  8.391500000e-04
  2.104700000e-04
  -1.871100000e-02
  1.873000000e-02
  -5.887100000e-03
  8.829600000e-03
  -3.731800000e-01 7.693000000e-01 -4.539400000e-01
  6.475800000e-01 6.520100000e-01 4.774800000e-01
  5.515100000e-01 -5.092600000e-02 -8.327100000e-01
 Node:         88
  0.1338E+03  0.1169E+03  0.4540E+03 -0.1906E-01
  -0.05743
  -0.02336
   0.02882
   0.004709
   0.04575
   0.04349
  5.220300000e-02
  -9.150900000e-04
  -4.354400000e-02
  8.280400000e-02
  2.581400000e-03
  3.903400000e-02
  -5.889600000e-02 7.054600000e-01 7.677900000e-01
  -1.421400000e-01 3.614200000e-01 -2.216400000e-01
  4.204700000e-01 9.488000000e-02 -1.803500000e-01
 Node:         89
  0.1270E+03  0.1150E+03  0.4691E+03 -0.1906E-01
  -0.06138
  -3.936E-4
   0.01466
   0.02214
   0.01239
  -0.004128
  1.206800000e-02
  -2.860800000e-03
  -4.496600000e-02
  5.085400000e-02
  -1.192000000e-02
  2.397300000e-02
  8.796500000e-02 8.154000000e-01 4.181800000e-01
  -2.349700000e-01 4.553600000e-01 -6.702600000e-01
  -9.303900000e-01 -1.224000000e-01 2.750500000e-01
 Node:         90
  0.1248E+03  0.1132E+03  0.4822E+03 -0.1906E-01
  -0.01497
   0.007754
  -0.003471
   0.007278
  -0.004035
  -0.004428
  -6.140700000e-04
  -5.010600000e-04
  -1.466400000e-02
  1.365600000e-02
  -5.259600000e-03
  6.437600000e-03
  2.107100000e-01 2.198700000e-01 3.972500000e-02
  5.238300000e-02 8.841600000e-02 8.011900000e-02
  -8.375000000e-01 3.636500000e-01 4.379500000e-01
 Node:         91
  0.1261E+03  0.1264E+03  0.4546E+03 -0.1906E-01
  -0.05977
   0.009003
   0.08534
  -0.01019
   0.03412
  -0.005141
  6.259900000e-02
  -8.496900000e-03
  -4.223900000e-02
  9.265500000e-02
  3.954500000e-03
  4.367800000e-02
  8.478200000e-02 2.221500000e-01 1.108400000e-01
  -6.302200000e-02 -8.009500000e-02 2.526500000e-01
  3.238900000e-01 1.680800000e-02 8.621200000e-02
 Node:         92
  0.1210E+03  0.1234E+03  0.4725E+03 -0.1906E-01
  -0.03999
  -0.007044
   0.03683
  -0.002975
   0.02379
   0.01619
  3.380300000e-02
  5.701900000e-04
  -2.679700000e-02
  5.259700000e-02
  2.525500000e-03
  2.479400000e-02
  7.369700000e-02 -4.457600000e-01 -3.003400000e-01
  7.082500000e-03 -3.488700000e-01 5.554200000e-01
  -6.484300000e-01 -7.580800000e-02 -2.115300000e-02
 Node:         93
  0.1159E+03  0.1217E+03  0.4877E+03 -0.1906E-01
  -0.002888
  -0.002258
   0.002076
   0.001318
   0.004279
   6.683E-5
  3.629700000e-03
  -3.352000000e-04
  -4.326500000e-03
  6.997200000e-03
  -3.440100000e-04
  3.298500000e-03
  -2.137400000e-01 1.683900000e-01 2.639200000e-01
  2.893900000e-01 -2.597200000e-01 2.892600000e-01
  2.050900000e-01 1.093300000e-01 2.313100000e-01
 Node:         94
  0.1315E+03  0.1265E+03  0.4535E+03 -0.1906E-01
  -0.07135
   0.008531
   0.09521
  -0.02179
   0.03119
   0.01217
  6.815700000e-02
  6.344400000e-03
  -5.259700000e-02
  1.045700000e-01
  7.301400000e-03
  4.929200000e-02
  9.955000000e-02 1.153100000e-01 1.331800000e-01
  1.064500000e-01 9.419700000e-02 -2.152000000e-01
  5.663500000e-01 -5.913200000e-02 1.616200000e-01
 Node:         95
  0.1251E+03  0.1236E+03  0.4706E+03 -0.1906E-01
  -0.05009
  -0.008904
   0.04949
  -0.009046
   0.01784
   0.02525
  3.821600000e-02
  1.077200000e-02
  -3.416500000e-02
  6.362200000e-02
  4.941200000e-03
