 Group name: gastroc_Strain
 #Fields=  16
 1) coordinates, coordinate, rectangular cartesian, #Components=3
   x.  Value index= 1, #Derivatives=0
   y.  Value index= 2, #Derivatives=0
   z.  Value index= 3, #Derivatives=0
 2) Tensor_1, field, rectangular cartesian, #Components=1
   Tensor_1.  Value index= 4, #Derivatives=0
 3) Tensor_2, field, rectangular cartesian, #Components=1
   Tensor_2.  Value index= 5, #Derivatives=0
 4) Tensor_3, field, rectangular cartesian, #Components=1
   Tensor_3.  Value index= 6, #Derivatives=0
 5) Tensor_4, field, rectangular cartesian, #Components=1
   Tensor_4.  Value index= 7, #Derivatives=0
 6) Tensor_5, field, rectangular cartesian, #Components=1
   Tensor_5.  Value index= 8, #Derivatives=0
 7) Tensor_6, field, rectangular cartesian, #Components=1
   Tensor_6.  Value index= 9, #Derivatives=0
 8) Principal_1, field, rectangular cartesian, #Components=1
   Principal_1.  Value index= 10, #Derivatives=0
 9) Principal_2, field, rectangular cartesian, #Components=1
   Principal_2.  Value index= 11, #Derivatives=0
 10) Principal_3, field, rectangular cartesian, #Components=1
   Principal_3.  Value index= 12, #Derivatives=0
 11) VonMises, field, rectangular cartesian, #Components=1
   VonMises.  Value index= 13, #Derivatives=0
 12) Hydrostatic, field, rectangular cartesian, #Components=1
   VonMises.  Value index= 14, #Derivatives=0
 13) Octahedral, field, rectangular cartesian, #Components=1
   VonMises.  Value index= 15, #Derivatives=0
 14) PrincipalVector1, field, rectangular cartesian, #Components=3
   x.  Value index= 16, #Derivatives=0
   y.  Value index= 17, #Derivatives=0
   z.  Value index= 18, #Derivatives=0
 15) PrincipalVector2, field, rectangular cartesian, #Components=3
   x.  Value index= 19, #Derivatives=0
   y.  Value index= 20, #Derivatives=0
   z.  Value index= 21, #Derivatives=0
 16) PrincipalVector3, field, rectangular cartesian, #Components=3
   x.  Value index= 22, #Derivatives=0
   y.  Value index= 23, #Derivatives=0
   z.  Value index= 24, #Derivatives=0
 Node:          1
  0.1287E+03  0.1133E+03  0.4908E+03 -0.1831E-05
  -1.11E-16
  -8.327E-17
  -2.22E-16
  -2.776E-17
  -4.163E-17
  -3.331E-16
   -6.637E-17
   -2.4E-16
   -3.598E-16
   2.5553921597281306E-16
   -2.2205666666666663E-16
   1.204623416489799E-16
   0.8837    -0.4676    -0.01897
   0.4046    0.7837    -0.4712
   0.2352    0.4088    0.8818
 Node:          2
  0.1292E+03  0.1137E+03  0.5052E+03 -0.1831E-05
  -5.551E-17
  -1.11E-16
  -1.665E-16
  -5.551E-17
   1.943E-16
  -2.776E-16
   8.603E-17
   -1.6E-16
   -4.256E-16
   4.4319260925696854E-16
   -1.6652333333333334E-16
   2.089229995849082E-16
   -0.6554    0.6199    0.4313
   0.7522    0.4849    0.4462
   -0.06744    -0.6169    0.7841
 Node:          3
  0.1289E+03  0.1155E+03  0.5194E+03 -0.1831E-05
   2.22E-16
   1.388E-16
   3.331E-16
   1.11E-16
   5.551E-17
   2.22E-16
   4.753E-16
   2.118E-16
   9.006E-17
   3.4107384479024473E-16
   2.590533333333333E-16
   1.6078375235770005E-16
   -0.5696    -0.7144    -0.4063
   0.2395    -0.6172    0.7494
   -0.7862    0.3296    0.5227
 Node:          4
  0.1361E+03  0.1141E+03  0.4915E+03 -0.1831E-05
   0.0
  -2.776E-17
  -1.11E-16
  -2.776E-17
  -8.327E-17
   2.22E-16
   2.435E-16
   6.328E-18
   -1.388E-16
   3.3426485304919515E-16
   3.700933333333334E-17
   1.5757396286894045E-16
   -0.08549    -0.2215    0.9714
   0.9681    -0.2491    0.0284
   0.2357    0.9428    0.2357
 Node:          5
  0.1341E+03  0.1144E+03  0.5054E+03 -0.1831E-05
   3.331E-16
   1.388E-16
   3.331E-16
   5.551E-17
  -6.939E-17
   4.441E-16
   4.814E-16
   4.627E-16
   1.662E-16
   3.062784517395894E-16
   3.7010000000000004E-16
   1.4438104677092028E-16
   -0.348    -0.6443    0.681
   -0.6589    -0.3487    -0.6665
   0.6669    -0.6807    -0.3032
 Node:          6
  0.1323E+03  0.1162E+03  0.5191E+03 -0.1831E-05
   2.22E-16
   5.551E-17
   2.22E-16
  -5.551E-17
  -2.776E-17
   0.0
   2.897E-16
   1.685E-16
   -1.402E-17
   2.648101478418076E-16
   1.4806E-16
   1.2483270084396958E-16
   -0.715    -0.6696    0.2012
   0.6656    -0.7399    -0.09741
   -0.2141    -0.06426    -0.9747
 Node:          7
  0.1408E+03  0.1171E+03  0.4920E+03 -0.1831E-05
   3.331E-16
   2.22E-16
   2.22E-16
  -8.327E-17
  -1.11E-16
   0.0
   5.398E-16
   6.158E-17
   -4.631E-17
   5.403052621435404E-16
   1.8502333333333335E-16
   2.5470234318164845E-16
   -0.7537    -0.6111    0.2419
   -0.656    0.677    -0.3335
   -0.04004    0.4101    0.9112
 Node:          8
  0.1367E+03  0.1169E+03  0.5055E+03 -0.1831E-05
   2.22E-16
   1.943E-16
   2.22E-16
  -4.025E-16
  -2.359E-16
  -2.22E-16
   6.547E-16
   4.477E-17
   -4.775E-16
   9.814930967154074E-16
   7.399000000000001E-17
   4.626802829168323E-16
   -0.6847    -0.5611    0.4652
   0.5685    -0.8105    -0.1409
   -0.4561    -0.1681    -0.8739
 Node:          9
  0.1339E+03  0.1180E+03  0.5191E+03 -0.1831E-05
   2.22E-16
   1.665E-16
   0.0
  -3.955E-16
  -2.776E-16
   6.661E-16
   1.002E-15
   -9.379E-18
   -1.046E-16
   1.062195387036208E-15
   2.96007E-16
   5.007237074122481E-16
   -0.4817    -0.3073    0.8207
   -0.8565    -0.03292    -0.515
   -0.1853    0.951    0.2474
 Node:         10
  0.1294E+03  0.1212E+03  0.4911E+03 -0.1831E-05
   0.0
   2.776E-17
   1.11E-16
  -1.388E-17
   1.249E-16
   1.11E-16
   2.363E-16
   2.303E-17
   -3.732E-17
   2.48992088026909E-16
   7.400333333333333E-17
   1.173759959370834E-16
   0.0421    0.71    0.703
   -0.7813    -0.4152    0.4661
   -0.6228    0.5688    -0.5372
 Node:         11
  0.1295E+03  0.1214E+03  0.5055E+03 -0.1831E-05
  -2.22E-16
  -2.776E-17
  -2.22E-16
  -4.163E-17
   1.388E-17
  -1.665E-16
   -1.365E-16
   -2.183E-16
   -2.558E-16
   1.0566451627675205E-16
   -2.035333333333333E-16
   4.9810730660058464E-17
   -0.4935    0.2929    0.8189
   0.3541    -0.7924    0.4968
   -0.7944    -0.5351    -0.2873
 Node:         12
  0.1295E+03  0.1217E+03  0.5196E+03 -0.1831E-05
   1.11E-16
   0.0
   1.11E-16
   7.633E-17
   2.776E-17
   2.22E-16
   2.649E-16
   1.11E-16
   6.816E-17
   1.792025435087348E-16
   1.4801999999999999E-16
   8.447688914726913E-17
   -0.4387    -0.1595    -0.8844
   0.3417    -0.9398    -2.255E-17
   0.8311    0.3022    -0.4668
 Node:         13
  0.1361E+03  0.1199E+03  0.4914E+03 -0.1831E-05
   1.11E-16
  -1.388E-16
   0.0
  -9.714E-17
   2.776E-17
  -1.665E-16
   2.285E-16
   -8.52E-17
   -1.988E-16
   3.833392361864358E-16
   -1.849999999999999E-17
   1.807078489348669E-16
   0.8171    -0.5252    -0.2378
   0.4648    0.8442    -0.2671
   0.341    0.1077    0.9339
 Node:         14
  0.1342E+03  0.1198E+03  0.5054E+03 -0.1831E-05
  -5.551E-17
   2.776E-17
   0.0
   5.551E-17
  -9.021E-17
   1.11E-16
   1.672E-16
   -4.94E-18
   -1.068E-16
   2.398787602102362E-16
   1.8486666666666665E-17
   1.130799320048532E-16
   0.1634    -0.4472    0.8794
   -0.6569    -0.7144    -0.2412
   -0.7361    0.5382    0.4105
 Node:         15
  0.1330E+03  0.1205E+03  0.5193E+03 -0.1831E-05
   2.22E-16
  -8.327E-17
  -5.551E-17
   1.388E-17
   4.857E-17
   0.0
   2.451E-16
   2.471E-17
   -1.033E-16
   3.0523832672192397E-16
   5.550333333333333E-17
   1.438907271354049E-16
   -0.9638    0.2667    -0.001723
   0.1157    0.4239    0.8983
   0.2403    0.8656    -0.4394
 Node:         16
  0.1404E+03  0.1188E+03  0.4918E+03 -0.1831E-05
   2.22E-16
   5.551E-17
   2.22E-16
  -8.327E-17
  -1.457E-16
   4.441E-16
   5.466E-16
   1.95E-16
   1.465E-16
   3.7818964819254375E-16
   2.9603333333333337E-16
   1.7828030987433498E-16
   -0.2927    -0.4328    0.8526
   -0.9222    -0.1077    -0.3713
   -0.2526    0.895    0.3676
 Node:         17
  0.1365E+03  0.1184E+03  0.5055E+03 -0.1831E-05
  -1.11E-16
   2.776E-17
  -1.11E-16
   9.714E-17
   1.7E-16
   0.0
   1.573E-16
   -1.341E-16
   -2.452E-16
   3.600440389730123E-16
   -7.400000000000001E-17
   1.697263876557404E-16
   0.3368    0.5285    0.7792
   0.8927    -0.4425    -0.08566
   -0.2996    -0.7244    0.6209
 Node:         18
  0.1341E+03  0.1191E+03  0.5192E+03 -0.1831E-05
   0.0
   0.0
   0.0
   2.645E-17
   1.065E-16
   4.441E-16
   4.697E-16
   -1.672E-33
   -2.562E-17
   4.830198633596759E-16
   1.4802666666666666E-16
   2.2769774721961763E-16
   -0.05484    -0.2207    -0.9738
   0.9705    -0.2411    -6.21E-17
   -0.2348    -0.9451    0.2274
 Node:         19
  0.1301E+03  0.1291E+03  0.4914E+03  0.0000E+00
   1.11E-16
   0.0
   1.11E-16
   2.101E-19
   1.001E-17
  -2.22E-16
   1.113E-16
   1.11E-16
   -2.223E-16
   3.3345010121455954E-16
   0.0
   1.5718988517077046E-16
   -0.02096    -0.9993    -0.03003
   0.9998    -0.02097    1.345E-19
   6.298E-4    0.03003    -0.9995
 Node:         20
  0.1299E+03  0.1291E+03  0.5058E+03  0.0000E+00
   2.22E-16
   0.0
   0.0
   1.041E-17
   1.924E-17
  -5.551E-17
   2.224E-16
   5.975E-18
   -6.188E-17
   2.5715676157744715E-16
   5.549833333333335E-17
   1.2122485995959007E-16
   -0.9993    -0.003257    -0.03765
   0.01428    -0.9549    -0.2965
   -0.03498    -0.2968    0.9543
 Node:         21
  0.1301E+03  0.1280E+03  0.5197E+03  0.0000E+00
   1.11E-16
   0.0
   0.0
   4.163E-17
   1.475E-17
   1.11E-16
   1.534E-16
   7.089E-17
   -2.22E-18
   1.3485280234388901E-16
   7.402333333333333E-17
   6.357022066624871E-17
   -0.6994    -0.0684    -0.7114
   -0.7126    0.1429    0.6869
   -0.05465    -0.9874    0.1487
 Node:         22
  0.1360E+03  0.1256E+03  0.4913E+03  0.0000E+00
  -2.22E-16
   1.388E-17
  -1.11E-16
  -1.388E-17
   1.006E-16
   1.11E-16
   1.5E-16
   -1.456E-16
   -2.264E-16
   3.432090907886911E-16
   -7.4E-17
   1.617903169743686E-16
   -0.02144    0.3586    0.9332
   0.228    0.9106    -0.3447
   -0.9734    0.2054    -0.1013
 Node:         23
  0.1343E+03  0.1253E+03  0.5054E+03  0.0000E+00
   0.0
   2.082E-17
  -4.441E-16
   0.0
   1.314E-16
  -1.665E-16
   1.265E-18
   -1.147E-16
   -4.972E-16
   4.517861703560657E-16
   -2.0354499999999996E-16
   2.1297404313671653E-16
   0.997    0.06061    0.04746
   0.06644    -0.3661    -0.9282
   0.03888    -0.9286    0.369
 Node:         24
  0.1336E+03  0.1248E+03  0.5194E+03  0.0000E+00
  -2.22E-16
   1.214E-17
   0.0
   1.388E-17
   8.674E-19
  -1.665E-16
   6.779E-19
   -1.633E-16
   -2.259E-16
   2.026635838733984E-16
   -1.2950736666666666E-16
   9.553652963763242E-17
   -0.05504    -0.9984    -0.009747
   0.2257    -0.02195    0.974
   -0.9726    0.05141    0.2265
 Node:         25
  0.1400E+03  0.1206E+03  0.4917E+03  0.0000E+00
   0.0
   2.671E-16
  -1.11E-16
  -8.327E-17
  -1.301E-16
   2.22E-16
   3.681E-16
   7.58E-17
   -3.329E-16
   6.098671904603493E-16
   3.699999999999999E-17
   2.8749415066513385E-16
   0.5089    0.4781    -0.7159
   0.6086    0.3883    0.692
   0.6088    -0.7878    -0.09334
 Node:         26
  0.1363E+03  0.1200E+03  0.5055E+03  0.0000E+00
   2.22E-16
   1.076E-16
  -6.106E-16
   2.776E-17
  -1.124E-15
  -5.551E-17
   8.281E-16
   2.248E-16
   -1.497E-15
   2.089815319591662E-15
   -1.4803333333333336E-16
   9.851483892738641E-16
   0.07371    0.6174    -0.7832
   0.9955    0.001018    0.09449
   -0.05914    0.7866    0.6146
 Node:         27
  0.1343E+03  0.1203E+03  0.5192E+03  0.0000E+00
   2.22E-16
  -1.943E-16
   2.22E-16
  -1.041E-16
   1.313E-15
   0.0
   1.466E-15
   1.875E-16
   -1.209E-15
   2.3173691440942246E-15
   1.4816666666666667E-16
   1.0924182908676612E-15
   -0.1693    0.728    0.6643
   0.9848    0.09849    0.1431
   0.03876    0.6785    -0.7336
 Node:         28
  0.1155E+03  0.1124E+03  0.4931E+03 -0.1082E-04
  -2.22E-16
   3.816E-17
   2.22E-16
  -5.551E-17
   5.551E-17
   1.11E-16
   2.455E-16
   1.014E-16
   -2.359E-16
   4.279497984577163E-16
   3.699999999999999E-17
   2.0173746966457835E-16
   0.03184    0.9284    0.3701
   0.1988    0.3571    -0.9127
   0.9795    -0.1026    0.1732
 Node:         29
  0.1119E+03  0.1139E+03  0.5068E+03 -0.1082E-04
  -2.22E-16
  -2.082E-17
   0.0
   5.551E-17
   6.939E-18
  -3.331E-16
   1.944E-18
   -2.004E-16
   -3.566E-16
   3.113642033631998E-16
   -1.8501866666666668E-16
   1.4677849307791052E-16
   -0.09118    0.9958    0.005517
   -0.9179    -0.08189    -0.3884
   -0.3863    -0.04048    0.9215
 Node:         30
  0.1113E+03  0.1159E+03  0.5206E+03 -0.1082E-04
   2.22E-16
   1.249E-16
   2.22E-16
   0.0
  -2.776E-17
   1.11E-16
   3.486E-16
   1.238E-16
   8.277E-17
   2.4787505905193444E-16
   1.8505666666666664E-16
   1.1684942342842583E-16
   -0.7001    -0.7092    0.08287
   -0.4685    0.3686    -0.8029
   -0.5389    0.6009    0.5903
 Node:         31
  0.1203E+03  0.1126E+03  0.4920E+03 -0.1082E-04
  -5.551E-17
   9.714E-17
  -1.11E-16
   2.776E-17
   4.163E-17
  -5.551E-17
   4.114E-17
   -7.661E-17
   -1.866E-16
   1.9726678661143135E-16
   -7.402333333333333E-17
   9.29924550105485E-17
   -0.6956    -0.5654    -0.4433
   0.4358    0.1585    -0.886
   0.5712    -0.8095    0.1362
 Node:         32
  0.1188E+03  0.1134E+03  0.5062E+03 -0.1082E-04
   2.22E-16
  -1.388E-17
  -1.11E-16
  -2.776E-17
   9.714E-17
  -5.551E-17
   2.266E-16
   1.331E-17
   -1.844E-16
   3.5602167644681415E-16
   1.8503333333333345E-17
   1.6783022777663014E-16
   -0.9894    0.07624    0.1236
   0.1445    0.5992    0.7875
   0.01402    -0.797    0.6038
 Node:         33
  0.1183E+03  0.1150E+03  0.5201E+03 -0.1082E-04
   1.11E-16
   5.551E-17
   0.0
   8.327E-17
   0.0
   0.0
   1.7E-16
   0.0
   -5.893E-17
   2.0589037107159722E-16
   3.702333333333333E-17
   9.705765171049398E-17
   -0.8617    -0.2815    -0.4222
   0.0    -0.8321    0.5547
   -0.5074    0.478    0.717
 Node:         34
  0.1255E+03  0.1129E+03  0.4909E+03 -0.1082E-04
   0.0
   0.0
   0.0
   5.551E-17
   9.714E-17
   0.0
   1.119E-16
   3.387E-33
   -1.119E-16
   1.9381648536695736E-16
   0.0
   9.136596740581255E-17
   -0.3508    -0.6139    -0.7071
   0.8682    -0.4961    -4.855E-17
   -0.3508    -0.6139    0.7071
 Node:         35
  0.1260E+03  0.1135E+03  0.5054E+03 -0.1082E-04
   0.0
   1.11E-16
  -1.11E-16
   1.11E-16
   2.498E-16
  -1.11E-16
   2.41E-16
   -1.023E-16
   -3.608E-16
   5.228959647960578E-16
   -7.403333333333333E-17
   2.4649552170824977E-16
   0.5458    0.5925    0.5925
   0.8379    -0.3859    -0.3859
   -4.975E-17    -0.7071    0.7071
 Node:         36
  0.1257E+03  0.1153E+03  0.5196E+03 -0.1082E-04
   0.0
  -5.551E-17
   0.0
  -5.551E-17
   8.327E-17
   0.0
   1.305E-16
   -4.723E-17
   -8.327E-17
   1.982226619234037E-16
   0.0
   9.344305895392481E-17
   -0.5155    0.6059    0.6059
   0.8569    0.3645    0.3645
   -1.256E-16    0.7071    -0.7071
 Node:         37
  0.1132E+03  0.1210E+03  0.4959E+03 -0.1082E-04
  -2.22E-16
   1.388E-16
  -2.22E-16
  -8.327E-17
   1.804E-16
  -2.776E-16
   -4.482E-17
   -1.622E-16
   -5.146E-16
   4.2347200190803645E-16
   -2.4054E-16
   1.9962661612787678E-16
   0.3971    0.7887    0.4693
   -0.7874    0.0301    0.6157
   0.4715    -0.614    0.633
 Node:         38
  0.1111E+03  0.1204E+03  0.5085E+03 -0.1082E-04
  -1.665E-16
   9.714E-17
   0.0
  -2.776E-17
  -8.327E-17
  -2.22E-16
   7.071E-17
   -2.091E-16
   -2.502E-16
   3.0246162913665597E-16
   -1.2953E-16
   1.4258177934084005E-16
   -0.3916    -0.8746    0.2859
   0.9154    -0.3389    0.217
   0.09287    -0.3467    -0.9334
 Node:         39
  0.1119E+03  0.1201E+03  0.5207E+03 -0.1082E-04
  -5.551E-17
  -9.714E-17
  -3.331E-16
  -8.327E-17
  -7.633E-17
  -1.11E-16
   8.934E-18
   -1.105E-16
   -3.981E-16
   3.6239130612640252E-16
   -1.6655533333333335E-16
   1.7083290000335286E-16
   0.851    -0.1281    -0.5092
   0.4076    -0.4503    0.7944
   -0.3311    -0.8836    -0.331
 Node:         40
  0.1191E+03  0.1220E+03  0.4937E+03 -0.1082E-04
   0.0
   8.327E-17
  -2.22E-16
   8.327E-17
  -1.388E-17
  -2.22E-16
   4.872E-17
   -2.082E-16
   -2.846E-16
   3.0244591979393603E-16
   -1.4802666666666666E-16
   1.4257437388566321E-16
   -0.924    -0.2703    -0.2703
   0.0    -0.7071    0.7071
   0.3823    -0.6534    -0.6534
 Node:         41
  0.1182E+03  0.1217E+03  0.5073E+03 -0.1082E-04
   0.0
  -2.776E-17
  -5.551E-17
   5.551E-17
   9.714E-17
   1.11E-16
   1.653E-16
   1.073E-17
   -1.206E-16
   2.478691830381502E-16
   1.8476666666666666E-17
   1.168466534489637E-16
   0.2406    0.3653    0.8993
   -0.8901    0.4526    0.05428
   -0.3871    -0.8135    0.434
 Node:         42
  0.1187E+03  0.1212E+03  0.5204E+03 -0.1082E-04
   0.0
  -5.551E-17
  -1.11E-16
   0.0
   5.551E-17
   1.11E-16
   1.256E-16
   1.887E-17
   -1.444E-16
   2.3552960089975954E-16
   2.3333333333339628E-20
   1.1102971864425409E-16
   0.1113    -0.2517    -0.9614
   0.9295    -0.3159    0.1903
   -0.3516    -0.9148    0.1988
 Node:         43
  0.1258E+03  0.1217E+03  0.4915E+03 -0.1082E-04
   2.22E-16
   1.11E-16
   1.11E-16
  -1.388E-17
   0.0
  -5.551E-17
   2.911E-16
   4.294E-17
   -5.645E-17
   3.1004254562882173E-16
   9.253E-17
   1.4615545764698628E-16
   -0.8507    -0.5246    0.03406
   -0.5213    0.8502    0.07348
   0.06751    -0.04475    0.9967
 Node:         44
  0.1259E+03  0.1220E+03  0.5059E+03 -0.1082E-04
  -2.22E-16
   1.388E-16
  -2.22E-16
   9.714E-17
   1.11E-16
  -1.11E-16
   5.081E-17
   -2.445E-16
   -3.614E-16
   3.679610646522265E-16
   -1.8503E-16
   1.7345850935214064E-16
   -0.5113    -0.534    -0.6733
   -0.5198    -0.4318    0.7372
   -0.6844    0.7269    -0.05679
 Node:         45
  0.1261E+03  0.1221E+03  0.5198E+03 -0.1082E-04
  -5.551E-17
  -8.327E-17
  -2.776E-16
   2.776E-17
  -6.939E-18
   1.11E-16
   1.167E-16
   -3.339E-17
   -3.053E-16
   3.7050374910383835E-16
   -7.399666666666666E-17
   1.7465714229757554E-16
   0.1854    -0.05643    0.981
   0.9302    -0.3117    -0.1938
   -0.3167    -0.9485    0.005308
 Node:         46
  0.1117E+03  0.1296E+03  0.4959E+03  0.0000E+00
  -5.551E-17
   2.776E-17
  -1.665E-16
   6.939E-18
  -2.602E-17
   0.0
   4.101E-18
   -4.897E-17
   -1.772E-16
   1.6144583695778595E-16
   -7.402300000000001E-17
   7.610629740479211E-17
   0.04856    -0.1429    0.9886
   0.9724    0.2327    -0.01414
   -0.228    0.962    0.1502
 Node:         47
  0.1107E+03  0.1269E+03  0.5087E+03  0.0000E+00
  -1.665E-16
  -3.123E-17
   1.11E-16
  -2.776E-17
   3.99E-17
   0.0
   1.289E-16
   -1.114E-17
   -1.732E-16
   2.6185783853075704E-16
   -1.8479999999999997E-17
   1.2344096888796688E-16
   -0.1292    0.939    0.3186
   -0.1008    -0.3321    0.9379
   -0.9865    -0.08906    -0.1376
 Node:         48
  0.1125E+03  0.1242E+03  0.5208E+03  0.0000E+00
   1.11E-16
   3.469E-18
   1.11E-16
   0.0
  -1.735E-18
   1.11E-16
   1.149E-16
   1.11E-16
   1.071E-16
   6.75499814951862E-18
   1.1099999999999999E-16
   3.1843366656181307E-18
   -0.6325    -0.7071    0.3162
   0.4472    -4.455E-15    0.8944
   -0.6325    0.7071    0.3162
 Node:         49
  0.1186E+03  0.1311E+03  0.4938E+03  0.0000E+00
  -1.665E-16
  -2.082E-17
   0.0
  -4.163E-17
  -6.072E-18
  -5.551E-17
   2.581E-18
   -4.165E-17
   -1.83E-16
   1.6789358448433935E-16
   -7.402300000000001E-17
   7.914579473772858E-17
   0.1174    -0.9929    0.01965
   -0.3135    -0.01827    0.9494
   -0.9423    -0.1176    -0.3134
 Node:         50
  0.1180E+03  0.1298E+03  0.5075E+03  0.0000E+00
   0.0
  -1.301E-17
   3.331E-16
  -4.163E-17
   1.247E-17
   2.22E-16
   3.354E-16
   2.276E-16
   -7.879E-18
   3.040655120874448E-16
   1.8504033333333332E-16
   1.4333785701466156E-16
   0.05441    -0.9902    -0.1289
   -0.1707    -0.1364    0.9758
   0.9838    0.03109    0.1765
 Node:         51
  0.1192E+03  0.1275E+03  0.5206E+03  0.0000E+00
   0.0
  -3.469E-18
  -5.551E-17
   0.0
   1.475E-17
   1.11E-16
   1.123E-16
   2.087E-19
   -5.702E-17
   1.491791641607165E-16
   1.849623333333333E-17
   7.03237323931892E-17
   -0.002705    0.08758    0.9962
   0.9982    -0.06004    0.007989
   -0.06051    -0.9943    0.08725
 Node:         52
  0.1262E+03  0.1305E+03  0.4920E+03  0.0000E+00
   1.11E-16
  -1.388E-17
   1.11E-16
   1.301E-18
   4.906E-18
   0.0
   1.25E-16
   9.734E-17
   -2.497E-19
   1.1396559238686912E-16
   7.403009999999999E-17
   5.372389546579809E-17
   -0.7047    0.7092    0.02051
   0.7093    0.7034    0.04493
   -0.01744    -0.04621    0.9988
 Node:         53
  0.1258E+03  0.1304E+03  0.5063E+03  0.0000E+00
  -1.665E-16
  -1.735E-18
  -1.11E-16
   2.776E-17
   3.383E-17
  -2.22E-16
   -1.01E-16
   -1.572E-16
   -2.414E-16
   1.2239330047024632E-16
   -1.6653333333333332E-16
   5.769675515620921E-17
   0.09684    0.9526    0.2883
   -0.9346    0.1866    -0.3027
   -0.3422    -0.2402    0.9084
 Node:         54
  0.1265E+03  0.1288E+03  0.5200E+03  0.0000E+00
  -2.22E-16
   2.082E-17
   1.11E-16
   0.0
  -4.337E-18
   1.11E-16
   1.16E-16
   1.073E-16
   -2.233E-16
   3.350347295430729E-16
   0.0
   1.5793688612860518E-16
   -0.04656    -0.7562    0.6527
   -0.04117    -0.6514    -0.7576
   -0.9981    0.06215    8.061E-4
 Node:         55
  0.1383E+03  0.1167E+03  0.4548E+03 -0.7430E-02
  -0.09945
  -0.009465
   0.09129
   0.007966
   0.02342
   0.07405
   0.1077
   0.05862
   -0.1004
   0.18841684744204804
   0.02197333333333333
   0.08882055367737557
   -0.0157    0.8223    0.5689
   -0.07528    0.5664    -0.8207
   0.997    0.05571    -0.05301
 Node:         56
  0.1315E+03  0.1156E+03  0.4696E+03 -0.7430E-02
  -0.1051
   0.01097
   0.04619
   0.03207
  -0.004255
   0.01071
   0.0471
   0.01893
   -0.1142
   0.14922271241335885
   -0.016056666666666664
   0.07034426123635736
   -0.05803    -0.9962    0.06533
   0.2541    0.04854    0.966
   -0.9654    0.07265    0.2503
 Node:         57
  0.1285E+03  0.1140E+03  0.4824E+03 -0.7430E-02
  -0.02681
   0.01351
  -0.003762
   0.01035
  -0.007279
  -0.003489
   0.004022
   -4.824E-4
   -0.03761
   0.039572539248322186
   -0.0113568
   0.01865467390083961
   -0.171    -0.8148    0.554
   0.5078    0.409    0.7582
   -0.8443    0.411    0.3438
 Node:         58
  0.1491E+03  0.1176E+03  0.4547E+03 -0.7430E-02
  -0.1137
  -0.04278
   0.1579
  -0.005536
   0.02133
   0.0421
   0.1683
   0.03832
   -0.1204
   0.2504341518243868
   0.02874
   0.11805579133048351
   0.1511    -0.9736    -0.1713
   0.01235    -0.1714    0.9851
   -0.9884    -0.1509    -0.01386
 Node:         59
  0.1423E+03  0.1167E+03  0.4703E+03 -0.7430E-02
  -0.1119
  -0.03128
   0.1081
   0.02075
   0.002252
  -0.01123
   0.1124
   -0.007239
   -0.1202
   0.20146518041835418
   -0.005012999999999999
   0.094971596831193
   -0.1386    0.9903    -0.00522
   0.1855    0.03114    0.9821
   -0.9728    -0.1351    0.188
 Node:         60
  0.1375E+03  0.1150E+03  0.4833E+03 -0.7430E-02
  -0.02611
  -0.001567
   0.01319
   0.01298
  -0.005298
  -0.007772
   0.01504
   -0.002881
   -0.03285
   0.041909159511973035
   -0.0068969999999999995
   0.019756167256496555
   -0.1285    0.9474    -0.2932
   -0.4456    -0.3193    -0.8364
   -0.886    0.02314    0.4632
 Node:         61
  0.1562E+03  0.1221E+03  0.4540E+03 -0.7430E-02
  -0.06963
  -0.04738
   0.111
  -0.0392
   0.05528
  -0.09417
   0.1398
   -0.06814
   -0.1245
   0.241111989747503
   -0.01761333333333333
   0.1136612819838938
   -0.2594    0.9293    0.263
   0.8112    0.3574    -0.4628
   0.5241    -0.09327    0.8466
 Node:         62
  0.1498E+03  0.1204E+03  0.4703E+03 -0.7430E-02
  -0.02591
  -0.0546
   0.09136
  -0.004766
   0.02201
  -0.1122
   0.115
   -0.0472
   -0.1145
   0.2043384202738193
   -0.015566666666666668
   0.09632605508837622
   -0.3624    0.9269    0.0974
   0.9319    0.3588    0.05318
   0.01435    0.11    -0.9938
 Node:         63
  0.1437E+03  0.1181E+03  0.4839E+03 -0.7430E-02
   0.007677
  -0.01293
   0.01365
   0.006539
  -0.007227
  -0.02253
   0.02589
   -0.002591
   -0.0245
   0.04376256243640219
   -4.0033333333333354E-4
   0.02062986977391978
   -0.6136    0.7646    -0.197
   0.7763    0.6298    0.02632
   0.1442    -0.1368    -0.98
 Node:         64
  0.1417E+03  0.1252E+03  0.4530E+03 -0.7430E-02
  -0.06427
   0.02267
   0.07434
  -0.0205
   0.01461
  -0.004195
   0.07952
   0.001493
   -0.07513
   0.13393266845321944
   0.0019609999999999953
   0.06313646539045403
   0.135    0.9812    0.1381
   0.324    0.08803    -0.9419
   -0.9364    0.1719    -0.306
 Node:         65
  0.1344E+03  0.1229E+03  0.4687E+03 -0.7430E-02
  -0.06057
   0.01235
   0.06499
  -0.002896
   0.005185
  -0.004611
   0.06653
   -0.004745
   -0.06198
   0.11151410437698006
   -6.499999999999793E-5
   0.05256825293527137
   -0.09492    -0.9931    -0.06852
   -0.06548    -0.06245    0.9959
   -0.9933    0.09902    -0.0591
 Node:         66
  0.1299E+03  0.1214E+03  0.4825E+03 -0.7430E-02
  -0.009089
   0.001952
   0.009168
   0.004627
  -0.003497
  -0.002659
   0.01015
   -6.82E-4
   -0.01205
   0.019227631783451646
   -8.60666666666667E-4
   0.009063992546824435
   -0.03792    -0.9674    0.2504
   0.5074    0.1972    0.8388
   0.8609    -0.1589    -0.4834
 Node:         67
  0.1506E+03  0.1243E+03  0.4531E+03 -0.7430E-02
  -0.07247
  -0.0224
   0.06974
  -0.01639
   0.01114
   0.04401
   0.07866
   0.04028
   -0.07767
   0.14111041031759491
   0.013756666666666662
   0.06652008535439169
   0.1756    -0.91    -0.3756
   -0.05604    -0.3902    0.919
   -0.9829    -0.1403    -0.1195
 Node:         68
  0.1437E+03  0.1224E+03  0.4693E+03 -0.7430E-02
  -0.06239
  -0.03996
   0.07185
  -0.003546
   0.01113
   0.02001
   0.08494
   0.01791
   -0.07338
   0.1376446646259854
   0.009823333333333331
   0.06488631716745492
   0.2616    -0.9488    -0.1769
   0.04209    -0.1719    0.9842
   -0.9643    -0.2649    -0.00504
 Node:         69
  0.1380E+03  0.1205E+03  0.4831E+03 -0.7430E-02
  -0.008061
  -0.01089
   0.01831
   0.00318
   7.713E-4
  -7.086E-4
   0.02223
   1.578E-4
   -0.01285
   0.030716374083540526
   0.0031792666666666664
   0.014479837605289486
   -0.3398    0.9404    -0.01548
   0.2384    0.102    0.9658
   0.9098    0.3245    -0.2589
 Node:         70
  0.1564E+03  0.1241E+03  0.4535E+03 -0.7430E-02
  -0.06457
  -0.02674
   0.00272
  -0.03947
   0.02536
   0.1055
   0.1222
   3.262E-4
   -0.07883
   0.17540237744238246
   0.014565400000000001
   0.08268547368383397
   0.2345    -0.2518    -0.9389
   0.2014    -0.9323    0.3004
   -0.951    -0.2596    -0.1679
 Node:         71
  0.1500E+03  0.1223E+03  0.4700E+03 -0.7430E-02
  -0.04323
  -0.06072
   0.04656
  -0.03221
   0.0328
   0.03729
   0.1057
   0.01074
   -0.0758
   0.15723998092088412
   0.013546666666666665
   0.07412363785520035
   -0.415    0.7286    0.5449
   0.1233    -0.5483    0.8271
   0.9014    0.4104    0.1377
 Node:         72
  0.1435E+03  0.1199E+03  0.4838E+03 -0.7430E-02
  -0.002611
  -0.0206
   0.01745
  -0.001982
   0.005306
   5.773E-4
   0.03133
   -3.422E-4
   -0.01558
   0.04144796075610958
   0.005135933333333332
   0.019538756077999323
   -0.5181    0.8366    0.1777
   0.1564    -0.1116    0.9814
   0.8409    0.5362    -0.07299
 Node:         73
  0.1452E+03  0.1339E+03  0.4524E+03  0.0000E+00
   0.01591
  -0.01695
  -0.05493
   0.009216
  -0.01062
   0.05394
   0.0579
   0.01641
   -0.05939
   0.1030145722701405
   0.004973333333333334
   0.04856153507549868
   -0.2621    0.1294    -0.9563
   0.9418    -0.1817    -0.2827
   0.2103    0.9748    0.07425
 Node:         74
  0.1372E+03  0.1304E+03  0.4684E+03  0.0000E+00
   0.04576
  -0.02498
  -0.03291
   0.001858
  -0.01617
   0.0284
   0.05468
   0.0299
   -0.04333
   0.08826845812633186
   0.01375
   0.04161015020400671
   0.9166    -0.3084    0.2546
   -0.3037    -0.1225    0.9449
   -0.2602    -0.9433    -0.2059
 Node:         75
  0.1314E+03  0.1289E+03  0.4826E+03  0.0000E+00
   0.01408
  -0.01001
  -0.005571
  -0.005114
  -0.002948
   0.001209
   0.01903
   0.002248
   -0.01156
   0.026533417495678915
   0.0032393333333333323
   0.012507972959498896
   -0.9149    0.3476    0.205
   0.04959    -0.4073    0.9119
   0.4006    0.8445    0.3554
 Node:         76
  0.1520E+03  0.1311E+03  0.4523E+03  0.0000E+00
   0.02007
  -0.0233
  -0.08048
  -9.644E-4
   0.0224
   0.08208
   0.08538
   0.02467
   -0.08837
   0.15272984024086453
   0.007226666666666663
   0.07199753714923557
   0.06544    -0.1426    -0.9876
   0.9761    -0.1965    0.09304
   0.2073    0.9701    -0.1263
 Node:         77
  0.1450E+03  0.1283E+03  0.4687E+03  0.0000E+00
   0.07404
  -0.01186
  -0.04694
  -0.00652
   0.01519
   0.0294
   0.07659
   0.03065
   -0.05073
   0.1116771471698664
   0.018836666666666668
   0.05264511204492039
   -0.9783    0.1151    0.1722
   0.1894    0.1607    0.9687
   0.08384    0.9803    -0.179
 Node:         78
  0.1385E+03  0.1261E+03  0.4829E+03  0.0000E+00
   0.03069
  -0.001799
  -0.004763
  -0.00476
  -8.815E-4
   3.726E-4
   0.03149
   -8.267E-5
   -0.005112
   0.034364473334955965
   0.00876511
   0.016199568084701105
   -0.9877    0.04538    0.1498
   0.1353    -0.2334    0.9629
   -0.07866    -0.9713    -0.2244
 Node:         79
  0.1565E+03  0.1262E+03  0.4531E+03  0.0000E+00
   0.02742
   0.05281
   0.1117
   0.0179
  -0.004842
  -0.2962
   0.1371
   0.003108
   -0.2973
   0.3852935131351163
   -0.052364
   0.18162910392335255
   0.4348    0.9005    0.007895
   0.8987    -0.4344    0.06077
   -0.05815    0.01932    0.9981
 Node:         80
  0.1501E+03  0.1242E+03  0.4698E+03  0.0000E+00
   0.07991
   0.03807
   0.05431
   0.01005
  -0.005868
  -0.2474
   0.1073
   0.02736
   -0.2479
   0.32274255312865086
   -0.03774666666666667
   0.15214229859648573
   0.8129    0.5822    0.01339
   -0.5814    0.8127    -0.03861
   -0.03336    0.0236    0.9992
 Node:         81
  0.1434E+03  0.1217E+03  0.4837E+03  0.0000E+00
   0.03303
   0.005498
   0.003287
  -0.004866
  -0.00104
  -0.03567
   0.03437
   0.002303
   -0.03602
   0.06103972852986816
   2.1766666666666462E-4
   0.02877440397683716
   -0.9818    -0.1761    0.07084
   -0.1768    0.9842    -0.004288
   0.06896    0.01673    0.9975
 Node:         82
  0.1267E+03  0.1149E+03  0.4578E+03 -0.4886E-01
  -0.04403
  -0.003011
   0.03156
   0.01054
   0.02503
   0.01132
   0.04857
   -0.002934
   -0.04679
   0.08267266885736785
   -3.846666666666651E-4
   0.03897226984522314
   0.03749    0.8245    0.5647
   -0.2446    0.5555    -0.7947
   -0.9689    -0.1083    0.2225
 Node:         83
  0.1234E+03  0.1130E+03  0.4727E+03 -0.4886E-01
  -0.04644
   0.006782
   0.01489
   0.04332
   0.009801
  -0.02726
   0.02366
   -0.00124
   -0.08123
   0.09492186839711911
   -0.019603333333333334
   0.04474659788433331
   0.3662    0.8052    0.4665
   -0.509    0.593    -0.6239
   -0.779    -0.008964    0.627
 Node:         84
  0.1187E+03  0.1123E+03  0.4850E+03 -0.4886E-01
  -0.006506
   0.001622
   0.001096
   0.01614
  -6.426E-4
  -0.02789
   0.002889
   4.195E-4
   -0.03661
   0.03832396966325383
   -0.0111005
   0.018066092553916207
   -0.7494    -0.541    -0.3817
   0.4626    -0.8403    0.2828
   0.4738    -0.03538    -0.8799
 Node:         85
  0.1303E+03  0.1162E+03  0.4566E+03 -0.4886E-01
  -0.045
   4.403E-5
   0.03883
   0.0147
   0.03529
   0.02029
   0.06679
   -0.003746
   -0.04892
   0.10100698409516047
   0.004708000000000001
   0.04761514893392648
   -0.08168    -0.7813    -0.6188
   0.2639    -0.6157    0.7425
   -0.9611    -0.1027    0.2565
 Node:         86
  0.1252E+03  0.1139E+03  0.4711E+03 -0.4886E-01
  -0.0215
   0.03209
   0.06063
   0.08234
   0.03164
  -0.01274
   0.1081
   0.01789
   -0.09959
   0.18038088950883902
   0.008799999999999997
   0.0850323667787743
   -0.5027    -0.6885    -0.5228
   0.4669    -0.7252    0.506
   0.7275    -0.01026    -0.686
 Node:         87
  0.1217E+03  0.1126E+03  0.4834E+03 -0.4886E-01
  -0.01275
   0.001127
   0.002483
   0.02103
  -0.003483
  -0.02604
   0.003855
   0.001561
   -0.04172
   0.04447239605643033
   -0.012101333333333334
   0.020964488551410507
   -0.5255    0.7198    -0.4536
   0.6153    0.6897    0.3818
   0.5876    -0.07845    -0.8053
 Node:         88
  0.1338E+03  0.1169E+03  0.4550E+03 -0.4886E-01
  -0.06936
  -0.005912
   0.02814
   0.01153
   0.0424
   0.05443
   0.0859
   -0.001148
   -0.07154
   0.1366011375648095
   0.004404000000000001
   0.06439439379324881
   0.03754    0.5889    0.8074
   -0.1667    0.8003    -0.576
   -0.9853    -0.113    0.1282
 Node:         89
  0.1270E+03  0.1150E+03  0.4695E+03 -0.4886E-01
  -0.0833
   0.01542
   0.01547
   0.03803
   0.01024
  -0.007313
   0.02824
   -0.00338
   -0.1
   0.11571678011420818
   -0.025046666666666672
   0.05454941327721949
   0.2934    0.7882    0.541
   -0.2421    0.6087    -0.7556
   -0.9248    0.09072    0.3694
 Node:         90
  0.1248E+03  0.1132E+03  0.4822E+03 -0.4886E-01
  -0.0225
   0.01319
  -0.006218
   0.01152
  -0.006424
  -0.006617
   0.001142
   -6.579E-4
   -0.03582
   0.03609572246416464
   -0.011778633333333332
   0.01701568675082561
   0.4879    0.8729    0.001708
   0.3586    -0.2022    0.9113
   -0.7959    0.444    0.4117
 Node:         91
  0.1262E+03  0.1267E+03  0.4556E+03 -0.4886E-01
  -0.03223
   0.03534
   0.06182
  -0.001033
   0.03383
   0.008175
   0.08665
   -0.001932
   -0.04695
   0.11773349363711247
   0.012589333333333334
   0.05550010114905698
   -0.2606    -0.8878    -0.3793
   -0.3542    -0.2776    0.893
   -0.8981    0.3671    -0.2421
 Node:         92
  0.1211E+03  0.1237E+03  0.4729E+03 -0.4886E-01
  -0.05083
   0.01198
   0.03982
   0.01217
   0.02371
   0.02101
   0.05849
   0.005088
   -0.05359
   0.09709996830071574
   0.003329333333333332
   0.045773364025623264
   -0.1517    -0.8123    -0.5631
   0.05427    -0.5757    0.8159
   -0.9869    0.09321    0.1314
 Node:         93
  0.1160E+03  0.1217E+03  0.4877E+03 -0.4886E-01
  -0.009236
  -0.002576
   0.003572
   0.009502
   0.007586
  -0.004993
   0.008518
   -2.201E-4
   -0.01896
   0.024316442252311502
   -0.0035540333333333343
   0.011462880807293699
   0.1967    0.7894    0.5815
   -0.6797    0.5372    -0.4993
   -0.7066    -0.2971    0.6423
 Node:         94
  0.1317E+03  0.1268E+03  0.4547E+03 -0.4886E-01
  -0.03819
   0.03412
   0.06884
  -0.01661
   0.03335
   0.03323
   0.09248
   0.0272
   -0.0558
   0.1287195338711262
   0.021293333333333334
   0.060678970180963215
   0.1727    0.8782    0.446
   0.3987    0.3517    -0.847
   0.9007    -0.324    0.2894
 Node:         95
  0.1252E+03  0.1238E+03  0.4710E+03 -0.4886E-01
  -0.07327
   0.008189
   0.04386
   0.007455
   0.01614
   0.04853
   0.06339
   0.0299
   -0.07417
   0.1242475323698624
   0.006373333333333332
   0.05857084845628318
   0.08024    0.6548    0.7516
   -0.01228    -0.7533    0.6576
   -0.9967    0.06199    0.0524
 Node:         96
  0.1205E+03  0.1222E+03  0.4852E+03 -0.4886E-01
  -0.0162
  -0.001935
   0.003478
   0.01138
   0.00481
  -0.002714
   0.007126
   7.506E-4
   -0.02332
   0.027811853817392325
   -0.0051478
   0.013110633621098053
   0.2564    0.7176    0.6475
   -0.4608    0.6796    -0.5707
   -0.8496    -0.152    0.505
 Node:         97
  0.1373E+03  0.1262E+03  0.4534E+03 -0.4886E-01
  -0.07294
   0.02502
   0.06908
  -0.01288
   0.03457
   0.03846
   0.09281
   0.02207
   -0.08028
   0.1507312479215906
   0.011533333333333335
   0.0710553916947116
   0.0879    0.8498    0.5197
   0.2421    0.4879    -0.8387
   0.9663    -0.1996    0.1629
 Node:         98
  0.1299E+03  0.1234E+03  0.4689E+03 -0.4886E-01
  -0.06785
   0.01726
   0.05308
   0.0112
   0.01899
   0.02967
   0.06682
   0.01908
   -0.071
   0.12121853488637784
   0.0049666666666666704
   0.0571429653491039
   0.1507    0.861    0.4857
   0.01418    -0.4932    0.8698
   -0.9885    0.1242    0.08655
 Node:         99
  0.1260E+03  0.1218E+03  0.4827E+03 -0.4886E-01
  -0.01271
   0.00406
   0.006022
   0.007046
  -9.991E-4
  -0.002165
   0.006895
   0.001214
   -0.01696
   0.02158273687464127
   -0.002950333333333333
   0.010174199733749197
   -0.2258    -0.9718    -0.06846
   0.4086    -0.1583    0.8989
   -0.8843    0.175    0.4328
 Node:        100
  0.1256E+03  0.1382E+03  0.4537E+03  0.0000E+00
   0.004833
  -7.377E-4
   0.03062
  -0.001299
   0.001027
  -0.03235
   0.03066
   0.004855
   -0.03241
   0.05491995607245148
   0.0010349999999999988
   0.0258895155741985
   0.02939    -0.9994    -0.01689
   0.999    0.02995    -0.03405
   -0.03454    0.01587    -0.9993
 Node:        101
  0.1191E+03  0.1342E+03  0.4718E+03  0.0000E+00
   0.02
  -0.001381
   0.02835
  -0.01215
  -0.007164
  -0.04582
   0.02904
   0.02217
   -0.04868
   0.07452287501163653
   8.433333333333325E-4
   0.03513042018283046
   -0.03075    0.9954    -0.09028
   0.984    0.01431    -0.1774
   0.1752    0.09429    0.98
 Node:        102
  0.1139E+03  0.1312E+03  0.4875E+03  0.0000E+00
   0.008965
  -0.003144
  -0.004979
  -0.004816
  -0.007232
  -0.007601
   0.01037
   0.001015
   -0.015
   0.022221984047334747
   -0.0012049999999999995
   0.010475543740859787
   0.9705    -0.09406    -0.2222
   0.06605    -0.7821    0.6196
   0.2321    0.616    0.7528
 Node:        103
  0.1332E+03  0.1371E+03  0.4531E+03  0.0000E+00
   0.01069
  -0.00616
   0.03806
  -0.001445
  -9.997E-4
  -0.04319
   0.03939
   0.009422
   -0.04324
   0.07245372374143375
   0.0018573333333333334
   0.03415501291985638
   -0.2095    0.9778    -0.008172
   0.9774    0.2091    -0.03082
   0.02843    0.01444    0.9995
 Node:        104
  0.1255E+03  0.1335E+03  0.4703E+03  0.0000E+00
   0.02422
  -0.006474
   0.01652
  -0.0146
  -0.01097
  -0.04395
   0.02886
   0.0171
   -0.04917
   0.07286525715318654
   -0.0010699999999999991
   0.03434901163061319
   0.9207    -0.3682    -0.1292
   -0.3306    -0.912    0.243
   0.2073    0.181    0.9614
 Node:        105
  0.1201E+03  0.1317E+03  0.4854E+03  0.0000E+00
   0.006759
  -0.005362
  -0.007551
  -0.007124
  -0.007283
  -0.00701
   0.0101
   -1.544E-4
   -0.01775
   0.024396519820662946
   -0.0026014666666666665
   0.011500629735028522
   0.9338    -0.1495    -0.3252
   0.1137    -0.7377    0.6655
   0.3394    0.6584    0.6718
 Node:        106
  0.1407E+03  0.1353E+03  0.4525E+03  0.0000E+00
   0.01549
  -0.005379
   0.01343
   0.005672
  -0.01406
  -0.01421
   0.0249
   0.0102
   -0.02039
   0.040018884292293805
   0.004903333333333333
   0.01886508297240051
   -0.6138    0.7104    -0.3445
   0.7843    0.5987    -0.1627
   -0.09069    0.37    0.9246
 Node:        107
  0.1328E+03  0.1318E+03  0.4687E+03  0.0000E+00
   0.03591
  -0.01577
   0.008503
  -0.007729
  -0.02278
  -0.01579
   0.04322
   0.0181
   -0.0327
   0.06699067397780083
   0.00954
   0.03157970656397343
   -0.8956    0.4416    -0.05315
   -0.3895    -0.7208    0.5733
   0.2149    0.5342    0.8176
 Node:        108
  0.1273E+03  0.1304E+03  0.4831E+03  0.0000E+00
   0.008483
  -0.007998
  -0.00493
  -0.007182
  -0.004845
  -0.002366
   0.01368
   0.001328
   -0.01382
   0.023856695160897706
   3.959999999999994E-4
   0.011246153949980707
   -0.9    0.306    0.3105
   0.04347    -0.6457    0.7623
   -0.4337    -0.6996    -0.5678
 Node:        109
  0.1018E+03  0.1092E+03  0.4946E+03 -0.2399E-05
   0.0
   1.388E-16
   1.11E-16
   5.551E-17
  -1.388E-17
   0.0
   2.069E-16
   2.266E-17
   -1.186E-16
   2.827092280064448E-16
   3.698666666666666E-17
   1.3327040815158061E-16
   -0.5724    -0.814    -0.09897
   0.2904    -0.3141    0.9039
   0.7668    -0.4887    -0.4162
 Node:        110
  0.1058E+03  0.1118E+03  0.5081E+03 -0.2399E-05
   0.0
   2.776E-17
   0.0
  -1.388E-17
  -5.204E-17
   2.22E-16
   2.353E-16
   1.788E-17
   -3.112E-17
   2.456135916434593E-16
   7.402E-17
   1.157833574684491E-16
   -0.08376    -0.2246    0.9708
   0.7726    0.6007    0.2056
   0.6293    -0.7673    -0.1232
 Node:        111
  0.1108E+03  0.1137E+03  0.5210E+03 -0.2399E-05
   0.0
   5.551E-17
  -1.11E-16
  -2.776E-17
   3.261E-16
  -2.22E-16
   1.68E-16
   2.779E-18
   -5.038E-16
   6.063148942925615E-16
   -1.1100700000000001E-16
   2.8581958219244996E-16
   0.1486    0.7638    0.6281
   0.9825    -0.0417    -0.1818
   0.1126    -0.6441    0.7566
 Node:        112
  0.1072E+03  0.1111E+03  0.4942E+03 -0.2399E-05
   0.0
   1.388E-16
   1.11E-16
   0.0
   1.388E-17
  -1.665E-16
   2.053E-16
   -9.314E-17
   -1.677E-16
   3.4187324200644896E-16
   -1.851333333333333E-17
