 Group name: gastroc_stress
 #Fields=  16
 1) coordinates, coordinate, rectangular cartesian, #Components=3
   x.  Value index= 1, #Derivatives=0
   y.  Value index= 2, #Derivatives=0
   z.  Value index= 3, #Derivatives=0
 2) Tensor_1, field, rectangular cartesian, #Components=1
   Tensor_1.  Value index= 4, #Derivatives=0
 3) Tensor_2, field, rectangular cartesian, #Components=1
   Tensor_2.  Value index= 5, #Derivatives=0
 4) Tensor_3, field, rectangular cartesian, #Components=1
   Tensor_3.  Value index= 6, #Derivatives=0
 5) Tensor_4, field, rectangular cartesian, #Components=1
   Tensor_4.  Value index= 7, #Derivatives=0
 6) Tensor_5, field, rectangular cartesian, #Components=1
   Tensor_5.  Value index= 8, #Derivatives=0
 7) Tensor_6, field, rectangular cartesian, #Components=1
   Tensor_6.  Value index= 9, #Derivatives=0
 8) Principal_1, field, rectangular cartesian, #Components=1
   Principal_1.  Value index= 10, #Derivatives=0
 9) Principal_2, field, rectangular cartesian, #Components=1
   Principal_2.  Value index= 11, #Derivatives=0
 10) Principal_3, field, rectangular cartesian, #Components=1
   Principal_3.  Value index= 12, #Derivatives=0
 11) VonMises, field, rectangular cartesian, #Components=1
   VonMises.  Value index= 13, #Derivatives=0
 12) Hydrostatic, field, rectangular cartesian, #Components=1
   VonMises.  Value index= 14, #Derivatives=0
 13) Octahedral, field, rectangular cartesian, #Components=1
   VonMises.  Value index= 15, #Derivatives=0
 14) PrincipalVector1, field, rectangular cartesian, #Components=3
   x.  Value index= 16, #Derivatives=0
   y.  Value index= 17, #Derivatives=0
   z.  Value index= 18, #Derivatives=0
 15) PrincipalVector2, field, rectangular cartesian, #Components=3
   x.  Value index= 19, #Derivatives=0
   y.  Value index= 20, #Derivatives=0
   z.  Value index= 21, #Derivatives=0
 16) PrincipalVector3, field, rectangular cartesian, #Components=3
   x.  Value index= 22, #Derivatives=0
   y.  Value index= 23, #Derivatives=0
   z.  Value index= 24, #Derivatives=0
 Node:          1
  0.1287E+03  0.1133E+03  0.4908E+03 -0.2244E-04
  -4.488E-5
  -1.439E-16
  -4.488E-5
  -4.798E-17
  -7.196E-17
  -4.488E-5
   -4.488E-5
   -4.488E-5
   -4.488E-5
   0.0
   -4.488E-5
   0.0
   0.966    -0.2571    -0.02713
   0.2489    0.9532    -0.1718
   0.07003    0.1592    0.9848
 Node:          2
  0.1292E+03  0.1137E+03  0.5052E+03 -0.2244E-04
  -4.488E-5
  -1.919E-16
  -4.488E-5
  -9.595E-17
   3.358E-16
  -4.488E-5
   -4.488E-5
   -4.488E-5
   -4.488E-5
   0.0
   -4.488E-5
   0.0
   0.895    -0.3984    -0.2008
   0.4461    0.7982    0.4048
   -9.593E-4    -0.4518    0.8921
 Node:          3
  0.1289E+03  0.1155E+03  0.5194E+03 -0.2244E-04
  -4.488E-5
   2.399E-16
  -4.488E-5
   1.919E-16
   9.595E-17
  -4.488E-5
   -4.488E-5
   -4.488E-5
   -4.488E-5
   0.0
   -4.488E-5
   0.0
   -0.4092    -0.8757    -0.2565
   0.496    -0.4494    0.7429
   0.7659    -0.1767    -0.6182
 Node:          4
  0.1361E+03  0.1141E+03  0.4915E+03 -0.2244E-04
  -4.488E-5
  -4.798E-17
  -4.488E-5
  -4.798E-17
  -1.439E-16
  -4.488E-5
   -4.488E-5
   -4.488E-5
   -4.488E-5
   0.0
   -4.488E-5
   0.0
   -0.04307    -0.0943    0.9946
   -0.9939    0.1055    -0.03304
   -0.1018    -0.9899    -0.09826
 Node:          5
  0.1341E+03  0.1144E+03  0.5054E+03 -0.2244E-04
  -4.488E-5
   2.399E-16
  -4.488E-5
   9.595E-17
  -1.199E-16
  -4.488E-5
   -4.488E-5
   -4.488E-5
   -4.488E-5
   0.0
   -4.488E-5
   0.0
   0.097    -0.1794    0.979
   0.7185    0.6933    0.05583
   -0.6888    0.698    0.1961
 Node:          6
  0.1323E+03  0.1162E+03  0.5191E+03 -0.2244E-04
  -4.488E-5
   9.595E-17
  -4.488E-5
  -9.595E-17
  -4.798E-17
  -4.488E-5
   -4.488E-5
   -4.488E-5
   -4.488E-5
   0.0
   -4.488E-5
   0.0
   -0.7151    -0.6928    0.09322
   0.693    -0.7201    -0.0358
   0.09193    0.039    0.995
 Node:          7
  0.1408E+03  0.1171E+03  0.4920E+03 -0.2244E-04
  -4.488E-5
   3.838E-16
  -4.488E-5
  -1.439E-16
  -1.919E-16
  -4.488E-5
   -4.488E-5
   -4.488E-5
   -4.488E-5
   0.0
   -4.488E-5
   0.0
   0.8641    0.487    -0.1268
   -0.5006    0.8577    -0.1173
   0.05166    0.1648    0.985
 Node:          8
  0.1367E+03  0.1169E+03  0.5055E+03 -0.2244E-04
  -4.488E-5
   3.358E-16
  -4.488E-5
  -6.956E-16
  -4.078E-16
  -4.488E-5
   -4.488E-5
   -4.488E-5
   -4.488E-5
   0.0
   -4.488E-5
   0.0
   -0.7206    -0.6268    0.2965
   0.6358    -0.7679    -0.07818
   0.2766    0.1322    0.9518
 Node:          9
  0.1339E+03  0.1180E+03  0.5191E+03 -0.2244E-04
  -4.488E-5
   2.879E-16
  -4.488E-5
  -6.836E-16
  -4.798E-16
  -4.488E-5
   -4.488E-5
   -4.488E-5
   -4.488E-5
   0.0
   -4.488E-5
   0.0
   0.3025    0.1644    -0.9389
   0.9345    0.1426    0.326
   -0.1875    0.976    0.1105
 Node:         10
  0.1294E+03  0.1212E+03  0.4911E+03 -0.2244E-04
  -4.488E-5
   4.798E-17
  -4.488E-5
  -2.399E-17
   2.159E-16
  -4.488E-5
   -4.488E-5
   -4.488E-5
   -4.488E-5
   0.0
   -4.488E-5
   0.0
   0.02408    0.7089    0.7049
   0.1744    0.6913    -0.7012
   -0.9844    0.1398    -0.107
 Node:         11
  0.1295E+03  0.1214E+03  0.5055E+03 -0.2244E-04
  -4.488E-5
  -4.798E-17
  -4.488E-5
  -7.196E-17
   2.399E-17
  -4.488E-5
   -4.488E-5
   -4.488E-5
   -4.488E-5
   0.0
   -4.488E-5
   0.0
   -0.2763    0.1331    0.9518
   -0.5866    0.7611    -0.2768
   0.7612    0.6348    0.1322
 Node:         12
  0.1295E+03  0.1217E+03  0.5196E+03 -0.2244E-04
  -4.488E-5
  -3.803E-37
  -4.488E-5
   1.319E-16
   4.798E-17
  -4.488E-5
   -4.488E-5
   -4.488E-5
   -4.488E-5
   0.0
   -4.488E-5
   0.0
   -0.2404    -0.08742    -0.9667
   -0.3418    0.9398    1.005E-6
   0.9085    0.3304    -0.2558
 Node:         13
  0.1361E+03  0.1199E+03  0.4914E+03 -0.2244E-04
  -4.488E-5
  -2.399E-16
  -4.488E-5
  -1.679E-16
   4.798E-17
  -4.488E-5
   -4.488E-5
   -4.488E-5
   -4.488E-5
   0.0
   -4.488E-5
   0.0
   0.9203    -0.37    -0.1273
   0.3697    0.9288    -0.02722
   0.1283    -0.02201    0.9915
 Node:         14
  0.1342E+03  0.1198E+03  0.5054E+03 -0.2244E-04
  -4.488E-5
   4.798E-17
  -4.488E-5
   9.595E-17
  -1.559E-16
  -4.488E-5
   -4.488E-5
   -4.488E-5
   -4.488E-5
   0.0
   -4.488E-5
   0.0
   0.09997    -0.2649    0.9591
   -0.2953    -0.9284    -0.2256
   -0.9502    0.2606    0.171
 Node:         15
  0.1330E+03  0.1205E+03  0.5193E+03 -0.2244E-04
  -4.488E-5
  -1.439E-16
  -4.488E-5
   2.399E-17
   8.396E-17
  -4.488E-5
   -4.488E-5
   -4.488E-5
   -4.488E-5
   0.0
   -4.488E-5
   0.0
   0.9934    -0.1134    0.01425
   -0.01885    -0.2856    -0.9582
   0.1127    0.9516    -0.2858
 Node:         16
  0.1404E+03  0.1188E+03  0.4918E+03 -0.2244E-04
  -4.488E-5
   9.595E-17
  -4.488E-5
  -1.439E-16
  -2.519E-16
  -4.488E-5
   -4.488E-5
   -4.488E-5
   -4.488E-5
   0.0
   -4.488E-5
   0.0
   -0.1502    -0.2388    0.9594
   -0.7941    -0.5489    -0.2609
   0.589    -0.801    -0.1072
 Node:         17
  0.1365E+03  0.1184E+03  0.5055E+03 -0.2244E-04
  -4.488E-5
   4.798E-17
  -4.488E-5
   1.679E-16
   2.938E-16
  -4.488E-5
   -4.488E-5
   -4.488E-5
   -4.488E-5
   0.0
   -4.488E-5
   0.0
   0.2481    0.4017    0.8815
   0.9357    -0.3352    -0.1105
   -0.251    -0.8522    0.459
 Node:         18
  0.1341E+03  0.1191E+03  0.5192E+03 -0.2244E-04
  -4.488E-5
  -5.056E-37
  -4.488E-5
   4.573E-17
   1.84E-16
  -4.488E-5
   -4.488E-5
   -4.488E-5
   -4.488E-5
   0.0
   -4.488E-5
   0.0
   0.02287    0.092    0.9955
   0.971    -0.2392    -2.049E-4
   -0.2381    -0.9666    0.0948
 Node:         19
  0.1301E+03  0.1291E+03  0.4914E+03  0.0000E+00
   4.934E-16
   0.0
   4.934E-16
   3.631E-19
   1.731E-17
  -9.869E-16
   4.936E-16
   4.934E-16
   -9.871E-16
   1.4806000101310279E-15
   -3.3333333333314155E-20
   6.979615382590138E-16
   -0.02097    -0.9997    -0.01169
   -0.9998    0.02097    -8.123E-17
   2.452E-4    0.01169    -0.9999
 Node:         20
  0.1299E+03  0.1291E+03  0.5058E+03  0.0000E+00
   9.869E-16
   0.0
   0.0
   1.799E-17
   3.326E-17
  -2.467E-16
   9.871E-16
   4.4E-18
   -2.514E-16
   1.1324785163525177E-15
   2.467E-16
   5.338554923072971E-16
   -0.9999    -4.917E-4    -0.01459
   0.002401    -0.9914    -0.1311
   -0.0144    -0.1312    0.9913
 Node:         21
  0.1301E+03  0.1280E+03  0.5197E+03  0.0000E+00
   4.934E-16
   0.0
   0.0
   7.196E-17
   2.549E-17
   4.934E-16
   5.66E-16
   4.222E-16
   -1.341E-18
   5.108528305500519E-16
   3.28953E-16
   2.408183337801893E-16
   -0.7039    -0.03195    -0.7096
   -0.7102    0.04241    0.7027
   -0.007642    -0.9986    0.05255
 Node:         22
  0.1360E+03  0.1256E+03  0.4913E+03  0.0000E+00
  -9.869E-16
   2.399E-17
  -4.934E-16
  -2.399E-17
   1.739E-16
   4.934E-16
   5.234E-16
   -5.215E-16
   -9.888E-16
   1.3410693755358072E-15
   -3.2896666666666662E-16
   6.321861663219854E-16
   -0.01298    0.1683    0.9857
   0.05935    0.9841    -0.1672
   -0.9982    0.05633    -0.02276
 Node:         23
  0.1343E+03  0.1253E+03  0.5054E+03  0.0000E+00
   0.0
   3.598E-17
  -1.974E-15
   0.0
   2.271E-16
  -7.401E-16
   6.796E-19
   -6.997E-16
   -2.015E-15
   1.7724996366646057E-15
   -9.046734666666666E-16
   8.355643418241562E-16
   0.9998    0.01889    0.00579
   -0.009011    0.1753    0.9845
   0.01758    -0.9843    0.1754
 Node:         24
  0.1336E+03  0.1248E+03  0.5194E+03  0.0000E+00
  -9.869E-16
   2.099E-17
   0.0
   2.399E-17
   1.499E-18
  -7.401E-16
   4.516E-19
   -7.379E-16
   -9.896E-16
   8.912682384908372E-16
   -5.756827999999999E-16
   4.2014787686204007E-16
   -0.02132    -0.9998    -0.002714
   0.09549    -0.004739    0.9954
   -0.9952    0.02096    0.09557
 Node:         25
  0.1400E+03  0.1206E+03  0.4917E+03  0.0000E+00
   0.0
   4.617E-16
  -4.934E-16
  -1.439E-16
  -2.249E-16
   9.869E-16
   1.067E-15
   2.05E-16
   -7.785E-16
   1.5994040296310373E-15
   1.6449999999999999E-16
   7.539662901394642E-16
   -0.2161    -0.2016    0.9553
   0.839    0.4621    0.2874
   -0.4994    0.8636    0.06929
 Node:         26
  0.1363E+03  0.1200E+03  0.5055E+03  0.0000E+00
   9.869E-16
   1.859E-16
  -2.714E-15
   4.797E-17
  -1.943E-15
  -2.467E-16
   1.006E-15
   8.09E-16
   -3.789E-15
   4.699597748744035E-15
   -6.579999999999999E-16
   2.215411624657293E-15
   0.968    0.1526    -0.1995
   0.2481    -0.4578    0.8538
   -0.03892    0.8759    0.4809
 Node:         27
  0.1343E+03  0.1203E+03  0.5192E+03  0.0000E+00
   9.869E-16
  -3.358E-16
   9.869E-16
  -1.799E-16
   2.27E-15
   0.0
   2.89E-15
   9.15E-16
   -1.831E-15
   4.1066398673367985E-15
   6.58E-16
   1.9358885987232494E-15
   -0.1931    0.7658    0.6135
   0.9808    0.1345    0.1409
   0.02534    0.6289    -0.7771
 Node:         28
  0.1155E+03  0.1124E+03  0.4931E+03 -0.1326E-03
  -2.652E-4
   6.598E-17
  -2.652E-4
  -9.597E-17
   9.597E-17
  -2.652E-4
   -2.652E-4
   -2.652E-4
   -2.652E-4
   0.0
   -2.652E-4
   0.0
   0.02394    0.9835    0.1796
   0.07203    0.1775    -0.9815
   -0.9971    0.03643    -0.06659
 Node:         29
  0.1119E+03  0.1139E+03  0.5068E+03 -0.1326E-03
  -2.652E-4
  -3.599E-17
  -2.652E-4
   9.597E-17
   1.2E-17
  -2.652E-4
   -2.652E-4
   -2.652E-4
   -2.652E-4
   0.0
   -2.652E-4
   0.0
   -0.03581    0.9993    0.005778
   -0.9821    -0.03412    -0.1855
   -0.1852    -0.01232    0.9826
 Node:         30
  0.1113E+03  0.1159E+03  0.5206E+03 -0.1326E-03
  -2.652E-4
   2.159E-16
  -2.652E-4
   3.678E-36
  -4.799E-17
  -2.652E-4
   -2.652E-4
   -2.652E-4
   -2.652E-4
   0.0
   -2.652E-4
   0.0
   0.704    0.7086    -0.04779
   -0.7084    0.6958    -0.1188
   -0.05091    0.1175    0.9918
 Node:         31
  0.1203E+03  0.1126E+03  0.4920E+03 -0.1326E-03
  -2.652E-4
   1.68E-16
  -2.652E-4
   4.799E-17
   7.198E-17
  -2.652E-4
   -2.652E-4
   -2.652E-4
   -2.652E-4
   0.0
   -2.652E-4
   0.0
   -0.7438    -0.4292    -0.5123
   0.5142    0.1222    -0.8489
   0.427    -0.8949    0.1299
 Node:         32
  0.1188E+03  0.1134E+03  0.5062E+03 -0.1326E-03
  -2.652E-4
  -2.399E-17
  -2.652E-4
  -4.799E-17
   1.68E-16
  -2.652E-4
   -2.652E-4
   -2.652E-4
   -2.652E-4
   0.0
   -2.652E-4
   0.0
   0.9989    -0.0209    -0.04165
   0.0466    0.4512    0.8912
   1.632E-4    -0.8922    0.4517
 Node:         33
  0.1183E+03  0.1150E+03  0.5201E+03 -0.1326E-03
  -2.652E-4
   9.597E-17
  -2.652E-4
   1.44E-16
  -4.904E-36
  -2.652E-4
   -2.652E-4
   -2.652E-4
   -2.652E-4
   0.0
   -2.652E-4
   0.0
   0.9537    0.1668    0.2505
   0.001258    0.8301    -0.5576
   -0.3009    0.5321    0.7914
 Node:         34
  0.1255E+03  0.1129E+03  0.4909E+03 -0.1326E-03
  -2.652E-4
  -5.721E-36
  -2.652E-4
   9.597E-17
   1.68E-16
  -2.652E-4
   -2.652E-4
   -2.652E-4
   -2.652E-4
   0.0
   -2.652E-4
   0.0
   -0.351    -0.6137    -0.7072
   0.8681    -0.4965    -4.328E-5
   0.3511    0.6139    -0.707
 Node:         35
  0.1260E+03  0.1135E+03  0.5054E+03 -0.1326E-03
  -2.652E-4
   1.919E-16
  -2.652E-4
   1.919E-16
   4.319E-16
  -2.652E-4
   -2.652E-4
   -2.652E-4
   -2.652E-4
   0.0
   -2.652E-4
   0.0
   0.746    0.4709    0.4709
   -0.6659    0.5274    0.5276
   5.933E-5    -0.7072    0.707
 Node:         36
  0.1257E+03  0.1153E+03  0.5196E+03 -0.1326E-03
  -2.652E-4
  -9.597E-17
  -2.652E-4
  -9.597E-17
   1.44E-16
  -2.652E-4
   -2.652E-4
   -2.652E-4
   -2.652E-4
   0.0
   -2.652E-4
   0.0
   -0.5154    0.6061    0.6058
   -0.857    -0.3645    -0.3643
   0.0    -0.7069    0.7073
 Node:         37
  0.1132E+03  0.1210E+03  0.4959E+03 -0.1326E-03
  -2.652E-4
   2.399E-16
  -2.652E-4
  -1.44E-16
   3.119E-16
  -2.652E-4
   -2.652E-4
   -2.652E-4
   -2.652E-4
   0.0
   -2.652E-4
   0.0
   -0.5074    -0.7957    -0.3308
   0.7557    -0.2264    -0.6146
   0.4141    -0.5618    0.7162
 Node:         38
  0.1111E+03  0.1204E+03  0.5085E+03 -0.1326E-03
  -2.652E-4
   1.68E-16
  -2.652E-4
  -4.799E-17
  -1.44E-16
  -2.652E-4
   -2.652E-4
   -2.652E-4
   -2.652E-4
   0.0
   -2.652E-4
   0.0
   0.2119    0.9668    -0.1429
   0.9723    -0.2233    -0.06846
   0.0981    0.1245    0.9874
 Node:         39
  0.1119E+03  0.1201E+03  0.5207E+03 -0.1326E-03
  -2.652E-4
  -1.68E-16
  -2.652E-4
  -1.44E-16
  -1.32E-16
  -2.652E-4
   -2.652E-4
   -2.652E-4
   -2.652E-4
   0.0
   -2.652E-4
   0.0
   0.9213    -0.07985    -0.3805
   0.3607    -0.1892    0.9133
   -0.1449    -0.9787    -0.1455
 Node:         40
  0.1191E+03  0.1220E+03  0.4937E+03 -0.1326E-03
  -2.652E-4
   1.44E-16
  -2.652E-4
   1.44E-16
  -2.399E-17
  -2.652E-4
   -2.652E-4
   -2.652E-4
   -2.652E-4
   0.0
   -2.652E-4
   0.0
   -0.9817    -0.1345    -0.1345
   0.0    -0.7071    0.7071
   0.1902    -0.6942    -0.6942
 Node:         41
  0.1182E+03  0.1217E+03  0.5073E+03 -0.1326E-03
  -2.652E-4
  -4.799E-17
  -2.652E-4
   9.597E-17
   1.68E-16
  -2.652E-4
   -2.652E-4
   -2.652E-4
   -2.652E-4
   0.0
   -2.652E-4
   0.0
   -0.1538    -0.1965    -0.9684
   -0.962    0.2534    0.1014
   0.2255    0.9472    -0.228
 Node:         42
  0.1187E+03  0.1212E+03  0.5204E+03 -0.1326E-03
  -2.652E-4
  -9.597E-17
  -2.652E-4
   3.269E-36
   9.597E-17
  -2.652E-4
   -2.652E-4
   -2.652E-4
   -2.652E-4
   0.0
   -2.652E-4
   0.0
   -0.01861    0.0977    0.995
   -0.9834    0.178    -0.03586
   -0.1806    -0.9792    0.09276
 Node:         43
  0.1258E+03  0.1217E+03  0.4915E+03 -0.1326E-03
  -2.652E-4
   1.919E-16
  -2.652E-4
  -2.399E-17
   1.635E-36
  -2.652E-4
   -2.652E-4
   -2.652E-4
   -2.652E-4
   0.0
   -2.652E-4
   0.0
   0.9458    0.3242    -0.01746
   -0.324    0.946    0.01161
   0.02028    -0.005322    0.9998
 Node:         44
  0.1259E+03  0.1220E+03  0.5059E+03 -0.1326E-03
  -2.652E-4
   2.399E-16
  -2.652E-4
   1.68E-16
   1.919E-16
  -2.652E-4
   -2.652E-4
   -2.652E-4
   -2.652E-4
   0.0
   -2.652E-4
   0.0
   -0.3605    -0.3832    -0.8504
   -0.6212    -0.5815    0.5253
   0.6958    -0.7177    0.02847
 Node:         45
  0.1261E+03  0.1221E+03  0.5198E+03 -0.1326E-03
  -2.652E-4
  -1.44E-16
  -2.652E-4
   4.799E-17
  -1.2E-17
  -2.652E-4
   -2.652E-4
   -2.652E-4
   -2.652E-4
   0.0
   -2.652E-4
   0.0
   0.06681    -0.01251    0.9977
   -0.9877    0.1408    0.0679
   -0.1413    -0.99    -0.002947
 Node:         46
  0.1117E+03  0.1296E+03  0.4959E+03  0.0000E+00
  -2.467E-16
   4.797E-17
  -7.401E-16
   1.199E-17
  -4.497E-17
   0.0
   3.057E-18
   -2.423E-16
   -7.476E-16
   6.629532710146319E-16
   -3.2894766666666664E-16
   3.125191690294995E-16
   0.03676    -0.058    0.9976
   0.9946    0.09864    -0.03092
   -0.09662    0.9934    0.06131
 Node:         47
  0.1107E+03  0.1269E+03  0.5087E+03  0.0000E+00
  -7.401E-16
  -5.397E-17
   4.934E-16
  -4.797E-17
   6.896E-17
   0.0
   5.058E-16
   -7.273E-18
   -7.452E-16
   1.0892155802819752E-15
   -8.222433333333333E-17
   5.1346114866095E-16
   -0.04821    0.9891    0.1394
   -0.05424    -0.142    0.9884
   -0.9974    -0.04009    -0.06049
 Node:         48
  0.1125E+03  0.1242E+03  0.5208E+03  0.0000E+00
   4.934E-16
   5.997E-18
   4.934E-16
   0.0
  -2.998E-18
   4.934E-16
   5.001E-16
   4.934E-16
   4.867E-16
   1.1604740410711462E-17
   4.934E-16
   5.470527092215756E-18
   -0.6325    -0.7071    0.3162
   0.4472    -2.276E-15    0.8944
   0.6325    -0.7071    -0.3162
 Node:         49
  0.1186E+03  0.1311E+03  0.4938E+03  0.0000E+00
  -7.401E-16
  -3.598E-17
   0.0
  -7.196E-17
  -1.049E-17
  -2.467E-16
   1.947E-18
   -2.366E-16
   -7.523E-16
   6.677348643803167E-16
   -3.2898433333333336E-16
   3.1477323375866775E-16
   0.04561    -0.9985    0.02894
   -0.143    0.02215    0.9895
   -0.9887    -0.04926    -0.1418
 Node:         50
  0.1180E+03  0.1298E+03  0.5075E+03  0.0000E+00
   0.0
  -2.249E-17
   1.48E-15
  -7.196E-17
   2.155E-17
   9.869E-16
   1.482E-15
   9.91E-16
   -5.513E-18
   1.3127859849072886E-15
   8.224956666666666E-16
   6.188532481164029E-16
   0.01739    -0.9988    -0.04603
   -0.07128    -0.04716    0.9963
   0.9973    0.01405    0.07201
 Node:         51
  0.1192E+03  0.1275E+03  0.5206E+03  0.0000E+00
   0.0
  -5.997E-18
  -2.467E-16
   0.0
   2.549E-17
   4.934E-16
   4.943E-16
   1.449E-19
   -2.477E-16
   6.54286006770747E-16
   8.22483E-17
   3.0843338148204166E-16
   -4.17E-4    0.03438    0.9994
   0.9997    -0.02416    0.001248
   0.02418    0.9991    -0.03436
 Node:         52
  0.1262E+03  0.1305E+03  0.4920E+03  0.0000E+00
   4.934E-16
  -2.399E-17
   4.934E-16
   2.249E-18
   8.48E-18
   0.0
   5.175E-16
   4.696E-16
   -1.6E-19
   4.95449666061044E-16
   3.2898E-16
   2.335572124055831E-16
   -0.7061    0.708    0.008534
   0.7081    0.706    0.01614
   -0.005403    -0.01744    0.9998
 Node:         53
  0.1258E+03  0.1304E+03  0.5063E+03  0.0000E+00
  -7.401E-16
  -2.998E-18
  -4.934E-16
   4.797E-17
   5.847E-17
  -9.869E-16
   -4.866E-16
   -7.314E-16
   -1.002E-15
   4.465358664206045E-16
   -7.399999999999999E-16
   2.104990261260132E-16
   0.0104    0.9931    0.1171
   -0.9836    0.03123    -0.1776
   -0.18    -0.1133    0.9771
 Node:         54
  0.1265E+03  0.1288E+03  0.5200E+03  0.0000E+00
  -9.869E-16
   3.598E-17
   4.934E-16
   0.0
  -7.496E-18
   4.934E-16
   5.014E-16
   4.864E-16
   -9.877E-16
   1.4816569474746847E-15
   3.3333333333314155E-20
   6.984597833010066E-16
   0.01758    0.7272    -0.6862
   0.01675    0.686    0.7274
   -0.9997    0.02428    1.229E-4
 Node:         55
  0.1381E+03  0.1167E+03  0.4530E+03  0.2473E-02
   0.007928
  -0.004288
   0.005428
  -0.001139
   0.006352
   0.00357
   0.01393
   0.005502
   -0.002316
   0.014072754243572932
   0.005705333333333333
   0.006633959970401455
   -0.5822    0.6624    0.4715
   0.786    0.3099    0.535
   -0.2082    -0.6821    0.701
 Node:         56
  0.1314E+03  0.1156E+03  0.4685E+03  0.2473E-02
   0.008311
  -0.004701
   0.005322
  -0.003126
   0.003097
   0.004234
   0.01388
   0.002665
   0.001431
   0.011880163761497566
   0.005992
   0.00560036290490774
   -0.7227    0.5543    0.4129
   0.63    0.2826    0.7234
   -0.2843    -0.7829    0.5534
 Node:         57
  0.1285E+03  0.1140E+03  0.4823E+03  0.2473E-02
   0.007887
  -0.001569
   0.005098
  -9.137E-4
   6.453E-4
   0.004932
   0.008915
   0.004738
   0.004265
   0.004432468725213974
   0.005972666666666665
   0.0020894857953307287
   -0.8736    0.4067    0.2672
   0.4233    0.3642    0.8295
   -0.2401    -0.8378    0.4904
 Node:         58
  0.1479E+03  0.1173E+03  0.4537E+03  0.2473E-02
   0.007819
  -0.005261
   0.00597
  -9.072E-4
   0.004417
   0.002045
   0.01366
   0.003888
   -0.001452
   0.013273660535059649
   0.005365333333333334
   0.006257263583672623
   -0.6798    0.666    0.3072
   0.6752    0.4046    0.6168
   -0.2864    -0.6267    0.7247
 Node:         59
  0.1416E+03  0.1164E+03  0.4694E+03  0.2473E-02
   0.008829
  -0.008257
   0.005824
  -0.007481
   0.006386
   0.00413
   0.02169
   -0.001039
   -0.001487
   0.022956278814302632
   0.006388000000000001
   0.010821693613601647
   -0.6706    0.5576    0.4892
   0.7052    0.6839    0.1871
   0.2302    -0.4704    0.8519
 Node:         60
  0.1375E+03  0.1149E+03  0.4832E+03  0.2473E-02
   0.00821
  -0.003758
   0.005314
  -0.003441
   0.00239
   0.005095
   0.01309
   0.002862
   0.002718
   0.01030075492379078
   0.006223333333333333
   0.004855822438635453
   -0.7299    0.5005    0.4656
   -0.4571    0.1492    -0.8768
   -0.5083    -0.8528    0.1199
 Node:         61
  0.1550E+03  0.1214E+03  0.4543E+03  0.2473E-02
   0.00875
  -0.004807
   0.004728
   0.001625
  -0.003622
   0.003228
   0.01333
   0.003797
   -2.329E-4
   0.012063797897428487
   0.005631366666666666
   0.005686928866757132
   -0.7552    0.5688    -0.3259
   0.5966    0.3904    -0.7012
   0.2716    0.724    0.6341
 Node:         62
  0.1489E+03  0.1198E+03  0.4703E+03  0.2473E-02
   0.009602
  -0.01403
   0.005654
  -0.007805
   0.004495
   0.005412
   0.02614
   0.001826
   -0.00673
   0.029536525117217154
   0.007078666666666667
   0.013923651468714023
   -0.7124    0.5795    0.3958
   0.1776    -0.3967    0.9006
   0.6789    0.7119    0.1797
 Node:         63
  0.1436E+03  0.1181E+03  0.4839E+03  0.2473E-02
   0.00819
  -0.00651
   0.005808
  -0.00287
   0.004147
   0.005233
   0.01599
   0.00346
   -1.181E-4
   0.014650504858536447
   0.006443966666666668
   0.006906314222185055
   -0.6755    0.6084    0.4166
   0.5413    0.02558    0.8404
   -0.5006    -0.7933    0.3466
 Node:         64
  0.1412E+03  0.1253E+03  0.4529E+03  0.2473E-02
   0.00632
  -0.00479
   0.006506
  -7.571E-4
   7.556E-4
   0.00385
   0.01148
   0.003676
   0.001622
   0.009008370995912635
   0.005592666666666667
   0.004246586812436025
   -0.6892    0.7111    0.1393
   0.09208    -0.1047    0.9902
   0.7187    0.6953    0.006689
 Node:         65
  0.1339E+03  0.1229E+03  0.4685E+03  0.2473E-02
   0.007775
  -0.008352
   0.006033
  -0.002541
   9.897E-4
   0.004264
   0.01606
   0.003837
   -0.001651
   0.01570349314643083
   0.006082000000000001
   0.007402697661438476
   -0.7355    0.6433    0.2125
   0.04131    -0.2705    0.9618
   0.6763    0.7162    0.1724
 Node:         66
  0.1299E+03  0.1214E+03  0.4825E+03  0.2473E-02
   0.007973
  -0.002663
   0.00526
  -9.994E-4
   7.768E-4
   0.004922
   0.009954
   0.004608
   0.003599
   0.0059153960983183524
   0.006053666666666666
   0.0027885444630169013
   -0.8242    0.5114    0.2433
   0.2768    -0.01104    0.9609
   0.4941    0.8593    -0.1325
 Node:         67
  0.1497E+03  0.1240E+03  0.4536E+03  0.2473E-02
   0.006813
  -0.005013
   0.006363
  -6.35E-4
   0.00134
   0.002317
   0.01202
   0.00241
   0.001254
   0.01023706969791649
   0.005227999999999999
   0.004825800935250714
   -0.7075    0.6922    0.1424
   -0.4591    -0.297    -0.8373
   -0.5373    -0.6577    0.5279
 Node:         68
  0.1430E+03  0.1222E+03  0.4694E+03  0.2473E-02
   0.008821
  -0.01039
   0.006223
  -0.006728
   0.003007
   0.003549
   0.02127
   0.001574
   -0.003844
   0.022891047769816045
   0.006333333333333333
   0.010790943404334745
   -0.7214    0.5838    0.3724
   -8.352E-4    -0.5385    0.8426
   0.6925    0.6076    0.389
 Node:         69
  0.1379E+03  0.1205E+03  0.4831E+03  0.2473E-02
   0.008338
  -0.00418
   0.005361
  -0.002987
   0.001866
   0.004948
   0.01293
   0.003395
   0.002367
   0.010088359083617117
   0.0062306666666666665
   0.004755698079380379
   -0.753    0.5194    0.404
   0.2238    -0.3751    0.8995
   0.6188    0.7678    0.1662
 Node:         70
  0.1552E+03  0.1235E+03  0.4543E+03  0.2473E-02
   0.007329
  -0.006489
   0.005629
  -0.004279
   0.003174
   0.001767
   0.01545
   2.238E-4
   -6.271E-4
   0.015668987549615324
   0.005015566666666667
   0.007386431567107054
   -0.708    0.6061    0.3626
   -0.3683    -0.7549    0.5427
   0.6026    0.2507    0.7576
 Node:         71
  0.1491E+03  0.1218E+03  0.4702E+03  0.2473E-02
   0.00973
  -0.009855
   0.005879
  -0.01324
   0.005725
   0.003863
   0.02711
   5.034E-5
   -0.006967
   0.031166570143273703
   0.006731113333333333
   0.014692062063090016
   -0.707    0.479    0.5202
   -0.2336    -0.8526    0.4675
   0.6675    0.209    0.7147
 Node:         72
  0.1435E+03  0.1199E+03  0.4838E+03  0.2473E-02
   0.008743
  -0.004629
   0.005285
  -0.005326
   0.002516
   0.005075
   0.01542
   0.002743
   0.001046
   0.013605109591620347
   0.006402999999999999
   0.006413510167347258
   -0.7366    0.4629    0.4931
   -0.1532    -0.8244    0.5449
   0.6587    0.3258    0.6782
 Node:         73
  0.1442E+03  0.1339E+03  0.4529E+03  0.0000E+00
   0.004076
  -2.913E-4
  -0.001261
  -0.001818
   0.001282
   3.427E-4
   0.00496
   2.941E-4
   -0.002026
   0.00616269757573743
   0.0010760333333333335
   0.0029051234974705555
   -0.9102    0.1246    0.3951
   0.3962    0.5402    0.7424
   0.1209    -0.8322    0.5411
 Node:         74
  0.1365E+03  0.1303E+03  0.4685E+03  0.0000E+00
   0.005193
   0.005865
  -2.649E-4
   0.001526
   0.002182
   7.28E-4
   0.009697
   2.707E-4
   -0.004172
   0.012266659610097609
   0.0019319000000000003
   0.005782558795204767
   -0.8044    -0.5311    -0.2662
   -0.3422    0.04786    0.9384
   -0.4856    0.846    -0.2202
 Node:         75
  0.1313E+03  0.1288E+03  0.4826E+03  0.0000E+00
   0.003801
   0.002422
   4.981E-5
   5.995E-4
   3.096E-4
   9.098E-5
   0.005104
   -7.055E-8
   -0.001132
   0.005754150521977792
   0.0013239764833333334
   0.0027125325693724057
   -0.8906    -0.4348    -0.1334
   -0.1251    -0.04768    0.991
   -0.4372    0.8993    -0.01194
 Node:         76
  0.1514E+03  0.1307E+03  0.4536E+03  0.0000E+00
   0.003771
  -0.001412
  -0.001335
  -0.002276
   6.262E-4
   7.694E-5
   0.005273
   -0.001006
   -0.001683
   0.006643421783990537
   8.613333333333333E-4
   0.0031317390624947595
   -0.8806    0.228    0.4155
   0.4137    -0.05798    0.9086
   -0.2312    -0.9719    0.04326
 Node:         77
  0.1444E+03  0.1280E+03  0.4693E+03  0.0000E+00
   0.005751
   0.005908
  -3.214E-4
   0.001708
   0.001539
   3.723E-4
   0.01
   -1.182E-4
   -0.003915
   0.012458348335152618
   0.001988933333333333
   0.005872921726780367
   -0.8301    -0.5087    -0.2285
   -0.25    -0.0268    0.9679
   -0.4985    0.8605    -0.105
 Node:         78
  0.1384E+03  0.1261E+03  0.4830E+03  0.0000E+00
   0.004029
   0.003278
   6.491E-5
   9.361E-4
   4.639E-4
   6.207E-5
   0.006095
   -1.169E-4
   -0.001774
   0.0071852224398413714
   0.0014013666666666668
   0.003387146341030389
   -0.8602    -0.4807    -0.1704
   -0.1323    -0.1124    0.9848
   -0.4925    0.8697    0.03309
 Node:         79
  0.1555E+03  0.1255E+03  0.4542E+03  0.0000E+00
   0.003288
  -5.406E-4
  -0.003126
  -0.005365
   5.065E-4
  -9.6E-4
   0.007146
   -0.003131
   -0.004642
   0.011109833347084914
   -2.0900000000000028E-4
   0.005237225665050788
   -0.8265    0.07174    0.5583
   -0.1009    -0.9947    -0.0216
   0.5538    -0.0742    0.8294
 Node:         80
  0.1493E+03  0.1237E+03  0.4702E+03  0.0000E+00
   0.006309
   0.002849
  -0.001953
   0.003761
   0.001712
  -3.403E-4
   0.009196
   -0.001894
   -0.003016
   0.011691448327730829
   0.0014286666666666666
   0.0055114015962870605
   -0.872    -0.2853    -0.3979
   -0.4787    0.3269    0.8148
   0.1024    -0.901    0.4216
 Node:         81
  0.1433E+03  0.1217E+03  0.4837E+03  0.0000E+00
   0.004262
   0.002668
  -1.64E-4
   0.003618
   0.001053
   1.121E-4
   0.007479
   -0.001045
   -0.002144
   0.009123280824352608
   0.00143
   0.00430075582504595
   -0.8203    -0.3492    -0.453
   0.08647    -0.8586    0.5053
   -0.5654    0.3753    0.7345
 Node:         82
  0.1267E+03  0.1148E+03  0.4560E+03  0.3397E-02
   0.01021
  -0.004568
   0.006624
  -0.001467
   2.14E-4
   0.006487
   0.01369
   0.006353
   0.003348
   0.009214623106779788
   0.007797000000000001
   0.004343814989921494
   -0.821    0.5403    0.1844
   0.02915    -0.2829    0.9587
   0.5701    0.7925    0.2165
 Node:         83
  0.1234E+03  0.1129E+03  0.4718E+03  0.3397E-02
   0.009657
  -0.003299
   0.00662
  -0.002494
   5.396E-4
   0.006852
   0.01282
   0.006259
   0.004091
   0.007872178415152949
   0.007723333333333333
   0.0037109804933766794
   -0.8012    0.4621    0.3802
   0.0783    -0.5489    0.8322
   0.5932    0.6965    0.4036
 Node:         84
  0.1187E+03  0.1123E+03  0.4849E+03  0.3397E-02
   0.009505
  -2.868E-4
   0.006776
  -6.164E-4
   3.229E-5
   0.006894
   0.009673
   0.006782
   0.006717
   0.002924041894364716
   0.007723999999999999
   0.0013784065679858994
   -0.9708    0.09914    0.2185
   0.1109    -0.6221    0.775
   0.2128    0.7766    0.593
 Node:         85
  0.1302E+03  0.1161E+03  0.4548E+03  0.3397E-02
   0.01028
  -0.005119
   0.006667
  -0.001362
   1.619E-4
   0.00625
   0.01422
   0.006164
   0.002897
   0.01009412586606686
   0.0077603333333333335
   0.004758416566697605
   -0.8146    0.56    0.151
   0.006458    -0.2516    0.9678
   0.5799    0.7894    0.2014
 Node:         86
  0.1252E+03  0.1138E+03  0.4701E+03  0.3397E-02
   0.008984
  -0.003107
   0.007797
  -0.005831
   0.001801
   0.006693
   0.01552
   0.006239
   0.001806
   0.012121514880574953
   0.007855
   0.005714136913538795
   -0.7113    0.4265    0.5586
   -0.2515    -0.8967    0.3643
   0.6563    0.1186    0.7451
 Node:         87
  0.1217E+03  0.1126E+03  0.4833E+03  0.3397E-02
   0.00956
  -2.435E-4
   0.006787
  -0.001098
   1.3E-4
   0.006929
   0.009988
   0.006763
   0.006521
   0.0033525570837794846
   0.007757333333333334
   0.0015804105655036467
   -0.9357    0.08564    0.3424
   -0.1352    -0.9831    -0.1236
   0.326    -0.162    0.9314
 Node:         88
  0.1338E+03  0.1169E+03  0.4532E+03  0.3397E-02
   0.009722
  -0.005409
   0.006883
  -0.001369
   0.002559
   0.006679
   0.01489
   0.006163
   0.002317
   0.01115868661626448
   0.007790000000000001
   0.005260255316997455
   -0.7339    0.6027    0.3133
   -0.4322    -0.05841    -0.8999
   -0.5241    -0.7958    0.3033
 Node:         89
  0.1270E+03  0.1150E+03  0.4684E+03  0.3397E-02
   0.01003
  -0.004031
   0.00683
  -0.003132
   8.525E-4
   0.006807
   0.01417
   0.005977
   0.003564
   0.00962899408038036
   0.007903666666666666
   0.004539151340161384
   -0.7851    0.4797    0.3917
   0.05207    -0.5791    0.8136
   0.6171    0.6592    0.4297
 Node:         90
  0.1248E+03  0.1132E+03  0.4822E+03  0.3397E-02
   0.009655
  -0.001044
   0.006859
  -7.531E-4
   4.033E-4
   0.006833
   0.01023
   0.006711
   0.006408
   0.003679867796538348
   0.007782999999999999
   0.0017347063152015098
   -0.9172    0.3158    0.2427
   0.3731    0.4676    0.8013
   -0.1396    -0.8256    0.5468
 Node:         91
  0.1258E+03  0.1261E+03  0.4549E+03  0.3397E-02
   0.008181
  -0.007096
   0.007952
  -0.003124
   0.001237
   0.006402
   0.01633
   0.005746
   6.286E-4
   0.013869801741913977
   0.007568200000000001
   0.006538287243613575
   -0.6961    0.6512    0.3024
   0.03461    -0.3902    0.9201
   0.7171    0.6509    0.2491
 Node:         92
  0.1209E+03  0.1233E+03  0.4725E+03  0.3397E-02
   0.009645
  -0.005323
   0.006855
  -0.004338
   6.075E-4
   0.006797
   0.01562
   0.006217
   0.001567
   0.012400115281722182
   0.007801333333333334
   0.0058454704021337935
   -0.7635    0.4967    0.4128
   0.01478    -0.6255    0.7801
   0.6456    0.6017    0.4703
 Node:         93
  0.1159E+03  0.1217E+03  0.4877E+03  0.3397E-02
   0.009676
   1.445E-6
   0.006756
  -0.002021
  -7.35E-4
   0.006962
   0.01081
   0.007066
   0.005521
   0.004710524493089915
   0.007799
   0.002220562541339469
   -0.873    -0.08845    0.4797
   -0.2985    0.8747    -0.3819
   -0.3858    -0.4765    -0.79
 Node:         94
  0.1312E+03  0.1263E+03  0.4540E+03  0.3397E-02
   0.007832
  -0.007063
   0.008163
  -0.002518
   3.611E-4
   0.006225
   0.01568
   0.006223
   4.889E-4
   0.013286915951792575
   0.007463966666666666
   0.006263512247045494
   -0.6964    0.6856    0.2122
   -0.05175    -0.3429    0.938
   0.7158    0.6422    0.2742
 Node:         95
  0.1249E+03  0.1235E+03  0.4706E+03  0.3397E-02
   0.009927
  -0.00488
   0.007266
  -0.005039
   6.702E-4
   0.006266
   0.01595
   0.006121
   0.0015
   0.012782123884550642
   0.007857000000000001
   0.006025550984488196
   -0.7683    0.4716    0.4328
   -0.08584    -0.7459    0.6605
   0.6343    0.4703    0.6135
 Node:         96
  0.1205E+03  0.1222E+03  0.4852E+03  0.3397E-02
   0.009848
  -3.381E-4
   0.006813
  -0.002397
  -2.008E-5
   0.006833
   0.01123
   0.006807
   0.005467
   0.005223537977271727
   0.007834666666666667
   0.0024623994170095338
   -0.875    0.06516    0.4797
   0.009263    -0.9885    0.1511
   0.484    0.1367    0.8643
 Node:         97
  0.1367E+03  0.1260E+03  0.4530E+03  0.3397E-02
   0.008052
  -0.005849
   0.00825
  -0.002769
   5.84E-4
   0.005973
   0.01481
   0.005953
   0.001655
   0.011618375058501081
   0.0074726666666666665
   0.005476954526823177
   -0.6962    0.6682    0.2625
   -0.09671    -0.4497    0.8879
   0.7113    0.5928    0.3777
 Node:         98
  0.1295E+03  0.1233E+03  0.4686E+03  0.3397E-02
   0.009659
  -0.007667
   0.007603
  -0.003969
   4.716E-4
   0.006216
   0.01757
   0.006099
   -1.98E-5
   0.01546648988102989
   0.007883066666666666
   0.007290973250686236
   -0.7479    0.5988    0.2865
   -0.04034    -0.4718    0.8808
   0.6625    0.6472    0.3771
 Node:         99
  0.1260E+03  0.1218E+03  0.4827E+03  0.3397E-02
   0.009798
  -0.002071
   0.00698
  -0.001296
   6.07E-4
   0.006788
   0.01137
   0.006331
   0.00586
   0.005290248670903854
   0.007853666666666667
   0.0024938471395728238
   -0.8452    0.4431    0.2987
   0.1933    -0.2675    0.944
   0.4982    0.8556    0.1405
 Node:        100
  0.1250E+03  0.1373E+03  0.4537E+03  0.0000E+00
   0.004323
   0.001263
  -4.675E-4
  -0.001859
  -8.825E-4
   6.727E-4
   0.005519
   7.424E-6
   -9.538E-4
   0.006049733937205503
   0.0015242079999999998
   0.002851871927581601
   -0.8893    -0.2444    0.3864
   -0.4513    0.3337    -0.8276
   -0.07336    0.9105    0.4071
 Node:        101
  0.1187E+03  0.1337E+03  0.4718E+03  0.0000E+00
   0.004164
   0.002989
   1.101E-4
   0.002024
   0.001495
   0.001076
   0.006847
   7.375E-5
   -0.001535
   0.007704638736663777
   0.00179525
   0.0036320015315250073
   -0.8036    -0.4435    -0.3969
   0.4465    -0.008221    -0.8948
   -0.3936    0.8962    -0.2046
 Node:        102
  0.1139E+03  0.1312E+03  0.4875E+03  0.0000E+00
   0.003169
   0.0022
   1.891E-4
   0.001837
   0.001367
   2.019E-4
   0.005354
   -5.56E-4
   -0.001214
   0.006264969592903066
   0.0011946666666666668
   0.002953334988712855
   -0.7982    -0.4475    -0.4034
   -0.5768    0.3742    0.7262
   0.174    -0.8122    0.5568
 Node:        103
  0.1323E+03  0.1364E+03  0.4531E+03  0.0000E+00
   0.004315
   6.436E-4
  -9.548E-4
  -0.002182
  -0.001003
   6.971E-4
   0.005547
   1.658E-5
   -0.001442
   0.006385887643577829
   0.0013738600000000002
   0.0030103363044461768
   -0.8877    -0.155    0.4335
   -0.4512    0.4797    -0.7525
   0.09131    0.8636    0.4958
 Node:        104
  0.1250E+03  0.1330E+03  0.4702E+03  0.0000E+00
   0.004491
   0.003706
  -3.067E-4
   0.002129
   0.001855
   0.001177
   0.007718
   1.365E-4
   -0.002423
   0.00913427784501873
   0.0018105000000000003
   0.0043059398703031914
   -0.7985    -0.4581    -0.3905
   0.4452    -0.01269    -0.8954
   -0.4052    0.8888    -0.2141
 Node:        105
  0.1200E+03  0.1317E+03  0.4854E+03  0.0000E+00
   0.003388
   0.002299
   1.028E-4
   0.001992
   0.001267
   1.924E-4
   0.005618
   -7.199E-4
   -0.001184
   0.006582232494374534
   0.0012380333333333333
   0.0031028941547457845
   -0.8103    -0.4299    -0.3981
   -0.5355    0.2674    0.8011
   0.2379    -0.8623    0.4469
 Node:        106
  0.1397E+03  0.1350E+03  0.4527E+03  0.0000E+00
   0.004184
   1.548E-4
  -0.001565
  -0.002072
  -3.683E-4
   5.826E-4
   0.0052
   -3.052E-4
   -0.00161
   0.006260424509568021
   0.0010949333333333331
   0.002951192415881343
   -0.9089    -0.04355    0.4147
   -0.4141    0.2103    -0.8856
   0.04866    0.9767    0.2092
 Node:        107
  0.1321E+03  0.1315E+03  0.4687E+03  0.0000E+00
   0.004968
   0.005091
  -5.569E-4
   0.001985
   0.001645
   9.539E-4
   0.008889
   1.672E-4
   -0.00357
   0.01107391394403984
   0.0018287333333333329
   0.005220293096071225
   -0.8151    -0.4915    -0.3065
   -0.314    -0.06967    0.9469
   -0.4868    0.8681    -0.09756
 Node:        108
  0.1273E+03  0.1303E+03  0.4831E+03  0.0000E+00
   0.003657
   0.002317
   4.861E-5
   0.00112
   5.406E-4
   1.134E-4
   0.005122
   -1.96E-4
   -0.001079
   0.005810043631505705
   0.0012823333333333332
   0.0027388808338849324
   -0.8728    -0.4244    -0.241
   -0.2136    -0.1118    0.9705
   -0.4388    0.8986    0.006959
 Node:        109
  0.1018E+03  0.1092E+03  0.4946E+03 -0.2939E-04
  -5.878E-5
   2.399E-16
  -5.878E-5
   9.595E-17
  -2.399E-17
  -5.878E-5
   -5.878E-5
   -5.878E-5
   -5.878E-5
   0.0
   -5.878E-5
   0.0
   -0.3792    -0.925    -0.024
   0.48    -0.2188    0.8495
   0.791    -0.3106    -0.527
 Node:        110
  0.1058E+03  0.1118E+03  0.5081E+03 -0.2939E-04
  -5.878E-5
   4.798E-17
  -5.878E-5
  -2.399E-17
  -8.995E-17
  -5.878E-5
   -5.878E-5
   -5.878E-5
   -5.878E-5
   0.0
   -5.878E-5
   0.0
   -0.02839    -0.09125    0.9954
   0.7348    0.6733    0.08267
   -0.6777    0.7337    0.04794
 Node:        111
  0.1108E+03  0.1137E+03  0.5210E+03 -0.2939E-04
  -5.878E-5
   9.595E-17
  -5.878E-5
  -4.798E-17
   5.637E-16
  -5.878E-5
   -5.878E-5
   -5.878E-5
   -5.878E-5
   0.0
   -5.878E-5
   0.0
   0.9393    0.3169    0.1318
   0.3364    -0.7738    -0.5367
   -0.06805    0.5485    -0.8334
 Node:        112
  0.1072E+03  0.1111E+03  0.4942E+03 -0.2939E-04
  -5.878E-5
   2.399E-16
  -5.878E-5
  -4.529E-37
   2.399E-17
  -5.878E-5
   -5.878E-5
   -5.878E-5
   -5.878E-5
   0.0
   -5.878E-5
   0.0
   0.3759    0.9265    0.01671
   0.9266    -0.3757    -0.01402
   0.006713    -0.02075    0.9998
 Node:        113
  0.1071E+03  0.1139E+03  0.5077E+03 -0.2939E-04
  -5.878E-5
   5.978E-36
  -5.878E-5
   2.879E-16
  -2.639E-16
  -5.878E-5
   -5.878E-5
   -5.878E-5
   -5.878E-5
   0.0
   -5.878E-5
   0.0
   -0.1654    0.6537    -0.7384
   -0.2298    -0.7537    -0.6158
   -0.9591    0.06786    0.2749
 Node:        114
  0.1093E+03  0.1164E+03  0.5209E+03 -0.2939E-04
  -5.878E-5
   1.919E-16
  -5.878E-5
  -4.798E-17
   9.595E-17
  -5.878E-5
   -5.878E-5
   -5.878E-5
   -5.878E-5
   0.0
   -5.878E-5
   0.0
   -0.6573    -0.7285    -0.1931
   -0.4203    0.1416    0.8963
   0.6256    -0.6703    0.3993
 Node:        115
  0.1129E+03  0.1120E+03  0.4932E+03 -0.2939E-04
  -5.878E-5
  -5.434E-37
  -5.878E-5
  -1.439E-16
  -4.798E-17
  -5.878E-5
   -5.878E-5
   -5.878E-5
   -5.878E-5
   0.0
   -5.878E-5
   0.0
   0.6708    0.2236    -0.7072
   0.3162    -0.9487    -1.267E-5
   -0.6709    -0.2236    -0.707
 Node:        116
  0.1092E+03  0.1143E+03  0.5068E+03 -0.2939E-04
  -5.878E-5
   8.995E-17
  -5.878E-5
   2.879E-16
   3.598E-17
  -5.878E-5
   -5.878E-5
   -5.878E-5
   -5.878E-5
   0.0
   -5.878E-5
   0.0
   -0.223    -0.9699    -0.09797
   0.8805    -0.2435    0.4067
   -0.4183    0.00443    0.9083
 Node:        117
