 Group name: gastroc_stress
 #Fields=  16
 1) coordinates, coordinate, rectangular cartesian, #Components=3
   x.  Value index= 1, #Derivatives=0
   y.  Value index= 2, #Derivatives=0
   z.  Value index= 3, #Derivatives=0
 2) Tensor_1, field, rectangular cartesian, #Components=1
   Tensor_1.  Value index= 4, #Derivatives=0
 3) Tensor_2, field, rectangular cartesian, #Components=1
   Tensor_2.  Value index= 5, #Derivatives=0
 4) Tensor_3, field, rectangular cartesian, #Components=1
   Tensor_3.  Value index= 6, #Derivatives=0
 5) Tensor_4, field, rectangular cartesian, #Components=1
   Tensor_4.  Value index= 7, #Derivatives=0
 6) Tensor_5, field, rectangular cartesian, #Components=1
   Tensor_5.  Value index= 8, #Derivatives=0
 7) Tensor_6, field, rectangular cartesian, #Components=1
   Tensor_6.  Value index= 9, #Derivatives=0
 8) Principal_1, field, rectangular cartesian, #Components=1
   Principal_1.  Value index= 10, #Derivatives=0
 9) Principal_2, field, rectangular cartesian, #Components=1
   Principal_2.  Value index= 11, #Derivatives=0
 10) Principal_3, field, rectangular cartesian, #Components=1
   Principal_3.  Value index= 12, #Derivatives=0
 11) VonMises, field, rectangular cartesian, #Components=1
   VonMises.  Value index= 13, #Derivatives=0
 12) Hydrostatic, field, rectangular cartesian, #Components=1
   VonMises.  Value index= 14, #Derivatives=0
 13) Octahedral, field, rectangular cartesian, #Components=1
   VonMises.  Value index= 15, #Derivatives=0
 14) PrincipalVector1, field, rectangular cartesian, #Components=3
   x.  Value index= 16, #Derivatives=0
   y.  Value index= 17, #Derivatives=0
   z.  Value index= 18, #Derivatives=0
 15) PrincipalVector2, field, rectangular cartesian, #Components=3
   x.  Value index= 19, #Derivatives=0
   y.  Value index= 20, #Derivatives=0
   z.  Value index= 21, #Derivatives=0
 16) PrincipalVector3, field, rectangular cartesian, #Components=3
   x.  Value index= 22, #Derivatives=0
   y.  Value index= 23, #Derivatives=0
   z.  Value index= 24, #Derivatives=0
 Node:          1
  0.1287E+03  0.1133E+03  0.4908E+03 -0.8215E-05
  -1.643E-5
  -1.439E-16
  -1.643E-5
  -4.797E-17
  -7.196E-17
  -1.643E-5
   -1.643E-5
   -1.643E-5
   -1.643E-5
   0.0
   -1.643E-5
   0.0
   0.966    -0.2571    -0.02712
   0.2489    0.9532    -0.1718
   0.07002    0.1592    0.9848
 Node:          2
  0.1292E+03  0.1137E+03  0.5052E+03 -0.8215E-05
  -1.643E-5
  -1.919E-16
  -1.643E-5
  -9.595E-17
   3.358E-16
  -1.643E-5
   -1.643E-5
   -1.643E-5
   -1.643E-5
   0.0
   -1.643E-5
   0.0
   0.895    -0.3984    -0.2008
   0.4461    0.7982    0.4048
   -9.603E-4    -0.4518    0.8921
 Node:          3
  0.1289E+03  0.1155E+03  0.5194E+03 -0.8215E-05
  -1.643E-5
   2.399E-16
  -1.643E-5
   1.919E-16
   9.595E-17
  -1.643E-5
   -1.643E-5
   -1.643E-5
   -1.643E-5
   0.0
   -1.643E-5
   0.0
   -0.4092    -0.8757    -0.2565
   0.496    -0.4494    0.7429
   0.7659    -0.1767    -0.6183
 Node:          4
  0.1361E+03  0.1141E+03  0.4915E+03 -0.8215E-05
  -1.643E-5
  -4.797E-17
  -1.643E-5
  -4.797E-17
  -1.439E-16
  -1.643E-5
   -1.643E-5
   -1.643E-5
   -1.643E-5
   0.0
   -1.643E-5
   0.0
   -0.04308    -0.0943    0.9946
   -0.9939    0.1055    -0.03304
   -0.1018    -0.9899    -0.09827
 Node:          5
  0.1341E+03  0.1144E+03  0.5054E+03 -0.8215E-05
  -1.643E-5
   2.399E-16
  -1.643E-5
   9.595E-17
  -1.199E-16
  -1.643E-5
   -1.643E-5
   -1.643E-5
   -1.643E-5
   0.0
   -1.643E-5
   0.0
   0.09699    -0.1794    0.979
   0.7185    0.6933    0.05585
   -0.6888    0.698    0.1961
 Node:          6
  0.1323E+03  0.1162E+03  0.5191E+03 -0.8215E-05
  -1.643E-5
   9.595E-17
  -1.643E-5
  -9.595E-17
  -4.797E-17
  -1.643E-5
   -1.643E-5
   -1.643E-5
   -1.643E-5
   0.0
   -1.643E-5
   0.0
   -0.715    -0.6928    0.09323
   0.693    -0.72    -0.03581
   0.09194    0.039    0.995
 Node:          7
  0.1408E+03  0.1171E+03  0.4920E+03 -0.8215E-05
  -1.643E-5
   3.838E-16
  -1.643E-5
  -1.439E-16
  -1.919E-16
  -1.643E-5
   -1.643E-5
   -1.643E-5
   -1.643E-5
   0.0
   -1.643E-5
   0.0
   0.8641    0.487    -0.1268
   -0.5006    0.8577    -0.1173
   0.05165    0.1648    0.985
 Node:          8
  0.1367E+03  0.1169E+03  0.5055E+03 -0.8215E-05
  -1.643E-5
   3.358E-16
  -1.643E-5
  -6.956E-16
  -4.078E-16
  -1.643E-5
   -1.643E-5
   -1.643E-5
   -1.643E-5
   0.0
   -1.643E-5
   0.0
   -0.7204    -0.627    0.2965
   0.636    -0.7678    -0.07821
   0.2767    0.1322    0.9518
 Node:          9
  0.1339E+03  0.1180E+03  0.5191E+03 -0.8215E-05
  -1.643E-5
   2.878E-16
  -1.643E-5
  -6.836E-16
  -4.797E-16
  -1.643E-5
   -1.643E-5
   -1.643E-5
   -1.643E-5
   0.0
   -1.643E-5
   0.0
   0.3025    0.1645    -0.9388
   0.9346    0.1423    0.3261
   -0.1872    0.9761    0.1107
 Node:         10
  0.1294E+03  0.1212E+03  0.4911E+03 -0.8215E-05
  -1.643E-5
   4.797E-17
  -1.643E-5
  -2.399E-17
   2.159E-16
  -1.643E-5
   -1.643E-5
   -1.643E-5
   -1.643E-5
   0.0
   -1.643E-5
   0.0
   0.02409    0.7089    0.7049
   0.1744    0.6913    -0.7012
   -0.9844    0.1398    -0.107
 Node:         11
  0.1295E+03  0.1214E+03  0.5055E+03 -0.8215E-05
  -1.643E-5
  -4.797E-17
  -1.643E-5
  -7.196E-17
   2.399E-17
  -1.643E-5
   -1.643E-5
   -1.643E-5
   -1.643E-5
   0.0
   -1.643E-5
   0.0
   -0.2763    0.1332    0.9518
   -0.5867    0.761    -0.2768
   0.7612    0.6349    0.1322
 Node:         12
  0.1295E+03  0.1217E+03  0.5196E+03 -0.8215E-05
  -1.643E-5
  -1.392E-37
  -1.643E-5
   1.319E-16
   4.797E-17
  -1.643E-5
   -1.643E-5
   -1.643E-5
   -1.643E-5
   0.0
   -1.643E-5
   0.0
   -0.2404    -0.08742    -0.9667
   -0.3419    0.9397    2.322E-5
   0.9085    0.3305    -0.2558
 Node:         13
  0.1361E+03  0.1199E+03  0.4914E+03 -0.8215E-05
  -1.643E-5
  -2.399E-16
  -1.643E-5
  -1.679E-16
   4.797E-17
  -1.643E-5
   -1.643E-5
   -1.643E-5
   -1.643E-5
   0.0
   -1.643E-5
   0.0
   0.9203    -0.37    -0.1273
   0.3697    0.9288    -0.02722
   0.1283    -0.022    0.9915
 Node:         14
  0.1342E+03  0.1198E+03  0.5054E+03 -0.8215E-05
  -1.643E-5
   4.797E-17
  -1.643E-5
   9.595E-17
  -1.559E-16
  -1.643E-5
   -1.643E-5
   -1.643E-5
   -1.643E-5
   0.0
   -1.643E-5
   0.0
   0.09998    -0.2649    0.9591
   -0.2953    -0.9284    -0.2256
   -0.9502    0.2607    0.171
 Node:         15
  0.1330E+03  0.1205E+03  0.5193E+03 -0.8215E-05
  -1.643E-5
  -1.439E-16
  -1.643E-5
   2.399E-17
   8.395E-17
  -1.643E-5
   -1.643E-5
   -1.643E-5
   -1.643E-5
   0.0
   -1.643E-5
   0.0
   0.9934    -0.1134    0.01426
   -0.01884    -0.2856    -0.9582
   0.1127    0.9516    -0.2858
 Node:         16
  0.1404E+03  0.1188E+03  0.4918E+03 -0.8215E-05
  -1.643E-5
   9.595E-17
  -1.643E-5
  -1.439E-16
  -2.519E-16
  -1.643E-5
   -1.643E-5
   -1.643E-5
   -1.643E-5
   0.0
   -1.643E-5
   0.0
   -0.1502    -0.2388    0.9594
   -0.794    -0.549    -0.261
   0.5891    -0.801    -0.1072
 Node:         17
  0.1365E+03  0.1184E+03  0.5055E+03 -0.8215E-05
  -1.643E-5
   4.797E-17
  -1.643E-5
   1.679E-16
   2.938E-16
  -1.643E-5
   -1.643E-5
   -1.643E-5
   -1.643E-5
   0.0
   -1.643E-5
   0.0
   0.248    0.4017    0.8816
   0.9357    -0.3351    -0.1105
   -0.251    -0.8523    0.459
 Node:         18
  0.1341E+03  0.1191E+03  0.5192E+03 -0.8215E-05
  -1.643E-5
  -1.851E-37
  -1.643E-5
   4.572E-17
   1.84E-16
  -1.643E-5
   -1.643E-5
   -1.643E-5
   -1.643E-5
   0.0
   -1.643E-5
   0.0
   0.02286    0.09199    0.9955
   0.9706    -0.2407    -4.195E-5
   -0.2396    -0.9662    0.09479
 Node:         19
  0.1301E+03  0.1291E+03  0.4914E+03  0.0000E+00
   4.934E-16
   0.0
   4.934E-16
   3.631E-19
   1.731E-17
  -9.869E-16
   4.936E-16
   4.934E-16
   -9.871E-16
   1.4806000101310279E-15
   -3.3333333333314155E-20
   6.979615382590138E-16
   -0.02097    -0.9997    -0.01169
   -0.9998    0.02097    -8.123E-17
   2.452E-4    0.01169    -0.9999
 Node:         20
  0.1299E+03  0.1291E+03  0.5058E+03  0.0000E+00
   9.869E-16
   0.0
   0.0
   1.799E-17
   3.326E-17
  -2.467E-16
   9.871E-16
   4.4E-18
   -2.514E-16
   1.1324785163525177E-15
   2.467E-16
   5.338554923072971E-16
   -0.9999    -4.917E-4    -0.01459
   0.002401    -0.9914    -0.1311
   -0.0144    -0.1312    0.9913
 Node:         21
  0.1301E+03  0.1280E+03  0.5197E+03  0.0000E+00
   4.934E-16
   0.0
   0.0
   7.196E-17
   2.549E-17
   4.934E-16
   5.66E-16
   4.222E-16
   -1.341E-18
   5.108528305500519E-16
   3.28953E-16
   2.408183337801893E-16
   -0.7039    -0.03195    -0.7096
   -0.7102    0.04241    0.7027
   -0.007642    -0.9986    0.05255
 Node:         22
  0.1360E+03  0.1256E+03  0.4913E+03  0.0000E+00
  -9.869E-16
   2.399E-17
  -4.934E-16
  -2.399E-17
   1.739E-16
   4.934E-16
   5.234E-16
   -5.215E-16
   -9.888E-16
   1.3410693755358072E-15
   -3.2896666666666662E-16
   6.321861663219854E-16
   -0.01298    0.1683    0.9857
   0.05935    0.9841    -0.1672
   -0.9982    0.05633    -0.02276
 Node:         23
  0.1343E+03  0.1253E+03  0.5054E+03  0.0000E+00
   0.0
   3.598E-17
  -1.974E-15
   0.0
   2.271E-16
  -7.401E-16
   6.796E-19
   -6.997E-16
   -2.015E-15
   1.7724996366646057E-15
   -9.046734666666666E-16
   8.355643418241562E-16
   0.9998    0.01889    0.00579
   -0.009011    0.1753    0.9845
   0.01758    -0.9843    0.1754
 Node:         24
  0.1336E+03  0.1248E+03  0.5194E+03  0.0000E+00
  -9.869E-16
   2.099E-17
   0.0
   2.399E-17
   1.499E-18
  -7.401E-16
   4.516E-19
   -7.379E-16
   -9.896E-16
   8.912682384908372E-16
   -5.756827999999999E-16
   4.2014787686204007E-16
   -0.02132    -0.9998    -0.002714
   0.09549    -0.004739    0.9954
   -0.9952    0.02096    0.09557
 Node:         25
  0.1400E+03  0.1206E+03  0.4917E+03  0.0000E+00
   0.0
   4.617E-16
  -4.934E-16
  -1.439E-16
  -2.249E-16
   9.869E-16
   1.067E-15
   2.05E-16
   -7.785E-16
   1.5994040296310373E-15
   1.6449999999999999E-16
   7.539662901394642E-16
   -0.2161    -0.2016    0.9553
   0.839    0.4621    0.2874
   -0.4994    0.8636    0.06929
 Node:         26
  0.1363E+03  0.1200E+03  0.5055E+03  0.0000E+00
   9.869E-16
   1.859E-16
  -2.714E-15
   4.797E-17
  -1.943E-15
  -2.467E-16
   1.006E-15
   8.09E-16
   -3.789E-15
   4.699597748744035E-15
   -6.579999999999999E-16
   2.215411624657293E-15
   0.968    0.1526    -0.1995
   0.2481    -0.4578    0.8538
   -0.03892    0.8759    0.4809
 Node:         27
  0.1343E+03  0.1203E+03  0.5192E+03  0.0000E+00
   9.869E-16
  -3.358E-16
   9.869E-16
  -1.799E-16
   2.27E-15
   0.0
   2.89E-15
   9.15E-16
   -1.831E-15
   4.1066398673367985E-15
   6.58E-16
   1.9358885987232494E-15
   -0.1931    0.7658    0.6135
   0.9808    0.1345    0.1409
   0.02534    0.6289    -0.7771
 Node:         28
  0.1155E+03  0.1124E+03  0.4931E+03 -0.4855E-04
  -9.71E-5
   6.597E-17
  -9.71E-5
  -9.596E-17
   9.596E-17
  -9.71E-5
   -9.71E-5
   -9.71E-5
   -9.71E-5
   0.0
   -9.709999999999999E-5
   0.0
   0.02392    0.9835    0.1795
   0.07202    0.1774    -0.9815
   -0.9971    0.03641    -0.06659
 Node:         29
  0.1119E+03  0.1139E+03  0.5068E+03 -0.4855E-04
  -9.71E-5
  -3.598E-17
  -9.71E-5
   9.596E-17
   1.199E-17
  -9.71E-5
   -9.71E-5
   -9.71E-5
   -9.71E-5
   0.0
   -9.709999999999999E-5
   0.0
   -0.03582    0.9993    0.005767
   -0.9821    -0.03413    -0.1855
   -0.1851    -0.01231    0.9826
 Node:         30
  0.1113E+03  0.1159E+03  0.5206E+03 -0.4855E-04
  -9.71E-5
   2.159E-16
  -9.71E-5
   1.346E-36
  -4.798E-17
  -9.71E-5
   -9.71E-5
   -9.71E-5
   -9.71E-5
   0.0
   -9.709999999999999E-5
   0.0
   0.7037    0.7089    -0.04782
   -0.7087    0.6955    -0.1186
   -0.05078    0.1173    0.9918
 Node:         31
  0.1203E+03  0.1126E+03  0.4920E+03 -0.4855E-04
  -9.71E-5
   1.679E-16
  -9.71E-5
   4.798E-17
   7.197E-17
  -9.71E-5
   -9.71E-5
   -9.71E-5
   -9.71E-5
   0.0
   -9.709999999999999E-5
   0.0
   -0.7438    -0.4294    -0.5123
   0.5143    0.1219    -0.8489
   0.427    -0.8949    0.1301
 Node:         32
  0.1188E+03  0.1134E+03  0.5062E+03 -0.4855E-04
  -9.71E-5
  -2.399E-17
  -9.71E-5
  -4.798E-17
   1.679E-16
  -9.71E-5
   -9.71E-5
   -9.71E-5
   -9.71E-5
   0.0
   -9.709999999999999E-5
   0.0
   0.9989    -0.02088    -0.04162
   0.04656    0.4511    0.8912
   1.658E-4    -0.8922    0.4516
 Node:         33
  0.1183E+03  0.1150E+03  0.5201E+03 -0.4855E-04
  -9.71E-5
   9.596E-17
  -9.71E-5
   1.439E-16
  -1.795E-36
  -9.71E-5
   -9.71E-5
   -9.71E-5
   -9.71E-5
   0.0
   -9.709999999999999E-5
   0.0
   0.9536    0.1669    0.2505
   1.659E-4    0.8318    -0.5551
   -0.301    0.5294    0.7932
 Node:         34
  0.1255E+03  0.1129E+03  0.4909E+03 -0.4855E-04
  -9.71E-5
  -2.094E-36
  -9.71E-5
   9.596E-17
   1.679E-16
  -9.71E-5
   -9.71E-5
   -9.71E-5
   -9.71E-5
   0.0
   -9.709999999999999E-5
   0.0
   0.3509    0.6139    0.7071
   -0.8681    0.4963    -8.228E-5
   -0.351    -0.6139    0.7071
 Node:         35
  0.1260E+03  0.1135E+03  0.5054E+03 -0.4855E-04
  -9.71E-5
   1.919E-16
  -9.71E-5
   1.919E-16
   4.318E-16
  -9.71E-5
   -9.71E-5
   -9.71E-5
   -9.71E-5
   0.0
   -9.709999999999999E-5
   0.0
   0.746    0.4709    0.4709
   -0.666    0.5275    0.5275
   2.334E-5    -0.7071    0.7071
 Node:         36
  0.1257E+03  0.1153E+03  0.5196E+03 -0.4855E-04
  -9.71E-5
  -9.596E-17
  -9.71E-5
  -9.596E-17
   1.439E-16
  -9.71E-5
   -9.71E-5
   -9.71E-5
   -9.71E-5
   0.0
   -9.709999999999999E-5
   0.0
   -0.5155    0.606    0.6059
   0.8569    0.3644    0.3645
   -9.202E-5    -0.7071    0.7071
 Node:         37
  0.1132E+03  0.1210E+03  0.4959E+03 -0.4855E-04
  -9.71E-5
   2.399E-16
  -9.71E-5
  -1.439E-16
   3.119E-16
  -9.71E-5
   -9.71E-5
   -9.71E-5
   -9.71E-5
   0.0
   -9.709999999999999E-5
   0.0
   -0.5072    -0.7958    -0.3309
   0.7559    -0.2263    -0.6144
   0.4141    -0.5617    0.7163
 Node:         38
  0.1111E+03  0.1204E+03  0.5085E+03 -0.4855E-04
  -9.71E-5
   1.679E-16
  -9.71E-5
  -4.798E-17
  -1.439E-16
  -9.71E-5
   -9.71E-5
   -9.71E-5
   -9.71E-5
   0.0
   -9.709999999999999E-5
   0.0
   0.2119    0.9668    -0.1429
   0.9723    -0.2233    -0.06853
   0.09816    0.1244    0.9874
 Node:         39
  0.1119E+03  0.1201E+03  0.5207E+03 -0.4855E-04
  -9.71E-5
  -1.679E-16
  -9.71E-5
  -1.439E-16
  -1.319E-16
  -9.71E-5
   -9.71E-5
   -9.71E-5
   -9.71E-5
   0.0
   -9.709999999999999E-5
   0.0
   0.9213    -0.07991    -0.3805
   0.3608    -0.1891    0.9133
   -0.1449    -0.9787    -0.1454
 Node:         40
  0.1191E+03  0.1220E+03  0.4937E+03 -0.4855E-04
  -9.71E-5
   1.439E-16
  -9.71E-5
   1.439E-16
  -2.399E-17
  -9.71E-5
   -9.71E-5
   -9.71E-5
   -9.71E-5
   0.0
   -9.709999999999999E-5
   0.0
   0.9817    0.1345    0.1345
   -1.047E-4    0.7075    -0.7067
   -0.1902    0.6938    0.6946
 Node:         41
  0.1182E+03  0.1217E+03  0.5073E+03 -0.4855E-04
  -9.71E-5
  -4.798E-17
  -9.71E-5
   9.596E-17
   1.679E-16
  -9.71E-5
   -9.71E-5
   -9.71E-5
   -9.71E-5
   0.0
   -9.709999999999999E-5
   0.0
   -0.1538    -0.1966    -0.9684
   -0.962    0.2534    0.1014
   0.2254    0.9472    -0.2281
 Node:         42
  0.1187E+03  0.1212E+03  0.5204E+03 -0.4855E-04
  -9.71E-5
  -9.596E-17
  -9.71E-5
   1.197E-36
   9.596E-17
  -9.71E-5
   -9.71E-5
   -9.71E-5
   -9.71E-5
   0.0
   -9.709999999999999E-5
   0.0
   -0.01861    0.09764    0.995
   -0.9834    0.178    -0.03586
   -0.1806    -0.9792    0.0927
 Node:         43
  0.1258E+03  0.1217E+03  0.4915E+03 -0.4855E-04
  -9.71E-5
   1.919E-16
  -9.71E-5
  -2.399E-17
   5.984E-37
  -9.71E-5
   -9.71E-5
   -9.71E-5
   -9.71E-5
   0.0
   -9.709999999999999E-5
   0.0
   0.9458    0.3243    -0.01746
   -0.3241    0.946    0.01155
   0.02026    -0.00527    0.9998
 Node:         44
  0.1259E+03  0.1220E+03  0.5059E+03 -0.4855E-04
  -9.71E-5
   2.399E-16
  -9.71E-5
   1.679E-16
   1.919E-16
  -9.71E-5
   -9.71E-5
   -9.71E-5
   -9.71E-5
   0.0
   -9.709999999999999E-5
   0.0
   -0.3605    -0.3834    -0.8503
   -0.6208    -0.5818    0.5255
   0.6961    -0.7173    0.02831
 Node:         45
  0.1261E+03  0.1221E+03  0.5198E+03 -0.4855E-04
  -9.71E-5
  -1.439E-16
  -9.71E-5
   4.798E-17
  -1.199E-17
  -9.71E-5
   -9.71E-5
   -9.71E-5
   -9.71E-5
   0.0
   -9.709999999999999E-5
   0.0
   0.06679    -0.01247    0.9977
   -0.9877    0.1408    0.06788
   -0.1413    -0.99    -0.002917
 Node:         46
  0.1117E+03  0.1296E+03  0.4959E+03  0.0000E+00
  -2.467E-16
   4.797E-17
  -7.401E-16
   1.199E-17
  -4.497E-17
   0.0
   3.057E-18
   -2.423E-16
   -7.476E-16
   6.629532710146319E-16
   -3.2894766666666664E-16
   3.125191690294995E-16
   0.03676    -0.058    0.9976
   0.9946    0.09864    -0.03092
   -0.09662    0.9934    0.06131
 Node:         47
  0.1107E+03  0.1269E+03  0.5087E+03  0.0000E+00
  -7.401E-16
  -5.397E-17
   4.934E-16
  -4.797E-17
   6.896E-17
   0.0
   5.058E-16
   -7.273E-18
   -7.452E-16
   1.0892155802819752E-15
   -8.222433333333333E-17
   5.1346114866095E-16
   -0.04821    0.9891    0.1394
   -0.05424    -0.142    0.9884
   -0.9974    -0.04009    -0.06049
 Node:         48
  0.1125E+03  0.1242E+03  0.5208E+03  0.0000E+00
   4.934E-16
   5.997E-18
   4.934E-16
   0.0
  -2.998E-18
   4.934E-16
   5.001E-16
   4.934E-16
   4.867E-16
   1.1604740410711462E-17
   4.934E-16
   5.470527092215756E-18
   -0.6325    -0.7071    0.3162
   0.4472    -2.276E-15    0.8944
   0.6325    -0.7071    -0.3162
 Node:         49
  0.1186E+03  0.1311E+03  0.4938E+03  0.0000E+00
  -7.401E-16
  -3.598E-17
   0.0
  -7.196E-17
  -1.049E-17
  -2.467E-16
   1.947E-18
   -2.366E-16
   -7.523E-16
   6.677348643803167E-16
   -3.2898433333333336E-16
   3.1477323375866775E-16
   0.04561    -0.9985    0.02894
   -0.143    0.02215    0.9895
   -0.9887    -0.04926    -0.1418
 Node:         50
  0.1180E+03  0.1298E+03  0.5075E+03  0.0000E+00
   0.0
  -2.249E-17
   1.48E-15
  -7.196E-17
   2.155E-17
   9.869E-16
   1.482E-15
   9.91E-16
   -5.513E-18
   1.3127859849072886E-15
   8.224956666666666E-16
   6.188532481164029E-16
   0.01739    -0.9988    -0.04603
   -0.07128    -0.04716    0.9963
   0.9973    0.01405    0.07201
 Node:         51
  0.1192E+03  0.1275E+03  0.5206E+03  0.0000E+00
   0.0
  -5.997E-18
  -2.467E-16
   0.0
   2.549E-17
   4.934E-16
   4.943E-16
   1.449E-19
   -2.477E-16
   6.54286006770747E-16
   8.22483E-17
   3.0843338148204166E-16
   -4.17E-4    0.03438    0.9994
   0.9997    -0.02416    0.001248
   0.02418    0.9991    -0.03436
 Node:         52
  0.1262E+03  0.1305E+03  0.4920E+03  0.0000E+00
   4.934E-16
  -2.399E-17
   4.934E-16
   2.249E-18
   8.48E-18
   0.0
   5.175E-16
   4.696E-16
   -1.6E-19
   4.95449666061044E-16
   3.2898E-16
   2.335572124055831E-16
   -0.7061    0.708    0.008534
   0.7081    0.706    0.01614
   -0.005403    -0.01744    0.9998
 Node:         53
  0.1258E+03  0.1304E+03  0.5063E+03  0.0000E+00
  -7.401E-16
  -2.998E-18
  -4.934E-16
   4.797E-17
   5.847E-17
  -9.869E-16
   -4.866E-16
   -7.314E-16
   -1.002E-15
   4.465358664206045E-16
   -7.399999999999999E-16
   2.104990261260132E-16
   0.0104    0.9931    0.1171
   -0.9836    0.03123    -0.1776
   -0.18    -0.1133    0.9771
 Node:         54
  0.1265E+03  0.1288E+03  0.5200E+03  0.0000E+00
  -9.869E-16
   3.598E-17
   4.934E-16
   0.0
  -7.496E-18
   4.934E-16
   5.014E-16
   4.864E-16
   -9.877E-16
   1.4816569474746847E-15
   3.3333333333314155E-20
   6.984597833010066E-16
   0.01758    0.7272    -0.6862
   0.01675    0.686    0.7274
   -0.9997    0.02428    1.229E-4
 Node:         55
  0.1382E+03  0.1168E+03  0.4537E+03  0.2733E-02
   0.04431
  -0.02128
   0.01737
   0.002564
   0.03758
   0.01036
   0.06627
   0.03415
   -0.02768
   0.08270805825311098
   0.024246666666666666
   0.03898895256636451
   -0.5319    0.6935    0.4859
   -0.8166    -0.2683    -0.5111
   0.224    0.6687    -0.709
 Node:         56
  0.1314E+03  0.1156E+03  0.4689E+03  0.2733E-02
   0.04435
  -9.107E-4
   0.01164
   0.02259
   0.004808
   0.005077
   0.05255
   0.01392
   -0.006408
   0.051872681866277165
   0.02002066666666667
   0.024453016737318024
   -0.9036    -0.03955    -0.4266
   -0.1411    0.9676    0.2092
   0.4045    0.2492    -0.8799
 Node:         57
  0.1285E+03  0.1140E+03  0.4824E+03  0.2733E-02
   0.05387
   0.009047
   0.005369
   0.007474
  -0.005045
   0.005043
   0.05615
   0.01041
   -0.00227
   0.05322511813044664
   0.02143
   0.02509056130632925
   -0.9786    -0.1617    -0.1269
   0.02364    -0.7019    0.7119
   -0.2042    0.6937    0.6907
 Node:         58
  0.1484E+03  0.1177E+03  0.4537E+03  0.2733E-02
   0.04322
  -0.05489
   0.02768
  -0.008561
   0.0294
   0.003389
   0.1056
   0.005743
   -0.0293
   0.12123828252247719
   0.02734766666666667
   0.05715227447403607
   -0.6857    0.675    0.2722
   0.5484    0.2333    0.803
   -0.4786    -0.6999    0.5301
 Node:         59
  0.1419E+03  0.1166E+03  0.4696E+03  0.2733E-02
   0.04534
  -0.04729
   0.02073
   0.002542
   0.01781
   0.002436
   0.08688
   0.01038
   -0.02449
   0.09866976183208308
   0.024256666666666666
   0.04651337179301835
   -0.7618    0.6351    0.128
   -0.4167    -0.3289    -0.8475
   -0.4961    -0.6989    0.5152
 Node:         60
  0.1375E+03  0.1150E+03  0.4832E+03  0.2733E-02
   0.05478
  -0.008681
   0.007679
   0.00417
   5.366E-4
   0.004942
   0.05606
   0.006935
   0.003906
   0.050707396807566446
   0.022300333333333335
   0.023903696092631554
   -0.981    0.1777    -0.07766
   0.1194    0.8691    0.4801
   -0.1528    -0.4617    0.8738
 Node:         61
  0.1555E+03  0.1221E+03  0.4535E+03  0.2733E-02
   0.05163
  -0.05175
   0.01635
  -0.03577
   0.04545
  -0.009381
   0.1297
   -0.01129
   -0.04187
   0.15850801462386688
   0.025513333333333343
   0.07472139467530181
   -0.721    0.5779    0.3824
   0.6848    0.5099    0.5206
   -0.1059    -0.6372    0.7634
 Node:         62
  0.1493E+03  0.1203E+03  0.4699E+03  0.2733E-02
   0.05832
  -0.08551
   0.01789
  -0.01944
   0.03117
  -0.006166
   0.1542
   -0.009821
   -0.05238
   0.18893048102675228
   0.030666333333333334
   0.08906268287123525
   -0.772    0.5975    0.2167
   0.3408    0.1014    0.9346
   0.5365    0.7954    -0.282
 Node:         63
  0.1437E+03  0.1181E+03  0.4838E+03  0.2733E-02
   0.0588
  -0.02511
   0.008829
  -2.64E-4
   0.002254
   0.003666
   0.07094
   0.004187
   -0.002246
   0.07019094348275995
   0.02429366666666667
   0.03308832807636084
   -0.924    0.3819    0.01713
   0.1372    0.2894    0.9473
   0.3569    0.8777    -0.3198
 Node:         64
  0.1414E+03  0.1253E+03  0.4526E+03  0.2733E-02
   0.0461
   0.01104
   0.01798
  -0.02024
   0.01508
   0.002422
   0.05185
   0.02981
   -0.01497
   0.058974241834889245
   0.02223
   0.027800724211190373
   -0.9366    -0.1665    0.3082
   0.008729    0.8685    0.4956
   -0.3502    0.4669    -0.812
 Node:         65
  0.1341E+03  0.1229E+03  0.4684E+03  0.2733E-02
   0.0497
  -0.005877
   0.01567
  -0.008451
   0.006955
   0.003357
   0.05008
   0.01763
   -3.77E-4
   0.04428974710923511
   0.02244433333333333
   0.020878387011984956
   -0.9539    0.2231    0.201
   0.2767    0.9129    0.3
   0.1166    -0.3418    0.9325
 Node:         66
  0.1299E+03  0.1214E+03  0.4825E+03  0.2733E-02
   0.05628
  -0.003729
   0.00716
   0.002081
  -0.001464
   0.005111
   0.05628
   0.007606
   0.004325
   0.05039466867635901
   0.022736999999999997
   0.023756274637801833
   -0.996    0.07794    -0.04276
   0.08883    0.8909    -0.4454
   -0.003379    0.4475    0.8943
 Node:         67
  0.1501E+03  0.1244E+03  0.4528E+03  0.2733E-02
   0.04633
  -0.03175
   0.01666
  -0.01764
   0.01138
   0.003613
   0.07426
   -0.002649
   -0.003641
   0.07740976729715703
   0.02265666666666667
   0.036491314257261584
   -0.7946    0.5356    0.2858
   -0.3612    -0.03875    -0.9317
   -0.488    -0.8436    0.2243
 Node:         68
  0.1433E+03  0.1224E+03  0.4690E+03  0.2733E-02
   0.05174
  -0.06154
   0.01686
  -0.01899
   0.01682
   0.004179
   0.1111
   -0.001975
   -0.02875
   0.1285707562978456
   0.02679166666666667
   0.06060883576032642
   -0.7787    0.5819    0.2346
   0.239    -0.07053    0.9684
   0.58    0.8102    -0.08415
 Node:         69
  0.1380E+03  0.1205E+03  0.4831E+03  0.2733E-02
   0.05721
  -0.0184
   0.008362
  -0.003402
   0.004724
   0.00537
   0.06409
   0.007181
   -6.798E-5
   0.060858148138605066
   0.023734340000000003
   0.028688806159508737
   -0.9429    0.3229    0.08174
   0.2461    0.51    0.8243
   -0.2244    -0.7973    0.5603
 Node:         70
  0.1557E+03  0.1241E+03  0.4532E+03  0.2733E-02
   0.04874
  -0.03979
   0.006346
  -0.04443
   0.02994
   0.0102
   0.1104
   -0.01528
   -0.02199
   0.12916578223353117
   0.024376666666666668
   0.06088933367639652
   -0.7432    0.4574    0.4883
   0.6589    0.6273    0.4152
   0.1163    -0.6303    0.7676
 Node:         71
  0.1495E+03  0.1222E+03  0.4698E+03  0.2733E-02
   0.05632
  -0.08331
   0.01228
  -0.05969
   0.04324
   0.007315
   0.1747
   -0.02726
   -0.04796
   0.21306549134010416
   0.033159999999999995
   0.1004400358422875
   -0.7408    0.5297    0.4131
   0.313    -0.2719    0.91
   0.5943    0.8034    0.03566
 Node:         72
  0.1435E+03  0.1199E+03  0.4838E+03  0.2733E-02
   0.0588
  -0.02844
   0.008021
  -0.01293
   0.01003
   0.005828
   0.07719
   0.003748
   -0.006241
   0.07891210061201007
   0.024899
   0.037199520973618276
   -0.8876    0.4045    0.2204
   0.3528    0.2893    0.8899
   -0.2962    -0.8676    0.3994
 Node:         73
  0.1446E+03  0.1339E+03  0.4520E+03  0.0000E+00
   0.05646
  -0.01484
  -0.009102
   0.004589
  -0.005619
   0.007585
   0.06241
   0.008362
   -0.01214
   0.06670540011123537
   0.019544000000000002
   0.031445227173610944
   -0.9726    0.2055    -0.109
   -0.15    -0.1955    0.9692
   0.1779    0.9589    0.221
 Node:         74
  0.1368E+03  0.1304E+03  0.4682E+03  0.0000E+00
   0.06332
  -0.009822
  -0.004413
   0.004397
  -0.009969
   0.005266
   0.06818
   0.009915
   -0.01035
   0.07061317635540836
   0.022581666666666667
   0.033287370561353884
   -0.985    0.1447    -0.09432
   0.1542    0.4905    -0.8577
   0.07783    0.8593    0.5054
 Node:         75
  0.1313E+03  0.1289E+03  0.4826E+03  0.0000E+00
   0.05548
  -0.003966
  -5.474E-4
  -0.003751
  -0.002149
   3.493E-4
   0.05704
   0.002065
   -0.002745
   0.057531004467156664
   0.018786666666666667
   0.027120375591466687
   -0.9958    0.06581    0.06345
   0.006843    -0.6384    0.7696
   0.09116    0.7668    0.6353
 Node:         76
  0.1517E+03  0.1311E+03  0.4523E+03  0.0000E+00
   0.05638
  -0.02235
  -0.01225
  -0.005011
   0.02214
   0.01141
   0.06823
   0.02005
   -0.02612
   0.08171567719844217
   0.02072
   0.03852113965084626
   -0.9225    0.3155    0.2226
   0.3397    0.3893    0.8562
   -0.1835    -0.8654    0.4663
 Node:         77
  0.1447E+03  0.1282E+03  0.4687E+03  0.0000E+00
   0.0688
   0.002041
  -0.00609
  -0.00293
   0.01676
   0.005119
   0.07382
   0.01669
   -0.01663
   0.07923150194209372
   0.024626666666666668
   0.03735008820456639
   -0.9991    -0.01584    0.03984
   0.02265    0.594    0.8041
   -0.0364    0.8043    -0.5931
 Node:         78
  0.1384E+03  0.1261E+03  0.4829E+03  0.0000E+00
   0.05815
   0.00509
  -4.146E-4
  -0.002917
  -2.33E-5
   2.15E-4
   0.06042
   1.203E-4
   -8.799E-4
   0.060805969937745424
   0.0198868
   0.028664209119736758
   -0.9954    -0.0832    0.04836
   0.02802    0.2302    0.9727
   -0.09206    0.9696    -0.2268
 Node:         79
  0.1559E+03  0.1262E+03  0.4530E+03  0.0000E+00
   0.05613
   0.04498
   0.004204
   0.007036
   0.001123
  -0.02913
   0.1001
   -0.02205
   -0.02672
   0.12455068004631689
   0.017109999999999997
   0.05871375364143112
   -0.8738    -0.4836    -0.05165
   0.3169    -0.6467    0.6938
   -0.3689    0.5898    0.7184
 Node:         80
  0.1497E+03  0.1241E+03  0.4696E+03  0.0000E+00
   0.07109
   0.04282
   0.001441
   0.009538
  -0.00161
  -0.02368
   0.1115
   -0.01485
   -0.02492
   0.13167411248988922
   0.02391
   0.062071771898880634
   -0.9142    -0.4008    -0.05974
   0.2486    -0.6711    0.6984
   -0.32    0.6236    0.7132
 Node:         81
  0.1433E+03  0.1217E+03  0.4837E+03  0.0000E+00
   0.05901
   0.01073
   4.206E-5
   0.002411
   5.234E-4
  -0.002943
   0.06383
   -0.001808
   -0.002917
   0.06619946727127039
   0.019701666666666666
   0.031206728145634802
   -0.985    -0.1683    -0.03688
   -0.1709    0.9816    0.08467
   -0.02195    -0.0897    0.9957
 Node:         82
  0.1267E+03  0.1149E+03  0.4568E+03 -0.1498E-01
   0.01643
  -0.01369
  -0.02584
   0.005371
   0.02368
  -0.02937
   0.02019
   -0.005627
   -0.05303
   0.06432235341621138
   -0.012822333333333333
   0.030321848188320507
   -0.9538    0.2967    0.04791
   0.2433    0.6689    0.7024
   -0.1763    -0.6816    0.7101
 Node:         83
  0.1234E+03  0.1130E+03  0.4722E+03 -0.1498E-01
   0.01407
  -0.00112
  -0.02826
   0.03825
   0.01026
  -0.0343
   0.03633
   -0.02659
   -0.05642
   0.08201011462008817
   -0.01556
   0.03865993878250024
   0.882    0.0685    0.4662
   0.2073    -0.9449    -0.2535
   0.4231    0.3202    -0.8476
 Node:         84
  0.1187E+03  0.1123E+03  0.4849E+03 -0.1498E-01
   0.02021
   8.827E-4
  -0.02984
   0.01431
  -5.931E-4
  -0.03396
   0.02417
   -0.03031
   -0.03694
   0.05807951187811413
   -0.01436
   0.027378944464679422
   0.9727    0.01266    0.2319
   0.01427    0.9934    -0.1141
   -0.2318    0.1143    0.966
 Node:         85
  0.1302E+03  0.1161E+03  0.4556E+03 -0.1498E-01
   0.01557
  -0.0125
  -0.02465
   0.0088
   0.03516
  -0.02806
   0.01872
   0.008399
   -0.06278
   0.0768609884206546
   -0.011887
   0.03623261741396372
   0.9385    -0.3334    -0.08966
   0.3    0.6588    0.6899
   0.171    0.6744    -0.7183
 Node:         86
  0.1252E+03  0.1138E+03  0.4706E+03 -0.1498E-01
   0.01497
   0.01987
  -0.01781
   0.07319
   0.03631
  -0.03274
   0.08769
   -0.02799
   -0.08212
   0.1502453916098594
   -0.007473333333333332
   0.07082635683290665
   0.7535    0.3685    0.5445
   -0.4611    0.8865    0.03818
   -0.4686    -0.2798    0.8379
 Node:         87
  0.1217E+03  0.1126E+03  0.4834E+03 -0.1498E-01
   0.01934
   4.294E-4
  -0.0296
   0.01807
  -0.002912
  -0.03354
   0.02532
   -0.02933
   -0.03928
   0.0602444395774415
   -0.01443
   0.028399501169328073
   0.9586    -0.009208    0.2847
   0.092    0.9559    -0.2788
   -0.2696    0.2935    0.9172
 Node:         88
  0.1338E+03  0.1169E+03  0.4539E+03 -0.1498E-01
   0.009514
  -0.02031
  -0.02534
   0.007308
   0.04903
  -0.02244
   0.03186
   0.008874
   -0.07565
   0.09805881620741706
   -0.011638666666666665
   0.046225369263593295
   -0.4285    0.6938    0.5788
   0.8815    0.1803    0.4365
   0.1984    0.6972    -0.6889
 Node:         89
  0.1270E+03  0.1150E+03  0.4689E+03 -0.1498E-01
   0.008052
   0.004503
  -0.02736
   0.03096
   0.01272
  -0.03099
   0.02722
   -0.02682
   -0.05117
   0.06949185635741789
   -0.016923333333333332
   0.032758775245047785
   0.8608    0.1895    0.4723
   -0.3441    0.9004    0.2661
   -0.3749    -0.3916    0.8403
 Node:         90
  0.1248E+03  0.1132E+03  0.4822E+03 -0.1498E-01
   0.01803
   0.01028
  -0.03067
   0.009374
  -0.005148
  -0.03082
   0.02147
   -0.02603
   -0.03916
   0.05524782258152804
   -0.014573333333333334
   0.026044073328793164
   0.9741    0.1686    0.1508
   -0.01142    0.7026    -0.7115
   -0.2259    0.6914    0.6863
 Node:         91
  0.1260E+03  0.1263E+03  0.4550E+03 -0.1498E-01
   0.01137
   0.019
  -0.01678
  -0.008666
   0.03683
  -0.03035
   0.0243
   0.006072
   -0.06418
   0.08092068304209994
   -0.011269333333333334
   0.038146375811544085
   -0.6982    -0.6318    -0.3368
   0.6805    -0.4394    -0.5864
   0.2225    -0.6386    0.7367
 Node:         92
  0.1210E+03  0.1234E+03  0.4726E+03 -0.1498E-01
   0.01302
  -8.507E-4
  -0.02362
   0.002327
   0.02572
  -0.02711
   0.01244
   3.562E-4
   -0.05119
   0.05853121328351223
   -0.012797933333333332
   0.027591878549231754
   0.9963    0.037    0.07809
   -0.08002    0.7363    0.672
   0.03263    0.6757    -0.7365
 Node:         93
  0.1159E+03  0.1217E+03  0.4877E+03 -0.1498E-01
   0.02031
  -0.00249
  -0.02952
   0.004372
   0.00574
  -0.03025
   0.02072
   -0.0244
   -0.0359
   0.051835744424094075
   -0.013193333333333335
   0.024435604260086462
   0.9962    -0.03799    0.07798
   0.0251    -0.7342    -0.6784
   0.08303    0.6778    -0.7305
 Node:         94
  0.1314E+03  0.1265E+03  0.4540E+03 -0.1498E-01
   0.009186
   0.01786
  -0.01515
  -0.02241
   0.03328
  -0.02702
   0.01891
   0.01373
   -0.06374
   0.08018558411584965
   -0.010366666666666668
   0.037799846854481074
   0.9404    0.1301    -0.3142
   0.0934    0.7895    0.6066
   0.327    -0.5998    0.7303
 Node:         95
  0.1250E+03  0.1236E+03  0.4707E+03 -0.1498E-01
   0.01021
  -0.003814
  -0.02183
  -0.002944
   0.01768
  -0.02461
   0.01079
   -0.007136
   -0.04168
   0.04619377832565767
   -0.012675333333333335
   0.0217759559351338
   0.9621    -0.2064    -0.1784
   0.2727    0.7068    0.6527
   -0.008606    -0.6766    0.7363
 Node:         96
  0.1205E+03  0.1222E+03  0.4852E+03 -0.1498E-01
   0.01976
  -0.002691
  -0.02937
   0.00526
   0.004641
  -0.03026
   0.02032
   -0.02546
   -0.035
   0.05122071065496847
   -0.013380000000000001
   0.0241456745608815
   0.9945    -0.04223    0.09559
   0.03191    -0.7483    -0.6626
   0.09951    0.662    -0.7429
 Node:         97
  0.1370E+03  0.1261E+03  0.4528E+03 -0.1498E-01
   0.004932
   0.0119
  -0.01505
  -0.01957
   0.03468
  -0.02712
   0.01732
   0.009581
   -0.06292
   0.0766640225986088
   -0.012006333333333336
   0.03613976683501
   -0.4624    0.5971    0.6555
   0.8409    0.5296    0.1108
   0.281    -0.6025    0.747
 Node:         98
  0.1297E+03  0.1233E+03  0.4686E+03 -0.1498E-01
   0.01087
  -2.454E-4
  -0.01946
   8.928E-4
   0.01878
  -0.02755
   0.01008
   -0.00456
   -0.04316
   0.04763815277694969
   -0.012546666666666664
   0.022456840581187923
   0.9996    0.01031    0.02703
   0.02505    -0.7757    -0.6306
   0.01447    0.631    -0.7756
 Node:         99
  0.1260E+03  0.1218E+03  0.4827E+03 -0.1498E-01
   0.02017
  -8.367E-4
  -0.0285
   0.003658
   4.275E-4
  -0.0303
   0.02031
   -0.02867
   -0.03058
   0.049962388854016986
   -0.01298
   0.023552495975303057
   0.9975    -0.01582    0.06928
   0.002369    -0.967    -0.2549
   0.07102    0.2545    -0.9645
 Node:        100
  0.1253E+03  0.1377E+03  0.4533E+03  0.0000E+00
   0.05536
   0.00255
   0.00266
  -0.004886
  -8.556E-4
  -0.001671
   0.05665
   0.002622
   -0.002097
   0.05653540374844775
   0.019058333333333333
   0.02665104491176451
   -0.9953    -0.04898    0.08309
   -0.05945    0.9899    -0.1287
   -0.07595    -0.133    -0.9882
 Node:        101
  0.1189E+03  0.1339E+03  0.4716E+03  0.0000E+00
   0.05743
   0.005508
   0.00344
  -0.006613
  -0.003976
  -0.002598
   0.06015
   0.004258
   -0.004572
   0.06078989162681572
   0.019945333333333336
   0.028656629731277816
   -0.9883    -0.1061    0.1095
   -0.1407    0.911    -0.3877
   0.0586    0.3986    0.9152
 Node:        102
  0.1139E+03  0.1312E+03  0.4875E+03  0.0000E+00
   0.05355
   0.0017
  -2.645E-4
  -5.033E-4
  -0.00387
  -4.273E-4
   0.05429
   0.003459
   -0.004171
   0.05504405500142591
   0.01785933333333333
   0.025948016370342372
   -0.9994    -0.03212    0.01159
   -0.03104    0.7133    -0.7001
   -0.01422    0.7001    0.7139
 Node:        103
  0.1327E+03  0.1367E+03  0.4527E+03  0.0000E+00
   0.05616
  -0.003562
   0.002328
  -0.005483
  -0.002595
  -0.003098
   0.05827
   0.00334
   -0.00463
   0.05931793910782808
   0.018993333333333334
   0.027962744659437294
   -0.9946    0.06    0.08521
   -0.02219    -0.9208    0.3893
   0.1018    0.3853    0.9172
 Node:        104
  0.1252E+03  0.1332E+03  0.4701E+03  0.0000E+00
   0.05871
   0.002594
   0.001084
  -0.008306
  -0.006484
  -0.002288
   0.0622
   0.005091
   -0.007387
   0.06426308790433276
   0.019968000000000003
   0.03029391015809393
   -0.9895    -0.05815    0.1327
   -0.1236    0.8163    -0.5642
   0.07549    0.5747    0.8149
 Node:        105
  0.1201E+03  0.1317E+03  0.4853E+03  0.0000E+00
   0.05371
  -9.858E-5
  -7.166E-4
  -0.00226
  -0.004064
  -3.843E-4
   0.05463
   0.00345
   -0.004595
   0.05564043066871427
   0.01782833333333333
   0.026229150555991874
   -0.9991    -0.001599    0.04127
   0.03066    -0.6984    0.715
   0.02768    0.7157    0.6979
 Node:        106
  0.1402E+03  0.1352E+03  0.4521E+03  0.0000E+00
   0.05658
  -0.003981
  -0.002017
   0.001185
  -0.01313
  -5.743E-6
   0.0587
   0.0118
   -0.01373
   0.06362977211966109
   0.018923333333333337
   0.029995362234111384
   -0.9965    0.07428    -0.03755
   0.0781    0.6786    -0.7304
   0.02878    0.7308    0.682
 Node:        107
  0.1324E+03  0.1316E+03  0.4684E+03  0.0000E+00
   0.06141
  -0.003007
  -4.599E-4
  -0.002663
  -0.01717
   5.27E-4
   0.06401
   0.01689
   -0.01638
   0.06996334540314662
   0.021506666666666664
   0.03298103731270777
   -0.9988    0.03725    0.03142
   -0.003872    -0.7034    0.7107
   0.04858    0.7098    0.7028
 Node:        108
  0.1273E+03  0.1304E+03  0.4831E+03  0.0000E+00
   0.05448
  -0.002437
  -4.982E-4
  -0.004292
  -0.003307
  -1.113E-5
   0.05579
   0.002994
   -0.003883
   0.056548995013174196
   0.018300333333333335
   0.026657451895399822
   -0.9965    0.03827    0.07441
   0.02687    -0.6959    0.7177
   0.07924    0.7171    0.6924
 Node:        109
  0.1018E+03  0.1092E+03  0.4946E+03 -0.1076E-04
  -2.152E-5
   2.399E-16
  -2.152E-5
   9.595E-17
  -2.399E-17
  -2.152E-5
   -2.152E-5
   -2.152E-5
   -2.152E-5
   0.0
   -2.152E-5
   0.0
   -0.3792    -0.925    -0.024
   0.4801    -0.2189    0.8495
   0.791    -0.3106    -0.5271
 Node:        110
  0.1058E+03  0.1118E+03  0.5081E+03 -0.1076E-04
  -2.152E-5
   4.797E-17
  -2.152E-5
  -2.399E-17
  -8.995E-17
  -2.152E-5
   -2.152E-5
   -2.152E-5
   -2.152E-5
   0.0
   -2.152E-5
   0.0
   -0.02838    -0.09127    0.9954
   0.7346    0.6734    0.08269
   -0.6779    0.7336    0.04794
 Node:        111
  0.1108E+03  0.1137E+03  0.5210E+03 -0.1076E-04
  -2.152E-5
   9.595E-17
  -2.152E-5
  -4.797E-17
   5.637E-16
  -2.152E-5
   -2.152E-5
   -2.152E-5
   -2.152E-5
   0.0
   -2.152E-5
   0.0
   0.9393    0.3168    0.1319
   0.3364    -0.7738    -0.5367
   -0.06802    0.5485    -0.8334
 Node:        112
  0.1072E+03  0.1111E+03  0.4942E+03 -0.1076E-04
  -2.152E-5
   2.399E-16
  -2.152E-5
  -1.658E-37
   2.399E-17
  -2.152E-5
   -2.152E-5
   -2.152E-5
   -2.152E-5
   0.0
   -2.152E-5
   0.0
   0.3759    0.9265    0.0167
   0.9266    -0.3757    -0.01402
   0.006715    -0.02074    0.9998
 Node:        113
  0.1071E+03  0.1139E+03  0.5077E+03 -0.1076E-04
  -2.152E-5
   2.188E-36
  -2.152E-5
   2.878E-16
  -2.639E-16
  -2.152E-5
   -2.152E-5
   -2.152E-5
   -2.152E-5
   0.0
   -2.152E-5
   0.0
   -0.1654    0.6537    -0.7384
   -0.2298    -0.7537    -0.6157
   -0.9591    0.06783    0.2749
 Node:        114
  0.1093E+03  0.1164E+03  0.5209E+03 -0.1076E-04
  -2.152E-5
   1.919E-16
  -2.152E-5
  -4.797E-17
   9.595E-17
  -2.152E-5
   -2.152E-5
   -2.152E-5
   -2.152E-5
   0.0
   -2.152E-5
   0.0
   -0.6573    -0.7285    -0.1932
   -0.4203    0.1416    0.8963
   0.6255    -0.6703    0.3993
 Node:        115
  0.1129E+03  0.1120E+03  0.4932E+03 -0.1076E-04
  -2.152E-5
  -1.989E-37
  -2.152E-5
  -1.439E-16
  -4.797E-17
  -2.152E-5
   -2.152E-5
   -2.152E-5
   -2.152E-5
   0.0
   -2.152E-5
   0.0
   -0.6708    -0.2236    0.7071
   0.3162    -0.9487    -1.235E-5
   -0.6709    -0.2236    -0.7071
 Node:        116
  0.1092E+03  0.1143E+03  0.5068E+03 -0.1076E-04
  -2.152E-5
   8.995E-17
  -2.152E-5
   2.878E-16
   3.598E-17
  -2.152E-5
   -2.152E-5
   -2.152E-5
   -2.152E-5
   0.0
   -2.152E-5
   0.0
   -0.223    -0.9699    -0.09797
   0.8805    -0.2435    0.4067
   -0.4183    0.004427    0.9083
 Node:        117
  0.1089E+03  0.1172E+03  0.5207E+03 -0.1076E-04
  -2.152E-5
  -1.199E-16
  -2.152E-5
  -2.399E-16
  -2.878E-16
  -2.152E-5
   -2.152E-5
   -2.152E-5
   -2.152E-5
   0.0
   -2.152E-5
   0.0
   -0.232    -0.2201    0.9475
   -0.8739    0.475    -0.1036
