 Group name: gastroc_stress
 #Fields=  16
 1) coordinates, coordinate, rectangular cartesian, #Components=3
   x.  Value index= 1, #Derivatives=0
   y.  Value index= 2, #Derivatives=0
   z.  Value index= 3, #Derivatives=0
 2) Tensor_1, field, rectangular cartesian, #Components=1
   Tensor_1.  Value index= 4, #Derivatives=0
 3) Tensor_2, field, rectangular cartesian, #Components=1
   Tensor_2.  Value index= 5, #Derivatives=0
 4) Tensor_3, field, rectangular cartesian, #Components=1
   Tensor_3.  Value index= 6, #Derivatives=0
 5) Tensor_4, field, rectangular cartesian, #Components=1
   Tensor_4.  Value index= 7, #Derivatives=0
 6) Tensor_5, field, rectangular cartesian, #Components=1
   Tensor_5.  Value index= 8, #Derivatives=0
 7) Tensor_6, field, rectangular cartesian, #Components=1
   Tensor_6.  Value index= 9, #Derivatives=0
 8) Principal_1, field, rectangular cartesian, #Components=1
   Principal_1.  Value index= 10, #Derivatives=0
 9) Principal_2, field, rectangular cartesian, #Components=1
   Principal_2.  Value index= 11, #Derivatives=0
 10) Principal_3, field, rectangular cartesian, #Components=1
   Principal_3.  Value index= 12, #Derivatives=0
 11) VonMises, field, rectangular cartesian, #Components=1
   VonMises.  Value index= 13, #Derivatives=0
 12) Hydrostatic, field, rectangular cartesian, #Components=1
   VonMises.  Value index= 14, #Derivatives=0
 13) Octahedral, field, rectangular cartesian, #Components=1
   VonMises.  Value index= 15, #Derivatives=0
 14) PrincipalVector1, field, rectangular cartesian, #Components=3
   x.  Value index= 16, #Derivatives=0
   y.  Value index= 17, #Derivatives=0
   z.  Value index= 18, #Derivatives=0
 15) PrincipalVector2, field, rectangular cartesian, #Components=3
   x.  Value index= 19, #Derivatives=0
   y.  Value index= 20, #Derivatives=0
   z.  Value index= 21, #Derivatives=0
 16) PrincipalVector3, field, rectangular cartesian, #Components=3
   x.  Value index= 22, #Derivatives=0
   y.  Value index= 23, #Derivatives=0
   z.  Value index= 24, #Derivatives=0
 Node:          1
  0.1287E+03  0.1133E+03  0.4908E+03 -0.1673E-04
  -3.346E-5
  -1.439E-16
  -3.346E-5
  -4.797E-17
  -7.196E-17
  -3.346E-5
   -3.346E-5
   -3.346E-5
   -3.346E-5
   0.0
   -3.346E-5
   0.0
   0.966    -0.2571    -0.02712
   0.2489    0.9532    -0.1718
   0.07002    0.1592    0.9848
 Node:          2
  0.1292E+03  0.1137E+03  0.5052E+03 -0.1673E-04
  -3.346E-5
  -1.919E-16
  -3.346E-5
  -9.595E-17
   3.358E-16
  -3.346E-5
   -3.346E-5
   -3.346E-5
   -3.346E-5
   0.0
   -3.346E-5
   0.0
   0.895    -0.3984    -0.2008
   0.4461    0.7982    0.4048
   -9.591E-4    -0.4518    0.8921
 Node:          3
  0.1289E+03  0.1155E+03  0.5194E+03 -0.1673E-04
  -3.346E-5
   2.399E-16
  -3.346E-5
   1.919E-16
   9.595E-17
  -3.346E-5
   -3.346E-5
   -3.346E-5
   -3.346E-5
   0.0
   -3.346E-5
   0.0
   -0.4092    -0.8757    -0.2565
   0.496    -0.4494    0.743
   0.7659    -0.1767    -0.6182
 Node:          4
  0.1361E+03  0.1141E+03  0.4915E+03 -0.1673E-04
  -3.346E-5
  -4.797E-17
  -3.346E-5
  -4.797E-17
  -1.439E-16
  -3.346E-5
   -3.346E-5
   -3.346E-5
   -3.346E-5
   0.0
   -3.346E-5
   0.0
   -0.04307    -0.0943    0.9946
   -0.9939    0.1055    -0.03304
   -0.1018    -0.9899    -0.09827
 Node:          5
  0.1341E+03  0.1144E+03  0.5054E+03 -0.1673E-04
  -3.346E-5
   2.399E-16
  -3.346E-5
   9.595E-17
  -1.199E-16
  -3.346E-5
   -3.346E-5
   -3.346E-5
   -3.346E-5
   0.0
   -3.346E-5
   0.0
   0.09699    -0.1794    0.979
   0.7185    0.6933    0.05584
   -0.6888    0.6979    0.1961
 Node:          6
  0.1323E+03  0.1162E+03  0.5191E+03 -0.1673E-04
  -3.346E-5
   9.595E-17
  -3.346E-5
  -9.595E-17
  -4.797E-17
  -3.346E-5
   -3.346E-5
   -3.346E-5
   -3.346E-5
   0.0
   -3.346E-5
   0.0
   -0.715    -0.6928    0.09322
   0.693    -0.72    -0.03581
   0.09193    0.039    0.995
 Node:          7
  0.1408E+03  0.1171E+03  0.4920E+03 -0.1673E-04
  -3.346E-5
   3.838E-16
  -3.346E-5
  -1.439E-16
  -1.919E-16
  -3.346E-5
   -3.346E-5
   -3.346E-5
   -3.346E-5
   0.0
   -3.346E-5
   0.0
   0.8641    0.487    -0.1268
   -0.5006    0.8577    -0.1173
   0.05166    0.1648    0.985
 Node:          8
  0.1367E+03  0.1169E+03  0.5055E+03 -0.1673E-04
  -3.346E-5
   3.358E-16
  -3.346E-5
  -6.956E-16
  -4.078E-16
  -3.346E-5
   -3.346E-5
   -3.346E-5
   -3.346E-5
   0.0
   -3.346E-5
   0.0
   -0.7205    -0.6269    0.2965
   0.6359    -0.7678    -0.07819
   0.2767    0.1322    0.9518
 Node:          9
  0.1339E+03  0.1180E+03  0.5191E+03 -0.1673E-04
  -3.346E-5
   2.878E-16
  -3.346E-5
  -6.836E-16
  -4.797E-16
  -3.346E-5
   -3.346E-5
   -3.346E-5
   -3.346E-5
   0.0
   -3.346E-5
   0.0
   0.3025    0.1645    -0.9389
   0.9346    0.1425    0.326
   -0.1874    0.976    0.1106
 Node:         10
  0.1294E+03  0.1212E+03  0.4911E+03 -0.1673E-04
  -3.346E-5
   4.797E-17
  -3.346E-5
  -2.399E-17
   2.159E-16
  -3.346E-5
   -3.346E-5
   -3.346E-5
   -3.346E-5
   0.0
   -3.346E-5
   0.0
   0.02409    0.7089    0.7049
   0.1744    0.6913    -0.7012
   -0.9844    0.1398    -0.107
 Node:         11
  0.1295E+03  0.1214E+03  0.5055E+03 -0.1673E-04
  -3.346E-5
  -4.797E-17
  -3.346E-5
  -7.196E-17
   2.399E-17
  -3.346E-5
   -3.346E-5
   -3.346E-5
   -3.346E-5
   0.0
   -3.346E-5
   0.0
   -0.2763    0.1331    0.9518
   -0.5867    0.7611    -0.2768
   0.7612    0.6349    0.1322
 Node:         12
  0.1295E+03  0.1217E+03  0.5196E+03 -0.1673E-04
  -3.346E-5
  -2.836E-37
  -3.346E-5
   1.319E-16
   4.797E-17
  -3.346E-5
   -3.346E-5
   -3.346E-5
   -3.346E-5
   0.0
   -3.346E-5
   0.0
   -0.2404    -0.08744    -0.9667
   -0.3419    0.9397    1.068E-5
   0.9085    0.3305    -0.2558
 Node:         13
  0.1361E+03  0.1199E+03  0.4914E+03 -0.1673E-04
  -3.346E-5
  -2.399E-16
  -3.346E-5
  -1.679E-16
   4.797E-17
  -3.346E-5
   -3.346E-5
   -3.346E-5
   -3.346E-5
   0.0
   -3.346E-5
   0.0
   0.9203    -0.37    -0.1273
   0.3697    0.9288    -0.02722
   0.1283    -0.02201    0.9915
 Node:         14
  0.1342E+03  0.1198E+03  0.5054E+03 -0.1673E-04
  -3.346E-5
   4.797E-17
  -3.346E-5
   9.595E-17
  -1.559E-16
  -3.346E-5
   -3.346E-5
   -3.346E-5
   -3.346E-5
   0.0
   -3.346E-5
   0.0
   0.09998    -0.2648    0.9591
   -0.2953    -0.9284    -0.2256
   -0.9502    0.2607    0.171
 Node:         15
  0.1330E+03  0.1205E+03  0.5193E+03 -0.1673E-04
  -3.346E-5
  -1.439E-16
  -3.346E-5
   2.399E-17
   8.396E-17
  -3.346E-5
   -3.346E-5
   -3.346E-5
   -3.346E-5
   0.0
   -3.346E-5
   0.0
   0.9934    -0.1134    0.01425
   -0.01885    -0.2856    -0.9582
   0.1127    0.9516    -0.2859
 Node:         16
  0.1404E+03  0.1188E+03  0.4918E+03 -0.1673E-04
  -3.346E-5
   9.595E-17
  -3.346E-5
  -1.439E-16
  -2.519E-16
  -3.346E-5
   -3.346E-5
   -3.346E-5
   -3.346E-5
   0.0
   -3.346E-5
   0.0
   -0.1502    -0.2388    0.9594
   -0.794    -0.549    -0.2609
   0.589    -0.801    -0.1072
 Node:         17
  0.1365E+03  0.1184E+03  0.5055E+03 -0.1673E-04
  -3.346E-5
   4.797E-17
  -3.346E-5
   1.679E-16
   2.938E-16
  -3.346E-5
   -3.346E-5
   -3.346E-5
   -3.346E-5
   0.0
   -3.346E-5
   0.0
   0.248    0.4017    0.8815
   0.9357    -0.3351    -0.1105
   -0.251    -0.8522    0.459
 Node:         18
  0.1341E+03  0.1191E+03  0.5192E+03 -0.1673E-04
  -3.346E-5
  -3.77E-37
  -3.346E-5
   4.573E-17
   1.84E-16
  -3.346E-5
   -3.346E-5
   -3.346E-5
   -3.346E-5
   0.0
   -3.346E-5
   0.0
   0.02286    0.09201    0.9955
   0.9707    -0.2404    -7.666E-5
   -0.2393    -0.9663    0.09481
 Node:         19
  0.1301E+03  0.1291E+03  0.4914E+03  0.0000E+00
   4.934E-16
   0.0
   4.934E-16
   3.631E-19
   1.731E-17
  -9.869E-16
   4.936E-16
   4.934E-16
   -9.871E-16
   1.4806000101310279E-15
   -3.3333333333314155E-20
   6.979615382590138E-16
   -0.02097    -0.9997    -0.01169
   -0.9998    0.02097    -8.123E-17
   2.452E-4    0.01169    -0.9999
 Node:         20
  0.1299E+03  0.1291E+03  0.5058E+03  0.0000E+00
   9.869E-16
   0.0
   0.0
   1.799E-17
   3.326E-17
  -2.467E-16
   9.871E-16
   4.4E-18
   -2.514E-16
   1.1324785163525177E-15
   2.467E-16
   5.338554923072971E-16
   -0.9999    -4.917E-4    -0.01459
   0.002401    -0.9914    -0.1311
   -0.0144    -0.1312    0.9913
 Node:         21
  0.1301E+03  0.1280E+03  0.5197E+03  0.0000E+00
   4.934E-16
   0.0
   0.0
   7.196E-17
   2.549E-17
   4.934E-16
   5.66E-16
   4.222E-16
   -1.341E-18
   5.108528305500519E-16
   3.28953E-16
   2.408183337801893E-16
   -0.7039    -0.03195    -0.7096
   -0.7102    0.04241    0.7027
   -0.007642    -0.9986    0.05255
 Node:         22
  0.1360E+03  0.1256E+03  0.4913E+03  0.0000E+00
  -9.869E-16
   2.399E-17
  -4.934E-16
  -2.399E-17
   1.739E-16
   4.934E-16
   5.234E-16
   -5.215E-16
   -9.888E-16
   1.3410693755358072E-15
   -3.2896666666666662E-16
   6.321861663219854E-16
   -0.01298    0.1683    0.9857
   0.05935    0.9841    -0.1672
   -0.9982    0.05633    -0.02276
 Node:         23
  0.1343E+03  0.1253E+03  0.5054E+03  0.0000E+00
   0.0
   3.598E-17
  -1.974E-15
   0.0
   2.271E-16
  -7.401E-16
   6.796E-19
   -6.997E-16
   -2.015E-15
   1.7724996366646057E-15
   -9.046734666666666E-16
   8.355643418241562E-16
   0.9998    0.01889    0.00579
   -0.009011    0.1753    0.9845
   0.01758    -0.9843    0.1754
 Node:         24
  0.1336E+03  0.1248E+03  0.5194E+03  0.0000E+00
  -9.869E-16
   2.099E-17
   0.0
   2.399E-17
   1.499E-18
  -7.401E-16
   4.516E-19
   -7.379E-16
   -9.896E-16
   8.912682384908372E-16
   -5.756827999999999E-16
   4.2014787686204007E-16
   -0.02132    -0.9998    -0.002714
   0.09549    -0.004739    0.9954
   -0.9952    0.02096    0.09557
 Node:         25
  0.1400E+03  0.1206E+03  0.4917E+03  0.0000E+00
   0.0
   4.617E-16
  -4.934E-16
  -1.439E-16
  -2.249E-16
   9.869E-16
   1.067E-15
   2.05E-16
   -7.785E-16
   1.5994040296310373E-15
   1.6449999999999999E-16
   7.539662901394642E-16
   -0.2161    -0.2016    0.9553
   0.839    0.4621    0.2874
   -0.4994    0.8636    0.06929
 Node:         26
  0.1363E+03  0.1200E+03  0.5055E+03  0.0000E+00
   9.869E-16
   1.859E-16
  -2.714E-15
   4.797E-17
  -1.943E-15
  -2.467E-16
   1.006E-15
   8.09E-16
   -3.789E-15
   4.699597748744035E-15
   -6.579999999999999E-16
   2.215411624657293E-15
   0.968    0.1526    -0.1995
   0.2481    -0.4578    0.8538
   -0.03892    0.8759    0.4809
 Node:         27
  0.1343E+03  0.1203E+03  0.5192E+03  0.0000E+00
   9.869E-16
  -3.358E-16
   9.869E-16
  -1.799E-16
   2.27E-15
   0.0
   2.89E-15
   9.15E-16
   -1.831E-15
   4.1066398673367985E-15
   6.58E-16
   1.9358885987232494E-15
   -0.1931    0.7658    0.6135
   0.9808    0.1345    0.1409
   0.02534    0.6289    -0.7771
 Node:         28
  0.1155E+03  0.1124E+03  0.4931E+03 -0.9888E-04
  -1.978E-4
   6.598E-17
  -1.978E-4
  -9.597E-17
   9.597E-17
  -1.978E-4
   -1.978E-4
   -1.978E-4
   -1.978E-4
   0.0
   -1.978E-4
   0.0
   0.02394    0.9835    0.1795
   0.07203    0.1774    -0.9815
   -0.9971    0.03642    -0.06659
 Node:         29
  0.1119E+03  0.1139E+03  0.5068E+03 -0.9888E-04
  -1.978E-4
  -3.599E-17
  -1.978E-4
   9.597E-17
   1.2E-17
  -1.978E-4
   -1.978E-4
   -1.978E-4
   -1.978E-4
   0.0
   -1.978E-4
   0.0
   -0.03582    0.9993    0.005757
   -0.9821    -0.03413    -0.1855
   -0.1852    -0.0123    0.9826
 Node:         30
  0.1113E+03  0.1159E+03  0.5206E+03 -0.9888E-04
  -1.978E-4
   2.159E-16
  -1.978E-4
   2.742E-36
  -4.798E-17
  -1.978E-4
   -1.978E-4
   -1.978E-4
   -1.978E-4
   0.0
   -1.978E-4
   0.0
   0.7037    0.7089    -0.04781
   -0.7087    0.6955    -0.1186
   -0.05082    0.1173    0.9918
 Node:         31
  0.1203E+03  0.1126E+03  0.4920E+03 -0.9888E-04
  -1.978E-4
   1.679E-16
  -1.978E-4
   4.798E-17
   7.198E-17
  -1.978E-4
   -1.978E-4
   -1.978E-4
   -1.978E-4
   0.0
   -1.978E-4
   0.0
   -0.7438    -0.4293    -0.5123
   0.5143    0.122    -0.8489
   0.4269    -0.8949    0.1301
 Node:         32
  0.1188E+03  0.1134E+03  0.5062E+03 -0.9888E-04
  -1.978E-4
  -2.399E-17
  -1.978E-4
  -4.798E-17
   1.679E-16
  -1.978E-4
   -1.978E-4
   -1.978E-4
   -1.978E-4
   0.0
   -1.978E-4
   0.0
   0.9989    -0.0209    -0.04164
   0.04659    0.4512    0.8912
   1.667E-4    -0.8922    0.4517
 Node:         33
  0.1183E+03  0.1150E+03  0.5201E+03 -0.9888E-04
  -1.978E-4
   9.597E-17
  -1.978E-4
   1.44E-16
  -3.656E-36
  -1.978E-4
   -1.978E-4
   -1.978E-4
   -1.978E-4
   0.0
   -1.978E-4
   0.0
   0.9536    0.1669    0.2505
   5.053E-4    0.8313    -0.5558
   -0.301    0.5302    0.7927
 Node:         34
  0.1255E+03  0.1129E+03  0.4909E+03 -0.9888E-04
  -1.978E-4
  -4.266E-36
  -1.978E-4
   9.597E-17
   1.679E-16
  -1.978E-4
   -1.978E-4
   -1.978E-4
   -1.978E-4
   0.0
   -1.978E-4
   0.0
   0.351    0.6138    0.7071
   0.8682    -0.4963    -5.416E-5
   -0.3509    -0.6139    0.7071
 Node:         35
  0.1260E+03  0.1135E+03  0.5054E+03 -0.9888E-04
  -1.978E-4
   1.919E-16
  -1.978E-4
   1.919E-16
   4.319E-16
  -1.978E-4
   -1.978E-4
   -1.978E-4
   -1.978E-4
   0.0
   -1.978E-4
   0.0
   0.746    0.4708    0.4709
   -0.6659    0.5274    0.5276
   7.195E-5    -0.7072    0.707
 Node:         36
  0.1257E+03  0.1153E+03  0.5196E+03 -0.9888E-04
  -1.978E-4
  -9.597E-17
  -1.978E-4
  -9.597E-17
   1.44E-16
  -1.978E-4
   -1.978E-4
   -1.978E-4
   -1.978E-4
   0.0
   -1.978E-4
   0.0
   -0.5157    0.6058    0.6059
   0.8568    0.3641    0.3651
   -5.958E-4    -0.7074    0.7068
 Node:         37
  0.1132E+03  0.1210E+03  0.4959E+03 -0.9888E-04
  -1.978E-4
   2.399E-16
  -1.978E-4
  -1.44E-16
   3.119E-16
  -1.978E-4
   -1.978E-4
   -1.978E-4
   -1.978E-4
   0.0
   -1.978E-4
   0.0
   -0.5073    -0.7958    -0.3308
   0.7557    -0.2264    -0.6145
   0.4141    -0.5617    0.7162
 Node:         38
  0.1111E+03  0.1204E+03  0.5085E+03 -0.9888E-04
  -1.978E-4
   1.679E-16
  -1.978E-4
  -4.798E-17
  -1.44E-16
  -1.978E-4
   -1.978E-4
   -1.978E-4
   -1.978E-4
   0.0
   -1.978E-4
   0.0
   0.2119    0.9668    -0.1429
   0.9723    -0.2233    -0.06849
   0.09812    0.1244    0.9874
 Node:         39
  0.1119E+03  0.1201E+03  0.5207E+03 -0.9888E-04
  -1.978E-4
  -1.679E-16
  -1.978E-4
  -1.44E-16
  -1.32E-16
  -1.978E-4
   -1.978E-4
   -1.978E-4
   -1.978E-4
   0.0
   -1.978E-4
   0.0
   0.9213    -0.07988    -0.3805
   0.3607    -0.1892    0.9133
   -0.1449    -0.9787    -0.1455
 Node:         40
  0.1191E+03  0.1220E+03  0.4937E+03 -0.9888E-04
  -1.978E-4
   1.44E-16
  -1.978E-4
   1.44E-16
  -2.399E-17
  -1.978E-4
   -1.978E-4
   -1.978E-4
   -1.978E-4
   0.0
   -1.978E-4
   0.0
   0.9817    0.1345    0.1345
   -1.467E-4    0.7076    -0.7066
   -0.1902    0.6937    0.6947
 Node:         41
  0.1182E+03  0.1217E+03  0.5073E+03 -0.9888E-04
  -1.978E-4
  -4.798E-17
  -1.978E-4
   9.597E-17
   1.679E-16
  -1.978E-4
   -1.978E-4
   -1.978E-4
   -1.978E-4
   0.0
   -1.978E-4
   0.0
   -0.1538    -0.1966    -0.9684
   -0.9621    0.2533    0.1013
   0.2254    0.9472    -0.2281
 Node:         42
  0.1187E+03  0.1212E+03  0.5204E+03 -0.9888E-04
  -1.978E-4
  -9.597E-17
  -1.978E-4
   2.437E-36
   9.597E-17
  -1.978E-4
   -1.978E-4
   -1.978E-4
   -1.978E-4
   0.0
   -1.978E-4
   0.0
   -0.01861    0.09767    0.995
   -0.9834    0.1779    -0.03586
   -0.1805    -0.9792    0.09274
 Node:         43
  0.1258E+03  0.1217E+03  0.4915E+03 -0.9888E-04
  -1.978E-4
   1.919E-16
  -1.978E-4
  -2.399E-17
   1.219E-36
  -1.978E-4
   -1.978E-4
   -1.978E-4
   -1.978E-4
   0.0
   -1.978E-4
   0.0
   0.9458    0.3243    -0.01746
   -0.3241    0.946    0.01157
   0.02027    -0.005282    0.9998
 Node:         44
  0.1259E+03  0.1220E+03  0.5059E+03 -0.9888E-04
  -1.978E-4
   2.399E-16
  -1.978E-4
   1.679E-16
   1.919E-16
  -1.978E-4
   -1.978E-4
   -1.978E-4
   -1.978E-4
   0.0
   -1.978E-4
   0.0
   -0.3604    -0.3834    -0.8504
   -0.6208    -0.5818    0.5255
   0.6962    -0.7173    0.02836
 Node:         45
  0.1261E+03  0.1221E+03  0.5198E+03 -0.9888E-04
  -1.978E-4
  -1.44E-16
  -1.978E-4
   4.798E-17
  -1.2E-17
  -1.978E-4
   -1.978E-4
   -1.978E-4
   -1.978E-4
   0.0
   -1.978E-4
   0.0
   0.0668    -0.01248    0.9977
   -0.9877    0.1408    0.06789
   -0.1413    -0.99    -0.002923
 Node:         46
  0.1117E+03  0.1296E+03  0.4959E+03  0.0000E+00
  -2.467E-16
   4.797E-17
  -7.401E-16
   1.199E-17
  -4.497E-17
   0.0
   3.057E-18
   -2.423E-16
   -7.476E-16
   6.629532710146319E-16
   -3.2894766666666664E-16
   3.125191690294995E-16
   0.03676    -0.058    0.9976
   0.9946    0.09864    -0.03092
   -0.09662    0.9934    0.06131
 Node:         47
  0.1107E+03  0.1269E+03  0.5087E+03  0.0000E+00
  -7.401E-16
  -5.397E-17
   4.934E-16
  -4.797E-17
   6.896E-17
   0.0
   5.058E-16
   -7.273E-18
   -7.452E-16
   1.0892155802819752E-15
   -8.222433333333333E-17
   5.1346114866095E-16
   -0.04821    0.9891    0.1394
   -0.05424    -0.142    0.9884
   -0.9974    -0.04009    -0.06049
 Node:         48
  0.1125E+03  0.1242E+03  0.5208E+03  0.0000E+00
   4.934E-16
   5.997E-18
   4.934E-16
   0.0
  -2.998E-18
   4.934E-16
   5.001E-16
   4.934E-16
   4.867E-16
   1.1604740410711462E-17
   4.934E-16
   5.470527092215756E-18
   -0.6325    -0.7071    0.3162
   0.4472    -2.276E-15    0.8944
   0.6325    -0.7071    -0.3162
 Node:         49
  0.1186E+03  0.1311E+03  0.4938E+03  0.0000E+00
  -7.401E-16
  -3.598E-17
   0.0
  -7.196E-17
  -1.049E-17
  -2.467E-16
   1.947E-18
   -2.366E-16
   -7.523E-16
   6.677348643803167E-16
   -3.2898433333333336E-16
   3.1477323375866775E-16
   0.04561    -0.9985    0.02894
   -0.143    0.02215    0.9895
   -0.9887    -0.04926    -0.1418
 Node:         50
  0.1180E+03  0.1298E+03  0.5075E+03  0.0000E+00
   0.0
  -2.249E-17
   1.48E-15
  -7.196E-17
   2.155E-17
   9.869E-16
   1.482E-15
   9.91E-16
   -5.513E-18
   1.3127859849072886E-15
   8.224956666666666E-16
   6.188532481164029E-16
   0.01739    -0.9988    -0.04603
   -0.07128    -0.04716    0.9963
   0.9973    0.01405    0.07201
 Node:         51
  0.1192E+03  0.1275E+03  0.5206E+03  0.0000E+00
   0.0
  -5.997E-18
  -2.467E-16
   0.0
   2.549E-17
   4.934E-16
   4.943E-16
   1.449E-19
   -2.477E-16
   6.54286006770747E-16
   8.22483E-17
   3.0843338148204166E-16
   -4.17E-4    0.03438    0.9994
   0.9997    -0.02416    0.001248
   0.02418    0.9991    -0.03436
 Node:         52
  0.1262E+03  0.1305E+03  0.4920E+03  0.0000E+00
   4.934E-16
  -2.399E-17
   4.934E-16
   2.249E-18
   8.48E-18
   0.0
   5.175E-16
   4.696E-16
   -1.6E-19
   4.95449666061044E-16
   3.2898E-16
   2.335572124055831E-16
   -0.7061    0.708    0.008534
   0.7081    0.706    0.01614
   -0.005403    -0.01744    0.9998
 Node:         53
  0.1258E+03  0.1304E+03  0.5063E+03  0.0000E+00
  -7.401E-16
  -2.998E-18
  -4.934E-16
   4.797E-17
   5.847E-17
  -9.869E-16
   -4.866E-16
   -7.314E-16
   -1.002E-15
   4.465358664206045E-16
   -7.399999999999999E-16
   2.104990261260132E-16
   0.0104    0.9931    0.1171
   -0.9836    0.03123    -0.1776
   -0.18    -0.1133    0.9771
 Node:         54
  0.1265E+03  0.1288E+03  0.5200E+03  0.0000E+00
  -9.869E-16
   3.598E-17
   4.934E-16
   0.0
  -7.496E-18
   4.934E-16
   5.014E-16
   4.864E-16
   -9.877E-16
   1.4816569474746847E-15
   3.3333333333314155E-20
   6.984597833010066E-16
   0.01758    0.7272    -0.6862
   0.01675    0.686    0.7274
   -0.9997    0.02428    1.229E-4
 Node:         55
  0.1786E+03  0.1088E+03  0.8780E+03  0.9253E+09
   1.931E7
  -1517000.0
   1.593E7
  -2.972E7
  -1.942E7
   2686000.0
   1.61E7
   125100.0
   -1154000.0
   1.6651336925604502E7
   5023700.0
   7849515.503944601
   -0.971    0.00103    0.2392
   0.1356    -0.8215    0.5539
   -0.197    -0.5703    -0.7975
 Node:         56
  0.1604E+03  0.1286E+03  0.9266E+03  0.9253E+09
   3.689E7
   9857000.0
   1756000.0
  -4.686E7
   3141000.0
   1.143E8
   9647000.0
   847600.0
   -616200.0
   9615233.357542602
   3292800.0
   4532664.473206313
   -0.9005    -0.4289    0.07116
   0.1261    -0.101    0.9869
   -0.4161    0.8977    0.145
 Node:         57
  0.1308E+03  0.1154E+03  0.5220E+03  0.9253E+09
   2.372E8
   1.133E8
   2.031E8
   1.631E8
  -2.935E8
   1.154E9
   6.111E7
   3.665E7
   3.632E7
   2.4626658319796454E7
   4.4693333333333336E7
   1.1609118063928122E7
   -0.9874    0.1544    -0.03395
   -0.04329    -0.05756    0.9974
   0.152    0.9863    0.06352
 Node:         58
  0.3681E+03 -0.1983E+02  0.8326E+03  0.9253E+09
   3082000.0
  -4.57E7
   5676000.0
  -1.906E7
   9325000.0
   6280000.0
   1.177E7
   -6527.0
   -534300.0
   1.2049085670939062E7
   3743057.6666666665
   5679993.456679114
   -0.9747    0.197    0.1059
   0.044    -0.2954    0.9544
   0.2193    0.9348    0.2793
 Node:         59
  0.2971E+03  0.1291E+03  0.1107E+04  0.9253E+09
   8480000.0
   3219000.0
   5039000.0
   4380000.0
   2.047E7
   9590000.0
   7267000.0
   180200.0
   -227900.0
   7299411.135838288
   2406433.3333333335
   3440975.4085465684
   -0.3325    -0.9125    0.2383
   -0.9254    0.3644    0.1042
   0.1819    0.1858    0.9656
 Node:         60
  0.1497E+03  0.1185E+03  0.5419E+03  0.9253E+09
   1.425E8
   3.53E7
   1.463E8
   2.11E8
  -1.48E8
   6.926E8
   6.733E7
   1.452E7
   1.403E7
   5.305669703251419E7
   3.196E7
   2.5011166839367304E7
   -0.9924    0.1182    -0.03296
   -0.02637    0.05688    0.998
   0.1198    0.9914    -0.05334
 Node:         61
  0.4481E+03  0.3430E+02  0.6414E+03  0.9253E+09
   8806000.0
   1.393E9
   6490000.0
   1.262E9
   1.145E9
   5966000.0
   2.822E8
   -1064000.0
   -9009000.0
   2.873188980923462E8
   9.0709E7
   1.354434274694297E8
   -0.9587    -0.2701    -0.08915
   0.02538    -0.3935    0.919
   -0.2833    0.8788    0.3841
 Node:         62
  0.4668E+03  0.2435E+03  0.1158E+04  0.9253E+09
   3691000.0
   4.61E8
   2960000.0
   4.671E8
   4.443E8
   3521000.0
   1.853E8
   -1249000.0
   -2838000.0
   1.8734855399228466E8
   6.0404333333333336E7
   8.831695531562568E7
   -0.9841    -0.1539    0.08899
   0.1384    -0.3486    0.927
   0.1117    -0.9245    -0.3643
 Node:         63
  0.1712E+03  0.1320E+03  0.5507E+03  0.9253E+09
   7021000.0
   2364000.0
   4.212E7
  -1.373E7
  -3.682E7
   6.102E7
   7944000.0
   638300.0
   200700.0
   7534037.468051244
   2927666.6666666665
   3551579.3222483746
   -0.7272    0.6786    -0.103
   -0.06399    0.08241    0.9945
   0.6834    0.7298    -0.0165
 Node:         64
  0.4252E+03  0.2571E+03  0.3820E+03  0.9253E+09
   6567000.0
   1.444E7
   2.139E7
  -3.216E7
   9.486E7
   1.946E7
   2.41E7
   1989000.0
   -71210.0
   2.3209784349581968E7
   8672596.666666666
   1.0941197268977875E7
   -0.1564    0.9854    0.0672
   0.9874    0.1577    -0.01363
   0.02403    -0.06422    0.9976
 Node:         65
  0.3777E+03  0.2872E+03  0.7330E+03  0.9253E+09
   3.129E12
  -3.019E12
   2.913E12
  -1.239E12
   1.196E12
   4.908E11
   7.458E9
   2.416E7
   -5.877E8
   7.757887544144991E9
   2.2981533333333335E9
   3.657103260098383E9
   -0.9826    0.1859    3.72E-4
   1.513E-4    -0.001201    1.0
   0.1859    0.9826    0.001152
 Node:         66
  0.1501E+03  0.1360E+03  0.5105E+03  0.9253E+09
   5.158E7
   3232000.0
   2.956E7
  -1.812E8
   7.836E7
   1.223E9
   1.988E7
   1.375E7
   1.288E7
   6608093.522340615
   1.5503333333333334E7
   3115085.1602412984
   -0.9306    0.3653    0.02293
   0.02023    -0.01122    0.9997
   0.3654    0.9308    0.003055
 Node:         67
  0.5391E+03  0.2319E+03  0.5584E+03  0.9253E+09
   1.153E7
  -2.166E7
   4.954E7
   7558000.0
   7.205E7
   1.371E7
   2.299E7
   2147000.0
   -43690.0
   2.202022532459875E7
   8364436.666666667
   1.0380433766853012E7
   -0.2612    0.9632    0.06395
   0.9652    0.2615    0.004287
   0.01259    -0.06284    0.9979
 Node:         68
  0.5518E+03  0.3341E+03  0.9567E+03  0.9253E+09
   1.064E8
   8.478E7
   3.22E7
  -5324000.0
   1.166E7
   8.295E7
   1.149E8
   108600.0
   -2943000.0
   1.1634721832841557E8
   3.73552E7
   5.4846604701476276E7
   -0.9325    -0.36    0.02872
   0.0322    -0.003663    0.9995
   -0.3597    0.9329    0.01501
 Node:         69
  0.1732E+03  0.1403E+03  0.5309E+03  0.9253E+09
   3.035E8
   5.368E8
   9.907E8
  -5.918E8
  -1.079E9
   1.227E9
   4.056E7
   9411000.0
   7930000.0
   3.1915282091813006E7
   1.9300333333333332E7
   1.5045008260401705E7
   -0.9657    0.2596    -0.009582
   -0.008107    0.006753    0.9999
   0.2597    0.9657    -0.004416
 Node:         70
  0.4864E+03  0.1146E+03  0.6997E+03  0.9253E+09
   2429000.0
   1.183E8
   1995000.0
  -1.415E8
  -3.194E7
   2074000.0
   2.005E7
   -424000.0
   -747600.0
   2.0637702860541433E7
   6292800.0
   9728706.427201238
   -0.9786    -0.07658    -0.1908
   0.05247    -0.9903    0.1283
   -0.1988    0.1156    0.9732
 Node:         71
  0.5443E+03  0.2992E+03  0.1167E+04  0.9253E+09
   6140000.0
   1.749E7
   969600.0
   3.437E7
   2.52E7
   4673000.0
   5241000.0
   -101800.0
   -892500.0
   5778864.1003228305
   1415566.6666666667
   2724182.6619291804
   -0.8714    -0.4509    -0.1934
   -0.2929    0.1619    0.9423
   -0.3936    0.8778    -0.2732
 Node:         72
  0.1783E+03  0.1380E+03  0.5506E+03  0.9253E+09
   6.315E7
   1.878E8
   6.884E8
  -2.875E8
  -1.044E9
   1.698E9
   7.315E7
   9323000.0
   6855000.0
   6.509609810887285E7
   2.9776E7
   3.068659493437919E7
   -0.9757    0.2189    0.01189
   0.004671    -0.03347    0.9994
   0.2192    0.9752    0.03163
 Node:         73
  0.3477E+03  0.6696E+03 -0.2999E+03  0.0000E+00
   203900.0
  -2.036E7
   2452000.0
  -9.215E7
   6.728E7
   897600.0
   2.377E7
   -17770.0
   -7538000.0
   2.830726695413918E7
   5404743.333333333
   1.3344173613419786E7
   -0.8188    0.5701    -0.06688
   -0.1162    -0.05048    0.9919
   0.5622    0.82    0.1076
 Node:         74
  0.3667E+03  0.2297E+03  0.1280E+03  0.0000E+00
   125400.0
  -5.162E7
   1840000.0
  -2.15E7
  -1.252E8
   565700.0
   1.951E7
   52410.0
   -2896000.0
   2.1086960024339687E7
   5555470.0
   9940488.285213491
   0.1518    -0.9679    -0.2001
   -0.5082    -0.2501    0.8241
   0.8477    0.0234    0.5299
 Node:         75
  0.1514E+03  0.1303E+03  0.4602E+03  0.0000E+00
   22220.0
  -1296000.0
   12730.0
  -1158000.0
  -835300.0
   3838.0
   3363000.0
   521100.0
   -17250.0
   3145815.188071289
   1288950.0
   1482951.5012298953
   -0.9078    0.4191    -0.01754
   0.41    0.8954    0.1736
   -0.08846    -0.1504    0.9847
 Node:         76
  0.6700E+03  0.7164E+03  0.1336E+03  0.0000E+00
   513300.0
   1.126E8
   1635000.0
   1.297E7
  -8.384E7
   634200.0
   4460000.0
   173300.0
   -767100.0
   4826112.486256408
   1288733.3333333333
   2275051.243867316
   -0.7083    -0.6427    -0.2919
   -0.6621    0.4617    0.5903
   0.2446    -0.6114    0.7526
 Node:         77
  0.7594E+03  0.4728E+03  0.5639E+03  0.0000E+00
   185100.0
   1.703E7
   966800.0
   9077000.0
  -6.636E7
   130300.0
   1.16E7
   220900.0
   -240000.0
   1.1616409635080883E7
   3860300.0
   5476028.017337628
   -0.0868    -0.9864    -0.1398
   -0.9845    0.1064    -0.1393
   -0.1523    -0.1255    0.9803
 Node:         78
  0.1925E+03  0.1517E+03  0.4977E+03  0.0000E+00
   81990.0
   1250000.0
   7050.0
   3526000.0
  -55630.0
   3795.0
   3059000.0
   5775.0
   -79850.0
   3096925.399791703
   994975.0
   1459904.634014382
   -0.9873    -0.06655    0.1442
   -0.001071    0.9107    0.413
   -0.1588    0.4076    -0.8993
 Node:         79
  0.5640E+03  0.2032E+03  0.7287E+03  0.0000E+00
   1052000.0
   1.789E7
   527700.0
   2.548E8
  -6.233E7
   9644000.0
   5952000.0
   24530.0
   -2324000.0
   7387241.3579698345
   1217510.0
   3482378.97232146
   -0.7976    0.196    0.5705
   -0.1747    -0.9803    0.09257
   0.5774    -0.02582    0.8161
 Node:         80
  0.6500E+03  0.3383E+03  0.1147E+04  0.0000E+00
   184300.0
  -1.448E7
   348400.0
  -5.472E7
   1.806E8
   3347000.0
   1.449E7
   -47140.0
   -1696000.0
   1.5427795932653503E7
   4248953.333333333
   7272732.748494353
   -0.4125    0.8455    0.3391
   0.8939    0.4473    -0.02776
   0.1751    -0.2916    0.9404
 Node:         81
  0.1876E+03  0.1423E+03  0.5480E+03  0.0000E+00
   133700.0
  -2147000.0
   3016.0
   154400.0
   1103000.0
   19280.0
   505700.0
   20270.0
   -66620.0
   534201.4317652097
   153116.66666666666
   251824.9699471617
   -0.8822    0.4708    0.004537
   0.2253    0.4136    0.8821
   0.4134    0.7793    -0.471
 Node:         82
  0.1070E+03  0.1043E+03  0.5875E+03  0.6199E+09
   1.261E9
  -6.138E8
   3.514E8
  -5.814E8
   2.754E8
   2.729E8
   4.543E8
   1866000.0
   445300.0
   4.5314602031606764E8
   1.5220376666666666E8
   2.13615082555459E8
   -0.987    -0.16    0.01718
   -0.01655    0.2071    0.9782
   -0.1601    0.9651    -0.2071
 Node:         83
  0.1134E+03  0.1124E+03  0.5031E+03  0.6199E+09
   2.141E11
  -1.126E11
   5.92E10
  -1.075E11
   5.652E10
   5.399E10
   1.818E9
   7.124E7
   6.665E7
   1.7490595170262218E9
   6.519633333333334E8
   8.245145634587393E8
   -0.9918    -0.1277    0.001245
   0.001284    -2.188E-4    1.0
   -0.1277    0.9918    3.809E-4
 Node:         84
  0.1180E+03  0.1124E+03  0.4860E+03  0.6199E+09
   3.671E11
  -1.051E11
   3.021E10
  -2.797E11
   8.01E10
   2.139E11
   5.084E9
   5.083E9
   5.083E9
   1000000.0
   5.083333333333333E9
   471404.52079103165
   -0.9079    -0.4192    -6.816E-6
   1.61E-6    -1.975E-5    1.0
   -0.4192    0.9079    1.86E-5
 Node:         85
  0.1161E+03  0.9686E+02  0.3934E+03  0.6199E+09
   2.981E9
  -5.661E8
   1.252E8
  -2.263E9
   4.739E8
   1.763E9
   6.489E8
   4800000.0
   -4316000.0
   6.487060405576627E8
   2.1646133333333334E8
   3.0580296018333256E8
   -0.9972    -0.0738    0.008612
   0.01258    -0.05351    0.9985
   -0.07322    0.9958    0.05429
 Node:         86
  0.1160E+03  0.1112E+03  0.4869E+03  0.6199E+09
   5.256E9
  -2.392E9
   1.947E9
  -3.552E9
   2.494E9
   2.69E9
   1.045E11
   2097000.0
   -2.163E7
   1.0450976852004037E11
   3.4826822333333336E10
   4.926637734717127E10
   -1.0    -0.006577    -8.702E-4
   -0.001112    0.03678    0.9993
   -0.00654    0.9993    -0.03679
 Node:         87
  0.1210E+03  0.1126E+03  0.4860E+03  0.6199E+09
   6.241E10
  -2.761E10
   1.276E10
  -3.663E10
   1.673E10
   2.212E10
   1.753E9
   1.746E9
   1.745E9
   7549834.43527075
   1.748E9
   3559026.084010437
   -0.4275    0.9033    0.03621
   0.1642    0.03822    0.9857
   0.889    0.4273    -0.1647
 Node:         88
  0.1400E+03  0.1034E+03  0.5787E+03  0.6199E+09
   1.359E8
  -6.706E7
   1.264E8
  -1.114E8
  -1.112E8
   1.467E7
   1.083E9
   405300.0
   -4396000.0
   1.0850033174524815E9
   3.596697666666667E8
   5.114754689203666E8
   -0.9896    -0.1366    -0.04449
   0.05476    -0.645    0.7622
   -0.1328    0.7519    0.6458
 Node:         89
  0.1294E+03  0.1175E+03  0.7066E+03  0.6199E+09
   1.989E9
  -9.589E8
   5.39E8
  -9.394E8
   4.922E8
   6.003E8
   2.531E9
   8664000.0
   6679000.0
   2.523329085569498E9
   8.48781E8
   1.1895087383809617E9
   -0.9939    -0.1094    -0.01657
   0.0482    -0.563    0.825
   -0.09956    0.8192    0.5648
 Node:         90
  0.1249E+03  0.1137E+03  0.5043E+03  0.6199E+09
   1.003E9
   3.64E8
   1.705E8
   4155000.0
  -1.316E8
   7.044E8
   8.965E7
   8.417E7
   8.408E7
   5525549.74640533
   8.596666666666667E7
   2604769.130311211
   -0.9814    0.1768    -0.07456
   0.1495    0.461    -0.8747
   0.1203    0.8696    0.4789
 Node:         91
 -0.1715E+03  0.1563E+02  0.6489E+03  0.6199E+09
   5.222E7
  -4.571E7
   5.977E7
   6514000.0
   9900000.0
   7540000.0
   1.095E7
   336400.0
   -236200.0
   1.0911174230118407E7
   3683400.0
   5143576.859216421
   -0.8431    0.5258    -0.1126
   -0.2982    -0.6314    -0.7159
   -0.4475    -0.57    0.6891
 Node:         92
 -0.6465E+02  0.1032E+03  0.6973E+03  0.6199E+09
   2.373E8
  -3.532E7
   3.345E7
  -113300.0
   6709000.0
   1529000.0
   1.715E7
   1547000.0
   -18670.0
   1.6441839330163155E7
   6226110.0
   7750757.3903587
   -0.6783    -0.6531    -0.3366
   -0.7135    0.6949    0.08958
   -0.1754    -0.3009    0.9374
 Node:         93
  0.1019E+03  0.1214E+03  0.5074E+03  0.6199E+09
   3.834E10
  -8.389E9
   2.729E9
   8.535E9
  -1.926E9
   1.91E9
   4.291E8
   3.931E8
   3.931E8
   3.6E7
   4.051E8
   1.6970562748477142E7
   -0.995    0.09591    -0.02833
   0.09909    0.9072    -0.4088
   0.0135    0.4095    0.9122
 Node:         94
 -0.1456E+03 -0.1126E+03  0.3907E+03  0.6199E+09
   3265000.0
   2547000.0
   1814000.0
   5.049E7
  -2829000.0
   1932000.0
   7189000.0
   48160.0
   -449600.0
   7402282.448110177
   2262520.0
   3489469.4102112427
   -0.9634    0.1023    0.2479
   -0.04519    -0.9731    0.2259
   0.2643    0.2065    0.9421
 Node:         95
 -0.7018E+02  0.4662E+02  0.6478E+03  0.6199E+09
   5.231E7
  -2.323E7
   2.602E7
   1.318E7
   8600000.0
   2843000.0
   1.033E7
   285400.0
   -1011000.0
   1.0751579491404973E7
   3201466.6666666665
   5068343.177892446
   -0.8498    -0.445    0.2826
   -0.2136    0.7808    0.5872
   -0.4819    0.4386    -0.7585
 Node:         96
  0.1052E+03  0.1183E+03  0.5042E+03  0.6199E+09
   4.575E9
   4.97E9
   7.057E9
   1.592E9
   1.451E9
   6.11E8
   2.875E8
   2.259E8
   2.255E8
   6.180097086616035E7
   2.463E8
   2.9133257055582825E7
   -0.9975    -0.04098    0.05762
   0.01681    0.6541    0.7562
   -0.06868    0.7553    -0.6518
 Node:         97
  0.1174E+03 -0.1437E+02  0.3231E+03  0.6199E+09
   6654000.0
  -2.745E7
   821000.0
  -1.298E8
   5.555E7
   2997000.0
   2.544E7
   -187700.0
   -1013000.0
   2.6050156778606918E7
   8079766.666666667
   1.2280161672750441E7
   -0.9687    0.2153    0.124
   0.2085    0.4334    0.8767
   -0.135    -0.8751    0.4647
 Node:         98
  0.9222E+02  0.1018E+03  0.6928E+03  0.6199E+09
   4.696E7
  -8.367E7
   2.0E8
  -2.075E7
  -1.049E7
   1297000.0
   1.595E7
   162400.0
   -6445000.0
   1.993040483181413E7
   3222466.6666666665
   9395282.938912602
   -0.8167    0.3771    0.4369
   0.0156    -0.7424    0.6698
   0.5769    0.5538    0.6004
 Node:         99
  0.1225E+03  0.1219E+03  0.5076E+03  0.6199E+09
   1.103E9
   1.668E9
   2.573E9
   6.545E8
   9.918E8
   4.103E8
   3.292E7
   2.967E7
   2.953E7
   3322213.117787599
   3.0706666666666668E7
   1566106.2827563426
   -0.9788    -0.1827    -0.09215
   0.002317    -0.4603    0.8878
   -0.2046    0.8688    0.451
 Node:        100
 -0.5287E+03  0.9287E+02  0.5892E+03  0.0000E+00
   77110.0
   2.77E7
   274800.0
   3.049E7
   1.768E7
   1118000.0
   6141000.0
   -52630.0
   -2025000.0
   7380205.010492595
   1354456.6666666667
   3479062.006310832
   -0.9186    0.1212    0.3762
   0.2007    -0.6769    0.7081
   0.3405    0.726    0.5975
 Node:        101
 -0.4278E+03  0.3875E+02  0.5096E+03  0.0000E+00
   90920.0
   1.451E7
   83430.0
  -1.595E7
  -3.812E7
   1541000.0
   5397000.0
   -37640.0
   -1710000.0
   6435897.330567044
   1216453.3333333333
   3033911.0969762374
   -0.6438    -0.5829    0.4958
   -0.4311    0.8116    0.3943
   -0.6322    0.04013    -0.7738
 Node:        102
  0.6890E+02  0.1223E+03  0.4892E+03  0.0000E+00
   38970.0
   6616000.0
   23710.0
   711200.0
   322000.0
   14150.0
   2.044E7
   -16980.0
   -37850.0
   2.046742298018732E7
   6795056.666666667
   9648435.721802553
   -0.9992    -0.002195    -0.03975
   0.03001    -0.6976    -0.7158
   0.02616    0.7165    -0.6971
 Node:        103
 -0.7336E+03 -0.1742E+03  0.4318E+03  0.0000E+00
   109400.0
   1.932E7
   369700.0
   3.271E7
   9.755E7
   1160000.0
   9330000.0
   -70580.0
   -1546000.0
   1.0218491682063455E7
   2571140.0
   4817043.174590266
   -0.5571    -0.7376    0.3815
   -0.8184    0.5657    -0.1014
   0.141    0.3687    0.9188
 Node:        104
 -0.5305E+03 -0.1907E+03  0.5087E+03  0.0000E+00
   180600.0
  -1615000.0
   139000.0
  -6.873E7
   4.245E7
   1286000.0
   6620000.0
   -17130.0
   -780400.0
   7049822.547050387
   1940823.3333333333
   3323318.219454098
   -0.8131    0.4764    0.3346
   0.4618    0.8778    -0.1276
   0.3544    -0.05075    0.9337
 Node:        105
  0.6741E+02  0.1038E+03  0.4896E+03  0.0000E+00
   71670.0
   9074000.0
   25290.0
   156700.0
   310300.0
   6439.0
   1.165E7
   -360.7
   -136900.0
   1.1719226916280547E7
   3837579.766666667
   5524496.5485105915
   -0.9937    -0.1119    -0.008878
   -0.009522    0.005226    0.9999
   -0.1119    0.9937    -0.006259
 Node:        106
 -0.3652E+03  0.8695E+02 -0.1550E+02  0.0000E+00
   248100.0
  -1.7E8
   3479000.0
  -2.366E7
  -1.289E8
   920700.0
   6.405E7
   75920.0
   -3402000.0
   6.578203076590446E7
   2.0241306666666668E7
   3.100994668986209E7
   -0.6649    0.7433    0.07303
   -0.2122    -0.2818    0.9357
   0.7161    0.6067    0.3451
 Node:        107
 -0.2493E+03 -0.1579E+03  0.3098E+03  0.0000E+00
   96930.0
   7.43E7
   2666000.0
  -4.649E7
  -1.313E8
   523300.0
   4.498E7
   -27050.0
   -1.157E7
   5.175314842792176E7
   1.112765E7
   2.439666813409159E7
   -0.9349    -0.3322    -0.1247
   -0.1953    0.1884    0.9625
   -0.2962    0.9242    -0.241
 Node:        108
  0.9665E+02  0.1017E+03  0.4745E+03  0.0000E+00
   37710.0
   7464000.0
   37480.0
  -1664000.0
  -798000.0
   3025.0
   5.469E7
   -1749.0
   -2167000.0
   5.5805887545903265E7
   1.7507083666666668E7
   2.6307147675894734E7
   -0.985    -0.1726    0.005778
   0.004761    0.006299    1.0
   -0.1727    0.985    -0.005382
 Node:        109
  0.1018E+03  0.1092E+03  0.4946E+03 -0.2192E-04
  -4.383E-5
   2.399E-16
  -4.383E-5
   9.595E-17
  -2.399E-17
  -4.383E-5
   -4.383E-5
   -4.383E-5
   -4.383E-5
   0.0
   -4.383E-5
   0.0
   -0.3792    -0.925    -0.02399
   0.4801    -0.2189    0.8495
   0.791    -0.3106    -0.5271
 Node:        110
  0.1058E+03  0.1118E+03  0.5081E+03 -0.2192E-04
  -4.383E-5
   4.798E-17
  -4.383E-5
  -2.399E-17
  -8.995E-17
  -4.383E-5
   -4.383E-5
   -4.383E-5
   -4.383E-5
   0.0
   -4.383E-5
   0.0
   -0.02838    -0.09126    0.9954
   0.7348    0.6733    0.08267
   -0.6777    0.7337    0.04794
 Node:        111
  0.1108E+03  0.1137E+03  0.5210E+03 -0.2192E-04
  -4.383E-5
   9.595E-17
  -4.383E-5
  -4.798E-17
   5.637E-16
  -4.383E-5
   -4.383E-5
   -4.383E-5
   -4.383E-5
   0.0
   -4.383E-5
   0.0
   0.9393    0.3169    0.1318
   0.3364    -0.7738    -0.5367
   -0.06804    0.5485    -0.8334
 Node:        112
  0.1072E+03  0.1111E+03  0.4942E+03 -0.2192E-04
  -4.383E-5
   2.399E-16
  -4.383E-5
  -3.377E-37
   2.399E-17
  -4.383E-5
   -4.383E-5
   -4.383E-5
   -4.383E-5
   0.0
   -4.383E-5
   0.0
   0.3759    0.9265    0.0167
   0.9266    -0.3757    -0.01402
   0.006714    -0.02075    0.9998
 Node:        113
  0.1071E+03  0.1139E+03  0.5077E+03 -0.2192E-04
  -4.383E-5
   4.457E-36
  -4.383E-5
   2.879E-16
  -2.639E-16
  -4.383E-5
   -4.383E-5
   -4.383E-5
   -4.383E-5
   0.0
   -4.383E-5
   0.0
   -0.1654    0.6537    -0.7384
   -0.2298    -0.7537    -0.6158
   -0.9591    0.06786    0.2749
 Node:        114
  0.1093E+03  0.1164E+03  0.5209E+03 -0.2192E-04
  -4.383E-5
   1.919E-16
  -4.383E-5
  -4.798E-17
   9.595E-17
  -4.383E-5
   -4.383E-5
   -4.383E-5
   -4.383E-5
   0.0
   -4.383E-5
   0.0
   -0.6573    -0.7285    -0.1932
   -0.4203    0.1416    0.8963
   0.6255    -0.6703    0.3993
 Node:        115
  0.1129E+03  0.1120E+03  0.4932E+03 -0.2192E-04
  -4.383E-5
  -4.052E-37
  -4.383E-5
  -1.439E-16
  -4.798E-17
  -4.383E-5
   -4.383E-5
   -4.383E-5
   -4.383E-5
   0.0
   -4.383E-5
   0.0
   -0.6708    -0.2235    0.7072
   0.3161    -0.9487    -2.805E-5
   -0.6709    -0.2235    -0.707
 Node:        116
  0.1092E+03  0.1143E+03  0.5068E+03 -0.2192E-04
  -4.383E-5
   8.995E-17
  -4.383E-5
   2.879E-16
   3.598E-17
  -4.383E-5
   -4.383E-5
   -4.383E-5
   -4.383E-5
   0.0
   -4.383E-5
   0.0
   -0.223    -0.9699    -0.09798
   0.8805    -0.2435    0.4067
   -0.4183    0.004423    0.9083
 Node:        117
  0.1089E+03  0.1172E+03  0.5207E+03 -0.2192E-04
  -4.383E-5
  -1.199E-16
  -4.383E-5
  -2.399E-16
  -2.879E-16
  -4.383E-5
   -4.383E-5
   -4.383E-5
   -4.383E-5
   0.0
   -4.383E-5
   0.0
   -0.232    -0.2201    0.9475
   -0.8739    0.475    -0.1036
   -0.4272    -0.852    -0.3026
 Node:        118
  0.1017E+03  0.1094E+03  0.4948E+03 -0.2192E-04
  -4.383E-5
   1.439E-16
  -4.383E-5
  -2.399E-16
  -3.118E-16
  -4.383E-5
   -4.383E-5
