 Group name: gastroc_stress
 #Fields=  16
 1) coordinates, coordinate, rectangular cartesian, #Components=3
   x.  Value index= 1, #Derivatives=0
   y.  Value index= 2, #Derivatives=0
   z.  Value index= 3, #Derivatives=0
 2) Tensor_1, field, rectangular cartesian, #Components=1
   Tensor_1.  Value index= 4, #Derivatives=0
 3) Tensor_2, field, rectangular cartesian, #Components=1
   Tensor_2.  Value index= 5, #Derivatives=0
 4) Tensor_3, field, rectangular cartesian, #Components=1
   Tensor_3.  Value index= 6, #Derivatives=0
 5) Tensor_4, field, rectangular cartesian, #Components=1
   Tensor_4.  Value index= 7, #Derivatives=0
 6) Tensor_5, field, rectangular cartesian, #Components=1
   Tensor_5.  Value index= 8, #Derivatives=0
 7) Tensor_6, field, rectangular cartesian, #Components=1
   Tensor_6.  Value index= 9, #Derivatives=0
 8) Principal_1, field, rectangular cartesian, #Components=1
   Principal_1.  Value index= 10, #Derivatives=0
 9) Principal_2, field, rectangular cartesian, #Components=1
   Principal_2.  Value index= 11, #Derivatives=0
 10) Principal_3, field, rectangular cartesian, #Components=1
   Principal_3.  Value index= 12, #Derivatives=0
 11) VonMises, field, rectangular cartesian, #Components=1
   VonMises.  Value index= 13, #Derivatives=0
 12) Hydrostatic, field, rectangular cartesian, #Components=1
   VonMises.  Value index= 14, #Derivatives=0
 13) Octahedral, field, rectangular cartesian, #Components=1
   VonMises.  Value index= 15, #Derivatives=0
 14) PrincipalVector1, field, rectangular cartesian, #Components=3
   x.  Value index= 16, #Derivatives=0
   y.  Value index= 17, #Derivatives=0
   z.  Value index= 18, #Derivatives=0
 15) PrincipalVector2, field, rectangular cartesian, #Components=3
   x.  Value index= 19, #Derivatives=0
   y.  Value index= 20, #Derivatives=0
   z.  Value index= 21, #Derivatives=0
 16) PrincipalVector3, field, rectangular cartesian, #Components=3
   x.  Value index= 22, #Derivatives=0
   y.  Value index= 23, #Derivatives=0
   z.  Value index= 24, #Derivatives=0
 Node:          1
  0.1287E+03  0.1133E+03  0.4908E+03 -0.8793E-01
  -0.1759
  -1.732E-16
  -0.1759
  -5.773E-17
  -8.66E-17
  -0.1759
   -0.1759
   -0.1759
   -0.1759
   0.0
   -0.17590000000000003
   0.0
   0.9781    -0.2035    -0.04417
   0.1633    0.8811    -0.4438
   0.1292    0.4268    0.8951
 Node:          2
  0.1292E+03  0.1137E+03  0.5052E+03 -0.8793E-01
  -0.1759
  -2.309E-16
  -0.1759
  -1.155E-16
   4.041E-16
  -0.1759
   -0.1759
   -0.1759
   -0.1759
   0.0
   -0.17590000000000003
   0.0
   -0.9188    0.3438    0.1939
   -0.3947    -0.8003    -0.4513
   0.0    -0.4912    0.8711
 Node:          3
  0.1289E+03  0.1155E+03  0.5194E+03 -0.8793E-01
  -0.1759
   2.887E-16
  -0.1759
   2.309E-16
   1.155E-16
  -0.1759
   -0.1759
   -0.1759
   -0.1759
   0.0
   -0.17590000000000003
   0.0
   -0.3606    -0.8685    -0.3402
   0.4443    -0.4806    0.756
   0.8201    -0.1214    -0.5592
 Node:          4
  0.1361E+03  0.1141E+03  0.4915E+03 -0.8793E-01
  -0.1759
  -5.773E-17
  -0.1759
  -5.773E-17
  -1.732E-16
  -0.1759
   -0.1759
   -0.1759
   -0.1759
   0.0
   -0.17590000000000003
   0.0
   -0.01688    -0.05388    0.9984
   -0.9991    0.03958    -0.01475
   -0.03872    -0.9978    -0.0545
 Node:          5
  0.1341E+03  0.1144E+03  0.5054E+03 -0.8793E-01
  -0.1759
   2.887E-16
  -0.1759
   1.155E-16
  -1.443E-16
  -0.1759
   -0.1759
   -0.1759
   -0.1759
   0.0
   -0.17590000000000003
   0.0
   0.1312    -0.1587    0.9786
   0.6851    0.7279    0.02618
   -0.7165    0.667    0.2042
 Node:          6
  0.1323E+03  0.1162E+03  0.5191E+03 -0.8793E-01
  -0.1759
   1.155E-16
  -0.1759
  -1.155E-16
  -5.773E-17
  -0.1759
   -0.1759
   -0.1759
   -0.1759
   0.0
   -0.17590000000000003
   0.0
   -0.6782    -0.7321    0.06428
   -0.7344    0.6782    -0.02462
   0.02557    0.06391    0.9976
 Node:          7
  0.1408E+03  0.1171E+03  0.4920E+03 -0.8793E-01
  -0.1759
   4.619E-16
  -0.1759
  -1.732E-16
  -2.309E-16
  -0.1759
   -0.1759
   -0.1759
   -0.1759
   0.0
   -0.17590000000000003
   0.0
   0.9147    0.3774    -0.1445
   -0.3924    0.915    -0.0943
   0.09661    0.143    0.985
 Node:          8
  0.1367E+03  0.1169E+03  0.5055E+03 -0.8793E-01
  -0.1759
   4.041E-16
  -0.1759
  -8.372E-16
  -4.907E-16
  -0.1759
   -0.1759
   -0.1759
   -0.1759
   0.0
   -0.17590000000000003
   0.0
   0.889    -0.425    -0.1705
   0.453    0.8708    0.1913
   0.06716    -0.2473    0.9666
 Node:          9
  0.1339E+03  0.1180E+03  0.5191E+03 -0.8793E-01
  -0.1759
   3.464E-16
  -0.1759
  -8.227E-16
  -5.773E-16
  -0.1759
   -0.1759
   -0.1759
   -0.1759
   0.0
   -0.17590000000000003
   0.0
   0.3645    0.541    0.7579
   0.9291    -0.156    -0.3354
   0.06324    -0.8264    0.5595
 Node:         10
  0.1294E+03  0.1212E+03  0.4911E+03 -0.8793E-01
  -0.1759
   5.773E-17
  -0.1759
  -2.887E-17
   2.598E-16
  -0.1759
   -0.1759
   -0.1759
   -0.1759
   0.0
   -0.17590000000000003
   0.0
   0.02382    -0.8243    -0.5657
   0.03261    0.5662    -0.8236
   0.9992    0.001173    0.04037
 Node:         11
  0.1295E+03  0.1214E+03  0.5055E+03 -0.8793E-01
  -0.1759
  -5.773E-17
  -0.1759
  -8.66E-17
   2.887E-17
  -0.1759
   -0.1759
   -0.1759
   -0.1759
   0.0
   -0.17590000000000003
   0.0
   -0.2907    -0.1133    0.9501
   -0.8346    0.5157    -0.1938
   -0.468    -0.8493    -0.2444
 Node:         12
  0.1295E+03  0.1217E+03  0.5196E+03 -0.8793E-01
  -0.1759
  -1.49E-33
  -0.1759
   1.588E-16
   5.773E-17
  -0.1759
   -0.1759
   -0.1759
   -0.1759
   0.0
   -0.17590000000000003
   0.0
   -0.2678    -0.1497    -0.9518
   -0.831    0.5358    0.1496
   0.4875    0.831    -0.2678
 Node:         13
  0.1361E+03  0.1199E+03  0.4914E+03 -0.8793E-01
  -0.1759
  -2.887E-16
  -0.1759
  -2.021E-16
   5.773E-17
  -0.1759
   -0.1759
   -0.1759
   -0.1759
   0.0
   -0.17590000000000003
   0.0
   0.9124    -0.391    -0.1213
   0.3876    0.9204    -0.05129
   0.1317    -2.378E-4    0.9913
 Node:         14
  0.1342E+03  0.1198E+03  0.5054E+03 -0.8793E-01
  -0.1759
   5.773E-17
  -0.1759
   1.155E-16
  -1.876E-16
  -0.1759
   -0.1759
   -0.1759
   -0.1759
   0.0
   -0.17590000000000003
   0.0
   0.05311    -0.3006    0.9523
   -0.2798    -0.9199    -0.2748
   -0.9586    0.2519    0.133
 Node:         15
  0.1330E+03  0.1205E+03  0.5193E+03 -0.8793E-01
  -0.1759
  -1.732E-16
  -0.1759
   2.887E-17
   1.01E-16
  -0.1759
   -0.1759
   -0.1759
   -0.1759
   0.0
   -0.17590000000000003
   0.0
   0.9956    -0.09291    -0.01131
   -0.03917    -0.3039    -0.9519
   0.085    0.9481    -0.3062
 Node:         16
  0.1404E+03  0.1188E+03  0.4918E+03 -0.8793E-01
  -0.1759
   1.155E-16
  -0.1759
  -1.732E-16
  -3.031E-16
  -0.1759
   -0.1759
   -0.1759
   -0.1759
   0.0
   -0.17590000000000003
   0.0
   -0.1436    -0.2969    0.9441
   -0.8588    -0.4367    -0.268
   0.4918    -0.8492    -0.1922
 Node:         17
  0.1365E+03  0.1184E+03  0.5055E+03 -0.8793E-01
  -0.1759
   5.773E-17
  -0.1759
   2.021E-16
   3.536E-16
  -0.1759
   -0.1759
   -0.1759
   -0.1759
   0.0
   -0.17590000000000003
   0.0
   0.478    0.6377    0.604
   0.8394    -0.5342    -0.1002
   -0.2588    -0.5548    0.7907
 Node:         18
  0.1341E+03  0.1191E+03  0.5192E+03 -0.8793E-01
  -0.1759
  -1.981E-33
  -0.1759
   5.503E-17
   2.215E-16
  -0.1759
   -0.1759
   -0.1759
   -0.1759
   0.0
   -0.17590000000000003
   0.0
   0.0946    0.2346    0.9675
   0.4642    0.8493    -0.2514
   -0.8806    0.4729    -0.02858
 Node:         19
  0.1301E+03  0.1291E+03  0.4914E+03  0.0000E+00
   4.934E-16
   0.0
   4.934E-16
   3.631E-19
   1.731E-17
  -9.869E-16
   4.936E-16
   4.934E-16
   -9.871E-16
   1.4806000101310279E-15
   -3.3333333333314155E-20
   6.979615382590138E-16
   -0.02097    -0.9997    -0.01169
   -0.9998    0.02097    -8.123E-17
   2.452E-4    0.01169    -0.9999
 Node:         20
  0.1299E+03  0.1291E+03  0.5058E+03  0.0000E+00
   9.869E-16
   0.0
   0.0
   1.799E-17
   3.326E-17
  -2.467E-16
   9.871E-16
   4.4E-18
   -2.514E-16
   1.1324785163525177E-15
   2.467E-16
   5.338554923072971E-16
   -0.9999    -4.917E-4    -0.01459
   0.002401    -0.9914    -0.1311
   -0.0144    -0.1312    0.9913
 Node:         21
  0.1301E+03  0.1280E+03  0.5197E+03  0.0000E+00
   4.934E-16
   0.0
   0.0
   7.196E-17
   2.549E-17
   4.934E-16
   5.66E-16
   4.222E-16
   -1.341E-18
   5.108528305500519E-16
   3.28953E-16
   2.408183337801893E-16
   -0.7039    -0.03195    -0.7096
   -0.7102    0.04241    0.7027
   -0.007642    -0.9986    0.05255
 Node:         22
  0.1360E+03  0.1256E+03  0.4913E+03  0.0000E+00
  -9.869E-16
   2.399E-17
  -4.934E-16
  -2.399E-17
   1.739E-16
   4.934E-16
   5.234E-16
   -5.215E-16
   -9.888E-16
   1.3410693755358072E-15
   -3.2896666666666662E-16
   6.321861663219854E-16
   -0.01298    0.1683    0.9857
   0.05935    0.9841    -0.1672
   -0.9982    0.05633    -0.02276
 Node:         23
  0.1343E+03  0.1253E+03  0.5054E+03  0.0000E+00
   0.0
   3.598E-17
  -1.974E-15
   0.0
   2.271E-16
  -7.401E-16
   6.796E-19
   -6.997E-16
   -2.015E-15
   1.7724996366646057E-15
   -9.046734666666666E-16
   8.355643418241562E-16
   0.9998    0.01889    0.00579
   -0.009011    0.1753    0.9845
   0.01758    -0.9843    0.1754
 Node:         24
  0.1336E+03  0.1248E+03  0.5194E+03  0.0000E+00
  -9.869E-16
   2.099E-17
   0.0
   2.399E-17
   1.499E-18
  -7.401E-16
   4.516E-19
   -7.379E-16
   -9.896E-16
   8.912682384908372E-16
   -5.756827999999999E-16
   4.2014787686204007E-16
   -0.02132    -0.9998    -0.002714
   0.09549    -0.004739    0.9954
   -0.9952    0.02096    0.09557
 Node:         25
  0.1400E+03  0.1206E+03  0.4917E+03  0.0000E+00
   0.0
   4.617E-16
  -4.934E-16
  -1.439E-16
  -2.249E-16
   9.869E-16
   1.067E-15
   2.05E-16
   -7.785E-16
   1.5994040296310373E-15
   1.6449999999999999E-16
   7.539662901394642E-16
   -0.2161    -0.2016    0.9553
   0.839    0.4621    0.2874
   -0.4994    0.8636    0.06929
 Node:         26
  0.1363E+03  0.1200E+03  0.5055E+03  0.0000E+00
   9.869E-16
   1.859E-16
  -2.714E-15
   4.797E-17
  -1.943E-15
  -2.467E-16
   1.006E-15
   8.09E-16
   -3.789E-15
   4.699597748744035E-15
   -6.579999999999999E-16
   2.215411624657293E-15
   0.968    0.1526    -0.1995
   0.2481    -0.4578    0.8538
   -0.03892    0.8759    0.4809
 Node:         27
  0.1343E+03  0.1203E+03  0.5192E+03  0.0000E+00
   9.869E-16
  -3.358E-16
   9.869E-16
  -1.799E-16
   2.27E-15
   0.0
   2.89E-15
   9.15E-16
   -1.831E-15
   4.1066398673367985E-15
   6.58E-16
   1.9358885987232494E-15
   -0.1931    0.7658    0.6135
   0.9808    0.1345    0.1409
   0.02534    0.6289    -0.7771
 Node:         28
  0.1155E+03  0.1124E+03  0.4931E+03 -0.5255E+00
  -1.051
   1.462E-16
  -1.051
  -2.126E-16
   2.126E-16
  -1.051
   -1.051
   -1.051
   -1.051
   0.0
   -1.051
   0.0
   0.0    0.3454    0.9384
   0.212    0.9171    -0.3376
   -0.9773    0.199    -0.07324
 Node:         29
  0.1119E+03  0.1139E+03  0.5068E+03 -0.5255E+00
  -1.051
  -7.973E-17
  -1.051
   2.126E-16
   2.658E-17
  -1.051
   -1.051
   -1.051
   -1.051
   0.0
   -1.051
   0.0
   -0.304    0.8006    -0.5164
   0.9417    0.3347    -0.03555
   -0.1444    0.4971    0.8556
 Node:         30
  0.1113E+03  0.1159E+03  0.5206E+03 -0.5255E+00
  -1.051
   4.784E-16
  -1.051
   1.457E-32
  -1.063E-16
  -1.051
   -1.051
   -1.051
   -1.051
   0.0
   -1.051
   0.0
   -0.8995    -0.4154    -0.1354
   0.0    -0.31    0.9507
   0.4369    -0.8552    -0.2789
 Node:         31
  0.1203E+03  0.1126E+03  0.4920E+03 -0.5255E+00
  -1.051
   3.721E-16
  -1.051
   1.063E-16
   1.595E-16
  -1.051
   -1.051
   -1.051
   -1.051
   0.0
   -1.051
   0.0
   1.0    0.0    0.0
   0.0    -0.9791    0.2032
   0.0    -0.2032    -0.9791
 Node:         32
  0.1188E+03  0.1134E+03  0.5062E+03 -0.5255E+00
  -1.051
  -5.315E-17
  -1.051
  -1.063E-16
   3.721E-16
  -1.051
   -1.051
   -1.051
   -1.051
   0.0
   -1.051
   0.0
   -0.8271    0.3405    0.4471
   -0.562    -0.5012    -0.658
   0.0    -0.7955    0.6059
 Node:         33
  0.1183E+03  0.1150E+03  0.5201E+03 -0.5255E+00
  -1.051
   2.126E-16
  -1.051
   3.189E-16
  -1.943E-32
  -1.051
   -1.051
   -1.051
   -1.051
   0.0
   -1.051
   0.0
   0.7962    -0.1448    0.5875
   -0.5706    -0.5028    0.6494
   0.2014    -0.8522    -0.4829
 Node:         34
  0.1255E+03  0.1129E+03  0.4909E+03 -0.5255E+00
  -1.051
  -2.267E-32
  -1.051
   2.126E-16
   3.721E-16
  -1.051
   -1.051
   -1.051
   -1.051
   0.0
   -1.051
   0.0
   0.7071    -0.1233    0.6963
   0.0    0.9847    0.1744
   0.7071    0.1233    -0.6963
 Node:         35
  0.1260E+03  0.1135E+03  0.5054E+03 -0.5255E+00
  -1.051
   4.252E-16
  -1.051
   4.252E-16
   9.568E-16
  -1.051
   -1.051
   -1.051
   -1.051
   0.0
   -1.051
   0.0
   0.7841    0.3761    0.4936
   -0.6034    0.2764    0.748
   0.1449    -0.8844    0.4437
 Node:         36
  0.1257E+03  0.1153E+03  0.5196E+03 -0.5255E+00
  -1.051
  -2.126E-16
  -1.051
  -2.126E-16
   3.189E-16
  -1.051
   -1.051
   -1.051
   -1.051
   0.0
   -1.051
   0.0
   0.3751    0.8186    0.4349
   0.8857    -0.455    0.09254
   0.2736    0.3504    -0.8957
 Node:         37
  0.1132E+03  0.1210E+03  0.4959E+03 -0.5255E+00
  -1.051
   5.315E-16
  -1.051
  -3.189E-16
   6.91E-16
  -1.051
   -1.051
   -1.051
   -1.051
   0.0
   -1.051
   0.0
   0.545    0.8369    0.05052
   0.0    -0.06026    0.9982
   -0.8384    0.5441    0.03284
 Node:         38
  0.1111E+03  0.1204E+03  0.5085E+03 -0.5255E+00
  -1.051
   3.721E-16
  -1.051
  -1.063E-16
  -3.189E-16
  -1.051
   -1.051
   -1.051
   -1.051
   0.0
   -1.051
   0.0
   0.1367    0.9858    -0.09746
   0.9746    -0.1162    0.1914
   -0.1774    0.1212    0.9767
 Node:         39
  0.1119E+03  0.1201E+03  0.5207E+03 -0.5255E+00
  -1.051
  -3.721E-16
  -1.051
  -3.189E-16
  -2.924E-16
  -1.051
   -1.051
   -1.051
   -1.051
   0.0
   -1.051
   0.0
   0.9726    0.01517    -0.232
   0.2212    -0.3679    0.9032
   -0.07165    -0.9298    -0.3611
 Node:         40
  0.1191E+03  0.1220E+03  0.4937E+03 -0.5255E+00
  -1.051
   3.189E-16
  -1.051
   3.189E-16
  -5.315E-17
  -1.051
   -1.051
   -1.051
   -1.051
   0.0
   -1.051
   0.0
   0.9894    0.0801    0.1208
   0.04638    0.6146    -0.7875
   -0.1373    0.7848    0.6044
 Node:         41
  0.1182E+03  0.1217E+03  0.5073E+03 -0.5255E+00
  -1.051
  -1.063E-16
  -1.051
   2.126E-16
   3.721E-16
  -1.051
   -1.051
   -1.051
   -1.051
   0.0
   -1.051
   0.0
   0.0    0.2974    -0.9548
   1.0    0.0    0.0
   0.0    0.9548    0.2974
 Node:         42
  0.1187E+03  0.1212E+03  0.5204E+03 -0.5255E+00
  -1.051
  -2.126E-16
  -1.051
   1.295E-32
   2.126E-16
  -1.051
   -1.051
   -1.051
   -1.051
   0.0
   -1.051
   0.0
   0.0    -0.3348    -0.9423
   1.0    0.0    0.0
   0.0    -0.9423    0.3348
 Node:         43
  0.1258E+03  0.1217E+03  0.4915E+03 -0.5255E+00
  -1.051
   4.252E-16
  -1.051
  -5.315E-17
   6.477E-33
  -1.051
   -1.051
   -1.051
   -1.051
   0.0
   -1.051
   0.0
   0.8166    -0.5497    -0.1759
   -0.5772    -0.7778    -0.2488
   0.0    -0.3047    0.9524
 Node:         44
  0.1259E+03  0.1220E+03  0.5059E+03 -0.5255E+00
  -1.051
   5.315E-16
  -1.051
   3.721E-16
   4.252E-16
  -1.051
   -1.051
   -1.051
   -1.051
   0.0
   -1.051
   0.0
   0.0    0.6558    0.7549
   0.7071    -0.5338    0.4638
   0.7071    0.5338    -0.4638
 Node:         45
  0.1261E+03  0.1221E+03  0.5198E+03 -0.5255E+00
  -1.051
  -3.189E-16
  -1.051
   1.063E-16
  -2.658E-17
  -1.051
   -1.051
   -1.051
   -1.051
   0.0
   -1.051
   0.0
   0.1048    -0.1309    0.9858
   -0.9771    0.1713    0.1266
   -0.1854    -0.9765    -0.11
 Node:         46
  0.1117E+03  0.1296E+03  0.4959E+03  0.0000E+00
  -2.467E-16
   4.797E-17
  -7.401E-16
   1.199E-17
  -4.497E-17
   0.0
   3.057E-18
   -2.423E-16
   -7.476E-16
   6.629532710146319E-16
   -3.2894766666666664E-16
   3.125191690294995E-16
   0.03676    -0.058    0.9976
   0.9946    0.09864    -0.03092
   -0.09662    0.9934    0.06131
 Node:         47
  0.1107E+03  0.1269E+03  0.5087E+03  0.0000E+00
  -7.401E-16
  -5.397E-17
   4.934E-16
  -4.797E-17
   6.896E-17
   0.0
   5.058E-16
   -7.273E-18
   -7.452E-16
   1.0892155802819752E-15
   -8.222433333333333E-17
   5.1346114866095E-16
   -0.04821    0.9891    0.1394
   -0.05424    -0.142    0.9884
   -0.9974    -0.04009    -0.06049
 Node:         48
  0.1125E+03  0.1242E+03  0.5208E+03  0.0000E+00
   4.934E-16
   5.997E-18
   4.934E-16
   0.0
  -2.998E-18
   4.934E-16
   5.001E-16
   4.934E-16
   4.867E-16
   1.1604740410711462E-17
   4.934E-16
   5.470527092215756E-18
   -0.6325    -0.7071    0.3162
   0.4472    -2.276E-15    0.8944
   0.6325    -0.7071    -0.3162
 Node:         49
  0.1186E+03  0.1311E+03  0.4938E+03  0.0000E+00
  -7.401E-16
  -3.598E-17
   0.0
  -7.196E-17
  -1.049E-17
  -2.467E-16
   1.947E-18
   -2.366E-16
   -7.523E-16
   6.677348643803167E-16
   -3.2898433333333336E-16
   3.1477323375866775E-16
   0.04561    -0.9985    0.02894
   -0.143    0.02215    0.9895
   -0.9887    -0.04926    -0.1418
 Node:         50
  0.1180E+03  0.1298E+03  0.5075E+03  0.0000E+00
   0.0
  -2.249E-17
   1.48E-15
  -7.196E-17
   2.155E-17
   9.869E-16
   1.482E-15
   9.91E-16
   -5.513E-18
   1.3127859849072886E-15
   8.224956666666666E-16
   6.188532481164029E-16
   0.01739    -0.9988    -0.04603
   -0.07128    -0.04716    0.9963
   0.9973    0.01405    0.07201
 Node:         51
  0.1192E+03  0.1275E+03  0.5206E+03  0.0000E+00
   0.0
  -5.997E-18
  -2.467E-16
   0.0
   2.549E-17
   4.934E-16
   4.943E-16
   1.449E-19
   -2.477E-16
   6.54286006770747E-16
   8.22483E-17
   3.0843338148204166E-16
   -4.17E-4    0.03438    0.9994
   0.9997    -0.02416    0.001248
   0.02418    0.9991    -0.03436
 Node:         52
  0.1262E+03  0.1305E+03  0.4920E+03  0.0000E+00
   4.934E-16
  -2.399E-17
   4.934E-16
   2.249E-18
   8.48E-18
   0.0
   5.175E-16
   4.696E-16
   -1.6E-19
   4.95449666061044E-16
   3.2898E-16
   2.335572124055831E-16
   -0.7061    0.708    0.008534
   0.7081    0.706    0.01614
   -0.005403    -0.01744    0.9998
 Node:         53
  0.1258E+03  0.1304E+03  0.5063E+03  0.0000E+00
  -7.401E-16
  -2.998E-18
  -4.934E-16
   4.797E-17
   5.847E-17
  -9.869E-16
   -4.866E-16
   -7.314E-16
   -1.002E-15
   4.465358664206045E-16
   -7.399999999999999E-16
   2.104990261260132E-16
   0.0104    0.9931    0.1171
   -0.9836    0.03123    -0.1776
   -0.18    -0.1133    0.9771
 Node:         54
  0.1265E+03  0.1288E+03  0.5200E+03  0.0000E+00
  -9.869E-16
   3.598E-17
   4.934E-16
   0.0
  -7.496E-18
   4.934E-16
   5.014E-16
   4.864E-16
   -9.877E-16
   1.4816569474746847E-15
   3.3333333333314155E-20
   6.984597833010066E-16
   0.01758    0.7272    -0.6862
   0.01675    0.686    0.7274
   -0.9997    0.02428    1.229E-4
 Node:         55
  0.1382E+03  0.1167E+03  0.4539E+03 -0.6036E-04
   0.03695
  -0.01717
   0.01245
   0.004682
   0.0319
   0.007127
   0.0519
   0.03025
   -0.02617
   0.06980996991834333
   0.01866
   0.03290873541579297
   -0.5131    0.7017    0.4943
   -0.8258    -0.2465    -0.5073
   0.2342    0.6685    -0.7059
 Node:         56
  0.1314E+03  0.1156E+03  0.4690E+03 -0.6036E-04
   0.03652
   0.004571
   0.00633
   0.02849
   0.001153
   2.556E-4
   0.05107
   0.006483
   -0.0151
   0.05844782013899234
   0.014150999999999999
   0.0275525666439021
   -0.8717    -0.1056    -0.4786
   0.06605    -0.9929    0.09877
   -0.4856    0.05449    0.8725
 Node:         57
  0.1285E+03  0.1140E+03  0.4824E+03 -0.6036E-04
   0.04764
   0.01158
  -4.047E-4
   0.009118
  -0.006218
  -5.795E-4
   0.05133
   0.00579
   -0.01038
   0.05542330105650511
   0.015580000000000002
   0.026126794675198867
   -0.9695    -0.1975    -0.1448
   0.03186    -0.688    0.725
   -0.2429    0.6983    0.6734
 Node:         58
  0.1485E+03  0.1176E+03  0.4541E+03 -0.6036E-04
   0.03576
  -0.05162
   0.02293
  -0.007757
   0.02609
   8.654E-4
   0.09286
   0.00228
   -0.02978
   0.11016612364969551
   0.021786666666666666
   0.051932808726490254
   -0.6842    0.6775    0.2699
   0.5294    0.2069    0.8228
   -0.5016    -0.7059    0.5002
 Node:         59
  0.1420E+03  0.1166E+03  0.4698E+03 -0.6036E-04
   0.03691
  -0.04036
   0.01564
   0.01155
   0.011
  -0.002595
   0.06998
   0.008026
   -0.0254
   0.08382404187343867
   0.017535333333333337
   0.039515032290115736
   -0.7834    0.6214    -0.01181
   0.3424    0.4474    0.8262
   0.5187    0.6432    -0.5632
 Node:         60
  0.1375E+03  0.1150E+03  0.4833E+03 -0.6036E-04
   0.04822
  -0.005158
   0.001945
   0.008561
  -0.002195
  -8.918E-4
   0.04971
   0.001775
   -0.002746
   0.05034796719828914
   0.01624633333333333
   0.023734259349912076
   -0.9788    0.1152    -0.1692
   0.1597    0.9468    -0.2793
   -0.1281    0.3004    0.9452
 Node:         61
  0.1556E+03  0.1219E+03  0.4539E+03 -0.6036E-04
   0.04404
  -0.05024
   0.01197
  -0.03909
   0.05263
  -0.01465
   0.1278
   -0.01496
   -0.05295
   0.16506698670539788
   0.019963333333333333
   0.07781332376627768
   -0.6928    0.5883    0.417
   0.7189    0.5187    0.4627
   -0.05596    -0.6203    0.7823
 Node:         62
  0.1494E+03  0.1202E+03  0.4702E+03 -0.6036E-04
   0.05033
  -0.07296
   0.01234
  -0.01107
   0.02729
  -0.01363
   0.1272
   -0.01114
   -0.04992
   0.1612658339512744
   0.02204666666666667
   0.07602144317376659
   -0.7784    0.5997    0.1854
   -0.376    -0.2089    -0.9028
   -0.5027    -0.7725    0.3881
 Node:         63
  0.1437E+03  0.1181E+03  0.4839E+03 -0.6036E-04
   0.05275
  -0.01933
   0.002569
   0.003331
  -0.00243
  -0.002513
   0.06082
   -0.001972
   -0.004731
   0.06421596743022719
   0.018039
   0.03027169735357875
   -0.945    0.3211    -0.06203
   0.2142    0.4642    -0.8594
   -0.2472    -0.8254    -0.5075
 Node:         64
  0.1415E+03  0.1253E+03  0.4528E+03 -0.6036E-04
   0.04091
   0.01747
   0.01154
  -0.0208
   0.01493
  -0.002225
   0.05066
   0.02238
   -0.02251
   0.06390899545447416
   0.01684333333333333
   0.030126989376452615
   0.9157    0.3194    -0.2439
   -0.1182    0.7941    0.5962
   0.3842    -0.5171    0.7649
 Node:         65
  0.1342E+03  0.1229E+03  0.4685E+03 -0.6036E-04
   0.04307
   0.003425
   0.009757
  -0.005895
   0.005945
  -0.001678
   0.04139
   0.01316
   -0.005122
   0.04058651603673319
   0.016476
   0.019132667142873733
   -0.9894    -0.08639    0.1171
   -0.03367    0.9187    0.3934
   -0.1416    0.3853    -0.9119
 Node:         66
  0.1299E+03  0.1214E+03  0.4825E+03 -0.6036E-04
   0.05021
  -8.391E-4
   0.001399
   0.003414
  -0.002489
  -4.901E-4
   0.05006
   0.003001
   -0.002308
   0.04992565666067898
   0.016917666666666668
   0.02353518025330496
   -0.9975    0.02116    -0.06798
   0.05491    0.8365    -0.5453
   -0.04533    0.5476    0.8355
 Node:         67
  0.1502E+03  0.1243E+03  0.4531E+03 -0.6036E-04
   0.04052
  -0.02802
   0.01028
  -0.01767
   0.0106
   8.631E-4
   0.06407
   -0.005747
   -0.006552
   0.07022296062542507
   0.017256999999999998
   0.03310342110215599
   -0.8063    0.504    0.3095
   -0.4152    -0.1097    -0.9031
   -0.4212    -0.8567    0.2978
 Node:         68
  0.1434E+03  0.1224E+03  0.4692E+03 -0.6036E-04
   0.04401
  -0.05218
   0.01074
  -0.01203
   0.01402
   1.038E-4
   0.08932
   -0.0029
   -0.0273
   0.10653664346129926
   0.019706666666666664
   0.05022185535755878
   -0.789    0.5799    0.203
   0.27    0.03052    0.9624
   0.5519    0.8141    -0.1806
 Node:         69
  0.1380E+03  0.1205E+03  0.4831E+03 -0.6036E-04
   0.05074
  -0.0148
   0.002633
  -1.85E-4
   0.002883
  -2.296E-4
   0.05484
   0.001893
   -0.003683
   0.05594380266839214
   0.017683333333333332
   0.026372161488121437
   -0.9613    0.2748    0.01842
   0.1841    0.5915    0.785
   -0.2048    -0.758    0.6193
 Node:         70
  0.1558E+03  0.1240E+03  0.4536E+03 -0.6036E-04
   0.04261
  -0.03491
  -1.129E-4
  -0.0419
   0.02774
   0.009089
   0.09752
   -0.01617
   -0.02377
   0.11767421170332946
   0.01919333333333333
   0.05547215537747044
   -0.7416    0.4341    0.5114
   0.6666    0.5626    0.489
   0.07541    -0.7036    0.7066
 Node:         71
  0.1496E+03  0.1221E+03  0.4700E+03 -0.6036E-04
   0.04785
  -0.07609
   0.006109
  -0.04604
   0.03878
   0.003156
   0.1463
   -0.02333
   -0.04854
   0.18353815216461128
   0.024810000000000002
   0.08652071466803003
   -0.7396    0.5425    0.3984
   -0.4023    0.1182    -0.9078
   -0.5396    -0.8317    0.1308
 Node:         72
  0.1435E+03  0.1199E+03  0.4838E+03 -0.6036E-04
   0.05195
  -0.02512
   0.002342
  -0.007537
   0.007858
   1.219E-4
   0.06511
   6.416E-4
   -0.01008
   0.07044381947736793
   0.018557200000000003
   0.03320753496341857
   -0.9093    0.3865    0.154
   0.3002    0.3533    0.8861
   -0.2881    -0.852    0.4373
 Node:         73
  0.1447E+03  0.1339E+03  0.4524E+03  0.0000E+00
   0.05499
  -0.01562
  -0.008255
   0.00694
  -0.007683
   0.007552
   0.06177
   0.008244
   -0.01258
   0.06643265067720841
   0.019144666666666664
   0.03131665185736744
   -0.9597    0.2279    -0.1646
   0.2205    0.2467    -0.9437
   0.1745    0.9419    0.287
 Node:         74
  0.1369E+03  0.1304E+03  0.4683E+03  0.0000E+00
   0.06058
  -0.01766
  -0.004403
   0.002777
  -0.01336
   0.004582
   0.06831
   0.01129
   -0.01518
   0.073900343030327
   0.02147333333333333
   0.034836955792504155
   -0.9635    0.2494    -0.09766
   0.2121    0.4875    -0.847
   0.1637    0.8367    0.5226
 Node:         75
  0.1313E+03  0.1289E+03  0.4826E+03  0.0000E+00
   0.05431
  -0.007101
  -6.411E-4
  -0.004767
  -0.002648
   2.567E-4
   0.05648
   0.002459
   -0.004043
   0.05754814494838213
   0.018298666666666668
   0.02712845569180491
   -0.9898    0.1188    0.07829
   -0.01405    -0.6292    0.7771
   0.1416    0.7681    0.6245
 Node:         76
  0.1517E+03  0.1310E+03  0.4526E+03  0.0000E+00
   0.05524
  -0.02221
  -0.01156
  -0.002493
   0.02246
   0.01186
   0.06566
   0.02221
   -0.02637
   0.07974158200086075
   0.0205
   0.03759054225023452
   -0.9279    0.3192    0.1928
   0.3167    0.4017    0.8593
   0.1969    0.8583    -0.4738
 Node:         77
  0.1447E+03  0.1282E+03  0.4689E+03  0.0000E+00
   0.0654
  -0.004547
  -0.006115
  -0.00523
   0.01602
   0.004791
   0.07043
   0.01503
   -0.01617
   0.0759676246831504
   0.023096666666666668
   0.03581148170939346
   -0.9915    0.08131    0.1018
   0.1302    0.5834    0.8017
   -0.005801    -0.8081    0.589
 Node:         78
  0.1385E+03  0.1261E+03  0.4829E+03  0.0000E+00
   0.05683
   0.001606
  -5.149E-4
  -0.004363
  -5.579E-4
   1.352E-4
   0.0586
   8.802E-5
   -8.304E-4
   0.05897655357418234
   0.01928587333333333
   0.027801813975544033
   -0.9968    -0.02784    0.07484
   -0.07769    0.5549    -0.8283
   0.01847    0.8315    0.5553
 Node:         79
  0.1560E+03  0.1261E+03  0.4534E+03  0.0000E+00
   0.05559
   0.04812
   0.008512
   0.0139
   2.972E-5
  -0.02971
   0.1051
   -0.01794
   -0.03128
   0.13022346485944844
   0.018626666666666666
   0.06138793004781604
   -0.8554    -0.5107    -0.08627
   0.3261    -0.6605    0.6763
   -0.4024    0.5504    0.7315
 Node:         80
  0.1497E+03  0.1240E+03  0.4698E+03  0.0000E+00
   0.06694
   0.04149
   0.003874
   0.00629
  -0.003828
  -0.02458
   0.1052
   -0.01324
   -0.02486
   0.12465685219834488
   0.022366666666666663
   0.058763803673879234
   -0.906    -0.4222    -0.03069
   0.3121    -0.7151    0.6255
   0.286    -0.5571    -0.7797
 Node:         81
  0.1433E+03  0.1217E+03  0.4837E+03  0.0000E+00
   0.05745
   0.008423
   2.237E-4
  -0.001805
  -5.051E-4
  -0.00327
   0.06111
   -9.557E-4
   -0.00322
   0.06322826532089901
   0.0189781
   0.029806090114046602
   -0.9898    -0.1393    0.02881
   -0.1416    0.9844    -0.1046
   0.01379    0.1076    0.9941
 Node:         82
  0.1267E+03  0.1149E+03  0.4569E+03 -0.2031E-01
   0.003903
  -0.008425
  -0.03569
   0.007904
   0.02499
  -0.03947
   0.005677
   -0.01316
   -0.06385
   0.06228287243697099
   -0.02377766666666667
   0.029360427634639266
   0.9875    -0.1326    0.08493
   0.0395    0.7306    0.6817
   -0.1525    -0.6698    0.7267
 Node:         83
  0.1234E+03  0.1130E+03  0.4723E+03 -0.2031E-01
   0.002041
   0.002918
  -0.03841
   0.04466
   0.01038
  -0.04568
   0.03073
   -0.03953
   -0.07091
   0.09014394488816206
   -0.02657
   0.04249426314221721
   0.863    0.1169    0.4914
   -0.2117    0.967    0.1419
   -0.4586    -0.2265    0.8593
 Node:         84
  0.1187E+03  0.1123E+03  0.4849E+03 -0.2031E-01
   0.009361
   0.00131
  -0.04048
   0.01622
  -6.709E-4
  -0.04538
   0.01409
   -0.0412
   -0.04895
   0.05954447161575959
   -0.025353333333333335
   0.028069533107782336
   0.9673    0.01886    0.2529
   0.01256    0.9924    -0.1221
   -0.2533    0.1212    0.9598
 Node:         85
  0.1302E+03  0.1161E+03  0.4557E+03 -0.2031E-01
   0.002937
  -0.006468
  -0.03445
   0.01142
   0.03712
  -0.03765
   0.006673
   -6.989E-4
   -0.07378
   0.07703206246693645
   -0.022601966666666667
   0.036313262492771
   0.8543    0.287    0.4335
   -0.4992    0.6854    0.53
   -0.145    -0.6692    0.7288
 Node:         86
  0.1252E+03  0.1138E+03  0.4707E+03 -0.2031E-01
   0.004285
   0.0258
  -0.02869
   0.08809
   0.03701
  -0.04365
   0.09481
   -0.0435
   -0.1012
   0.17446900326419018
   -0.016629999999999995
   0.0822454768766445
   0.7571    0.356    0.5478
   -0.4022    0.9148    -0.03864
   -0.5148    -0.191    0.8357
 Node:         87
  0.1217E+03  0.1126E+03  0.4834E+03 -0.2031E-01
   0.008272
   7.815E-4
  -0.04021
   0.02092
  -0.003326
  -0.04498
   0.0158
   -0.04018
   -0.05205
   0.06276256766576714
   -0.025476666666666665
   0.02958655813409566
   0.9498    -0.007371    0.3129
   0.09496    0.9594    -0.2656
   -0.2982    0.282    0.9119
 Node:         88
  0.1338E+03  0.1169E+03  0.4541E+03 -0.2031E-01
  -0.003043
  -0.01455
  -0.03564
   0.00969
   0.0488
  -0.03189
   0.01709
   -8.616E-5
   -0.08471
   0.09439135227522487
   -0.022568719999999997
   0.04449651018611984
   -0.1813    0.72    0.6699
   0.9674    0.008135    0.2531
   -0.1768    -0.6939    0.698
 Node:         89
  0.1270E+03  0.1150E+03  0.4690E+03 -0.2031E-01
  -0.00537
   0.01008
  -0.03776
   0.03769
   0.01235
  -0.04194
   0.02252
   -0.04243
   -0.06526
   0.07888295062939774
   -0.02839
   0.037185779540033846
   0.8338    0.2413    0.4966
   -0.3251    0.9415    0.08842
   -0.4462    -0.2352    0.8635
 Node:         90
  0.1248E+03  0.1132E+03  0.4822E+03 -0.2031E-01
   0.006608
   0.01242
  -0.04157
   0.01107
  -0.006074
  -0.0417
   0.01136
   -0.03626
   -0.05213
   0.057229806045451526
   -0.025676666666666667
   0.026978389293819766
   0.9664    0.1941    0.1683
   -0.01539    0.6976    -0.7163
   -0.2565    0.6896    0.6772
 Node:         91
  0.1260E+03  0.1264E+03  0.4552E+03 -0.2031E-01
   0.001713
   0.0293
  -0.02794
  -0.005571
   0.03757
  -0.04036
   0.02511
   -0.01165
   -0.07688
   0.08946566548123364
   -0.021140000000000003
   0.042174519163431685
   -0.7321    -0.6098    -0.3036
   0.627    -0.429    -0.6502
   0.2663    -0.6663    0.6965
 Node:         92
  0.1210E+03  0.1235E+03  0.4727E+03 -0.2031E-01
   9.609E-4
   0.00576
  -0.0336
   0.007744
   0.02638
  -0.03733
   0.006583
   -0.01499
   -0.06206
   0.06079819355046661
   -0.023489
   0.028660543295618107
   0.8645    0.3574    0.3535
   -0.5021    0.6472    0.5736
   -0.02375    -0.6733    0.739
 Node:         93
  0.1159E+03  0.1217E+03  0.4877E+03 -0.2031E-01
   0.009166
  -0.002654
  -0.04008
   0.007303
   0.007034
  -0.04126
   0.01024
   -0.03421
   -0.04834
   0.05294844568068075
   -0.024103333333333334
   0.02496013666273128
   0.9911    -0.03038    0.1295
   0.06275    -0.7517    -0.6565
   0.1173    0.6588    -0.7431
 Node:         94
  0.1315E+03  0.1266E+03  0.4543E+03 -0.2031E-01
  -2.225E-4
   0.0279
  -0.02644
  -0.02094
   0.03487
  -0.03627
   0.01728
   6.285E-4
   -0.07771
   0.08785582830552564
   -0.019933833333333335
   0.04141563464106547
   -0.8323    -0.5494    -0.0741
   -0.425    0.5465    0.7216
   0.356    -0.6321    0.6883
 Node:         95
  0.1251E+03  0.1236E+03  0.4708E+03 -0.2031E-01
  -0.002888
   0.002006
  -0.03223
   0.002877
   0.0176
  -0.03352
   -0.001834
   -0.01698
   -0.05169
   0.04427079258382438
   -0.023501333333333332
   0.020869451763016893
   0.9742    0.1552    0.164
   -0.2255    0.7082    0.6691
   -0.01233    -0.6888    0.7249
 Node:         96
  0.1205E+03  0.1222E+03  0.4852E+03 -0.2031E-01
   0.008213
  -0.00244
  -0.04
   0.008774
   0.004961
  -0.04106
   0.009737
   -0.03631
   -0.04668
   0.05201317620565005
   -0.024417666666666667
   0.024519246404043956
   0.9869    -0.02898    0.159
   0.07783    -0.7768    -0.6249
   0.1416    0.629    -0.7644
 Node:         97
  0.1370E+03  0.1261E+03  0.4531E+03 -0.2031E-01
  -0.005549
   0.0199
  -0.02644
  -0.01757
   0.03621
  -0.03598
   0.008244
   0.00145
   -0.07587
   0.08093116158810523
   -0.02205866666666667
   0.0381513154455023
   -0.5709    -0.7203    -0.394
   0.7621    -0.2865    -0.5806
   -0.3053    0.6317    -0.7125
 Node:         98
  0.1297E+03  0.1233E+03  0.4687E+03 -0.2031E-01
  -0.001686
   0.009182
  -0.03014
   0.006016
   0.01932
  -0.0369
   0.004553
   -0.02058
   -0.05399
   0.05086835282373511
   -0.023339
   0.023979571486301976
   0.8766    0.3803    0.2948
   -0.4803    0.6552    0.5831
   0.0286    -0.6528    0.757
 Node:         99
  0.1260E+03  0.1218E+03  0.4827E+03 -0.2031E-01
   0.008768
   0.001706
  -0.03929
   0.005608
  -3.129E-4
  -0.04102
   0.009383
   -0.03966
   -0.04169
   0.05008886142646886
   -0.023989
   0.023612115717712944
   0.994    0.03234    0.1049
   -0.006192    0.9706    -0.2405
   -0.1096    0.2384    0.965
 Node:        100
  0.1254E+03  0.1378E+03  0.4535E+03  0.0000E+00
   0.05356
   7.094E-4
   0.003369
  -0.002981
   1.465E-4
  -0.002638
   0.05412
   0.003423
   -0.002701
   0.054019974203992356
   0.018280666666666667
   0.02546526005277691
   -0.9986    -0.01403    0.05158
   -0.01248    0.9995    0.03035
   -0.05198    0.02966    -0.9982
 Node:        101
  0.1189E+03  0.1340E+03  0.4717E+03  0.0000E+00
   0.05578
   0.001956
   0.003581
  -0.009454
  -0.005933
  -0.004095
   0.05873
   0.006134
   -0.00784
   0.060799575623518946
   0.019007999999999997
   0.028661194811103036
   -0.987    -0.05411    0.1513
   -0.1134    0.9018    -0.417
   -0.1139    -0.4288    -0.8962
 Node:        102
  0.1139E+03  0.1312E+03  0.4875E+03  0.0000E+00
   0.05304
  -8.198E-4
  -4.844E-4
  -0.002721
  -0.005728
  -6.969E-4
   0.05388
   0.005098
   -0.006335
   0.05539062753751757
   0.017547666666666666
   0.026111392230637992
   -0.9988    0.009358    0.0488
   0.02715    -0.7198    0.6936
   0.04162    0.6941    0.7187
 Node:        103
  0.1328E+03  0.1368E+03  0.4530E+03  0.0000E+00
   0.0544
  -0.004879
   0.003583
  -0.003115
  -0.001556
  -0.004099
   0.05598
   0.003618
   -0.004476
   0.05684285274333089
   0.018374
   0.02679597775786508
   -0.9945    0.09326    0.04818
   0.07986    0.9701    -0.2293
   0.06812    0.2242    0.9722
 Node:        104
  0.1253E+03  0.1333E+03  0.4702E+03  0.0000E+00
   0.0567
  -0.002056
   0.001552
  -0.01136
  -0.008998
  -0.003836
   0.06081
   0.007746
   -0.01162
   0.06494973037665361
   0.018978666666666668
   0.030617596523713108
   -0.9853    0.005802    0.1706
   0.09026    -0.8305    0.5496
   0.1449    0.557    0.8178
 Node:        105
  0.1201E+03  0.1317E+03  0.4854E+03  0.0000E+00
   0.05294
  -0.002886
  -8.753E-4
  -0.004763
  -0.005815
  -6.374E-4
   0.05426
   0.00502
   -0.006956
   0.05619341968593832
   0.017441333333333333
   0.02648983207865908
   -0.9957    0.04256    0.08185
   0.02736    -0.711    0.7026
   0.0881    0.7019    0.7068
 Node:        106
  0.1402E+03  0.1352E+03  0.4524E+03  0.0000E+00
   0.05499
  -0.004764
  -3.873E-4
   0.003758
  -0.0134
  -6.896E-4
   0.05706
   0.012
   -0.01353
   0.06190772407381812
   0.01851
   0.02918358100028165
   -0.9903    0.1057    -0.0899
   0.1384    0.707    -0.6936
   0.009765    0.6993    0.7148
 Node:        107
  0.1324E+03  0.1317E+03  0.4686E+03  0.0000E+00
   0.05889
  -0.009649
   1.441E-4
  -0.005167
  -0.02031
  -6.032E-4
   0.06257
   0.0197
   -0.02075
   0.07216738113580123
   0.020506666666666663
   0.034020029721066124
   -0.9894    0.1413    0.03346
   -0.07692    -0.7055    0.7045
   0.1231    0.6945    0.7089
 Node:        108
  0.1273E+03  0.1304E+03  0.4831E+03  0.0000E+00
   0.05342
  -0.005386
  -5.882E-4
  -0.005922
  -0.004161
  -1.494E-4
   0.05529
   0.003776
   -0.005528
   0.056741015746988525
   0.017846
   0.026747971337405505
   -0.9912    0.0873    0.09921
   0.01034    -0.6972    0.7168
   0.1317    0.7116    0.6902
 Node:        109
  0.1018E+03  0.1092E+03  0.4946E+03 -0.1181E+00
  -0.2361
   3.054E-16
  -0.2361
   1.222E-16
  -3.054E-17
  -0.2361
   -0.2361
   -0.2361
   -0.2361
   0.0
   -0.2361
   0.0
   -0.4237    -0.8919    0.1582
   0.3573    -0.004112    0.934
   0.8323    -0.4523    -0.3204
 Node:        110
  0.1058E+03  0.1118E+03  0.5081E+03 -0.1181E+00
  -0.2361
   6.108E-17
  -0.2361
  -3.054E-17
  -1.145E-16
  -0.2361
   -0.2361
   -0.2361
   -0.2361
   0.0
   -0.2361
   0.0
   -0.04774    -0.01899    0.9987
   -0.8601    -0.5076    -0.05077
   0.5078    -0.8614    0.0079
 Node:        111
  0.1108E+03  0.1137E+03  0.5210E+03 -0.1181E+00
  -0.2361
   1.222E-16
  -0.2361
  -6.108E-17
   7.177E-16
  -0.2361
   -0.2361
   -0.2361
   -0.2361
   0.0
   -0.2361
   0.0
   -0.1306    0.8755    0.4653
   -0.9688    -0.2124    0.1275
   0.2104    -0.4341    0.8759
 Node:        112
  0.1072E+03  0.1111E+03  0.4942E+03 -0.1181E+00
  -0.2361
   3.054E-16
  -0.2361
  -1.819E-33
   3.054E-17
  -0.2361
   -0.2361
   -0.2361
   -0.2361
   0.0
   -0.2361
   0.0
   0.3501    0.9319    0.09547
   -0.9367    0.3482    0.03568
   0.0    -0.1019    0.9948
 Node:        113
  0.1071E+03  0.1139E+03  0.5077E+03 -0.1181E+00
  -0.2361
   2.401E-32
  -0.2361
   3.665E-16
  -3.359E-16
  -0.2361
   -0.2361
   -0.2361
   -0.2361
   0.0
   -0.2361
   0.0
   -0.02653    -0.7421    0.6697
   0.2414    0.6454    0.7247
   -0.9701    0.1809    0.162
 Node:        114
  0.1093E+03  0.1164E+03  0.5209E+03 -0.1181E+00
  -0.2361
   2.443E-16
  -0.2361
  -6.108E-17
   1.222E-16
  -0.2361
   -0.2361
   -0.2361
   -0.2361
   0.0
   -0.2361
   0.0
   -0.6342    -0.7708    -0.06072
   -0.3516    0.2175    0.9105
   0.6886    -0.5988    0.4089
 Node:        115
  0.1129E+03  0.1120E+03  0.4932E+03 -0.1181E+00
  -0.2361
  -2.183E-33
  -0.2361
  -1.832E-16
  -6.108E-17
  -0.2361
   -0.2361
   -0.2361
   -0.2361
   0.0
   -0.2361
   0.0
   -0.4742    0.0    0.8804
   0.0    -1.0    0.0
   -0.8804    0.0    -0.4742
 Node:        116
  0.1092E+03  0.1143E+03  0.5068E+03 -0.1181E+00
  -0.2361
   1.145E-16
  -0.2361
   3.665E-16
   4.581E-17
  -0.2361
   -0.2361
   -0.2361
   -0.2361
   0.0
   -0.2361
   0.0
   -0.293    -0.9453    -0.1436
   0.9153    -0.3207    0.2438
   -0.2765    -0.05994    0.9591
 Node:        117
  0.1089E+03  0.1172E+03  0.5207E+03 -0.1181E+00
  -0.2361
  -1.527E-16
  -0.2361
  -3.054E-16
  -3.665E-16
  -0.2361
   -0.2361
   -0.2361
   -0.2361
   0.0
   -0.2361
   0.0
   -0.1428    -0.2074    0.9678
   -0.9063    0.4204    -0.0437
   -0.3978    -0.8834    -0.248
 Node:        118
  0.1017E+03  0.1094E+03  0.4948E+03 -0.1181E+00
  -0.2361
   1.832E-16
  -0.2361
  -3.054E-16
  -3.97E-16
  -0.2361
   -0.2361
   -0.2361
   -0.2361
   0.0
   -0.2361
   0.0
   -0.304    -0.4635    0.8323
   0.4422    0.7052    0.5542
   0.8438    -0.5365    0.009397
 Node:        119
  0.1058E+03  0.1120E+03  0.5082E+03 -0.1181E+00
  -0.2361
  -7.635E-17
  -0.2361
   1.222E-16
  -6.49E-17
  -0.2361
   -0.2361
   -0.2361
   -0.2361
   0.0
   -0.2361
   0.0
   0.8436    0.3414    -0.4144
   -0.5359    0.5819    -0.6117
   0.03235    0.7381    0.6739
 Node:        120
  0.1109E+03  0.1138E+03  0.5210E+03 -0.1181E+00
  -0.2361
   3.97E-16
  -0.2361
  -4.276E-16
   2.443E-16
  -0.2361
   -0.2361
   -0.2361
   -0.2361
   0.0
