 Group name: gastroc_stress
 #Fields=  16
 1) coordinates, coordinate, rectangular cartesian, #Components=3
   x.  Value index= 1, #Derivatives=0
   y.  Value index= 2, #Derivatives=0
   z.  Value index= 3, #Derivatives=0
 2) Tensor_1, field, rectangular cartesian, #Components=1
   Tensor_1.  Value index= 4, #Derivatives=0
 3) Tensor_2, field, rectangular cartesian, #Components=1
   Tensor_2.  Value index= 5, #Derivatives=0
 4) Tensor_3, field, rectangular cartesian, #Components=1
   Tensor_3.  Value index= 6, #Derivatives=0
 5) Tensor_4, field, rectangular cartesian, #Components=1
   Tensor_4.  Value index= 7, #Derivatives=0
 6) Tensor_5, field, rectangular cartesian, #Components=1
   Tensor_5.  Value index= 8, #Derivatives=0
 7) Tensor_6, field, rectangular cartesian, #Components=1
   Tensor_6.  Value index= 9, #Derivatives=0
 8) Principal_1, field, rectangular cartesian, #Components=1
   Principal_1.  Value index= 10, #Derivatives=0
 9) Principal_2, field, rectangular cartesian, #Components=1
   Principal_2.  Value index= 11, #Derivatives=0
 10) Principal_3, field, rectangular cartesian, #Components=1
   Principal_3.  Value index= 12, #Derivatives=0
 11) VonMises, field, rectangular cartesian, #Components=1
   VonMises.  Value index= 13, #Derivatives=0
 12) Hydrostatic, field, rectangular cartesian, #Components=1
   VonMises.  Value index= 14, #Derivatives=0
 13) Octahedral, field, rectangular cartesian, #Components=1
   VonMises.  Value index= 15, #Derivatives=0
 14) PrincipalVector1, field, rectangular cartesian, #Components=3
   x.  Value index= 16, #Derivatives=0
   y.  Value index= 17, #Derivatives=0
   z.  Value index= 18, #Derivatives=0
 15) PrincipalVector2, field, rectangular cartesian, #Components=3
   x.  Value index= 19, #Derivatives=0
   y.  Value index= 20, #Derivatives=0
   z.  Value index= 21, #Derivatives=0
 16) PrincipalVector3, field, rectangular cartesian, #Components=3
   x.  Value index= 22, #Derivatives=0
   y.  Value index= 23, #Derivatives=0
   z.  Value index= 24, #Derivatives=0
 Node:          1
  0.1287E+03  0.1133E+03  0.4908E+03 -0.1784E-04
  -3.568E-5
  -1.439E-16
  -3.568E-5
  -4.797E-17
  -7.196E-17
  -3.568E-5
   -3.568E-5
   -3.568E-5
   -3.568E-5
   0.0
   -3.568E-5
   0.0
   0.966    -0.2571    -0.02712
   0.2489    0.9532    -0.1718
   0.07002    0.1592    0.9848
 Node:          2
  0.1292E+03  0.1137E+03  0.5052E+03 -0.1784E-04
  -3.568E-5
  -1.919E-16
  -3.568E-5
  -9.595E-17
   3.358E-16
  -3.568E-5
   -3.568E-5
   -3.568E-5
   -3.568E-5
   0.0
   -3.568E-5
   0.0
   0.895    -0.3984    -0.2008
   0.4461    0.7982    0.4048
   -9.597E-4    -0.4518    0.8921
 Node:          3
  0.1289E+03  0.1155E+03  0.5194E+03 -0.1784E-04
  -3.568E-5
   2.399E-16
  -3.568E-5
   1.919E-16
   9.595E-17
  -3.568E-5
   -3.568E-5
   -3.568E-5
   -3.568E-5
   0.0
   -3.568E-5
   0.0
   -0.4092    -0.8757    -0.2565
   0.496    -0.4494    0.7429
   0.7659    -0.1767    -0.6182
 Node:          4
  0.1361E+03  0.1141E+03  0.4915E+03 -0.1784E-04
  -3.568E-5
  -4.797E-17
  -3.568E-5
  -4.797E-17
  -1.439E-16
  -3.568E-5
   -3.568E-5
   -3.568E-5
   -3.568E-5
   0.0
   -3.568E-5
   0.0
   -0.04307    -0.0943    0.9946
   -0.9939    0.1055    -0.03304
   -0.1018    -0.9899    -0.09827
 Node:          5
  0.1341E+03  0.1144E+03  0.5054E+03 -0.1784E-04
  -3.568E-5
   2.399E-16
  -3.568E-5
   9.595E-17
  -1.199E-16
  -3.568E-5
   -3.568E-5
   -3.568E-5
   -3.568E-5
   0.0
   -3.568E-5
   0.0
   0.09699    -0.1794    0.979
   0.7185    0.6933    0.05584
   -0.6888    0.698    0.1961
 Node:          6
  0.1323E+03  0.1162E+03  0.5191E+03 -0.1784E-04
  -3.568E-5
   9.595E-17
  -3.568E-5
  -9.595E-17
  -4.797E-17
  -3.568E-5
   -3.568E-5
   -3.568E-5
   -3.568E-5
   0.0
   -3.568E-5
   0.0
   -0.715    -0.6928    0.09323
   0.693    -0.72    -0.0358
   0.09193    0.03901    0.995
 Node:          7
  0.1408E+03  0.1171E+03  0.4920E+03 -0.1784E-04
  -3.568E-5
   3.838E-16
  -3.568E-5
  -1.439E-16
  -1.919E-16
  -3.568E-5
   -3.568E-5
   -3.568E-5
   -3.568E-5
   0.0
   -3.568E-5
   0.0
   0.8641    0.487    -0.1268
   -0.5006    0.8577    -0.1173
   0.05166    0.1648    0.985
 Node:          8
  0.1367E+03  0.1169E+03  0.5055E+03 -0.1784E-04
  -3.568E-5
   3.358E-16
  -3.568E-5
  -6.956E-16
  -4.078E-16
  -3.568E-5
   -3.568E-5
   -3.568E-5
   -3.568E-5
   0.0
   -3.568E-5
   0.0
   -0.7205    -0.6269    0.2965
   0.6359    -0.7678    -0.07819
   0.2766    0.1322    0.9518
 Node:          9
  0.1339E+03  0.1180E+03  0.5191E+03 -0.1784E-04
  -3.568E-5
   2.878E-16
  -3.568E-5
  -6.836E-16
  -4.797E-16
  -3.568E-5
   -3.568E-5
   -3.568E-5
   -3.568E-5
   0.0
   -3.568E-5
   0.0
   0.3025    0.1645    -0.9389
   0.9346    0.1425    0.326
   -0.1874    0.976    0.1106
 Node:         10
  0.1294E+03  0.1212E+03  0.4911E+03 -0.1784E-04
  -3.568E-5
   4.797E-17
  -3.568E-5
  -2.399E-17
   2.159E-16
  -3.568E-5
   -3.568E-5
   -3.568E-5
   -3.568E-5
   0.0
   -3.568E-5
   0.0
   0.02409    0.7089    0.7049
   0.1744    0.6913    -0.7012
   -0.9844    0.1398    -0.107
 Node:         11
  0.1295E+03  0.1214E+03  0.5055E+03 -0.1784E-04
  -3.568E-5
  -4.797E-17
  -3.568E-5
  -7.196E-17
   2.399E-17
  -3.568E-5
   -3.568E-5
   -3.568E-5
   -3.568E-5
   0.0
   -3.568E-5
   0.0
   -0.2763    0.1331    0.9518
   -0.5867    0.761    -0.2768
   0.7612    0.635    0.1322
 Node:         12
  0.1295E+03  0.1217E+03  0.5196E+03 -0.1784E-04
  -3.568E-5
  -3.024E-37
  -3.568E-5
   1.319E-16
   4.797E-17
  -3.568E-5
   -3.568E-5
   -3.568E-5
   -3.568E-5
   0.0
   -3.568E-5
   0.0
   -0.2404    -0.08741    -0.9667
   -0.3417    0.9398    -6.493E-6
   -0.9085    -0.3304    0.2558
 Node:         13
  0.1361E+03  0.1199E+03  0.4914E+03 -0.1784E-04
  -3.568E-5
  -2.399E-16
  -3.568E-5
  -1.679E-16
   4.797E-17
  -3.568E-5
   -3.568E-5
   -3.568E-5
   -3.568E-5
   0.0
   -3.568E-5
   0.0
   0.9203    -0.37    -0.1273
   0.3697    0.9288    -0.02722
   0.1283    -0.022    0.9915
 Node:         14
  0.1342E+03  0.1198E+03  0.5054E+03 -0.1784E-04
  -3.568E-5
   4.797E-17
  -3.568E-5
   9.595E-17
  -1.559E-16
  -3.568E-5
   -3.568E-5
   -3.568E-5
   -3.568E-5
   0.0
   -3.568E-5
   0.0
   0.09999    -0.2648    0.9591
   -0.2953    -0.9284    -0.2256
   -0.9502    0.2607    0.171
 Node:         15
  0.1330E+03  0.1205E+03  0.5193E+03 -0.1784E-04
  -3.568E-5
  -1.439E-16
  -3.568E-5
   2.399E-17
   8.396E-17
  -3.568E-5
   -3.568E-5
   -3.568E-5
   -3.568E-5
   0.0
   -3.568E-5
   0.0
   0.9934    -0.1134    0.01425
   -0.01885    -0.2856    -0.9582
   0.1127    0.9516    -0.2858
 Node:         16
  0.1404E+03  0.1188E+03  0.4918E+03 -0.1784E-04
  -3.568E-5
   9.595E-17
  -3.568E-5
  -1.439E-16
  -2.519E-16
  -3.568E-5
   -3.568E-5
   -3.568E-5
   -3.568E-5
   0.0
   -3.568E-5
   0.0
   -0.1502    -0.2388    0.9594
   -0.7941    -0.549    -0.2609
   0.589    -0.801    -0.1072
 Node:         17
  0.1365E+03  0.1184E+03  0.5055E+03 -0.1784E-04
  -3.568E-5
   4.797E-17
  -3.568E-5
   1.679E-16
   2.938E-16
  -3.568E-5
   -3.568E-5
   -3.568E-5
   -3.568E-5
   0.0
   -3.568E-5
   0.0
   0.248    0.4017    0.8815
   0.9357    -0.3351    -0.1106
   -0.251    -0.8523    0.459
 Node:         18
  0.1341E+03  0.1191E+03  0.5192E+03 -0.1784E-04
  -3.568E-5
  -4.02E-37
  -3.568E-5
   4.573E-17
   1.84E-16
  -3.568E-5
   -3.568E-5
   -3.568E-5
   -3.568E-5
   0.0
   -3.568E-5
   0.0
   0.02287    0.09199    0.9955
   0.9709    -0.2395    -1.676E-4
   -0.2384    -0.9665    0.09479
 Node:         19
  0.1301E+03  0.1291E+03  0.4914E+03  0.0000E+00
   4.934E-16
   0.0
   4.934E-16
   3.631E-19
   1.731E-17
  -9.869E-16
   4.936E-16
   4.934E-16
   -9.871E-16
   1.4806000101310279E-15
   -3.3333333333314155E-20
   6.979615382590138E-16
   -0.02097    -0.9997    -0.01169
   -0.9998    0.02097    -8.123E-17
   2.452E-4    0.01169    -0.9999
 Node:         20
  0.1299E+03  0.1291E+03  0.5058E+03  0.0000E+00
   9.869E-16
   0.0
   0.0
   1.799E-17
   3.326E-17
  -2.467E-16
   9.871E-16
   4.4E-18
   -2.514E-16
   1.1324785163525177E-15
   2.467E-16
   5.338554923072971E-16
   -0.9999    -4.917E-4    -0.01459
   0.002401    -0.9914    -0.1311
   -0.0144    -0.1312    0.9913
 Node:         21
  0.1301E+03  0.1280E+03  0.5197E+03  0.0000E+00
   4.934E-16
   0.0
   0.0
   7.196E-17
   2.549E-17
   4.934E-16
   5.66E-16
   4.222E-16
   -1.341E-18
   5.108528305500519E-16
   3.28953E-16
   2.408183337801893E-16
   -0.7039    -0.03195    -0.7096
   -0.7102    0.04241    0.7027
   -0.007642    -0.9986    0.05255
 Node:         22
  0.1360E+03  0.1256E+03  0.4913E+03  0.0000E+00
  -9.869E-16
   2.399E-17
  -4.934E-16
  -2.399E-17
   1.739E-16
   4.934E-16
   5.234E-16
   -5.215E-16
   -9.888E-16
   1.3410693755358072E-15
   -3.2896666666666662E-16
   6.321861663219854E-16
   -0.01298    0.1683    0.9857
   0.05935    0.9841    -0.1672
   -0.9982    0.05633    -0.02276
 Node:         23
  0.1343E+03  0.1253E+03  0.5054E+03  0.0000E+00
   0.0
   3.598E-17
  -1.974E-15
   0.0
   2.271E-16
  -7.401E-16
   6.796E-19
   -6.997E-16
   -2.015E-15
   1.7724996366646057E-15
   -9.046734666666666E-16
   8.355643418241562E-16
   0.9998    0.01889    0.00579
   -0.009011    0.1753    0.9845
   0.01758    -0.9843    0.1754
 Node:         24
  0.1336E+03  0.1248E+03  0.5194E+03  0.0000E+00
  -9.869E-16
   2.099E-17
   0.0
   2.399E-17
   1.499E-18
  -7.401E-16
   4.516E-19
   -7.379E-16
   -9.896E-16
   8.912682384908372E-16
   -5.756827999999999E-16
   4.2014787686204007E-16
   -0.02132    -0.9998    -0.002714
   0.09549    -0.004739    0.9954
   -0.9952    0.02096    0.09557
 Node:         25
  0.1400E+03  0.1206E+03  0.4917E+03  0.0000E+00
   0.0
   4.617E-16
  -4.934E-16
  -1.439E-16
  -2.249E-16
   9.869E-16
   1.067E-15
   2.05E-16
   -7.785E-16
   1.5994040296310373E-15
   1.6449999999999999E-16
   7.539662901394642E-16
   -0.2161    -0.2016    0.9553
   0.839    0.4621    0.2874
   -0.4994    0.8636    0.06929
 Node:         26
  0.1363E+03  0.1200E+03  0.5055E+03  0.0000E+00
   9.869E-16
   1.859E-16
  -2.714E-15
   4.797E-17
  -1.943E-15
  -2.467E-16
   1.006E-15
   8.09E-16
   -3.789E-15
   4.699597748744035E-15
   -6.579999999999999E-16
   2.215411624657293E-15
   0.968    0.1526    -0.1995
   0.2481    -0.4578    0.8538
   -0.03892    0.8759    0.4809
 Node:         27
  0.1343E+03  0.1203E+03  0.5192E+03  0.0000E+00
   9.869E-16
  -3.358E-16
   9.869E-16
  -1.799E-16
   2.27E-15
   0.0
   2.89E-15
   9.15E-16
   -1.831E-15
   4.1066398673367985E-15
   6.58E-16
   1.9358885987232494E-15
   -0.1931    0.7658    0.6135
   0.9808    0.1345    0.1409
   0.02534    0.6289    -0.7771
 Node:         28
  0.1155E+03  0.1124E+03  0.4931E+03 -0.1054E-03
  -2.109E-4
   6.598E-17
  -2.109E-4
  -9.597E-17
   9.597E-17
  -2.109E-4
   -2.109E-4
   -2.109E-4
   -2.109E-4
   0.0
   -2.109E-4
   0.0
   0.02394    0.9835    0.1795
   0.07203    0.1774    -0.9815
   -0.9971    0.03642    -0.06659
 Node:         29
  0.1119E+03  0.1139E+03  0.5068E+03 -0.1054E-03
  -2.109E-4
  -3.599E-17
  -2.109E-4
   9.597E-17
   1.2E-17
  -2.109E-4
   -2.109E-4
   -2.109E-4
   -2.109E-4
   0.0
   -2.109E-4
   0.0
   -0.03582    0.9993    0.005765
   -0.982    -0.03413    -0.1855
   -0.1852    -0.01231    0.9826
 Node:         30
  0.1113E+03  0.1159E+03  0.5206E+03 -0.1054E-03
  -2.109E-4
   2.159E-16
  -2.109E-4
   2.924E-36
  -4.798E-17
  -2.109E-4
   -2.109E-4
   -2.109E-4
   -2.109E-4
   0.0
   -2.109E-4
   0.0
   0.7038    0.7088    -0.0478
   -0.7086    0.6956    -0.1186
   -0.05084    0.1174    0.9918
 Node:         31
  0.1203E+03  0.1126E+03  0.4920E+03 -0.1054E-03
  -2.109E-4
   1.679E-16
  -2.109E-4
   4.798E-17
   7.198E-17
  -2.109E-4
   -2.109E-4
   -2.109E-4
   -2.109E-4
   0.0
   -2.109E-4
   0.0
   -0.7438    -0.4293    -0.5123
   0.5143    0.122    -0.8489
   0.4269    -0.8949    0.13
 Node:         32
  0.1188E+03  0.1134E+03  0.5062E+03 -0.1054E-03
  -2.109E-4
  -2.399E-17
  -2.109E-4
  -4.798E-17
   1.679E-16
  -2.109E-4
   -2.109E-4
   -2.109E-4
   -2.109E-4
   0.0
   -2.109E-4
   0.0
   0.9989    -0.02089    -0.04164
   0.04658    0.4512    0.8912
   1.641E-4    -0.8922    0.4517
 Node:         33
  0.1183E+03  0.1150E+03  0.5201E+03 -0.1054E-03
  -2.109E-4
   9.597E-17
  -2.109E-4
   1.44E-16
  -3.899E-36
  -2.109E-4
   -2.109E-4
   -2.109E-4
   -2.109E-4
   0.0
   -2.109E-4
   0.0
   0.9536    0.1669    0.2505
   3.61E-4    0.8315    -0.5555
   -0.301    0.5298    0.7929
 Node:         34
  0.1255E+03  0.1129E+03  0.4909E+03 -0.1054E-03
  -2.109E-4
  -4.548E-36
  -2.109E-4
   9.597E-17
   1.679E-16
  -2.109E-4
   -2.109E-4
   -2.109E-4
   -2.109E-4
   0.0
   -2.109E-4
   0.0
   0.351    0.6139    0.7071
   -0.8681    0.4964    -7.72E-5
   -0.3511    -0.6138    0.7071
 Node:         35
  0.1260E+03  0.1135E+03  0.5054E+03 -0.1054E-03
  -2.109E-4
   1.919E-16
  -2.109E-4
   1.919E-16
   4.319E-16
  -2.109E-4
   -2.109E-4
   -2.109E-4
   -2.109E-4
   0.0
   -2.109E-4
   0.0
   0.7459    0.471    0.471
   -0.6661    0.5274    0.5275
   3.404E-5    -0.7071    0.7071
 Node:         36
  0.1257E+03  0.1153E+03  0.5196E+03 -0.1054E-03
  -2.109E-4
  -9.597E-17
  -2.109E-4
  -9.597E-17
   1.44E-16
  -2.109E-4
   -2.109E-4
   -2.109E-4
   -2.109E-4
   0.0
   -2.109E-4
   0.0
   -0.5155    0.606    0.6059
   0.8569    0.3643    0.3647
   -2.905E-4    -0.7072    0.707
 Node:         37
  0.1132E+03  0.1210E+03  0.4959E+03 -0.1054E-03
  -2.109E-4
   2.399E-16
  -2.109E-4
  -1.44E-16
   3.119E-16
  -2.109E-4
   -2.109E-4
   -2.109E-4
   -2.109E-4
   0.0
   -2.109E-4
   0.0
   -0.5073    -0.7958    -0.3308
   0.7558    -0.2263    -0.6145
   0.4141    -0.5617    0.7162
 Node:         38
  0.1111E+03  0.1204E+03  0.5085E+03 -0.1054E-03
  -2.109E-4
   1.679E-16
  -2.109E-4
  -4.798E-17
  -1.44E-16
  -2.109E-4
   -2.109E-4
   -2.109E-4
   -2.109E-4
   0.0
   -2.109E-4
   0.0
   0.2119    0.9668    -0.1429
   0.9723    -0.2233    -0.06849
   0.09812    0.1244    0.9874
 Node:         39
  0.1119E+03  0.1201E+03  0.5207E+03 -0.1054E-03
  -2.109E-4
  -1.679E-16
  -2.109E-4
  -1.44E-16
  -1.32E-16
  -2.109E-4
   -2.109E-4
   -2.109E-4
   -2.109E-4
   0.0
   -2.109E-4
   0.0
   0.9213    -0.07989    -0.3805
   0.3607    -0.1892    0.9133
   -0.1449    -0.9787    -0.1455
 Node:         40
  0.1191E+03  0.1220E+03  0.4937E+03 -0.1054E-03
  -2.109E-4
   1.44E-16
  -2.109E-4
   1.44E-16
  -2.399E-17
  -2.109E-4
   -2.109E-4
   -2.109E-4
   -2.109E-4
   0.0
   -2.109E-4
   0.0
   0.9817    0.1345    0.1345
   -1.956E-4    0.7078    -0.7064
   -0.1903    0.6935    0.6949
 Node:         41
  0.1182E+03  0.1217E+03  0.5073E+03 -0.1054E-03
  -2.109E-4
  -4.798E-17
  -2.109E-4
   9.597E-17
   1.679E-16
  -2.109E-4
   -2.109E-4
   -2.109E-4
   -2.109E-4
   0.0
   -2.109E-4
   0.0
   -0.1538    -0.1966    -0.9683
   -0.9621    0.2532    0.1014
   0.2253    0.9472    -0.2281
 Node:         42
  0.1187E+03  0.1212E+03  0.5204E+03 -0.1054E-03
  -2.109E-4
  -9.597E-17
  -2.109E-4
   2.599E-36
   9.597E-17
  -2.109E-4
   -2.109E-4
   -2.109E-4
   -2.109E-4
   0.0
   -2.109E-4
   0.0
   -0.01861    0.09768    0.995
   -0.9834    0.178    -0.03586
   -0.1806    -0.9792    0.09275
 Node:         43
  0.1258E+03  0.1217E+03  0.4915E+03 -0.1054E-03
  -2.109E-4
   1.919E-16
  -2.109E-4
  -2.399E-17
   1.3E-36
  -2.109E-4
   -2.109E-4
   -2.109E-4
   -2.109E-4
   0.0
   -2.109E-4
   0.0
   0.9458    0.3242    -0.01746
   -0.324    0.946    0.01159
   0.02027    -0.0053    0.9998
 Node:         44
  0.1259E+03  0.1220E+03  0.5059E+03 -0.1054E-03
  -2.109E-4
   2.399E-16
  -2.109E-4
   1.679E-16
   1.919E-16
  -2.109E-4
   -2.109E-4
   -2.109E-4
   -2.109E-4
   0.0
   -2.109E-4
   0.0
   -0.3605    -0.3833    -0.8504
   -0.621    -0.5817    0.5254
   0.696    -0.7174    0.02837
 Node:         45
  0.1261E+03  0.1221E+03  0.5198E+03 -0.1054E-03
  -2.109E-4
  -1.44E-16
  -2.109E-4
   4.798E-17
  -1.2E-17
  -2.109E-4
   -2.109E-4
   -2.109E-4
   -2.109E-4
   0.0
   -2.109E-4
   0.0
   0.06679    -0.01246    0.9977
   -0.9877    0.1408    0.06788
   -0.1413    -0.99    -0.002904
 Node:         46
  0.1117E+03  0.1296E+03  0.4959E+03  0.0000E+00
  -2.467E-16
   4.797E-17
  -7.401E-16
   1.199E-17
  -4.497E-17
   0.0
   3.057E-18
   -2.423E-16
   -7.476E-16
   6.629532710146319E-16
   -3.2894766666666664E-16
   3.125191690294995E-16
   0.03676    -0.058    0.9976
   0.9946    0.09864    -0.03092
   -0.09662    0.9934    0.06131
 Node:         47
  0.1107E+03  0.1269E+03  0.5087E+03  0.0000E+00
  -7.401E-16
  -5.397E-17
   4.934E-16
  -4.797E-17
   6.896E-17
   0.0
   5.058E-16
   -7.273E-18
   -7.452E-16
   1.0892155802819752E-15
   -8.222433333333333E-17
   5.1346114866095E-16
   -0.04821    0.9891    0.1394
   -0.05424    -0.142    0.9884
   -0.9974    -0.04009    -0.06049
 Node:         48
  0.1125E+03  0.1242E+03  0.5208E+03  0.0000E+00
   4.934E-16
   5.997E-18
   4.934E-16
   0.0
  -2.998E-18
   4.934E-16
   5.001E-16
   4.934E-16
   4.867E-16
   1.1604740410711462E-17
   4.934E-16
   5.470527092215756E-18
   -0.6325    -0.7071    0.3162
   0.4472    -2.276E-15    0.8944
   0.6325    -0.7071    -0.3162
 Node:         49
  0.1186E+03  0.1311E+03  0.4938E+03  0.0000E+00
  -7.401E-16
  -3.598E-17
   0.0
  -7.196E-17
  -1.049E-17
  -2.467E-16
   1.947E-18
   -2.366E-16
   -7.523E-16
   6.677348643803167E-16
   -3.2898433333333336E-16
   3.1477323375866775E-16
   0.04561    -0.9985    0.02894
   -0.143    0.02215    0.9895
   -0.9887    -0.04926    -0.1418
 Node:         50
  0.1180E+03  0.1298E+03  0.5075E+03  0.0000E+00
   0.0
  -2.249E-17
   1.48E-15
  -7.196E-17
   2.155E-17
   9.869E-16
   1.482E-15
   9.91E-16
   -5.513E-18
   1.3127859849072886E-15
   8.224956666666666E-16
   6.188532481164029E-16
   0.01739    -0.9988    -0.04603
   -0.07128    -0.04716    0.9963
   0.9973    0.01405    0.07201
 Node:         51
  0.1192E+03  0.1275E+03  0.5206E+03  0.0000E+00
   0.0
  -5.997E-18
  -2.467E-16
   0.0
   2.549E-17
   4.934E-16
   4.943E-16
   1.449E-19
   -2.477E-16
   6.54286006770747E-16
   8.22483E-17
   3.0843338148204166E-16
   -4.17E-4    0.03438    0.9994
   0.9997    -0.02416    0.001248
   0.02418    0.9991    -0.03436
 Node:         52
  0.1262E+03  0.1305E+03  0.4920E+03  0.0000E+00
   4.934E-16
  -2.399E-17
   4.934E-16
   2.249E-18
   8.48E-18
   0.0
   5.175E-16
   4.696E-16
   -1.6E-19
   4.95449666061044E-16
   3.2898E-16
   2.335572124055831E-16
   -0.7061    0.708    0.008534
   0.7081    0.706    0.01614
   -0.005403    -0.01744    0.9998
 Node:         53
  0.1258E+03  0.1304E+03  0.5063E+03  0.0000E+00
  -7.401E-16
  -2.998E-18
  -4.934E-16
   4.797E-17
   5.847E-17
  -9.869E-16
   -4.866E-16
   -7.314E-16
   -1.002E-15
   4.465358664206045E-16
   -7.399999999999999E-16
   2.104990261260132E-16
   0.0104    0.9931    0.1171
   -0.9836    0.03123    -0.1776
   -0.18    -0.1133    0.9771
 Node:         54
  0.1265E+03  0.1288E+03  0.5200E+03  0.0000E+00
  -9.869E-16
   3.598E-17
   4.934E-16
   0.0
  -7.496E-18
   4.934E-16
   5.014E-16
   4.864E-16
   -9.877E-16
   1.4816569474746847E-15
   3.3333333333314155E-20
   6.984597833010066E-16
   0.01758    0.7272    -0.6862
   0.01675    0.686    0.7274
   -0.9997    0.02428    1.229E-4
 Node:         55
 -0.5775E+03 -0.4581E+03  0.3106E+04  0.1894E+10
   1.968E7
   2.822E9
   1.109E7
   2.959E9
   1.441E9
   3.11E7
   2.016E8
   -435000.0
   -2.957E7
   2.1806714373100775E8
   5.7198333333333336E7
   1.0279783739078474E8
   -0.9494    0.2011    0.2414
   0.05094    -0.6596    0.7499
   0.3101    0.7242    0.6159
 Node:         56
 -0.2354E+03 -0.5278E+03  0.1181E+04  0.1894E+10
   1.193E7
   2.238E9
   1.077E7
   1.067E9
   1.065E9
   3833000.0
   1.732E8
   -1898000.0
   -4242000.0
   1.7628168836268842E8
   5.5686666666666664E7
   8.309998482684712E7
   -0.9737    -0.2009    -0.1074
   -0.05869    -0.2341    0.9704
   -0.2201    0.9512    0.2162
 Node:         57
  0.1027E+03  0.5787E+02  0.5119E+03  0.1894E+10
   7963000.0
   8480000.0
   7779000.0
  -3184000.0
   2244000.0
   3.902E7
   3608000.0
   275100.0
   -59700.0
   3512288.195749318
   1274466.6666666667
   1655708.5337972045
   -0.5734    -0.7936    -0.2037
   -0.4475    0.09507    0.8892
   -0.6863    0.601    -0.4096
 Node:         58
 -0.1831E+04 -0.1445E+04  0.2056E+03  0.1894E+10
   1.883E7
   1.264E9
   3387000.0
   1.686E9
  -9.306E7
   3.325E7
   3.16E7
   76890.0
   -1.051E7
   3.794101213689614E7
   7055630.0
   1.788556464472024E7
   -0.8567    0.2049    0.4733
   -0.01761    -0.9287    0.3703
   0.5154    0.3089    0.7993
 Node:         59
 -0.5509E+03 -0.2277E+04 -0.2255E+03  0.1894E+10
   1826000.0
   4.258E8
   1.051E7
   9.562E7
   2.648E7
   2801000.0
   7056000.0
   -56390.0
   -1313000.0
   7816819.0846469
   1895536.6666666667
   3684883.854708163
   -0.9088    -0.4042    -0.1032
   -0.09327    -0.04416    0.9947
   -0.4066    0.9136    0.002436
 Node:         60
  0.9902E+02 -0.1031E+03  0.4166E+03  0.1894E+10
   4562000.0
  -1.141E8
   6435000.0
  -4.599E7
   3.897E7
   3.514E7
   6.232E7
   16670.0
   -2556000.0
   6.362868431775798E7
   1.992689E7
   2.9994849439376533E7
   -0.9701    0.2382    0.04624
   0.03861    -0.03664    0.9986
   0.2395    0.9705    0.02635
 Node:         61
  0.1339E+04 -0.3002E+04 -0.1262E+04  0.1894E+10
   5.494E7
  -3.199E9
   7.955E7
   1.904E10
  -3.489E9
   1.441E8
   3.316E8
   -1270000.0
   -9358000.0
   3.369868027148838E8
   1.0699066666666667E8
   1.5885710224671173E8
   -0.9903    0.1172    0.07491
   0.1026    0.2523    0.9622
   -0.09385    -0.9605    0.2619
 Node:         62
 -0.7878E+03 -0.1536E+04 -0.2274E+04  0.1894E+10
   9914000.0
  -2.672E8
   1.144E7
   3.05E9
  -1.958E9
   6.156E7
   3.792E8
   -40570.0
   -5.66E7
   4.104534194374861E8
   1.0751981E8
   1.9348959749696848E8
   -0.8291    0.5535    -0.07935
   0.04359    0.2055    0.9777
   0.5574    0.8071    -0.1945
 Node:         63
  0.2934E+02  0.1843E+00  0.2327E+03  0.1894E+10
   1.576E7
  -1.627E8
   3.021E7
  -8.713E7
   9.136E7
   2153000.0
   3.789E7
   -94110.0
   -4831000.0
   4.05605385834816E7
   1.0988296666666666E7
   1.9120421253972296E7
   -0.9123    0.3371    0.2324
   -0.05687    -0.6663    0.7435
   0.4055    0.6651    0.6271
 Node:         64
 -0.6222E+04 -0.6549E+04  0.5833E+04  0.1894E+10
   1.211E8
  -1.049E9
   4.761E7
   7.548E9
   8.019E9
   1.125E8
   2.532E7
   1292000.0
   -7673000.0
   2.954872296732974E7
   6313000.0
   1.3929401590401025E7
   -0.637    -0.6113    -0.4697
   0.5726    -0.7831    0.2427
   0.5162    0.1143    -0.8488
 Node:         65
 -0.3993E+04 -0.5799E+04 -0.5732E+03  0.1894E+10
   1.12E7
   4.633E9
   5.988E7
   4.059E9
   1.174E10
   8.549E7
   2.207E8
   -1052000.0
   -2.505E7
   2.3467308751537743E8
   6.4866E7
   1.1062595436273836E8
   -0.812    -0.4873    -0.3212
   0.4994    -0.865    0.04985
   0.3021    0.1199    -0.9457
 Node:         66
 -0.1868E+03 -0.3727E+03  0.2898E+03  0.1894E+10
   5.584E8
  -5.099E8
   1.344E8
  -1.999E8
   6.641E8
   6.535E7
   3.268E9
   37150.0
   -3.795E7
   3.287121051546873E9
   1.0766957166666667E9
   1.549563724086566E9
   -0.9997    -0.02132    0.01554
   0.01253    0.1349    0.9908
   -0.02322    0.9906    -0.1345
 Node:         67
 -0.7317E+03 -0.5686E+04  0.3091E+04  0.1894E+10
   3.106E7
   2.661E9
   4.336E7
  -6.016E8
   4.53E8
   1.592E8
   3201000.0
   1124000.0
   -1943000.0
   4482251.331641277
   794000.0
   2112953.54105732
   0.8223    0.5674    -0.04257
   -0.2014    0.3602    0.9109
   0.5322    -0.7405    0.4104
 Node:         68
 -0.1753E+04 -0.3955E+04 -0.6597E+03  0.1894E+10
   5374000.0
  -1.702E8
   2218000.0
  -3.256E9
   1.135E9
   5.956E7
   2.112E8
   -257000.0
   -4580000.0
   2.136513042061761E8
   6.878766666666667E7
   1.0071619067569137E8
   -0.9607    0.2357    0.1468
   0.1788    0.9296    -0.3222
   -0.2124    -0.2833    -0.9352
 Node:         69
 -0.4049E+02 -0.2001E+03  0.3258E+03  0.1894E+10
   1.062E7
  -3.094E8
   6072000.0
  -2.826E8
   1.698E8
   1.368E7
   2.308E8
   -655800.0
   -2363000.0
   2.323141046670219E8
   7.592706666666667E7
   1.0951391918355502E8
   -0.9956    0.07471    0.05584
   0.06223    0.08608    0.9943
   -0.06948    -0.9935    0.09035
 Node:         70
  0.3654E+04 -0.3337E+04 -0.4478E+03  0.1894E+10
   1.137E7
   9.858E9
   2.253E8
  -1.599E9
   2.901E9
   1.064E8
   1.025E8
   2136000.0
   -4913000.0
   1.0406770264111724E8
   3.3241E7
   4.9057985493359454E7
   -0.8467    -0.4867    0.2148
   0.4444    -0.869    -0.2176
   -0.2926    0.0888    -0.9521
 Node:         71
 -0.6971E+03 -0.5498E+03 -0.2355E+04  0.1894E+10
   1.454E8
   7.877E9
   2.139E8
  -1.798E9
  -3.786E9
   3.42E8
   1.153E10
   -27360.0
   -4.256E8
   1.1748595966205177E10
   3.7014575466666665E9
   5.5383412514164E9
   -0.9334    -0.3589    0.001729
   0.002119    -6.944E-4    1.0
   -0.3589    0.9334    0.001409
 Node:         72
  0.1034E+01  0.1075E+03  0.2113E+03  0.1894E+10
   2497000.0
  -6.032E7
   1789000.0
  -7.42E7
   2.968E7
   1.313E7
   6441000.0
   -49940.0
   -2619000.0
   8087520.366812067
   1257353.3333333333
   3812493.662904752
   -0.8196    0.5616    0.1133
   0.04578    -0.133    0.9901
   0.5711    0.8167    0.08329
 Node:         73
 -0.8277E+04 -0.1044E+05  0.9284E+04  0.0000E+00
   1.283E8
   3.224E9
   9.525E7
  -6.354E9
   1.163E10
   4.229E7
   1.231E8
   2.908E7
   -1344000.0
   1.1236478387822406E8
   5.0278666666666664E7
   5.296926709790205E7
   -0.2615    0.9604    -0.09625
   0.9597    0.2694    0.08017
   -0.1029    0.0714    0.9921
 Node:         74
 -0.5668E+04 -0.8599E+04 -0.5365E+03  0.0000E+00
   4.664E7
   4.411E9
   6.851E7
   7.815E9
   1.195E10
   5.788E7
   2.128E8
   -2878000.0
   -1.4E7
   2.2144857029116264E8
   6.5307333333333336E7
   1.0439185715796463E8
   -0.7267    -0.6765    0.1196
   0.1749    -0.01383    0.9845
   -0.6643    0.7363    0.1284
 Node:         75
 -0.3227E+03 -0.5877E+03  0.2380E+03  0.0000E+00
   1.643E7
   1.117E9
   2016000.0
   7.682E8
   2.881E8
   881100.0
   1.065E9
   -60010.0
   -4.841E7
   1.0900395347266538E9
   3.3884333E8
   5.1384956451109743E8
   -0.9746    -0.2234    0.01303
   0.001524    0.0516    0.9987
   -0.2238    0.9734    -0.04995
 Node:         76
  0.1296E+04 -0.8447E+04  0.6307E+04  0.0000E+00
   8.454E7
   1.491E9
   3.199E8
  -5.581E9
   3.636E10
   1.112E8
   2.251E8
   623700.0
   -9884000.0
   2.299103099873731E8
   7.194656666666667E7
   1.0838075950451517E8
   0.1362    -0.9739    0.1816
   0.8905    0.04005    -0.4532
   0.4341    0.2235    0.8727
 Node:         77
 -0.2433E+04 -0.3978E+04 -0.2422E+03  0.0000E+00
   1.277E7
   9.429E9
   1.488E8
   7.486E9
   2.506E10
   1.07E8
   4.228E9
   -340800.0
   -1.546E8
   4.307542488573344E9
   1.3576864E9
   2.0305950026129255E9
   -0.9868    -0.008288    0.1615
   0.09165    -0.8515    0.5163
   -0.1332    -0.5243    -0.841
 Node:         78
 -0.1419E+03 -0.1527E+03  0.3162E+03  0.0000E+00
   3910000.0
   4.505E8
   1663000.0
   5.102E8
   3.889E8
   2026000.0
   1.369E8
   -421900.0
   -7751000.0
   1.4112925233171895E8
   4.2909033333333336E7
   6.652896756503057E7
   -0.9362    -0.3438    -0.07378
   0.004659    -0.2219    0.975
   -0.3516    0.9124    0.2094
 Node:         79
  0.5824E+04 -0.3748E+04  0.2301E+03  0.0000E+00
   1.054E8
   1.919E10
   8.171E7
   2.683E10
   3.08E10
   3.66E8
   1.246E9
   -1153000.0
   -1.421E8
   1.3232683537774944E9
   3.675823333333333E8
   6.237946841904172E8
   -0.8906    -0.4285    0.1525
   -0.06885    0.4585    0.886
   -0.4496    0.7786    -0.4378
 Node:         80
 -0.8219E+03  0.8462E+03 -0.2561E+04  0.0000E+00
   2560000.0
  -7.081E8
   4358000.0
   2.245E9
  -3.772E9
   9.616E8
   5.686E8
   -23760.0
   -4.46E7
   5.921715383269763E8
   1.7465874666666666E8
   2.7915234025111634E8
   -0.4663    0.2986    0.8327
   -0.1547    -0.9543    0.2555
   0.871    -0.009726    0.4912
 Node:         81
 -0.4683E+02  0.2576E+03  0.1793E+03  0.0000E+00
   3003000.0
   1.784E7
   49960.0
  -8.14E8
  -1.214E8
   1.138E7
   1.435E8
   -1619.0
   -2.952E7
   1.6031214843623412E8
   3.7992793666666664E7
   7.557187151056369E7
   -0.9    -0.3534    0.2553
   -0.01129    0.6042    0.7967
   -0.4358    0.7141    -0.5478
 Node:         82
 -0.1270E+03  0.4246E+03  0.1200E+04 -0.2383E+12
  -1.34E8
  -4.449E8
   1393000.0
   1.108E9
  -3.985E8
  -1.709E8
   4.191E7
   -663200.0
   -5481000.0
   4.517518918654354E7
   1.1921933333333334E7
   2.129578841012675E7
   -0.9315    0.3466    -0.1101
   -0.1204    -0.008194    0.9927
   0.3432    0.938    0.04935
 Node:         83
 -0.5808E+02  0.2449E+03  0.1799E+04 -0.2383E+12
  -6.135E8
   5.076E8
  -2.594E8
   3.772E8
  -5.701E8
  -8.772E7
   2.866E7
   -371000.0
   -3578000.0
   3.07601402304996E7
   8237000.0
   1.45004691648236E7
   -0.02257    -0.9832    -0.1813
   0.6248    -0.1554    0.7651
   0.7804    0.09598    -0.6178
 Node:         84
  0.1044E+03  0.1207E+03  0.6077E+03 -0.2383E+12
  -7.867E9
   6.302E9
  -1.55E10
  -8.244E8
   2.469E8
  -1.664E8
   -9.808E7
   -1.104E8
   -1.12E8
   1.3192967823806742E7
   -1.0682666666666667E8
   6219224.674793117
   0.9278    -0.007742    0.373
   0.09601    -0.9612    -0.2588
   0.3605    0.2759    -0.891
 Node:         85
 -0.2033E+03  0.3748E+03  0.1939E+04 -0.2383E+12
  -7.959E8
  -5.665E8
  -1.867E8
   3.68E9
  -1.271E10
  -1.656E8
   2.232E9
   -128500.0
   -9.87E7
   2.2830107830586896E9
   7.110571666666666E8
   1.0762216041485395E9
   -0.5286    0.8485    -0.02568
   -0.1144    -0.04123    0.9926
   0.8411    0.5277    0.1188
 Node:         86
 -0.9961E+02  0.1711E+03  0.1146E+04 -0.2383E+12
  -6.071E8
   3.71E10
  -6.86E7
   8.91E9
   9.38E9
  -5.955E8
   2.55E10
   -568700.0
   -9.912E7
   2.5549986899767204E10
   8.466770433333333E9
   1.2044379330701897E10
   -0.9993    -0.03675    0.00503
   0.006555    -0.04148    0.9991
   -0.03651    0.9985    0.04169
 Node:         87
  0.1042E+03  0.1142E+03  0.5281E+03 -0.2383E+12
  -6.29E10
   1.559E10
  -5.393E9
   3.513E9
  -1.723E9
  -7.453E8
   -9.098E7
   -1.607E8
   -1.652E8
   7.207543548255536E7
   -1.3896E8
   3.397668612445893E7
   0.8016    0.5586    -0.2129
   0.3901    -0.7586    -0.5219
   -0.4531    0.3353    -0.826
 Node:         88
 -0.5210E+03 -0.1328E+03  0.3701E+04 -0.2383E+12
   1086000.0
   2.78E9
  -2.28E7
   2.744E9
   3.28E9
   7180000.0
   1.807E8
   -2225000.0
   -9823000.0
   1.8683990306944606E8
   5.6217333333333336E7
   8.807717497109504E7
   -0.9077    -0.3829    -0.1718
   0.1344    -0.653    0.7453
   -0.3975    0.6535    0.6442
 Node:         89
 -0.3053E+03 -0.1628E+03  0.1029E+04 -0.2383E+12
  -1.898E7
   1.463E9
  -3.423E7
   1.507E9
   1.059E9
  -6.449E7
   1.489E8
   -2042000.0
   -5154000.0
   1.5252181290556443E8
   4.7234666666666664E7
   7.1899472122927E7
   -0.9663    -0.2289    -0.1182
   -0.05102    -0.2798    0.9587
   -0.2525    0.9324    0.2587
 Node:         90
  0.9140E+02  0.8903E+02  0.4867E+03 -0.2383E+12
  -4.984E9
  -2.89E9
  -6.208E9
   6.009E9
   7.936E9
  -1.224E10
   -1.636E8
   -1.792E8
   -1.797E8
   1.5855913723276878E7
   -1.7416666666666666E8
   7474549.410425279
   0.8556    0.5089    0.09496
   0.1613    -0.08778    -0.983
   -0.4919    0.8563    -0.1572
 Node:         91
 -0.1764E+04  0.3536E+04 -0.5859E+04 -0.2383E+12
   4.101E7
   9.342E9
  -2.443E7
  -3.006E10
  -9.675E9
   3.5E8
   1.182E9
   -404100.0
   -1.314E8
   1.2530480720055437E9
   3.500653E8
   5.906925259118994E8
   -0.9679    0.2225    -0.1173
   -0.03059    0.3589    0.9329
   0.2496    0.9065    -0.3406
 Node:         92
 -0.8288E+03  0.1495E+04 -0.2588E+04 -0.2383E+12
   4128000.0
   8.276E9
   3.357E7
  -1.032E10
  -1.091E10
   1.495E8
   3.576E8
   -1155000.0
   -5.507E7
   3.885283169538612E8
   1.0045833333333333E8
   1.83154005067381E8
   -0.9441    0.01399    -0.3293
   0.1482    -0.8743    -0.4621
   -0.2944    -0.4851    0.8234
 Node:         93
  0.4992E+02  0.2061E+03  0.2785E+03 -0.2383E+12
  -1.357E9
   2.2E7
  -1.358E8
  -3.559E8
  -1.024E8
  -4.374E7
   1.171E7
   -2287000.0
   -4364000.0
   1.5142711349028615E7
   1686333.3333333333
   7138342.586965751
   -0.88    -0.378    -0.2877
   -0.4637    0.5526    0.6925
   0.1028    -0.7428    0.6616
 Node:         94
 -0.3170E+04  0.2724E+04  0.1200E+04 -0.2383E+12
   1.695E8
   1.009E10
   2.285E7
  -3.927E10
  -1.924E10
   3.206E8
   5.673E8
   -1573000.0
   -5.193E7
   5.956501114236444E8
   1.7126566666666666E8
   2.807921553347877E8
   -0.9187    -0.347    0.1888
   -0.07741    0.6268    0.7753
   -0.3873    0.6976    -0.6027
 Node:         95
 -0.1914E+04  0.5384E+03 -0.2054E+04 -0.2383E+12
   1.144E8
   2.938E10
   1.317E8
  -3.007E10
  -3.205E10
   1.987E8
   1.733E9
   -3673000.0
   -6.353E7
   1.7673618772450082E9
   5.552656666666666E8
   8.331423788070213E8
   -0.9775    -0.094    0.1889
   -0.08913    0.9954    0.03415
   -0.1913    0.01655    -0.9814
 Node:         96
 -0.3341E+02  0.1225E+03  0.2166E+03 -0.2383E+12
  -1.394E9
  -5.695E8
  -2.226E8
  -7.104E8
   2.913E7
  -2.455E8
   3.857E7
   -3051000.0
   -7024000.0
   4.37430291932326E7
   9498333.333333334
   2.0620661714783926E7
   -0.9819    0.103    0.159
   0.1881    0.4331    0.8815
   -0.02192    -0.8955    0.4446
 Node:         97
 -0.7830E+04 -0.3458E+04  0.4784E+04 -0.2383E+12
   2.447E8
   2.448E8
   5.509E7
  -5.75E9
  -4.377E9
   7.436E7
   1.251E7
   -90960.0
   -6314000.0
   1.6611041444822175E7
   2035013.3333333333
   7830520.032136365
   -0.7181    -0.4061    0.5652
   -0.3291    0.9137    0.2385
   -0.6133    -0.01476    -0.7897
 Node:         98
 -0.5238E+04 -0.3534E+04 -0.2355E+04 -0.2383E+12
   1.685E7
   7.487E9
   5.935E7
  -5.539E8
   2.228E9
   8.438E7
   3.575E7
   1350000.0
   -3170000.0
   3.686839296741858E7
   1.131E7
   1.73799271191414E7
   -0.9109    -0.3559    -0.2087
   -0.4026    0.6559    0.6385
   0.09039    -0.6657    0.7408
 Node:         99
 -0.2909E+03 -0.1920E+03  0.1259E+03 -0.2383E+12
  -1.072E10
  -5.107E9
  -1.819E9
  -4.689E9
  -9.023E8
  -1.691E9
   1.082E9
   -4614000.0
   -3.096E7
   1.10002364936214E9
   3.488086666666667E8
   5.185561212863614E8
   -0.9994    -0.00145    0.03341
   -0.03247    -0.1968    -0.9799
   -0.007995    0.9804    -0.1966
 Node:        100
  0.3950E+04  0.2417E+04 -0.1014E+05  0.0000E+00
   3.276E7
   1.007E7
   4.727E8
   1.414E10
   6.364E10
   3.486E8
   6.162E8
   5968.0
   -8.517E7
   6.628989016045939E8
   1.7701198933333334E8
   3.1249353904381484E8
   -0.355    -0.9175    -0.1793
   -0.5117    0.03016    0.8587
   -0.7824    0.3966    -0.4801
 Node:        101
  0.5386E+04  0.5928E+03 -0.7767E+04  0.0000E+00
   2.837E7
   5.893E9
   2.121E8
  -5.675E9
   3.527E10
   2.505E8
   3.229E8
   459600.0
   -4.181E7
   3.4551983643223727E8
   9.384986666666667E7
   1.6287961291713446E8
   0.0203    0.9766    -0.2141
   -0.6065    0.1823    0.7739
   -0.7948    -0.1142    -0.596
 Node:        102
  0.5874E+03  0.1411E+03 -0.1787E+03  0.0000E+00
   1.291E7
   1.702E9
   6023000.0
   2.107E8
   3.479E8
   1002000.0
   2.097E8
   -76110.0
   -1.189E7
   2.1592558026281208E8
   6.5911296666666664E7
   1.0178829469031638E8
   -0.961    -0.2759    0.01926
   0.01628    0.01309    0.9998
   -0.2761    0.9611    -0.008085
 Node:        103
  0.7738E+01  0.4681E+03 -0.3101E+03  0.0000E+00
   1.008E8
  -1.919E10
   4.272E8
   4.573E9
  -3.41E9
   1.875E8
   2.662E7
   -949100.0
   -9467000.0
   3.2671711496491887E7
   5401300.0
   1.5401592501426598E7
   -0.8253    0.5264    0.2045
   0.2182    -0.03677    0.9752
   0.5209    0.8494    -0.08449
 Node:        104
  0.1216E+04 -0.8043E+03 -0.6101E+04  0.0000E+00
   5934000.0
   2.371E9
   3.726E8
  -5.744E8
  -1.209E10
   5.071E7
   8.806E7
   -42250.0
   -3.35E7
   1.0876180646285027E8
   1.8172583333333332E7
   5.127080725598687E7
   0.2696    0.8099    -0.5209
   0.9629    -0.2349    0.133
   -0.01466    -0.5374    -0.8432
 Node:        105
  0.2330E+03  0.3107E+02 -0.1700E+03  0.0000E+00
   9066000.0
   1.308E9
   6086000.0
   3.433E8
   7.014E7
   689500.0
   1.087E8
   -40210.0
   -9112000.0
   1.1354822321077552E8
   3.3182596666666668E7
   5.352714574934873E7
   -0.9627    -0.2695    -0.02566
   -0.008973    -0.06299    0.998
   -0.2705    0.9609    0.05822
 Node:        106
 -0.9454E+04 -0.6962E+04  0.6445E+04  0.0000E+00
   1.91E8
  -2.212E8
   2.018E8
  -5.563E9
   6.546E9
   7.415E7
   9491000.0
   -29180.0
   -4444000.0
   1.233508589075893E7
   1672606.6666666667
   5814815.253249429
   -0.5335    0.6278    -0.5667
   0.7687    0.6395    -0.01527
   0.3528    -0.4438    -0.8238
 Node:        107
 -0.6880E+04 -0.5683E+04 -0.4104E+04  0.0000E+00
   3.359E7
  -6.81E9
   1.193E8
   5.516E9
   6.168E9
   4.955E7
   1.807E8
   9.164E7
   -799500.0
   1.571922600837904E8
   9.05135E7
   7.410114203685842E7
   -0.4064    0.9119    0.05737
   0.9135    0.4041    0.04762
   -0.02024    -0.07175    0.9972
 Node:        108
 -0.4305E+03 -0.3460E+03 -0.7815E+02  0.0000E+00
   1.735E7
   1.344E9
   3153000.0
   7.526E8
   3.262E8
   783400.0
   4.551E8
   -95340.0
   -3.082E7
   4.7130937222265756E8
   1.4139488666666666E8
   2.2217736875694385E8
   -0.9642    -0.2645    -0.0203
   -0.005069    -0.05814    0.9983
   -0.2653    0.9626    0.05472
 Node:        109
  0.1018E+03  0.1092E+03  0.4946E+03 -0.2337E-04
  -4.674E-5
   2.399E-16
  -4.674E-5
   9.595E-17
  -2.399E-17
  -4.674E-5
   -4.674E-5
   -4.674E-5
   -4.674E-5
   0.0
   -4.674E-5
   0.0
   -0.3792    -0.925    -0.024
   0.4801    -0.2188    0.8495
   0.791    -0.3106    -0.527
 Node:        110
  0.1058E+03  0.1118E+03  0.5081E+03 -0.2337E-04
  -4.674E-5
   4.798E-17
  -4.674E-5
  -2.399E-17
  -8.995E-17
  -4.674E-5
   -4.674E-5
   -4.674E-5
   -4.674E-5
   0.0
   -4.674E-5
   0.0
   -0.02838    -0.09126    0.9954
   0.7347    0.6733    0.08267
   -0.6778    0.7337    0.04794
 Node:        111
  0.1108E+03  0.1137E+03  0.5210E+03 -0.2337E-04
  -4.674E-5
   9.595E-17
  -4.674E-5
  -4.798E-17
   5.637E-16
  -4.674E-5
   -4.674E-5
   -4.674E-5
   -4.674E-5
   0.0
   -4.674E-5
   0.0
   0.9393    0.3168    0.1318
   0.3363    -0.7738    -0.5367
   -0.06804    0.5485    -0.8334
 Node:        112
  0.1072E+03  0.1111E+03  0.4942E+03 -0.2337E-04
  -4.674E-5
   2.399E-16
  -4.674E-5
  -3.6E-37
   2.399E-17
  -4.674E-5
   -4.674E-5
   -4.674E-5
   -4.674E-5
   0.0
   -4.674E-5
   0.0
   0.3759    0.9265    0.01671
   0.9266    -0.3757    -0.01402
   0.006714    -0.02075    0.9998
 Node:        113
  0.1071E+03  0.1139E+03  0.5077E+03 -0.2337E-04
  -4.674E-5
   4.753E-36
  -4.674E-5
   2.879E-16
  -2.639E-16
  -4.674E-5
   -4.674E-5
   -4.674E-5
   -4.674E-5
   0.0
   -4.674E-5
   0.0
   -0.1654    0.6537    -0.7384
   -0.2298    -0.7537    -0.6158
   -0.9591    0.06785    0.2749
 Node:        114
  0.1093E+03  0.1164E+03  0.5209E+03 -0.2337E-04
  -4.674E-5
   1.919E-16
  -4.674E-5
  -4.798E-17
   9.595E-17
  -4.674E-5
   -4.674E-5
   -4.674E-5
   -4.674E-5
   0.0
   -4.674E-5
   0.0
   -0.6573    -0.7285    -0.1931
   -0.4203    0.1416    0.8963
   0.6256    -0.6702    0.3993
 Node:        115
  0.1129E+03  0.1120E+03  0.4932E+03 -0.2337E-04
  -4.674E-5
  -4.32E-37
  -4.674E-5
  -1.439E-16
  -4.798E-17
  -4.674E-5
   -4.674E-5
   -4.674E-5
   -4.674E-5
   0.0
   -4.674E-5
   0.0
   0.6708    0.2236    -0.7072
   0.3162    -0.9487    -1.333E-5
   -0.6709    -0.2236    -0.7071
 Node:        116
  0.1092E+03  0.1143E+03  0.5068E+03 -0.2337E-04
  -4.674E-5
   8.995E-17
  -4.674E-5
   2.879E-16
   3.598E-17
  -4.674E-5
   -4.674E-5
   -4.674E-5
   -4.674E-5
   0.0
   -4.674E-5
   0.0
   -0.223    -0.9699    -0.09798
   0.8805    -0.2435    0.4067
   -0.4183    0.004422    0.9083
 Node:        117
  0.1089E+03  0.1172E+03  0.5207E+03 -0.2337E-04
  -4.674E-5
  -1.199E-16
  -4.674E-5
  -2.399E-16
  -2.879E-16
  -4.674E-5
   -4.674E-5
   -4.674E-5
   -4.674E-5
   0.0
   -4.674E-5
   0.0
   -0.232    -0.2201    0.9475
   -0.8739    0.475    -0.1036
   -0.4272    -0.852    -0.3025
 Node:        118
