 Group name: gastroc_stress
 #Fields=  16
 1) coordinates, coordinate, rectangular cartesian, #Components=3
   x.  Value index= 1, #Derivatives=0
   y.  Value index= 2, #Derivatives=0
   z.  Value index= 3, #Derivatives=0
 2) Tensor_1, field, rectangular cartesian, #Components=1
   Tensor_1.  Value index= 4, #Derivatives=0
 3) Tensor_2, field, rectangular cartesian, #Components=1
   Tensor_2.  Value index= 5, #Derivatives=0
 4) Tensor_3, field, rectangular cartesian, #Components=1
   Tensor_3.  Value index= 6, #Derivatives=0
 5) Tensor_4, field, rectangular cartesian, #Components=1
   Tensor_4.  Value index= 7, #Derivatives=0
 6) Tensor_5, field, rectangular cartesian, #Components=1
   Tensor_5.  Value index= 8, #Derivatives=0
 7) Tensor_6, field, rectangular cartesian, #Components=1
   Tensor_6.  Value index= 9, #Derivatives=0
 8) Principal_1, field, rectangular cartesian, #Components=1
   Principal_1.  Value index= 10, #Derivatives=0
 9) Principal_2, field, rectangular cartesian, #Components=1
   Principal_2.  Value index= 11, #Derivatives=0
 10) Principal_3, field, rectangular cartesian, #Components=1
   Principal_3.  Value index= 12, #Derivatives=0
 11) VonMises, field, rectangular cartesian, #Components=1
   VonMises.  Value index= 13, #Derivatives=0
 12) Hydrostatic, field, rectangular cartesian, #Components=1
   VonMises.  Value index= 14, #Derivatives=0
 13) Octahedral, field, rectangular cartesian, #Components=1
   VonMises.  Value index= 15, #Derivatives=0
 14) PrincipalVector1, field, rectangular cartesian, #Components=3
   x.  Value index= 16, #Derivatives=0
   y.  Value index= 17, #Derivatives=0
   z.  Value index= 18, #Derivatives=0
 15) PrincipalVector2, field, rectangular cartesian, #Components=3
   x.  Value index= 19, #Derivatives=0
   y.  Value index= 20, #Derivatives=0
   z.  Value index= 21, #Derivatives=0
 16) PrincipalVector3, field, rectangular cartesian, #Components=3
   x.  Value index= 22, #Derivatives=0
   y.  Value index= 23, #Derivatives=0
   z.  Value index= 24, #Derivatives=0
 Node:          1
  0.1287E+03  0.1133E+03  0.4908E+03 -0.1386E-08
  -2.773E-9
  -1.439E-16
  -2.773E-9
  -4.797E-17
  -7.196E-17
  -2.773E-9
   -2.773E-9
   -2.773E-9
   -2.773E-9
   0.0
   -2.773E-9
   0.0
   0.966    -0.2571    -0.02712
   0.2489    0.9532    -0.1718
   0.07002    0.1592    0.9848
 Node:          2
  0.1292E+03  0.1137E+03  0.5052E+03 -0.1386E-08
  -2.773E-9
  -1.919E-16
  -2.773E-9
  -9.595E-17
   3.358E-16
  -2.773E-9
   -2.773E-9
   -2.773E-9
   -2.773E-9
   0.0
   -2.773E-9
   0.0
   0.895    -0.3984    -0.2008
   0.4461    0.7982    0.4048
   -9.609E-4    -0.4518    0.8921
 Node:          3
  0.1289E+03  0.1155E+03  0.5194E+03 -0.1386E-08
  -2.773E-9
   2.399E-16
  -2.773E-9
   1.919E-16
   9.595E-17
  -2.773E-9
   -2.773E-9
   -2.773E-9
   -2.773E-9
   0.0
   -2.773E-9
   0.0
   -0.4092    -0.8757    -0.2565
   0.496    -0.4494    0.7429
   0.7658    -0.1767    -0.6183
 Node:          4
  0.1361E+03  0.1141E+03  0.4915E+03 -0.1386E-08
  -2.773E-9
  -4.797E-17
  -2.773E-9
  -4.797E-17
  -1.439E-16
  -2.773E-9
   -2.773E-9
   -2.773E-9
   -2.773E-9
   0.0
   -2.773E-9
   0.0
   -0.04308    -0.0943    0.9946
   -0.9939    0.1055    -0.03304
   -0.1018    -0.9899    -0.09827
 Node:          5
  0.1341E+03  0.1144E+03  0.5054E+03 -0.1386E-08
  -2.773E-9
   2.399E-16
  -2.773E-9
   9.595E-17
  -1.199E-16
  -2.773E-9
   -2.773E-9
   -2.773E-9
   -2.773E-9
   0.0
   -2.773E-9
   0.0
   0.09698    -0.1794    0.979
   0.7185    0.6933    0.05585
   -0.6888    0.698    0.1961
 Node:          6
  0.1323E+03  0.1162E+03  0.5191E+03 -0.1386E-08
  -2.773E-9
   9.595E-17
  -2.773E-9
  -9.595E-17
  -4.797E-17
  -2.773E-9
   -2.773E-9
   -2.773E-9
   -2.773E-9
   0.0
   -2.773E-9
   0.0
   -0.715    -0.6928    0.09323
   0.693    -0.72    -0.03581
   0.09194    0.039    0.995
 Node:          7
  0.1408E+03  0.1171E+03  0.4920E+03 -0.1386E-08
  -2.773E-9
   3.838E-16
  -2.773E-9
  -1.439E-16
  -1.919E-16
  -2.773E-9
   -2.773E-9
   -2.773E-9
   -2.773E-9
   0.0
   -2.773E-9
   0.0
   0.8641    0.487    -0.1268
   -0.5006    0.8577    -0.1173
   0.05165    0.1648    0.985
 Node:          8
  0.1367E+03  0.1169E+03  0.5055E+03 -0.1386E-08
  -2.773E-9
   3.358E-16
  -2.773E-9
  -6.956E-16
  -4.078E-16
  -2.773E-9
   -2.773E-9
   -2.773E-9
   -2.773E-9
   0.0
   -2.773E-9
   0.0
   -0.7204    -0.627    0.2965
   0.636    -0.7677    -0.07823
   0.2767    0.1322    0.9518
 Node:          9
  0.1339E+03  0.1180E+03  0.5191E+03 -0.1386E-08
  -2.773E-9
   2.878E-16
  -2.773E-9
  -6.836E-16
  -4.797E-16
  -2.773E-9
   -2.773E-9
   -2.773E-9
   -2.773E-9
   0.0
   -2.773E-9
   0.0
   0.3025    0.1646    -0.9388
   0.9346    0.1421    0.3261
   -0.1871    0.9761    0.1108
 Node:         10
  0.1294E+03  0.1212E+03  0.4911E+03 -0.1386E-08
  -2.773E-9
   4.797E-17
  -2.773E-9
  -2.399E-17
   2.159E-16
  -2.773E-9
   -2.773E-9
   -2.773E-9
   -2.773E-9
   0.0
   -2.773E-9
   0.0
   0.02409    0.7089    0.7049
   0.1744    0.6913    -0.7012
   -0.9844    0.1398    -0.107
 Node:         11
  0.1295E+03  0.1214E+03  0.5055E+03 -0.1386E-08
  -2.773E-9
  -4.797E-17
  -2.773E-9
  -7.196E-17
   2.399E-17
  -2.773E-9
   -2.773E-9
   -2.773E-9
   -2.773E-9
   0.0
   -2.773E-9
   0.0
   -0.2763    0.1332    0.9518
   -0.5868    0.761    -0.2768
   0.7611    0.635    0.1321
 Node:         12
  0.1295E+03  0.1217E+03  0.5196E+03 -0.1386E-08
  -2.773E-9
  -2.349E-41
  -2.773E-9
   1.319E-16
   4.797E-17
  -2.773E-9
   -2.773E-9
   -2.773E-9
   -2.773E-9
   0.0
   -2.773E-9
   0.0
   -0.2404    -0.08741    -0.9667
   -0.3417    0.9398    2.004E-10
   -0.9085    -0.3304    0.2558
 Node:         13
  0.1361E+03  0.1199E+03  0.4914E+03 -0.1386E-08
  -2.773E-9
  -2.399E-16
  -2.773E-9
  -1.679E-16
   4.797E-17
  -2.773E-9
   -2.773E-9
   -2.773E-9
   -2.773E-9
   0.0
   -2.773E-9
   0.0
   0.9203    -0.37    -0.1273
   0.3697    0.9288    -0.02722
   0.1283    -0.02201    0.9915
 Node:         14
  0.1342E+03  0.1198E+03  0.5054E+03 -0.1386E-08
  -2.773E-9
   4.797E-17
  -2.773E-9
   9.595E-17
  -1.559E-16
  -2.773E-9
   -2.773E-9
   -2.773E-9
   -2.773E-9
   0.0
   -2.773E-9
   0.0
   0.09999    -0.2648    0.9591
   -0.2953    -0.9284    -0.2256
   -0.9502    0.2607    0.171
 Node:         15
  0.1330E+03  0.1205E+03  0.5193E+03 -0.1386E-08
  -2.773E-9
  -1.439E-16
  -2.773E-9
   2.399E-17
   8.395E-17
  -2.773E-9
   -2.773E-9
   -2.773E-9
   -2.773E-9
   0.0
   -2.773E-9
   0.0
   0.9934    -0.1134    0.01426
   -0.01884    -0.2856    -0.9582
   0.1127    0.9516    -0.2858
 Node:         16
  0.1404E+03  0.1188E+03  0.4918E+03 -0.1386E-08
  -2.773E-9
   9.595E-17
  -2.773E-9
  -1.439E-16
  -2.519E-16
  -2.773E-9
   -2.773E-9
   -2.773E-9
   -2.773E-9
   0.0
   -2.773E-9
   0.0
   -0.1502    -0.2388    0.9594
   -0.794    -0.5491    -0.261
   0.5891    -0.8009    -0.1072
 Node:         17
  0.1365E+03  0.1184E+03  0.5055E+03 -0.1386E-08
  -2.773E-9
   4.797E-17
  -2.773E-9
   1.679E-16
   2.938E-16
  -2.773E-9
   -2.773E-9
   -2.773E-9
   -2.773E-9
   0.0
   -2.773E-9
   0.0
   0.248    0.4017    0.8816
   0.9357    -0.3351    -0.1105
   -0.251    -0.8523    0.4589
 Node:         18
  0.1341E+03  0.1191E+03  0.5192E+03 -0.1386E-08
  -2.773E-9
  -3.124E-41
  -2.773E-9
   4.572E-17
   1.84E-16
  -2.773E-9
   -2.773E-9
   -2.773E-9
   -2.773E-9
   0.0
   -2.773E-9
   0.0
   0.02285    0.09197    0.9955
   0.9705    -0.2411    -1.155E-8
   -0.2401    -0.9661    0.09477
 Node:         19
  0.1301E+03  0.1291E+03  0.4914E+03  0.0000E+00
   4.934E-16
   0.0
   4.934E-16
   3.631E-19
   1.731E-17
  -9.869E-16
   4.936E-16
   4.934E-16
   -9.871E-16
   1.4806000101310279E-15
   -3.3333333333314155E-20
   6.979615382590138E-16
   -0.02097    -0.9997    -0.01169
   -0.9998    0.02097    -8.123E-17
   2.452E-4    0.01169    -0.9999
 Node:         20
  0.1299E+03  0.1291E+03  0.5058E+03  0.0000E+00
   9.869E-16
   0.0
   0.0
   1.799E-17
   3.326E-17
  -2.467E-16
   9.871E-16
   4.4E-18
   -2.514E-16
   1.1324785163525177E-15
   2.467E-16
   5.338554923072971E-16
   -0.9999    -4.917E-4    -0.01459
   0.002401    -0.9914    -0.1311
   -0.0144    -0.1312    0.9913
 Node:         21
  0.1301E+03  0.1280E+03  0.5197E+03  0.0000E+00
   4.934E-16
   0.0
   0.0
   7.196E-17
   2.549E-17
   4.934E-16
   5.66E-16
   4.222E-16
   -1.341E-18
   5.108528305500519E-16
   3.28953E-16
   2.408183337801893E-16
   -0.7039    -0.03195    -0.7096
   -0.7102    0.04241    0.7027
   -0.007642    -0.9986    0.05255
 Node:         22
  0.1360E+03  0.1256E+03  0.4913E+03  0.0000E+00
  -9.869E-16
   2.399E-17
  -4.934E-16
  -2.399E-17
   1.739E-16
   4.934E-16
   5.234E-16
   -5.215E-16
   -9.888E-16
   1.3410693755358072E-15
   -3.2896666666666662E-16
   6.321861663219854E-16
   -0.01298    0.1683    0.9857
   0.05935    0.9841    -0.1672
   -0.9982    0.05633    -0.02276
 Node:         23
  0.1343E+03  0.1253E+03  0.5054E+03  0.0000E+00
   0.0
   3.598E-17
  -1.974E-15
   0.0
   2.271E-16
  -7.401E-16
   6.796E-19
   -6.997E-16
   -2.015E-15
   1.7724996366646057E-15
   -9.046734666666666E-16
   8.355643418241562E-16
   0.9998    0.01889    0.00579
   -0.009011    0.1753    0.9845
   0.01758    -0.9843    0.1754
 Node:         24
  0.1336E+03  0.1248E+03  0.5194E+03  0.0000E+00
  -9.869E-16
   2.099E-17
   0.0
   2.399E-17
   1.499E-18
  -7.401E-16
   4.516E-19
   -7.379E-16
   -9.896E-16
   8.912682384908372E-16
   -5.756827999999999E-16
   4.2014787686204007E-16
   -0.02132    -0.9998    -0.002714
   0.09549    -0.004739    0.9954
   -0.9952    0.02096    0.09557
 Node:         25
  0.1400E+03  0.1206E+03  0.4917E+03  0.0000E+00
   0.0
   4.617E-16
  -4.934E-16
  -1.439E-16
  -2.249E-16
   9.869E-16
   1.067E-15
   2.05E-16
   -7.785E-16
   1.5994040296310373E-15
   1.6449999999999999E-16
   7.539662901394642E-16
   -0.2161    -0.2016    0.9553
   0.839    0.4621    0.2874
   -0.4994    0.8636    0.06929
 Node:         26
  0.1363E+03  0.1200E+03  0.5055E+03  0.0000E+00
   9.869E-16
   1.859E-16
  -2.714E-15
   4.797E-17
  -1.943E-15
  -2.467E-16
   1.006E-15
   8.09E-16
   -3.789E-15
   4.699597748744035E-15
   -6.579999999999999E-16
   2.215411624657293E-15
   0.968    0.1526    -0.1995
   0.2481    -0.4578    0.8538
   -0.03892    0.8759    0.4809
 Node:         27
  0.1343E+03  0.1203E+03  0.5192E+03  0.0000E+00
   9.869E-16
  -3.358E-16
   9.869E-16
  -1.799E-16
   2.27E-15
   0.0
   2.89E-15
   9.15E-16
   -1.831E-15
   4.1066398673367985E-15
   6.58E-16
   1.9358885987232494E-15
   -0.1931    0.7658    0.6135
   0.9808    0.1345    0.1409
   0.02534    0.6289    -0.7771
 Node:         28
  0.1155E+03  0.1124E+03  0.4931E+03 -0.8193E-08
  -1.639E-8
   6.596E-17
  -1.639E-8
  -9.595E-17
   9.595E-17
  -1.639E-8
   -1.639E-8
   -1.639E-8
   -1.639E-8
   0.0
   -1.639E-8
   0.0
   0.0239    0.9834    0.1796
   0.07203    0.1775    -0.9815
   -0.9971    0.0364    -0.06659
 Node:         29
  0.1119E+03  0.1139E+03  0.5068E+03 -0.8193E-08
  -1.639E-8
  -3.598E-17
  -1.639E-8
   9.595E-17
   1.199E-17
  -1.639E-8
   -1.639E-8
   -1.639E-8
   -1.639E-8
   0.0
   -1.639E-8
   0.0
   -0.03582    0.9993    0.005769
   -0.9821    -0.03413    -0.1854
   -0.1851    -0.01231    0.9826
 Node:         30
  0.1113E+03  0.1159E+03  0.5206E+03 -0.8193E-08
  -1.639E-8
   2.159E-16
  -1.639E-8
   2.272E-40
  -4.797E-17
  -1.639E-8
   -1.639E-8
   -1.639E-8
   -1.639E-8
   0.0
   -1.639E-8
   0.0
   0.7036    0.7089    -0.04784
   -0.7087    0.6955    -0.1185
   -0.05072    0.1173    0.9918
 Node:         31
  0.1203E+03  0.1126E+03  0.4920E+03 -0.8193E-08
  -1.639E-8
   1.679E-16
  -1.639E-8
   4.797E-17
   7.196E-17
  -1.639E-8
   -1.639E-8
   -1.639E-8
   -1.639E-8
   0.0
   -1.639E-8
   0.0
   -0.7438    -0.4294    -0.5123
   0.5143    0.1219    -0.8489
   0.4269    -0.8949    0.1302
 Node:         32
  0.1188E+03  0.1134E+03  0.5062E+03 -0.8193E-08
  -1.639E-8
  -2.399E-17
  -1.639E-8
  -4.797E-17
   1.679E-16
  -1.639E-8
   -1.639E-8
   -1.639E-8
   -1.639E-8
   0.0
   -1.639E-8
   0.0
   0.9989    -0.02087    -0.0416
   0.04654    0.4512    0.8912
   1.698E-4    -0.8922    0.4516
 Node:         33
  0.1183E+03  0.1150E+03  0.5201E+03 -0.8193E-08
  -1.639E-8
   9.595E-17
  -1.639E-8
   1.439E-16
  -3.029E-40
  -1.639E-8
   -1.639E-8
   -1.639E-8
   -1.639E-8
   0.0
   -1.639E-8
   0.0
   0.9536    0.167    0.2504
   7.742E-8    0.8321    -0.5547
   -0.301    0.529    0.7935
 Node:         34
  0.1255E+03  0.1129E+03  0.4909E+03 -0.8193E-08
  -1.639E-8
  -3.534E-40
  -1.639E-8
   9.595E-17
   1.679E-16
  -1.639E-8
   -1.639E-8
   -1.639E-8
   -1.639E-8
   0.0
   -1.639E-8
   0.0
   0.3508    0.6139    0.7071
   0.8682    -0.4961    -5.704E-10
   -0.3508    -0.6139    0.7071
 Node:         35
  0.1260E+03  0.1135E+03  0.5054E+03 -0.8193E-08
  -1.639E-8
   1.919E-16
  -1.639E-8
   1.919E-16
   4.318E-16
  -1.639E-8
   -1.639E-8
   -1.639E-8
   -1.639E-8
   0.0
   -1.639E-8
   0.0
   0.746    0.4709    0.4709
   -0.666    0.5275    0.5275
   3.535E-9    -0.7071    0.7071
 Node:         36
  0.1257E+03  0.1153E+03  0.5196E+03 -0.8193E-08
  -1.639E-8
  -9.595E-17
  -1.639E-8
  -9.595E-17
   1.439E-16
  -1.639E-8
   -1.639E-8
   -1.639E-8
   -1.639E-8
   0.0
   -1.639E-8
   0.0
   -0.5155    0.6059    0.6059
   0.8569    0.3645    0.3645
   -3.858E-8    -0.7071    0.7071
 Node:         37
  0.1132E+03  0.1210E+03  0.4959E+03 -0.8193E-08
  -1.639E-8
   2.399E-16
  -1.639E-8
  -1.439E-16
   3.118E-16
  -1.639E-8
   -1.639E-8
   -1.639E-8
   -1.639E-8
   0.0
   -1.639E-8
   0.0
   -0.507    -0.7958    -0.331
   0.756    -0.2261    -0.6143
   0.414    -0.5617    0.7163
 Node:         38
  0.1111E+03  0.1204E+03  0.5085E+03 -0.8193E-08
  -1.639E-8
   1.679E-16
  -1.639E-8
  -4.797E-17
  -1.439E-16
  -1.639E-8
   -1.639E-8
   -1.639E-8
   -1.639E-8
   0.0
   -1.639E-8
   0.0
   0.2119    0.9668    -0.1429
   0.9723    -0.2233    -0.06859
   0.09821    0.1244    0.9874
 Node:         39
  0.1119E+03  0.1201E+03  0.5207E+03 -0.8193E-08
  -1.639E-8
  -1.679E-16
  -1.639E-8
  -1.439E-16
  -1.319E-16
  -1.639E-8
   -1.639E-8
   -1.639E-8
   -1.639E-8
   0.0
   -1.639E-8
   0.0
   0.9213    -0.07991    -0.3805
   0.3608    -0.1891    0.9133
   -0.145    -0.9787    -0.1454
 Node:         40
  0.1191E+03  0.1220E+03  0.4937E+03 -0.8193E-08
  -1.639E-8
   1.439E-16
  -1.639E-8
   1.439E-16
  -2.399E-17
  -1.639E-8
   -1.639E-8
   -1.639E-8
   -1.639E-8
   0.0
   -1.639E-8
   0.0
   -0.9817    -0.1345    -0.1345
   0.0    -0.7071    0.7071
   0.1902    -0.6942    -0.6942
 Node:         41
  0.1182E+03  0.1217E+03  0.5073E+03 -0.8193E-08
  -1.639E-8
  -4.797E-17
  -1.639E-8
   9.595E-17
   1.679E-16
  -1.639E-8
   -1.639E-8
   -1.639E-8
   -1.639E-8
   0.0
   -1.639E-8
   0.0
   -0.1538    -0.1966    -0.9683
   -0.962    0.2534    0.1013
   0.2255    0.9472    -0.2281
 Node:         42
  0.1187E+03  0.1212E+03  0.5204E+03 -0.8193E-08
  -1.639E-8
  -9.595E-17
  -1.639E-8
   2.02E-40
   9.595E-17
  -1.639E-8
   -1.639E-8
   -1.639E-8
   -1.639E-8
   0.0
   -1.639E-8
   0.0
   -0.01863    0.09762    0.995
   -0.9834    0.178    -0.03587
   -0.1806    -0.9792    0.09268
 Node:         43
  0.1258E+03  0.1217E+03  0.4915E+03 -0.8193E-08
  -1.639E-8
   1.919E-16
  -1.639E-8
  -2.399E-17
   1.01E-40
  -1.639E-8
   -1.639E-8
   -1.639E-8
   -1.639E-8
   0.0
   -1.639E-8
   0.0
   0.9458    0.3243    -0.01745
   -0.3241    0.9459    0.01153
   0.02025    -0.005246    0.9998
 Node:         44
  0.1259E+03  0.1220E+03  0.5059E+03 -0.8193E-08
  -1.639E-8
   2.399E-16
  -1.639E-8
   1.679E-16
   1.919E-16
  -1.639E-8
   -1.639E-8
   -1.639E-8
   -1.639E-8
   0.0
   -1.639E-8
   0.0
   -0.3605    -0.3834    -0.8503
   -0.6208    -0.5817    0.5255
   0.6961    -0.7173    0.0283
 Node:         45
  0.1261E+03  0.1221E+03  0.5198E+03 -0.8193E-08
  -1.639E-8
  -1.439E-16
  -1.639E-8
   4.797E-17
  -1.199E-17
  -1.639E-8
   -1.639E-8
   -1.639E-8
   -1.639E-8
   0.0
   -1.639E-8
   0.0
   0.06679    -0.01247    0.9977
   -0.9877    0.1408    0.06788
   -0.1413    -0.99    -0.002916
 Node:         46
  0.1117E+03  0.1296E+03  0.4959E+03  0.0000E+00
  -2.467E-16
   4.797E-17
  -7.401E-16
   1.199E-17
  -4.497E-17
   0.0
   3.057E-18
   -2.423E-16
   -7.476E-16
   6.629532710146319E-16
   -3.2894766666666664E-16
   3.125191690294995E-16
   0.03676    -0.058    0.9976
   0.9946    0.09864    -0.03092
   -0.09662    0.9934    0.06131
 Node:         47
  0.1107E+03  0.1269E+03  0.5087E+03  0.0000E+00
  -7.401E-16
  -5.397E-17
   4.934E-16
  -4.797E-17
   6.896E-17
   0.0
   5.058E-16
   -7.273E-18
   -7.452E-16
   1.0892155802819752E-15
   -8.222433333333333E-17
   5.1346114866095E-16
   -0.04821    0.9891    0.1394
   -0.05424    -0.142    0.9884
   -0.9974    -0.04009    -0.06049
 Node:         48
  0.1125E+03  0.1242E+03  0.5208E+03  0.0000E+00
   4.934E-16
   5.997E-18
   4.934E-16
   0.0
  -2.998E-18
   4.934E-16
   5.001E-16
   4.934E-16
   4.867E-16
   1.1604740410711462E-17
   4.934E-16
   5.470527092215756E-18
   -0.6325    -0.7071    0.3162
   0.4472    -2.276E-15    0.8944
   0.6325    -0.7071    -0.3162
 Node:         49
  0.1186E+03  0.1311E+03  0.4938E+03  0.0000E+00
  -7.401E-16
  -3.598E-17
   0.0
  -7.196E-17
  -1.049E-17
  -2.467E-16
   1.947E-18
   -2.366E-16
   -7.523E-16
   6.677348643803167E-16
   -3.2898433333333336E-16
   3.1477323375866775E-16
   0.04561    -0.9985    0.02894
   -0.143    0.02215    0.9895
   -0.9887    -0.04926    -0.1418
 Node:         50
  0.1180E+03  0.1298E+03  0.5075E+03  0.0000E+00
   0.0
  -2.249E-17
   1.48E-15
  -7.196E-17
   2.155E-17
   9.869E-16
   1.482E-15
   9.91E-16
   -5.513E-18
   1.3127859849072886E-15
   8.224956666666666E-16
   6.188532481164029E-16
   0.01739    -0.9988    -0.04603
   -0.07128    -0.04716    0.9963
   0.9973    0.01405    0.07201
 Node:         51
  0.1192E+03  0.1275E+03  0.5206E+03  0.0000E+00
   0.0
  -5.997E-18
  -2.467E-16
   0.0
   2.549E-17
   4.934E-16
   4.943E-16
   1.449E-19
   -2.477E-16
   6.54286006770747E-16
   8.22483E-17
   3.0843338148204166E-16
   -4.17E-4    0.03438    0.9994
   0.9997    -0.02416    0.001248
   0.02418    0.9991    -0.03436
 Node:         52
  0.1262E+03  0.1305E+03  0.4920E+03  0.0000E+00
   4.934E-16
  -2.399E-17
   4.934E-16
   2.249E-18
   8.48E-18
   0.0
   5.175E-16
   4.696E-16
   -1.6E-19
   4.95449666061044E-16
   3.2898E-16
   2.335572124055831E-16
   -0.7061    0.708    0.008534
   0.7081    0.706    0.01614
   -0.005403    -0.01744    0.9998
 Node:         53
  0.1258E+03  0.1304E+03  0.5063E+03  0.0000E+00
  -7.401E-16
  -2.998E-18
  -4.934E-16
   4.797E-17
   5.847E-17
  -9.869E-16
   -4.866E-16
   -7.314E-16
   -1.002E-15
   4.465358664206045E-16
   -7.399999999999999E-16
   2.104990261260132E-16
   0.0104    0.9931    0.1171
   -0.9836    0.03123    -0.1776
   -0.18    -0.1133    0.9771
 Node:         54
  0.1265E+03  0.1288E+03  0.5200E+03  0.0000E+00
  -9.869E-16
   3.598E-17
   4.934E-16
   0.0
  -7.496E-18
   4.934E-16
   5.014E-16
   4.864E-16
   -9.877E-16
   1.4816569474746847E-15
   3.3333333333314155E-20
   6.984597833010066E-16
   0.01758    0.7272    -0.6862
   0.01675    0.686    0.7274
   -0.9997    0.02428    1.229E-4
 Node:         55
  0.1382E+03  0.1167E+03  0.4532E+03 -0.7884E-04
   0.001674
  -0.001088
   5.286E-4
   2.96E-4
   0.001656
   2.825E-4
   0.002592
   0.00144
   -0.001549
   0.0037019660992505055
   8.276666666666667E-4
   0.0017451235550018293
   -0.644    0.6572    0.3916
   0.707    0.3156    0.6329
   0.2924    0.6844    -0.6679
 Node:         56
  0.1314E+03  0.1156E+03  0.4686E+03 -0.7884E-04
   0.001617
   4.56E-4
   2.28E-4
   0.001988
  -4.914E-6
  -1.253E-4
   0.002966
   2.152E-4
   -0.00146
   0.00387057306351398
   5.737333333333334E-4
   0.0018246056401924832
   -0.8336    -0.138    -0.5348
   0.0323    -0.9788    0.2022
   -0.5514    0.1513    0.8204
 Node:         57
  0.1285E+03  0.1140E+03  0.4823E+03 -0.7884E-04
   0.002325
   8.295E-4
  -1.827E-4
   6.411E-4
  -4.316E-4
  -1.888E-4
   0.002663
   2.406E-4
   -9.485E-4
   0.0031878607889931454
   6.517E-4
   0.001502771987583834
   -0.952    -0.2506    -0.1759
   0.04092    -0.6735    0.7381
   -0.3034    0.6955    0.6514
 Node:         58
  0.1480E+03  0.1172E+03  0.4540E+03 -0.7884E-04
   0.001678
  -0.00284
   9.922E-4
  -4.758E-4
   0.001367
  -5.34E-5
   0.004561
   -7.992E-5
   -0.001849
   0.005733928953727976
   8.773600000000001E-4
   0.002703000030681958
   -0.6988    0.6626    0.2695
   -0.4754    -0.1487    -0.8671
   -0.5345    -0.734    0.4189
 Node:         59
  0.1417E+03  0.1164E+03  0.4696E+03 -0.7884E-04
   0.001676
  -0.001993
   7.003E-4
   0.001104
   4.324E-4
  -3.05E-4
   0.003348
   3.973E-4
   -0.001667
   0.004365672341117689
   6.927666666666667E-4
   0.0020579976778952454
   -0.7995    0.5754    -0.1721
   0.258    0.5878    0.7668
   0.5424    0.5687    -0.6184
 Node:         60
  0.1375E+03  0.1149E+03  0.4832E+03 -0.7884E-04
   0.002349
  -1.4E-4
  -4.075E-5
   7.006E-4
  -2.391E-4
  -2.147E-4
   0.002541
   3.465E-5
   -4.837E-4
   0.0028017215363950786
   6.973166666666665E-4
   0.0013207441982542353
   -0.9648    0.0758    -0.2517
   0.172    0.9062    -0.3864
   -0.1988    0.4161    0.8873
 Node:         61
  0.1551E+03  0.1212E+03  0.4547E+03 -0.7884E-04
   0.002173
  -0.002536
   3.698E-4
  -0.002326
   0.003148
  -0.001032
   0.006033
   -9.072E-4
   -0.003556
   0.008577046067265816
   5.232666666666665E-4
   0.004043258291142045
   -0.67    0.5702    0.4753
   0.7403    0.561    0.3705
   -0.05538    0.6    -0.798
 Node:         62
  0.1490E+03  0.1198E+03  0.4705E+03 -0.7884E-04
   0.00245
  -0.003436
   4.534E-4
  -1.34E-4
   0.001339
  -0.001034
   0.005203
   -5.551E-4
   -0.002735
   0.007103503488420345
   6.376333333333333E-4
   0.0033486236578962147
   -0.7793    0.6089    0.1481
   -0.4252    -0.3401    -0.8388
   -0.4604    -0.7166    0.524
 Node:         63
  0.1436E+03  0.1180E+03  0.4839E+03 -0.7884E-04
   0.002614
  -8.81E-4
  -3.344E-5
   4.055E-4
  -3.724E-4
  -3.255E-4
   0.002959
   -1.087E-4
   -5.914E-4
   0.0033353502619664997
   7.529666666666665E-4
   0.0015722991919125597
   -0.9431    0.2967    -0.1501
   0.3233    0.7136    -0.6215
   0.07728    0.6347    0.7689
 Node:         64
  0.1412E+03  0.1253E+03  0.4532E+03 -0.7884E-04
   0.00203
   0.001399
   4.435E-4
  -0.00126
   8.976E-4
  -2.615E-4
   0.002994
   9.886E-4
   -0.001767
   0.004140174001174347
   7.385333333333335E-4
   0.0019516967410150813
   0.8851    0.405    -0.2292
   -0.1553    0.7213    0.675
   0.4387    -0.5618    0.7013
 Node:         65
  0.1340E+03  0.1229E+03  0.4686E+03 -0.7884E-04
   0.002067
   7.269E-4
   3.853E-4
  -2.536E-4
   3.141E-4
  -2.385E-4
   0.002339
   3.583E-4
   -4.876E-4
   0.0025128058878472886
   7.365666666666666E-4
   0.001184548055401534
   -0.9385    -0.3417    0.05029
   0.2636    -0.8027    -0.535
   -0.2232    0.4888    -0.8433
 Node:         66
  0.1299E+03  0.1214E+03  0.4825E+03 -0.7884E-04
   0.002469
   1.129E-4
  -7.4E-5
   2.801E-4
  -1.973E-4
  -1.815E-4
   0.002501
   7.434E-5
   -3.623E-4
   0.002671873886919067
   7.376800000000001E-4
   0.0012595334292771537
   -0.9942    -0.0358    -0.1011
   -0.03085    -0.8074    0.5892
   -0.1027    0.5889    0.8017
 Node:         67
  0.1498E+03  0.1239E+03  0.4539E+03 -0.7884E-04
   0.001999
  -0.001446
   3.544E-4
  -0.001075
   4.894E-4
  -9.098E-5
   0.003253
   -3.851E-4
   -6.055E-4
   0.00375315667272231
   7.541333333333332E-4
   0.0017692550227583236
   -0.8203    0.466    0.3316
   -0.1676    -0.7502    0.6396
   0.5468    0.4691    0.6935
 Node:         68
  0.1431E+03  0.1222E+03  0.4695E+03 -0.7884E-04
   0.002076
  -0.002461
   4.123E-4
  -4.616E-4
   6.608E-4
  -1.267E-4
   0.003988
   -2.067E-4
   -0.001413
   0.004910268260492496
   7.894333333333335E-4
   0.002314722656292878
   -0.7935    0.5806    0.1825
   0.2772    0.07771    0.9577
   0.5418    0.8105    -0.2226
 Node:         69
  0.1379E+03  0.1205E+03  0.4831E+03 -0.7884E-04
   0.002476
  -6.916E-4
  -2.222E-6
   1.443E-4
   9.488E-5
  -1.673E-4
   0.00266
   -4.896E-5
   -3.052E-4
   0.0028457454435701023
   7.686133333333335E-4
   0.001341497267119426
   -0.9674    0.2499    -0.04093
   0.1447    0.6782    0.7205
   -0.2078    -0.6911    0.6923
 Node:         70
  0.1553E+03  0.1233E+03  0.4546E+03 -0.7884E-04
   0.002143
  -0.00173
  -2.05E-4
  -0.001992
   0.001421
   4.494E-4
   0.004525
   -7.772E-4
   -0.001346
   0.005608275103808657
   8.006000000000002E-4
   0.0026437662377751937
   -0.7437    0.4275    0.5139
   0.6613    0.3583    0.659
   -0.09755    -0.83    0.5492
 Node:         71
  0.1492E+03  0.1217E+03  0.4705E+03 -0.7884E-04
   0.002268
  -0.003766
   1.614E-4
  -0.001802
   0.001959
   5.865E-5
   0.006268
   -9.435E-4
   -0.002796
   0.008294383174775566
   8.428333333333335E-4
   0.003910009725762271
   -0.7214    0.5718    0.3907
   -0.4522    0.0384    -0.8911
   -0.5245    -0.8195    0.2309
 Node:         72
  0.1435E+03  0.1199E+03  0.4838E+03 -0.7884E-04
   0.002524
  -0.001315
  -1.844E-5
  -1.836E-4
   3.782E-4
  -1.495E-4
   0.003115
   -3.919E-5
   -7.166E-4
   0.0035418185600196972
   7.864033333333333E-4
   0.0016696292810148671
   -0.9135    0.3951    0.09729
   0.2608    0.3851    0.8853
   -0.3123    -0.834    0.4548
 Node:         73
  0.1443E+03  0.1338E+03  0.4532E+03  0.0000E+00
   0.002849
  -8.777E-4
  -4.635E-4
   5.556E-4
  -4.897E-4
   4.397E-4
   0.003228
   3.883E-4
   -7.828E-4
   0.0035722463478881188
   9.444999999999999E-4
   0.0016839730777737118
   -0.9389    0.2538    -0.2324
   0.2925    0.233    -0.9274
   0.1813    0.9388    0.293
 Node:         74
  0.1366E+03  0.1303E+03  0.4687E+03  0.0000E+00
   0.003086
  -0.00138
  -2.693E-4
   2.41E-5
  -9.731E-4
   2.354E-4
   0.003627
   7.401E-4
   -0.001302
   0.004289487441408355
   0.0010217000000000002
   0.0020220837717562544
   -0.9282    0.3558    -0.109
   -0.2721    -0.4492    0.851
   0.2538    0.8196    0.5137
 Node:         75
  0.1313E+03  0.1288E+03  0.4827E+03  0.0000E+00
   0.002815
  -5.89E-4
  -4.465E-5
  -3.921E-4
  -2.003E-4
   1.026E-5
   0.002975
   1.827E-4
   -3.74E-4
   0.0031082676187870312
   9.279000000000001E-4
   0.0014652514073245817
   -0.9762    0.1826    0.1168
   -0.02372    -0.6255    0.7799
   0.2154    0.7586    0.6149
 Node:         76
  0.1515E+03  0.1306E+03  0.4539E+03  0.0000E+00
   0.002879
  -0.001138
  -6.873E-4
   6.358E-5
   0.001297
   7.265E-4
   0.003256
   0.001356
   -0.001676
   0.004308575634708065
   9.786666666666665E-4
   0.0020310820323714705
   0.9384    -0.3162    -0.1393
   0.2671    0.408    0.873
   -0.2192    -0.8565    0.4674
 Node:         77
  0.1445E+03  0.1279E+03  0.4695E+03  0.0000E+00
   0.003283
  -5.573E-4
  -3.702E-4
  -5.136E-4
   8.801E-4
   2.903E-4
   0.00351
   6.899E-4
   -9.823E-4
   0.0039325549036218176
   0.0010725333333333335
   0.0018538241598262646
   -0.9614    0.1845    0.2041
   0.2721    0.5262    0.8057
   -0.04121    -0.8301    0.5561
 Node:         78
  0.1384E+03  0.1261E+03  0.4830E+03  0.0000E+00
   0.002936
  -9.435E-5
  -3.626E-5
  -4.223E-4
  -7.981E-5
   2.84E-6
   0.003002
   4.496E-5
   -1.401E-4
   0.0030537784116729883
   9.689533333333333E-4
   0.0014395649487567031
   -0.99    0.02708    0.1387
   0.07327    -0.7409    0.6676
   0.1208    0.6711    0.7315
 Node:         79
  0.1556E+03  0.1254E+03  0.4546E+03  0.0000E+00
   0.002915
   0.002346
   4.941E-4
   0.001223
   9.634E-5
  -0.001505
   0.004583
   -6.555E-4
   -0.001972
   0.006005958687004099
   6.518333333333336E-4
   0.002831236076737901
   -0.8498    -0.496    -0.1784
   0.3755    -0.8072    0.4554
   0.3699    -0.3201    -0.8722
 Node:         80
  0.1494E+03  0.1236E+03  0.4704E+03  0.0000E+00
   0.003326
   0.00217
   2.738E-4
  -7.19E-5
  -3.473E-4
  -0.001281
   0.004501
   -7.209E-4
   -0.001412
   0.0055995280077877985
   7.893666666666665E-4
   0.002639642817167168
   -0.8864    -0.4612    0.03879
   -0.4294    0.7883    -0.4407
   -0.1727    0.4074    0.8968
 Node:         81
  0.1433E+03  0.1217E+03  0.4837E+03  0.0000E+00
   0.002963
   4.266E-4
   1.975E-5
  -4.048E-4
  -8.933E-5
  -1.81E-4
   0.003082
   -3.589E-5
   -2.379E-4
   0.0032236456149986464
   9.360700000000001E-4
   0.0015196411163385475
   -0.9821    -0.1406    0.1257
   -0.1594    0.9749    -0.1551
   0.1007    0.1723    0.9799
 Node:         82
  0.1267E+03  0.1148E+03  0.4561E+03 -0.1353E-02
  -3.043E-4
  -1.89E-4
  -0.002466
   5.455E-4
   0.001364
  -0.002658
   -1.76E-4
   -0.00125
   -0.004003
   0.0034189482300848017
   -0.0018096666666666667
   0.001611707652012472
   0.9659    0.06948    0.2493
   0.217    -0.7424    -0.6338
   0.141    0.6663    -0.7322
 Node:         83
  0.1234E+03  0.1129E+03  0.4718E+03 -0.1353E-02
  -3.967E-4
   3.64E-4
  -0.002588
   0.002866
   6.022E-4
  -0.002977
   0.001557
   -0.00265
   -0.004857
   0.005643983256530798
   -0.0019833333333333335
   0.0026605992223975076
   0.8273    0.1515    0.541
   -0.2021    0.9788    0.03493
   -0.5242    -0.1382    0.8403
 Node:         84
  0.1187E+03  0.1123E+03  0.4849E+03 -0.1353E-02
  -6.181E-5
   9.916E-5
  -0.002698
   0.001055
  -4.673E-5
  -0.002953
   2.848E-4
   -0.002695
   -0.003302
   0.0033251158836948825
   -0.0019040666666666666
   0.001567474659727834
   0.9508    0.02665    0.3086
   0.01319    0.9919    -0.1263
   -0.3095    0.1242    0.9428
 Node:         85
  0.1302E+03  0.1161E+03  0.4549E+03 -0.1353E-02
  -3.943E-4
  -1.203E-4
  -0.002414
   6.438E-4
   0.002099
  -0.002522
   1.478E-5
   -7.072E-4
   -0.004633
   0.004332148409784688
   -0.00177514
   0.0020421943451101807
   0.7246    0.4305    0.5382
   -0.6773    0.5891    0.4406
   -0.1274    -0.6838    0.7185
 Node:         86
  0.1252E+03  0.1138E+03  0.4702E+03 -0.1353E-02
  -3.123E-4
   0.001473
  -0.002187
   0.005491
   0.002398
  -0.00283
   0.00507
   -0.002972
   -0.007345
   0.010907087558097257
   -0.001749
   0.005141650383550662
   0.7185    0.3474    0.6025
   -0.3995    0.9153    -0.05137
   -0.5693    -0.2038    0.7964
 Node:         87
  0.1217E+03  0.1126E+03  0.4833E+03 -0.1353E-02
  -1.16E-4
   5.764E-5
  -0.002685
   0.001368
  -2.131E-4
  -0.002934
   4.4E-4
   -0.002634
   -0.003539
   0.0036125435637511696
   -0.0019110000000000002
   0.0017029693675068458
   0.9268    -0.008651    0.3754
   0.1012    0.9685    -0.2275
   -0.3616    0.2488    0.8985
 Node:         88
  0.1338E+03  0.1169E+03  0.4534E+03 -0.1353E-02
  -6.531E-4
  -7.475E-4
  -0.002469
   6.296E-4
   0.002668
  -0.002306
   2.894E-4
   -4.508E-4
   -0.005258
   0.005216834032245994
   -0.0018064666666666666
   0.002459239147017268
   -0.0896    0.7063    0.7023
   0.9746    -0.08306    0.2079
   0.2052    0.7031    -0.6809
 Node:         89
  0.1270E+03  0.1150E+03  0.4685E+03 -0.1353E-02
  -7.807E-4
   7.55E-4
  -0.002558
   0.002501
   7.519E-4
  -0.002784
   0.001206
   -0.002836
   -0.004491
   0.005076051516681052
   -0.0020403333333333332
   0.002392873632731621
   0.794    0.2681    0.5456
   -0.2877    0.9564    -0.05125
   -0.5355    -0.1162    0.8365
 Node:         90
  0.1248E+03  0.1132E+03  0.4822E+03 -0.1353E-02
  -1.983E-4
   8.295E-4
  -0.002756
   7.389E-4
  -4.037E-4
  -0.002763
   1.722E-4
   -0.00236
   -0.00353
   0.003277744779570246
   -0.0019059333333333334
   0.0015451437070886176
   0.949    0.2395    0.2051
   -0.01866    0.692    -0.7217
   -0.3147    0.6811    0.6611
 Node:         91
  0.1258E+03  0.1261E+03  0.4551E+03 -0.1353E-02
  -3.746E-4
   0.002147
  -0.002164
  -2.528E-4
   0.002163
  -0.002689
   0.001358
   -0.001385
   -0.005184
   0.005690088487888391
   -0.001737
   0.002682333436891593
   -0.7304    -0.62    -0.2866
   0.5921    -0.3656    -0.7182
   0.3405    -0.6942    0.6341
 Node:         92
  0.1209E+03  0.1233E+03  0.4726E+03 -0.1353E-02
  -4.766E-4
   6.154E-4
  -0.002363
   7.386E-4
   0.001615
  -0.002553
   3.153E-4
   -0.001627
   -0.004081
   0.003815894323746401
   -0.0017975666666666668
   0.0017988298350748901
   0.7719    0.4488    0.4503
   -0.6348    0.5821    0.5081
   -0.03411    -0.678    0.7343
 Node:         93
  0.1159E+03  0.1217E+03  0.4877E+03 -0.1353E-02
  -8.206E-5
  -1.711E-4
  -0.002677
   5.736E-4
   4.924E-4
  -0.00275
   3.783E-5
   -0.00225
   -0.003297
   0.0029539351920615997
   -0.00183639
   0.0013924984036615623
   0.9802    -0.02581    0.1964
   0.1065    -0.7674    -0.6322
   0.1671    0.6406    -0.7495
 Node:         94
  0.1313E+03  0.1263E+03  0.4542E+03 -0.1353E-02
  -4.445E-4
   0.002036
  -0.002114
  -0.001194
   0.001973
  -0.002475
   9.264E-4
   -6.256E-4
   -0.005319
   0.005632127871417694
   -0.0016727333333333334
   0.0026550105402594715
   0.816    0.5759    0.05015
   -0.3948    0.4917    0.7761
   0.4223    -0.6531    0.6286
 Node:         95
  0.1249E+03  0.1235E+03  0.4707E+03 -0.1353E-02
  -6.657E-4
   3.344E-4
  -0.002323
   5.103E-4
   0.00104
  -0.002344
   -3.007E-4
   -0.001653
   -0.003385
   0.002677820548505818
   -0.0017795666666666668
   0.0012623367124327627
   0.8584    0.3391    0.3849
   -0.5106    0.6371    0.5774
   -0.04947    -0.6922    0.72
 Node:         96
  0.1205E+03  0.1222E+03  0.4852E+03 -0.1353E-02
  -1.353E-4
  -1.391E-4
  -0.002676
   6.841E-4
   3.185E-4
  -0.002732
   3.515E-5
   -0.002431
   -0.003149
   0.0028927695246078623
   -0.0018482833333333334
   0.0013636646315066698
   0.9713    -0.02176    0.2368
   0.1221    -0.8086    -0.5755
   0.204    0.5879    -0.7828
 Node:         97
  0.1368E+03  0.1260E+03  0.4532E+03 -0.1353E-02
  -6.364E-4
   0.001537
  -0.002128
  -0.001009
   0.002051
  -0.002461
   3.673E-4
   -5.175E-4
   -0.005066
   0.005049379772803785
   -0.0017387333333333333
   0.0023803004520904967
   -0.7709    -0.6133    -0.172
   -0.5163    0.4435    0.7326
   0.373    -0.6536    0.6586
 Node:         98
  0.1295E+03  0.1233E+03  0.4687E+03 -0.1353E-02
  -5.644E-4
   0.001017
  -0.002247
   5.34E-4
   0.001105
  -0.002512
   2.662E-4
   -0.002065
   -0.003528
   0.003314424239592753
   -0.0017755999999999998
   0.0015624345703634014
   0.8088    0.4768    0.3442
   -0.5771    0.5313    0.6202
   0.1128    -0.7003    0.7049
 Node:         99
  0.1260E+03  0.1218E+03  0.4827E+03 -0.1353E-02
  -1.074E-4
   2.294E-4
  -0.00265
   4.239E-4
  -5.069E-5
  -0.002727
   -2.232E-5
   -0.002627
   -0.002837
   0.0027157762614766334
   -0.0018287733333333335
   0.001280229207117052
   0.9849    0.08274    0.1523
   -0.003479    0.8879    -0.46
   -0.1732    0.4525    0.8748
 Node:        100
  0.1250E+03  0.1374E+03  0.4539E+03  0.0000E+00
   0.002742
  -7.087E-5
   2.36E-4
  -5.609E-5
   6.821E-5
  -1.749E-4
   0.002745
   2.449E-4
   -1.862E-4
   0.0027411932310583286
   9.345666666666667E-4
   0.0012922108814826712
   -0.9994    0.0288    0.01985
   0.03155    0.9872    0.1563
   0.01509    -0.1568    0.9875
 Node:        101
  0.1187E+03  0.1337E+03  0.4719E+03  0.0000E+00
   0.002888
  -5.858E-5
   2.19E-4
  -6.951E-4
  -5.143E-4
  -3.101E-4
   0.003038
   4.977E-4
   -7.317E-4
   0.003329803788513671
   9.346666666666667E-4
   0.001569684559252449
   -0.9785    -0.01739    0.2056
   0.1129    -0.8793    0.4627
   0.1727    0.476    0.8623
 Node:        102
  0.1139E+03  0.1312E+03  0.4875E+03  0.0000E+00
   0.002787
  -1.879E-4
  -4.592E-5
  -2.838E-4
  -4.645E-4
  -5.631E-5
   0.002825
   4.117E-4
   -5.485E-4
   0.0030105234744143747
   8.960666666666667E-4
   0.00141917437578646
   -0.9947    0.05051    0.08981
   0.02639    -0.7176    0.6959
   0.0996    0.6946    0.7125
 Node:        103
  0.1323E+03  0.1365E+03  0.4534E+03  0.0000E+00
   0.002794
  -3.371E-4
   2.531E-4
  -2.519E-5
  -8.3E-6
  -2.684E-4
   0.00284
   2.098E-4
   -2.682E-4
   0.0028989086981138262
   9.272E-4
   0.0013665586656513018
   -0.9916    0.1294    0.007681
   0.1292    0.9913    -0.02402
   0.01072    0.02283    0.9997
 Node:        104
  0.1250E+03  0.1331E+03  0.4704E+03  0.0000E+00
   0.002919
  -3.458E-4
   1.036E-4
  -7.982E-4
  -6.989E-4
  -2.975E-4
   0.003123
   6.156E-4
   -0.001005
   0.0036023452860601797
   9.112E-4
   0.0016981618532990312
   -0.9747    0.06179    0.2146
   0.07241    -0.8216    0.5654
   0.2113    0.5667    0.7964
 Node:        105
  0.1200E+03  0.1317E+03  0.4854E+03  0.0000E+00
   0.002766
  -3.349E-4
  -6.695E-5
  -4.25E-4
  -4.596E-4
  -5.19E-5
   0.002856
   3.986E-4
   -6.041E-4
   0.0030835461776986574
   8.835000000000001E-4
   0.0014535976082350529
   -0.9872    0.0926    0.1296
   0.0254    -0.7118    0.702
   0.1573    0.6963    0.7003
 Node:        106
  0.1398E+03  0.1351E+03  0.4531E+03  0.0000E+00
   0.002839
  -3.342E-4
   2.911E-5
   3.907E-4
  -7.442E-4
  -4.89E-5
   0.00296
   6.177E-4
   -7.548E-4
   0.003253449291137023
   9.409666666666668E-4
   0.0015336907040063702
   -0.9744    0.1531    -0.1644
   0.2242    0.7132    -0.6642
   -0.01555    0.6841    0.7293
 Node:        107
  0.1321E+03  0.1316E+03  0.4688E+03  0.0000E+00
   0.003009
  -9.049E-4
   1.499E-5
  -4.519E-4
  -0.001341
  -8.163E-5
   0.00327
   0.001254
   -0.00157
   0.00421098753263412
   9.846666666666667E-4
   0.001985078559878396
   -0.9659    0.2575    0.02695
   -0.1584    -0.6701    0.7251
   0.2048    0.6961    0.6881
 Node:        108
  0.1273E+03  0.1304E+03  0.4831E+03  0.0000E+00
   0.002775
  -4.904E-4
  -4.391E-5
  -4.695E-4
  -3.086E-4
  -1.599E-5
   0.002919
   2.79E-4
   -4.8E-4
   0.0030902169826729
   9.060000000000001E-4
   0.0014567422558572263
   -0.979    0.1472    0.1411
   1.916E-4    -0.6912    0.7226
   0.2039    0.7075    0.6767
 Node:        109
  0.1018E+03  0.1092E+03  0.4946E+03 -0.1816E-08
  -3.632E-9
   2.399E-16
  -3.632E-9
   9.595E-17
  -2.399E-17
  -3.632E-9
   -3.632E-9
   -3.632E-9
   -3.632E-9
   0.0
   -3.6320000000000003E-9
   0.0
   -0.3792    -0.925    -0.02402
   0.4801    -0.2189    0.8495
   0.791    -0.3106    -0.5271
 Node:        110
  0.1058E+03  0.1118E+03  0.5081E+03 -0.1816E-08
  -3.632E-9
   4.797E-17
  -3.632E-9
  -2.399E-17
  -8.995E-17
  -3.632E-9
   -3.632E-9
   -3.632E-9
   -3.632E-9
   0.0
   -3.6320000000000003E-9
   0.0
   -0.02837    -0.09128    0.9954
   0.7346    0.6735    0.0827
   -0.6779    0.7336    0.04794
 Node:        111
  0.1108E+03  0.1137E+03  0.5210E+03 -0.1816E-08
  -3.632E-9
   9.595E-17
  -3.632E-9
  -4.797E-17
   5.637E-16
  -3.632E-9
   -3.632E-9
   -3.632E-9
   -3.632E-9
   0.0
   -3.6320000000000003E-9
   0.0
   0.9393    0.3168    0.1319
   0.3364    -0.7738    -0.5367
   -0.068    0.5485    -0.8334
 Node:        112
  0.1072E+03  0.1111E+03  0.4942E+03 -0.1816E-08
  -3.632E-9
   2.399E-16
  -3.632E-9
  -2.798E-41
   2.399E-17
  -3.632E-9
   -3.632E-9
   -3.632E-9
   -3.632E-9
   0.0
   -3.6320000000000003E-9
   0.0
   0.3759    0.9265    0.01669
   0.9266    -0.3757    -0.01402
   0.006716    -0.02074    0.9998
 Node:        113
  0.1071E+03  0.1139E+03  0.5077E+03 -0.1816E-08
  -3.632E-9
   3.693E-40
  -3.632E-9
   2.878E-16
  -2.638E-16
  -3.632E-9
   -3.632E-9
   -3.632E-9
   -3.632E-9
   0.0
   -3.6320000000000003E-9
   0.0
   -0.1654    0.6537    -0.7384
   -0.2298    -0.7537    -0.6157
   -0.9591    0.06782    0.2749
 Node:        114
  0.1093E+03  0.1164E+03  0.5209E+03 -0.1816E-08
  -3.632E-9
   1.919E-16
  -3.632E-9
  -4.797E-17
   9.595E-17
  -3.632E-9
   -3.632E-9
   -3.632E-9
   -3.632E-9
   0.0
   -3.6320000000000003E-9
   0.0
   -0.6573    -0.7285    -0.1932
   -0.4203    0.1416    0.8963
   0.6255    -0.6703    0.3993
 Node:        115
  0.1129E+03  0.1120E+03  0.4932E+03 -0.1816E-08
  -3.632E-9
  -3.357E-41
  -3.632E-9
  -1.439E-16
  -4.797E-17
  -3.632E-9
   -3.632E-9
   -3.632E-9
   -3.632E-9
   0.0
   -3.6320000000000003E-9
   0.0
   0.6708    0.2236    -0.7071
   0.3162    -0.9487    2.896E-10
   -0.6708    -0.2236    -0.7071
 Node:        116
  0.1092E+03  0.1143E+03  0.5068E+03 -0.1816E-08
  -3.632E-9
   8.995E-17
  -3.632E-9
   2.878E-16
   3.598E-17
