 Group name: gastroc_stress
 #Fields=  16
 1) coordinates, coordinate, rectangular cartesian, #Components=3
   x.  Value index= 1, #Derivatives=0
   y.  Value index= 2, #Derivatives=0
   z.  Value index= 3, #Derivatives=0
 2) Tensor_1, field, rectangular cartesian, #Components=1
   Tensor_1.  Value index= 4, #Derivatives=0
 3) Tensor_2, field, rectangular cartesian, #Components=1
   Tensor_2.  Value index= 5, #Derivatives=0
 4) Tensor_3, field, rectangular cartesian, #Components=1
   Tensor_3.  Value index= 6, #Derivatives=0
 5) Tensor_4, field, rectangular cartesian, #Components=1
   Tensor_4.  Value index= 7, #Derivatives=0
 6) Tensor_5, field, rectangular cartesian, #Components=1
   Tensor_5.  Value index= 8, #Derivatives=0
 7) Tensor_6, field, rectangular cartesian, #Components=1
   Tensor_6.  Value index= 9, #Derivatives=0
 8) Principal_1, field, rectangular cartesian, #Components=1
   Principal_1.  Value index= 10, #Derivatives=0
 9) Principal_2, field, rectangular cartesian, #Components=1
   Principal_2.  Value index= 11, #Derivatives=0
 10) Principal_3, field, rectangular cartesian, #Components=1
   Principal_3.  Value index= 12, #Derivatives=0
 11) VonMises, field, rectangular cartesian, #Components=1
   VonMises.  Value index= 13, #Derivatives=0
 12) Hydrostatic, field, rectangular cartesian, #Components=1
   VonMises.  Value index= 14, #Derivatives=0
 13) Octahedral, field, rectangular cartesian, #Components=1
   VonMises.  Value index= 15, #Derivatives=0
 14) PrincipalVector1, field, rectangular cartesian, #Components=3
   x.  Value index= 16, #Derivatives=0
   y.  Value index= 17, #Derivatives=0
   z.  Value index= 18, #Derivatives=0
 15) PrincipalVector2, field, rectangular cartesian, #Components=3
   x.  Value index= 19, #Derivatives=0
   y.  Value index= 20, #Derivatives=0
   z.  Value index= 21, #Derivatives=0
 16) PrincipalVector3, field, rectangular cartesian, #Components=3
   x.  Value index= 22, #Derivatives=0
   y.  Value index= 23, #Derivatives=0
   z.  Value index= 24, #Derivatives=0
 Node:          1
  0.1287E+03  0.1133E+03  0.4908E+03 -0.1819E-04
  -3.638E-5
  -1.439E-16
  -3.638E-5
  -4.797E-17
  -7.196E-17
  -3.638E-5
   -3.638E-5
   -3.638E-5
   -3.638E-5
   0.0
   -3.638E-5
   0.0
   0.966    -0.2571    -0.02712
   0.2489    0.9532    -0.1718
   0.07002    0.1592    0.9848
 Node:          2
  0.1292E+03  0.1137E+03  0.5052E+03 -0.1819E-04
  -3.638E-5
  -1.919E-16
  -3.638E-5
  -9.595E-17
   3.358E-16
  -3.638E-5
   -3.638E-5
   -3.638E-5
   -3.638E-5
   0.0
   -3.638E-5
   0.0
   0.895    -0.3984    -0.2008
   0.4461    0.7982    0.4048
   -9.581E-4    -0.4518    0.8921
 Node:          3
  0.1289E+03  0.1155E+03  0.5194E+03 -0.1819E-04
  -3.638E-5
   2.399E-16
  -3.638E-5
   1.919E-16
   9.595E-17
  -3.638E-5
   -3.638E-5
   -3.638E-5
   -3.638E-5
   0.0
   -3.638E-5
   0.0
   -0.4092    -0.8757    -0.2565
   0.496    -0.4494    0.7429
   0.7659    -0.1767    -0.6182
 Node:          4
  0.1361E+03  0.1141E+03  0.4915E+03 -0.1819E-04
  -3.638E-5
  -4.797E-17
  -3.638E-5
  -4.797E-17
  -1.439E-16
  -3.638E-5
   -3.638E-5
   -3.638E-5
   -3.638E-5
   0.0
   -3.638E-5
   0.0
   -0.04307    -0.09429    0.9946
   -0.9939    0.1055    -0.03304
   -0.1018    -0.9899    -0.09826
 Node:          5
  0.1341E+03  0.1144E+03  0.5054E+03 -0.1819E-04
  -3.638E-5
   2.399E-16
  -3.638E-5
   9.595E-17
  -1.199E-16
  -3.638E-5
   -3.638E-5
   -3.638E-5
   -3.638E-5
   0.0
   -3.638E-5
   0.0
   0.097    -0.1794    0.979
   0.7185    0.6933    0.05583
   -0.6888    0.698    0.1961
 Node:          6
  0.1323E+03  0.1162E+03  0.5191E+03 -0.1819E-04
  -3.638E-5
   9.595E-17
  -3.638E-5
  -9.595E-17
  -4.797E-17
  -3.638E-5
   -3.638E-5
   -3.638E-5
   -3.638E-5
   0.0
   -3.638E-5
   0.0
   -0.715    -0.6929    0.09323
   0.693    -0.72    -0.0358
   0.09193    0.03901    0.995
 Node:          7
  0.1408E+03  0.1171E+03  0.4920E+03 -0.1819E-04
  -3.638E-5
   3.838E-16
  -3.638E-5
  -1.439E-16
  -1.919E-16
  -3.638E-5
   -3.638E-5
   -3.638E-5
   -3.638E-5
   0.0
   -3.638E-5
   0.0
   0.8641    0.487    -0.1268
   -0.5006    0.8577    -0.1173
   0.05166    0.1648    0.985
 Node:          8
  0.1367E+03  0.1169E+03  0.5055E+03 -0.1819E-04
  -3.638E-5
   3.358E-16
  -3.638E-5
  -6.956E-16
  -4.078E-16
  -3.638E-5
   -3.638E-5
   -3.638E-5
   -3.638E-5
   0.0
   -3.638E-5
   0.0
   -0.7205    -0.6269    0.2965
   0.6359    -0.7678    -0.07819
   0.2766    0.1322    0.9518
 Node:          9
  0.1339E+03  0.1180E+03  0.5191E+03 -0.1819E-04
  -3.638E-5
   2.878E-16
  -3.638E-5
  -6.836E-16
  -4.797E-16
  -3.638E-5
   -3.638E-5
   -3.638E-5
   -3.638E-5
   0.0
   -3.638E-5
   0.0
   0.3025    0.1645    -0.9389
   0.9346    0.1425    0.326
   -0.1874    0.976    0.1106
 Node:         10
  0.1294E+03  0.1212E+03  0.4911E+03 -0.1819E-04
  -3.638E-5
   4.797E-17
  -3.638E-5
  -2.399E-17
   2.159E-16
  -3.638E-5
   -3.638E-5
   -3.638E-5
   -3.638E-5
   0.0
   -3.638E-5
   0.0
   0.02409    0.7089    0.7049
   0.1744    0.6913    -0.7012
   -0.9844    0.1398    -0.107
 Node:         11
  0.1295E+03  0.1214E+03  0.5055E+03 -0.1819E-04
  -3.638E-5
  -4.797E-17
  -3.638E-5
  -7.196E-17
   2.399E-17
  -3.638E-5
   -3.638E-5
   -3.638E-5
   -3.638E-5
   0.0
   -3.638E-5
   0.0
   -0.2763    0.1331    0.9518
   -0.5867    0.761    -0.2768
   0.7612    0.6349    0.1322
 Node:         12
  0.1295E+03  0.1217E+03  0.5196E+03 -0.1819E-04
  -3.638E-5
  -3.083E-37
  -3.638E-5
   1.319E-16
   4.797E-17
  -3.638E-5
   -3.638E-5
   -3.638E-5
   -3.638E-5
   0.0
   -3.638E-5
   0.0
   -0.2404    -0.0874    -0.9667
   -0.3417    0.9398    2.836E-6
   -0.9085    -0.3304    0.2558
 Node:         13
  0.1361E+03  0.1199E+03  0.4914E+03 -0.1819E-04
  -3.638E-5
  -2.399E-16
  -3.638E-5
  -1.679E-16
   4.797E-17
  -3.638E-5
   -3.638E-5
   -3.638E-5
   -3.638E-5
   0.0
   -3.638E-5
   0.0
   0.9203    -0.37    -0.1273
   0.3696    0.9288    -0.02723
   0.1283    -0.022    0.9915
 Node:         14
  0.1342E+03  0.1198E+03  0.5054E+03 -0.1819E-04
  -3.638E-5
   4.797E-17
  -3.638E-5
   9.595E-17
  -1.559E-16
  -3.638E-5
   -3.638E-5
   -3.638E-5
   -3.638E-5
   0.0
   -3.638E-5
   0.0
   0.09998    -0.2649    0.9591
   -0.2953    -0.9284    -0.2256
   -0.9502    0.2607    0.171
 Node:         15
  0.1330E+03  0.1205E+03  0.5193E+03 -0.1819E-04
  -3.638E-5
  -1.439E-16
  -3.638E-5
   2.399E-17
   8.396E-17
  -3.638E-5
   -3.638E-5
   -3.638E-5
   -3.638E-5
   0.0
   -3.638E-5
   0.0
   0.9934    -0.1134    0.01425
   -0.01885    -0.2856    -0.9582
   0.1127    0.9516    -0.2858
 Node:         16
  0.1404E+03  0.1188E+03  0.4918E+03 -0.1819E-04
  -3.638E-5
   9.595E-17
  -3.638E-5
  -1.439E-16
  -2.519E-16
  -3.638E-5
   -3.638E-5
   -3.638E-5
   -3.638E-5
   0.0
   -3.638E-5
   0.0
   -0.1502    -0.2388    0.9594
   -0.7941    -0.549    -0.2609
   0.589    -0.801    -0.1072
 Node:         17
  0.1365E+03  0.1184E+03  0.5055E+03 -0.1819E-04
  -3.638E-5
   4.797E-17
  -3.638E-5
   1.679E-16
   2.938E-16
  -3.638E-5
   -3.638E-5
   -3.638E-5
   -3.638E-5
   0.0
   -3.638E-5
   0.0
   0.248    0.4017    0.8815
   0.9357    -0.3351    -0.1106
   -0.251    -0.8522    0.459
 Node:         18
  0.1341E+03  0.1191E+03  0.5192E+03 -0.1819E-04
  -3.638E-5
  -4.099E-37
  -3.638E-5
   4.573E-17
   1.84E-16
  -3.638E-5
   -3.638E-5
   -3.638E-5
   -3.638E-5
   0.0
   -3.638E-5
   0.0
   0.02287    0.09201    0.9955
   0.9708    -0.24    -1.154E-4
   -0.2389    -0.9664    0.09481
 Node:         19
  0.1301E+03  0.1291E+03  0.4914E+03  0.0000E+00
   4.934E-16
   0.0
   4.934E-16
   3.631E-19
   1.731E-17
  -9.869E-16
   4.936E-16
   4.934E-16
   -9.871E-16
   1.4806000101310279E-15
   -3.3333333333314155E-20
   6.979615382590138E-16
   -0.02097    -0.9997    -0.01169
   -0.9998    0.02097    -8.123E-17
   2.452E-4    0.01169    -0.9999
 Node:         20
  0.1299E+03  0.1291E+03  0.5058E+03  0.0000E+00
   9.869E-16
   0.0
   0.0
   1.799E-17
   3.326E-17
  -2.467E-16
   9.871E-16
   4.4E-18
   -2.514E-16
   1.1324785163525177E-15
   2.467E-16
   5.338554923072971E-16
   -0.9999    -4.917E-4    -0.01459
   0.002401    -0.9914    -0.1311
   -0.0144    -0.1312    0.9913
 Node:         21
  0.1301E+03  0.1280E+03  0.5197E+03  0.0000E+00
   4.934E-16
   0.0
   0.0
   7.196E-17
   2.549E-17
   4.934E-16
   5.66E-16
   4.222E-16
   -1.341E-18
   5.108528305500519E-16
   3.28953E-16
   2.408183337801893E-16
   -0.7039    -0.03195    -0.7096
   -0.7102    0.04241    0.7027
   -0.007642    -0.9986    0.05255
 Node:         22
  0.1360E+03  0.1256E+03  0.4913E+03  0.0000E+00
  -9.869E-16
   2.399E-17
  -4.934E-16
  -2.399E-17
   1.739E-16
   4.934E-16
   5.234E-16
   -5.215E-16
   -9.888E-16
   1.3410693755358072E-15
   -3.2896666666666662E-16
   6.321861663219854E-16
   -0.01298    0.1683    0.9857
   0.05935    0.9841    -0.1672
   -0.9982    0.05633    -0.02276
 Node:         23
  0.1343E+03  0.1253E+03  0.5054E+03  0.0000E+00
   0.0
   3.598E-17
  -1.974E-15
   0.0
   2.271E-16
  -7.401E-16
   6.796E-19
   -6.997E-16
   -2.015E-15
   1.7724996366646057E-15
   -9.046734666666666E-16
   8.355643418241562E-16
   0.9998    0.01889    0.00579
   -0.009011    0.1753    0.9845
   0.01758    -0.9843    0.1754
 Node:         24
  0.1336E+03  0.1248E+03  0.5194E+03  0.0000E+00
  -9.869E-16
   2.099E-17
   0.0
   2.399E-17
   1.499E-18
  -7.401E-16
   4.516E-19
   -7.379E-16
   -9.896E-16
   8.912682384908372E-16
   -5.756827999999999E-16
   4.2014787686204007E-16
   -0.02132    -0.9998    -0.002714
   0.09549    -0.004739    0.9954
   -0.9952    0.02096    0.09557
 Node:         25
  0.1400E+03  0.1206E+03  0.4917E+03  0.0000E+00
   0.0
   4.617E-16
  -4.934E-16
  -1.439E-16
  -2.249E-16
   9.869E-16
   1.067E-15
   2.05E-16
   -7.785E-16
   1.5994040296310373E-15
   1.6449999999999999E-16
   7.539662901394642E-16
   -0.2161    -0.2016    0.9553
   0.839    0.4621    0.2874
   -0.4994    0.8636    0.06929
 Node:         26
  0.1363E+03  0.1200E+03  0.5055E+03  0.0000E+00
   9.869E-16
   1.859E-16
  -2.714E-15
   4.797E-17
  -1.943E-15
  -2.467E-16
   1.006E-15
   8.09E-16
   -3.789E-15
   4.699597748744035E-15
   -6.579999999999999E-16
   2.215411624657293E-15
   0.968    0.1526    -0.1995
   0.2481    -0.4578    0.8538
   -0.03892    0.8759    0.4809
 Node:         27
  0.1343E+03  0.1203E+03  0.5192E+03  0.0000E+00
   9.869E-16
  -3.358E-16
   9.869E-16
  -1.799E-16
   2.27E-15
   0.0
   2.89E-15
   9.15E-16
   -1.831E-15
   4.1066398673367985E-15
   6.58E-16
   1.9358885987232494E-15
   -0.1931    0.7658    0.6135
   0.9808    0.1345    0.1409
   0.02534    0.6289    -0.7771
 Node:         28
  0.1155E+03  0.1124E+03  0.4931E+03 -0.1075E-03
  -2.15E-4
   6.598E-17
  -2.15E-4
  -9.597E-17
   9.597E-17
  -2.15E-4
   -2.15E-4
   -2.15E-4
   -2.15E-4
   0.0
   -2.15E-4
   0.0
   0.02394    0.9835    0.1795
   0.07203    0.1773    -0.9815
   -0.9971    0.03642    -0.06659
 Node:         29
  0.1119E+03  0.1139E+03  0.5068E+03 -0.1075E-03
  -2.15E-4
  -3.599E-17
  -2.15E-4
   9.597E-17
   1.2E-17
  -2.15E-4
   -2.15E-4
   -2.15E-4
   -2.15E-4
   0.0
   -2.15E-4
   0.0
   -0.03582    0.9993    0.005809
   -0.9821    -0.03412    -0.1855
   -0.1851    -0.01235    0.9826
 Node:         30
  0.1113E+03  0.1159E+03  0.5206E+03 -0.1075E-03
  -2.15E-4
   2.159E-16
  -2.15E-4
   2.982E-36
  -4.798E-17
  -2.15E-4
   -2.15E-4
   -2.15E-4
   -2.15E-4
   0.0
   -2.15E-4
   0.0
   0.7038    0.7088    -0.0478
   -0.7086    0.6956    -0.1186
   -0.05084    0.1174    0.9918
 Node:         31
  0.1203E+03  0.1126E+03  0.4920E+03 -0.1075E-03
  -2.15E-4
   1.679E-16
  -2.15E-4
   4.798E-17
   7.198E-17
  -2.15E-4
   -2.15E-4
   -2.15E-4
   -2.15E-4
   0.0
   -2.15E-4
   0.0
   -0.7438    -0.4292    -0.5124
   0.5144    0.122    -0.8488
   0.4269    -0.8949    0.13
 Node:         32
  0.1188E+03  0.1134E+03  0.5062E+03 -0.1075E-03
  -2.15E-4
  -2.399E-17
  -2.15E-4
  -4.798E-17
   1.679E-16
  -2.15E-4
   -2.15E-4
   -2.15E-4
   -2.15E-4
   0.0
   -2.15E-4
   0.0
   0.9989    -0.0209    -0.04164
   0.04659    0.4512    0.8912
   1.664E-4    -0.8922    0.4517
 Node:         33
  0.1183E+03  0.1150E+03  0.5201E+03 -0.1075E-03
  -2.15E-4
   9.597E-17
  -2.15E-4
   1.44E-16
  -3.976E-36
  -2.15E-4
   -2.15E-4
   -2.15E-4
   -2.15E-4
   0.0
   -2.15E-4
   0.0
   0.9536    0.1669    0.2505
   3.684E-4    0.8315    -0.5555
   -0.301    0.5298    0.7929
 Node:         34
  0.1255E+03  0.1129E+03  0.4909E+03 -0.1075E-03
  -2.15E-4
  -4.638E-36
  -2.15E-4
   9.597E-17
   1.679E-16
  -2.15E-4
   -2.15E-4
   -2.15E-4
   -2.15E-4
   0.0
   -2.15E-4
   0.0
   0.351    0.6139    0.7071
   0.8682    -0.4963    -7.026E-5
   -0.3508    -0.6139    0.7072
 Node:         35
  0.1260E+03  0.1135E+03  0.5054E+03 -0.1075E-03
  -2.15E-4
   1.919E-16
  -2.15E-4
   1.919E-16
   4.319E-16
  -2.15E-4
   -2.15E-4
   -2.15E-4
   -2.15E-4
   0.0
   -2.15E-4
   0.0
   0.7459    0.471    0.471
   0.6661    -0.5275    -0.5274
   0.0    -0.7071    0.7071
 Node:         36
  0.1257E+03  0.1153E+03  0.5196E+03 -0.1075E-03
  -2.15E-4
  -9.597E-17
  -2.15E-4
  -9.597E-17
   1.44E-16
  -2.15E-4
   -2.15E-4
   -2.15E-4
   -2.15E-4
   0.0
   -2.15E-4
   0.0
   -0.5155    0.6059    0.6059
   0.8569    0.3642    0.3649
   -4.453E-4    -0.7073    0.7069
 Node:         37
  0.1132E+03  0.1210E+03  0.4959E+03 -0.1075E-03
  -2.15E-4
   2.399E-16
  -2.15E-4
  -1.44E-16
   3.119E-16
  -2.15E-4
   -2.15E-4
   -2.15E-4
   -2.15E-4
   0.0
   -2.15E-4
   0.0
   -0.5074    -0.7957    -0.3308
   0.7557    -0.2264    -0.6146
   0.4141    -0.5618    0.7161
 Node:         38
  0.1111E+03  0.1204E+03  0.5085E+03 -0.1075E-03
  -2.15E-4
   1.679E-16
  -2.15E-4
  -4.798E-17
  -1.44E-16
  -2.15E-4
   -2.15E-4
   -2.15E-4
   -2.15E-4
   0.0
   -2.15E-4
   0.0
   0.2119    0.9668    -0.1429
   0.9724    -0.2233    -0.06849
   0.09812    0.1244    0.9874
 Node:         39
  0.1119E+03  0.1201E+03  0.5207E+03 -0.1075E-03
  -2.15E-4
  -1.679E-16
  -2.15E-4
  -1.44E-16
  -1.32E-16
  -2.15E-4
   -2.15E-4
   -2.15E-4
   -2.15E-4
   0.0
   -2.15E-4
   0.0
   0.9213    -0.07989    -0.3805
   0.3607    -0.1892    0.9133
   -0.1449    -0.9787    -0.1455
 Node:         40
  0.1191E+03  0.1220E+03  0.4937E+03 -0.1075E-03
  -2.15E-4
   1.44E-16
  -2.15E-4
   1.44E-16
  -2.399E-17
  -2.15E-4
   -2.15E-4
   -2.15E-4
   -2.15E-4
   0.0
   -2.15E-4
   0.0
   0.9817    0.1345    0.1345
   -2.575E-4    0.708    -0.7062
   -0.1903    0.6933    0.6951
 Node:         41
  0.1182E+03  0.1217E+03  0.5073E+03 -0.1075E-03
  -2.15E-4
  -4.798E-17
  -2.15E-4
   9.597E-17
   1.679E-16
  -2.15E-4
   -2.15E-4
   -2.15E-4
   -2.15E-4
   0.0
   -2.15E-4
   0.0
   -0.1538    -0.1965    -0.9684
   -0.962    0.2534    0.1014
   0.2254    0.9472    -0.228
 Node:         42
  0.1187E+03  0.1212E+03  0.5204E+03 -0.1075E-03
  -2.15E-4
  -9.597E-17
  -2.15E-4
   2.65E-36
   9.597E-17
  -2.15E-4
   -2.15E-4
   -2.15E-4
   -2.15E-4
   0.0
   -2.15E-4
   0.0
   -0.01861    0.09766    0.995
   -0.9834    0.1779    -0.03585
   -0.1805    -0.9792    0.09273
 Node:         43
  0.1258E+03  0.1217E+03  0.4915E+03 -0.1075E-03
  -2.15E-4
   1.919E-16
  -2.15E-4
  -2.399E-17
   1.325E-36
  -2.15E-4
   -2.15E-4
   -2.15E-4
   -2.15E-4
   0.0
   -2.15E-4
   0.0
   0.9458    0.3242    -0.01746
   -0.324    0.946    0.0116
   0.02027    -0.005312    0.9998
 Node:         44
  0.1259E+03  0.1220E+03  0.5059E+03 -0.1075E-03
  -2.15E-4
   2.399E-16
  -2.15E-4
   1.679E-16
   1.919E-16
  -2.15E-4
   -2.15E-4
   -2.15E-4
   -2.15E-4
   0.0
   -2.15E-4
   0.0
   -0.3604    -0.3834    -0.8504
   -0.621    -0.5816    0.5254
   0.696    -0.7174    0.02843
 Node:         45
  0.1261E+03  0.1221E+03  0.5198E+03 -0.1075E-03
  -2.15E-4
  -1.44E-16
  -2.15E-4
   4.798E-17
  -1.2E-17
  -2.15E-4
   -2.15E-4
   -2.15E-4
   -2.15E-4
   0.0
   -2.15E-4
   0.0
   0.0668    -0.01249    0.9977
   -0.9877    0.1408    0.06789
   -0.1413    -0.99    -0.002931
 Node:         46
  0.1117E+03  0.1296E+03  0.4959E+03  0.0000E+00
  -2.467E-16
   4.797E-17
  -7.401E-16
   1.199E-17
  -4.497E-17
   0.0
   3.057E-18
   -2.423E-16
   -7.476E-16
   6.629532710146319E-16
   -3.2894766666666664E-16
   3.125191690294995E-16
   0.03676    -0.058    0.9976
   0.9946    0.09864    -0.03092
   -0.09662    0.9934    0.06131
 Node:         47
  0.1107E+03  0.1269E+03  0.5087E+03  0.0000E+00
  -7.401E-16
  -5.397E-17
   4.934E-16
  -4.797E-17
   6.896E-17
   0.0
   5.058E-16
   -7.273E-18
   -7.452E-16
   1.0892155802819752E-15
   -8.222433333333333E-17
   5.1346114866095E-16
   -0.04821    0.9891    0.1394
   -0.05424    -0.142    0.9884
   -0.9974    -0.04009    -0.06049
 Node:         48
  0.1125E+03  0.1242E+03  0.5208E+03  0.0000E+00
   4.934E-16
   5.997E-18
   4.934E-16
   0.0
  -2.998E-18
   4.934E-16
   5.001E-16
   4.934E-16
   4.867E-16
   1.1604740410711462E-17
   4.934E-16
   5.470527092215756E-18
   -0.6325    -0.7071    0.3162
   0.4472    -2.276E-15    0.8944
   0.6325    -0.7071    -0.3162
 Node:         49
  0.1186E+03  0.1311E+03  0.4938E+03  0.0000E+00
  -7.401E-16
  -3.598E-17
   0.0
  -7.196E-17
  -1.049E-17
  -2.467E-16
   1.947E-18
   -2.366E-16
   -7.523E-16
   6.677348643803167E-16
   -3.2898433333333336E-16
   3.1477323375866775E-16
   0.04561    -0.9985    0.02894
   -0.143    0.02215    0.9895
   -0.9887    -0.04926    -0.1418
 Node:         50
  0.1180E+03  0.1298E+03  0.5075E+03  0.0000E+00
   0.0
  -2.249E-17
   1.48E-15
  -7.196E-17
   2.155E-17
   9.869E-16
   1.482E-15
   9.91E-16
   -5.513E-18
   1.3127859849072886E-15
   8.224956666666666E-16
   6.188532481164029E-16
   0.01739    -0.9988    -0.04603
   -0.07128    -0.04716    0.9963
   0.9973    0.01405    0.07201
 Node:         51
  0.1192E+03  0.1275E+03  0.5206E+03  0.0000E+00
   0.0
  -5.997E-18
  -2.467E-16
   0.0
   2.549E-17
   4.934E-16
   4.943E-16
   1.449E-19
   -2.477E-16
   6.54286006770747E-16
   8.22483E-17
   3.0843338148204166E-16
   -4.17E-4    0.03438    0.9994
   0.9997    -0.02416    0.001248
   0.02418    0.9991    -0.03436
 Node:         52
  0.1262E+03  0.1305E+03  0.4920E+03  0.0000E+00
   4.934E-16
  -2.399E-17
   4.934E-16
   2.249E-18
   8.48E-18
   0.0
   5.175E-16
   4.696E-16
   -1.6E-19
   4.95449666061044E-16
   3.2898E-16
   2.335572124055831E-16
   -0.7061    0.708    0.008534
   0.7081    0.706    0.01614
   -0.005403    -0.01744    0.9998
 Node:         53
  0.1258E+03  0.1304E+03  0.5063E+03  0.0000E+00
  -7.401E-16
  -2.998E-18
  -4.934E-16
   4.797E-17
   5.847E-17
  -9.869E-16
   -4.866E-16
   -7.314E-16
   -1.002E-15
   4.465358664206045E-16
   -7.399999999999999E-16
   2.104990261260132E-16
   0.0104    0.9931    0.1171
   -0.9836    0.03123    -0.1776
   -0.18    -0.1133    0.9771
 Node:         54
  0.1265E+03  0.1288E+03  0.5200E+03  0.0000E+00
  -9.869E-16
   3.598E-17
   4.934E-16
   0.0
  -7.496E-18
   4.934E-16
   5.014E-16
   4.864E-16
   -9.877E-16
   1.4816569474746847E-15
   3.3333333333314155E-20
   6.984597833010066E-16
   0.01758    0.7272    -0.6862
   0.01675    0.686    0.7274
   -0.9997    0.02428    1.229E-4
 Node:         55
  0.1382E+03  0.1168E+03  0.4532E+03  0.8493E-02
   0.05948
  -0.03062
   0.02748
  -0.001945
   0.05015
   0.01745
   0.09862
   0.04225
   -0.03145
   0.11297670512101156
   0.03647333333333333
   0.05325772953812014
   -0.5582    0.6819    0.4727
   0.802    0.2972    0.5182
   -0.2129    -0.6684    0.7127
 Node:         56
  0.1314E+03  0.1156E+03  0.4687E+03  0.8493E-02
   0.06038
  -0.01295
   0.02251
   0.01034
   0.01264
   0.01503
   0.06304
   0.03332
   0.001198
   0.05357020742912986
   0.03251933333333334
   0.02525323796180513
   -0.9512    0.284    -0.1203
   0.1462    0.7586    0.6349
   0.2716    0.5864    -0.7632
 Node:         57
  0.1285E+03  0.1140E+03  0.4823E+03  0.8493E-02
   0.06664
   0.003679
   0.01723
   0.003982
  -0.002554
   0.01662
   0.06686
   0.0197
   0.01383
   0.05035227601608491
   0.03346333333333333
   0.02373629054610027
   -0.9945    -0.07113    -0.07647
   0.003158    -0.7524    0.6588
   -0.1044    0.6549    0.7485
 Node:         58
  0.1482E+03  0.1179E+03  0.4530E+03  0.8493E-02
   0.05868
  -0.06158
   0.03749
  -0.01016
   0.03635
   0.009229
   0.1335
   0.01357
   -0.02831
   0.1454641113814676
   0.039586666666666666
   0.06857243971807399
   -0.6912    0.6695    0.2721
   0.573    0.2784    0.7708
   -0.4403    -0.6887    0.5761
 Node:         59
  0.1418E+03  0.1167E+03  0.4692E+03  0.8493E-02
   0.06271
  -0.06246
   0.03119
  -0.01687
   0.03271
   0.01282
   0.1325
   0.009644
   -0.02482
   0.1432322352544985
   0.039108
   0.06752032322197518
   -0.731    0.6194    0.2863
   0.5071    0.2123    0.8353
   -0.4566    -0.7558    0.4693
 Node:         60
  0.1375E+03  0.1150E+03  0.4832E+03  0.8493E-02
   0.06821
  -0.01633
   0.01944
  -0.005379
   0.00651
   0.01693
   0.07428
   0.01984
   0.01048
   0.059673122928165914
   0.034866666666666664
   0.028130179918056376
   -0.9437    0.3059    0.126
   0.2933    0.597    0.7467
   -0.1532    -0.7416    0.6531
 Node:         61
  0.1553E+03  0.1224E+03  0.4526E+03  0.8493E-02
   0.06732
  -0.05338
   0.02588
  -0.02786
   0.02983
   0.00209
   0.1344
   -0.002648
   -0.01905
   0.14594191037532708
   0.03756733333333333
   0.06879767632380876
   -0.7777    0.5559    0.2934
   0.5767    0.4455    0.6848
   -0.25    -0.7018    0.6671
 Node:         62
  0.1492E+03  0.1204E+03  0.4694E+03  0.8493E-02
   0.07537
  -0.1122
   0.0295
  -0.03896
   0.03825
   0.009248
   0.2139
   -0.006352
   -0.05942
   0.2510288614163718
   0.049376
   0.11833614012070305
   -0.7686    0.5843    0.2605
   0.2633    -0.08228    0.9612
   0.5831    0.8073    -0.09059
 Node:         63
  0.1436E+03  0.1181E+03  0.4838E+03  0.8493E-02
   0.07126
  -0.03791
   0.02165
  -0.008296
   0.01264
   0.01637
   0.09757
   0.01656
   -0.001914
   0.09165417347835285
   0.03740533333333334
   0.04320619172706101
   -0.8631    0.4769    0.1664
   -0.3326    -0.2886    -0.8978
   -0.3801    -0.8302    0.4077
 Node:         64
  0.1413E+03  0.1253E+03  0.4520E+03  0.8493E-02
   0.0572
  -0.002364
   0.03137
  -0.01912
   0.0154
   0.01228
   0.06346
   0.039
   -6.916E-4
   0.056076476766644325
   0.033922799999999996
   0.026434704657829388
   -0.8394    0.3553    0.4114
   -0.466    -0.86    -0.2081
   0.2798    -0.3664    0.8874
 Node:         65
  0.1341E+03  0.1229E+03  0.4682E+03  0.8493E-02
   0.06321
  -0.02649
   0.02793
  -0.01401
   0.009196
   0.0139
   0.08251
   0.01441
   0.009002
   0.07095872930091125
   0.035307333333333336
   0.0334502657820366
   -0.8349    0.4973    0.2358
   0.5436    0.8118    0.213
   0.0855    -0.306    0.9482
 Node:         66
  0.1299E+03  0.1214E+03  0.4825E+03  0.8493E-02
   0.06871
  -0.009854
   0.01899
  -6.857E-4
   6.712E-4
   0.01666
   0.07052
   0.01746
   0.01614
   0.053732161691113826
   0.03470666666666667
   0.025329583933065742
   -0.9811    0.1929    0.01512
   0.1787    0.8734    0.453
   -0.07419    -0.4471    0.8914
 Node:         67
  0.1499E+03  0.1246E+03  0.4521E+03  0.8493E-02
   0.05865
  -0.03927
   0.03002
  -0.01743
   0.01299
   0.009895
   0.09736
   0.004083
   0.002417
   0.09412105910475083
   0.034620000000000005
   0.04436909276361944
   -0.7729    0.5859    0.2435
   -0.3901    -0.1361    -0.9106
   -0.5004    -0.7989    0.3338
 Node:         68
  0.1432E+03  0.1225E+03  0.4687E+03  0.8493E-02
   0.06759
  -0.08194
   0.02969
  -0.0337
   0.02275
   0.01282
   0.1606
   6.096E-4
   -0.03409
   0.17986826628441163
   0.04237319999999999
   0.08479071387331673
   -0.7689    0.5807    0.2677
   0.1723    -0.215    0.9613
   0.6158    0.7852    0.06522
 Node:         69
  0.1380E+03  0.1205E+03  0.4831E+03  0.8493E-02
   0.07043
  -0.02616
   0.02015
  -0.01032
   0.008663
   0.0169
   0.08593
   0.01598
   0.006859
   0.07492802607169097
   0.036256333333333335
   0.03532141022414341
   -0.8994    0.3951    0.1869
   0.3408    0.3661    0.8659
   -0.2737    -0.8425    0.4639
 Node:         70
  0.1555E+03  0.1245E+03  0.4524E+03  0.8493E-02
   0.06176
  -0.04937
   0.02011
  -0.04952
   0.03471
   0.0136
   0.1398
   -0.012
   -0.01844
   0.1551202939656833
   0.03645333333333333
   0.0731244078418569
   -0.7437    0.4971    0.4469
   0.637    0.7298    0.2482
   0.2028    -0.4693    0.8594
 Node:         71
  0.1494E+03  0.1224E+03  0.4693E+03  0.8493E-02
   0.07411
  -0.09827
   0.02541
  -0.08982
   0.05301
   0.01596
   0.2389
   -0.03008
   -0.05288
   0.28107441078831774
   0.05198
   0.1324997479242885
   -0.7475    0.5071    0.4291
   0.03009    -0.6195    0.7845
   0.6636    0.5993    0.4478
 Node:         72
  0.1435E+03  0.1199E+03  0.4837E+03  0.8493E-02
   0.07285
  -0.03557
   0.01974
  -0.02477
   0.01476
   0.01755
   0.1053
   0.007848
   0.001234
   0.10092167670030062
   0.03812733333333333
   0.047574934642332645
   -0.8493    0.4232    0.3156
   0.4046    0.1376    0.9041
   -0.3392    -0.8955    0.2881
 Node:         73
  0.1444E+03  0.1339E+03  0.4513E+03  0.0000E+00
   0.05992
  -0.01292
  -0.01072
  -2.995E-4
  -0.001018
   0.007493
   0.06558
   0.007923
   -0.01165
   0.06954101264002416
   0.020617666666666666
   0.03278194773889367
   -0.9867    0.1626    0.002378
   -0.006229    -0.05241    0.9986
   0.1625    0.9853    0.05272
 Node:         74
  0.1367E+03  0.1304E+03  0.4678E+03  0.0000E+00
   0.06978
   0.007061
  -0.004263
   0.007742
  -0.002756
   0.006653
   0.07549
   0.00665
   -0.00535
   0.07555809420571696
   0.02559666666666667
   0.035618427190929634
   -0.9905    -0.08122    -0.1108
   -0.08272    -0.2915    0.953
   -0.1097    0.9531    0.282
 Node:         75
  0.1313E+03  0.1288E+03  0.4826E+03  0.0000E+00
   0.05809
   0.002795
  -3.328E-4
  -0.001593
  -0.001074
   5.42E-4
   0.05979
   0.001095
   -0.001061
   0.059802155320690574
   0.019941333333333335
   0.02819100637122099
   -0.9985    -0.04684    0.02778
   -0.04844    0.5306    -0.8462
   -0.0249    0.8463    0.5321
 Node:         76
  0.1515E+03  0.1313E+03  0.4515E+03  0.0000E+00
   0.05912
  -0.02239
  -0.01349
  -0.01022
   0.0219
   0.01046
   0.07434
   0.0158
   -0.02581
   0.08714455289919158
   0.02144333333333333
   0.041080336198992116
   -0.9141    0.3018    0.271
   0.3759    0.3792    0.8455
   -0.1524    -0.8747    0.4601
 Node:         77
  0.1446E+03  0.1283E+03  0.4683E+03  0.0000E+00
   0.07689
   0.01639
  -0.005868
   0.00165
   0.01829
   0.005797
   0.08753
   0.01653
   -0.01843
   0.09351663809183904
   0.028543333333333334
   0.04408416596567172
   -0.9814    -0.1819    -0.06155
   -0.1531    0.5479    0.8224
   -0.1158    0.8165    -0.5656
 Node:         78
  0.1384E+03  0.1261E+03  0.4829E+03  0.0000E+00
   0.06108
   0.01256
  -1.921E-4
   2.335E-5
   0.001081
   3.783E-4
   0.06604
   6.843E-4
   -0.002876
   0.06720661542802167
   0.021282766666666664
   0.03168150233983371
   -0.9825    -0.1861    -0.003519
   -0.05905    0.2937    0.9541
   -0.1765    0.9376    -0.2995
 Node:         79
  0.1556E+03  0.1265E+03  0.4522E+03  0.0000E+00
   0.05755
   0.03709
  -0.004522
  -0.008269
   0.003459
  -0.02833
   0.09253
   -0.01799
   -0.03044
   0.11724183084547939
   0.0147
   0.055268329086376404
   -0.9154    -0.3991    0.05196
   -0.2611    0.6872    0.6779
   -0.3063    0.607    -0.7333
 Node:         80
  0.1495E+03  0.1243E+03  0.4692E+03  0.0000E+00
   0.08116
   0.04359
  -0.003703
   0.01644
   0.002584
  -0.0221
   0.1266
   -0.01733
   -0.02491
   0.14786578610347967
   0.028119999999999996
   0.06970460003950002
   -0.9304    -0.3493    -0.1114
   0.1313    -0.6012    0.7882
   -0.3423    0.7187    0.6052
 Node:         81
  0.1433E+03  0.1217E+03  0.4836E+03  0.0000E+00
   0.06253
   0.01565
  -3.668E-4
   0.01162
   0.002783
  -0.002289
   0.07232
   -0.003892
   -0.004107
   0.07631972712870506
   0.02144033333333333
   0.03597746439400951
   -0.9634    -0.2163    -0.1586
   -0.2464    0.9473    0.2048
   -0.1059    -0.2363    0.9659
 Node:         82
  0.1267E+03  0.1148E+03  0.4565E+03 -0.3509E-02
   0.04289
  -0.02482
  -0.004469
  -6.983E-5
   0.02049
  -0.007469
   0.05556
   0.007119
   -0.03002
   0.07432957756505819
   0.010886333333333331
   0.03503929889265607
   -0.8935    0.4245    0.1466
   0.381    0.5438    0.7478
   -0.2377    -0.724    0.6476
 Node:         83
  0.1234E+03  0.1129E+03  0.4721E+03 -0.3509E-02
   0.0396
  -0.00961
  -0.00629
   0.02481
   0.009807
  -0.01009
   0.05108
   8.6E-4
   -0.0274
   0.06884688228235175
   0.00818
   0.032454731550268595
   -0.9304    0.08646    -0.3562
   -0.116    0.8524    0.5099
   0.3477    0.5157    -0.783
 Node:         84
  0.1187E+03  0.1123E+03  0.4849E+03 -0.3509E-02
   0.04347
  -5.959E-6
  -0.006994
   0.0103
  -4.39E-4
  -0.009627
   0.04595
   -0.007051
   -0.01145
   0.05533180460639252
   0.009149666666666665
   0.026083662834979465
   -0.9836    0.001784    -0.1805
   0.01926    0.9953    -0.09509
   0.1795    -0.097    -0.979
 Node:         85
  0.1302E+03  0.1161E+03  0.4552E+03 -0.3509E-02
   0.04221
  -0.02532
  -0.003453
   0.0029
   0.03037
  -0.007003
   0.05626
   0.0171
   -0.0391
   0.08302251260953261
   0.011419999999999998
   0.0391371877715641
   0.8551    -0.4774    -0.2025
   0.4643    0.531    0.7088
   -0.2308    -0.7001    0.6757
 Node:         86
  0.1252E+03  0.1138E+03  0.4704E+03 -0.3509E-02
   0.03803
   0.00828
   0.00529
   0.04307
   0.0357
  -0.00923
   0.07609
   0.009578
   -0.0462
   0.10604215088350483
   0.013156000000000003
   0.04998874932088887
   -0.7387    -0.413    -0.5326
   0.5901    -0.7781    -0.2151
   0.3256    0.4732    -0.8186
 Node:         87
  0.1217E+03  0.1126E+03  0.4834E+03 -0.3509E-02
   0.04301
  -2.904E-4
  -0.006782
   0.01207
  -0.002076
  -0.009201
   0.0461
   -0.006201
   -0.01241
   0.055665817078347106
   0.009163000000000003
   0.026241117824259443
   -0.9772    0.01467    -0.2116
   0.08378    0.9432    -0.3215
   0.1949    -0.3319    -0.923
 Node:         88
  0.1338E+03  0.1169E+03  0.4535E+03 -0.3509E-02
   0.03627
  -0.03283
  -0.003179
   0.002024
   0.04888
  -0.001998
   0.06881
   0.02342
   -0.05615
   0.1095596609158681
   0.012026666666666665
   0.05164691945207273
   -0.6251    0.6371    0.4509
   0.7407    0.3019    0.6002
   -0.2463    -0.7092    0.6606
 Node:         89
  0.1270E+03  0.1150E+03  0.4687E+03 -0.3509E-02
   0.03627
  -0.006982
  -0.005017
   0.01681
   0.01287
  -0.007709
   0.04132
   0.00597
   -0.02426
   0.056851612993828064
   0.007676666666666666
   0.02680010737955271
   -0.9512    0.04628    -0.305
   -0.1483    0.7984    0.5836
   0.2705    0.6004    -0.7526
 Node:         90
  0.1248E+03  0.1132E+03  0.4822E+03 -0.3509E-02
   0.04235
   0.005803
  -0.007348
   0.005817
  -0.003251
  -0.007527
   0.04357
   -0.004231
   -0.01194
   0.05208514366880444
   0.009133
   0.024553172191524794
   -0.989    -0.1044    -0.1046
   0.001752    -0.7161    0.698
   -0.1478    0.6902    0.7084
 Node:         91
  0.1260E+03  0.1262E+03  0.4546E+03 -0.3509E-02
   0.03296
  -0.002259
   0.006801
  -0.01544
   0.03528
  -0.008548
   0.04744
   0.02325
   -0.03816
   0.07643200965564101
   0.010843333333333335
   0.03603039488481296
   -0.5979    0.5899    0.5427
   0.7895    0.5504    0.2715
   0.1385    -0.5907    0.7949
 Node:         92
  0.1209E+03  0.1233E+03  0.4725E+03 -0.3509E-02
   0.03858
  -0.01507
  -0.002092
  -0.009197
   0.0242
  -0.00504
   0.04905
   0.01028
   -0.02789
   0.06663266991498991
   0.010479999999999998
   0.03141094183030281
   -0.8388    0.426    0.3389
   0.5411    0.5844    0.6047
   -0.05956    -0.6907    0.7207
 Node:         93
  0.1159E+03  0.1217E+03  0.4877E+03 -0.3509E-02
   0.04407
  -0.002136
  -0.006816
  -0.001639
   0.002989
  -0.006773
   0.04414
   -0.003967
   -0.009756
   0.05124731595898462
   0.010139
   0.02415821642147174
   -0.9984    0.04373    0.03457
   0.05533    0.7024    0.7096
   -0.006754    -0.7104    0.7037
 Node:         94
  0.1314E+03  0.1264E+03  0.4536E+03 -0.3509E-02
   0.03048
  -0.002814
   0.008709
  -0.02567
   0.02994
  -0.006643
   0.05184
   0.01678
   -0.03488
   0.0755589756415477
   0.011246666666666667
   0.03561884270376503
   -0.669    0.5035    0.5468
   0.6923    0.6898    0.2118
   0.2706    -0.5203    0.81
 Node:         95
  0.1250E+03  0.1235E+03  0.4705E+03 -0.3509E-02
   0.0376
  -0.01646
   3.972E-4
  -0.01575
   0.01793
  -0.004844
   0.05158
   0.001549
   -0.02045
   0.06393503680299246
   0.010893
   0.030139265385871635
   -0.8352    0.4124    0.3638
   0.5495    0.6506    0.5242
   0.02047    -0.6377    0.77
 Node:         96
  0.1205E+03  0.1222E+03  0.4852E+03 -0.3509E-02
   0.04423
  -0.003179
  -0.006546
  -0.001915
   0.003916
  -0.00713
   0.04449
   -0.0032
   -0.01072
   0.0518605370199731
   0.01019
   0.024447291601865973
   -0.997    0.06522    0.04181
   0.07614    0.7258    0.6837
   -0.01424    -0.6848    0.7286
 Node:         97
  0.1369E+03  0.1260E+03  0.4523E+03 -0.3509E-02
   0.02833
  -0.00465
   0.009063
  -0.02418
   0.03142
  -0.007351
   0.05229
   0.01504
   -0.03579
   0.07658112626489637
   0.010513333333333333
   0.03610068912854097
   -0.6228    0.5578    0.5486
   0.7437    0.6399    0.1936
   0.2431    -0.5286    0.8133
 Node:         98
  0.1296E+03  0.1233E+03  0.4684E+03 -0.3509E-02
   0.03731
  -0.02035
   0.003307
  -0.01035
   0.01773
  -0.00693
   0.05166
   0.00241
   -0.02062
   0.06395444394254397
   0.01115
   0.03014841399919184
   -0.8294    0.4758    0.2928
   0.5505    0.6065    0.5737
   -0.09539    -0.637    0.765
 Node:         99
  0.1260E+03  0.1218E+03  0.4827E+03 -0.3509E-02
   0.04435
  -0.0061
  -0.005444
  -3.477E-4
   0.001926
  -0.007283
   0.04497
   -0.004794
   -0.008638
   0.05179309652839846
   0.010512666666666668
   0.024415499849253324
   -0.9927    0.1199    0.01115
   0.1021    0.7893    0.6055
   -0.0638    -0.6022    0.7958
 Node:        100
  0.1253E+03  0.1375E+03  0.4527E+03  0.0000E+00
   0.05959
   0.006788
   0.001172
  -0.009025
  -0.003069
   3.084E-4
   0.06352
   0.001726
   -0.0024
   0.06395689451497781
   0.020948666666666668
   0.030149569210115676
   -0.9827    -0.1148    0.1453
   -0.1776    0.8076    -0.5624
   0.0528    0.5785    0.814
 Node:        101
  0.1189E+03  0.1337E+03  0.4714E+03  0.0000E+00
   0.0612
   0.01337
   0.00317
  -3.997E-4
   2.092E-4
   6.156E-4
   0.06574
   7.381E-4
   7.67E-5
   0.0653351108534301
   0.022184933333333337
   0.03079926662269015
   -0.9779    -0.2089    0.005232
   -0.09604    0.4717    0.8765
   -0.1855    0.8567    -0.4813
 Node:        102
  0.1139E+03  0.1312E+03  0.4875E+03  0.0000E+00
   0.05466
   0.007208
   2.149E-4
   0.004413
   1.722E-4
   1.632E-4
   0.05675
   2.669E-5
   -9.193E-4
   0.05720217197330098
   0.01861913
   0.026965362467280134
   -0.989    -0.1263    -0.07746
   -0.008596    -0.4731    0.881
   -0.1479    0.8719    0.4668
 Node:        103
  0.1326E+03  0.1366E+03  0.4520E+03  0.0000E+00
   0.06028
  -6.101E-4
  -3.776E-4
  -0.01073
  -0.004862
  -9.921E-4
   0.06478
   0.00335
   -0.006374
   0.06682474389026868
   0.020585333333333337
   0.03150148637057553
   -0.9869    -0.004114    0.1615
   0.1023    -0.7894    0.6053
   0.125    0.6139    0.7795
 Node:        104
  0.1252E+03  0.1331E+03  0.4698E+03  0.0000E+00
   0.06335
   0.01296
   6.078E-6
  -0.001678
  -0.001027
   0.00107
   0.06877
   0.0011
   -0.002537
   0.06955984803749933
   0.022444333333333333
   0.03279082683041436
   -0.9824    -0.1847    0.02725
   0.06014    -0.1749    0.9828
   -0.1768    0.9671    0.1829
 Node:        105
  0.1201E+03  0.1317E+03  0.4853E+03  0.0000E+00
   0.05541
   0.005961
  -3.799E-4
   0.003234
  -2.349E-4
   1.695E-4
   0.0573
   2.447E-4
   -0.001245
   0.05781454613321807
   0.018766566666666665
   0.027254038414680656
   -0.9932    -0.1023    -0.05589
   -0.008074    -0.418    0.9084
   -0.1163    0.9027    0.4143
 Node:        106
  0.1400E+03  0.1351E+03  0.4514E+03  0.0000E+00
   0.06029
  -0.002193
  -0.005557
  -0.004373
  -0.01239
   0.001415
   0.06401
   0.01058
   -0.01436
   0.06934920835885583
   0.02007666666666667
   0.03269153033364384
   -0.9975    0.01782    0.0677
   0.04235    -0.6165    0.7862
   0.05575    0.7871    0.6143
 Node:        107
  0.1323E+03  0.1316E+03  0.4681E+03  0.0000E+00
   0.06732
   0.01164
  -0.00178
   0.002689
  -0.01038
   0.00299
   0.07299
   0.01041
   -0.01071
   0.07539230995267356
   0.02423
   0.03554027574456901
   -0.9886    -0.1495    -0.01563
   0.07699    -0.5927    0.8017
   -0.1292    0.7914    0.5975
 Node:        108
  0.1273E+03  0.1304E+03  0.4831E+03  0.0000E+00
   0.05682
   0.003963
  -3.041E-4
  -7.467E-4
  -0.001457
   2.854E-4
   0.0584
   0.001287
   -0.001578
   0.05859805234817963
   0.019369666666666667
   0.027623386786481408
   -0.9976    -0.06764    0.01461
   -0.05204    0.5943    -0.8026
   -0.0456    0.8014    0.5964
 Node:        109
  0.1018E+03  0.1092E+03  0.4946E+03 -0.2383E-04
  -4.766E-5
   2.399E-16
  -4.766E-5
   9.595E-17
  -2.399E-17
  -4.766E-5
   -4.766E-5
   -4.766E-5
   -4.766E-5
   0.0
   -4.766000000000001E-5
   0.0
   -0.3792    -0.925    -0.02399
   0.4801    -0.2188    0.8495
   0.791    -0.3106    -0.527
 Node:        110
  0.1058E+03  0.1118E+03  0.5081E+03 -0.2383E-04
  -4.766E-5
   4.798E-17
  -4.766E-5
  -2.399E-17
  -8.995E-17
  -4.766E-5
   -4.766E-5
   -4.766E-5
   -4.766E-5
   0.0
   -4.766000000000001E-5
   0.0
   -0.02838    -0.09126    0.9954
   0.7347    0.6733    0.08267
   -0.6778    0.7337    0.04794
 Node:        111
  0.1108E+03  0.1137E+03  0.5210E+03 -0.2383E-04
  -4.766E-5
   9.595E-17
  -4.766E-5
  -4.798E-17
   5.637E-16
  -4.766E-5
   -4.766E-5
   -4.766E-5
   -4.766E-5
   0.0
   -4.766000000000001E-5
   0.0
   0.9392    0.3169    0.1319
   0.3364    -0.7738    -0.5367
   -0.06804    0.5485    -0.8334
 Node:        112
  0.1072E+03  0.1111E+03  0.4942E+03 -0.2383E-04
  -4.766E-5
   2.399E-16
  -4.766E-5
  -3.672E-37
   2.399E-17
  -4.766E-5
   -4.766E-5
   -4.766E-5
   -4.766E-5
   0.0
   -4.766000000000001E-5
   0.0
   0.3759    0.9265    0.01671
   0.9266    -0.3757    -0.01402
   0.006714    -0.02075    0.9998
 Node:        113
  0.1071E+03  0.1139E+03  0.5077E+03 -0.2383E-04
  -4.766E-5
   4.846E-36
  -4.766E-5
   2.879E-16
  -2.639E-16
  -4.766E-5
   -4.766E-5
   -4.766E-5
   -4.766E-5
   0.0
   -4.766000000000001E-5
   0.0
   -0.1654    0.6537    -0.7384
   -0.2298    -0.7537    -0.6157
   -0.9591    0.06785    0.2749
 Node:        114
  0.1093E+03  0.1164E+03  0.5209E+03 -0.2383E-04
  -4.766E-5
   1.919E-16
  -4.766E-5
  -4.798E-17
   9.595E-17
  -4.766E-5
   -4.766E-5
   -4.766E-5
   -4.766E-5
   0.0
   -4.766000000000001E-5
   0.0
   -0.6573    -0.7285    -0.1931
   -0.4203    0.1416    0.8963
   0.6255    -0.6703    0.3993
 Node:        115
  0.1129E+03  0.1120E+03  0.4932E+03 -0.2383E-04
  -4.766E-5
  -4.406E-37
  -4.766E-5
  -1.439E-16
  -4.798E-17
  -4.766E-5
   -4.766E-5
   -4.766E-5
   -4.766E-5
   0.0
   -4.766000000000001E-5
   0.0
   -0.6708    -0.2235    0.7072
   0.3161    -0.9487    -2.931E-5
   -0.6709    -0.2235    -0.707
 Node:        116
  0.1092E+03  0.1143E+03  0.5068E+03 -0.2383E-04
  -4.766E-5
   8.995E-17
  -4.766E-5
   2.879E-16
   3.598E-17
  -4.766E-5
   -4.766E-5
   -4.766E-5
   -4.766E-5
   0.0
   -4.766000000000001E-5
   0.0
   -0.223    -0.9699    -0.09798
   0.8805    -0.2435    0.4067
   -0.4183    0.004416    0.9083
 Node:        117
  0.1089E+03  0.1172E+03  0.5207E+03 -0.2383E-04
  -4.766E-5
  -1.199E-16
  -4.766E-5
  -2.399E-16
  -2.879E-16
  -4.766E-5
   -4.766E-5
   -4.766E-5
   -4.766E-5
   0.0
   -4.766000000000001E-5
   0.0
   -0.232    -0.2201    0.9475
   -0.8739    0.475    -0.1036
   -0.4272    -0.852    -0.3026
 Node:        118
  0.1017E+03  0.1094E+03  0.4948E+03 -0.2383E-04
  -4.766E-5
   1.439E-16
  -4.766E-5
  -2.399E-16
  -3.118E-16
  -4.766E-5
   -4.766E-5
   -4.766E-5
   -4.766E-5
   0.0
   -4.766000000000001E-5
