 Group name: gastroc_stress
 #Fields=  16
 1) coordinates, coordinate, rectangular cartesian, #Components=3
   x.  Value index= 1, #Derivatives=0
   y.  Value index= 2, #Derivatives=0
   z.  Value index= 3, #Derivatives=0
 2) Tensor_1, field, rectangular cartesian, #Components=1
   Tensor_1.  Value index= 4, #Derivatives=0
 3) Tensor_2, field, rectangular cartesian, #Components=1
   Tensor_2.  Value index= 5, #Derivatives=0
 4) Tensor_3, field, rectangular cartesian, #Components=1
   Tensor_3.  Value index= 6, #Derivatives=0
 5) Tensor_4, field, rectangular cartesian, #Components=1
   Tensor_4.  Value index= 7, #Derivatives=0
 6) Tensor_5, field, rectangular cartesian, #Components=1
   Tensor_5.  Value index= 8, #Derivatives=0
 7) Tensor_6, field, rectangular cartesian, #Components=1
   Tensor_6.  Value index= 9, #Derivatives=0
 8) Principal_1, field, rectangular cartesian, #Components=1
   Principal_1.  Value index= 10, #Derivatives=0
 9) Principal_2, field, rectangular cartesian, #Components=1
   Principal_2.  Value index= 11, #Derivatives=0
 10) Principal_3, field, rectangular cartesian, #Components=1
   Principal_3.  Value index= 12, #Derivatives=0
 11) VonMises, field, rectangular cartesian, #Components=1
   VonMises.  Value index= 13, #Derivatives=0
 12) Hydrostatic, field, rectangular cartesian, #Components=1
   VonMises.  Value index= 14, #Derivatives=0
 13) Octahedral, field, rectangular cartesian, #Components=1
   VonMises.  Value index= 15, #Derivatives=0
 14) PrincipalVector1, field, rectangular cartesian, #Components=3
   x.  Value index= 16, #Derivatives=0
   y.  Value index= 17, #Derivatives=0
   z.  Value index= 18, #Derivatives=0
 15) PrincipalVector2, field, rectangular cartesian, #Components=3
   x.  Value index= 19, #Derivatives=0
   y.  Value index= 20, #Derivatives=0
   z.  Value index= 21, #Derivatives=0
 16) PrincipalVector3, field, rectangular cartesian, #Components=3
   x.  Value index= 22, #Derivatives=0
   y.  Value index= 23, #Derivatives=0
   z.  Value index= 24, #Derivatives=0
 Node:          1
  0.1287E+03  0.1133E+03  0.4908E+03 -0.3432E-04
  -6.864E-5
  -1.439E-16
  -6.864E-5
  -4.798E-17
  -7.196E-17
  -6.864E-5
   -6.864E-5
   -6.864E-5
   -6.864E-5
   0.0
   -6.864E-5
   0.0
   0.966    -0.2572    -0.02713
   0.2489    0.9532    -0.1718
   0.07003    0.1592    0.9848
 Node:          2
  0.1292E+03  0.1137E+03  0.5052E+03 -0.3432E-04
  -6.864E-5
  -1.919E-16
  -6.864E-5
  -9.595E-17
   3.358E-16
  -6.864E-5
   -6.864E-5
   -6.864E-5
   -6.864E-5
   0.0
   -6.864E-5
   0.0
   0.895    -0.3984    -0.2008
   0.4461    0.7982    0.4048
   -9.581E-4    -0.4518    0.8921
 Node:          3
  0.1289E+03  0.1155E+03  0.5194E+03 -0.3432E-04
  -6.864E-5
   2.399E-16
  -6.864E-5
   1.919E-16
   9.595E-17
  -6.864E-5
   -6.864E-5
   -6.864E-5
   -6.864E-5
   0.0
   -6.864E-5
   0.0
   -0.4091    -0.8757    -0.2565
   0.496    -0.4494    0.743
   0.7659    -0.1767    -0.6182
 Node:          4
  0.1361E+03  0.1141E+03  0.4915E+03 -0.3432E-04
  -6.864E-5
  -4.798E-17
  -6.864E-5
  -4.798E-17
  -1.439E-16
  -6.864E-5
   -6.864E-5
   -6.864E-5
   -6.864E-5
   0.0
   -6.864E-5
   0.0
   -0.04307    -0.0943    0.9946
   -0.9939    0.1055    -0.03303
   -0.1018    -0.9899    -0.09826
 Node:          5
  0.1341E+03  0.1144E+03  0.5054E+03 -0.3432E-04
  -6.864E-5
   2.399E-16
  -6.864E-5
   9.595E-17
  -1.199E-16
  -6.864E-5
   -6.864E-5
   -6.864E-5
   -6.864E-5
   0.0
   -6.864E-5
   0.0
   0.097    -0.1794    0.979
   0.7184    0.6933    0.05585
   -0.6888    0.6979    0.1961
 Node:          6
  0.1323E+03  0.1162E+03  0.5191E+03 -0.3432E-04
  -6.864E-5
   9.595E-17
  -6.864E-5
  -9.595E-17
  -4.798E-17
  -6.864E-5
   -6.864E-5
   -6.864E-5
   -6.864E-5
   0.0
   -6.864E-5
   0.0
   -0.715    -0.6929    0.09323
   0.6931    -0.72    -0.03579
   0.09192    0.03903    0.995
 Node:          7
  0.1408E+03  0.1171E+03  0.4920E+03 -0.3432E-04
  -6.864E-5
   3.838E-16
  -6.864E-5
  -1.439E-16
  -1.919E-16
  -6.864E-5
   -6.864E-5
   -6.864E-5
   -6.864E-5
   0.0
   -6.864E-5
   0.0
   0.8641    0.487    -0.1268
   -0.5006    0.8577    -0.1173
   0.05166    0.1648    0.985
 Node:          8
  0.1367E+03  0.1169E+03  0.5055E+03 -0.3432E-04
  -6.864E-5
   3.358E-16
  -6.864E-5
  -6.957E-16
  -4.078E-16
  -6.864E-5
   -6.864E-5
   -6.864E-5
   -6.864E-5
   0.0
   -6.864E-5
   0.0
   -0.7206    -0.6268    0.2964
   0.6357    -0.7679    -0.07816
   0.2766    0.1321    0.9518
 Node:          9
  0.1339E+03  0.1180E+03  0.5191E+03 -0.3432E-04
  -6.864E-5
   2.879E-16
  -6.864E-5
  -6.837E-16
  -4.798E-16
  -6.864E-5
   -6.864E-5
   -6.864E-5
   -6.864E-5
   0.0
   -6.864E-5
   0.0
   0.3024    0.1643    -0.9389
   0.9345    0.1428    0.326
   -0.1876    0.976    0.1104
 Node:         10
  0.1294E+03  0.1212E+03  0.4911E+03 -0.3432E-04
  -6.864E-5
   4.798E-17
  -6.864E-5
  -2.399E-17
   2.159E-16
  -6.864E-5
   -6.864E-5
   -6.864E-5
   -6.864E-5
   0.0
   -6.864E-5
   0.0
   0.02408    0.709    0.7048
   0.1744    0.6913    -0.7013
   -0.9844    0.1398    -0.107
 Node:         11
  0.1295E+03  0.1214E+03  0.5055E+03 -0.3432E-04
  -6.864E-5
  -4.798E-17
  -6.864E-5
  -7.196E-17
   2.399E-17
  -6.864E-5
   -6.864E-5
   -6.864E-5
   -6.864E-5
   0.0
   -6.864E-5
   0.0
   -0.2763    0.1331    0.9518
   -0.5866    0.7611    -0.2767
   0.7612    0.6348    0.1322
 Node:         12
  0.1295E+03  0.1217E+03  0.5196E+03 -0.3432E-04
  -6.864E-5
  -5.817E-37
  -6.864E-5
   1.319E-16
   4.798E-17
  -6.864E-5
   -6.864E-5
   -6.864E-5
   -6.864E-5
   0.0
   -6.864E-5
   0.0
   -0.2404    -0.08744    -0.9667
   -0.3418    0.9398    1.119E-6
   0.9085    0.3305    -0.2558
 Node:         13
  0.1361E+03  0.1199E+03  0.4914E+03 -0.3432E-04
  -6.864E-5
  -2.399E-16
  -6.864E-5
  -1.679E-16
   4.798E-17
  -6.864E-5
   -6.864E-5
   -6.864E-5
   -6.864E-5
   0.0
   -6.864E-5
   0.0
   0.9203    -0.37    -0.1273
   0.3696    0.9288    -0.02724
   0.1283    -0.02199    0.9915
 Node:         14
  0.1342E+03  0.1198E+03  0.5054E+03 -0.3432E-04
  -6.864E-5
   4.798E-17
  -6.864E-5
   9.595E-17
  -1.559E-16
  -6.864E-5
   -6.864E-5
   -6.864E-5
   -6.864E-5
   0.0
   -6.864E-5
   0.0
   0.09997    -0.2649    0.9591
   -0.2954    -0.9284    -0.2256
   -0.9501    0.2607    0.1711
 Node:         15
  0.1330E+03  0.1205E+03  0.5193E+03 -0.3432E-04
  -6.864E-5
  -1.439E-16
  -6.864E-5
   2.399E-17
   8.396E-17
  -6.864E-5
   -6.864E-5
   -6.864E-5
   -6.864E-5
   0.0
   -6.864E-5
   0.0
   0.9934    -0.1134    0.01425
   -0.01886    -0.2856    -0.9582
   0.1127    0.9516    -0.2859
 Node:         16
  0.1404E+03  0.1188E+03  0.4918E+03 -0.3432E-04
  -6.864E-5
   9.595E-17
  -6.864E-5
  -1.439E-16
  -2.519E-16
  -6.864E-5
   -6.864E-5
   -6.864E-5
   -6.864E-5
   0.0
   -6.864E-5
   0.0
   -0.1502    -0.2388    0.9594
   -0.794    -0.549    -0.2609
   0.589    -0.801    -0.1072
 Node:         17
  0.1365E+03  0.1184E+03  0.5055E+03 -0.3432E-04
  -6.864E-5
   4.798E-17
  -6.864E-5
   1.679E-16
   2.939E-16
  -6.864E-5
   -6.864E-5
   -6.864E-5
   -6.864E-5
   0.0
   -6.864E-5
   0.0
   0.2481    0.4018    0.8815
   0.9356    -0.3352    -0.1105
   -0.2511    -0.8522    0.4591
 Node:         18
  0.1341E+03  0.1191E+03  0.5192E+03 -0.3432E-04
  -6.864E-5
  -7.734E-37
  -6.864E-5
   4.573E-17
   1.84E-16
  -6.864E-5
   -6.864E-5
   -6.864E-5
   -6.864E-5
   0.0
   -6.864E-5
   0.0
   0.02288    0.09201    0.9955
   0.9712    -0.2381    -3.096E-4
   -0.237    -0.9669    0.09481
 Node:         19
  0.1301E+03  0.1291E+03  0.4914E+03  0.0000E+00
   4.934E-16
   0.0
   4.934E-16
   3.631E-19
   1.731E-17
  -9.869E-16
   4.936E-16
   4.934E-16
   -9.871E-16
   1.4806000101310279E-15
   -3.3333333333314155E-20
   6.979615382590138E-16
   -0.02097    -0.9997    -0.01169
   -0.9998    0.02097    -8.123E-17
   2.452E-4    0.01169    -0.9999
 Node:         20
  0.1299E+03  0.1291E+03  0.5058E+03  0.0000E+00
   9.869E-16
   0.0
   0.0
   1.799E-17
   3.326E-17
  -2.467E-16
   9.871E-16
   4.4E-18
   -2.514E-16
   1.1324785163525177E-15
   2.467E-16
   5.338554923072971E-16
   -0.9999    -4.917E-4    -0.01459
   0.002401    -0.9914    -0.1311
   -0.0144    -0.1312    0.9913
 Node:         21
  0.1301E+03  0.1280E+03  0.5197E+03  0.0000E+00
   4.934E-16
   0.0
   0.0
   7.196E-17
   2.549E-17
   4.934E-16
   5.66E-16
   4.222E-16
   -1.341E-18
   5.108528305500519E-16
   3.28953E-16
   2.408183337801893E-16
   -0.7039    -0.03195    -0.7096
   -0.7102    0.04241    0.7027
   -0.007642    -0.9986    0.05255
 Node:         22
  0.1360E+03  0.1256E+03  0.4913E+03  0.0000E+00
  -9.869E-16
   2.399E-17
  -4.934E-16
  -2.399E-17
   1.739E-16
   4.934E-16
   5.234E-16
   -5.215E-16
   -9.888E-16
   1.3410693755358072E-15
   -3.2896666666666662E-16
   6.321861663219854E-16
   -0.01298    0.1683    0.9857
   0.05935    0.9841    -0.1672
   -0.9982    0.05633    -0.02276
 Node:         23
  0.1343E+03  0.1253E+03  0.5054E+03  0.0000E+00
   0.0
   3.598E-17
  -1.974E-15
   0.0
   2.271E-16
  -7.401E-16
   6.796E-19
   -6.997E-16
   -2.015E-15
   1.7724996366646057E-15
   -9.046734666666666E-16
   8.355643418241562E-16
   0.9998    0.01889    0.00579
   -0.009011    0.1753    0.9845
   0.01758    -0.9843    0.1754
 Node:         24
  0.1336E+03  0.1248E+03  0.5194E+03  0.0000E+00
  -9.869E-16
   2.099E-17
   0.0
   2.399E-17
   1.499E-18
  -7.401E-16
   4.516E-19
   -7.379E-16
   -9.896E-16
   8.912682384908372E-16
   -5.756827999999999E-16
   4.2014787686204007E-16
   -0.02132    -0.9998    -0.002714
   0.09549    -0.004739    0.9954
   -0.9952    0.02096    0.09557
 Node:         25
  0.1400E+03  0.1206E+03  0.4917E+03  0.0000E+00
   0.0
   4.617E-16
  -4.934E-16
  -1.439E-16
  -2.249E-16
   9.869E-16
   1.067E-15
   2.05E-16
   -7.785E-16
   1.5994040296310373E-15
   1.6449999999999999E-16
   7.539662901394642E-16
   -0.2161    -0.2016    0.9553
   0.839    0.4621    0.2874
   -0.4994    0.8636    0.06929
 Node:         26
  0.1363E+03  0.1200E+03  0.5055E+03  0.0000E+00
   9.869E-16
   1.859E-16
  -2.714E-15
   4.797E-17
  -1.943E-15
  -2.467E-16
   1.006E-15
   8.09E-16
   -3.789E-15
   4.699597748744035E-15
   -6.579999999999999E-16
   2.215411624657293E-15
   0.968    0.1526    -0.1995
   0.2481    -0.4578    0.8538
   -0.03892    0.8759    0.4809
 Node:         27
  0.1343E+03  0.1203E+03  0.5192E+03  0.0000E+00
   9.869E-16
  -3.358E-16
   9.869E-16
  -1.799E-16
   2.27E-15
   0.0
   2.89E-15
   9.15E-16
   -1.831E-15
   4.1066398673367985E-15
   6.58E-16
   1.9358885987232494E-15
   -0.1931    0.7658    0.6135
   0.9808    0.1345    0.1409
   0.02534    0.6289    -0.7771
 Node:         28
  0.1155E+03  0.1124E+03  0.4931E+03 -0.2028E-03
  -4.057E-4
   6.599E-17
  -4.057E-4
  -9.599E-17
   9.599E-17
  -4.057E-4
   -4.057E-4
   -4.057E-4
   -4.057E-4
   0.0
   -4.057E-4
   0.0
   0.02396    0.9835    0.1795
   0.07204    0.1774    -0.9815
   -0.9971    0.03645    -0.06659
 Node:         29
  0.1119E+03  0.1139E+03  0.5068E+03 -0.2028E-03
  -4.057E-4
  -3.6E-17
  -4.057E-4
   9.599E-17
   1.2E-17
  -4.057E-4
   -4.057E-4
   -4.057E-4
   -4.057E-4
   0.0
   -4.057E-4
   0.0
   -0.03581    0.9993    0.005769
   -0.9821    -0.03412    -0.1855
   -0.1852    -0.01231    0.9826
 Node:         30
  0.1113E+03  0.1159E+03  0.5206E+03 -0.2028E-03
  -4.057E-4
   2.16E-16
  -4.057E-4
   5.625E-36
  -4.8E-17
  -4.057E-4
   -4.057E-4
   -4.057E-4
   -4.057E-4
   0.0
   -4.057E-4
   0.0
   0.7039    0.7087    -0.04777
   -0.7085    0.6957    -0.1188
   -0.05097    0.1175    0.9918
 Node:         31
  0.1203E+03  0.1126E+03  0.4920E+03 -0.2028E-03
  -4.057E-4
   1.68E-16
  -4.057E-4
   4.8E-17
   7.199E-17
  -4.057E-4
   -4.057E-4
   -4.057E-4
   -4.057E-4
   0.0
   -4.057E-4
   0.0
   -0.7437    -0.4293    -0.5125
   0.5144    0.1221    -0.8488
   0.427    -0.8949    0.13
 Node:         32
  0.1188E+03  0.1134E+03  0.5062E+03 -0.2028E-03
  -4.057E-4
  -2.4E-17
  -4.057E-4
  -4.8E-17
   1.68E-16
  -4.057E-4
   -4.057E-4
   -4.057E-4
   -4.057E-4
   0.0
   -4.057E-4
   0.0
   0.9989    -0.02092    -0.04167
   0.04662    0.4511    0.8912
   1.558E-4    -0.8922    0.4516
 Node:         33
  0.1183E+03  0.1150E+03  0.5201E+03 -0.2028E-03
  -4.057E-4
   9.599E-17
  -4.057E-4
   1.44E-16
  -7.5E-36
  -4.057E-4
   -4.057E-4
   -4.057E-4
   -4.057E-4
   0.0
   -4.057E-4
   0.0
   0.9536    0.1668    0.2505
   7.134E-4    0.831    -0.5562
   -0.301    0.5306    0.7924
 Node:         34
  0.1255E+03  0.1129E+03  0.4909E+03 -0.2028E-03
  -4.057E-4
  -8.75E-36
  -4.057E-4
   9.599E-17
   1.68E-16
  -4.057E-4
   -4.057E-4
   -4.057E-4
   -4.057E-4
   0.0
   -4.057E-4
   0.0
   0.3511    0.6139    0.707
   0.8683    -0.4961    -3.663E-4
   -0.3505    -0.614    0.7072
 Node:         35
  0.1260E+03  0.1135E+03  0.5054E+03 -0.2028E-03
  -4.057E-4
   1.92E-16
  -4.057E-4
   1.92E-16
   4.32E-16
  -4.057E-4
   -4.057E-4
   -4.057E-4
   -4.057E-4
   0.0
   -4.057E-4
   0.0
   0.7461    0.4708    0.4709
   -0.6658    0.5273    0.5278
   1.4E-4    -0.7073    0.7069
 Node:         36
  0.1257E+03  0.1153E+03  0.5196E+03 -0.2028E-03
  -4.057E-4
  -9.599E-17
  -4.057E-4
  -9.599E-17
   1.44E-16
  -4.057E-4
   -4.057E-4
   -4.057E-4
   -4.057E-4
   0.0
   -4.057E-4
   0.0
   -0.5156    0.6059    0.6059
   0.8568    0.3639    0.3653
   -8.798E-4    -0.7075    0.7067
 Node:         37
  0.1132E+03  0.1210E+03  0.4959E+03 -0.2028E-03
  -4.057E-4
   2.4E-16
  -4.057E-4
  -1.44E-16
   3.12E-16
  -4.057E-4
   -4.057E-4
   -4.057E-4
   -4.057E-4
   0.0
   -4.057E-4
   0.0
   -0.5076    -0.7956    -0.3306
   0.7555    -0.2266    -0.6147
   0.4141    -0.5618    0.7162
 Node:         38
  0.1111E+03  0.1204E+03  0.5085E+03 -0.2028E-03
  -4.057E-4
   1.68E-16
  -4.057E-4
  -4.8E-17
  -1.44E-16
  -4.057E-4
   -4.057E-4
   -4.057E-4
   -4.057E-4
   0.0
   -4.057E-4
   0.0
   0.2119    0.9668    -0.1429
   0.9724    -0.2233    -0.06837
   0.09801    0.1245    0.9874
 Node:         39
  0.1119E+03  0.1201E+03  0.5207E+03 -0.2028E-03
  -4.057E-4
  -1.68E-16
  -4.057E-4
  -1.44E-16
  -1.32E-16
  -4.057E-4
   -4.057E-4
   -4.057E-4
   -4.057E-4
   0.0
   -4.057E-4
   0.0
   0.9214    -0.07988    -0.3804
   0.3607    -0.1892    0.9133
   -0.1449    -0.9787    -0.1455
 Node:         40
  0.1191E+03  0.1220E+03  0.4937E+03 -0.2028E-03
  -4.057E-4
   1.44E-16
  -4.057E-4
   1.44E-16
  -2.4E-17
  -4.057E-4
   -4.057E-4
   -4.057E-4
   -4.057E-4
   0.0
   -4.057E-4
   0.0
   0.9817    0.1345    0.1345
   -1.138E-4    0.7075    -0.7067
   -0.1902    0.6938    0.6946
 Node:         41
  0.1182E+03  0.1217E+03  0.5073E+03 -0.2028E-03
  -4.057E-4
  -4.8E-17
  -4.057E-4
   9.599E-17
   1.68E-16
  -4.057E-4
   -4.057E-4
   -4.057E-4
   -4.057E-4
   0.0
   -4.057E-4
   0.0
   -0.1537    -0.1966    -0.9684
   -0.9621    0.2533    0.1013
   0.2253    0.9472    -0.2281
 Node:         42
  0.1187E+03  0.1212E+03  0.5204E+03 -0.2028E-03
  -4.057E-4
  -9.599E-17
  -4.057E-4
   5.0E-36
   9.599E-17
  -4.057E-4
   -4.057E-4
   -4.057E-4
   -4.057E-4
   0.0
   -4.057E-4
   0.0
   -0.01859    0.09772    0.995
   -0.9834    0.1779    -0.03585
   -0.1806    -0.9792    0.09279
 Node:         43
  0.1258E+03  0.1217E+03  0.4915E+03 -0.2028E-03
  -4.057E-4
   1.92E-16
  -4.057E-4
  -2.4E-17
   2.5E-36
  -4.057E-4
   -4.057E-4
   -4.057E-4
   -4.057E-4
   0.0
   -4.057E-4
   0.0
   0.9459    0.324    -0.01746
   -0.3238    0.946    0.01167
   0.0203    -0.005383    0.9998
 Node:         44
  0.1259E+03  0.1220E+03  0.5059E+03 -0.2028E-03
  -4.057E-4
   2.4E-16
  -4.057E-4
   1.68E-16
   1.92E-16
  -4.057E-4
   -4.057E-4
   -4.057E-4
   -4.057E-4
   0.0
   -4.057E-4
   0.0
   -0.3604    -0.3835    -0.8503
   -0.6209    -0.5817    0.5255
   0.6962    -0.7173    0.02844
 Node:         45
  0.1261E+03  0.1221E+03  0.5198E+03 -0.2028E-03
  -4.057E-4
  -1.44E-16
  -4.057E-4
   4.8E-17
  -1.2E-17
  -4.057E-4
   -4.057E-4
   -4.057E-4
   -4.057E-4
   0.0
   -4.057E-4
   0.0
   0.06681    -0.0125    0.9977
   -0.9877    0.1408    0.0679
   -0.1413    -0.99    -0.002937
 Node:         46
  0.1117E+03  0.1296E+03  0.4959E+03  0.0000E+00
  -2.467E-16
   4.797E-17
  -7.401E-16
   1.199E-17
  -4.497E-17
   0.0
   3.057E-18
   -2.423E-16
   -7.476E-16
   6.629532710146319E-16
   -3.2894766666666664E-16
   3.125191690294995E-16
   0.03676    -0.058    0.9976
   0.9946    0.09864    -0.03092
   -0.09662    0.9934    0.06131
 Node:         47
  0.1107E+03  0.1269E+03  0.5087E+03  0.0000E+00
  -7.401E-16
  -5.397E-17
   4.934E-16
  -4.797E-17
   6.896E-17
   0.0
   5.058E-16
   -7.273E-18
   -7.452E-16
   1.0892155802819752E-15
   -8.222433333333333E-17
   5.1346114866095E-16
   -0.04821    0.9891    0.1394
   -0.05424    -0.142    0.9884
   -0.9974    -0.04009    -0.06049
 Node:         48
  0.1125E+03  0.1242E+03  0.5208E+03  0.0000E+00
   4.934E-16
   5.997E-18
   4.934E-16
   0.0
  -2.998E-18
   4.934E-16
   5.001E-16
   4.934E-16
   4.867E-16
   1.1604740410711462E-17
   4.934E-16
   5.470527092215756E-18
   -0.6325    -0.7071    0.3162
   0.4472    -2.276E-15    0.8944
   0.6325    -0.7071    -0.3162
 Node:         49
  0.1186E+03  0.1311E+03  0.4938E+03  0.0000E+00
  -7.401E-16
  -3.598E-17
   0.0
  -7.196E-17
  -1.049E-17
  -2.467E-16
   1.947E-18
   -2.366E-16
   -7.523E-16
   6.677348643803167E-16
   -3.2898433333333336E-16
   3.1477323375866775E-16
   0.04561    -0.9985    0.02894
   -0.143    0.02215    0.9895
   -0.9887    -0.04926    -0.1418
 Node:         50
  0.1180E+03  0.1298E+03  0.5075E+03  0.0000E+00
   0.0
  -2.249E-17
   1.48E-15
  -7.196E-17
   2.155E-17
   9.869E-16
   1.482E-15
   9.91E-16
   -5.513E-18
   1.3127859849072886E-15
   8.224956666666666E-16
   6.188532481164029E-16
   0.01739    -0.9988    -0.04603
   -0.07128    -0.04716    0.9963
   0.9973    0.01405    0.07201
 Node:         51
  0.1192E+03  0.1275E+03  0.5206E+03  0.0000E+00
   0.0
  -5.997E-18
  -2.467E-16
   0.0
   2.549E-17
   4.934E-16
   4.943E-16
   1.449E-19
   -2.477E-16
   6.54286006770747E-16
   8.22483E-17
   3.0843338148204166E-16
   -4.17E-4    0.03438    0.9994
   0.9997    -0.02416    0.001248
   0.02418    0.9991    -0.03436
 Node:         52
  0.1262E+03  0.1305E+03  0.4920E+03  0.0000E+00
   4.934E-16
  -2.399E-17
   4.934E-16
   2.249E-18
   8.48E-18
   0.0
   5.175E-16
   4.696E-16
   -1.6E-19
   4.95449666061044E-16
   3.2898E-16
   2.335572124055831E-16
   -0.7061    0.708    0.008534
   0.7081    0.706    0.01614
   -0.005403    -0.01744    0.9998
 Node:         53
  0.1258E+03  0.1304E+03  0.5063E+03  0.0000E+00
  -7.401E-16
  -2.998E-18
  -4.934E-16
   4.797E-17
   5.847E-17
  -9.869E-16
   -4.866E-16
   -7.314E-16
   -1.002E-15
   4.465358664206045E-16
   -7.399999999999999E-16
   2.104990261260132E-16
   0.0104    0.9931    0.1171
   -0.9836    0.03123    -0.1776
   -0.18    -0.1133    0.9771
 Node:         54
  0.1265E+03  0.1288E+03  0.5200E+03  0.0000E+00
  -9.869E-16
   3.598E-17
   4.934E-16
   0.0
  -7.496E-18
   4.934E-16
   5.014E-16
   4.864E-16
   -9.877E-16
   1.4816569474746847E-15
   3.3333333333314155E-20
   6.984597833010066E-16
   0.01758    0.7272    -0.6862
   0.01675    0.686    0.7274
   -0.9997    0.02428    1.229E-4
 Node:         55
  0.1381E+03  0.1168E+03  0.4524E+03  0.1033E-01
   0.02991
  -0.01681
   0.02138
  -0.005386
   0.0248
   0.01481
   0.05698
   0.02048
   -0.008049
   0.05645761543848624
   0.023137
   0.02661437515078396
   -0.5908    0.6604    0.4635
   0.7811    0.3243    0.5335
   -0.202    -0.6773    0.7074
 Node:         56
  0.1314E+03  0.1156E+03  0.4682E+03  0.1033E-01
   0.03156
  -0.02126
   0.0214
  -0.01711
   0.01328
   0.01778
   0.06237
   0.006274
   0.004565
   0.05696972846170149
   0.024402999999999998
   0.026855787545083585
   -0.7168    0.5424    0.4381
   0.3019    -0.3249    0.8963
   0.6285    0.7748    0.06914
 Node:         57
  0.1285E+03  0.1140E+03  0.4823E+03  0.1033E-01
   0.02833
  -0.008204
   0.02124
  -0.005044
   0.003519
   0.02063
   0.03661
   0.01798
   0.01568
   0.01988003772632235
   0.023423333333333334
   0.009371539657684618
   -0.7792    0.5113    0.3625
   -0.3403    0.1405    -0.9297
   -0.5263    -0.8478    0.06457
 Node:         58
  0.1477E+03  0.1177E+03  0.4526E+03  0.1033E-01
   0.02965
  -0.01654
   0.02292
  -0.002512
   0.01608
   0.009988
   0.05117
   0.01811
   -0.002726
   0.047073778858298596
   0.02218466666666667
   0.02219079216451925
   -0.687    0.6624    0.2987
   0.6814    0.4445    0.5814
   -0.2524    -0.603    0.7568
 Node:         59
  0.1415E+03  0.1166E+03  0.4688E+03  0.1033E-01
   0.03402
  -0.03212
   0.02271
  -0.0351
   0.02705
   0.01766
   0.09477
   -0.003754
   -0.009713
   0.10163460421037708
   0.027101
   0.047911011893578985
   -0.6835    0.5328    0.4989
   0.4919    0.8412    -0.2245
   -0.5393    0.092    -0.8371
 Node:         60
  0.1374E+03  0.1150E+03  0.4832E+03  0.1033E-01
   0.02963
  -0.01585
   0.02183
  -0.01662
   0.01083
   0.0213
   0.05549
   0.01059
   0.007694
   0.04641580782449013
   0.024591333333333337
   0.021880621644632392
   -0.6967    0.5084    0.5062
   -0.1467    -0.7916    0.5931
   0.7023    0.339    0.626
 Node:         61
  0.1547E+03  0.1220E+03  0.4529E+03  0.1033E-01
   0.03263
  -0.01293
   0.01982
   0.01283
  -0.02213
   0.01611
   0.05751
   0.0181
   -0.004029
   0.053990227180481465
   0.02386033333333333
   0.0254512371714138
   -0.6629    0.5567    -0.5006
   0.7484    0.5117    -0.422
   -0.0212    0.6544    0.7558
 Node:         62
  0.1488E+03  0.1202E+03  0.4695E+03  0.1033E-01
   0.0363
  -0.05368
   0.02279
  -0.03543
   0.0151
   0.02444
   0.1073
   0.009868
   -0.02607
   0.11952424726389203
   0.030366000000000004
   0.05634427050434381
   -0.7294    0.5427    0.4165
   0.1216    -0.4963    0.8596
   0.6732    0.6776    0.2961
 Node:         63
  0.1436E+03  0.1181E+03  0.4838E+03  0.1033E-01
   0.0291
  -0.02686
   0.02378
  -0.01362
   0.01899
   0.0221
   0.06782
   0.01127
   -0.002101
   0.06428698306033656
   0.025663000000000002
   0.030305174442659132
   -0.6415    0.6168    0.456
   0.5538    -0.0389    0.8317
   -0.5308    -0.7861    0.3167
 Node:         64
  0.1410E+03  0.1253E+03  0.4521E+03  0.1033E-01
   0.02324
  -0.02276
   0.02608
  -0.001176
   0.001842
   0.01678
   0.05017
   0.01619
   0.001829
   0.042998436029697634
   0.022729666666666665
   0.020269657131343443
   -0.6742    0.7356    0.06591
   0.06498    -0.02981    0.9974
   0.7357    0.6768    -0.0277
 Node:         65
  0.1339E+03  0.1229E+03  0.4681E+03  0.1033E-01
   0.02827
  -0.03793
   0.02423
  -0.01057
   0.00392
   0.01825
   0.07022
   0.0161
   -0.01205
   0.07242150854545906
   0.024756666666666666
   0.03413982653083574
   -0.7298    0.6542    0.1986
   0.04238    -0.2466    0.9682
   0.6823    0.715    0.1523
 Node:         66
  0.1299E+03  0.1214E+03  0.4825E+03  0.1033E-01
   0.02836
  -0.01142
   0.02171
  -0.004613
   0.00357
   0.02059
   0.03938
   0.01846
   0.01297
   0.024137881017189555
   0.023603333333333334
   0.011378706233819182
   -0.765    0.5704    0.2991
   0.2483    -0.1674    0.9541
   0.5943    0.8042    -0.01353
 Node:         67
  0.1495E+03  0.1244E+03  0.4525E+03  0.1033E-01
   0.02517
  -0.01761
   0.02577
  -6.374E-4
   0.004796
   0.01099
   0.04714
   0.01192
   0.006018
   0.03851169230246835
   0.021692666666666666
   0.018154585854696755
   -0.6796    0.7253    0.1097
   -0.5007    -0.3494    -0.792
   -0.5361    -0.5932    0.6006
 Node:         68
  0.1429E+03  0.1223E+03  0.4688E+03  0.1033E-01
   0.03282
  -0.04079
   0.0251
  -0.02746
   0.01165
   0.01531
   0.08832
   0.007131
   -0.01583
   0.09477891047590703
   0.026540333333333332
   0.044679206873991045
   -0.7288    0.5806    0.363
   -0.01287    -0.5417    0.8405
   0.6846    0.6079    0.4022
 Node:         69
  0.1379E+03  0.1205E+03  0.4831E+03  0.1033E-01
   0.02982
  -0.01667
   0.022
  -0.01296
   0.007745
   0.02065
   0.05185
   0.01343
   0.007976
   0.04141720893541717
   0.02441866666666667
   0.019524259530702366
   -0.7242    0.5338    0.4366
   0.1212    -0.5247    0.8426
   0.6788    0.6632    0.3153
 Node:         70
  0.1549E+03  0.1241E+03  0.4529E+03  0.1033E-01
   0.02702
  -0.02303
   0.02426
  -0.01394
   0.01111
   0.008148
   0.06081
   0.003568
   5.084E-4
   0.05883149955049591
   0.021628800000000004
   0.02773343485301932
   -0.6975    0.6417    0.319
   0.4526    0.7396    -0.4982
   -0.5556    -0.2031    -0.8063
 Node:         71
  0.1490E+03  0.1221E+03  0.4695E+03  0.1033E-01
   0.03699
  -0.03513
   0.02446
  -0.05472
   0.0215
   0.01593
   0.1119
   0.00403
   -0.0277
   0.1267495360938256
   0.029410000000000002
   0.05975030432279543
   -0.7281    0.4566    0.5113
   -0.2484    -0.8709    0.4241
   0.6389    0.1818    0.7475
 Node:         72
  0.1434E+03  0.1199E+03  0.4837E+03  0.1033E-01
   0.03146
  -0.01744
   0.02176
  -0.02279
   0.01012
   0.02108
   0.06211
   0.01176
   0.002044
   0.05584553479016921
   0.025304666666666666
   0.026325837566078605
   -0.7231    0.4568    0.518
   -0.1823    -0.8496    0.4949
   0.6662    0.2634    0.6977
 Node:         73
  0.1439E+03  0.1339E+03  0.4517E+03  0.0000E+00
   0.0125
   4.611E-4
  -0.004228
  -0.008609
   0.006794
   4.097E-4
   0.01804
   0.001833
   -0.01018
   0.024529038077348245
   0.003231000000000001
   0.011563099440317318
   -0.8666    0.1323    0.4811
   0.4282    0.6921    0.581
   0.2562    -0.7095    0.6565
 Node:         74
  0.1364E+03  0.1303E+03  0.4680E+03  0.0000E+00
   0.01745
   0.02885
  -4.334E-4
   0.006234
   0.01129
   0.002526
   0.0436
   2.692E-4
   -0.02165
   0.0575133552198096
   0.0074064
   0.027112055656478725
   -0.7714    -0.574    -0.2749
   -0.353    0.02661    0.9352
   -0.5295    0.8185    -0.2232
 Node:         75
  0.1313E+03  0.1288E+03  0.4826E+03  0.0000E+00
   0.01111
   0.01152
   2.995E-4
   0.003191
   0.001668
   3.545E-4
   0.01946
   -3.121E-4
   -0.006889
   0.02375354029423825
   0.004086300000000001
   0.011197526279495842
   -0.8354    -0.5178    -0.1845
   -0.1321    -0.1367    0.9818
   -0.5336    0.8445    0.04578
 Node:         76
  0.1512E+03  0.1310E+03  0.4523E+03  0.0000E+00
   0.01112
  -0.003603
  -0.004078
  -0.009558
   0.001167
  -9.133E-4
   0.01775
   -0.00431
   -0.006438
   0.023197320190056433
   0.0023339999999999997
   0.010935321607829679
   -0.8694    0.1699    0.464
   0.02814    -0.9205    0.3897
   0.4933    0.3519    0.7955
 Node:         77
  0.1443E+03  0.1281E+03  0.4687E+03  0.0000E+00
   0.01983
   0.02654
  -4.815E-4
   0.00769
   0.004994
   0.001023
   0.04193
   -0.001068
   -0.01783
   0.05339030927050339
   0.007677333333333335
   0.025168433156546627
   -0.816    -0.5351    -0.2185
   -0.1715    -0.1369    0.9756
   -0.552    0.8336    0.01997
 Node:         78
  0.1384E+03  0.1261E+03  0.4829E+03  0.0000E+00
   0.0119
   0.01404
   3.429E-4
   0.004526
   0.00203
   2.442E-4
   0.02288
   -7.385E-4
   -0.008928
   0.02860638317316609
   0.0044045
   0.013485178351310995
   -0.821    -0.5304    -0.2115
   -0.122    -0.1989    0.9724
   -0.5578    0.8241    0.09852
 Node:         79
  0.1552E+03  0.1261E+03  0.4529E+03  0.0000E+00
   0.008911
  -0.008155
  -0.01424
  -0.02669
   0.001687
  -0.002076
   0.03522
   -0.01322
   -0.02586
   0.05584339531224798
   -0.0012866666666666675
   0.026324829006514408
   0.7824    -0.1531    -0.6037
   -0.07495    0.9391    -0.3353
   0.6183    0.3075    0.7233
 Node:         80
  0.1492E+03  0.1240E+03  0.4695E+03  0.0000E+00
   0.02273
   0.005294
  -0.008902
   0.01609
   0.006869
   1.576E-4
   0.03554
   -0.005391
   -0.0121
   0.04466501450800167
   0.0060163333333333345
   0.021055289760269005
   -0.8759    -0.1774    -0.4487
   -0.4509    0.6319    0.6304
   -0.1717    -0.7545    0.6335
 Node:         81
  0.1433E+03  0.1217E+03  0.4837E+03  0.0000E+00
   0.01297
   0.01053
  -7.661E-4
   0.01645
   0.004717
   7.159E-4
   0.02964
   -0.004333
   -0.01112
   0.037825954700443455
   0.004729
   0.01783132604902582
   -0.7865    -0.3532    -0.5066
   0.1099    -0.8873    0.448
   -0.6077    0.2967    0.7366
 Node:         82
  0.1267E+03  0.1148E+03  0.4556E+03  0.1741E-01
   0.04421
  -0.01889
   0.03403
  -0.007295
  -0.001987
   0.03376
   0.06167
   0.0346
   0.01688
   0.03906998464294554
   0.03771666666666667
   0.018417767387920708
   -0.8125    0.5557    0.1759
   -0.07248    -0.3958    0.9155
   0.5784    0.7311    0.3619
 Node:         83
  0.1234E+03  0.1129E+03  0.4716E+03  0.1741E-01
   0.04234
  -0.01461
   0.03417
  -0.0161
   0.001149
   0.03532
   0.06285
   0.03327
   0.01674
   0.04046201552073253
   0.03762000000000001
   0.019073977036790205
   -0.7661    0.4187    0.4876
   0.03272    -0.7323    0.6802
   0.6418    0.5371    0.5473
 Node:         84
  0.1187E+03  0.1123E+03  0.4849E+03  0.1741E-01
   0.04133
  -0.00137
   0.03476
  -0.004492
   2.28E-4
   0.03545
   0.0441
   0.03453
   0.0328
   0.010542006450386946
   0.037143333333333334
   0.004969549498920623
   -0.8657    0.1415    0.4801
   0.02422    -0.9463    0.3225
   0.5    0.2908    0.8158
 Node:         85
  0.1302E+03  0.1161E+03  0.4543E+03  0.1741E-01
   0.04461
  -0.02146
   0.03407
  -0.007107
  -0.003824
   0.03287
   0.06459
   0.03472
   0.01392
   0.04411522299614952
   0.03774333333333333
   0.020796115556089366
   -0.8099    0.5757    0.1129
   -0.1415    -0.3784    0.9148
   0.5693    0.7249    0.3878
 Node:         86
  0.1252E+03  0.1138E+03  0.4699E+03  0.1741E-01
   0.04006
  -0.01466
   0.03769
  -0.03521
   0.005297
   0.03488
   0.08057
   0.03418
   0.001007
   0.06921976234429009
   0.038585666666666664
   0.032630508897179174
   -0.7164    0.3495    0.6038
   -0.1371    -0.9191    0.3694
   0.684    0.1819    0.7064
 Node:         87
  0.1217E+03  0.1126E+03  0.4833E+03  0.1741E-01
   0.04159
  -0.001102
   0.03477
  -0.007141
   8.97E-4
   0.03554
   0.04684
   0.03435
   0.0306
   0.014727528645363419
   0.037263333333333336
   0.006942623583503734
   -0.8223    0.1195    0.5563
   -0.1175    -0.9923    0.03937
   0.5567    -0.03302    0.83
 Node:         88
  0.1338E+03  0.1169E+03  0.4526E+03  0.1741E-01
   0.04307
  -0.02174
   0.03487
  -0.007229
   0.005409
   0.03384
   0.06607
   0.03055
   0.0165
   0.04425075027612527
   0.03770666666666667
   0.020860003728560447
   -0.7522    0.5981    0.2766
   0.1975    -0.1958    0.9605
   0.6287    0.7771    0.02917
 Node:         89
  0.1270E+03  0.1150E+03  0.4682E+03  0.1741E-01
   0.04433
  -0.01825
   0.03475
  -0.01861
   0.001488
   0.03489
   0.06895
   0.03268
   0.01352
   0.04876014458551163
   0.03838333333333333
   0.02298575259203453
   -0.7745    0.4422    0.4523
   0.002632    -0.7128    0.7014
   0.6325    0.5445    0.5509
 Node:         90
  0.1248E+03  0.1132E+03  0.4821E+03  0.1741E-01
   0.04201
  -0.005863
   0.03509
  -0.004507
   0.002341
   0.03501
   0.04786
   0.03271
   0.03143
   0.015828862877667493
   0.037333333333333336
   0.007461797519513795
   -0.808    0.4537    0.3759
   0.2454    -0.3209    0.9148
   0.5357    0.8313    0.148
 Node:         91
  0.1258E+03  0.1259E+03  0.4543E+03  0.1741E-01
   0.03773
  -0.03478
   0.03814
  -0.01324
   0.001572
   0.03355
   0.07926
   0.03317
   9.132E-4
   0.06820194394766178
   0.03778106666666667
   0.0321507047036643
   -0.7039    0.6709    0.2331
   -0.02465    -0.3511    0.936
   0.7098    0.6532    0.2637
 Node:         92
  0.1208E+03  0.1231E+03  0.4723E+03  0.1741E-01
   0.04238
  -0.02401
   0.03468
  -0.02034
  -2.162E-4
   0.03467
   0.07286
   0.03468
   0.006461
   0.057718504667047636
   0.03800033333333333
   0.027208764033344518
   -0.7631    0.4933    0.4174
   -0.001249    -0.6471    0.7624
   0.6462    0.5813    0.4944
 Node:         93
  0.1159E+03  0.1217E+03  0.4876E+03  0.1741E-01
   0.04191
   2.675E-4
   0.03467
  -0.009551
  -0.003912
   0.0354
   0.0498
   0.03526
   0.02695
   0.02003235133477845
   0.037336666666666664
   0.009443340981288817
   -0.7858    -0.1751    0.5931
   -0.3707    0.9011    -0.225
   -0.495    -0.3967    -0.773
 Node:         94
  0.1311E+03  0.1261E+03  0.4533E+03  0.1741E-01
   0.03677
  -0.03427
   0.03887
  -0.008843
  -0.001772
   0.03274
   0.07688
   0.03399
   0.00161
   0.06539720712691025
   0.03749333333333333
   0.030828539086732967
   -0.6952    0.7104    0.1094
   -0.1028    -0.2489    0.9631
   0.7114    0.6583    0.2461
 Node:         95
  0.1249E+03  0.1233E+03  0.4704E+03  0.1741E-01
   0.04359
  -0.02172
   0.03591
  -0.02308
   0.001526
   0.03277
   0.0748
   0.03252
   0.007414
   0.05898636550932766
   0.03824466666666667
   0.027806439366129244
   -0.7644    0.4723    0.4388
   -0.07224    -0.7391    0.6697
   0.6407    0.4802    0.5991
 Node:         96
  0.1205E+03  0.1222E+03  0.4851E+03  0.1741E-01
   0.04254
  -0.001193
   0.03485
  -0.01122
  -5.841E-4
   0.03496
   0.05137
   0.03469
   0.02633
   0.022080688395065946
   0.03746333333333333
   0.010408936331612157
   -0.8192    0.0391    0.5722
   0.05122    -0.9887    0.1409
   0.5713    0.1447    0.8079
 Node:         97
  0.1366E+03  0.1259E+03  0.4522E+03  0.1741E-01
   0.03775
  -0.02767
   0.03924
  -0.0105
  -9.396E-4
   0.03196
   0.07108
   0.03327
   0.007738
   0.05519822500769387
   0.03736266666666666
   0.02602069280826747
   -0.6945    0.6997    0.1676
   -0.1377    -0.3579    0.9235
   0.7062    0.6183    0.3449
 Node:         98
  0.1294E+03  0.1232E+03  0.4683E+03  0.1741E-01
   0.04255
  -0.0351
   0.03707
  -0.01864
   4.112E-4
   0.0328
   0.08375
   0.03268
   -3.697E-4
   0.07340487551307474
   0.03868676666666667
   0.03460339016496634
   -0.7464    0.6044    0.2786
   -0.05581    -0.474    0.8788
   0.6631    0.6404    0.3875
 Node:         99
  0.1260E+03  0.1218E+03  0.4827E+03  0.1741E-01
   0.04232
  -0.009001
   0.03535
  -0.006073
   0.002555
   0.03482
   0.05176
   0.03232
   0.02839
   0.021673894435472366
   0.03749
   0.010217171820029259
   -0.7832    0.5045    0.3635
   0.09494    -0.4807    0.8717
   0.6145    0.7172    0.3286
 Node:        100
  0.1249E+03  0.1371E+03  0.4529E+03  0.0000E+00
   0.01383
   0.005869
  -0.002332
  -0.00804
  -0.003937
   0.003085
   0.02082
   -0.001075
   -0.004415
   0.023741860184071508
   0.005110000000000001
   0.011192020222759905
   -0.8439    -0.2899    0.4514
   -0.513    0.1903    -0.837
   -0.1567    0.938    0.3093
 Node:        101
  0.1186E+03  0.1335E+03  0.4715E+03  0.0000E+00
   0.01277
   0.01326
   1.591E-4
   0.01026
   0.007329
   0.005308
   0.02843
   -0.001564
   -0.007894
   0.033609090377455915
   0.006324000000000001
   0.015843477143607083
   -0.7423    -0.4683    -0.4793
   -0.4534    -0.1756    0.8738
   -0.4934    0.866    -0.08196
 Node:        102
  0.1139E+03  0.1312E+03  0.4875E+03  0.0000E+00
   0.00832
   0.009851
   8.868E-4
   0.008669
   0.006783
   9.842E-4
   0.02144
   -0.00467
   -0.006099
   0.026853032063437456
   0.003557
   0.01265864071165094
   -0.7205    -0.5064    -0.4737
   -0.6001    0.113    0.7919
   0.3475    -0.8548    0.3853
 Node:        103
  0.1321E+03  0.1362E+03  0.4522E+03  0.0000E+00
   0.01372
   0.003556
  -0.004545
  -0.009413
  -0.004208
   0.003418
   0.02112
   -0.001421
   -0.006028
   0.02516282013209171
   0.004557
   0.011861867166119618
   -0.8394    -0.2003    0.5053
   -0.541    0.3961    -0.7418
   0.0516    0.8961    0.4409
 Node:        104
  0.1249E+03  0.1329E+03  0.4699E+03  0.0000E+00
   0.01429
   0.01708
  -0.001588
   0.01097
   0.009306
   0.005741
   0.03336
   -0.001507
   -0.01203
   0.041150293546948116
   0.006607666666666667
   0.019398434409909363
   -0.7437    -0.4828    -0.4623
   0.4694    0.1151    -0.8754
   -0.4759    0.8681    -0.141
 Node:        105
  0.1200E+03  0.1317E+03  0.4853E+03  0.0000E+00
   0.009331
   0.0105
   5.28E-4
   0.009565
   0.006321
   9.257E-4
   0.02281
   -0.0051
   -0.006338
   0.0285491387610905
   0.0037906666666666666
   0.013458193076668535
   -0.7412    -0.4847    -0.4644
   -0.369    -0.2837    0.8851
   -0.5608    0.8274    0.03143
 Node:        106
  0.1394E+03  0.1350E+03  0.4517E+03  0.0000E+00
   0.01302
   0.001233
  -0.006737
  -0.009549
   1.437E-4
   0.002467
   0.01962
   -0.00305
   -0.006483
   0.024567061260964855
   0.003362333333333333
   0.011581023740969055
   -0.8656    -0.03764    0.4993
   -0.4808    -0.2162    -0.8498
   -0.1399    0.9756    -0.1691
 Node:        107
  0.1319E+03  0.1314E+03  0.4682E+03  0.0000E+00
   0.01647
   0.02432
  -0.00247
   0.0094
   0.00972
   0.004233
   0.0394
   -5.715E-4
   -0.01826
   0.051162874452575474
   0.006856166666666666
   0.02411841031360806
   -0.7719    -0.5272    -0.3552
   -0.3671    -0.08649    0.9261
   -0.519    0.8453    -0.1268
 Node:        108
  0.1272E+03  0.1303E+03  0.4831E+03  0.0000E+00
   0.01053
   0.01088
   2.668E-4
   0.005701
   0.002858
   5.053E-4
   0.01988
   -0.00151
   -0.006578
   0.02432326548800551
   0.003930666666666666
   0.011466097311446278
   -0.8108    -0.4955    -0.3116
   -0.1993    -0.2668    0.9429
   -0.5504    0.8266    0.1175
 Node:        109
  0.1018E+03  0.1092E+03  0.4946E+03 -0.4496E-04
  -8.991E-5
   2.399E-16
  -8.991E-5
   9.596E-17
  -2.399E-17
  -8.991E-5
   -8.991E-5
   -8.991E-5
   -8.991E-5
   0.0
   -8.991E-5
   0.0
   -0.3792    -0.925    -0.02399
   0.48    -0.2188    0.8495
   0.7911    -0.3106    -0.527
 Node:        110
  0.1058E+03  0.1118E+03  0.5081E+03 -0.4496E-04
  -8.991E-5
   4.798E-17
  -8.991E-5
  -2.399E-17
  -8.996E-17
  -8.991E-5
   -8.991E-5
   -8.991E-5
   -8.991E-5
   0.0
   -8.991E-5
   0.0
   -0.02839    -0.09122    0.9954
   0.735    0.673    0.08264
   -0.6775    0.734    0.04794
 Node:        111
  0.1108E+03  0.1137E+03  0.5210E+03 -0.4496E-04
  -8.991E-5
   9.596E-17
  -8.991E-5
  -4.798E-17
   5.637E-16
  -8.991E-5
   -8.991E-5
   -8.991E-5
   -8.991E-5
   0.0
   -8.991E-5
   0.0
   0.9393    0.3169    0.1318
   0.3364    -0.7738    -0.5367
   -0.06808    0.5484    -0.8334
 Node:        112
  0.1072E+03  0.1111E+03  0.4942E+03 -0.4496E-04
  -8.991E-5
   2.399E-16
  -8.991E-5
  -6.927E-37
   2.399E-17
  -8.991E-5
   -8.991E-5
   -8.991E-5
   -8.991E-5
   0.0
   -8.991E-5
   0.0
   0.3759    0.9265    0.01672
   0.9266    -0.3757    -0.01402
   0.006711    -0.02076    0.9998
 Node:        113
  0.1071E+03  0.1139E+03  0.5077E+03 -0.4496E-04
  -8.991E-5
   9.143E-36
  -8.991E-5
   2.879E-16
  -2.639E-16
  -8.991E-5
   -8.991E-5
   -8.991E-5
   -8.991E-5
   0.0
   -8.991E-5
   0.0
   -0.1654    0.6537    -0.7385
   -0.2298    -0.7537    -0.6158
   -0.9591    0.06786    0.2748
 Node:        114
  0.1093E+03  0.1164E+03  0.5209E+03 -0.4496E-04
  -8.991E-5
   1.919E-16
  -8.991E-5
  -4.798E-17
   9.596E-17
  -8.991E-5
   -8.991E-5
   -8.991E-5
   -8.991E-5
   0.0
   -8.991E-5
   0.0
   -0.6573    -0.7285    -0.1931
   -0.4203    0.1416    0.8963
   0.6256    -0.6703    0.3993
 Node:        115
  0.1129E+03  0.1120E+03  0.4932E+03 -0.4496E-04
  -8.991E-5
  -8.312E-37
  -8.991E-5
  -1.439E-16
  -4.798E-17
  -8.991E-5
   -8.991E-5
   -8.991E-5
   -8.991E-5
   0.0
   -8.991E-5
   0.0
   0.6708    0.2235    -0.7072
   0.3161    -0.9487    -3.96E-7
   -0.6709    -0.2236    -0.707
 Node:        116
  0.1092E+03  0.1143E+03  0.5068E+03 -0.4496E-04
  -8.991E-5
   8.996E-17
  -8.991E-5
   2.879E-16
   3.598E-17
  -8.991E-5
   -8.991E-5
   -8.991E-5
   -8.991E-5
   0.0
   -8.991E-5
   0.0
   -0.223    -0.9699    -0.09796
   0.8805    -0.2435    0.4067
   -0.4183    0.004431    0.9083
 Node:        117
  0.1089E+03  0.1172E+03  0.5207E+03 -0.4496E-04
  -8.991E-5
  -1.199E-16
  -8.991E-5
  -2.399E-16
  -2.879E-16
  -8.991E-5
   -8.991E-5
   -8.991E-5
   -8.991E-5
   0.0
   -8.991E-5
   0.0
   -0.232    -0.2201    0.9475
   -0.8739    0.475    -0.1036
   -0.4272    -0.852    -0.3026
 Node:        118
  0.1017E+03  0.1094E+03  0.4948E+03 -0.4496E-04
  -8.991E-5
   1.439E-16
  -8.991E-5
  -2.399E-16
  -3.119E-16
  -8.991E-5
   -8.991E-5
   -8.991E-5
   -8.991E-5
