 Group name: gastroc_stress
 #Fields=  16
 1) coordinates, coordinate, rectangular cartesian, #Components=3
   x.  Value index= 1, #Derivatives=0
   y.  Value index= 2, #Derivatives=0
   z.  Value index= 3, #Derivatives=0
 2) Tensor_1, field, rectangular cartesian, #Components=1
   Tensor_1.  Value index= 4, #Derivatives=0
 3) Tensor_2, field, rectangular cartesian, #Components=1
   Tensor_2.  Value index= 5, #Derivatives=0
 4) Tensor_3, field, rectangular cartesian, #Components=1
   Tensor_3.  Value index= 6, #Derivatives=0
 5) Tensor_4, field, rectangular cartesian, #Components=1
   Tensor_4.  Value index= 7, #Derivatives=0
 6) Tensor_5, field, rectangular cartesian, #Components=1
   Tensor_5.  Value index= 8, #Derivatives=0
 7) Tensor_6, field, rectangular cartesian, #Components=1
   Tensor_6.  Value index= 9, #Derivatives=0
 8) Principal_1, field, rectangular cartesian, #Components=1
   Principal_1.  Value index= 10, #Derivatives=0
 9) Principal_2, field, rectangular cartesian, #Components=1
   Principal_2.  Value index= 11, #Derivatives=0
 10) Principal_3, field, rectangular cartesian, #Components=1
   Principal_3.  Value index= 12, #Derivatives=0
 11) VonMises, field, rectangular cartesian, #Components=1
   VonMises.  Value index= 13, #Derivatives=0
 12) Hydrostatic, field, rectangular cartesian, #Components=1
   VonMises.  Value index= 14, #Derivatives=0
 13) Octahedral, field, rectangular cartesian, #Components=1
   VonMises.  Value index= 15, #Derivatives=0
 14) PrincipalVector1, field, rectangular cartesian, #Components=3
   x.  Value index= 16, #Derivatives=0
   y.  Value index= 17, #Derivatives=0
   z.  Value index= 18, #Derivatives=0
 15) PrincipalVector2, field, rectangular cartesian, #Components=3
   x.  Value index= 19, #Derivatives=0
   y.  Value index= 20, #Derivatives=0
   z.  Value index= 21, #Derivatives=0
 16) PrincipalVector3, field, rectangular cartesian, #Components=3
   x.  Value index= 22, #Derivatives=0
   y.  Value index= 23, #Derivatives=0
   z.  Value index= 24, #Derivatives=0
 Node:          1
  0.1287E+03  0.1133E+03  0.4908E+03 -0.1169E-04
  -2.337E-5
  -1.439E-16
  -2.337E-5
  -4.797E-17
  -7.196E-17
  -2.337E-5
   -2.337E-5
   -2.337E-5
   -2.337E-5
   0.0
   -2.337E-5
   0.0
   0.966    -0.2571    -0.02712
   0.2489    0.9532    -0.1718
   0.07002    0.1592    0.9848
 Node:          2
  0.1292E+03  0.1137E+03  0.5052E+03 -0.1169E-04
  -2.337E-5
  -1.919E-16
  -2.337E-5
  -9.595E-17
   3.358E-16
  -2.337E-5
   -2.337E-5
   -2.337E-5
   -2.337E-5
   0.0
   -2.337E-5
   0.0
   0.895    -0.3984    -0.2008
   0.4461    0.7982    0.4048
   -9.599E-4    -0.4518    0.8921
 Node:          3
  0.1289E+03  0.1155E+03  0.5194E+03 -0.1169E-04
  -2.337E-5
   2.399E-16
  -2.337E-5
   1.919E-16
   9.595E-17
  -2.337E-5
   -2.337E-5
   -2.337E-5
   -2.337E-5
   0.0
   -2.337E-5
   0.0
   -0.4092    -0.8757    -0.2565
   0.496    -0.4494    0.743
   0.7659    -0.1767    -0.6182
 Node:          4
  0.1361E+03  0.1141E+03  0.4915E+03 -0.1169E-04
  -2.337E-5
  -4.797E-17
  -2.337E-5
  -4.797E-17
  -1.439E-16
  -2.337E-5
   -2.337E-5
   -2.337E-5
   -2.337E-5
   0.0
   -2.337E-5
   0.0
   -0.04308    -0.0943    0.9946
   -0.9939    0.1055    -0.03304
   -0.1018    -0.9899    -0.09826
 Node:          5
  0.1341E+03  0.1144E+03  0.5054E+03 -0.1169E-04
  -2.337E-5
   2.399E-16
  -2.337E-5
   9.595E-17
  -1.199E-16
  -2.337E-5
   -2.337E-5
   -2.337E-5
   -2.337E-5
   0.0
   -2.337E-5
   0.0
   0.09699    -0.1794    0.979
   0.7185    0.6933    0.05584
   -0.6888    0.698    0.1961
 Node:          6
  0.1323E+03  0.1162E+03  0.5191E+03 -0.1169E-04
  -2.337E-5
   9.595E-17
  -2.337E-5
  -9.595E-17
  -4.797E-17
  -2.337E-5
   -2.337E-5
   -2.337E-5
   -2.337E-5
   0.0
   -2.337E-5
   0.0
   -0.715    -0.6928    0.09323
   0.693    -0.72    -0.03581
   0.09194    0.039    0.995
 Node:          7
  0.1408E+03  0.1171E+03  0.4920E+03 -0.1169E-04
  -2.337E-5
   3.838E-16
  -2.337E-5
  -1.439E-16
  -1.919E-16
  -2.337E-5
   -2.337E-5
   -2.337E-5
   -2.337E-5
   0.0
   -2.337E-5
   0.0
   0.8641    0.487    -0.1268
   -0.5006    0.8577    -0.1173
   0.05165    0.1648    0.985
 Node:          8
  0.1367E+03  0.1169E+03  0.5055E+03 -0.1169E-04
  -2.337E-5
   3.358E-16
  -2.337E-5
  -6.956E-16
  -4.078E-16
  -2.337E-5
   -2.337E-5
   -2.337E-5
   -2.337E-5
   0.0
   -2.337E-5
   0.0
   -0.7205    -0.6269    0.2965
   0.6359    -0.7678    -0.0782
   0.2767    0.1322    0.9518
 Node:          9
  0.1339E+03  0.1180E+03  0.5191E+03 -0.1169E-04
  -2.337E-5
   2.878E-16
  -2.337E-5
  -6.836E-16
  -4.797E-16
  -2.337E-5
   -2.337E-5
   -2.337E-5
   -2.337E-5
   0.0
   -2.337E-5
   0.0
   0.3025    0.1645    -0.9388
   0.9346    0.1424    0.3261
   -0.1873    0.976    0.1107
 Node:         10
  0.1294E+03  0.1212E+03  0.4911E+03 -0.1169E-04
  -2.337E-5
   4.797E-17
  -2.337E-5
  -2.399E-17
   2.159E-16
  -2.337E-5
   -2.337E-5
   -2.337E-5
   -2.337E-5
   0.0
   -2.337E-5
   0.0
   0.02409    0.7089    0.7049
   0.1744    0.6913    -0.7012
   -0.9844    0.1398    -0.107
 Node:         11
  0.1295E+03  0.1214E+03  0.5055E+03 -0.1169E-04
  -2.337E-5
  -4.797E-17
  -2.337E-5
  -7.196E-17
   2.399E-17
  -2.337E-5
   -2.337E-5
   -2.337E-5
   -2.337E-5
   0.0
   -2.337E-5
   0.0
   -0.2763    0.1332    0.9518
   -0.5867    0.761    -0.2768
   0.7612    0.6349    0.1322
 Node:         12
  0.1295E+03  0.1217E+03  0.5196E+03 -0.1169E-04
  -2.337E-5
  -1.981E-37
  -2.337E-5
   1.319E-16
   4.797E-17
  -2.337E-5
   -2.337E-5
   -2.337E-5
   -2.337E-5
   0.0
   -2.337E-5
   0.0
   -0.2404    -0.0874    -0.9667
   -0.3417    0.9398    -3.177E-6
   -0.9086    -0.3303    0.2558
 Node:         13
  0.1361E+03  0.1199E+03  0.4914E+03 -0.1169E-04
  -2.337E-5
  -2.399E-16
  -2.337E-5
  -1.679E-16
   4.797E-17
  -2.337E-5
   -2.337E-5
   -2.337E-5
   -2.337E-5
   0.0
   -2.337E-5
   0.0
   0.9203    -0.37    -0.1273
   0.3697    0.9288    -0.02722
   0.1283    -0.02201    0.9915
 Node:         14
  0.1342E+03  0.1198E+03  0.5054E+03 -0.1169E-04
  -2.337E-5
   4.797E-17
  -2.337E-5
   9.595E-17
  -1.559E-16
  -2.337E-5
   -2.337E-5
   -2.337E-5
   -2.337E-5
   0.0
   -2.337E-5
   0.0
   0.09999    -0.2648    0.9591
   -0.2953    -0.9284    -0.2256
   -0.9502    0.2607    0.171
 Node:         15
  0.1330E+03  0.1205E+03  0.5193E+03 -0.1169E-04
  -2.337E-5
  -1.439E-16
  -2.337E-5
   2.399E-17
   8.395E-17
  -2.337E-5
   -2.337E-5
   -2.337E-5
   -2.337E-5
   0.0
   -2.337E-5
   0.0
   0.9934    -0.1134    0.01425
   -0.01885    -0.2856    -0.9582
   0.1127    0.9516    -0.2858
 Node:         16
  0.1404E+03  0.1188E+03  0.4918E+03 -0.1169E-04
  -2.337E-5
   9.595E-17
  -2.337E-5
  -1.439E-16
  -2.519E-16
  -2.337E-5
   -2.337E-5
   -2.337E-5
   -2.337E-5
   0.0
   -2.337E-5
   0.0
   -0.1502    -0.2388    0.9594
   -0.794    -0.549    -0.2609
   0.589    -0.801    -0.1072
 Node:         17
  0.1365E+03  0.1184E+03  0.5055E+03 -0.1169E-04
  -2.337E-5
   4.797E-17
  -2.337E-5
   1.679E-16
   2.938E-16
  -2.337E-5
   -2.337E-5
   -2.337E-5
   -2.337E-5
   0.0
   -2.337E-5
   0.0
   0.248    0.4017    0.8815
   0.9357    -0.3351    -0.1105
   -0.251    -0.8522    0.459
 Node:         18
  0.1341E+03  0.1191E+03  0.5192E+03 -0.1169E-04
  -2.337E-5
  -2.633E-37
  -2.337E-5
   4.573E-17
   1.84E-16
  -2.337E-5
   -2.337E-5
   -2.337E-5
   -2.337E-5
   0.0
   -2.337E-5
   0.0
   0.02286    0.09199    0.9955
   0.9707    -0.2403    -9.019E-5
   -0.2392    -0.9663    0.09479
 Node:         19
  0.1301E+03  0.1291E+03  0.4914E+03  0.0000E+00
   4.934E-16
   0.0
   4.934E-16
   3.631E-19
   1.731E-17
  -9.869E-16
   4.936E-16
   4.934E-16
   -9.871E-16
   1.4806000101310279E-15
   -3.3333333333314155E-20
   6.979615382590138E-16
   -0.02097    -0.9997    -0.01169
   -0.9998    0.02097    -8.123E-17
   2.452E-4    0.01169    -0.9999
 Node:         20
  0.1299E+03  0.1291E+03  0.5058E+03  0.0000E+00
   9.869E-16
   0.0
   0.0
   1.799E-17
   3.326E-17
  -2.467E-16
   9.871E-16
   4.4E-18
   -2.514E-16
   1.1324785163525177E-15
   2.467E-16
   5.338554923072971E-16
   -0.9999    -4.917E-4    -0.01459
   0.002401    -0.9914    -0.1311
   -0.0144    -0.1312    0.9913
 Node:         21
  0.1301E+03  0.1280E+03  0.5197E+03  0.0000E+00
   4.934E-16
   0.0
   0.0
   7.196E-17
   2.549E-17
   4.934E-16
   5.66E-16
   4.222E-16
   -1.341E-18
   5.108528305500519E-16
   3.28953E-16
   2.408183337801893E-16
   -0.7039    -0.03195    -0.7096
   -0.7102    0.04241    0.7027
   -0.007642    -0.9986    0.05255
 Node:         22
  0.1360E+03  0.1256E+03  0.4913E+03  0.0000E+00
  -9.869E-16
   2.399E-17
  -4.934E-16
  -2.399E-17
   1.739E-16
   4.934E-16
   5.234E-16
   -5.215E-16
   -9.888E-16
   1.3410693755358072E-15
   -3.2896666666666662E-16
   6.321861663219854E-16
   -0.01298    0.1683    0.9857
   0.05935    0.9841    -0.1672
   -0.9982    0.05633    -0.02276
 Node:         23
  0.1343E+03  0.1253E+03  0.5054E+03  0.0000E+00
   0.0
   3.598E-17
  -1.974E-15
   0.0
   2.271E-16
  -7.401E-16
   6.796E-19
   -6.997E-16
   -2.015E-15
   1.7724996366646057E-15
   -9.046734666666666E-16
   8.355643418241562E-16
   0.9998    0.01889    0.00579
   -0.009011    0.1753    0.9845
   0.01758    -0.9843    0.1754
 Node:         24
  0.1336E+03  0.1248E+03  0.5194E+03  0.0000E+00
  -9.869E-16
   2.099E-17
   0.0
   2.399E-17
   1.499E-18
  -7.401E-16
   4.516E-19
   -7.379E-16
   -9.896E-16
   8.912682384908372E-16
   -5.756827999999999E-16
   4.2014787686204007E-16
   -0.02132    -0.9998    -0.002714
   0.09549    -0.004739    0.9954
   -0.9952    0.02096    0.09557
 Node:         25
  0.1400E+03  0.1206E+03  0.4917E+03  0.0000E+00
   0.0
   4.617E-16
  -4.934E-16
  -1.439E-16
  -2.249E-16
   9.869E-16
   1.067E-15
   2.05E-16
   -7.785E-16
   1.5994040296310373E-15
   1.6449999999999999E-16
   7.539662901394642E-16
   -0.2161    -0.2016    0.9553
   0.839    0.4621    0.2874
   -0.4994    0.8636    0.06929
 Node:         26
  0.1363E+03  0.1200E+03  0.5055E+03  0.0000E+00
   9.869E-16
   1.859E-16
  -2.714E-15
   4.797E-17
  -1.943E-15
  -2.467E-16
   1.006E-15
   8.09E-16
   -3.789E-15
   4.699597748744035E-15
   -6.579999999999999E-16
   2.215411624657293E-15
   0.968    0.1526    -0.1995
   0.2481    -0.4578    0.8538
   -0.03892    0.8759    0.4809
 Node:         27
  0.1343E+03  0.1203E+03  0.5192E+03  0.0000E+00
   9.869E-16
  -3.358E-16
   9.869E-16
  -1.799E-16
   2.27E-15
   0.0
   2.89E-15
   9.15E-16
   -1.831E-15
   4.1066398673367985E-15
   6.58E-16
   1.9358885987232494E-15
   -0.1931    0.7658    0.6135
   0.9808    0.1345    0.1409
   0.02534    0.6289    -0.7771
 Node:         28
  0.1155E+03  0.1124E+03  0.4931E+03 -0.6907E-04
  -1.381E-4
   6.597E-17
  -1.381E-4
  -9.596E-17
   9.596E-17
  -1.381E-4
   -1.381E-4
   -1.381E-4
   -1.381E-4
   0.0
   -1.381E-4
   0.0
   0.02393    0.9835    0.1795
   0.07203    0.1774    -0.9815
   -0.9971    0.03642    -0.06659
 Node:         29
  0.1119E+03  0.1139E+03  0.5068E+03 -0.6907E-04
  -1.381E-4
  -3.599E-17
  -1.381E-4
   9.596E-17
   1.2E-17
  -1.381E-4
   -1.381E-4
   -1.381E-4
   -1.381E-4
   0.0
   -1.381E-4
   0.0
   -0.03582    0.9993    0.005798
   -0.9821    -0.03412    -0.1855
   -0.1852    -0.01234    0.9826
 Node:         30
  0.1113E+03  0.1159E+03  0.5206E+03 -0.6907E-04
  -1.381E-4
   2.159E-16
  -1.381E-4
   1.916E-36
  -4.798E-17
  -1.381E-4
   -1.381E-4
   -1.381E-4
   -1.381E-4
   0.0
   -1.381E-4
   0.0
   0.7037    0.7089    -0.04782
   -0.7087    0.6955    -0.1186
   -0.05079    0.1173    0.9918
 Node:         31
  0.1203E+03  0.1126E+03  0.4920E+03 -0.6907E-04
  -1.381E-4
   1.679E-16
  -1.381E-4
   4.798E-17
   7.197E-17
  -1.381E-4
   -1.381E-4
   -1.381E-4
   -1.381E-4
   0.0
   -1.381E-4
   0.0
   -0.7438    -0.4293    -0.5123
   0.5143    0.1219    -0.8489
   0.4269    -0.8949    0.1301
 Node:         32
  0.1188E+03  0.1134E+03  0.5062E+03 -0.6907E-04
  -1.381E-4
  -2.399E-17
  -1.381E-4
  -4.798E-17
   1.679E-16
  -1.381E-4
   -1.381E-4
   -1.381E-4
   -1.381E-4
   0.0
   -1.381E-4
   0.0
   0.9989    -0.02089    -0.04163
   0.04657    0.4512    0.8912
   1.689E-4    -0.8922    0.4517
 Node:         33
  0.1183E+03  0.1150E+03  0.5201E+03 -0.6907E-04
  -1.381E-4
   9.596E-17
  -1.381E-4
   1.439E-16
  -2.554E-36
  -1.381E-4
   -1.381E-4
   -1.381E-4
   -1.381E-4
   0.0
   -1.381E-4
   0.0
   0.9536    0.1669    0.2505
   5.567E-4    0.8312    -0.556
   -0.301    0.5303    0.7926
 Node:         34
  0.1255E+03  0.1129E+03  0.4909E+03 -0.6907E-04
  -1.381E-4
  -2.98E-36
  -1.381E-4
   9.596E-17
   1.679E-16
  -1.381E-4
   -1.381E-4
   -1.381E-4
   -1.381E-4
   0.0
   -1.381E-4
   0.0
   0.3509    0.6139    0.7071
   0.8682    -0.4962    -4.664E-5
   -0.3508    -0.6139    0.7071
 Node:         35
  0.1260E+03  0.1135E+03  0.5054E+03 -0.6907E-04
  -1.381E-4
   1.919E-16
  -1.381E-4
   1.919E-16
   4.318E-16
  -1.381E-4
   -1.381E-4
   -1.381E-4
   -1.381E-4
   0.0
   -1.381E-4
   0.0
   0.7459    0.4709    0.4709
   -0.666    0.5274    0.5275
   2.671E-5    -0.7071    0.7071
 Node:         36
  0.1257E+03  0.1153E+03  0.5196E+03 -0.6907E-04
  -1.381E-4
  -9.596E-17
  -1.381E-4
  -9.596E-17
   1.439E-16
  -1.381E-4
   -1.381E-4
   -1.381E-4
   -1.381E-4
   0.0
   -1.381E-4
   0.0
   -0.5155    0.606    0.6059
   0.8569    0.3644    0.3646
   -1.285E-4    -0.7071    0.7071
 Node:         37
  0.1132E+03  0.1210E+03  0.4959E+03 -0.6907E-04
  -1.381E-4
   2.399E-16
  -1.381E-4
  -1.439E-16
   3.119E-16
  -1.381E-4
   -1.381E-4
   -1.381E-4
   -1.381E-4
   0.0
   -1.381E-4
   0.0
   -0.5072    -0.7958    -0.3309
   0.7558    -0.2263    -0.6144
   0.4141    -0.5618    0.7162
 Node:         38
  0.1111E+03  0.1204E+03  0.5085E+03 -0.6907E-04
  -1.381E-4
   1.679E-16
  -1.381E-4
  -4.798E-17
  -1.439E-16
  -1.381E-4
   -1.381E-4
   -1.381E-4
   -1.381E-4
   0.0
   -1.381E-4
   0.0
   0.2119    0.9668    -0.1429
   0.9723    -0.2233    -0.06854
   0.09816    0.1244    0.9874
 Node:         39
  0.1119E+03  0.1201E+03  0.5207E+03 -0.6907E-04
  -1.381E-4
  -1.679E-16
  -1.381E-4
  -1.439E-16
  -1.319E-16
  -1.381E-4
   -1.381E-4
   -1.381E-4
   -1.381E-4
   0.0
   -1.381E-4
   0.0
   0.9213    -0.07989    -0.3805
   0.3607    -0.1892    0.9133
   -0.1449    -0.9787    -0.1455
 Node:         40
  0.1191E+03  0.1220E+03  0.4937E+03 -0.6907E-04
  -1.381E-4
   1.439E-16
  -1.381E-4
   1.439E-16
  -2.399E-17
  -1.381E-4
   -1.381E-4
   -1.381E-4
   -1.381E-4
   0.0
   -1.381E-4
   0.0
   -0.9817    -0.1345    -0.1345
   0.0    -0.7071    0.7071
   0.1902    -0.6942    -0.6942
 Node:         41
  0.1182E+03  0.1217E+03  0.5073E+03 -0.6907E-04
  -1.381E-4
  -4.798E-17
  -1.381E-4
   9.596E-17
   1.679E-16
  -1.381E-4
   -1.381E-4
   -1.381E-4
   -1.381E-4
   0.0
   -1.381E-4
   0.0
   -0.1538    -0.1966    -0.9684
   -0.962    0.2534    0.1013
   0.2254    0.9472    -0.2281
 Node:         42
  0.1187E+03  0.1212E+03  0.5204E+03 -0.6907E-04
  -1.381E-4
  -9.596E-17
  -1.381E-4
   1.703E-36
   9.596E-17
  -1.381E-4
   -1.381E-4
   -1.381E-4
   -1.381E-4
   0.0
   -1.381E-4
   0.0
   -0.01861    0.09765    0.995
   -0.9834    0.178    -0.03586
   -0.1806    -0.9792    0.09272
 Node:         43
  0.1258E+03  0.1217E+03  0.4915E+03 -0.6907E-04
  -1.381E-4
   1.919E-16
  -1.381E-4
  -2.399E-17
   8.513E-37
  -1.381E-4
   -1.381E-4
   -1.381E-4
   -1.381E-4
   0.0
   -1.381E-4
   0.0
   0.9458    0.3242    -0.01746
   -0.324    0.946    0.01157
   0.02026    -0.005287    0.9998
 Node:         44
  0.1259E+03  0.1220E+03  0.5059E+03 -0.6907E-04
  -1.381E-4
   2.399E-16
  -1.381E-4
   1.679E-16
   1.919E-16
  -1.381E-4
   -1.381E-4
   -1.381E-4
   -1.381E-4
   0.0
   -1.381E-4
   0.0
   -0.3605    -0.3834    -0.8503
   -0.6209    -0.5817    0.5255
   0.6961    -0.7174    0.02834
 Node:         45
  0.1261E+03  0.1221E+03  0.5198E+03 -0.6907E-04
  -1.381E-4
  -1.439E-16
  -1.381E-4
   4.798E-17
  -1.2E-17
  -1.381E-4
   -1.381E-4
   -1.381E-4
   -1.381E-4
   0.0
   -1.381E-4
   0.0
   0.06679    -0.01247    0.9977
   -0.9877    0.1408    0.06788
   -0.1413    -0.99    -0.002913
 Node:         46
  0.1117E+03  0.1296E+03  0.4959E+03  0.0000E+00
  -2.467E-16
   4.797E-17
  -7.401E-16
   1.199E-17
  -4.497E-17
   0.0
   3.057E-18
   -2.423E-16
   -7.476E-16
   6.629532710146319E-16
   -3.2894766666666664E-16
   3.125191690294995E-16
   0.03676    -0.058    0.9976
   0.9946    0.09864    -0.03092
   -0.09662    0.9934    0.06131
 Node:         47
  0.1107E+03  0.1269E+03  0.5087E+03  0.0000E+00
  -7.401E-16
  -5.397E-17
   4.934E-16
  -4.797E-17
   6.896E-17
   0.0
   5.058E-16
   -7.273E-18
   -7.452E-16
   1.0892155802819752E-15
   -8.222433333333333E-17
   5.1346114866095E-16
   -0.04821    0.9891    0.1394
   -0.05424    -0.142    0.9884
   -0.9974    -0.04009    -0.06049
 Node:         48
  0.1125E+03  0.1242E+03  0.5208E+03  0.0000E+00
   4.934E-16
   5.997E-18
   4.934E-16
   0.0
  -2.998E-18
   4.934E-16
   5.001E-16
   4.934E-16
   4.867E-16
   1.1604740410711462E-17
   4.934E-16
   5.470527092215756E-18
   -0.6325    -0.7071    0.3162
   0.4472    -2.276E-15    0.8944
   0.6325    -0.7071    -0.3162
 Node:         49
  0.1186E+03  0.1311E+03  0.4938E+03  0.0000E+00
  -7.401E-16
  -3.598E-17
   0.0
  -7.196E-17
  -1.049E-17
  -2.467E-16
   1.947E-18
   -2.366E-16
   -7.523E-16
   6.677348643803167E-16
   -3.2898433333333336E-16
   3.1477323375866775E-16
   0.04561    -0.9985    0.02894
   -0.143    0.02215    0.9895
   -0.9887    -0.04926    -0.1418
 Node:         50
  0.1180E+03  0.1298E+03  0.5075E+03  0.0000E+00
   0.0
  -2.249E-17
   1.48E-15
  -7.196E-17
   2.155E-17
   9.869E-16
   1.482E-15
   9.91E-16
   -5.513E-18
   1.3127859849072886E-15
   8.224956666666666E-16
   6.188532481164029E-16
   0.01739    -0.9988    -0.04603
   -0.07128    -0.04716    0.9963
   0.9973    0.01405    0.07201
 Node:         51
  0.1192E+03  0.1275E+03  0.5206E+03  0.0000E+00
   0.0
  -5.997E-18
  -2.467E-16
   0.0
   2.549E-17
   4.934E-16
   4.943E-16
   1.449E-19
   -2.477E-16
   6.54286006770747E-16
   8.22483E-17
   3.0843338148204166E-16
   -4.17E-4    0.03438    0.9994
   0.9997    -0.02416    0.001248
   0.02418    0.9991    -0.03436
 Node:         52
  0.1262E+03  0.1305E+03  0.4920E+03  0.0000E+00
   4.934E-16
  -2.399E-17
   4.934E-16
   2.249E-18
   8.48E-18
   0.0
   5.175E-16
   4.696E-16
   -1.6E-19
   4.95449666061044E-16
   3.2898E-16
   2.335572124055831E-16
   -0.7061    0.708    0.008534
   0.7081    0.706    0.01614
   -0.005403    -0.01744    0.9998
 Node:         53
  0.1258E+03  0.1304E+03  0.5063E+03  0.0000E+00
  -7.401E-16
  -2.998E-18
  -4.934E-16
   4.797E-17
   5.847E-17
  -9.869E-16
   -4.866E-16
   -7.314E-16
   -1.002E-15
   4.465358664206045E-16
   -7.399999999999999E-16
   2.104990261260132E-16
   0.0104    0.9931    0.1171
   -0.9836    0.03123    -0.1776
   -0.18    -0.1133    0.9771
 Node:         54
  0.1265E+03  0.1288E+03  0.5200E+03  0.0000E+00
  -9.869E-16
   3.598E-17
   4.934E-16
   0.0
  -7.496E-18
   4.934E-16
   5.014E-16
   4.864E-16
   -9.877E-16
   1.4816569474746847E-15
   3.3333333333314155E-20
   6.984597833010066E-16
   0.01758    0.7272    -0.6862
   0.01675    0.686    0.7274
   -0.9997    0.02428    1.229E-4
 Node:         55
  0.1382E+03  0.1168E+03  0.4529E+03  0.1141E-01
   0.06714
  -0.03586
   0.0326
  -0.004306
   0.05704
   0.02131
   0.1167
   0.04639
   -0.03371
   0.1303508231657936
   0.043126666666666674
   0.06144796732918745
   -0.569    0.6774    0.4662
   0.7948    0.3076    0.5231
   -0.211    -0.6682    0.7134
 Node:         56
  0.1314E+03  0.1156E+03  0.4686E+03  0.1141E-01
   0.06844
  -0.01953
   0.02799
   0.004109
   0.01679
   0.02009
   0.07623
   0.03815
   0.002932
   0.06349405770621375
   0.03910400000000001
   0.0299313858460758
   -0.8988    0.4317    0.07599
   0.3621    0.6334    0.6839
   0.2471    0.6422    -0.7257
 Node:         57
  0.1285E+03  0.1140E+03  0.4823E+03  0.1141E-01
   0.07306
   8.849E-4
   0.0232
   0.00216
  -0.001253
   0.02247
   0.07283
   0.02431
   0.02147
   0.0500005279972122
   0.03953666666666667
   0.02357047493982438
   -0.9989    -0.01715    -0.04344
   -0.01059    -0.8228    0.5683
   -0.04549    0.5681    0.8217
 Node:         58
  0.1481E+03  0.1180E+03  0.4526E+03  0.1141E-01
   0.06652
  -0.06494
   0.04251
  -0.01083
   0.03994
   0.01267
   0.1487
   0.01802
   -0.02777
   0.1586121801754203
   0.04631666666666667
   0.0747704987872148
   -0.695    0.6665    0.2697
   0.5797    0.2976    0.7585
   -0.4253    -0.6835    0.5932
 Node:         59
  0.1417E+03  0.1168E+03  0.4689E+03  0.1141E-01
   0.0715
  -0.07069
   0.0365
  -0.02758
   0.04076
   0.01812
   0.16
   0.007411
   -0.02564
   0.17151965065554442
   0.047257
   0.08085513872352208
   -0.7244    0.6067    0.3273
   0.531    0.1883    0.8262
   -0.4396    -0.7723    0.4585
 Node:         60
  0.1375E+03  0.1150E+03  0.4832E+03  0.1141E-01
   0.07497
  -0.02044
   0.02537
  -0.01065
   0.009753
   0.02297
   0.08635
   0.02422
   0.01329
   0.06825454343851403
   0.041286666666666666
   0.03217550034144336
   -0.9106    0.3545    0.2126
   0.387    0.5508    0.7395
   -0.145    -0.7556    0.6387
 Node:         61
  0.1551E+03  0.1226E+03  0.4521E+03  0.1141E-01
   0.07529
  -0.05321
   0.03098
  -0.0231
   0.02153
   0.008212
   0.1371
   0.002555
   -0.007853
   0.1400393796365865
   0.043934
   0.06601519664945842
   -0.8048    0.5443    0.2367
   0.4715    0.3441    0.812
   -0.3605    -0.7651    0.5335
 Node:         62
  0.1491E+03  0.1205E+03  0.4691E+03  0.1141E-01
   0.08446
  -0.126
   0.03549
  -0.05019
   0.04122
   0.01704
   0.2458
   -0.004166
   -0.06365
   0.2844122447364037
   0.05932799999999999
   0.13407321793706603
   -0.7701    0.5749    0.2765
   0.2254    -0.1602    0.961
   0.5968    0.8023    -0.006187
 Node:         63
  0.1436E+03  0.1181E+03  0.4838E+03  0.1141E-01
   0.07757
  -0.04494
   0.0281
  -0.01278
   0.01835
   0.02277
   0.114
   0.021
   -0.002402
   0.10664445416429305
   0.04419933333333334
   0.05027267781033971
   -0.8315    0.508    0.2248
   0.3924    0.2507    0.885
   -0.3932    -0.8241    0.4078
 Node:         64
  0.1412E+03  0.1253E+03  0.4517E+03  0.1141E-01
   0.06303
  -0.009334
   0.03825
  -0.01859
   0.01561
   0.01742
   0.0746
   0.04003
   0.00594
   0.059461788570476085
   0.040190000000000003
   0.028030555946442923
   -0.7688    0.5093    0.3867
   0.5902    0.7979    0.1225
   0.2461    -0.3224    0.914
 Node:         65
  0.1340E+03  0.1229E+03  0.4680E+03  0.1141E-01
   0.06998
  -0.0378
   0.0342
  -0.01702
   0.01045
   0.01932
   0.1026
   0.01359
   0.01032
   0.09068922593119867
   0.042170000000000006
   0.04275131109100632
   -0.8064    0.5437    0.2326
   0.1074    -0.2522    0.9617
   0.5815    0.8005    0.145
 Node:         66
  0.1299E+03  0.1214E+03  0.4825E+03  0.1141E-01
   0.07494
  -0.01306
   0.02495
  -0.002104
   0.001772
   0.0225
   0.0785
   0.0231
   0.02065
   0.05666473771226688
   0.04075
   0.02671201352700067
   -0.9682    0.2461    0.045
   0.1984    0.6459    0.7371
   -0.1523    -0.7226    0.6742
 Node:         67
  0.1498E+03  0.1247E+03  0.4517E+03  0.1141E-01
   0.06504
  -0.04292
   0.03692
  -0.01725
   0.01383
   0.01351
   0.1102
   0.00776
   0.005631
   0.1035209205957907
   0.041197000000000004
   0.04880022996530515
   -0.7629    0.6059    0.2255
   -0.4341    -0.2217    -0.8731
   -0.479    -0.764    0.4322
 Node:         68
  0.1431E+03  0.1225E+03  0.4685E+03  0.1141E-01
   0.07558
  -0.09298
   0.03633
  -0.04135
   0.02588
   0.01737
   0.1882
   0.002211
   -0.03787
   0.20893305097805853
   0.050846999999999996
   0.09849198477371988
   -0.7671    0.5795    0.2752
   0.1457    -0.2604    0.9545
   0.6248    0.7722    0.1153
 Node:         69
  0.1380E+03  0.1205E+03  0.4830E+03  0.1141E-01
   0.07707
  -0.03031
   0.0261
  -0.01398
   0.01074
   0.02273
   0.09825
   0.01959
   0.01005
   0.08383807965357985
   0.04263
   0.03952164976313616
   -0.8788    0.4201    0.2264
   0.367    0.2918    0.8832
   -0.305    -0.8593    0.4106
 Node:         70
  0.1553E+03  0.1247E+03  0.4519E+03  0.1141E-01
   0.0685
  -0.05396
   0.02733
  -0.05195
   0.03722
   0.01585
   0.1561
   -0.009633
   -0.01653
   0.16928690557453047
   0.043312333333333335
   0.07980261259855816
   -0.7432    0.5145    0.4277
   0.6284    0.7561    0.1826
   0.2294    -0.4044    0.8853
 Node:         71
  0.1493E+03  0.1224E+03  0.4690E+03  0.1141E-01
   0.08348
  -0.1059
   0.0323
  -0.1061
   0.05833
   0.02042
   0.2746
   -0.02895
   -0.05821
   0.31918744195221715
   0.06248
   0.15046640311600015
   -0.7521    0.4975    0.4323
   -0.06436    -0.7082    0.7031
   0.6559    0.501    0.5646
 Node:         72
  0.1435E+03  0.1199E+03  0.4837E+03  0.1141E-01
   0.07994
  -0.03939
   0.02567
  -0.03119
   0.01729
   0.02346
   0.121
   0.009113
   0.004645
   0.11418657937340973
   0.04491933333333334
   0.053828069730289314
   -0.8344    0.4273    0.3481
   -0.3783    0.01529    -0.9256
   -0.4008    -0.904    0.1489
 Node:         73
  0.1443E+03  0.1339E+03  0.4509E+03  0.0000E+00
   0.06191
  -0.01188
  -0.01147
  -0.00282
   0.001548
   0.007344
   0.06816
   0.007571
   -0.01184
   0.07227660009297615
   0.021296999999999996
   0.03407151603123446
   -0.988    0.1449    0.05297
   0.06018    0.04588    0.9971
   0.142    0.9884    -0.05404
 Node:         74
  0.1366E+03  0.1304E+03  0.4676E+03  0.0000E+00
   0.07357
   0.01637
  -0.004096
   0.009445
   0.00106
   0.00733
   0.08332
   0.00595
   -0.006592
   0.08434330562646926
   0.027559333333333335
   0.03975981557077727
   -0.9756    -0.1792    -0.1267
   -0.1131    -0.08462    0.99
   -0.1881    0.9802    0.0623
 Node:         75
  0.1313E+03  0.1288E+03  0.4826E+03  0.0000E+00
   0.05953
   0.006422
  -2.141E-4
  -4.793E-4
  -5.039E-4
   6.394E-4
   0.06207
   7.364E-4
   -9.835E-4
   0.062211383231768766
   0.020607633333333333
   0.02932672730011918
   -0.9947    -0.1023    0.008641
   0.03522    -0.2609    0.9647
   -0.09647    0.9599    0.2631
 Node:         76
  0.1514E+03  0.1313E+03  0.4511E+03  0.0000E+00
   0.06075
  -0.02226
  -0.01402
  -0.01286
   0.02203
   0.009964
   0.07782
   0.01383
   -0.02579
   0.09055246158995348
   0.021953333333333335
   0.04268683976226032
   -0.911    0.293    0.2901
   0.3899    0.3833    0.8373
   -0.1341    -0.8759    0.4634
 Node:         77
  0.1445E+03  0.1283E+03  0.4681E+03  0.0000E+00
   0.08169
   0.02415
  -0.005662
   0.003929
   0.0191
   0.006132
   0.09751
   0.01528
   -0.01984
   0.10432212085650866
   0.030983333333333335
   0.049177919390266556
   -0.9662    -0.2402    -0.09319
   0.2063    -0.5044    -0.8385
   -0.1544    0.8294    -0.5369
 Node:         78
  0.1384E+03  0.1261E+03  0.4829E+03  0.0000E+00
   0.0627
   0.01648
  -7.229E-5
   0.001491
   0.001639
   4.59E-4
   0.06982
   6.934E-4
   -0.004242
   0.07172177090925738
   0.022090466666666666
   0.03380996704576263
   -0.9729    -0.2297    -0.02652
   -0.08177    0.2345    0.9687
   -0.2163    0.9446    -0.2469
 Node:         79
  0.1555E+03  0.1267E+03  0.4517E+03  0.0000E+00
   0.05844
   0.0323
  -0.009132
  -0.0169
   0.004622
  -0.02816
   0.0915
   -0.01498
   -0.03494
   0.11773586029753211
   0.013860000000000003
   0.05550121680347798
   -0.9343    -0.3344    0.1239
   -0.1805    0.7431    0.6443
   -0.3075    0.5796    -0.7546
 Node:         80
  0.1494E+03  0.1243E+03  0.4689E+03  0.0000E+00
   0.08727
   0.04279
  -0.006462
   0.02014
   0.004475
  -0.02149
   0.1358
   -0.01851
   -0.0246
   0.1574433615621821
   0.03089666666666667
   0.0742195124089496
   -0.9386    -0.3181    -0.1336
   0.08756    -0.5941    0.7996
   -0.3337    0.7388    0.5855
 Node:         81
  0.1433E+03  0.1217E+03  0.4836E+03  0.0000E+00
   0.06449
   0.01821
  -5.948E-4
   0.0166
   0.004005
  -0.001975
   0.07805
   -0.004957
   -0.005688
   0.08337490346021396
   0.02246833333333333
   0.039303306411660695
   -0.9495    -0.2338    -0.2094
   0.1194    -0.8861    0.4477
   -0.2902    0.4001    0.8693
 Node:         82
  0.1267E+03  0.1148E+03  0.4563E+03  0.2647E-02
   0.0568
  -0.03059
   0.007146
  -0.002892
   0.01859
   0.004407
   0.07537
   0.01375
   -0.01799
   0.08222086596479022
   0.02371
   0.03875928791915558
   -0.8781    0.4502    0.1616
   0.3877    0.4719    0.7918
   -0.2802    -0.758    0.5889
 Node:         83
  0.1234E+03  0.1129E+03  0.4720E+03  0.2647E-02
   0.05313
  -0.01404
   0.005623
   0.0179
   0.009479
   0.002788
   0.06173
   0.01417
   -0.01297
   0.06549283624947083
   0.020976666666666668
   0.030873619087427303
   -0.9478    0.1925    -0.2543
   -0.01336    0.7728    0.6346
   0.3187    0.6048    -0.7298
 Node:         84
  0.1187E+03  0.1123E+03  0.4849E+03  0.2647E-02
   0.05593
  -4.62E-4
   0.005284
   0.008206
  -3.618E-4
   0.003312
   0.05775
   0.005366
   0.002017
   0.05413624731175962
   0.021711000000000005
   0.025520071721424818
   -0.9887    0.01002    -0.1496
   0.02282    0.9962    -0.08405
   0.1482    -0.08651    -0.9852
 Node:         85
  0.1302E+03  0.1161E+03  0.4550E+03  0.2647E-02
   0.05619
  -0.03198
   0.008041
  -3.025E-4
   0.02751
   0.004557
   0.07709
   0.02169
   -0.02649
   0.08977552227639782
   0.02409666666666667
   0.042320587057469904
   -0.8468    0.4919    0.2023
   0.4591    0.4839    0.745
   -0.2686    -0.7238    0.6356
 Node:         86
  0.1252E+03  0.1138E+03  0.4703E+03  0.2647E-02
   0.05052
   0.002828
   0.01752
   0.02822
   0.03588
   0.003418
   0.07232
   0.03197
   -0.02999
   0.0892594538410358
   0.024766666666666663
   0.04207731006400269
   -0.7157    -0.4588    -0.5265
   0.6562    -0.6998    -0.2823
   0.2389    0.5475    -0.802
 Node:         87
  0.1217E+03  0.1126E+03  0.4834E+03  0.2647E-02
   0.05565
  -6.498E-4
   0.005473
   0.008958
  -0.001661
   0.003732
   0.05754
   0.006129
   0.001609
   0.053813558152198036
   0.021759333333333335
   0.02536795459279723
   -0.9861    0.01847    -0.1653
   0.07732    0.9308    -0.3572
   0.1473    -0.3651    -0.9193
 Node:         88
  0.1338E+03  0.1169E+03  0.4532E+03  0.2647E-02
   0.05046
  -0.0395
   0.008758
  -8.36E-4
   0.04845
   0.009119
   0.08977
   0.03045
   -0.0457
   0.11762186403896174
   0.02484
   0.05544747845183464
   -0.6662    0.6211    0.4129
   0.694    0.3136    0.648
   -0.273    -0.7182    0.64
 Node:         89
  0.1270E+03  0.1150E+03  0.4686E+03  0.2647E-02
   0.05103
  -0.01294
   0.006991
   0.009466
   0.01261
   0.004713
   0.0544
   0.01898
   -0.0108
   0.056535231493290976
   0.02086
   0.026650963709904874
   -0.9656    0.2311    -0.1196
   0.08265    0.7081    0.7013
   0.2467    0.6672    -0.7028
 Node:         90
  0.1248E+03  0.1132E+03  0.4822E+03  0.2647E-02
   0.05528
   0.003507
   0.005126
   0.003977
  -0.002296
   0.00494
   0.05574
   0.007387
   0.002209
   0.051138988325933867
   0.02177866666666667
   0.024107150285525018
   -0.995    -0.06567    -0.07526
   -0.004091    -0.726    0.6876
   -0.09979    0.6845    0.7221
 Node:         91
  0.1259E+03  0.1261E+03  0.4544E+03  0.2647E-02
   0.0451
  -0.01339
   0.01925
  -0.01911
   0.0345
   0.003351
   0.07108
   0.02337
   -0.02466
   0.08291342653635779
   0.023263333333333334
   0.03908576410351416
   -0.636    0.5928    0.494
   0.7658    0.5638    0.3093
   0.09518    -0.575    0.8126
 Node:         92
  0.1209E+03  0.1232E+03  0.4724E+03  0.2647E-02
   0.0521
  -0.0227
   0.009546
  -0.01542
   0.02336
   0.006881
   0.07205
   0.01292
   -0.01545
   0.07732226005491563
   0.023173333333333334
   0.036450062947667033
   -0.8104    0.4576    0.3659
   0.5798    0.5366    0.6131
   -0.08416    -0.709    0.7002
 Node:         93
  0.1159E+03  0.1217E+03  0.4876E+03  0.2647E-02
   0.05672
  -0.001954
   0.005399
  -0.004725
   0.001562
   0.005742
   0.05722
   0.006684
   0.003924
   0.051970994371860924
   0.022609333333333332
   0.024499361696900503
   -0.9948    0.04081    0.09319
   0.09469    0.7065    0.7014
   0.03721    -0.7066    0.7067
 Node:         94
  0.1313E+03  0.1263E+03  0.4533E+03  0.2647E-02
   0.04258
  -0.01361
   0.02131
  -0.02744
   0.02821
   0.004634
   0.07274
   0.01768
   -0.01993
   0.08072745691522805
   0.023496666666666666
   0.03805528814180174
   -0.6675    0.5498    0.5022
   0.7015    0.6904    0.1767
   0.2495    -0.4703    0.8465
 Node:         95
  0.1250E+03  0.1234E+03  0.4704E+03  0.2647E-02
   0.05188
  -0.02323
   0.01229
  -0.02272
   0.01813
   0.006149
   0.07537
   0.005161
   -0.009276
   0.0784304659108946
   0.02375166666666667
   0.03697247619814262
   -0.8135    0.4369    0.3838
   0.5778    0.6813    0.4494
   0.06518    -0.5874    0.8067
 Node:         96
  0.1205E+03  0.1222E+03  0.4852E+03  0.2647E-02
   0.05716
  -0.003422
   0.005711
  -0.005576
   0.00353
   0.00525
   0.05821
   0.008208
   0.001869
   0.05345414486267645
   0.022762333333333332
   0.025198525543284386
   -0.9912    0.07334    0.1099
   0.1275    0.7497    0.6494
   0.03476    -0.6577    0.7525
 Node:         97
  0.1368E+03  0.1259E+03  0.4520E+03  0.2647E-02
   0.04139
  -0.01327
   0.02182
  -0.02675
   0.02969
   0.003704
   0.07267
   0.0183
   -0.02157
   0.08193561923852165
   0.02313333333333333
   0.038624821322851735
   -0.6443    0.574    0.5054
   0.7272    0.6644    0.1724
   0.2368    -0.4786    0.8455
 Node:         98
  0.1296E+03  0.1232E+03  0.4683E+03  0.2647E-02
   0.05122
  -0.03117
   0.01544
  -0.01654
   0.01723
   0.004459
   0.07817
   0.003434
   -0.009058
   0.08170141903296417
   0.024182000000000006
   0.03851441828718175
   -0.8015    0.5153    0.3033
   0.5677    0.4963    0.6569
   -0.188    -0.6987    0.6903
 Node:         99
  0.1260E+03  0.1218E+03  0.4827E+03  0.2647E-02
   0.05717
  -0.008792
   0.006883
  -0.002374
   0.002669
   0.005063
   0.05884
   0.007381
   0.002888
   0.05384627208080426
   0.023036333333333336
   0.025383376086635042
   -0.9839    0.1711    0.05232
   0.1625    0.7324    0.6612
   -0.07482    -0.659    0.7484
 Node:        100
  0.1252E+03  0.1374E+03  0.4524E+03  0.0000E+00
   0.06203
   0.009187
   4.106E-4
  -0.01128
  -0.004288
   0.001319
   0.06793
   0.001622
   -0.003307
   0.0689048477031914
   0.022081666666666666
   0.03248205671170196
   -0.9741    -0.144    0.1743
   -0.2254    0.6774    -0.7002
   0.01717    0.7214    0.6923
 Node:        101
  0.1188E+03  0.1337E+03  0.4713E+03  0.0000E+00
   0.06334
   0.0177
   0.003056
   0.002967
   0.002428
   0.002358
   0.07015
   0.002595
   -0.002193
   0.07007179396162197
   0.023517333333333335
   0.033032160453446306
   -0.9657    -0.2544    -0.0511
   -0.1309    0.3075    0.9425
   -0.2241    0.9169    -0.3303
 Node:        102
  0.1139E+03  0.1312E+03  0.4875E+03  0.0000E+00
   0.05526
   0.01018
   4.727E-4
   0.007128
   0.002348
   4.838E-4
   0.05902
   2.103E-4
   -0.002009
   0.05995016658684111
   0.01907376666666667
   0.028260779551212353
   -0.9764    -0.1751    -0.1261
   -0.2011    0.5262    0.8263
   0.07838    -0.8322    0.549
 Node:        103
  0.1325E+03  0.1365E+03  0.4517E+03  0.0000E+00
   0.06267
   0.001028
  -0.001813
  -0.01358
  -0.006061
   1.041E-4
   0.0691
   0.003308
   -0.007652
   0.07190124605318046
   0.02158533333333333
   0.033894572439977594
   -0.9798    -0.03294    0.1974
   0.1575    -0.7353    0.6592
   -0.1234    -0.6769    -0.7256
 Node:        104
  0.1251E+03  0.1330E+03  0.4697E+03  0.0000E+00
   0.06601
   0.01869
  -5.907E-4
   0.0019
   0.001894
   0.002912
   0.0743
   0.002935
   -0.005304
   0.07582097718309888
   0.023977
   0.035742351414906476
   -0.9702    -0.24    -0.03248
   -0.069    0.1454    0.987
   -0.2322    0.9598    -0.1576
 Node:        105
  0.1201E+03  0.1317E+03  0.4853E+03  0.0000E+00
   0.05634
   0.009221
  -2.07E-4
   0.006251
   0.001821
   4.686E-4
   0.05984
   1.158E-4
   -0.001992
   0.06080550596154924
   0.019321266666666666
   0.028663990399260337
   -0.9821    -0.1541    -0.1085
   -0.1618    0.3943    0.9046
   0.09667    -0.906    0.4121
 Node:        106
  0.1399E+03  0.1351E+03  0.4510E+03  0.0000E+00
   0.06245
  -0.001294
  -0.00744
  -0.007346
  -0.01186
   0.002147
   0.06777
   0.009474
   -0.01472
   0.07344512697245474
   0.020841333333333333
   0.03462236488488651
   -0.9933    -0.00338    0.1157
   0.09603    -0.5823    0.8073
   -0.06465    -0.813    -0.5787
 Node:        107
  0.1322E+03  0.1315E+03  0.4679E+03  0.0000E+00
   0.07075
   0.01975
  -0.002493
   0.005566
  -0.006729
   0.004315
   0.08071
   0.007758
   -0.01046
   0.08356392381883465
   0.02600266666666667
   0.03939241146323603
   -0.9736    -0.2223    -0.05187
   0.05679    -0.4559    0.8882
   -0.2211    0.8618    0.4565
 Node:        108
  0.1273E+03  0.1303E+03  0.4831E+03  0.0000E+00
   0.05812
   0.00741
  -2.042E-4
   0.001143
  -4.732E-4
   4.414E-4
   0.06066
   6.185E-4
   -0.001303
   0.061024942660767814
   0.019991833333333334
   0.02876743385129944
   -0.9926    -0.1204    -0.01788
   0.02273    -0.3276    0.9445
   -0.1196    0.9371    0.3279
 Node:        109
  0.1018E+03  0.1092E+03  0.4946E+03 -0.1531E-04
  -3.062E-5
   2.399E-16
  -3.062E-5
   9.595E-17
  -2.399E-17
  -3.062E-5
   -3.062E-5
   -3.062E-5
   -3.062E-5
   0.0
   -3.062E-5
   0.0
   -0.3792    -0.925    -0.024
   0.4801    -0.2189    0.8495
   0.791    -0.3106    -0.5271
 Node:        110
  0.1058E+03  0.1118E+03  0.5081E+03 -0.1531E-04
  -3.062E-5
   4.797E-17
  -3.062E-5
  -2.399E-17
  -8.995E-17
  -3.062E-5
   -3.062E-5
   -3.062E-5
   -3.062E-5
   0.0
   -3.062E-5
   0.0
   -0.02838    -0.09127    0.9954
   0.7347    0.6734    0.08269
   -0.6778    0.7336    0.04794
 Node:        111
  0.1108E+03  0.1137E+03  0.5210E+03 -0.1531E-04
  -3.062E-5
   9.595E-17
  -3.062E-5
  -4.797E-17
   5.637E-16
  -3.062E-5
   -3.062E-5
   -3.062E-5
   -3.062E-5
   0.0
   -3.062E-5
   0.0
   0.9393    0.3169    0.1319
   0.3364    -0.7738    -0.5367
   -0.06803    0.5485    -0.8334
 Node:        112
  0.1072E+03  0.1111E+03  0.4942E+03 -0.1531E-04
  -3.062E-5
   2.399E-16
  -3.062E-5
  -2.359E-37
   2.399E-17
  -3.062E-5
   -3.062E-5
   -3.062E-5
   -3.062E-5
   0.0
   -3.062E-5
   0.0
   0.3759    0.9265    0.0167
   0.9266    -0.3757    -0.01402
   0.006715    -0.02075    0.9998
 Node:        113
  0.1071E+03  0.1139E+03  0.5077E+03 -0.1531E-04
  -3.062E-5
   3.113E-36
  -3.062E-5
   2.878E-16
  -2.639E-16
  -3.062E-5
   -3.062E-5
   -3.062E-5
   -3.062E-5
   0.0
   -3.062E-5
   0.0
   -0.1654    0.6537    -0.7384
   -0.2298    -0.7537    -0.6157
   -0.9591    0.06785    0.2749
 Node:        114
  0.1093E+03  0.1164E+03  0.5209E+03 -0.1531E-04
  -3.062E-5
   1.919E-16
  -3.062E-5
  -4.797E-17
   9.595E-17
  -3.062E-5
   -3.062E-5
   -3.062E-5
   -3.062E-5
   0.0
   -3.062E-5
   0.0
   -0.6573    -0.7285    -0.1932
   -0.4203    0.1416    0.8963
   0.6256    -0.6703    0.3993
 Node:        115
  0.1129E+03  0.1120E+03  0.4932E+03 -0.1531E-04
  -3.062E-5
  -2.83E-37
  -3.062E-5
  -1.439E-16
  -4.797E-17
  -3.062E-5
   -3.062E-5
   -3.062E-5
   -3.062E-5
   0.0
   -3.062E-5
   0.0
   0.6708    0.2236    -0.7071
   0.3162    -0.9487    -1.525E-5
   -0.6709    -0.2236    -0.7071
 Node:        116
  0.1092E+03  0.1143E+03  0.5068E+03 -0.1531E-04
  -3.062E-5
   8.995E-17
  -3.062E-5
   2.878E-16
   3.598E-17
  -3.062E-5
   -3.062E-5
   -3.062E-5
   -3.062E-5
   0.0
   -3.062E-5
   0.0
   -0.223    -0.9699    -0.09798
   0.8805    -0.2435    0.4067
   -0.4183    0.004417    0.9083
 Node:        117
  0.1089E+03  0.1172E+03  0.5207E+03 -0.1531E-04
  -3.062E-5
  -1.199E-16
  -3.062E-5
  -2.399E-16
  -2.878E-16
  -3.062E-5
   -3.062E-5
   -3.062E-5
   -3.062E-5
   0.0
   -3.062E-5
   0.0
   -0.232    -0.2201    0.9475
   -0.8739    0.475    -0.1036
   -0.4272    -0.852    -0.3026
 Node:        118
  0.1017E+03  0.1094E+03  0.4948E+03 -0.1531E-04
  -3.062E-5
   1.439E-16
  -3.062E-5
  -2.399E-16
  -3.118E-16
  -3.062E-5
   -3.062E-5
   -3.062E-5
   -3.062E-5
