 Group name: gastroc_stress
 #Fields=  16
 1) coordinates, coordinate, rectangular cartesian, #Components=3
   x.  Value index= 1, #Derivatives=0
   y.  Value index= 2, #Derivatives=0
   z.  Value index= 3, #Derivatives=0
 2) Tensor_1, field, rectangular cartesian, #Components=1
   Tensor_1.  Value index= 4, #Derivatives=0
 3) Tensor_2, field, rectangular cartesian, #Components=1
   Tensor_2.  Value index= 5, #Derivatives=0
 4) Tensor_3, field, rectangular cartesian, #Components=1
   Tensor_3.  Value index= 6, #Derivatives=0
 5) Tensor_4, field, rectangular cartesian, #Components=1
   Tensor_4.  Value index= 7, #Derivatives=0
 6) Tensor_5, field, rectangular cartesian, #Components=1
   Tensor_5.  Value index= 8, #Derivatives=0
 7) Tensor_6, field, rectangular cartesian, #Components=1
   Tensor_6.  Value index= 9, #Derivatives=0
 8) Principal_1, field, rectangular cartesian, #Components=1
   Principal_1.  Value index= 10, #Derivatives=0
 9) Principal_2, field, rectangular cartesian, #Components=1
   Principal_2.  Value index= 11, #Derivatives=0
 10) Principal_3, field, rectangular cartesian, #Components=1
   Principal_3.  Value index= 12, #Derivatives=0
 11) VonMises, field, rectangular cartesian, #Components=1
   VonMises.  Value index= 13, #Derivatives=0
 12) Hydrostatic, field, rectangular cartesian, #Components=1
   VonMises.  Value index= 14, #Derivatives=0
 13) Octahedral, field, rectangular cartesian, #Components=1
   VonMises.  Value index= 15, #Derivatives=0
 14) PrincipalVector1, field, rectangular cartesian, #Components=3
   x.  Value index= 16, #Derivatives=0
   y.  Value index= 17, #Derivatives=0
   z.  Value index= 18, #Derivatives=0
 15) PrincipalVector2, field, rectangular cartesian, #Components=3
   x.  Value index= 19, #Derivatives=0
   y.  Value index= 20, #Derivatives=0
   z.  Value index= 21, #Derivatives=0
 16) PrincipalVector3, field, rectangular cartesian, #Components=3
   x.  Value index= 22, #Derivatives=0
   y.  Value index= 23, #Derivatives=0
   z.  Value index= 24, #Derivatives=0
 Node:          1
  0.1287E+03  0.1133E+03  0.4908E+03 -0.1781E-04
  -3.561E-5
  -1.439E-16
  -3.561E-5
  -4.797E-17
  -7.196E-17
  -3.561E-5
   -3.561E-5
   -3.561E-5
   -3.561E-5
   0.0
   -3.561E-5
   0.0
   0.966    -0.2571    -0.02712
   0.2489    0.9532    -0.1718
   0.07003    0.1592    0.9848
 Node:          2
  0.1292E+03  0.1137E+03  0.5052E+03 -0.1781E-04
  -3.561E-5
  -1.919E-16
  -3.561E-5
  -9.595E-17
   3.358E-16
  -3.561E-5
   -3.561E-5
   -3.561E-5
   -3.561E-5
   0.0
   -3.561E-5
   0.0
   0.895    -0.3984    -0.2008
   0.4461    0.7982    0.4048
   -9.581E-4    -0.4518    0.8921
 Node:          3
  0.1289E+03  0.1155E+03  0.5194E+03 -0.1781E-04
  -3.561E-5
   2.399E-16
  -3.561E-5
   1.919E-16
   9.595E-17
  -3.561E-5
   -3.561E-5
   -3.561E-5
   -3.561E-5
   0.0
   -3.561E-5
   0.0
   -0.4092    -0.8757    -0.2565
   0.496    -0.4494    0.7429
   0.7659    -0.1767    -0.6182
 Node:          4
  0.1361E+03  0.1141E+03  0.4915E+03 -0.1781E-04
  -3.561E-5
  -4.797E-17
  -3.561E-5
  -4.797E-17
  -1.439E-16
  -3.561E-5
   -3.561E-5
   -3.561E-5
   -3.561E-5
   0.0
   -3.561E-5
   0.0
   -0.04307    -0.0943    0.9946
   -0.9939    0.1055    -0.03304
   -0.1018    -0.9899    -0.09827
 Node:          5
  0.1341E+03  0.1144E+03  0.5054E+03 -0.1781E-04
  -3.561E-5
   2.399E-16
  -3.561E-5
   9.595E-17
  -1.199E-16
  -3.561E-5
   -3.561E-5
   -3.561E-5
   -3.561E-5
   0.0
   -3.561E-5
   0.0
   0.09699    -0.1794    0.979
   0.7185    0.6933    0.05584
   -0.6888    0.6979    0.1961
 Node:          6
  0.1323E+03  0.1162E+03  0.5191E+03 -0.1781E-04
  -3.561E-5
   9.595E-17
  -3.561E-5
  -9.595E-17
  -4.797E-17
  -3.561E-5
   -3.561E-5
   -3.561E-5
   -3.561E-5
   0.0
   -3.561E-5
   0.0
   -0.715    -0.6929    0.09323
   0.693    -0.72    -0.0358
   0.09193    0.03901    0.995
 Node:          7
  0.1408E+03  0.1171E+03  0.4920E+03 -0.1781E-04
  -3.561E-5
   3.838E-16
  -3.561E-5
  -1.439E-16
  -1.919E-16
  -3.561E-5
   -3.561E-5
   -3.561E-5
   -3.561E-5
   0.0
   -3.561E-5
   0.0
   0.8641    0.487    -0.1268
   -0.5006    0.8577    -0.1173
   0.05166    0.1648    0.985
 Node:          8
  0.1367E+03  0.1169E+03  0.5055E+03 -0.1781E-04
  -3.561E-5
   3.358E-16
  -3.561E-5
  -6.956E-16
  -4.078E-16
  -3.561E-5
   -3.561E-5
   -3.561E-5
   -3.561E-5
   0.0
   -3.561E-5
   0.0
   -0.7205    -0.6269    0.2965
   0.6359    -0.7678    -0.07819
   0.2766    0.1322    0.9518
 Node:          9
  0.1339E+03  0.1180E+03  0.5191E+03 -0.1781E-04
  -3.561E-5
   2.878E-16
  -3.561E-5
  -6.836E-16
  -4.797E-16
  -3.561E-5
   -3.561E-5
   -3.561E-5
   -3.561E-5
   0.0
   -3.561E-5
   0.0
   0.3025    0.1645    -0.9389
   0.9346    0.1425    0.326
   -0.1874    0.976    0.1106
 Node:         10
  0.1294E+03  0.1212E+03  0.4911E+03 -0.1781E-04
  -3.561E-5
   4.797E-17
  -3.561E-5
  -2.399E-17
   2.159E-16
  -3.561E-5
   -3.561E-5
   -3.561E-5
   -3.561E-5
   0.0
   -3.561E-5
   0.0
   0.02408    0.7089    0.7049
   0.1744    0.6913    -0.7012
   -0.9844    0.1398    -0.107
 Node:         11
  0.1295E+03  0.1214E+03  0.5055E+03 -0.1781E-04
  -3.561E-5
  -4.797E-17
  -3.561E-5
  -7.196E-17
   2.399E-17
  -3.561E-5
   -3.561E-5
   -3.561E-5
   -3.561E-5
   0.0
   -3.561E-5
   0.0
   -0.2763    0.1331    0.9518
   -0.5867    0.761    -0.2768
   0.7612    0.635    0.1322
 Node:         12
  0.1295E+03  0.1217E+03  0.5196E+03 -0.1781E-04
  -3.561E-5
  -3.018E-37
  -3.561E-5
   1.319E-16
   4.797E-17
  -3.561E-5
   -3.561E-5
   -3.561E-5
   -3.561E-5
   0.0
   -3.561E-5
   0.0
   -0.2404    -0.08744    -0.9667
   -0.3419    0.9397    1.117E-5
   0.9085    0.3305    -0.2558
 Node:         13
  0.1361E+03  0.1199E+03  0.4914E+03 -0.1781E-04
  -3.561E-5
  -2.399E-16
  -3.561E-5
  -1.679E-16
   4.797E-17
  -3.561E-5
   -3.561E-5
   -3.561E-5
   -3.561E-5
   0.0
   -3.561E-5
   0.0
   0.9203    -0.37    -0.1273
   0.3696    0.9288    -0.02723
   0.1283    -0.02199    0.9915
 Node:         14
  0.1342E+03  0.1198E+03  0.5054E+03 -0.1781E-04
  -3.561E-5
   4.797E-17
  -3.561E-5
   9.595E-17
  -1.559E-16
  -3.561E-5
   -3.561E-5
   -3.561E-5
   -3.561E-5
   0.0
   -3.561E-5
   0.0
   0.09998    -0.2649    0.9591
   -0.2953    -0.9284    -0.2256
   -0.9502    0.2607    0.171
 Node:         15
  0.1330E+03  0.1205E+03  0.5193E+03 -0.1781E-04
  -3.561E-5
  -1.439E-16
  -3.561E-5
   2.399E-17
   8.396E-17
  -3.561E-5
   -3.561E-5
   -3.561E-5
   -3.561E-5
   0.0
   -3.561E-5
   0.0
   0.9934    -0.1134    0.01425
   -0.01885    -0.2856    -0.9582
   0.1127    0.9516    -0.2859
 Node:         16
  0.1404E+03  0.1188E+03  0.4918E+03 -0.1781E-04
  -3.561E-5
   9.595E-17
  -3.561E-5
  -1.439E-16
  -2.519E-16
  -3.561E-5
   -3.561E-5
   -3.561E-5
   -3.561E-5
   0.0
   -3.561E-5
   0.0
   -0.1502    -0.2388    0.9594
   -0.794    -0.549    -0.261
   0.5891    -0.801    -0.1072
 Node:         17
  0.1365E+03  0.1184E+03  0.5055E+03 -0.1781E-04
  -3.561E-5
   4.797E-17
  -3.561E-5
   1.679E-16
   2.938E-16
  -3.561E-5
   -3.561E-5
   -3.561E-5
   -3.561E-5
   0.0
   -3.561E-5
   0.0
   0.248    0.4017    0.8815
   0.9357    -0.3351    -0.1106
   -0.251    -0.8523    0.459
 Node:         18
  0.1341E+03  0.1191E+03  0.5192E+03 -0.1781E-04
  -3.561E-5
  -4.012E-37
  -3.561E-5
   4.573E-17
   1.84E-16
  -3.561E-5
   -3.561E-5
   -3.561E-5
   -3.561E-5
   0.0
   -3.561E-5
   0.0
   0.02287    0.09199    0.9955
   0.9709    -0.2395    -1.681E-4
   -0.2384    -0.9665    0.09479
 Node:         19
  0.1301E+03  0.1291E+03  0.4914E+03  0.0000E+00
   4.934E-16
   0.0
   4.934E-16
   3.631E-19
   1.731E-17
  -9.869E-16
   4.936E-16
   4.934E-16
   -9.871E-16
   1.4806000101310279E-15
   -3.3333333333314155E-20
   6.979615382590138E-16
   -0.02097    -0.9997    -0.01169
   -0.9998    0.02097    -8.123E-17
   2.452E-4    0.01169    -0.9999
 Node:         20
  0.1299E+03  0.1291E+03  0.5058E+03  0.0000E+00
   9.869E-16
   0.0
   0.0
   1.799E-17
   3.326E-17
  -2.467E-16
   9.871E-16
   4.4E-18
   -2.514E-16
   1.1324785163525177E-15
   2.467E-16
   5.338554923072971E-16
   -0.9999    -4.917E-4    -0.01459
   0.002401    -0.9914    -0.1311
   -0.0144    -0.1312    0.9913
 Node:         21
  0.1301E+03  0.1280E+03  0.5197E+03  0.0000E+00
   4.934E-16
   0.0
   0.0
   7.196E-17
   2.549E-17
   4.934E-16
   5.66E-16
   4.222E-16
   -1.341E-18
   5.108528305500519E-16
   3.28953E-16
   2.408183337801893E-16
   -0.7039    -0.03195    -0.7096
   -0.7102    0.04241    0.7027
   -0.007642    -0.9986    0.05255
 Node:         22
  0.1360E+03  0.1256E+03  0.4913E+03  0.0000E+00
  -9.869E-16
   2.399E-17
  -4.934E-16
  -2.399E-17
   1.739E-16
   4.934E-16
   5.234E-16
   -5.215E-16
   -9.888E-16
   1.3410693755358072E-15
   -3.2896666666666662E-16
   6.321861663219854E-16
   -0.01298    0.1683    0.9857
   0.05935    0.9841    -0.1672
   -0.9982    0.05633    -0.02276
 Node:         23
  0.1343E+03  0.1253E+03  0.5054E+03  0.0000E+00
   0.0
   3.598E-17
  -1.974E-15
   0.0
   2.271E-16
  -7.401E-16
   6.796E-19
   -6.997E-16
   -2.015E-15
   1.7724996366646057E-15
   -9.046734666666666E-16
   8.355643418241562E-16
   0.9998    0.01889    0.00579
   -0.009011    0.1753    0.9845
   0.01758    -0.9843    0.1754
 Node:         24
  0.1336E+03  0.1248E+03  0.5194E+03  0.0000E+00
  -9.869E-16
   2.099E-17
   0.0
   2.399E-17
   1.499E-18
  -7.401E-16
   4.516E-19
   -7.379E-16
   -9.896E-16
   8.912682384908372E-16
   -5.756827999999999E-16
   4.2014787686204007E-16
   -0.02132    -0.9998    -0.002714
   0.09549    -0.004739    0.9954
   -0.9952    0.02096    0.09557
 Node:         25
  0.1400E+03  0.1206E+03  0.4917E+03  0.0000E+00
   0.0
   4.617E-16
  -4.934E-16
  -1.439E-16
  -2.249E-16
   9.869E-16
   1.067E-15
   2.05E-16
   -7.785E-16
   1.5994040296310373E-15
   1.6449999999999999E-16
   7.539662901394642E-16
   -0.2161    -0.2016    0.9553
   0.839    0.4621    0.2874
   -0.4994    0.8636    0.06929
 Node:         26
  0.1363E+03  0.1200E+03  0.5055E+03  0.0000E+00
   9.869E-16
   1.859E-16
  -2.714E-15
   4.797E-17
  -1.943E-15
  -2.467E-16
   1.006E-15
   8.09E-16
   -3.789E-15
   4.699597748744035E-15
   -6.579999999999999E-16
   2.215411624657293E-15
   0.968    0.1526    -0.1995
   0.2481    -0.4578    0.8538
   -0.03892    0.8759    0.4809
 Node:         27
  0.1343E+03  0.1203E+03  0.5192E+03  0.0000E+00
   9.869E-16
  -3.358E-16
   9.869E-16
  -1.799E-16
   2.27E-15
   0.0
   2.89E-15
   9.15E-16
   -1.831E-15
   4.1066398673367985E-15
   6.58E-16
   1.9358885987232494E-15
   -0.1931    0.7658    0.6135
   0.9808    0.1345    0.1409
   0.02534    0.6289    -0.7771
 Node:         28
  0.1155E+03  0.1124E+03  0.4931E+03 -0.1052E-03
  -2.105E-4
   6.598E-17
  -2.105E-4
  -9.597E-17
   9.597E-17
  -2.105E-4
   -2.105E-4
   -2.105E-4
   -2.105E-4
   0.0
   -2.105E-4
   0.0
   0.02393    0.9834    0.1796
   0.07204    0.1775    -0.9815
   -0.9971    0.03643    -0.06659
 Node:         29
  0.1119E+03  0.1139E+03  0.5068E+03 -0.1052E-03
  -2.105E-4
  -3.599E-17
  -2.105E-4
   9.597E-17
   1.2E-17
  -2.105E-4
   -2.105E-4
   -2.105E-4
   -2.105E-4
   0.0
   -2.105E-4
   0.0
   -0.03581    0.9993    0.005811
   -0.9821    -0.03412    -0.1855
   -0.1852    -0.01235    0.9826
 Node:         30
  0.1113E+03  0.1159E+03  0.5206E+03 -0.1052E-03
  -2.105E-4
   2.159E-16
  -2.105E-4
   2.918E-36
  -4.798E-17
  -2.105E-4
   -2.105E-4
   -2.105E-4
   -2.105E-4
   0.0
   -2.105E-4
   0.0
   0.7038    0.7088    -0.0478
   -0.7086    0.6956    -0.1186
   -0.05084    0.1174    0.9918
 Node:         31
  0.1203E+03  0.1126E+03  0.4920E+03 -0.1052E-03
  -2.105E-4
   1.679E-16
  -2.105E-4
   4.798E-17
   7.198E-17
  -2.105E-4
   -2.105E-4
   -2.105E-4
   -2.105E-4
   0.0
   -2.105E-4
   0.0
   -0.7437    -0.4294    -0.5123
   0.5143    0.122    -0.8489
   0.427    -0.8948    0.1301
 Node:         32
  0.1188E+03  0.1134E+03  0.5062E+03 -0.1052E-03
  -2.105E-4
  -2.399E-17
  -2.105E-4
  -4.798E-17
   1.679E-16
  -2.105E-4
   -2.105E-4
   -2.105E-4
   -2.105E-4
   0.0
   -2.105E-4
   0.0
   0.9989    -0.02089    -0.04163
   0.04658    0.451    0.8913
   1.591E-4    -0.8923    0.4515
 Node:         33
  0.1183E+03  0.1150E+03  0.5201E+03 -0.1052E-03
  -2.105E-4
   9.597E-17
  -2.105E-4
   1.44E-16
  -3.891E-36
  -2.105E-4
   -2.105E-4
   -2.105E-4
   -2.105E-4
   0.0
   -2.105E-4
   0.0
   0.9536    0.1669    0.2505
   3.603E-4    0.8315    -0.5555
   -0.301    0.5298    0.7929
 Node:         34
  0.1255E+03  0.1129E+03  0.4909E+03 -0.1052E-03
  -2.105E-4
  -4.54E-36
  -2.105E-4
   9.597E-17
   1.679E-16
  -2.105E-4
   -2.105E-4
   -2.105E-4
   -2.105E-4
   0.0
   -2.105E-4
   0.0
   0.351    0.6139    0.7071
   0.8682    -0.4962    -6.011E-5
   -0.3508    -0.6139    0.7072
 Node:         35
  0.1260E+03  0.1135E+03  0.5054E+03 -0.1052E-03
  -2.105E-4
   1.919E-16
  -2.105E-4
   1.919E-16
   4.319E-16
  -2.105E-4
   -2.105E-4
   -2.105E-4
   -2.105E-4
   0.0
   -2.105E-4
   0.0
   0.746    0.4708    0.4709
   -0.6659    0.5274    0.5276
   6.102E-5    -0.7072    0.707
 Node:         36
  0.1257E+03  0.1153E+03  0.5196E+03 -0.1052E-03
  -2.105E-4
  -9.597E-17
  -2.105E-4
  -9.597E-17
   1.44E-16
  -2.105E-4
   -2.105E-4
   -2.105E-4
   -2.105E-4
   0.0
   -2.105E-4
   0.0
   -0.5155    0.6059    0.6059
   0.8569    0.3642    0.3649
   -4.501E-4    -0.7073    0.7069
 Node:         37
  0.1132E+03  0.1210E+03  0.4959E+03 -0.1052E-03
  -2.105E-4
   2.399E-16
  -2.105E-4
  -1.44E-16
   3.119E-16
  -2.105E-4
   -2.105E-4
   -2.105E-4
   -2.105E-4
   0.0
   -2.105E-4
   0.0
   -0.5073    -0.7957    -0.3308
   0.7558    -0.2264    -0.6145
   0.4141    -0.5618    0.7162
 Node:         38
  0.1111E+03  0.1204E+03  0.5085E+03 -0.1052E-03
  -2.105E-4
   1.679E-16
  -2.105E-4
  -4.798E-17
  -1.44E-16
  -2.105E-4
   -2.105E-4
   -2.105E-4
   -2.105E-4
   0.0
   -2.105E-4
   0.0
   0.2119    0.9668    -0.1429
   0.9723    -0.2233    -0.06849
   0.09812    0.1244    0.9874
 Node:         39
  0.1119E+03  0.1201E+03  0.5207E+03 -0.1052E-03
  -2.105E-4
  -1.679E-16
  -2.105E-4
  -1.44E-16
  -1.32E-16
  -2.105E-4
   -2.105E-4
   -2.105E-4
   -2.105E-4
   0.0
   -2.105E-4
   0.0
   0.9213    -0.07989    -0.3805
   0.3607    -0.1892    0.9133
   -0.1449    -0.9787    -0.1455
 Node:         40
  0.1191E+03  0.1220E+03  0.4937E+03 -0.1052E-03
  -2.105E-4
   1.44E-16
  -2.105E-4
   1.44E-16
  -2.399E-17
  -2.105E-4
   -2.105E-4
   -2.105E-4
   -2.105E-4
   0.0
   -2.105E-4
   0.0
   0.9817    0.1345    0.1345
   -1.434E-4    0.7076    -0.7066
   -0.1902    0.6937    0.6947
 Node:         41
  0.1182E+03  0.1217E+03  0.5073E+03 -0.1052E-03
  -2.105E-4
  -4.798E-17
  -2.105E-4
   9.597E-17
   1.679E-16
  -2.105E-4
   -2.105E-4
   -2.105E-4
   -2.105E-4
   0.0
   -2.105E-4
   0.0
   -0.1538    -0.1966    -0.9683
   -0.9621    0.2533    0.1014
   0.2254    0.9472    -0.2281
 Node:         42
  0.1187E+03  0.1212E+03  0.5204E+03 -0.1052E-03
  -2.105E-4
  -9.597E-17
  -2.105E-4
   2.594E-36
   9.597E-17
  -2.105E-4
   -2.105E-4
   -2.105E-4
   -2.105E-4
   0.0
   -2.105E-4
   0.0
   -0.01861    0.09768    0.995
   -0.9834    0.178    -0.03586
   -0.1806    -0.9792    0.09275
 Node:         43
  0.1258E+03  0.1217E+03  0.4915E+03 -0.1052E-03
  -2.105E-4
   1.919E-16
  -2.105E-4
  -2.399E-17
   1.297E-36
  -2.105E-4
   -2.105E-4
   -2.105E-4
   -2.105E-4
   0.0
   -2.105E-4
   0.0
   0.9458    0.3243    -0.01746
   -0.3241    0.946    0.01158
   0.02027    -0.005289    0.9998
 Node:         44
  0.1259E+03  0.1220E+03  0.5059E+03 -0.1052E-03
  -2.105E-4
   2.399E-16
  -2.105E-4
   1.679E-16
   1.919E-16
  -2.105E-4
   -2.105E-4
   -2.105E-4
   -2.105E-4
   0.0
   -2.105E-4
   0.0
   -0.3605    -0.3833    -0.8504
   -0.621    -0.5816    0.5254
   0.696    -0.7175    0.02837
 Node:         45
  0.1261E+03  0.1221E+03  0.5198E+03 -0.1052E-03
  -2.105E-4
  -1.44E-16
  -2.105E-4
   4.798E-17
  -1.2E-17
  -2.105E-4
   -2.105E-4
   -2.105E-4
   -2.105E-4
   0.0
   -2.105E-4
   0.0
   0.0668    -0.01249    0.9977
   -0.9877    0.1408    0.06789
   -0.1413    -0.99    -0.002928
 Node:         46
  0.1117E+03  0.1296E+03  0.4959E+03  0.0000E+00
  -2.467E-16
   4.797E-17
  -7.401E-16
   1.199E-17
  -4.497E-17
   0.0
   3.057E-18
   -2.423E-16
   -7.476E-16
   6.629532710146319E-16
   -3.2894766666666664E-16
   3.125191690294995E-16
   0.03676    -0.058    0.9976
   0.9946    0.09864    -0.03092
   -0.09662    0.9934    0.06131
 Node:         47
  0.1107E+03  0.1269E+03  0.5087E+03  0.0000E+00
  -7.401E-16
  -5.397E-17
   4.934E-16
  -4.797E-17
   6.896E-17
   0.0
   5.058E-16
   -7.273E-18
   -7.452E-16
   1.0892155802819752E-15
   -8.222433333333333E-17
   5.1346114866095E-16
   -0.04821    0.9891    0.1394
   -0.05424    -0.142    0.9884
   -0.9974    -0.04009    -0.06049
 Node:         48
  0.1125E+03  0.1242E+03  0.5208E+03  0.0000E+00
   4.934E-16
   5.997E-18
   4.934E-16
   0.0
  -2.998E-18
   4.934E-16
   5.001E-16
   4.934E-16
   4.867E-16
   1.1604740410711462E-17
   4.934E-16
   5.470527092215756E-18
   -0.6325    -0.7071    0.3162
   0.4472    -2.276E-15    0.8944
   0.6325    -0.7071    -0.3162
 Node:         49
  0.1186E+03  0.1311E+03  0.4938E+03  0.0000E+00
  -7.401E-16
  -3.598E-17
   0.0
  -7.196E-17
  -1.049E-17
  -2.467E-16
   1.947E-18
   -2.366E-16
   -7.523E-16
   6.677348643803167E-16
   -3.2898433333333336E-16
   3.1477323375866775E-16
   0.04561    -0.9985    0.02894
   -0.143    0.02215    0.9895
   -0.9887    -0.04926    -0.1418
 Node:         50
  0.1180E+03  0.1298E+03  0.5075E+03  0.0000E+00
   0.0
  -2.249E-17
   1.48E-15
  -7.196E-17
   2.155E-17
   9.869E-16
   1.482E-15
   9.91E-16
   -5.513E-18
   1.3127859849072886E-15
   8.224956666666666E-16
   6.188532481164029E-16
   0.01739    -0.9988    -0.04603
   -0.07128    -0.04716    0.9963
   0.9973    0.01405    0.07201
 Node:         51
  0.1192E+03  0.1275E+03  0.5206E+03  0.0000E+00
   0.0
  -5.997E-18
  -2.467E-16
   0.0
   2.549E-17
   4.934E-16
   4.943E-16
   1.449E-19
   -2.477E-16
   6.54286006770747E-16
   8.22483E-17
   3.0843338148204166E-16
   -4.17E-4    0.03438    0.9994
   0.9997    -0.02416    0.001248
   0.02418    0.9991    -0.03436
 Node:         52
  0.1262E+03  0.1305E+03  0.4920E+03  0.0000E+00
   4.934E-16
  -2.399E-17
   4.934E-16
   2.249E-18
   8.48E-18
   0.0
   5.175E-16
   4.696E-16
   -1.6E-19
   4.95449666061044E-16
   3.2898E-16
   2.335572124055831E-16
   -0.7061    0.708    0.008534
   0.7081    0.706    0.01614
   -0.005403    -0.01744    0.9998
 Node:         53
  0.1258E+03  0.1304E+03  0.5063E+03  0.0000E+00
  -7.401E-16
  -2.998E-18
  -4.934E-16
   4.797E-17
   5.847E-17
  -9.869E-16
   -4.866E-16
   -7.314E-16
   -1.002E-15
   4.465358664206045E-16
   -7.399999999999999E-16
   2.104990261260132E-16
   0.0104    0.9931    0.1171
   -0.9836    0.03123    -0.1776
   -0.18    -0.1133    0.9771
 Node:         54
  0.1265E+03  0.1288E+03  0.5200E+03  0.0000E+00
  -9.869E-16
   3.598E-17
   4.934E-16
   0.0
  -7.496E-18
   4.934E-16
   5.014E-16
   4.864E-16
   -9.877E-16
   1.4816569474746847E-15
   3.3333333333314155E-20
   6.984597833010066E-16
   0.01758    0.7272    -0.6862
   0.01675    0.686    0.7274
   -0.9997    0.02428    1.229E-4
 Node:         55
  0.1383E+03  0.1168E+03  0.4544E+03 -0.1415E-02
   0.0708
  -0.02538
   0.02136
   0.009183
   0.05568
   0.01207
   0.09088
   0.05548
   -0.04537
   0.12244987750095955
   0.03366333333333333
   0.05772342582426037
   -0.4027    0.7311    0.5507
   0.8931    0.1822    0.4112
   -0.2003    -0.6575    0.7264
 Node:         56
  0.1314E+03  0.1156E+03  0.4694E+03 -0.1415E-02
   0.07004
   0.008958
   0.008642
   0.04923
   1.821E-4
  -0.001638
   0.09063
   0.00963
   -0.02629
   0.10373411396450061
   0.02465666666666667
   0.04890073028311768
   -0.8867    -0.1004    -0.4512
   0.03901    -0.9889    0.1434
   -0.4606    0.1096    0.8808
 Node:         57
  0.1285E+03  0.1140E+03  0.4824E+03 -0.1415E-02
   0.09068
   0.01971
  -0.003349
   0.0155
  -0.01071
  -0.003589
   0.09603
   0.00742
   -0.01975
   0.10486884523060222
   0.027899999999999998
   0.049435647731840913
   -0.9759    -0.1757    -0.1298
   0.02876    -0.6922    0.7211
   -0.2165    0.7    0.6805
 Node:         58
  0.1489E+03  0.1178E+03  0.4541E+03 -0.1415E-02
   0.06656
  -0.09291
   0.04506
  -0.0121
   0.04673
   0.001274
   0.1767
   0.005839
   -0.05095
   0.20523522400163186
   0.043863000000000006
   0.09674881241992932
   -0.6688    0.6935    0.2679
   0.56    0.233    0.795
   -0.4889    -0.6818    0.5442
 Node:         59
  0.1422E+03  0.1167E+03  0.4699E+03 -0.1415E-02
   0.06925
  -0.07399
   0.02724
   0.02045
   0.01772
  -0.006515
   0.1315
   0.01122
   -0.04429
   0.1556450490699913
   0.032810000000000006
   0.07337177977033586
   -0.7827    0.6223    -0.007111
   -0.3471    -0.4459    -0.825
   -0.5166    -0.6433    0.565
 Node:         60
  0.1375E+03  0.1150E+03  0.4833E+03 -0.1415E-02
   0.09161
  -0.009134
   7.299E-4
   0.01515
  -0.004182
  -0.004188
   0.09307
   7.835E-4
   -0.007534
   0.0967138658737722
   0.02877316666666667
   0.0455913535960737
   -0.9821    0.1066    -0.1551
   0.1537    0.9298    -0.3344
   -0.1086    0.3522    0.9296
 Node:         61
  0.1560E+03  0.1224E+03  0.4532E+03 -0.1415E-02
   0.08078
  -0.09875
   0.0259
  -0.07319
   0.09977
  -0.02779
   0.2728
   -0.02967
   -0.09746
   0.34144988841702667
   0.04855666666666666
   0.1609610210233797
   -0.6941    0.6065    0.3879
   0.7086    0.4807    0.5165
   -0.1268    -0.6333    0.7634
 Node:         62
  0.1497E+03  0.1205E+03  0.4699E+03 -0.1415E-02
   0.09437
  -0.1392
   0.02297
  -0.02365
   0.05114
  -0.02718
   0.2673
   -0.02258
   -0.095
   0.3320665300809463
   0.04990666666666666
   0.15653766348354917
   -0.7873    0.5904    0.1777
   -0.3476    -0.1871    -0.9188
   -0.5092    -0.7851    0.3526
 Node:         63
  0.1437E+03  0.1181E+03  0.4838E+03 -0.1415E-02
   0.1003
  -0.0342
   0.001971
   0.004692
  -0.003897
  -0.007092
   0.1151
   -0.005471
   -0.01032
   0.12306716711210997
   0.033103
   0.058014418937594014
   -0.9539    0.2966    -0.04614
   0.2035    0.526    -0.8258
   0.2207    0.7971    0.5621
 Node:         64
  0.1416E+03  0.1252E+03  0.4525E+03 -0.1415E-02
   0.07696
   0.02939
   0.01929
  -0.03698
   0.02737
  -0.005946
   0.08917
   0.04167
   -0.04025
   0.11339460480992912
   0.030196666666666667
   0.053454729340713054
   0.9257    0.3018    -0.2281
   -0.1193    0.8051    0.5811
   0.359    -0.5106    0.7812
 Node:         65
  0.1343E+03  0.1229E+03  0.4685E+03 -0.1415E-02
   0.08165
   0.003766
   0.01533
  -0.01031
   0.01153
  -0.005158
   0.0743
   0.0231
   -0.01154
   0.07479931550488948
   0.028620000000000003
   0.035260735481079615
   -0.9928    -0.03908    0.1132
   0.008752    0.9191    0.3939
   -0.1195    0.392    -0.9122
 Node:         66
  0.1299E+03  0.1214E+03  0.4825E+03 -0.1415E-02
   0.09561
  -0.002246
  -1.982E-4
   0.005554
  -0.004152
  -0.003441
   0.09475
   0.002409
   -0.006357
   0.09702146279561033
   0.03026733333333333
   0.045736356175609595
   -0.998    0.02671    -0.05686
   0.05351    0.8357    -0.5466
   -0.03292    0.5485    0.8355
 Node:         67
  0.1504E+03  0.1245E+03  0.4525E+03 -0.1415E-02
   0.07577
  -0.04989
   0.01762
  -0.03108
   0.02172
   0.002005
   0.1162
   -0.007128
   -0.01469
   0.12727759333048375
   0.03146066666666667
   0.0599992328913925
   -0.7987    0.5112    0.3176
   0.5659    0.4583    0.6854
   -0.2048    -0.7271    0.6553
 Node:         68
  0.1436E+03  0.1225E+03  0.4689E+03 -0.1415E-02
   0.08326
  -0.09874
   0.0177
  -0.02068
   0.02632
  -0.001088
   0.1716
   -0.005582
   -0.05226
   0.20455512265401715
   0.03791933333333333
   0.09642820957006766
   -0.7971    0.5721    0.1933
   0.2797    0.06617    0.9578
   0.5352    0.8175    -0.2128
 Node:         69
  0.1380E+03  0.1205E+03  0.4831E+03 -0.1415E-02
   0.09676
  -0.02667
   0.001998
  -6.115E-4
   0.004918
  -0.002959
   0.1035
   7.139E-4
   -0.008619
   0.10775610316037787
   0.03186496666666667
   0.050796714172626906
   -0.9665    0.2559    0.01853
   0.1741    0.6011    0.78
   -0.1885    -0.7571    0.6255
 Node:         70
  0.1562E+03  0.1244E+03  0.4528E+03 -0.1415E-02
   0.07869
  -0.06165
  -9.589E-4
  -0.08338
   0.05216
   0.01706
   0.1912
   -0.02886
   -0.0475
   0.22994732353302139
   0.03828
   0.10839820785726427
   -0.7415    0.4221    0.5216
   0.6314    0.702    0.3295
   0.227    -0.5737    0.787
 Node:         71
  0.1499E+03  0.1224E+03  0.4696E+03 -0.1415E-02
   0.09034
  -0.1441
   0.009999
  -0.09124
   0.07258
   0.00395
   0.2969
   -0.04689
   -0.08789
   0.36601633037338643
   0.054040000000000005
   0.17254175282135817
   -0.7569    0.5263    0.3873
   -0.3961    0.1019    -0.9125
   -0.5198    -0.8442    0.1313
 Node:         72
  0.1435E+03  0.1199E+03  0.4837E+03 -0.1415E-02
   0.09911
  -0.04464
   0.00162
  -0.0138
   0.01356
  -0.002402
   0.1224
   -0.001075
   -0.01909
   0.13339796840656906
   0.03407833333333333
   0.06288440537119587
   -0.9216    0.3608    0.1434
   0.2876    0.3864    0.8763
   -0.2608    -0.8488    0.4599
 Node:         73
  0.1450E+03  0.1339E+03  0.4517E+03  0.0000E+00
   0.1071
  -0.02923
  -0.01403
   0.01187
  -0.01466
   0.01358
   0.1221
   0.01631
   -0.02132
   0.1287960352650655
   0.03903
   0.06071503328391303
   -0.9648    0.2163    -0.1497
   0.2083    0.2805    -0.937
   0.1606    0.9352    0.3156
 Node:         74
  0.1371E+03  0.1304E+03  0.4681E+03  0.0000E+00
   0.1186
  -0.0307
  -0.007494
   0.006616
  -0.02245
   0.008279
   0.1358
   0.01913
   -0.02377
   0.1430295140871282
   0.04372
   0.06742475954721677
   -0.9711    0.2192    -0.09469
   0.1946    0.4967    -0.8458
   0.1383    0.8398    0.525
 Node:         75
  0.1314E+03  0.1289E+03  0.4826E+03  0.0000E+00
   0.1062
  -0.01174
  -0.001073
  -0.00698
  -0.004208
   4.656E-4
   0.1109
   0.003874
   -0.006015
   0.11229753831228893
   0.036253
   0.052937567234117085
   -0.9931    0.1012    0.05886
   -0.01685    -0.6213    0.7834
   0.1158    0.777    0.6187
 Node:         76
  0.1518E+03  0.1312E+03  0.4516E+03  0.0000E+00
   0.1076
  -0.04345
  -0.01943
  -0.007006
   0.0408
   0.02052
   0.1332
   0.03981
   -0.04418
   0.15368746956079407
   0.04294333333333333
   0.07244896793989239
   -0.9282    0.3133    0.2006
   0.3238    0.4148    0.8504
   -0.1832    -0.8543    0.4865
 Node:         77
  0.1449E+03  0.1283E+03  0.4684E+03  0.0000E+00
   0.1291
  -0.008147
  -0.01057
  -0.006794
   0.02889
   0.007846
   0.1449
   0.02703
   -0.02746
   0.15259499762443068
   0.04815666666666666
   0.07193397173025336
   -0.9956    0.06564    0.06676
   0.09282    0.5987    0.7956
   -0.01225    -0.7983    0.6021
 Node:         78
  0.1385E+03  0.1261E+03  0.4829E+03  0.0000E+00
   0.1112
   0.003618
  -8.781E-4
  -0.005305
  -4.924E-4
   2.673E-4
   0.1164
   1.031E-4
   -0.001042
   0.116873657356181
   0.03848703333333333
   0.055094770439085734
   -0.9985    -0.03099    0.04595
   -0.05279    0.2794    -0.9587
   -0.01687    0.9597    0.2806
 Node:         79
  0.1563E+03  0.1265E+03  0.4524E+03  0.0000E+00
   0.1085
   0.1023
   0.01988
   0.02026
  -0.005599
  -0.06425
   0.2911
   -0.03309
   -0.07228
   0.3454562465783475
   0.06191
   0.16284963637253438
   -0.8505    -0.5248    -0.03638
   0.1613    -0.326    0.9315
   -0.5007    0.7863    0.362
 Node:         80
  0.1500E+03  0.1243E+03  0.4693E+03  0.0000E+00
   0.1326
   0.07978
   0.008145
   0.02233
  -0.004925
  -0.05312
   0.2632
   -0.02442
   -0.04856
   0.3004182930515384
   0.06340666666666667
   0.1416185414728202
   -0.9145    -0.4006    -0.05681
   0.223    -0.6161    0.7554
   -0.3376    0.6781    0.6528
 Node:         81
  0.1434E+03  0.1217E+03  0.4836E+03  0.0000E+00
   0.1123
   0.01409
   4.159E-4
  -2.713E-4
  -1.063E-4
  -0.007215
   0.1231
   -0.001318
   -0.006678
   0.12718273783812015
   0.038368
   0.059954517583470444
   -0.993    -0.118    0.00216
   -0.118    0.9929    -0.01277
   6.377E-4    0.01294    0.9999
 Node:         82
  0.1267E+03  0.1149E+03  0.4576E+03 -0.3778E-01
   0.008363
  -0.01756
  -0.06495
   0.01514
   0.04874
  -0.07264
   0.01189
   -0.0219
   -0.1193
   0.11798165153955084
   -0.043103333333333334
   0.055617083906136455
   0.9863    -0.1537    0.06043
   0.07225    0.7304    0.6792
   -0.1486    -0.6655    0.7315
 Node:         83
  0.1234E+03  0.1130E+03  0.4726E+03 -0.3778E-01
   0.005164
   0.004643
  -0.07096
   0.08035
   0.01895
  -0.08589
   0.05645
   -0.075
   -0.1266
   0.1634762444516022
   -0.048383333333333334
   0.0770634406764251
   0.8802    0.112    0.4612
   -0.2139    0.9611    0.1748
   -0.4236    -0.2525    0.8699
 Node:         84
  0.1187E+03  0.1123E+03  0.4850E+03 -0.3778E-01
   0.02174
   0.002256
  -0.07524
   0.02855
  -0.001125
  -0.08537
   0.02982
   -0.07766
   -0.08971
   0.11398371331027955
   -0.04585
   0.05373243775101467
   0.9746    0.01656    0.2234
   0.01125    0.9924    -0.1226
   -0.2238    0.122    0.967
 Node:         85
  0.1302E+03  0.1162E+03  0.4563E+03 -0.3778E-01
   0.007847
  -0.01312
  -0.06214
   0.02375
   0.07049
  -0.07034
   0.01581
   6.797E-4
   -0.1362
   0.14503795770449196
   -0.03990343333333333
   0.06837154894819596
   0.842    0.3125    0.4398
   -0.5201    0.6869    0.5076
   0.1434    0.6561    -0.7409
 Node:         86
  0.1252E+03  0.1139E+03  0.4710E+03 -0.3778E-01
   0.01125
   0.05117
  -0.05024
   0.1624
   0.06245
  -0.08302
   0.1849
   -0.08105
   -0.1711
   0.3206044330635495
   -0.022416666666666665
   0.15113437913180297
   0.7835    0.3541    0.5106
   -0.383    0.9223    -0.05181
   -0.4892    -0.155    0.8583
 Node:         87
  0.1217E+03  0.1126E+03  0.4834E+03 -0.3778E-01
   0.01938
   0.00143
  -0.0747
   0.03695
  -0.005885
  -0.08458
   0.03213
   -0.07584
   -0.09482
   0.11860451888524316
   -0.04617666666666667
   0.05591070638874892
   0.96    -0.005934    0.2801
   0.08994    0.9534    -0.2881
   -0.2653    0.3017    0.9157
 Node:         88
  0.1338E+03  0.1169E+03  0.4546E+03 -0.3778E-01
  -0.005026
  -0.0239
  -0.06544
   0.01785
   0.09161
  -0.05668
   0.0361
   2.497E-4
   -0.1542
   0.17514857099071632
   -0.03928343333333333
   0.08256582817511263
   -0.1004    0.7279    0.6783
   0.9841    -0.02772    0.1755
   -0.1465    -0.6851    0.7135
 Node:         89
  0.1270E+03  0.1150E+03  0.4694E+03 -0.3778E-01
  -0.0105
   0.01886
  -0.06992
   0.06739
   0.02159
  -0.07816
   0.03933
   -0.08101
   -0.1178
   0.14234650786022113
   -0.053160000000000006
   0.06710278732412438
   0.852    0.2366    0.4671
   -0.3293    0.9357    0.1266
   -0.4071    -0.2617    0.8751
 Node:         90
  0.1248E+03  0.1132E+03  0.4822E+03 -0.3778E-01
   0.0158
   0.02188
  -0.07757
   0.01941
  -0.01064
  -0.07778
   0.02363
   -0.06923
   -0.09528
   0.10826165110508891
   -0.04696
   0.05103503175924031
   0.9734    0.1729    0.1501
   -0.0143    0.7    -0.714
   -0.2285    0.6929    0.6839
 Node:         91
  0.1262E+03  0.1266E+03  0.4553E+03 -0.3778E-01
   0.005587
   0.05207
  -0.04909
  -0.008557
   0.06916
  -0.0746
   0.04832
   -0.02048
   -0.1365
   0.16179077971256584
   -0.03622
   0.07626890497880948
   -0.7342    -0.6025    -0.3129
   0.6371    -0.4523    -0.6241
   0.2345    -0.6576    0.7159
 Node:         92
  0.1210E+03  0.1236E+03  0.4728E+03 -0.3778E-01
   0.003793
   0.00985
  -0.0611
   0.01287
   0.04707
  -0.06849
   0.01179
   -0.02713
   -0.1124
   0.1100202149607062
   -0.04258
   0.051864026710878
   0.8941    0.3224    0.3108
   -0.4475    0.6706    0.5916
   -0.0177    -0.6681    0.7439
 Node:         93
  0.1159E+03  0.1217E+03  0.4877E+03 -0.3778E-01
   0.02141
  -0.00465
  -0.07444
   0.01248
   0.0122
  -0.07674
   0.02299
   -0.06488
   -0.08841
   0.10169748718626237
   -0.04343333333333333
   0.04794065521269209
   0.9935    -0.02769    0.1101
   0.0523    -0.7489    -0.6606
   0.1007    0.6621    -0.7426
 Node:         94
  0.1316E+03  0.1267E+03  0.4543E+03 -0.3778E-01
   0.001752
   0.05013
  -0.04584
  -0.03679
   0.06595
  -0.06627
   0.03336
   0.003553
   -0.1375
   0.15807837558945248
   -0.033529
   0.07451886089217057
   -0.8039    -0.5756    -0.1495
   -0.5019    0.5217    0.6899
   0.3191    -0.6297    0.7083
 Node:         95
  0.1252E+03  0.1237E+03  0.4709E+03 -0.3778E-01
  -0.004646
   0.003982
  -0.05823
   0.00305
   0.03229
  -0.06049
   -0.003114
   -0.03073
   -0.09531
   0.08195523861230593
   -0.04305133333333333
   0.03863406998434873
   0.985    0.1293    0.1146
   -0.1727    0.7152    0.6773
   0.005607    -0.6869    0.7268
 Node:         96
  0.1205E+03  0.1222E+03  0.4852E+03 -0.3778E-01
   0.01935
  -0.004301
  -0.07427
   0.01501
   0.008735
  -0.07635
   0.02157
   -0.06841
   -0.08583
   0.09983640818859621
   -0.04422333333333334
   0.047063334159643026
   0.9904    -0.02639    0.1357
   0.06648    -0.7698    -0.6348
   0.1212    0.6378    -0.7606
 Node:         97
  0.1372E+03  0.1261E+03  0.4529E+03 -0.3778E-01
  -0.01279
   0.03482
  -0.04553
  -0.02987
   0.06857
  -0.06521
   0.01905
   2.956E-4
   -0.1371
   0.14766871862164987
   -0.039251466666666665
   0.06961170153766455
   -0.374    -0.7657    -0.5233
   0.8888    -0.1348    -0.438
   -0.2649    0.629    -0.7309
 Node:         98
  0.1299E+03  0.1234E+03  0.4687E+03 -0.3778E-01
  -0.003243
   0.01448
  -0.05377
   0.01157
   0.03666
  -0.06721
   0.007334
   -0.03525
   -0.1004
   0.09398014234932825
   -0.042772
   0.04430266396805802
   0.8822    0.3651    0.2973
   -0.4708    0.6707    0.5732
   0.009898    -0.6457    0.7636
 Node:         99
  0.1260E+03  0.1218E+03  0.4827E+03 -0.3778E-01
   0.02058
   0.002499
  -0.07279
   0.009637
  -3.627E-4
  -0.07632
   0.02133
   -0.0741
   -0.07718
   0.09700667863606094
   -0.04331666666666667
   0.045729386855961916
   0.9957    0.02367    0.08953
   -0.007247    0.9837    -0.1795
   -0.09232    0.1781    0.9797
 Node:        100
  0.1256E+03  0.1381E+03  0.4532E+03  0.0000E+00
   0.1047
   0.002682
   0.005772
  -0.005918
  -5.83E-5
  -0.005054
   0.1069
   0.005875
   -0.005032
   0.10689664610734986
   0.03591433333333333
   0.050391562232403764
   -0.9983    -0.02735    0.05137
   -0.02692    0.9996    0.009192
   -0.0516    0.007794    -0.9986
 Node:        101
  0.1190E+03  0.1341E+03  0.4716E+03  0.0000E+00
   0.1089
   0.004837
   0.006294
  -0.01638
  -0.008879
  -0.007161
   0.1162
   0.00959
   -0.01192
   0.11883414197948332
   0.03795666666666666
   0.05601895175345176
   -0.9895    -0.05865    0.1321
   -0.1054    0.918    -0.3823
   -0.09884    -0.3922    -0.9146
 Node:        102
  0.1139E+03  0.1312E+03  0.4875E+03  0.0000E+00
   0.1035
  -5.545E-4
  -7.054E-4
  -0.00424
  -0.009239
  -0.001172
   0.1059
   0.008216
   -0.01004
   0.1079757588350274
   0.034692
   0.050900260850674096
   -0.9992    0.001011    0.03951
   0.02657    -0.7228    0.6906
   0.02925    0.6911    0.7222
 Node:        103
  0.1331E+03  0.1370E+03  0.4526E+03  0.0000E+00
   0.1062
  -0.008062
   0.006616
  -0.007099
  -0.003699
  -0.007579
   0.1108
   0.007397
   -0.008469
   0.11218066840146745
   0.036576
   0.0528824742298114
   -0.9954    0.07814    0.05524
   -0.06054    -0.9613    0.2689
   0.07412    0.2643    0.9616
 Node:        104
  0.1254E+03  0.1334E+03  0.4700E+03  0.0000E+00
   0.1108
  -0.001929
   0.002921
  -0.02048
  -0.01496
  -0.00674
   0.1213
   0.01273
   -0.01866
   0.12720373147042502
   0.038456666666666674
   0.05996441407664679
   -0.9877    -0.007873    0.1562
   0.09154    -0.8389    0.5365
   0.1268    0.5442    0.8293
 Node:        105
  0.1201E+03  0.1317E+03  0.4853E+03  0.0000E+00
   0.1034
  -0.003924
  -0.001379
  -0.007802
  -0.009556
  -0.001074
   0.1067
   0.008236
   -0.0111
   0.10942093079479812
   0.034612000000000004
   0.05158152144583045
   -0.9972    0.02875    0.06967
   0.02831    -0.7138    0.6997
   0.06985    0.6997    0.711
 Node:        106
  0.1406E+03  0.1353E+03  0.4519E+03  0.0000E+00
   0.1072
  -0.00758
  -3.522E-5
   0.005083
  -0.02491
  -0.001706
   0.1122
   0.02311
   -0.02446
   0.12015799723697129
   0.03695
   0.05664302310670457
   -0.9943    0.08514    -0.06423
   0.106    0.7219    -0.6839
   0.01186    0.6868    0.7268
 Node:        107
  0.1327E+03  0.1317E+03  0.4684E+03  0.0000E+00
   0.1152
  -0.01508
   7.832E-4
  -0.008719
  -0.03582
  -0.001207
   0.1241
   0.03494
   -0.03453
   0.13772992303780612
   0.041503333333333337
   0.06492650836822268
   -0.9933    0.1099    0.03465
   -0.05562    -0.7204    0.6913
   0.101    0.6848    0.7217
 Node:        108
  0.1273E+03  0.1304E+03  0.4831E+03  0.0000E+00
   0.1044
  -0.008408
  -9.24E-4
  -0.009543
  -0.006874
  -2.505E-4
   0.1084
   0.006232
   -0.008652
   0.11036531244915677
   0.035326666666666666
   0.05202670722704723
   -0.9941    0.07007    0.0827
   0.01017    -0.6993    0.7147
   0.1079    0.7114    0.6945
 Node:        109
  0.1018E+03  0.1092E+03  0.4946E+03 -0.2332E-04
  -4.665E-5
   2.399E-16
  -4.665E-5
   9.595E-17
  -2.399E-17
  -4.665E-5
   -4.665E-5
   -4.665E-5
   -4.665E-5
   0.0
   -4.665E-5
   0.0
   -0.3792    -0.925    -0.02399
   0.4801    -0.2188    0.8495
   0.791    -0.3106    -0.527
 Node:        110
  0.1058E+03  0.1118E+03  0.5081E+03 -0.2332E-04
  -4.665E-5
   4.798E-17
  -4.665E-5
  -2.399E-17
  -8.995E-17
  -4.665E-5
   -4.665E-5
   -4.665E-5
   -4.665E-5
   0.0
   -4.665E-5
   0.0
   -0.02838    -0.09126    0.9954
   0.7347    0.6733    0.08267
   -0.6778    0.7337    0.04794
 Node:        111
  0.1108E+03  0.1137E+03  0.5210E+03 -0.2332E-04
  -4.665E-5
   9.595E-17
  -4.665E-5
  -4.798E-17
   5.637E-16
  -4.665E-5
   -4.665E-5
   -4.665E-5
   -4.665E-5
   0.0
   -4.665E-5
   0.0
   0.9393    0.3169    0.1319
   0.3364    -0.7738    -0.5367
   -0.06804    0.5485    -0.8334
 Node:        112
  0.1072E+03  0.1111E+03  0.4942E+03 -0.2332E-04
  -4.665E-5
   2.399E-16
  -4.665E-5
  -3.594E-37
   2.399E-17
  -4.665E-5
   -4.665E-5
   -4.665E-5
   -4.665E-5
   0.0
   -4.665E-5
   0.0
   0.3759    0.9265    0.01671
   0.9266    -0.3757    -0.01402
   0.006714    -0.02075    0.9998
 Node:        113
  0.1071E+03  0.1139E+03  0.5077E+03 -0.2332E-04
  -4.665E-5
   4.744E-36
  -4.665E-5
   2.879E-16
  -2.639E-16
  -4.665E-5
   -4.665E-5
   -4.665E-5
   -4.665E-5
   0.0
   -4.665E-5
   0.0
   -0.1654    0.6537    -0.7384
   -0.2298    -0.7537    -0.6158
   -0.9591    0.06784    0.2749
 Node:        114
  0.1093E+03  0.1164E+03  0.5209E+03 -0.2332E-04
  -4.665E-5
   1.919E-16
  -4.665E-5
  -4.798E-17
   9.595E-17
  -4.665E-5
   -4.665E-5
   -4.665E-5
   -4.665E-5
   0.0
   -4.665E-5
   0.0
   -0.6573    -0.7285    -0.1931
   -0.4203    0.1416    0.8963
   0.6255    -0.6703    0.3993
 Node:        115
  0.1129E+03  0.1120E+03  0.4932E+03 -0.2332E-04
  -4.665E-5
  -4.312E-37
  -4.665E-5
  -1.439E-16
  -4.798E-17
  -4.665E-5
   -4.665E-5
   -4.665E-5
   -4.665E-5
   0.0
   -4.665E-5
   0.0
   0.6708    0.2236    -0.7072
   0.3162    -0.9487    -1.321E-5
   -0.6709    -0.2236    -0.7071
 Node:        116
  0.1092E+03  0.1143E+03  0.5068E+03 -0.2332E-04
  -4.665E-5
   8.995E-17
  -4.665E-5
   2.879E-16
   3.598E-17
  -4.665E-5
   -4.665E-5
   -4.665E-5
   -4.665E-5
   0.0
   -4.665E-5
   0.0
   -0.223    -0.9699    -0.09798
   0.8805    -0.2435    0.4067
   -0.4183    0.004413    0.9083
 Node:        117
  0.1089E+03  0.1172E+03  0.5207E+03 -0.2332E-04
  -4.665E-5
  -1.199E-16
  -4.665E-5
  -2.399E-16
  -2.879E-16
  -4.665E-5
   -4.665E-5
   -4.665E-5
   -4.665E-5
   0.0
   -4.665E-5
   0.0
   -0.232    -0.2201    0.9475
   -0.8739    0.475    -0.1036
   -0.4272    -0.852    -0.3026
 Node:        118
  0.1017E+03  0.1094E+03  0.4948E+03 -0.2332E-04
  -4.665E-5
   1.439E-16
  -4.665E-5
  -2.399E-16
  -3.118E-16
  -4.665E-5
   -4.665E-5
   -4.665E-5
   -4.665E-5
   0.0
   -4.665E-5
   0.0
   -0.276    -0.4258    0.8617
   0.1261    0.8727    0.4716
