 Group name: gastroc_stress
 #Fields=  16
 1) coordinates, coordinate, rectangular cartesian, #Components=3
   x.  Value index= 1, #Derivatives=0
   y.  Value index= 2, #Derivatives=0
   z.  Value index= 3, #Derivatives=0
 2) Tensor_1, field, rectangular cartesian, #Components=1
   Tensor_1.  Value index= 4, #Derivatives=0
 3) Tensor_2, field, rectangular cartesian, #Components=1
   Tensor_2.  Value index= 5, #Derivatives=0
 4) Tensor_3, field, rectangular cartesian, #Components=1
   Tensor_3.  Value index= 6, #Derivatives=0
 5) Tensor_4, field, rectangular cartesian, #Components=1
   Tensor_4.  Value index= 7, #Derivatives=0
 6) Tensor_5, field, rectangular cartesian, #Components=1
   Tensor_5.  Value index= 8, #Derivatives=0
 7) Tensor_6, field, rectangular cartesian, #Components=1
   Tensor_6.  Value index= 9, #Derivatives=0
 8) Principal_1, field, rectangular cartesian, #Components=1
   Principal_1.  Value index= 10, #Derivatives=0
 9) Principal_2, field, rectangular cartesian, #Components=1
   Principal_2.  Value index= 11, #Derivatives=0
 10) Principal_3, field, rectangular cartesian, #Components=1
   Principal_3.  Value index= 12, #Derivatives=0
 11) VonMises, field, rectangular cartesian, #Components=1
   VonMises.  Value index= 13, #Derivatives=0
 12) Hydrostatic, field, rectangular cartesian, #Components=1
   VonMises.  Value index= 14, #Derivatives=0
 13) Octahedral, field, rectangular cartesian, #Components=1
   VonMises.  Value index= 15, #Derivatives=0
 14) PrincipalVector1, field, rectangular cartesian, #Components=3
   x.  Value index= 16, #Derivatives=0
   y.  Value index= 17, #Derivatives=0
   z.  Value index= 18, #Derivatives=0
 15) PrincipalVector2, field, rectangular cartesian, #Components=3
   x.  Value index= 19, #Derivatives=0
   y.  Value index= 20, #Derivatives=0
   z.  Value index= 21, #Derivatives=0
 16) PrincipalVector3, field, rectangular cartesian, #Components=3
   x.  Value index= 22, #Derivatives=0
   y.  Value index= 23, #Derivatives=0
   z.  Value index= 24, #Derivatives=0
 Node:          1
  0.1287E+03  0.1133E+03  0.4908E+03 -0.1079E-04
  -2.157E-5
  -1.439E-16
  -2.157E-5
  -4.797E-17
  -7.196E-17
  -2.157E-5
   -2.157E-5
   -2.157E-5
   -2.157E-5
   0.0
   -2.157E-5
   0.0
   0.966    -0.2571    -0.02712
   0.2489    0.9532    -0.1718
   0.07002    0.1592    0.9848
 Node:          2
  0.1292E+03  0.1137E+03  0.5052E+03 -0.1079E-04
  -2.157E-5
  -1.919E-16
  -2.157E-5
  -9.595E-17
   3.358E-16
  -2.157E-5
   -2.157E-5
   -2.157E-5
   -2.157E-5
   0.0
   -2.157E-5
   0.0
   0.895    -0.3984    -0.2008
   0.4461    0.7982    0.4048
   -9.592E-4    -0.4518    0.8921
 Node:          3
  0.1289E+03  0.1155E+03  0.5194E+03 -0.1079E-04
  -2.157E-5
   2.399E-16
  -2.157E-5
   1.919E-16
   9.595E-17
  -2.157E-5
   -2.157E-5
   -2.157E-5
   -2.157E-5
   0.0
   -2.157E-5
   0.0
   -0.4092    -0.8757    -0.2565
   0.496    -0.4494    0.7429
   0.7659    -0.1767    -0.6183
 Node:          4
  0.1361E+03  0.1141E+03  0.4915E+03 -0.1079E-04
  -2.157E-5
  -4.797E-17
  -2.157E-5
  -4.797E-17
  -1.439E-16
  -2.157E-5
   -2.157E-5
   -2.157E-5
   -2.157E-5
   0.0
   -2.157E-5
   0.0
   -0.04308    -0.0943    0.9946
   -0.9939    0.1055    -0.03304
   -0.1018    -0.9899    -0.09826
 Node:          5
  0.1341E+03  0.1144E+03  0.5054E+03 -0.1079E-04
  -2.157E-5
   2.399E-16
  -2.157E-5
   9.595E-17
  -1.199E-16
  -2.157E-5
   -2.157E-5
   -2.157E-5
   -2.157E-5
   0.0
   -2.157E-5
   0.0
   0.09699    -0.1794    0.979
   0.7185    0.6933    0.05584
   -0.6888    0.698    0.1961
 Node:          6
  0.1323E+03  0.1162E+03  0.5191E+03 -0.1079E-04
  -2.157E-5
   9.595E-17
  -2.157E-5
  -9.595E-17
  -4.797E-17
  -2.157E-5
   -2.157E-5
   -2.157E-5
   -2.157E-5
   0.0
   -2.157E-5
   0.0
   -0.715    -0.6928    0.09323
   0.693    -0.72    -0.03581
   0.09194    0.039    0.995
 Node:          7
  0.1408E+03  0.1171E+03  0.4920E+03 -0.1079E-04
  -2.157E-5
   3.838E-16
  -2.157E-5
  -1.439E-16
  -1.919E-16
  -2.157E-5
   -2.157E-5
   -2.157E-5
   -2.157E-5
   0.0
   -2.157E-5
   0.0
   0.8641    0.487    -0.1268
   -0.5006    0.8577    -0.1173
   0.05165    0.1648    0.985
 Node:          8
  0.1367E+03  0.1169E+03  0.5055E+03 -0.1079E-04
  -2.157E-5
   3.358E-16
  -2.157E-5
  -6.956E-16
  -4.078E-16
  -2.157E-5
   -2.157E-5
   -2.157E-5
   -2.157E-5
   0.0
   -2.157E-5
   0.0
   -0.7204    -0.6269    0.2965
   0.6359    -0.7678    -0.0782
   0.2767    0.1322    0.9518
 Node:          9
  0.1339E+03  0.1180E+03  0.5191E+03 -0.1079E-04
  -2.157E-5
   2.878E-16
  -2.157E-5
  -6.836E-16
  -4.797E-16
  -2.157E-5
   -2.157E-5
   -2.157E-5
   -2.157E-5
   0.0
   -2.157E-5
   0.0
   0.3025    0.1645    -0.9388
   0.9346    0.1423    0.3261
   -0.1873    0.976    0.1107
 Node:         10
  0.1294E+03  0.1212E+03  0.4911E+03 -0.1079E-04
  -2.157E-5
   4.797E-17
  -2.157E-5
  -2.399E-17
   2.159E-16
  -2.157E-5
   -2.157E-5
   -2.157E-5
   -2.157E-5
   0.0
   -2.157E-5
   0.0
   0.02409    0.7089    0.7049
   0.1744    0.6913    -0.7012
   -0.9844    0.1398    -0.107
 Node:         11
  0.1295E+03  0.1214E+03  0.5055E+03 -0.1079E-04
  -2.157E-5
  -4.797E-17
  -2.157E-5
  -7.196E-17
   2.399E-17
  -2.157E-5
   -2.157E-5
   -2.157E-5
   -2.157E-5
   0.0
   -2.157E-5
   0.0
   -0.2763    0.1332    0.9518
   -0.5867    0.761    -0.2768
   0.7612    0.635    0.1322
 Node:         12
  0.1295E+03  0.1217E+03  0.5196E+03 -0.1079E-04
  -2.157E-5
  -1.828E-37
  -2.157E-5
   1.319E-16
   4.797E-17
  -2.157E-5
   -2.157E-5
   -2.157E-5
   -2.157E-5
   0.0
   -2.157E-5
   0.0
   -0.2404    -0.0874    -0.9667
   -0.3417    0.9398    3.715E-6
   -0.9085    -0.3304    0.2558
 Node:         13
  0.1361E+03  0.1199E+03  0.4914E+03 -0.1079E-04
  -2.157E-5
  -2.399E-16
  -2.157E-5
  -1.679E-16
   4.797E-17
  -2.157E-5
   -2.157E-5
   -2.157E-5
   -2.157E-5
   0.0
   -2.157E-5
   0.0
   0.9203    -0.37    -0.1273
   0.3696    0.9288    -0.02722
   0.1283    -0.022    0.9915
 Node:         14
  0.1342E+03  0.1198E+03  0.5054E+03 -0.1079E-04
  -2.157E-5
   4.797E-17
  -2.157E-5
   9.595E-17
  -1.559E-16
  -2.157E-5
   -2.157E-5
   -2.157E-5
   -2.157E-5
   0.0
   -2.157E-5
   0.0
   0.09998    -0.2649    0.9591
   -0.2953    -0.9284    -0.2256
   -0.9502    0.2607    0.171
 Node:         15
  0.1330E+03  0.1205E+03  0.5193E+03 -0.1079E-04
  -2.157E-5
  -1.439E-16
  -2.157E-5
   2.399E-17
   8.395E-17
  -2.157E-5
   -2.157E-5
   -2.157E-5
   -2.157E-5
   0.0
   -2.157E-5
   0.0
   0.9934    -0.1134    0.01425
   -0.01885    -0.2856    -0.9582
   0.1127    0.9516    -0.2858
 Node:         16
  0.1404E+03  0.1188E+03  0.4918E+03 -0.1079E-04
  -2.157E-5
   9.595E-17
  -2.157E-5
  -1.439E-16
  -2.519E-16
  -2.157E-5
   -2.157E-5
   -2.157E-5
   -2.157E-5
   0.0
   -2.157E-5
   0.0
   -0.1502    -0.2388    0.9594
   -0.794    -0.549    -0.261
   0.5891    -0.801    -0.1072
 Node:         17
  0.1365E+03  0.1184E+03  0.5055E+03 -0.1079E-04
  -2.157E-5
   4.797E-17
  -2.157E-5
   1.679E-16
   2.938E-16
  -2.157E-5
   -2.157E-5
   -2.157E-5
   -2.157E-5
   0.0
   -2.157E-5
   0.0
   0.248    0.4017    0.8815
   0.9357    -0.3351    -0.1106
   -0.251    -0.8523    0.459
 Node:         18
  0.1341E+03  0.1191E+03  0.5192E+03 -0.1079E-04
  -2.157E-5
  -2.43E-37
  -2.157E-5
   4.573E-17
   1.84E-16
  -2.157E-5
   -2.157E-5
   -2.157E-5
   -2.157E-5
   0.0
   -2.157E-5
   0.0
   0.02286    0.09199    0.9955
   0.9707    -0.2403    -8.925E-5
   -0.2392    -0.9663    0.09478
 Node:         19
  0.1301E+03  0.1291E+03  0.4914E+03  0.0000E+00
   4.934E-16
   0.0
   4.934E-16
   3.631E-19
   1.731E-17
  -9.869E-16
   4.936E-16
   4.934E-16
   -9.871E-16
   1.4806000101310279E-15
   -3.3333333333314155E-20
   6.979615382590138E-16
   -0.02097    -0.9997    -0.01169
   -0.9998    0.02097    -8.123E-17
   2.452E-4    0.01169    -0.9999
 Node:         20
  0.1299E+03  0.1291E+03  0.5058E+03  0.0000E+00
   9.869E-16
   0.0
   0.0
   1.799E-17
   3.326E-17
  -2.467E-16
   9.871E-16
   4.4E-18
   -2.514E-16
   1.1324785163525177E-15
   2.467E-16
   5.338554923072971E-16
   -0.9999    -4.917E-4    -0.01459
   0.002401    -0.9914    -0.1311
   -0.0144    -0.1312    0.9913
 Node:         21
  0.1301E+03  0.1280E+03  0.5197E+03  0.0000E+00
   4.934E-16
   0.0
   0.0
   7.196E-17
   2.549E-17
   4.934E-16
   5.66E-16
   4.222E-16
   -1.341E-18
   5.108528305500519E-16
   3.28953E-16
   2.408183337801893E-16
   -0.7039    -0.03195    -0.7096
   -0.7102    0.04241    0.7027
   -0.007642    -0.9986    0.05255
 Node:         22
  0.1360E+03  0.1256E+03  0.4913E+03  0.0000E+00
  -9.869E-16
   2.399E-17
  -4.934E-16
  -2.399E-17
   1.739E-16
   4.934E-16
   5.234E-16
   -5.215E-16
   -9.888E-16
   1.3410693755358072E-15
   -3.2896666666666662E-16
   6.321861663219854E-16
   -0.01298    0.1683    0.9857
   0.05935    0.9841    -0.1672
   -0.9982    0.05633    -0.02276
 Node:         23
  0.1343E+03  0.1253E+03  0.5054E+03  0.0000E+00
   0.0
   3.598E-17
  -1.974E-15
   0.0
   2.271E-16
  -7.401E-16
   6.796E-19
   -6.997E-16
   -2.015E-15
   1.7724996366646057E-15
   -9.046734666666666E-16
   8.355643418241562E-16
   0.9998    0.01889    0.00579
   -0.009011    0.1753    0.9845
   0.01758    -0.9843    0.1754
 Node:         24
  0.1336E+03  0.1248E+03  0.5194E+03  0.0000E+00
  -9.869E-16
   2.099E-17
   0.0
   2.399E-17
   1.499E-18
  -7.401E-16
   4.516E-19
   -7.379E-16
   -9.896E-16
   8.912682384908372E-16
   -5.756827999999999E-16
   4.2014787686204007E-16
   -0.02132    -0.9998    -0.002714
   0.09549    -0.004739    0.9954
   -0.9952    0.02096    0.09557
 Node:         25
  0.1400E+03  0.1206E+03  0.4917E+03  0.0000E+00
   0.0
   4.617E-16
  -4.934E-16
  -1.439E-16
  -2.249E-16
   9.869E-16
   1.067E-15
   2.05E-16
   -7.785E-16
   1.5994040296310373E-15
   1.6449999999999999E-16
   7.539662901394642E-16
   -0.2161    -0.2016    0.9553
   0.839    0.4621    0.2874
   -0.4994    0.8636    0.06929
 Node:         26
  0.1363E+03  0.1200E+03  0.5055E+03  0.0000E+00
   9.869E-16
   1.859E-16
  -2.714E-15
   4.797E-17
  -1.943E-15
  -2.467E-16
   1.006E-15
   8.09E-16
   -3.789E-15
   4.699597748744035E-15
   -6.579999999999999E-16
   2.215411624657293E-15
   0.968    0.1526    -0.1995
   0.2481    -0.4578    0.8538
   -0.03892    0.8759    0.4809
 Node:         27
  0.1343E+03  0.1203E+03  0.5192E+03  0.0000E+00
   9.869E-16
  -3.358E-16
   9.869E-16
  -1.799E-16
   2.27E-15
   0.0
   2.89E-15
   9.15E-16
   -1.831E-15
   4.1066398673367985E-15
   6.58E-16
   1.9358885987232494E-15
   -0.1931    0.7658    0.6135
   0.9808    0.1345    0.1409
   0.02534    0.6289    -0.7771
 Node:         28
  0.1155E+03  0.1124E+03  0.4931E+03 -0.6374E-04
  -1.275E-4
   6.597E-17
  -1.275E-4
  -9.596E-17
   9.596E-17
  -1.275E-4
   -1.275E-4
   -1.275E-4
   -1.275E-4
   0.0
   -1.275E-4
   0.0
   0.02393    0.9835    0.1795
   0.07202    0.1774    -0.9815
   -0.9971    0.03641    -0.06659
 Node:         29
  0.1119E+03  0.1139E+03  0.5068E+03 -0.6374E-04
  -1.275E-4
  -3.598E-17
  -1.275E-4
   9.596E-17
   1.199E-17
  -1.275E-4
   -1.275E-4
   -1.275E-4
   -1.275E-4
   0.0
   -1.275E-4
   0.0
   -0.03582    0.9993    0.005782
   -0.9821    -0.03413    -0.1855
   -0.1852    -0.01232    0.9826
 Node:         30
  0.1113E+03  0.1159E+03  0.5206E+03 -0.6374E-04
  -1.275E-4
   2.159E-16
  -1.275E-4
   1.768E-36
  -4.798E-17
  -1.275E-4
   -1.275E-4
   -1.275E-4
   -1.275E-4
   0.0
   -1.275E-4
   0.0
   0.7037    0.7089    -0.04782
   -0.7087    0.6955    -0.1186
   -0.05079    0.1173    0.9918
 Node:         31
  0.1203E+03  0.1126E+03  0.4920E+03 -0.6374E-04
  -1.275E-4
   1.679E-16
  -1.275E-4
   4.798E-17
   7.197E-17
  -1.275E-4
   -1.275E-4
   -1.275E-4
   -1.275E-4
   0.0
   -1.275E-4
   0.0
   -0.7438    -0.4293    -0.5122
   0.5142    0.1219    -0.8489
   0.4269    -0.8949    0.1301
 Node:         32
  0.1188E+03  0.1134E+03  0.5062E+03 -0.6374E-04
  -1.275E-4
  -2.399E-17
  -1.275E-4
  -4.798E-17
   1.679E-16
  -1.275E-4
   -1.275E-4
   -1.275E-4
   -1.275E-4
   0.0
   -1.275E-4
   0.0
   0.9989    -0.02088    -0.04162
   0.04657    0.4512    0.8912
   1.663E-4    -0.8922    0.4517
 Node:         33
  0.1183E+03  0.1150E+03  0.5201E+03 -0.6374E-04
  -1.275E-4
   9.596E-17
  -1.275E-4
   1.439E-16
  -2.357E-36
  -1.275E-4
   -1.275E-4
   -1.275E-4
   -1.275E-4
   0.0
   -1.275E-4
   0.0
   0.9536    0.1669    0.2505
   2.979E-4    0.8316    -0.5554
   -0.301    0.5297    0.793
 Node:         34
  0.1255E+03  0.1129E+03  0.4909E+03 -0.6374E-04
  -1.275E-4
  -2.75E-36
  -1.275E-4
   9.596E-17
   1.679E-16
  -1.275E-4
   -1.275E-4
   -1.275E-4
   -1.275E-4
   0.0
   -1.275E-4
   0.0
   -0.3509    -0.6138    -0.7072
   -0.8681    0.4964    -9.081E-5
   0.3511    0.6138    -0.7071
 Node:         35
  0.1260E+03  0.1135E+03  0.5054E+03 -0.6374E-04
  -1.275E-4
   1.919E-16
  -1.275E-4
   1.919E-16
   4.318E-16
  -1.275E-4
   -1.275E-4
   -1.275E-4
   -1.275E-4
   0.0
   -1.275E-4
   0.0
   0.7459    0.4709    0.4709
   -0.666    0.5274    0.5275
   2.231E-5    -0.7071    0.7071
 Node:         36
  0.1257E+03  0.1153E+03  0.5196E+03 -0.6374E-04
  -1.275E-4
  -9.596E-17
  -1.275E-4
  -9.596E-17
   1.439E-16
  -1.275E-4
   -1.275E-4
   -1.275E-4
   -1.275E-4
   0.0
   -1.275E-4
   0.0
   -0.5155    0.606    0.6059
   0.8569    0.3644    0.3646
   -1.397E-4    -0.7071    0.7071
 Node:         37
  0.1132E+03  0.1210E+03  0.4959E+03 -0.6374E-04
  -1.275E-4
   2.399E-16
  -1.275E-4
  -1.439E-16
   3.119E-16
  -1.275E-4
   -1.275E-4
   -1.275E-4
   -1.275E-4
   0.0
   -1.275E-4
   0.0
   -0.5072    -0.7958    -0.3309
   0.7558    -0.2263    -0.6144
   0.4141    -0.5618    0.7162
 Node:         38
  0.1111E+03  0.1204E+03  0.5085E+03 -0.6374E-04
  -1.275E-4
   1.679E-16
  -1.275E-4
  -4.798E-17
  -1.439E-16
  -1.275E-4
   -1.275E-4
   -1.275E-4
   -1.275E-4
   0.0
   -1.275E-4
   0.0
   0.2119    0.9668    -0.1429
   0.9723    -0.2233    -0.06854
   0.09817    0.1244    0.9874
 Node:         39
  0.1119E+03  0.1201E+03  0.5207E+03 -0.6374E-04
  -1.275E-4
  -1.679E-16
  -1.275E-4
  -1.439E-16
  -1.319E-16
  -1.275E-4
   -1.275E-4
   -1.275E-4
   -1.275E-4
   0.0
   -1.275E-4
   0.0
   0.9213    -0.0799    -0.3805
   0.3608    -0.1891    0.9133
   -0.1449    -0.9787    -0.1454
 Node:         40
  0.1191E+03  0.1220E+03  0.4937E+03 -0.6374E-04
  -1.275E-4
   1.439E-16
  -1.275E-4
   1.439E-16
  -2.399E-17
  -1.275E-4
   -1.275E-4
   -1.275E-4
   -1.275E-4
   0.0
   -1.275E-4
   0.0
   0.9817    0.1345    0.1345
   -1.229E-4    0.7075    -0.7067
   -0.1903    0.6938    0.6946
 Node:         41
  0.1182E+03  0.1217E+03  0.5073E+03 -0.6374E-04
  -1.275E-4
  -4.798E-17
  -1.275E-4
   9.596E-17
   1.679E-16
  -1.275E-4
   -1.275E-4
   -1.275E-4
   -1.275E-4
   0.0
   -1.275E-4
   0.0
   -0.1538    -0.1966    -0.9683
   -0.9621    0.2533    0.1014
   0.2254    0.9472    -0.2281
 Node:         42
  0.1187E+03  0.1212E+03  0.5204E+03 -0.6374E-04
  -1.275E-4
  -9.596E-17
  -1.275E-4
   1.571E-36
   9.596E-17
  -1.275E-4
   -1.275E-4
   -1.275E-4
   -1.275E-4
   0.0
   -1.275E-4
   0.0
   -0.01861    0.09765    0.995
   -0.9834    0.178    -0.03586
   -0.1806    -0.9792    0.09271
 Node:         43
  0.1258E+03  0.1217E+03  0.4915E+03 -0.6374E-04
  -1.275E-4
   1.919E-16
  -1.275E-4
  -2.399E-17
   7.857E-37
  -1.275E-4
   -1.275E-4
   -1.275E-4
   -1.275E-4
   0.0
   -1.275E-4
   0.0
   0.9458    0.3242    -0.01746
   -0.3241    0.946    0.01155
   0.02026    -0.005269    0.9998
 Node:         44
  0.1259E+03  0.1220E+03  0.5059E+03 -0.6374E-04
  -1.275E-4
   2.399E-16
  -1.275E-4
   1.679E-16
   1.919E-16
  -1.275E-4
   -1.275E-4
   -1.275E-4
   -1.275E-4
   0.0
   -1.275E-4
   0.0
   -0.3605    -0.3834    -0.8503
   -0.6209    -0.5817    0.5255
   0.6961    -0.7174    0.02835
 Node:         45
  0.1261E+03  0.1221E+03  0.5198E+03 -0.6374E-04
  -1.275E-4
  -1.439E-16
  -1.275E-4
   4.798E-17
  -1.199E-17
  -1.275E-4
   -1.275E-4
   -1.275E-4
   -1.275E-4
   0.0
   -1.275E-4
   0.0
   0.06679    -0.01247    0.9977
   -0.9877    0.1408    0.06788
   -0.1413    -0.99    -0.002916
 Node:         46
  0.1117E+03  0.1296E+03  0.4959E+03  0.0000E+00
  -2.467E-16
   4.797E-17
  -7.401E-16
   1.199E-17
  -4.497E-17
   0.0
   3.057E-18
   -2.423E-16
   -7.476E-16
   6.629532710146319E-16
   -3.2894766666666664E-16
   3.125191690294995E-16
   0.03676    -0.058    0.9976
   0.9946    0.09864    -0.03092
   -0.09662    0.9934    0.06131
 Node:         47
  0.1107E+03  0.1269E+03  0.5087E+03  0.0000E+00
  -7.401E-16
  -5.397E-17
   4.934E-16
  -4.797E-17
   6.896E-17
   0.0
   5.058E-16
   -7.273E-18
   -7.452E-16
   1.0892155802819752E-15
   -8.222433333333333E-17
   5.1346114866095E-16
   -0.04821    0.9891    0.1394
   -0.05424    -0.142    0.9884
   -0.9974    -0.04009    -0.06049
 Node:         48
  0.1125E+03  0.1242E+03  0.5208E+03  0.0000E+00
   4.934E-16
   5.997E-18
   4.934E-16
   0.0
  -2.998E-18
   4.934E-16
   5.001E-16
   4.934E-16
   4.867E-16
   1.1604740410711462E-17
   4.934E-16
   5.470527092215756E-18
   -0.6325    -0.7071    0.3162
   0.4472    -2.276E-15    0.8944
   0.6325    -0.7071    -0.3162
 Node:         49
  0.1186E+03  0.1311E+03  0.4938E+03  0.0000E+00
  -7.401E-16
  -3.598E-17
   0.0
  -7.196E-17
  -1.049E-17
  -2.467E-16
   1.947E-18
   -2.366E-16
   -7.523E-16
   6.677348643803167E-16
   -3.2898433333333336E-16
   3.1477323375866775E-16
   0.04561    -0.9985    0.02894
   -0.143    0.02215    0.9895
   -0.9887    -0.04926    -0.1418
 Node:         50
  0.1180E+03  0.1298E+03  0.5075E+03  0.0000E+00
   0.0
  -2.249E-17
   1.48E-15
  -7.196E-17
   2.155E-17
   9.869E-16
   1.482E-15
   9.91E-16
   -5.513E-18
   1.3127859849072886E-15
   8.224956666666666E-16
   6.188532481164029E-16
   0.01739    -0.9988    -0.04603
   -0.07128    -0.04716    0.9963
   0.9973    0.01405    0.07201
 Node:         51
  0.1192E+03  0.1275E+03  0.5206E+03  0.0000E+00
   0.0
  -5.997E-18
  -2.467E-16
   0.0
   2.549E-17
   4.934E-16
   4.943E-16
   1.449E-19
   -2.477E-16
   6.54286006770747E-16
   8.22483E-17
   3.0843338148204166E-16
   -4.17E-4    0.03438    0.9994
   0.9997    -0.02416    0.001248
   0.02418    0.9991    -0.03436
 Node:         52
  0.1262E+03  0.1305E+03  0.4920E+03  0.0000E+00
   4.934E-16
  -2.399E-17
   4.934E-16
   2.249E-18
   8.48E-18
   0.0
   5.175E-16
   4.696E-16
   -1.6E-19
   4.95449666061044E-16
   3.2898E-16
   2.335572124055831E-16
   -0.7061    0.708    0.008534
   0.7081    0.706    0.01614
   -0.005403    -0.01744    0.9998
 Node:         53
  0.1258E+03  0.1304E+03  0.5063E+03  0.0000E+00
  -7.401E-16
  -2.998E-18
  -4.934E-16
   4.797E-17
   5.847E-17
  -9.869E-16
   -4.866E-16
   -7.314E-16
   -1.002E-15
   4.465358664206045E-16
   -7.399999999999999E-16
   2.104990261260132E-16
   0.0104    0.9931    0.1171
   -0.9836    0.03123    -0.1776
   -0.18    -0.1133    0.9771
 Node:         54
  0.1265E+03  0.1288E+03  0.5200E+03  0.0000E+00
  -9.869E-16
   3.598E-17
   4.934E-16
   0.0
  -7.496E-18
   4.934E-16
   5.014E-16
   4.864E-16
   -9.877E-16
   1.4816569474746847E-15
   3.3333333333314155E-20
   6.984597833010066E-16
   0.01758    0.7272    -0.6862
   0.01675    0.686    0.7274
   -0.9997    0.02428    1.229E-4
 Node:         55
  0.1382E+03  0.1167E+03  0.4541E+03 -0.2791E-02
   0.02976
  -0.01342
   0.007614
   0.00672
   0.0266
   0.004036
   0.03859
   0.02645
   -0.02494
   0.05841392214190038
   0.013366666666666666
   0.027536586974827183
   0.4795    -0.7145    -0.5094
   0.8417    0.2103    0.4973
   -0.2482    -0.6672    0.7023
 Node:         56
  0.1314E+03  0.1156E+03  0.4691E+03 -0.2791E-02
   0.02885
   0.009803
   0.001117
   0.03415
  -0.00232
  -0.004463
   0.0502
   0.002107
   -0.02677
   0.06734685841967686
   0.008512333333333334
   0.03174761352010923
   -0.851    -0.141    -0.5059
   -0.01253    -0.9576    0.2879
   -0.5251    0.2513    0.8131
 Node:         57
  0.1285E+03  0.1140E+03  0.4824E+03 -0.2791E-02
   0.04154
   0.01398
  -0.006061
   0.01068
  -0.00733
  -0.00608
   0.04676
   0.001198
   -0.0184
   0.05790424443855562
   0.009852666666666668
   0.027296322601324075
   -0.9607    -0.2276    -0.1589
   0.03898    -0.6774    0.7346
   -0.2748    0.6996    0.6596
 Node:         58
  0.1486E+03  0.1175E+03  0.4544E+03 -0.2791E-02
   0.02851
  -0.04842
   0.01828
  -0.006987
   0.02289
  -0.001395
   0.08095
   -8.729E-4
   -0.0303
   0.09984363695003301
   0.016592366666666667
   0.047066741830464054
   -0.6835    0.6796    0.2662
   -0.5048    -0.1767    -0.8449
   -0.5272    -0.712    0.4639
 Node:         59
  0.1420E+03  0.1165E+03  0.4700E+03 -0.2791E-02
   0.02868
  -0.03386
   0.01065
   0.02026
   0.004624
  -0.007527
   0.05817
   0.003169
   -0.02767
   0.07531487078260175
   0.011222999999999999
   0.03550377056971086
   -0.7961    0.5766    -0.1839
   0.2678    0.6081    0.7473
   0.5427    0.5457    -0.6385
 Node:         60
  0.1375E+03  0.1150E+03  0.4833E+03 -0.2791E-02
   0.04179
  -0.001843
  -0.003679
   0.01271
  -0.004791
  -0.006607
   0.04467
   -0.001707
   -0.01191
   0.052231330339174785
   0.010351
   0.024622085248816764
   -0.9681    0.06382    -0.2423
   0.168    0.8827    -0.4389
   -0.1859    0.4656    0.8653
 Node:         61
  0.1557E+03  0.1217E+03  0.4542E+03 -0.2791E-02
   0.03663
  -0.04836
   0.007824
  -0.04211
   0.05933
  -0.01962
   0.1259
   -0.01831
   -0.06363
   0.1714235214315702
   0.014653333333333338
   0.0808098229727605
   -0.6655    0.5982    0.4464
   0.7463    0.5216    0.4135
   0.01457    0.6083    -0.7936
 Node:         62
  0.1495E+03  0.1201E+03  0.4704E+03 -0.2791E-02
   0.04261
  -0.06102
   0.006943
  -0.003558
   0.02327
  -0.02089
   0.1022
   -0.01228
   -0.04832
   0.13612645297663492
   0.013866666666666666
   0.06417062533243349
   -0.7893    0.5966    0.1447
   -0.4033    -0.3261    -0.855
   -0.4629    -0.7333    0.498
 Node:         63
  0.1437E+03  0.1181E+03  0.4839E+03 -0.2791E-02
   0.04683
  -0.01394
  -0.003577
   0.006701
  -0.006889
  -0.008559
   0.05257
   -0.003322
   -0.0133
   0.06149119062109629
   0.011982666666666668
   0.028987225247607874
   -0.9568    0.2579    -0.1338
   0.2842    0.7349    -0.6158
   0.06049    0.6272    0.7765
 Node:         64
  0.1415E+03  0.1253E+03  0.4531E+03 -0.2791E-02
   0.03595
   0.02368
   0.005277
  -0.02136
   0.01479
  -0.006702
   0.05053
   0.01492
   -0.03025
   0.07012064389322162
   0.011733333333333332
   0.03305518853204272
   0.8939    0.3986    -0.205
   -0.1694    0.7239    0.6688
   0.415    -0.5631    0.7146
 Node:         65
  0.1342E+03  0.1229E+03  0.4687E+03 -0.2791E-02
   0.03657
   0.01242
   0.003979
  -0.003483
   0.004992
  -0.006564
   0.03905
   0.00339
   -0.01011
   0.043991994726313564
   0.010776666666666665
   0.02073802519259944
   -0.9418    -0.3348    0.02955
   0.2735    -0.8144    -0.5117
   -0.1954    0.4739    -0.8586
 Node:         66
  0.1299E+03  0.1214E+03  0.4825E+03 -0.2791E-02
   0.04424
   0.001919
  -0.004246
   0.004706
  -0.003482
  -0.005967
   0.04437
   -0.001577
   -0.009129
   0.05015128370241384
   0.011221333333333333
   0.02364154186079147
   -0.9955    -0.03198    -0.08957
   -0.02862    -0.7974    0.6028
   -0.0907    0.6026    0.7928
 Node:         67
  0.1502E+03  0.1242E+03  0.4534E+03 -0.2791E-02
   0.03496
  -0.02434
   0.004092
  -0.01765
   0.009848
  -0.001625
   0.05477
   -0.00859
   -0.009517
   0.06382854885550822
   0.012221000000000001
   0.030089066486017807
   -0.8183    0.467    0.335
   0.4905    0.2636    0.8306
   -0.2996    -0.8441    0.4448
 Node:         68
  0.1434E+03  0.1223E+03  0.4694E+03 -0.2791E-02
   0.03644
  -0.04338
   0.004787
  -0.00538
   0.01133
  -0.003822
   0.06962
   -0.003729
   -0.02669
   0.08712892579964475
   0.013067000000000002
   0.04107296951361889
   -0.8052    0.5727    0.1537
   0.2863    0.1485    0.9466
   0.5193    0.8062    -0.2835
 Node:         69
  0.1380E+03  0.1205E+03  0.4831E+03 -0.2791E-02
   0.04438
  -0.01138
  -0.002978
   0.002891
   0.00113
  -0.005709
   0.04675
   -0.003974
   -0.007433
   0.052538968137945
   0.011781
   0.024767107097923246
   -0.9741    0.2209    -0.04778
   0.1283    0.7143    0.688
   -0.1861    -0.6641    0.7241
 Node:         70
  0.1559E+03  0.1238E+03  0.4540E+03 -0.2791E-02
   0.03675
  -0.02999
  -0.006307
  -0.03941
   0.02571
   0.008242
   0.0857
   -0.01659
   -0.02569
   0.10713026229782134
   0.014473333333333333
   0.050501689960722
   -0.7388    0.408    0.5364
   0.6719    0.507    0.5399
   0.05173    -0.7593    0.6487
 Node:         71
  0.1496E+03  0.1220E+03  0.4702E+03 -0.2791E-02
   0.03961
  -0.06899
   1.829E-4
  -0.03331
   0.0346
  -9.248E-4
   0.1202
   -0.01896
   -0.05006
   0.15703691158450614
   0.01706
   0.07402791005199773
   -0.7406    0.556    0.3773
   -0.447    0.01157    -0.8945
   -0.5017    -0.8311    0.24
 Node:         72
  0.1435E+03  0.1199E+03  0.4838E+03 -0.2791E-02
   0.04523
  -0.02194
  -0.00321
  -0.002476
   0.005802
  -0.00547
   0.05448
   -0.003331
   -0.01396
   0.0637931068454892
   0.012396333333333334
   0.030072358962268914
   -0.9298    0.3605    0.07476
   0.2342    0.4224    0.8756
   -0.2841    -0.8316    0.4772
 Node:         73
  0.1448E+03  0.1339E+03  0.4527E+03  0.0000E+00
   0.05366
  -0.01627
  -0.007409
   0.009191
  -0.009627
   0.007485
   0.06163
   0.007913
   -0.0131
   0.06675191067677388
   0.018814333333333332
   0.03146715246447034
   -0.9439    0.2496    -0.2164
   0.2863    0.291    -0.9129
   0.1648    0.9236    0.3461
 Node:         74
  0.1370E+03  0.1304E+03  0.4685E+03  0.0000E+00
   0.05812
  -0.02508
  -0.004358
   0.001232
  -0.01659
   0.003921
   0.07029
   0.0123
   -0.02084
   0.07989298029238864
   0.02058333333333334
   0.03766191208930081
   -0.936    0.3356    -0.1063
   -0.262    -0.4626    0.847
   0.2351    0.8206    0.5209
 Node:         75
  0.1313E+03  0.1289E+03  0.4826E+03  0.0000E+00
   0.05322
  -0.01007
  -7.273E-4
  -0.005722
  -0.00312
   1.678E-4
   0.05634
   0.002789
   -0.005552
   0.05817173517267643
   0.017859
   0.027422418942658334
   -0.9817    0.1674    0.09052
   -0.03144    -0.6117    0.7905
   0.1877    0.7732    0.6058
 Node:         76
  0.1518E+03  0.1310E+03  0.4530E+03  0.0000E+00
   0.05424
  -0.02198
  -0.01085
  -4.504E-5
   0.02288
   0.01231
   0.06337
   0.02437
   -0.02667
   0.07820896112339046
   0.020356666666666665
   0.036868057839936304
   -0.9341    0.3198    0.1587
   0.2894    0.4182    0.861
   0.209    0.8502    -0.4832
 Node:         77
  0.1448E+03  0.1282E+03  0.4691E+03  0.0000E+00
   0.06235
  -0.0109
  -0.0061
  -0.007487
   0.01532
   0.004484
   0.06921
   0.01224
   -0.01604
   0.07520938039899011
   0.02180333333333333
   0.03545404192597635
   -0.9719    0.1739    0.1587
   0.2292    0.5447    0.8067
   -0.05387    -0.8204    0.5693
 Node:         78
  0.1385E+03  0.1261E+03  0.4829E+03  0.0000E+00
   0.0556
  -0.001696
  -6.084E-4
  -0.005767
  -0.001074
   5.889E-5
   0.05742
   6.39E-4
   -0.0018
   0.0580389484828938
   0.018753
   0.027359822696793924
   -0.9946    0.02699    0.09975
   0.05359    -0.6906    0.7212
   0.08836    0.7227    0.6855
 Node:         79
  0.1561E+03  0.1259E+03  0.4537E+03  0.0000E+00
   0.05515
   0.05069
   0.0128
   0.02025
  -9.927E-4
  -0.03039
   0.1104
   -0.01382
   -0.03557
   0.13640181780313632
   0.020336666666666666
   0.06430043355651309
   -0.8393    -0.5319    -0.1123
   0.3377    -0.672    0.6591
   -0.4261    0.5152    0.7436
 Node:         80
  0.1498E+03  0.1240E+03  0.4700E+03  0.0000E+00
   0.06327
   0.03966
   0.00624
   0.003179
  -0.006097
  -0.02554
   0.09947
   -0.01117
   -0.025
   0.11816357179774145
   0.021099999999999997
   0.05570284193827097
   -0.8974    -0.4412    4.176E-5
   0.3702    -0.7529    0.5442
   0.2401    -0.4884    -0.839
 Node:         81
  0.1433E+03  0.1217E+03  0.4837E+03  0.0000E+00
   0.05601
   0.006226
   3.922E-4
  -0.005835
  -0.001475
  -0.003591
   0.05934
   -1.293E-4
   -0.004186
   0.06159791852562877
   0.018341566666666666
   0.029037537264299043
   -0.9896    -0.1089    0.09408
   -0.126    0.9715    -0.2006
   0.06955    0.2104    0.9751
 Node:         82
  0.1267E+03  0.1149E+03  0.4571E+03 -0.2542E-01
  -0.008172
  -0.003393
  -0.04505
   0.01033
   0.02614
  -0.04908
   -0.005221
   -0.02314
   -0.07422
   0.062012575184393036
   -0.034193666666666664
   0.029233008287816623
   0.9587    0.1045    0.2644
   0.2522    -0.742    -0.6211
   0.1313    0.6622    -0.7378
 Node:         83
  0.1234E+03  0.1130E+03  0.4724E+03 -0.2542E-01
  -0.009518
   0.006844
  -0.04805
   0.05082
   0.01049
  -0.05661
   0.02576
   -0.05169
   -0.08525
   0.0986103346510902
   -0.03706
   0.04648535755124045
   0.8483    0.1531    0.5069
   -0.2048    0.9777    0.04744
   -0.4883    -0.144    0.8607
 Node:         84
  0.1187E+03  0.1123E+03  0.4849E+03 -0.2542E-01
  -0.001012
   0.001719
  -0.05063
   0.01803
  -7.418E-4
  -0.05634
   0.004478
   -0.05163
   -0.06048
   0.061016276222004895
   -0.03587733333333334
   0.02876334845288744
   0.9622    0.02442    0.2711
   0.01103    0.9917    -0.1285
   -0.272    0.1266    0.9539
 Node:         85
  0.1302E+03  0.1162E+03  0.4559E+03 -0.2542E-01
  -0.009256
  -7.204E-4
  -0.04378
   0.01387
   0.03884
  -0.0467
   0.001998
   -0.01602
   -0.08425
   0.07879942489637853
   -0.03275733333333333
   0.03714640513188621
   0.6948    0.4721    0.5425
   -0.709    0.576    0.4068
   -0.1204    -0.6673    0.7349
 Node:         86
  0.1252E+03  0.1138E+03  0.4707E+03 -0.2542E-01
  -0.005887
   0.03175
  -0.03916
   0.1027
   0.0379
  -0.05408
   0.1025
   -0.05745
   -0.1204
   0.1990365732723511
   -0.025116666666666666
   0.09382674044334173
   0.76    0.3468    0.5496
   -0.3528    0.9304    -0.09932
   -0.5458    -0.1184    0.8295
 Node:         87
  0.1217E+03  0.1126E+03  0.4834E+03 -0.2542E-01
  -0.002326
   0.001124
  -0.05035
   0.02364
  -0.003726
  -0.05596
   0.006749
   -0.05058
   -0.06435
   0.06531192441660252
   -0.03606033333333333
   0.03078833643154859
   0.9417    -0.005944    0.3364
   0.09733    0.9619    -0.2554
   -0.3221    0.2733    0.9064
 Node:         88
  0.1338E+03  0.1169E+03  0.4543E+03 -0.2542E-01
  -0.01509
  -0.009127
  -0.04546
   0.01194
   0.04842
  -0.04089
   0.006133
   -0.01164
   -0.09337
   0.09191441518608492
   -0.032958999999999995
   0.04332887084458429
   0.1316    0.6925    0.7093
   -0.9789    0.2037    -0.0173
   -0.1565    -0.692    0.7047
 Node:         89
  0.1270E+03  0.1150E+03  0.4691E+03 -0.2542E-01
  -0.01834
   0.01551
  -0.0477
   0.04415
   0.01187
  -0.05246
   0.01832
   -0.05632
   -0.08008
   0.08893319740119547
   -0.03936
   0.04192351130332477
   0.8167    0.2739    0.508
   -0.2721    0.959    -0.07956
   -0.5089    -0.07327    0.8577
 Node:         90
  0.1248E+03  0.1132E+03  0.4822E+03 -0.2542E-01
  -0.004349
   0.01447
  -0.05201
   0.01269
  -0.006971
  -0.05211
   0.001764
   -0.04608
   -0.06465
   0.05934944242366562
   -0.036322
   0.02797759546494302
   0.9592    0.2158    0.1827
   -0.01888    0.6936    -0.7202
   -0.2822    0.6873    0.6693
 Node:         91
  0.1261E+03  0.1265E+03  0.4554E+03 -0.2542E-01
  -0.007309
   0.03935
  -0.0387
  -0.002638
   0.03826
  -0.04984
   0.0262
   -0.02776
   -0.08947
   0.1002480787845832
   -0.030343333333333333
   0.04725739753966803
   -0.7443    -0.6023    -0.2886
   0.5917    -0.3942    -0.7032
   0.3098    -0.6942    0.6498
 Node:         92
  0.1210E+03  0.1235E+03  0.4728E+03 -0.2542E-01
  -0.01067
   0.01216
  -0.0431
   0.01301
   0.02703
  -0.04707
   0.003828
   -0.03223
   -0.07249
   0.06612671203076712
   -0.03363066666666667
   0.03117243099635032
   0.7974    0.4379    0.4152
   -0.6033    0.5961    0.5299
   -0.01546    -0.673    0.7395
 Node:         93
  0.1159E+03  0.1217E+03  0.4877E+03 -0.2542E-01
  -0.001528
  -0.00282
  -0.05016
   0.01015
   0.008287
  -0.05181
   4.728E-4
   -0.04374
   -0.06038
   0.05447350067546605
   -0.03454906666666666
   0.025679054481728015
   0.9841    -0.02097    0.1762
   0.09702    -0.7679    -0.6331
   0.1486    0.6402    -0.7537
 Node:         94
  0.1315E+03  0.1266E+03  0.4545E+03 -0.2542E-01
  -0.008947
   0.0377
  -0.03732
  -0.01957
   0.03641
  -0.04497
   0.01774
   -0.01278
   -0.09136
   0.09749127345562782
   -0.028800000000000003
   0.04595782704465765
   0.8008    0.586    0.1236
   -0.4606    0.4706    0.7526
   0.3828    -0.6596    0.6468
 Node:         95
  0.1251E+03  0.1237E+03  0.4709E+03 -0.2542E-01
  -0.01559
   0.007588
  -0.04219
   0.008436
   0.01758
  -0.04189
   -0.007541
   -0.03239
   -0.06137
   0.04666301770138747
   -0.033767
   0.021997157498185992
   0.8636    0.3526    0.3602
   -0.504    0.6203    0.6011
   -0.01151    -0.7006    0.7134
 Node:         96
  0.1205E+03  0.1222E+03  0.4852E+03 -0.2542E-01
  -0.002912
  -0.002201
  -0.05015
   0.0122
   0.005269
  -0.05139
   6.654E-7
   -0.04691
   -0.0581
   0.053392480501441
   -0.03500311153333333
   0.025169456684626296
   0.9764    -0.01613    0.2152
   0.1139    -0.8086    -0.5773
   0.1834    0.5882    -0.7877
 Node:         97
  0.1371E+03  0.1261E+03  0.4533E+03 -0.2542E-01
  -0.01533
   0.02768
  -0.03741
  -0.01575
   0.03768
  -0.04425
   0.006222
   -0.01206
   -0.08841
   0.0869447222320021
   -0.031416
   0.04098613511908631
   -0.6843    -0.6611    -0.3077
   -0.6503    0.3624    0.6676
   -0.3298    0.657    -0.6779
 Node:         98
  0.1298E+03  0.1234E+03  0.4688E+03 -0.2542E-01
  -0.01382
   0.01846
  -0.0404
   0.0109
   0.01988
  -0.0457
   0.003272
   -0.0391
   -0.06471
   0.059467683694591635
   -0.03351266666666667
   0.028033334934601622
   0.8072    0.4724    0.3539
   -0.5831    0.545    0.6026
   0.09178    -0.6927    0.7153
 Node:         99
  0.1260E+03  0.1218E+03  0.4827E+03 -0.2542E-01
  -0.0022
   0.004183
  -0.04962
   0.007505
  -0.001038
  -0.05127
   -7.478E-4
   -0.04967
   -0.05323
   0.05079584909064913
   -0.03454926666666667
   0.023945392898751014
   0.9878    0.07599    0.1361
   0.001194    0.8694    -0.4941
   -0.1559    0.4882    0.8587
 Node:        100
  0.1254E+03  0.1379E+03  0.4538E+03  0.0000E+00
   0.05193
  -9.83E-4
   0.004053
  -0.001191
   0.001077
  -0.003592
   0.05209
   0.004302
   -0.003627
   0.05220606322066432
   0.017588333333333334
   0.024610174214923564
   -0.9995    0.02148    0.0214
   0.02414    0.9908    0.1329
   0.01835    -0.1334    0.9909
 Node:        101
  0.1189E+03  0.1340E+03  0.4718E+03  0.0000E+00
   0.05427
  -0.001364
   0.003718
  -0.0121
  -0.007802
  -0.005526
   0.05802
   0.007882
   -0.01136
   0.062038931357656375
   0.018180666666666668
   0.029245432707043714
   -0.9829    -0.004444    0.1843
   0.08703    -0.8925    0.4426
   0.1625    0.4511    0.8776
 Node:        102
  0.1139E+03  0.1312E+03  0.4875E+03  0.0000E+00
   0.05256
  -0.003205
  -6.922E-4
  -0.00479
  -0.007476
  -9.503E-4
   0.05386
   0.006652
   -0.008689
   0.05646378904218171
   0.017274333333333333
   0.026617285415475575
   -0.9957    0.04637    0.08043
   0.02226    -0.7218    0.6917
   0.09013    0.6905    0.7177
 Node:        103
  0.1328E+03  0.1369E+03  0.4532E+03  0.0000E+00
   0.05281
  -0.006081
   0.004779
  -9.126E-4
  -5.853E-4
  -0.00507
   0.05422
   0.004217
   -0.004884
   0.05511991938491927
   0.017851
   0.02598377918368817
   -0.992    0.1258    0.01364
   0.1245    0.9893    -0.07548
   0.02299    0.07317    0.9971
 Node:        104
  0.1253E+03  0.1333E+03  0.4703E+03  0.0000E+00
   0.05488
  -0.006427
   0.001978
  -0.01422
  -0.01137
  -0.005306
   0.06037
   0.01019
   -0.01617
   0.06734706229673273
   0.018129999999999997
   0.03174770962867505
   -0.9781    0.06729    0.1968
   0.05479    -0.8294    0.5559
   0.2006    0.5545    0.8076
 Node:        105
  0.1201E+03  0.1317E+03  0.4854E+03  0.0000E+00
   0.05222
  -0.00553
  -0.001028
  -0.007108
  -0.00746
  -8.754E-4
   0.05436
   0.006511
   -0.009555
   0.057588064657531246
   0.017105333333333334
   0.027147274023166468
   -0.9899    0.08158    0.116
   0.02279    -0.716    0.6978
   0.14    0.6934    0.7069
 Node:        106
  0.1403E+03  0.1352E+03  0.4527E+03  0.0000E+00
   0.05356
  -0.00546
   0.001156
   0.006188
  -0.01366
  -0.001363
   0.05597
   0.01204
   -0.01348
   0.060845779640004614
   0.018176666666666667
   0.028682975593353085
   -0.9807    0.1372    -0.139
   0.1949    0.734    -0.6506
   -0.01274    0.6652    0.7466
 Node:        107
  0.1325E+03  0.1317E+03  0.4687E+03  0.0000E+00
   0.05663
  -0.01593
   7.104E-4
  -0.007543
  -0.02331
  -0.001683
   0.06288
   0.02193
   -0.02573
   0.07681181614829843
   0.019693333333333337
   0.036209437382477457
   -0.9702    0.2415    0.02159
   -0.1551    -0.6865    0.7104
   0.1864    0.6859    0.7034
 Node:        108
  0.1273E+03  0.1304E+03  0.4831E+03  0.0000E+00
   0.05244
  -0.008177
  -6.743E-4
  -0.007451
  -0.004967
  -2.809E-4
   0.05522
   0.004496
   -0.00738
   0.05758786135983868
   0.017445333333333334
   0.02714717818771512
   -0.984    0.1321    0.1199
   -0.004753    -0.6913    0.7225
   0.1783    0.7104    0.6808
 Node:        109
  0.1018E+03  0.1092E+03  0.4946E+03 -0.1413E-04
  -2.826E-5
   2.399E-16
  -2.826E-5
   9.595E-17
  -2.399E-17
  -2.826E-5
   -2.826E-5
   -2.826E-5
   -2.826E-5
   0.0
   -2.826E-5
   0.0
   -0.3792    -0.925    -0.02401
   0.4801    -0.2189    0.8495
   0.791    -0.3106    -0.5271
 Node:        110
  0.1058E+03  0.1118E+03  0.5081E+03 -0.1413E-04
  -2.826E-5
   4.797E-17
  -2.826E-5
  -2.399E-17
  -8.995E-17
  -2.826E-5
   -2.826E-5
   -2.826E-5
   -2.826E-5
   0.0
   -2.826E-5
   0.0
   -0.02838    -0.09127    0.9954
   0.7346    0.6734    0.08269
   -0.6779    0.7336    0.04794
 Node:        111
  0.1108E+03  0.1137E+03  0.5210E+03 -0.1413E-04
  -2.826E-5
   9.595E-17
  -2.826E-5
  -4.797E-17
   5.637E-16
  -2.826E-5
   -2.826E-5
   -2.826E-5
   -2.826E-5
   0.0
   -2.826E-5
   0.0
   0.9393    0.3168    0.1319
   0.3364    -0.7738    -0.5367
   -0.06803    0.5485    -0.8334
 Node:        112
  0.1072E+03  0.1111E+03  0.4942E+03 -0.1413E-04
  -2.826E-5
   2.399E-16
  -2.826E-5
  -2.177E-37
   2.399E-17
  -2.826E-5
   -2.826E-5
   -2.826E-5
   -2.826E-5
   0.0
   -2.826E-5
   0.0
   0.3759    0.9265    0.0167
   0.9266    -0.3757    -0.01402
   0.006715    -0.02075    0.9998
 Node:        113
  0.1071E+03  0.1139E+03  0.5077E+03 -0.1413E-04
  -2.826E-5
   2.873E-36
  -2.826E-5
   2.878E-16
  -2.639E-16
  -2.826E-5
   -2.826E-5
   -2.826E-5
   -2.826E-5
   0.0
   -2.826E-5
   0.0
   -0.1654    0.6537    -0.7384
   -0.2298    -0.7537    -0.6157
   -0.9591    0.06785    0.2749
 Node:        114
  0.1093E+03  0.1164E+03  0.5209E+03 -0.1413E-04
  -2.826E-5
   1.919E-16
  -2.826E-5
  -4.797E-17
   9.595E-17
  -2.826E-5
   -2.826E-5
   -2.826E-5
   -2.826E-5
   0.0
   -2.826E-5
   0.0
   -0.6573    -0.7285    -0.1932
   -0.4203    0.1416    0.8963
   0.6255    -0.6703    0.3993
 Node:        115
  0.1129E+03  0.1120E+03  0.4932E+03 -0.1413E-04
  -2.826E-5
  -2.612E-37
  -2.826E-5
  -1.439E-16
  -4.797E-17
  -2.826E-5
   -2.826E-5
   -2.826E-5
   -2.826E-5
   0.0
   -2.826E-5
   0.0
   0.6708    0.2236    -0.7071
   0.3162    -0.9487    -3.887E-6
   -0.6709    -0.2236    -0.7071
 Node:        116
  0.1092E+03  0.1143E+03  0.5068E+03 -0.1413E-04
  -2.826E-5
   8.995E-17
  -2.826E-5
   2.878E-16
   3.598E-17
  -2.826E-5
   -2.826E-5
   -2.826E-5
   -2.826E-5
   0.0
   -2.826E-5
   0.0
   -0.223    -0.9699    -0.09798
   0.8805    -0.2435    0.4067
   -0.4183    0.004418    0.9083
 Node:        117
  0.1089E+03  0.1172E+03  0.5207E+03 -0.1413E-04
  -2.826E-5
  -1.199E-16
  -2.826E-5
  -2.399E-16
  -2.878E-16
  -2.826E-5
   -2.826E-5
   -2.826E-5
   -2.826E-5
   0.0
   -2.826E-5
   0.0
   -0.232    -0.2201    0.9475
   -0.8739    0.475    -0.1036
   -0.4272    -0.852    -0.3026
 Node:        118
  0.1017E+03  0.1094E+03  0.4948E+03 -0.1413E-04
  -2.826E-5
   1.439E-16
  -2.826E-5
