 Group name: gastroc_stress
 #Fields=  16
 1) coordinates, coordinate, rectangular cartesian, #Components=3
   x.  Value index= 1, #Derivatives=0
   y.  Value index= 2, #Derivatives=0
   z.  Value index= 3, #Derivatives=0
 2) Tensor_1, field, rectangular cartesian, #Components=1
   Tensor_1.  Value index= 4, #Derivatives=0
 3) Tensor_2, field, rectangular cartesian, #Components=1
   Tensor_2.  Value index= 5, #Derivatives=0
 4) Tensor_3, field, rectangular cartesian, #Components=1
   Tensor_3.  Value index= 6, #Derivatives=0
 5) Tensor_4, field, rectangular cartesian, #Components=1
   Tensor_4.  Value index= 7, #Derivatives=0
 6) Tensor_5, field, rectangular cartesian, #Components=1
   Tensor_5.  Value index= 8, #Derivatives=0
 7) Tensor_6, field, rectangular cartesian, #Components=1
   Tensor_6.  Value index= 9, #Derivatives=0
 8) Principal_1, field, rectangular cartesian, #Components=1
   Principal_1.  Value index= 10, #Derivatives=0
 9) Principal_2, field, rectangular cartesian, #Components=1
   Principal_2.  Value index= 11, #Derivatives=0
 10) Principal_3, field, rectangular cartesian, #Components=1
   Principal_3.  Value index= 12, #Derivatives=0
 11) VonMises, field, rectangular cartesian, #Components=1
   VonMises.  Value index= 13, #Derivatives=0
 12) Hydrostatic, field, rectangular cartesian, #Components=1
   VonMises.  Value index= 14, #Derivatives=0
 13) Octahedral, field, rectangular cartesian, #Components=1
   VonMises.  Value index= 15, #Derivatives=0
 14) PrincipalVector1, field, rectangular cartesian, #Components=3
   x.  Value index= 16, #Derivatives=0
   y.  Value index= 17, #Derivatives=0
   z.  Value index= 18, #Derivatives=0
 15) PrincipalVector2, field, rectangular cartesian, #Components=3
   x.  Value index= 19, #Derivatives=0
   y.  Value index= 20, #Derivatives=0
   z.  Value index= 21, #Derivatives=0
 16) PrincipalVector3, field, rectangular cartesian, #Components=3
   x.  Value index= 22, #Derivatives=0
   y.  Value index= 23, #Derivatives=0
   z.  Value index= 24, #Derivatives=0
 Node:          1
  0.1287E+03  0.1133E+03  0.4908E+03 -0.2244E-04
  -4.488E-5
  -1.439E-16
  -4.488E-5
  -4.798E-17
  -7.196E-17
  -4.488E-5
   -4.488E-5
   -4.488E-5
   -4.488E-5
   0.0
   -4.488E-5
   0.0
   0.966    -0.2571    -0.02712
   0.2489    0.9532    -0.1718
   0.07003    0.1592    0.9848
 Node:          2
  0.1292E+03  0.1137E+03  0.5052E+03 -0.2244E-04
  -4.488E-5
  -1.919E-16
  -4.488E-5
  -9.595E-17
   3.358E-16
  -4.488E-5
   -4.488E-5
   -4.488E-5
   -4.488E-5
   0.0
   -4.488E-5
   0.0
   0.895    -0.3984    -0.2008
   0.4461    0.7982    0.4048
   -9.593E-4    -0.4518    0.8921
 Node:          3
  0.1289E+03  0.1155E+03  0.5194E+03 -0.2244E-04
  -4.488E-5
   2.399E-16
  -4.488E-5
   1.919E-16
   9.595E-17
  -4.488E-5
   -4.488E-5
   -4.488E-5
   -4.488E-5
   0.0
   -4.488E-5
   0.0
   -0.4092    -0.8757    -0.2565
   0.496    -0.4494    0.7429
   0.7659    -0.1767    -0.6182
 Node:          4
  0.1361E+03  0.1141E+03  0.4915E+03 -0.2244E-04
  -4.488E-5
  -4.798E-17
  -4.488E-5
  -4.798E-17
  -1.439E-16
  -4.488E-5
   -4.488E-5
   -4.488E-5
   -4.488E-5
   0.0
   -4.488E-5
   0.0
   -0.04307    -0.09429    0.9946
   -0.9939    0.1055    -0.03304
   -0.1018    -0.9899    -0.09826
 Node:          5
  0.1341E+03  0.1144E+03  0.5054E+03 -0.2244E-04
  -4.488E-5
   2.399E-16
  -4.488E-5
   9.595E-17
  -1.199E-16
  -4.488E-5
   -4.488E-5
   -4.488E-5
   -4.488E-5
   0.0
   -4.488E-5
   0.0
   0.09699    -0.1794    0.979
   0.7185    0.6933    0.05584
   -0.6888    0.698    0.1961
 Node:          6
  0.1323E+03  0.1162E+03  0.5191E+03 -0.2244E-04
  -4.488E-5
   9.595E-17
  -4.488E-5
  -9.595E-17
  -4.798E-17
  -4.488E-5
   -4.488E-5
   -4.488E-5
   -4.488E-5
   0.0
   -4.488E-5
   0.0
   -0.7151    -0.6928    0.09323
   0.693    -0.72    -0.0358
   0.09193    0.03901    0.995
 Node:          7
  0.1408E+03  0.1171E+03  0.4920E+03 -0.2244E-04
  -4.488E-5
   3.838E-16
  -4.488E-5
  -1.439E-16
  -1.919E-16
  -4.488E-5
   -4.488E-5
   -4.488E-5
   -4.488E-5
   0.0
   -4.488E-5
   0.0
   0.8641    0.487    -0.1268
   -0.5006    0.8577    -0.1173
   0.05166    0.1648    0.985
 Node:          8
  0.1367E+03  0.1169E+03  0.5055E+03 -0.2244E-04
  -4.488E-5
   3.358E-16
  -4.488E-5
  -6.956E-16
  -4.078E-16
  -4.488E-5
   -4.488E-5
   -4.488E-5
   -4.488E-5
   0.0
   -4.488E-5
   0.0
   -0.7206    -0.6268    0.2965
   0.6358    -0.7679    -0.07818
   0.2766    0.1322    0.9518
 Node:          9
  0.1339E+03  0.1180E+03  0.5191E+03 -0.2244E-04
  -4.488E-5
   2.879E-16
  -4.488E-5
  -6.836E-16
  -4.798E-16
  -4.488E-5
   -4.488E-5
   -4.488E-5
   -4.488E-5
   0.0
   -4.488E-5
   0.0
   0.3025    0.1644    -0.9389
   0.9345    0.1426    0.326
   -0.1875    0.976    0.1105
 Node:         10
  0.1294E+03  0.1212E+03  0.4911E+03 -0.2244E-04
  -4.488E-5
   4.798E-17
  -4.488E-5
  -2.399E-17
   2.159E-16
  -4.488E-5
   -4.488E-5
   -4.488E-5
   -4.488E-5
   0.0
   -4.488E-5
   0.0
   0.02408    0.7089    0.7049
   0.1744    0.6913    -0.7012
   -0.9844    0.1398    -0.107
 Node:         11
  0.1295E+03  0.1214E+03  0.5055E+03 -0.2244E-04
  -4.488E-5
  -4.798E-17
  -4.488E-5
  -7.196E-17
   2.399E-17
  -4.488E-5
   -4.488E-5
   -4.488E-5
   -4.488E-5
   0.0
   -4.488E-5
   0.0
   -0.2763    0.1331    0.9518
   -0.5866    0.7611    -0.2768
   0.7612    0.6348    0.1322
 Node:         12
  0.1295E+03  0.1217E+03  0.5196E+03 -0.2244E-04
  -4.488E-5
  -3.803E-37
  -4.488E-5
   1.319E-16
   4.798E-17
  -4.488E-5
   -4.488E-5
   -4.488E-5
   -4.488E-5
   0.0
   -4.488E-5
   0.0
   -0.2404    -0.0874    -0.9667
   -0.3416    0.9398    -1.801E-5
   -0.9086    -0.3303    0.2558
 Node:         13
  0.1361E+03  0.1199E+03  0.4914E+03 -0.2244E-04
  -4.488E-5
  -2.399E-16
  -4.488E-5
  -1.679E-16
   4.798E-17
  -4.488E-5
   -4.488E-5
   -4.488E-5
   -4.488E-5
   0.0
   -4.488E-5
   0.0
   0.9203    -0.37    -0.1273
   0.3697    0.9288    -0.02722
   0.1283    -0.02201    0.9915
 Node:         14
  0.1342E+03  0.1198E+03  0.5054E+03 -0.2244E-04
  -4.488E-5
   4.798E-17
  -4.488E-5
   9.595E-17
  -1.559E-16
  -4.488E-5
   -4.488E-5
   -4.488E-5
   -4.488E-5
   0.0
   -4.488E-5
   0.0
   0.09998    -0.2649    0.9591
   -0.2953    -0.9284    -0.2256
   -0.9502    0.2606    0.171
 Node:         15
  0.1330E+03  0.1205E+03  0.5193E+03 -0.2244E-04
  -4.488E-5
  -1.439E-16
  -4.488E-5
   2.399E-17
   8.396E-17
  -4.488E-5
   -4.488E-5
   -4.488E-5
   -4.488E-5
   0.0
   -4.488E-5
   0.0
   0.9934    -0.1134    0.01425
   -0.01885    -0.2856    -0.9582
   0.1127    0.9516    -0.2859
 Node:         16
  0.1404E+03  0.1188E+03  0.4918E+03 -0.2244E-04
  -4.488E-5
   9.595E-17
  -4.488E-5
  -1.439E-16
  -2.519E-16
  -4.488E-5
   -4.488E-5
   -4.488E-5
   -4.488E-5
   0.0
   -4.488E-5
   0.0
   -0.1502    -0.2388    0.9594
   -0.794    -0.549    -0.261
   0.589    -0.801    -0.1072
 Node:         17
  0.1365E+03  0.1184E+03  0.5055E+03 -0.2244E-04
  -4.488E-5
   4.798E-17
  -4.488E-5
   1.679E-16
   2.938E-16
  -4.488E-5
   -4.488E-5
   -4.488E-5
   -4.488E-5
   0.0
   -4.488E-5
   0.0
   0.248    0.4018    0.8815
   0.9357    -0.3352    -0.1105
   -0.2511    -0.8522    0.4591
 Node:         18
  0.1341E+03  0.1191E+03  0.5192E+03 -0.2244E-04
  -4.488E-5
  -5.056E-37
  -4.488E-5
   4.573E-17
   1.84E-16
  -4.488E-5
   -4.488E-5
   -4.488E-5
   -4.488E-5
   0.0
   -4.488E-5
   0.0
   0.02287    0.092    0.9955
   0.9709    -0.2393    -1.895E-4
   -0.2382    -0.9666    0.0948
 Node:         19
  0.1301E+03  0.1291E+03  0.4914E+03  0.0000E+00
   4.934E-16
   0.0
   4.934E-16
   3.631E-19
   1.731E-17
  -9.869E-16
   4.936E-16
   4.934E-16
   -9.871E-16
   1.4806000101310279E-15
   -3.3333333333314155E-20
   6.979615382590138E-16
   -0.02097    -0.9997    -0.01169
   -0.9998    0.02097    -8.123E-17
   2.452E-4    0.01169    -0.9999
 Node:         20
  0.1299E+03  0.1291E+03  0.5058E+03  0.0000E+00
   9.869E-16
   0.0
   0.0
   1.799E-17
   3.326E-17
  -2.467E-16
   9.871E-16
   4.4E-18
   -2.514E-16
   1.1324785163525177E-15
   2.467E-16
   5.338554923072971E-16
   -0.9999    -4.917E-4    -0.01459
   0.002401    -0.9914    -0.1311
   -0.0144    -0.1312    0.9913
 Node:         21
  0.1301E+03  0.1280E+03  0.5197E+03  0.0000E+00
   4.934E-16
   0.0
   0.0
   7.196E-17
   2.549E-17
   4.934E-16
   5.66E-16
   4.222E-16
   -1.341E-18
   5.108528305500519E-16
   3.28953E-16
   2.408183337801893E-16
   -0.7039    -0.03195    -0.7096
   -0.7102    0.04241    0.7027
   -0.007642    -0.9986    0.05255
 Node:         22
  0.1360E+03  0.1256E+03  0.4913E+03  0.0000E+00
  -9.869E-16
   2.399E-17
  -4.934E-16
  -2.399E-17
   1.739E-16
   4.934E-16
   5.234E-16
   -5.215E-16
   -9.888E-16
   1.3410693755358072E-15
   -3.2896666666666662E-16
   6.321861663219854E-16
   -0.01298    0.1683    0.9857
   0.05935    0.9841    -0.1672
   -0.9982    0.05633    -0.02276
 Node:         23
  0.1343E+03  0.1253E+03  0.5054E+03  0.0000E+00
   0.0
   3.598E-17
  -1.974E-15
   0.0
   2.271E-16
  -7.401E-16
   6.796E-19
   -6.997E-16
   -2.015E-15
   1.7724996366646057E-15
   -9.046734666666666E-16
   8.355643418241562E-16
   0.9998    0.01889    0.00579
   -0.009011    0.1753    0.9845
   0.01758    -0.9843    0.1754
 Node:         24
  0.1336E+03  0.1248E+03  0.5194E+03  0.0000E+00
  -9.869E-16
   2.099E-17
   0.0
   2.399E-17
   1.499E-18
  -7.401E-16
   4.516E-19
   -7.379E-16
   -9.896E-16
   8.912682384908372E-16
   -5.756827999999999E-16
   4.2014787686204007E-16
   -0.02132    -0.9998    -0.002714
   0.09549    -0.004739    0.9954
   -0.9952    0.02096    0.09557
 Node:         25
  0.1400E+03  0.1206E+03  0.4917E+03  0.0000E+00
   0.0
   4.617E-16
  -4.934E-16
  -1.439E-16
  -2.249E-16
   9.869E-16
   1.067E-15
   2.05E-16
   -7.785E-16
   1.5994040296310373E-15
   1.6449999999999999E-16
   7.539662901394642E-16
   -0.2161    -0.2016    0.9553
   0.839    0.4621    0.2874
   -0.4994    0.8636    0.06929
 Node:         26
  0.1363E+03  0.1200E+03  0.5055E+03  0.0000E+00
   9.869E-16
   1.859E-16
  -2.714E-15
   4.797E-17
  -1.943E-15
  -2.467E-16
   1.006E-15
   8.09E-16
   -3.789E-15
   4.699597748744035E-15
   -6.579999999999999E-16
   2.215411624657293E-15
   0.968    0.1526    -0.1995
   0.2481    -0.4578    0.8538
   -0.03892    0.8759    0.4809
 Node:         27
  0.1343E+03  0.1203E+03  0.5192E+03  0.0000E+00
   9.869E-16
  -3.358E-16
   9.869E-16
  -1.799E-16
   2.27E-15
   0.0
   2.89E-15
   9.15E-16
   -1.831E-15
   4.1066398673367985E-15
   6.58E-16
   1.9358885987232494E-15
   -0.1931    0.7658    0.6135
   0.9808    0.1345    0.1409
   0.02534    0.6289    -0.7771
 Node:         28
  0.1155E+03  0.1124E+03  0.4931E+03 -0.1326E-03
  -2.652E-4
   6.598E-17
  -2.652E-4
  -9.597E-17
   9.597E-17
  -2.652E-4
   -2.652E-4
   -2.652E-4
   -2.652E-4
   0.0
   -2.652E-4
   0.0
   0.02395    0.9835    0.1795
   0.07203    0.1774    -0.9815
   -0.9971    0.03643    -0.06659
 Node:         29
  0.1119E+03  0.1139E+03  0.5068E+03 -0.1326E-03
  -2.652E-4
  -3.599E-17
  -2.652E-4
   9.597E-17
   1.2E-17
  -2.652E-4
   -2.652E-4
   -2.652E-4
   -2.652E-4
   0.0
   -2.652E-4
   0.0
   -0.03581    0.9993    0.005778
   -0.9821    -0.03412    -0.1855
   -0.1852    -0.01232    0.9826
 Node:         30
  0.1113E+03  0.1159E+03  0.5206E+03 -0.1326E-03
  -2.652E-4
   2.159E-16
  -2.652E-4
   3.678E-36
  -4.799E-17
  -2.652E-4
   -2.652E-4
   -2.652E-4
   -2.652E-4
   0.0
   -2.652E-4
   0.0
   0.7038    0.7088    -0.0478
   -0.7086    0.6956    -0.1187
   -0.05089    0.1174    0.9918
 Node:         31
  0.1203E+03  0.1126E+03  0.4920E+03 -0.1326E-03
  -2.652E-4
   1.68E-16
  -2.652E-4
   4.799E-17
   7.198E-17
  -2.652E-4
   -2.652E-4
   -2.652E-4
   -2.652E-4
   0.0
   -2.652E-4
   0.0
   -0.7438    -0.4292    -0.5124
   0.5144    0.122    -0.8488
   0.4269    -0.8949    0.13
 Node:         32
  0.1188E+03  0.1134E+03  0.5062E+03 -0.1326E-03
  -2.652E-4
  -2.399E-17
  -2.652E-4
  -4.799E-17
   1.68E-16
  -2.652E-4
   -2.652E-4
   -2.652E-4
   -2.652E-4
   0.0
   -2.652E-4
   0.0
   0.9989    -0.0209    -0.04165
   0.0466    0.4512    0.8912
   1.632E-4    -0.8922    0.4517
 Node:         33
  0.1183E+03  0.1150E+03  0.5201E+03 -0.1326E-03
  -2.652E-4
   9.597E-17
  -2.652E-4
   1.44E-16
  -4.904E-36
  -2.652E-4
   -2.652E-4
   -2.652E-4
   -2.652E-4
   0.0
   -2.652E-4
   0.0
   0.9536    0.1668    0.2505
   9.366E-4    0.8306    -0.5568
   -0.301    0.5312    0.792
 Node:         34
  0.1255E+03  0.1129E+03  0.4909E+03 -0.1326E-03
  -2.652E-4
  -5.721E-36
  -2.652E-4
   9.597E-17
   1.68E-16
  -2.652E-4
   -2.652E-4
   -2.652E-4
   -2.652E-4
   0.0
   -2.652E-4
   0.0
   0.3511    0.6138    0.7071
   0.8681    -0.4964    -1.273E-4
   -0.3509    -0.6139    0.7071
 Node:         35
  0.1260E+03  0.1135E+03  0.5054E+03 -0.1326E-03
  -2.652E-4
   1.919E-16
  -2.652E-4
   1.919E-16
   4.319E-16
  -2.652E-4
   -2.652E-4
   -2.652E-4
   -2.652E-4
   0.0
   -2.652E-4
   0.0
   0.746    0.4709    0.4709
   -0.6659    0.5274    0.5276
   5.932E-5    -0.7072    0.707
 Node:         36
  0.1257E+03  0.1153E+03  0.5196E+03 -0.1326E-03
  -2.652E-4
  -9.597E-17
  -2.652E-4
  -9.597E-17
   1.44E-16
  -2.652E-4
   -2.652E-4
   -2.652E-4
   -2.652E-4
   0.0
   -2.652E-4
   0.0
   -0.5156    0.6058    0.6059
   0.8568    0.3639    0.3654
   -8.432E-4    -0.7075    0.7067
 Node:         37
  0.1132E+03  0.1210E+03  0.4959E+03 -0.1326E-03
  -2.652E-4
   2.399E-16
  -2.652E-4
  -1.44E-16
   3.119E-16
  -2.652E-4
   -2.652E-4
   -2.652E-4
   -2.652E-4
   0.0
   -2.652E-4
   0.0
   -0.5074    -0.7957    -0.3306
   0.7556    -0.2265    -0.6146
   0.4141    -0.5617    0.7162
 Node:         38
  0.1111E+03  0.1204E+03  0.5085E+03 -0.1326E-03
  -2.652E-4
   1.68E-16
  -2.652E-4
  -4.799E-17
  -1.44E-16
  -2.652E-4
   -2.652E-4
   -2.652E-4
   -2.652E-4
   0.0
   -2.652E-4
   0.0
   0.2119    0.9668    -0.1429
   0.9723    -0.2233    -0.06847
   0.0981    0.1244    0.9874
 Node:         39
  0.1119E+03  0.1201E+03  0.5207E+03 -0.1326E-03
  -2.652E-4
  -1.68E-16
  -2.652E-4
  -1.44E-16
  -1.32E-16
  -2.652E-4
   -2.652E-4
   -2.652E-4
   -2.652E-4
   0.0
   -2.652E-4
   0.0
   0.9213    -0.07987    -0.3805
   0.3608    -0.1892    0.9133
   -0.1449    -0.9787    -0.1455
 Node:         40
  0.1191E+03  0.1220E+03  0.4937E+03 -0.1326E-03
  -2.652E-4
   1.44E-16
  -2.652E-4
   1.44E-16
  -2.399E-17
  -2.652E-4
   -2.652E-4
   -2.652E-4
   -2.652E-4
   0.0
   -2.652E-4
   0.0
   -0.9817    -0.1345    -0.1345
   0.0    -0.7071    0.7071
   0.1902    -0.6942    -0.6942
 Node:         41
  0.1182E+03  0.1217E+03  0.5073E+03 -0.1326E-03
  -2.652E-4
  -4.799E-17
  -2.652E-4
   9.597E-17
   1.68E-16
  -2.652E-4
   -2.652E-4
   -2.652E-4
   -2.652E-4
   0.0
   -2.652E-4
   0.0
   -0.1538    -0.1966    -0.9684
   -0.9621    0.2533    0.1013
   0.2253    0.9472    -0.2281
 Node:         42
  0.1187E+03  0.1212E+03  0.5204E+03 -0.1326E-03
  -2.652E-4
  -9.597E-17
  -2.652E-4
   3.269E-36
   9.597E-17
  -2.652E-4
   -2.652E-4
   -2.652E-4
   -2.652E-4
   0.0
   -2.652E-4
   0.0
   -0.0186    0.09768    0.995
   -0.9834    0.1779    -0.03585
   -0.1805    -0.9792    0.09274
 Node:         43
  0.1258E+03  0.1217E+03  0.4915E+03 -0.1326E-03
  -2.652E-4
   1.919E-16
  -2.652E-4
  -2.399E-17
   1.635E-36
  -2.652E-4
   -2.652E-4
   -2.652E-4
   -2.652E-4
   0.0
   -2.652E-4
   0.0
   0.9458    0.3243    -0.01746
   -0.3241    0.946    0.01158
   0.02027    -0.00529    0.9998
 Node:         44
  0.1259E+03  0.1220E+03  0.5059E+03 -0.1326E-03
  -2.652E-4
   2.399E-16
  -2.652E-4
   1.68E-16
   1.919E-16
  -2.652E-4
   -2.652E-4
   -2.652E-4
   -2.652E-4
   0.0
   -2.652E-4
   0.0
   -0.3605    -0.3833    -0.8504
   -0.621    -0.5816    0.5254
   0.696    -0.7175    0.02841
 Node:         45
  0.1261E+03  0.1221E+03  0.5198E+03 -0.1326E-03
  -2.652E-4
  -1.44E-16
  -2.652E-4
   4.799E-17
  -1.2E-17
  -2.652E-4
   -2.652E-4
   -2.652E-4
   -2.652E-4
   0.0
   -2.652E-4
   0.0
   0.0668    -0.01246    0.9977
   -0.9877    0.1408    0.06789
   -0.1413    -0.99    -0.002905
 Node:         46
  0.1117E+03  0.1296E+03  0.4959E+03  0.0000E+00
  -2.467E-16
   4.797E-17
  -7.401E-16
   1.199E-17
  -4.497E-17
   0.0
   3.057E-18
   -2.423E-16
   -7.476E-16
   6.629532710146319E-16
   -3.2894766666666664E-16
   3.125191690294995E-16
   0.03676    -0.058    0.9976
   0.9946    0.09864    -0.03092
   -0.09662    0.9934    0.06131
 Node:         47
  0.1107E+03  0.1269E+03  0.5087E+03  0.0000E+00
  -7.401E-16
  -5.397E-17
   4.934E-16
  -4.797E-17
   6.896E-17
   0.0
   5.058E-16
   -7.273E-18
   -7.452E-16
   1.0892155802819752E-15
   -8.222433333333333E-17
   5.1346114866095E-16
   -0.04821    0.9891    0.1394
   -0.05424    -0.142    0.9884
   -0.9974    -0.04009    -0.06049
 Node:         48
  0.1125E+03  0.1242E+03  0.5208E+03  0.0000E+00
   4.934E-16
   5.997E-18
   4.934E-16
   0.0
  -2.998E-18
   4.934E-16
   5.001E-16
   4.934E-16
   4.867E-16
   1.1604740410711462E-17
   4.934E-16
   5.470527092215756E-18
   -0.6325    -0.7071    0.3162
   0.4472    -2.276E-15    0.8944
   0.6325    -0.7071    -0.3162
 Node:         49
  0.1186E+03  0.1311E+03  0.4938E+03  0.0000E+00
  -7.401E-16
  -3.598E-17
   0.0
  -7.196E-17
  -1.049E-17
  -2.467E-16
   1.947E-18
   -2.366E-16
   -7.523E-16
   6.677348643803167E-16
   -3.2898433333333336E-16
   3.1477323375866775E-16
   0.04561    -0.9985    0.02894
   -0.143    0.02215    0.9895
   -0.9887    -0.04926    -0.1418
 Node:         50
  0.1180E+03  0.1298E+03  0.5075E+03  0.0000E+00
   0.0
  -2.249E-17
   1.48E-15
  -7.196E-17
   2.155E-17
   9.869E-16
   1.482E-15
   9.91E-16
   -5.513E-18
   1.3127859849072886E-15
   8.224956666666666E-16
   6.188532481164029E-16
   0.01739    -0.9988    -0.04603
   -0.07128    -0.04716    0.9963
   0.9973    0.01405    0.07201
 Node:         51
  0.1192E+03  0.1275E+03  0.5206E+03  0.0000E+00
   0.0
  -5.997E-18
  -2.467E-16
   0.0
   2.549E-17
   4.934E-16
   4.943E-16
   1.449E-19
   -2.477E-16
   6.54286006770747E-16
   8.22483E-17
   3.0843338148204166E-16
   -4.17E-4    0.03438    0.9994
   0.9997    -0.02416    0.001248
   0.02418    0.9991    -0.03436
 Node:         52
  0.1262E+03  0.1305E+03  0.4920E+03  0.0000E+00
   4.934E-16
  -2.399E-17
   4.934E-16
   2.249E-18
   8.48E-18
   0.0
   5.175E-16
   4.696E-16
   -1.6E-19
   4.95449666061044E-16
   3.2898E-16
   2.335572124055831E-16
   -0.7061    0.708    0.008534
   0.7081    0.706    0.01614
   -0.005403    -0.01744    0.9998
 Node:         53
  0.1258E+03  0.1304E+03  0.5063E+03  0.0000E+00
  -7.401E-16
  -2.998E-18
  -4.934E-16
   4.797E-17
   5.847E-17
  -9.869E-16
   -4.866E-16
   -7.314E-16
   -1.002E-15
   4.465358664206045E-16
   -7.399999999999999E-16
   2.104990261260132E-16
   0.0104    0.9931    0.1171
   -0.9836    0.03123    -0.1776
   -0.18    -0.1133    0.9771
 Node:         54
  0.1265E+03  0.1288E+03  0.5200E+03  0.0000E+00
  -9.869E-16
   3.598E-17
   4.934E-16
   0.0
  -7.496E-18
   4.934E-16
   5.014E-16
   4.864E-16
   -9.877E-16
   1.4816569474746847E-15
   3.3333333333314155E-20
   6.984597833010066E-16
   0.01758    0.7272    -0.6862
   0.01675    0.686    0.7274
   -0.9997    0.02428    1.229E-4
 Node:         55
  0.1382E+03  0.1167E+03  0.4531E+03  0.2360E-02
   0.01027
  -0.005763
   0.006103
  -7.747E-4
   0.008622
   0.003922
   0.01754
   0.007422
   -0.00442
   0.019037443210683517
   0.006847333333333333
   0.008974336793818745
   -0.5882    0.6652    0.4599
   0.7745    0.2997    0.557
   -0.2327    -0.6838    0.6915
 Node:         56
  0.1314E+03  0.1156E+03  0.4685E+03  0.2360E-02
   0.01058
  -0.004063
   0.005593
  -4.666E-4
   0.003094
   0.004056
   0.01335
   0.005891
   0.001048
   0.010733837477808204
   0.006763000000000001
   0.005059979512474993
   -0.8206    0.5278    0.2192
   0.5076    0.497    0.7038
   -0.2626    -0.6888    0.6757
 Node:         57
  0.1285E+03  0.1140E+03  0.4823E+03  0.2360E-02
   0.01108
  -4.477E-4
   0.004838
  -5.117E-5
   6.617E-5
   0.004666
   0.01111
   0.004833
   0.004639
   0.006376213845221944
   0.006860666666666667
   0.003005776032167992
   -0.9974    0.07179    0.008704
   0.0704    0.9363    0.344
   -0.01654    -0.3437    0.9389
 Node:         58
  0.1480E+03  0.1174E+03  0.4537E+03  0.2360E-02
   0.01016
  -0.009153
   0.007272
  -0.001575
   0.006261
   0.001981
   0.02007
   0.003471
   -0.003689
   0.02111021650765335
   0.006617333333333333
   0.009951451496585256
   -0.6881    0.664    0.2926
   0.6222    0.3325    0.7088
   -0.3733    -0.6698    0.6419
 Node:         59
  0.1416E+03  0.1164E+03  0.4695E+03  0.2360E-02
   0.01116
  -0.01096
   0.006723
  -0.00595
   0.006979
   0.003722
   0.02459
   5.21E-4
   -0.003042
   0.02603400808557914
   0.007356333333333334
   0.012272549105852279
   -0.6941    0.5986    0.3999
   0.5809    0.1375    0.8023
   -0.4253    -0.7891    0.4432
 Node:         60
  0.1375E+03  0.1150E+03  0.4832E+03  0.2360E-02
   0.01143
  -0.003916
   0.005236
  -0.002481
   0.002057
   0.004796
   0.01442
   0.004297
   0.002779
   0.010961120700001438
   0.0071653333333333335
   0.0051671218509168355
   -0.8451    0.4342    0.312
   0.4977    0.4257    0.7557
   -0.1953    -0.7939    0.5758
 Node:         61
  0.1550E+03  0.1214E+03  0.4543E+03  0.2360E-02
   0.01173
  -0.00823
   0.005222
  -0.001616
   7.136E-4
   0.001868
   0.01791
   0.001693
   -4.252E-4
   0.0173732181716572
   0.006392599999999999
   0.008189813586808106
   -0.825    0.5548    0.1079
   0.00431    -0.1847    0.9828
   0.5652    0.8112    0.1499
 Node:         62
  0.1490E+03  0.1199E+03  0.4703E+03  0.2360E-02
   0.01295
  -0.01881
   0.006256
  -0.008012
   0.006359
   0.004037
   0.03326
   3.491E-4
   -0.009341
   0.038677322669879825
   0.008089366666666665
   0.018232664758674806
   -0.7305    0.597    0.3316
   0.2403    -0.2299    0.9431
   0.6393    0.7686    0.02446
 Node:         63
  0.1436E+03  0.1181E+03  0.4839E+03  0.2360E-02
   0.01176
  -0.007672
   0.005743
  -0.002335
   0.003632
   0.004791
   0.01835
   0.00426
   -1.878E-4
   0.016762473768510422
   0.007474066666666668
   0.007901905914116896
   -0.7767    0.5613    0.2858
   0.4467    0.1711    0.8781
   -0.444    -0.8097    0.3837
 Node:         64
  0.1412E+03  0.1253E+03  0.4529E+03  0.2360E-02
   0.009124
  -0.002886
   0.007083
  -0.002452
   0.001976
   0.003496
   0.01234
   0.005094
   0.002342
   0.008945334649972577
   0.006592
   0.004216871193985733
   -0.7513    0.5685    0.3352
   0.6155    0.7869    0.04472
   0.2384    -0.2399    0.9411
 Node:         65
  0.1340E+03  0.1229E+03  0.4685E+03  0.2360E-02
   0.01063
  -0.007342
   0.006519
  -0.002888
   0.001432
   0.003938
   0.01713
   0.003288
   8.016E-4
   0.01523810676429326
   0.007073199999999999
   0.007183312416984243
   -0.7786    0.5825    0.2335
   0.0338    -0.3326    0.9425
   0.6266    0.7417    0.2393
 Node:         66
  0.1299E+03  0.1214E+03  0.4825E+03  0.2360E-02
   0.01136
  -0.002508
   0.00514
  -6.23E-4
   5.105E-4
   0.004665
   0.01233
   0.004729
   0.004096
   0.007936455317079535
   0.007051666666666667
   0.0037412809155273137
   -0.9367    0.336    0.09878
   0.2479    0.4369    0.8647
   -0.2474    -0.8344    0.4925
 Node:         67
  0.1497E+03  0.1241E+03  0.4536E+03  0.2360E-02
   0.009578
  -0.006969
   0.006824
  -0.00211
   0.002001
   0.002203
   0.01619
   0.001638
   0.001032
   0.01486426762407082
   0.006286666666666667
   0.007007082956234752
   -0.7507    0.6285    0.2036
   -0.3698    -0.1443    -0.9178
   -0.5475    -0.7643    0.3408
 Node:         68
  0.1431E+03  0.1222E+03  0.4694E+03  0.2360E-02
   0.01168
  -0.01378
   0.006752
  -0.007353
   0.003924
   0.003372
   0.02673
   8.904E-4
   -0.005195
   0.029359177835218752
   0.007475133333333332
   0.013840049158229976
   -0.7382    0.5877    0.3311
   0.07739    -0.4138    0.9071
   0.6701    0.6952    0.26
 Node:         69
  0.1379E+03  0.1205E+03  0.4831E+03  0.2360E-02
   0.01173
  -0.005101
   0.005334
  -0.002784
   0.001988
   0.00471
   0.01571
   0.003736
   0.002388
   0.01270176098027356
   0.007278
   0.005987667548108083
   -0.8317    0.4696    0.2962
   0.3895    0.1133    0.914
   -0.3956    -0.8756    0.2772
 Node:         70
  0.1553E+03  0.1235E+03  0.4542E+03  0.2360E-02
   0.01027
  -0.008825
   0.005346
  -0.007035
   0.005147
   0.002356
   0.0215
   -0.00131
   -0.001735
   0.0230254419067257
   0.006151666666666666
   0.010854297408041766
   -0.7265    0.5466    0.4164
   0.4569    0.8369    -0.3013
   -0.5132    -0.02867    -0.8578
 Node:         71
  0.1492E+03  0.1218E+03  0.4702E+03  0.2360E-02
   0.01285
  -0.01504
   0.006076
  -0.0158
   0.008415
   0.003933
   0.03594
   -0.003134
   -0.008696
   0.042131258087078294
   0.008036666666666666
   0.01986086552886242
   -0.7112    0.5083    0.4856
   -0.1468    -0.783    0.6045
   0.6875    0.3586    0.6314
 Node:         72
  0.1435E+03  0.1199E+03  0.4838E+03  0.2360E-02
   0.0122
  -0.006382
   0.005237
  -0.005565
   0.003014
   0.00486
   0.01904
   0.002063
   0.001355
   0.017341842722156147
   0.007486
   0.008175023058071459
   -0.7893    0.4584    0.4085
   0.1604    -0.4882    0.8578
   0.5927    0.7426    0.3118
 Node:         73
  0.1442E+03  0.1339E+03  0.4528E+03  0.0000E+00
   0.007989
  -0.001479
  -0.001883
  -0.001058
   6.167E-4
   9.504E-4
   0.008475
   8.504E-4
   -0.002128
   0.009471773876101562
   0.002399133333333333
   0.004465037025104669
   -0.9773    0.1482    0.151
   0.1706    0.1292    0.9768
   -0.1253    -0.9805    0.1515
 Node:         74
  0.1365E+03  0.1303E+03  0.4685E+03  0.0000E+00
   0.009449
   0.003973
  -6.267E-4
   0.001569
   8.685E-4
   0.001061
   0.01126
   7.795E-4
   -0.001997
   0.012109869559578252
   0.0033474999999999998
   0.005708647256574888
   -0.9309    -0.3225    -0.1712
   -0.1962    0.04646    0.9795
   -0.3079    0.9454    -0.1065
 Node:         75
  0.1313E+03  0.1288E+03  0.4826E+03  0.0000E+00
   0.007666
   0.001623
  -1.022E-5
   7.951E-5
   4.025E-5
   1.058E-4
   0.008039
   1.055E-4
   -3.384E-4
   0.008164505503090802
   0.002602033333333333
   0.003848784804180261
   -0.9802    -0.1976    -0.01083
   -0.02109    0.04987    0.9985
   -0.1968    0.979    -0.05305
 Node:         76
  0.1515E+03  0.1308E+03  0.4535E+03  0.0000E+00
   0.007726
  -0.00297
  -0.002254
  -0.002209
   0.002413
   0.001076
   0.009599
   8.567E-4
   -0.003717
   0.011718839468565136
   0.0022462333333333334
   0.005524313903905976
   -0.9015    0.2915    0.3198
   0.4023    0.2927    0.8674
   -0.1592    -0.9107    0.3811
 Node:         77
  0.1445E+03  0.1280E+03  0.4693E+03  0.0000E+00
   0.0103
   0.005118
  -8.203E-4
   0.001026
   0.002737
   7.817E-4
   0.01282
   0.001508
   -0.003799
   0.014702325564345253
   0.0035096666666666666
   0.006930742737173909
   -0.9127    -0.3747    -0.1631
   0.3049    -0.3586    -0.8823
   -0.2721    0.855    -0.4415
 Node:         78
  0.1384E+03  0.1261E+03  0.4830E+03  0.0000E+00
   0.008062
   0.003147
   1.585E-5
   3.836E-4
   3.578E-4
   6.791E-5
   0.009242
   8.154E-5
   -0.001099
   0.009804182349976973
   0.0027415133333333337
   0.004621735882438786
   -0.9446    -0.3241    -0.05217
   -0.1076    0.1556    0.9819
   -0.3102    0.9331    -0.1819
 Node:         79
  0.1555E+03  0.1256E+03  0.4542E+03  0.0000E+00
   0.007293
   0.002732
  -0.002436
  -0.003689
   6.669E-4
  -0.003028
   0.009243
   -0.002001
   -0.005127
   0.013090002139037257
   7.049999999999999E-4
   0.006170686185506438
   -0.9394    -0.2063    0.2738
   -0.01101    0.8165    0.5773
   -0.3426    0.5393    -0.7693
 Node:         80
  0.1493E+03  0.1237E+03  0.4702E+03  0.0000E+00
   0.01093
   0.005872
  -0.00157
   0.003647
   0.001242
  -0.002102
   0.01463
   -0.002913
   -0.00388
   0.018045941898388127
   0.002612333333333334
   0.008506938592832455
   -0.9091    -0.3502    -0.2256
   -0.1336    -0.2677    0.9542
   -0.3945    0.8976    0.1965
 Node:         81
  0.1433E+03  0.1217E+03  0.4837E+03  0.0000E+00
   0.008333
   0.003231
  -1.357E-4
   0.00308
   9.179E-4
  -1.34E-4
   0.01051
   -0.001035
   -0.001285
   0.011672008181971087
   0.0027300000000000002
   0.0055022374236910815
   -0.9087    -0.3012    -0.289
   -0.0696    -0.5734    0.8163
   -0.4116    0.7619    0.5001
 Node:         82
  0.1267E+03  0.1148E+03  0.4561E+03  0.1566E-02
   0.009876
  -0.004879
   0.003265
  -7.56E-4
   0.002074
   0.002881
   0.01283
   0.003381
   -1.087E-4
   0.011594644556432077
   0.005367433333333334
   0.005465767860867207
   -0.8619    0.4789    0.1666
   0.3596    0.3457    0.8667
   -0.3575    -0.8069    0.4702
 Node:         83
  0.1234E+03  0.1129E+03  0.4718E+03  0.1566E-02
   0.009198
  -0.002818
   0.003104
   0.001342
   0.001345
   0.002843
   0.01041
   0.004167
   6.052E-4
   0.00859638212505703
   0.005060733333333334
   0.004052373396199099
   -0.9336    0.3427    -0.1045
   0.1403    0.618    0.7736
   0.3297    0.7076    -0.6251
 Node:         84
  0.1187E+03  0.1123E+03  0.4849E+03  0.1566E-02
   0.009472
  -1.549E-4
   0.003123
   7.953E-4
  -3.114E-5
   0.002919
   0.009581
   0.003124
   0.002821
   0.006613707659097126
   0.005175333333333333
   0.0031177316896886568
   -0.9926    0.02452    -0.119
   0.02924    0.9988    -0.03806
   0.1179    -0.04125    -0.9922
 Node:         85
  0.1302E+03  0.1161E+03  0.4549E+03  0.1566E-02
   0.009826
  -0.005328
   0.003379
  -5.13E-4
   0.003028
   0.002815
   0.0133
   0.003965
   -0.001153
   0.01269301693845872
   0.005370666666666666
   0.005983545567266581
   -0.8377    0.5119    0.1904
   0.423    0.3877    0.819
   -0.3454    -0.7666    0.5413
 Node:         86
  0.1252E+03  0.1138E+03  0.4702E+03  0.1566E-02
   0.008608
  -0.001131
   0.004844
   0.001479
   0.00498
   0.002862
   0.009049
   0.008847
   -0.001558
   0.010507456352514629
   0.005446
   0.00495326242658984
   0.2611    0.7193    0.6438
   0.9484    -0.3155    -0.0321
   0.18    0.6189    -0.7646
 Node:         87
  0.1217E+03  0.1126E+03  0.4833E+03  0.1566E-02
   0.009459
  -1.673E-4
   0.003152
   7.309E-4
  -1.546E-4
   0.00298
   0.009551
   0.003209
   0.002838
   0.006535402588976444
   0.005199333333333334
   0.0030808183256329086
   -0.9933    0.02884    -0.1115
   0.07077    0.9167    -0.3933
   0.0909    -0.3985    -0.9126
 Node:         88
  0.1338E+03  0.1169E+03  0.4532E+03  0.1566E-02
   0.008924
  -0.006458
   0.003533
  -5.275E-4
   0.006214
   0.003529
   0.0149
   0.005427
   -0.004191
   0.016533449942465122
   0.005378666666666667
   0.007793943047150282
   -0.701    0.6091    0.371
   0.6265    0.2773    0.7284
   -0.3408    -0.743    0.576
 Node:         89
  0.1270E+03  0.1150E+03  0.4685E+03  0.1566E-02
   0.009077
  -0.00302
   0.003359
   2.135E-4
   0.001874
   0.00305
   0.01043
   0.004404
   6.702E-4
   0.008529584822252488
   0.005168066666666666
   0.004020884845680392
   -0.9079    0.4116    0.07959
   0.3101    0.5315    0.7883
   0.2822    0.7403    -0.6102
 Node:         90
  0.1248E+03  0.1132E+03  0.4822E+03  0.1566E-02
   0.009451
   6.539E-5
   0.003136
   2.347E-4
  -1.358E-4
   0.003101
   0.009459
   0.003255
   0.002974
   0.0063491653782209835
   0.005229333333333333
   0.002993025262543272
   -0.9993    -0.009571    -0.03681
   -0.01661    -0.7608    0.6487
   -0.03422    0.6489    0.7601
 Node:         91
  0.1258E+03  0.1261E+03  0.4549E+03  0.1566E-02
   0.007694
  -0.004175
   0.005044
  -0.003449
   0.004189
   0.002748
   0.01348
   0.00254
   -4.573E-4
   0.012706607308404554
   0.0051875666666666665
   0.005989952129098269
   -0.6833    0.5771    0.4472
   0.7288    0.5758    0.3706
   0.04358    -0.5791    0.8141
 Node:         92
  0.1209E+03  0.1233E+03  0.4726E+03  0.1566E-02
   0.00908
  -0.004507
   0.003637
  -0.00333
   0.00281
   0.00333
   0.01351
   0.002068
   5.24E-4
   0.012286974729362797
   0.0053673333333333325
   0.005792135434266785
   -0.7877    0.4759    0.3912
   0.581    0.3627    0.7286
   -0.2048    -0.8012    0.5622
 Node:         93
  0.1159E+03  0.1217E+03  0.4877E+03  0.1566E-02
   0.009623
  -2.28E-4
   0.00313
  -0.001256
  -7.504E-5
   0.00325
   0.009872
   0.003195
   0.002937
   0.006809666585083297
   0.005334666666666667
   0.0032101076132878925
   -0.982    0.03118    0.1865
   0.07405    -0.8442    0.5309
   0.174    0.5352    0.8266
 Node:         94
  0.1313E+03  0.1263E+03  0.4540E+03  0.1566E-02
   0.007246
  -0.004281
   0.005327
  -0.004124
   0.003061
   0.002839
   0.01329
   0.001922
   2.807E-4
   0.012271250469695417
   0.005164233333333333
   0.005784722947173491
   -0.6985    0.5629    0.4418
   0.5849    0.8048    -0.1005
   0.4122    -0.1882    0.8914
 Node:         95
  0.1249E+03  0.1235E+03  0.4706E+03  0.1566E-02
   0.009133
  -0.004435
   0.004114
  -0.004345
   0.002102
   0.003046
   0.01393
   0.001678
   7.473E-4
   0.012742866352983538
   0.005451766666666667
   0.0060070448066323655
   -0.7949    0.4516    0.4051
   -0.3111    -0.8767    0.3668
   0.5209    0.1655    0.8374
 Node:         96
  0.1205E+03  0.1222E+03  0.4852E+03  0.1566E-02
   0.009734
  -5.252E-4
   0.00319
  -0.001488
   4.069E-4
   0.003141
   0.01012
   0.003304
   0.002648
   0.007166553425461922
   0.005357333333333333
   0.003378345683253204
   -0.9732    0.08674    0.2132
   0.1814    0.8591    0.4786
   0.1416    -0.5044    0.8518
 Node:         97
  0.1367E+03  0.1260E+03  0.4530E+03  0.1566E-02
   0.007224
  -0.003761
   0.005398
  -0.004129
   0.003375
   0.002602
   0.01302
   0.002449
   -1.515E-4
   0.01208298500992201
   0.005105833333333333
   0.005695973758327505
   -0.6891    0.5626    0.4568
   0.6396    0.7685    0.01846
   0.3407    -0.3049    0.8894
 Node:         98
  0.1295E+03  0.1233E+03  0.4686E+03  0.1566E-02
   0.008985
  -0.006295
   0.004561
  -0.003258
   0.00198
   0.002786
   0.01477
   0.001603
   5.664E-5
   0.014004357906366146
   0.005476546666666666
   0.006601717627836629
   -0.7798    0.5478    0.303
   0.147    -0.3103    0.9392
   0.6085    0.777    0.1615
 Node:         99
  0.1260E+03  0.1218E+03  0.4827E+03  0.1566E-02
   0.009718
  -0.00177
   0.003395
  -7.344E-4
   5.417E-4
   0.0031
   0.01029
   0.0033
   0.002624
   0.007351347903616044
   0.005404666666666668
   0.003465458635672277
   -0.9593    0.2567    0.1176
   0.2584    0.63    0.7324
   -0.1139    -0.7329    0.6707
 Node:        100
  0.1250E+03  0.1374E+03  0.4537E+03  0.0000E+00
   0.008089
   0.001213
  -1.461E-4
  -0.001936
  -7.93E-4
   4.362E-4
   0.008818
   3.187E-4
   -6.957E-4
   0.009049242939052968
   0.002813666666666666
   0.0042658540312058915
   -0.9599    -0.1508    0.2362
   -0.2795    0.5757    -0.7684
   0.02012    0.8037    0.5948
 Node:        101
  0.1187E+03  0.1337E+03  0.4718E+03  0.0000E+00
   0.008137
   0.002936
   4.024E-4
   0.001073
   7.954E-4
   6.549E-4
   0.009348
   6.035E-4
   -7.181E-4
   0.00947468405858475
   0.0030778000000000003
   0.0044664088982835715
   -0.9365    -0.3195    -0.1447
   0.2341    -0.2625    -0.9361
   -0.2611    0.9105    -0.3206
 Node:        102
  0.1139E+03  0.1312E+03  0.4875E+03  0.0000E+00
   0.006993
   0.001946
   1.259E-4
   0.001449
   7.374E-4
   1.258E-4
   0.007857
   5.391E-5
   -6.417E-4
   0.008173126345230446
   0.00242307
   0.003852848708137915
   -0.945    -0.2574    -0.2018
   -0.3142    0.5438    0.7782
   0.09057    -0.7988    0.5947
 Node:        103
  0.1323E+03  0.1365E+03  0.4531E+03  0.0000E+00
   0.008152
   2.102E-4
  -6.066E-4
  -0.002231
  -0.001018
   3.271E-4
   0.008849
   4.969E-4
   -0.001381
   0.00943231103229744
   0.0026549666666666662
   0.004446434062132136
   -0.9645    -0.04969    0.2592
   -0.2308    0.6355    -0.7368
   0.1281    0.7705    0.6245
 Node:        104
  0.1250E+03  0.1331E+03  0.4702E+03  0.0000E+00
   0.008508
   0.003263
  -1.681E-4
   0.001031
   9.039E-4
   7.7E-4
   0.009843
   7.274E-4
   -0.001379
   0.010331126954984145
   0.0030637999999999998
   0.004870139951445611
   -0.9381    -0.3174    -0.1384
   0.2089    -0.2001    -0.9572
   -0.2761    0.9269    -0.254
 Node:        105
  0.1200E+03  0.1317E+03  0.4854E+03  0.0000E+00
   0.007184
   0.001851
   1.258E-5
   0.001413
   6.458E-4
   1.222E-4
   0.007963
   1.026E-5
   -6.206E-4
   0.008286200782240315
   0.0024508866666666665
   0.0039061525089302673
   -0.9524    -0.2374    -0.1913
   -0.2872    0.4884    0.824
   0.1022    -0.8397    0.5333
 Node:        106
  0.1397E+03  0.1351E+03  0.4527E+03  0.0000E+00
   0.008082
  -2.692E-4
  -0.001516
  -0.001549
  -0.001398
   5.146E-4
   0.00849
   0.00101
   -0.002287
   0.009564631148141572
   0.0024043333333333334
   0.004508810362932653
   -0.9814    -8.636E-4    0.1921
   0.1676    -0.4926    0.854
   -0.09389    -0.8703    -0.4835
 Node:        107
  0.1321E+03  0.1315E+03  0.4687E+03  0.0000E+00
   0.009115
   0.003881
  -5.318E-4
   0.001367
  -1.712E-4
   8.459E-4
   0.01075
   8.225E-4
   -0.002002
   0.011600572410445958
   0.0031901666666666662
   0.005468562278047941
   -0.9392    -0.3201    -0.1245
   -0.04382    -0.2478    0.9678
   -0.3407    0.9144    0.2187
 Node:        108
  0.1273E+03  0.1303E+03  0.4831E+03  0.0000E+00
   0.007466
   0.001658
  -9.909E-6
   4.88E-4
   1.251E-4
   9.22E-5
   0.007887
   6.034E-5
   -3.6E-4
   0.008045069964618082
   0.0025291133333333335
   0.003792482351401109
   -0.9764    -0.2059    -0.06446
   -0.07337    0.03594    0.9967
   -0.2029    0.9779    -0.0502
 Node:        109
  0.1018E+03  0.1092E+03  0.4946E+03 -0.2939E-04
  -5.879E-5
   2.399E-16
  -5.879E-5
   9.595E-17
  -2.399E-17
  -5.879E-5
   -5.879E-5
   -5.879E-5
   -5.879E-5
   0.0
   -5.879E-5
   0.0
   -0.3792    -0.925    -0.02399
   0.48    -0.2188    0.8495
   0.791    -0.3106    -0.527
 Node:        110
  0.1058E+03  0.1118E+03  0.5081E+03 -0.2939E-04
  -5.879E-5
   4.798E-17
  -5.879E-5
  -2.399E-17
  -8.995E-17
  -5.879E-5
   -5.879E-5
   -5.879E-5
   -5.879E-5
   0.0
   -5.879E-5
   0.0
   -0.02839    -0.09126    0.9954
   0.7347    0.6734    0.08269
   -0.6779    0.7336    0.04793
 Node:        111
  0.1108E+03  0.1137E+03  0.5210E+03 -0.2939E-04
  -5.879E-5
   9.595E-17
  -5.879E-5
  -4.798E-17
   5.637E-16
  -5.879E-5
   -5.879E-5
   -5.879E-5
   -5.879E-5
   0.0
   -5.879E-5
   0.0
   0.9392    0.3169    0.1319
   0.3364    -0.7738    -0.5367
   -0.06805    0.5484    -0.8334
 Node:        112
  0.1072E+03  0.1111E+03  0.4942E+03 -0.2939E-04
  -5.879E-5
   2.399E-16
  -5.879E-5
  -4.529E-37
   2.399E-17
  -5.879E-5
   -5.879E-5
   -5.879E-5
   -5.879E-5
   0.0
   -5.879E-5
   0.0
   0.3759    0.9265    0.01671
   0.9266    -0.3757    -0.01402
   0.006713    -0.02075    0.9998
 Node:        113
  0.1071E+03  0.1139E+03  0.5077E+03 -0.2939E-04
  -5.879E-5
   5.978E-36
  -5.879E-5
   2.879E-16
  -2.639E-16
  -5.879E-5
   -5.879E-5
   -5.879E-5
   -5.879E-5
   0.0
   -5.879E-5
   0.0
   -0.1654    0.6537    -0.7384
   -0.2298    -0.7537    -0.6158
   -0.9591    0.06786    0.2749
 Node:        114
  0.1093E+03  0.1164E+03  0.5209E+03 -0.2939E-04
  -5.879E-5
   1.919E-16
  -5.879E-5
  -4.798E-17
   9.595E-17
  -5.879E-5
   -5.879E-5
   -5.879E-5
   -5.879E-5
   0.0
   -5.879E-5
   0.0
   -0.6573    -0.7285    -0.1931
   -0.4203    0.1416    0.8963
   0.6256    -0.6703    0.3993
 Node:        115
  0.1129E+03  0.1120E+03  0.4932E+03 -0.2939E-04
  -5.879E-5
  -5.435E-37
  -5.879E-5
  -1.439E-16
  -4.798E-17
  -5.879E-5
   -5.879E-5
   -5.879E-5
   -5.879E-5
   0.0
   -5.879E-5
   0.0
   0.6708    0.2236    -0.7072
   0.3162    -0.9487    -1.268E-5
   -0.6709    -0.2236    -0.707
 Node:        116
  0.1092E+03  0.1143E+03  0.5068E+03 -0.2939E-04
  -5.879E-5
   8.995E-17
  -5.879E-5
   2.879E-16
   3.598E-17
  -5.879E-5
   -5.879E-5
   -5.879E-5
   -5.879E-5
   0.0
   -5.879E-5
   0.0
   -0.223    -0.9699    -0.09797
   0.8805    -0.2435    0.4067
   -0.4183    0.004424    0.9083
 Node:        117
  0.1089E+03  0.1172E+03  0.5207E+03 -0.2939E-04
