 Group name: gastroc_stress
 #Fields=  16
 1) coordinates, coordinate, rectangular cartesian, #Components=3
   x.  Value index= 1, #Derivatives=0
   y.  Value index= 2, #Derivatives=0
   z.  Value index= 3, #Derivatives=0
 2) Tensor_1, field, rectangular cartesian, #Components=1
   Tensor_1.  Value index= 4, #Derivatives=0
 3) Tensor_2, field, rectangular cartesian, #Components=1
   Tensor_2.  Value index= 5, #Derivatives=0
 4) Tensor_3, field, rectangular cartesian, #Components=1
   Tensor_3.  Value index= 6, #Derivatives=0
 5) Tensor_4, field, rectangular cartesian, #Components=1
   Tensor_4.  Value index= 7, #Derivatives=0
 6) Tensor_5, field, rectangular cartesian, #Components=1
   Tensor_5.  Value index= 8, #Derivatives=0
 7) Tensor_6, field, rectangular cartesian, #Components=1
   Tensor_6.  Value index= 9, #Derivatives=0
 8) Principal_1, field, rectangular cartesian, #Components=1
   Principal_1.  Value index= 10, #Derivatives=0
 9) Principal_2, field, rectangular cartesian, #Components=1
   Principal_2.  Value index= 11, #Derivatives=0
 10) Principal_3, field, rectangular cartesian, #Components=1
   Principal_3.  Value index= 12, #Derivatives=0
 11) VonMises, field, rectangular cartesian, #Components=1
   VonMises.  Value index= 13, #Derivatives=0
 12) Hydrostatic, field, rectangular cartesian, #Components=1
   VonMises.  Value index= 14, #Derivatives=0
 13) Octahedral, field, rectangular cartesian, #Components=1
   VonMises.  Value index= 15, #Derivatives=0
 14) PrincipalVector1, field, rectangular cartesian, #Components=3
   x.  Value index= 16, #Derivatives=0
   y.  Value index= 17, #Derivatives=0
   z.  Value index= 18, #Derivatives=0
 15) PrincipalVector2, field, rectangular cartesian, #Components=3
   x.  Value index= 19, #Derivatives=0
   y.  Value index= 20, #Derivatives=0
   z.  Value index= 21, #Derivatives=0
 16) PrincipalVector3, field, rectangular cartesian, #Components=3
   x.  Value index= 22, #Derivatives=0
   y.  Value index= 23, #Derivatives=0
   z.  Value index= 24, #Derivatives=0
 Node:          1
  0.1287E+03  0.1133E+03  0.4908E+03 -0.8006E-05
  -1.601E-5
  -1.439E-16
  -1.601E-5
  -4.797E-17
  -7.196E-17
  -1.601E-5
   -1.601E-5
   -1.601E-5
   -1.601E-5
   0.0
   -1.601E-5
   0.0
   0.966    -0.2571    -0.02712
   0.2489    0.9532    -0.1718
   0.07002    0.1592    0.9848
 Node:          2
  0.1292E+03  0.1137E+03  0.5052E+03 -0.8006E-05
  -1.601E-5
  -1.919E-16
  -1.601E-5
  -9.595E-17
   3.358E-16
  -1.601E-5
   -1.601E-5
   -1.601E-5
   -1.601E-5
   0.0
   -1.601E-5
   0.0
   0.895    -0.3984    -0.2008
   0.4461    0.7982    0.4048
   -9.605E-4    -0.4518    0.8921
 Node:          3
  0.1289E+03  0.1155E+03  0.5194E+03 -0.8006E-05
  -1.601E-5
   2.399E-16
  -1.601E-5
   1.919E-16
   9.595E-17
  -1.601E-5
   -1.601E-5
   -1.601E-5
   -1.601E-5
   0.0
   -1.601E-5
   0.0
   -0.4092    -0.8757    -0.2565
   0.496    -0.4494    0.7429
   0.7659    -0.1767    -0.6183
 Node:          4
  0.1361E+03  0.1141E+03  0.4915E+03 -0.8006E-05
  -1.601E-5
  -4.797E-17
  -1.601E-5
  -4.797E-17
  -1.439E-16
  -1.601E-5
   -1.601E-5
   -1.601E-5
   -1.601E-5
   0.0
   -1.601E-5
   0.0
   -0.04308    -0.0943    0.9946
   -0.9939    0.1055    -0.03304
   -0.1018    -0.9899    -0.09827
 Node:          5
  0.1341E+03  0.1144E+03  0.5054E+03 -0.8006E-05
  -1.601E-5
   2.399E-16
  -1.601E-5
   9.595E-17
  -1.199E-16
  -1.601E-5
   -1.601E-5
   -1.601E-5
   -1.601E-5
   0.0
   -1.601E-5
   0.0
   0.09699    -0.1794    0.979
   0.7185    0.6933    0.05584
   -0.6888    0.698    0.1961
 Node:          6
  0.1323E+03  0.1162E+03  0.5191E+03 -0.8006E-05
  -1.601E-5
   9.595E-17
  -1.601E-5
  -9.595E-17
  -4.797E-17
  -1.601E-5
   -1.601E-5
   -1.601E-5
   -1.601E-5
   0.0
   -1.601E-5
   0.0
   -0.715    -0.6928    0.09323
   0.693    -0.72    -0.03581
   0.09194    0.03901    0.995
 Node:          7
  0.1408E+03  0.1171E+03  0.4920E+03 -0.8006E-05
  -1.601E-5
   3.838E-16
  -1.601E-5
  -1.439E-16
  -1.919E-16
  -1.601E-5
   -1.601E-5
   -1.601E-5
   -1.601E-5
   0.0
   -1.601E-5
   0.0
   0.8641    0.487    -0.1268
   -0.5006    0.8577    -0.1173
   0.05165    0.1648    0.985
 Node:          8
  0.1367E+03  0.1169E+03  0.5055E+03 -0.8006E-05
  -1.601E-5
   3.358E-16
  -1.601E-5
  -6.956E-16
  -4.078E-16
  -1.601E-5
   -1.601E-5
   -1.601E-5
   -1.601E-5
   0.0
   -1.601E-5
   0.0
   -0.7204    -0.627    0.2965
   0.636    -0.7677    -0.07821
   0.2767    0.1322    0.9518
 Node:          9
  0.1339E+03  0.1180E+03  0.5191E+03 -0.8006E-05
  -1.601E-5
   2.878E-16
  -1.601E-5
  -6.836E-16
  -4.797E-16
  -1.601E-5
   -1.601E-5
   -1.601E-5
   -1.601E-5
   0.0
   -1.601E-5
   0.0
   0.3025    0.1645    -0.9388
   0.9346    0.1423    0.3261
   -0.1872    0.9761    0.1107
 Node:         10
  0.1294E+03  0.1212E+03  0.4911E+03 -0.8006E-05
  -1.601E-5
   4.797E-17
  -1.601E-5
  -2.399E-17
   2.159E-16
  -1.601E-5
   -1.601E-5
   -1.601E-5
   -1.601E-5
   0.0
   -1.601E-5
   0.0
   0.02409    0.7089    0.7049
   0.1744    0.6913    -0.7012
   -0.9844    0.1398    -0.107
 Node:         11
  0.1295E+03  0.1214E+03  0.5055E+03 -0.8006E-05
  -1.601E-5
  -4.797E-17
  -1.601E-5
  -7.196E-17
   2.399E-17
  -1.601E-5
   -1.601E-5
   -1.601E-5
   -1.601E-5
   0.0
   -1.601E-5
   0.0
   -0.2763    0.1332    0.9518
   -0.5867    0.761    -0.2768
   0.7612    0.6349    0.1322
 Node:         12
  0.1295E+03  0.1217E+03  0.5196E+03 -0.8006E-05
  -1.601E-5
  -1.357E-37
  -1.601E-5
   1.319E-16
   4.797E-17
  -1.601E-5
   -1.601E-5
   -1.601E-5
   -1.601E-5
   0.0
   -1.601E-5
   0.0
   -0.2404    -0.08742    -0.9667
   -0.3419    0.9398    2.382E-5
   0.9085    0.3305    -0.2558
 Node:         13
  0.1361E+03  0.1199E+03  0.4914E+03 -0.8006E-05
  -1.601E-5
  -2.399E-16
  -1.601E-5
  -1.679E-16
   4.797E-17
  -1.601E-5
   -1.601E-5
   -1.601E-5
   -1.601E-5
   0.0
   -1.601E-5
   0.0
   0.9203    -0.37    -0.1273
   0.3697    0.9288    -0.02722
   0.1283    -0.02201    0.9915
 Node:         14
  0.1342E+03  0.1198E+03  0.5054E+03 -0.8006E-05
  -1.601E-5
   4.797E-17
  -1.601E-5
   9.595E-17
  -1.559E-16
  -1.601E-5
   -1.601E-5
   -1.601E-5
   -1.601E-5
   0.0
   -1.601E-5
   0.0
   0.09999    -0.2648    0.9591
   -0.2953    -0.9284    -0.2256
   -0.9502    0.2607    0.171
 Node:         15
  0.1330E+03  0.1205E+03  0.5193E+03 -0.8006E-05
  -1.601E-5
  -1.439E-16
  -1.601E-5
   2.399E-17
   8.395E-17
  -1.601E-5
   -1.601E-5
   -1.601E-5
   -1.601E-5
   0.0
   -1.601E-5
   0.0
   0.9934    -0.1134    0.01426
   -0.01884    -0.2856    -0.9582
   0.1127    0.9516    -0.2858
 Node:         16
  0.1404E+03  0.1188E+03  0.4918E+03 -0.8006E-05
  -1.601E-5
   9.595E-17
  -1.601E-5
  -1.439E-16
  -2.519E-16
  -1.601E-5
   -1.601E-5
   -1.601E-5
   -1.601E-5
   0.0
   -1.601E-5
   0.0
   -0.1502    -0.2388    0.9594
   -0.794    -0.549    -0.2609
   0.589    -0.801    -0.1072
 Node:         17
  0.1365E+03  0.1184E+03  0.5055E+03 -0.8006E-05
  -1.601E-5
   4.797E-17
  -1.601E-5
   1.679E-16
   2.938E-16
  -1.601E-5
   -1.601E-5
   -1.601E-5
   -1.601E-5
   0.0
   -1.601E-5
   0.0
   0.248    0.4017    0.8816
   0.9357    -0.3351    -0.1105
   -0.251    -0.8523    0.459
 Node:         18
  0.1341E+03  0.1191E+03  0.5192E+03 -0.8006E-05
  -1.601E-5
  -1.804E-37
  -1.601E-5
   4.572E-17
   1.84E-16
  -1.601E-5
   -1.601E-5
   -1.601E-5
   -1.601E-5
   0.0
   -1.601E-5
   0.0
   0.02286    0.09199    0.9955
   0.9706    -0.2405    -6.42E-5
   -0.2394    -0.9663    0.09478
 Node:         19
  0.1301E+03  0.1291E+03  0.4914E+03  0.0000E+00
   4.934E-16
   0.0
   4.934E-16
   3.631E-19
   1.731E-17
  -9.869E-16
   4.936E-16
   4.934E-16
   -9.871E-16
   1.4806000101310279E-15
   -3.3333333333314155E-20
   6.979615382590138E-16
   -0.02097    -0.9997    -0.01169
   -0.9998    0.02097    -8.123E-17
   2.452E-4    0.01169    -0.9999
 Node:         20
  0.1299E+03  0.1291E+03  0.5058E+03  0.0000E+00
   9.869E-16
   0.0
   0.0
   1.799E-17
   3.326E-17
  -2.467E-16
   9.871E-16
   4.4E-18
   -2.514E-16
   1.1324785163525177E-15
   2.467E-16
   5.338554923072971E-16
   -0.9999    -4.917E-4    -0.01459
   0.002401    -0.9914    -0.1311
   -0.0144    -0.1312    0.9913
 Node:         21
  0.1301E+03  0.1280E+03  0.5197E+03  0.0000E+00
   4.934E-16
   0.0
   0.0
   7.196E-17
   2.549E-17
   4.934E-16
   5.66E-16
   4.222E-16
   -1.341E-18
   5.108528305500519E-16
   3.28953E-16
   2.408183337801893E-16
   -0.7039    -0.03195    -0.7096
   -0.7102    0.04241    0.7027
   -0.007642    -0.9986    0.05255
 Node:         22
  0.1360E+03  0.1256E+03  0.4913E+03  0.0000E+00
  -9.869E-16
   2.399E-17
  -4.934E-16
  -2.399E-17
   1.739E-16
   4.934E-16
   5.234E-16
   -5.215E-16
   -9.888E-16
   1.3410693755358072E-15
   -3.2896666666666662E-16
   6.321861663219854E-16
   -0.01298    0.1683    0.9857
   0.05935    0.9841    -0.1672
   -0.9982    0.05633    -0.02276
 Node:         23
  0.1343E+03  0.1253E+03  0.5054E+03  0.0000E+00
   0.0
   3.598E-17
  -1.974E-15
   0.0
   2.271E-16
  -7.401E-16
   6.796E-19
   -6.997E-16
   -2.015E-15
   1.7724996366646057E-15
   -9.046734666666666E-16
   8.355643418241562E-16
   0.9998    0.01889    0.00579
   -0.009011    0.1753    0.9845
   0.01758    -0.9843    0.1754
 Node:         24
  0.1336E+03  0.1248E+03  0.5194E+03  0.0000E+00
  -9.869E-16
   2.099E-17
   0.0
   2.399E-17
   1.499E-18
  -7.401E-16
   4.516E-19
   -7.379E-16
   -9.896E-16
   8.912682384908372E-16
   -5.756827999999999E-16
   4.2014787686204007E-16
   -0.02132    -0.9998    -0.002714
   0.09549    -0.004739    0.9954
   -0.9952    0.02096    0.09557
 Node:         25
  0.1400E+03  0.1206E+03  0.4917E+03  0.0000E+00
   0.0
   4.617E-16
  -4.934E-16
  -1.439E-16
  -2.249E-16
   9.869E-16
   1.067E-15
   2.05E-16
   -7.785E-16
   1.5994040296310373E-15
   1.6449999999999999E-16
   7.539662901394642E-16
   -0.2161    -0.2016    0.9553
   0.839    0.4621    0.2874
   -0.4994    0.8636    0.06929
 Node:         26
  0.1363E+03  0.1200E+03  0.5055E+03  0.0000E+00
   9.869E-16
   1.859E-16
  -2.714E-15
   4.797E-17
  -1.943E-15
  -2.467E-16
   1.006E-15
   8.09E-16
   -3.789E-15
   4.699597748744035E-15
   -6.579999999999999E-16
   2.215411624657293E-15
   0.968    0.1526    -0.1995
   0.2481    -0.4578    0.8538
   -0.03892    0.8759    0.4809
 Node:         27
  0.1343E+03  0.1203E+03  0.5192E+03  0.0000E+00
   9.869E-16
  -3.358E-16
   9.869E-16
  -1.799E-16
   2.27E-15
   0.0
   2.89E-15
   9.15E-16
   -1.831E-15
   4.1066398673367985E-15
   6.58E-16
   1.9358885987232494E-15
   -0.1931    0.7658    0.6135
   0.9808    0.1345    0.1409
   0.02534    0.6289    -0.7771
 Node:         28
  0.1155E+03  0.1124E+03  0.4931E+03 -0.4732E-04
  -9.463E-5
   6.597E-17
  -9.463E-5
  -9.596E-17
   9.596E-17
  -9.463E-5
   -9.463E-5
   -9.463E-5
   -9.463E-5
   0.0
   -9.463E-5
   0.0
   0.02392    0.9835    0.1796
   0.07203    0.1775    -0.9815
   -0.9971    0.03641    -0.06659
 Node:         29
  0.1119E+03  0.1139E+03  0.5068E+03 -0.4732E-04
  -9.463E-5
  -3.598E-17
  -9.463E-5
   9.596E-17
   1.199E-17
  -9.463E-5
   -9.463E-5
   -9.463E-5
   -9.463E-5
   0.0
   -9.463E-5
   0.0
   -0.03582    0.9993    0.005768
   -0.9821    -0.03413    -0.1855
   -0.1851    -0.01231    0.9826
 Node:         30
  0.1113E+03  0.1159E+03  0.5206E+03 -0.4732E-04
  -9.463E-5
   2.159E-16
  -9.463E-5
   1.312E-36
  -4.798E-17
  -9.463E-5
   -9.463E-5
   -9.463E-5
   -9.463E-5
   0.0
   -9.463E-5
   0.0
   0.7037    0.7089    -0.04782
   -0.7087    0.6955    -0.1186
   -0.05078    0.1173    0.9918
 Node:         31
  0.1203E+03  0.1126E+03  0.4920E+03 -0.4732E-04
  -9.463E-5
   1.679E-16
  -9.463E-5
   4.798E-17
   7.197E-17
  -9.463E-5
   -9.463E-5
   -9.463E-5
   -9.463E-5
   0.0
   -9.463E-5
   0.0
   -0.7438    -0.4293    -0.5123
   0.5143    0.122    -0.8489
   0.4269    -0.8949    0.1301
 Node:         32
  0.1188E+03  0.1134E+03  0.5062E+03 -0.4732E-04
  -9.463E-5
  -2.399E-17
  -9.463E-5
  -4.798E-17
   1.679E-16
  -9.463E-5
   -9.463E-5
   -9.463E-5
   -9.463E-5
   0.0
   -9.463E-5
   0.0
   0.9989    -0.02088    -0.04162
   0.04656    0.4512    0.8912
   1.669E-4    -0.8922    0.4516
 Node:         33
  0.1183E+03  0.1150E+03  0.5201E+03 -0.4732E-04
  -9.463E-5
   9.596E-17
  -9.463E-5
   1.439E-16
  -1.75E-36
  -9.463E-5
   -9.463E-5
   -9.463E-5
   -9.463E-5
   0.0
   -9.463E-5
   0.0
   0.9536    0.1669    0.2505
   8.315E-5    0.8319    -0.5549
   -0.301    0.5292    0.7933
 Node:         34
  0.1255E+03  0.1129E+03  0.4909E+03 -0.4732E-04
  -9.463E-5
  -2.041E-36
  -9.463E-5
   9.596E-17
   1.679E-16
  -9.463E-5
   -9.463E-5
   -9.463E-5
   -9.463E-5
   0.0
   -9.463E-5
   0.0
   0.3509    0.6139    0.7071
   0.8682    -0.4962    -4.012E-5
   -0.3508    -0.6139    0.7071
 Node:         35
  0.1260E+03  0.1135E+03  0.5054E+03 -0.4732E-04
  -9.463E-5
   1.919E-16
  -9.463E-5
   1.919E-16
   4.318E-16
  -9.463E-5
   -9.463E-5
   -9.463E-5
   -9.463E-5
   0.0
   -9.463E-5
   0.0
   0.746    0.4709    0.4709
   -0.666    0.5275    0.5275
   2.349E-5    -0.7071    0.7071
 Node:         36
  0.1257E+03  0.1153E+03  0.5196E+03 -0.4732E-04
  -9.463E-5
  -9.596E-17
  -9.463E-5
  -9.596E-17
   1.439E-16
  -9.463E-5
   -9.463E-5
   -9.463E-5
   -9.463E-5
   0.0
   -9.463E-5
   0.0
   -0.5155    0.6059    0.6059
   0.8569    0.3644    0.3647
   -1.608E-4    -0.7072    0.7071
 Node:         37
  0.1132E+03  0.1210E+03  0.4959E+03 -0.4732E-04
  -9.463E-5
   2.399E-16
  -9.463E-5
  -1.439E-16
   3.119E-16
  -9.463E-5
   -9.463E-5
   -9.463E-5
   -9.463E-5
   0.0
   -9.463E-5
   0.0
   -0.5072    -0.7958    -0.3309
   0.7559    -0.2263    -0.6144
   0.4141    -0.5617    0.7163
 Node:         38
  0.1111E+03  0.1204E+03  0.5085E+03 -0.4732E-04
  -9.463E-5
   1.679E-16
  -9.463E-5
  -4.798E-17
  -1.439E-16
  -9.463E-5
   -9.463E-5
   -9.463E-5
   -9.463E-5
   0.0
   -9.463E-5
   0.0
   0.2119    0.9668    -0.1429
   0.9723    -0.2233    -0.06854
   0.09816    0.1244    0.9874
 Node:         39
  0.1119E+03  0.1201E+03  0.5207E+03 -0.4732E-04
  -9.463E-5
  -1.679E-16
  -9.463E-5
  -1.439E-16
  -1.319E-16
  -9.463E-5
   -9.463E-5
   -9.463E-5
   -9.463E-5
   0.0
   -9.463E-5
   0.0
   0.9213    -0.0799    -0.3805
   0.3608    -0.1892    0.9133
   -0.1449    -0.9787    -0.1454
 Node:         40
  0.1191E+03  0.1220E+03  0.4937E+03 -0.4732E-04
  -9.463E-5
   1.439E-16
  -9.463E-5
   1.439E-16
  -2.399E-17
  -9.463E-5
   -9.463E-5
   -9.463E-5
   -9.463E-5
   0.0
   -9.463E-5
   0.0
   0.9817    0.1345    0.1345
   -1.053E-4    0.7075    -0.7067
   -0.1902    0.6938    0.6946
 Node:         41
  0.1182E+03  0.1217E+03  0.5073E+03 -0.4732E-04
  -9.463E-5
  -4.798E-17
  -9.463E-5
   9.596E-17
   1.679E-16
  -9.463E-5
   -9.463E-5
   -9.463E-5
   -9.463E-5
   0.0
   -9.463E-5
   0.0
   -0.1538    -0.1966    -0.9684
   -0.962    0.2534    0.1014
   0.2255    0.9472    -0.2281
 Node:         42
  0.1187E+03  0.1212E+03  0.5204E+03 -0.4732E-04
  -9.463E-5
  -9.596E-17
  -9.463E-5
   1.166E-36
   9.596E-17
  -9.463E-5
   -9.463E-5
   -9.463E-5
   -9.463E-5
   0.0
   -9.463E-5
   0.0
   -0.01861    0.09763    0.995
   -0.9834    0.1779    -0.03586
   -0.1806    -0.9792    0.0927
 Node:         43
  0.1258E+03  0.1217E+03  0.4915E+03 -0.4732E-04
  -9.463E-5
   1.919E-16
  -9.463E-5
  -2.399E-17
   5.832E-37
  -9.463E-5
   -9.463E-5
   -9.463E-5
   -9.463E-5
   0.0
   -9.463E-5
   0.0
   0.9458    0.3243    -0.01746
   -0.3241    0.946    0.01155
   0.02026    -0.005267    0.9998
 Node:         44
  0.1259E+03  0.1220E+03  0.5059E+03 -0.4732E-04
  -9.463E-5
   2.399E-16
  -9.463E-5
   1.679E-16
   1.919E-16
  -9.463E-5
   -9.463E-5
   -9.463E-5
   -9.463E-5
   0.0
   -9.463E-5
   0.0
   -0.3605    -0.3834    -0.8503
   -0.6209    -0.5817    0.5255
   0.6961    -0.7174    0.02834
 Node:         45
  0.1261E+03  0.1221E+03  0.5198E+03 -0.4732E-04
  -9.463E-5
  -1.439E-16
  -9.463E-5
   4.798E-17
  -1.199E-17
  -9.463E-5
   -9.463E-5
   -9.463E-5
   -9.463E-5
   0.0
   -9.463E-5
   0.0
   0.06679    -0.01247    0.9977
   -0.9877    0.1408    0.06788
   -0.1413    -0.99    -0.00292
 Node:         46
  0.1117E+03  0.1296E+03  0.4959E+03  0.0000E+00
  -2.467E-16
   4.797E-17
  -7.401E-16
   1.199E-17
  -4.497E-17
   0.0
   3.057E-18
   -2.423E-16
   -7.476E-16
   6.629532710146319E-16
   -3.2894766666666664E-16
   3.125191690294995E-16
   0.03676    -0.058    0.9976
   0.9946    0.09864    -0.03092
   -0.09662    0.9934    0.06131
 Node:         47
  0.1107E+03  0.1269E+03  0.5087E+03  0.0000E+00
  -7.401E-16
  -5.397E-17
   4.934E-16
  -4.797E-17
   6.896E-17
   0.0
   5.058E-16
   -7.273E-18
   -7.452E-16
   1.0892155802819752E-15
   -8.222433333333333E-17
   5.1346114866095E-16
   -0.04821    0.9891    0.1394
   -0.05424    -0.142    0.9884
   -0.9974    -0.04009    -0.06049
 Node:         48
  0.1125E+03  0.1242E+03  0.5208E+03  0.0000E+00
   4.934E-16
   5.997E-18
   4.934E-16
   0.0
  -2.998E-18
   4.934E-16
   5.001E-16
   4.934E-16
   4.867E-16
   1.1604740410711462E-17
   4.934E-16
   5.470527092215756E-18
   -0.6325    -0.7071    0.3162
   0.4472    -2.276E-15    0.8944
   0.6325    -0.7071    -0.3162
 Node:         49
  0.1186E+03  0.1311E+03  0.4938E+03  0.0000E+00
  -7.401E-16
  -3.598E-17
   0.0
  -7.196E-17
  -1.049E-17
  -2.467E-16
   1.947E-18
   -2.366E-16
   -7.523E-16
   6.677348643803167E-16
   -3.2898433333333336E-16
   3.1477323375866775E-16
   0.04561    -0.9985    0.02894
   -0.143    0.02215    0.9895
   -0.9887    -0.04926    -0.1418
 Node:         50
  0.1180E+03  0.1298E+03  0.5075E+03  0.0000E+00
   0.0
  -2.249E-17
   1.48E-15
  -7.196E-17
   2.155E-17
   9.869E-16
   1.482E-15
   9.91E-16
   -5.513E-18
   1.3127859849072886E-15
   8.224956666666666E-16
   6.188532481164029E-16
   0.01739    -0.9988    -0.04603
   -0.07128    -0.04716    0.9963
   0.9973    0.01405    0.07201
 Node:         51
  0.1192E+03  0.1275E+03  0.5206E+03  0.0000E+00
   0.0
  -5.997E-18
  -2.467E-16
   0.0
   2.549E-17
   4.934E-16
   4.943E-16
   1.449E-19
   -2.477E-16
   6.54286006770747E-16
   8.22483E-17
   3.0843338148204166E-16
   -4.17E-4    0.03438    0.9994
   0.9997    -0.02416    0.001248
   0.02418    0.9991    -0.03436
 Node:         52
  0.1262E+03  0.1305E+03  0.4920E+03  0.0000E+00
   4.934E-16
  -2.399E-17
   4.934E-16
   2.249E-18
   8.48E-18
   0.0
   5.175E-16
   4.696E-16
   -1.6E-19
   4.95449666061044E-16
   3.2898E-16
   2.335572124055831E-16
   -0.7061    0.708    0.008534
   0.7081    0.706    0.01614
   -0.005403    -0.01744    0.9998
 Node:         53
  0.1258E+03  0.1304E+03  0.5063E+03  0.0000E+00
  -7.401E-16
  -2.998E-18
  -4.934E-16
   4.797E-17
   5.847E-17
  -9.869E-16
   -4.866E-16
   -7.314E-16
   -1.002E-15
   4.465358664206045E-16
   -7.399999999999999E-16
   2.104990261260132E-16
   0.0104    0.9931    0.1171
   -0.9836    0.03123    -0.1776
   -0.18    -0.1133    0.9771
 Node:         54
  0.1265E+03  0.1288E+03  0.5200E+03  0.0000E+00
  -9.869E-16
   3.598E-17
   4.934E-16
   0.0
  -7.496E-18
   4.934E-16
   5.014E-16
   4.864E-16
   -9.877E-16
   1.4816569474746847E-15
   3.3333333333314155E-20
   6.984597833010066E-16
   0.01758    0.7272    -0.6862
   0.01675    0.686    0.7274
   -0.9997    0.02428    1.229E-4
 Node:         55
  0.1383E+03  0.1168E+03  0.4547E+03 -0.3045E-02
   0.1244
  -0.03382
   0.03376
   0.01403
   0.08897
   0.01822
   0.1495
   0.08974
   -0.07202
   0.1985052462782785
   0.055740000000000005
   0.09357627049631762
   -0.3011    0.7521    0.5862
   0.9399    0.1301    0.3157
   -0.1612    -0.6461    0.7461
 Node:         56
  0.1315E+03  0.1156E+03  0.4697E+03 -0.3045E-02
   0.1232
   0.01098
   0.01146
   0.06883
   0.001195
  -0.003937
   0.1398
   0.01339
   -0.0334
   0.15518864681412747
   0.03993000000000001
   0.07315662968362242
   -0.9096    -0.08571    -0.4065
   0.04896    -0.9938    0.09998
   -0.4125    0.07105    0.9082
 Node:         57
  0.1285E+03  0.1140E+03  0.4824E+03 -0.3045E-02
   0.1564
   0.02668
  -0.006748
   0.0213
  -0.01479
  -0.007139
   0.1612
   0.008164
   -0.02799
   0.17395399551605592
   0.04712466666666667
   0.0820026998959316
   -0.9839    -0.142    -0.1082
   0.02256    -0.7002    0.7136
   -0.1771    0.6997    0.6921
 Node:         58
  0.1494E+03  0.1181E+03  0.4540E+03 -0.3045E-02
   0.1124
  -0.1464
   0.08183
  -0.01407
   0.07216
   0.004334
   0.3018
   0.01583
   -0.07212
   0.3386223632603139
   0.08183666666666667
   0.15962811288185494
   -0.649    0.7143    0.262
   0.5939    0.2604    0.7612
   -0.4755    -0.6496    0.5932
 Node:         59
  0.1425E+03  0.1169E+03  0.4699E+03 -0.3045E-02
   0.1192
  -0.1217
   0.04372
   0.02638
   0.0277
  -0.009846
   0.2253
   0.01461
   -0.06542
   0.2601088189585274
   0.05816333333333334
   0.12261647315466583
   -0.7816    0.6233    0.02312
   -0.3615    -0.4225    -0.8312
   -0.5083    -0.658    0.5556
 Node:         60
  0.1375E+03  0.1150E+03  0.4833E+03 -0.3045E-02
   0.1579
  -0.01607
  -6.762E-4
   0.02024
  -0.005177
  -0.007925
   0.1572
   -0.001297
   -0.01147
   0.16382056927931854
   0.04814433333333334
   0.07722575695683116
   -0.9869    0.1067    -0.1213
   0.1411    0.9349    -0.3258
   -0.07859    0.3386    0.9376
 Node:         61
  0.1565E+03  0.1230E+03  0.4523E+03 -0.3045E-02
   0.1309
  -0.1778
   0.05915
  -0.1071
   0.1579
  -0.03642
   0.5178
   -0.04284
   -0.151
   0.6218155816638886
   0.10798666666666668
   0.293126676294662
   -0.6904    0.6345    0.3475
   0.6801    0.4058    0.6105
   -0.2464    -0.6579    0.7117
 Node:         62
  0.1500E+03  0.1209E+03  0.4695E+03 -0.3045E-02
   0.1591
  -0.2503
   0.04516
  -0.04004
   0.0808
  -0.03841
   0.522
   -0.03277
   -0.1637
   0.6305144359172119
   0.10851
   0.29722735551538093
   -0.7954    0.5854    0.1569
   0.2903    0.1408    0.9465
   0.532    0.7984    -0.2819
 Node:         63
  0.1437E+03  0.1181E+03  0.4838E+03 -0.3045E-02
   0.1721
  -0.05605
   0.001873
   0.005053
  -0.003795
  -0.01203
   0.1982
   -0.01038
   -0.01596
   0.21142523312036338
   0.05728666666666666
   0.09966681070223705
   -0.9589    0.2824    -0.0281
   -0.1419    -0.3915    0.9092
   0.2458    0.8758    0.4155
 Node:         64
  0.1417E+03  0.1252E+03  0.4519E+03 -0.3045E-02
   0.1306
   0.03887
   0.03152
  -0.05575
   0.04586
  -0.0102
   0.1354
   0.07556
   -0.06016
   0.17355756624244303
   0.05026666666666666
   0.08181582134417659
   -0.9435    -0.2522    0.215
   -0.09639    0.8296    0.55
   -0.3171    0.4982    -0.807
 Node:         65
  0.1344E+03  0.1229E+03  0.4683E+03 -0.3045E-02
   0.1407
  -0.003713
   0.02349
  -0.01657
   0.02173
  -0.009129
   0.1219
   0.03935
   -0.02098
   0.12423547359751964
   0.04675666666666667
   0.05856516389648561
   -0.9883    0.08292    0.128
   -0.1281    -0.9069    -0.4014
   0.0828    -0.4131    0.9069
 Node:         66
  0.1299E+03  0.1214E+03  0.4825E+03 -0.3045E-02
   0.1646
  -0.006639
  -0.001953
   0.006785
  -0.004945
  -0.006928
   0.1623
   5.904E-4
   -0.009921
   0.16721327265369818
   0.050989799999999995
   0.07882509266521671
   -0.9983    0.04208    -0.04051
   0.05699    0.854    -0.5172
   -0.01283    0.5186    0.8549
 Node:         67
  0.1506E+03  0.1246E+03  0.4515E+03 -0.3045E-02
   0.1273
  -0.08085
   0.02948
  -0.04491
   0.04259
   0.004323
   0.1921
   -0.001094
   -0.0323
   0.21053870911544983
   0.052902
   0.09924889927853105
   -0.7777    0.5378    0.3256
   0.5976    0.4716    0.6484
   -0.1952    -0.6988    0.6881
 Node:         68
  0.1438E+03  0.1226E+03  0.4685E+03 -0.3045E-02
   0.1439
  -0.1723
   0.02743
  -0.03409
   0.0482
  -0.002175
   0.3099
   -0.008776
   -0.09096
   0.3667406048094484
   0.07005466666666667
   0.17288317906481113
   -0.8048    0.5611    0.1937
   0.3021    0.1063    0.9473
   0.5109    0.8209    -0.255
 Node:         69
  0.1380E+03  0.1205E+03  0.4830E+03 -0.3045E-02
   0.1672
  -0.04381
   0.001185
  -0.003433
   0.008524
  -0.006165
   0.1783
   -3.576E-4
   -0.01535
   0.18660604571599496
   0.05419746666666666
   0.08796693355745795
   -0.9697    0.2424    0.03061
   0.174    0.5973    0.7829
   -0.1715    -0.7645    0.6213
 Node:         70
  0.1564E+03  0.1249E+03  0.4516E+03 -0.3045E-02
   0.1276
  -0.1249
  -0.005535
  -0.1475
   0.08339
   0.03365
   0.368
   -0.06507
   -0.07563
   0.43844538736312416
   0.07576666666666666
   0.2066851377229518
   -0.7507    0.4164    0.5128
   0.6464    0.6234    0.4401
   0.1364    -0.6618    0.7371
 Node:         71
  0.1501E+03  0.1227E+03  0.4690E+03 -0.3045E-02
   0.1537
  -0.2885
   0.009089
  -0.1632
   0.116
   0.008264
   0.6058
   -0.07532
   -0.1688
   0.7323483204049832
   0.12056000000000001
   0.3452323090326281
   -0.7924    0.4987    0.3513
   0.3112    -0.1648    0.9359
   0.5246    0.851    -0.02457
 Node:         72
  0.1435E+03  0.1200E+03  0.4837E+03 -0.3045E-02
   0.1712
  -0.07249
   1.637E-4
  -0.02559
   0.02143
  -0.005171
   0.2121
   -0.004101
   -0.03066
   0.23063029991958994
   0.059113000000000006
   0.1087201660134862
   -0.9298    0.338    0.1458
   0.2787    0.3877    0.8786
   -0.2404    -0.8576    0.4547
 Node:         73
  0.1451E+03  0.1339E+03  0.4506E+03  0.0000E+00
   0.1857
  -0.04493
  -0.02008
   0.01694
  -0.02484
   0.01843
   0.2158
   0.02619
   -0.03108
   0.2238096729366271
   0.07030333333333333
   0.10550489161908823
   -0.9735    0.191    -0.1255
   0.1874    0.3527    -0.9168
   0.1308    0.916    0.3791
 Node:         74
  0.1373E+03  0.1304E+03  0.4676E+03  0.0000E+00
   0.2076
  -0.03815
  -0.01037
   0.01466
  -0.03167
   0.01189
   0.24
   0.0274
   -0.02962
   0.24611479516680826
   0.07925999999999998
   0.11601962707519216
   -0.983    0.1587    -0.09241
   0.1642    0.534    -0.8294
   0.08231    0.8305    0.551
 Node:         75
  0.1314E+03  0.1289E+03  0.4826E+03  0.0000E+00
   0.1845
  -0.01372
  -0.001412
  -0.007653
  -0.005423
   6.888E-4
   0.1939
   0.004977
   -0.006803
   0.19507993558795328
   0.06402466666666666
   0.09196156355178443
   -0.997    0.06827    0.03752
   -0.01333    -0.624    0.7813
   0.07675    0.7784    0.623
 Node:         76
  0.1518E+03  0.1314E+03  0.4501E+03  0.0000E+00
   0.1864
  -0.07216
  -0.02721
  -0.01585
   0.06723
   0.03816
   0.2386
   0.07144
   -0.06208
   0.2609391867849672
   0.08265333333333333
   0.12300791230196896
   -0.9256    0.3038    0.2258
   0.343    0.4207    0.8399
   -0.1602    -0.8548    0.4936
 Node:         77
  0.1450E+03  0.1284E+03  0.4676E+03  0.0000E+00
   0.2287
  -0.007603
  -0.01518
  -0.007909
   0.05321
   0.01687
   0.266
   0.05345
   -0.04346
   0.2741665025126155
   0.09199666666666667
   0.1292433287339127
   -0.9984    0.03654    0.04308
   0.05645    0.6167    0.7851
   -0.002119    -0.7863    0.6178
 Node:         78
  0.1385E+03  0.1261E+03  0.4829E+03  0.0000E+00
   0.1933
   0.009014
  -0.001192
  -0.003795
   8.755E-4
   9.233E-4
   0.2065
   0.001173
   -0.001862
   0.20686119887257734
   0.06860366666666666
   0.09751530432478563
   -0.9989    -0.04303    0.01834
   0.002249    0.3475    0.9377
   -0.04672    0.9367    -0.347
 Node:         79
  0.1564E+03  0.1269E+03  0.4509E+03  0.0000E+00
   0.1879
   0.1893
   0.03104
   0.06359
  -0.005527
   0.1045
   0.3031
   0.1069
   -0.07369
   0.3264030424184186
   0.11210333333333333
   0.1538678697959894
   -0.8437    -0.4679    -0.2632
   -0.1211    -0.3118    0.9424
   -0.523    0.827    0.2064
 Node:         80
  0.1501E+03  0.1246E+03  0.4686E+03  0.0000E+00
   0.2358
   0.1428
   0.0111
  -0.009189
  -0.001849
   0.04037
   0.3146
   0.0377
   -0.04424
   0.3256945802435159
   0.10268666666666666
   0.15353389752393082
   -0.9227    -0.3841    0.03339
   0.02105    0.03629    0.9991
   -0.385    0.9226    -0.0254
 Node:         81
  0.1434E+03  0.1218E+03  0.4836E+03  0.0000E+00
   0.195
   0.02254
   4.549E-4
   0.001087
  -1.463E-4
   0.001605
   0.2099
   0.001524
   -0.001988
   0.21015401026865987
   0.069812
   0.09906755050301115
   -0.9943    -0.1063    -0.005101
   0.002579    -0.072    0.9974
   -0.1064    0.9917    0.07186
 Node:         82
  0.1267E+03  0.1149E+03  0.4581E+03 -0.5700E-01
   0.02756
  -0.03642
  -0.09517
   0.024
   0.08258
  -0.1089
   0.03472
   -0.02374
   -0.1863
   0.1983597307923158
   -0.05844
   0.09350767383838969
   0.9734    -0.2289    -0.009617
   0.1748    0.7149    0.677
   -0.1481    -0.6607    0.7359
 Node:         83
  0.1234E+03  0.1130E+03  0.4730E+03 -0.5700E-01
   0.02247
   0.00265
  -0.1064
   0.1207
   0.03038
  -0.1319
   0.09649
   -0.1133
   -0.1867
   0.2545544933801012
   -0.06783666666666667
   0.11999813896705047
   0.9032    0.0943    0.4188
   -0.2137    0.9448    0.2482
   -0.3723    -0.3136    0.8735
 Node:         84
  0.1187E+03  0.1123E+03  0.4850E+03 -0.5700E-01
   0.05374
   0.002998
  -0.1135
   0.04212
  -0.001537
  -0.1308
   0.06564
   -0.1188
   -0.1341
   0.19254645049961322
   -0.062419999999999996
   0.09076726722778428
   0.9823    0.01259    0.1871
   0.009885    0.9929    -0.1187
   -0.1873    0.1184    0.9751
 Node:         85
  0.1303E+03  0.1162E+03  0.4568E+03 -0.5700E-01
   0.0298
  -0.03043
  -0.08953
   0.04167
   0.116
  -0.1088
   0.03836
   0.01826
   -0.2107
   0.23964304204378645
   -0.051359999999999996
   0.11296881339555621
   0.9412    0.1426    0.3064
   -0.3038    0.7541    0.5822
   0.1481    0.6411    -0.7531
 Node:         86
  0.1252E+03  0.1139E+03  0.4713E+03 -0.5700E-01
   0.03402
   0.08139
  -0.06642
   0.2454
   0.09011
  -0.1299
   0.303
   -0.1173
   -0.2356
   0.4902738724427399
   -0.016633333333333344
   0.2311173198952332
   0.8091    0.3542    0.4689
   -0.3838    0.9228    -0.03474
   -0.445    -0.1518    0.8826
 Node:         87
  0.1217E+03  0.1126E+03  0.4834E+03 -0.5700E-01
   0.04954
   0.001909
  -0.1125
   0.05426
  -0.00858
  -0.1293
   0.06729
   -0.1161
   -0.1407
   0.19684624990077917
   -0.06316999999999999
   0.09279421210398847
   0.9715    -0.0052    0.2369
   0.08187    0.9455    -0.315
   -0.2223    0.3255    0.919
 Node:         88
  0.1338E+03  0.1169E+03  0.4550E+03 -0.5700E-01
   0.005756
  -0.03973
  -0.09653
   0.02809
   0.1513
  -0.0816
   0.07851
   0.01163
   -0.2387
   0.2896206375588591
   -0.04952
   0.13652847785962705
   -0.1104    0.7397    0.6638
   0.9861    -0.001854    0.166
   -0.124    -0.6729    0.7292
 Node:         89
  0.1270E+03  0.1150E+03  0.4697E+03 -0.5700E-01
  -0.004568
   0.02463
  -0.1043
   0.1002
   0.03421
  -0.1187
   0.06493
   -0.1203
   -0.1761
   0.21853976045562054
   -0.07715666666666667
   0.10302063105136866
   0.8774    0.2152    0.4287
   -0.34    0.9095    0.2393
   -0.3384    -0.3557    0.8712
 Node:         90
  0.1248E+03  0.1132E+03  0.4823E+03 -0.5700E-01
   0.04341
   0.03135
  -0.1174
   0.02808
  -0.01527
  -0.1178
   0.0533
   -0.107
   -0.1414
   0.1799826936124693
   -0.06503333333333333
   0.08484465543306517
   0.9818    0.1424    0.126
   -0.01129    0.705    -0.7092
   -0.1898    0.6948    0.6937
 Node:         91
  0.1263E+03  0.1267E+03  0.4551E+03 -0.5700E-01
   0.02171
   0.07151
  -0.06613
  -0.01249
   0.1107
  -0.1126
   0.08062
   -0.01692
   -0.2026
   0.2492034132992564
   -0.04630000000000001
   0.11747561562582538
   -0.7224    -0.6046    -0.3356
   0.6659    -0.4775    -0.5733
   0.1864    -0.6376    0.7475
 Node:         92
  0.1211E+03  0.1237E+03  0.4728E+03 -0.5700E-01
   0.02148
   0.008343
  -0.0892
   0.01475
   0.07317
  -0.1017
   0.0241
   -0.03013
   -0.1695
   0.17298244101642227
   -0.058510000000000006
   0.08154470471260944
   0.9531    0.2145    0.2136
   -0.3021    0.7186    0.6264
   -0.01911    -0.6615    0.7497
 Node:         93
  0.1160E+03  0.1217E+03  0.4877E+03 -0.5700E-01
   0.0537
  -0.007053
  -0.1122
   0.01592
   0.01745
  -0.1155
   0.05501
   -0.09913
   -0.1313
   0.1724898034667557
   -0.05847333333333333
   0.0813124731445852
   0.9966    -0.02667    0.07852
   0.03298    -0.7413    -0.6704
   0.07608    0.6707    -0.7378
 Node:         94
  0.1317E+03  0.1268E+03  0.4541E+03 -0.5700E-01
   0.01552
   0.06882
  -0.06054
  -0.05591
   0.1074
  -0.09891
   0.05606
   0.02128
   -0.202
   0.24254749060750969
   -0.04155333333333334
   0.11433798357890036
   -0.7503    -0.6149    -0.2429
   -0.6055    0.4915    0.626
   0.2655    -0.6168    0.741
 Node:         95
  0.1252E+03  0.1238E+03  0.4708E+03 -0.5700E-01
   0.007574
   0.001614
  -0.08395
  -0.002825
   0.05257
  -0.08899
   0.006207
   -0.03899
   -0.1461
   0.13548568772752345
   -0.05962766666666667
   0.06386856569723656
   0.9997    -0.001117    -0.0226
   -0.01614    -0.735    -0.6778
   -0.01585    0.678    -0.7349
 Node:         96
  0.1205E+03  0.1222E+03  0.4852E+03 -0.5700E-01
   0.05047
  -0.00686
  -0.1118
   0.01893
   0.01321
  -0.1151
   0.0521
   -0.1034
   -0.1283
   0.16932870400496192
   -0.05986666666666667
   0.07982231656762552
   0.995    -0.0267    0.09593
   0.04295    -0.7541    -0.6553
   0.08984    0.6562    -0.7492
 Node:         97
  0.1373E+03  0.1262E+03  0.4526E+03 -0.5700E-01
  -0.01471
   0.04782
  -0.05949
  -0.04647
   0.1102
  -0.09729
   0.04357
   0.004999
   -0.2071
   0.23378318667303688
   -0.05284366666666667
   0.11020645108260325
   0.182    0.7882    0.5878
   0.9588    -0.009633    -0.284
   0.2182    -0.6153    0.7575
 Node:         98
  0.1300E+03  0.1234E+03  0.4686E+03 -0.5700E-01
   0.007758
   0.01268
  -0.0754
   0.01351
   0.05912
  -0.09977
   0.01362
   -0.03836
   -0.1534
   0.14804020129680992
   -0.05938000000000001
   0.06978682015013055
   0.9341    0.2721    0.2311
   -0.3569    0.7243    0.5899
   -0.006856    -0.6335    0.7737
 Node:         99
  0.1260E+03  0.1218E+03  0.4827E+03 -0.5700E-01
   0.05256
   9.474E-4
  -0.1089
   0.01248
   5.166E-4
  -0.1152
   0.05254
   -0.1117
   -0.1156
   0.16622431711395297
   -0.058253333333333324
   0.07835889455291949
   0.9979    0.005372    0.06486
   -0.01201    0.9947    0.1025
   -0.06396    -0.103    0.9926
 Node:        100
  0.1257E+03  0.1383E+03  0.4526E+03  0.0000E+00
   0.1824
   0.008961
   0.007802
  -0.01163
  -0.001863
  -0.007709
   0.1905
   0.007711
   -0.007719
   0.19097208615658992
   0.06349733333333334
   0.0900251047591109
   -0.997    -0.05202    0.05695
   0.05641    -0.9953    0.07841
   -0.0526    -0.08139    -0.9953
 Node:        101
  0.1191E+03  0.1342E+03  0.4713E+03  0.0000E+00
   0.1897
   0.01332
   0.009266
  -0.02207
  -0.009858
  -0.009843
   0.2063
   0.01131
   -0.01343
   0.2084639544381714
   0.06806000000000001
   0.09827085054412965
   -0.9918    -0.07821    0.1011
   -0.1071    0.9401    -0.3237
   0.06974    0.3319    0.9407
 Node:        102
  0.1139E+03  0.1312E+03  0.4875E+03  0.0000E+00
   0.1791
   0.002692
  -6.91E-4
  -0.003759
  -0.01125
  -0.001506
   0.1849
   0.009957
   -0.01195
   0.18686210476980078
   0.060969
   0.08808764095301148
   -0.9996    -0.01639    0.02134
   -0.02658    0.7246    -0.6887
   0.00417    0.689    0.7247
 Node:        103
  0.1333E+03  0.1372E+03  0.4518E+03  0.0000E+00
   0.1848
  -0.009202
   0.00954
  -0.01565
  -0.008306
  -0.01112
   0.1969
   0.01288
   -0.01392
   0.1987796176674057
   0.06528666666666667
   0.09370561040952789
   -0.9964    0.04783    0.06956
   -0.02125    -0.9396    0.3416
   0.0817    0.3389    0.9373
 Node:        104
  0.1256E+03  0.1335E+03  0.4697E+03  0.0000E+00
   0.1933
   0.005056
   0.004194
  -0.02938
  -0.02007
  -0.009109
   0.2167
   0.01599
   -0.02303
   0.22279759581288125
   0.06988666666666667
   0.10502779388756527
   -0.9906    -0.04221    0.13
   0.1053    -0.842    0.5291
   -0.08711    -0.5378    -0.8385
 Node:        105
  0.1201E+03  0.1317E+03  0.4853E+03  0.0000E+00
   0.1793
  -0.001659
  -0.001713
  -0.009017
  -0.01211
  -0.001377
   0.1865
   0.01032
   -0.01345
   0.18918827632810656
   0.061123333333333335
   0.08918420874173234
   -0.9988    0.004539    0.04784
   0.03028    -0.7136    0.6999
   0.03732    0.7006    0.7126
 Node:        106
  0.1408E+03  0.1353E+03  0.4510E+03  0.0000E+00
   0.1862
  -0.008184
  -5.222E-4
   0.003541
  -0.04128
  -0.003535
   0.1987
   0.03894
   -0.03972
   0.21042189714951243
   0.06597333333333333
   0.09919383358970567
   -0.9983    0.05003    -0.029
   0.05642    0.7327    -0.6782
   0.01269    0.6787    0.7343
 Node:        107
  0.1329E+03  0.1318E+03  0.4680E+03  0.0000E+00
   0.2014
  -0.01272
   0.001498
  -0.01064
  -0.05404
  -0.001915
   0.2207
   0.05262
   -0.04807
   0.2351878774511986
   0.07508333333333334
   0.11086862866574215
   -0.9983    0.04699    0.03387
   -0.01174    -0.7367    0.6761
   0.05672    0.6745    0.7361
 Node:        108
  0.1273E+03  0.1304E+03  0.4831E+03  0.0000E+00
   0.1814
  -0.008331
  -0.001132
  -0.01189
  -0.009242
  -3.182E-4
   0.1893
   0.008337
   -0.01059
   0.19113065007737506
   0.06234900000000001
   0.09009985250820335
   -0.9974    0.03956    0.06053
   0.01519    -0.7038    0.7103
   0.07069    0.7093    0.7013
 Node:        109
  0.1018E+03  0.1092E+03  0.4946E+03 -0.1049E-04
  -2.097E-5
   2.399E-16
  -2.097E-5
   9.595E-17
  -2.399E-17
  -2.097E-5
   -2.097E-5
   -2.097E-5
   -2.097E-5
   0.0
   -2.097E-5
   0.0
   -0.3792    -0.925    -0.024
   0.4801    -0.2189    0.8495
   0.791    -0.3106    -0.5271
 Node:        110
  0.1058E+03  0.1118E+03  0.5081E+03 -0.1049E-04
  -2.097E-5
   4.797E-17
  -2.097E-5
  -2.399E-17
  -8.995E-17
  -2.097E-5
   -2.097E-5
   -2.097E-5
   -2.097E-5
   0.0
   -2.097E-5
   0.0
   -0.02838    -0.09128    0.9954
   0.7346    0.6734    0.08269
   -0.6779    0.7336    0.04794
 Node:        111
  0.1108E+03  0.1137E+03  0.5210E+03 -0.1049E-04
  -2.097E-5
   9.595E-17
  -2.097E-5
  -4.797E-17
   5.637E-16
  -2.097E-5
   -2.097E-5
   -2.097E-5
   -2.097E-5
   0.0
   -2.097E-5
   0.0
   0.9393    0.3168    0.1319
   0.3364    -0.7738    -0.5367
   -0.06802    0.5485    -0.8334
 Node:        112
  0.1072E+03  0.1111E+03  0.4942E+03 -0.1049E-04
  -2.097E-5
   2.399E-16
  -2.097E-5
  -1.616E-37
   2.399E-17
  -2.097E-5
   -2.097E-5
   -2.097E-5
   -2.097E-5
   0.0
   -2.097E-5
   0.0
   0.3759    0.9265    0.0167
   0.9266    -0.3757    -0.01402
   0.006715    -0.02074    0.9998
 Node:        113
  0.1071E+03  0.1139E+03  0.5077E+03 -0.1049E-04
  -2.097E-5
   2.133E-36
  -2.097E-5
   2.878E-16
  -2.639E-16
  -2.097E-5
   -2.097E-5
   -2.097E-5
   -2.097E-5
   0.0
   -2.097E-5
   0.0
   -0.1654    0.6537    -0.7384
   -0.2298    -0.7537    -0.6157
   -0.9591    0.06784    0.2749
 Node:        114
  0.1093E+03  0.1164E+03  0.5209E+03 -0.1049E-04
  -2.097E-5
   1.919E-16
  -2.097E-5
  -4.797E-17
   9.595E-17
  -2.097E-5
   -2.097E-5
   -2.097E-5
   -2.097E-5
   0.0
   -2.097E-5
   0.0
   -0.6573    -0.7285    -0.1932
   -0.4203    0.1416    0.8963
   0.6255    -0.6703    0.3993
 Node:        115
  0.1129E+03  0.1120E+03  0.4932E+03 -0.1049E-04
  -2.097E-5
  -1.939E-37
  -2.097E-5
  -1.439E-16
  -4.797E-17
  -2.097E-5
   -2.097E-5
   -2.097E-5
   -2.097E-5
   0.0
   -2.097E-5
   0.0
   0.6708    0.2236    -0.7071
   0.3162    -0.9487    1.969E-6
   -0.6709    -0.2236    -0.7071
 Node:        116
  0.1092E+03  0.1143E+03  0.5068E+03 -0.1049E-04
  -2.097E-5
   8.995E-17
  -2.097E-5
   2.878E-16
   3.598E-17
  -2.097E-5
   -2.097E-5
   -2.097E-5
   -2.097E-5
   0.0
   -2.097E-5
   0.0
   -0.223    -0.9699    -0.09799
   0.8805    -0.2435    0.4067
   -0.4184    0.004413    0.9083
 Node:        117
  0.1089E+03  0.1172E+03  0.5207E+03 -0.1049E-04
  -2.097E-5
  -1.199E-16
  -2.097E-5
  -2.399E-16
  -2.878E-16
  -2.097E-5
   -2.097E-5
   -2.097E-5
   -2.097E-5
   0.0
   -2.097E-5
   0.0
   -0.232    -0.2201    0.9475
   -0.8739    0.475    -0.1036
   -0.4272    -0.852    -0.3026
 Node:        118
  0.1017E+03  0.1094E+03  0.4948E+03 -0.1049E-04
  -2.097E-5
   1.439E-16
  -2.097E-5
  -2.399E-16
  -3.118E-16
  -2.097E-5
   -2.097E-5
   -2.097E-5
   -2.097E-5
   0.0
   -2.097E-5
   0.0
   -0.276    -0.4258    0.8617
   0.1261    0.8727    0.4716
   0.9529    -0.2388    0.1872
