 Group name: gastroc_stress
 #Fields=  16
 1) coordinates, coordinate, rectangular cartesian, #Components=3
   x.  Value index= 1, #Derivatives=0
   y.  Value index= 2, #Derivatives=0
   z.  Value index= 3, #Derivatives=0
 2) Tensor_1, field, rectangular cartesian, #Components=1
   Tensor_1.  Value index= 4, #Derivatives=0
 3) Tensor_2, field, rectangular cartesian, #Components=1
   Tensor_2.  Value index= 5, #Derivatives=0
 4) Tensor_3, field, rectangular cartesian, #Components=1
   Tensor_3.  Value index= 6, #Derivatives=0
 5) Tensor_4, field, rectangular cartesian, #Components=1
   Tensor_4.  Value index= 7, #Derivatives=0
 6) Tensor_5, field, rectangular cartesian, #Components=1
   Tensor_5.  Value index= 8, #Derivatives=0
 7) Tensor_6, field, rectangular cartesian, #Components=1
   Tensor_6.  Value index= 9, #Derivatives=0
 8) Principal_1, field, rectangular cartesian, #Components=1
   Principal_1.  Value index= 10, #Derivatives=0
 9) Principal_2, field, rectangular cartesian, #Components=1
   Principal_2.  Value index= 11, #Derivatives=0
 10) Principal_3, field, rectangular cartesian, #Components=1
   Principal_3.  Value index= 12, #Derivatives=0
 11) VonMises, field, rectangular cartesian, #Components=1
   VonMises.  Value index= 13, #Derivatives=0
 12) Hydrostatic, field, rectangular cartesian, #Components=1
   VonMises.  Value index= 14, #Derivatives=0
 13) Octahedral, field, rectangular cartesian, #Components=1
   VonMises.  Value index= 15, #Derivatives=0
 14) PrincipalVector1, field, rectangular cartesian, #Components=3
   x.  Value index= 16, #Derivatives=0
   y.  Value index= 17, #Derivatives=0
   z.  Value index= 18, #Derivatives=0
 15) PrincipalVector2, field, rectangular cartesian, #Components=3
   x.  Value index= 19, #Derivatives=0
   y.  Value index= 20, #Derivatives=0
   z.  Value index= 21, #Derivatives=0
 16) PrincipalVector3, field, rectangular cartesian, #Components=3
   x.  Value index= 22, #Derivatives=0
   y.  Value index= 23, #Derivatives=0
   z.  Value index= 24, #Derivatives=0
 Node:          1
  0.1287E+03  0.1133E+03  0.4908E+03 -0.1831E-05
  -3.662E-6
  -1.439E-16
  -3.662E-6
  -4.797E-17
  -7.196E-17
  -3.662E-6
   -3.662E-6
   -3.662E-6
   -3.662E-6
   0.0
   -3.662E-6
   0.0
   0.966    -0.2571    -0.02712
   0.2489    0.9532    -0.1718
   0.07002    0.1592    0.9848
 Node:          2
  0.1292E+03  0.1137E+03  0.5052E+03 -0.1831E-05
  -3.662E-6
  -1.919E-16
  -3.662E-6
  -9.595E-17
   3.358E-16
  -3.662E-6
   -3.662E-6
   -3.662E-6
   -3.662E-6
   0.0
   -3.662E-6
   0.0
   0.895    -0.3984    -0.2008
   0.4461    0.7982    0.4048
   -9.607E-4    -0.4518    0.8921
 Node:          3
  0.1289E+03  0.1155E+03  0.5194E+03 -0.1831E-05
  -3.662E-6
   2.399E-16
  -3.662E-6
   1.919E-16
   9.595E-17
  -3.662E-6
   -3.662E-6
   -3.662E-6
   -3.662E-6
   0.0
   -3.662E-6
   0.0
   -0.4092    -0.8757    -0.2565
   0.496    -0.4494    0.7429
   0.7658    -0.1767    -0.6183
 Node:          4
  0.1361E+03  0.1141E+03  0.4915E+03 -0.1831E-05
  -3.662E-6
  -4.797E-17
  -3.662E-6
  -4.797E-17
  -1.439E-16
  -3.662E-6
   -3.662E-6
   -3.662E-6
   -3.662E-6
   0.0
   -3.662E-6
   0.0
   -0.04308    -0.0943    0.9946
   -0.9939    0.1055    -0.03304
   -0.1018    -0.9899    -0.09827
 Node:          5
  0.1341E+03  0.1144E+03  0.5054E+03 -0.1831E-05
  -3.662E-6
   2.399E-16
  -3.662E-6
   9.595E-17
  -1.199E-16
  -3.662E-6
   -3.662E-6
   -3.662E-6
   -3.662E-6
   0.0
   -3.662E-6
   0.0
   0.09698    -0.1794    0.979
   0.7185    0.6933    0.05585
   -0.6888    0.698    0.1961
 Node:          6
  0.1323E+03  0.1162E+03  0.5191E+03 -0.1831E-05
  -3.662E-6
   9.595E-17
  -3.662E-6
  -9.595E-17
  -4.797E-17
  -3.662E-6
   -3.662E-6
   -3.662E-6
   -3.662E-6
   0.0
   -3.662E-6
   0.0
   -0.715    -0.6928    0.09323
   0.693    -0.72    -0.03581
   0.09194    0.03901    0.995
 Node:          7
  0.1408E+03  0.1171E+03  0.4920E+03 -0.1831E-05
  -3.662E-6
   3.838E-16
  -3.662E-6
  -1.439E-16
  -1.919E-16
  -3.662E-6
   -3.662E-6
   -3.662E-6
   -3.662E-6
   0.0
   -3.662E-6
   0.0
   0.8641    0.487    -0.1268
   -0.5006    0.8577    -0.1173
   0.05165    0.1648    0.985
 Node:          8
  0.1367E+03  0.1169E+03  0.5055E+03 -0.1831E-05
  -3.662E-6
   3.358E-16
  -3.662E-6
  -6.956E-16
  -4.078E-16
  -3.662E-6
   -3.662E-6
   -3.662E-6
   -3.662E-6
   0.0
   -3.662E-6
   0.0
   -0.7204    -0.627    0.2965
   0.636    -0.7677    -0.07822
   0.2767    0.1322    0.9518
 Node:          9
  0.1339E+03  0.1180E+03  0.5191E+03 -0.1831E-05
  -3.662E-6
   2.878E-16
  -3.662E-6
  -6.836E-16
  -4.797E-16
  -3.662E-6
   -3.662E-6
   -3.662E-6
   -3.662E-6
   0.0
   -3.662E-6
   0.0
   0.3025    0.1646    -0.9388
   0.9346    0.1422    0.3261
   -0.1871    0.9761    0.1108
 Node:         10
  0.1294E+03  0.1212E+03  0.4911E+03 -0.1831E-05
  -3.662E-6
   4.797E-17
  -3.662E-6
  -2.399E-17
   2.159E-16
  -3.662E-6
   -3.662E-6
   -3.662E-6
   -3.662E-6
   0.0
   -3.662E-6
   0.0
   0.02409    0.7089    0.7049
   0.1744    0.6913    -0.7012
   -0.9844    0.1398    -0.107
 Node:         11
  0.1295E+03  0.1214E+03  0.5055E+03 -0.1831E-05
  -3.662E-6
  -4.797E-17
  -3.662E-6
  -7.196E-17
   2.399E-17
  -3.662E-6
   -3.662E-6
   -3.662E-6
   -3.662E-6
   0.0
   -3.662E-6
   0.0
   -0.2763    0.1332    0.9518
   -0.5868    0.761    -0.2768
   0.7612    0.635    0.1321
 Node:         12
  0.1295E+03  0.1217E+03  0.5196E+03 -0.1831E-05
  -3.662E-6
  -3.103E-38
  -3.662E-6
   1.319E-16
   4.797E-17
  -3.662E-6
   -3.662E-6
   -3.662E-6
   -3.662E-6
   0.0
   -3.662E-6
   0.0
   -0.2404    -0.08741    -0.9667
   -0.3417    0.9398    -1.612E-6
   -0.9085    -0.3304    0.2558
 Node:         13
  0.1361E+03  0.1199E+03  0.4914E+03 -0.1831E-05
  -3.662E-6
  -2.399E-16
  -3.662E-6
  -1.679E-16
   4.797E-17
  -3.662E-6
   -3.662E-6
   -3.662E-6
   -3.662E-6
   0.0
   -3.662E-6
   0.0
   0.9203    -0.37    -0.1273
   0.3697    0.9288    -0.02722
   0.1283    -0.02201    0.9915
 Node:         14
  0.1342E+03  0.1198E+03  0.5054E+03 -0.1831E-05
  -3.662E-6
   4.797E-17
  -3.662E-6
   9.595E-17
  -1.559E-16
  -3.662E-6
   -3.662E-6
   -3.662E-6
   -3.662E-6
   0.0
   -3.662E-6
   0.0
   0.09999    -0.2648    0.9591
   -0.2953    -0.9284    -0.2256
   -0.9502    0.2607    0.171
 Node:         15
  0.1330E+03  0.1205E+03  0.5193E+03 -0.1831E-05
  -3.662E-6
  -1.439E-16
  -3.662E-6
   2.399E-17
   8.395E-17
  -3.662E-6
   -3.662E-6
   -3.662E-6
   -3.662E-6
   0.0
   -3.662E-6
   0.0
   0.9934    -0.1134    0.01426
   -0.01884    -0.2856    -0.9582
   0.1127    0.9516    -0.2858
 Node:         16
  0.1404E+03  0.1188E+03  0.4918E+03 -0.1831E-05
  -3.662E-6
   9.595E-17
  -3.662E-6
  -1.439E-16
  -2.519E-16
  -3.662E-6
   -3.662E-6
   -3.662E-6
   -3.662E-6
   0.0
   -3.662E-6
   0.0
   -0.1502    -0.2388    0.9594
   -0.794    -0.5491    -0.261
   0.5891    -0.8009    -0.1072
 Node:         17
  0.1365E+03  0.1184E+03  0.5055E+03 -0.1831E-05
  -3.662E-6
   4.797E-17
  -3.662E-6
   1.679E-16
   2.938E-16
  -3.662E-6
   -3.662E-6
   -3.662E-6
   -3.662E-6
   0.0
   -3.662E-6
   0.0
   0.248    0.4017    0.8816
   0.9357    -0.3351    -0.1105
   -0.251    -0.8523    0.4589
 Node:         18
  0.1341E+03  0.1191E+03  0.5192E+03 -0.1831E-05
  -3.662E-6
  -4.126E-38
  -3.662E-6
   4.572E-17
   1.84E-16
  -3.662E-6
   -3.662E-6
   -3.662E-6
   -3.662E-6
   0.0
   -3.662E-6
   0.0
   0.02285    0.09198    0.9955
   0.9705    -0.241    -1.581E-5
   -0.2399    -0.9662    0.09477
 Node:         19
  0.1301E+03  0.1291E+03  0.4914E+03  0.0000E+00
   4.934E-16
   0.0
   4.934E-16
   3.631E-19
   1.731E-17
  -9.869E-16
   4.936E-16
   4.934E-16
   -9.871E-16
   1.4806000101310279E-15
   -3.3333333333314155E-20
   6.979615382590138E-16
   -0.02097    -0.9997    -0.01169
   -0.9998    0.02097    -8.123E-17
   2.452E-4    0.01169    -0.9999
 Node:         20
  0.1299E+03  0.1291E+03  0.5058E+03  0.0000E+00
   9.869E-16
   0.0
   0.0
   1.799E-17
   3.326E-17
  -2.467E-16
   9.871E-16
   4.4E-18
   -2.514E-16
   1.1324785163525177E-15
   2.467E-16
   5.338554923072971E-16
   -0.9999    -4.917E-4    -0.01459
   0.002401    -0.9914    -0.1311
   -0.0144    -0.1312    0.9913
 Node:         21
  0.1301E+03  0.1280E+03  0.5197E+03  0.0000E+00
   4.934E-16
   0.0
   0.0
   7.196E-17
   2.549E-17
   4.934E-16
   5.66E-16
   4.222E-16
   -1.341E-18
   5.108528305500519E-16
   3.28953E-16
   2.408183337801893E-16
   -0.7039    -0.03195    -0.7096
   -0.7102    0.04241    0.7027
   -0.007642    -0.9986    0.05255
 Node:         22
  0.1360E+03  0.1256E+03  0.4913E+03  0.0000E+00
  -9.869E-16
   2.399E-17
  -4.934E-16
  -2.399E-17
   1.739E-16
   4.934E-16
   5.234E-16
   -5.215E-16
   -9.888E-16
   1.3410693755358072E-15
   -3.2896666666666662E-16
   6.321861663219854E-16
   -0.01298    0.1683    0.9857
   0.05935    0.9841    -0.1672
   -0.9982    0.05633    -0.02276
 Node:         23
  0.1343E+03  0.1253E+03  0.5054E+03  0.0000E+00
   0.0
   3.598E-17
  -1.974E-15
   0.0
   2.271E-16
  -7.401E-16
   6.796E-19
   -6.997E-16
   -2.015E-15
   1.7724996366646057E-15
   -9.046734666666666E-16
   8.355643418241562E-16
   0.9998    0.01889    0.00579
   -0.009011    0.1753    0.9845
   0.01758    -0.9843    0.1754
 Node:         24
  0.1336E+03  0.1248E+03  0.5194E+03  0.0000E+00
  -9.869E-16
   2.099E-17
   0.0
   2.399E-17
   1.499E-18
  -7.401E-16
   4.516E-19
   -7.379E-16
   -9.896E-16
   8.912682384908372E-16
   -5.756827999999999E-16
   4.2014787686204007E-16
   -0.02132    -0.9998    -0.002714
   0.09549    -0.004739    0.9954
   -0.9952    0.02096    0.09557
 Node:         25
  0.1400E+03  0.1206E+03  0.4917E+03  0.0000E+00
   0.0
   4.617E-16
  -4.934E-16
  -1.439E-16
  -2.249E-16
   9.869E-16
   1.067E-15
   2.05E-16
   -7.785E-16
   1.5994040296310373E-15
   1.6449999999999999E-16
   7.539662901394642E-16
   -0.2161    -0.2016    0.9553
   0.839    0.4621    0.2874
   -0.4994    0.8636    0.06929
 Node:         26
  0.1363E+03  0.1200E+03  0.5055E+03  0.0000E+00
   9.869E-16
   1.859E-16
  -2.714E-15
   4.797E-17
  -1.943E-15
  -2.467E-16
   1.006E-15
   8.09E-16
   -3.789E-15
   4.699597748744035E-15
   -6.579999999999999E-16
   2.215411624657293E-15
   0.968    0.1526    -0.1995
   0.2481    -0.4578    0.8538
   -0.03892    0.8759    0.4809
 Node:         27
  0.1343E+03  0.1203E+03  0.5192E+03  0.0000E+00
   9.869E-16
  -3.358E-16
   9.869E-16
  -1.799E-16
   2.27E-15
   0.0
   2.89E-15
   9.15E-16
   -1.831E-15
   4.1066398673367985E-15
   6.58E-16
   1.9358885987232494E-15
   -0.1931    0.7658    0.6135
   0.9808    0.1345    0.1409
   0.02534    0.6289    -0.7771
 Node:         28
  0.1155E+03  0.1124E+03  0.4931E+03 -0.1082E-04
  -2.164E-5
   6.596E-17
  -2.164E-5
  -9.595E-17
   9.595E-17
  -2.164E-5
   -2.164E-5
   -2.164E-5
   -2.164E-5
   0.0
   -2.164E-5
   0.0
   0.02391    0.9834    0.1796
   0.07203    0.1775    -0.9815
   -0.9971    0.0364    -0.06659
 Node:         29
  0.1119E+03  0.1139E+03  0.5068E+03 -0.1082E-04
  -2.164E-5
  -3.598E-17
  -2.164E-5
   9.595E-17
   1.199E-17
  -2.164E-5
   -2.164E-5
   -2.164E-5
   -2.164E-5
   0.0
   -2.164E-5
   0.0
   -0.03582    0.9993    0.005767
   -0.9821    -0.03413    -0.1855
   -0.1851    -0.01231    0.9826
 Node:         30
  0.1113E+03  0.1159E+03  0.5206E+03 -0.1082E-04
  -2.164E-5
   2.159E-16
  -2.164E-5
   3.001E-37
  -4.797E-17
  -2.164E-5
   -2.164E-5
   -2.164E-5
   -2.164E-5
   0.0
   -2.164E-5
   0.0
   0.7037    0.7089    -0.04783
   -0.7087    0.6955    -0.1185
   -0.05073    0.1173    0.9918
 Node:         31
  0.1203E+03  0.1126E+03  0.4920E+03 -0.1082E-04
  -2.164E-5
   1.679E-16
  -2.164E-5
   4.797E-17
   7.196E-17
  -2.164E-5
   -2.164E-5
   -2.164E-5
   -2.164E-5
   0.0
   -2.164E-5
   0.0
   -0.7438    -0.4294    -0.5123
   0.5143    0.1219    -0.8489
   0.427    -0.8949    0.1302
 Node:         32
  0.1188E+03  0.1134E+03  0.5062E+03 -0.1082E-04
  -2.164E-5
  -2.399E-17
  -2.164E-5
  -4.797E-17
   1.679E-16
  -2.164E-5
   -2.164E-5
   -2.164E-5
   -2.164E-5
   0.0
   -2.164E-5
   0.0
   0.9989    -0.02087    -0.04161
   0.04655    0.4512    0.8912
   1.689E-4    -0.8922    0.4516
 Node:         33
  0.1183E+03  0.1150E+03  0.5201E+03 -0.1082E-04
  -2.164E-5
   9.595E-17
  -2.164E-5
   1.439E-16
  -4.002E-37
  -2.164E-5
   -2.164E-5
   -2.164E-5
   -2.164E-5
   0.0
   -2.164E-5
   0.0
   0.9536    0.1669    0.2504
   5.778E-5    0.832    -0.5548
   -0.301    0.5291    0.7934
 Node:         34
  0.1255E+03  0.1129E+03  0.4909E+03 -0.1082E-04
  -2.164E-5
  -4.669E-37
  -2.164E-5
   9.595E-17
   1.679E-16
  -2.164E-5
   -2.164E-5
   -2.164E-5
   -2.164E-5
   0.0
   -2.164E-5
   0.0
   -0.3508    -0.6139    -0.7071
   0.8682    -0.4962    -3.819E-6
   0.3508    0.6139    -0.7071
 Node:         35
  0.1260E+03  0.1135E+03  0.5054E+03 -0.1082E-04
  -2.164E-5
   1.919E-16
  -2.164E-5
   1.919E-16
   4.318E-16
  -2.164E-5
   -2.164E-5
   -2.164E-5
   -2.164E-5
   0.0
   -2.164E-5
   0.0
   0.746    0.4709    0.4709
   0.666    -0.5275    -0.5275
   0.0    -0.7071    0.7071
 Node:         36
  0.1257E+03  0.1153E+03  0.5196E+03 -0.1082E-04
  -2.164E-5
  -9.595E-17
  -2.164E-5
  -9.595E-17
   1.439E-16
  -2.164E-5
   -2.164E-5
   -2.164E-5
   -2.164E-5
   0.0
   -2.164E-5
   0.0
   -0.5155    0.6059    0.6059
   0.8569    0.3645    0.3645
   -1.84E-5    -0.7071    0.7071
 Node:         37
  0.1132E+03  0.1210E+03  0.4959E+03 -0.1082E-04
  -2.164E-5
   2.399E-16
  -2.164E-5
  -1.439E-16
   3.118E-16
  -2.164E-5
   -2.164E-5
   -2.164E-5
   -2.164E-5
   0.0
   -2.164E-5
   0.0
   -0.5071    -0.7958    -0.331
   0.7559    -0.2262    -0.6143
   0.414    -0.5617    0.7163
 Node:         38
  0.1111E+03  0.1204E+03  0.5085E+03 -0.1082E-04
  -2.164E-5
   1.679E-16
  -2.164E-5
  -4.797E-17
  -1.439E-16
  -2.164E-5
   -2.164E-5
   -2.164E-5
   -2.164E-5
   0.0
   -2.164E-5
   0.0
   0.2119    0.9668    -0.1429
   0.9723    -0.2233    -0.06858
   0.0982    0.1244    0.9874
 Node:         39
  0.1119E+03  0.1201E+03  0.5207E+03 -0.1082E-04
  -2.164E-5
  -1.679E-16
  -2.164E-5
  -1.439E-16
  -1.319E-16
  -2.164E-5
   -2.164E-5
   -2.164E-5
   -2.164E-5
   0.0
   -2.164E-5
   0.0
   0.9213    -0.07991    -0.3805
   0.3608    -0.1891    0.9133
   -0.1449    -0.9787    -0.1454
 Node:         40
  0.1191E+03  0.1220E+03  0.4937E+03 -0.1082E-04
  -2.164E-5
   1.439E-16
  -2.164E-5
   1.439E-16
  -2.399E-17
  -2.164E-5
   -2.164E-5
   -2.164E-5
   -2.164E-5
   0.0
   -2.164E-5
   0.0
   -0.9817    -0.1345    -0.1345
   0.0    -0.7071    0.7071
   0.1902    -0.6942    -0.6942
 Node:         41
  0.1182E+03  0.1217E+03  0.5073E+03 -0.1082E-04
  -2.164E-5
  -4.797E-17
  -2.164E-5
   9.595E-17
   1.679E-16
  -2.164E-5
   -2.164E-5
   -2.164E-5
   -2.164E-5
   0.0
   -2.164E-5
   0.0
   -0.1538    -0.1966    -0.9683
   -0.962    0.2534    0.1013
   0.2255    0.9472    -0.2281
 Node:         42
  0.1187E+03  0.1212E+03  0.5204E+03 -0.1082E-04
  -2.164E-5
  -9.595E-17
  -2.164E-5
   2.668E-37
   9.595E-17
  -2.164E-5
   -2.164E-5
   -2.164E-5
   -2.164E-5
   0.0
   -2.164E-5
   0.0
   -0.01862    0.09762    0.995
   -0.9834    0.178    -0.03587
   -0.1806    -0.9792    0.09269
 Node:         43
  0.1258E+03  0.1217E+03  0.4915E+03 -0.1082E-04
  -2.164E-5
   1.919E-16
  -2.164E-5
  -2.399E-17
   1.334E-37
  -2.164E-5
   -2.164E-5
   -2.164E-5
   -2.164E-5
   0.0
   -2.164E-5
   0.0
   0.9458    0.3243    -0.01745
   -0.3241    0.9459    0.01153
   0.02025    -0.005252    0.9998
 Node:         44
  0.1259E+03  0.1220E+03  0.5059E+03 -0.1082E-04
  -2.164E-5
   2.399E-16
  -2.164E-5
   1.679E-16
   1.919E-16
  -2.164E-5
   -2.164E-5
   -2.164E-5
   -2.164E-5
   0.0
   -2.164E-5
   0.0
   -0.3605    -0.3834    -0.8503
   -0.6208    -0.5817    0.5255
   0.6961    -0.7174    0.02831
 Node:         45
  0.1261E+03  0.1221E+03  0.5198E+03 -0.1082E-04
  -2.164E-5
  -1.439E-16
  -2.164E-5
   4.797E-17
  -1.199E-17
  -2.164E-5
   -2.164E-5
   -2.164E-5
   -2.164E-5
   0.0
   -2.164E-5
   0.0
   0.06679    -0.01247    0.9977
   -0.9877    0.1408    0.06788
   -0.1413    -0.99    -0.002917
 Node:         46
  0.1117E+03  0.1296E+03  0.4959E+03  0.0000E+00
  -2.467E-16
   4.797E-17
  -7.401E-16
   1.199E-17
  -4.497E-17
   0.0
   3.057E-18
   -2.423E-16
   -7.476E-16
   6.629532710146319E-16
   -3.2894766666666664E-16
   3.125191690294995E-16
   0.03676    -0.058    0.9976
   0.9946    0.09864    -0.03092
   -0.09662    0.9934    0.06131
 Node:         47
  0.1107E+03  0.1269E+03  0.5087E+03  0.0000E+00
  -7.401E-16
  -5.397E-17
   4.934E-16
  -4.797E-17
   6.896E-17
   0.0
   5.058E-16
   -7.273E-18
   -7.452E-16
   1.0892155802819752E-15
   -8.222433333333333E-17
   5.1346114866095E-16
   -0.04821    0.9891    0.1394
   -0.05424    -0.142    0.9884
   -0.9974    -0.04009    -0.06049
 Node:         48
  0.1125E+03  0.1242E+03  0.5208E+03  0.0000E+00
   4.934E-16
   5.997E-18
   4.934E-16
   0.0
  -2.998E-18
   4.934E-16
   5.001E-16
   4.934E-16
   4.867E-16
   1.1604740410711462E-17
   4.934E-16
   5.470527092215756E-18
   -0.6325    -0.7071    0.3162
   0.4472    -2.276E-15    0.8944
   0.6325    -0.7071    -0.3162
 Node:         49
  0.1186E+03  0.1311E+03  0.4938E+03  0.0000E+00
  -7.401E-16
  -3.598E-17
   0.0
  -7.196E-17
  -1.049E-17
  -2.467E-16
   1.947E-18
   -2.366E-16
   -7.523E-16
   6.677348643803167E-16
   -3.2898433333333336E-16
   3.1477323375866775E-16
   0.04561    -0.9985    0.02894
   -0.143    0.02215    0.9895
   -0.9887    -0.04926    -0.1418
 Node:         50
  0.1180E+03  0.1298E+03  0.5075E+03  0.0000E+00
   0.0
  -2.249E-17
   1.48E-15
  -7.196E-17
   2.155E-17
   9.869E-16
   1.482E-15
   9.91E-16
   -5.513E-18
   1.3127859849072886E-15
   8.224956666666666E-16
   6.188532481164029E-16
   0.01739    -0.9988    -0.04603
   -0.07128    -0.04716    0.9963
   0.9973    0.01405    0.07201
 Node:         51
  0.1192E+03  0.1275E+03  0.5206E+03  0.0000E+00
   0.0
  -5.997E-18
  -2.467E-16
   0.0
   2.549E-17
   4.934E-16
   4.943E-16
   1.449E-19
   -2.477E-16
   6.54286006770747E-16
   8.22483E-17
   3.0843338148204166E-16
   -4.17E-4    0.03438    0.9994
   0.9997    -0.02416    0.001248
   0.02418    0.9991    -0.03436
 Node:         52
  0.1262E+03  0.1305E+03  0.4920E+03  0.0000E+00
   4.934E-16
  -2.399E-17
   4.934E-16
   2.249E-18
   8.48E-18
   0.0
   5.175E-16
   4.696E-16
   -1.6E-19
   4.95449666061044E-16
   3.2898E-16
   2.335572124055831E-16
   -0.7061    0.708    0.008534
   0.7081    0.706    0.01614
   -0.005403    -0.01744    0.9998
 Node:         53
  0.1258E+03  0.1304E+03  0.5063E+03  0.0000E+00
  -7.401E-16
  -2.998E-18
  -4.934E-16
   4.797E-17
   5.847E-17
  -9.869E-16
   -4.866E-16
   -7.314E-16
   -1.002E-15
   4.465358664206045E-16
   -7.399999999999999E-16
   2.104990261260132E-16
   0.0104    0.9931    0.1171
   -0.9836    0.03123    -0.1776
   -0.18    -0.1133    0.9771
 Node:         54
  0.1265E+03  0.1288E+03  0.5200E+03  0.0000E+00
  -9.869E-16
   3.598E-17
   4.934E-16
   0.0
  -7.496E-18
   4.934E-16
   5.014E-16
   4.864E-16
   -9.877E-16
   1.4816569474746847E-15
   3.3333333333314155E-20
   6.984597833010066E-16
   0.01758    0.7272    -0.6862
   0.01675    0.686    0.7274
   -0.9997    0.02428    1.229E-4
 Node:         55
  0.1383E+03  0.1167E+03  0.4548E+03 -0.7430E-02
   0.05397
  -0.01711
   0.01126
   0.01435
   0.04375
   0.005766
   0.06149
   0.04635
   -0.0422
   0.09701014946901175
   0.02188
   0.04573102302230584
   -0.1821    0.754    0.6311
   0.9582    -0.007977    0.286
   0.2207    0.6568    -0.721
 Node:         56
  0.1315E+03  0.1156E+03  0.4696E+03 -0.7430E-02
   0.052
   0.01994
  -0.002501
   0.0619
  -0.00758
  -0.0122
   0.08846
   0.001304
   -0.05256
   0.12325611390920939
   0.012401333333333332
   0.05810348931193567
   -0.8655    -0.1313    -0.4835
   -0.04958    -0.9378    0.3435
   -0.4985    0.3213    0.8051
 Node:         57
  0.1285E+03  0.1140E+03  0.4824E+03 -0.7430E-02
   0.07696
   0.02468
  -0.01582
   0.01875
  -0.01307
  -0.01575
   0.08545
   -0.002991
   -0.03689
   0.10940298963465303
   0.015189666666666669
   0.051573063901829815
   -0.9673    -0.208    -0.1453
   0.0367    -0.6815    0.7309
   -0.251    0.7017    0.6668
 Node:         58
  0.1491E+03  0.1176E+03  0.4547E+03 -0.7430E-02
   0.04905
  -0.08477
   0.03568
  -0.009866
   0.03959
  -0.003669
   0.1465
   -7.416E-4
   -0.05111
   0.1778577754683781
   0.03154946666666666
   0.0838429594136297
   -0.6641    0.6995    0.2638
   0.5402    0.205    0.8162
   -0.5168    -0.6846    0.5141
 Node:         59
  0.1423E+03  0.1167E+03  0.4703E+03 -0.7430E-02
   0.04971
  -0.06006
   0.01689
   0.03885
   0.004016
  -0.01773
   0.1049
   -8.178E-4
   -0.04921
   0.1365063191901386
   0.018290733333333333
   0.06434969598277489
   -0.793    0.5756    -0.1994
   0.2807    0.6358    0.719
   0.5407    0.5142    -0.6657
 Node:         60
  0.1375E+03  0.1150E+03  0.4833E+03 -0.7430E-02
   0.07719
  -0.002765
  -0.01148
   0.02367
  -0.009448
  -0.01683
   0.08171
   -0.0073
   -0.02714
   0.10041097599366317
   0.01575666666666667
   0.047334188020452576
   -0.9712    0.05731    -0.2314
   0.1631    0.8676    -0.4698
   -0.1738    0.494    0.8519
 Node:         61
  0.1562E+03  0.1221E+03  0.4540E+03 -0.7430E-02
   0.06339
  -0.09496
   0.01771
  -0.07727
   0.1135
  -0.0396
   0.2652
   -0.03652
   -0.1197
   0.3507861747560756
   0.03632666666666667
   0.1653621886110069
   -0.6616    0.6218    0.4191
   0.7453    0.4839    0.4588
   0.08248    0.6159    -0.7835
 Node:         62
  0.1498E+03  0.1204E+03  0.4703E+03 -0.7430E-02
   0.07709
  -0.1118
   0.01115
  -0.008461
   0.04118
  -0.04412
   0.2032
   -0.0274
   -0.08915
   0.2668875652779649
   0.02888333333333333
   0.12581200481494426
   -0.7972    0.5876    0.1386
   -0.382    -0.3132    -0.8695
   -0.4674    -0.7461    0.4741
 Node:         63
  0.1437E+03  0.1181E+03  0.4839E+03 -0.7430E-02
   0.08732
  -0.02354
  -0.01137
   0.01171
  -0.01296
  -0.02057
   0.09755
   -0.009164
   -0.02901
   0.1178965120603659
   0.019791999999999997
   0.055576948770750874
   -0.9662    0.228    -0.1202
   0.2528    0.7474    -0.6144
   0.05025    0.624    0.7798
 Node:         64
  0.1417E+03  0.1252E+03  0.4530E+03 -0.7430E-02
   0.0653
   0.04247
   0.005843
  -0.03827
   0.02672
  -0.01596
   0.08881
   0.02406
   -0.05619
   0.1258126086686068
   0.018893333333333335
   0.0593086324988942
   -0.9012    -0.392    0.1851
   -0.1796    0.7262    0.6636
   -0.3945    0.5648    -0.7248
 Node:         65
  0.1344E+03  0.1229E+03  0.4687E+03 -0.7430E-02
   0.06652
   0.02247
   0.003012
  -0.005149
   0.009232
  -0.01603
   0.06805
   0.0020
   -0.02229
   0.0809750646804311
   0.01592
   0.03817201156170142
   -0.9444    -0.3287    0.0127
   0.277    -0.8156    -0.508
   -0.1773    0.4762    -0.8613
 Node:         66
  0.1299E+03  0.1214E+03  0.4825E+03 -0.7430E-02
   0.08233
   0.003451
  -0.01252
   0.008242
  -0.006206
  -0.01553
   0.08198
   -0.007849
   -0.02109
   0.09712877591630607
   0.017680333333333336
   0.04578694406584577
   -0.9964    -0.02949    -0.0799
   -0.02554    -0.7915    0.6106
   -0.08125    0.6105    0.7879
 Node:         67
  0.1506E+03  0.1243E+03  0.4531E+03 -0.7430E-02
   0.0627
  -0.04192
   0.004431
  -0.03017
   0.02011
  -0.003131
   0.09428
   -0.01249
   -0.02158
   0.11159301187798454
   0.02007
   0.05260545028796921
   -0.8129    0.4679    0.3469
   0.5592    0.4602    0.6896
   -0.163    -0.7545    0.6357
 Node:         68
  0.1437E+03  0.1224E+03  0.4693E+03 -0.7430E-02
   0.06585
  -0.07857
   0.005022
  -0.006281
   0.02012
  -0.009697
   0.1242
   -0.007752
   -0.05072
   0.15788379544462441
   0.021909333333333336
   0.07442713493224244
   -0.8151    0.5632    0.1353
   0.2924    0.1984    0.9355
   0.5001    0.8021    -0.3264
 Node:         69
  0.1380E+03  0.1205E+03  0.4831E+03 -0.7430E-02
   0.08263
  -0.01973
  -0.01015
   0.005641
   0.00136
  -0.01504
   0.08572
   -0.01233
   -0.01718
   0.10056275403945539
   0.01873666666666667
   0.047405736877395854
   -0.9789    0.1979    -0.05007
   0.1188    0.7516    0.6488
   -0.166    -0.6292    0.7593
 Node:         70
  0.1564E+03  0.1241E+03  0.4535E+03 -0.7430E-02
   0.06512
  -0.0507
  -0.01425
  -0.07739
   0.04765
   0.01595
   0.1631
   -0.03016
   -0.05073
   0.20432305474419668
   0.027403333333333335
   0.09631881170824776
   -0.7338    0.391    0.5556
   0.6509    0.6389    0.4101
   0.1946    -0.6625    0.7233
 Node:         71
  0.1500E+03  0.1223E+03  0.4700E+03 -0.7430E-02
   0.07165
  -0.1267
  -0.002628
  -0.06186
   0.06295
  -0.005096
   0.2294
   -0.03752
   -0.09025
   0.29681885199562374
   0.033876666666666666
   0.13992174868674118
   -0.7543    0.5435    0.3683
   0.4582    0.03416    0.8882
   -0.4701    -0.8387    0.2748
 Node:         72
  0.1435E+03  0.1199E+03  0.4838E+03 -0.7430E-02
   0.08424
  -0.03832
  -0.01039
  -0.003497
   0.009459
  -0.01472
   0.0993
   -0.01052
   -0.02796
   0.11949831295880288
   0.020273333333333334
   0.056332044955681206
   -0.9419    0.3308    0.05831
   0.2139    0.4568    0.8635
   -0.259    -0.8258    0.501
 Node:         73
  0.1452E+03  0.1339E+03  0.4524E+03  0.0000E+00
   0.1042
  -0.03072
  -0.01221
   0.01635
  -0.01891
   0.01316
   0.1209
   0.01583
   -0.0229
   0.12887621541618918
   0.03794333333333333
   0.060752830569630434
   -0.9479    0.2434    -0.2057
   0.2814    0.3367    -0.8986
   0.1495    0.9096    0.3877
 Node:         74
  0.1372E+03  0.1304E+03  0.4684E+03  0.0000E+00
   0.1128
  -0.04633
  -0.007314
   0.003229
  -0.02925
   0.006624
   0.1389
   0.02136
   -0.03493
   0.1536246799833933
   0.04177666666666666
   0.07241936864924711
   -0.9435    0.3155    -0.1013
   0.2503    0.4781    -0.8419
   0.2172    0.8196    0.5301
 Node:         75
  0.1314E+03  0.1289E+03  0.4826E+03  0.0000E+00
   0.1037
  -0.01779
  -0.001238
  -0.008966
  -0.005138
   2.692E-4
   0.11
   0.004507
   -0.008792
   0.11273237271077018
   0.03523833333333334
   0.05314255013535659
   -0.9855    0.1531    0.07307
   -0.03489    -0.6043    0.796
   0.1661    0.7819    0.6009
 Node:         76
  0.1520E+03  0.1311E+03  0.4523E+03  0.0000E+00
   0.1054
  -0.04301
  -0.01788
  -0.001671
   0.04124
   0.02108
   0.127
   0.04402
   -0.04483
   0.1488380861876422
   0.042063333333333335
   0.07016294669473973
   -0.9347    0.3157    0.1633
   0.2947    0.4314    0.8527
   0.1988    0.8451    -0.4963
 Node:         77
  0.1450E+03  0.1283E+03  0.4687E+03  0.0000E+00
   0.1216
  -0.0212
  -0.01043
  -0.01148
   0.0274
   0.006869
   0.1396
   0.02192
   -0.02756
   0.14872679382007803
   0.04465333333333333
   0.07011048296954046
   -0.9787    0.1625    0.1256
   0.1965    0.5636    0.8023
   -0.0596    -0.8099    0.5835
 Node:         78
  0.1385E+03  0.1261E+03  0.4829E+03  0.0000E+00
   0.1084
  -0.003126
  -0.001058
  -0.008338
  -0.001527
   8.284E-5
   0.1131
   9.119E-4
   -0.002546
   0.11395640431766002
   0.037155299999999995
   0.053719564168435575
   -0.997    0.02607    0.07355
   0.03919    -0.6478    0.7608
   0.06748    0.7614    0.6448
 Node:         79
  0.1565E+03  0.1262E+03  0.4531E+03  0.0000E+00
   0.1075
   0.1062
   0.03034
   0.03253
  -0.008483
  -0.06582
   0.3068
   -0.0259
   -0.07482
   0.35966392702076755
   0.06869333333333334
   0.16954720116304553
   -0.8316    -0.553    -0.05251
   0.2379    -0.44    0.8659
   -0.5019    0.7075    0.4975
 Node:         80
  0.1501E+03  0.1242E+03  0.4698E+03  0.0000E+00
   0.1235
   0.07331
   0.01326
   0.01786
  -0.01031
  -0.05499
   0.2419
   -0.01754
   -0.04725
   0.2754991108878575
   0.05903666666666666
   0.12987152634644575
   -0.9067    -0.4203    -0.03703
   0.2999    -0.7037    0.6442
   0.2968    -0.5729    -0.764
 Node:         81
  0.1434E+03  0.1217E+03  0.4837E+03  0.0000E+00
   0.1091
   0.00965
   7.344E-4
  -0.008526
  -0.001802
  -0.007926
   0.1183
   8.205E-6
   -0.008081
   0.12253681316823539
   0.03674240166666667
   0.05776440769083219
   -0.994    -0.08602    0.06796
   -0.09396    0.9878    -0.124
   0.05646    0.1297    0.9899
 Node:         82
  0.1267E+03  0.1149E+03  0.4578E+03 -0.4886E-01
  -0.01921
  -0.005962
  -0.08473
   0.02102
   0.05096
  -0.09326
   -0.01176
   -0.04466
   -0.1416
   0.11691492462470307
   -0.06600666666666667
   0.055114224016027745
   0.946    0.1479    0.2885
   0.2993    -0.7401    -0.6022
   0.1245    0.656    -0.7444
 Node:         83
  0.1234E+03  0.1130E+03  0.4727E+03 -0.4886E-01
  -0.02135
   0.01319
  -0.09154
   0.09463
   0.01927
  -0.1104
   0.04517
   -0.1022
   -0.1573
   0.18131192431828635
   -0.07144333333333333
   0.08547126079696159
   0.8641    0.1532    0.4794
   -0.2072    0.9764    0.06147
   -0.4586    -0.1524    0.8754
 Node:         84
  0.1187E+03  0.1123E+03  0.4850E+03 -0.4886E-01
  -9.545E-4
   0.003141
  -0.09726
   0.03259
  -0.001256
  -0.1098
   0.008415
   -0.1007
   -0.1147
   0.11674627713550441
   -0.06899499999999999
   0.055034722827199435
   0.9698    0.02257    0.2427
   0.009197    0.9916    -0.129
   -0.2435    0.1273    0.9615
 Node:         85
  0.1303E+03  0.1162E+03  0.4566E+03 -0.4886E-01
  -0.01975
  -1.149E-4
  -0.08185
   0.02953
   0.0736
  -0.08974
   0.00607
   -0.03389
   -0.1582
   0.1483819574611415
   -0.062006666666666675
   0.06994792555100465
   0.6967    0.4827    0.5307
   -0.7077    0.5832    0.3987
   -0.117    -0.6534    0.7479
 Node:         86
  0.1252E+03  0.1139E+03  0.4711E+03 -0.4886E-01
  -0.01133
   0.06579
  -0.07274
   0.1982
   0.06465
  -0.1064
   0.2096
   -0.1113
   -0.212
   0.38135538543463626
   -0.037899999999999996
   0.1797726527218939
   0.789    0.3405    0.5115
   -0.3198    0.9383    -0.1314
   -0.5247    -0.05995    0.8492
 Node:         87
  0.1217E+03  0.1126E+03  0.4834E+03 -0.4886E-01
  -0.003981
   0.002211
  -0.09668
   0.04302
  -0.006806
  -0.1091
   0.0118
   -0.09893
   -0.1214
   0.12350763903500059
   -0.06951
   0.05822205939332617
   0.9521    -0.004237    0.3059
   0.09322    0.9564    -0.2769
   -0.2914    0.2921    0.9109
 Node:         88
  0.1338E+03  0.1169E+03  0.4550E+03 -0.4886E-01
  -0.03254
  -0.01186
  -0.08654
   0.02306
   0.08984
  -0.07543
   0.0126
   -0.02654
   -0.1724
   0.16886692867462236
   -0.06211333333333333
   0.07960463358931368
   0.2284    0.6845    0.6923
   -0.9655    0.2505    0.07083
   -0.1249    -0.6846    0.7182
 Node:         89
  0.1270E+03  0.1150E+03  0.4695E+03 -0.4886E-01
  -0.0411
   0.03119
  -0.09139
   0.08228
   0.01994
  -0.1015
   0.02948
   -0.1123
   -0.1499
   0.16384827249623354
   -0.07757333333333334
   0.07723881637852535
   0.8348    0.271    0.4793
   -0.2586    0.9615    -0.09319
   -0.486    -0.04616    0.8727
 Node:         90
  0.1248E+03  0.1132E+03  0.4822E+03 -0.4886E-01
  -0.0086
   0.02643
  -0.1004
   0.023
  -0.01266
  -0.1006
   0.002091
   -0.09116
   -0.1224
   0.11218220821948549
   -0.07048966666666667
   0.05288320010698629
   0.9664    0.1965    0.1658
   -0.01828    0.6958    -0.718
   -0.2564    0.6908    0.676
 Node:         91
  0.1262E+03  0.1267E+03  0.4556E+03 -0.4886E-01
  -0.01373
   0.07416
  -0.07244
  -0.002446
   0.07021
  -0.09469
   0.05114
   -0.05514
   -0.1617
   0.18432490010847694
   -0.055233333333333336
   0.08689159120549135
   -0.7585    -0.5857    -0.2858
   0.5858    -0.4205    -0.6929
   0.2856    -0.693    0.662
 Node:         92
  0.1211E+03  0.1237E+03  0.4729E+03 -0.4886E-01
  -0.02277
   0.02372
  -0.08126
   0.02421
   0.04789
  -0.08918
   0.004646
   -0.0638
   -0.1344
   0.12042218448442131
   -0.064518
   0.056767562169487834
   0.8169    0.4245    0.3904
   -0.5767    0.6098    0.5436
   -0.007267    -0.6692    0.743
 Node:         93
  0.1160E+03  0.1217E+03  0.4877E+03 -0.4886E-01
  -0.002166
  -0.005022
  -0.09625
   0.01879
   0.01489
  -0.09987
   0.001373
   -0.08594
   -0.1143
   0.10442244130932775
   -0.066289
   0.04922521090525328
   0.9869    -0.01795    0.1605
   0.08927    -0.7674    -0.6349
   0.1345    0.6409    -0.7558
 Node:         94
  0.1317E+03  0.1268E+03  0.4547E+03 -0.4886E-01
  -0.01683
   0.07157
  -0.06936
  -0.0338
   0.06898
  -0.08428
   0.03535
   -0.02598
   -0.1642
   0.17704002344102873
   -0.05161000000000001
   0.08345746741105116
   0.796    0.5831    0.1624
   -0.4934    0.4698    0.732
   0.3505    -0.6628    0.6617
 Node:         95
  0.1252E+03  0.1238E+03  0.4710E+03 -0.4886E-01
  -0.03464
   0.01616
  -0.07943
   0.01466
   0.03181
  -0.07744
   -0.01696
   -0.06337
   -0.1159
   0.08573917599324127
   -0.06541000000000001
   0.04041783517211183
   0.8684    0.3582    0.343
   -0.4958    0.6094    0.6188
   0.01265    -0.7073    0.7068
 Node:         96
  0.1205E+03  0.1222E+03  0.4852E+03 -0.4886E-01
  -0.00549
  -0.003773
  -0.09627
   0.02263
   0.009374
  -0.09891
   -2.675E-4
   -0.09176
   -0.1106
   0.10222300062241373
   -0.0675425
   0.048188384622230275
   0.9802    -0.01255    0.1976
   0.107    -0.8062    -0.5819
   0.1666    0.5915    -0.7889
 Node:         97
  0.1373E+03  0.1262E+03  0.4534E+03 -0.4886E-01
  -0.0348
   0.05164
  -0.06911
  -0.02615
   0.07157
  -0.08204
   0.01212
   -0.02677
   -0.1622
   0.15849476237402926
   -0.05895
   0.07471514750481771
   -0.6251    -0.6809    -0.3816
   -0.7233    0.3215    0.6112
   -0.2935    0.658    -0.6935
 Node:         98
  0.1299E+03  0.1234E+03  0.4689E+03 -0.4886E-01
  -0.03183
   0.03476
  -0.07562
   0.02225
   0.03774
  -0.08546
   0.004148
   -0.07516
   -0.1235
   0.11162554897513384
   -0.06483733333333334
   0.0526207884226588
   0.8047    0.4701    0.3626
   -0.5888    0.5538    0.5888
   0.07595    -0.6873    0.7224
 Node:         99
  0.1260E+03  0.1218E+03  0.4827E+03 -0.4886E-01
  -0.003797
   0.007905
  -0.09521
   0.01384
  -0.001937
  -0.09864
   -0.001198
   -0.09618
   -0.1022
   0.09813058831985061
   -0.066526
   0.04625920296186118
   0.9898    0.07067    0.1233
   0.001899    0.861    -0.5085
   -0.1421    0.5036    0.8522
 Node:        100
  0.1256E+03  0.1382E+03  0.4537E+03  0.0000E+00
   0.1012
  -0.001278
   0.007169
  -0.002253
   0.00178
  -0.007189
   0.1021
   0.007793
   -0.006965
   0.10248605524167666
   0.03430933333333333
   0.04831238975896579
   -0.9997    0.01456    0.02018
   -0.01684    -0.9929    -0.1178
   0.01832    -0.1181    0.9928
 Node:        101
  0.1191E+03  0.1342E+03  0.4718E+03  0.0000E+00
   0.1054
  -0.002396
   0.006611
  -0.02173
  -0.01263
  -0.01018
   0.1143
   0.01326
   -0.01868
   0.12023503150080678
   0.03629333333333334
   0.05667933740693242
   -0.986    -0.001422    0.1667
   0.07293    -0.9029    0.4237
   0.1499    0.4299    0.8903
 Node:        102
  0.1139E+03  0.1312E+03  0.4875E+03  0.0000E+00
   0.1023
  -0.005481
  -0.001107
  -0.008436
  -0.01276
  -0.001689
   0.1056
   0.01139
   -0.01461
   0.10954900319035313
   0.034126666666666666
   0.05164189535208361
   -0.9965    0.04073    0.07307
   0.02078    -0.7255    0.6879
   0.08103    0.687    0.7221
 Node:        103
  0.1332E+03  0.1371E+03  0.4531E+03  0.0000E+00
   0.1028
  -0.01083
   0.009027
  -0.002508
  -0.001733
  -0.009597
   0.1065
   0.008569
   -0.009012
   0.10780212072589296
   0.03535233333333334
   0.05081840706104651
   -0.993    0.117    0.01871
   0.1142    0.9871    -0.1123
   0.03162    0.1094    0.9935
 Node:        104
  0.1255E+03  0.1335E+03  0.4703E+03  0.0000E+00
   0.1066
  -0.01139
   0.003775
  -0.0263
  -0.01955
  -0.009768
   0.1198
   0.01774
   -0.02735
   0.1305803855868101
   0.03673
   0.061556184092258354
   -0.9809    0.06217    0.1842
   0.04933    -0.8369    0.5452
   0.188    0.5439    0.8178
 Node:        105
  0.1201E+03  0.1317E+03  0.4854E+03  0.0000E+00
   0.1017
  -0.009408
  -0.001678
  -0.01256
  -0.01285
  -0.001558
   0.1065
   0.01127
   -0.01609
   0.1114576838984195
   0.03389333333333333
   0.052541656066612735
   -0.9918    0.07108    0.1064
   0.02276    -0.7201    0.6935
   0.1259    0.6902    0.7126
 Node:        106
  0.1407E+03  0.1353E+03  0.4525E+03  0.0000E+00
   0.1041
  -0.009438
   0.003052
   0.00996
  -0.02529
  -0.003157
   0.1088
   0.02338
   -0.02438
   0.11686425116347599
   0.03593333333333333
   0.055090336317321166
   -0.9855    0.1238    -0.1161
   0.1695    0.7495    -0.64
   -0.007806    0.6504    0.7596
 Node:        107
  0.1328E+03  0.1318E+03  0.4687E+03  0.0000E+00
   0.1099
  -0.02849
   0.001917
  -0.01365
  -0.04198
  -0.003509
   0.1236
   0.03999
   -0.04428
   0.14538871930105168
   0.03977000000000001
   0.06853689955053409
   -0.9747    0.2221    0.02352
   -0.1434    -0.7031    0.6965
   0.1712    0.6756    0.7171
 Node:        108
  0.1273E+03  0.1304E+03  0.4831E+03  0.0000E+00
   0.1022
  -0.01414
  -0.001096
  -0.01267
  -0.008488
  -5.258E-4
   0.1077
   0.007691
   -0.01214
   0.1112580204794243
   0.034417
   0.05244753382826181
   -0.9873    0.1183    0.1057
   -0.006062    -0.6939    0.72
   0.1585    0.7102    0.6859
 Node:        109
  0.1018E+03  0.1092E+03  0.4946E+03 -0.2399E-05
  -4.797E-6
   2.399E-16
  -4.797E-6
   9.595E-17
  -2.399E-17
  -4.797E-6
   -4.797E-6
   -4.797E-6
   -4.797E-6
   0.0
   -4.797E-6
   0.0
   -0.3792    -0.925    -0.02401
   0.4801    -0.2189    0.8495
   0.791    -0.3106    -0.5271
 Node:        110
  0.1058E+03  0.1118E+03  0.5081E+03 -0.2399E-05
  -4.797E-6
   4.797E-17
  -4.797E-6
  -2.399E-17
  -8.995E-17
  -4.797E-6
   -4.797E-6
   -4.797E-6
   -4.797E-6
   0.0
   -4.797E-6
   0.0
   -0.02838    -0.09128    0.9954
   0.7346    0.6734    0.08269
   -0.6779    0.7336    0.04794
 Node:        111
  0.1108E+03  0.1137E+03  0.5210E+03 -0.2399E-05
  -4.797E-6
   9.595E-17
  -4.797E-6
  -4.797E-17
   5.637E-16
  -4.797E-6
   -4.797E-6
   -4.797E-6
   -4.797E-6
   0.0
   -4.797E-6
   0.0
   0.9393    0.3168    0.1319
   0.3364    -0.7738    -0.5367
   -0.06801    0.5485    -0.8334
 Node:        112
  0.1072E+03  0.1111E+03  0.4942E+03 -0.2399E-05
  -4.797E-6
   2.399E-16
  -4.797E-6
  -3.696E-38
   2.399E-17
  -4.797E-6
   -4.797E-6
   -4.797E-6
   -4.797E-6
   0.0
   -4.797E-6
   0.0
   0.3759    0.9265    0.01669
   0.9266    -0.3757    -0.01402
   0.006716    -0.02074    0.9998
 Node:        113
  0.1071E+03  0.1139E+03  0.5077E+03 -0.2399E-05
  -4.797E-6
   4.878E-37
  -4.797E-6
   2.878E-16
  -2.639E-16
  -4.797E-6
   -4.797E-6
   -4.797E-6
   -4.797E-6
   0.0
   -4.797E-6
   0.0
   -0.1654    0.6537    -0.7384
   -0.2298    -0.7537    -0.6157
   -0.9591    0.06783    0.2749
 Node:        114
  0.1093E+03  0.1164E+03  0.5209E+03 -0.2399E-05
  -4.797E-6
   1.919E-16
  -4.797E-6
  -4.797E-17
   9.595E-17
  -4.797E-6
   -4.797E-6
   -4.797E-6
   -4.797E-6
   0.0
   -4.797E-6
   0.0
   -0.6573    -0.7285    -0.1932
   -0.4203    0.1416    0.8963
   0.6255    -0.6703    0.3993
 Node:        115
  0.1129E+03  0.1120E+03  0.4932E+03 -0.2399E-05
  -4.797E-6
  -4.435E-38
  -4.797E-6
  -1.439E-16
  -4.797E-17
  -4.797E-6
   -4.797E-6
   -4.797E-6
   -4.797E-6
   0.0
   -4.797E-6
   0.0
   0.6708    0.2236    -0.7071
   0.3162    -0.9487    -2.789E-7
   -0.6708    -0.2236    -0.7071
 Node:        116
  0.1092E+03  0.1143E+03  0.5068E+03 -0.2399E-05
  -4.797E-6
   8.995E-17
  -4.797E-6
   2.878E-16
   3.598E-17
  -4.797E-6
   -4.797E-6
   -4.797E-6
   -4.797E-6
   0.0
   -4.797E-6
   0.0
   -0.223    -0.9699    -0.09798
   0.8805    -0.2435    0.4068
   -0.4184    0.004425    0.9083
 Node:        117
  0.1089E+03  0.1172E+03  0.5207E+03 -0.2399E-05
  -4.797E-6
  -1.199E-16
  -4.797E-6
  -2.399E-16
  -2.878E-16
  -4.797E-6
   -4.797E-6
   -4.797E-6
   -4.797E-6
   0.0
   -4.797E-6
   0.0
   -0.232    -0.2201    0.9475
   -0.8739    0.475    -0.1036
   -0.4272    -0.852    -0.3026
 Node:        118
  0.1017E+03  0.1094E+03  0.4948E+03 -0.2399E-05
  -4.797E-6
   1.439E-16
  -4.797E-6
  -2.399E-16
  -3.118E-16
  -4.797E-6
   -4.797E-6
   -4.797E-6
   -4.797E-6
   0.0
   -4.797E-6
   0.0
   -0.276    -0.4258    0.8617
   0.1261    0.8727    0.4716
