 Group name: gastroc_stress
 #Fields=  16
 1) coordinates, coordinate, rectangular cartesian, #Components=3
   x.  Value index= 1, #Derivatives=0
   y.  Value index= 2, #Derivatives=0
   z.  Value index= 3, #Derivatives=0
 2) Tensor_1, field, rectangular cartesian, #Components=1
   Tensor_1.  Value index= 4, #Derivatives=0
 3) Tensor_2, field, rectangular cartesian, #Components=1
   Tensor_2.  Value index= 5, #Derivatives=0
 4) Tensor_3, field, rectangular cartesian, #Components=1
   Tensor_3.  Value index= 6, #Derivatives=0
 5) Tensor_4, field, rectangular cartesian, #Components=1
   Tensor_4.  Value index= 7, #Derivatives=0
 6) Tensor_5, field, rectangular cartesian, #Components=1
   Tensor_5.  Value index= 8, #Derivatives=0
 7) Tensor_6, field, rectangular cartesian, #Components=1
   Tensor_6.  Value index= 9, #Derivatives=0
 8) Principal_1, field, rectangular cartesian, #Components=1
   Principal_1.  Value index= 10, #Derivatives=0
 9) Principal_2, field, rectangular cartesian, #Components=1
   Principal_2.  Value index= 11, #Derivatives=0
 10) Principal_3, field, rectangular cartesian, #Components=1
   Principal_3.  Value index= 12, #Derivatives=0
 11) VonMises, field, rectangular cartesian, #Components=1
   VonMises.  Value index= 13, #Derivatives=0
 12) Hydrostatic, field, rectangular cartesian, #Components=1
   VonMises.  Value index= 14, #Derivatives=0
 13) Octahedral, field, rectangular cartesian, #Components=1
   VonMises.  Value index= 15, #Derivatives=0
 14) PrincipalVector1, field, rectangular cartesian, #Components=3
   x.  Value index= 16, #Derivatives=0
   y.  Value index= 17, #Derivatives=0
   z.  Value index= 18, #Derivatives=0
 15) PrincipalVector2, field, rectangular cartesian, #Components=3
   x.  Value index= 19, #Derivatives=0
   y.  Value index= 20, #Derivatives=0
   z.  Value index= 21, #Derivatives=0
 16) PrincipalVector3, field, rectangular cartesian, #Components=3
   x.  Value index= 22, #Derivatives=0
   y.  Value index= 23, #Derivatives=0
   z.  Value index= 24, #Derivatives=0
 Node:          1
  0.1287E+03  0.1133E+03  0.4908E+03 -0.8791E-01
  -0.1758
  -1.732E-16
  -0.1758
  -5.773E-17
  -8.66E-17
  -0.1758
   -0.1758
   -0.1758
   -0.1758
   0.0
   -0.17580000000000004
   0.0
   0.9721    -0.2298    -0.04745
   0.2072    0.9354    -0.2865
   0.1102    0.2686    0.9569
 Node:          2
  0.1292E+03  0.1137E+03  0.5052E+03 -0.8791E-01
  -0.1758
  -2.309E-16
  -0.1758
  -1.155E-16
   4.041E-16
  -0.1758
   -0.1758
   -0.1758
   -0.1758
   0.0
   -0.17580000000000004
   0.0
   -0.9188    0.3438    0.1939
   -0.3947    -0.8003    -0.4513
   0.0    -0.4912    0.8711
 Node:          3
  0.1289E+03  0.1155E+03  0.5194E+03 -0.8791E-01
  -0.1758
   2.887E-16
  -0.1758
   2.309E-16
   1.155E-16
  -0.1758
   -0.1758
   -0.1758
   -0.1758
   0.0
   -0.17580000000000004
   0.0
   -0.3606    -0.8685    -0.3402
   0.4443    -0.4806    0.756
   0.8201    -0.1215    -0.5592
 Node:          4
  0.1361E+03  0.1141E+03  0.4915E+03 -0.8791E-01
  -0.1758
  -5.773E-17
  -0.1758
  -5.773E-17
  -1.732E-16
  -0.1758
   -0.1758
   -0.1758
   -0.1758
   0.0
   -0.17580000000000004
   0.0
   -0.01688    -0.05388    0.9984
   -0.9991    0.0396    -0.01476
   -0.03874    -0.9978    -0.0545
 Node:          5
  0.1341E+03  0.1144E+03  0.5054E+03 -0.8791E-01
  -0.1758
   2.887E-16
  -0.1758
   1.155E-16
  -1.443E-16
  -0.1758
   -0.1758
   -0.1758
   -0.1758
   0.0
   -0.17580000000000004
   0.0
   0.1312    -0.1587    0.9786
   0.6851    0.7279    0.02618
   -0.7165    0.667    0.2042
 Node:          6
  0.1323E+03  0.1162E+03  0.5191E+03 -0.8791E-01
  -0.1758
   1.155E-16
  -0.1758
  -1.155E-16
  -5.773E-17
  -0.1758
   -0.1758
   -0.1758
   -0.1758
   0.0
   -0.17580000000000004
   0.0
   -0.6782    -0.7321    0.06434
   -0.7345    0.6782    -0.02468
   0.02557    0.06399    0.9976
 Node:          7
  0.1408E+03  0.1171E+03  0.4920E+03 -0.8791E-01
  -0.1758
   4.619E-16
  -0.1758
  -1.732E-16
  -2.309E-16
  -0.1758
   -0.1758
   -0.1758
   -0.1758
   0.0
   -0.17580000000000004
   0.0
   0.9152    0.3752    -0.1472
   -0.3929    0.912    -0.1183
   0.08982    0.1661    0.982
 Node:          8
  0.1367E+03  0.1169E+03  0.5055E+03 -0.8791E-01
  -0.1758
   4.041E-16
  -0.1758
  -8.371E-16
  -4.907E-16
  -0.1758
   -0.1758
   -0.1758
   -0.1758
   0.0
   -0.17580000000000004
   0.0
   0.8884    -0.4265    -0.1695
   0.4541    0.8706    0.1894
   0.06673    -0.2453    0.9672
 Node:          9
  0.1339E+03  0.1180E+03  0.5191E+03 -0.8791E-01
  -0.1758
   3.464E-16
  -0.1758
  -8.227E-16
  -5.773E-16
  -0.1758
   -0.1758
   -0.1758
   -0.1758
   0.0
   -0.17580000000000004
   0.0
   0.3687    0.5388    0.7575
   0.9273    -0.1567    -0.3399
   0.0644    -0.8277    0.5574
 Node:         10
  0.1294E+03  0.1212E+03  0.4911E+03 -0.8791E-01
  -0.1758
   5.773E-17
  -0.1758
  -2.887E-17
   2.598E-16
  -0.1758
   -0.1758
   -0.1758
   -0.1758
   0.0
   -0.17580000000000004
   0.0
   0.02142    -0.8093    -0.587
   0.02779    0.5874    -0.8088
   0.9994    0.001006    0.03507
 Node:         11
  0.1295E+03  0.1214E+03  0.5055E+03 -0.8791E-01
  -0.1758
  -5.773E-17
  -0.1758
  -8.66E-17
   2.887E-17
  -0.1758
   -0.1758
   -0.1758
   -0.1758
   0.0
   -0.17580000000000004
   0.0
   0.263    -0.07064    -0.9622
   0.1834    -0.9755    0.1217
   0.9472    0.2085    0.2436
 Node:         12
  0.1295E+03  0.1217E+03  0.5196E+03 -0.8791E-01
  -0.1758
  -1.49E-33
  -0.1758
   1.588E-16
   5.773E-17
  -0.1758
   -0.1758
   -0.1758
   -0.1758
   0.0
   -0.17580000000000004
   0.0
   -0.2491    -0.004184    -0.9685
   -0.1108    0.9936    0.0242
   -0.9621    -0.1133    0.248
 Node:         13
  0.1361E+03  0.1199E+03  0.4914E+03 -0.8791E-01
  -0.1758
  -2.887E-16
  -0.1758
  -2.021E-16
   5.773E-17
  -0.1758
   -0.1758
   -0.1758
   -0.1758
   0.0
   -0.17580000000000004
   0.0
   0.9124    -0.391    -0.1213
   0.3876    0.9204    -0.05128
   0.1317    -2.438E-4    0.9913
 Node:         14
  0.1342E+03  0.1198E+03  0.5054E+03 -0.8791E-01
  -0.1758
   5.773E-17
  -0.1758
   1.155E-16
  -1.876E-16
  -0.1758
   -0.1758
   -0.1758
   -0.1758
   0.0
   -0.17580000000000004
   0.0
   0.04665    -0.2619    0.964
   -0.1993    -0.9481    -0.248
   -0.9788    0.1805    0.09642
 Node:         15
  0.1330E+03  0.1205E+03  0.5193E+03 -0.8791E-01
  -0.1758
  -1.732E-16
  -0.1758
   2.887E-17
   1.01E-16
  -0.1758
   -0.1758
   -0.1758
   -0.1758
   0.0
   -0.17580000000000004
   0.0
   0.9948    -0.1008    -0.01225
   -0.05146    -0.3963    -0.9167
   0.08759    0.9126    -0.3994
 Node:         16
  0.1404E+03  0.1188E+03  0.4918E+03 -0.8791E-01
  -0.1758
   1.155E-16
  -0.1758
  -1.732E-16
  -3.031E-16
  -0.1758
   -0.1758
   -0.1758
   -0.1758
   0.0
   -0.17580000000000004
   0.0
   -0.1487    -0.2405    0.9592
   -0.8877    -0.3949    -0.2367
   0.4357    -0.8867    -0.1548
 Node:         17
  0.1365E+03  0.1184E+03  0.5055E+03 -0.8791E-01
  -0.1758
   5.773E-17
  -0.1758
   2.021E-16
   3.536E-16
  -0.1758
   -0.1758
   -0.1758
   -0.1758
   0.0
   -0.17580000000000004
   0.0
   0.3929    0.6885    0.6096
   0.8773    -0.4793    -0.02399
   -0.2757    -0.5442    0.7923
 Node:         18
  0.1341E+03  0.1191E+03  0.5192E+03 -0.8791E-01
  -0.1758
  -1.981E-33
  -0.1758
   5.503E-17
   2.215E-16
  -0.1758
   -0.1758
   -0.1758
   -0.1758
   0.0
   -0.17580000000000004
   0.0
   0.09506    0.2338    0.9676
   0.4473    0.8583    -0.2513
   -0.8893    0.4568    -0.02297
 Node:         19
  0.1301E+03  0.1291E+03  0.4914E+03  0.0000E+00
   4.934E-16
   0.0
   4.934E-16
   3.631E-19
   1.731E-17
  -9.869E-16
   4.936E-16
   4.934E-16
   -9.871E-16
   1.4806000101310279E-15
   -3.3333333333314155E-20
   6.979615382590138E-16
   -0.02097    -0.9997    -0.01169
   -0.9998    0.02097    -8.123E-17
   2.452E-4    0.01169    -0.9999
 Node:         20
  0.1299E+03  0.1291E+03  0.5058E+03  0.0000E+00
   9.869E-16
   0.0
   0.0
   1.799E-17
   3.326E-17
  -2.467E-16
   9.871E-16
   4.4E-18
   -2.514E-16
   1.1324785163525177E-15
   2.467E-16
   5.338554923072971E-16
   -0.9999    -4.917E-4    -0.01459
   0.002401    -0.9914    -0.1311
   -0.0144    -0.1312    0.9913
 Node:         21
  0.1301E+03  0.1280E+03  0.5197E+03  0.0000E+00
   4.934E-16
   0.0
   0.0
   7.196E-17
   2.549E-17
   4.934E-16
   5.66E-16
   4.222E-16
   -1.341E-18
   5.108528305500519E-16
   3.28953E-16
   2.408183337801893E-16
   -0.7039    -0.03195    -0.7096
   -0.7102    0.04241    0.7027
   -0.007642    -0.9986    0.05255
 Node:         22
  0.1360E+03  0.1256E+03  0.4913E+03  0.0000E+00
  -9.869E-16
   2.399E-17
  -4.934E-16
  -2.399E-17
   1.739E-16
   4.934E-16
   5.234E-16
   -5.215E-16
   -9.888E-16
   1.3410693755358072E-15
   -3.2896666666666662E-16
   6.321861663219854E-16
   -0.01298    0.1683    0.9857
   0.05935    0.9841    -0.1672
   -0.9982    0.05633    -0.02276
 Node:         23
  0.1343E+03  0.1253E+03  0.5054E+03  0.0000E+00
   0.0
   3.598E-17
  -1.974E-15
   0.0
   2.271E-16
  -7.401E-16
   6.796E-19
   -6.997E-16
   -2.015E-15
   1.7724996366646057E-15
   -9.046734666666666E-16
   8.355643418241562E-16
   0.9998    0.01889    0.00579
   -0.009011    0.1753    0.9845
   0.01758    -0.9843    0.1754
 Node:         24
  0.1336E+03  0.1248E+03  0.5194E+03  0.0000E+00
  -9.869E-16
   2.099E-17
   0.0
   2.399E-17
   1.499E-18
  -7.401E-16
   4.516E-19
   -7.379E-16
   -9.896E-16
   8.912682384908372E-16
   -5.756827999999999E-16
   4.2014787686204007E-16
   -0.02132    -0.9998    -0.002714
   0.09549    -0.004739    0.9954
   -0.9952    0.02096    0.09557
 Node:         25
  0.1400E+03  0.1206E+03  0.4917E+03  0.0000E+00
   0.0
   4.617E-16
  -4.934E-16
  -1.439E-16
  -2.249E-16
   9.869E-16
   1.067E-15
   2.05E-16
   -7.785E-16
   1.5994040296310373E-15
   1.6449999999999999E-16
   7.539662901394642E-16
   -0.2161    -0.2016    0.9553
   0.839    0.4621    0.2874
   -0.4994    0.8636    0.06929
 Node:         26
  0.1363E+03  0.1200E+03  0.5055E+03  0.0000E+00
   9.869E-16
   1.859E-16
  -2.714E-15
   4.797E-17
  -1.943E-15
  -2.467E-16
   1.006E-15
   8.09E-16
   -3.789E-15
   4.699597748744035E-15
   -6.579999999999999E-16
   2.215411624657293E-15
   0.968    0.1526    -0.1995
   0.2481    -0.4578    0.8538
   -0.03892    0.8759    0.4809
 Node:         27
  0.1343E+03  0.1203E+03  0.5192E+03  0.0000E+00
   9.869E-16
  -3.358E-16
   9.869E-16
  -1.799E-16
   2.27E-15
   0.0
   2.89E-15
   9.15E-16
   -1.831E-15
   4.1066398673367985E-15
   6.58E-16
   1.9358885987232494E-15
   -0.1931    0.7658    0.6135
   0.9808    0.1345    0.1409
   0.02534    0.6289    -0.7771
 Node:         28
  0.1155E+03  0.1124E+03  0.4931E+03 -0.5253E+00
  -1.051
   1.462E-16
  -1.051
  -2.126E-16
   2.126E-16
  -1.051
   -1.051
   -1.051
   -1.051
   0.0
   -1.051
   0.0
   0.1408    0.9748    -0.1733
   -0.03504    0.1798    0.9831
   -0.9894    0.1323    -0.05946
 Node:         29
  0.1119E+03  0.1139E+03  0.5068E+03 -0.5253E+00
  -1.051
  -7.972E-17
  -1.051
   2.126E-16
   2.657E-17
  -1.051
   -1.051
   -1.051
   -1.051
   0.0
   -1.051
   0.0
   -0.03996    -0.9567    -0.2885
   -0.9182    0.149    -0.3671
   0.3942    0.2502    -0.8843
 Node:         30
  0.1113E+03  0.1159E+03  0.5206E+03 -0.5253E+00
  -1.051
   4.783E-16
  -1.051
   1.457E-32
  -1.063E-16
  -1.051
   -1.051
   -1.051
   -1.051
   0.0
   -1.051
   0.0
   -0.8995    -0.4153    -0.1354
   0.0    -0.31    0.9507
   0.4369    -0.8552    -0.2788
 Node:         31
  0.1203E+03  0.1126E+03  0.4920E+03 -0.5253E+00
  -1.051
   3.72E-16
  -1.051
   1.063E-16
   1.594E-16
  -1.051
   -1.051
   -1.051
   -1.051
   0.0
   -1.051
   0.0
   1.0    0.0    0.0
   0.0    -0.9791    0.2035
   0.0    -0.2035    -0.9791
 Node:         32
  0.1188E+03  0.1134E+03  0.5062E+03 -0.5253E+00
  -1.051
  -5.315E-17
  -1.051
  -1.063E-16
   3.72E-16
  -1.051
   -1.051
   -1.051
   -1.051
   0.0
   -1.051
   0.0
   0.9693    -0.1134    -0.218
   0.2372    0.2003    0.9506
   -0.06413    -0.9731    0.2211
 Node:         33
  0.1183E+03  0.1150E+03  0.5201E+03 -0.5253E+00
  -1.051
   2.126E-16
  -1.051
   3.189E-16
  -1.943E-32
  -1.051
   -1.051
   -1.051
   -1.051
   0.0
   -1.051
   0.0
   -0.6883    0.03054    -0.7247
   0.7094    0.2369    -0.6638
   0.1514    -0.9711    -0.1847
 Node:         34
  0.1255E+03  0.1129E+03  0.4909E+03 -0.5253E+00
  -1.051
  -2.266E-32
  -1.051
   2.126E-16
   3.72E-16
  -1.051
   -1.051
   -1.051
   -1.051
   0.0
   -1.051
   0.0
   0.7071    -0.1233    0.6963
   0.0    0.9847    0.1744
   0.7071    0.1233    -0.6963
 Node:         35
  0.1260E+03  0.1135E+03  0.5054E+03 -0.5253E+00
  -1.051
   4.252E-16
  -1.051
   4.252E-16
   9.567E-16
  -1.051
   -1.051
   -1.051
   -1.051
   0.0
   -1.051
   0.0
   0.5001    0.6491    0.5732
   0.8576    -0.2795    -0.4318
   0.1201    -0.7075    0.6964
 Node:         36
  0.1257E+03  0.1153E+03  0.5196E+03 -0.5253E+00
  -1.051
  -2.126E-16
  -1.051
  -2.126E-16
   3.189E-16
  -1.051
   -1.051
   -1.051
   -1.051
   0.0
   -1.051
   0.0
   0.376    0.8182    0.435
   0.8853    -0.4557    0.09203
   0.2736    0.3505    -0.8957
 Node:         37
  0.1132E+03  0.1210E+03  0.4959E+03 -0.5253E+00
  -1.051
   5.315E-16
  -1.051
  -3.189E-16
   6.909E-16
  -1.051
   -1.051
   -1.051
   -1.051
   0.0
   -1.051
   0.0
   -0.7005    -0.7041    -0.1163
   0.1452    0.01895    -0.9892
   0.6987    -0.7098    0.08894
 Node:         38
  0.1111E+03  0.1204E+03  0.5085E+03 -0.5253E+00
  -1.051
   3.72E-16
  -1.051
  -1.063E-16
  -3.189E-16
  -1.051
   -1.051
   -1.051
   -1.051
   0.0
   -1.051
   0.0
   0.1354    0.9839    -0.1163
   0.9752    -0.1117    0.191
   -0.1749    0.1392    0.9747
 Node:         39
  0.1119E+03  0.1201E+03  0.5207E+03 -0.5253E+00
  -1.051
  -3.72E-16
  -1.051
  -3.189E-16
  -2.923E-16
  -1.051
   -1.051
   -1.051
   -1.051
   0.0
   -1.051
   0.0
   0.9705    0.03222    -0.2391
   0.2277    -0.4495    0.8638
   -0.07963    -0.8927    -0.4436
 Node:         40
  0.1191E+03  0.1220E+03  0.4937E+03 -0.5253E+00
  -1.051
   3.189E-16
  -1.051
   3.189E-16
  -5.315E-17
  -1.051
   -1.051
   -1.051
   -1.051
   0.0
   -1.051
   0.0
   0.992    0.05692    0.113
   0.06901    0.5052    -0.8602
   -0.1061    0.8611    0.4972
 Node:         41
  0.1182E+03  0.1217E+03  0.5073E+03 -0.5253E+00
  -1.051
  -1.063E-16
  -1.051
   2.126E-16
   3.72E-16
  -1.051
   -1.051
   -1.051
   -1.051
   0.0
   -1.051
   0.0
   0.0    -0.08075    -0.9967
   1.0    0.0    0.0
   0.0    0.9967    -0.08075
 Node:         42
  0.1187E+03  0.1212E+03  0.5204E+03 -0.5253E+00
  -1.051
  -2.126E-16
  -1.051
   1.295E-32
   2.126E-16
  -1.051
   -1.051
   -1.051
   -1.051
   0.0
   -1.051
   0.0
   0.0    -0.3345    -0.9424
   1.0    0.0    0.0
   0.0    -0.9424    0.3345
 Node:         43
  0.1258E+03  0.1217E+03  0.4915E+03 -0.5253E+00
  -1.051
   4.252E-16
  -1.051
  -5.315E-17
   6.475E-33
  -1.051
   -1.051
   -1.051
   -1.051
   0.0
   -1.051
   0.0
   0.8302    -0.5213    -0.1973
   -0.5574    -0.7765    -0.2939
   0.0    -0.354    0.9352
 Node:         44
  0.1259E+03  0.1220E+03  0.5059E+03 -0.5253E+00
  -1.051
   5.315E-16
  -1.051
   3.72E-16
   4.252E-16
  -1.051
   -1.051
   -1.051
   -1.051
   0.0
   -1.051
   0.0
   0.3036    0.2959    0.9057
   -0.9209    0.3351    0.1993
   -0.2445    -0.8945    0.3742
 Node:         45
  0.1261E+03  0.1221E+03  0.5198E+03 -0.5253E+00
  -1.051
  -3.189E-16
  -1.051
   1.063E-16
  -2.657E-17
  -1.051
   -1.051
   -1.051
   -1.051
   0.0
   -1.051
   0.0
   0.1048    -0.131    0.9858
   -0.9771    0.1713    0.1266
   -0.1854    -0.9765    -0.11
 Node:         46
  0.1117E+03  0.1296E+03  0.4959E+03  0.0000E+00
  -2.467E-16
   4.797E-17
  -7.401E-16
   1.199E-17
  -4.497E-17
   0.0
   3.057E-18
   -2.423E-16
   -7.476E-16
   6.629532710146319E-16
   -3.2894766666666664E-16
   3.125191690294995E-16
   0.03676    -0.058    0.9976
   0.9946    0.09864    -0.03092
   -0.09662    0.9934    0.06131
 Node:         47
  0.1107E+03  0.1269E+03  0.5087E+03  0.0000E+00
  -7.401E-16
  -5.397E-17
   4.934E-16
  -4.797E-17
   6.896E-17
   0.0
   5.058E-16
   -7.273E-18
   -7.452E-16
   1.0892155802819752E-15
   -8.222433333333333E-17
   5.1346114866095E-16
   -0.04821    0.9891    0.1394
   -0.05424    -0.142    0.9884
   -0.9974    -0.04009    -0.06049
 Node:         48
  0.1125E+03  0.1242E+03  0.5208E+03  0.0000E+00
   4.934E-16
   5.997E-18
   4.934E-16
   0.0
  -2.998E-18
   4.934E-16
   5.001E-16
   4.934E-16
   4.867E-16
   1.1604740410711462E-17
   4.934E-16
   5.470527092215756E-18
   -0.6325    -0.7071    0.3162
   0.4472    -2.276E-15    0.8944
   0.6325    -0.7071    -0.3162
 Node:         49
  0.1186E+03  0.1311E+03  0.4938E+03  0.0000E+00
  -7.401E-16
  -3.598E-17
   0.0
  -7.196E-17
  -1.049E-17
  -2.467E-16
   1.947E-18
   -2.366E-16
   -7.523E-16
   6.677348643803167E-16
   -3.2898433333333336E-16
   3.1477323375866775E-16
   0.04561    -0.9985    0.02894
   -0.143    0.02215    0.9895
   -0.9887    -0.04926    -0.1418
 Node:         50
  0.1180E+03  0.1298E+03  0.5075E+03  0.0000E+00
   0.0
  -2.249E-17
   1.48E-15
  -7.196E-17
   2.155E-17
   9.869E-16
   1.482E-15
   9.91E-16
   -5.513E-18
   1.3127859849072886E-15
   8.224956666666666E-16
   6.188532481164029E-16
   0.01739    -0.9988    -0.04603
   -0.07128    -0.04716    0.9963
   0.9973    0.01405    0.07201
 Node:         51
  0.1192E+03  0.1275E+03  0.5206E+03  0.0000E+00
   0.0
  -5.997E-18
  -2.467E-16
   0.0
   2.549E-17
   4.934E-16
   4.943E-16
   1.449E-19
   -2.477E-16
   6.54286006770747E-16
   8.22483E-17
   3.0843338148204166E-16
   -4.17E-4    0.03438    0.9994
   0.9997    -0.02416    0.001248
   0.02418    0.9991    -0.03436
 Node:         52
  0.1262E+03  0.1305E+03  0.4920E+03  0.0000E+00
   4.934E-16
  -2.399E-17
   4.934E-16
   2.249E-18
   8.48E-18
   0.0
   5.175E-16
   4.696E-16
   -1.6E-19
   4.95449666061044E-16
   3.2898E-16
   2.335572124055831E-16
   -0.7061    0.708    0.008534
   0.7081    0.706    0.01614
   -0.005403    -0.01744    0.9998
 Node:         53
  0.1258E+03  0.1304E+03  0.5063E+03  0.0000E+00
  -7.401E-16
  -2.998E-18
  -4.934E-16
   4.797E-17
   5.847E-17
  -9.869E-16
   -4.866E-16
   -7.314E-16
   -1.002E-15
   4.465358664206045E-16
   -7.399999999999999E-16
   2.104990261260132E-16
   0.0104    0.9931    0.1171
   -0.9836    0.03123    -0.1776
   -0.18    -0.1133    0.9771
 Node:         54
  0.1265E+03  0.1288E+03  0.5200E+03  0.0000E+00
  -9.869E-16
   3.598E-17
   4.934E-16
   0.0
  -7.496E-18
   4.934E-16
   5.014E-16
   4.864E-16
   -9.877E-16
   1.4816569474746847E-15
   3.3333333333314155E-20
   6.984597833010066E-16
   0.01758    0.7272    -0.6862
   0.01675    0.686    0.7274
   -0.9997    0.02428    1.229E-4
 Node:         55
  0.1383E+03  0.1167E+03  0.4546E+03 -0.4477E-02
   0.06224
  -0.02104
   0.01623
   0.01183
   0.04948
   0.008841
   0.07531
   0.05107
   -0.04362
   0.10885338442143175
   0.027586666666666666
   0.05131397751966699
   0.3308    -0.7442    -0.5803
   0.9201    0.1179    0.3734
   -0.2095    -0.6575    0.7237
 Node:         56
  0.1315E+03  0.1156E+03  0.4695E+03 -0.4477E-02
   0.06089
   0.0146
   0.002986
   0.05571
  -0.00379
  -0.007009
   0.08944
   0.004884
   -0.03919
   0.113220827394963
   0.018378000000000002
   0.05337280988168664
   -0.8744    -0.1197    -0.4702
   -0.01318    -0.9629    0.2695
   -0.485    0.2419    0.8404
 Node:         57
  0.1285E+03  0.1140E+03  0.4824E+03 -0.4477E-02
   0.08371
   0.02227
  -0.009691
   0.01717
  -0.01193
  -0.009777
   0.09062
   0.002158
   -0.02847
   0.10711215600481581
   0.021436
   0.05049315457234443
   -0.9714    -0.1929    -0.1382
   0.03295    -0.6864    0.7265
   -0.235    0.7012    0.6731
 Node:         58
  0.1490E+03  0.1177E+03  0.4545E+03 -0.4477E-02
   0.05763
  -0.08874
   0.0403
  -0.01095
   0.04306
  -0.001336
   0.161
   0.002419
   -0.05101
   0.19098538124945585
   0.03746966666666667
   0.09003137212599223
   -0.6662    0.6966    0.2662
   0.5513    0.2196    0.8049
   -0.5023    -0.683    0.5303
 Node:         59
  0.1423E+03  0.1167E+03  0.4701E+03 -0.4477E-02
   0.05932
  -0.06678
   0.02199
   0.02983
   0.0106
  -0.01221
   0.1162
   0.005798
   -0.04613
   0.1435899503586515
   0.02528933333333333
   0.06768895173922813
   -0.7906    0.6035    -0.1034
   0.3069    0.5367    0.7859
   0.5298    0.5896    -0.6096
 Node:         60
  0.1375E+03  0.1150E+03  0.4833E+03 -0.4477E-02
   0.08428
  -0.00585
  -0.005476
   0.01954
  -0.006889
  -0.01062
   0.08703
   -0.003336
   -0.01727
   0.09807818389427896
   0.02214133333333333
   0.04623449927873725
   -0.9772    0.07973    -0.1966
   0.1593    0.8879    -0.4315
   -0.1402    0.453    0.8804
 Node:         61
  0.1561E+03  0.1222E+03  0.4536E+03 -0.4477E-02
   0.07193
  -0.09705
   0.02168
  -0.07532
   0.1069
  -0.03391
   0.269
   -0.03327
   -0.109
   0.34640019183020093
   0.042243333333333334
   0.1632946164316373
   -0.6776    0.6144    0.4042
   0.7281    0.4828    0.4866
   0.1038    0.624    -0.7745
 Node:         62
  0.1497E+03  0.1204E+03  0.4701E+03 -0.4477E-02
   0.08554
  -0.1251
   0.01694
  -0.01562
   0.04618
  -0.03581
   0.234
   -0.02494
   -0.09186
   0.29808803196371375
   0.03906666666666667
   0.1405200458613962
   -0.7914    0.5902    0.1596
   -0.3661    -0.2484    -0.8968
   -0.4896    -0.7681    0.4126
 Node:         63
  0.1437E+03  0.1181E+03  0.4839E+03 -0.4477E-02
   0.09369
  -0.02868
  -0.004802
   0.008327
  -0.008541
  -0.01395
   0.1057
   -0.007466
   -0.01933
   0.119540367558411
   0.026301333333333333
   0.05635186968405653
   -0.9614    0.2614    -0.08555
   0.2518    0.7114    -0.6561
   0.1106    0.6523    0.7498
 Node:         64
  0.1417E+03  0.1252E+03  0.4528E+03 -0.4477E-02
   0.07096
   0.03608
   0.01244
  -0.03764
   0.02704
  -0.01108
   0.0888
   0.03259
   -0.0483
   0.11937161764841758
   0.02436333333333333
   0.056272320213602546
   0.9121    0.3566    -0.2023
   -0.1595    0.7632    0.6261
   0.3777    -0.5388    0.753
 Node:         65
  0.1344E+03  0.1229E+03  0.4686E+03 -0.4477E-02
   0.07397
   0.01325
   0.009061
  -0.007653
   0.01035
  -0.01071
   0.06954
   0.01358
   -0.01687
   0.07591248974971115
   0.022083333333333333
   0.03578549085251669
   -0.976    -0.2103    0.0557
   -0.1646    0.881    0.4435
   -0.1424    0.4237    -0.8945
 Node:         66
  0.1299E+03  0.1214E+03  0.4825E+03 -0.4477E-02
   0.08887
   6.671E-4
  -0.006464
   0.006924
  -0.005197
  -0.009594
   0.08815
   -0.002783
   -0.01376
   0.0968889909071201
   0.023869000000000005
   0.045673908328497576
   -0.9976    -0.002362    -0.06905
   -0.03845    -0.8114    0.5833
   -0.05741    0.5845    0.8093
 Node:         67
  0.1505E+03  0.1244E+03  0.4528E+03 -0.4477E-02
   0.06904
  -0.04585
   0.01088
  -0.03063
   0.02091
  -7.04E-4
   0.1048
   -0.009926
   -0.0182
   0.11907878516343708
   0.025557999999999997
   0.056134277656348264
   -0.8057    0.4903    0.3323
   0.5633    0.4608    0.6858
   -0.1831    -0.7397    0.6475
 Node:         68
  0.1437E+03  0.1225E+03  0.4691E+03 -0.4477E-02
   0.07441
  -0.08831
   0.01123
  -0.01328
   0.02314
  -0.0055
   0.1466
   -0.006625
   -0.05119
   0.17970089586588042
   0.029595000000000007
   0.08471181470137445
   -0.8048    0.5692    0.1682
   0.2903    0.1303    0.948
   0.5177    0.8118    -0.2701
 Node:         69
  0.1380E+03  0.1205E+03  0.4831E+03 -0.4477E-02
   0.08959
  -0.0231
  -0.004176
   0.002574
   0.003091
  -0.009104
   0.09415
   -0.005756
   -0.01287
   0.10364626918514723
   0.025174666666666668
   0.0488593198570026
   -0.9738    0.227    -0.0161
   0.1417    0.6602    0.7376
   -0.1781    -0.716    0.6751
 Node:         70
  0.1563E+03  0.1243E+03  0.4532E+03 -0.4477E-02
   0.07169
  -0.05617
  -0.007784
  -0.08035
   0.04982
   0.01642
   0.1765
   -0.02973
   -0.04908
   0.21655434860560985
   0.032563333333333326
   0.10208469892964155
   -0.7379    0.4069    0.5385
   0.6415    0.6709    0.372
   0.2099    -0.62    0.756
 Node:         71
  0.1499E+03  0.1223E+03  0.4698E+03 -0.4477E-02
   0.08081
  -0.1353
   0.003512
  -0.07596
   0.06759
  -6.417E-4
   0.2617
   -0.04216
   -0.08889
   0.32971801634123665
   0.04355
   0.1554305634895102
   -0.7551    0.535    0.3789
   -0.434    0.02524    -0.9006
   -0.4914    -0.8445    0.2131
 Node:         72
  0.1435E+03  0.1199E+03  0.4838E+03 -0.4477E-02
   0.09156
  -0.04141
  -0.004493
  -0.008476
   0.01145
  -0.008662
   0.1103
   -0.005575
   -0.02356
   0.12583516092491795
   0.027055
   0.059319263734473306
   -0.9324    0.3469    0.1018
   0.2516    0.4205    0.8717
   -0.2596    -0.8384    0.4793
 Node:         73
  0.1451E+03  0.1339E+03  0.4520E+03  0.0000E+00
   0.1056
  -0.03005
  -0.01311
   0.01417
  -0.01686
   0.01338
   0.1214
   0.01612
   -0.02211
   0.1287255440850805
   0.03847
   0.06068180342299218
   -0.9565    0.2303    -0.1788
   0.2463    0.31    -0.9183
   0.1561    0.9224    0.3533
 Node:         74
  0.1372E+03  0.1304E+03  0.4682E+03  0.0000E+00
   0.1155
  -0.03875
  -0.007415
   0.004871
  -0.02593
   0.007432
   0.1368
   0.02035
   -0.02924
   0.147629692474109
   0.04263666666666668
   0.06959330443528473
   -0.9577    0.2709    -0.09733
   0.2241    0.4897    -0.8426
   0.1806    0.8287    0.5297
 Node:         75
  0.1314E+03  0.1289E+03  0.4826E+03  0.0000E+00
   0.1049
  -0.01486
  -0.001159
  -0.008009
  -0.004687
   3.65E-4
   0.1103
   0.004209
   -0.00737
   0.11232898651283202
   0.035713
   0.052952392058023844
   -0.9895    0.1281    0.06646
   -0.02645    -0.6136    0.7892
   0.1419    0.7792    0.6105
 Node:         76
  0.1519E+03  0.1312E+03  0.4519E+03  0.0000E+00
   0.1064
  -0.04328
  -0.01866
  -0.004288
   0.04097
   0.0208
   0.1299
   0.04192
   -0.04449
   0.15102821027874228
   0.042443333333333326
   0.07119538109237768
   -0.9313    0.3152    0.1824
   0.3098    0.4222    0.8519
   0.1915    0.8499    -0.4909
 Node:         77
  0.1450E+03  0.1283E+03  0.4686E+03  0.0000E+00
   0.1252
  -0.01481
  -0.01051
  -0.009178
   0.02812
   0.007339
   0.1415
   0.02473
   -0.02743
   0.14982196668045708
   0.04626666666666666
   0.07062675240697079
   -0.9885    0.1154    0.0973
   0.1468    0.5851    0.7976
   -0.03515    -0.8027    0.5953
 Node:         78
  0.1385E+03  0.1261E+03  0.4829E+03  0.0000E+00
   0.1098
   1.557E-4
  -9.715E-4
  -0.006854
  -0.001021
   1.725E-4
   0.1145
   4.433E-4
   -0.001622
   0.11510324748455189
   0.03777376666666667
   0.0542601912219467
   -0.9982    -0.001993    0.06013
   -0.05021    0.5781    -0.8144
   0.03314    0.816    0.5771
 Node:         79
  0.1564E+03  0.1263E+03  0.4527E+03  0.0000E+00
   0.1079
   0.1045
   0.02514
   0.02669
  -0.007128
  -0.06497
   0.2988
   -0.02964
   -0.07373
   0.3525587629034343
   0.06514333333333333
   0.1661977946771724
   -0.8407    -0.5396    -0.04545
   0.2023    -0.3909    0.8979
   -0.5022    0.7457    0.4378
 Node:         80
  0.1500E+03  0.1242E+03  0.4696E+03  0.0000E+00
   0.1278
   0.07674
   0.01075
   0.02001
  -0.007616
  -0.05401
   0.2521
   -0.02131
   -0.04785
   0.2875998976008163
   0.06098
   0.13557589190806257
   -0.9103    -0.4112    -0.04706
   0.2631    -0.6627    0.7011
   -0.3195    0.6258    0.7115
 Node:         81
  0.1434E+03  0.1217E+03  0.4837E+03  0.0000E+00
   0.1106
   0.01181
   5.811E-4
  -0.004502
  -9.754E-4
  -0.007572
   0.1204
   -6.375E-4
   -0.007222
   0.12446044940160708
   0.0375135
   0.058671218507601035
   -0.9942    -0.102    0.03559
   -0.1043    0.9919    -0.07183
   0.02798    0.07512    0.9968
 Node:         82
  0.1267E+03  0.1149E+03  0.4577E+03 -0.4346E-01
  -0.005729
  -0.0116
  -0.07512
   0.01815
   0.04993
  -0.08322
   -0.001571
   -0.03232
   -0.1308
   0.11692721206374503
   -0.054897
   0.055120016370341064
   0.9834    7.83E-4    0.1816
   0.1204    -0.7512    -0.649
   0.1359    0.6601    -0.7388
 Node:         83
  0.1234E+03  0.1130E+03  0.4727E+03 -0.4346E-01
  -0.008397
   0.008991
  -0.08154
   0.08766
   0.01911
  -0.0984
   0.05058
   -0.08903
   -0.1422
   0.17245597902073445
   -0.06021666666666666
   0.08129652814781754
   0.8714    0.1345    0.4717
   -0.2118    0.9706    0.1145
   -0.4425    -0.1997    0.8743
 Node:         84
  0.1187E+03  0.1123E+03  0.4850E+03 -0.4346E-01
   0.01011
   0.00271
  -0.08653
   0.03062
  -0.001195
  -0.09787
   0.01885
   -0.08948
   -0.1025
   0.11539222634129215
   -0.057710000000000004
   0.05439641716142709
   0.9721    0.01969    0.2336
   0.0102    0.992    -0.1261
   -0.2342    0.125    0.9641
 Node:         85
  0.1302E+03  0.1162E+03  0.4565E+03 -0.4346E-01
  -0.006242
  -0.006433
  -0.07226
   0.02675
   0.07216
  -0.08034
   0.01055
   -0.01687
   -0.1475
   0.14628030591983324
   -0.05127333333333333
   0.0689571975133045
   0.7351    0.4408    0.5151
   -0.6654    0.6146    0.4236
   -0.1298    -0.6542    0.7451
 Node:         86
  0.1252E+03  0.1139E+03  0.4711E+03 -0.4346E-01
  -3.479E-4
   0.05853
  -0.06172
   0.1805
   0.0635
  -0.09499
   0.1971
   -0.09678
   -0.1918
   0.3511676699242116
   -0.030493333333333334
   0.16554202715792615
   0.7864    0.3467    0.5113
   -0.3489    0.9323    -0.09559
   -0.5098    -0.1032    0.8541
 Node:         87
  0.1217E+03  0.1126E+03  0.4834E+03 -0.4346E-01
   0.007412
   0.001828
  -0.08597
   0.04007
  -0.006356
  -0.09711
   0.02171
   -0.08766
   -0.1084
   0.12107963619040156
   -0.05811666666666667
   0.057077487875888705
   0.9558    -0.00502    0.2938
   0.09171    0.955    -0.282
   -0.2792    0.2965    0.9133
 Node:         88
  0.1338E+03  0.1169E+03  0.4548E+03 -0.4346E-01
  -0.01912
  -0.01768
  -0.07627
   0.02053
   0.09077
  -0.06629
   0.02312
   -0.01263
   -0.1635
   0.1715617145519361
   -0.05100333333333334
   0.0808749678344432
   -0.07965    -0.713    -0.6966
   0.9876    -0.1513    0.04194
   0.1353    0.6846    -0.7162
 Node:         89
  0.1270E+03  0.1150E+03  0.4695E+03 -0.4346E-01
  -0.02611
   0.02513
  -0.08092
   0.07502
   0.0208
  -0.0901
   0.03427
   -0.09748
   -0.1338
   0.15317429582015385
   -0.06566999999999999
   0.07220705551860335
   0.8419    0.2564    0.4748
   -0.297    0.9548    0.01123
   -0.4504    -0.1505    0.88
 Node:         90
  0.1248E+03  0.1132E+03  0.4822E+03 -0.4346E-01
   0.003312
   0.02421
  -0.08927
   0.02125
  -0.01167
  -0.08946
   0.01258
   -0.08045
   -0.1092
   0.11025314462635522
   -0.05902333333333334
   0.05197383080829129
   0.9698    0.1854    0.1585
   -0.01639    0.6978    -0.7161
   -0.2434    0.6919    0.6797
 Node:         91
  0.1262E+03  0.1267E+03  0.4554E+03 -0.4346E-01
  -0.004421
   0.0633
  -0.06101
  -0.005411
   0.06971
  -0.08495
   0.04962
   -0.03857
   -0.1493
   0.1726380250697974
   -0.04608333333333333
   0.08138234547833796
   -0.7489    -0.5923    -0.2972
   0.6093    -0.4392    -0.6602
   0.2605    -0.6755    0.6898
 Node:         92
  0.1211E+03  0.1237E+03  0.4729E+03 -0.4346E-01
  -0.009771
   0.01692
  -0.07145
   0.01864
   0.04749
  -0.07911
   0.007783
   -0.04572
   -0.1237
   0.1145234270749876
   -0.053879
   0.053986861259631196
   0.8453    0.3903    0.3648
   -0.5341    0.6333    0.5601
   -0.01242    -0.6683    0.7438
 Node:         93
  0.1160E+03  0.1217E+03  0.4877E+03 -0.4346E-01
   0.009344
  -0.004835
  -0.08563
   0.01569
   0.01357
  -0.08858
   0.01185
   -0.07563
   -0.1017
   0.1030194103069902
   -0.05516000000000001
   0.048563815747941386
   0.9904    -0.02295    0.1364
   0.07159    -0.7586    -0.6477
   0.1183    0.6512    -0.7496
 Node:         94
  0.1317E+03  0.1268E+03  0.4545E+03 -0.4346E-01
  -0.007909
   0.06104
  -0.05785
  -0.03524
   0.0675
  -0.07557
   0.03424
   -0.01188
   -0.1512
   0.16722008013393608
   -0.04294666666666667
   0.07882830174217605
   0.7977    0.5817    0.159
   0.5012    -0.4928    -0.7113
   -0.3354    0.6471    -0.6847
 Node:         95
  0.1252E+03  0.1238E+03  0.4709E+03 -0.4346E-01
  -0.01991
   0.0102
  -0.06908
   0.008994
   0.03201
  -0.06926
   -0.01129
   -0.04656
   -0.1058
   0.08272088793043751
   -0.05455000000000001
   0.03899500053425653
   0.9216    0.2835    0.2651
   -0.3881    0.6588    0.6445
   0.008073    -0.6968    0.7172
 Node:         96
  0.1205E+03  0.1222E+03  0.4852E+03 -0.4346E-01
   0.006662
  -0.004028
  -0.08555
   0.01889
   0.00906
  -0.08791
   0.01027
   -0.08031
   -0.09844
   0.1008744204444318
   -0.05616000000000001
   0.04755265782968043
   0.9856    -0.01924    0.1682
   0.08861    -0.7879    -0.6094
   0.1442    0.6155    -0.7748
 Node:         97
  0.1372E+03  0.1262E+03  0.4532E+03 -0.4346E-01
  -0.02422
   0.0434
  -0.05757
  -0.02792
   0.07011
  -0.07393
   0.01488
   -0.01333
   -0.15
   0.15274146031775393
   -0.04948333333333333
   0.07200301490601317
   -0.553    -0.7142    -0.4292
   0.7849    -0.2738    -0.5558
   0.2795    -0.6442    0.712
 Node:         98
  0.1299E+03  0.1234E+03  0.4688E+03 -0.4346E-01
  -0.01782
   0.02475
  -0.06494
   0.01704
   0.0372
  -0.07663
   0.005281
   -0.05564
   -0.1121
   0.10167939565615053
   -0.05415300000000001
   0.04793212678360934
   0.8316    0.4364    0.3436
   -0.554    0.6077    0.569
   0.03947    -0.6635    0.7471
 Node:         99
  0.1260E+03  0.1218E+03  0.4827E+03 -0.4346E-01
   0.008119
   0.005248
  -0.08427
   0.01178
  -0.00116
  -0.08776
   0.009702
   -0.0855
   -0.08979
   0.09741787045506589
   -0.055196
   0.045923224538353145
   0.9931    0.04821    0.1073
   -0.001205    0.9163    -0.4004
   -0.1177    0.3975    0.91
 Node:        100
  0.1256E+03  0.1382E+03  0.4534E+03  0.0000E+00
   0.1029
   6.122E-4
   0.006485
  -0.004019
   8.98E-4
  -0.006134
   0.1043
   0.006844
   -0.005941
   0.10443707732888738
   0.03506766666666667
   0.04923211039104008
   -0.9994    -0.006099    0.03522
   -0.003584    0.9975    0.07104
   -0.03556    0.07087    -0.9969
 Node:        101
  0.1191E+03  0.1342E+03  0.4717E+03  0.0000E+00
   0.107
   0.001085
   0.006455
  -0.01916
  -0.01081
  -0.008711
   0.115
   0.01148
   -0.01529
   0.11918159967041893
   0.03706333333333334
   0.05618274487974242
   -0.9881    -0.02922    0.151
   -0.08878    0.9101    -0.4047
   -0.1256    -0.4133    -0.9019
 Node:        102
  0.1139E+03  0.1312E+03  0.4875E+03  0.0000E+00
   0.1029
  -0.003091
  -9.123E-4
  -0.006418
  -0.01106
  -0.001439
   0.1057
   0.009848
   -0.01233
   0.1086520834774925
   0.034406
   0.051219083344654526
   -0.9981    0.02177    0.05739
   0.02379    -0.7246    0.6887
   0.05659    0.6888    0.7228
 Node:        103
  0.1331E+03  0.1371E+03  0.4528E+03  0.0000E+00
   0.1044
  -0.009519
   0.007851
  -0.004712
  -0.002679
  -0.008605
   0.1084
   0.007908
   -0.008606
   0.10968536432906625
   0.035900666666666664
   0.051706176609333195
   -0.9945    0.0981    0.03621
   0.08967    0.9782    -0.1873
   0.0538    0.183    0.9816
 Node:        104
  0.1255E+03  0.1335E+03  0.4702E+03  0.0000E+00
   0.1086
  -0.006816
   0.003367
  -0.02349
  -0.01733
  -0.008297
   0.1202
   0.01534
   -0.02301
   0.12840452912572828
   0.037509999999999995
   0.06053047551991201
   -0.9847    0.02796    0.1722
   0.07041    -0.8394    0.5389
   0.1596    0.5427    0.8246
 Node:        105
  0.1201E+03  0.1317E+03  0.4854E+03  0.0000E+00
   0.1025
  -0.006746
  -0.001532
  -0.01027
  -0.01126
  -0.001324
   0.1065
   0.009798
   -0.01359
   0.11027212577981799
   0.034235999999999996
   0.05198277860984347
   -0.9947    0.05093    0.08923
   0.02565    -0.7179    0.6957
   0.09949    0.6943    0.7128
 Node:        106
  0.1406E+03  0.1353E+03  0.4522E+03  0.0000E+00
   0.1056
  -0.008567
   0.001544
   0.007603
  -0.02509
  -0.00244
   0.1103
   0.02327
   -0.02438
   0.11828661335924703
   0.03639666666666667
   0.0557608442866099
   -0.9903    0.1049    -0.09113
   0.1389    0.736    -0.6625
   0.002403    0.6688    0.7435
 Node:        107
  0.1327E+03  0.1318E+03  0.4685E+03  0.0000E+00
   0.1124
  -0.02199
   0.00137
  -0.01126
  -0.03897
  -0.002387
   0.1233
   0.03767
   -0.03933
   0.14090779573891574
   0.04054666666666667
   0.06642457192602415
   -0.9853    0.1677    0.03102
   -0.09979    -0.7145    0.6925
   0.1383    0.6793    0.7207
 Node:        108
  0.1273E+03  0.1304E+03  0.4831E+03  0.0000E+00
   0.1032
  -0.01136
  -0.001012
  -0.01116
  -0.007706
  -3.92E-4
   0.1079
   0.006989
   -0.01037
   0.11061681088785737
   0.034839666666666665
   0.05214526472802258
   -0.9909    0.09512    0.09498
   0.00175    -0.6974    0.7167
   0.1344    0.7104    0.6909
 Node:        109
  0.1018E+03  0.1092E+03  0.4946E+03 -0.1180E+00
  -0.2361
   3.054E-16
  -0.2361
   1.222E-16
  -3.054E-17
  -0.2361
   -0.2361
   -0.2361
   -0.2361
   0.0
   -0.2361
   0.0
   -0.3904    -0.9167    0.08504
   0.358    -0.06605    0.9314
   0.8482    -0.394    -0.354
 Node:        110
  0.1058E+03  0.1118E+03  0.5081E+03 -0.1180E+00
  -0.2361
   6.108E-17
  -0.2361
  -3.054E-17
  -1.145E-16
  -0.2361
   -0.2361
   -0.2361
   -0.2361
   0.0
   -0.2361
   0.0
   -0.04773    -0.01897    0.9987
   -0.8601    -0.5076    -0.05075
   0.5079    -0.8614    0.007909
 Node:        111
  0.1108E+03  0.1137E+03  0.5210E+03 -0.1180E+00
  -0.2361
   1.222E-16
  -0.2361
  -6.108E-17
   7.176E-16
  -0.2361
   -0.2361
   -0.2361
   -0.2361
   0.0
   -0.2361
   0.0
   -0.1304    0.8755    0.4653
   -0.9689    -0.2121    0.1276
   0.2104    -0.4341    0.8759
 Node:        112
  0.1072E+03  0.1111E+03  0.4942E+03 -0.1180E+00
  -0.2361
   3.054E-16
  -0.2361
  -1.818E-33
   3.054E-17
  -0.2361
   -0.2361
   -0.2361
   -0.2361
   0.0
   -0.2361
   0.0
   0.3082    0.9464    0.09694
   -0.9513    0.3066    0.0314
   0.0    -0.1019    0.9948
 Node:        113
  0.1071E+03  0.1139E+03  0.5077E+03 -0.1180E+00
  -0.2361
   2.4E-32
  -0.2361
   3.665E-16
  -3.359E-16
  -0.2361
   -0.2361
   -0.2361
   -0.2361
   0.0
   -0.2361
   0.0
   -0.02652    -0.7422    0.6696
   0.2414    0.6453    0.7248
   -0.9701    0.1809    0.1621
 Node:        114
  0.1093E+03  0.1164E+03  0.5209E+03 -0.1180E+00
  -0.2361
   2.443E-16
  -0.2361
  -6.108E-17
   1.222E-16
  -0.2361
   -0.2361
   -0.2361
   -0.2361
   0.0
   -0.2361
   0.0
   -0.7427    -0.6692    0.02358
   -0.2392    0.298    0.9241
   0.6254    -0.6807    0.3814
 Node:        115
  0.1129E+03  0.1120E+03  0.4932E+03 -0.1180E+00
  -0.2361
  -2.182E-33
  -0.2361
  -1.832E-16
  -6.108E-17
  -0.2361
   -0.2361
   -0.2361
   -0.2361
   0.0
   -0.2361
   0.0
   -0.4742    0.0    0.8804
   0.0    -1.0    0.0
   -0.8804    0.0    -0.4742
 Node:        116
  0.1092E+03  0.1143E+03  0.5068E+03 -0.1180E+00
  -0.2361
   1.145E-16
  -0.2361
   3.665E-16
   4.581E-17
  -0.2361
   -0.2361
   -0.2361
   -0.2361
   0.0
   -0.2361
   0.0
   -0.371    -0.9236    -0.09634
   0.8884    -0.3832    0.253
   -0.2706    0.008262    0.9627
 Node:        117
  0.1089E+03  0.1172E+03  0.5207E+03 -0.1180E+00
  -0.2361
  -1.527E-16
  -0.2361
  -3.054E-16
  -3.665E-16
  -0.2361
   -0.2361
   -0.2361
   -0.2361
   0.0
   -0.2361
   0.0
   -0.1428    -0.2074    0.9678
   -0.9063    0.4204    -0.04369
   -0.3978    -0.8833    -0.248
 Node:        118
  0.1017E+03  0.1094E+03  0.4948E+03 -0.1180E+00
  -0.2361
   1.832E-16
  -0.2361
  -3.054E-16
  -3.97E-16
  -0.2361
   -0.2361
   -0.2361
   -0.2361
   0.0
   -0.2361
   0.0
   -0.2981    -0.4444    0.8448
   0.5062    0.6767    0.5346
   0.8093    -0.587    -0.02326
 Node:        119
  0.1058E+03  0.1120E+03  0.5082E+03 -0.1180E+00
  -0.2361
  -7.635E-17
  -0.2361
   1.222E-16
  -6.489E-17
  -0.2361
   -0.2361
   -0.2361
   -0.2361
   0.0
   -0.2361
   0.0
   0.7809    0.4147    -0.4671
   -0.6234    0.5649    -0.5406
   0.03968    0.7133    0.6997
 Node:        120
  0.1109E+03  0.1138E+03  0.5210E+03 -0.1180E+00
  -0.2361
   3.97E-16
  -0.2361
  -4.275E-16
   2.443E-16
  -0.2361
   -0.2361
   -0.2361
   -0.2361
   0.0
   -0.2361
   0.0
   0.901    0.3687    -0.2286
   -0.09442    -0.3477    -0.9328
   -0.4234    0.8621    -0.2785
