 Group name: gastroc_stress
 #Fields=  16
 1) coordinates, coordinate, rectangular cartesian, #Components=3
   x.  Value index= 1, #Derivatives=0
   y.  Value index= 2, #Derivatives=0
   z.  Value index= 3, #Derivatives=0
 2) Tensor_1, field, rectangular cartesian, #Components=1
   Tensor_1.  Value index= 4, #Derivatives=0
 3) Tensor_2, field, rectangular cartesian, #Components=1
   Tensor_2.  Value index= 5, #Derivatives=0
 4) Tensor_3, field, rectangular cartesian, #Components=1
   Tensor_3.  Value index= 6, #Derivatives=0
 5) Tensor_4, field, rectangular cartesian, #Components=1
   Tensor_4.  Value index= 7, #Derivatives=0
 6) Tensor_5, field, rectangular cartesian, #Components=1
   Tensor_5.  Value index= 8, #Derivatives=0
 7) Tensor_6, field, rectangular cartesian, #Components=1
   Tensor_6.  Value index= 9, #Derivatives=0
 8) Principal_1, field, rectangular cartesian, #Components=1
   Principal_1.  Value index= 10, #Derivatives=0
 9) Principal_2, field, rectangular cartesian, #Components=1
   Principal_2.  Value index= 11, #Derivatives=0
 10) Principal_3, field, rectangular cartesian, #Components=1
   Principal_3.  Value index= 12, #Derivatives=0
 11) VonMises, field, rectangular cartesian, #Components=1
   VonMises.  Value index= 13, #Derivatives=0
 12) Hydrostatic, field, rectangular cartesian, #Components=1
   VonMises.  Value index= 14, #Derivatives=0
 13) Octahedral, field, rectangular cartesian, #Components=1
   VonMises.  Value index= 15, #Derivatives=0
 14) PrincipalVector1, field, rectangular cartesian, #Components=3
   x.  Value index= 16, #Derivatives=0
   y.  Value index= 17, #Derivatives=0
   z.  Value index= 18, #Derivatives=0
 15) PrincipalVector2, field, rectangular cartesian, #Components=3
   x.  Value index= 19, #Derivatives=0
   y.  Value index= 20, #Derivatives=0
   z.  Value index= 21, #Derivatives=0
 16) PrincipalVector3, field, rectangular cartesian, #Components=3
   x.  Value index= 22, #Derivatives=0
   y.  Value index= 23, #Derivatives=0
   z.  Value index= 24, #Derivatives=0
 Node:          1
  0.1287E+03  0.1133E+03  0.4908E+03 -0.1624E-05
  -3.247E-6
  -1.439E-16
  -3.247E-6
  -4.797E-17
  -7.196E-17
  -3.247E-6
   -3.247E-6
   -3.247E-6
   -3.247E-6
   0.0
   -3.247E-6
   0.0
   0.966    -0.2571    -0.02712
   0.2489    0.9532    -0.1718
   0.07002    0.1592    0.9848
 Node:          2
  0.1292E+03  0.1137E+03  0.5052E+03 -0.1624E-05
  -3.247E-6
  -1.919E-16
  -3.247E-6
  -9.595E-17
   3.358E-16
  -3.247E-6
   -3.247E-6
   -3.247E-6
   -3.247E-6
   0.0
   -3.247E-6
   0.0
   0.895    -0.3984    -0.2008
   0.4461    0.7982    0.4048
   -9.608E-4    -0.4518    0.8921
 Node:          3
  0.1289E+03  0.1155E+03  0.5194E+03 -0.1624E-05
  -3.247E-6
   2.399E-16
  -3.247E-6
   1.919E-16
   9.595E-17
  -3.247E-6
   -3.247E-6
   -3.247E-6
   -3.247E-6
   0.0
   -3.247E-6
   0.0
   -0.4092    -0.8757    -0.2565
   0.496    -0.4494    0.7429
   0.7658    -0.1767    -0.6183
 Node:          4
  0.1361E+03  0.1141E+03  0.4915E+03 -0.1624E-05
  -3.247E-6
  -4.797E-17
  -3.247E-6
  -4.797E-17
  -1.439E-16
  -3.247E-6
   -3.247E-6
   -3.247E-6
   -3.247E-6
   0.0
   -3.247E-6
   0.0
   -0.04308    -0.0943    0.9946
   -0.9939    0.1055    -0.03304
   -0.1018    -0.9899    -0.09827
 Node:          5
  0.1341E+03  0.1144E+03  0.5054E+03 -0.1624E-05
  -3.247E-6
   2.399E-16
  -3.247E-6
   9.595E-17
  -1.199E-16
  -3.247E-6
   -3.247E-6
   -3.247E-6
   -3.247E-6
   0.0
   -3.247E-6
   0.0
   0.09698    -0.1794    0.979
   0.7185    0.6933    0.05585
   -0.6888    0.698    0.1961
 Node:          6
  0.1323E+03  0.1162E+03  0.5191E+03 -0.1624E-05
  -3.247E-6
   9.595E-17
  -3.247E-6
  -9.595E-17
  -4.797E-17
  -3.247E-6
   -3.247E-6
   -3.247E-6
   -3.247E-6
   0.0
   -3.247E-6
   0.0
   -0.715    -0.6928    0.09323
   0.693    -0.72    -0.03581
   0.09194    0.03901    0.995
 Node:          7
  0.1408E+03  0.1171E+03  0.4920E+03 -0.1624E-05
  -3.247E-6
   3.838E-16
  -3.247E-6
  -1.439E-16
  -1.919E-16
  -3.247E-6
   -3.247E-6
   -3.247E-6
   -3.247E-6
   0.0
   -3.247E-6
   0.0
   0.8641    0.487    -0.1268
   -0.5006    0.8577    -0.1173
   0.05165    0.1648    0.985
 Node:          8
  0.1367E+03  0.1169E+03  0.5055E+03 -0.1624E-05
  -3.247E-6
   3.358E-16
  -3.247E-6
  -6.956E-16
  -4.078E-16
  -3.247E-6
   -3.247E-6
   -3.247E-6
   -3.247E-6
   0.0
   -3.247E-6
   0.0
   -0.7204    -0.627    0.2965
   0.636    -0.7677    -0.07822
   0.2767    0.1322    0.9518
 Node:          9
  0.1339E+03  0.1180E+03  0.5191E+03 -0.1624E-05
  -3.247E-6
   2.878E-16
  -3.247E-6
  -6.836E-16
  -4.797E-16
  -3.247E-6
   -3.247E-6
   -3.247E-6
   -3.247E-6
   0.0
   -3.247E-6
   0.0
   0.3025    0.1646    -0.9388
   0.9346    0.1422    0.3261
   -0.1871    0.9761    0.1108
 Node:         10
  0.1294E+03  0.1212E+03  0.4911E+03 -0.1624E-05
  -3.247E-6
   4.797E-17
  -3.247E-6
  -2.399E-17
   2.159E-16
  -3.247E-6
   -3.247E-6
   -3.247E-6
   -3.247E-6
   0.0
   -3.247E-6
   0.0
   0.02409    0.7089    0.7049
   0.1744    0.6913    -0.7012
   -0.9844    0.1398    -0.107
 Node:         11
  0.1295E+03  0.1214E+03  0.5055E+03 -0.1624E-05
  -3.247E-6
  -4.797E-17
  -3.247E-6
  -7.196E-17
   2.399E-17
  -3.247E-6
   -3.247E-6
   -3.247E-6
   -3.247E-6
   0.0
   -3.247E-6
   0.0
   -0.2763    0.1332    0.9518
   -0.5868    0.761    -0.2768
   0.7612    0.635    0.1321
 Node:         12
  0.1295E+03  0.1217E+03  0.5196E+03 -0.1624E-05
  -3.247E-6
  -2.752E-38
  -3.247E-6
   1.319E-16
   4.797E-17
  -3.247E-6
   -3.247E-6
   -3.247E-6
   -3.247E-6
   0.0
   -3.247E-6
   0.0
   -0.2404    -0.08741    -0.9667
   -0.3418    0.9398    6.889E-6
   0.9085    0.3304    -0.2558
 Node:         13
  0.1361E+03  0.1199E+03  0.4914E+03 -0.1624E-05
  -3.247E-6
  -2.399E-16
  -3.247E-6
  -1.679E-16
   4.797E-17
  -3.247E-6
   -3.247E-6
   -3.247E-6
   -3.247E-6
   0.0
   -3.247E-6
   0.0
   0.9203    -0.37    -0.1273
   0.3697    0.9288    -0.02722
   0.1283    -0.02201    0.9915
 Node:         14
  0.1342E+03  0.1198E+03  0.5054E+03 -0.1624E-05
  -3.247E-6
   4.797E-17
  -3.247E-6
   9.595E-17
  -1.559E-16
  -3.247E-6
   -3.247E-6
   -3.247E-6
   -3.247E-6
   0.0
   -3.247E-6
   0.0
   0.09999    -0.2648    0.9591
   -0.2953    -0.9284    -0.2256
   -0.9501    0.2607    0.171
 Node:         15
  0.1330E+03  0.1205E+03  0.5193E+03 -0.1624E-05
  -3.247E-6
  -1.439E-16
  -3.247E-6
   2.399E-17
   8.395E-17
  -3.247E-6
   -3.247E-6
   -3.247E-6
   -3.247E-6
   0.0
   -3.247E-6
   0.0
   0.9934    -0.1134    0.01426
   -0.01884    -0.2856    -0.9582
   0.1127    0.9516    -0.2858
 Node:         16
  0.1404E+03  0.1188E+03  0.4918E+03 -0.1624E-05
  -3.247E-6
   9.595E-17
  -3.247E-6
  -1.439E-16
  -2.519E-16
  -3.247E-6
   -3.247E-6
   -3.247E-6
   -3.247E-6
   0.0
   -3.247E-6
   0.0
   -0.1502    -0.2388    0.9594
   -0.794    -0.5491    -0.261
   0.5891    -0.8009    -0.1072
 Node:         17
  0.1365E+03  0.1184E+03  0.5055E+03 -0.1624E-05
  -3.247E-6
   4.797E-17
  -3.247E-6
   1.679E-16
   2.938E-16
  -3.247E-6
   -3.247E-6
   -3.247E-6
   -3.247E-6
   0.0
   -3.247E-6
   0.0
   0.248    0.4017    0.8816
   0.9357    -0.3351    -0.1105
   -0.251    -0.8523    0.4589
 Node:         18
  0.1341E+03  0.1191E+03  0.5192E+03 -0.1624E-05
  -3.247E-6
  -3.658E-38
  -3.247E-6
   4.572E-17
   1.84E-16
  -3.247E-6
   -3.247E-6
   -3.247E-6
   -3.247E-6
   0.0
   -3.247E-6
   0.0
   0.02285    0.09198    0.9955
   0.9705    -0.241    -1.443E-5
   -0.2399    -0.9662    0.09477
 Node:         19
  0.1301E+03  0.1291E+03  0.4914E+03  0.0000E+00
   4.934E-16
   0.0
   4.934E-16
   3.631E-19
   1.731E-17
  -9.869E-16
   4.936E-16
   4.934E-16
   -9.871E-16
   1.4806000101310279E-15
   -3.3333333333314155E-20
   6.979615382590138E-16
   -0.02097    -0.9997    -0.01169
   -0.9998    0.02097    -8.123E-17
   2.452E-4    0.01169    -0.9999
 Node:         20
  0.1299E+03  0.1291E+03  0.5058E+03  0.0000E+00
   9.869E-16
   0.0
   0.0
   1.799E-17
   3.326E-17
  -2.467E-16
   9.871E-16
   4.4E-18
   -2.514E-16
   1.1324785163525177E-15
   2.467E-16
   5.338554923072971E-16
   -0.9999    -4.917E-4    -0.01459
   0.002401    -0.9914    -0.1311
   -0.0144    -0.1312    0.9913
 Node:         21
  0.1301E+03  0.1280E+03  0.5197E+03  0.0000E+00
   4.934E-16
   0.0
   0.0
   7.196E-17
   2.549E-17
   4.934E-16
   5.66E-16
   4.222E-16
   -1.341E-18
   5.108528305500519E-16
   3.28953E-16
   2.408183337801893E-16
   -0.7039    -0.03195    -0.7096
   -0.7102    0.04241    0.7027
   -0.007642    -0.9986    0.05255
 Node:         22
  0.1360E+03  0.1256E+03  0.4913E+03  0.0000E+00
  -9.869E-16
   2.399E-17
  -4.934E-16
  -2.399E-17
   1.739E-16
   4.934E-16
   5.234E-16
   -5.215E-16
   -9.888E-16
   1.3410693755358072E-15
   -3.2896666666666662E-16
   6.321861663219854E-16
   -0.01298    0.1683    0.9857
   0.05935    0.9841    -0.1672
   -0.9982    0.05633    -0.02276
 Node:         23
  0.1343E+03  0.1253E+03  0.5054E+03  0.0000E+00
   0.0
   3.598E-17
  -1.974E-15
   0.0
   2.271E-16
  -7.401E-16
   6.796E-19
   -6.997E-16
   -2.015E-15
   1.7724996366646057E-15
   -9.046734666666666E-16
   8.355643418241562E-16
   0.9998    0.01889    0.00579
   -0.009011    0.1753    0.9845
   0.01758    -0.9843    0.1754
 Node:         24
  0.1336E+03  0.1248E+03  0.5194E+03  0.0000E+00
  -9.869E-16
   2.099E-17
   0.0
   2.399E-17
   1.499E-18
  -7.401E-16
   4.516E-19
   -7.379E-16
   -9.896E-16
   8.912682384908372E-16
   -5.756827999999999E-16
   4.2014787686204007E-16
   -0.02132    -0.9998    -0.002714
   0.09549    -0.004739    0.9954
   -0.9952    0.02096    0.09557
 Node:         25
  0.1400E+03  0.1206E+03  0.4917E+03  0.0000E+00
   0.0
   4.617E-16
  -4.934E-16
  -1.439E-16
  -2.249E-16
   9.869E-16
   1.067E-15
   2.05E-16
   -7.785E-16
   1.5994040296310373E-15
   1.6449999999999999E-16
   7.539662901394642E-16
   -0.2161    -0.2016    0.9553
   0.839    0.4621    0.2874
   -0.4994    0.8636    0.06929
 Node:         26
  0.1363E+03  0.1200E+03  0.5055E+03  0.0000E+00
   9.869E-16
   1.859E-16
  -2.714E-15
   4.797E-17
  -1.943E-15
  -2.467E-16
   1.006E-15
   8.09E-16
   -3.789E-15
   4.699597748744035E-15
   -6.579999999999999E-16
   2.215411624657293E-15
   0.968    0.1526    -0.1995
   0.2481    -0.4578    0.8538
   -0.03892    0.8759    0.4809
 Node:         27
  0.1343E+03  0.1203E+03  0.5192E+03  0.0000E+00
   9.869E-16
  -3.358E-16
   9.869E-16
  -1.799E-16
   2.27E-15
   0.0
   2.89E-15
   9.15E-16
   -1.831E-15
   4.1066398673367985E-15
   6.58E-16
   1.9358885987232494E-15
   -0.1931    0.7658    0.6135
   0.9808    0.1345    0.1409
   0.02534    0.6289    -0.7771
 Node:         28
  0.1155E+03  0.1124E+03  0.4931E+03 -0.9595E-05
  -1.919E-5
   6.596E-17
  -1.919E-5
  -9.595E-17
   9.595E-17
  -1.919E-5
   -1.919E-5
   -1.919E-5
   -1.919E-5
   0.0
   -1.919E-5
   0.0
   0.02391    0.9834    0.1796
   0.07203    0.1775    -0.9815
   -0.9971    0.0364    -0.06659
 Node:         29
  0.1119E+03  0.1139E+03  0.5068E+03 -0.9595E-05
  -1.919E-5
  -3.598E-17
  -1.919E-5
   9.595E-17
   1.199E-17
  -1.919E-5
   -1.919E-5
   -1.919E-5
   -1.919E-5
   0.0
   -1.919E-5
   0.0
   -0.03582    0.9993    0.005768
   -0.9821    -0.03413    -0.1855
   -0.1851    -0.01231    0.9826
 Node:         30
  0.1113E+03  0.1159E+03  0.5206E+03 -0.9595E-05
  -1.919E-5
   2.159E-16
  -1.919E-5
   2.661E-37
  -4.797E-17
  -1.919E-5
   -1.919E-5
   -1.919E-5
   -1.919E-5
   0.0
   -1.919E-5
   0.0
   0.7037    0.7089    -0.04783
   -0.7087    0.6955    -0.1185
   -0.05073    0.1173    0.9918
 Node:         31
  0.1203E+03  0.1126E+03  0.4920E+03 -0.9595E-05
  -1.919E-5
   1.679E-16
  -1.919E-5
   4.797E-17
   7.196E-17
  -1.919E-5
   -1.919E-5
   -1.919E-5
   -1.919E-5
   0.0
   -1.919E-5
   0.0
   -0.7438    -0.4294    -0.5123
   0.5143    0.1219    -0.8489
   0.4269    -0.8949    0.1302
 Node:         32
  0.1188E+03  0.1134E+03  0.5062E+03 -0.9595E-05
  -1.919E-5
  -2.399E-17
  -1.919E-5
  -4.797E-17
   1.679E-16
  -1.919E-5
   -1.919E-5
   -1.919E-5
   -1.919E-5
   0.0
   -1.919E-5
   0.0
   0.9989    -0.02087    -0.04161
   0.04655    0.4512    0.8912
   1.69E-4    -0.8922    0.4516
 Node:         33
  0.1183E+03  0.1150E+03  0.5201E+03 -0.9595E-05
  -1.919E-5
   9.595E-17
  -1.919E-5
   1.439E-16
  -3.548E-37
  -1.919E-5
   -1.919E-5
   -1.919E-5
   -1.919E-5
   0.0
   -1.919E-5
   0.0
   0.9536    0.167    0.2504
   2.339E-5    0.832    -0.5547
   -0.301    0.529    0.7934
 Node:         34
  0.1255E+03  0.1129E+03  0.4909E+03 -0.9595E-05
  -1.919E-5
  -4.14E-37
  -1.919E-5
   9.595E-17
   1.679E-16
  -1.919E-5
   -1.919E-5
   -1.919E-5
   -1.919E-5
   0.0
   -1.919E-5
   0.0
   0.3508    0.6139    0.7071
   0.8682    -0.4961    -1.883E-5
   -0.3508    -0.6139    0.7071
 Node:         35
  0.1260E+03  0.1135E+03  0.5054E+03 -0.9595E-05
  -1.919E-5
   1.919E-16
  -1.919E-5
   1.919E-16
   4.318E-16
  -1.919E-5
   -1.919E-5
   -1.919E-5
   -1.919E-5
   0.0
   -1.919E-5
   0.0
   0.746    0.4709    0.4709
   -0.666    0.5275    0.5275
   4.958E-6    -0.7071    0.7071
 Node:         36
  0.1257E+03  0.1153E+03  0.5196E+03 -0.9595E-05
  -1.919E-5
  -9.595E-17
  -1.919E-5
  -9.595E-17
   1.439E-16
  -1.919E-5
   -1.919E-5
   -1.919E-5
   -1.919E-5
   0.0
   -1.919E-5
   0.0
   -0.5155    0.6059    0.6059
   0.8569    0.3645    0.3646
   -5.751E-5    -0.7071    0.7071
 Node:         37
  0.1132E+03  0.1210E+03  0.4959E+03 -0.9595E-05
  -1.919E-5
   2.399E-16
  -1.919E-5
  -1.439E-16
   3.118E-16
  -1.919E-5
   -1.919E-5
   -1.919E-5
   -1.919E-5
   0.0
   -1.919E-5
   0.0
   -0.5071    -0.7958    -0.331
   0.756    -0.2262    -0.6143
   0.414    -0.5617    0.7163
 Node:         38
  0.1111E+03  0.1204E+03  0.5085E+03 -0.9595E-05
  -1.919E-5
   1.679E-16
  -1.919E-5
  -4.797E-17
  -1.439E-16
  -1.919E-5
   -1.919E-5
   -1.919E-5
   -1.919E-5
   0.0
   -1.919E-5
   0.0
   0.2119    0.9668    -0.1429
   0.9723    -0.2233    -0.06858
   0.09821    0.1244    0.9874
 Node:         39
  0.1119E+03  0.1201E+03  0.5207E+03 -0.9595E-05
  -1.919E-5
  -1.679E-16
  -1.919E-5
  -1.439E-16
  -1.319E-16
  -1.919E-5
   -1.919E-5
   -1.919E-5
   -1.919E-5
   0.0
   -1.919E-5
   0.0
   0.9213    -0.07991    -0.3805
   0.3608    -0.1891    0.9133
   -0.1449    -0.9787    -0.1454
 Node:         40
  0.1191E+03  0.1220E+03  0.4937E+03 -0.9595E-05
  -1.919E-5
   1.439E-16
  -1.919E-5
   1.439E-16
  -2.399E-17
  -1.919E-5
   -1.919E-5
   -1.919E-5
   -1.919E-5
   0.0
   -1.919E-5
   0.0
   -0.9817    -0.1345    -0.1345
   0.0    -0.7071    0.7071
   0.1902    -0.6942    -0.6942
 Node:         41
  0.1182E+03  0.1217E+03  0.5073E+03 -0.9595E-05
  -1.919E-5
  -4.797E-17
  -1.919E-5
   9.595E-17
   1.679E-16
  -1.919E-5
   -1.919E-5
   -1.919E-5
   -1.919E-5
   0.0
   -1.919E-5
   0.0
   -0.1538    -0.1966    -0.9683
   -0.962    0.2534    0.1013
   0.2255    0.9472    -0.2281
 Node:         42
  0.1187E+03  0.1212E+03  0.5204E+03 -0.9595E-05
  -1.919E-5
  -9.595E-17
  -1.919E-5
   2.365E-37
   9.595E-17
  -1.919E-5
   -1.919E-5
   -1.919E-5
   -1.919E-5
   0.0
   -1.919E-5
   0.0
   -0.01862    0.09762    0.995
   -0.9834    0.178    -0.03587
   -0.1806    -0.9792    0.09269
 Node:         43
  0.1258E+03  0.1217E+03  0.4915E+03 -0.9595E-05
  -1.919E-5
   1.919E-16
  -1.919E-5
  -2.399E-17
   1.183E-37
  -1.919E-5
   -1.919E-5
   -1.919E-5
   -1.919E-5
   0.0
   -1.919E-5
   0.0
   0.9458    0.3243    -0.01745
   -0.3241    0.9459    0.01153
   0.02025    -0.00525    0.9998
 Node:         44
  0.1259E+03  0.1220E+03  0.5059E+03 -0.9595E-05
  -1.919E-5
   2.399E-16
  -1.919E-5
   1.679E-16
   1.919E-16
  -1.919E-5
   -1.919E-5
   -1.919E-5
   -1.919E-5
   0.0
   -1.919E-5
   0.0
   -0.3605    -0.3834    -0.8503
   -0.6208    -0.5817    0.5255
   0.6961    -0.7174    0.02831
 Node:         45
  0.1261E+03  0.1221E+03  0.5198E+03 -0.9595E-05
  -1.919E-5
  -1.439E-16
  -1.919E-5
   4.797E-17
  -1.199E-17
  -1.919E-5
   -1.919E-5
   -1.919E-5
   -1.919E-5
   0.0
   -1.919E-5
   0.0
   0.06679    -0.01247    0.9977
   -0.9877    0.1408    0.06788
   -0.1413    -0.99    -0.002917
 Node:         46
  0.1117E+03  0.1296E+03  0.4959E+03  0.0000E+00
  -2.467E-16
   4.797E-17
  -7.401E-16
   1.199E-17
  -4.497E-17
   0.0
   3.057E-18
   -2.423E-16
   -7.476E-16
   6.629532710146319E-16
   -3.2894766666666664E-16
   3.125191690294995E-16
   0.03676    -0.058    0.9976
   0.9946    0.09864    -0.03092
   -0.09662    0.9934    0.06131
 Node:         47
  0.1107E+03  0.1269E+03  0.5087E+03  0.0000E+00
  -7.401E-16
  -5.397E-17
   4.934E-16
  -4.797E-17
   6.896E-17
   0.0
   5.058E-16
   -7.273E-18
   -7.452E-16
   1.0892155802819752E-15
   -8.222433333333333E-17
   5.1346114866095E-16
   -0.04821    0.9891    0.1394
   -0.05424    -0.142    0.9884
   -0.9974    -0.04009    -0.06049
 Node:         48
  0.1125E+03  0.1242E+03  0.5208E+03  0.0000E+00
   4.934E-16
   5.997E-18
   4.934E-16
   0.0
  -2.998E-18
   4.934E-16
   5.001E-16
   4.934E-16
   4.867E-16
   1.1604740410711462E-17
   4.934E-16
   5.470527092215756E-18
   -0.6325    -0.7071    0.3162
   0.4472    -2.276E-15    0.8944
   0.6325    -0.7071    -0.3162
 Node:         49
  0.1186E+03  0.1311E+03  0.4938E+03  0.0000E+00
  -7.401E-16
  -3.598E-17
   0.0
  -7.196E-17
  -1.049E-17
  -2.467E-16
   1.947E-18
   -2.366E-16
   -7.523E-16
   6.677348643803167E-16
   -3.2898433333333336E-16
   3.1477323375866775E-16
   0.04561    -0.9985    0.02894
   -0.143    0.02215    0.9895
   -0.9887    -0.04926    -0.1418
 Node:         50
  0.1180E+03  0.1298E+03  0.5075E+03  0.0000E+00
   0.0
  -2.249E-17
   1.48E-15
  -7.196E-17
   2.155E-17
   9.869E-16
   1.482E-15
   9.91E-16
   -5.513E-18
   1.3127859849072886E-15
   8.224956666666666E-16
   6.188532481164029E-16
   0.01739    -0.9988    -0.04603
   -0.07128    -0.04716    0.9963
   0.9973    0.01405    0.07201
 Node:         51
  0.1192E+03  0.1275E+03  0.5206E+03  0.0000E+00
   0.0
  -5.997E-18
  -2.467E-16
   0.0
   2.549E-17
   4.934E-16
   4.943E-16
   1.449E-19
   -2.477E-16
   6.54286006770747E-16
   8.22483E-17
   3.0843338148204166E-16
   -4.17E-4    0.03438    0.9994
   0.9997    -0.02416    0.001248
   0.02418    0.9991    -0.03436
 Node:         52
  0.1262E+03  0.1305E+03  0.4920E+03  0.0000E+00
   4.934E-16
  -2.399E-17
   4.934E-16
   2.249E-18
   8.48E-18
   0.0
   5.175E-16
   4.696E-16
   -1.6E-19
   4.95449666061044E-16
   3.2898E-16
   2.335572124055831E-16
   -0.7061    0.708    0.008534
   0.7081    0.706    0.01614
   -0.005403    -0.01744    0.9998
 Node:         53
  0.1258E+03  0.1304E+03  0.5063E+03  0.0000E+00
  -7.401E-16
  -2.998E-18
  -4.934E-16
   4.797E-17
   5.847E-17
  -9.869E-16
   -4.866E-16
   -7.314E-16
   -1.002E-15
   4.465358664206045E-16
   -7.399999999999999E-16
   2.104990261260132E-16
   0.0104    0.9931    0.1171
   -0.9836    0.03123    -0.1776
   -0.18    -0.1133    0.9771
 Node:         54
  0.1265E+03  0.1288E+03  0.5200E+03  0.0000E+00
  -9.869E-16
   3.598E-17
   4.934E-16
   0.0
  -7.496E-18
   4.934E-16
   5.014E-16
   4.864E-16
   -9.877E-16
   1.4816569474746847E-15
   3.3333333333314155E-20
   6.984597833010066E-16
   0.01758    0.7272    -0.6862
   0.01675    0.686    0.7274
   -0.9997    0.02428    1.229E-4
 Node:         55
  0.1383E+03  0.1168E+03  0.4544E+03  0.3312E-03
   0.1358
  -0.04483
   0.03738
   0.01296
   0.1022
   0.01947
   0.1758
   0.0972
   -0.08303
   0.22984101222366735
   0.06332333333333334
   0.10834809222542356
   -0.3813    0.7401    0.554
   0.9089    0.1906    0.3711
   -0.169    -0.645    0.7453
 Node:         56
  0.1315E+03  0.1156E+03  0.4695E+03  0.3312E-03
   0.1352
   0.002204
   0.01661
   0.06322
   0.007705
   0.001228
   0.1452
   0.02111
   -0.0245
   0.15211293534739245
   0.04727
   0.07170672539355473
   -0.9214    -0.05253    -0.385
   0.1066    -0.987    -0.1204
   -0.3737    -0.1519    0.915
 Node:         57
  0.1285E+03  0.1140E+03  0.4824E+03  0.3312E-03
   0.1644
   0.0234
   1.709E-4
   0.01956
  -0.01321
  -3.47E-4
   0.1678
   0.01368
   -0.01838
   0.17240042111317477
   0.05436666666666667
   0.08127033789902822
   -0.9866    -0.1268    -0.1026
   0.01721    -0.7062    0.7079
   -0.1622    0.6966    0.6989
 Node:         58
  0.1492E+03  0.1181E+03  0.4535E+03  0.3312E-03
   0.1247
  -0.1558
   0.08465
  -0.006066
   0.08087
   0.006508
   0.3255
   0.02741
   -0.08241
   0.36558764243338426
   0.09016666666666667
   0.17233966738843254
   -0.6558    0.7103    0.256
   0.5958    0.2786    0.7532
   -0.4637    -0.6465    0.6059
 Node:         59
  0.1424E+03  0.1169E+03  0.4697E+03  0.3312E-03
   0.1342
  -0.1305
   0.04823
   0.01862
   0.03857
  -0.003411
   0.2498
   0.02246
   -0.06764
   0.2833457598059304
   0.06820666666666667
   0.1335704721194854
   -0.7809    0.62    0.07581
   -0.3919    -0.3918    -0.8324
   -0.4864    -0.6798    0.549
 Node:         60
  0.1375E+03  0.1150E+03  0.4833E+03  0.3312E-03
   0.1671
  -0.01988
   0.005876
   0.01405
  -0.001807
  -7.314E-4
   0.1663
   0.00361
   -0.001884
   0.1655054047335011
   0.05600866666666667
   0.07801999600672183
   -0.9886    0.1257    -0.08293
   0.1275    0.9917    -0.01649
   -0.08017    0.02687    0.9964
 Node:         61
  0.1564E+03  0.1231E+03  0.4518E+03  0.3312E-03
   0.1352
  -0.1398
   0.08667
  -0.1316
   0.163
  -0.02527
   0.5159
   -0.01846
   -0.1286
   0.597097847592838
   0.12294666666666669
   0.2814746247098583
   -0.6432    0.663    0.383
   0.7653    0.5401    0.3502
   -0.02536    -0.5183    0.8548
 Node:         62
  0.1500E+03  0.1209E+03  0.4692E+03  0.3312E-03
   0.1673
  -0.2337
   0.06847
  -0.0747
   0.08542
  -0.02423
   0.5208
   -0.03707
   -0.1254
   0.6068754261790472
   0.11944333333333335
   0.2860838194577869
   -0.7751    0.5972    0.2065
   0.3096    0.07406    0.948
   0.5508    0.7987    -0.2423
 Node:         63
  0.1437E+03  0.1181E+03  0.4838E+03  0.3312E-03
   0.1797
  -0.06179
   0.009716
  -0.002641
   7.965E-4
  -0.003816
   0.2091
   -0.003569
   -0.01033
   0.21612882683945703
   0.065067
   0.1018841060453821
   -0.9523    0.3048    0.0127
   0.009916    -0.01069    0.9999
   0.3049    0.9523    0.007154
 Node:         64
  0.1416E+03  0.1252E+03  0.4516E+03  0.3312E-03
   0.138
   0.03228
   0.04034
  -0.05582
   0.04818
  -0.00379
   0.137
   0.09004
   -0.05313
   0.17154053077917186
   0.05797
   0.08086498170819473
   -0.9519    -0.1748    0.2516
   -0.02278    0.8593    0.511
   -0.3055    0.4807    -0.822
 Node:         65
  0.1344E+03  0.1229E+03  0.4681E+03  0.3312E-03
   0.1496
  -0.0139
   0.03071
  -0.01976
   0.02373
  -0.002475
   0.1343
   0.04525
   -0.01546
   0.13046774352306398
   0.054696666666666664
   0.0615030841141772
   -0.9646    0.2039    0.1669
   0.254    0.8883    0.3826
   0.07028    -0.4115    0.9087
 Node:         66
  0.1299E+03  0.1214E+03  0.4825E+03  0.3312E-03
   0.1721
  -0.009861
   0.004857
   0.00528
  -0.003849
  -1.0E-4
   0.1701
   0.006308
   -0.002174
   0.1681934818356526
   0.058078
   0.07928716770491091
   -0.9976    0.06116    -0.03203
   0.06903    0.8783    -0.4732
   8.058E-4    0.4742    0.8804
 Node:         67
  0.1505E+03  0.1247E+03  0.4511E+03  0.3312E-03
   0.1388
  -0.07034
   0.03944
  -0.04437
   0.03984
   0.005411
   0.1913
   0.01082
   -0.02215
   0.19902380988213444
   0.059989999999999995
   0.09382072372349298
   -0.7853    0.5346    0.3123
   0.6176    0.6404    0.4565
   -0.04401    -0.5514    0.8331
 Node:         68
  0.1437E+03  0.1226E+03  0.4683E+03  0.3312E-03
   0.1573
  -0.1726
   0.03676
  -0.03908
   0.04873
   0.001596
   0.3282
   -0.006689
   -0.08195
   0.3781784518861433
   0.07985366666666667
   0.1782750318848816
   -0.8057    0.5595    0.1946
   0.2965    0.09648    0.9502
   0.5128    0.8232    -0.2436
 Node:         69
  0.1380E+03  0.1205E+03  0.4830E+03  0.3312E-03
   0.1757
  -0.04746
   0.008001
  -0.006134
   0.009928
   5.255E-4
   0.1901
   0.006051
   -0.01029
   0.19273974004081254
   0.061953666666666664
   0.09085838479132725
   -0.9651    0.2576    0.0462
   0.1912    0.5735    0.7966
   -0.1787    -0.7776    0.6028
 Node:         70
  0.1563E+03  0.1251E+03  0.4511E+03  0.3312E-03
   0.1375
  -0.1198
   0.00449
  -0.1611
   0.06954
   0.03128
   0.3735
   -0.05275
   -0.07719
   0.4389805532139209
   0.08118666666666667
   0.20693741732439033
   -0.7722    0.3909    0.5009
   -0.2454    -0.9107    0.3324
   0.5861    0.1338    0.7991
 Node:         71
  0.1500E+03  0.1228E+03  0.4687E+03  0.3312E-03
   0.1676
  -0.2969
   0.01785
  -0.1842
   0.112
   0.01189
   0.6473
   -0.07457
   -0.1684
   0.7730675442029629
   0.13477666666666666
   0.3644275352140974
   -0.8002    0.4883    0.3483
   0.2393    -0.2726    0.9319
   0.55    0.829    0.1012
 Node:         72
  0.1435E+03  0.1200E+03  0.4837E+03  0.3312E-03
   0.1803
  -0.07656
   0.006987
  -0.03092
   0.02329
   0.001582
   0.2283
   2.418E-4
   -0.02573
   0.2420912202894603
   0.06760393333333332
   0.11412289568826912
   -0.9238    0.3456    0.165
   0.2935    0.3621    0.8848
   -0.246    -0.8657    0.4359
 Node:         73
  0.1450E+03  0.1339E+03  0.4502E+03  0.0000E+00
   0.1882
  -0.0427
  -0.01932
   0.01669
  -0.01733
   0.01872
   0.2169
   0.02251
   -0.02583
   0.22253323414717183
   0.07119333333333334
   0.10490317260322597
   -0.9779    0.176    -0.1128
   0.1572    0.2632    -0.9519
   0.1378    0.9486    0.285
 Node:         74
  0.1372E+03  0.1304E+03  0.4674E+03  0.0000E+00
   0.2125
  -0.02719
  -0.009104
   0.01762
  -0.02368
   0.01335
   0.2411
   0.02289
   -0.02091
   0.24308772511173823
   0.08102666666666666
   0.11459265256648099
   -0.989    0.114    -0.09425
   0.1394    0.5046    -0.852
   0.04959    0.8558    0.515
 Node:         75
  0.1314E+03  0.1289E+03  0.4826E+03  0.0000E+00
   0.1863
  -0.009692
  -0.0012
  -0.006339
  -0.004523
   8.48E-4
   0.1956
   0.004302
   -0.005235
   0.19624038371089678
   0.064889
   0.09250860404308348
   -0.9984    0.04793    0.0314
   -0.005176    -0.6211    0.7837
   0.05707    0.7822    0.6204
 Node:         76
  0.1518E+03  0.1315E+03  0.4497E+03  0.0000E+00
   0.189
  -0.06765
  -0.02516
  -0.01435
   0.07589
   0.04505
   0.235
   0.0861
   -0.06385
   0.25881222440217155
   0.08574999999999999
   0.12200525261916663
   -0.9182    0.3089    0.2479
   0.3683    0.4356    0.8214
   -0.1458    -0.8455    0.5137
 Node:         77
  0.1450E+03  0.1285E+03  0.4675E+03  0.0000E+00
   0.2353
  -0.003095
  -0.01335
  -0.00533
   0.05943
   0.02233
   0.2691
   0.06336
   -0.04492
   0.27628071449161995
   0.09584666666666665
   0.13023997781872595
   -0.9994    0.01806    0.02798
   0.03316    0.6173    0.786
   0.00308    -0.7865    0.6176
 Node:         78
  0.1385E+03  0.1261E+03  0.4828E+03  0.0000E+00
   0.1951
   0.01107
  -0.001013
  -0.003616
   0.001294
   0.001294
   0.2091
   0.001763
   -0.002109
   0.20929986339460424
   0.06958466666666667
   0.09866490180516181
   -0.9985    -0.05211    0.0171
   -0.004811    0.3938    0.9192
   -0.05463    0.9177    -0.3935
 Node:         79
  0.1563E+03  0.1271E+03  0.4505E+03  0.0000E+00
   0.1892
   0.1664
   0.01984
   0.09197
  -0.07747
   7.43
   10.73
   0.2031
   -0.04634
   10.653810297710393
   3.6289199999999995
   5.022254337990726
   0.06236    -0.06053    0.9962
   0.8737    0.4859    -0.02517
   -0.4825    0.8719    0.08318
 Node:         80
  0.1501E+03  0.1247E+03  0.4684E+03  0.0000E+00
   0.2445
   0.1317
   0.007166
   0.02976
  -0.05602
   0.3234
   0.3853
   0.258
   -0.03774
   0.37591905990518754
   0.20185333333333333
   0.17720994429082004
   -0.111    0.1404    -0.9839
   0.9305    0.3625    -0.05329
   0.3491    -0.9214    -0.1708
 Node:         81
  0.1434E+03  0.1218E+03  0.4836E+03  0.0000E+00
   0.1975
   0.02354
   2.795E-4
   0.00902
  -0.004117
   0.008091
   0.2092
   0.009417
   -0.004182
   0.20691792794970665
   0.07147833333333334
   0.0975420466682047
   -0.9933    -0.1072    -0.04229
   0.002309    -0.3854    0.9227
   -0.1152    0.9165    0.3831
 Node:         82
  0.1267E+03  0.1149E+03  0.4579E+03 -0.4951E-01
   0.04727
  -0.04456
  -0.08204
   0.01998
   0.08037
  -0.09521
   0.05815
   -0.01441
   -0.171
   0.2028485940301288
   -0.042420000000000006
   0.0956237442619074
   0.9505    -0.303    -0.06871
   0.2665    0.6814    0.6817
   0.1598    0.6663    -0.7284
 Node:         83
  0.1234E+03  0.1130E+03  0.4729E+03 -0.4951E-01
   0.04147
  -0.002864
  -0.09251
   0.1106
   0.03
  -0.1152
   0.1056
   -0.09401
   -0.167
   0.24442018349555342
   -0.05180333333333333
   0.1152207794723774
   0.9114    0.07171    0.4052
   -0.2066    0.9313    0.3
   -0.3558    -0.3572    0.8636
 Node:         84
  0.1187E+03  0.1123E+03  0.4850E+03 -0.4951E-01
   0.0692
   0.002403
  -0.09861
   0.03928
  -0.001438
  -0.114
   0.08042
   -0.103
   -0.1173
   0.19097196757639587
   -0.04662666666666667
   0.09002504885987134
   0.9838    0.01012    0.179
   0.0107    0.9933    -0.115
   -0.1789    0.115    0.9771
 Node:         85
  0.1302E+03  0.1162E+03  0.4566E+03 -0.4951E-01
   0.049
  -0.04036
  -0.07648
   0.03816
   0.1136
  -0.09588
   0.05681
   0.03167
   -0.1963
   0.2415233038445773
   -0.03594
   0.11385517730871969
   0.9721    -0.2345    0.008653
   0.1699    0.7287    0.6634
   0.1619    0.6435    -0.7482
 Node:         86
  0.1252E+03  0.1139E+03  0.4712E+03 -0.4951E-01
   0.04962
   0.07257
  -0.05083
   0.2208
   0.09143
  -0.1133
   0.2874
   -0.09529
   -0.2112
   0.4519340240566094
   -0.006363333333333332
   0.21304374203956852
   0.8029    0.3694    0.4678
   -0.4264    0.9044    0.01765
   -0.4166    -0.2136    0.8836
 Node:         87
  0.1217E+03  0.1126E+03  0.4834E+03 -0.4951E-01
   0.06556
   0.00136
  -0.09771
   0.04988
  -0.007915
  -0.1125
   0.08141
   -0.1002
   -0.1228
   0.1939003303246284
   -0.047196666666666665
   0.09140549229790419
   0.9744    -0.006108    0.2247
   0.0799    0.9438    -0.3209
   -0.2101    0.3306    0.9201
 Node:         88
  0.1338E+03  0.1169E+03  0.4548E+03 -0.4951E-01
   0.02607
  -0.04798
  -0.0824
   0.0232
   0.1512
  -0.06966
   0.09823
   0.026
   -0.2252
   0.2940455558242634
   -0.033656666666666675
   0.13861440433406944
   -0.2522    0.7322    0.6327
   -0.9588    -0.1007    -0.2657
   -0.1308    -0.6736    0.7274
 Node:         89
  0.1270E+03  0.1150E+03  0.4696E+03 -0.4951E-01
   0.01807
   0.01702
  -0.09019
   0.08811
   0.03401
  -0.1026
   0.07167
   -0.09701
   -0.1552
   0.2040943597946793
   -0.060180000000000004
   0.0962110038751632
   0.891    0.1907    0.412
   -0.3377    0.8849    0.3208
   -0.3034    -0.425    0.8528
 Node:         90
  0.1248E+03  0.1132E+03  0.4823E+03 -0.4951E-01
   0.06024
   0.02831
  -0.1019
   0.02553
  -0.01396
  -0.1023
   0.06844
   -0.09186
   -0.1234
   0.17817610277475485
   -0.048940000000000004
   0.08399302034494692
   0.9841    0.1324    0.1182
   -0.00996    0.7061    -0.7081
   -0.1772    0.6957    0.6962
 Node:         91
  0.1262E+03  0.1266E+03  0.4549E+03 -0.4951E-01
   0.03519
   0.05724
  -0.05065
  -0.01599
   0.1104
  -0.0991
   0.08037
   0.007556
   -0.1877
   0.2400919709527997
   -0.033258
   0.11318044051277883
   -0.6798    -0.6334    -0.3698
   0.7145    -0.458    -0.529
   0.1657    -0.6238    0.7638
 Node:         92
  0.1211E+03  0.1236E+03  0.4727E+03 -0.4951E-01
   0.03994
  -6.388E-4
  -0.07592
   0.008009
   0.07321
  -0.08802
   0.03535
   -0.01026
   -0.1556
   0.17272216157748835
   -0.04350333333333333
   0.08142200780842704
   0.9939    0.06443    0.0898
   -0.1077    0.747    0.6561
   -0.02481    -0.6617    0.7493
 Node:         93
  0.1160E+03  0.1217E+03  0.4877E+03 -0.4951E-01
   0.06972
  -0.006806
  -0.09746
   0.0119
   0.01571
  -0.09996
   0.07026
   -0.08501
   -0.1142
   0.1717357280824232
   -0.04298333333333334
   0.08095699859939363
   0.9978    -0.02914    0.05918
   0.01882    -0.734    -0.6788
   0.06322    0.6785    -0.7319
 Node:         94
  0.1317E+03  0.1268E+03  0.4538E+03 -0.4951E-01
   0.02899
   0.05382
  -0.04522
  -0.05702
   0.1059
  -0.08693
   0.05541
   0.04277
   -0.1858
   0.23514493254161356
   -0.029206666666666662
   0.1108483842412188
   0.6032    0.7088    0.3658
   -0.7581    0.3669    0.5391
   -0.2479    0.6025    -0.7586
 Node:         95
  0.1252E+03  0.1238E+03  0.4707E+03 -0.4951E-01
   0.02909
  -0.006885
  -0.07058
  -0.01008
   0.05424
  -0.07794
   0.02673
   -0.02539
   -0.1339
   0.1419382108524692
   -0.04418666666666666
   0.06691031426884465
   0.975    -0.1565    -0.1576
   0.2218    0.7251    0.652
   0.01224    -0.6707    0.7417
 Node:         96
  0.1205E+03  0.1222E+03  0.4852E+03 -0.4951E-01
   0.06741
  -0.007069
  -0.097
   0.01404
   0.01266
  -0.09984
   0.06797
   -0.08801
   -0.112
   0.16925495768219023
   -0.04401333333333333
   0.07978755221767923
   0.997    -0.03107    0.0715
   0.02472    -0.7438    -0.6679
   0.07394    0.6677    -0.7408
 Node:         97
  0.1372E+03  0.1261E+03  0.4523E+03 -0.4951E-01
   0.002686
   0.03699
  -0.04359
  -0.04897
   0.1078
  -0.08627
   0.05732
   0.01732
   -0.1903
   0.23024088342429544
   -0.038553333333333335
   0.10853659331713378
   -0.04564    0.782    0.6216
   0.9771    0.1643    -0.135
   0.2077    -0.6012    0.7716
 Node:         98
  0.1299E+03  0.1234E+03  0.4685E+03 -0.4951E-01
   0.02836
   6.708E-4
  -0.06131
   0.005504
   0.05872
  -0.08753
   0.02375
   -0.01695
   -0.1386
   0.1463091504315434
   -0.04393333333333333
   0.0689707949465247
   0.9954    0.06272    0.07253
   -0.09431    0.7769    0.6225
   -0.01731    -0.6265    0.7793
 Node:         99
  0.1260E+03  0.1218E+03  0.4827E+03 -0.4951E-01
   0.0691
  -0.002161
  -0.094
   0.009725
   0.001381
  -0.1001
   0.06851
   -0.09578
   -0.1004
   0.16664803719216137
   -0.042556666666666666
   0.07855863811333685
   0.9986    -0.01129    0.05107
   0.004958    -0.9516    -0.3073
   0.05206    0.3071    -0.9502
 Node:        100
  0.1257E+03  0.1382E+03  0.4523E+03  0.0000E+00
   0.1851
   0.01224
   0.006763
  -0.01313
  -0.003283
  -0.006392
   0.1952
   0.006431
   -0.007022
   0.19584235478312656
   0.06486966666666667
   0.09232097140712697
   -0.9956    -0.06871    0.06409
   -0.07873    0.9823    -0.1699
   0.05128    0.1742    0.9834
 Node:        101
  0.1191E+03  0.1341E+03  0.4712E+03  0.0000E+00
   0.1924
   0.01836
   0.0089
  -0.01805
  -0.007719
  -0.007884
   0.2092
   0.00895
   -0.01013
   0.2104397274755886
   0.06934
   0.09920223888602514
   -0.9915    -0.09972    0.08323
   -0.1203    0.9467    -0.2989
   0.04899    0.3064    0.9507
 Node:        102
  0.1139E+03  0.1312E+03  0.4875E+03  0.0000E+00
   0.1799
   0.005765
  -4.65E-4
  -0.001002
  -0.009003
  -0.001166
   0.1859
   0.007951
   -0.00955
   0.1873136862351494
   0.061433666666666664
   0.08830051849728228
   -0.9995    -0.03155    0.007146
   -0.0277    0.7204    -0.693
   -0.01672    0.6929    0.7209
 Node:        103
  0.1332E+03  0.1371E+03  0.4515E+03  0.0000E+00
   0.1874
  -0.006772
   0.007973
  -0.01969
  -0.00915
  -0.009633
   0.2015
   0.01206
   -0.01401
   0.20372986845330265
   0.06651666666666667
   0.09603918100904907
   -0.9957    0.03088    0.08788
   0.005226    -0.9235    0.3837
   0.093    0.3824    0.9193
 Node:        104
  0.1256E+03  0.1334E+03  0.4696E+03  0.0000E+00
   0.1966
   0.01167
   0.003537
  -0.02659
  -0.0169
  -0.006916
   0.2203
   0.01221
   -0.01836
   0.22493840112350758
   0.07138333333333334
   0.10603697918912795
   -0.9905    -0.06837    0.1193
   -0.1223    0.8348    -0.5368
   0.06291    0.5463    0.8352
 Node:        105
  0.1201E+03  0.1317E+03  0.4853E+03  0.0000E+00
   0.1805
   0.001738
  -0.00154
  -0.006082
  -0.009976
  -0.001046
   0.1877
   0.008386
   -0.01091
   0.18969947062656767
   0.06172533333333333
   0.08942518804502952
   -0.9994    -0.01165    0.0331
   -0.03167    0.7056    -0.7079
   0.01511    0.7085    0.7056
 Node:        106
  0.1407E+03  0.1353E+03  0.4506E+03  0.0000E+00
   0.1887
  -0.007552
  -0.002917
  -7.52E-4
  -0.04324
  -0.002563
   0.2038
   0.0403
   -0.04186
   0.21660026685117453
   0.06741333333333334
   0.1021063449981875
   -0.9992    0.03848    -0.00564
   -0.03166    -0.7207    0.6926
   0.02259    0.6922    0.7213
 Node:        107
  0.1328E+03  0.1317E+03  0.4678E+03  0.0000E+00
   0.2057
  -0.004272
   5.38E-4
  -0.009174
  -0.05167
  -2.534E-4
   0.226
   0.04993
   -0.0448
   0.23802001785564172
   0.07704333333333334
   0.11220371245591158
   -0.9993    0.007007    0.03803
   0.02087    -0.7302    0.6829
   0.03255    0.6832    0.7295
 Node:        108
  0.1273E+03  0.1304E+03  0.4831E+03  0.0000E+00
   0.183
  -0.004657
  -0.00103
  -0.01001
  -0.008295
  -1.199E-4
   0.1909
   0.007466
   -0.009032
   0.19221475097400822
   0.06311133333333332
   0.09061090257186984
   -0.9985    0.02112    0.05146
   0.02192    -0.7009    0.7129
   0.05112    0.713    0.6993
 Node:        109
  0.1018E+03  0.1092E+03  0.4946E+03 -0.2127E-05
  -4.253E-6
   2.399E-16
  -4.253E-6
   9.595E-17
  -2.399E-17
  -4.253E-6
   -4.253E-6
   -4.253E-6
   -4.253E-6
   0.0
   -4.253E-6
   0.0
   -0.3792    -0.925    -0.02402
   0.4801    -0.2189    0.8495
   0.791    -0.3106    -0.5271
 Node:        110
  0.1058E+03  0.1118E+03  0.5081E+03 -0.2127E-05
  -4.253E-6
   4.797E-17
  -4.253E-6
  -2.399E-17
  -8.995E-17
  -4.253E-6
   -4.253E-6
   -4.253E-6
   -4.253E-6
   0.0
   -4.253E-6
   0.0
   -0.02838    -0.09128    0.9954
   0.7346    0.6734    0.08269
   -0.6779    0.7336    0.04794
 Node:        111
  0.1108E+03  0.1137E+03  0.5210E+03 -0.2127E-05
  -4.253E-6
   9.595E-17
  -4.253E-6
  -4.797E-17
   5.637E-16
  -4.253E-6
   -4.253E-6
   -4.253E-6
   -4.253E-6
   0.0
   -4.253E-6
   0.0
   0.9393    0.3168    0.1319
   0.3364    -0.7738    -0.5367
   -0.06801    0.5485    -0.8334
 Node:        112
  0.1072E+03  0.1111E+03  0.4942E+03 -0.2127E-05
  -4.253E-6
   2.399E-16
  -4.253E-6
  -3.277E-38
   2.399E-17
  -4.253E-6
   -4.253E-6
   -4.253E-6
   -4.253E-6
   0.0
   -4.253E-6
   0.0
   0.3759    0.9265    0.01669
   0.9266    -0.3757    -0.01402
   0.006716    -0.02074    0.9998
 Node:        113
  0.1071E+03  0.1139E+03  0.5077E+03 -0.2127E-05
  -4.253E-6
   4.325E-37
  -4.253E-6
   2.878E-16
  -2.639E-16
  -4.253E-6
   -4.253E-6
   -4.253E-6
   -4.253E-6
   0.0
   -4.253E-6
   0.0
   -0.1654    0.6537    -0.7384
   -0.2298    -0.7537    -0.6157
   -0.9591    0.06783    0.2749
 Node:        114
  0.1093E+03  0.1164E+03  0.5209E+03 -0.2127E-05
  -4.253E-6
   1.919E-16
  -4.253E-6
  -4.797E-17
   9.595E-17
  -4.253E-6
   -4.253E-6
   -4.253E-6
   -4.253E-6
   0.0
   -4.253E-6
   0.0
   -0.6573    -0.7285    -0.1932
   -0.4203    0.1416    0.8963
   0.6255    -0.6703    0.3993
 Node:        115
  0.1129E+03  0.1120E+03  0.4932E+03 -0.2127E-05
  -4.253E-6
  -3.932E-38
  -4.253E-6
  -1.439E-16
  -4.797E-17
  -4.253E-6
   -4.253E-6
   -4.253E-6
   -4.253E-6
   0.0
   -4.253E-6
   0.0
   0.6708    0.2236    -0.7071
   0.3162    -0.9487    -4.771E-7
   -0.6708    -0.2236    -0.7071
 Node:        116
  0.1092E+03  0.1143E+03  0.5068E+03 -0.2127E-05
  -4.253E-6
   8.995E-17
  -4.253E-6
   2.878E-16
   3.598E-17
  -4.253E-6
   -4.253E-6
   -4.253E-6
   -4.253E-6
   0.0
   -4.253E-6
   0.0
   -0.223    -0.9699    -0.09798
   0.8805    -0.2435    0.4068
   -0.4184    0.004423    0.9083
 Node:        117
  0.1089E+03  0.1172E+03  0.5207E+03 -0.2127E-05
  -4.253E-6
  -1.199E-16
  -4.253E-6
  -2.399E-16
  -2.878E-16
  -4.253E-6
   -4.253E-6
   -4.253E-6
   -4.253E-6
   0.0
   -4.253E-6
   0.0
   -0.232    -0.2201    0.9475
   -0.8739    0.475    -0.1036
   -0.4272    -0.852    -0.3026
 Node:        118
  0.1017E+03  0.1094E+03  0.4948E+03 -0.2127E-05
  -4.253E-6
   1.439E-16
  -4.253E-6
  -2.399E-16
  -3.118E-16
  -4.253E-6
   -4.253E-6
   -4.253E-6
   -4.253E-6
   0.0
   -4.253E-6
   0.0
   -0.276    -0.4258    0.8617
   0.1261    0.8727    0.4716
   0.9529    -0.2388    0.1872
 Node:        119
