 Group name: gastroc_Strain
 #Fields=  16
 1) coordinates, coordinate, rectangular cartesian, #Components=3
   x.  Value index= 1, #Derivatives=0
   y.  Value index= 2, #Derivatives=0
   z.  Value index= 3, #Derivatives=0
 2) Tensor_1, field, rectangular cartesian, #Components=1
   Tensor_1.  Value index= 4, #Derivatives=0
 3) Tensor_2, field, rectangular cartesian, #Components=1
   Tensor_2.  Value index= 5, #Derivatives=0
 4) Tensor_3, field, rectangular cartesian, #Components=1
   Tensor_3.  Value index= 6, #Derivatives=0
 5) Tensor_4, field, rectangular cartesian, #Components=1
   Tensor_4.  Value index= 7, #Derivatives=0
 6) Tensor_5, field, rectangular cartesian, #Components=1
   Tensor_5.  Value index= 8, #Derivatives=0
 7) Tensor_6, field, rectangular cartesian, #Components=1
   Tensor_6.  Value index= 9, #Derivatives=0
 8) Principal_1, field, rectangular cartesian, #Components=1
   Principal_1.  Value index= 10, #Derivatives=0
 9) Principal_2, field, rectangular cartesian, #Components=1
   Principal_2.  Value index= 11, #Derivatives=0
 10) Principal_3, field, rectangular cartesian, #Components=1
   Principal_3.  Value index= 12, #Derivatives=0
 11) VonMises, field, rectangular cartesian, #Components=1
   VonMises.  Value index= 13, #Derivatives=0
 12) Hydrostatic, field, rectangular cartesian, #Components=1
   VonMises.  Value index= 14, #Derivatives=0
 13) Octahedral, field, rectangular cartesian, #Components=1
   VonMises.  Value index= 15, #Derivatives=0
 14) PrincipalVector1, field, rectangular cartesian, #Components=3
   x.  Value index= 16, #Derivatives=0
   y.  Value index= 17, #Derivatives=0
   z.  Value index= 18, #Derivatives=0
 15) PrincipalVector2, field, rectangular cartesian, #Components=3
   x.  Value index= 19, #Derivatives=0
   y.  Value index= 20, #Derivatives=0
   z.  Value index= 21, #Derivatives=0
 16) PrincipalVector3, field, rectangular cartesian, #Components=3
   x.  Value index= 22, #Derivatives=0
   y.  Value index= 23, #Derivatives=0
   z.  Value index= 24, #Derivatives=0
 Node:          1
  0.1287E+03  0.1133E+03  0.4908E+03 -0.3597E-04
  -1.11E-16
  -8.327E-17
  -2.22E-16
  -2.776E-17
  -4.163E-17
  -3.331E-16
   -6.637E-17
   -2.4E-16
   -3.598E-16
   2.5553921597281306E-16
   -2.2205666666666663E-16
   1.204623416489799E-16
   0.8837    -0.4676    -0.01897
   0.4046    0.7837    -0.4712
   0.2352    0.4088    0.8818
 Node:          2
  0.1292E+03  0.1137E+03  0.5052E+03 -0.3597E-04
  -5.551E-17
  -1.11E-16
  -1.665E-16
  -5.551E-17
   1.943E-16
  -2.776E-16
   8.603E-17
   -1.6E-16
   -4.256E-16
   4.4319260925696854E-16
   -1.6652333333333334E-16
   2.089229995849082E-16
   -0.6554    0.6199    0.4313
   0.7522    0.4849    0.4462
   -0.06744    -0.6169    0.7841
 Node:          3
  0.1289E+03  0.1155E+03  0.5194E+03 -0.3597E-04
   2.22E-16
   1.388E-16
   3.331E-16
   1.11E-16
   5.551E-17
   2.22E-16
   4.753E-16
   2.118E-16
   9.006E-17
   3.4107384479024473E-16
   2.590533333333333E-16
   1.6078375235770005E-16
   -0.5696    -0.7144    -0.4063
   0.2395    -0.6172    0.7494
   -0.7862    0.3296    0.5227
 Node:          4
  0.1361E+03  0.1141E+03  0.4915E+03 -0.3597E-04
   0.0
  -2.776E-17
  -1.11E-16
  -2.776E-17
  -8.327E-17
   2.22E-16
   2.435E-16
   6.328E-18
   -1.388E-16
   3.3426485304919515E-16
   3.700933333333334E-17
   1.5757396286894045E-16
   -0.08549    -0.2215    0.9714
   0.9681    -0.2491    0.0284
   0.2357    0.9428    0.2357
 Node:          5
  0.1341E+03  0.1144E+03  0.5054E+03 -0.3597E-04
   3.331E-16
   1.388E-16
   3.331E-16
   5.551E-17
  -6.939E-17
   4.441E-16
   4.814E-16
   4.627E-16
   1.662E-16
   3.062784517395894E-16
   3.7010000000000004E-16
   1.4438104677092028E-16
   -0.348    -0.6443    0.681
   -0.6589    -0.3487    -0.6665
   0.6669    -0.6807    -0.3032
 Node:          6
  0.1323E+03  0.1162E+03  0.5191E+03 -0.3597E-04
   2.22E-16
   5.551E-17
   2.22E-16
  -5.551E-17
  -2.776E-17
   0.0
   2.897E-16
   1.685E-16
   -1.402E-17
   2.648101478418076E-16
   1.4806E-16
   1.2483270084396958E-16
   -0.715    -0.6696    0.2012
   0.6656    -0.7399    -0.09741
   -0.2141    -0.06426    -0.9747
 Node:          7
  0.1408E+03  0.1171E+03  0.4920E+03 -0.3597E-04
   3.331E-16
   2.22E-16
   2.22E-16
  -8.327E-17
  -1.11E-16
   0.0
   5.398E-16
   6.158E-17
   -4.631E-17
   5.403052621435404E-16
   1.8502333333333335E-16
   2.5470234318164845E-16
   -0.7537    -0.6111    0.2419
   -0.656    0.677    -0.3335
   -0.04004    0.4101    0.9112
 Node:          8
  0.1367E+03  0.1169E+03  0.5055E+03 -0.3597E-04
   2.22E-16
   1.943E-16
   2.22E-16
  -4.025E-16
  -2.359E-16
  -2.22E-16
   6.547E-16
   4.477E-17
   -4.775E-16
   9.814930967154074E-16
   7.399000000000001E-17
   4.626802829168323E-16
   -0.6847    -0.5611    0.4652
   0.5685    -0.8105    -0.1409
   -0.4561    -0.1681    -0.8739
 Node:          9
  0.1339E+03  0.1180E+03  0.5191E+03 -0.3597E-04
   2.22E-16
   1.665E-16
   0.0
  -3.955E-16
  -2.776E-16
   6.661E-16
   1.002E-15
   -9.379E-18
   -1.046E-16
   1.062195387036208E-15
   2.96007E-16
   5.007237074122481E-16
   -0.4817    -0.3073    0.8207
   -0.8565    -0.03292    -0.515
   -0.1853    0.951    0.2474
 Node:         10
  0.1294E+03  0.1212E+03  0.4911E+03 -0.3597E-04
   0.0
   2.776E-17
   1.11E-16
  -1.388E-17
   1.249E-16
   1.11E-16
   2.363E-16
   2.303E-17
   -3.732E-17
   2.48992088026909E-16
   7.400333333333333E-17
   1.173759959370834E-16
   0.0421    0.71    0.703
   -0.7813    -0.4152    0.4661
   -0.6228    0.5688    -0.5372
 Node:         11
  0.1295E+03  0.1214E+03  0.5055E+03 -0.3597E-04
  -2.22E-16
  -2.776E-17
  -2.22E-16
  -4.163E-17
   1.388E-17
  -1.665E-16
   -1.365E-16
   -2.183E-16
   -2.558E-16
   1.0566451627675205E-16
   -2.035333333333333E-16
   4.9810730660058464E-17
   -0.4935    0.2929    0.8189
   0.3541    -0.7924    0.4968
   -0.7944    -0.5351    -0.2873
 Node:         12
  0.1295E+03  0.1217E+03  0.5196E+03 -0.3597E-04
   1.11E-16
   0.0
   1.11E-16
   7.633E-17
   2.776E-17
   2.22E-16
   2.649E-16
   1.11E-16
   6.816E-17
   1.792025435087348E-16
   1.4801999999999999E-16
   8.447688914726913E-17
   -0.4387    -0.1595    -0.8844
   0.3417    -0.9398    -2.255E-17
   0.8311    0.3022    -0.4668
 Node:         13
  0.1361E+03  0.1199E+03  0.4914E+03 -0.3597E-04
   1.11E-16
  -1.388E-16
   0.0
  -9.714E-17
   2.776E-17
  -1.665E-16
   2.285E-16
   -8.52E-17
   -1.988E-16
   3.833392361864358E-16
   -1.849999999999999E-17
   1.807078489348669E-16
   0.8171    -0.5252    -0.2378
   0.4648    0.8442    -0.2671
   0.341    0.1077    0.9339
 Node:         14
  0.1342E+03  0.1198E+03  0.5054E+03 -0.3597E-04
  -5.551E-17
   2.776E-17
   0.0
   5.551E-17
  -9.021E-17
   1.11E-16
   1.672E-16
   -4.94E-18
   -1.068E-16
   2.398787602102362E-16
   1.8486666666666665E-17
   1.130799320048532E-16
   0.1634    -0.4472    0.8794
   -0.6569    -0.7144    -0.2412
   -0.7361    0.5382    0.4105
 Node:         15
  0.1330E+03  0.1205E+03  0.5193E+03 -0.3597E-04
   2.22E-16
  -8.327E-17
  -5.551E-17
   1.388E-17
   4.857E-17
   0.0
   2.451E-16
   2.471E-17
   -1.033E-16
   3.0523832672192397E-16
   5.550333333333333E-17
   1.438907271354049E-16
   -0.9638    0.2667    -0.001723
   0.1157    0.4239    0.8983
   0.2403    0.8656    -0.4394
 Node:         16
  0.1404E+03  0.1188E+03  0.4918E+03 -0.3597E-04
   2.22E-16
   5.551E-17
   2.22E-16
  -8.327E-17
  -1.457E-16
   4.441E-16
   5.466E-16
   1.95E-16
   1.465E-16
   3.7818964819254375E-16
   2.9603333333333337E-16
   1.7828030987433498E-16
   -0.2927    -0.4328    0.8526
   -0.9222    -0.1077    -0.3713
   -0.2526    0.895    0.3676
 Node:         17
  0.1365E+03  0.1184E+03  0.5055E+03 -0.3597E-04
  -1.11E-16
   2.776E-17
  -1.11E-16
   9.714E-17
   1.7E-16
   0.0
   1.573E-16
   -1.341E-16
   -2.452E-16
   3.600440389730123E-16
   -7.400000000000001E-17
   1.697263876557404E-16
   0.3368    0.5285    0.7792
   0.8927    -0.4425    -0.08566
   -0.2996    -0.7244    0.6209
 Node:         18
  0.1341E+03  0.1191E+03  0.5192E+03 -0.3597E-04
   0.0
   0.0
   0.0
   2.645E-17
   1.065E-16
   4.441E-16
   4.697E-16
   -1.672E-33
   -2.562E-17
   4.830198633596759E-16
   1.4802666666666666E-16
   2.2769774721961763E-16
   -0.05484    -0.2207    -0.9738
   0.9705    -0.2411    -6.21E-17
   -0.2348    -0.9451    0.2274
 Node:         19
  0.1301E+03  0.1291E+03  0.4914E+03  0.0000E+00
   1.11E-16
   0.0
   1.11E-16
   2.101E-19
   1.001E-17
  -2.22E-16
   1.113E-16
   1.11E-16
   -2.223E-16
   3.3345010121455954E-16
   0.0
   1.5718988517077046E-16
   -0.02096    -0.9993    -0.03003
   0.9998    -0.02097    1.345E-19
   6.298E-4    0.03003    -0.9995
 Node:         20
  0.1299E+03  0.1291E+03  0.5058E+03  0.0000E+00
   2.22E-16
   0.0
   0.0
   1.041E-17
   1.924E-17
  -5.551E-17
   2.224E-16
   5.975E-18
   -6.188E-17
   2.5715676157744715E-16
   5.549833333333335E-17
   1.2122485995959007E-16
   -0.9993    -0.003257    -0.03765
   0.01428    -0.9549    -0.2965
   -0.03498    -0.2968    0.9543
 Node:         21
  0.1301E+03  0.1280E+03  0.5197E+03  0.0000E+00
   1.11E-16
   0.0
   0.0
   4.163E-17
   1.475E-17
   1.11E-16
   1.534E-16
   7.089E-17
   -2.22E-18
   1.3485280234388901E-16
   7.402333333333333E-17
   6.357022066624871E-17
   -0.6994    -0.0684    -0.7114
   -0.7126    0.1429    0.6869
   -0.05465    -0.9874    0.1487
 Node:         22
  0.1360E+03  0.1256E+03  0.4913E+03  0.0000E+00
  -2.22E-16
   1.388E-17
  -1.11E-16
  -1.388E-17
   1.006E-16
   1.11E-16
   1.5E-16
   -1.456E-16
   -2.264E-16
   3.432090907886911E-16
   -7.4E-17
   1.617903169743686E-16
   -0.02144    0.3586    0.9332
   0.228    0.9106    -0.3447
   -0.9734    0.2054    -0.1013
 Node:         23
  0.1343E+03  0.1253E+03  0.5054E+03  0.0000E+00
   0.0
   2.082E-17
  -4.441E-16
   0.0
   1.314E-16
  -1.665E-16
   1.265E-18
   -1.147E-16
   -4.972E-16
   4.517861703560657E-16
   -2.0354499999999996E-16
   2.1297404313671653E-16
   0.997    0.06061    0.04746
   0.06644    -0.3661    -0.9282
   0.03888    -0.9286    0.369
 Node:         24
  0.1336E+03  0.1248E+03  0.5194E+03  0.0000E+00
  -2.22E-16
   1.214E-17
   0.0
   1.388E-17
   8.674E-19
  -1.665E-16
   6.779E-19
   -1.633E-16
   -2.259E-16
   2.026635838733984E-16
   -1.2950736666666666E-16
   9.553652963763242E-17
   -0.05504    -0.9984    -0.009747
   0.2257    -0.02195    0.974
   -0.9726    0.05141    0.2265
 Node:         25
  0.1400E+03  0.1206E+03  0.4917E+03  0.0000E+00
   0.0
   2.671E-16
  -1.11E-16
  -8.327E-17
  -1.301E-16
   2.22E-16
   3.681E-16
   7.58E-17
   -3.329E-16
   6.098671904603493E-16
   3.699999999999999E-17
   2.8749415066513385E-16
   0.5089    0.4781    -0.7159
   0.6086    0.3883    0.692
   0.6088    -0.7878    -0.09334
 Node:         26
  0.1363E+03  0.1200E+03  0.5055E+03  0.0000E+00
   2.22E-16
   1.076E-16
  -6.106E-16
   2.776E-17
  -1.124E-15
  -5.551E-17
   8.281E-16
   2.248E-16
   -1.497E-15
   2.089815319591662E-15
   -1.4803333333333336E-16
   9.851483892738641E-16
   0.07371    0.6174    -0.7832
   0.9955    0.001018    0.09449
   -0.05914    0.7866    0.6146
 Node:         27
  0.1343E+03  0.1203E+03  0.5192E+03  0.0000E+00
   2.22E-16
  -1.943E-16
   2.22E-16
  -1.041E-16
   1.313E-15
   0.0
   1.466E-15
   1.875E-16
   -1.209E-15
   2.3173691440942246E-15
   1.4816666666666667E-16
   1.0924182908676612E-15
   -0.1693    0.728    0.6643
   0.9848    0.09849    0.1431
   0.03876    0.6785    -0.7336
 Node:         28
  0.1155E+03  0.1124E+03  0.4931E+03 -0.2126E-03
  -2.22E-16
   3.816E-17
   2.22E-16
  -5.551E-17
   5.551E-17
   1.11E-16
   2.455E-16
   1.014E-16
   -2.359E-16
   4.279497984577163E-16
   3.699999999999999E-17
   2.0173746966457835E-16
   0.03184    0.9284    0.3701
   0.1988    0.3571    -0.9127
   0.9795    -0.1026    0.1732
 Node:         29
  0.1119E+03  0.1139E+03  0.5068E+03 -0.2126E-03
  -2.22E-16
  -2.082E-17
   0.0
   5.551E-17
   6.939E-18
  -3.331E-16
   1.944E-18
   -2.004E-16
   -3.566E-16
   3.113642033631998E-16
   -1.8501866666666668E-16
   1.4677849307791052E-16
   -0.09118    0.9958    0.005517
   -0.9179    -0.08189    -0.3884
   -0.3863    -0.04048    0.9215
 Node:         30
  0.1113E+03  0.1159E+03  0.5206E+03 -0.2126E-03
   2.22E-16
   1.249E-16
   2.22E-16
   0.0
  -2.776E-17
   1.11E-16
   3.486E-16
   1.238E-16
   8.277E-17
   2.4787505905193444E-16
   1.8505666666666664E-16
   1.1684942342842583E-16
   -0.7001    -0.7092    0.08287
   -0.4685    0.3686    -0.8029
   -0.5389    0.6009    0.5903
 Node:         31
  0.1203E+03  0.1126E+03  0.4920E+03 -0.2126E-03
  -5.551E-17
   9.714E-17
  -1.11E-16
   2.776E-17
   4.163E-17
  -5.551E-17
   4.114E-17
   -7.661E-17
   -1.866E-16
   1.9726678661143135E-16
   -7.402333333333333E-17
   9.29924550105485E-17
   -0.6956    -0.5654    -0.4433
   0.4358    0.1585    -0.886
   0.5712    -0.8095    0.1362
 Node:         32
  0.1188E+03  0.1134E+03  0.5062E+03 -0.2126E-03
   2.22E-16
  -1.388E-17
  -1.11E-16
  -2.776E-17
   9.714E-17
  -5.551E-17
   2.266E-16
   1.331E-17
   -1.844E-16
   3.5602167644681415E-16
   1.8503333333333345E-17
   1.6783022777663014E-16
   -0.9894    0.07624    0.1236
   0.1445    0.5992    0.7875
   0.01402    -0.797    0.6038
 Node:         33
  0.1183E+03  0.1150E+03  0.5201E+03 -0.2126E-03
   1.11E-16
   5.551E-17
   0.0
   8.327E-17
   0.0
   0.0
   1.7E-16
   0.0
   -5.893E-17
   2.0589037107159722E-16
   3.702333333333333E-17
   9.705765171049398E-17
   -0.8617    -0.2815    -0.4222
   0.0    -0.8321    0.5547
   -0.5074    0.478    0.717
 Node:         34
  0.1255E+03  0.1129E+03  0.4909E+03 -0.2126E-03
   0.0
   0.0
   0.0
   5.551E-17
   9.714E-17
   0.0
   1.119E-16
   3.387E-33
   -1.119E-16
   1.9381648536695736E-16
   0.0
   9.136596740581255E-17
   -0.3508    -0.6139    -0.7071
   0.8682    -0.4961    -4.855E-17
   -0.3508    -0.6139    0.7071
 Node:         35
  0.1260E+03  0.1135E+03  0.5054E+03 -0.2126E-03
   0.0
   1.11E-16
  -1.11E-16
   1.11E-16
   2.498E-16
  -1.11E-16
   2.41E-16
   -1.023E-16
   -3.608E-16
   5.228959647960578E-16
   -7.403333333333333E-17
   2.4649552170824977E-16
   0.5458    0.5925    0.5925
   0.8379    -0.3859    -0.3859
   -4.975E-17    -0.7071    0.7071
 Node:         36
  0.1257E+03  0.1153E+03  0.5196E+03 -0.2126E-03
   0.0
  -5.551E-17
   0.0
  -5.551E-17
   8.327E-17
   0.0
   1.305E-16
   -4.723E-17
   -8.327E-17
   1.982226619234037E-16
   0.0
   9.344305895392481E-17
   -0.5155    0.6059    0.6059
   0.8569    0.3645    0.3645
   -1.256E-16    0.7071    -0.7071
 Node:         37
  0.1132E+03  0.1210E+03  0.4959E+03 -0.2126E-03
  -2.22E-16
   1.388E-16
  -2.22E-16
  -8.327E-17
   1.804E-16
  -2.776E-16
   -4.482E-17
   -1.622E-16
   -5.146E-16
   4.2347200190803645E-16
   -2.4054E-16
   1.9962661612787678E-16
   0.3971    0.7887    0.4693
   -0.7874    0.0301    0.6157
   0.4715    -0.614    0.633
 Node:         38
  0.1111E+03  0.1204E+03  0.5085E+03 -0.2126E-03
  -1.665E-16
   9.714E-17
   0.0
  -2.776E-17
  -8.327E-17
  -2.22E-16
   7.071E-17
   -2.091E-16
   -2.502E-16
   3.0246162913665597E-16
   -1.2953E-16
   1.4258177934084005E-16
   -0.3916    -0.8746    0.2859
   0.9154    -0.3389    0.217
   0.09287    -0.3467    -0.9334
 Node:         39
  0.1119E+03  0.1201E+03  0.5207E+03 -0.2126E-03
  -5.551E-17
  -9.714E-17
  -3.331E-16
  -8.327E-17
  -7.633E-17
  -1.11E-16
   8.934E-18
   -1.105E-16
   -3.981E-16
   3.6239130612640252E-16
   -1.6655533333333335E-16
   1.7083290000335286E-16
   0.851    -0.1281    -0.5092
   0.4076    -0.4503    0.7944
   -0.3311    -0.8836    -0.331
 Node:         40
  0.1191E+03  0.1220E+03  0.4937E+03 -0.2126E-03
   0.0
   8.327E-17
  -2.22E-16
   8.327E-17
  -1.388E-17
  -2.22E-16
   4.872E-17
   -2.082E-16
   -2.846E-16
   3.0244591979393603E-16
   -1.4802666666666666E-16
   1.4257437388566321E-16
   -0.924    -0.2703    -0.2703
   0.0    -0.7071    0.7071
   0.3823    -0.6534    -0.6534
 Node:         41
  0.1182E+03  0.1217E+03  0.5073E+03 -0.2126E-03
   0.0
  -2.776E-17
  -5.551E-17
   5.551E-17
   9.714E-17
   1.11E-16
   1.653E-16
   1.073E-17
   -1.206E-16
   2.478691830381502E-16
   1.8476666666666666E-17
   1.168466534489637E-16
   0.2406    0.3653    0.8993
   -0.8901    0.4526    0.05428
   -0.3871    -0.8135    0.434
 Node:         42
  0.1187E+03  0.1212E+03  0.5204E+03 -0.2126E-03
   0.0
  -5.551E-17
  -1.11E-16
   0.0
   5.551E-17
   1.11E-16
   1.256E-16
   1.887E-17
   -1.444E-16
   2.3552960089975954E-16
   2.3333333333339628E-20
   1.1102971864425409E-16
   0.1113    -0.2517    -0.9614
   0.9295    -0.3159    0.1903
   -0.3516    -0.9148    0.1988
 Node:         43
  0.1258E+03  0.1217E+03  0.4915E+03 -0.2126E-03
   2.22E-16
   1.11E-16
   1.11E-16
  -1.388E-17
   0.0
  -5.551E-17
   2.911E-16
   4.294E-17
   -5.645E-17
   3.1004254562882173E-16
   9.253E-17
   1.4615545764698628E-16
   -0.8507    -0.5246    0.03406
   -0.5213    0.8502    0.07348
   0.06751    -0.04475    0.9967
 Node:         44
  0.1259E+03  0.1220E+03  0.5059E+03 -0.2126E-03
  -2.22E-16
   1.388E-16
  -2.22E-16
   9.714E-17
   1.11E-16
  -1.11E-16
   5.081E-17
   -2.445E-16
   -3.614E-16
   3.679610646522265E-16
   -1.8503E-16
   1.7345850935214064E-16
   -0.5113    -0.534    -0.6733
   -0.5198    -0.4318    0.7372
   -0.6844    0.7269    -0.05679
 Node:         45
  0.1261E+03  0.1221E+03  0.5198E+03 -0.2126E-03
  -5.551E-17
  -8.327E-17
  -2.776E-16
   2.776E-17
  -6.939E-18
   1.11E-16
   1.167E-16
   -3.339E-17
   -3.053E-16
   3.7050374910383835E-16
   -7.399666666666666E-17
   1.7465714229757554E-16
   0.1854    -0.05643    0.981
   0.9302    -0.3117    -0.1938
   -0.3167    -0.9485    0.005308
 Node:         46
  0.1117E+03  0.1296E+03  0.4959E+03  0.0000E+00
  -5.551E-17
   2.776E-17
  -1.665E-16
   6.939E-18
  -2.602E-17
   0.0
   4.101E-18
   -4.897E-17
   -1.772E-16
   1.6144583695778595E-16
   -7.402300000000001E-17
   7.610629740479211E-17
   0.04856    -0.1429    0.9886
   0.9724    0.2327    -0.01414
   -0.228    0.962    0.1502
 Node:         47
  0.1107E+03  0.1269E+03  0.5087E+03  0.0000E+00
  -1.665E-16
  -3.123E-17
   1.11E-16
  -2.776E-17
   3.99E-17
   0.0
   1.289E-16
   -1.114E-17
   -1.732E-16
   2.6185783853075704E-16
   -1.8479999999999997E-17
   1.2344096888796688E-16
   -0.1292    0.939    0.3186
   -0.1008    -0.3321    0.9379
   -0.9865    -0.08906    -0.1376
 Node:         48
  0.1125E+03  0.1242E+03  0.5208E+03  0.0000E+00
   1.11E-16
   3.469E-18
   1.11E-16
   0.0
  -1.735E-18
   1.11E-16
   1.149E-16
   1.11E-16
   1.071E-16
   6.75499814951862E-18
   1.1099999999999999E-16
   3.1843366656181307E-18
   -0.6325    -0.7071    0.3162
   0.4472    -4.455E-15    0.8944
   -0.6325    0.7071    0.3162
 Node:         49
  0.1186E+03  0.1311E+03  0.4938E+03  0.0000E+00
  -1.665E-16
  -2.082E-17
   0.0
  -4.163E-17
  -6.072E-18
  -5.551E-17
   2.581E-18
   -4.165E-17
   -1.83E-16
   1.6789358448433935E-16
   -7.402300000000001E-17
   7.914579473772858E-17
   0.1174    -0.9929    0.01965
   -0.3135    -0.01827    0.9494
   -0.9423    -0.1176    -0.3134
 Node:         50
  0.1180E+03  0.1298E+03  0.5075E+03  0.0000E+00
   0.0
  -1.301E-17
   3.331E-16
  -4.163E-17
   1.247E-17
   2.22E-16
   3.354E-16
   2.276E-16
   -7.879E-18
   3.040655120874448E-16
   1.8504033333333332E-16
   1.4333785701466156E-16
   0.05441    -0.9902    -0.1289
   -0.1707    -0.1364    0.9758
   0.9838    0.03109    0.1765
 Node:         51
  0.1192E+03  0.1275E+03  0.5206E+03  0.0000E+00
   0.0
  -3.469E-18
  -5.551E-17
   0.0
   1.475E-17
   1.11E-16
   1.123E-16
   2.087E-19
   -5.702E-17
   1.491791641607165E-16
   1.849623333333333E-17
   7.03237323931892E-17
   -0.002705    0.08758    0.9962
   0.9982    -0.06004    0.007989
   -0.06051    -0.9943    0.08725
 Node:         52
  0.1262E+03  0.1305E+03  0.4920E+03  0.0000E+00
   1.11E-16
  -1.388E-17
   1.11E-16
   1.301E-18
   4.906E-18
   0.0
   1.25E-16
   9.734E-17
   -2.497E-19
   1.1396559238686912E-16
   7.403009999999999E-17
   5.372389546579809E-17
   -0.7047    0.7092    0.02051
   0.7093    0.7034    0.04493
   -0.01744    -0.04621    0.9988
 Node:         53
  0.1258E+03  0.1304E+03  0.5063E+03  0.0000E+00
  -1.665E-16
  -1.735E-18
  -1.11E-16
   2.776E-17
   3.383E-17
  -2.22E-16
   -1.01E-16
   -1.572E-16
   -2.414E-16
   1.2239330047024632E-16
   -1.6653333333333332E-16
   5.769675515620921E-17
   0.09684    0.9526    0.2883
   -0.9346    0.1866    -0.3027
   -0.3422    -0.2402    0.9084
 Node:         54
  0.1265E+03  0.1288E+03  0.5200E+03  0.0000E+00
  -2.22E-16
   2.082E-17
   1.11E-16
   0.0
  -4.337E-18
   1.11E-16
   1.16E-16
   1.073E-16
   -2.233E-16
   3.350347295430729E-16
   0.0
   1.5793688612860518E-16
   -0.04656    -0.7562    0.6527
   -0.04117    -0.6514    -0.7576
   -0.9981    0.06215    8.061E-4
 Node:         55
  0.1381E+03  0.1168E+03  0.4525E+03  0.7725E-02
   0.01337
  -0.00651
   5.791E-4
  -0.002381
   0.009573
  -0.02521
   0.01699
   1.218E-4
   -0.02837
   0.03971050514964523
   -0.003752733333333333
   0.018719711650438304
   0.8862    -0.4386    -0.1495
   0.4634    0.8425    0.2749
   0.005384    -0.3128    0.9498
 Node:         56
  0.1314E+03  0.1156E+03  0.4682E+03  0.7725E-02
   0.01954
  -0.009082
   0.001798
  -0.008056
   0.005616
  -0.01152
   0.02584
   -0.001716
   -0.01431
   0.03556658875967725
   0.003271333333333333
   0.016766250730427347
   -0.8851    0.3927    0.2499
   0.4361    0.8873    0.15
   0.1628    -0.2417    0.9566
 Node:         57
  0.1285E+03  0.1140E+03  0.4823E+03  0.7725E-02
   0.005667
  -0.00387
   0.002464
  -0.002446
   0.0017
   3.582E-5
   0.009219
   -1.191E-4
   -9.331E-4
   0.00977056400675007
   0.002722266666666667
   0.004605888043460119
   -0.7898    0.5301    0.3085
   0.5723    0.8179    0.05979
   0.2206    -0.2237    0.9494
 Node:         58
  0.1477E+03  0.1176E+03  0.4530E+03  0.7725E-02
   0.01208
  -0.005849
   0.00478
  -9.129E-4
   0.006297
  -0.0447
   0.01558
   0.002071
   -0.04549
   0.055561167653317006
   -0.009279666666666667
   0.026191785612202076
   0.8609    -0.5046    -0.06575
   0.5088    0.8544    0.1051
   0.003144    -0.1239    0.9923
 Node:         59
  0.1415E+03  0.1165E+03  0.4690E+03  0.7725E-02
   0.02728
  -0.01244
   0.005071
  -0.01485
   0.01102
  -0.01151
   0.03931
   2.322E-4
   -0.0187
   0.05123798761504983
   0.006947399999999999
   0.02415381899796938
   -0.845    0.4153    0.3369
   0.4906    0.8527    0.1794
   0.2128    -0.3169    0.9243
 Node:         60
  0.1374E+03  0.1150E+03  0.4832E+03  0.7725E-02
   0.01036
  -0.006671
   0.004307
  -0.007237
   0.004689
   0.002755
   0.01919
   9.208E-6
   -0.001771
   0.02013002040821777
   0.005809402666666667
   0.009489382624049586
   -0.7441    0.48    0.4647
   0.5461    0.8377    0.009111
   0.3849    -0.2606    0.8854
 Node:         61
  0.1548E+03  0.1217E+03  0.4534E+03  0.7725E-02
   0.02112
  -0.004908
  -0.006357
   0.006305
  -0.01061
  -0.01617
   0.02371
   -0.001993
   -0.02312
   0.04062045813380248
   -4.676666666666672E-4
   0.01914866760087732
   -0.9501    0.2296    -0.2113
   0.3055    0.8225    -0.4797
   -0.06365    0.5203    0.8516
 Node:         62
  0.1488E+03  0.1200E+03  0.4698E+03  0.7725E-02
   0.03175
  -0.02031
   0.005471
  -0.01424
   0.006039
   0.01669
   0.04994
   0.009687
   -0.005712
   0.04977237343145292
   0.017971666666666667
   0.023462921846086338
   -0.8023    0.4236    0.4205
   -0.3263    0.2786    -0.9033
   -0.4998    -0.8619    -0.0853
 Node:         63
  0.1436E+03  0.1181E+03  0.4838E+03  0.7725E-02
   0.007539
  -0.01078
   0.01161
  -0.005846
   0.008079
   0.006094
   0.02562
   0.001156
   -0.001536
   0.025915077619023254
   0.008413333333333333
   0.012216484746258048
   -0.56    0.6928    0.4543
   -0.4554    0.2006    -0.8674
   -0.6921    -0.6926    0.2032
 Node:         64
  0.1410E+03  0.1253E+03  0.4524E+03  0.7725E-02
  -0.01411
  -0.01021
   0.01795
   7.552E-5
   3.451E-4
  -0.01541
   0.02093
   -0.0154
   -0.0171
   0.03720913731867483
   -0.0038566666666666667
   0.017540555546757604
   -0.2797    0.9601    0.008535
   -0.0982    -0.01976    -0.995
   0.9551    0.2791    -0.0998
 Node:         65
  0.1339E+03  0.1229E+03  0.4683E+03  0.7725E-02
   0.006254
  -0.01585
   0.01152
  -0.004351
   0.001471
  -0.009495
   0.0254
   -0.005829
   -0.01129
   0.034287235686185025
   0.002760333333333333
   0.01616315790789521
   0.6486    -0.7527    -0.1126
   -0.6212    -0.6091    0.493
   -0.4397    -0.2498    -0.8627
 Node:         66
  0.1299E+03  0.1214E+03  0.4825E+03  0.7725E-02
   0.005395
  -0.004937
   0.003905
  -0.002123
   0.001632
  -1.615E-4
   0.01032
   -3.045E-4
   -8.812E-4
   0.010924272620637037
   0.0030447666666666667
   0.00514975149972199
   -0.7368    0.6294    0.2471
   0.5799    0.7761    -0.2477
   0.3477    0.03919    0.9368
 Node:         67
  0.1495E+03  0.1242E+03  0.4529E+03  0.7725E-02
  -0.006329
  -0.007003
   0.01698
   2.107E-4
   0.001869
  -0.0402
   0.01897
   -0.008256
   -0.04027
   0.05135917090452298
   -0.009852
   0.02421094534847135
   -0.2664    0.9634    0.02947
   0.9638    0.2658    0.0219
   -0.01327    -0.03424    0.9993
 Node:         68
  0.1429E+03  0.1223E+03  0.4690E+03  0.7725E-02
   0.02235
  -0.01559
   0.01437
  -0.01132
   0.004639
  -0.02175
   0.03684
   0.002638
   -0.0245
   0.05323928741070827
   0.004992666666666666
   0.02509724076910094
   -0.7856    0.5862    0.1982
   0.5757    0.8098    -0.1132
   0.2268    -0.0252    0.9736
 Node:         69
  0.1379E+03  0.1205E+03  0.4831E+03  0.7725E-02
   0.0108
  -0.006758
   0.00478
  -0.005579
   0.003278
   5.286E-5
   0.01757
   4.176E-4
   -0.002359
   0.01869598050811992
   0.005209533333333333
   0.00881336973214874
   -0.79    0.506    0.3462
   0.5088    0.8561    -0.09024
   0.3421    -0.1049    0.9338
 Node:         70
  0.1550E+03  0.1238E+03  0.4534E+03  0.7725E-02
   3.834E-4
  -0.00919
   0.01267
  -0.00517
   0.00407
  -0.05417
   0.01808
   -0.004393
   -0.05481
   0.06465238478973533
   -0.013707666666666667
   0.03047742646980257
   0.4783    -0.8742    -0.08346
   0.874    0.4831    -0.05127
   0.08514    -0.04842    0.9952
 Node:         71
  0.1490E+03  0.1219E+03  0.4698E+03  0.7725E-02
   0.03475
  -0.01297
   0.01241
  -0.02116
   0.008093
  -0.01969
   0.04823
   0.006514
   -0.02727
   0.06550508877942232
   0.009158000000000001
   0.030879394985437566
   -0.8669    0.3854    0.3161
   -0.3951    -0.9179    0.03563
   0.3039    -0.094    0.9481
 Node:         72
  0.1435E+03  0.1199E+03  0.4838E+03  0.7725E-02
   0.01644
  -0.006827
   0.003866
  -0.009438
   0.004149
   0.001704
   0.02417
   8.729E-4
   -0.003027
   0.025471954159624267
   0.007338633333333333
   0.012007594344228803
   -0.8323    0.3651    0.4171
   0.4026    0.9154    0.001974
   0.3811    -0.1696    0.9088
 Node:         73
  0.1440E+03  0.1339E+03  0.4521E+03  0.0000E+00
   0.01824
   5.475E-4
  -0.01279
  -0.003895
   0.002991
   6.104E-5
   0.01904
   -1.487E-5
   -0.01352
   0.028333992015190875
   0.0018350433333333336
   0.013356771928017971
   -0.9795    0.00207    0.2013
   -0.1963    -0.2315    -0.9528
   -0.04462    0.9728    -0.2271
 Node:         74
  0.1364E+03  0.1303E+03  0.4682E+03  0.0000E+00
   0.0316
   0.01223
  -7.999E-4
   0.002645
   0.005105
   0.007486
   0.0363
   0.008098
   -0.006114
   0.0373917179599975
   0.012761333333333333
   0.017626624886486034
   -0.9338    -0.3277    -0.1438
   -0.2268    0.231    0.9462
   -0.2769    0.9161    -0.29
 Node:         75
  0.1313E+03  0.1288E+03  0.4826E+03  0.0000E+00
   0.01438
   0.005053
   0.001125
   0.001528
   7.956E-4
   0.001141
   0.01628
   9.937E-4
   -6.253E-4
   0.01615675240851329
   0.005549466666666667
   0.007616366126674553
   -0.9409    -0.3196    -0.1118
   -0.1575    0.1207    0.9801
   -0.2998    0.9398    -0.1639
 Node:         76
  0.1513E+03  0.1309E+03  0.4528E+03  0.0000E+00
   0.01386
  -0.001094
  -0.01166
  -0.004067
  -2.277E-4
  -0.005722
   0.01471
   -0.006496
   -0.01173
   0.02425038960511769
   -0.001172
   0.01143174329079632
   -0.9801    0.03896    0.1946
   0.1909    -0.08363    0.978
   -0.05438    -0.9957    -0.07453
 Node:         77
  0.1443E+03  0.1280E+03  0.4689E+03  0.0000E+00
   0.03742
   0.01113
  -6.377E-4
   0.003529
   0.001719
   0.002246
   0.04082
   0.001956
   -0.00375
   0.042008652870569416
   0.013008666666666668
   0.019803068875527574
   -0.96    -0.2619    -0.09951
   -0.1293    0.09902    0.9867
   -0.2485    0.96    -0.1289
 Node:         78
  0.1384E+03  0.1261E+03  0.4829E+03  0.0000E+00
   0.01641
   0.005919
   0.001248
   0.002121
   9.081E-4
   7.959E-4
   0.01874
   5.221E-4
   -8.101E-4
   0.018919210438863455
   0.006150666666666666
   0.008918601330677112
   -0.9375    -0.3238    -0.1272
   -0.1606    0.07835    0.9839
   -0.3086    0.9429    -0.1254
 Node:         79
  0.1553E+03  0.1259E+03  0.4534E+03  0.0000E+00
   0.006871
  -0.004226
  -0.04857
  -0.01129
   6.636E-4
  -9.718E-4
   0.01513
   -0.008912
   -0.04889
   0.05601258183658383
   -0.014224
   0.026404584298943243
   0.8162    -0.06013    -0.5747
   0.5728    -0.04734    0.8184
   -0.07641    -0.9971    -0.004194
 Node:         80
  0.1492E+03  0.1238E+03  0.4698E+03  0.0000E+00
   0.0448
   0.001681
  -0.03021
   0.006796
   0.003193
   0.005681
   0.04602
   0.004768
   -0.03051
   0.06634419977661951
   0.006759333333333333
   0.031274955702961786
   -0.9853    -0.02878    -0.1683
   -0.1701    0.08145    0.9821
   0.01456    -0.9963    0.08515
 Node:         81
  0.1433E+03  0.1217E+03  0.4837E+03  0.0000E+00
   0.01946
   0.004251
  -0.002567
   0.006976
   0.002033
   0.003049
   0.02289
   5.318E-4
   -0.003479
   0.024609955149085504
   0.0066476
   0.011601244113743435
   -0.9218    -0.1813    -0.3427
   -0.3648    0.1063    0.925
   0.1312    -0.9777    0.1642
 Node:         82
  0.1267E+03  0.1148E+03  0.4557E+03  0.1363E-01
   0.01388
  -0.007984
  -0.004737
  -0.003367
  -0.001391
  -0.005219
   0.01716
   -0.003935
   -0.009298
   0.024225880355520625
   0.001309
   0.01142018951973507
   -0.9352    0.3333    0.12
   -0.08946    -0.5499    0.8304
   0.3428    0.7658    0.5441
 Node:         83
  0.1234E+03  0.1129E+03  0.4716E+03  0.1363E-01
   0.006168
  -0.006449
  -0.003616
  -0.008105
   2.679E-4
   0.003345
   0.0145
   -4.341E-4
   -0.008166
   0.019956918304437687
   0.0019666333333333338
   0.009407781509769215
   -0.7725    0.2834    0.5683
   0.3237    -0.5941    0.7364
   0.5463    0.7528    0.3672
 Node:         84
  0.1187E+03  0.1123E+03  0.4849E+03  0.1363E-01
   6.832E-4
  -6.457E-4
  -3.462E-4
  -0.002414
   1.215E-4
   0.003786
   0.005135
   1.673E-5
   -0.001029
   0.005713367440739305
   0.0013742433333333332
   0.002693307240504795
   -0.4837    0.0763    0.8719
   -0.5081    0.7866    -0.3507
   -0.7126    -0.6127    -0.3418
 Node:         85
  0.1302E+03  0.1161E+03  0.4544E+03  0.1363E-01
   0.01596
  -0.009064
  -0.004683
  -0.003287
  -0.002494
  -0.01013
   0.01954
   -0.005545
   -0.01285
   0.029425604071964265
   3.8166666666666617E-4
   0.013871362786530944
   -0.9364    0.3427    0.07495
   0.2357    0.7728    -0.5893
   0.2599    0.5342    0.8044
 Node:         86
  0.1252E+03  0.1138E+03  0.4700E+03  0.1363E-01
  -0.004787
  -0.007057
   0.01097
  -0.01703
   0.001035
   2.0E-4
   0.01888
   0.007721
   -0.02022
   0.034885761866411916
   0.0021270000000000004
   0.016445305855065956
   -0.5799    0.5906    0.5613
   0.286    0.7926    -0.5385
   0.7629    0.1517    0.6285
 Node:         87
  0.1217E+03  0.1126E+03  0.4833E+03  0.1363E-01
   0.00203
  -5.116E-4
  -3.012E-4
  -0.003684
   4.894E-4
   0.004127
   0.006976
   -3.376E-4
   -7.824E-4
   0.007545838673070079
   0.001952
   0.003557142463645035
   -0.601    0.09561    0.7935
   0.1541    -0.9603    0.2324
   0.7843    0.2619    0.5624
 Node:         88
  0.1338E+03  0.1169E+03  0.4527E+03  0.1363E-01
   0.01015
  -0.008862
  -7.729E-4
  -0.003351
   0.001272
  -0.005819
   0.01568
   -0.005444
   -0.006681
   0.02176887532694328
   0.0011849999999999994
   0.010261946241657412
   -0.8634    0.4775    0.1628
   0.3591    0.8083    -0.4666
   0.3544    0.3444    0.8693
 Node:         89
  0.1270E+03  0.1150E+03  0.4682E+03  0.1363E-01
   0.01589
  -0.008149
  -8.809E-4
  -0.008921
   4.299E-4
   6.134E-4
   0.0225
   -5.667E-4
   -0.006302
   0.02640569558807342
   0.005210433333333334
   0.01244776427484961
   -0.8775    0.3126    0.3638
   0.06481    -0.6743    0.7356
   0.4753    0.669    0.5714
 Node:         90
  0.1248E+03  0.1132E+03  0.4821E+03  0.1363E-01
   0.004237
  -0.002915
   0.001416
  -0.002284
   0.00121
   0.001091
   0.007161
   5.988E-5
   -4.762E-4
   0.007383769730320685
   0.0022482266666666666
   0.003480742431353148
   -0.7848    0.4807    0.3911
   0.1309    -0.4884    0.8628
   0.6057    0.7283    0.3204
 Node:         91
  0.1258E+03  0.1259E+03  0.4545E+03  0.1363E-01
  -0.016
  -0.01543
   0.01257
  -0.005556
  -3.349E-4
  -0.006123
   0.01946
   -0.004757
   -0.02425
   0.037927590471845164
   -0.0031823333333333335
   0.017879237611138667
   -0.4078    0.9098    0.07665
   -0.2244    -0.1813    0.9575
   -0.885    -0.3733    -0.2781
 Node:         92
  0.1208E+03  0.1231E+03  0.4724E+03  0.1363E-01
   0.006681
  -0.0104
  -0.002075
  -0.008941
  -8.668E-4
  -0.001304
   0.01652
   -7.723E-4
   -0.01245
   0.025245328444882628
   0.0010992333333333336
   0.011900761957772095
   -0.8125    0.4365    0.3864
   0.01705    -0.6447    0.7642
   0.5827    0.6276    0.5164
 Node:         93
  0.1159E+03  0.1217E+03  0.4876E+03  0.1363E-01
   0.00342
   1.983E-4
  -8.353E-4
  -0.004386
  -0.001935
   0.002879
   0.007799
   9.058E-5
   -0.002426
   0.009227771637638202
   0.0018211933333333334
   0.00435001326680991
   -0.7011    -0.1713    0.6922
   0.5711    -0.7162    0.4012
   -0.4271    -0.6766    -0.5999
 Node:         94
  0.1312E+03  0.1261E+03  0.4536E+03  0.1363E-01
  -0.02062
  -0.01521
   0.01543
  -0.003286
  -0.001711
  -0.01079
   0.021
   -0.009964
   -0.02701
   0.04215623033431713
   -0.005324666666666666
   0.01987263755910512
   -0.3422    0.9395    -0.01519
   -0.2127    -0.0617    0.9752
   -0.9152    -0.337    -0.2209
 Node:         95
  0.1249E+03  0.1234E+03  0.4704E+03  0.1363E-01
   0.01259
  -0.009322
   0.003686
  -0.009952
   8.159E-5
  -0.01121
   0.02079
   -3.24E-4
   -0.0154
   0.031486527849224656
   0.0016886666666666658
   0.014842891572137223
   -0.8463    0.4624    0.2644
   -0.3703    -0.8675    0.3321
   0.3829    0.1832    0.9054
 Node:         96
  0.1205E+03  0.1222E+03  0.4852E+03  0.1363E-01
   0.006439
  -4.602E-4
   8.214E-6
  -0.005157
  -4.058E-4
   7.404E-4
   0.009485
   1.435E-4
   -0.002441
   0.010866755230978567
   0.002395833333333333
   0.005122637542212888
   -0.8616    0.02012    0.5072
   0.1008    -0.9725    0.2099
   0.4975    0.2319    0.8359
 Node:         97
  0.1366E+03  0.1259E+03  0.4525E+03  0.1363E-01
  -0.01526
  -0.01238
   0.01699
  -0.004026
  -0.001366
  -0.01474
   0.02119
   -0.01224
   -0.02197
   0.03921111704606233
   -0.004339999999999999
   0.018484297840780067
   -0.3216    0.9469    3.737E-5
   -0.4802    -0.1632    0.8618
   -0.8161    -0.2772    -0.5072
 Node:         98
  0.1295E+03  0.1232E+03  0.4684E+03  0.1363E-01
   0.007575
  -0.01505
   0.008336
  -0.008062
  -3.906E-4
  -0.01054
   0.02387
   -0.002916
   -0.01559
   0.03489420920439378
   0.0017880000000000003
   0.01644928796837926
   -0.7111    0.6849    0.1588
   0.5032    0.6535    -0.5654
   0.491    0.3221    0.8094
 Node:         99
  0.1260E+03  0.1218E+03  0.4827E+03  0.1363E-01
   0.005394
  -0.004022
   0.002293
  -0.002842
   0.00115
   4.345E-5
   0.009144
   -3.695E-5
   -0.001376
   0.009918500335358163
   0.0025770166666666664
   0.004675625897555202
   -0.7949    0.5193    0.3138
   -0.3038    -0.7883    0.5351
   0.5253    0.33    0.7843
 Node:        100
  0.1249E+03  0.1371E+03  0.4532E+03  0.0000E+00
   0.02258
   0.002387
  -0.00861
  -0.003323
  -0.001676
   0.01063
   0.02368
   0.009821
   -0.008897
   0.02831692368531582
   0.008201333333333333
   0.013348725840152518
   -0.963    -0.08447    0.2561
   -0.261    0.05385    -0.9638
   -0.06763    0.995    0.0739
 Node:        101
  0.1187E+03  0.1335E+03  0.4716E+03  0.0000E+00
   0.01892
   0.005463
  -2.685E-4
   0.004557
   0.003321
   0.01782
   0.02456
   0.01385
   -0.00194
   0.023089805109614937
   0.012156666666666668
   0.010884638512856343
   -0.7421    -0.2466    -0.6232
   0.6298    0.06152    -0.7743
   -0.2293    0.9672    -0.1097
 Node:        102
  0.1139E+03  0.1312E+03  0.4875E+03  0.0000E+00
   0.005798
   0.004189
   0.003085
   0.003718
   0.003044
   0.003392
   0.01164
   6.869E-4
   -4.988E-5
   0.011339456309559112
   0.00409234
   0.005345470967638554
   -0.6919    -0.5179    -0.5031
   0.5867    0.002797    -0.8098
   -0.4208    0.8554    -0.3019
 Node:        103
  0.1322E+03  0.1363E+03  0.4525E+03  0.0000E+00
   0.02206
   0.00158
  -0.01584
  -0.003898
  -0.001778
   0.012
   0.0235
   0.01072
   -0.016
   0.03491086363870135
   0.006073333333333333
   0.016457138944003063
   -0.9433    -0.0527    0.3278
   -0.3302    0.04348    -0.9429
   -0.03544    0.9977    0.05841
 Node:        104
  0.1249E+03  0.1329E+03  0.4700E+03  0.0000E+00
   0.02325
   0.007112
  -0.005438
   0.004887
   0.004199
   0.01912
   0.02849
   0.01588
   -0.00745
   0.031583101494311795
   0.012306666666666667
   0.014888416825020569
   0.8142    0.2363    0.5303
   -0.5425    -0.01555    0.8399
   0.2067    -0.9716    0.1155
 Node:        105
  0.1200E+03  0.1317E+03  0.4853E+03  0.0000E+00
   0.009055
   0.004524
   0.002003
   0.004156
   0.00285
   0.003197
   0.01365
   0.001143
   -5.397E-4
   0.013427660153206143
   0.0047511
   0.006329859699866974
   -0.8002    -0.4164    -0.4316
   -0.5496    0.221    0.8057
   0.2401    -0.8819    0.4056
 Node:        106
  0.1395E+03  0.1350E+03  0.4521E+03  0.0000E+00
   0.01984
   6.432E-4
  -0.02235
  -0.004169
   3.403E-4
   0.00828
   0.02119
   0.006942
   -0.02236
   0.03845916800972169
   0.0019239999999999997
   0.01812982566564463
   0.9516    0.01166    -0.307
   -0.3067    -0.01779    -0.9516
   -0.01656    0.9998    -0.01336
 Node:        107
  0.1320E+03  0.1315E+03  0.4684E+03  0.0000E+00
   0.02913
   0.01024
  -0.008127
   0.00413
   0.004614
   0.01384
   0.03315
   0.01293
   -0.01124
   0.03849356699501879
   0.011613333333333331
   0.018146041502824308
   -0.9297    -0.2599    -0.2609
   -0.2875    0.06944    0.9553
   -0.2301    0.9631    -0.1393
 Node:        108
  0.1272E+03  0.1303E+03  0.4831E+03  0.0000E+00
   0.01274
   0.004745
   0.001045
   0.002596
   0.001343
   0.001719
   0.01505
   0.001173
   -7.221E-4
   0.014915121042418664
   0.005166966666666666
   0.007031055487541603
   -0.9191    -0.3318    -0.2124
   0.2669    -0.1278    -0.9552
   -0.2898    0.9346    -0.2061
 Node:        109
  0.1018E+03  0.1092E+03  0.4946E+03 -0.4712E-04
   0.0
   1.388E-16
   1.11E-16
   5.551E-17
  -1.388E-17
   0.0
   2.069E-16
   2.266E-17
   -1.186E-16
   2.827092280064448E-16
   3.698666666666666E-17
   1.3327040815158061E-16
   -0.5724    -0.814    -0.09897
   0.2904    -0.3141    0.9039
   0.7668    -0.4887    -0.4162
 Node:        110
  0.1058E+03  0.1118E+03  0.5081E+03 -0.4712E-04
   0.0
   2.776E-17
   0.0
  -1.388E-17
  -5.204E-17
   2.22E-16
   2.353E-16
   1.788E-17
   -3.112E-17
   2.456135916434593E-16
   7.402E-17
   1.157833574684491E-16
   -0.08376    -0.2246    0.9708
   0.7726    0.6007    0.2056
   0.6293    -0.7673    -0.1232
 Node:        111
  0.1108E+03  0.1137E+03  0.5210E+03 -0.4712E-04
   0.0
   5.551E-17
  -1.11E-16
  -2.776E-17
   3.261E-16
  -2.22E-16
   1.68E-16
   2.779E-18
   -5.038E-16
   6.063148942925615E-16
   -1.1100700000000001E-16
   2.8581958219244996E-16
   0.1486    0.7638    0.6281
   0.9825    -0.0417    -0.1818
