 Group name: gastroc_stress
 #Fields=  16
 1) coordinates, coordinate, rectangular cartesian, #Components=3
   x.  Value index= 1, #Derivatives=0
   y.  Value index= 2, #Derivatives=0
   z.  Value index= 3, #Derivatives=0
 2) Tensor_1, field, rectangular cartesian, #Components=1
   Tensor_1.  Value index= 4, #Derivatives=0
 3) Tensor_2, field, rectangular cartesian, #Components=1
   Tensor_2.  Value index= 5, #Derivatives=0
 4) Tensor_3, field, rectangular cartesian, #Components=1
   Tensor_3.  Value index= 6, #Derivatives=0
 5) Tensor_4, field, rectangular cartesian, #Components=1
   Tensor_4.  Value index= 7, #Derivatives=0
 6) Tensor_5, field, rectangular cartesian, #Components=1
   Tensor_5.  Value index= 8, #Derivatives=0
 7) Tensor_6, field, rectangular cartesian, #Components=1
   Tensor_6.  Value index= 9, #Derivatives=0
 8) Principal_1, field, rectangular cartesian, #Components=1
   Principal_1.  Value index= 10, #Derivatives=0
 9) Principal_2, field, rectangular cartesian, #Components=1
   Principal_2.  Value index= 11, #Derivatives=0
 10) Principal_3, field, rectangular cartesian, #Components=1
   Principal_3.  Value index= 12, #Derivatives=0
 11) VonMises, field, rectangular cartesian, #Components=1
   VonMises.  Value index= 13, #Derivatives=0
 12) Hydrostatic, field, rectangular cartesian, #Components=1
   VonMises.  Value index= 14, #Derivatives=0
 13) Octahedral, field, rectangular cartesian, #Components=1
   VonMises.  Value index= 15, #Derivatives=0
 14) PrincipalVector1, field, rectangular cartesian, #Components=3
   x.  Value index= 16, #Derivatives=0
   y.  Value index= 17, #Derivatives=0
   z.  Value index= 18, #Derivatives=0
 15) PrincipalVector2, field, rectangular cartesian, #Components=3
   x.  Value index= 19, #Derivatives=0
   y.  Value index= 20, #Derivatives=0
   z.  Value index= 21, #Derivatives=0
 16) PrincipalVector3, field, rectangular cartesian, #Components=3
   x.  Value index= 22, #Derivatives=0
   y.  Value index= 23, #Derivatives=0
   z.  Value index= 24, #Derivatives=0
 Node:          1
  0.1287E+03  0.1133E+03  0.4908E+03 -0.3597E-04
  -7.195E-5
  -1.439E-16
  -7.195E-5
  -4.798E-17
  -7.196E-17
  -7.195E-5
   -7.195E-5
   -7.195E-5
   -7.195E-5
   0.0
   -7.195E-5
   0.0
   0.966    -0.2571    -0.02713
   0.2489    0.9532    -0.1718
   0.07003    0.1592    0.9848
 Node:          2
  0.1292E+03  0.1137E+03  0.5052E+03 -0.3597E-04
  -7.195E-5
  -1.919E-16
  -7.195E-5
  -9.595E-17
   3.358E-16
  -7.195E-5
   -7.195E-5
   -7.195E-5
   -7.195E-5
   0.0
   -7.195E-5
   0.0
   0.895    -0.3984    -0.2008
   0.4462    0.7982    0.4047
   -9.548E-4    -0.4518    0.8921
 Node:          3
  0.1289E+03  0.1155E+03  0.5194E+03 -0.3597E-04
  -7.195E-5
   2.399E-16
  -7.195E-5
   1.919E-16
   9.595E-17
  -7.195E-5
   -7.195E-5
   -7.195E-5
   -7.195E-5
   0.0
   -7.195E-5
   0.0
   -0.4091    -0.8757    -0.2565
   0.496    -0.4494    0.7429
   0.7659    -0.1767    -0.6182
 Node:          4
  0.1361E+03  0.1141E+03  0.4915E+03 -0.3597E-04
  -7.195E-5
  -4.798E-17
  -7.195E-5
  -4.798E-17
  -1.439E-16
  -7.195E-5
   -7.195E-5
   -7.195E-5
   -7.195E-5
   0.0
   -7.195E-5
   0.0
   -0.04307    -0.09431    0.9946
   -0.9939    0.1055    -0.03303
   -0.1018    -0.9899    -0.09827
 Node:          5
  0.1341E+03  0.1144E+03  0.5054E+03 -0.3597E-04
  -7.195E-5
   2.399E-16
  -7.195E-5
   9.595E-17
  -1.199E-16
  -7.195E-5
   -7.195E-5
   -7.195E-5
   -7.195E-5
   0.0
   -7.195E-5
   0.0
   0.09701    -0.1794    0.979
   0.7184    0.6934    0.05584
   -0.6888    0.6979    0.1961
 Node:          6
  0.1323E+03  0.1162E+03  0.5191E+03 -0.3597E-04
  -7.195E-5
   9.595E-17
  -7.195E-5
  -9.595E-17
  -4.798E-17
  -7.195E-5
   -7.195E-5
   -7.195E-5
   -7.195E-5
   0.0
   -7.195E-5
   0.0
   -0.7149    -0.693    0.09323
   0.6931    -0.7199    -0.03579
   0.09192    0.03903    0.995
 Node:          7
  0.1408E+03  0.1171E+03  0.4920E+03 -0.3597E-04
  -7.195E-5
   3.838E-16
  -7.195E-5
  -1.439E-16
  -1.919E-16
  -7.195E-5
   -7.195E-5
   -7.195E-5
   -7.195E-5
   0.0
   -7.195E-5
   0.0
   0.8642    0.487    -0.1268
   -0.5006    0.8577    -0.1173
   0.05166    0.1648    0.985
 Node:          8
  0.1367E+03  0.1169E+03  0.5055E+03 -0.3597E-04
  -7.195E-5
   3.358E-16
  -7.195E-5
  -6.957E-16
  -4.078E-16
  -7.195E-5
   -7.195E-5
   -7.195E-5
   -7.195E-5
   0.0
   -7.195E-5
   0.0
   -0.7206    -0.6267    0.2964
   0.6357    -0.7679    -0.07815
   0.2766    0.1321    0.9518
 Node:          9
  0.1339E+03  0.1180E+03  0.5191E+03 -0.3597E-04
  -7.195E-5
   2.879E-16
  -7.195E-5
  -6.837E-16
  -4.798E-16
  -7.195E-5
   -7.195E-5
   -7.195E-5
   -7.195E-5
   0.0
   -7.195E-5
   0.0
   0.3024    0.1643    -0.9389
   0.9345    0.1428    0.326
   -0.1877    0.976    0.1104
 Node:         10
  0.1294E+03  0.1212E+03  0.4911E+03 -0.3597E-04
  -7.195E-5
   4.798E-17
  -7.195E-5
  -2.399E-17
   2.159E-16
  -7.195E-5
   -7.195E-5
   -7.195E-5
   -7.195E-5
   0.0
   -7.195E-5
   0.0
   0.02408    0.709    0.7048
   0.1744    0.6913    -0.7013
   -0.9844    0.1398    -0.107
 Node:         11
  0.1295E+03  0.1214E+03  0.5055E+03 -0.3597E-04
  -7.195E-5
  -4.798E-17
  -7.195E-5
  -7.196E-17
   2.399E-17
  -7.195E-5
   -7.195E-5
   -7.195E-5
   -7.195E-5
   0.0
   -7.195E-5
   0.0
   -0.2763    0.1332    0.9518
   -0.5865    0.7612    -0.2768
   0.7613    0.6347    0.1323
 Node:         12
  0.1295E+03  0.1217E+03  0.5196E+03 -0.3597E-04
  -7.195E-5
  -6.097E-37
  -7.195E-5
   1.319E-16
   4.798E-17
  -7.195E-5
   -7.195E-5
   -7.195E-5
   -7.195E-5
   0.0
   -7.195E-5
   0.0
   -0.2404    -0.08746    -0.9667
   -0.3422    0.9396    7.895E-5
   0.9084    0.3308    -0.2558
 Node:         13
  0.1361E+03  0.1199E+03  0.4914E+03 -0.3597E-04
  -7.195E-5
  -2.399E-16
  -7.195E-5
  -1.679E-16
   4.798E-17
  -7.195E-5
   -7.195E-5
   -7.195E-5
   -7.195E-5
   0.0
   -7.195E-5
   0.0
   0.9203    -0.37    -0.1273
   0.3696    0.9288    -0.02724
   0.1283    -0.02198    0.9915
 Node:         14
  0.1342E+03  0.1198E+03  0.5054E+03 -0.3597E-04
  -7.195E-5
   4.798E-17
  -7.195E-5
   9.595E-17
  -1.559E-16
  -7.195E-5
   -7.195E-5
   -7.195E-5
   -7.195E-5
   0.0
   -7.195E-5
   0.0
   0.09997    -0.2649    0.9591
   -0.2954    -0.9284    -0.2256
   -0.9501    0.2607    0.1711
 Node:         15
  0.1330E+03  0.1205E+03  0.5193E+03 -0.3597E-04
  -7.195E-5
  -1.439E-16
  -7.195E-5
   2.399E-17
   8.396E-17
  -7.195E-5
   -7.195E-5
   -7.195E-5
   -7.195E-5
   0.0
   -7.195E-5
   0.0
   0.9934    -0.1134    0.01425
   -0.01885    -0.2856    -0.9582
   0.1127    0.9516    -0.2858
 Node:         16
  0.1404E+03  0.1188E+03  0.4918E+03 -0.3597E-04
  -7.195E-5
   9.595E-17
  -7.195E-5
  -1.439E-16
  -2.519E-16
  -7.195E-5
   -7.195E-5
   -7.195E-5
   -7.195E-5
   0.0
   -7.195E-5
   0.0
   -0.1502    -0.2388    0.9594
   -0.7941    -0.5489    -0.2609
   0.589    -0.801    -0.1072
 Node:         17
  0.1365E+03  0.1184E+03  0.5055E+03 -0.3597E-04
  -7.195E-5
   4.798E-17
  -7.195E-5
   1.679E-16
   2.939E-16
  -7.195E-5
   -7.195E-5
   -7.195E-5
   -7.195E-5
   0.0
   -7.195E-5
   0.0
   0.2481    0.4018    0.8815
   0.9357    -0.3351    -0.1106
   -0.251    -0.8522    0.4591
 Node:         18
  0.1341E+03  0.1191E+03  0.5192E+03 -0.3597E-04
  -7.195E-5
  -8.106E-37
  -7.195E-5
   4.573E-17
   1.84E-16
  -7.195E-5
   -7.195E-5
   -7.195E-5
   -7.195E-5
   0.0
   -7.195E-5
   0.0
   0.02288    0.09201    0.9955
   0.9713    -0.2379    -3.325E-4
   -0.2368    -0.9669    0.09482
 Node:         19
  0.1301E+03  0.1291E+03  0.4914E+03  0.0000E+00
   4.934E-16
   0.0
   4.934E-16
   3.631E-19
   1.731E-17
  -9.869E-16
   4.936E-16
   4.934E-16
   -9.871E-16
   1.4806000101310279E-15
   -3.3333333333314155E-20
   6.979615382590138E-16
   -0.02097    -0.9997    -0.01169
   -0.9998    0.02097    -8.123E-17
   2.452E-4    0.01169    -0.9999
 Node:         20
  0.1299E+03  0.1291E+03  0.5058E+03  0.0000E+00
   9.869E-16
   0.0
   0.0
   1.799E-17
   3.326E-17
  -2.467E-16
   9.871E-16
   4.4E-18
   -2.514E-16
   1.1324785163525177E-15
   2.467E-16
   5.338554923072971E-16
   -0.9999    -4.917E-4    -0.01459
   0.002401    -0.9914    -0.1311
   -0.0144    -0.1312    0.9913
 Node:         21
  0.1301E+03  0.1280E+03  0.5197E+03  0.0000E+00
   4.934E-16
   0.0
   0.0
   7.196E-17
   2.549E-17
   4.934E-16
   5.66E-16
   4.222E-16
   -1.341E-18
   5.108528305500519E-16
   3.28953E-16
   2.408183337801893E-16
   -0.7039    -0.03195    -0.7096
   -0.7102    0.04241    0.7027
   -0.007642    -0.9986    0.05255
 Node:         22
  0.1360E+03  0.1256E+03  0.4913E+03  0.0000E+00
  -9.869E-16
   2.399E-17
  -4.934E-16
  -2.399E-17
   1.739E-16
   4.934E-16
   5.234E-16
   -5.215E-16
   -9.888E-16
   1.3410693755358072E-15
   -3.2896666666666662E-16
   6.321861663219854E-16
   -0.01298    0.1683    0.9857
   0.05935    0.9841    -0.1672
   -0.9982    0.05633    -0.02276
 Node:         23
  0.1343E+03  0.1253E+03  0.5054E+03  0.0000E+00
   0.0
   3.598E-17
  -1.974E-15
   0.0
   2.271E-16
  -7.401E-16
   6.796E-19
   -6.997E-16
   -2.015E-15
   1.7724996366646057E-15
   -9.046734666666666E-16
   8.355643418241562E-16
   0.9998    0.01889    0.00579
   -0.009011    0.1753    0.9845
   0.01758    -0.9843    0.1754
 Node:         24
  0.1336E+03  0.1248E+03  0.5194E+03  0.0000E+00
  -9.869E-16
   2.099E-17
   0.0
   2.399E-17
   1.499E-18
  -7.401E-16
   4.516E-19
   -7.379E-16
   -9.896E-16
   8.912682384908372E-16
   -5.756827999999999E-16
   4.2014787686204007E-16
   -0.02132    -0.9998    -0.002714
   0.09549    -0.004739    0.9954
   -0.9952    0.02096    0.09557
 Node:         25
  0.1400E+03  0.1206E+03  0.4917E+03  0.0000E+00
   0.0
   4.617E-16
  -4.934E-16
  -1.439E-16
  -2.249E-16
   9.869E-16
   1.067E-15
   2.05E-16
   -7.785E-16
   1.5994040296310373E-15
   1.6449999999999999E-16
   7.539662901394642E-16
   -0.2161    -0.2016    0.9553
   0.839    0.4621    0.2874
   -0.4994    0.8636    0.06929
 Node:         26
  0.1363E+03  0.1200E+03  0.5055E+03  0.0000E+00
   9.869E-16
   1.859E-16
  -2.714E-15
   4.797E-17
  -1.943E-15
  -2.467E-16
   1.006E-15
   8.09E-16
   -3.789E-15
   4.699597748744035E-15
   -6.579999999999999E-16
   2.215411624657293E-15
   0.968    0.1526    -0.1995
   0.2481    -0.4578    0.8538
   -0.03892    0.8759    0.4809
 Node:         27
  0.1343E+03  0.1203E+03  0.5192E+03  0.0000E+00
   9.869E-16
  -3.358E-16
   9.869E-16
  -1.799E-16
   2.27E-15
   0.0
   2.89E-15
   9.15E-16
   -1.831E-15
   4.1066398673367985E-15
   6.58E-16
   1.9358885987232494E-15
   -0.1931    0.7658    0.6135
   0.9808    0.1345    0.1409
   0.02534    0.6289    -0.7771
 Node:         28
  0.1155E+03  0.1124E+03  0.4931E+03 -0.2126E-03
  -4.252E-4
   6.599E-17
  -4.252E-4
  -9.599E-17
   9.599E-17
  -4.252E-4
   -4.252E-4
   -4.252E-4
   -4.252E-4
   0.0
   -4.252E-4
   0.0
   0.02397    0.9835    0.1795
   0.07204    0.1774    -0.9815
   -0.9971    0.03646    -0.0666
 Node:         29
  0.1119E+03  0.1139E+03  0.5068E+03 -0.2126E-03
  -4.252E-4
  -3.6E-17
  -4.252E-4
   9.599E-17
   1.2E-17
  -4.252E-4
   -4.252E-4
   -4.252E-4
   -4.252E-4
   0.0
   -4.252E-4
   0.0
   -0.03581    0.9993    0.005872
   -0.982    -0.0341    -0.1856
   -0.1852    -0.01241    0.9826
 Node:         30
  0.1113E+03  0.1159E+03  0.5206E+03 -0.2126E-03
  -4.252E-4
   2.16E-16
  -4.252E-4
   5.896E-36
  -4.8E-17
  -4.252E-4
   -4.252E-4
   -4.252E-4
   -4.252E-4
   0.0
   -4.252E-4
   0.0
   0.7039    0.7087    -0.04777
   -0.7085    0.6957    -0.1188
   -0.05099    0.1175    0.9918
 Node:         31
  0.1203E+03  0.1126E+03  0.4920E+03 -0.2126E-03
  -4.252E-4
   1.68E-16
  -4.252E-4
   4.8E-17
   7.199E-17
  -4.252E-4
   -4.252E-4
   -4.252E-4
   -4.252E-4
   0.0
   -4.252E-4
   0.0
   -0.7437    -0.4295    -0.5124
   0.5143    0.1221    -0.8489
   0.4271    -0.8948    0.13
 Node:         32
  0.1188E+03  0.1134E+03  0.5062E+03 -0.2126E-03
  -4.252E-4
  -2.4E-17
  -4.252E-4
  -4.8E-17
   1.68E-16
  -4.252E-4
   -4.252E-4
   -4.252E-4
   -4.252E-4
   0.0
   -4.252E-4
   0.0
   0.9989    -0.02092    -0.04168
   0.04663    0.4513    0.8912
   1.615E-4    -0.8921    0.4518
 Node:         33
  0.1183E+03  0.1150E+03  0.5201E+03 -0.2126E-03
  -4.252E-4
   9.599E-17
  -4.252E-4
   1.44E-16
  -7.861E-36
  -4.252E-4
   -4.252E-4
   -4.252E-4
   -4.252E-4
   0.0
   -4.252E-4
   0.0
   0.9536    0.1668    0.2505
   0.001688    0.8295    -0.5585
   -0.301    0.5331    0.7907
 Node:         34
  0.1255E+03  0.1129E+03  0.4909E+03 -0.2126E-03
  -4.252E-4
  -9.172E-36
  -4.252E-4
   9.599E-17
   1.68E-16
  -4.252E-4
   -4.252E-4
   -4.252E-4
   -4.252E-4
   0.0
   -4.252E-4
   0.0
   0.3512    0.6137    0.7072
   0.868    -0.4966    -1.632E-4
   -0.351    -0.6139    0.707
 Node:         35
  0.1260E+03  0.1135E+03  0.5054E+03 -0.2126E-03
  -4.252E-4
   1.92E-16
  -4.252E-4
   1.92E-16
   4.32E-16
  -4.252E-4
   -4.252E-4
   -4.252E-4
   -4.252E-4
   0.0
   -4.252E-4
   0.0
   0.7458    0.471    0.471
   -0.6661    0.5273    0.5274
   6.466E-5    -0.7071    0.7071
 Node:         36
  0.1257E+03  0.1153E+03  0.5196E+03 -0.2126E-03
  -4.252E-4
  -9.599E-17
  -4.252E-4
  -9.599E-17
   1.44E-16
  -4.252E-4
   -4.252E-4
   -4.252E-4
   -4.252E-4
   0.0
   -4.252E-4
   0.0
   -0.5156    0.6059    0.6058
   0.8568    0.3639    0.3653
   -8.592E-4    -0.7074    0.7068
 Node:         37
  0.1132E+03  0.1210E+03  0.4959E+03 -0.2126E-03
  -4.252E-4
   2.4E-16
  -4.252E-4
  -1.44E-16
   3.12E-16
  -4.252E-4
   -4.252E-4
   -4.252E-4
   -4.252E-4
   0.0
   -4.252E-4
   0.0
   -0.5077    -0.7956    -0.3307
   0.7555    -0.2266    -0.6147
   0.4141    -0.5619    0.7161
 Node:         38
  0.1111E+03  0.1204E+03  0.5085E+03 -0.2126E-03
  -4.252E-4
   1.68E-16
  -4.252E-4
  -4.8E-17
  -1.44E-16
  -4.252E-4
   -4.252E-4
   -4.252E-4
   -4.252E-4
   0.0
   -4.252E-4
   0.0
   0.2119    0.9668    -0.1429
   0.9724    -0.2233    -0.06838
   0.09801    0.1244    0.9874
 Node:         39
  0.1119E+03  0.1201E+03  0.5207E+03 -0.2126E-03
  -4.252E-4
  -1.68E-16
  -4.252E-4
  -1.44E-16
  -1.32E-16
  -4.252E-4
   -4.252E-4
   -4.252E-4
   -4.252E-4
   0.0
   -4.252E-4
   0.0
   0.9214    -0.07988    -0.3804
   0.3607    -0.1892    0.9133
   -0.1449    -0.9787    -0.1455
 Node:         40
  0.1191E+03  0.1220E+03  0.4937E+03 -0.2126E-03
  -4.252E-4
   1.44E-16
  -4.252E-4
   1.44E-16
  -2.4E-17
  -4.252E-4
   -4.252E-4
   -4.252E-4
   -4.252E-4
   0.0
   -4.252E-4
   0.0
   0.9817    0.1345    0.1345
   -2.134E-4    0.7079    -0.7063
   -0.1902    0.6934    0.695
 Node:         41
  0.1182E+03  0.1217E+03  0.5073E+03 -0.2126E-03
  -4.252E-4
  -4.8E-17
  -4.252E-4
   9.599E-17
   1.68E-16
  -4.252E-4
   -4.252E-4
   -4.252E-4
   -4.252E-4
   0.0
   -4.252E-4
   0.0
   -0.1537    -0.1966    -0.9684
   -0.9621    0.2533    0.1013
   0.2253    0.9472    -0.2281
 Node:         42
  0.1187E+03  0.1212E+03  0.5204E+03 -0.2126E-03
  -4.252E-4
  -9.599E-17
  -4.252E-4
   5.241E-36
   9.599E-17
  -4.252E-4
   -4.252E-4
   -4.252E-4
   -4.252E-4
   0.0
   -4.252E-4
   0.0
   -0.01859    0.09775    0.995
   -0.9834    0.178    -0.03586
   -0.1806    -0.9792    0.09281
 Node:         43
  0.1258E+03  0.1217E+03  0.4915E+03 -0.2126E-03
  -4.252E-4
   1.92E-16
  -4.252E-4
  -2.4E-17
   2.62E-36
  -4.252E-4
   -4.252E-4
   -4.252E-4
   -4.252E-4
   0.0
   -4.252E-4
   0.0
   0.9459    0.3241    -0.01746
   -0.3239    0.946    0.01165
   0.0203    -0.005362    0.9998
 Node:         44
  0.1259E+03  0.1220E+03  0.5059E+03 -0.2126E-03
  -4.252E-4
   2.4E-16
  -4.252E-4
   1.68E-16
   1.92E-16
  -4.252E-4
   -4.252E-4
   -4.252E-4
   -4.252E-4
   0.0
   -4.252E-4
   0.0
   -0.3604    -0.3833    -0.8504
   -0.6212    -0.5815    0.5253
   0.6959    -0.7176    0.0285
 Node:         45
  0.1261E+03  0.1221E+03  0.5198E+03 -0.2126E-03
  -4.252E-4
  -1.44E-16
  -4.252E-4
   4.8E-17
  -1.2E-17
  -4.252E-4
   -4.252E-4
   -4.252E-4
   -4.252E-4
   0.0
   -4.252E-4
   0.0
   0.06681    -0.01249    0.9977
   -0.9877    0.1408    0.0679
   -0.1413    -0.99    -0.002931
 Node:         46
  0.1117E+03  0.1296E+03  0.4959E+03  0.0000E+00
  -2.467E-16
   4.797E-17
  -7.401E-16
   1.199E-17
  -4.497E-17
   0.0
   3.057E-18
   -2.423E-16
   -7.476E-16
   6.629532710146319E-16
   -3.2894766666666664E-16
   3.125191690294995E-16
   0.03676    -0.058    0.9976
   0.9946    0.09864    -0.03092
   -0.09662    0.9934    0.06131
 Node:         47
  0.1107E+03  0.1269E+03  0.5087E+03  0.0000E+00
  -7.401E-16
  -5.397E-17
   4.934E-16
  -4.797E-17
   6.896E-17
   0.0
   5.058E-16
   -7.273E-18
   -7.452E-16
   1.0892155802819752E-15
   -8.222433333333333E-17
   5.1346114866095E-16
   -0.04821    0.9891    0.1394
   -0.05424    -0.142    0.9884
   -0.9974    -0.04009    -0.06049
 Node:         48
  0.1125E+03  0.1242E+03  0.5208E+03  0.0000E+00
   4.934E-16
   5.997E-18
   4.934E-16
   0.0
  -2.998E-18
   4.934E-16
   5.001E-16
   4.934E-16
   4.867E-16
   1.1604740410711462E-17
   4.934E-16
   5.470527092215756E-18
   -0.6325    -0.7071    0.3162
   0.4472    -2.276E-15    0.8944
   0.6325    -0.7071    -0.3162
 Node:         49
  0.1186E+03  0.1311E+03  0.4938E+03  0.0000E+00
  -7.401E-16
  -3.598E-17
   0.0
  -7.196E-17
  -1.049E-17
  -2.467E-16
   1.947E-18
   -2.366E-16
   -7.523E-16
   6.677348643803167E-16
   -3.2898433333333336E-16
   3.1477323375866775E-16
   0.04561    -0.9985    0.02894
   -0.143    0.02215    0.9895
   -0.9887    -0.04926    -0.1418
 Node:         50
  0.1180E+03  0.1298E+03  0.5075E+03  0.0000E+00
   0.0
  -2.249E-17
   1.48E-15
  -7.196E-17
   2.155E-17
   9.869E-16
   1.482E-15
   9.91E-16
   -5.513E-18
   1.3127859849072886E-15
   8.224956666666666E-16
   6.188532481164029E-16
   0.01739    -0.9988    -0.04603
   -0.07128    -0.04716    0.9963
   0.9973    0.01405    0.07201
 Node:         51
  0.1192E+03  0.1275E+03  0.5206E+03  0.0000E+00
   0.0
  -5.997E-18
  -2.467E-16
   0.0
   2.549E-17
   4.934E-16
   4.943E-16
   1.449E-19
   -2.477E-16
   6.54286006770747E-16
   8.22483E-17
   3.0843338148204166E-16
   -4.17E-4    0.03438    0.9994
   0.9997    -0.02416    0.001248
   0.02418    0.9991    -0.03436
 Node:         52
  0.1262E+03  0.1305E+03  0.4920E+03  0.0000E+00
   4.934E-16
  -2.399E-17
   4.934E-16
   2.249E-18
   8.48E-18
   0.0
   5.175E-16
   4.696E-16
   -1.6E-19
   4.95449666061044E-16
   3.2898E-16
   2.335572124055831E-16
   -0.7061    0.708    0.008534
   0.7081    0.706    0.01614
   -0.005403    -0.01744    0.9998
 Node:         53
  0.1258E+03  0.1304E+03  0.5063E+03  0.0000E+00
  -7.401E-16
  -2.998E-18
  -4.934E-16
   4.797E-17
   5.847E-17
  -9.869E-16
   -4.866E-16
   -7.314E-16
   -1.002E-15
   4.465358664206045E-16
   -7.399999999999999E-16
   2.104990261260132E-16
   0.0104    0.9931    0.1171
   -0.9836    0.03123    -0.1776
   -0.18    -0.1133    0.9771
 Node:         54
  0.1265E+03  0.1288E+03  0.5200E+03  0.0000E+00
  -9.869E-16
   3.598E-17
   4.934E-16
   0.0
  -7.496E-18
   4.934E-16
   5.014E-16
   4.864E-16
   -9.877E-16
   1.4816569474746847E-15
   3.3333333333314155E-20
   6.984597833010066E-16
   0.01758    0.7272    -0.6862
   0.01675    0.686    0.7274
   -0.9997    0.02428    1.229E-4
 Node:         55
  0.1381E+03  0.1168E+03  0.4525E+03  0.7725E-02
   0.0208
  -0.01126
   0.01557
  -0.004071
   0.01669
   0.01068
   0.03892
   0.01417
   -0.004437
   0.037673680454662246
   0.01621766666666667
   0.017759543281164514
   -0.5847    0.6598    0.472
   0.7889    0.327    0.5203
   -0.189    -0.6766    0.7117
 Node:         56
  0.1314E+03  0.1156E+03  0.4682E+03  0.7725E-02
   0.02209
  -0.01584
   0.0158
  -0.014
   0.009687
   0.01326
   0.04592
   0.004615
   0.002003
   0.04267099985938928
   0.017512666666666666
   0.02011530224038959
   -0.7041    0.5388    0.4625
   -0.02565    -0.6702    0.7417
   0.7096    0.5104    0.4857
 Node:         57
  0.1285E+03  0.1140E+03  0.4823E+03  0.7725E-02
   0.01926
  -0.006644
   0.01592
  -0.004182
   0.0029
   0.01546
   0.027
   0.01307
   0.01062
   0.01530280693206315
   0.016896666666666667
   0.007213812368566906
   -0.7281    0.5527    0.4055
   0.2549    -0.3309    0.9086
   0.6364    0.7649    0.09999
 Node:         58
  0.1477E+03  0.1176E+03  0.4530E+03  0.7725E-02
   0.02054
  -0.0101
   0.01638
  -0.001554
   0.01087
   0.007036
   0.03338
   0.01357
   -0.00108
   0.02995455057249232
   0.01529
   0.014120710558136464
   -0.6768    0.6668    0.3121
   0.7028    0.459    0.5435
   -0.2192    -0.5872    0.7792
 Node:         59
  0.1415E+03  0.1165E+03  0.4690E+03  0.7725E-02
   0.02375
  -0.02191
   0.01645
  -0.02632
   0.0193
   0.01328
   0.06663
   -0.001517
   -0.008071
   0.07164917280052854
   0.019013999999999996
   0.03377574396910698
   -0.6732    0.5234    0.5225
   0.47    0.8482    -0.2441
   -0.5709    0.08127    -0.817
 Node:         60
  0.1374E+03  0.1150E+03  0.4832E+03  0.7725E-02
   0.0202
  -0.01155
   0.01629
  -0.01255
   0.008071
   0.01598
   0.04016
   0.008034
   0.004828
   0.033843083015588284
   0.017674
   0.0159537823310545
   -0.6739    0.5174    0.5274
   -0.1408    -0.7907    0.5958
   0.7253    0.3272    0.6056
 Node:         61
  0.1548E+03  0.1217E+03  0.4534E+03  0.7725E-02
   0.02242
  -0.008457
   0.01424
   0.0109
  -0.01855
   0.01238
   0.04292
   0.01306
   -0.005214
   0.04208586836457102
   0.016922000000000003
   0.01983946860847504
   -0.6055    0.5664    -0.559
   0.7911    0.5049    -0.3453
   -0.08664    0.6513    0.7538
 Node:         62
  0.1488E+03  0.1200E+03  0.4698E+03  0.7725E-02
   0.02474
  -0.0366
   0.01653
  -0.02522
   0.01045
   0.01878
   0.07346
   0.008214
   -0.01794
   0.08153230105915078
   0.021244666666666665
   0.0384346953097791
   -0.7154    0.5429    0.4399
   0.1249    -0.52    0.845
   0.6875    0.6594    0.3042
 Node:         63
  0.1436E+03  0.1181E+03  0.4838E+03  0.7725E-02
   0.01963
  -0.01889
   0.01774
  -0.0101
   0.01405
   0.01664
   0.04833
   0.007912
   -0.001188
   0.045653351727994736
   0.018351333333333334
   0.021521196393839776
   -0.6169    0.6238    0.48
   0.5579    -0.08361    0.8257
   -0.5552    -0.7771    0.2964
 Node:         64
  0.1410E+03  0.1253E+03  0.4524E+03  0.7725E-02
   0.01545
  -0.01784
   0.01903
   1.279E-4
   5.864E-4
   0.01252
   0.0366
   0.0123
   -7.016E-4
   0.03279436662843178
   0.016066133333333333
   0.015459412685121285
   -0.6678    0.7442    0.01529
   0.03823    0.01377    0.9992
   0.7434    0.6678    -0.03764
 Node:         65
  0.1339E+03  0.1229E+03  0.4683E+03  0.7725E-02
   0.01939
  -0.02816
   0.01773
  -0.007479
   0.002511
   0.01364
   0.05022
   0.01235
   -0.009895
   0.05264404121075813
   0.017558333333333332
   0.024816639019460757
   -0.7212    0.6651    0.1938
   0.03754    -0.2418    0.9696
   0.6917    0.7065    0.1494
 Node:         66
  0.1299E+03  0.1214E+03  0.4825E+03  0.7725E-02
   0.0192
  -0.008502
   0.01621
  -0.003627
   0.002784
   0.01542
   0.02831
   0.01362
   0.008976
   0.017480938075515283
   0.016968666666666663
   0.008240593236465981
   -0.7266    0.5993    0.336
   0.2324    -0.2459    0.941
   0.6466    0.7618    0.0394
 Node:         67
  0.1495E+03  0.1242E+03  0.4529E+03  0.7725E-02
   0.01694
  -0.01213
   0.01883
   3.564E-4
   0.003186
   0.007867
   0.03205
   0.009068
   0.004081
   0.02583899624598448
   0.015066333333333334
   0.012180619643059581
   -0.6634    0.7429    0.08941
   -0.4956    -0.3468    -0.7963
   -0.5606    -0.5726    0.5982
 Node:         68
  0.1429E+03  0.1223E+03  0.4690E+03  0.7725E-02
   0.02269
  -0.02771
   0.0183
  -0.01985
   0.007988
   0.01133
   0.06027
   0.005895
   -0.01074
   0.06432644848738348
   0.018475000000000002
   0.030323778623383993
   -0.7194    0.5793    0.3834
   -0.0348    -0.5813    0.813
   0.6938    0.5715    0.4383
 Node:         69
  0.1379E+03  0.1205E+03  0.4831E+03  0.7725E-02
   0.02028
  -0.0117
   0.01638
  -0.009627
   0.005619
   0.01546
   0.03674
   0.01017
   0.005608
   0.02912025212802939
   0.017506
   0.013727418499727714
   -0.7011    0.5425    0.4628
   0.07542    -0.5889    0.8046
   0.7091    0.599    0.372
 Node:         70
  0.1550E+03  0.1238E+03  0.4534E+03  0.7725E-02
   0.01823
  -0.01602
   0.01795
  -0.008889
   0.00698
   0.005291
   0.04068
   0.003041
   4.638E-4
   0.038991531281035885
   0.014728266666666668
   0.01838078411844524
   -0.6863    0.6616    0.3019
   0.4354    0.7063    -0.5581
   -0.5826    -0.2516    -0.7729
 Node:         71
  0.1490E+03  0.1219E+03  0.4698E+03  0.7725E-02
   0.02541
  -0.0229
   0.0179
  -0.03819
   0.01407
   0.01174
   0.07485
   0.004901
   -0.01956
   0.08486592726766143
   0.020063666666666667
   0.04000618177509848
   -0.7197    0.4474    0.5308
   -0.2514    -0.8807    0.4015
   0.6471    0.1555    0.7464
 Node:         72
  0.1435E+03  0.1199E+03  0.4838E+03  0.7725E-02
   0.02144
  -0.01183
   0.0162
  -0.01647
   0.007132
   0.01578
   0.04345
   0.00938
   0.001364
   0.03870563623039932
   0.018064666666666666
   0.018246011899103385
   -0.7056    0.458    0.5407
   -0.191    -0.8578    0.4772
   0.6823    0.2334    0.6928
 Node:         73
  0.1440E+03  0.1339E+03  0.4521E+03  0.0000E+00
   0.006903
   9.477E-4
  -0.002843
  -0.006806
   0.005213
   1.357E-5
   0.01168
   0.001254
   -0.008388
   0.017383818107654023
   0.0015153333333333332
   0.008194810444557105
   -0.8223    0.1465    0.5499
   0.4606    0.7388    0.4919
   0.3342    -0.6578    0.675
 Node:         74
  0.1364E+03  0.1303E+03  0.4682E+03  0.0000E+00
   0.01015
   0.02188
  -1.778E-4
   0.004606
   0.00895
   0.001685
   0.03115
   -3.242E-4
   -0.0177
   0.04288861265697458
   0.004375266666666666
   0.020217885896953277
   -0.7406    -0.602    -0.2986
   -0.3703    -0.005174    0.9289
   -0.5607    0.7985    -0.2191
 Node:         75
  0.1313E+03  0.1288E+03  0.4826E+03  0.0000E+00
   0.005991
   0.008858
   2.505E-4
   0.002653
   0.001378
   2.541E-4
   0.01328
   -3.875E-4
   -0.006134
   0.01727319041897009
   0.0022528333333333333
   0.008142660051986833
   -0.7955    -0.564    -0.2215
   -0.1354    -0.1909    0.9722
   -0.5907    0.8034    0.07549
 Node:         76
  0.1513E+03  0.1309E+03  0.4528E+03  0.0000E+00
   0.00587
  -0.001896
  -0.00259
  -0.00711
  -3.938E-4
  -0.001271
   0.0107
   -0.002193
   -0.00613
   0.015247595187438574
   7.923333333333329E-4
   0.0071877853025501225
   -0.8539    0.1073    0.5092
   0.0965    -0.9289    0.3575
   0.5114    0.3544    0.7829
 Node:         77
  0.1443E+03  0.1280E+03  0.4689E+03  0.0000E+00
   0.01161
   0.01985
  -1.417E-4
   0.00616
   0.002985
   5.009E-4
   0.02891
   -9.903E-4
   -0.0146
   0.03855108282642655
   0.004439900000000001
   0.01817315472576698
   -0.7924    -0.5646    -0.231
   -0.1313    -0.2119    0.9684
   -0.5957    0.7977    0.09377
 Node:         78
  0.1384E+03  0.1261E+03  0.4829E+03  0.0000E+00
   0.006468
   0.0104
   2.78E-4
   0.003688
   0.001573
   1.771E-4
   0.01547
   -6.964E-4
   -0.007484
   0.020424374148551038
   0.0024298666666666665
   0.009628142307954437
   -0.7872    -0.5648    -0.2478
   -0.1188    -0.2554    0.9595
   -0.6052    0.7848    0.1339
 Node:         79
  0.1553E+03  0.1259E+03  0.4534E+03  0.0000E+00
   0.004253
  -0.007391
  -0.01079
  -0.02014
   0.001149
  -2.16E-4
   0.02522
   -0.00963
   -0.02041
   0.041308762992856615
   -0.001606666666666667
   0.019473137623117875
   0.7522    -0.1768    -0.6348
   -0.1327    0.903    -0.4087
   0.6454    0.3917    0.6557
 Node:         80
  0.1492E+03  0.1238E+03  0.4698E+03  0.0000E+00
   0.0135
   0.00292
  -0.006714
   0.01197
   0.005567
   0.001274
   0.02313
   -0.003557
   -0.009637
   0.030189722241186656
   0.0033120000000000003
   0.014231571545920946
   -0.8361    -0.1812    -0.5179
   -0.5024    0.6322    0.5898
   -0.2205    -0.7533    0.6196
 Node:         81
  0.1433E+03  0.1217E+03  0.4837E+03  0.0000E+00
   0.007192
   0.007435
  -5.704E-4
   0.0123
   0.003533
   6.811E-4
   0.02026
   -0.003191
   -0.009133
   0.026918443621428045
   0.0026453333333333333
   0.012689476015799691
   -0.7571    -0.3639    -0.5425
   0.1121    -0.8905    0.4409
   -0.6436    0.2731    0.715
 Node:         82
  0.1267E+03  0.1148E+03  0.4557E+03  0.1363E-01
   0.0324
  -0.01368
   0.02647
  -0.005693
  -0.002334
   0.02639
   0.04512
   0.02779
   0.01295
   0.02788784143672651
   0.028620000000000003
   0.013146454528376338
   -0.8001    0.574    0.1739
   -0.1032    -0.4173    0.9029
   0.5909    0.7045    0.3932
 Node:         83
  0.1234E+03  0.1129E+03  0.4716E+03  0.1363E-01
   0.03103
  -0.011
   0.02666
  -0.0139
   4.543E-4
   0.02783
   0.04829
   0.02646
   0.01139
   0.032134590397265066
   0.02871333333333333
   0.015148391187038826
   -0.7466    0.3955    0.535
   0.03563    -0.7792    0.6258
   0.6644    0.4863    0.5676
 Node:         84
  0.1187E+03  0.1123E+03  0.4849E+03  0.1363E-01
   0.03007
  -0.001083
   0.0272
  -0.004069
   2.036E-4
   0.0279
   0.0335
   0.02703
   0.02457
   0.007989286576409687
   0.02836666666666667
   0.0037661858100146305
   -0.7821    0.1554    0.6034
   0.01288    -0.9642    0.265
   0.623    0.215    0.7521
 Node:         85
  0.1302E+03  0.1161E+03  0.4544E+03  0.1363E-01
   0.03279
  -0.01558
   0.02648
  -0.005554
  -0.004197
   0.02557
   0.0472
   0.02811
   0.01045
   0.031834464028784905
   0.028586666666666666
   0.015006910260128683
   -0.7972    0.5971    0.08921
   -0.1925    -0.3915    0.8998
   0.5722    0.7002    0.427
 Node:         86
  0.1252E+03  0.1138E+03  0.4700E+03  0.1363E-01
   0.02919
  -0.01206
   0.02916
  -0.02994
   0.001752
   0.02732
   0.06312
   0.02802
   -0.003195
   0.05746331634181932
   0.029314999999999997
   0.0270884671031788
   -0.7183    0.3038    0.6259
   -0.06517    -0.925    0.3742
   0.6926    0.228    0.6843
 Node:         87
  0.1217E+03  0.1126E+03  0.4833E+03  0.1363E-01
   0.0303
  -8.579E-4
   0.02721
  -0.006235
   8.207E-4
   0.02796
   0.0359
   0.02687
   0.02264
   0.01173161114254986
   0.028470000000000006
   0.005530334528760444
   -0.7594    0.1373    0.6359
   -0.1167    -0.9904    0.07445
   0.64    -0.01766    0.7681
 Node:         88
  0.1338E+03  0.1169E+03  0.4527E+03  0.1363E-01
   0.03173
  -0.01523
   0.02714
  -0.005666
   0.00214
   0.02629
   0.04766
   0.02466
   0.01348
   0.03018496976973805
   0.0286
   0.014229331209395143
   -0.7521    0.604    0.2638
   0.08493    -0.3081    0.9476
   0.6536    0.7351    0.1804
 Node:         89
  0.1270E+03  0.1150E+03  0.4682E+03  0.1363E-01
   0.03278
  -0.01398
   0.02712
  -0.01534
   7.281E-4
   0.02737
   0.05263
   0.02608
   0.009257
   0.037875671333984305
   0.029322333333333336
   0.017854762694835487
   -0.7602    0.4357    0.482
   0.004504    -0.7382    0.6745
   0.6497    0.5149    0.5592
 Node:         90
  0.1248E+03  0.1132E+03  0.4821E+03  0.1363E-01
   0.03068
  -0.004923
   0.0275
  -0.00385
   0.002033
   0.02744
   0.03663
   0.02538
   0.02354
   0.012273878767529037
   0.028516666666666666
   0.005785961938654244
   -0.7443    0.5089    0.4325
   0.1484    -0.5053    0.8501
   0.6512    0.6969    0.3006
 Node:         91
  0.1258E+03  0.1259E+03  0.4545E+03  0.1363E-01
   0.02731
  -0.027
   0.02947
  -0.009435
  -5.518E-4
   0.02624
   0.05891
   0.02701
   -5.809E-4
   0.05156566176061352
   0.028446366666666667
   0.024308286071534447
   -0.6997    0.6879    0.193
   -0.0603    -0.326    0.9434
   0.7119    0.6485    0.2696
 Node:         92
  0.1208E+03  0.1231E+03  0.4724E+03  0.1363E-01
   0.03113
  -0.01795
   0.02692
  -0.01536
  -0.001444
   0.02705
   0.05366
   0.0283
   0.004427
   0.04264351074899908
   0.028795666666666667
   0.02010234374947912
   -0.7587    0.4969    0.4214
   -0.005863    -0.652    0.7582
   0.6515    0.5727    0.4975
 Node:         93
  0.1159E+03  0.1217E+03  0.4876E+03  0.1363E-01
   0.03054
   3.332E-4
   0.02712
  -0.007438
  -0.003258
   0.02775
   0.03764
   0.02727
   0.02051
   0.01494442036346676
   0.028473333333333333
   0.007044867319939784
   -0.7291    -0.2296    0.6447
   -0.4034    0.9052    -0.1338
   -0.5529    -0.3576    -0.7526
 Node:         94
  0.1312E+03  0.1261E+03  0.4536E+03  0.1363E-01
   0.02655
  -0.0266
   0.02999
  -0.005537
  -0.002873
   0.02546
   0.05751
   0.02675
   1.767E-4
   0.049696202882011015
   0.028145566666666667
   0.02342701470472829
   -0.6858    0.7261    0.04977
   -0.1389    -0.1977    0.9704
   0.7145    0.6585    0.2364
 Node:         95
  0.1249E+03  0.1234E+03  0.4704E+03  0.1363E-01
   0.03218
  -0.01605
   0.02789
  -0.01715
   1.466E-4
   0.0254
   0.05489
   0.02631
   0.005612
   0.04285758327297516
   0.028937333333333332
   0.02020325850505859
   -0.7596    0.4746    0.4447
   -0.06703    -0.7372    0.6723
   0.6469    0.4809    0.5918
 Node:         96
  0.1205E+03  0.1222E+03  0.4852E+03  0.1363E-01
   0.03107
  -7.714E-4
   0.02726
  -0.008766
  -6.798E-4
   0.02739
   0.03862
   0.02721
   0.0199
   0.016341092374746555
   0.028576666666666667
   0.007703264820119383
   -0.7835    0.01546    0.6213
   0.07657    -0.9897    0.1212
   0.6167    0.1425    0.7742
 Node:         97
  0.1366E+03  0.1259E+03  0.4525E+03  0.1363E-01
   0.02743
  -0.02148
   0.03026
  -0.006802
  -0.00229
   0.02481
   0.05288
   0.02642
   0.005031
   0.04151594706856632
   0.028110333333333334
   0.01957080513304334
   -0.6862    0.72    0.1042
   -0.17    -0.298    0.9393
   0.7073    0.6268    0.3269
 Node:         98
  0.1295E+03  0.1232E+03  0.4684E+03  0.1363E-01
   0.0313
  -0.02634
   0.02871
  -0.01381
  -6.413E-4
   0.02551
   0.06172
   0.0263
   -4.495E-4
   0.05401462246697648
   0.029190166666666666
   0.025462737219753537
   -0.7396    0.6159    0.2714
   -0.06821    -0.4697    0.8802
   0.6696    0.6325    0.3894
 Node:         99
  0.1260E+03  0.1218E+03  0.4827E+03  0.1363E-01
   0.03089
  -0.006814
   0.02765
  -0.004798
   0.001932
   0.02727
   0.03889
   0.02538
   0.02151
   0.015804451904447684
   0.02859333333333333
   0.007450290076381069
   -0.744    0.5342    0.4013
   0.07162    -0.5334    0.8428
   0.6643    0.6558    0.3586
 Node:        100
  0.1249E+03  0.1371E+03  0.4532E+03  0.0000E+00
   0.007941
   0.004153
  -0.001913
  -0.005797
  -0.00291
   0.002404
   0.01351
   -0.001227
   -0.003486
   0.015986654840835217
   0.0029323333333333332
   0.0075361813642955515
   -0.8047    -0.3114    0.5055
   -0.5559    0.09607    -0.8257
   -0.2086    0.9454    0.2504
 Node:        101
  0.1187E+03  0.1335E+03  0.4716E+03  0.0000E+00
   0.007063
   0.009587
  -5.967E-5
   0.007978
   0.005794
   0.00408
   0.02006
   -0.002043
   -0.006504
   0.02463827536577997
   0.0038376666666666676
   0.011614594391922988
   -0.7    -0.4827    -0.5264
   -0.4509    -0.2729    0.8498
   -0.5538    0.8322    -0.02662
 Node:        102
  0.1139E+03  0.1312E+03  0.4875E+03  0.0000E+00
   0.004008
   0.007325
   6.891E-4
   0.006494
   0.005305
   7.58E-4
   0.01501
   -0.004179
   -0.005107
   0.019669425436448316
   0.001908
   0.009272256072103848
   0.6742    0.5368    0.5072
   -0.4475    -0.2494    0.8588
   -0.5875    0.806    -0.0721
 Node:        103
  0.1322E+03  0.1363E+03  0.4525E+03  0.0000E+00
   0.007814
   0.002743
  -0.00352
  -0.006811
  -0.003089
   0.002722
   0.01382
   -0.001687
   -0.004587
   0.017141976227961583
   0.002515333333333334
   0.008080805089153487
   -0.796    -0.2267    0.5612
   -0.605    0.3277    -0.7257
   0.0194    0.9172    0.398
 Node:        104
  0.1249E+03  0.1329E+03  0.4700E+03  0.0000E+00
   0.008101
   0.01254
  -0.001208
   0.008564
   0.007343
   0.004388
   0.02377
   -0.002089
   -0.009634
   0.03034338578669164
   0.0040156666666666665
   0.014304009235952772
   -0.7044    -0.4996    -0.5042
   -0.4814    -0.1859    0.8566
   -0.5217    0.8461    -0.1096
 Node:        105
  0.1200E+03  0.1317E+03  0.4853E+03  0.0000E+00
   0.004754
   0.007918
   4.465E-4
   0.007268
   0.004965
   7.142E-4
   0.01609
   -0.004196
   -0.005658
   0.021055103229383604
   0.0020786666666666666
   0.009925470848053283
   -0.6991    -0.5145    -0.4966
   -0.2044    -0.5217    0.8283
   -0.6852    0.6805    0.2596
 Node:        106
  0.1395E+03  0.1350E+03  0.4521E+03  0.0000E+00
   0.007282
   0.001114
  -0.004966
  -0.007289
   5.888E-4
   0.001866
   0.0128
   -0.002663
   -0.005314
   0.01694475089813952
   0.0016076666666666667
   0.007987832177060864
   -0.8255    -0.03268    0.5634
   -0.4864    -0.4653    -0.7396
   -0.2863    0.8845    -0.3682
 Node:        107
  0.1320E+03  0.1315E+03  0.4684E+03  0.0000E+00
   0.009535
   0.01822
  -0.001806
   0.007222
   0.008078
   0.003148
   0.02814
   -0.001155
   -0.01483
   0.03802383167172924
   0.004051666666666666
   0.017924606147850377
   -0.7356    -0.5516    -0.3933
   -0.3993    -0.116    0.9094
   -0.5472    0.826    -0.135
 Node:        108
  0.1272E+03  0.1303E+03  0.4831E+03  0.0000E+00
   0.005607
   0.008312
   2.327E-4
   0.00452
   0.00233
   3.83E-4
   0.01374
   -0.001394
   -0.005858
   0.017791105305741968
   0.002162666666666667
   0.008386807470996073
   -0.7682    -0.534    -0.3531
   -0.1885    -0.3384    0.9219
   -0.6118    0.7748    0.1593
 Node:        109
  0.1018E+03  0.1092E+03  0.4946E+03 -0.4712E-04
  -9.424E-5
   2.399E-16
  -9.424E-5
   9.596E-17
  -2.399E-17
  -9.424E-5
   -9.424E-5
   -9.424E-5
   -9.424E-5
   0.0
   -9.424E-5
   0.0
   -0.3792    -0.925    -0.02397
   0.48    -0.2188    0.8495
   0.7911    -0.3106    -0.527
 Node:        110
  0.1058E+03  0.1118E+03  0.5081E+03 -0.4712E-04
  -9.424E-5
   4.798E-17
  -9.424E-5
  -2.399E-17
  -8.996E-17
  -9.424E-5
   -9.424E-5
   -9.424E-5
   -9.424E-5
   0.0
   -9.424E-5
   0.0
   -0.02839    -0.09125    0.9954
   0.7346    0.6735    0.08269
   -0.6779    0.7336    0.04791
 Node:        111
  0.1108E+03  0.1137E+03  0.5210E+03 -0.4712E-04
  -9.424E-5
   9.596E-17
  -9.424E-5
  -4.798E-17
   5.637E-16
  -9.424E-5
   -9.424E-5
   -9.424E-5
   -9.424E-5
   0.0
   -9.424E-5
   0.0
   0.9392    0.3169    0.1318
   0.3364    -0.7738    -0.5367
   -0.06808    0.5484    -0.8334
 Node:        112
  0.1072E+03  0.1111E+03  0.4942E+03 -0.4712E-04
  -9.424E-5
   2.399E-16
  -9.424E-5
  -7.26E-37
   2.399E-17
  -9.424E-5
   -9.424E-5
   -9.424E-5
   -9.424E-5
   0.0
   -9.424E-5
   0.0
   0.3759    0.9265    0.01672
   0.9266    -0.3757    -0.01402
   0.006711    -0.02076    0.9998
 Node:        113
  0.1071E+03  0.1139E+03  0.5077E+03 -0.4712E-04
  -9.424E-5
   9.584E-36
  -9.424E-5
   2.879E-16
  -2.639E-16
  -9.424E-5
   -9.424E-5
   -9.424E-5
   -9.424E-5
   0.0
   -9.424E-5
   0.0
   -0.1653    0.6537    -0.7384
   -0.2298    -0.7537    -0.6158
   -0.9591    0.06788    0.2748
 Node:        114
  0.1093E+03  0.1164E+03  0.5209E+03 -0.4712E-04
  -9.424E-5
   1.919E-16
  -9.424E-5
  -4.798E-17
   9.596E-17
  -9.424E-5
   -9.424E-5
   -9.424E-5
   -9.424E-5
   0.0
   -9.424E-5
   0.0
   -0.6573    -0.7285    -0.1931
   -0.4203    0.1416    0.8963
   0.6256    -0.6703    0.3993
 Node:        115
  0.1129E+03  0.1120E+03  0.4932E+03 -0.4712E-04
  -9.424E-5
  -8.712E-37
  -9.424E-5
  -1.439E-16
  -4.798E-17
  -9.424E-5
   -9.424E-5
   -9.424E-5
   -9.424E-5
   0.0
   -9.424E-5
   0.0
   0.6708    0.2235    -0.7072
   0.3161    -0.9487    -6.376E-6
   -0.6709    -0.2236    -0.707
 Node:        116
  0.1092E+03  0.1143E+03  0.5068E+03 -0.4712E-04
  -9.424E-5
   8.996E-17
  -9.424E-5
   2.879E-16
   3.598E-17
  -9.424E-5
   -9.424E-5
   -9.424E-5
   -9.424E-5
   0.0
   -9.424E-5
   0.0
   -0.223    -0.9699    -0.09795
   0.8805    -0.2435    0.4067
   -0.4183    0.004437    0.9083
 Node:        117
  0.1089E+03  0.1172E+03  0.5207E+03 -0.4712E-04
  -9.424E-5
  -1.199E-16
  -9.424E-5
  -2.399E-16
  -2.879E-16
  -9.424E-5
   -9.424E-5
   -9.424E-5
   -9.424E-5
   0.0
   -9.424E-5
   0.0
   -0.232    -0.2201    0.9475
   -0.8739    0.475    -0.1036
   -0.4272    -0.852    -0.3025
 Node:        118
  0.1017E+03  0.1094E+03  0.4948E+03 -0.4712E-04
  -9.424E-5
