 Group name: gastroc_stress
 #Fields=  16
 1) coordinates, coordinate, rectangular cartesian, #Components=3
   x.  Value index= 1, #Derivatives=0
   y.  Value index= 2, #Derivatives=0
   z.  Value index= 3, #Derivatives=0
 2) Tensor_1, field, rectangular cartesian, #Components=1
   Tensor_1.  Value index= 4, #Derivatives=0
 3) Tensor_2, field, rectangular cartesian, #Components=1
   Tensor_2.  Value index= 5, #Derivatives=0
 4) Tensor_3, field, rectangular cartesian, #Components=1
   Tensor_3.  Value index= 6, #Derivatives=0
 5) Tensor_4, field, rectangular cartesian, #Components=1
   Tensor_4.  Value index= 7, #Derivatives=0
 6) Tensor_5, field, rectangular cartesian, #Components=1
   Tensor_5.  Value index= 8, #Derivatives=0
 7) Tensor_6, field, rectangular cartesian, #Components=1
   Tensor_6.  Value index= 9, #Derivatives=0
 8) Principal_1, field, rectangular cartesian, #Components=1
   Principal_1.  Value index= 10, #Derivatives=0
 9) Principal_2, field, rectangular cartesian, #Components=1
   Principal_2.  Value index= 11, #Derivatives=0
 10) Principal_3, field, rectangular cartesian, #Components=1
   Principal_3.  Value index= 12, #Derivatives=0
 11) VonMises, field, rectangular cartesian, #Components=1
   VonMises.  Value index= 13, #Derivatives=0
 12) Hydrostatic, field, rectangular cartesian, #Components=1
   VonMises.  Value index= 14, #Derivatives=0
 13) Octahedral, field, rectangular cartesian, #Components=1
   VonMises.  Value index= 15, #Derivatives=0
 14) PrincipalVector1, field, rectangular cartesian, #Components=3
   x.  Value index= 16, #Derivatives=0
   y.  Value index= 17, #Derivatives=0
   z.  Value index= 18, #Derivatives=0
 15) PrincipalVector2, field, rectangular cartesian, #Components=3
   x.  Value index= 19, #Derivatives=0
   y.  Value index= 20, #Derivatives=0
   z.  Value index= 21, #Derivatives=0
 16) PrincipalVector3, field, rectangular cartesian, #Components=3
   x.  Value index= 22, #Derivatives=0
   y.  Value index= 23, #Derivatives=0
   z.  Value index= 24, #Derivatives=0
 Node:          1
  0.1287E+03  0.1133E+03  0.4908E+03 -0.2926E-04
  -5.853E-5
  -1.439E-16
  -5.853E-5
  -4.798E-17
  -7.196E-17
  -5.853E-5
   -5.853E-5
   -5.853E-5
   -5.853E-5
   0.0
   -5.853E-5
   0.0
   0.966    -0.2571    -0.02713
   0.2489    0.9532    -0.1718
   0.07003    0.1592    0.9848
 Node:          2
  0.1292E+03  0.1137E+03  0.5052E+03 -0.2926E-04
  -5.853E-5
  -1.919E-16
  -5.853E-5
  -9.595E-17
   3.358E-16
  -5.853E-5
   -5.853E-5
   -5.853E-5
   -5.853E-5
   0.0
   -5.853E-5
   0.0
   0.895    -0.3984    -0.2008
   0.4461    0.7982    0.4048
   -9.578E-4    -0.4518    0.8921
 Node:          3
  0.1289E+03  0.1155E+03  0.5194E+03 -0.2926E-04
  -5.853E-5
   2.399E-16
  -5.853E-5
   1.919E-16
   9.595E-17
  -5.853E-5
   -5.853E-5
   -5.853E-5
   -5.853E-5
   0.0
   -5.853E-5
   0.0
   -0.4092    -0.8757    -0.2565
   0.496    -0.4494    0.743
   0.7659    -0.1767    -0.6182
 Node:          4
  0.1361E+03  0.1141E+03  0.4915E+03 -0.2926E-04
  -5.853E-5
  -4.798E-17
  -5.853E-5
  -4.798E-17
  -1.439E-16
  -5.853E-5
   -5.853E-5
   -5.853E-5
   -5.853E-5
   0.0
   -5.853E-5
   0.0
   -0.04307    -0.0943    0.9946
   -0.9939    0.1055    -0.03304
   -0.1018    -0.9899    -0.09826
 Node:          5
  0.1341E+03  0.1144E+03  0.5054E+03 -0.2926E-04
  -5.853E-5
   2.399E-16
  -5.853E-5
   9.595E-17
  -1.199E-16
  -5.853E-5
   -5.853E-5
   -5.853E-5
   -5.853E-5
   0.0
   -5.853E-5
   0.0
   0.097    -0.1794    0.979
   0.7184    0.6934    0.05584
   -0.6888    0.6979    0.1961
 Node:          6
  0.1323E+03  0.1162E+03  0.5191E+03 -0.2926E-04
  -5.853E-5
   9.595E-17
  -5.853E-5
  -9.595E-17
  -4.798E-17
  -5.853E-5
   -5.853E-5
   -5.853E-5
   -5.853E-5
   0.0
   -5.853E-5
   0.0
   -0.715    -0.6928    0.09321
   0.693    -0.72    -0.03581
   0.09193    0.03899    0.995
 Node:          7
  0.1408E+03  0.1171E+03  0.4920E+03 -0.2926E-04
  -5.853E-5
   3.838E-16
  -5.853E-5
  -1.439E-16
  -1.919E-16
  -5.853E-5
   -5.853E-5
   -5.853E-5
   -5.853E-5
   0.0
   -5.853E-5
   0.0
   0.8641    0.487    -0.1268
   -0.5006    0.8577    -0.1173
   0.05166    0.1648    0.985
 Node:          8
  0.1367E+03  0.1169E+03  0.5055E+03 -0.2926E-04
  -5.853E-5
   3.358E-16
  -5.853E-5
  -6.956E-16
  -4.078E-16
  -5.853E-5
   -5.853E-5
   -5.853E-5
   -5.853E-5
   0.0
   -5.853E-5
   0.0
   -0.7206    -0.6268    0.2964
   0.6358    -0.7679    -0.07816
   0.2766    0.1321    0.9518
 Node:          9
  0.1339E+03  0.1180E+03  0.5191E+03 -0.2926E-04
  -5.853E-5
   2.879E-16
  -5.853E-5
  -6.837E-16
  -4.798E-16
  -5.853E-5
   -5.853E-5
   -5.853E-5
   -5.853E-5
   0.0
   -5.853E-5
   0.0
   0.3024    0.1644    -0.9389
   0.9345    0.1427    0.326
   -0.1876    0.976    0.1105
 Node:         10
  0.1294E+03  0.1212E+03  0.4911E+03 -0.2926E-04
  -5.853E-5
   4.798E-17
  -5.853E-5
  -2.399E-17
   2.159E-16
  -5.853E-5
   -5.853E-5
   -5.853E-5
   -5.853E-5
   0.0
   -5.853E-5
   0.0
   0.02408    0.7089    0.7049
   0.1744    0.6913    -0.7012
   -0.9844    0.1398    -0.107
 Node:         11
  0.1295E+03  0.1214E+03  0.5055E+03 -0.2926E-04
  -5.853E-5
  -4.798E-17
  -5.853E-5
  -7.196E-17
   2.399E-17
  -5.853E-5
   -5.853E-5
   -5.853E-5
   -5.853E-5
   0.0
   -5.853E-5
   0.0
   -0.2763    0.1332    0.9518
   -0.5865    0.7612    -0.2768
   0.7613    0.6347    0.1322
 Node:         12
  0.1295E+03  0.1217E+03  0.5196E+03 -0.2926E-04
  -5.853E-5
  -4.96E-37
  -5.853E-5
   1.319E-16
   4.798E-17
  -5.853E-5
   -5.853E-5
   -5.853E-5
   -5.853E-5
   0.0
   -5.853E-5
   0.0
   -0.2404    -0.0874    -0.9667
   -0.3416    0.9398    -1.18E-5
   -0.9086    -0.3303    0.2558
 Node:         13
  0.1361E+03  0.1199E+03  0.4914E+03 -0.2926E-04
  -5.853E-5
  -2.399E-16
  -5.853E-5
  -1.679E-16
   4.798E-17
  -5.853E-5
   -5.853E-5
   -5.853E-5
   -5.853E-5
   0.0
   -5.853E-5
   0.0
   0.9203    -0.37    -0.1273
   0.3697    0.9288    -0.02722
   0.1283    -0.022    0.9915
 Node:         14
  0.1342E+03  0.1198E+03  0.5054E+03 -0.2926E-04
  -5.853E-5
   4.798E-17
  -5.853E-5
   9.595E-17
  -1.559E-16
  -5.853E-5
   -5.853E-5
   -5.853E-5
   -5.853E-5
   0.0
   -5.853E-5
   0.0
   0.09997    -0.2648    0.9591
   -0.2953    -0.9284    -0.2256
   -0.9502    0.2607    0.171
 Node:         15
  0.1330E+03  0.1205E+03  0.5193E+03 -0.2926E-04
  -5.853E-5
  -1.439E-16
  -5.853E-5
   2.399E-17
   8.396E-17
  -5.853E-5
   -5.853E-5
   -5.853E-5
   -5.853E-5
   0.0
   -5.853E-5
   0.0
   0.9934    -0.1134    0.01425
   -0.01885    -0.2856    -0.9582
   0.1127    0.9516    -0.2858
 Node:         16
  0.1404E+03  0.1188E+03  0.4918E+03 -0.2926E-04
  -5.853E-5
   9.595E-17
  -5.853E-5
  -1.439E-16
  -2.519E-16
  -5.853E-5
   -5.853E-5
   -5.853E-5
   -5.853E-5
   0.0
   -5.853E-5
   0.0
   -0.1502    -0.2388    0.9594
   -0.7941    -0.549    -0.2609
   0.589    -0.801    -0.1072
 Node:         17
  0.1365E+03  0.1184E+03  0.5055E+03 -0.2926E-04
  -5.853E-5
   4.798E-17
  -5.853E-5
   1.679E-16
   2.939E-16
  -5.853E-5
   -5.853E-5
   -5.853E-5
   -5.853E-5
   0.0
   -5.853E-5
   0.0
   0.2481    0.4018    0.8815
   0.9357    -0.3351    -0.1106
   -0.251    -0.8522    0.459
 Node:         18
  0.1341E+03  0.1191E+03  0.5192E+03 -0.2926E-04
  -5.853E-5
  -6.594E-37
  -5.853E-5
   4.573E-17
   1.84E-16
  -5.853E-5
   -5.853E-5
   -5.853E-5
   -5.853E-5
   0.0
   -5.853E-5
   0.0
   0.02287    0.09199    0.9955
   0.9712    -0.2383    -2.909E-4
   -0.2372    -0.9668    0.09479
 Node:         19
  0.1301E+03  0.1291E+03  0.4914E+03  0.0000E+00
   4.934E-16
   0.0
   4.934E-16
   3.631E-19
   1.731E-17
  -9.869E-16
   4.936E-16
   4.934E-16
   -9.871E-16
   1.4806000101310279E-15
   -3.3333333333314155E-20
   6.979615382590138E-16
   -0.02097    -0.9997    -0.01169
   -0.9998    0.02097    -8.123E-17
   2.452E-4    0.01169    -0.9999
 Node:         20
  0.1299E+03  0.1291E+03  0.5058E+03  0.0000E+00
   9.869E-16
   0.0
   0.0
   1.799E-17
   3.326E-17
  -2.467E-16
   9.871E-16
   4.4E-18
   -2.514E-16
   1.1324785163525177E-15
   2.467E-16
   5.338554923072971E-16
   -0.9999    -4.917E-4    -0.01459
   0.002401    -0.9914    -0.1311
   -0.0144    -0.1312    0.9913
 Node:         21
  0.1301E+03  0.1280E+03  0.5197E+03  0.0000E+00
   4.934E-16
   0.0
   0.0
   7.196E-17
   2.549E-17
   4.934E-16
   5.66E-16
   4.222E-16
   -1.341E-18
   5.108528305500519E-16
   3.28953E-16
   2.408183337801893E-16
   -0.7039    -0.03195    -0.7096
   -0.7102    0.04241    0.7027
   -0.007642    -0.9986    0.05255
 Node:         22
  0.1360E+03  0.1256E+03  0.4913E+03  0.0000E+00
  -9.869E-16
   2.399E-17
  -4.934E-16
  -2.399E-17
   1.739E-16
   4.934E-16
   5.234E-16
   -5.215E-16
   -9.888E-16
   1.3410693755358072E-15
   -3.2896666666666662E-16
   6.321861663219854E-16
   -0.01298    0.1683    0.9857
   0.05935    0.9841    -0.1672
   -0.9982    0.05633    -0.02276
 Node:         23
  0.1343E+03  0.1253E+03  0.5054E+03  0.0000E+00
   0.0
   3.598E-17
  -1.974E-15
   0.0
   2.271E-16
  -7.401E-16
   6.796E-19
   -6.997E-16
   -2.015E-15
   1.7724996366646057E-15
   -9.046734666666666E-16
   8.355643418241562E-16
   0.9998    0.01889    0.00579
   -0.009011    0.1753    0.9845
   0.01758    -0.9843    0.1754
 Node:         24
  0.1336E+03  0.1248E+03  0.5194E+03  0.0000E+00
  -9.869E-16
   2.099E-17
   0.0
   2.399E-17
   1.499E-18
  -7.401E-16
   4.516E-19
   -7.379E-16
   -9.896E-16
   8.912682384908372E-16
   -5.756827999999999E-16
   4.2014787686204007E-16
   -0.02132    -0.9998    -0.002714
   0.09549    -0.004739    0.9954
   -0.9952    0.02096    0.09557
 Node:         25
  0.1400E+03  0.1206E+03  0.4917E+03  0.0000E+00
   0.0
   4.617E-16
  -4.934E-16
  -1.439E-16
  -2.249E-16
   9.869E-16
   1.067E-15
   2.05E-16
   -7.785E-16
   1.5994040296310373E-15
   1.6449999999999999E-16
   7.539662901394642E-16
   -0.2161    -0.2016    0.9553
   0.839    0.4621    0.2874
   -0.4994    0.8636    0.06929
 Node:         26
  0.1363E+03  0.1200E+03  0.5055E+03  0.0000E+00
   9.869E-16
   1.859E-16
  -2.714E-15
   4.797E-17
  -1.943E-15
  -2.467E-16
   1.006E-15
   8.09E-16
   -3.789E-15
   4.699597748744035E-15
   -6.579999999999999E-16
   2.215411624657293E-15
   0.968    0.1526    -0.1995
   0.2481    -0.4578    0.8538
   -0.03892    0.8759    0.4809
 Node:         27
  0.1343E+03  0.1203E+03  0.5192E+03  0.0000E+00
   9.869E-16
  -3.358E-16
   9.869E-16
  -1.799E-16
   2.27E-15
   0.0
   2.89E-15
   9.15E-16
   -1.831E-15
   4.1066398673367985E-15
   6.58E-16
   1.9358885987232494E-15
   -0.1931    0.7658    0.6135
   0.9808    0.1345    0.1409
   0.02534    0.6289    -0.7771
 Node:         28
  0.1155E+03  0.1124E+03  0.4931E+03 -0.1729E-03
  -3.459E-4
   6.599E-17
  -3.459E-4
  -9.598E-17
   9.598E-17
  -3.459E-4
   -3.459E-4
   -3.459E-4
   -3.459E-4
   0.0
   -3.4589999999999995E-4
   0.0
   0.02396    0.9835    0.1794
   0.07203    0.1773    -0.9815
   -0.9971    0.03644    -0.06659
 Node:         29
  0.1119E+03  0.1139E+03  0.5068E+03 -0.1729E-03
  -3.459E-4
  -3.599E-17
  -3.459E-4
   9.598E-17
   1.2E-17
  -3.459E-4
   -3.459E-4
   -3.459E-4
   -3.459E-4
   0.0
   -3.4589999999999995E-4
   0.0
   -0.03581    0.9993    0.005781
   -0.9821    -0.03411    -0.1855
   -0.1852    -0.01232    0.9826
 Node:         30
  0.1113E+03  0.1159E+03  0.5206E+03 -0.1729E-03
  -3.459E-4
   2.16E-16
  -3.459E-4
   4.796E-36
  -4.799E-17
  -3.459E-4
   -3.459E-4
   -3.459E-4
   -3.459E-4
   0.0
   -3.4589999999999995E-4
   0.0
   0.7041    0.7085    -0.04777
   -0.7083    0.6958    -0.1188
   -0.05095    0.1175    0.9918
 Node:         31
  0.1203E+03  0.1126E+03  0.4920E+03 -0.1729E-03
  -3.459E-4
   1.68E-16
  -3.459E-4
   4.799E-17
   7.199E-17
  -3.459E-4
   -3.459E-4
   -3.459E-4
   -3.459E-4
   0.0
   -3.4589999999999995E-4
   0.0
   -0.7438    -0.4293    -0.5123
   0.5143    0.1219    -0.8489
   0.4268    -0.8949    0.1301
 Node:         32
  0.1188E+03  0.1134E+03  0.5062E+03 -0.1729E-03
  -3.459E-4
  -2.4E-17
  -3.459E-4
  -4.799E-17
   1.68E-16
  -3.459E-4
   -3.459E-4
   -3.459E-4
   -3.459E-4
   0.0
   -3.4589999999999995E-4
   0.0
   0.9989    -0.02092    -0.04166
   0.04662    0.4514    0.8911
   1.694E-4    -0.8921    0.4519
 Node:         33
  0.1183E+03  0.1150E+03  0.5201E+03 -0.1729E-03
  -3.459E-4
   9.598E-17
  -3.459E-4
   1.44E-16
  -6.395E-36
  -3.459E-4
   -3.459E-4
   -3.459E-4
   -3.459E-4
   0.0
   -3.4589999999999995E-4
   0.0
   0.9536    0.1669    0.2505
   2.748E-4    0.8317    -0.5552
   -0.3011    0.5295    0.7931
 Node:         34
  0.1255E+03  0.1129E+03  0.4909E+03 -0.1729E-03
  -3.459E-4
  -7.461E-36
  -3.459E-4
   9.598E-17
   1.68E-16
  -3.459E-4
   -3.459E-4
   -3.459E-4
   -3.459E-4
   0.0
   -3.4589999999999995E-4
   0.0
   0.351    0.6139    0.707
   -0.868    0.4965    -1.706E-4
   -0.3512    -0.6137    0.7072
 Node:         35
  0.1260E+03  0.1135E+03  0.5054E+03 -0.1729E-03
  -3.459E-4
   1.92E-16
  -3.459E-4
   1.92E-16
   4.319E-16
  -3.459E-4
   -3.459E-4
   -3.459E-4
   -3.459E-4
   0.0
   -3.4589999999999995E-4
   0.0
   0.7459    0.4709    0.471
   -0.666    0.5274    0.5275
   6.616E-5    -0.7072    0.7071
 Node:         36
  0.1257E+03  0.1153E+03  0.5196E+03 -0.1729E-03
  -3.459E-4
  -9.598E-17
  -3.459E-4
  -9.598E-17
   1.44E-16
  -3.459E-4
   -3.459E-4
   -3.459E-4
   -3.459E-4
   0.0
   -3.4589999999999995E-4
   0.0
   -0.5155    0.6059    0.606
   0.8569    0.3637    0.3653
   -9.422E-4    -0.7076    0.7066
 Node:         37
  0.1132E+03  0.1210E+03  0.4959E+03 -0.1729E-03
  -3.459E-4
   2.4E-16
  -3.459E-4
  -1.44E-16
   3.119E-16
  -3.459E-4
   -3.459E-4
   -3.459E-4
   -3.459E-4
   0.0
   -3.4589999999999995E-4
   0.0
   -0.5075    -0.7957    -0.3307
   0.7556    -0.2265    -0.6147
   0.4142    -0.5618    0.7161
 Node:         38
  0.1111E+03  0.1204E+03  0.5085E+03 -0.1729E-03
  -3.459E-4
   1.68E-16
  -3.459E-4
  -4.799E-17
  -1.44E-16
  -3.459E-4
   -3.459E-4
   -3.459E-4
   -3.459E-4
   0.0
   -3.4589999999999995E-4
   0.0
   0.2119    0.9668    -0.1428
   0.9724    -0.2232    -0.06847
   0.09808    0.1244    0.9874
 Node:         39
  0.1119E+03  0.1201E+03  0.5207E+03 -0.1729E-03
  -3.459E-4
  -1.68E-16
  -3.459E-4
  -1.44E-16
  -1.32E-16
  -3.459E-4
   -3.459E-4
   -3.459E-4
   -3.459E-4
   0.0
   -3.4589999999999995E-4
   0.0
   0.9213    -0.07988    -0.3805
   0.3608    -0.1891    0.9133
   -0.1449    -0.9787    -0.1454
 Node:         40
  0.1191E+03  0.1220E+03  0.4937E+03 -0.1729E-03
  -3.459E-4
   1.44E-16
  -3.459E-4
   1.44E-16
  -2.4E-17
  -3.459E-4
   -3.459E-4
   -3.459E-4
   -3.459E-4
   0.0
   -3.4589999999999995E-4
   0.0
   0.9817    0.1345    0.1345
   -1.08E-4    0.7075    -0.7067
   -0.1902    0.6938    0.6946
 Node:         41
  0.1182E+03  0.1217E+03  0.5073E+03 -0.1729E-03
  -3.459E-4
  -4.799E-17
  -3.459E-4
   9.598E-17
   1.68E-16
  -3.459E-4
   -3.459E-4
   -3.459E-4
   -3.459E-4
   0.0
   -3.4589999999999995E-4
   0.0
   -0.1538    -0.1966    -0.9683
   -0.9621    0.2533    0.1014
   0.2253    0.9472    -0.2281
 Node:         42
  0.1187E+03  0.1212E+03  0.5204E+03 -0.1729E-03
  -3.459E-4
  -9.598E-17
  -3.459E-4
   4.263E-36
   9.598E-17
  -3.459E-4
   -3.459E-4
   -3.459E-4
   -3.459E-4
   0.0
   -3.4589999999999995E-4
   0.0
   -0.0186    0.09772    0.995
   -0.9834    0.178    -0.03586
   -0.1806    -0.9792    0.09278
 Node:         43
  0.1258E+03  0.1217E+03  0.4915E+03 -0.1729E-03
  -3.459E-4
   1.92E-16
  -3.459E-4
  -2.4E-17
   2.132E-36
  -3.459E-4
   -3.459E-4
   -3.459E-4
   -3.459E-4
   0.0
   -3.4589999999999995E-4
   0.0
   0.9458    0.3243    -0.01746
   -0.3241    0.946    0.01161
   0.02029    -0.005322    0.9998
 Node:         44
  0.1259E+03  0.1220E+03  0.5059E+03 -0.1729E-03
  -3.459E-4
   2.4E-16
  -3.459E-4
   1.68E-16
   1.92E-16
  -3.459E-4
   -3.459E-4
   -3.459E-4
   -3.459E-4
   0.0
   -3.4589999999999995E-4
   0.0
   -0.3604    -0.3834    -0.8503
   -0.6209    -0.5817    0.5255
   0.6962    -0.7173    0.02841
 Node:         45
  0.1261E+03  0.1221E+03  0.5198E+03 -0.1729E-03
  -3.459E-4
  -1.44E-16
  -3.459E-4
   4.799E-17
  -1.2E-17
  -3.459E-4
   -3.459E-4
   -3.459E-4
   -3.459E-4
   0.0
   -3.4589999999999995E-4
   0.0
   0.06681    -0.01249    0.9977
   -0.9877    0.1408    0.0679
   -0.1413    -0.99    -0.002935
 Node:         46
  0.1117E+03  0.1296E+03  0.4959E+03  0.0000E+00
  -2.467E-16
   4.797E-17
  -7.401E-16
   1.199E-17
  -4.497E-17
   0.0
   3.057E-18
   -2.423E-16
   -7.476E-16
   6.629532710146319E-16
   -3.2894766666666664E-16
   3.125191690294995E-16
   0.03676    -0.058    0.9976
   0.9946    0.09864    -0.03092
   -0.09662    0.9934    0.06131
 Node:         47
  0.1107E+03  0.1269E+03  0.5087E+03  0.0000E+00
  -7.401E-16
  -5.397E-17
   4.934E-16
  -4.797E-17
   6.896E-17
   0.0
   5.058E-16
   -7.273E-18
   -7.452E-16
   1.0892155802819752E-15
   -8.222433333333333E-17
   5.1346114866095E-16
   -0.04821    0.9891    0.1394
   -0.05424    -0.142    0.9884
   -0.9974    -0.04009    -0.06049
 Node:         48
  0.1125E+03  0.1242E+03  0.5208E+03  0.0000E+00
   4.934E-16
   5.997E-18
   4.934E-16
   0.0
  -2.998E-18
   4.934E-16
   5.001E-16
   4.934E-16
   4.867E-16
   1.1604740410711462E-17
   4.934E-16
   5.470527092215756E-18
   -0.6325    -0.7071    0.3162
   0.4472    -2.276E-15    0.8944
   0.6325    -0.7071    -0.3162
 Node:         49
  0.1186E+03  0.1311E+03  0.4938E+03  0.0000E+00
  -7.401E-16
  -3.598E-17
   0.0
  -7.196E-17
  -1.049E-17
  -2.467E-16
   1.947E-18
   -2.366E-16
   -7.523E-16
   6.677348643803167E-16
   -3.2898433333333336E-16
   3.1477323375866775E-16
   0.04561    -0.9985    0.02894
   -0.143    0.02215    0.9895
   -0.9887    -0.04926    -0.1418
 Node:         50
  0.1180E+03  0.1298E+03  0.5075E+03  0.0000E+00
   0.0
  -2.249E-17
   1.48E-15
  -7.196E-17
   2.155E-17
   9.869E-16
   1.482E-15
   9.91E-16
   -5.513E-18
   1.3127859849072886E-15
   8.224956666666666E-16
   6.188532481164029E-16
   0.01739    -0.9988    -0.04603
   -0.07128    -0.04716    0.9963
   0.9973    0.01405    0.07201
 Node:         51
  0.1192E+03  0.1275E+03  0.5206E+03  0.0000E+00
   0.0
  -5.997E-18
  -2.467E-16
   0.0
   2.549E-17
   4.934E-16
   4.943E-16
   1.449E-19
   -2.477E-16
   6.54286006770747E-16
   8.22483E-17
   3.0843338148204166E-16
   -4.17E-4    0.03438    0.9994
   0.9997    -0.02416    0.001248
   0.02418    0.9991    -0.03436
 Node:         52
  0.1262E+03  0.1305E+03  0.4920E+03  0.0000E+00
   4.934E-16
  -2.399E-17
   4.934E-16
   2.249E-18
   8.48E-18
   0.0
   5.175E-16
   4.696E-16
   -1.6E-19
   4.95449666061044E-16
   3.2898E-16
   2.335572124055831E-16
   -0.7061    0.708    0.008534
   0.7081    0.706    0.01614
   -0.005403    -0.01744    0.9998
 Node:         53
  0.1258E+03  0.1304E+03  0.5063E+03  0.0000E+00
  -7.401E-16
  -2.998E-18
  -4.934E-16
   4.797E-17
   5.847E-17
  -9.869E-16
   -4.866E-16
   -7.314E-16
   -1.002E-15
   4.465358664206045E-16
   -7.399999999999999E-16
   2.104990261260132E-16
   0.0104    0.9931    0.1171
   -0.9836    0.03123    -0.1776
   -0.18    -0.1133    0.9771
 Node:         54
  0.1265E+03  0.1288E+03  0.5200E+03  0.0000E+00
  -9.869E-16
   3.598E-17
   4.934E-16
   0.0
  -7.496E-18
   4.934E-16
   5.014E-16
   4.864E-16
   -9.877E-16
   1.4816569474746847E-15
   3.3333333333314155E-20
   6.984597833010066E-16
   0.01758    0.7272    -0.6862
   0.01675    0.686    0.7274
   -0.9997    0.02428    1.229E-4
 Node:         55
  0.1381E+03  0.1168E+03  0.4521E+03  0.1302E-01
   0.0366
  -0.02098
   0.02658
  -0.006936
   0.03095
   0.01881
   0.07197
   0.02515
   -0.009778
   0.07104510218164234
   0.029114000000000004
   0.033490982348486985
   -0.5948    0.6597    0.4594
   0.7779    0.3281    0.536
   -0.2028    -0.6762    0.7083
 Node:         56
  0.1313E+03  0.1156E+03  0.4681E+03  0.1302E-01
   0.03875
  -0.0276
   0.02674
  -0.02313
   0.01697
   0.02248
   0.08098
   0.007194
   0.00402
   0.07542310545184414
   0.030731333333333333
   0.03555479288209803
   -0.7183    0.5379    0.4413
   0.1085    -0.5399    0.8347
   0.6872    0.6474    0.3295
 Node:         57
  0.1285E+03  0.1140E+03  0.4823E+03  0.1302E-01
   0.0341
  -0.01099
   0.02675
  -0.006821
   0.004741
   0.02601
   0.04631
   0.02212
   0.01859
   0.026134416006484626
   0.029006666666666663
   0.012319881853690352
   -0.7549    0.5326    0.3828
   0.292    -0.2497    0.9233
   0.5873    0.8087    0.03295
 Node:         58
  0.1476E+03  0.1179E+03  0.4522E+03  0.1302E-01
   0.03634
  -0.01894
   0.02832
  -0.002638
   0.01956
   0.0134
   0.06264
   0.02388
   -0.002236
   0.05653882927687839
   0.028094666666666667
   0.026652659721352806
   -0.6907    0.6604    0.2946
   0.6816    0.4585    0.5703
   -0.2416    -0.5947    0.7668
 Node:         59
  0.1414E+03  0.1167E+03  0.4686E+03  0.1302E-01
   0.0421
  -0.04002
   0.02818
  -0.04612
   0.0345
   0.02243
   0.1224
   -0.004541
   -0.01391
   0.13187534216448502
   0.03464966666666666
   0.06216663247720239
   -0.6896    0.5245    0.4993
   0.4642    0.8494    -0.2512
   -0.5558    0.05852    -0.8292
 Node:         60
  0.1374E+03  0.1150E+03  0.4832E+03  0.1302E-01
   0.03574
  -0.02023
   0.0274
  -0.022
   0.01408
   0.02685
   0.0709
   0.01288
   0.007966
   0.06062654596791739
   0.030582
   0.02857962784922155
   -0.6893    0.5093    0.5152
   -0.1614    -0.8012    0.5762
   0.7062    0.3141    0.6345
 Node:         61
  0.1546E+03  0.1222E+03  0.4525E+03  0.1302E-01
   0.03987
  -0.01361
   0.02515
   0.01884
  -0.03071
   0.02123
   0.07461
   0.02402
   -0.007479
   0.07172913990143755
   0.030383666666666666
   0.03381344082199004
   -0.6369    0.5528    -0.5374
   0.764    0.5461    -0.3437
   -0.1035    0.6294    0.7701
 Node:         62
  0.1487E+03  0.1203E+03  0.4692E+03  0.1302E-01
   0.04476
  -0.06613
   0.02855
  -0.04638
   0.01772
   0.03151
   0.1353
   0.01329
   -0.03252
   0.15024737701537422
   0.03869
   0.07082729276204196
   -0.7352    0.5277    0.4254
   0.1061    -0.5303    0.8412
   0.6695    0.6635    0.3339
 Node:         63
  0.1436E+03  0.1181E+03  0.4838E+03  0.1302E-01
   0.03495
  -0.03416
   0.02985
  -0.01791
   0.02479
   0.02793
   0.08675
   0.01288
   -0.003581
   0.08332895949788405
   0.032016333333333334
   0.03928164822011531
   -0.6334    0.6188    0.4647
   0.5534    -0.0576    0.8309
   -0.5409    -0.7835    0.3059
 Node:         64
  0.1409E+03  0.1253E+03  0.4518E+03  0.1302E-01
   0.02823
  -0.02982
   0.0326
  -8.719E-4
   0.001894
   0.02143
   0.06465
   0.02059
   4.863E-4
   0.0568437452644528
   0.02857543333333333
   0.026796398496356847
   -0.6716    0.7394    0.04766
   0.0559    -0.01358    0.9983
   0.7388    0.6731    -0.03222
 Node:         65
  0.1338E+03  0.1229E+03  0.4680E+03  0.1302E-01
   0.03416
  -0.04939
   0.03029
  -0.01345
   0.004918
   0.02317
   0.09062
   0.02025
   -0.01738
   0.09495249812406202
   0.031163333333333338
   0.04476103687608479
   -0.7295    0.6558    0.1942
   0.04202    -0.2405    0.9698
   0.6827    0.7156    0.1479
 Node:         66
  0.1299E+03  0.1214E+03  0.4825E+03  0.1302E-01
   0.03404
  -0.01459
   0.02728
  -0.005987
   0.004633
   0.02596
   0.04914
   0.02297
   0.01543
   0.03064379708848106
   0.02918
   0.014445624481713026
   -0.7477    0.5852    0.3138
   0.2386    -0.2042    0.9494
   0.6197    0.7848    0.01306
 Node:         67
  0.1494E+03  0.1245E+03  0.4521E+03  0.1302E-01
   0.03058
  -0.02099
   0.0323
  -7.16E-5
   0.00581
   0.01455
   0.05866
   0.01585
   0.007901
   0.04728825848981965
   0.027470333333333333
   0.022291898832435864
   -0.6689    0.7367    0.09979
   -0.5154    -0.3627    -0.7764
   -0.5358    -0.5707    0.6223
 Node:         68
  0.1428E+03  0.1224E+03  0.4686E+03  0.1302E-01
   0.04007
  -0.05091
   0.03144
  -0.03454
   0.01445
   0.01956
   0.112
   0.009139
   -0.02016
   0.12021872217337864
   0.033659666666666664
   0.05667164911625173
   -0.7315    0.58    0.3584
   -0.01527    -0.5395    0.8418
   0.6817    0.6103    0.4035
 Node:         69
  0.1379E+03  0.1205E+03  0.4830E+03  0.1302E-01
   0.03587
  -0.02093
   0.02762
  -0.01663
   0.009822
   0.02603
   0.06502
   0.01664
   0.009102
   0.0525560109216824
   0.030254
   0.024775141143223916
   -0.7163    0.5377    0.4447
   0.09883    -0.5527    0.8275
   0.6907    0.6367    0.3428
 Node:         70
  0.1548E+03  0.1243E+03  0.4525E+03  0.1302E-01
   0.03284
  -0.0276
   0.03095
  -0.01617
   0.01323
   0.01103
   0.07596
   0.005622
   0.001965
   0.07223596028987224
   0.027849
   0.03405235824432722
   -0.6924    0.6549    0.3028
   0.4726    0.7287    -0.4956
   -0.5453    -0.2001    -0.814
 Node:         71
  0.1489E+03  0.1222E+03  0.4692E+03  0.1302E-01
   0.0457
  -0.0424
   0.03091
  -0.06917
   0.02651
   0.0201
   0.1416
   0.006328
   -0.03446
   0.1596234608821648
   0.03782266666666667
   0.0752472210841629
   -0.7351    0.4501    0.507
   -0.2518    -0.8755    0.4123
   0.6295    0.1755    0.757
 Node:         72
  0.1434E+03  0.1199E+03  0.4837E+03  0.1302E-01
   0.03793
  -0.02157
   0.02735
  -0.0292
   0.01275
   0.02654
   0.07809
   0.0148
   0.001465
   0.07090429094913792
   0.03145166666666666
   0.03342460329690625
   -0.7197    0.4552    0.5242
   -0.1866    -0.8541    0.4855
   0.6687    0.2516    0.6996
 Node:         73
  0.1438E+03  0.1339E+03  0.4513E+03  0.0000E+00
   0.01432
   0.00114
  -0.004963
  -0.01127
   0.009153
   1.181E-4
   0.02206
   0.002663
   -0.01371
   0.031014606542724348
   0.0036709999999999994
   0.014620425734795368
   -0.8527    0.1391    0.5036
   0.4358    0.7209    0.5388
   0.2881    -0.6789    0.6754
 Node:         74
  0.1363E+03  0.1303E+03  0.4678E+03  0.0000E+00
   0.02078
   0.03839
  -2.841E-4
   0.007802
   0.0151
   0.002978
   0.05696
   4.591E-5
   -0.02907
   0.07578954662635276
   0.009311970000000001
   0.035727534908365374
   -0.7649    -0.5832    -0.2735
   -0.3519    0.02263    0.9358
   -0.5396    0.812    -0.2225
 Node:         75
  0.1313E+03  0.1288E+03  0.4826E+03  0.0000E+00
   0.01243
   0.01513
   4.127E-4
   0.004254
   0.00224
   4.37E-4
   0.02422
   -5.028E-4
   -0.009636
   0.03033859685351318
   0.004693733333333333
   0.014301751711202683
   -0.8192    -0.5387    -0.197
   -0.1319    -0.1574    0.9787
   -0.5582    0.8277    0.05789
 Node:         76
  0.1511E+03  0.1311E+03  0.4519E+03  0.0000E+00
   0.01252
  -0.003738
  -0.004608
  -0.01206
   0.001073
  -0.001595
   0.02102
   -0.004768
   -0.008675
   0.02794708050941994
   0.0025256666666666674
   0.013174380095051489
   -0.8657    0.1481    0.4781
   -0.008247    -0.9593    0.2822
   0.5005    0.2404    0.8317
 Node:         77
  0.1443E+03  0.1282E+03  0.4685E+03  0.0000E+00
   0.02386
   0.0344
  -2.763E-4
   0.009838
   0.005858
   0.001076
   0.05353
   -0.001421
   -0.02327
   0.06853915378088644
   0.009613000000000002
   0.032309666943501604
   -0.8132    -0.5418    -0.2125
   -0.1506    -0.1569    0.9761
   -0.5622    0.8258    0.04596
 Node:         78
  0.1384E+03  0.1261E+03  0.4829E+03  0.0000E+00
   0.01339
   0.01791
   4.606E-4
   0.005877
   0.002593
   2.98E-4
   0.02817
   -9.994E-4
   -0.01191
   0.03589081699209424
   0.005086866666666666
   0.016919093384956802
   -0.8095    -0.5439    -0.221
   -0.1185    -0.2172    0.9689
   -0.575    0.8105    0.1114
 Node:         79
  0.1551E+03  0.1263E+03  0.4525E+03  0.0000E+00
   0.009645
  -0.01275
  -0.01843
  -0.03556
   0.001824
  -0.002083
   0.04765
   -0.01622
   -0.03619
   0.07585289513261838
   -0.0015866666666666668
   0.03575739768060434
   0.7742    -0.1703    -0.6096
   -0.09235    0.9224    -0.375
   0.6261    0.3466    0.6984
 Node:         80
  0.1491E+03  0.1241E+03  0.4692E+03  0.0000E+00
   0.02783
   0.003961
  -0.01155
   0.02058
   0.008476
   6.158E-4
   0.04465
   -0.005653
   -0.01572
   0.05601907352857596
   0.007759000000000001
   0.026407644511895922
   -0.8784    -0.1351    -0.4585
   -0.4183    0.6814    0.6006
   -0.2313    -0.7193    0.655
 Node:         81
  0.1433E+03  0.1217E+03  0.4836E+03  0.0000E+00
   0.01478
   0.01318
  -0.001007
   0.02133
   0.00614
   9.686E-4
   0.03718
   -0.005519
   -0.01494
   0.04810641455149199
   0.005573666666666664
   0.022677581298620797
   -0.7772    -0.3545    -0.5199
   0.1153    -0.8924    0.4362
   -0.6186    0.279    0.7345
 Node:         82
  0.1267E+03  0.1148E+03  0.4554E+03  0.2325E-01
   0.0565
  -0.0238
   0.04558
  -0.009599
  -0.003521
   0.04532
   0.07995
   0.04689
   0.02241
   0.05001542562050231
   0.049749999999999996
   0.02357749774679238
   -0.8108    0.5596    0.1715
   -0.09379    -0.4135    0.9057
   0.5777    0.7183    0.3878
 Node:         83
  0.1234E+03  0.1129E+03  0.4716E+03  0.2325E-01
   0.05433
  -0.01881
   0.04578
  -0.02243
   0.00112
   0.04715
   0.08353
   0.04469
   0.02085
   0.05479814595403752
   0.049690000000000005
   0.02583209373370007
   -0.7595    0.4034    0.5103
   0.03109    -0.7611    0.6479
   0.6497    0.508    0.5655
 Node:         84
  0.1187E+03  0.1123E+03  0.4849E+03  0.2325E-01
   0.05304
  -0.001789
   0.04643
  -0.006316
   3.234E-4
   0.04728
   0.0577
   0.04602
   0.04283
   0.013559413704139277
   0.048850000000000005
   0.006391968919407124
   -0.8241    0.1497    0.5462
   0.01598    -0.9579    0.2866
   0.5662    0.245    0.7871
 Node:         85
  0.1302E+03  0.1161E+03  0.4541E+03  0.2325E-01
   0.05705
  -0.02715
   0.0456
  -0.009408
  -0.00646
   0.04433
   0.08403
   0.04749
   0.01825
   0.057083962721591074
   0.049923333333333327
   0.02690963809162476
   -0.8084    0.5805    0.09775
   -0.173    -0.393    0.9031
   0.5627    0.7131    0.4182
 Node:         86
  0.1252E+03  0.1138E+03  0.4698E+03  0.2325E-01
   0.05184
  -0.01891
   0.04966
  -0.04854
   0.006498
   0.04677
   0.1089
   0.04591
   -7.104E-4
   0.09527759858518685
   0.05136653333333333
   0.04491429070317029
   -0.7183    0.3316    0.6116
   -0.1244    -0.9261    0.356
   0.6845    0.1797    0.7065
 Node:         87
  0.1217E+03  0.1126E+03  0.4833E+03  0.2325E-01
   0.05335
  -0.001419
   0.04644
  -0.009901
   0.001245
   0.04738
   0.06163
   0.04572
   0.03962
   0.019682202620641822
   0.04899
   0.009278279294495647
   -0.7904    0.1269    0.5993
   -0.1138    -0.9917    0.05989
   0.6019    -0.02088    0.7983
 Node:         88
  0.1338E+03  0.1169E+03  0.4524E+03  0.2325E-01
   0.05536
  -0.0272
   0.0465
  -0.009659
   0.005002
   0.04527
   0.08536
   0.04133
   0.02253
   0.05585557179010882
   0.04974
   0.026330569053225315
   -0.7576    0.5967    0.2646
   0.126    -0.264    0.9563
   0.6404    0.7578    0.1248
 Node:         89
  0.1270E+03  0.1150E+03  0.4681E+03  0.2325E-01
   0.05692
  -0.02355
   0.04638
  -0.02563
   0.001099
   0.04658
   0.09131
   0.04418
   0.01643
   0.06556795635064433
   0.05064
   0.030909031042722773
   -0.7745    0.4271    0.4666
   0.001944    -0.736    0.677
   0.6325    0.5252    0.5692
 Node:         90
  0.1248E+03  0.1132E+03  0.4821E+03  0.2325E-01
   0.05385
  -0.007918
   0.04681
  -0.006158
   0.003166
   0.04673
   0.06285
   0.04336
   0.04096
   0.02079413619268663
   0.049056666666666665
   0.009802449807176887
   -0.7772    0.482    0.4045
   0.1749    -0.452    0.8747
   0.6044    0.7506    0.267
 Node:         91
  0.1257E+03  0.1258E+03  0.4541E+03  0.2325E-01
   0.04943
  -0.04604
   0.05013
  -0.01693
   7.985E-4
   0.04513
   0.1055
   0.04539
   6.445E-4
   0.0911319037179077
   0.050511499999999994
   0.04295999140091472
   -0.7075    0.6736    0.2138
   -0.03972    -0.34    0.9396
   0.7056    0.6563    0.2673
 Node:         92
  0.1208E+03  0.1230E+03  0.4722E+03  0.2325E-01
   0.05442
  -0.03106
   0.04628
  -0.02668
  -0.001209
   0.04631
   0.0956
   0.04714
   0.008153
   0.07587929749938385
   0.050297666666666664
   0.035769843875657174
   -0.7643    0.49    0.4192
   -0.003616    -0.6533    0.7571
   0.6449    0.5771    0.5011
 Node:         93
  0.1159E+03  0.1217E+03  0.4876E+03  0.2325E-01
   0.05369
   4.183E-4
   0.04633
  -0.01246
  -0.005226
   0.04715
   0.0651
   0.04668
   0.03543
   0.025943860545416135
   0.04907
   0.012230053147881248
   -0.7594    -0.2003    0.619
   -0.3841    0.906    -0.178
   -0.5252    -0.3729    -0.765
 Node:         94
  0.1311E+03  0.1260E+03  0.4531E+03  0.2325E-01
   0.04845
  -0.04524
   0.05099
  -0.01067
  -0.003337
   0.04419
   0.1028
   0.04599
   0.001995
   0.08753451933380339
   0.05026166666666667
   0.041264168139224885
   -0.696    0.7132    0.08295
   -0.117    -0.2266    0.9669
   0.7084    0.6633    0.2411
 Node:         95
  0.1248E+03  0.1233E+03  0.4703E+03  0.2325E-01
   0.05588
  -0.02804
   0.0476
  -0.0301
   0.001562
   0.04423
   0.09839
   0.04372
   0.009752
   0.07745750114740342
   0.050620666666666675
   0.03651381621006249
   -0.7643    0.471    0.4404
   -0.06877    -0.7386    0.6706
   0.6412    0.4823    0.5969
 Node:         96
  0.1205E+03  0.1222E+03  0.4851E+03  0.2325E-01
   0.05441
  -0.001443
   0.04652
  -0.01459
  -8.905E-4
   0.04665
   0.06691
   0.0462
   0.03453
   0.028403850091140815
   0.04921333333333333
   0.013389703340834537
   -0.8032    0.03064    0.595
   0.05992    -0.9895    0.1318
   0.5927    0.1415    0.7929
 Node:         97
  0.1365E+03  0.1258E+03  0.4519E+03  0.2325E-01
   0.04954
  -0.03621
   0.05143
  -0.013
  -0.002296
   0.04338
   0.09428
   0.0452
   0.01022
   0.07313867102976372
   0.0499
   0.03447790016807868
   -0.6943    0.7056    0.1418
   -0.1515    -0.3359    0.9296
   0.7036    0.6239    0.3401
 Node:         98
  0.1294E+03  0.1232E+03  0.4682E+03  0.2325E-01
   0.05466
  -0.04568
   0.04895
  -0.02443
   6.097E-5
   0.04429
   0.1107
   0.04401
   -6.082E-4
   0.09702539682598572
   0.05136726666666667
   0.04573821069531348
   -0.7473    0.6043    0.2763
   -0.05861    -0.4742    0.8785
   0.6619    0.6403    0.3898
 Node:         99
  0.1260E+03  0.1218E+03  0.4827E+03  0.2325E-01
   0.05415
  -0.01149
   0.04707
  -0.00788
   0.00323
   0.0465
   0.06729
   0.04311
   0.03725
   0.027580913690449054
   0.049216666666666666
   0.013001767401224941
   -0.7654    0.5196    0.3796
   0.08086    -0.5076    0.8578
   0.6384    0.6873    0.3465
 Node:        100
  0.1249E+03  0.1370E+03  0.4526E+03  0.0000E+00
   0.01613
   0.00762
  -0.003077
  -0.01033
  -0.005083
   0.003978
   0.02579
   -0.00184
   -0.005742
   0.029773390199975547
   0.006069333333333333
   0.014035310739543871
   -0.8303    -0.3006    0.4692
   -0.5254    0.1416    -0.839
   -0.1858    0.9432    0.2755
 Node:        101
  0.1186E+03  0.1334E+03  0.4714E+03  0.0000E+00
   0.01461
   0.01711
   1.238E-4
   0.01372
   0.009705
   0.007034
   0.03631
   -0.002717
   -0.01059
   0.04350115434100571
   0.007667666666666667
   0.020506640815978507
   -0.7263    -0.4724    -0.4993
   -0.4422    -0.235    0.8656
   -0.5262    0.8495    -0.03816
 Node:        102
  0.1139E+03  0.1312E+03  0.4875E+03  0.0000E+00
   0.008823
   0.01275
   0.001162
   0.0114
   0.009001
   0.0013
   0.02713
   -0.006802
   -0.00824
   0.03467337139650542
   0.0040293333333333336
   0.0163451840273791
   -0.6995    -0.5198    -0.4904
   0.5321    0.07914    -0.843
   -0.477    0.8506    -0.2212
 Node:        103
  0.1321E+03  0.1361E+03  0.4519E+03  0.0000E+00
   0.01596
   0.004787
  -0.005968
  -0.01204
  -0.005341
   0.004506
   0.02624
   -0.002387
   -0.007631
   0.031577280646059434
   0.0054073333333333334
   0.014885672850839568
   -0.8251    -0.2109    0.5242
   -0.5638    0.3671    -0.7398
   0.03636    0.906    0.4218
 Node:        104
  0.1248E+03  0.1328E+03  0.4697E+03  0.0000E+00
   0.01662
   0.02228
  -0.00213
   0.01475
   0.01238
   0.007597
   0.04311
   -0.002753
   -0.01594
   0.05368525979260974
   0.008139000000000002
   0.025307474166077235
   -0.7305    -0.4866    -0.4791
   -0.4677    -0.1546    0.8702
   -0.4975    0.8598    -0.1146
 Node:        105
  0.1200E+03  0.1316E+03  0.4853E+03  0.0000E+00
   0.01014
   0.01364
   6.998E-4
   0.01262
   0.00839
   0.001218
   0.02893
   -0.006987
   -0.008913
   0.03691769910219216
   0.004343333333333334
   0.017403170253976398
   -0.723    -0.4969    -0.4799
   -0.2484    -0.4612    0.8518
   -0.6446    0.7351    0.21
 Node:        106
  0.1393E+03  0.1349E+03  0.4513E+03  0.0000E+00
   0.01501
   0.001698
  -0.008624
  -0.0124
   8.474E-4
   0.003122
   0.02431
   -0.004136
   -0.00856
   0.030896468989190334
   0.0038713333333333325
   0.014564735157984239
   -0.8526    -0.03    0.5218
   -0.4731    -0.38    -0.7948
   -0.2221    0.9245    -0.3098
 Node:        107
  0.1319E+03  0.1314E+03  0.4680E+03  0.0000E+00
   0.01949
   0.03205
  -0.003193
   0.01235
   0.01338
   0.005447
   0.05123
   -0.00125
   -0.02434
   0.0670750452851133
   0.008546666666666666
   0.03161947957966558
   -0.7619    -0.5345    -0.3659
   -0.3773    -0.09291    0.9214
   -0.5265    0.84    -0.1309
 Node:        108
  0.1272E+03  0.1303E+03  0.4831E+03  0.0000E+00
   0.0117
   0.01424
   3.571E-4
   0.007591
   0.003829
   6.499E-4
   0.02488
   -0.00215
   -0.009229
   0.03117817363156476
   0.004500333333333334
   0.014697531999927365
   -0.7931    -0.5124    -0.3293
   -0.1912    -0.3038    0.9333
   -0.5783    0.8032    0.143
 Node:        109
  0.1018E+03  0.1092E+03  0.4946E+03 -0.3833E-04
  -7.666E-5
   2.399E-16
  -7.666E-5
   9.595E-17
  -2.399E-17
  -7.666E-5
   -7.666E-5
   -7.666E-5
   -7.666E-5
   0.0
   -7.666E-5
   0.0
   -0.3792    -0.925    -0.02399
   0.48    -0.2188    0.8495
   0.7911    -0.3106    -0.527
 Node:        110
  0.1058E+03  0.1118E+03  0.5081E+03 -0.3833E-04
  -7.666E-5
   4.798E-17
  -7.666E-5
  -2.399E-17
  -8.996E-17
  -7.666E-5
   -7.666E-5
   -7.666E-5
   -7.666E-5
   0.0
   -7.666E-5
   0.0
   -0.02839    -0.09125    0.9954
   0.7348    0.6733    0.08267
   -0.6777    0.7337    0.04793
 Node:        111
  0.1108E+03  0.1137E+03  0.5210E+03 -0.3833E-04
  -7.666E-5
   9.595E-17
  -7.666E-5
  -4.798E-17
   5.637E-16
  -7.666E-5
   -7.666E-5
   -7.666E-5
   -7.666E-5
   0.0
   -7.666E-5
   0.0
   0.9393    0.3169    0.1318
   0.3364    -0.7738    -0.5367
   -0.06807    0.5484    -0.8334
 Node:        112
  0.1072E+03  0.1111E+03  0.4942E+03 -0.3833E-04
  -7.666E-5
   2.399E-16
  -7.666E-5
  -5.906E-37
   2.399E-17
  -7.666E-5
   -7.666E-5
   -7.666E-5
   -7.666E-5
   0.0
   -7.666E-5
   0.0
   0.3759    0.9265    0.01671
   0.9266    -0.3757    -0.01402
   0.006712    -0.02076    0.9998
 Node:        113
  0.1071E+03  0.1139E+03  0.5077E+03 -0.3833E-04
  -7.666E-5
   7.796E-36
  -7.666E-5
   2.879E-16
  -2.639E-16
  -7.666E-5
   -7.666E-5
   -7.666E-5
   -7.666E-5
   0.0
   -7.666E-5
   0.0
   -0.1654    0.6537    -0.7384
   -0.2298    -0.7537    -0.6158
   -0.9591    0.06788    0.2749
 Node:        114
  0.1093E+03  0.1164E+03  0.5209E+03 -0.3833E-04
  -7.666E-5
   1.919E-16
  -7.666E-5
  -4.798E-17
   9.595E-17
  -7.666E-5
   -7.666E-5
   -7.666E-5
   -7.666E-5
   0.0
   -7.666E-5
   0.0
   -0.6573    -0.7285    -0.1931
   -0.4203    0.1416    0.8963
   0.6256    -0.6703    0.3993
 Node:        115
  0.1129E+03  0.1120E+03  0.4932E+03 -0.3833E-04
  -7.666E-5
  -7.087E-37
  -7.666E-5
  -1.439E-16
  -4.798E-17
  -7.666E-5
   -7.666E-5
   -7.666E-5
   -7.666E-5
   0.0
   -7.666E-5
   0.0
   0.6708    0.2235    -0.7072
   0.3161    -0.9487    1.79E-5
   -0.6709    -0.2236    -0.707
 Node:        116
  0.1092E+03  0.1143E+03  0.5068E+03 -0.3833E-04
  -7.666E-5
   8.996E-17
  -7.666E-5
   2.879E-16
   3.598E-17
  -7.666E-5
   -7.666E-5
   -7.666E-5
   -7.666E-5
   0.0
   -7.666E-5
   0.0
   -0.223    -0.9699    -0.09798
   0.8805    -0.2435    0.4067
   -0.4183    0.004419    0.9083
 Node:        117
  0.1089E+03  0.1172E+03  0.5207E+03 -0.3833E-04
  -7.666E-5
  -1.199E-16
  -7.666E-5
  -2.399E-16
  -2.879E-16
  -7.666E-5
   -7.666E-5
   -7.666E-5
   -7.666E-5
   0.0
   -7.666E-5
   0.0
   -0.232    -0.2202    0.9475
   -0.8739    0.4749    -0.1036
   -0.4272    -0.852    -0.3026
