 Group name: gastroc_stress
 #Fields=  16
 1) coordinates, coordinate, rectangular cartesian, #Components=3
   x.  Value index= 1, #Derivatives=0
   y.  Value index= 2, #Derivatives=0
   z.  Value index= 3, #Derivatives=0
 2) Tensor_1, field, rectangular cartesian, #Components=1
   Tensor_1.  Value index= 4, #Derivatives=0
 3) Tensor_2, field, rectangular cartesian, #Components=1
   Tensor_2.  Value index= 5, #Derivatives=0
 4) Tensor_3, field, rectangular cartesian, #Components=1
   Tensor_3.  Value index= 6, #Derivatives=0
 5) Tensor_4, field, rectangular cartesian, #Components=1
   Tensor_4.  Value index= 7, #Derivatives=0
 6) Tensor_5, field, rectangular cartesian, #Components=1
   Tensor_5.  Value index= 8, #Derivatives=0
 7) Tensor_6, field, rectangular cartesian, #Components=1
   Tensor_6.  Value index= 9, #Derivatives=0
 8) Principal_1, field, rectangular cartesian, #Components=1
   Principal_1.  Value index= 10, #Derivatives=0
 9) Principal_2, field, rectangular cartesian, #Components=1
   Principal_2.  Value index= 11, #Derivatives=0
 10) Principal_3, field, rectangular cartesian, #Components=1
   Principal_3.  Value index= 12, #Derivatives=0
 11) VonMises, field, rectangular cartesian, #Components=1
   VonMises.  Value index= 13, #Derivatives=0
 12) Hydrostatic, field, rectangular cartesian, #Components=1
   VonMises.  Value index= 14, #Derivatives=0
 13) Octahedral, field, rectangular cartesian, #Components=1
   VonMises.  Value index= 15, #Derivatives=0
 14) PrincipalVector1, field, rectangular cartesian, #Components=3
   x.  Value index= 16, #Derivatives=0
   y.  Value index= 17, #Derivatives=0
   z.  Value index= 18, #Derivatives=0
 15) PrincipalVector2, field, rectangular cartesian, #Components=3
   x.  Value index= 19, #Derivatives=0
   y.  Value index= 20, #Derivatives=0
   z.  Value index= 21, #Derivatives=0
 16) PrincipalVector3, field, rectangular cartesian, #Components=3
   x.  Value index= 22, #Derivatives=0
   y.  Value index= 23, #Derivatives=0
   z.  Value index= 24, #Derivatives=0
 Node:          1
  0.1287E+03  0.1133E+03  0.4908E+03 -0.2926E-04
  -5.852E-5
  -1.439E-16
  -5.852E-5
  -4.798E-17
  -7.196E-17
  -5.852E-5
   -5.852E-5
   -5.852E-5
   -5.852E-5
   0.0
   -5.852E-5
   0.0
   0.966    -0.2571    -0.02713
   0.2489    0.9532    -0.1718
   0.07003    0.1592    0.9848
 Node:          2
  0.1292E+03  0.1137E+03  0.5052E+03 -0.2926E-04
  -5.852E-5
  -1.919E-16
  -5.852E-5
  -9.595E-17
   3.358E-16
  -5.852E-5
   -5.852E-5
   -5.852E-5
   -5.852E-5
   0.0
   -5.852E-5
   0.0
   0.895    -0.3984    -0.2008
   0.4461    0.7982    0.4048
   -9.578E-4    -0.4518    0.8921
 Node:          3
  0.1289E+03  0.1155E+03  0.5194E+03 -0.2926E-04
  -5.852E-5
   2.399E-16
  -5.852E-5
   1.919E-16
   9.595E-17
  -5.852E-5
   -5.852E-5
   -5.852E-5
   -5.852E-5
   0.0
   -5.852E-5
   0.0
   -0.4092    -0.8757    -0.2565
   0.496    -0.4494    0.743
   0.7659    -0.1767    -0.6182
 Node:          4
  0.1361E+03  0.1141E+03  0.4915E+03 -0.2926E-04
  -5.852E-5
  -4.798E-17
  -5.852E-5
  -4.798E-17
  -1.439E-16
  -5.852E-5
   -5.852E-5
   -5.852E-5
   -5.852E-5
   0.0
   -5.852E-5
   0.0
   -0.04307    -0.09429    0.9946
   -0.9939    0.1055    -0.03304
   -0.1018    -0.9899    -0.09825
 Node:          5
  0.1341E+03  0.1144E+03  0.5054E+03 -0.2926E-04
  -5.852E-5
   2.399E-16
  -5.852E-5
   9.595E-17
  -1.199E-16
  -5.852E-5
   -5.852E-5
   -5.852E-5
   -5.852E-5
   0.0
   -5.852E-5
   0.0
   0.097    -0.1793    0.979
   0.7184    0.6933    0.05583
   -0.6888    0.6979    0.1961
 Node:          6
  0.1323E+03  0.1162E+03  0.5191E+03 -0.2926E-04
  -5.852E-5
   9.595E-17
  -5.852E-5
  -9.595E-17
  -4.798E-17
  -5.852E-5
   -5.852E-5
   -5.852E-5
   -5.852E-5
   0.0
   -5.852E-5
   0.0
   -0.715    -0.6928    0.09321
   0.693    -0.72    -0.03581
   0.09193    0.03899    0.995
 Node:          7
  0.1408E+03  0.1171E+03  0.4920E+03 -0.2926E-04
  -5.852E-5
   3.838E-16
  -5.852E-5
  -1.439E-16
  -1.919E-16
  -5.852E-5
   -5.852E-5
   -5.852E-5
   -5.852E-5
   0.0
   -5.852E-5
   0.0
   0.8641    0.487    -0.1268
   -0.5006    0.8577    -0.1173
   0.05166    0.1648    0.985
 Node:          8
  0.1367E+03  0.1169E+03  0.5055E+03 -0.2926E-04
  -5.852E-5
   3.358E-16
  -5.852E-5
  -6.956E-16
  -4.078E-16
  -5.852E-5
   -5.852E-5
   -5.852E-5
   -5.852E-5
   0.0
   -5.852E-5
   0.0
   -0.7206    -0.6268    0.2964
   0.6358    -0.7679    -0.07816
   0.2766    0.1322    0.9518
 Node:          9
  0.1339E+03  0.1180E+03  0.5191E+03 -0.2926E-04
  -5.852E-5
   2.879E-16
  -5.852E-5
  -6.837E-16
  -4.798E-16
  -5.852E-5
   -5.852E-5
   -5.852E-5
   -5.852E-5
   0.0
   -5.852E-5
   0.0
   0.3024    0.1644    -0.9389
   0.9345    0.1427    0.326
   -0.1876    0.976    0.1104
 Node:         10
  0.1294E+03  0.1212E+03  0.4911E+03 -0.2926E-04
  -5.852E-5
   4.798E-17
  -5.852E-5
  -2.399E-17
   2.159E-16
  -5.852E-5
   -5.852E-5
   -5.852E-5
   -5.852E-5
   0.0
   -5.852E-5
   0.0
   0.02408    0.7089    0.7049
   0.1744    0.6913    -0.7012
   -0.9844    0.1398    -0.107
 Node:         11
  0.1295E+03  0.1214E+03  0.5055E+03 -0.2926E-04
  -5.852E-5
  -4.798E-17
  -5.852E-5
  -7.196E-17
   2.399E-17
  -5.852E-5
   -5.852E-5
   -5.852E-5
   -5.852E-5
   0.0
   -5.852E-5
   0.0
   -0.2763    0.1331    0.9518
   -0.5867    0.761    -0.2768
   0.7612    0.6349    0.1322
 Node:         12
  0.1295E+03  0.1217E+03  0.5196E+03 -0.2926E-04
  -5.852E-5
  -4.959E-37
  -5.852E-5
   1.319E-16
   4.798E-17
  -5.852E-5
   -5.852E-5
   -5.852E-5
   -5.852E-5
   0.0
   -5.852E-5
   0.0
   -0.2404    -0.08738    -0.9667
   -0.3416    0.9398    -2.8E-6
   -0.9086    -0.3303    0.2558
 Node:         13
  0.1361E+03  0.1199E+03  0.4914E+03 -0.2926E-04
  -5.852E-5
  -2.399E-16
  -5.852E-5
  -1.679E-16
   4.798E-17
  -5.852E-5
   -5.852E-5
   -5.852E-5
   -5.852E-5
   0.0
   -5.852E-5
   0.0
   0.9203    -0.37    -0.1273
   0.3697    0.9288    -0.02723
   0.1283    -0.02199    0.9915
 Node:         14
  0.1342E+03  0.1198E+03  0.5054E+03 -0.2926E-04
  -5.852E-5
   4.798E-17
  -5.852E-5
   9.595E-17
  -1.559E-16
  -5.852E-5
   -5.852E-5
   -5.852E-5
   -5.852E-5
   0.0
   -5.852E-5
   0.0
   0.09997    -0.2649    0.9591
   -0.2953    -0.9284    -0.2256
   -0.9502    0.2607    0.171
 Node:         15
  0.1330E+03  0.1205E+03  0.5193E+03 -0.2926E-04
  -5.852E-5
  -1.439E-16
  -5.852E-5
   2.399E-17
   8.396E-17
  -5.852E-5
   -5.852E-5
   -5.852E-5
   -5.852E-5
   0.0
   -5.852E-5
   0.0
   0.9934    -0.1134    0.01425
   -0.01886    -0.2856    -0.9582
   0.1127    0.9516    -0.2859
 Node:         16
  0.1404E+03  0.1188E+03  0.4918E+03 -0.2926E-04
  -5.852E-5
   9.595E-17
  -5.852E-5
  -1.439E-16
  -2.519E-16
  -5.852E-5
   -5.852E-5
   -5.852E-5
   -5.852E-5
   0.0
   -5.852E-5
   0.0
   -0.1502    -0.2388    0.9594
   -0.794    -0.549    -0.2609
   0.589    -0.801    -0.1072
 Node:         17
  0.1365E+03  0.1184E+03  0.5055E+03 -0.2926E-04
  -5.852E-5
   4.798E-17
  -5.852E-5
   1.679E-16
   2.939E-16
  -5.852E-5
   -5.852E-5
   -5.852E-5
   -5.852E-5
   0.0
   -5.852E-5
   0.0
   0.2481    0.4018    0.8815
   0.9357    -0.3351    -0.1106
   -0.251    -0.8522    0.459
 Node:         18
  0.1341E+03  0.1191E+03  0.5192E+03 -0.2926E-04
  -5.852E-5
  -6.594E-37
  -5.852E-5
   4.573E-17
   1.84E-16
  -5.852E-5
   -5.852E-5
   -5.852E-5
   -5.852E-5
   0.0
   -5.852E-5
   0.0
   0.02287    0.09203    0.9955
   0.971    -0.2391    -2.032E-4
   -0.238    -0.9666    0.09483
 Node:         19
  0.1301E+03  0.1291E+03  0.4914E+03  0.0000E+00
   4.934E-16
   0.0
   4.934E-16
   3.631E-19
   1.731E-17
  -9.869E-16
   4.936E-16
   4.934E-16
   -9.871E-16
   1.4806000101310279E-15
   -3.3333333333314155E-20
   6.979615382590138E-16
   -0.02097    -0.9997    -0.01169
   -0.9998    0.02097    -8.123E-17
   2.452E-4    0.01169    -0.9999
 Node:         20
  0.1299E+03  0.1291E+03  0.5058E+03  0.0000E+00
   9.869E-16
   0.0
   0.0
   1.799E-17
   3.326E-17
  -2.467E-16
   9.871E-16
   4.4E-18
   -2.514E-16
   1.1324785163525177E-15
   2.467E-16
   5.338554923072971E-16
   -0.9999    -4.917E-4    -0.01459
   0.002401    -0.9914    -0.1311
   -0.0144    -0.1312    0.9913
 Node:         21
  0.1301E+03  0.1280E+03  0.5197E+03  0.0000E+00
   4.934E-16
   0.0
   0.0
   7.196E-17
   2.549E-17
   4.934E-16
   5.66E-16
   4.222E-16
   -1.341E-18
   5.108528305500519E-16
   3.28953E-16
   2.408183337801893E-16
   -0.7039    -0.03195    -0.7096
   -0.7102    0.04241    0.7027
   -0.007642    -0.9986    0.05255
 Node:         22
  0.1360E+03  0.1256E+03  0.4913E+03  0.0000E+00
  -9.869E-16
   2.399E-17
  -4.934E-16
  -2.399E-17
   1.739E-16
   4.934E-16
   5.234E-16
   -5.215E-16
   -9.888E-16
   1.3410693755358072E-15
   -3.2896666666666662E-16
   6.321861663219854E-16
   -0.01298    0.1683    0.9857
   0.05935    0.9841    -0.1672
   -0.9982    0.05633    -0.02276
 Node:         23
  0.1343E+03  0.1253E+03  0.5054E+03  0.0000E+00
   0.0
   3.598E-17
  -1.974E-15
   0.0
   2.271E-16
  -7.401E-16
   6.796E-19
   -6.997E-16
   -2.015E-15
   1.7724996366646057E-15
   -9.046734666666666E-16
   8.355643418241562E-16
   0.9998    0.01889    0.00579
   -0.009011    0.1753    0.9845
   0.01758    -0.9843    0.1754
 Node:         24
  0.1336E+03  0.1248E+03  0.5194E+03  0.0000E+00
  -9.869E-16
   2.099E-17
   0.0
   2.399E-17
   1.499E-18
  -7.401E-16
   4.516E-19
   -7.379E-16
   -9.896E-16
   8.912682384908372E-16
   -5.756827999999999E-16
   4.2014787686204007E-16
   -0.02132    -0.9998    -0.002714
   0.09549    -0.004739    0.9954
   -0.9952    0.02096    0.09557
 Node:         25
  0.1400E+03  0.1206E+03  0.4917E+03  0.0000E+00
   0.0
   4.617E-16
  -4.934E-16
  -1.439E-16
  -2.249E-16
   9.869E-16
   1.067E-15
   2.05E-16
   -7.785E-16
   1.5994040296310373E-15
   1.6449999999999999E-16
   7.539662901394642E-16
   -0.2161    -0.2016    0.9553
   0.839    0.4621    0.2874
   -0.4994    0.8636    0.06929
 Node:         26
  0.1363E+03  0.1200E+03  0.5055E+03  0.0000E+00
   9.869E-16
   1.859E-16
  -2.714E-15
   4.797E-17
  -1.943E-15
  -2.467E-16
   1.006E-15
   8.09E-16
   -3.789E-15
   4.699597748744035E-15
   -6.579999999999999E-16
   2.215411624657293E-15
   0.968    0.1526    -0.1995
   0.2481    -0.4578    0.8538
   -0.03892    0.8759    0.4809
 Node:         27
  0.1343E+03  0.1203E+03  0.5192E+03  0.0000E+00
   9.869E-16
  -3.358E-16
   9.869E-16
  -1.799E-16
   2.27E-15
   0.0
   2.89E-15
   9.15E-16
   -1.831E-15
   4.1066398673367985E-15
   6.58E-16
   1.9358885987232494E-15
   -0.1931    0.7658    0.6135
   0.9808    0.1345    0.1409
   0.02534    0.6289    -0.7771
 Node:         28
  0.1155E+03  0.1124E+03  0.4931E+03 -0.1729E-03
  -3.459E-4
   6.599E-17
  -3.459E-4
  -9.598E-17
   9.598E-17
  -3.459E-4
   -3.459E-4
   -3.459E-4
   -3.459E-4
   0.0
   -3.4589999999999995E-4
   0.0
   0.02396    0.9835    0.1794
   0.07203    0.1773    -0.9815
   -0.9971    0.03644    -0.06659
 Node:         29
  0.1119E+03  0.1139E+03  0.5068E+03 -0.1729E-03
  -3.459E-4
  -3.599E-17
  -3.459E-4
   9.598E-17
   1.2E-17
  -3.459E-4
   -3.459E-4
   -3.459E-4
   -3.459E-4
   0.0
   -3.4589999999999995E-4
   0.0
   -0.03581    0.9993    0.005709
   -0.982    -0.03413    -0.1855
   -0.1852    -0.01225    0.9826
 Node:         30
  0.1113E+03  0.1159E+03  0.5206E+03 -0.1729E-03
  -3.459E-4
   2.16E-16
  -3.459E-4
   4.796E-36
  -4.799E-17
  -3.459E-4
   -3.459E-4
   -3.459E-4
   -3.459E-4
   0.0
   -3.4589999999999995E-4
   0.0
   0.7039    0.7087    -0.04778
   -0.7085    0.6957    -0.1188
   -0.05093    0.1174    0.9918
 Node:         31
  0.1203E+03  0.1126E+03  0.4920E+03 -0.1729E-03
  -3.459E-4
   1.68E-16
  -3.459E-4
   4.799E-17
   7.199E-17
  -3.459E-4
   -3.459E-4
   -3.459E-4
   -3.459E-4
   0.0
   -3.4589999999999995E-4
   0.0
   -0.7439    -0.4293    -0.5123
   0.5143    0.1219    -0.8489
   0.4269    -0.8949    0.1301
 Node:         32
  0.1188E+03  0.1134E+03  0.5062E+03 -0.1729E-03
  -3.459E-4
  -2.4E-17
  -3.459E-4
  -4.799E-17
   1.68E-16
  -3.459E-4
   -3.459E-4
   -3.459E-4
   -3.459E-4
   0.0
   -3.4589999999999995E-4
   0.0
   0.9989    -0.02091    -0.04166
   0.04661    0.451    0.8913
   1.549E-4    -0.8923    0.4515
 Node:         33
  0.1183E+03  0.1150E+03  0.5201E+03 -0.1729E-03
  -3.459E-4
   9.598E-17
  -3.459E-4
   1.44E-16
  -6.395E-36
  -3.459E-4
   -3.459E-4
   -3.459E-4
   -3.459E-4
   0.0
   -3.4589999999999995E-4
   0.0
   0.9536    0.1669    0.2505
   2.748E-4    0.8317    -0.5552
   -0.3011    0.5295    0.7931
 Node:         34
  0.1255E+03  0.1129E+03  0.4909E+03 -0.1729E-03
  -3.459E-4
  -7.46E-36
  -3.459E-4
   9.598E-17
   1.68E-16
  -3.459E-4
   -3.459E-4
   -3.459E-4
   -3.459E-4
   0.0
   -3.4589999999999995E-4
   0.0
   0.351    0.6139    0.707
   -0.868    0.4965    -1.706E-4
   -0.3512    -0.6137    0.7072
 Node:         35
  0.1260E+03  0.1135E+03  0.5054E+03 -0.1729E-03
  -3.459E-4
   1.92E-16
  -3.459E-4
   1.92E-16
   4.319E-16
  -3.459E-4
   -3.459E-4
   -3.459E-4
   -3.459E-4
   0.0
   -3.4589999999999995E-4
   0.0
   0.7461    0.4708    0.4709
   -0.6659    0.5274    0.5277
   8.298E-5    -0.7072    0.707
 Node:         36
  0.1257E+03  0.1153E+03  0.5196E+03 -0.1729E-03
  -3.459E-4
  -9.598E-17
  -3.459E-4
  -9.598E-17
   1.44E-16
  -3.459E-4
   -3.459E-4
   -3.459E-4
   -3.459E-4
   0.0
   -3.4589999999999995E-4
   0.0
   -0.5155    0.606    0.6059
   0.8569    0.364    0.365
   -6.258E-4    -0.7073    0.7069
 Node:         37
  0.1132E+03  0.1210E+03  0.4959E+03 -0.1729E-03
  -3.459E-4
   2.4E-16
  -3.459E-4
  -1.44E-16
   3.119E-16
  -3.459E-4
   -3.459E-4
   -3.459E-4
   -3.459E-4
   0.0
   -3.4589999999999995E-4
   0.0
   -0.5076    -0.7956    -0.3308
   0.7555    -0.2265    -0.6147
   0.4142    -0.5619    0.716
 Node:         38
  0.1111E+03  0.1204E+03  0.5085E+03 -0.1729E-03
  -3.459E-4
   1.68E-16
  -3.459E-4
  -4.799E-17
  -1.44E-16
  -3.459E-4
   -3.459E-4
   -3.459E-4
   -3.459E-4
   0.0
   -3.4589999999999995E-4
   0.0
   0.2119    0.9668    -0.1429
   0.9723    -0.2233    -0.06845
   0.09808    0.1244    0.9874
 Node:         39
  0.1119E+03  0.1201E+03  0.5207E+03 -0.1729E-03
  -3.459E-4
  -1.68E-16
  -3.459E-4
  -1.44E-16
  -1.32E-16
  -3.459E-4
   -3.459E-4
   -3.459E-4
   -3.459E-4
   0.0
   -3.4589999999999995E-4
   0.0
   0.9213    -0.07988    -0.3805
   0.3608    -0.1891    0.9133
   -0.1449    -0.9787    -0.1454
 Node:         40
  0.1191E+03  0.1220E+03  0.4937E+03 -0.1729E-03
  -3.459E-4
   1.44E-16
  -3.459E-4
   1.44E-16
  -2.4E-17
  -3.459E-4
   -3.459E-4
   -3.459E-4
   -3.459E-4
   0.0
   -3.4589999999999995E-4
   0.0
   0.9817    0.1345    0.1345
   -1.08E-4    0.7075    -0.7067
   -0.1902    0.6938    0.6946
 Node:         41
  0.1182E+03  0.1217E+03  0.5073E+03 -0.1729E-03
  -3.459E-4
  -4.799E-17
  -3.459E-4
   9.598E-17
   1.68E-16
  -3.459E-4
   -3.459E-4
   -3.459E-4
   -3.459E-4
   0.0
   -3.4589999999999995E-4
   0.0
   -0.1538    -0.1966    -0.9683
   -0.9621    0.2533    0.1014
   0.2253    0.9472    -0.2281
 Node:         42
  0.1187E+03  0.1212E+03  0.5204E+03 -0.1729E-03
  -3.459E-4
  -9.598E-17
  -3.459E-4
   4.263E-36
   9.598E-17
  -3.459E-4
   -3.459E-4
   -3.459E-4
   -3.459E-4
   0.0
   -3.4589999999999995E-4
   0.0
   -0.0186    0.09772    0.995
   -0.9834    0.178    -0.03586
   -0.1806    -0.9792    0.09278
 Node:         43
  0.1258E+03  0.1217E+03  0.4915E+03 -0.1729E-03
  -3.459E-4
   1.92E-16
  -3.459E-4
  -2.4E-17
   2.132E-36
  -3.459E-4
   -3.459E-4
   -3.459E-4
   -3.459E-4
   0.0
   -3.4589999999999995E-4
   0.0
   0.9458    0.3242    -0.01746
   -0.324    0.946    0.01163
   0.02029    -0.005339    0.9998
 Node:         44
  0.1259E+03  0.1220E+03  0.5059E+03 -0.1729E-03
  -3.459E-4
   2.4E-16
  -3.459E-4
   1.68E-16
   1.92E-16
  -3.459E-4
   -3.459E-4
   -3.459E-4
   -3.459E-4
   0.0
   -3.4589999999999995E-4
   0.0
   -0.3604    -0.3833    -0.8504
   -0.6211    -0.5816    0.5254
   0.6959    -0.7175    0.02843
 Node:         45
  0.1261E+03  0.1221E+03  0.5198E+03 -0.1729E-03
  -3.459E-4
  -1.44E-16
  -3.459E-4
   4.799E-17
  -1.2E-17
  -3.459E-4
   -3.459E-4
   -3.459E-4
   -3.459E-4
   0.0
   -3.4589999999999995E-4
   0.0
   0.06681    -0.01249    0.9977
   -0.9877    0.1408    0.0679
   -0.1413    -0.99    -0.002935
 Node:         46
  0.1117E+03  0.1296E+03  0.4959E+03  0.0000E+00
  -2.467E-16
   4.797E-17
  -7.401E-16
   1.199E-17
  -4.497E-17
   0.0
   3.057E-18
   -2.423E-16
   -7.476E-16
   6.629532710146319E-16
   -3.2894766666666664E-16
   3.125191690294995E-16
   0.03676    -0.058    0.9976
   0.9946    0.09864    -0.03092
   -0.09662    0.9934    0.06131
 Node:         47
  0.1107E+03  0.1269E+03  0.5087E+03  0.0000E+00
  -7.401E-16
  -5.397E-17
   4.934E-16
  -4.797E-17
   6.896E-17
   0.0
   5.058E-16
   -7.273E-18
   -7.452E-16
   1.0892155802819752E-15
   -8.222433333333333E-17
   5.1346114866095E-16
   -0.04821    0.9891    0.1394
   -0.05424    -0.142    0.9884
   -0.9974    -0.04009    -0.06049
 Node:         48
  0.1125E+03  0.1242E+03  0.5208E+03  0.0000E+00
   4.934E-16
   5.997E-18
   4.934E-16
   0.0
  -2.998E-18
   4.934E-16
   5.001E-16
   4.934E-16
   4.867E-16
   1.1604740410711462E-17
   4.934E-16
   5.470527092215756E-18
   -0.6325    -0.7071    0.3162
   0.4472    -2.276E-15    0.8944
   0.6325    -0.7071    -0.3162
 Node:         49
  0.1186E+03  0.1311E+03  0.4938E+03  0.0000E+00
  -7.401E-16
  -3.598E-17
   0.0
  -7.196E-17
  -1.049E-17
  -2.467E-16
   1.947E-18
   -2.366E-16
   -7.523E-16
   6.677348643803167E-16
   -3.2898433333333336E-16
   3.1477323375866775E-16
   0.04561    -0.9985    0.02894
   -0.143    0.02215    0.9895
   -0.9887    -0.04926    -0.1418
 Node:         50
  0.1180E+03  0.1298E+03  0.5075E+03  0.0000E+00
   0.0
  -2.249E-17
   1.48E-15
  -7.196E-17
   2.155E-17
   9.869E-16
   1.482E-15
   9.91E-16
   -5.513E-18
   1.3127859849072886E-15
   8.224956666666666E-16
   6.188532481164029E-16
   0.01739    -0.9988    -0.04603
   -0.07128    -0.04716    0.9963
   0.9973    0.01405    0.07201
 Node:         51
  0.1192E+03  0.1275E+03  0.5206E+03  0.0000E+00
   0.0
  -5.997E-18
  -2.467E-16
   0.0
   2.549E-17
   4.934E-16
   4.943E-16
   1.449E-19
   -2.477E-16
   6.54286006770747E-16
   8.22483E-17
   3.0843338148204166E-16
   -4.17E-4    0.03438    0.9994
   0.9997    -0.02416    0.001248
   0.02418    0.9991    -0.03436
 Node:         52
  0.1262E+03  0.1305E+03  0.4920E+03  0.0000E+00
   4.934E-16
  -2.399E-17
   4.934E-16
   2.249E-18
   8.48E-18
   0.0
   5.175E-16
   4.696E-16
   -1.6E-19
   4.95449666061044E-16
   3.2898E-16
   2.335572124055831E-16
   -0.7061    0.708    0.008534
   0.7081    0.706    0.01614
   -0.005403    -0.01744    0.9998
 Node:         53
  0.1258E+03  0.1304E+03  0.5063E+03  0.0000E+00
  -7.401E-16
  -2.998E-18
  -4.934E-16
   4.797E-17
   5.847E-17
  -9.869E-16
   -4.866E-16
   -7.314E-16
   -1.002E-15
   4.465358664206045E-16
   -7.399999999999999E-16
   2.104990261260132E-16
   0.0104    0.9931    0.1171
   -0.9836    0.03123    -0.1776
   -0.18    -0.1133    0.9771
 Node:         54
  0.1265E+03  0.1288E+03  0.5200E+03  0.0000E+00
  -9.869E-16
   3.598E-17
   4.934E-16
   0.0
  -7.496E-18
   4.934E-16
   5.014E-16
   4.864E-16
   -9.877E-16
   1.4816569474746847E-15
   3.3333333333314155E-20
   6.984597833010066E-16
   0.01758    0.7272    -0.6862
   0.01675    0.686    0.7274
   -0.9997    0.02428    1.229E-4
 Node:         55
  0.1381E+03  0.1168E+03  0.4520E+03  0.1308E-01
   0.03404
  -0.01916
   0.02601
  -0.007037
   0.02851
   0.01854
   0.06746
   0.02353
   -0.007521
   0.06525396486804462
   0.027823
   0.03076101403833539
   -0.5927    0.6588    0.4632
   0.7819    0.3328    0.5271
   -0.1931    -0.6747    0.7124
 Node:         56
  0.1313E+03  0.1156E+03  0.4680E+03  0.1308E-01
   0.03632
  -0.02817
   0.02649
  -0.02581
   0.01686
   0.02259
   0.08211
   0.007165
   5.958E-4
   0.07843619131268423
   0.029956933333333335
   0.03697517517842959
   -0.7114    0.5316    0.4597
   -0.04921    -0.6902    0.7219
   0.7011    0.491    0.5172
 Node:         57
  0.1285E+03  0.1140E+03  0.4823E+03  0.1308E-01
   0.03075
  -0.01211
   0.02691
  -0.007674
   0.005297
   0.02617
   0.04636
   0.02148
   0.01618
   0.027910005374417256
   0.028006666666666666
   0.013156902708802284
   -0.705    0.5701    0.4219
   0.2174    -0.3925    0.8937
   0.6751    0.7218    0.1527
 Node:         58
  0.1475E+03  0.1178E+03  0.4522E+03  0.1308E-01
   0.03372
  -0.01484
   0.02723
  -0.001848
   0.01776
   0.01344
   0.05526
   0.02495
   -2.912E-4
   0.04817546107137948
   0.0266396
   0.022710130140240647
   -0.6849    0.6627    0.3029
   0.6986    0.4791    0.5314
   -0.2071    -0.5756    0.7911
 Node:         59
  0.1414E+03  0.1167E+03  0.4686E+03  0.1308E-01
   0.03963
  -0.03726
   0.02742
  -0.04774
   0.03373
   0.02271
   0.1197
   -0.002773
   -0.01624
   0.12973179914346367
   0.03356233333333333
   0.061156156606582864
   -0.6871    0.5113    0.5162
   0.4394    0.8583    -0.2651
   -0.5786    0.04471    -0.8144
 Node:         60
  0.1374E+03  0.1150E+03  0.4832E+03  0.1308E-01
   0.03235
  -0.02016
   0.02742
  -0.02296
   0.0144
   0.02704
   0.07028
   0.01275
   0.00559
   0.06142378448125775
   0.029539999999999997
   0.028955449688558916
   -0.6689    0.5161    0.5349
   -0.1583    -0.8021    0.5759
   0.7263    0.3005    0.6183
 Node:         61
  0.1545E+03  0.1222E+03  0.4525E+03  0.1308E-01
   0.03667
  -0.01046
   0.02475
   0.0225
  -0.03545
   0.02232
   0.07735
   0.02439
   -0.01271
   0.07839634940480329
   0.029676666666666667
   0.03695639352293758
   -0.5807    0.5592    -0.5916
   0.7913    0.5585    -0.2489
   -0.1913    0.6127    0.7668
 Node:         62
  0.1487E+03  0.1202E+03  0.4692E+03  0.1308E-01
   0.0412
  -0.06091
   0.02795
  -0.04613
   0.01586
   0.03276
   0.1273
   0.01499
   -0.03068
   0.14081364529050444
   0.03720333333333333
   0.06638018897900856
   -0.7288    0.5155    0.4507
   0.09979    -0.5712    0.8147
   0.6774    0.6387    0.3649
 Node:         63
  0.1436E+03  0.1181E+03  0.4838E+03  0.1308E-01
   0.03128
  -0.03305
   0.02983
  -0.01836
   0.02529
   0.02823
   0.0851
   0.01137
   -0.003822
   0.08238334737069136
   0.030882666666666666
   0.038835882388441864
   -0.6105    0.6249    0.4866
   -0.5517    0.1052    -0.8274
   -0.5682    -0.7736    0.2805
 Node:         64
  0.1409E+03  0.1253E+03  0.4518E+03  0.1308E-01
   0.0252
  -0.03178
   0.03196
   7.739E-4
   5.999E-4
   0.02166
   0.06492
   0.02096
   -0.003372
   0.05995133479748387
   0.027502666666666672
   0.028261330250990587
   -0.6663    0.7456    -6.929E-4
   0.02954    0.02733    0.9992
   0.7451    0.6658    -0.04024
 Node:         65
  0.1338E+03  0.1229E+03  0.4680E+03  0.1308E-01
   0.03109
  -0.05047
   0.0298
  -0.01302
   0.004345
   0.02337
   0.08963
   0.02073
   -0.02008
   0.09604413100236787
   0.030093333333333333
   0.0452756375499623
   -0.7238    0.6642    0.1869
   0.03735    -0.2328    0.9718
   0.689    0.7104    0.1437
 Node:         66
  0.1299E+03  0.1214E+03  0.4824E+03  0.1308E-01
   0.03053
  -0.01474
   0.02732
  -0.006345
   0.004879
   0.02611
   0.04774
   0.02266
   0.01383
   0.030470177222983126
   0.028076666666666663
   0.014363779292218168
   -0.7074    0.6142    0.3498
   0.2197    -0.2793    0.9347
   0.6718    0.7381    0.06269
 Node:         67
  0.1493E+03  0.1245E+03  0.4522E+03  0.1308E-01
   0.02755
  -0.01899
   0.03176
   0.001501
   0.005206
   0.01463
   0.05435
   0.0167
   0.007474
   0.04301163186860038
   0.026174666666666666
   0.02027587770945783
   -0.6471    0.7585    0.07685
   -0.5194    -0.3648    -0.7728
   -0.5581    -0.54    0.63
 Node:         68
  0.1428E+03  0.1224E+03  0.4686E+03  0.1308E-01
   0.03701
  -0.04725
   0.03087
  -0.03375
   0.01342
   0.01967
   0.1054
   0.009996
   -0.01899
   0.1127275110875779
   0.03213533333333333
   0.053140258344205375
   -0.7266    0.5788    0.3703
   -0.03274    -0.5675    0.8227
   0.6863    0.5856    0.4313
 Node:         69
  0.1379E+03  0.1205E+03  0.4830E+03  0.1308E-01
   0.03233
  -0.02004
   0.02759
  -0.01683
   0.009694
   0.02617
   0.0626
   0.01671
   0.007924
   0.05085543664152339
   0.029078000000000003
   0.023973482739616008
   -0.6937    0.5465    0.4692
   0.05679    -0.6078    0.792
   0.718    0.5761    0.3906
 Node:         70
  0.1548E+03  0.1242E+03  0.4525E+03  0.1308E-01
   0.02967
  -0.02531
   0.03107
  -0.01341
   0.01107
   0.01061
   0.06982
   0.006755
   0.00293
   0.06506188188947504
   0.026501666666666663
   0.030670465253870682
   -0.6782    0.6807    0.2768
   0.4679    0.6905    -0.5516
   -0.5666    -0.2445    -0.7869
 Node:         71
  0.1489E+03  0.1221E+03  0.4692E+03  0.1308E-01
   0.04237
  -0.03715
   0.03062
  -0.06611
   0.0237
   0.01998
   0.1311
   0.009502
   -0.03297
   0.14749391392189712
   0.03587733333333334
   0.0695292978119456
   -0.734    0.4382    0.519
   -0.255    -0.886    0.3874
   0.6295    0.152    0.762
 Node:         72
  0.1434E+03  0.1199E+03  0.4837E+03  0.1308E-01
   0.03432
  -0.01991
   0.02734
  -0.02894
   0.01228
   0.02665
   0.0746
   0.01555
   4.333E-4
   0.0678826800729759
   0.03019443333333333
   0.03200020226981212
   -0.7042    0.455    0.545
   -0.1938    -0.8617    0.469
   0.6831    0.2246    0.695
 Node:         73
  0.1437E+03  0.1339E+03  0.4513E+03  0.0000E+00
   0.01033
   0.002252
  -0.004352
  -0.01209
   0.009734
  -5.282E-4
   0.01954
   0.002766
   -0.01552
   0.030372260962924707
   0.0022619999999999997
   0.01431762112456768
   0.8059    -0.1608    -0.5697
   0.4669    0.7643    0.4447
   0.364    -0.6244    0.6911
 Node:         74
  0.1363E+03  0.1303E+03  0.4678E+03  0.0000E+00
   0.01635
   0.04033
   6.462E-5
   0.007724
   0.01639
   0.002576
   0.05685
   -8.288E-4
   -0.03241
   0.07839503735211815
   0.0078704
   0.03695577501537029
   -0.7394    -0.6083    -0.2886
   -0.3617    -0.002608    0.9323
   -0.5678    0.7937    -0.2181
 Node:         75
  0.1313E+03  0.1288E+03  0.4826E+03  0.0000E+00
   0.00852
   0.01591
   4.704E-4
   0.004767
   0.00251
   4.174E-4
   0.02267
   -7.776E-4
   -0.01171
   0.030424428634897978
   0.0033941333333333333
   0.014342213200975023
   -0.7782    -0.5836    -0.2321
   -0.1328    -0.2083    0.969
   -0.6138    0.7849    0.08457
 Node:         76
  0.1511E+03  0.1310E+03  0.4520E+03  0.0000E+00
   0.008485
  -0.002264
  -0.003717
  -0.01207
  -8.1E-4
  -0.002666
   0.01706
   -0.003226
   -0.01077
   0.024929326424915695
   0.001021333333333333
   0.011751797176980586
   -0.8481    0.07269    0.5247
   0.07479    -0.9642    0.2544
   0.5245    0.255    0.8123
 Node:         77
  0.1443E+03  0.1281E+03  0.4685E+03  0.0000E+00
   0.01905
   0.03524
   2.051E-4
   0.01049
   0.004658
   5.774E-4
   0.05115
   -0.001633
   -0.02574
   0.06811484653876862
   0.007925666666666666
   0.03210964659136289
   -0.7938    -0.5684    -0.2163
   -0.1091    -0.2168    0.9701
   -0.5983    0.7937    0.1101
 Node:         78
  0.1384E+03  0.1261E+03  0.4829E+03  0.0000E+00
   0.009303
   0.01803
   5.08E-4
   0.006398
   0.0027
   2.831E-4
   0.0259
   -0.001226
   -0.01356
   0.03496454655790633
   0.0037046666666666664
   0.01648244531480555
   -0.7755    -0.5779    -0.2541
   -0.1134    -0.2685    0.9566
   -0.6211    0.7707    0.1427
 Node:         79
  0.1550E+03  0.1262E+03  0.4525E+03  0.0000E+00
   0.005585
  -0.01611
  -0.01898
  -0.03729
   0.001394
  -9.416E-5
   0.04886
   -0.01543
   -0.04046
   0.07980528616576725
   -0.002343333333333334
   0.037620572681564664
   0.7496    -0.1938    -0.6329
   -0.13    0.8944    -0.4279
   0.649    0.4031    0.6452
 Node:         80
  0.1491E+03  0.1240E+03  0.4693E+03  0.0000E+00
   0.02288
   8.648E-4
  -0.01189
   0.02089
   0.008921
   0.002341
   0.04041
   -0.004263
   -0.01723
   0.05237456261392547
   0.006305666666666667
   0.02468960559065742
   -0.8492    -0.1063    -0.5174
   0.4319    -0.7036    -0.5643
   0.3041    0.7026    -0.6434
 Node:         81
  0.1433E+03  0.1217E+03  0.4836E+03  0.0000E+00
   0.01065
   0.01264
  -0.001037
   0.02182
   0.006327
   0.001195
   0.03495
   -0.005541
   -0.01677
   0.047119899840725475
   0.004213000000000001
   0.0222125338041386
   -0.7487    -0.3634    -0.5545
   0.1199    -0.8968    0.4258
   -0.652    0.2523    0.715
 Node:         82
  0.1267E+03  0.1148E+03  0.4553E+03  0.2496E-01
   0.0563
  -0.0233
   0.04889
  -0.01018
  -0.005233
   0.04879
   0.08043
   0.05169
   0.02359
   0.049225924064460184
   0.051903333333333336
   0.023205323144102567
   -0.8001    0.5766    0.1655
   -0.1272    -0.4326    0.8926
   0.5863    0.6931    0.4195
 Node:         83
  0.1234E+03  0.1129E+03  0.4715E+03  0.2496E-01
   0.05429
  -0.01924
   0.04917
  -0.02633
   4.483E-4
   0.05079
   0.08869
   0.04854
   0.01909
   0.06051233345360267
   0.05210666666666667
   0.02852578755364268
   -0.7428    0.3746    0.5548
   0.03582    -0.8053    0.5918
   0.6685    0.4595    0.5848
 Node:         84
  0.1187E+03  0.1123E+03  0.4849E+03  0.2496E-01
   0.0528
  -0.001907
   0.04985
  -0.007648
   3.924E-4
   0.05086
   0.06038
   0.04931
   0.04358
   0.014792190507156135
   0.05109
   0.006973105477475586
   -0.736    0.16    0.6578
   0.006855    -0.9699    0.2435
   0.677    0.1837    0.7127
 Node:         85
  0.1302E+03  0.1161E+03  0.4540E+03  0.2496E-01
   0.05698
  -0.02668
   0.04888
  -0.009951
  -0.009267
   0.04773
   0.08469
   0.05289
   0.01881
   0.05706514172417343
   0.05213
   0.026900765788356287
   0.7958    -0.6022    -0.06353
   -0.2311    -0.399    0.8873
   -0.5597    -0.6915    -0.4567
 Node:         86
  0.1252E+03  0.1138E+03  0.4698E+03  0.2496E-01
   0.05193
  -0.02058
   0.05254
  -0.05629
   0.003811
   0.05036
   0.1187
   0.05083
   -0.006936
   0.10892119204268745
   0.054198
   0.05134594233887101
   -0.7219    0.2874    0.6295
   -0.06986    -0.9353    0.3469
   0.6884    0.2064    0.6953
 Node:         87
  0.1217E+03  0.1126E+03  0.4833E+03  0.2496E-01
   0.05313
  -0.001486
   0.04985
  -0.01165
   0.001508
   0.05093
   0.06496
   0.04893
   0.03982
   0.02204509696054885
   0.05123666666666667
   0.010392158368479358
   -0.7291    0.1425    0.6694
   -0.1116    -0.9897    0.08926
   0.6753    -0.009597    0.7375
 Node:         88
  0.1338E+03  0.1169E+03  0.4523E+03  0.2496E-01
   0.05555
  -0.02577
   0.04974
  -0.01036
   0.001465
   0.04849
   0.08474
   0.04629
   0.0246
   0.05275262173579622
   0.05187666666666666
   0.02486782436983358
   -0.7606    0.6008    0.246
   0.01194    -0.366    0.9306
   0.6491    0.7107    0.2712
 Node:         89
  0.1270E+03  0.1150E+03  0.4680E+03  0.2496E-01
   0.05721
  -0.02438
   0.04971
  -0.02903
   1.086E-4
   0.05007
   0.09612
   0.04827
   0.01485
   0.07075073073827577
   0.053079999999999995
   0.0333522143192922
   -0.7655    0.41    0.4959
   0.007152    -0.7652    0.6437
   0.6434    0.4963    0.5828
 Node:         90
  0.1248E+03  0.1132E+03  0.4821E+03  0.2496E-01
   0.05367
  -0.008964
   0.05025
  -0.00709
   0.003667
   0.05018
   0.06607
   0.04613
   0.04165
   0.02251677596815317
   0.05128333333333333
   0.010614509985026265
   -0.7147    0.5308    0.4554
   0.1124    -0.5555    0.8239
   0.6903    0.6401    0.3373
 Node:         91
  0.1257E+03  0.1258E+03  0.4541E+03  0.2496E-01
   0.0497
  -0.04902
   0.05291
  -0.01659
  -0.002165
   0.04864
   0.1096
   0.05066
   -0.001337
   0.09613695849671967
   0.05297433333333334
   0.04531939685045344
   -0.7069    0.6863    0.1713
   -0.07556    -0.314    0.9464
   0.7033    0.6561    0.2738
 Node:         92
  0.1208E+03  0.1230E+03  0.4722E+03  0.2496E-01
   0.05447
  -0.03165
   0.04948
  -0.02772
  -0.003488
   0.04966
   0.09747
   0.05265
   0.00762
   0.07781245337348001
   0.052579999999999995
   0.03668114229409984
   -0.7624    0.4884    0.4245
   -0.006756    -0.6619    0.7495
   0.6471    0.5686    0.5079
 Node:         93
  0.1159E+03  0.1217E+03  0.4876E+03  0.2496E-01
   0.05343
   6.395E-4
   0.04974
  -0.01316
  -0.005858
   0.05057
   0.06763
   0.04936
   0.03681
   0.026843693859079823
   0.05126666666666666
   0.012654238639900684
   -0.6998    -0.2565    0.6667
   -0.4091    0.909    -0.0797
   -0.5856    -0.3285    -0.7411
 Node:         94
  0.1311E+03  0.1260E+03  0.4531E+03  0.2496E-01
   0.04881
  -0.04812
   0.05368
  -0.009084
  -0.006048
   0.04761
   0.1078
   0.04983
   5.833E-4
   0.09295477158215172
   0.052737766666666665
   0.043819299552924046
   -0.6899    0.7235    0.024
   -0.1525    -0.1776    0.9722
   0.7077    0.667    0.2329
 Node:         95
  0.1248E+03  0.1232E+03  0.4702E+03  0.2496E-01
   0.05604
  -0.02832
   0.05068
  -0.03079
   5.039E-5
   0.04757
   0.1003
   0.04826
   0.01006
   0.07845590863663489
   0.05287333333333333
   0.036984470014077835
   -0.7613    0.4704    0.4464
   -0.06263    -0.7385    0.6714
   0.6454    0.4831    0.5916
 Node:         96
  0.1205E+03  0.1222E+03  0.4851E+03  0.2496E-01
   0.05415
  -0.001257
   0.04992
  -0.0154
  -0.001297
   0.05009
   0.06898
   0.04956
   0.03564
   0.029003951454931103
   0.05139333333333334
   0.013672593836658142
   -0.766    0.005372    0.6429
   0.08294    -0.9908    0.1071
   0.6375    0.1354    0.7585
 Node:         97
  0.1365E+03  0.1258E+03  0.4519E+03  0.2496E-01
   0.04992
  -0.03829
   0.0541
  -0.01159
  -0.005031
   0.04683
   0.09783
   0.04933
   0.009517
   0.07660453948037284
   0.05222566666666667
   0.036111726224162824
   -0.6875    0.7219    0.07845
   -0.1854    -0.279    0.9422
   0.7021    0.6332    0.3256
 Node:         98
  0.1294E+03  0.1231E+03  0.4682E+03  0.2496E-01
   0.05476
  -0.04698
   0.05191
  -0.02494
  -0.001432
   0.04772
   0.1135
   0.04838
   -9.845E-4
   0.09945895887374852
   0.05363183333333333
   0.046885402846254344
   -0.7435    0.6122    0.2691
   -0.06885    -0.4703    0.8798
   0.6652    0.6356    0.3918
 Node:         99
  0.1260E+03  0.1218E+03  0.4827E+03  0.2496E-01
   0.05388
  -0.01173
   0.05042
  -0.008365
   0.003268
   0.04994
   0.06925
   0.04636
   0.03852
   0.027656379010998537
   0.05137666666666666
   0.013037342094494912
   -0.7248    0.549    0.4162
   0.06081    -0.5507    0.8325
   0.6863    0.6287    0.3658
 Node:        100
  0.1248E+03  0.1369E+03  0.4526E+03  0.0000E+00
   0.0123
   0.007403
  -0.003397
  -0.01025
  -0.005125
   0.004162
   0.02305
   -0.002788
   -0.006117
   0.027653194878711575
   0.0047150000000000004
   0.013035841080140042
   -0.7897    -0.3213    0.5226
   -0.5576    0.021    -0.8298
   -0.2557    0.9467    0.1958
 Node:        101
  0.1186E+03  0.1334E+03  0.4714E+03  0.0000E+00
   0.01053
   0.01699
  -1.401E-4
   0.01473
   0.0105
   0.007431
   0.03546
   -0.004381
   -0.01192
   0.04409652028221728
   0.006386333333333333
   0.020787299012190646
   -0.6852    -0.4836    -0.5447
   -0.4173    -0.3523    0.8377
   -0.597    0.8013    0.03957
 Node:        102
  0.1139E+03  0.1312E+03  0.4875E+03  0.0000E+00
   0.004965
   0.01298
   0.001233
   0.01179
   0.009649
   0.001372
   0.02623
   -0.007924
   -0.009878
   0.0351717322291638
   0.0028093333333333334
   0.016580113576879447
   0.6527    0.5483    0.5228
   -0.2678    -0.4786    0.8362
   -0.7087    0.6858    0.1656
 Node:        103
  0.1320E+03  0.1361E+03  0.4519E+03  0.0000E+00
   0.01206
   0.005051
  -0.006306
  -0.01189
  -0.005311
   0.004866
   0.02367
   -0.003659
   -0.007796
   0.029615014485898872
   0.004071666666666667
   0.013960651711944619
   -0.7808    -0.2356    0.5786
   -0.6247    0.2841    -0.7273
   -0.007005    0.9294    0.3691
 Node:        104
  0.1248E+03  0.1328E+03  0.4697E+03  0.0000E+00
   0.01248
   0.02254
  -0.00224
   0.01592
   0.01338
   0.007993
   0.04266
   -0.004633
   -0.01738
   0.05479012437474476
   0.006882333333333333
   0.025828312324957577
   -0.694    -0.4995    -0.5186
   -0.4667    -0.2363    0.8522
   -0.5482    0.8335    -0.06914
 Node:        105
  0.1200E+03  0.1316E+03  0.4853E+03  0.0000E+00
   0.006308
   0.01406
   7.925E-4
   0.01321
   0.009016
   0.001284
   0.02814
   -0.007677
   -0.01107
   0.03762840707497461
   0.0031309999999999997
   0.017738201205308276
   0.6812    0.5243    0.5111
   0.123    0.6062    -0.7857
   0.7217    -0.598    -0.3485
 Node:        106
  0.1393E+03  0.1349E+03  0.4513E+03  0.0000E+00
   0.01104
   0.002007
  -0.008664
  -0.01289
   0.001912
   0.003164
   0.02186
   -0.004501
   -0.009931
   0.02945381895442423
   0.0024759999999999995
   0.01388466340967616
   -0.8112    -0.01545    0.5846
   0.4571    0.6067    0.6503
   0.3647    -0.7947    0.4851
 Node:        107
  0.1318E+03  0.1314E+03  0.4680E+03  0.0000E+00
   0.0152
   0.03314
  -0.003209
   0.013
   0.01523
   0.005513
   0.05095
   -0.002636
   -0.02683
   0.06894395344045771
   0.007161333333333335
   0.032500491333038166
   -0.7293    -0.5557    -0.3992
   -0.404    -0.1212    0.9067
   -0.5522    0.8225    -0.1361
 Node:        108
  0.1272E+03  0.1303E+03  0.4831E+03  0.0000E+00
   0.007844
   0.01487
   4.139E-4
   0.008228
   0.004241
   6.668E-4
   0.02362
   -0.002651
   -0.01125
   0.03146446521077388
   0.0032396666666666663
   0.01483249114463095
   -0.7498    -0.5487    -0.3698
   -0.1763    -0.3731    0.9109
   -0.6378    0.7482    0.183
 Node:        109
  0.1018E+03  0.1092E+03  0.4946E+03 -0.3833E-04
  -7.666E-5
   2.399E-16
  -7.666E-5
   9.595E-17
  -2.399E-17
  -7.666E-5
   -7.666E-5
   -7.666E-5
   -7.666E-5
   0.0
   -7.666E-5
   0.0
   -0.3792    -0.925    -0.02397
   0.4801    -0.2188    0.8495
   0.791    -0.3107    -0.527
 Node:        110
  0.1058E+03  0.1118E+03  0.5081E+03 -0.3833E-04
  -7.666E-5
   4.798E-17
  -7.666E-5
  -2.399E-17
  -8.996E-17
  -7.666E-5
   -7.666E-5
   -7.666E-5
   -7.666E-5
   0.0
   -7.666E-5
   0.0
   -0.02839    -0.09123    0.9954
   0.7349    0.6731    0.08265
   -0.6776    0.7339    0.04794
 Node:        111
  0.1108E+03  0.1137E+03  0.5210E+03 -0.3833E-04
  -7.666E-5
   9.595E-17
  -7.666E-5
  -4.798E-17
   5.637E-16
  -7.666E-5
   -7.666E-5
   -7.666E-5
   -7.666E-5
   0.0
   -7.666E-5
   0.0
   0.9393    0.3169    0.1318
   0.3364    -0.7738    -0.5367
   -0.06807    0.5484    -0.8334
 Node:        112
  0.1072E+03  0.1111E+03  0.4942E+03 -0.3833E-04
  -7.666E-5
   2.399E-16
  -7.666E-5
  -5.906E-37
   2.399E-17
  -7.666E-5
   -7.666E-5
   -7.666E-5
   -7.666E-5
   0.0
   -7.666E-5
   0.0
   0.3759    0.9265    0.01671
   0.9266    -0.3757    -0.01402
   0.006712    -0.02076    0.9998
 Node:        113
  0.1071E+03  0.1139E+03  0.5077E+03 -0.3833E-04
  -7.666E-5
   7.795E-36
  -7.666E-5
   2.879E-16
  -2.639E-16
  -7.666E-5
   -7.666E-5
   -7.666E-5
   -7.666E-5
   0.0
   -7.666E-5
   0.0
   -0.1654    0.6537    -0.7384
   -0.2298    -0.7537    -0.6158
   -0.9591    0.06785    0.2748
 Node:        114
  0.1093E+03  0.1164E+03  0.5209E+03 -0.3833E-04
  -7.666E-5
   1.919E-16
  -7.666E-5
  -4.798E-17
   9.595E-17
  -7.666E-5
   -7.666E-5
   -7.666E-5
   -7.666E-5
   0.0
   -7.666E-5
   0.0
   -0.6573    -0.7285    -0.1931
   -0.4203    0.1416    0.8963
   0.6256    -0.6703    0.3993
 Node:        115
  0.1129E+03  0.1120E+03  0.4932E+03 -0.3833E-04
  -7.666E-5
  -7.087E-37
  -7.666E-5
  -1.439E-16
  -4.798E-17
  -7.666E-5
   -7.666E-5
   -7.666E-5
   -7.666E-5
   0.0
   -7.666E-5
   0.0
   -0.6707    -0.2234    0.7072
   0.316    -0.9488    -5.966E-5
   -0.671    -0.2234    -0.707
 Node:        116
  0.1092E+03  0.1143E+03  0.5068E+03 -0.3833E-04
  -7.666E-5
   8.996E-17
  -7.666E-5
   2.879E-16
   3.598E-17
  -7.666E-5
   -7.666E-5
   -7.666E-5
   -7.666E-5
   0.0
   -7.666E-5
   0.0
   -0.223    -0.9699    -0.09799
   0.8805    -0.2435    0.4067
   -0.4183    0.004403    0.9083
 Node:        117
  0.1089E+03  0.1172E+03  0.5207E+03 -0.3833E-04
  -7.666E-5
  -1.199E-16
  -7.666E-5
  -2.399E-16
  -2.879E-16
  -7.666E-5
   -7.666E-5
   -7.666E-5
   -7.666E-5
   0.0
   -7.666E-5
   0.0
