 Group name: gastroc_Strain
 #Fields=  16
 1) coordinates, coordinate, rectangular cartesian, #Components=3
   x.  Value index= 1, #Derivatives=0
   y.  Value index= 2, #Derivatives=0
   z.  Value index= 3, #Derivatives=0
 2) Tensor_1, field, rectangular cartesian, #Components=1
   Tensor_1.  Value index= 4, #Derivatives=0
 3) Tensor_2, field, rectangular cartesian, #Components=1
   Tensor_2.  Value index= 5, #Derivatives=0
 4) Tensor_3, field, rectangular cartesian, #Components=1
   Tensor_3.  Value index= 6, #Derivatives=0
 5) Tensor_4, field, rectangular cartesian, #Components=1
   Tensor_4.  Value index= 7, #Derivatives=0
 6) Tensor_5, field, rectangular cartesian, #Components=1
   Tensor_5.  Value index= 8, #Derivatives=0
 7) Tensor_6, field, rectangular cartesian, #Components=1
   Tensor_6.  Value index= 9, #Derivatives=0
 8) Principal_1, field, rectangular cartesian, #Components=1
   Principal_1.  Value index= 10, #Derivatives=0
 9) Principal_2, field, rectangular cartesian, #Components=1
   Principal_2.  Value index= 11, #Derivatives=0
 10) Principal_3, field, rectangular cartesian, #Components=1
   Principal_3.  Value index= 12, #Derivatives=0
 11) VonMises, field, rectangular cartesian, #Components=1
   VonMises.  Value index= 13, #Derivatives=0
 12) Hydrostatic, field, rectangular cartesian, #Components=1
   VonMises.  Value index= 14, #Derivatives=0
 13) Octahedral, field, rectangular cartesian, #Components=1
   VonMises.  Value index= 15, #Derivatives=0
 14) PrincipalVector1, field, rectangular cartesian, #Components=3
   x.  Value index= 16, #Derivatives=0
   y.  Value index= 17, #Derivatives=0
   z.  Value index= 18, #Derivatives=0
 15) PrincipalVector2, field, rectangular cartesian, #Components=3
   x.  Value index= 19, #Derivatives=0
   y.  Value index= 20, #Derivatives=0
   z.  Value index= 21, #Derivatives=0
 16) PrincipalVector3, field, rectangular cartesian, #Components=3
   x.  Value index= 22, #Derivatives=0
   y.  Value index= 23, #Derivatives=0
   z.  Value index= 24, #Derivatives=0
 Node:          1
  0.1287E+03  0.1133E+03  0.4908E+03 -0.2926E-04
  -1.11E-16
  -8.327E-17
  -2.22E-16
  -2.776E-17
  -4.163E-17
  -3.331E-16
   -6.637E-17
   -2.4E-16
   -3.598E-16
   2.5553921597281306E-16
   -2.2205666666666663E-16
   1.204623416489799E-16
   0.8837    -0.4676    -0.01897
   0.4046    0.7837    -0.4712
   0.2352    0.4088    0.8818
 Node:          2
  0.1292E+03  0.1137E+03  0.5052E+03 -0.2926E-04
  -5.551E-17
  -1.11E-16
  -1.665E-16
  -5.551E-17
   1.943E-16
  -2.776E-16
   8.603E-17
   -1.6E-16
   -4.256E-16
   4.4319260925696854E-16
   -1.6652333333333334E-16
   2.089229995849082E-16
   -0.6554    0.6199    0.4313
   0.7522    0.4849    0.4462
   -0.06744    -0.6169    0.7841
 Node:          3
  0.1289E+03  0.1155E+03  0.5194E+03 -0.2926E-04
   2.22E-16
   1.388E-16
   3.331E-16
   1.11E-16
   5.551E-17
   2.22E-16
   4.753E-16
   2.118E-16
   9.006E-17
   3.4107384479024473E-16
   2.590533333333333E-16
   1.6078375235770005E-16
   -0.5696    -0.7144    -0.4063
   0.2395    -0.6172    0.7494
   -0.7862    0.3296    0.5227
 Node:          4
  0.1361E+03  0.1141E+03  0.4915E+03 -0.2926E-04
   0.0
  -2.776E-17
  -1.11E-16
  -2.776E-17
  -8.327E-17
   2.22E-16
   2.435E-16
   6.328E-18
   -1.388E-16
   3.3426485304919515E-16
   3.700933333333334E-17
   1.5757396286894045E-16
   -0.08549    -0.2215    0.9714
   0.9681    -0.2491    0.0284
   0.2357    0.9428    0.2357
 Node:          5
  0.1341E+03  0.1144E+03  0.5054E+03 -0.2926E-04
   3.331E-16
   1.388E-16
   3.331E-16
   5.551E-17
  -6.939E-17
   4.441E-16
   4.814E-16
   4.627E-16
   1.662E-16
   3.062784517395894E-16
   3.7010000000000004E-16
   1.4438104677092028E-16
   -0.348    -0.6443    0.681
   -0.6589    -0.3487    -0.6665
   0.6669    -0.6807    -0.3032
 Node:          6
  0.1323E+03  0.1162E+03  0.5191E+03 -0.2926E-04
   2.22E-16
   5.551E-17
   2.22E-16
  -5.551E-17
  -2.776E-17
   0.0
   2.897E-16
   1.685E-16
   -1.402E-17
   2.648101478418076E-16
   1.4806E-16
   1.2483270084396958E-16
   -0.715    -0.6696    0.2012
   0.6656    -0.7399    -0.09741
   -0.2141    -0.06426    -0.9747
 Node:          7
  0.1408E+03  0.1171E+03  0.4920E+03 -0.2926E-04
   3.331E-16
   2.22E-16
   2.22E-16
  -8.327E-17
  -1.11E-16
   0.0
   5.398E-16
   6.158E-17
   -4.631E-17
   5.403052621435404E-16
   1.8502333333333335E-16
   2.5470234318164845E-16
   -0.7537    -0.6111    0.2419
   -0.656    0.677    -0.3335
   -0.04004    0.4101    0.9112
 Node:          8
  0.1367E+03  0.1169E+03  0.5055E+03 -0.2926E-04
   2.22E-16
   1.943E-16
   2.22E-16
  -4.025E-16
  -2.359E-16
  -2.22E-16
   6.547E-16
   4.477E-17
   -4.775E-16
   9.814930967154074E-16
   7.399000000000001E-17
   4.626802829168323E-16
   -0.6847    -0.5611    0.4652
   0.5685    -0.8105    -0.1409
   -0.4561    -0.1681    -0.8739
 Node:          9
  0.1339E+03  0.1180E+03  0.5191E+03 -0.2926E-04
   2.22E-16
   1.665E-16
   0.0
  -3.955E-16
  -2.776E-16
   6.661E-16
   1.002E-15
   -9.379E-18
   -1.046E-16
   1.062195387036208E-15
   2.96007E-16
   5.007237074122481E-16
   -0.4817    -0.3073    0.8207
   -0.8565    -0.03292    -0.515
   -0.1853    0.951    0.2474
 Node:         10
  0.1294E+03  0.1212E+03  0.4911E+03 -0.2926E-04
   0.0
   2.776E-17
   1.11E-16
  -1.388E-17
   1.249E-16
   1.11E-16
   2.363E-16
   2.303E-17
   -3.732E-17
   2.48992088026909E-16
   7.400333333333333E-17
   1.173759959370834E-16
   0.0421    0.71    0.703
   -0.7813    -0.4152    0.4661
   -0.6228    0.5688    -0.5372
 Node:         11
  0.1295E+03  0.1214E+03  0.5055E+03 -0.2926E-04
  -2.22E-16
  -2.776E-17
  -2.22E-16
  -4.163E-17
   1.388E-17
  -1.665E-16
   -1.365E-16
   -2.183E-16
   -2.558E-16
   1.0566451627675205E-16
   -2.035333333333333E-16
   4.9810730660058464E-17
   -0.4935    0.2929    0.8189
   0.3541    -0.7924    0.4968
   -0.7944    -0.5351    -0.2873
 Node:         12
  0.1295E+03  0.1217E+03  0.5196E+03 -0.2926E-04
   1.11E-16
   0.0
   1.11E-16
   7.633E-17
   2.776E-17
   2.22E-16
   2.649E-16
   1.11E-16
   6.816E-17
   1.792025435087348E-16
   1.4801999999999999E-16
   8.447688914726913E-17
   -0.4387    -0.1595    -0.8844
   0.3417    -0.9398    -2.255E-17
   0.8311    0.3022    -0.4668
 Node:         13
  0.1361E+03  0.1199E+03  0.4914E+03 -0.2926E-04
   1.11E-16
  -1.388E-16
   0.0
  -9.714E-17
   2.776E-17
  -1.665E-16
   2.285E-16
   -8.52E-17
   -1.988E-16
   3.833392361864358E-16
   -1.849999999999999E-17
   1.807078489348669E-16
   0.8171    -0.5252    -0.2378
   0.4648    0.8442    -0.2671
   0.341    0.1077    0.9339
 Node:         14
  0.1342E+03  0.1198E+03  0.5054E+03 -0.2926E-04
  -5.551E-17
   2.776E-17
   0.0
   5.551E-17
  -9.021E-17
   1.11E-16
   1.672E-16
   -4.94E-18
   -1.068E-16
   2.398787602102362E-16
   1.8486666666666665E-17
   1.130799320048532E-16
   0.1634    -0.4472    0.8794
   -0.6569    -0.7144    -0.2412
   -0.7361    0.5382    0.4105
 Node:         15
  0.1330E+03  0.1205E+03  0.5193E+03 -0.2926E-04
   2.22E-16
  -8.327E-17
  -5.551E-17
   1.388E-17
   4.857E-17
   0.0
   2.451E-16
   2.471E-17
   -1.033E-16
   3.0523832672192397E-16
   5.550333333333333E-17
   1.438907271354049E-16
   -0.9638    0.2667    -0.001723
   0.1157    0.4239    0.8983
   0.2403    0.8656    -0.4394
 Node:         16
  0.1404E+03  0.1188E+03  0.4918E+03 -0.2926E-04
   2.22E-16
   5.551E-17
   2.22E-16
  -8.327E-17
  -1.457E-16
   4.441E-16
   5.466E-16
   1.95E-16
   1.465E-16
   3.7818964819254375E-16
   2.9603333333333337E-16
   1.7828030987433498E-16
   -0.2927    -0.4328    0.8526
   -0.9222    -0.1077    -0.3713
   -0.2526    0.895    0.3676
 Node:         17
  0.1365E+03  0.1184E+03  0.5055E+03 -0.2926E-04
  -1.11E-16
   2.776E-17
  -1.11E-16
   9.714E-17
   1.7E-16
   0.0
   1.573E-16
   -1.341E-16
   -2.452E-16
   3.600440389730123E-16
   -7.400000000000001E-17
   1.697263876557404E-16
   0.3368    0.5285    0.7792
   0.8927    -0.4425    -0.08566
   -0.2996    -0.7244    0.6209
 Node:         18
  0.1341E+03  0.1191E+03  0.5192E+03 -0.2926E-04
   0.0
   0.0
   0.0
   2.645E-17
   1.065E-16
   4.441E-16
   4.697E-16
   -1.672E-33
   -2.562E-17
   4.830198633596759E-16
   1.4802666666666666E-16
   2.2769774721961763E-16
   -0.05484    -0.2207    -0.9738
   0.9705    -0.2411    -6.21E-17
   -0.2348    -0.9451    0.2274
 Node:         19
  0.1301E+03  0.1291E+03  0.4914E+03  0.0000E+00
   1.11E-16
   0.0
   1.11E-16
   2.101E-19
   1.001E-17
  -2.22E-16
   1.113E-16
   1.11E-16
   -2.223E-16
   3.3345010121455954E-16
   0.0
   1.5718988517077046E-16
   -0.02096    -0.9993    -0.03003
   0.9998    -0.02097    1.345E-19
   6.298E-4    0.03003    -0.9995
 Node:         20
  0.1299E+03  0.1291E+03  0.5058E+03  0.0000E+00
   2.22E-16
   0.0
   0.0
   1.041E-17
   1.924E-17
  -5.551E-17
   2.224E-16
   5.975E-18
   -6.188E-17
   2.5715676157744715E-16
   5.549833333333335E-17
   1.2122485995959007E-16
   -0.9993    -0.003257    -0.03765
   0.01428    -0.9549    -0.2965
   -0.03498    -0.2968    0.9543
 Node:         21
  0.1301E+03  0.1280E+03  0.5197E+03  0.0000E+00
   1.11E-16
   0.0
   0.0
   4.163E-17
   1.475E-17
   1.11E-16
   1.534E-16
   7.089E-17
   -2.22E-18
   1.3485280234388901E-16
   7.402333333333333E-17
   6.357022066624871E-17
   -0.6994    -0.0684    -0.7114
   -0.7126    0.1429    0.6869
   -0.05465    -0.9874    0.1487
 Node:         22
  0.1360E+03  0.1256E+03  0.4913E+03  0.0000E+00
  -2.22E-16
   1.388E-17
  -1.11E-16
  -1.388E-17
   1.006E-16
   1.11E-16
   1.5E-16
   -1.456E-16
   -2.264E-16
   3.432090907886911E-16
   -7.4E-17
   1.617903169743686E-16
   -0.02144    0.3586    0.9332
   0.228    0.9106    -0.3447
   -0.9734    0.2054    -0.1013
 Node:         23
  0.1343E+03  0.1253E+03  0.5054E+03  0.0000E+00
   0.0
   2.082E-17
  -4.441E-16
   0.0
   1.314E-16
  -1.665E-16
   1.265E-18
   -1.147E-16
   -4.972E-16
   4.517861703560657E-16
   -2.0354499999999996E-16
   2.1297404313671653E-16
   0.997    0.06061    0.04746
   0.06644    -0.3661    -0.9282
   0.03888    -0.9286    0.369
 Node:         24
  0.1336E+03  0.1248E+03  0.5194E+03  0.0000E+00
  -2.22E-16
   1.214E-17
   0.0
   1.388E-17
   8.674E-19
  -1.665E-16
   6.779E-19
   -1.633E-16
   -2.259E-16
   2.026635838733984E-16
   -1.2950736666666666E-16
   9.553652963763242E-17
   -0.05504    -0.9984    -0.009747
   0.2257    -0.02195    0.974
   -0.9726    0.05141    0.2265
 Node:         25
  0.1400E+03  0.1206E+03  0.4917E+03  0.0000E+00
   0.0
   2.671E-16
  -1.11E-16
  -8.327E-17
  -1.301E-16
   2.22E-16
   3.681E-16
   7.58E-17
   -3.329E-16
   6.098671904603493E-16
   3.699999999999999E-17
   2.8749415066513385E-16
   0.5089    0.4781    -0.7159
   0.6086    0.3883    0.692
   0.6088    -0.7878    -0.09334
 Node:         26
  0.1363E+03  0.1200E+03  0.5055E+03  0.0000E+00
   2.22E-16
   1.076E-16
  -6.106E-16
   2.776E-17
  -1.124E-15
  -5.551E-17
   8.281E-16
   2.248E-16
   -1.497E-15
   2.089815319591662E-15
   -1.4803333333333336E-16
   9.851483892738641E-16
   0.07371    0.6174    -0.7832
   0.9955    0.001018    0.09449
   -0.05914    0.7866    0.6146
 Node:         27
  0.1343E+03  0.1203E+03  0.5192E+03  0.0000E+00
   2.22E-16
  -1.943E-16
   2.22E-16
  -1.041E-16
   1.313E-15
   0.0
   1.466E-15
   1.875E-16
   -1.209E-15
   2.3173691440942246E-15
   1.4816666666666667E-16
   1.0924182908676612E-15
   -0.1693    0.728    0.6643
   0.9848    0.09849    0.1431
   0.03876    0.6785    -0.7336
 Node:         28
  0.1155E+03  0.1124E+03  0.4931E+03 -0.1729E-03
  -2.22E-16
   3.816E-17
   2.22E-16
  -5.551E-17
   5.551E-17
   1.11E-16
   2.455E-16
   1.014E-16
   -2.359E-16
   4.279497984577163E-16
   3.699999999999999E-17
   2.0173746966457835E-16
   0.03184    0.9284    0.3701
   0.1988    0.3571    -0.9127
   0.9795    -0.1026    0.1732
 Node:         29
  0.1119E+03  0.1139E+03  0.5068E+03 -0.1729E-03
  -2.22E-16
  -2.082E-17
   0.0
   5.551E-17
   6.939E-18
  -3.331E-16
   1.944E-18
   -2.004E-16
   -3.566E-16
   3.113642033631998E-16
   -1.8501866666666668E-16
   1.4677849307791052E-16
   -0.09118    0.9958    0.005517
   -0.9179    -0.08189    -0.3884
   -0.3863    -0.04048    0.9215
 Node:         30
  0.1113E+03  0.1159E+03  0.5206E+03 -0.1729E-03
   2.22E-16
   1.249E-16
   2.22E-16
   0.0
  -2.776E-17
   1.11E-16
   3.486E-16
   1.238E-16
   8.277E-17
   2.4787505905193444E-16
   1.8505666666666664E-16
   1.1684942342842583E-16
   -0.7001    -0.7092    0.08287
   -0.4685    0.3686    -0.8029
   -0.5389    0.6009    0.5903
 Node:         31
  0.1203E+03  0.1126E+03  0.4920E+03 -0.1729E-03
  -5.551E-17
   9.714E-17
  -1.11E-16
   2.776E-17
   4.163E-17
  -5.551E-17
   4.114E-17
   -7.661E-17
   -1.866E-16
   1.9726678661143135E-16
   -7.402333333333333E-17
   9.29924550105485E-17
   -0.6956    -0.5654    -0.4433
   0.4358    0.1585    -0.886
   0.5712    -0.8095    0.1362
 Node:         32
  0.1188E+03  0.1134E+03  0.5062E+03 -0.1729E-03
   2.22E-16
  -1.388E-17
  -1.11E-16
  -2.776E-17
   9.714E-17
  -5.551E-17
   2.266E-16
   1.331E-17
   -1.844E-16
   3.5602167644681415E-16
   1.8503333333333345E-17
   1.6783022777663014E-16
   -0.9894    0.07624    0.1236
   0.1445    0.5992    0.7875
   0.01402    -0.797    0.6038
 Node:         33
  0.1183E+03  0.1150E+03  0.5201E+03 -0.1729E-03
   1.11E-16
   5.551E-17
   0.0
   8.327E-17
   0.0
   0.0
   1.7E-16
   0.0
   -5.893E-17
   2.0589037107159722E-16
   3.702333333333333E-17
   9.705765171049398E-17
   -0.8617    -0.2815    -0.4222
   0.0    -0.8321    0.5547
   -0.5074    0.478    0.717
 Node:         34
  0.1255E+03  0.1129E+03  0.4909E+03 -0.1729E-03
   0.0
   0.0
   0.0
   5.551E-17
   9.714E-17
   0.0
   1.119E-16
   3.387E-33
   -1.119E-16
   1.9381648536695736E-16
   0.0
   9.136596740581255E-17
   -0.3508    -0.6139    -0.7071
   0.8682    -0.4961    -4.855E-17
   -0.3508    -0.6139    0.7071
 Node:         35
  0.1260E+03  0.1135E+03  0.5054E+03 -0.1729E-03
   0.0
   1.11E-16
  -1.11E-16
   1.11E-16
   2.498E-16
  -1.11E-16
   2.41E-16
   -1.023E-16
   -3.608E-16
   5.228959647960578E-16
   -7.403333333333333E-17
   2.4649552170824977E-16
   0.5458    0.5925    0.5925
   0.8379    -0.3859    -0.3859
   -4.975E-17    -0.7071    0.7071
 Node:         36
  0.1257E+03  0.1153E+03  0.5196E+03 -0.1729E-03
   0.0
  -5.551E-17
   0.0
  -5.551E-17
   8.327E-17
   0.0
   1.305E-16
   -4.723E-17
   -8.327E-17
   1.982226619234037E-16
   0.0
   9.344305895392481E-17
   -0.5155    0.6059    0.6059
   0.8569    0.3645    0.3645
   -1.256E-16    0.7071    -0.7071
 Node:         37
  0.1132E+03  0.1210E+03  0.4959E+03 -0.1729E-03
  -2.22E-16
   1.388E-16
  -2.22E-16
  -8.327E-17
   1.804E-16
  -2.776E-16
   -4.482E-17
   -1.622E-16
   -5.146E-16
   4.2347200190803645E-16
   -2.4054E-16
   1.9962661612787678E-16
   0.3971    0.7887    0.4693
   -0.7874    0.0301    0.6157
   0.4715    -0.614    0.633
 Node:         38
  0.1111E+03  0.1204E+03  0.5085E+03 -0.1729E-03
  -1.665E-16
   9.714E-17
   0.0
  -2.776E-17
  -8.327E-17
  -2.22E-16
   7.071E-17
   -2.091E-16
   -2.502E-16
   3.0246162913665597E-16
   -1.2953E-16
   1.4258177934084005E-16
   -0.3916    -0.8746    0.2859
   0.9154    -0.3389    0.217
   0.09287    -0.3467    -0.9334
 Node:         39
  0.1119E+03  0.1201E+03  0.5207E+03 -0.1729E-03
  -5.551E-17
  -9.714E-17
  -3.331E-16
  -8.327E-17
  -7.633E-17
  -1.11E-16
   8.934E-18
   -1.105E-16
   -3.981E-16
   3.6239130612640252E-16
   -1.6655533333333335E-16
   1.7083290000335286E-16
   0.851    -0.1281    -0.5092
   0.4076    -0.4503    0.7944
   -0.3311    -0.8836    -0.331
 Node:         40
  0.1191E+03  0.1220E+03  0.4937E+03 -0.1729E-03
   0.0
   8.327E-17
  -2.22E-16
   8.327E-17
  -1.388E-17
  -2.22E-16
   4.872E-17
   -2.082E-16
   -2.846E-16
   3.0244591979393603E-16
   -1.4802666666666666E-16
   1.4257437388566321E-16
   -0.924    -0.2703    -0.2703
   0.0    -0.7071    0.7071
   0.3823    -0.6534    -0.6534
 Node:         41
  0.1182E+03  0.1217E+03  0.5073E+03 -0.1729E-03
   0.0
  -2.776E-17
  -5.551E-17
   5.551E-17
   9.714E-17
   1.11E-16
   1.653E-16
   1.073E-17
   -1.206E-16
   2.478691830381502E-16
   1.8476666666666666E-17
   1.168466534489637E-16
   0.2406    0.3653    0.8993
   -0.8901    0.4526    0.05428
   -0.3871    -0.8135    0.434
 Node:         42
  0.1187E+03  0.1212E+03  0.5204E+03 -0.1729E-03
   0.0
  -5.551E-17
  -1.11E-16
   0.0
   5.551E-17
   1.11E-16
   1.256E-16
   1.887E-17
   -1.444E-16
   2.3552960089975954E-16
   2.3333333333339628E-20
   1.1102971864425409E-16
   0.1113    -0.2517    -0.9614
   0.9295    -0.3159    0.1903
   -0.3516    -0.9148    0.1988
 Node:         43
  0.1258E+03  0.1217E+03  0.4915E+03 -0.1729E-03
   2.22E-16
   1.11E-16
   1.11E-16
  -1.388E-17
   0.0
  -5.551E-17
   2.911E-16
   4.294E-17
   -5.645E-17
   3.1004254562882173E-16
   9.253E-17
   1.4615545764698628E-16
   -0.8507    -0.5246    0.03406
   -0.5213    0.8502    0.07348
   0.06751    -0.04475    0.9967
 Node:         44
  0.1259E+03  0.1220E+03  0.5059E+03 -0.1729E-03
  -2.22E-16
   1.388E-16
  -2.22E-16
   9.714E-17
   1.11E-16
  -1.11E-16
   5.081E-17
   -2.445E-16
   -3.614E-16
   3.679610646522265E-16
   -1.8503E-16
   1.7345850935214064E-16
   -0.5113    -0.534    -0.6733
   -0.5198    -0.4318    0.7372
   -0.6844    0.7269    -0.05679
 Node:         45
  0.1261E+03  0.1221E+03  0.5198E+03 -0.1729E-03
  -5.551E-17
  -8.327E-17
  -2.776E-16
   2.776E-17
  -6.939E-18
   1.11E-16
   1.167E-16
   -3.339E-17
   -3.053E-16
   3.7050374910383835E-16
   -7.399666666666666E-17
   1.7465714229757554E-16
   0.1854    -0.05643    0.981
   0.9302    -0.3117    -0.1938
   -0.3167    -0.9485    0.005308
 Node:         46
  0.1117E+03  0.1296E+03  0.4959E+03  0.0000E+00
  -5.551E-17
   2.776E-17
  -1.665E-16
   6.939E-18
  -2.602E-17
   0.0
   4.101E-18
   -4.897E-17
   -1.772E-16
   1.6144583695778595E-16
   -7.402300000000001E-17
   7.610629740479211E-17
   0.04856    -0.1429    0.9886
   0.9724    0.2327    -0.01414
   -0.228    0.962    0.1502
 Node:         47
  0.1107E+03  0.1269E+03  0.5087E+03  0.0000E+00
  -1.665E-16
  -3.123E-17
   1.11E-16
  -2.776E-17
   3.99E-17
   0.0
   1.289E-16
   -1.114E-17
   -1.732E-16
   2.6185783853075704E-16
   -1.8479999999999997E-17
   1.2344096888796688E-16
   -0.1292    0.939    0.3186
   -0.1008    -0.3321    0.9379
   -0.9865    -0.08906    -0.1376
 Node:         48
  0.1125E+03  0.1242E+03  0.5208E+03  0.0000E+00
   1.11E-16
   3.469E-18
   1.11E-16
   0.0
  -1.735E-18
   1.11E-16
   1.149E-16
   1.11E-16
   1.071E-16
   6.75499814951862E-18
   1.1099999999999999E-16
   3.1843366656181307E-18
   -0.6325    -0.7071    0.3162
   0.4472    -4.455E-15    0.8944
   -0.6325    0.7071    0.3162
 Node:         49
  0.1186E+03  0.1311E+03  0.4938E+03  0.0000E+00
  -1.665E-16
  -2.082E-17
   0.0
  -4.163E-17
  -6.072E-18
  -5.551E-17
   2.581E-18
   -4.165E-17
   -1.83E-16
   1.6789358448433935E-16
   -7.402300000000001E-17
   7.914579473772858E-17
   0.1174    -0.9929    0.01965
   -0.3135    -0.01827    0.9494
   -0.9423    -0.1176    -0.3134
 Node:         50
  0.1180E+03  0.1298E+03  0.5075E+03  0.0000E+00
   0.0
  -1.301E-17
   3.331E-16
  -4.163E-17
   1.247E-17
   2.22E-16
   3.354E-16
   2.276E-16
   -7.879E-18
   3.040655120874448E-16
   1.8504033333333332E-16
   1.4333785701466156E-16
   0.05441    -0.9902    -0.1289
   -0.1707    -0.1364    0.9758
   0.9838    0.03109    0.1765
 Node:         51
  0.1192E+03  0.1275E+03  0.5206E+03  0.0000E+00
   0.0
  -3.469E-18
  -5.551E-17
   0.0
   1.475E-17
   1.11E-16
   1.123E-16
   2.087E-19
   -5.702E-17
   1.491791641607165E-16
   1.849623333333333E-17
   7.03237323931892E-17
   -0.002705    0.08758    0.9962
   0.9982    -0.06004    0.007989
   -0.06051    -0.9943    0.08725
 Node:         52
  0.1262E+03  0.1305E+03  0.4920E+03  0.0000E+00
   1.11E-16
  -1.388E-17
   1.11E-16
   1.301E-18
   4.906E-18
   0.0
   1.25E-16
   9.734E-17
   -2.497E-19
   1.1396559238686912E-16
   7.403009999999999E-17
   5.372389546579809E-17
   -0.7047    0.7092    0.02051
   0.7093    0.7034    0.04493
   -0.01744    -0.04621    0.9988
 Node:         53
  0.1258E+03  0.1304E+03  0.5063E+03  0.0000E+00
  -1.665E-16
  -1.735E-18
  -1.11E-16
   2.776E-17
   3.383E-17
  -2.22E-16
   -1.01E-16
   -1.572E-16
   -2.414E-16
   1.2239330047024632E-16
   -1.6653333333333332E-16
   5.769675515620921E-17
   0.09684    0.9526    0.2883
   -0.9346    0.1866    -0.3027
   -0.3422    -0.2402    0.9084
 Node:         54
  0.1265E+03  0.1288E+03  0.5200E+03  0.0000E+00
  -2.22E-16
   2.082E-17
   1.11E-16
   0.0
  -4.337E-18
   1.11E-16
   1.16E-16
   1.073E-16
   -2.233E-16
   3.350347295430729E-16
   0.0
   1.5793688612860518E-16
   -0.04656    -0.7562    0.6527
   -0.04117    -0.6514    -0.7576
   -0.9981    0.06215    8.061E-4
 Node:         55
  0.1381E+03  0.1168E+03  0.4520E+03  0.1308E-01
   0.02796
  -0.01105
  -0.001146
  -0.004143
   0.01628
  -0.04651
   0.03281
   -7.488E-4
   -0.05175
   0.07374859001662337
   -0.006562933333333333
   0.0347654187358006
   0.9251    -0.3596    -0.1221
   0.3797    0.8819    0.2793
   0.007256    -0.3047    0.9524
 Node:         56
  0.1313E+03  0.1156E+03  0.4680E+03  0.1308E-01
   0.03901
  -0.016
   0.001748
  -0.01473
   0.009779
  -0.02149
   0.04915
   -0.0035
   -0.02639
   0.0670904844221593
   0.006419999999999999
   0.03162675765866618
   -0.9044    0.3543    0.2377
   0.3972    0.9027    0.1655
   0.1559    -0.244    0.9572
 Node:         57
  0.1285E+03  0.1140E+03  0.4823E+03  0.1308E-01
   0.01069
  -0.007074
   0.004332
  -0.004515
   0.003129
   4.217E-5
   0.01704
   -2.262E-4
   -0.00175
   0.018076334375088328
   0.005021266666666667
   0.008521265743746967
   -0.7973    0.5195    0.3074
   0.5707    0.8146    0.1035
   0.1966    -0.258    0.9459
 Node:         58
  0.1475E+03  0.1178E+03  0.4522E+03  0.1308E-01
   0.0264
  -0.008621
   0.006056
  -0.001097
   0.01034
  -0.07962
   0.02976
   0.003927
   -0.08085
   0.10022239200398284
   -0.015721000000000002
   0.04724528867516845
   0.9327    -0.358    -0.0432
   0.3606    0.9262    0.1099
   6.707E-4    -0.1181    0.993
 Node:         59
  0.1414E+03  0.1167E+03  0.4686E+03  0.1308E-01
   0.05396
  -0.02083
   0.00683
  -0.02633
   0.01904
  -0.02125
   0.07246
   8.237E-4
   -0.03374
   0.09382123649627519
   0.013181233333333332
   0.044227755030548654
   -0.8722    0.3698    0.3202
   0.4471    0.8681    0.2154
   0.1983    -0.3311    0.9225
 Node:         60
  0.1374E+03  0.1150E+03  0.4832E+03  0.1308E-01
   0.01918
  -0.01161
   0.007137
  -0.01316
   0.008372
   0.004976
   0.03448
   1.029E-4
   -0.003291
   0.03619359061090789
   0.010430633333333333
   0.017061822237641817
   -0.7532    0.4629    0.4674
   0.554    0.8294    0.07135
   0.3546    -0.3127    0.8812
 Node:         61
  0.1545E+03  0.1222E+03  0.4525E+03  0.1308E-01
   0.04078
  -0.006106
  -0.008626
   0.01291
  -0.01999
  -0.02333
   0.04524
   0.001535
   -0.03795
   0.07207554491642779
   0.002941666666666669
   0.03397673771208112
   -0.9518    0.1956    -0.2363
   0.292    0.8137    -0.5027
   -0.09393    0.5474    0.8316
 Node:         62
  0.1487E+03  0.1202E+03  0.4692E+03  0.1308E-01
   0.06061
  -0.03289
   0.009694
  -0.02543
   0.009153
   0.03499
   0.08991
   0.0221
   -0.006711
   0.08591823864000006
   0.03509966666666667
   0.04050224611329873
   -0.8122    0.3833    0.4399
   -0.3532    0.2772    -0.8936
   -0.4644    -0.8811    -0.08978
 Node:         63
  0.1436E+03  0.1181E+03  0.4838E+03  0.1308E-01
   0.01337
  -0.01864
   0.02017
  -0.01059
   0.01444
   0.01164
   0.04523
   0.00234
   -0.002391
   0.04544058814540146
   0.015059666666666667
   0.02142089867914561
   -0.5569    0.6849    0.4699
   -0.4585    0.2182    -0.8615
   -0.6926    -0.6952    0.1925
 Node:         64
  0.1409E+03  0.1253E+03  0.4518E+03  0.1308E-01
  -0.02191
  -0.01799
   0.03118
   4.631E-4
   3.581E-4
  -0.02693
   0.03671
   -0.02658
   -0.02778
   0.06389845146793466
   -0.005883333333333333
   0.030122018893530732
   -0.2934    0.956    0.003244
   0.516    0.1555    0.8424
   -0.8048    -0.2488    0.5389
 Node:         65
  0.1338E+03  0.1229E+03  0.4680E+03  0.1308E-01
   0.01215
  -0.02773
   0.01987
  -0.007601
   0.002561
  -0.01664
   0.04479
   -0.009848
   -0.01956
   0.06008559098486092
   0.005127333333333334
   0.028324619224664296
   0.6584    -0.7442    -0.1125
   -0.6267    -0.6248    0.4658
   -0.4169    -0.2361    -0.8777
 Node:         66
  0.1299E+03  0.1214E+03  0.4824E+03  0.1308E-01
   0.009447
  -0.008569
   0.006683
  -0.003742
   0.002884
  -2.792E-4
   0.01797
   -5.614E-4
   -0.001553
   0.019046569054819298
   0.0052852
   0.008978638758000384
   -0.7391    0.6253    0.2504
   0.5845    0.7801    -0.223
   0.3348    0.01845    0.9421
 Node:         67
  0.1493E+03  0.1245E+03  0.4522E+03  0.1308E-01
  -0.007733
  -0.01096
   0.03028
   9.009E-4
   0.003089
  -0.07153
   0.03329
   -0.01062
   -0.07164
   0.09127385551186057
   -0.016323333333333332
   0.043026908118318496
   -0.2576    0.9659    0.02625
   0.9661    0.2569    0.02732
   -0.01964    -0.0324    0.9993
 Node:         68
  0.1428E+03  0.1224E+03  0.4686E+03  0.1308E-01
   0.04206
  -0.02604
   0.0255
  -0.01905
   0.007808
  -0.0395
   0.06494
   0.006917
   -0.04379
   0.09423396754355617
   0.009355666666666667
   0.04442231831210774
   -0.802    0.5668    0.1886
   0.5603    0.8232    -0.09143
   0.2071    -0.03236    0.9778
 Node:         69
  0.1379E+03  0.1205E+03  0.4830E+03  0.1308E-01
   0.01911
  -0.01154
   0.008121
  -0.009748
   0.00568
  -4.015E-5
   0.03056
   8.58E-4
   -0.004223
   0.03254137715278811
   0.009065
   0.015340152302590308
   -0.7958    0.4971    0.3458
   0.507    0.8592    -0.06824
   0.3311    -0.121    0.9358
 Node:         70
  0.1548E+03  0.1242E+03  0.4525E+03  0.1308E-01
   0.004504
  -0.01445
   0.0267
  -0.007874
   0.006511
  -0.09914
   0.03448
   -0.002443
   -0.09997
   0.1203154731487185
   -0.022644333333333336
   0.05671725796341789
   0.4481    -0.8913    -0.06984
   -0.8913    -0.4514    0.04218
   0.06912    -0.04335    0.9967
 Node:         71
  0.1489E+03  0.1221E+03  0.4692E+03  0.1308E-01
   0.06557
  -0.02075
   0.02425
  -0.03551
   0.01357
  -0.03829
   0.08583
   0.01564
   -0.04994
   0.11760286008426836
   0.01717666666666667
   0.05543851990167928
   -0.8847    0.3627    0.2928
   -0.3754    -0.9268    0.01387
   0.2764    -0.09763    0.9561
 Node:         72
  0.1434E+03  0.1199E+03  0.4837E+03  0.1308E-01
   0.02926
  -0.01146
   0.006705
  -0.01643
   0.007164
   0.002686
   0.04219
   0.00191
   -0.005452
   0.044420927545471174
   0.012882666666666667
   0.02094022606266598
   -0.8389    0.3543    0.4131
   0.4007    0.9158    0.02812
   0.3684    -0.1891    0.9102
 Node:         73
  0.1437E+03  0.1339E+03  0.4513E+03  0.0000E+00
   0.03234
   0.001298
  -0.01958
  -0.006862
   0.005545
  -0.002377
   0.03364
   -0.001857
   -0.02141
   0.048336628543993426
   0.003457666666666669
   0.022786105215435323
   -0.9825    -0.004538    0.1865
   -0.1762    -0.3056    -0.9357
   -0.06123    0.9521    -0.2995
 Node:         74
  0.1363E+03  0.1303E+03  0.4678E+03  0.0000E+00
   0.05556
   0.02194
   2.906E-4
   0.004414
   0.00924
   0.01137
   0.06421
   0.01294
   -0.009926
   0.0657556588895587
   0.022407999999999997
   0.03099751486813096
   -0.9307    -0.3392    -0.1371
   -0.2364    0.2715    0.933
   -0.2793    0.9007    -0.3328
 Node:         75
  0.1313E+03  0.1288E+03  0.4826E+03  0.0000E+00
   0.02498
   0.008978
   0.002109
   0.002737
   0.001446
   0.001872
   0.02843
   0.001605
   -0.001079
   0.028262745461118954
   0.009651999999999999
   0.013323185980337687
   -0.9383    -0.3263    -0.1145
   -0.1648    0.1311    0.9776
   -0.304    0.9361    -0.1768
 Node:         76
  0.1511E+03  0.1310E+03  0.4520E+03  0.0000E+00
   0.02484
  -0.001305
  -0.01673
  -0.006852
  -4.681E-4
  -0.012
   0.0261
   -0.0131
   -0.01689
   0.04122586687990927
   -0.0012966666666666658
   0.019434060020718492
   -0.9839    0.02805    0.1766
   0.1685    -0.1854    0.9681
   -0.0599    -0.9823    -0.1777
 Node:         77
  0.1443E+03  0.1281E+03  0.4685E+03  0.0000E+00
   0.06538
   0.01931
   9.215E-4
   0.005968
   0.002675
   0.002587
   0.07133
   0.002127
   -0.00457
   0.072782947927382
   0.022962333333333335
   0.034310210689466124
   -0.9592    -0.2667    -0.09365
   -0.129    0.1183    0.9846
   -0.2515    0.9565    -0.1478
 Node:         78
  0.1384E+03  0.1261E+03  0.4829E+03  0.0000E+00
   0.02818
   0.01014
   0.002277
   0.003664
   0.001555
   0.001271
   0.03219
   7.984E-4
   -0.001257
   0.032468130749397944
   0.010577133333333334
   0.0153056236169005
   -0.9373    -0.3244    -0.1274
   -0.1632    0.08563    0.9829
   -0.3079    0.942    -0.1332
 Node:         79
  0.1550E+03  0.1262E+03  0.4525E+03  0.0000E+00
   0.01264
  -0.009087
  -0.08541
  -0.02037
   8.049E-4
  -4.237E-4
   0.02805
   -0.01498
   -0.08626
   0.09999798847976893
   -0.024396666666666667
   0.04713950383937258
   0.8104    -0.06903    -0.5819
   0.5783    -0.06532    0.8132
   -0.09414    -0.9955    -0.01301
 Node:         80
  0.1491E+03  0.1240E+03  0.4693E+03  0.0000E+00
   0.07875
   4.997E-4
  -0.05348
   0.01169
   0.005089
   0.01035
   0.0807
   0.008801
   -0.05389
   0.11664925156639452
   0.011870333333333332
   0.054988984535288714
   -0.9863    -0.009917    -0.1647
   -0.1649    0.079    0.9831
   -0.003259    -0.9968    0.07955
 Node:         81
  0.1433E+03  0.1217E+03  0.4836E+03  0.0000E+00
   0.03361
   0.007169
  -0.004667
   0.0122
   0.003623
   0.00533
   0.03958
   9.035E-4
   -0.006218
   0.04268515092218838
   0.011421833333333332
   0.02012197311536708
   -0.921    -0.1776    -0.3468
   -0.3704    0.1223    0.9208
   0.1211    -0.9765    0.1784
 Node:         82
  0.1267E+03  0.1148E+03  0.4553E+03  0.2496E-01
   0.02622
  -0.01371
  -0.008896
  -0.006135
  -0.003201
  -0.009552
   0.0315
   -0.006573
   -0.01715
   0.04431844287652715
   0.002592333333333334
   0.02089191432641399
   -0.9432    0.3109    0.1167
   -0.09085    -0.5796    0.8098
   0.3194    0.7532    0.575
 Node:         83
  0.1234E+03  0.1129E+03  0.4715E+03  0.2496E-01
   0.01221
  -0.01141
  -0.006485
  -0.01541
   2.54E-4
   0.006511
   0.02749
   -6.617E-4
   -0.01459
   0.03712978692222728
   0.004079433333333333
   0.017503149411145665
   -0.7756    0.2648    0.573
   0.3266    -0.6084    0.7233
   0.5401    0.7481    0.3854
 Node:         84
  0.1187E+03  0.1123E+03  0.4849E+03  0.2496E-01
   0.001357
  -0.001167
  -6.162E-4
  -0.004628
   2.399E-4
   0.007317
   0.009898
   2.007E-5
   -0.00186
   0.010939806403447001
   0.0026860233333333336
   0.005157074195163593
   -0.4828    0.0735    0.8726
   -0.503    0.7924    -0.3451
   -0.7168    -0.6056    -0.3456
 Node:         85
  0.1302E+03  0.1161E+03  0.4540E+03  0.2496E-01
   0.03047
  -0.01561
  -0.009173
  -0.006006
  -0.005628
  -0.01865
   0.03615
   -0.009171
   -0.02434
   0.054512070690811223
   8.796666666666675E-4
   0.025697236561328708
   -0.9458    0.3168    0.07112
   -0.2146    -0.7742    0.5954
   0.2437    0.5479    0.8003
 Node:         86
  0.1252E+03  0.1138E+03  0.4698E+03  0.2496E-01
  -0.007591
  -0.01216
   0.01939
  -0.03148
   0.002274
   0.001907
   0.03522
   0.01427
   -0.03579
   0.06319543575290862
   0.004566666666666666
   0.029790614107280317
   -0.5926    0.5409    0.5969
   0.2554    0.8289    -0.4977
   0.764    0.1425    0.6293
 Node:         87
  0.1217E+03  0.1126E+03  0.4833E+03  0.2496E-01
   0.003922
  -9.09E-4
  -5.929E-4
  -0.006994
   9.218E-4
   0.007863
   0.01328
   -6.717E-4
   -0.001414
   0.014337269234062672
   0.003731433333333333
   0.006758653532735315
   -0.6019    0.09216    0.7932
   0.1308    -0.9685    0.2118
   0.7878    0.2312    0.5709
 Node:         88
  0.1338E+03  0.1169E+03  0.4523E+03  0.2496E-01
   0.02116
  -0.01509
  -0.00187
  -0.00624
   8.874E-4
  -0.01204
   0.0295
   -0.00848
   -0.01377
   0.04088249870054422
   0.002416666666666666
   0.01927219470867002
   -0.8903    0.4324    0.143
   0.3482    0.8485    -0.3985
   0.2937    0.305    0.9059
 Node:         89
  0.1270E+03  0.1150E+03  0.4680E+03  0.2496E-01
   0.03168
  -0.0143
  -0.002065
  -0.01689
   3.869E-5
   7.379E-4
   0.04298
   -8.04E-4
   -0.01183
   0.05021328226674691
   0.010115333333333332
   0.023670768264300635
   -0.8905    0.283    0.3563
   0.0635    -0.6981    0.7132
   0.4506    0.6577    0.6037
 Node:         90
  0.1248E+03  0.1132E+03  0.4821E+03  0.2496E-01
   0.008075
  -0.005409
   0.002588
  -0.004292
   0.002233
   0.00203
   0.01344
   1.074E-4
   -8.533E-4
   0.013837983815209497
   0.0042313666666666675
   0.0065232881291228855
   -0.7897    0.4738    0.3898
   0.1298    -0.4919    0.8609
   0.5996    0.7304    0.3269
 Node:         91
  0.1257E+03  0.1258E+03  0.4541E+03  0.2496E-01
  -0.02635
  -0.02773
   0.02105
  -0.009943
  -0.001358
  -0.01086
   0.03402
   -0.008098
   -0.04209
   0.06603829982669149
   -0.005389333333333334
   0.03113075308365597
   -0.4256    0.9024    0.06698
   -0.2399    -0.1839    0.9532
   -0.8725    -0.3896    -0.2948
 Node:         92
  0.1208E+03  0.1230E+03  0.4722E+03  0.2496E-01
   0.0132
  -0.01839
  -0.004269
  -0.0162
  -0.002166
  -0.002599
   0.03002
   -0.001174
   -0.02252
   0.04576663059479035
   0.002108666666666667
   0.021574596563757317
   -0.8244    0.4179    0.3818
   0.02047    -0.652    0.758
   0.5657    0.6327    0.5289
 Node:         93
  0.1159E+03  0.1217E+03  0.4876E+03  0.2496E-01
   0.006205
   3.887E-4
  -0.001522
  -0.007883
  -0.003558
   0.005052
   0.01401
   1.705E-4
   -0.00445
   0.016638094549857565
   0.0032435
   0.007843272988151481
   -0.7037    -0.1753    0.6885
   0.5719    -0.7148    0.4026
   -0.4216    -0.6771    -0.6032
 Node:         94
  0.1311E+03  0.1260E+03  0.4531E+03  0.2496E-01
  -0.03425
  -0.02727
   0.02626
  -0.005541
  -0.003691
  -0.0197
   0.03677
   -0.01815
   -0.04631
   0.07318291603919592
   -0.00923
   0.03449875746554746
   -0.3566    0.9339    -0.02606
   -0.2308    -0.06104    0.9711
   -0.9053    -0.3523    -0.2374
 Node:         95
  0.1248E+03  0.1232E+03  0.4702E+03  0.2496E-01
   0.02402
  -0.0165
   0.005626
  -0.01792
  -4.832E-6
  -0.0205
   0.03794
   -9.484E-4
   -0.02785
   0.05729017296674884
   0.0030472
   0.027006846533425555
   -0.8592    0.4387    0.2634
   -0.3506    -0.8796    0.3215
   0.3728    0.1839    0.9095
 Node:         96
  0.1205E+03  0.1222E+03  0.4851E+03  0.2496E-01
   0.01155
  -7.7E-4
  -6.075E-5
  -0.009187
  -7.951E-4
   0.001196
   0.01692
   1.995E-4
   -0.004435
   0.019456229535806776
   0.0042281666666666665
   0.00917175456072731
   -0.8637    0.01557    0.5037
   0.1072    -0.9709    0.2139
   0.4924    0.2388    0.837
 Node:         97
  0.1365E+03  0.1258E+03  0.4519E+03  0.2496E-01
  -0.02372
  -0.02201
   0.02934
  -0.007025
  -0.003081
  -0.02665
   0.03728
   -0.02111
   -0.03721
   0.06788726758384078
   -0.007013333333333333
   0.032002364843173
   -0.3386    0.9409    -0.008135
   0.5546    0.1926    -0.8095
   -0.7601    -0.2786    -0.587
 Node:         98
  0.1294E+03  0.1231E+03  0.4682E+03  0.2496E-01
   0.01483
  -0.02657
   0.01417
  -0.01468
  -9.244E-4
  -0.01905
   0.04268
   -0.004734
   -0.02799
   0.06238260106792599
   0.0033186666666666664
   0.029407440162123752
   -0.7245    0.6699    0.1622
   0.4961    0.6702    -0.552
   0.4785    0.3194    0.8179
 Node:         99
  0.1260E+03  0.1218E+03  0.4827E+03  0.2496E-01
   0.009573
  -0.00704
   0.003896
  -0.005053
   0.00199
   3.894E-5
   0.01609
   -9.269E-5
   -0.002485
   0.017501903150403387
   0.004504103333333334
   0.008250476267546956
   -0.7987    0.5127    0.3151
   -0.2979    -0.7917    0.5333
   0.5229    0.3321    0.7851
 Node:        100
  0.1248E+03  0.1369E+03  0.4526E+03  0.0000E+00
   0.04014
   0.004233
  -0.01529
  -0.005833
  -0.002941
   0.01816
   0.042
   0.01681
   -0.01579
   0.05018456037468098
   0.01434
   0.023657228634535083
   -0.9655    -0.08401    0.2467
   -0.2517    0.05535    -0.9662
   -0.06752    0.9949    0.07458
 Node:        101
  0.1186E+03  0.1334E+03  0.4714E+03  0.0000E+00
   0.03314
   0.00957
  -6.303E-4
   0.008325
   0.005976
   0.03169
   0.04357
   0.02419
   -0.00356
   0.0410297684614476
   0.021400000000000002
   0.019341618339735692
   -0.7321    -0.2445    -0.6358
   0.6422    0.06369    -0.7639
   -0.2272    0.9676    -0.1104
 Node:        102
  0.1139E+03  0.1312E+03  0.4875E+03  0.0000E+00
   0.009972
   0.007356
   0.005497
   0.006696
   0.005498
   0.006113
   0.0206
   0.001075
   -8.88E-5
   0.02013214470542073
   0.0071954
   0.009490384027354566
   -0.6832    -0.5197    -0.5131
   0.5913    0.01873    -0.8063
   -0.4286    0.8542    -0.2945
 Node:        103
  0.1320E+03  0.1361E+03  0.4519E+03  0.0000E+00
   0.03919
   0.002899
  -0.02838
  -0.00675
  -0.003047
   0.02113
   0.04164
   0.01897
   -0.02866
   0.06214754942875866
   0.010650000000000001
   0.02929663575680093
   -0.9462    -0.05307    0.3193
   -0.3216    0.04119    -0.946
   -0.03705    0.9977    0.05604
 Node:        104
  0.1248E+03  0.1328E+03  0.4697E+03  0.0000E+00
   0.04085
   0.01259
  -0.01008
   0.008982
   0.007581
   0.03395
   0.05057
   0.02779
   -0.01364
   0.056383940089355225
   0.021573333333333333
   0.026579644258132737
   -0.8061    -0.2352    -0.543
   0.5549    0.01796    -0.8317
   -0.2054    0.9718    -0.116
 Node:        105
  0.1200E+03  0.1316E+03  0.4853E+03  0.0000E+00
   0.01573
   0.007954
   0.003545
   0.007484
   0.005142
   0.005723
   0.02408
   0.001908
   -9.843E-4
   0.023750601232179366
   0.008334566666666666
   0.0111961407923544
   -0.7941    -0.4181    -0.441
   -0.5612    0.2262    0.7961
   0.2332    -0.8798    0.4143
 Node:        106
  0.1393E+03  0.1349E+03  0.4513E+03  0.0000E+00
   0.03518
   0.001157
  -0.03899
  -0.007304
   0.001103
   0.01391
   0.03746
   0.01168
   -0.03904
   0.06741430412011978
   0.0033666666666666684
   0.03177940772820594
   0.9552    0.01019    -0.2958
   -0.2954    -0.02753    -0.955
   -0.01788    0.9996    -0.02329
 Node:        107
  0.1318E+03  0.1314E+03  0.4680E+03  0.0000E+00
   0.05124
   0.01821
  -0.01444
   0.007366
   0.008602
   0.02383
   0.05848
   0.02228
   -0.02013
   0.06814902860642989
   0.020210000000000002
   0.0321257601725884
   -0.9284    -0.2629    -0.2626
   -0.2918    0.07855    0.9532
   -0.2299    0.9616    -0.1496
 Node:        108
  0.1272E+03  0.1303E+03  0.4831E+03  0.0000E+00
   0.02218
   0.008404
   0.001857
   0.004698
   0.002437
   0.002986
   0.02638
   0.001959
   -0.001319
   0.026214167219272864
   0.009006666666666666
   0.012357476935937297
   -0.9162    -0.3357    -0.2189
   0.2748    -0.1284    -0.9529
   -0.2918    0.9332    -0.2099
 Node:        109
  0.1018E+03  0.1092E+03  0.4946E+03 -0.3833E-04
   0.0
   1.388E-16
   1.11E-16
   5.551E-17
  -1.388E-17
   0.0
   2.069E-16
   2.266E-17
   -1.186E-16
   2.827092280064448E-16
   3.698666666666666E-17
   1.3327040815158061E-16
   -0.5724    -0.814    -0.09897
   0.2904    -0.3141    0.9039
   0.7668    -0.4887    -0.4162
 Node:        110
  0.1058E+03  0.1118E+03  0.5081E+03 -0.3833E-04
   0.0
   2.776E-17
   0.0
  -1.388E-17
  -5.204E-17
   2.22E-16
   2.353E-16
   1.788E-17
   -3.112E-17
   2.456135916434593E-16
   7.402E-17
   1.157833574684491E-16
   -0.08376    -0.2246    0.9708
   0.7726    0.6007    0.2056
   0.6293    -0.7673    -0.1232
 Node:        111
  0.1108E+03  0.1137E+03  0.5210E+03 -0.3833E-04
   0.0
   5.551E-17
  -1.11E-16
  -2.776E-17
   3.261E-16
  -2.22E-16
   1.68E-16
   2.779E-18
   -5.038E-16
   6.063148942925615E-16
   -1.1100700000000001E-16
   2.8581958219244996E-16
   0.1486    0.7638    0.6281
   0.9825    -0.0417    -0.1818
   0.1126    -0.6441    0.7566
 Node:        112
  0.1072E+03  0.1111E+03  0.4942E+03 -0.3833E-04
   0.0
   1.388E-16
