 Group name: gastroc_stress
 #Fields=  16
 1) coordinates, coordinate, rectangular cartesian, #Components=3
   x.  Value index= 1, #Derivatives=0
   y.  Value index= 2, #Derivatives=0
   z.  Value index= 3, #Derivatives=0
 2) Tensor_1, field, rectangular cartesian, #Components=1
   Tensor_1.  Value index= 4, #Derivatives=0
 3) Tensor_2, field, rectangular cartesian, #Components=1
   Tensor_2.  Value index= 5, #Derivatives=0
 4) Tensor_3, field, rectangular cartesian, #Components=1
   Tensor_3.  Value index= 6, #Derivatives=0
 5) Tensor_4, field, rectangular cartesian, #Components=1
   Tensor_4.  Value index= 7, #Derivatives=0
 6) Tensor_5, field, rectangular cartesian, #Components=1
   Tensor_5.  Value index= 8, #Derivatives=0
 7) Tensor_6, field, rectangular cartesian, #Components=1
   Tensor_6.  Value index= 9, #Derivatives=0
 8) Principal_1, field, rectangular cartesian, #Components=1
   Principal_1.  Value index= 10, #Derivatives=0
 9) Principal_2, field, rectangular cartesian, #Components=1
   Principal_2.  Value index= 11, #Derivatives=0
 10) Principal_3, field, rectangular cartesian, #Components=1
   Principal_3.  Value index= 12, #Derivatives=0
 11) VonMises, field, rectangular cartesian, #Components=1
   VonMises.  Value index= 13, #Derivatives=0
 12) Hydrostatic, field, rectangular cartesian, #Components=1
   VonMises.  Value index= 14, #Derivatives=0
 13) Octahedral, field, rectangular cartesian, #Components=1
   VonMises.  Value index= 15, #Derivatives=0
 14) PrincipalVector1, field, rectangular cartesian, #Components=3
   x.  Value index= 16, #Derivatives=0
   y.  Value index= 17, #Derivatives=0
   z.  Value index= 18, #Derivatives=0
 15) PrincipalVector2, field, rectangular cartesian, #Components=3
   x.  Value index= 19, #Derivatives=0
   y.  Value index= 20, #Derivatives=0
   z.  Value index= 21, #Derivatives=0
 16) PrincipalVector3, field, rectangular cartesian, #Components=3
   x.  Value index= 22, #Derivatives=0
   y.  Value index= 23, #Derivatives=0
   z.  Value index= 24, #Derivatives=0
 Node:          1
  0.1287E+03  0.1133E+03  0.4908E+03 -0.3598E-04
  -7.195E-5
  -1.439E-16
  -7.195E-5
  -4.798E-17
  -7.196E-17
  -7.195E-5
   -7.195E-5
   -7.195E-5
   -7.195E-5
   0.0
   -7.195E-5
   0.0
   0.966    -0.2571    -0.02713
   0.2489    0.9532    -0.1718
   0.07003    0.1592    0.9848
 Node:          2
  0.1292E+03  0.1137E+03  0.5052E+03 -0.3598E-04
  -7.195E-5
  -1.919E-16
  -7.195E-5
  -9.595E-17
   3.358E-16
  -7.195E-5
   -7.195E-5
   -7.195E-5
   -7.195E-5
   0.0
   -7.195E-5
   0.0
   0.895    -0.3984    -0.2008
   0.4461    0.7982    0.4048
   -9.579E-4    -0.4518    0.8921
 Node:          3
  0.1289E+03  0.1155E+03  0.5194E+03 -0.3598E-04
  -7.195E-5
   2.399E-16
  -7.195E-5
   1.919E-16
   9.595E-17
  -7.195E-5
   -7.195E-5
   -7.195E-5
   -7.195E-5
   0.0
   -7.195E-5
   0.0
   -0.4091    -0.8757    -0.2565
   0.496    -0.4494    0.743
   0.7659    -0.1767    -0.6182
 Node:          4
  0.1361E+03  0.1141E+03  0.4915E+03 -0.3598E-04
  -7.195E-5
  -4.798E-17
  -7.195E-5
  -4.798E-17
  -1.439E-16
  -7.195E-5
   -7.195E-5
   -7.195E-5
   -7.195E-5
   0.0
   -7.195E-5
   0.0
   -0.04307    -0.09429    0.9946
   -0.9939    0.1055    -0.03303
   -0.1018    -0.9899    -0.09826
 Node:          5
  0.1341E+03  0.1144E+03  0.5054E+03 -0.3598E-04
  -7.195E-5
   2.399E-16
  -7.195E-5
   9.595E-17
  -1.199E-16
  -7.195E-5
   -7.195E-5
   -7.195E-5
   -7.195E-5
   0.0
   -7.195E-5
   0.0
   0.09701    -0.1794    0.979
   0.7185    0.6933    0.05582
   -0.6888    0.698    0.1961
 Node:          6
  0.1323E+03  0.1162E+03  0.5191E+03 -0.3598E-04
  -7.195E-5
   9.595E-17
  -7.195E-5
  -9.595E-17
  -4.798E-17
  -7.195E-5
   -7.195E-5
   -7.195E-5
   -7.195E-5
   0.0
   -7.195E-5
   0.0
   -0.7151    -0.6928    0.09323
   0.693    -0.7201    -0.03578
   0.09192    0.03902    0.995
 Node:          7
  0.1408E+03  0.1171E+03  0.4920E+03 -0.3598E-04
  -7.195E-5
   3.838E-16
  -7.195E-5
  -1.439E-16
  -1.919E-16
  -7.195E-5
   -7.195E-5
   -7.195E-5
   -7.195E-5
   0.0
   -7.195E-5
   0.0
   0.8642    0.487    -0.1268
   -0.5006    0.8577    -0.1173
   0.05166    0.1648    0.985
 Node:          8
  0.1367E+03  0.1169E+03  0.5055E+03 -0.3598E-04
  -7.195E-5
   3.358E-16
  -7.195E-5
  -6.957E-16
  -4.078E-16
  -7.195E-5
   -7.195E-5
   -7.195E-5
   -7.195E-5
   0.0
   -7.195E-5
   0.0
   -0.7207    -0.6267    0.2964
   0.6357    -0.768    -0.07815
   0.2766    0.1321    0.9519
 Node:          9
  0.1339E+03  0.1180E+03  0.5191E+03 -0.3598E-04
  -7.195E-5
   2.879E-16
  -7.195E-5
  -6.837E-16
  -4.798E-16
  -7.195E-5
   -7.195E-5
   -7.195E-5
   -7.195E-5
   0.0
   -7.195E-5
   0.0
   0.3024    0.1643    -0.9389
   0.9345    0.1428    0.326
   -0.1877    0.976    0.1104
 Node:         10
  0.1294E+03  0.1212E+03  0.4911E+03 -0.3598E-04
  -7.195E-5
   4.798E-17
  -7.195E-5
  -2.399E-17
   2.159E-16
  -7.195E-5
   -7.195E-5
   -7.195E-5
   -7.195E-5
   0.0
   -7.195E-5
   0.0
   0.02408    0.709    0.7048
   0.1744    0.6913    -0.7012
   -0.9844    0.1398    -0.107
 Node:         11
  0.1295E+03  0.1214E+03  0.5055E+03 -0.3598E-04
  -7.195E-5
  -4.798E-17
  -7.195E-5
  -7.196E-17
   2.399E-17
  -7.195E-5
   -7.195E-5
   -7.195E-5
   -7.195E-5
   0.0
   -7.195E-5
   0.0
   -0.2763    0.1331    0.9518
   -0.5865    0.7612    -0.2768
   0.7613    0.6347    0.1323
 Node:         12
  0.1295E+03  0.1217E+03  0.5196E+03 -0.3598E-04
  -7.195E-5
  -6.097E-37
  -7.195E-5
   1.319E-16
   4.798E-17
  -7.195E-5
   -7.195E-5
   -7.195E-5
   -7.195E-5
   0.0
   -7.195E-5
   0.0
   -0.2404    -0.08744    -0.9667
   -0.3418    0.9398    1.868E-6
   0.9085    0.3305    -0.2558
 Node:         13
  0.1361E+03  0.1199E+03  0.4914E+03 -0.3598E-04
  -7.195E-5
  -2.399E-16
  -7.195E-5
  -1.679E-16
   4.798E-17
  -7.195E-5
   -7.195E-5
   -7.195E-5
   -7.195E-5
   0.0
   -7.195E-5
   0.0
   0.9203    -0.37    -0.1273
   0.3697    0.9288    -0.02722
   0.1283    -0.02201    0.9915
 Node:         14
  0.1342E+03  0.1198E+03  0.5054E+03 -0.3598E-04
  -7.195E-5
   4.798E-17
  -7.195E-5
   9.595E-17
  -1.559E-16
  -7.195E-5
   -7.195E-5
   -7.195E-5
   -7.195E-5
   0.0
   -7.195E-5
   0.0
   0.09997    -0.2649    0.9591
   -0.2953    -0.9284    -0.2256
   -0.9502    0.2606    0.171
 Node:         15
  0.1330E+03  0.1205E+03  0.5193E+03 -0.3598E-04
  -7.195E-5
  -1.439E-16
  -7.195E-5
   2.399E-17
   8.396E-17
  -7.195E-5
   -7.195E-5
   -7.195E-5
   -7.195E-5
   0.0
   -7.195E-5
   0.0
   0.9934    -0.1134    0.01425
   -0.01886    -0.2856    -0.9582
   0.1127    0.9516    -0.2859
 Node:         16
  0.1404E+03  0.1188E+03  0.4918E+03 -0.3598E-04
  -7.195E-5
   9.595E-17
  -7.195E-5
  -1.439E-16
  -2.519E-16
  -7.195E-5
   -7.195E-5
   -7.195E-5
   -7.195E-5
   0.0
   -7.195E-5
   0.0
   -0.1502    -0.2388    0.9594
   -0.794    -0.549    -0.2609
   0.589    -0.801    -0.1072
 Node:         17
  0.1365E+03  0.1184E+03  0.5055E+03 -0.3598E-04
  -7.195E-5
   4.798E-17
  -7.195E-5
   1.679E-16
   2.939E-16
  -7.195E-5
   -7.195E-5
   -7.195E-5
   -7.195E-5
   0.0
   -7.195E-5
   0.0
   0.2481    0.4018    0.8815
   0.9357    -0.3351    -0.1106
   -0.251    -0.8522    0.4591
 Node:         18
  0.1341E+03  0.1191E+03  0.5192E+03 -0.3598E-04
  -7.195E-5
  -8.106E-37
  -7.195E-5
   4.573E-17
   1.84E-16
  -7.195E-5
   -7.195E-5
   -7.195E-5
   -7.195E-5
   0.0
   -7.195E-5
   0.0
   0.02288    0.09202    0.9955
   0.9712    -0.2382    -3.007E-4
   -0.2371    -0.9668    0.09482
 Node:         19
  0.1301E+03  0.1291E+03  0.4914E+03  0.0000E+00
   4.934E-16
   0.0
   4.934E-16
   3.631E-19
   1.731E-17
  -9.869E-16
   4.936E-16
   4.934E-16
   -9.871E-16
   1.4806000101310279E-15
   -3.3333333333314155E-20
   6.979615382590138E-16
   -0.02097    -0.9997    -0.01169
   -0.9998    0.02097    -8.123E-17
   2.452E-4    0.01169    -0.9999
 Node:         20
  0.1299E+03  0.1291E+03  0.5058E+03  0.0000E+00
   9.869E-16
   0.0
   0.0
   1.799E-17
   3.326E-17
  -2.467E-16
   9.871E-16
   4.4E-18
   -2.514E-16
   1.1324785163525177E-15
   2.467E-16
   5.338554923072971E-16
   -0.9999    -4.917E-4    -0.01459
   0.002401    -0.9914    -0.1311
   -0.0144    -0.1312    0.9913
 Node:         21
  0.1301E+03  0.1280E+03  0.5197E+03  0.0000E+00
   4.934E-16
   0.0
   0.0
   7.196E-17
   2.549E-17
   4.934E-16
   5.66E-16
   4.222E-16
   -1.341E-18
   5.108528305500519E-16
   3.28953E-16
   2.408183337801893E-16
   -0.7039    -0.03195    -0.7096
   -0.7102    0.04241    0.7027
   -0.007642    -0.9986    0.05255
 Node:         22
  0.1360E+03  0.1256E+03  0.4913E+03  0.0000E+00
  -9.869E-16
   2.399E-17
  -4.934E-16
  -2.399E-17
   1.739E-16
   4.934E-16
   5.234E-16
   -5.215E-16
   -9.888E-16
   1.3410693755358072E-15
   -3.2896666666666662E-16
   6.321861663219854E-16
   -0.01298    0.1683    0.9857
   0.05935    0.9841    -0.1672
   -0.9982    0.05633    -0.02276
 Node:         23
  0.1343E+03  0.1253E+03  0.5054E+03  0.0000E+00
   0.0
   3.598E-17
  -1.974E-15
   0.0
   2.271E-16
  -7.401E-16
   6.796E-19
   -6.997E-16
   -2.015E-15
   1.7724996366646057E-15
   -9.046734666666666E-16
   8.355643418241562E-16
   0.9998    0.01889    0.00579
   -0.009011    0.1753    0.9845
   0.01758    -0.9843    0.1754
 Node:         24
  0.1336E+03  0.1248E+03  0.5194E+03  0.0000E+00
  -9.869E-16
   2.099E-17
   0.0
   2.399E-17
   1.499E-18
  -7.401E-16
   4.516E-19
   -7.379E-16
   -9.896E-16
   8.912682384908372E-16
   -5.756827999999999E-16
   4.2014787686204007E-16
   -0.02132    -0.9998    -0.002714
   0.09549    -0.004739    0.9954
   -0.9952    0.02096    0.09557
 Node:         25
  0.1400E+03  0.1206E+03  0.4917E+03  0.0000E+00
   0.0
   4.617E-16
  -4.934E-16
  -1.439E-16
  -2.249E-16
   9.869E-16
   1.067E-15
   2.05E-16
   -7.785E-16
   1.5994040296310373E-15
   1.6449999999999999E-16
   7.539662901394642E-16
   -0.2161    -0.2016    0.9553
   0.839    0.4621    0.2874
   -0.4994    0.8636    0.06929
 Node:         26
  0.1363E+03  0.1200E+03  0.5055E+03  0.0000E+00
   9.869E-16
   1.859E-16
  -2.714E-15
   4.797E-17
  -1.943E-15
  -2.467E-16
   1.006E-15
   8.09E-16
   -3.789E-15
   4.699597748744035E-15
   -6.579999999999999E-16
   2.215411624657293E-15
   0.968    0.1526    -0.1995
   0.2481    -0.4578    0.8538
   -0.03892    0.8759    0.4809
 Node:         27
  0.1343E+03  0.1203E+03  0.5192E+03  0.0000E+00
   9.869E-16
  -3.358E-16
   9.869E-16
  -1.799E-16
   2.27E-15
   0.0
   2.89E-15
   9.15E-16
   -1.831E-15
   4.1066398673367985E-15
   6.58E-16
   1.9358885987232494E-15
   -0.1931    0.7658    0.6135
   0.9808    0.1345    0.1409
   0.02534    0.6289    -0.7771
 Node:         28
  0.1155E+03  0.1124E+03  0.4931E+03 -0.2126E-03
  -4.252E-4
   6.599E-17
  -4.252E-4
  -9.599E-17
   9.599E-17
  -4.252E-4
   -4.252E-4
   -4.252E-4
   -4.252E-4
   0.0
   -4.252E-4
   0.0
   0.02398    0.9835    0.1793
   0.07203    0.1772    -0.9815
   -0.9971    0.03645    -0.06659
 Node:         29
  0.1119E+03  0.1139E+03  0.5068E+03 -0.2126E-03
  -4.252E-4
  -3.6E-17
  -4.252E-4
   9.599E-17
   1.2E-17
  -4.252E-4
   -4.252E-4
   -4.252E-4
   -4.252E-4
   0.0
   -4.252E-4
   0.0
   -0.03581    0.9993    0.005788
   -0.982    -0.03411    -0.1855
   -0.1852    -0.01233    0.9826
 Node:         30
  0.1113E+03  0.1159E+03  0.5206E+03 -0.2126E-03
  -4.252E-4
   2.16E-16
  -4.252E-4
   5.896E-36
  -4.8E-17
  -4.252E-4
   -4.252E-4
   -4.252E-4
   -4.252E-4
   0.0
   -4.252E-4
   0.0
   0.7041    0.7085    -0.04777
   -0.7083    0.6958    -0.1189
   -0.05101    0.1175    0.9918
 Node:         31
  0.1203E+03  0.1126E+03  0.4920E+03 -0.2126E-03
  -4.252E-4
   1.68E-16
  -4.252E-4
   4.8E-17
   7.199E-17
  -4.252E-4
   -4.252E-4
   -4.252E-4
   -4.252E-4
   0.0
   -4.252E-4
   0.0
   -0.7438    -0.4291    -0.5125
   0.5144    0.1221    -0.8488
   0.4268    -0.895    0.13
 Node:         32
  0.1188E+03  0.1134E+03  0.5062E+03 -0.2126E-03
  -4.252E-4
  -2.4E-17
  -4.252E-4
  -4.8E-17
   1.68E-16
  -4.252E-4
   -4.252E-4
   -4.252E-4
   -4.252E-4
   0.0
   -4.252E-4
   0.0
   0.9989    -0.02092    -0.04167
   0.04663    0.4514    0.8911
   1.661E-4    -0.8921    0.4519
 Node:         33
  0.1183E+03  0.1150E+03  0.5201E+03 -0.2126E-03
  -4.252E-4
   9.599E-17
  -4.252E-4
   1.44E-16
  -7.862E-36
  -4.252E-4
   -4.252E-4
   -4.252E-4
   -4.252E-4
   0.0
   -4.252E-4
   0.0
   0.9536    0.1668    0.2505
   0.001688    0.8295    -0.5585
   -0.301    0.5331    0.7907
 Node:         34
  0.1255E+03  0.1129E+03  0.4909E+03 -0.2126E-03
  -4.252E-4
  -9.172E-36
  -4.252E-4
   9.599E-17
   1.68E-16
  -4.252E-4
   -4.252E-4
   -4.252E-4
   -4.252E-4
   0.0
   -4.252E-4
   0.0
   0.3511    0.6138    0.7071
   -0.868    0.4966    -2.021E-5
   -0.3511    -0.6137    0.7071
 Node:         35
  0.1260E+03  0.1135E+03  0.5054E+03 -0.2126E-03
  -4.252E-4
   1.92E-16
  -4.252E-4
   1.92E-16
   4.32E-16
  -4.252E-4
   -4.252E-4
   -4.252E-4
   -4.252E-4
   0.0
   -4.252E-4
   0.0
   0.7458    0.4711    0.471
   0.6661    -0.5274    -0.5273
   0.0    -0.707    0.7072
 Node:         36
  0.1257E+03  0.1153E+03  0.5196E+03 -0.2126E-03
  -4.252E-4
  -9.599E-17
  -4.252E-4
  -9.599E-17
   1.44E-16
  -4.252E-4
   -4.252E-4
   -4.252E-4
   -4.252E-4
   0.0
   -4.252E-4
   0.0
   -0.5159    0.6056    0.6059
   0.8567    0.3635    0.3661
   -0.001439    -0.7079    0.7063
 Node:         37
  0.1132E+03  0.1210E+03  0.4959E+03 -0.2126E-03
  -4.252E-4
   2.4E-16
  -4.252E-4
  -1.44E-16
   3.12E-16
  -4.252E-4
   -4.252E-4
   -4.252E-4
   -4.252E-4
   0.0
   -4.252E-4
   0.0
   -0.5076    -0.7956    -0.3306
   0.7555    -0.2266    -0.6147
   0.4141    -0.5618    0.7162
 Node:         38
  0.1111E+03  0.1204E+03  0.5085E+03 -0.2126E-03
  -4.252E-4
   1.68E-16
  -4.252E-4
  -4.8E-17
  -1.44E-16
  -4.252E-4
   -4.252E-4
   -4.252E-4
   -4.252E-4
   0.0
   -4.252E-4
   0.0
   0.2119    0.9668    -0.1429
   0.9724    -0.2233    -0.06838
   0.09801    0.1244    0.9874
 Node:         39
  0.1119E+03  0.1201E+03  0.5207E+03 -0.2126E-03
  -4.252E-4
  -1.68E-16
  -4.252E-4
  -1.44E-16
  -1.32E-16
  -4.252E-4
   -4.252E-4
   -4.252E-4
   -4.252E-4
   0.0
   -4.252E-4
   0.0
   0.9214    -0.07984    -0.3804
   0.3607    -0.1892    0.9133
   -0.1449    -0.9787    -0.1456
 Node:         40
  0.1191E+03  0.1220E+03  0.4937E+03 -0.2126E-03
  -4.252E-4
   1.44E-16
  -4.252E-4
   1.44E-16
  -2.4E-17
  -4.252E-4
   -4.252E-4
   -4.252E-4
   -4.252E-4
   0.0
   -4.252E-4
   0.0
   0.9817    0.1345    0.1345
   -3.39E-4    0.7083    -0.7059
   -0.1902    0.693    0.6954
 Node:         41
  0.1182E+03  0.1217E+03  0.5073E+03 -0.2126E-03
  -4.252E-4
  -4.8E-17
  -4.252E-4
   9.599E-17
   1.68E-16
  -4.252E-4
   -4.252E-4
   -4.252E-4
   -4.252E-4
   0.0
   -4.252E-4
   0.0
   -0.1538    -0.1966    -0.9684
   -0.9621    0.2532    0.1014
   0.2253    0.9472    -0.228
 Node:         42
  0.1187E+03  0.1212E+03  0.5204E+03 -0.2126E-03
  -4.252E-4
  -9.599E-17
  -4.252E-4
   5.241E-36
   9.599E-17
  -4.252E-4
   -4.252E-4
   -4.252E-4
   -4.252E-4
   0.0
   -4.252E-4
   0.0
   -0.01859    0.09773    0.995
   -0.9834    0.1779    -0.03585
   -0.1806    -0.9792    0.0928
 Node:         43
  0.1258E+03  0.1217E+03  0.4915E+03 -0.2126E-03
  -4.252E-4
   1.92E-16
  -4.252E-4
  -2.4E-17
   2.621E-36
  -4.252E-4
   -4.252E-4
   -4.252E-4
   -4.252E-4
   0.0
   -4.252E-4
   0.0
   0.9459    0.324    -0.01746
   -0.3238    0.946    0.01167
   0.0203    -0.005384    0.9998
 Node:         44
  0.1259E+03  0.1220E+03  0.5059E+03 -0.2126E-03
  -4.252E-4
   2.4E-16
  -4.252E-4
   1.68E-16
   1.92E-16
  -4.252E-4
   -4.252E-4
   -4.252E-4
   -4.252E-4
   0.0
   -4.252E-4
   0.0
   -0.3604    -0.3833    -0.8504
   -0.6212    -0.5815    0.5254
   0.6959    -0.7176    0.02848
 Node:         45
  0.1261E+03  0.1221E+03  0.5198E+03 -0.2126E-03
  -4.252E-4
  -1.44E-16
  -4.252E-4
   4.8E-17
  -1.2E-17
  -4.252E-4
   -4.252E-4
   -4.252E-4
   -4.252E-4
   0.0
   -4.252E-4
   0.0
   0.06681    -0.0125    0.9977
   -0.9877    0.1408    0.06791
   -0.1413    -0.99    -0.002943
 Node:         46
  0.1117E+03  0.1296E+03  0.4959E+03  0.0000E+00
  -2.467E-16
   4.797E-17
  -7.401E-16
   1.199E-17
  -4.497E-17
   0.0
   3.057E-18
   -2.423E-16
   -7.476E-16
   6.629532710146319E-16
   -3.2894766666666664E-16
   3.125191690294995E-16
   0.03676    -0.058    0.9976
   0.9946    0.09864    -0.03092
   -0.09662    0.9934    0.06131
 Node:         47
  0.1107E+03  0.1269E+03  0.5087E+03  0.0000E+00
  -7.401E-16
  -5.397E-17
   4.934E-16
  -4.797E-17
   6.896E-17
   0.0
   5.058E-16
   -7.273E-18
   -7.452E-16
   1.0892155802819752E-15
   -8.222433333333333E-17
   5.1346114866095E-16
   -0.04821    0.9891    0.1394
   -0.05424    -0.142    0.9884
   -0.9974    -0.04009    -0.06049
 Node:         48
  0.1125E+03  0.1242E+03  0.5208E+03  0.0000E+00
   4.934E-16
   5.997E-18
   4.934E-16
   0.0
  -2.998E-18
   4.934E-16
   5.001E-16
   4.934E-16
   4.867E-16
   1.1604740410711462E-17
   4.934E-16
   5.470527092215756E-18
   -0.6325    -0.7071    0.3162
   0.4472    -2.276E-15    0.8944
   0.6325    -0.7071    -0.3162
 Node:         49
  0.1186E+03  0.1311E+03  0.4938E+03  0.0000E+00
  -7.401E-16
  -3.598E-17
   0.0
  -7.196E-17
  -1.049E-17
  -2.467E-16
   1.947E-18
   -2.366E-16
   -7.523E-16
   6.677348643803167E-16
   -3.2898433333333336E-16
   3.1477323375866775E-16
   0.04561    -0.9985    0.02894
   -0.143    0.02215    0.9895
   -0.9887    -0.04926    -0.1418
 Node:         50
  0.1180E+03  0.1298E+03  0.5075E+03  0.0000E+00
   0.0
  -2.249E-17
   1.48E-15
  -7.196E-17
   2.155E-17
   9.869E-16
   1.482E-15
   9.91E-16
   -5.513E-18
   1.3127859849072886E-15
   8.224956666666666E-16
   6.188532481164029E-16
   0.01739    -0.9988    -0.04603
   -0.07128    -0.04716    0.9963
   0.9973    0.01405    0.07201
 Node:         51
  0.1192E+03  0.1275E+03  0.5206E+03  0.0000E+00
   0.0
  -5.997E-18
  -2.467E-16
   0.0
   2.549E-17
   4.934E-16
   4.943E-16
   1.449E-19
   -2.477E-16
   6.54286006770747E-16
   8.22483E-17
   3.0843338148204166E-16
   -4.17E-4    0.03438    0.9994
   0.9997    -0.02416    0.001248
   0.02418    0.9991    -0.03436
 Node:         52
  0.1262E+03  0.1305E+03  0.4920E+03  0.0000E+00
   4.934E-16
  -2.399E-17
   4.934E-16
   2.249E-18
   8.48E-18
   0.0
   5.175E-16
   4.696E-16
   -1.6E-19
   4.95449666061044E-16
   3.2898E-16
   2.335572124055831E-16
   -0.7061    0.708    0.008534
   0.7081    0.706    0.01614
   -0.005403    -0.01744    0.9998
 Node:         53
  0.1258E+03  0.1304E+03  0.5063E+03  0.0000E+00
  -7.401E-16
  -2.998E-18
  -4.934E-16
   4.797E-17
   5.847E-17
  -9.869E-16
   -4.866E-16
   -7.314E-16
   -1.002E-15
   4.465358664206045E-16
   -7.399999999999999E-16
   2.104990261260132E-16
   0.0104    0.9931    0.1171
   -0.9836    0.03123    -0.1776
   -0.18    -0.1133    0.9771
 Node:         54
  0.1265E+03  0.1288E+03  0.5200E+03  0.0000E+00
  -9.869E-16
   3.598E-17
   4.934E-16
   0.0
  -7.496E-18
   4.934E-16
   5.014E-16
   4.864E-16
   -9.877E-16
   1.4816569474746847E-15
   3.3333333333314155E-20
   6.984597833010066E-16
   0.01758    0.7272    -0.6862
   0.01675    0.686    0.7274
   -0.9997    0.02428    1.229E-4
 Node:         55
  0.1381E+03  0.1168E+03  0.4526E+03  0.7636E-02
   0.02326
  -0.0129
   0.01619
  -0.003835
   0.01904
   0.01099
   0.04294
   0.01595
   -0.006606
   0.04296533109380166
   0.017428
   0.020254051314901586
   -0.5875    0.6614    0.4663
   0.7829    0.319    0.5341
   -0.2045    -0.6789    0.7052
 Node:         56
  0.1314E+03  0.1156E+03  0.4683E+03  0.7636E-02
   0.02445
  -0.01522
   0.01606
  -0.01132
   0.009736
   0.01312
   0.04483
   0.006001
   0.004032
   0.03985000003764116
   0.018287666666666667
   0.018785470171266822
   -0.7195    0.5478    0.4268
   0.5778    0.1312    0.8056
   -0.3853    -0.8262    0.4109
 Node:         57
  0.1285E+03  0.1140E+03  0.4823E+03  0.7636E-02
   0.02253
  -0.005517
   0.01572
  -0.003322
   0.002331
   0.01524
   0.02721
   0.01386
   0.01244
   0.014113677763077915
   0.017836666666666667
   0.006653251502502785
   -0.8225    0.4686    0.3224
   0.4121    0.1003    0.9056
   -0.3921    -0.8777    0.2756
 Node:         58
  0.1478E+03  0.1176E+03  0.4530E+03  0.7636E-02
   0.02303
  -0.0141
   0.01757
  -0.002286
   0.0127
   0.006986
   0.04024
   0.01277
   -0.003095
   0.037975132323666755
   0.016638333333333335
   0.017901649055014145
   -0.6849    0.6637    0.3007
   0.6765    0.4259    0.6008
   -0.2707    -0.6149    0.7407
 Node:         59
  0.1415E+03  0.1165E+03  0.4691E+03  0.7636E-02
   0.02617
  -0.02465
   0.01728
  -0.02475
   0.01998
   0.01293
   0.06926
   -0.003193
   -0.005935
   0.07386218179149598
   0.020044
   0.034818966412000225
   -0.6792    0.5441    0.4926
   0.5528    0.8207    -0.1444
   0.4829    -0.1742    0.8582
 Node:         60
  0.1374E+03  0.1150E+03  0.4832E+03  0.7636E-02
   0.0235
  -0.01167
   0.01624
  -0.01159
   0.007744
   0.01574
   0.04085
   0.008118
   0.007027
   0.03329091042612082
   0.018664999999999998
   0.015693485676122648
   -0.7117    0.5044    0.4889
   -0.1015    -0.7625    0.6389
   0.6951    0.4051    0.5939
 Node:         61
  0.1548E+03  0.1218E+03  0.4534E+03  0.7636E-02
   0.02551
  -0.01176
   0.0147
   0.007458
  -0.01402
   0.01115
   0.04167
   0.01274
   -0.001393
   0.03802044553920955
   0.017672333333333335
   0.017923009909672598
   -0.7086    0.5595    -0.4299
   0.698    0.4665    -0.5433
   0.1034    0.685    0.7211
 Node:         62
  0.1488E+03  0.1201E+03  0.4698E+03  0.7636E-02
   0.02819
  -0.04161
   0.01713
  -0.02545
   0.01233
   0.01748
   0.08098
   0.006523
   -0.02
   0.09067600227733907
   0.022500999999999997
   0.04274507740079552
   -0.725    0.5581    0.4035
   0.1416    -0.4525    0.8804
   0.674    0.6955    0.249
 Node:         63
  0.1436E+03  0.1181E+03  0.4838E+03  0.7636E-02
   0.02325
  -0.02003
   0.01771
  -0.0096
   0.01354
   0.01627
   0.05004
   0.009335
   -0.001076
   0.046787452388434236
   0.019433
   0.02205581657220305
   -0.6574    0.6126    0.4388
   0.55    -0.007975    0.8351
   -0.5151    -0.7903    0.3317
 Node:         64
  0.1411E+03  0.1253E+03  0.4524E+03  0.7636E-02
   0.01836
  -0.01591
   0.01963
  -0.00155
   0.00184
   0.01222
   0.03649
   0.01173
   0.003064
   0.030045420882390716
   0.017094666666666664
   0.014163547233028253
   -0.6797    0.7267    0.09994
   0.08068    -0.06136    0.9948
   0.7291    0.6843    -0.01692
 Node:         65
  0.1339E+03  0.1229E+03  0.4683E+03  0.7636E-02
   0.02235
  -0.02712
   0.01821
  -0.007866
   0.003014
   0.01337
   0.05118
   0.01185
   -0.007261
   0.051611189203505096
   0.018589666666666668
   0.024329747913933584
   -0.7326    0.6491    0.2047
   0.04326    -0.2557    0.9658
   0.6792    0.7164    0.1593
 Node:         66
  0.1299E+03  0.1214E+03  0.4825E+03  0.7636E-02
   0.02265
  -0.008349
   0.01612
  -0.003259
   0.002528
   0.01521
   0.02985
   0.0139
   0.01032
   0.018008883918777422
   0.018023333333333332
   0.008489469293712588
   -0.7934    0.5441    0.2728
   0.2622    -0.09893    0.9599
   0.5493    0.8332    -0.06419
 Node:         67
  0.1495E+03  0.1243E+03  0.4529E+03  0.7636E-02
   0.01983
  -0.01411
   0.01932
  -0.001167
   0.003818
   0.007768
   0.03617
   0.008241
   0.004292
   0.03009842625454029
   0.016234333333333333
   0.014188534205085772
   -0.6936    0.7095    0.1251
   -0.4848    -0.3311    -0.8095
   -0.5329    -0.6221    0.5736
 Node:         68
  0.1429E+03  0.1223E+03  0.4690E+03  0.7636E-02
   0.02565
  -0.03124
   0.01884
  -0.02056
   0.008961
   0.01118
   0.06622
   0.005043
   -0.01188
   0.0711639770459746
   0.019794333333333334
   0.03354702049694163
   -0.7273    0.5818    0.3641
   -0.005095    -0.5351    0.8448
   0.6863    0.6126    0.3921
 Node:         69
  0.1379E+03  0.1205E+03  0.4831E+03  0.7636E-02
   0.02375
  -0.01261
   0.01638
  -0.009431
   0.005747
   0.01527
   0.03917
   0.01013
   0.006548
   0.030986668165519187
   0.018616
   0.01460725545747729
   -0.7385    0.5269    0.4207
   0.1646    -0.4642    0.8703
   0.6538    0.712    0.2561
 Node:         70
  0.1551E+03  0.1239E+03  0.4534E+03  0.7636E-02
   0.02129
  -0.01834
   0.01775
  -0.01165
   0.009043
   0.00582
   0.04667
   0.001793
   -5.512E-4
   0.04609382893663749
   0.0159706
   0.021728839341299388
   -0.7039    0.6241    0.3393
   0.429    0.7542    -0.4971
   -0.5661    -0.2044    -0.7986
 Node:         71
  0.1490E+03  0.1220E+03  0.4697E+03  0.7636E-02
   0.02863
  -0.02813
   0.01815
  -0.04099
   0.01683
   0.01184
   0.08443
   0.001649
   -0.02105
   0.09616124209368346
   0.021676333333333336
   0.045330844247843234
   -0.7214    0.4661    0.5122
   -0.2426    -0.8628    0.4435
   0.6487    0.1957    0.7355
 Node:         72
  0.1435E+03  0.1199E+03  0.4838E+03  0.7636E-02
   0.02498
  -0.01354
   0.01618
  -0.01673
   0.007621
   0.01562
   0.0469
   0.008558
   0.002251
   0.0418534372184651
   0.01923633333333333
   0.019729899515428074
   -0.7308    0.4586    0.5055
   -0.1725    -0.8407    0.5133
   0.6604    0.2879    0.6935
 Node:         73
  0.1440E+03  0.1339E+03  0.4521E+03  0.0000E+00
   0.01085
  -2.044E-4
  -0.003461
  -0.006014
   0.004588
   6.427E-4
   0.01433
   0.001172
   -0.006868
   0.018535503338188583
   0.002878
   0.008737720068759357
   -0.8898    0.1256    0.4387
   0.4118    0.6355    0.6531
   0.1968    -0.7618    0.6172
 Node:         74
  0.1364E+03  0.1303E+03  0.4682E+03  0.0000E+00
   0.01448
   0.01997
  -5.341E-4
   0.004662
   0.007646
   0.002052
   0.03142
   5.167E-4
   -0.01453
   0.04057597584642913
   0.005802233333333333
   0.0191276984495144
   -0.7873    -0.5545    -0.2696
   -0.3481    0.03892    0.9367
   -0.5088    0.8313    -0.2236
 Node:         75
  0.1313E+03  0.1288E+03  0.4826E+03  0.0000E+00
   0.009876
   0.008067
   1.915E-4
   0.002135
   0.001109
   2.714E-4
   0.01505
   -1.218E-4
   -0.004307
   0.017640760517619414
   0.0035403999999999995
   0.008315934258197733
   -0.8625    -0.48    -0.1606
   -0.1299    -0.09665    0.9868
   -0.4892    0.8719    0.02099
 Node:         76
  0.1513E+03  0.1309E+03  0.4527E+03  0.0000E+00
   0.009862
  -0.003425
  -0.003498
  -0.007069
   0.001441
  -2.382E-4
   0.01472
   -0.003701
   -0.004326
   0.01874131774982752
   0.0022310000000000003
   0.008834741912849898
   -0.8755    0.2007    0.4397
   -0.2863    0.5176    -0.8063
   -0.3894    -0.8318    -0.3957
 Node:         77
  0.1444E+03  0.1281E+03  0.4689E+03  0.0000E+00
   0.01627
   0.01903
  -6.336E-4
   0.005484
   0.00419
   9.55E-4
   0.03124
   -6.203E-4
   -0.01251
   0.03918230584192309
   0.0060365666666666665
   0.018470716108899395
   -0.8247    -0.5205    -0.2213
   -0.2067    -0.08687    0.9745
   -0.5264    0.8494    -0.03594
 Node:         78
  0.1384E+03  0.1261E+03  0.4829E+03  0.0000E+00
   0.01053
   0.01028
   2.297E-4
   0.003146
   0.001468
   1.873E-4
   0.01786
   -4.609E-4
   -0.006035
   0.021652909649975453
   0.0037880333333333333
   0.010207279497278184
   -0.8409    -0.5061    -0.1916
   -0.1265    -0.1604    0.9789
   -0.5262    0.8474    0.07088
 Node:         79
  0.1553E+03  0.1259E+03  0.4534E+03  0.0000E+00
   0.008281
  -0.004084
  -0.01017
  -0.01842
   0.001428
  -0.002249
   0.0244
   -0.009956
   -0.01677
   0.038221291396288534
   -7.753333333333327E-4
   0.01801768955468178
   0.8017    -0.1216    -0.5852
   -0.01924    0.9733    -0.2285
   0.5974    0.1945    0.778
 Node:         80
  0.1492E+03  0.1239E+03  0.4697E+03  0.0000E+00
   0.01827
   0.006014
  -0.006351
   0.01176
   0.005108
  -4.698E-4
   0.0275
   -0.004875
   -0.008782
   0.034494845977334064
   0.004614333333333333
   0.01626102633770561
   -0.8795    -0.223    -0.4205
   -0.4706    0.5394    0.6983
   -0.07114    -0.812    0.5793
 Node:         81
  0.1433E+03  0.1217E+03  0.4837E+03  0.0000E+00
   0.01129
   0.007994
  -5.411E-4
   0.01177
   0.003375
   4.434E-4
   0.02259
   -0.003199
   -0.00747
   0.02816840039831868
   0.003973666666666666
   0.013278711291219323
   -0.8036    -0.3496    -0.4816
   0.1019    -0.8782    0.4674
   -0.5864    0.3265    0.7413
 Node:         82
  0.1267E+03  0.1148E+03  0.4557E+03  0.1185E-01
   0.03233
  -0.01409
   0.02314
  -0.005048
  -5.438E-4
   0.02285
   0.04439
   0.02294
   0.01162
   0.028828092201878364
   0.02631666666666667
   0.013589692989746147
   -0.8172    0.5475    0.1802
   -0.03442    -0.3584    0.9329
   0.5753    0.7562    0.3117
 Node:         83
  0.1234E+03  0.1129E+03  0.4717E+03  0.1185E-01
   0.03081
  -0.01055
   0.0232
  -0.01003
   0.001198
   0.024
   0.04347
   0.02232
   0.01271
   0.027256670743141028
   0.026166666666666668
   0.01284891781002933
   -0.7809    0.4402    0.4433
   0.0413    -0.6717    0.7397
   0.6233    0.5959    0.5063
 Node:         84
  0.1187E+03  0.1123E+03  0.4849E+03  0.1185E-01
   0.03017
  -9.57E-4
   0.02365
  -0.002693
   1.369E-4
   0.02411
   0.03135
   0.02357
   0.02297
   0.00809669068200089
   0.025963333333333335
   0.0038168165909418413
   -0.925    0.1236    0.3592
   0.04737    -0.9007    0.4318
   0.3769    0.4164    0.8274
 Node:         85
  0.1302E+03  0.1161E+03  0.4545E+03  0.1185E-01
   0.03258
  -0.01592
   0.0232
  -0.004849
  -0.001366
   0.02216
   0.04635
   0.0227
   0.009799
   0.032107116827893474
   0.026283
   0.01513544002223479
   -0.8133    0.5666    0.1321
   -0.0858    -0.3414    0.936
   0.5755    0.7499    0.3262
 Node:         86
  0.1252E+03  0.1138E+03  0.4700E+03  0.1185E-01
   0.02895
  -0.01025
   0.02623
  -0.02241
   0.004701
   0.02361
   0.05433
   0.02268
   0.003062
   0.04480511269933377
   0.026690666666666665
   0.021121332681017606
   -0.7135    0.3841    0.586
   -0.1815    -0.9091    0.375
   0.6767    0.1612    0.7184
 Node:         87
  0.1217E+03  0.1126E+03  0.4833E+03  0.1185E-01
   0.03035
  -7.864E-4
   0.02368
  -0.004443
   5.459E-4
   0.0242
   0.03291
   0.02348
   0.02179
   0.010378713793144121
   0.02606
   0.004892572602084375
   -0.877    0.1045    0.4689
   -0.1233    -0.9923    -0.009532
   0.4644    -0.06618    0.8832
 Node:         88
  0.1338E+03  0.1169E+03  0.4528E+03  0.1185E-01
   0.03122
  -0.01646
   0.02384
  -0.004892
   0.005749
   0.0231
   0.04791
   0.02072
   0.01031
   0.033626062808482356
   0.02631333333333333
   0.01585147802432176
   -0.7451    0.5992    0.293
   0.3124    -0.07452    0.947
   0.5892    0.7972    -0.1317
 Node:         89
  0.1270E+03  0.1150E+03  0.4683E+03  0.1185E-01
   0.03216
  -0.01305
   0.02371
  -0.01197
   0.001741
   0.02374
   0.04791
   0.02172
   0.01056
   0.03320756088603919
   0.02673
   0.015654194326122313
   -0.7793    0.4593    0.4263
   0.01075    -0.6704    0.7419
   0.6265    0.5828    0.5175
 Node:         90
  0.1248E+03  0.1132E+03  0.4822E+03  0.1185E-01
   0.03066
  -0.003841
   0.0239
  -0.002887
   0.001512
   0.02384
   0.03368
   0.02268
   0.022
   0.011355280709872392
   0.02612
   0.005352930661485042
   -0.8606    0.3965    0.3196
   0.3907    0.1114    0.9138
   -0.3267    -0.9112    0.2508
 Node:         91
  0.1258E+03  0.1259E+03  0.4545E+03  0.1185E-01
   0.02692
  -0.02405
   0.02662
  -0.009769
   0.002409
   0.02265
   0.05519
   0.02156
   0.001331
   0.04712208198923304
   0.026026999999999998
   0.022213562478810105
   -0.7007    0.6625    0.2649
   0.002269    -0.3692    0.9293
   0.7135    0.6518    0.2572
 Node:         92
  0.1208E+03  0.1232E+03  0.4724E+03  0.1185E-01
   0.03081
  -0.01723
   0.02371
  -0.01435
   7.923E-4
   0.02363
   0.05165
   0.02279
   0.004861
   0.040887401250262904
   0.02643366666666667
   0.01927450579277081
   -0.7634    0.4952    0.4148
   0.004373    -0.6382    0.7699
   0.6459    0.5895    0.485
 Node:         93
  0.1159E+03  0.1217E+03  0.4876E+03  0.1185E-01
   0.03064
   1.084E-4
   0.02359
  -0.006706
  -0.002611
   0.02417
   0.03534
   0.0243
   0.01878
   0.014604547237076543
   0.02614
   0.006884649591664053
   -0.8283    -0.1334    0.5441
   -0.3404    0.8913    -0.2997
   -0.445    -0.4334    -0.7837
 Node:         94
  0.1312E+03  0.1262E+03  0.4536E+03  0.1185E-01
   0.02606
  -0.02378
   0.02722
  -0.007141
  -1.735E-4
   0.02206
   0.05325
   0.02261
   0.001455
   0.04510579591360738
   0.025771666666666665
   0.021263076107552164
   -0.6962    0.7007    0.156
   -0.07788    -0.2898    0.9539
   0.7136    0.652    0.2563
 Node:         95
  0.1249E+03  0.1234E+03  0.4704E+03  0.1185E-01
   0.0317
  -0.01568
   0.02477
  -0.01646
   0.001621
   0.02212
   0.05293
   0.02175
   0.005167
   0.04200293119533445
   0.026615666666666666
   0.01980037165195531
   -0.7661    0.4725    0.4357
   -0.07802    -0.7413    0.6666
   0.638    0.4767    0.6047
 Node:         96
  0.1205E+03  0.1222E+03  0.4852E+03  0.1185E-01
   0.03113
  -9.572E-4
   0.02374
  -0.007907
  -2.631E-4
   0.02381
   0.0366
   0.02367
   0.01845
   0.016184186726555028
   0.026240000000000003
   0.007629298788224249
   -0.8457    0.05264    0.531
   0.03307    -0.988    0.1506
   0.5326    0.1449    0.8339
 Node:         97
  0.1366E+03  0.1259E+03  0.4525E+03  0.1185E-01
   0.0268
  -0.0194
   0.02749
  -0.008194
   4.639E-4
   0.0214
   0.04973
   0.02195
   0.005579
   0.038659079412215705
   0.025753
   0.018224064804537983
   -0.6958    0.6862    0.2122
   -0.1167    -0.3994    0.9093
   0.7087    0.608    0.358
 Node:         98
  0.1295E+03  0.1232E+03  0.4684E+03  0.1185E-01
   0.0309
  -0.02501
   0.02571
  -0.01319
   8.622E-4
   0.02208
   0.05885
   0.02183
   -1.512E-4
   0.05164685447769302
   0.026842933333333333
   0.02434656068542103
   -0.7474    0.6013    0.2827
   -0.04887    -0.4741    0.8791
   0.6626    0.6432    0.3837
 Node:         99
  0.1260E+03  0.1218E+03  0.4827E+03  0.1185E-01
   0.03097
  -0.006544
   0.02417
  -0.004274
   0.001881
   0.0237
   0.03696
   0.02201
   0.01986
   0.01613280818704543
   0.026276666666666667
   0.007605078712427784
   -0.8127    0.4774    0.3341
   0.1274    -0.4139    0.9014
   0.5686    0.7751    0.2755
 Node:        100
  0.1249E+03  0.1372E+03  0.4532E+03  0.0000E+00
   0.01173
   0.004223
  -0.001592
  -0.005878
  -0.002841
   0.002193
   0.01628
   -4.091E-4
   -0.003116
   0.018194204879851166
   0.0042516333333333335
   0.008576830432560089
   -0.8666    -0.2708    0.4191
   -0.4848    0.2582    -0.8356
   -0.1181    0.9274    0.355
 Node:        101
  0.1187E+03  0.1335E+03  0.4716E+03  0.0000E+00
   0.01108
   0.00962
   2.201E-4
   0.006999
   0.005051
   0.00367
   0.02115
   -4.786E-4
   -0.005323
   0.024413974259837334
   0.005116133333333333
   0.0115088578365632
   -0.7714    -0.4579    -0.4419
   0.4545    0.08969    -0.8862
   -0.4455    0.8845    -0.1389
 Node:        102
  0.1139E+03  0.1312E+03  0.4875E+03  0.0000E+00
   0.007848
   0.007086
   6.225E-4
   0.006103
   0.004666
   6.833E-4
   0.01617
   -0.002632
   -0.004144
   0.01960178491872615
   0.0031313333333333336
   0.009240370026260972
   -0.7566    -0.4807    -0.4432
   -0.6107    0.2774    0.7416
   0.2336    -0.8318    0.5035
 Node:        103
  0.1322E+03  0.1363E+03  0.4525E+03  0.0000E+00
   0.01168
   0.002385
  -0.003176
  -0.006903
  -0.003109
   0.002356
   0.01644
   -5.389E-4
   -0.004438
   0.01922728412985048
   0.0038210333333333333
   0.009063828661345173
   -0.8638    -0.1804    0.4704
   -0.4987    0.4384    -0.7477
   0.07134    0.8805    0.4686
 Node:        104
  0.1249E+03  0.1329E+03  0.4700E+03  0.0000E+00
   0.01217
   0.01219
  -0.001082
   0.007428
   0.006367
   0.003986
   0.02441
   -3.574E-4
   -0.008253
   0.0295180975938491
   0.0052665333333333335
   0.013914964650891341
   -0.7695    -0.4722    -0.4299
   0.4608    0.05534    -0.8858
   -0.4421    0.8797    -0.175
 Node:        105
  0.1200E+03  0.1317E+03  0.4853E+03  0.0000E+00
   0.008569
   0.007488
   3.555E-4
   0.006682
   0.00434
   6.457E-4
   0.01711
   -0.003122
   -0.004114
   0.020745795525840893
   0.0032913333333333336
   0.009779661798287756
   -0.7733    -0.4607    -0.4356
   0.5132    -0.05149    -0.8567
   -0.3723    0.886    -0.2763
 Node:        106
  0.1395E+03  0.1350E+03  0.4520E+03  0.0000E+00
   0.01121
   7.449E-4
  -0.004921
  -0.006781
  -4.545E-4
   0.001811
   0.01534
   -0.001755
   -0.004715
   0.018751048637342928
   0.0029566666666666665
   0.00883932909721597
   -0.8878    -0.04313    0.4582
   -0.4593    0.01903    -0.8881
   -0.02958    0.9989    0.0367
 Node:        107
  0.1320E+03  0.1315E+03  0.4683E+03  0.0000E+00
   0.01375
   0.01707
  -0.001785
   0.006588
   0.006244
   0.00306
   0.02857
   5.721E-5
   -0.01237
   0.036355868453168606
   0.005419070000000001
   0.017138320746107733
   -0.7928    -0.511    -0.3322
   -0.344    -0.07471    0.936
   -0.5031    0.8563    -0.1166
 Node:        108
  0.1272E+03  0.1303E+03  0.4831E+03  0.0000E+00
   0.009437
   0.007668
   1.752E-4
   0.003884
   0.001916
   3.639E-4
   0.01523
   -8.825E-4
   -0.004106
   0.017942749294631525
   0.0034138333333333334
   0.008458293132909396
   -0.8408    -0.4637    -0.2794
   -0.2085    -0.199    0.9576
   -0.4997    0.8633    0.07063
 Node:        109
  0.1018E+03  0.1092E+03  0.4946E+03 -0.4712E-04
  -9.425E-5
   2.399E-16
  -9.425E-5
   9.596E-17
  -2.399E-17
  -9.425E-5
   -9.425E-5
   -9.425E-5
   -9.425E-5
   0.0
   -9.425E-5
   0.0
   -0.3792    -0.925    -0.02397
   0.48    -0.2188    0.8495
   0.7911    -0.3106    -0.527
 Node:        110
  0.1058E+03  0.1118E+03  0.5081E+03 -0.4712E-04
  -9.425E-5
   4.798E-17
  -9.425E-5
  -2.399E-17
  -8.996E-17
  -9.425E-5
   -9.425E-5
   -9.425E-5
   -9.425E-5
   0.0
   -9.425E-5
   0.0
   -0.02839    -0.09124    0.9954
   0.7348    0.6732    0.08266
   -0.6777    0.7338    0.04793
 Node:        111
  0.1108E+03  0.1137E+03  0.5210E+03 -0.4712E-04
  -9.425E-5
   9.596E-17
  -9.425E-5
  -4.798E-17
   5.637E-16
  -9.425E-5
   -9.425E-5
   -9.425E-5
   -9.425E-5
   0.0
   -9.425E-5
   0.0
   0.9393    0.3169    0.1318
   0.3364    -0.7738    -0.5367
   -0.06808    0.5484    -0.8334
 Node:        112
  0.1072E+03  0.1111E+03  0.4942E+03 -0.4712E-04
  -9.425E-5
   2.399E-16
  -9.425E-5
  -7.261E-37
   2.399E-17
  -9.425E-5
   -9.425E-5
   -9.425E-5
   -9.425E-5
   0.0
   -9.425E-5
   0.0
   0.3759    0.9265    0.01672
   0.9266    -0.3757    -0.01402
   0.006711    -0.02076    0.9998
 Node:        113
  0.1071E+03  0.1139E+03  0.5077E+03 -0.4712E-04
  -9.425E-5
   9.584E-36
  -9.425E-5
   2.879E-16
  -2.639E-16
  -9.425E-5
   -9.425E-5
   -9.425E-5
   -9.425E-5
   0.0
   -9.425E-5
   0.0
   -0.1653    0.6538    -0.7384
   -0.2298    -0.7537    -0.6158
   -0.9591    0.06787    0.2748
 Node:        114
  0.1093E+03  0.1164E+03  0.5209E+03 -0.4712E-04
  -9.425E-5
   1.919E-16
  -9.425E-5
  -4.798E-17
   9.596E-17
  -9.425E-5
   -9.425E-5
   -9.425E-5
   -9.425E-5
   0.0
   -9.425E-5
   0.0
   -0.6573    -0.7285    -0.1931
   -0.4203    0.1416    0.8963
   0.6256    -0.6703    0.3993
 Node:        115
  0.1129E+03  0.1120E+03  0.4932E+03 -0.4712E-04
  -9.425E-5
  -8.713E-37
  -9.425E-5
  -1.439E-16
  -4.798E-17
  -9.425E-5
   -9.425E-5
   -9.425E-5
   -9.425E-5
   0.0
   -9.425E-5
   0.0
   0.6708    0.2235    -0.7072
   0.3161    -0.9487    -6.381E-6
   -0.6709    -0.2236    -0.707
 Node:        116
  0.1092E+03  0.1143E+03  0.5068E+03 -0.4712E-04
  -9.425E-5
   8.996E-17
  -9.425E-5
   2.879E-16
   3.598E-17
  -9.425E-5
   -9.425E-5
   -9.425E-5
   -9.425E-5
   0.0
   -9.425E-5
   0.0
   -0.223    -0.9699    -0.09795
   0.8805    -0.2435    0.4067
   -0.4183    0.004436    0.9083
 Node:        117
  0.1089E+03  0.1172E+03  0.5207E+03 -0.4712E-04
  -9.425E-5
  -1.199E-16
  -9.425E-5
  -2.399E-16
  -2.879E-16
  -9.425E-5
   -9.425E-5
   -9.425E-5
   -9.425E-5
   0.0
   -9.425E-5
   0.0
   -0.232    -0.2201    0.9475
   -0.8739    0.4749    -0.1036
   -0.4272    -0.852    -0.3026
 Node:        118
  0.1017E+03  0.1094E+03  0.4948E+03 -0.4712E-04
  -9.425E-5
   1.439E-16
  -9.425E-5
  -2.399E-16
  -3.119E-16
