 Group name: actual_strain_L5A5
 #Fields=  17
 1) coordinates, coordinate, rectangular cartesian, #Components=3
   x.  Value index= 1, #Derivatives=0
   y.  Value index= 2, #Derivatives=0
   z.  Value index= 3, #Derivatives=0
 2) dummy, field, rectangular cartesian, #Components=1
   Tensor_1.  Value index= 4, #Derivatives=0
 3) Tensor_1, field, rectangular cartesian, #Components=1
   Tensor_1.  Value index= 5, #Derivatives=0
 4) Tensor_2, field, rectangular cartesian, #Components=1
   Tensor_2.  Value index= 6, #Derivatives=0
 5) Tensor_3, field, rectangular cartesian, #Components=1
   Tensor_3.  Value index= 7, #Derivatives=0
 6) Tensor_4, field, rectangular cartesian, #Components=1
   Tensor_4.  Value index= 8, #Derivatives=0
 7) Tensor_5, field, rectangular cartesian, #Components=1
   Tensor_5.  Value index= 9, #Derivatives=0
 8) Tensor_6, field, rectangular cartesian, #Components=1
   Tensor_6.  Value index= 10, #Derivatives=0
 9) Principal_1, field, rectangular cartesian, #Components=1
   Principal_1.  Value index= 11, #Derivatives=0
 10) Principal_2, field, rectangular cartesian, #Components=1
   Principal_2.  Value index= 12, #Derivatives=0
 11) Principal_3, field, rectangular cartesian, #Components=1
   Principal_3.  Value index= 13, #Derivatives=0
 12) VonMises, field, rectangular cartesian, #Components=1
   VonMises.  Value index= 14, #Derivatives=0
 13) Hydrostatic, field, rectangular cartesian, #Components=1
   VonMises.  Value index= 15, #Derivatives=0
 14) Octahedral, field, rectangular cartesian, #Components=1
   VonMises.  Value index= 16, #Derivatives=0
 15) PrincipalVector1, field, rectangular cartesian, #Components=3
   x.  Value index= 17, #Derivatives=0
   y.  Value index= 18, #Derivatives=0
   z.  Value index= 19, #Derivatives=0
 16) PrincipalVector2, field, rectangular cartesian, #Components=3
   x.  Value index= 20, #Derivatives=0
   y.  Value index= 21, #Derivatives=0
   z.  Value index= 22, #Derivatives=0
 17) PrincipalVector3, field, rectangular cartesian, #Components=3
   x.  Value index= 23, #Derivatives=0
   y.  Value index= 24, #Derivatives=0
   z.  Value index= 25, #Derivatives=0
 Node:          1
  0.1287E+03  0.1133E+03  0.4908E+03 -0.8000E-05
  -1.11E-16
  -8.327E-17
  -2.22E-16
  -2.776E-17
  -4.163E-17
  -3.331E-16
  -6.637000000e-17
  -2.400000000e-16
  -3.598000000e-16
  2.555400000e-16
  -2.220600000e-16
  1.204600000e-16
  8.837000000e-01 -4.676000000e-01 -1.897000000e-02
  4.046000000e-01 7.837000000e-01 -4.712000000e-01
  2.352000000e-01 4.088000000e-01 8.818000000e-01
 Node:          2
  0.1292E+03  0.1137E+03  0.5052E+03 -0.8000E-05
  -5.551E-17
  -1.11E-16
  -1.665E-16
  -5.551E-17
   1.943E-16
  -2.776E-16
  8.603000000e-17
  -1.600000000e-16
  -4.256000000e-16
  4.431900000e-16
  -1.665200000e-16
  2.089200000e-16
  -6.554000000e-01 6.199000000e-01 4.313000000e-01
  7.522000000e-01 4.849000000e-01 4.462000000e-01
  -6.744000000e-02 -6.169000000e-01 7.841000000e-01
 Node:          3
  0.1289E+03  0.1155E+03  0.5194E+03 -0.8000E-05
   2.22E-16
   1.388E-16
   3.331E-16
   1.11E-16
   5.551E-17
   2.22E-16
  4.753000000e-16
  2.118000000e-16
  9.006000000e-17
  3.410700000e-16
  2.590500000e-16
  1.607800000e-16
  -5.696000000e-01 -7.144000000e-01 -4.063000000e-01
  2.395000000e-01 -6.172000000e-01 7.494000000e-01
  -7.862000000e-01 3.296000000e-01 5.227000000e-01
 Node:          4
  0.1361E+03  0.1141E+03  0.4915E+03 -0.8000E-05
   0.0
  -2.776E-17
  -1.11E-16
  -2.776E-17
  -8.327E-17
   2.22E-16
  2.435000000e-16
  6.328000000e-18
  -1.388000000e-16
  3.342600000e-16
  3.700900000e-17
  1.575700000e-16
  -8.549000000e-02 -2.215000000e-01 9.714000000e-01
  9.681000000e-01 -2.491000000e-01 2.840000000e-02
  2.357000000e-01 9.428000000e-01 2.357000000e-01
 Node:          5
  0.1341E+03  0.1144E+03  0.5054E+03 -0.8000E-05
   3.331E-16
   1.388E-16
   3.331E-16
   5.551E-17
  -6.939E-17
   4.441E-16
  4.814000000e-16
  4.627000000e-16
  1.662000000e-16
  3.062800000e-16
  3.701000000e-16
  1.443800000e-16
  -3.480000000e-01 -6.443000000e-01 6.810000000e-01
  -6.589000000e-01 -3.487000000e-01 -6.665000000e-01
  6.669000000e-01 -6.807000000e-01 -3.032000000e-01
 Node:          6
  0.1323E+03  0.1162E+03  0.5191E+03 -0.8000E-05
   2.22E-16
   5.551E-17
   2.22E-16
  -5.551E-17
  -2.776E-17
   0.0
  2.897000000e-16
  1.685000000e-16
  -1.402000000e-17
  2.648100000e-16
  1.480600000e-16
  1.248300000e-16
  -7.150000000e-01 -6.696000000e-01 2.012000000e-01
  6.656000000e-01 -7.399000000e-01 -9.741000000e-02
  -2.141000000e-01 -6.426000000e-02 -9.747000000e-01
 Node:          7
  0.1408E+03  0.1171E+03  0.4920E+03 -0.8000E-05
   3.331E-16
   2.22E-16
   2.22E-16
  -8.327E-17
  -1.11E-16
   0.0
  5.398000000e-16
  6.158000000e-17
  -4.631000000e-17
  5.403100000e-16
  1.850200000e-16
  2.547000000e-16
  -7.537000000e-01 -6.111000000e-01 2.419000000e-01
  -6.560000000e-01 6.770000000e-01 -3.335000000e-01
  -4.004000000e-02 4.101000000e-01 9.112000000e-01
 Node:          8
  0.1367E+03  0.1169E+03  0.5055E+03 -0.8000E-05
   2.22E-16
   1.943E-16
   2.22E-16
  -4.025E-16
  -2.359E-16
  -2.22E-16
  6.547000000e-16
  4.477000000e-17
  -4.775000000e-16
  9.814900000e-16
  7.399000000e-17
  4.626800000e-16
  -6.847000000e-01 -5.611000000e-01 4.652000000e-01
  5.685000000e-01 -8.105000000e-01 -1.409000000e-01
  -4.561000000e-01 -1.681000000e-01 -8.739000000e-01
 Node:          9
  0.1339E+03  0.1180E+03  0.5191E+03 -0.8000E-05
   2.22E-16
   1.665E-16
   0.0
  -3.955E-16
  -2.776E-16
   6.661E-16
  1.002000000e-15
  -9.379000000e-18
  -1.046000000e-16
  1.062200000e-15
  2.960100000e-16
  5.007200000e-16
  -4.817000000e-01 -3.073000000e-01 8.207000000e-01
  -8.565000000e-01 -3.292000000e-02 -5.150000000e-01
  -1.853000000e-01 9.510000000e-01 2.474000000e-01
 Node:         10
  0.1294E+03  0.1212E+03  0.4911E+03 -0.8000E-05
   0.0
   2.776E-17
   1.11E-16
  -1.388E-17
   1.249E-16
   1.11E-16
  2.363000000e-16
  2.303000000e-17
  -3.732000000e-17
  2.489900000e-16
  7.400300000e-17
  1.173800000e-16
  4.210000000e-02 7.100000000e-01 7.030000000e-01
  -7.813000000e-01 -4.152000000e-01 4.661000000e-01
  -6.228000000e-01 5.688000000e-01 -5.372000000e-01
 Node:         11
  0.1295E+03  0.1214E+03  0.5055E+03 -0.8000E-05
  -2.22E-16
  -2.776E-17
  -2.22E-16
  -4.163E-17
   1.388E-17
  -1.665E-16
  -1.365000000e-16
  -2.183000000e-16
  -2.558000000e-16
  1.056600000e-16
  -2.035300000e-16
  4.981100000e-17
  -4.935000000e-01 2.929000000e-01 8.189000000e-01
  3.541000000e-01 -7.924000000e-01 4.968000000e-01
  -7.944000000e-01 -5.351000000e-01 -2.873000000e-01
 Node:         12
  0.1295E+03  0.1217E+03  0.5196E+03 -0.8000E-05
   1.11E-16
   0.0
   1.11E-16
   7.633E-17
   2.776E-17
   2.22E-16
  2.649000000e-16
  1.110000000e-16
  6.816000000e-17
  1.792000000e-16
  1.480200000e-16
  8.447700000e-17
  -4.387000000e-01 -1.595000000e-01 -8.844000000e-01
  3.417000000e-01 -9.398000000e-01 -2.255000000e-17
  8.311000000e-01 3.022000000e-01 -4.668000000e-01
 Node:         13
  0.1361E+03  0.1199E+03  0.4914E+03 -0.8000E-05
   1.11E-16
  -1.388E-16
   0.0
  -9.714E-17
   2.776E-17
  -1.665E-16
  2.285000000e-16
  -8.520000000e-17
  -1.988000000e-16
  3.833400000e-16
  -1.850000000e-17
  1.807100000e-16
  8.171000000e-01 -5.252000000e-01 -2.378000000e-01
  4.648000000e-01 8.442000000e-01 -2.671000000e-01
  3.410000000e-01 1.077000000e-01 9.339000000e-01
 Node:         14
  0.1342E+03  0.1198E+03  0.5054E+03 -0.8000E-05
  -5.551E-17
   2.776E-17
   0.0
   5.551E-17
  -9.021E-17
   1.11E-16
  1.672000000e-16
  -4.940000000e-18
  -1.068000000e-16
  2.398800000e-16
  1.848700000e-17
  1.130800000e-16
  1.634000000e-01 -4.472000000e-01 8.794000000e-01
  -6.569000000e-01 -7.144000000e-01 -2.412000000e-01
  -7.361000000e-01 5.382000000e-01 4.105000000e-01
 Node:         15
  0.1330E+03  0.1205E+03  0.5193E+03 -0.8000E-05
   2.22E-16
  -8.327E-17
  -5.551E-17
   1.388E-17
   4.857E-17
   0.0
  2.451000000e-16
  2.471000000e-17
  -1.033000000e-16
  3.052400000e-16
  5.550300000e-17
  1.438900000e-16
  -9.638000000e-01 2.667000000e-01 -1.723000000e-03
  1.157000000e-01 4.239000000e-01 8.983000000e-01
  2.403000000e-01 8.656000000e-01 -4.394000000e-01
 Node:         16
  0.1404E+03  0.1188E+03  0.4918E+03 -0.8000E-05
   2.22E-16
   5.551E-17
   2.22E-16
  -8.327E-17
  -1.457E-16
   4.441E-16
  5.466000000e-16
  1.950000000e-16
  1.465000000e-16
  3.781900000e-16
  2.960300000e-16
  1.782800000e-16
  -2.927000000e-01 -4.328000000e-01 8.526000000e-01
  -9.222000000e-01 -1.077000000e-01 -3.713000000e-01
  -2.526000000e-01 8.950000000e-01 3.676000000e-01
 Node:         17
  0.1365E+03  0.1184E+03  0.5055E+03 -0.8000E-05
  -1.11E-16
   2.776E-17
  -1.11E-16
   9.714E-17
   1.7E-16
   0.0
  1.573000000e-16
  -1.341000000e-16
  -2.452000000e-16
  3.600400000e-16
  -7.400000000e-17
  1.697300000e-16
  3.368000000e-01 5.285000000e-01 7.792000000e-01
  8.927000000e-01 -4.425000000e-01 -8.566000000e-02
  -2.996000000e-01 -7.244000000e-01 6.209000000e-01
 Node:         18
  0.1341E+03  0.1191E+03  0.5192E+03 -0.8000E-05
   0.0
   0.0
   0.0
   2.645E-17
   1.065E-16
   4.441E-16
  4.697000000e-16
  -1.672000000e-33
  -2.562000000e-17
  4.830200000e-16
  1.480300000e-16
  2.277000000e-16
  -5.484000000e-02 -2.207000000e-01 -9.738000000e-01
  9.705000000e-01 -2.411000000e-01 -6.210000000e-17
  -2.348000000e-01 -9.451000000e-01 2.274000000e-01
 Node:         19
  0.1301E+03  0.1291E+03  0.4914E+03  0.0000E+00
   1.11E-16
   0.0
   1.11E-16
   2.101E-19
   1.001E-17
  -2.22E-16
  1.113000000e-16
  1.110000000e-16
  -2.223000000e-16
  3.334500000e-16
  0.000000000e+00
  1.571900000e-16
  -2.096000000e-02 -9.993000000e-01 -3.003000000e-02
  9.998000000e-01 -2.097000000e-02 1.345000000e-19
  6.298000000e-04 3.003000000e-02 -9.995000000e-01
 Node:         20
  0.1299E+03  0.1291E+03  0.5058E+03  0.0000E+00
   2.22E-16
   0.0
   0.0
   1.041E-17
   1.924E-17
  -5.551E-17
  2.224000000e-16
  5.975000000e-18
  -6.188000000e-17
  2.571600000e-16
  5.549800000e-17
  1.212200000e-16
  -9.993000000e-01 -3.257000000e-03 -3.765000000e-02
  1.428000000e-02 -9.549000000e-01 -2.965000000e-01
  -3.498000000e-02 -2.968000000e-01 9.543000000e-01
 Node:         21
  0.1301E+03  0.1280E+03  0.5197E+03  0.0000E+00
   1.11E-16
   0.0
   0.0
   4.163E-17
   1.475E-17
   1.11E-16
  1.534000000e-16
  7.089000000e-17
  -2.220000000e-18
  1.348500000e-16
  7.402300000e-17
  6.357000000e-17
  -6.994000000e-01 -6.840000000e-02 -7.114000000e-01
  -7.126000000e-01 1.429000000e-01 6.869000000e-01
  -5.465000000e-02 -9.874000000e-01 1.487000000e-01
 Node:         22
  0.1360E+03  0.1256E+03  0.4913E+03  0.0000E+00
  -2.22E-16
   1.388E-17
  -1.11E-16
  -1.388E-17
   1.006E-16
   1.11E-16
  1.500000000e-16
  -1.456000000e-16
  -2.264000000e-16
  3.432100000e-16
  -7.400000000e-17
  1.617900000e-16
  -2.144000000e-02 3.586000000e-01 9.332000000e-01
  2.280000000e-01 9.106000000e-01 -3.447000000e-01
  -9.734000000e-01 2.054000000e-01 -1.013000000e-01
 Node:         23
  0.1343E+03  0.1253E+03  0.5054E+03  0.0000E+00
   0.0
   2.082E-17
  -4.441E-16
   0.0
   1.314E-16
  -1.665E-16
  1.265000000e-18
  -1.147000000e-16
  -4.972000000e-16
  4.517900000e-16
  -2.035400000e-16
  2.129700000e-16
  9.970000000e-01 6.061000000e-02 4.746000000e-02
  6.644000000e-02 -3.661000000e-01 -9.282000000e-01
  3.888000000e-02 -9.286000000e-01 3.690000000e-01
 Node:         24
  0.1336E+03  0.1248E+03  0.5194E+03  0.0000E+00
  -2.22E-16
   1.214E-17
   0.0
   1.388E-17
   8.674E-19
  -1.665E-16
  6.779000000e-19
  -1.633000000e-16
  -2.259000000e-16
  2.026600000e-16
  -1.295100000e-16
  9.553700000e-17
  -5.504000000e-02 -9.984000000e-01 -9.747000000e-03
  2.257000000e-01 -2.195000000e-02 9.740000000e-01
  -9.726000000e-01 5.141000000e-02 2.265000000e-01
 Node:         25
  0.1400E+03  0.1206E+03  0.4917E+03  0.0000E+00
   0.0
   2.671E-16
  -1.11E-16
  -8.327E-17
  -1.301E-16
   2.22E-16
  3.681000000e-16
  7.580000000e-17
  -3.329000000e-16
  6.098700000e-16
  3.700000000e-17
  2.874900000e-16
  5.089000000e-01 4.781000000e-01 -7.159000000e-01
  6.086000000e-01 3.883000000e-01 6.920000000e-01
  6.088000000e-01 -7.878000000e-01 -9.334000000e-02
 Node:         26
  0.1363E+03  0.1200E+03  0.5055E+03  0.0000E+00
   2.22E-16
   1.076E-16
  -6.106E-16
   2.776E-17
  -1.124E-15
  -5.551E-17
  8.281000000e-16
  2.248000000e-16
  -1.497000000e-15
  2.089800000e-15
  -1.480300000e-16
  9.851500000e-16
  7.371000000e-02 6.174000000e-01 -7.832000000e-01
  9.955000000e-01 1.018000000e-03 9.449000000e-02
  -5.914000000e-02 7.866000000e-01 6.146000000e-01
 Node:         27
  0.1343E+03  0.1203E+03  0.5192E+03  0.0000E+00
   2.22E-16
  -1.943E-16
   2.22E-16
  -1.041E-16
   1.313E-15
   0.0
  1.466000000e-15
  1.875000000e-16
  -1.209000000e-15
  2.317400000e-15
  1.481700000e-16
  1.092400000e-15
  -1.693000000e-01 7.280000000e-01 6.643000000e-01
  9.848000000e-01 9.849000000e-02 1.431000000e-01
  3.876000000e-02 6.785000000e-01 -7.336000000e-01
 Node:         28
  0.1155E+03  0.1124E+03  0.4931E+03 -0.4728E-04
  -2.22E-16
   3.816E-17
   2.22E-16
  -5.551E-17
   5.551E-17
   1.11E-16
  2.455000000e-16
  1.014000000e-16
  -2.359000000e-16
  4.279500000e-16
  3.700000000e-17
  2.017400000e-16
  3.184000000e-02 9.284000000e-01 3.701000000e-01
  1.988000000e-01 3.571000000e-01 -9.127000000e-01
  9.795000000e-01 -1.026000000e-01 1.732000000e-01
 Node:         29
  0.1119E+03  0.1139E+03  0.5068E+03 -0.4728E-04
  -2.22E-16
  -2.082E-17
   0.0
   5.551E-17
   6.939E-18
  -3.331E-16
  1.944000000e-18
  -2.004000000e-16
  -3.566000000e-16
  3.113600000e-16
  -1.850200000e-16
  1.467800000e-16
  -9.118000000e-02 9.958000000e-01 5.517000000e-03
  -9.179000000e-01 -8.189000000e-02 -3.884000000e-01
  -3.863000000e-01 -4.048000000e-02 9.215000000e-01
 Node:         30
  0.1113E+03  0.1159E+03  0.5206E+03 -0.4728E-04
   2.22E-16
   1.249E-16
   2.22E-16
   0.0
  -2.776E-17
   1.11E-16
  3.486000000e-16
  1.238000000e-16
  8.277000000e-17
  2.478800000e-16
  1.850600000e-16
  1.168500000e-16
  -7.001000000e-01 -7.092000000e-01 8.287000000e-02
  -4.685000000e-01 3.686000000e-01 -8.029000000e-01
  -5.389000000e-01 6.009000000e-01 5.903000000e-01
 Node:         31
  0.1203E+03  0.1126E+03  0.4920E+03 -0.4728E-04
  -5.551E-17
   9.714E-17
  -1.11E-16
   2.776E-17
   4.163E-17
  -5.551E-17
  4.114000000e-17
  -7.661000000e-17
  -1.866000000e-16
  1.972700000e-16
  -7.402300000e-17
  9.299200000e-17
  -6.956000000e-01 -5.654000000e-01 -4.433000000e-01
  4.358000000e-01 1.585000000e-01 -8.860000000e-01
  5.712000000e-01 -8.095000000e-01 1.362000000e-01
 Node:         32
  0.1188E+03  0.1134E+03  0.5062E+03 -0.4728E-04
   2.22E-16
  -1.388E-17
  -1.11E-16
  -2.776E-17
   9.714E-17
  -5.551E-17
  2.266000000e-16
  1.331000000e-17
  -1.844000000e-16
  3.560200000e-16
  1.850300000e-17
  1.678300000e-16
  -9.894000000e-01 7.624000000e-02 1.236000000e-01
  1.445000000e-01 5.992000000e-01 7.875000000e-01
  1.402000000e-02 -7.970000000e-01 6.038000000e-01
 Node:         33
  0.1183E+03  0.1150E+03  0.5201E+03 -0.4728E-04
   1.11E-16
   5.551E-17
   0.0
   8.327E-17
   0.0
   0.0
  1.700000000e-16
  0.000000000e+00
  -5.893000000e-17
  2.058900000e-16
  3.702300000e-17
  9.705800000e-17
  -8.617000000e-01 -2.815000000e-01 -4.222000000e-01
  0.000000000e+00 -8.321000000e-01 5.547000000e-01
  -5.074000000e-01 4.780000000e-01 7.170000000e-01
 Node:         34
  0.1255E+03  0.1129E+03  0.4909E+03 -0.4728E-04
   0.0
   0.0
   0.0
   5.551E-17
   9.714E-17
   0.0
  1.119000000e-16
  3.387000000e-33
  -1.119000000e-16
  1.938200000e-16
  0.000000000e+00
  9.136600000e-17
  -3.508000000e-01 -6.139000000e-01 -7.071000000e-01
  8.682000000e-01 -4.961000000e-01 -4.855000000e-17
  -3.508000000e-01 -6.139000000e-01 7.071000000e-01
 Node:         35
  0.1260E+03  0.1135E+03  0.5054E+03 -0.4728E-04
   0.0
   1.11E-16
  -1.11E-16
   1.11E-16
   2.498E-16
  -1.11E-16
  2.410000000e-16
  -1.023000000e-16
  -3.608000000e-16
  5.229000000e-16
  -7.403300000e-17
  2.465000000e-16
  5.458000000e-01 5.925000000e-01 5.925000000e-01
  8.379000000e-01 -3.859000000e-01 -3.859000000e-01
  -4.975000000e-17 -7.071000000e-01 7.071000000e-01
 Node:         36
  0.1257E+03  0.1153E+03  0.5196E+03 -0.4728E-04
   0.0
  -5.551E-17
   0.0
  -5.551E-17
   8.327E-17
   0.0
  1.305000000e-16
  -4.723000000e-17
  -8.327000000e-17
  1.982200000e-16
  0.000000000e+00
  9.344300000e-17
  -5.155000000e-01 6.059000000e-01 6.059000000e-01
  8.569000000e-01 3.645000000e-01 3.645000000e-01
  -1.256000000e-16 7.071000000e-01 -7.071000000e-01
 Node:         37
  0.1132E+03  0.1210E+03  0.4959E+03 -0.4728E-04
  -2.22E-16
   1.388E-16
  -2.22E-16
  -8.327E-17
   1.804E-16
  -2.776E-16
  -4.482000000e-17
  -1.622000000e-16
  -5.146000000e-16
  4.234700000e-16
  -2.405400000e-16
  1.996300000e-16
  3.971000000e-01 7.887000000e-01 4.693000000e-01
  -7.874000000e-01 3.010000000e-02 6.157000000e-01
  4.715000000e-01 -6.140000000e-01 6.330000000e-01
 Node:         38
  0.1111E+03  0.1204E+03  0.5085E+03 -0.4728E-04
  -1.665E-16
   9.714E-17
   0.0
  -2.776E-17
  -8.327E-17
  -2.22E-16
  7.071000000e-17
  -2.091000000e-16
  -2.502000000e-16
  3.024600000e-16
  -1.295300000e-16
  1.425800000e-16
  -3.916000000e-01 -8.746000000e-01 2.859000000e-01
  9.154000000e-01 -3.389000000e-01 2.170000000e-01
  9.287000000e-02 -3.467000000e-01 -9.334000000e-01
 Node:         39
  0.1119E+03  0.1201E+03  0.5207E+03 -0.4728E-04
  -5.551E-17
  -9.714E-17
  -3.331E-16
  -8.327E-17
  -7.633E-17
  -1.11E-16
  8.934000000e-18
  -1.105000000e-16
  -3.981000000e-16
  3.623900000e-16
  -1.665600000e-16
  1.708300000e-16
  8.510000000e-01 -1.281000000e-01 -5.092000000e-01
  4.076000000e-01 -4.503000000e-01 7.944000000e-01
  -3.311000000e-01 -8.836000000e-01 -3.310000000e-01
 Node:         40
  0.1191E+03  0.1220E+03  0.4937E+03 -0.4728E-04
   0.0
   8.327E-17
  -2.22E-16
   8.327E-17
  -1.388E-17
  -2.22E-16
  4.872000000e-17
  -2.082000000e-16
  -2.846000000e-16
  3.024500000e-16
  -1.480300000e-16
  1.425700000e-16
  -9.240000000e-01 -2.703000000e-01 -2.703000000e-01
  0.000000000e+00 -7.071000000e-01 7.071000000e-01
  3.823000000e-01 -6.534000000e-01 -6.534000000e-01
 Node:         41
  0.1182E+03  0.1217E+03  0.5073E+03 -0.4728E-04
   0.0
  -2.776E-17
  -5.551E-17
   5.551E-17
   9.714E-17
   1.11E-16
  1.653000000e-16
  1.073000000e-17
  -1.206000000e-16
  2.478700000e-16
  1.847700000e-17
  1.168500000e-16
  2.406000000e-01 3.653000000e-01 8.993000000e-01
  -8.901000000e-01 4.526000000e-01 5.428000000e-02
  -3.871000000e-01 -8.135000000e-01 4.340000000e-01
 Node:         42
  0.1187E+03  0.1212E+03  0.5204E+03 -0.4728E-04
   0.0
  -5.551E-17
  -1.11E-16
   0.0
   5.551E-17
   1.11E-16
  1.256000000e-16
  1.887000000e-17
  -1.444000000e-16
  2.355300000e-16
  2.333300000e-20
  1.110300000e-16
  1.113000000e-01 -2.517000000e-01 -9.614000000e-01
  9.295000000e-01 -3.159000000e-01 1.903000000e-01
  -3.516000000e-01 -9.148000000e-01 1.988000000e-01
 Node:         43
  0.1258E+03  0.1217E+03  0.4915E+03 -0.4728E-04
   2.22E-16
   1.11E-16
   1.11E-16
  -1.388E-17
   0.0
  -5.551E-17
  2.911000000e-16
  4.294000000e-17
  -5.645000000e-17
  3.100400000e-16
  9.253000000e-17
  1.461600000e-16
  -8.507000000e-01 -5.246000000e-01 3.406000000e-02
  -5.213000000e-01 8.502000000e-01 7.348000000e-02
  6.751000000e-02 -4.475000000e-02 9.967000000e-01
 Node:         44
  0.1259E+03  0.1220E+03  0.5059E+03 -0.4728E-04
  -2.22E-16
   1.388E-16
  -2.22E-16
   9.714E-17
   1.11E-16
  -1.11E-16
  5.081000000e-17
  -2.445000000e-16
  -3.614000000e-16
  3.679600000e-16
  -1.850300000e-16
  1.734600000e-16
  -5.113000000e-01 -5.340000000e-01 -6.733000000e-01
  -5.198000000e-01 -4.318000000e-01 7.372000000e-01
  -6.844000000e-01 7.269000000e-01 -5.679000000e-02
 Node:         45
  0.1261E+03  0.1221E+03  0.5198E+03 -0.4728E-04
  -5.551E-17
  -8.327E-17
  -2.776E-16
   2.776E-17
  -6.939E-18
   1.11E-16
  1.167000000e-16
  -3.339000000e-17
  -3.053000000e-16
  3.705000000e-16
  -7.399700000e-17
  1.746600000e-16
  1.854000000e-01 -5.643000000e-02 9.810000000e-01
  9.302000000e-01 -3.117000000e-01 -1.938000000e-01
  -3.167000000e-01 -9.485000000e-01 5.308000000e-03
 Node:         46
  0.1117E+03  0.1296E+03  0.4959E+03  0.0000E+00
  -5.551E-17
   2.776E-17
  -1.665E-16
   6.939E-18
  -2.602E-17
   0.0
  4.101000000e-18
  -4.897000000e-17
  -1.772000000e-16
  1.614500000e-16
  -7.402300000e-17
  7.610600000e-17
  4.856000000e-02 -1.429000000e-01 9.886000000e-01
  9.724000000e-01 2.327000000e-01 -1.414000000e-02
  -2.280000000e-01 9.620000000e-01 1.502000000e-01
 Node:         47
  0.1107E+03  0.1269E+03  0.5087E+03  0.0000E+00
  -1.665E-16
  -3.123E-17
   1.11E-16
  -2.776E-17
   3.99E-17
   0.0
  1.289000000e-16
  -1.114000000e-17
  -1.732000000e-16
  2.618600000e-16
  -1.848000000e-17
  1.234400000e-16
  -1.292000000e-01 9.390000000e-01 3.186000000e-01
  -1.008000000e-01 -3.321000000e-01 9.379000000e-01
  -9.865000000e-01 -8.906000000e-02 -1.376000000e-01
 Node:         48
  0.1125E+03  0.1242E+03  0.5208E+03  0.0000E+00
   1.11E-16
   3.469E-18
   1.11E-16
   0.0
  -1.735E-18
   1.11E-16
  1.149000000e-16
  1.110000000e-16
  1.071000000e-16
  6.755000000e-18
  1.110000000e-16
  3.184300000e-18
  -6.325000000e-01 -7.071000000e-01 3.162000000e-01
  4.472000000e-01 -4.455000000e-15 8.944000000e-01
  -6.325000000e-01 7.071000000e-01 3.162000000e-01
 Node:         49
  0.1186E+03  0.1311E+03  0.4938E+03  0.0000E+00
  -1.665E-16
  -2.082E-17
   0.0
  -4.163E-17
  -6.072E-18
  -5.551E-17
  2.581000000e-18
  -4.165000000e-17
  -1.830000000e-16
  1.678900000e-16
  -7.402300000e-17
  7.914600000e-17
  1.174000000e-01 -9.929000000e-01 1.965000000e-02
  -3.135000000e-01 -1.827000000e-02 9.494000000e-01
  -9.423000000e-01 -1.176000000e-01 -3.134000000e-01
 Node:         50
  0.1180E+03  0.1298E+03  0.5075E+03  0.0000E+00
   0.0
  -1.301E-17
   3.331E-16
  -4.163E-17
   1.247E-17
   2.22E-16
  3.354000000e-16
  2.276000000e-16
  -7.879000000e-18
  3.040700000e-16
  1.850400000e-16
  1.433400000e-16
  5.441000000e-02 -9.902000000e-01 -1.289000000e-01
  -1.707000000e-01 -1.364000000e-01 9.758000000e-01
  9.838000000e-01 3.109000000e-02 1.765000000e-01
 Node:         51
  0.1192E+03  0.1275E+03  0.5206E+03  0.0000E+00
   0.0
  -3.469E-18
  -5.551E-17
   0.0
   1.475E-17
   1.11E-16
  1.123000000e-16
  2.087000000e-19
  -5.702000000e-17
  1.491800000e-16
  1.849600000e-17
  7.032400000e-17
  -2.705000000e-03 8.758000000e-02 9.962000000e-01
  9.982000000e-01 -6.004000000e-02 7.989000000e-03
  -6.051000000e-02 -9.943000000e-01 8.725000000e-02
 Node:         52
  0.1262E+03  0.1305E+03  0.4920E+03  0.0000E+00
   1.11E-16
  -1.388E-17
   1.11E-16
   1.301E-18
   4.906E-18
   0.0
  1.250000000e-16
  9.734000000e-17
  -2.497000000e-19
  1.139700000e-16
  7.403000000e-17
  5.372400000e-17
  -7.047000000e-01 7.092000000e-01 2.051000000e-02
  7.093000000e-01 7.034000000e-01 4.493000000e-02
  -1.744000000e-02 -4.621000000e-02 9.988000000e-01
 Node:         53
  0.1258E+03  0.1304E+03  0.5063E+03  0.0000E+00
  -1.665E-16
  -1.735E-18
  -1.11E-16
   2.776E-17
   3.383E-17
  -2.22E-16
  -1.010000000e-16
  -1.572000000e-16
  -2.414000000e-16
  1.223900000e-16
  -1.665300000e-16
  5.769700000e-17
  9.684000000e-02 9.526000000e-01 2.883000000e-01
  -9.346000000e-01 1.866000000e-01 -3.027000000e-01
  -3.422000000e-01 -2.402000000e-01 9.084000000e-01
 Node:         54
  0.1265E+03  0.1288E+03  0.5200E+03  0.0000E+00
  -2.22E-16
   2.082E-17
   1.11E-16
   0.0
  -4.337E-18
   1.11E-16
  1.160000000e-16
  1.073000000e-16
  -2.233000000e-16
  3.350300000e-16
  0.000000000e+00
  1.579400000e-16
  -4.656000000e-02 -7.562000000e-01 6.527000000e-01
  -4.117000000e-02 -6.514000000e-01 -7.576000000e-01
  -9.981000000e-01 6.215000000e-02 8.061000000e-04
 Node:         55
  0.1382E+03  0.1168E+03  0.4539E+03  0.4935E-02
  -0.08511
  -0.01962
   0.09008
   0.002065
   0.0366
   0.04111
  1.110000000e-01
  2.266000000e-02
  -8.758000000e-02
  1.723200000e-01
  1.536000000e-02
  8.123400000e-02
  8.357000000e-02 -8.838000000e-01 -4.603000000e-01
  9.931000000e-02 -4.523000000e-01 8.863000000e-01
  -9.915000000e-01 -1.198000000e-01 4.998000000e-02
 Node:         56
  0.1314E+03  0.1156E+03  0.4692E+03  0.4935E-02
  -0.08385
  -0.001838
   0.04671
   0.01968
   0.005091
  -0.002057
  4.724000000e-02
  1.969000000e-03
  -8.841000000e-02
  1.196200000e-01
  -1.306700000e-02
  5.639000000e-02
  1.571000000e-03 9.946000000e-01 1.033000000e-01
  -2.244000000e-01 1.011000000e-01 -9.692000000e-01
  -9.745000000e-01 -2.167000000e-02 2.234000000e-01
 Node:         57
  0.1285E+03  0.1140E+03  0.4824E+03  0.4935E-02
  -0.019
   0.00811
  -5.895E-4
   0.006826
  -0.004668
  -0.003208
  3.409000000e-03
  -1.168000000e-03
  -2.504000000e-02
  2.645900000e-02
  -7.599700000e-03
  1.247300000e-02
  -1.895000000e-01 -8.837000000e-01 4.280000000e-01
  4.585000000e-01 3.058000000e-01 8.344000000e-01
  -8.683000000e-01 3.543000000e-01 3.472000000e-01
 Node:         58
  0.1488E+03  0.1180E+03  0.4534E+03  0.4935E-02
  -0.09872
  -0.05129
   0.1583
  -0.008348
   0.02928
  -0.0122
  1.732000000e-01
  -1.708000000e-02
  -1.087000000e-01
  2.490700000e-01
  1.580700000e-02
  1.174100000e-01
  -1.877000000e-01 9.689000000e-01 1.615000000e-01
  2.164000000e-03 -1.640000000e-01 9.865000000e-01
  9.822000000e-01 1.855000000e-01 2.869000000e-02
 Node:         59
  0.1421E+03  0.1168E+03  0.4695E+03  0.4935E-02
  -0.08049
  -0.04608
   0.1103
   4.635E-4
   0.01861
  -0.02294
  1.231000000e-01
  -2.486000000e-02
  -9.135000000e-02
  1.901300000e-01
  2.296700000e-03
  8.963000000e-02
  2.188000000e-01 -9.680000000e-01 -1.227000000e-01
  9.446000000e-02 -1.041000000e-01 9.901000000e-01
  -9.712000000e-01 -2.282000000e-01 6.866000000e-02
 Node:         60
  0.1375E+03  0.1150E+03  0.4832E+03  0.4935E-02
  -0.01222
  -0.009293
   0.01743
   0.003233
   9.726E-4
  -0.003859
  2.010000000e-02
  -2.908000000e-03
  -1.584000000e-02
  3.153000000e-02
  4.506700000e-04
  1.486300000e-02
  -2.762000000e-01 9.611000000e-01 1.752000000e-03
  2.611000000e-01 7.327000000e-02 9.625000000e-01
  9.250000000e-01 2.663000000e-01 -2.712000000e-01
 Node:         61
  0.1558E+03  0.1227E+03  0.4524E+03  0.4935E-02
  -0.04334
  -0.05073
   0.1003
  -0.03607
   0.04322
  -0.1239
  1.273000000e-01
  -5.417000000e-02
  -1.401000000e-01
  2.364500000e-01
  -2.232300000e-02
  1.114600000e-01
  -3.185000000e-01 9.255000000e-01 2.050000000e-01
  9.002000000e-01 3.631000000e-01 -2.405000000e-01
  2.970000000e-01 -1.079000000e-01 9.487000000e-01
 Node:         62
  0.1495E+03  0.1207E+03  0.4694E+03  0.4935E-02
   0.01201
  -0.07865
   0.102
  -0.02345
   0.03227
  -0.09701
  1.539000000e-01
  -3.336000000e-02
  -1.035000000e-01
  2.304800000e-01
  5.680000000e-03
  1.086500000e-01
  -4.985000000e-01 8.527000000e-01 1.562000000e-01
  8.574000000e-01 5.115000000e-01 -5.653000000e-02
  -1.281000000e-01 1.058000000e-01 -9.861000000e-01
 Node:         63
  0.1437E+03  0.1181E+03  0.4838E+03  0.4935E-02
   0.01638
  -0.02526
   0.02806
  -0.001963
   0.003551
  -0.01382
  4.841000000e-02
  -3.661000000e-03
  -1.412000000e-02
  5.801200000e-02
  1.021000000e-02
  2.734700000e-02
  -6.205000000e-01 7.816000000e-01 6.418000000e-02
  7.842000000e-01 6.172000000e-01 6.420000000e-02
  -1.057000000e-02 -9.016000000e-02 9.959000000e-01
 Node:         64
  0.1415E+03  0.1252E+03  0.4520E+03  0.4935E-02
  -0.07963
   0.00874
   0.09609
  -0.01974
   0.01571
  -0.02443
  9.832000000e-02
  -1.938000000e-02
  -8.691000000e-02
  1.623600000e-01
  -2.656700000e-03
  7.653900000e-02
  3.527000000e-02 9.920000000e-01 1.213000000e-01
  3.232000000e-01 1.035000000e-01 -9.407000000e-01
  9.457000000e-01 -7.237000000e-02 3.169000000e-01
 Node:         65
  0.1342E+03  0.1229E+03  0.4682E+03  0.4935E-02
  -0.04957
  -0.009422
   0.07779
  -0.009188
   0.008059
  -0.01668
  7.928000000e-02
  -1.538000000e-02
  -5.236000000e-02
  1.175900000e-01
  3.846700000e-03
  5.543500000e-02
  -7.907000000e-02 9.927000000e-01 9.094000000e-02
  -2.304000000e-01 -1.070000000e-01 9.672000000e-01
  9.699000000e-01 5.552000000e-02 2.372000000e-01
 Node:         66
  0.1299E+03  0.1214E+03  0.4825E+03  0.4935E-02
  -0.00114
  -0.004915
   0.01378
   0.00157
  -0.001145
  -0.002742
  1.539000000e-02
  -1.566000000e-03
  -3.922000000e-03
  1.824800000e-02
  3.300700000e-03
  8.602400000e-03
  -2.914000000e-01 9.528000000e-01 -8.541000000e-02
  6.963000000e-01 2.725000000e-01 6.640000000e-01
  -6.560000000e-01 -1.340000000e-01 7.428000000e-01
 Node:         67
  0.1502E+03  0.1246E+03  0.4518E+03  0.4935E-02
  -0.07849
  -0.03113
   0.08975
  -0.01778
   0.01313
  -0.007487
  9.780000000e-02
  -7.014000000e-03
  -8.702000000e-02
  1.605400000e-01
  1.255300000e-03
  7.567900000e-02
  1.867000000e-01 -9.705000000e-01 -1.525000000e-01
  -1.613000000e-01 -1.834000000e-01 9.697000000e-01
  -9.691000000e-01 -1.565000000e-01 -1.908000000e-01
 Node:         68
  0.1435E+03  0.1226E+03  0.4686E+03  0.4935E-02
  -0.0336
  -0.0598
   0.08792
  -0.0202
   0.01832
  -0.007853
  1.173000000e-01
  -9.936000000e-03
  -6.088000000e-02
  1.589500000e-01
  1.549500000e-02
  7.493100000e-02
  -3.838000000e-01 9.028000000e-01 1.941000000e-01
  -1.426000000e-01 -2.656000000e-01 9.535000000e-01
  9.123000000e-01 3.383000000e-01 2.307000000e-01
 Node:         69
  0.1380E+03  0.1205E+03  0.4830E+03  0.4935E-02
   0.006878
  -0.01905
   0.02301
  -0.004302
   0.005097
  -5.215E-4
  3.680000000e-02
  -1.560000000e-03
  -5.878000000e-03
  4.069100000e-02
  9.787300000e-03
  1.918200000e-02
  -5.464000000e-01 8.190000000e-01 1.748000000e-01
  -5.367000000e-02 -2.426000000e-01 9.686000000e-01
  8.358000000e-01 5.199000000e-01 1.765000000e-01
 Node:         70
  0.1559E+03  0.1247E+03  0.4520E+03  0.4935E-02
  -0.06477
  -0.038
   0.01755
  -0.04595
   0.03064
   0.04127
  8.575000000e-02
  -3.189000000e-03
  -8.850000000e-02
  1.509200000e-01
  -1.979700000e-03
  7.114200000e-02
  -3.676000000e-01 5.438000000e-01 7.544000000e-01
  4.653000000e-02 -7.995000000e-01 5.989000000e-01
  -9.288000000e-01 -2.553000000e-01 -2.686000000e-01
 Node:         71
  0.1497E+03  0.1226E+03  0.4691E+03  0.4935E-02
   5.647E-4
  -0.07584
   0.06024
  -0.06141
   0.04303
   0.01621
  1.497000000e-01
  -8.286000000e-03
  -6.444000000e-02
  1.923100000e-01
  2.565800000e-02
  9.065700000e-02
  5.462000000e-01 -6.907000000e-01 -4.738000000e-01
  -1.397000000e-01 -6.329000000e-01 7.615000000e-01
  8.259000000e-01 3.498000000e-01 4.422000000e-01
 Node:         72
  0.1435E+03  0.1199E+03  0.4837E+03  0.4935E-02
   0.01926
  -0.02781
   0.02083
  -0.01433
   0.0103
   0.003181
  5.384000000e-02
  -1.429000000e-03
  -9.142000000e-03
  5.950200000e-02
  1.442300000e-02
  2.804900000e-02
  -6.708000000e-01 6.665000000e-01 3.252000000e-01
  -8.923000000e-02 -5.078000000e-01 8.568000000e-01
  7.362000000e-01 5.457000000e-01 4.001000000e-01
 Node:         73
  0.1447E+03  0.1339E+03  0.4510E+03  0.0000E+00
   0.03862
  -0.015
  -0.07141
   0.003985
  -0.005572
   0.05661
  5.806000000e-02
  3.937000000e-02
  -7.361000000e-02
  1.233900000e-01
  7.940000000e-03
  5.816700000e-02
  2.525000000e-01 -7.077000000e-02 9.650000000e-01
  9.587000000e-01 -1.167000000e-01 -2.594000000e-01
  -1.310000000e-01 -9.906000000e-01 -3.838000000e-02
 Node:         74
  0.1370E+03  0.1304E+03  0.4677E+03  0.0000E+00
   0.08651
  -0.007477
  -0.03383
   0.005883
  -0.008471
   0.04217
  8.788000000e-02
  4.212000000e-02
  -3.514000000e-02
  1.077000000e-01
  3.162000000e-02
  5.076900000e-02
  -9.876000000e-01 7.043000000e-02 -1.402000000e-01
  -1.466000000e-01 -9.539000000e-02 9.846000000e-01
  5.598000000e-02 9.929000000e-01 1.045000000e-01
 Node:         75
  0.1313E+03  0.1289E+03  0.4826E+03  0.0000E+00
   0.03273
  -0.002865
  -0.003945
  -0.002724
  -0.001826
   0.003044
  3.317000000e-02
  3.367000000e-03
  -4.712000000e-03
  3.455800000e-02
  1.060800000e-02
  1.629100000e-02
  -9.937000000e-01 7.251000000e-02 8.544000000e-02
  6.338000000e-02 -2.651000000e-01 9.621000000e-01
  9.241000000e-02 9.615000000e-01 2.588000000e-01
 Node:         76
  0.1516E+03  0.1314E+03  0.4508E+03  0.0000E+00
   0.03788
  -0.02348
  -0.09419
  -0.007162
   0.0222
   0.07835
  8.352000000e-02
  3.916000000e-02
  -1.006000000e-01
  1.664300000e-01
  7.360000000e-03
  7.845800000e-02
  2.283000000e-01 -1.504000000e-01 -9.619000000e-01
  9.603000000e-01 -1.278000000e-01 2.479000000e-01
  1.602000000e-01 9.803000000e-01 -1.152000000e-01
 Node:         77
  0.1448E+03  0.1284E+03  0.4680E+03  0.0000E+00
   0.1224
   0.00342
  -0.04749
  -0.001092
   0.01683
   0.03779
  1.225000000e-01
  4.099000000e-02
  -5.077000000e-02
  1.501400000e-01
  3.757300000e-02
  7.077800000e-02
  -9.998000000e-01 -1.922000000e-02 9.069000000e-03
  5.315000000e-03 1.871000000e-01 9.823000000e-01
  -2.058000000e-02 9.822000000e-01 -1.869000000e-01
 Node:         78
  0.1385E+03  0.1261E+03  0.4829E+03  0.0000E+00
   0.0511
   0.006321
  -0.003016
  -0.001204
   3.492E-4
   0.002102
  5.186000000e-02
  2.115000000e-03
  -3.785000000e-03
  5.294200000e-02
  1.673000000e-02
  2.495700000e-02
  -9.932000000e-01 -1.143000000e-01 2.323000000e-02
  1.358000000e-02 8.453000000e-02 9.963000000e-01
  -1.158000000e-01 9.898000000e-01 -8.240000000e-02
 Node:         79
  0.1560E+03  0.1268E+03  0.4515E+03  0.0000E+00
   0.0361
   0.04823
   0.03912
   0.003181
  -0.001115
  -0.2853
  8.587000000e-02
  -1.061000000e-02
  -2.853000000e-01
  3.335600000e-01
  -7.001300000e-02
  1.572400000e-01
  6.960000000e-01 7.180000000e-01 3.809000000e-03
  7.179000000e-01 -6.960000000e-01 1.114000000e-02
  -1.065000000e-02 5.020000000e-03 9.999000000e-01
 Node:         80
  0.1498E+03  0.1244E+03  0.4689E+03  0.0000E+00
   0.1371
   0.04297
   0.01188
   0.01514
   2.066E-4
  -0.2327
  1.509000000e-01
  -1.369000000e-03
  -2.334000000e-01
  3.351900000e-01
  -2.795600000e-02
  1.580100000e-01
  9.547000000e-01 2.951000000e-01 3.783000000e-02
  -2.946000000e-01 9.554000000e-01 -1.842000000e-02
  -4.158000000e-02 6.444000000e-03 9.991000000e-01
 Node:         81
  0.1433E+03  0.1218E+03  0.4836E+03  0.0000E+00
   0.05658
   0.01063
   2.067E-4
   0.005113
   0.001018
  -0.0293
  5.882000000e-02
  -1.733000000e-03
  -2.961000000e-02
  7.830600000e-02
  9.159000000e-03
  3.691400000e-02
  -9.820000000e-01 -1.792000000e-01 -5.905000000e-02
  -1.797000000e-01 9.837000000e-01 3.008000000e-03
  -5.755000000e-02 -1.356000000e-02 9.983000000e-01
 Node:         82
  0.1267E+03  0.1149E+03  0.4572E+03 -0.2557E-01
  -0.02768
  -0.01587
   0.02538
   0.004615
   0.02354
   0.00467
  4.246000000e-02
  -4.568000000e-03
  -3.553000000e-02
  6.801700000e-02
  7.873300000e-04
  3.206400000e-02
  -1.582000000e-01 8.467000000e-01 5.080000000e-01
  -4.365000000e-01 4.015000000e-01 -8.051000000e-01
  -8.857000000e-01 -3.491000000e-01 3.061000000e-01
 Node:         83
  0.1234E+03  0.1130E+03  0.4725E+03 -0.2557E-01
  -0.03804
  -0.002348
   0.009586
   0.03224
   0.009824
  -0.02378
  1.371000000e-02
  -1.157000000e-03
  -6.479000000e-02
  7.222300000e-02
  -1.741200000e-02
  3.404600000e-02
  2.230000000e-01 8.787000000e-01 4.220000000e-01
  -5.992000000e-01 4.650000000e-01 -6.517000000e-01
  -7.689000000e-01 -1.075000000e-01 6.302000000e-01
 Node:         84
  0.1187E+03  0.1123E+03  0.4849E+03 -0.2557E-01
  -0.005434
   7.054E-4
   5.748E-4
   0.01269
  -5.239E-4
  -0.02278
  1.434000000e-03
  4.241000000e-04
  -2.950000000e-02
  3.044200000e-02
  -9.214000000e-03
  1.435000000e-02
  -8.107000000e-01 -4.121000000e-01 -4.159000000e-01
  3.534000000e-01 -9.107000000e-01 2.138000000e-01
  4.668000000e-01 -2.635000000e-02 -8.840000000e-01
 Node:         85
  0.1302E+03  0.1162E+03  0.4559E+03 -0.2557E-01
  -0.02919
  -0.01447
   0.03345
   0.009018
   0.03327
   0.008942
  5.719000000e-02
  -4.568000000e-03
  -3.943000000e-02
  8.474900000e-02
  4.397300000e-03
  3.995100000e-02
  -8.066000000e-02 8.276000000e-01 5.555000000e-01
  -5.249000000e-01 4.385000000e-01 -7.295000000e-01
  8.473000000e-01 3.504000000e-01 -3.990000000e-01
 Node:         86
  0.1252E+03  0.1138E+03  0.4709E+03 -0.2557E-01
  -0.03068
   0.01914
   0.07436
   0.05801
   0.03084
  -0.01603
  9.570000000e-02
  1.402000000e-02
  -8.207000000e-02
  1.541200000e-01
  9.216700000e-03
  7.265400000e-02
  -3.142000000e-01 -8.606000000e-01 -4.007000000e-01
  5.934000000e-01 -5.075000000e-01 6.247000000e-01
  7.410000000e-01 4.147000000e-02 -6.702000000e-01
 Node:         87
  0.1217E+03  0.1126E+03  0.4834E+03 -0.2557E-01
  -0.00993
   3.226E-4
   0.00208
   0.0158
  -0.002645
  -0.02024
  3.223000000e-03
  5.488000000e-04
  -3.186000000e-02
  3.382500000e-02
  -9.362700000e-03
  1.594500000e-02
  -4.597000000e-01 7.934000000e-01 -3.989000000e-01
  6.693000000e-01 6.048000000e-01 4.316000000e-01
  5.837000000e-01 -6.859000000e-02 -8.090000000e-01
 Node:         88
  0.1338E+03  0.1169E+03  0.4542E+03 -0.2557E-01
  -0.06059
  -0.01939
   0.0286
   0.006321
   0.04517
   0.04634
  8.390000000e-02
  -2.432000000e-03
  -6.712000000e-02
  1.312300000e-01
  4.782700000e-03
  6.186400000e-02
  -5.284000000e-02 6.428000000e-01 7.642000000e-01
  -3.072000000e-01 7.177000000e-01 -6.249000000e-01
  9.502000000e-01 2.678000000e-01 -1.596000000e-01
 Node:         89
  0.1270E+03  0.1150E+03  0.4692E+03 -0.2557E-01
  -0.06691
   0.003176
   0.01489
   0.02585
   0.01208
  -0.00456
  2.326000000e-02
  -3.605000000e-03
  -7.624000000e-02
  8.915700000e-02
  -1.886200000e-02
  4.202900000e-02
  1.806000000e-01 8.298000000e-01 5.280000000e-01
  -2.896000000e-01 5.579000000e-01 -7.777000000e-01
  -9.400000000e-01 -1.246000000e-02 3.410000000e-01
 Node:         90
  0.1248E+03  0.1132E+03  0.4822E+03 -0.2557E-01
  -0.01673
   0.00899
  -0.004085
   0.008244
  -0.004563
  -0.004908
  6.255000000e-04
  -6.762000000e-04
  -2.567000000e-02
  2.566900000e-02
  -8.573600000e-03
  1.210100000e-02
  3.914000000e-01 9.056000000e-01 -1.636000000e-01
  -4.434000000e-01 2.981000000e-02 -8.958000000e-01
  -8.064000000e-01 4.232000000e-01 4.132000000e-01
 Node:         91
  0.1261E+03  0.1264E+03  0.4549E+03 -0.2557E-01
  -0.05388
   0.01504
   0.07991
  -0.008112
   0.03407
  -0.002123
  9.310000000e-02
  -1.077000000e-02
  -5.843000000e-02
  1.342000000e-01
  7.966700000e-03
  6.326500000e-02
  7.805000000e-02 9.408000000e-01 3.300000000e-01
  2.758000000e-01 2.977000000e-01 -9.139000000e-01
  -9.580000000e-01 1.624000000e-01 -2.363000000e-01
 Node:         92
  0.1210E+03  0.1235E+03  0.4726E+03 -0.2557E-01
  -0.04245
  -0.002721
   0.03748
   4.569E-4
   0.02379
   0.01726
  5.326000000e-02
  1.602000000e-03
  -4.257000000e-02
  8.307600000e-02
  4.097300000e-03
  3.916200000e-02
  2.108000000e-02 -8.343000000e-01 -5.510000000e-01
  4.261000000e-02 -5.498000000e-01 8.342000000e-01
  -9.989000000e-01 -4.106000000e-02 2.395000000e-02
 Node:         93
  0.1159E+03  0.1217E+03  0.4877E+03 -0.2557E-01
  -0.004303
  -0.002326
   0.002416
   0.003131
   0.005025
  -0.001015
  6.011000000e-03
  -5.534000000e-04
  -8.359000000e-03
  1.246000000e-02
  -9.671300000e-04
  5.873800000e-03
  7.911000000e-03 -8.150000000e-01 -5.794000000e-01
  7.208000000e-01 -3.970000000e-01 5.683000000e-01
  6.931000000e-01 4.221000000e-01 -5.843000000e-01
 Node:         94
  0.1316E+03  0.1266E+03  0.4538E+03 -0.2557E-01
  -0.06426
   0.01437
   0.08905
  -0.0206
   0.03168
   0.01698
  1.012000000e-01
  1.269000000e-02
  -7.216000000e-02
  1.501500000e-01
  1.391000000e-02
  7.077900000e-02
  3.874000000e-02 9.384000000e-01 3.434000000e-01
  3.001000000e-01 3.168000000e-01 -8.998000000e-01
  9.531000000e-01 -1.379000000e-01 2.693000000e-01
 Node:         95
  0.1251E+03  0.1236E+03  0.4707E+03 -0.2557E-01
  -0.05538
  -0.005014
   0.04823
  -0.005255
   0.0174
   0.03045
  5.930000000e-02
  1.985000000e-02
  -5.586000000e-02
  1.013700000e-01
