 Group name: actual_strain_L1A5
 #Fields=  16
 1) coordinates, coordinate, rectangular cartesian, #Components=3
   x.  Value index= 1, #Derivatives=0
   y.  Value index= 2, #Derivatives=0
   z.  Value index= 3, #Derivatives=0
 2) Tensor_1, field, rectangular cartesian, #Components=1
   Tensor_1.  Value index= 4, #Derivatives=0
 3) Tensor_2, field, rectangular cartesian, #Components=1
   Tensor_2.  Value index= 5, #Derivatives=0
 4) Tensor_3, field, rectangular cartesian, #Components=1
   Tensor_3.  Value index= 6, #Derivatives=0
 5) Tensor_4, field, rectangular cartesian, #Components=1
   Tensor_4.  Value index= 7, #Derivatives=0
 6) Tensor_5, field, rectangular cartesian, #Components=1
   Tensor_5.  Value index= 8, #Derivatives=0
 7) Tensor_6, field, rectangular cartesian, #Components=1
   Tensor_6.  Value index= 9, #Derivatives=0
 8) Principal_1, field, rectangular cartesian, #Components=1
   Principal_1.  Value index= 10, #Derivatives=0
 9) Principal_2, field, rectangular cartesian, #Components=1
   Principal_2.  Value index= 11, #Derivatives=0
 10) Principal_3, field, rectangular cartesian, #Components=1
   Principal_3.  Value index= 12, #Derivatives=0
 11) VonMises, field, rectangular cartesian, #Components=1
   VonMises.  Value index= 13, #Derivatives=0
 12) Hydrostatic, field, rectangular cartesian, #Components=1
   VonMises.  Value index= 14, #Derivatives=0
 13) Octahedral, field, rectangular cartesian, #Components=1
   VonMises.  Value index= 15, #Derivatives=0
 14) PrincipalVector1, field, rectangular cartesian, #Components=3
   x.  Value index= 16, #Derivatives=0
   y.  Value index= 17, #Derivatives=0
   z.  Value index= 18, #Derivatives=0
 15) PrincipalVector2, field, rectangular cartesian, #Components=3
   x.  Value index= 19, #Derivatives=0
   y.  Value index= 20, #Derivatives=0
   z.  Value index= 21, #Derivatives=0
 16) PrincipalVector3, field, rectangular cartesian, #Components=3
   x.  Value index= 22, #Derivatives=0
   y.  Value index= 23, #Derivatives=0
   z.  Value index= 24, #Derivatives=0
 Node:          1
  0.1287E+03  0.1133E+03  0.4908E+03 -0.1831E-05
  -1.11E-16
  -8.327E-17
  -2.22E-16
  -2.776E-17
  -4.163E-17
  -3.331E-16
  -6.637000000e-17
  -2.400000000e-16
  -3.598000000e-16
  2.555400000e-16
  -2.220600000e-16
  1.204600000e-16
  8.837000000e-01 -4.676000000e-01 -1.897000000e-02
  4.046000000e-01 7.837000000e-01 -4.712000000e-01
  2.352000000e-01 4.088000000e-01 8.818000000e-01
 Node:          2
  0.1292E+03  0.1137E+03  0.5052E+03 -0.1831E-05
  -5.551E-17
  -1.11E-16
  -1.665E-16
  -5.551E-17
   1.943E-16
  -2.776E-16
  8.603000000e-17
  -1.600000000e-16
  -4.256000000e-16
  4.431900000e-16
  -1.665200000e-16
  2.089200000e-16
  -6.554000000e-01 6.199000000e-01 4.313000000e-01
  7.522000000e-01 4.849000000e-01 4.462000000e-01
  -6.744000000e-02 -6.169000000e-01 7.841000000e-01
 Node:          3
  0.1289E+03  0.1155E+03  0.5194E+03 -0.1831E-05
   2.22E-16
   1.388E-16
   3.331E-16
   1.11E-16
   5.551E-17
   2.22E-16
  4.753000000e-16
  2.118000000e-16
  9.006000000e-17
  3.410700000e-16
  2.590500000e-16
  1.607800000e-16
  -5.696000000e-01 -7.144000000e-01 -4.063000000e-01
  2.395000000e-01 -6.172000000e-01 7.494000000e-01
  -7.862000000e-01 3.296000000e-01 5.227000000e-01
 Node:          4
  0.1361E+03  0.1141E+03  0.4915E+03 -0.1831E-05
   0.0
  -2.776E-17
  -1.11E-16
  -2.776E-17
  -8.327E-17
   2.22E-16
  2.435000000e-16
  6.328000000e-18
  -1.388000000e-16
  3.342600000e-16
  3.700900000e-17
  1.575700000e-16
  -8.549000000e-02 -2.215000000e-01 9.714000000e-01
  9.681000000e-01 -2.491000000e-01 2.840000000e-02
  2.357000000e-01 9.428000000e-01 2.357000000e-01
 Node:          5
  0.1341E+03  0.1144E+03  0.5054E+03 -0.1831E-05
   3.331E-16
   1.388E-16
   3.331E-16
   5.551E-17
  -6.939E-17
   4.441E-16
  4.814000000e-16
  4.627000000e-16
  1.662000000e-16
  3.062800000e-16
  3.701000000e-16
  1.443800000e-16
  -3.480000000e-01 -6.443000000e-01 6.810000000e-01
  -6.589000000e-01 -3.487000000e-01 -6.665000000e-01
  6.669000000e-01 -6.807000000e-01 -3.032000000e-01
 Node:          6
  0.1323E+03  0.1162E+03  0.5191E+03 -0.1831E-05
   2.22E-16
   5.551E-17
   2.22E-16
  -5.551E-17
  -2.776E-17
   0.0
  2.897000000e-16
  1.685000000e-16
  -1.402000000e-17
  2.648100000e-16
  1.480600000e-16
  1.248300000e-16
  -7.150000000e-01 -6.696000000e-01 2.012000000e-01
  6.656000000e-01 -7.399000000e-01 -9.741000000e-02
  -2.141000000e-01 -6.426000000e-02 -9.747000000e-01
 Node:          7
  0.1408E+03  0.1171E+03  0.4920E+03 -0.1831E-05
   3.331E-16
   2.22E-16
   2.22E-16
  -8.327E-17
  -1.11E-16
   0.0
  5.398000000e-16
  6.158000000e-17
  -4.631000000e-17
  5.403100000e-16
  1.850200000e-16
  2.547000000e-16
  -7.537000000e-01 -6.111000000e-01 2.419000000e-01
  -6.560000000e-01 6.770000000e-01 -3.335000000e-01
  -4.004000000e-02 4.101000000e-01 9.112000000e-01
 Node:          8
  0.1367E+03  0.1169E+03  0.5055E+03 -0.1831E-05
   2.22E-16
   1.943E-16
   2.22E-16
  -4.025E-16
  -2.359E-16
  -2.22E-16
  6.547000000e-16
  4.477000000e-17
  -4.775000000e-16
  9.814900000e-16
  7.399000000e-17
  4.626800000e-16
  -6.847000000e-01 -5.611000000e-01 4.652000000e-01
  5.685000000e-01 -8.105000000e-01 -1.409000000e-01
  -4.561000000e-01 -1.681000000e-01 -8.739000000e-01
 Node:          9
  0.1339E+03  0.1180E+03  0.5191E+03 -0.1831E-05
   2.22E-16
   1.665E-16
   0.0
  -3.955E-16
  -2.776E-16
   6.661E-16
  1.002000000e-15
  -9.379000000e-18
  -1.046000000e-16
  1.062200000e-15
  2.960100000e-16
  5.007200000e-16
  -4.817000000e-01 -3.073000000e-01 8.207000000e-01
  -8.565000000e-01 -3.292000000e-02 -5.150000000e-01
  -1.853000000e-01 9.510000000e-01 2.474000000e-01
 Node:         10
  0.1294E+03  0.1212E+03  0.4911E+03 -0.1831E-05
   0.0
   2.776E-17
   1.11E-16
  -1.388E-17
   1.249E-16
   1.11E-16
  2.363000000e-16
  2.303000000e-17
  -3.732000000e-17
  2.489900000e-16
  7.400300000e-17
  1.173800000e-16
  4.210000000e-02 7.100000000e-01 7.030000000e-01
  -7.813000000e-01 -4.152000000e-01 4.661000000e-01
  -6.228000000e-01 5.688000000e-01 -5.372000000e-01
 Node:         11
  0.1295E+03  0.1214E+03  0.5055E+03 -0.1831E-05
  -2.22E-16
  -2.776E-17
  -2.22E-16
  -4.163E-17
   1.388E-17
  -1.665E-16
  -1.365000000e-16
  -2.183000000e-16
  -2.558000000e-16
  1.056600000e-16
  -2.035300000e-16
  4.981100000e-17
  -4.935000000e-01 2.929000000e-01 8.189000000e-01
  3.541000000e-01 -7.924000000e-01 4.968000000e-01
  -7.944000000e-01 -5.351000000e-01 -2.873000000e-01
 Node:         12
  0.1295E+03  0.1217E+03  0.5196E+03 -0.1831E-05
   1.11E-16
   0.0
   1.11E-16
   7.633E-17
   2.776E-17
   2.22E-16
  2.649000000e-16
  1.110000000e-16
  6.816000000e-17
  1.792000000e-16
  1.480200000e-16
  8.447700000e-17
  -4.387000000e-01 -1.595000000e-01 -8.844000000e-01
  3.417000000e-01 -9.398000000e-01 -2.255000000e-17
  8.311000000e-01 3.022000000e-01 -4.668000000e-01
 Node:         13
  0.1361E+03  0.1199E+03  0.4914E+03 -0.1831E-05
   1.11E-16
  -1.388E-16
   0.0
  -9.714E-17
   2.776E-17
  -1.665E-16
  2.285000000e-16
  -8.520000000e-17
  -1.988000000e-16
  3.833400000e-16
  -1.850000000e-17
  1.807100000e-16
  8.171000000e-01 -5.252000000e-01 -2.378000000e-01
  4.648000000e-01 8.442000000e-01 -2.671000000e-01
  3.410000000e-01 1.077000000e-01 9.339000000e-01
 Node:         14
  0.1342E+03  0.1198E+03  0.5054E+03 -0.1831E-05
  -5.551E-17
   2.776E-17
   0.0
   5.551E-17
  -9.021E-17
   1.11E-16
  1.672000000e-16
  -4.940000000e-18
  -1.068000000e-16
  2.398800000e-16
  1.848700000e-17
  1.130800000e-16
  1.634000000e-01 -4.472000000e-01 8.794000000e-01
  -6.569000000e-01 -7.144000000e-01 -2.412000000e-01
  -7.361000000e-01 5.382000000e-01 4.105000000e-01
 Node:         15
  0.1330E+03  0.1205E+03  0.5193E+03 -0.1831E-05
   2.22E-16
  -8.327E-17
  -5.551E-17
   1.388E-17
   4.857E-17
   0.0
  2.451000000e-16
  2.471000000e-17
  -1.033000000e-16
  3.052400000e-16
  5.550300000e-17
  1.438900000e-16
  -9.638000000e-01 2.667000000e-01 -1.723000000e-03
  1.157000000e-01 4.239000000e-01 8.983000000e-01
  2.403000000e-01 8.656000000e-01 -4.394000000e-01
 Node:         16
  0.1404E+03  0.1188E+03  0.4918E+03 -0.1831E-05
   2.22E-16
   5.551E-17
   2.22E-16
  -8.327E-17
  -1.457E-16
   4.441E-16
  5.466000000e-16
  1.950000000e-16
  1.465000000e-16
  3.781900000e-16
  2.960300000e-16
  1.782800000e-16
  -2.927000000e-01 -4.328000000e-01 8.526000000e-01
  -9.222000000e-01 -1.077000000e-01 -3.713000000e-01
  -2.526000000e-01 8.950000000e-01 3.676000000e-01
 Node:         17
  0.1365E+03  0.1184E+03  0.5055E+03 -0.1831E-05
  -1.11E-16
   2.776E-17
  -1.11E-16
   9.714E-17
   1.7E-16
   0.0
  1.573000000e-16
  -1.341000000e-16
  -2.452000000e-16
  3.600400000e-16
  -7.400000000e-17
  1.697300000e-16
  3.368000000e-01 5.285000000e-01 7.792000000e-01
  8.927000000e-01 -4.425000000e-01 -8.566000000e-02
  -2.996000000e-01 -7.244000000e-01 6.209000000e-01
 Node:         18
  0.1341E+03  0.1191E+03  0.5192E+03 -0.1831E-05
   0.0
   0.0
   0.0
   2.645E-17
   1.065E-16
   4.441E-16
  4.697000000e-16
  -1.672000000e-33
  -2.562000000e-17
  4.830200000e-16
  1.480300000e-16
  2.277000000e-16
  -5.484000000e-02 -2.207000000e-01 -9.738000000e-01
  9.705000000e-01 -2.411000000e-01 -6.210000000e-17
  -2.348000000e-01 -9.451000000e-01 2.274000000e-01
 Node:         19
  0.1301E+03  0.1291E+03  0.4914E+03  0.0000E+00
   1.11E-16
   0.0
   1.11E-16
   2.101E-19
   1.001E-17
  -2.22E-16
  1.113000000e-16
  1.110000000e-16
  -2.223000000e-16
  3.334500000e-16
  0.000000000e+00
  1.571900000e-16
  -2.096000000e-02 -9.993000000e-01 -3.003000000e-02
  9.998000000e-01 -2.097000000e-02 1.345000000e-19
  6.298000000e-04 3.003000000e-02 -9.995000000e-01
 Node:         20
  0.1299E+03  0.1291E+03  0.5058E+03  0.0000E+00
   2.22E-16
   0.0
   0.0
   1.041E-17
   1.924E-17
  -5.551E-17
  2.224000000e-16
  5.975000000e-18
  -6.188000000e-17
  2.571600000e-16
  5.549800000e-17
  1.212200000e-16
  -9.993000000e-01 -3.257000000e-03 -3.765000000e-02
  1.428000000e-02 -9.549000000e-01 -2.965000000e-01
  -3.498000000e-02 -2.968000000e-01 9.543000000e-01
 Node:         21
  0.1301E+03  0.1280E+03  0.5197E+03  0.0000E+00
   1.11E-16
   0.0
   0.0
   4.163E-17
   1.475E-17
   1.11E-16
  1.534000000e-16
  7.089000000e-17
  -2.220000000e-18
  1.348500000e-16
  7.402300000e-17
  6.357000000e-17
  -6.994000000e-01 -6.840000000e-02 -7.114000000e-01
  -7.126000000e-01 1.429000000e-01 6.869000000e-01
  -5.465000000e-02 -9.874000000e-01 1.487000000e-01
 Node:         22
  0.1360E+03  0.1256E+03  0.4913E+03  0.0000E+00
  -2.22E-16
   1.388E-17
  -1.11E-16
  -1.388E-17
   1.006E-16
   1.11E-16
  1.500000000e-16
  -1.456000000e-16
  -2.264000000e-16
  3.432100000e-16
  -7.400000000e-17
  1.617900000e-16
  -2.144000000e-02 3.586000000e-01 9.332000000e-01
  2.280000000e-01 9.106000000e-01 -3.447000000e-01
  -9.734000000e-01 2.054000000e-01 -1.013000000e-01
 Node:         23
  0.1343E+03  0.1253E+03  0.5054E+03  0.0000E+00
   0.0
   2.082E-17
  -4.441E-16
   0.0
   1.314E-16
  -1.665E-16
  1.265000000e-18
  -1.147000000e-16
  -4.972000000e-16
  4.517900000e-16
  -2.035400000e-16
  2.129700000e-16
  9.970000000e-01 6.061000000e-02 4.746000000e-02
  6.644000000e-02 -3.661000000e-01 -9.282000000e-01
  3.888000000e-02 -9.286000000e-01 3.690000000e-01
 Node:         24
  0.1336E+03  0.1248E+03  0.5194E+03  0.0000E+00
  -2.22E-16
   1.214E-17
   0.0
   1.388E-17
   8.674E-19
  -1.665E-16
  6.779000000e-19
  -1.633000000e-16
  -2.259000000e-16
  2.026600000e-16
  -1.295100000e-16
  9.553700000e-17
  -5.504000000e-02 -9.984000000e-01 -9.747000000e-03
  2.257000000e-01 -2.195000000e-02 9.740000000e-01
  -9.726000000e-01 5.141000000e-02 2.265000000e-01
 Node:         25
  0.1400E+03  0.1206E+03  0.4917E+03  0.0000E+00
   0.0
   2.671E-16
  -1.11E-16
  -8.327E-17
  -1.301E-16
   2.22E-16
  3.681000000e-16
  7.580000000e-17
  -3.329000000e-16
  6.098700000e-16
  3.700000000e-17
  2.874900000e-16
  5.089000000e-01 4.781000000e-01 -7.159000000e-01
  6.086000000e-01 3.883000000e-01 6.920000000e-01
  6.088000000e-01 -7.878000000e-01 -9.334000000e-02
 Node:         26
  0.1363E+03  0.1200E+03  0.5055E+03  0.0000E+00
   2.22E-16
   1.076E-16
  -6.106E-16
   2.776E-17
  -1.124E-15
  -5.551E-17
  8.281000000e-16
  2.248000000e-16
  -1.497000000e-15
  2.089800000e-15
  -1.480300000e-16
  9.851500000e-16
  7.371000000e-02 6.174000000e-01 -7.832000000e-01
  9.955000000e-01 1.018000000e-03 9.449000000e-02
  -5.914000000e-02 7.866000000e-01 6.146000000e-01
 Node:         27
  0.1343E+03  0.1203E+03  0.5192E+03  0.0000E+00
   2.22E-16
  -1.943E-16
   2.22E-16
  -1.041E-16
   1.313E-15
   0.0
  1.466000000e-15
  1.875000000e-16
  -1.209000000e-15
  2.317400000e-15
  1.481700000e-16
  1.092400000e-15
  -1.693000000e-01 7.280000000e-01 6.643000000e-01
  9.848000000e-01 9.849000000e-02 1.431000000e-01
  3.876000000e-02 6.785000000e-01 -7.336000000e-01
 Node:         28
  0.1155E+03  0.1124E+03  0.4931E+03 -0.1082E-04
  -2.22E-16
   3.816E-17
   2.22E-16
  -5.551E-17
   5.551E-17
   1.11E-16
  2.455000000e-16
  1.014000000e-16
  -2.359000000e-16
  4.279500000e-16
  3.700000000e-17
  2.017400000e-16
  3.184000000e-02 9.284000000e-01 3.701000000e-01
  1.988000000e-01 3.571000000e-01 -9.127000000e-01
  9.795000000e-01 -1.026000000e-01 1.732000000e-01
 Node:         29
  0.1119E+03  0.1139E+03  0.5068E+03 -0.1082E-04
  -2.22E-16
  -2.082E-17
   0.0
   5.551E-17
   6.939E-18
  -3.331E-16
  1.944000000e-18
  -2.004000000e-16
  -3.566000000e-16
  3.113600000e-16
  -1.850200000e-16
  1.467800000e-16
  -9.118000000e-02 9.958000000e-01 5.517000000e-03
  -9.179000000e-01 -8.189000000e-02 -3.884000000e-01
  -3.863000000e-01 -4.048000000e-02 9.215000000e-01
 Node:         30
  0.1113E+03  0.1159E+03  0.5206E+03 -0.1082E-04
   2.22E-16
   1.249E-16
   2.22E-16
   0.0
  -2.776E-17
   1.11E-16
  3.486000000e-16
  1.238000000e-16
  8.277000000e-17
  2.478800000e-16
  1.850600000e-16
  1.168500000e-16
  -7.001000000e-01 -7.092000000e-01 8.287000000e-02
  -4.685000000e-01 3.686000000e-01 -8.029000000e-01
  -5.389000000e-01 6.009000000e-01 5.903000000e-01
 Node:         31
  0.1203E+03  0.1126E+03  0.4920E+03 -0.1082E-04
  -5.551E-17
   9.714E-17
  -1.11E-16
   2.776E-17
   4.163E-17
  -5.551E-17
  4.114000000e-17
  -7.661000000e-17
  -1.866000000e-16
  1.972700000e-16
  -7.402300000e-17
  9.299200000e-17
  -6.956000000e-01 -5.654000000e-01 -4.433000000e-01
  4.358000000e-01 1.585000000e-01 -8.860000000e-01
  5.712000000e-01 -8.095000000e-01 1.362000000e-01
 Node:         32
  0.1188E+03  0.1134E+03  0.5062E+03 -0.1082E-04
   2.22E-16
  -1.388E-17
  -1.11E-16
  -2.776E-17
   9.714E-17
  -5.551E-17
  2.266000000e-16
  1.331000000e-17
  -1.844000000e-16
  3.560200000e-16
  1.850300000e-17
  1.678300000e-16
  -9.894000000e-01 7.624000000e-02 1.236000000e-01
  1.445000000e-01 5.992000000e-01 7.875000000e-01
  1.402000000e-02 -7.970000000e-01 6.038000000e-01
 Node:         33
  0.1183E+03  0.1150E+03  0.5201E+03 -0.1082E-04
   1.11E-16
   5.551E-17
   0.0
   8.327E-17
   0.0
   0.0
  1.700000000e-16
  0.000000000e+00
  -5.893000000e-17
  2.058900000e-16
  3.702300000e-17
  9.705800000e-17
  -8.617000000e-01 -2.815000000e-01 -4.222000000e-01
  0.000000000e+00 -8.321000000e-01 5.547000000e-01
  -5.074000000e-01 4.780000000e-01 7.170000000e-01
 Node:         34
  0.1255E+03  0.1129E+03  0.4909E+03 -0.1082E-04
   0.0
   0.0
   0.0
   5.551E-17
   9.714E-17
   0.0
  1.119000000e-16
  3.387000000e-33
  -1.119000000e-16
  1.938200000e-16
  0.000000000e+00
  9.136600000e-17
  -3.508000000e-01 -6.139000000e-01 -7.071000000e-01
  8.682000000e-01 -4.961000000e-01 -4.855000000e-17
  -3.508000000e-01 -6.139000000e-01 7.071000000e-01
 Node:         35
  0.1260E+03  0.1135E+03  0.5054E+03 -0.1082E-04
   0.0
   1.11E-16
  -1.11E-16
   1.11E-16
   2.498E-16
  -1.11E-16
  2.410000000e-16
  -1.023000000e-16
  -3.608000000e-16
  5.229000000e-16
  -7.403300000e-17
  2.465000000e-16
  5.458000000e-01 5.925000000e-01 5.925000000e-01
  8.379000000e-01 -3.859000000e-01 -3.859000000e-01
  -4.975000000e-17 -7.071000000e-01 7.071000000e-01
 Node:         36
  0.1257E+03  0.1153E+03  0.5196E+03 -0.1082E-04
   0.0
  -5.551E-17
   0.0
  -5.551E-17
   8.327E-17
   0.0
  1.305000000e-16
  -4.723000000e-17
  -8.327000000e-17
  1.982200000e-16
  0.000000000e+00
  9.344300000e-17
  -5.155000000e-01 6.059000000e-01 6.059000000e-01
  8.569000000e-01 3.645000000e-01 3.645000000e-01
  -1.256000000e-16 7.071000000e-01 -7.071000000e-01
 Node:         37
  0.1132E+03  0.1210E+03  0.4959E+03 -0.1082E-04
  -2.22E-16
   1.388E-16
  -2.22E-16
  -8.327E-17
   1.804E-16
  -2.776E-16
  -4.482000000e-17
  -1.622000000e-16
  -5.146000000e-16
  4.234700000e-16
  -2.405400000e-16
  1.996300000e-16
  3.971000000e-01 7.887000000e-01 4.693000000e-01
  -7.874000000e-01 3.010000000e-02 6.157000000e-01
  4.715000000e-01 -6.140000000e-01 6.330000000e-01
 Node:         38
  0.1111E+03  0.1204E+03  0.5085E+03 -0.1082E-04
  -1.665E-16
   9.714E-17
   0.0
  -2.776E-17
  -8.327E-17
  -2.22E-16
  7.071000000e-17
  -2.091000000e-16
  -2.502000000e-16
  3.024600000e-16
  -1.295300000e-16
  1.425800000e-16
  -3.916000000e-01 -8.746000000e-01 2.859000000e-01
  9.154000000e-01 -3.389000000e-01 2.170000000e-01
  9.287000000e-02 -3.467000000e-01 -9.334000000e-01
 Node:         39
  0.1119E+03  0.1201E+03  0.5207E+03 -0.1082E-04
  -5.551E-17
  -9.714E-17
  -3.331E-16
  -8.327E-17
  -7.633E-17
  -1.11E-16
  8.934000000e-18
  -1.105000000e-16
  -3.981000000e-16
  3.623900000e-16
  -1.665600000e-16
  1.708300000e-16
  8.510000000e-01 -1.281000000e-01 -5.092000000e-01
  4.076000000e-01 -4.503000000e-01 7.944000000e-01
  -3.311000000e-01 -8.836000000e-01 -3.310000000e-01
 Node:         40
  0.1191E+03  0.1220E+03  0.4937E+03 -0.1082E-04
   0.0
   8.327E-17
  -2.22E-16
   8.327E-17
  -1.388E-17
  -2.22E-16
  4.872000000e-17
  -2.082000000e-16
  -2.846000000e-16
  3.024500000e-16
  -1.480300000e-16
  1.425700000e-16
  -9.240000000e-01 -2.703000000e-01 -2.703000000e-01
  0.000000000e+00 -7.071000000e-01 7.071000000e-01
  3.823000000e-01 -6.534000000e-01 -6.534000000e-01
 Node:         41
  0.1182E+03  0.1217E+03  0.5073E+03 -0.1082E-04
   0.0
  -2.776E-17
  -5.551E-17
   5.551E-17
   9.714E-17
   1.11E-16
  1.653000000e-16
  1.073000000e-17
  -1.206000000e-16
  2.478700000e-16
  1.847700000e-17
  1.168500000e-16
  2.406000000e-01 3.653000000e-01 8.993000000e-01
  -8.901000000e-01 4.526000000e-01 5.428000000e-02
  -3.871000000e-01 -8.135000000e-01 4.340000000e-01
 Node:         42
  0.1187E+03  0.1212E+03  0.5204E+03 -0.1082E-04
   0.0
  -5.551E-17
  -1.11E-16
   0.0
   5.551E-17
   1.11E-16
  1.256000000e-16
  1.887000000e-17
  -1.444000000e-16
  2.355300000e-16
  2.333300000e-20
  1.110300000e-16
  1.113000000e-01 -2.517000000e-01 -9.614000000e-01
  9.295000000e-01 -3.159000000e-01 1.903000000e-01
  -3.516000000e-01 -9.148000000e-01 1.988000000e-01
 Node:         43
  0.1258E+03  0.1217E+03  0.4915E+03 -0.1082E-04
   2.22E-16
   1.11E-16
   1.11E-16
  -1.388E-17
   0.0
  -5.551E-17
  2.911000000e-16
  4.294000000e-17
  -5.645000000e-17
  3.100400000e-16
  9.253000000e-17
  1.461600000e-16
  -8.507000000e-01 -5.246000000e-01 3.406000000e-02
  -5.213000000e-01 8.502000000e-01 7.348000000e-02
  6.751000000e-02 -4.475000000e-02 9.967000000e-01
 Node:         44
  0.1259E+03  0.1220E+03  0.5059E+03 -0.1082E-04
  -2.22E-16
   1.388E-16
  -2.22E-16
   9.714E-17
   1.11E-16
  -1.11E-16
  5.081000000e-17
  -2.445000000e-16
  -3.614000000e-16
  3.679600000e-16
  -1.850300000e-16
  1.734600000e-16
  -5.113000000e-01 -5.340000000e-01 -6.733000000e-01
  -5.198000000e-01 -4.318000000e-01 7.372000000e-01
  -6.844000000e-01 7.269000000e-01 -5.679000000e-02
 Node:         45
  0.1261E+03  0.1221E+03  0.5198E+03 -0.1082E-04
  -5.551E-17
  -8.327E-17
  -2.776E-16
   2.776E-17
  -6.939E-18
   1.11E-16
  1.167000000e-16
  -3.339000000e-17
  -3.053000000e-16
  3.705000000e-16
  -7.399700000e-17
  1.746600000e-16
  1.854000000e-01 -5.643000000e-02 9.810000000e-01
  9.302000000e-01 -3.117000000e-01 -1.938000000e-01
  -3.167000000e-01 -9.485000000e-01 5.308000000e-03
 Node:         46
  0.1117E+03  0.1296E+03  0.4959E+03  0.0000E+00
  -5.551E-17
   2.776E-17
  -1.665E-16
   6.939E-18
  -2.602E-17
   0.0
  4.101000000e-18
  -4.897000000e-17
  -1.772000000e-16
  1.614500000e-16
  -7.402300000e-17
  7.610600000e-17
  4.856000000e-02 -1.429000000e-01 9.886000000e-01
  9.724000000e-01 2.327000000e-01 -1.414000000e-02
  -2.280000000e-01 9.620000000e-01 1.502000000e-01
 Node:         47
  0.1107E+03  0.1269E+03  0.5087E+03  0.0000E+00
  -1.665E-16
  -3.123E-17
   1.11E-16
  -2.776E-17
   3.99E-17
   0.0
  1.289000000e-16
  -1.114000000e-17
  -1.732000000e-16
  2.618600000e-16
  -1.848000000e-17
  1.234400000e-16
  -1.292000000e-01 9.390000000e-01 3.186000000e-01
  -1.008000000e-01 -3.321000000e-01 9.379000000e-01
  -9.865000000e-01 -8.906000000e-02 -1.376000000e-01
 Node:         48
  0.1125E+03  0.1242E+03  0.5208E+03  0.0000E+00
   1.11E-16
   3.469E-18
   1.11E-16
   0.0
  -1.735E-18
   1.11E-16
  1.149000000e-16
  1.110000000e-16
  1.071000000e-16
  6.755000000e-18
  1.110000000e-16
  3.184300000e-18
  -6.325000000e-01 -7.071000000e-01 3.162000000e-01
  4.472000000e-01 -4.455000000e-15 8.944000000e-01
  -6.325000000e-01 7.071000000e-01 3.162000000e-01
 Node:         49
  0.1186E+03  0.1311E+03  0.4938E+03  0.0000E+00
  -1.665E-16
  -2.082E-17
   0.0
  -4.163E-17
  -6.072E-18
  -5.551E-17
  2.581000000e-18
  -4.165000000e-17
  -1.830000000e-16
  1.678900000e-16
  -7.402300000e-17
  7.914600000e-17
  1.174000000e-01 -9.929000000e-01 1.965000000e-02
  -3.135000000e-01 -1.827000000e-02 9.494000000e-01
  -9.423000000e-01 -1.176000000e-01 -3.134000000e-01
 Node:         50
  0.1180E+03  0.1298E+03  0.5075E+03  0.0000E+00
   0.0
  -1.301E-17
   3.331E-16
  -4.163E-17
   1.247E-17
   2.22E-16
  3.354000000e-16
  2.276000000e-16
  -7.879000000e-18
  3.040700000e-16
  1.850400000e-16
  1.433400000e-16
  5.441000000e-02 -9.902000000e-01 -1.289000000e-01
  -1.707000000e-01 -1.364000000e-01 9.758000000e-01
  9.838000000e-01 3.109000000e-02 1.765000000e-01
 Node:         51
  0.1192E+03  0.1275E+03  0.5206E+03  0.0000E+00
   0.0
  -3.469E-18
  -5.551E-17
   0.0
   1.475E-17
   1.11E-16
  1.123000000e-16
  2.087000000e-19
  -5.702000000e-17
  1.491800000e-16
  1.849600000e-17
  7.032400000e-17
  -2.705000000e-03 8.758000000e-02 9.962000000e-01
  9.982000000e-01 -6.004000000e-02 7.989000000e-03
  -6.051000000e-02 -9.943000000e-01 8.725000000e-02
 Node:         52
  0.1262E+03  0.1305E+03  0.4920E+03  0.0000E+00
   1.11E-16
  -1.388E-17
   1.11E-16
   1.301E-18
   4.906E-18
   0.0
  1.250000000e-16
  9.734000000e-17
  -2.497000000e-19
  1.139700000e-16
  7.403000000e-17
  5.372400000e-17
  -7.047000000e-01 7.092000000e-01 2.051000000e-02
  7.093000000e-01 7.034000000e-01 4.493000000e-02
  -1.744000000e-02 -4.621000000e-02 9.988000000e-01
 Node:         53
  0.1258E+03  0.1304E+03  0.5063E+03  0.0000E+00
  -1.665E-16
  -1.735E-18
  -1.11E-16
   2.776E-17
   3.383E-17
  -2.22E-16
  -1.010000000e-16
  -1.572000000e-16
  -2.414000000e-16
  1.223900000e-16
  -1.665300000e-16
  5.769700000e-17
  9.684000000e-02 9.526000000e-01 2.883000000e-01
  -9.346000000e-01 1.866000000e-01 -3.027000000e-01
  -3.422000000e-01 -2.402000000e-01 9.084000000e-01
 Node:         54
  0.1265E+03  0.1288E+03  0.5200E+03  0.0000E+00
  -2.22E-16
   2.082E-17
   1.11E-16
   0.0
  -4.337E-18
   1.11E-16
  1.160000000e-16
  1.073000000e-16
  -2.233000000e-16
  3.350300000e-16
  0.000000000e+00
  1.579400000e-16
  -4.656000000e-02 -7.562000000e-01 6.527000000e-01
  -4.117000000e-02 -6.514000000e-01 -7.576000000e-01
  -9.981000000e-01 6.215000000e-02 8.061000000e-04
 Node:         55
  0.1383E+03  0.1167E+03  0.4548E+03 -0.7430E-02
  -0.09945
  -0.009465
   0.09129
   0.007966
   0.02342
   0.07405
  1.077000000e-01
  5.862000000e-02
  -1.004000000e-01
  1.884200000e-01
  2.197300000e-02
  8.882100000e-02
  -1.570000000e-02 8.223000000e-01 5.689000000e-01
  -7.528000000e-02 5.664000000e-01 -8.207000000e-01
  9.970000000e-01 5.571000000e-02 -5.301000000e-02
 Node:         56
  0.1315E+03  0.1156E+03  0.4696E+03 -0.7430E-02
  -0.1051
   0.01097
   0.04619
   0.03207
  -0.004255
   0.01071
  4.710000000e-02
  1.893000000e-02
  -1.142000000e-01
  1.492200000e-01
  -1.605700000e-02
  7.034400000e-02
  -5.803000000e-02 -9.962000000e-01 6.533000000e-02
  2.541000000e-01 4.854000000e-02 9.660000000e-01
  -9.654000000e-01 7.265000000e-02 2.503000000e-01
 Node:         57
  0.1285E+03  0.1140E+03  0.4824E+03 -0.7430E-02
  -0.02681
   0.01351
  -0.003762
   0.01035
  -0.007279
  -0.003489
  4.022000000e-03
  -4.824000000e-04
  -3.761000000e-02
  3.957300000e-02
  -1.135700000e-02
  1.865500000e-02
  -1.710000000e-01 -8.148000000e-01 5.540000000e-01
  5.078000000e-01 4.090000000e-01 7.582000000e-01
  -8.443000000e-01 4.110000000e-01 3.438000000e-01
 Node:         58
  0.1491E+03  0.1176E+03  0.4547E+03 -0.7430E-02
  -0.1137
  -0.04278
   0.1579
  -0.005536
   0.02133
   0.0421
  1.683000000e-01
  3.832000000e-02
  -1.204000000e-01
  2.504300000e-01
  2.874000000e-02
  1.180600000e-01
  1.511000000e-01 -9.736000000e-01 -1.713000000e-01
  1.235000000e-02 -1.714000000e-01 9.851000000e-01
  -9.884000000e-01 -1.509000000e-01 -1.386000000e-02
 Node:         59
  0.1423E+03  0.1167E+03  0.4703E+03 -0.7430E-02
  -0.1119
  -0.03128
   0.1081
   0.02075
   0.002252
  -0.01123
  1.124000000e-01
  -7.239000000e-03
  -1.202000000e-01
  2.014700000e-01
  -5.013000000e-03
  9.497200000e-02
  -1.386000000e-01 9.903000000e-01 -5.220000000e-03
  1.855000000e-01 3.114000000e-02 9.821000000e-01
  -9.728000000e-01 -1.351000000e-01 1.880000000e-01
 Node:         60
  0.1375E+03  0.1150E+03  0.4833E+03 -0.7430E-02
  -0.02611
  -0.001567
   0.01319
   0.01298
  -0.005298
  -0.007772
  1.504000000e-02
  -2.881000000e-03
  -3.285000000e-02
  4.190900000e-02
  -6.897000000e-03
  1.975600000e-02
  -1.285000000e-01 9.474000000e-01 -2.932000000e-01
  -4.456000000e-01 -3.193000000e-01 -8.364000000e-01
  -8.860000000e-01 2.314000000e-02 4.632000000e-01
 Node:         61
  0.1562E+03  0.1221E+03  0.4540E+03 -0.7430E-02
  -0.06963
  -0.04738
   0.111
  -0.0392
   0.05528
  -0.09417
  1.398000000e-01
  -6.814000000e-02
  -1.245000000e-01
  2.411100000e-01
  -1.761300000e-02
  1.136600000e-01
  -2.594000000e-01 9.293000000e-01 2.630000000e-01
  8.112000000e-01 3.574000000e-01 -4.628000000e-01
  5.241000000e-01 -9.327000000e-02 8.466000000e-01
 Node:         62
  0.1498E+03  0.1204E+03  0.4703E+03 -0.7430E-02
  -0.02591
  -0.0546
   0.09136
  -0.004766
   0.02201
  -0.1122
  1.150000000e-01
  -4.720000000e-02
  -1.145000000e-01
  2.043400000e-01
  -1.556700000e-02
  9.632600000e-02
  -3.624000000e-01 9.269000000e-01 9.740000000e-02
  9.319000000e-01 3.588000000e-01 5.318000000e-02
  1.435000000e-02 1.100000000e-01 -9.938000000e-01
 Node:         63
  0.1437E+03  0.1181E+03  0.4839E+03 -0.7430E-02
   0.007677
  -0.01293
   0.01365
   0.006539
  -0.007227
  -0.02253
  2.589000000e-02
  -2.591000000e-03
  -2.450000000e-02
  4.376300000e-02
  -4.003300000e-04
  2.063000000e-02
  -6.136000000e-01 7.646000000e-01 -1.970000000e-01
  7.763000000e-01 6.298000000e-01 2.632000000e-02
  1.442000000e-01 -1.368000000e-01 -9.800000000e-01
 Node:         64
  0.1417E+03  0.1252E+03  0.4530E+03 -0.7430E-02
  -0.06427
   0.02267
   0.07434
  -0.0205
   0.01461
  -0.004195
  7.952000000e-02
  1.493000000e-03
  -7.513000000e-02
  1.339300000e-01
  1.961000000e-03
  6.313600000e-02
  1.350000000e-01 9.812000000e-01 1.381000000e-01
  3.240000000e-01 8.803000000e-02 -9.419000000e-01
  -9.364000000e-01 1.719000000e-01 -3.060000000e-01
 Node:         65
  0.1344E+03  0.1229E+03  0.4687E+03 -0.7430E-02
  -0.06057
   0.01235
   0.06499
  -0.002896
   0.005185
  -0.004611
  6.653000000e-02
  -4.745000000e-03
  -6.198000000e-02
  1.115100000e-01
  -6.500000000e-05
  5.256800000e-02
  -9.492000000e-02 -9.931000000e-01 -6.852000000e-02
  -6.548000000e-02 -6.245000000e-02 9.959000000e-01
  -9.933000000e-01 9.902000000e-02 -5.910000000e-02
 Node:         66
  0.1299E+03  0.1214E+03  0.4825E+03 -0.7430E-02
  -0.009089
   0.001952
   0.009168
   0.004627
  -0.003497
  -0.002659
  1.015000000e-02
  -6.820000000e-04
  -1.205000000e-02
  1.922800000e-02
  -8.606700000e-04
  9.064000000e-03
  -3.792000000e-02 -9.674000000e-01 2.504000000e-01
  5.074000000e-01 1.972000000e-01 8.388000000e-01
  8.609000000e-01 -1.589000000e-01 -4.834000000e-01
 Node:         67
  0.1506E+03  0.1243E+03  0.4531E+03 -0.7430E-02
  -0.07247
  -0.0224
   0.06974
  -0.01639
   0.01114
   0.04401
  7.866000000e-02
  4.028000000e-02
  -7.767000000e-02
  1.411100000e-01
  1.375700000e-02
  6.652000000e-02
  1.756000000e-01 -9.100000000e-01 -3.756000000e-01
  -5.604000000e-02 -3.902000000e-01 9.190000000e-01
  -9.829000000e-01 -1.403000000e-01 -1.195000000e-01
 Node:         68
  0.1437E+03  0.1224E+03  0.4693E+03 -0.7430E-02
  -0.06239
  -0.03996
   0.07185
  -0.003546
   0.01113
   0.02001
  8.494000000e-02
  1.791000000e-02
  -7.338000000e-02
  1.376400000e-01
  9.823300000e-03
  6.488600000e-02
  2.616000000e-01 -9.488000000e-01 -1.769000000e-01
  4.209000000e-02 -1.719000000e-01 9.842000000e-01
  -9.643000000e-01 -2.649000000e-01 -5.040000000e-03
 Node:         69
  0.1380E+03  0.1205E+03  0.4831E+03 -0.7430E-02
  -0.008061
  -0.01089
   0.01831
   0.00318
   7.713E-4
  -7.086E-4
  2.223000000e-02
  1.578000000e-04
  -1.285000000e-02
  3.071600000e-02
  3.179300000e-03
  1.448000000e-02
  -3.398000000e-01 9.404000000e-01 -1.548000000e-02
  2.384000000e-01 1.020000000e-01 9.658000000e-01
  9.098000000e-01 3.245000000e-01 -2.589000000e-01
 Node:         70
  0.1564E+03  0.1241E+03  0.4535E+03 -0.7430E-02
  -0.06457
  -0.02674
   0.00272
  -0.03947
   0.02536
   0.1055
  1.222000000e-01
  3.262000000e-04
  -7.883000000e-02
  1.754000000e-01
  1.456500000e-02
  8.268500000e-02
  2.345000000e-01 -2.518000000e-01 -9.389000000e-01
  2.014000000e-01 -9.323000000e-01 3.004000000e-01
  -9.510000000e-01 -2.596000000e-01 -1.679000000e-01
 Node:         71
  0.1500E+03  0.1223E+03  0.4700E+03 -0.7430E-02
  -0.04323
  -0.06072
   0.04656
  -0.03221
   0.0328
   0.03729
  1.057000000e-01
  1.074000000e-02
  -7.580000000e-02
  1.572400000e-01
  1.354700000e-02
  7.412400000e-02
  -4.150000000e-01 7.286000000e-01 5.449000000e-01
  1.233000000e-01 -5.483000000e-01 8.271000000e-01
  9.014000000e-01 4.104000000e-01 1.377000000e-01
 Node:         72
  0.1435E+03  0.1199E+03  0.4838E+03 -0.7430E-02
  -0.002611
  -0.0206
   0.01745
  -0.001982
   0.005306
   5.773E-4
  3.133000000e-02
  -3.422000000e-04
  -1.558000000e-02
  4.144800000e-02
  5.135900000e-03
  1.953900000e-02
  -5.181000000e-01 8.366000000e-01 1.777000000e-01
  1.564000000e-01 -1.116000000e-01 9.814000000e-01
  8.409000000e-01 5.362000000e-01 -7.299000000e-02
 Node:         73
  0.1452E+03  0.1339E+03  0.4524E+03  0.0000E+00
   0.01591
  -0.01695
  -0.05493
   0.009216
  -0.01062
   0.05394
  5.790000000e-02
  1.641000000e-02
  -5.939000000e-02
  1.030100000e-01
  4.973300000e-03
  4.856200000e-02
  -2.621000000e-01 1.294000000e-01 -9.563000000e-01
  9.418000000e-01 -1.817000000e-01 -2.827000000e-01
  2.103000000e-01 9.748000000e-01 7.425000000e-02
 Node:         74
  0.1372E+03  0.1304E+03  0.4684E+03  0.0000E+00
   0.04576
  -0.02498
  -0.03291
   0.001858
  -0.01617
   0.0284
  5.468000000e-02
  2.990000000e-02
  -4.333000000e-02
  8.826800000e-02
  1.375000000e-02
  4.161000000e-02
  9.166000000e-01 -3.084000000e-01 2.546000000e-01
  -3.037000000e-01 -1.225000000e-01 9.449000000e-01
  -2.602000000e-01 -9.433000000e-01 -2.059000000e-01
 Node:         75
  0.1314E+03  0.1289E+03  0.4826E+03  0.0000E+00
   0.01408
  -0.01001
  -0.005571
  -0.005114
  -0.002948
   0.001209
  1.903000000e-02
  2.248000000e-03
  -1.156000000e-02
  2.653300000e-02
  3.239300000e-03
  1.250800000e-02
  -9.149000000e-01 3.476000000e-01 2.050000000e-01
  4.959000000e-02 -4.073000000e-01 9.119000000e-01
  4.006000000e-01 8.445000000e-01 3.554000000e-01
 Node:         76
  0.1520E+03  0.1311E+03  0.4523E+03  0.0000E+00
   0.02007
  -0.0233
  -0.08048
  -9.644E-4
   0.0224
   0.08208
  8.538000000e-02
  2.467000000e-02
  -8.837000000e-02
  1.527300000e-01
  7.226700000e-03
  7.199800000e-02
  6.544000000e-02 -1.426000000e-01 -9.876000000e-01
  9.761000000e-01 -1.965000000e-01 9.304000000e-02
  2.073000000e-01 9.701000000e-01 -1.263000000e-01
 Node:         77
  0.1450E+03  0.1283E+03  0.4687E+03  0.0000E+00
   0.07404
  -0.01186
  -0.04694
  -0.00652
   0.01519
   0.0294
  7.659000000e-02
  3.065000000e-02
  -5.073000000e-02
  1.116800000e-01
  1.883700000e-02
  5.264500000e-02
  -9.783000000e-01 1.151000000e-01 1.722000000e-01
  1.894000000e-01 1.607000000e-01 9.687000000e-01
  8.384000000e-02 9.803000000e-01 -1.790000000e-01
 Node:         78
  0.1385E+03  0.1261E+03  0.4829E+03  0.0000E+00
   0.03069
  -0.001799
  -0.004763
  -0.00476
  -8.815E-4
   3.726E-4
  3.149000000e-02
  -8.267000000e-05
  -5.112000000e-03
  3.436400000e-02
  8.765100000e-03
  1.620000000e-02
  -9.877000000e-01 4.538000000e-02 1.498000000e-01
  1.353000000e-01 -2.334000000e-01 9.629000000e-01
  -7.866000000e-02 -9.713000000e-01 -2.244000000e-01
 Node:         79
  0.1565E+03  0.1262E+03  0.4531E+03  0.0000E+00
   0.02742
   0.05281
   0.1117
   0.0179
  -0.004842
  -0.2962
  1.371000000e-01
  3.108000000e-03
  -2.973000000e-01
  3.852900000e-01
  -5.236400000e-02
  1.816300000e-01
  4.348000000e-01 9.005000000e-01 7.895000000e-03
  8.987000000e-01 -4.344000000e-01 6.077000000e-02
  -5.815000000e-02 1.932000000e-02 9.981000000e-01
 Node:         80
  0.1501E+03  0.1242E+03  0.4698E+03  0.0000E+00
   0.07991
   0.03807
   0.05431
   0.01005
  -0.005868
  -0.2474
  1.073000000e-01
  2.736000000e-02
  -2.479000000e-01
  3.227400000e-01
  -3.774700000e-02
  1.521400000e-01
  8.129000000e-01 5.822000000e-01 1.339000000e-02
  -5.814000000e-01 8.127000000e-01 -3.861000000e-02
  -3.336000000e-02 2.360000000e-02 9.992000000e-01
 Node:         81
  0.1434E+03  0.1217E+03  0.4837E+03  0.0000E+00
   0.03303
   0.005498
   0.003287
  -0.004866
  -0.00104
  -0.03567
  3.437000000e-02
  2.303000000e-03
  -3.602000000e-02
  6.104000000e-02
  2.176700000e-04
  2.877400000e-02
  -9.818000000e-01 -1.761000000e-01 7.084000000e-02
  -1.768000000e-01 9.842000000e-01 -4.288000000e-03
  6.896000000e-02 1.673000000e-02 9.975000000e-01
 Node:         82
  0.1267E+03  0.1149E+03  0.4578E+03 -0.4886E-01
  -0.04403
  -0.003011
   0.03156
   0.01054
   0.02503
   0.01132
  4.857000000e-02
  -2.934000000e-03
  -4.679000000e-02
  8.267300000e-02
  -3.846700000e-04
  3.897200000e-02
  3.749000000e-02 8.245000000e-01 5.647000000e-01
  -2.446000000e-01 5.555000000e-01 -7.947000000e-01
  -9.689000000e-01 -1.083000000e-01 2.225000000e-01
 Node:         83
  0.1234E+03  0.1130E+03  0.4727E+03 -0.4886E-01
  -0.04644
   0.006782
   0.01489
   0.04332
   0.009801
  -0.02726
  2.366000000e-02
  -1.240000000e-03
  -8.123000000e-02
  9.492200000e-02
  -1.960300000e-02
  4.474700000e-02
  3.662000000e-01 8.052000000e-01 4.665000000e-01
  -5.090000000e-01 5.930000000e-01 -6.239000000e-01
  -7.790000000e-01 -8.964000000e-03 6.270000000e-01
 Node:         84
  0.1187E+03  0.1123E+03  0.4850E+03 -0.4886E-01
  -0.006506
   0.001622
   0.001096
   0.01614
  -6.426E-4
  -0.02789
  2.889000000e-03
  4.195000000e-04
  -3.661000000e-02
  3.832400000e-02
  -1.110000000e-02
  1.806600000e-02
  -7.494000000e-01 -5.410000000e-01 -3.817000000e-01
  4.626000000e-01 -8.403000000e-01 2.828000000e-01
  4.738000000e-01 -3.538000000e-02 -8.799000000e-01
 Node:         85
  0.1303E+03  0.1162E+03  0.4566E+03 -0.4886E-01
  -0.045
   4.403E-5
   0.03883
   0.0147
   0.03529
   0.02029
  6.679000000e-02
  -3.746000000e-03
  -4.892000000e-02
  1.010100000e-01
  4.708000000e-03
  4.761500000e-02
  -8.168000000e-02 -7.813000000e-01 -6.188000000e-01
  2.639000000e-01 -6.157000000e-01 7.425000000e-01
  -9.611000000e-01 -1.027000000e-01 2.565000000e-01
 Node:         86
  0.1252E+03  0.1139E+03  0.4711E+03 -0.4886E-01
  -0.0215
   0.03209
   0.06063
   0.08234
   0.03164
  -0.01274
  1.081000000e-01
  1.789000000e-02
  -9.959000000e-02
  1.803800000e-01
  8.800000000e-03
  8.503200000e-02
  -5.027000000e-01 -6.885000000e-01 -5.228000000e-01
  4.669000000e-01 -7.252000000e-01 5.060000000e-01
  7.275000000e-01 -1.026000000e-02 -6.860000000e-01
 Node:         87
  0.1217E+03  0.1126E+03  0.4834E+03 -0.4886E-01
  -0.01275
   0.001127
   0.002483
   0.02103
  -0.003483
  -0.02604
  3.855000000e-03
  1.561000000e-03
  -4.172000000e-02
  4.447200000e-02
  -1.210100000e-02
  2.096400000e-02
  -5.255000000e-01 7.198000000e-01 -4.536000000e-01
  6.153000000e-01 6.897000000e-01 3.818000000e-01
  5.876000000e-01 -7.845000000e-02 -8.053000000e-01
 Node:         88
  0.1338E+03  0.1169E+03  0.4550E+03 -0.4886E-01
  -0.06936
  -0.005912
   0.02814
   0.01153
   0.0424
   0.05443
  8.590000000e-02
  -1.148000000e-03
  -7.154000000e-02
  1.366000000e-01
  4.404000000e-03
  6.439400000e-02
  3.754000000e-02 5.889000000e-01 8.074000000e-01
  -1.667000000e-01 8.003000000e-01 -5.760000000e-01
  -9.853000000e-01 -1.130000000e-01 1.282000000e-01
 Node:         89
  0.1270E+03  0.1150E+03  0.4695E+03 -0.4886E-01
  -0.0833
   0.01542
   0.01547
   0.03803
   0.01024
  -0.007313
  2.824000000e-02
  -3.380000000e-03
  -1.000000000e-01
  1.157200000e-01
  -2.504700000e-02
  5.454900000e-02
  2.934000000e-01 7.882000000e-01 5.410000000e-01
  -2.421000000e-01 6.087000000e-01 -7.556000000e-01
  -9.248000000e-01 9.072000000e-02 3.694000000e-01
 Node:         90
  0.1248E+03  0.1132E+03  0.4822E+03 -0.4886E-01
  -0.0225
   0.01319
  -0.006218
   0.01152
  -0.006424
  -0.006617
  1.142000000e-03
  -6.579000000e-04
  -3.582000000e-02
  3.609600000e-02
  -1.177900000e-02
  1.701600000e-02
  4.879000000e-01 8.729000000e-01 1.708000000e-03
  3.586000000e-01 -2.022000000e-01 9.113000000e-01
  -7.959000000e-01 4.440000000e-01 4.117000000e-01
 Node:         91
  0.1262E+03  0.1267E+03  0.4556E+03 -0.4886E-01
  -0.03223
   0.03534
   0.06182
  -0.001033
   0.03383
   0.008175
  8.665000000e-02
  -1.932000000e-03
  -4.695000000e-02
  1.177300000e-01
  1.258900000e-02
  5.550000000e-02
  -2.606000000e-01 -8.878000000e-01 -3.793000000e-01
  -3.542000000e-01 -2.776000000e-01 8.930000000e-01
  -8.981000000e-01 3.671000000e-01 -2.421000000e-01
 Node:         92
  0.1211E+03  0.1237E+03  0.4729E+03 -0.4886E-01
  -0.05083
   0.01198
   0.03982
   0.01217
   0.02371
   0.02101
  5.849000000e-02
  5.088000000e-03
  -5.359000000e-02
  9.710000000e-02
  3.329300000e-03
  4.577300000e-02
  -1.517000000e-01 -8.123000000e-01 -5.631000000e-01
  5.427000000e-02 -5.757000000e-01 8.159000000e-01
  -9.869000000e-01 9.321000000e-02 1.314000000e-01
 Node:         93
  0.1160E+03  0.1217E+03  0.4877E+03 -0.4886E-01
  -0.009236
  -0.002576
   0.003572
   0.009502
   0.007586
  -0.004993
  8.518000000e-03
  -2.201000000e-04
  -1.896000000e-02
  2.431600000e-02
  -3.554000000e-03
  1.146300000e-02
  1.967000000e-01 7.894000000e-01 5.815000000e-01
  -6.797000000e-01 5.372000000e-01 -4.993000000e-01
  -7.066000000e-01 -2.971000000e-01 6.423000000e-01
 Node:         94
  0.1317E+03  0.1268E+03  0.4547E+03 -0.4886E-01
  -0.03819
   0.03412
   0.06884
  -0.01661
   0.03335
   0.03323
  9.248000000e-02
  2.720000000e-02
  -5.580000000e-02
  1.287200000e-01
  2.129300000e-02
  6.067900000e-02
  1.727000000e-01 8.782000000e-01 4.460000000e-01
  3.987000000e-01 3.517000000e-01 -8.470000000e-01
  9.007000000e-01 -3.240000000e-01 2.894000000e-01
 Node:         95
  0.1252E+03  0.1238E+03  0.4710E+03 -0.4886E-01
  -0.07327
   0.008189
   0.04386
   0.007455
   0.01614
   0.04853
  6.339000000e-02
  2.990000000e-02
  -7.417000000e-02
  1.242500000e-01
  6.373300000e-03
  5.857100000e-02
  8.024000000e-02 6.548000000e-01 7.516000000e-01
