 Group name: actual_strain_L6A2
 #Fields=  17
 1) coordinates, coordinate, rectangular cartesian, #Components=3
   x.  Value index= 1, #Derivatives=0
   y.  Value index= 2, #Derivatives=0
   z.  Value index= 3, #Derivatives=0
 2) dummy, field, rectangular cartesian, #Components=1
   Tensor_1.  Value index= 4, #Derivatives=0
 3) Tensor_1, field, rectangular cartesian, #Components=1
   Tensor_1.  Value index= 5, #Derivatives=0
 4) Tensor_2, field, rectangular cartesian, #Components=1
   Tensor_2.  Value index= 6, #Derivatives=0
 5) Tensor_3, field, rectangular cartesian, #Components=1
   Tensor_3.  Value index= 7, #Derivatives=0
 6) Tensor_4, field, rectangular cartesian, #Components=1
   Tensor_4.  Value index= 8, #Derivatives=0
 7) Tensor_5, field, rectangular cartesian, #Components=1
   Tensor_5.  Value index= 9, #Derivatives=0
 8) Tensor_6, field, rectangular cartesian, #Components=1
   Tensor_6.  Value index= 10, #Derivatives=0
 9) Principal_1, field, rectangular cartesian, #Components=1
   Principal_1.  Value index= 11, #Derivatives=0
 10) Principal_2, field, rectangular cartesian, #Components=1
   Principal_2.  Value index= 12, #Derivatives=0
 11) Principal_3, field, rectangular cartesian, #Components=1
   Principal_3.  Value index= 13, #Derivatives=0
 12) VonMises, field, rectangular cartesian, #Components=1
   VonMises.  Value index= 14, #Derivatives=0
 13) Hydrostatic, field, rectangular cartesian, #Components=1
   VonMises.  Value index= 15, #Derivatives=0
 14) Octahedral, field, rectangular cartesian, #Components=1
   VonMises.  Value index= 16, #Derivatives=0
 15) PrincipalVector1, field, rectangular cartesian, #Components=3
   x.  Value index= 17, #Derivatives=0
   y.  Value index= 18, #Derivatives=0
   z.  Value index= 19, #Derivatives=0
 16) PrincipalVector2, field, rectangular cartesian, #Components=3
   x.  Value index= 20, #Derivatives=0
   y.  Value index= 21, #Derivatives=0
   z.  Value index= 22, #Derivatives=0
 17) PrincipalVector3, field, rectangular cartesian, #Components=3
   x.  Value index= 23, #Derivatives=0
   y.  Value index= 24, #Derivatives=0
   z.  Value index= 25, #Derivatives=0
 Node:          1
  0.1287E+03  0.1133E+03  0.4908E+03 -0.2926E-04
  -1.11E-16
  -8.327E-17
  -2.22E-16
  -2.776E-17
  -4.163E-17
  -3.331E-16
  -6.637000000e-17
  -2.400000000e-16
  -3.598000000e-16
  2.555400000e-16
  -2.220600000e-16
  1.204600000e-16
  8.837000000e-01 -4.676000000e-01 -1.897000000e-02
  4.046000000e-01 7.837000000e-01 -4.712000000e-01
  2.352000000e-01 4.088000000e-01 8.818000000e-01
 Node:          2
  0.1292E+03  0.1137E+03  0.5052E+03 -0.2926E-04
  -5.551E-17
  -1.11E-16
  -1.665E-16
  -5.551E-17
   1.943E-16
  -2.776E-16
  8.603000000e-17
  -1.600000000e-16
  -4.256000000e-16
  4.431900000e-16
  -1.665200000e-16
  2.089200000e-16
  -6.554000000e-01 6.199000000e-01 4.313000000e-01
  7.522000000e-01 4.849000000e-01 4.462000000e-01
  -6.744000000e-02 -6.169000000e-01 7.841000000e-01
 Node:          3
  0.1289E+03  0.1155E+03  0.5194E+03 -0.2926E-04
   2.22E-16
   1.388E-16
   3.331E-16
   1.11E-16
   5.551E-17
   2.22E-16
  4.753000000e-16
  2.118000000e-16
  9.006000000e-17
  3.410700000e-16
  2.590500000e-16
  1.607800000e-16
  -5.696000000e-01 -7.144000000e-01 -4.063000000e-01
  2.395000000e-01 -6.172000000e-01 7.494000000e-01
  -7.862000000e-01 3.296000000e-01 5.227000000e-01
 Node:          4
  0.1361E+03  0.1141E+03  0.4915E+03 -0.2926E-04
   0.0
  -2.776E-17
  -1.11E-16
  -2.776E-17
  -8.327E-17
   2.22E-16
  2.435000000e-16
  6.328000000e-18
  -1.388000000e-16
  3.342600000e-16
  3.700900000e-17
  1.575700000e-16
  -8.549000000e-02 -2.215000000e-01 9.714000000e-01
  9.681000000e-01 -2.491000000e-01 2.840000000e-02
  2.357000000e-01 9.428000000e-01 2.357000000e-01
 Node:          5
  0.1341E+03  0.1144E+03  0.5054E+03 -0.2926E-04
   3.331E-16
   1.388E-16
   3.331E-16
   5.551E-17
  -6.939E-17
   4.441E-16
  4.814000000e-16
  4.627000000e-16
  1.662000000e-16
  3.062800000e-16
  3.701000000e-16
  1.443800000e-16
  -3.480000000e-01 -6.443000000e-01 6.810000000e-01
  -6.589000000e-01 -3.487000000e-01 -6.665000000e-01
  6.669000000e-01 -6.807000000e-01 -3.032000000e-01
 Node:          6
  0.1323E+03  0.1162E+03  0.5191E+03 -0.2926E-04
   2.22E-16
   5.551E-17
   2.22E-16
  -5.551E-17
  -2.776E-17
   0.0
  2.897000000e-16
  1.685000000e-16
  -1.402000000e-17
  2.648100000e-16
  1.480600000e-16
  1.248300000e-16
  -7.150000000e-01 -6.696000000e-01 2.012000000e-01
  6.656000000e-01 -7.399000000e-01 -9.741000000e-02
  -2.141000000e-01 -6.426000000e-02 -9.747000000e-01
 Node:          7
  0.1408E+03  0.1171E+03  0.4920E+03 -0.2926E-04
   3.331E-16
   2.22E-16
   2.22E-16
  -8.327E-17
  -1.11E-16
   0.0
  5.398000000e-16
  6.158000000e-17
  -4.631000000e-17
  5.403100000e-16
  1.850200000e-16
  2.547000000e-16
  -7.537000000e-01 -6.111000000e-01 2.419000000e-01
  -6.560000000e-01 6.770000000e-01 -3.335000000e-01
  -4.004000000e-02 4.101000000e-01 9.112000000e-01
 Node:          8
  0.1367E+03  0.1169E+03  0.5055E+03 -0.2926E-04
   2.22E-16
   1.943E-16
   2.22E-16
  -4.025E-16
  -2.359E-16
  -2.22E-16
  6.547000000e-16
  4.477000000e-17
  -4.775000000e-16
  9.814900000e-16
  7.399000000e-17
  4.626800000e-16
  -6.847000000e-01 -5.611000000e-01 4.652000000e-01
  5.685000000e-01 -8.105000000e-01 -1.409000000e-01
  -4.561000000e-01 -1.681000000e-01 -8.739000000e-01
 Node:          9
  0.1339E+03  0.1180E+03  0.5191E+03 -0.2926E-04
   2.22E-16
   1.665E-16
   0.0
  -3.955E-16
  -2.776E-16
   6.661E-16
  1.002000000e-15
  -9.379000000e-18
  -1.046000000e-16
  1.062200000e-15
  2.960100000e-16
  5.007200000e-16
  -4.817000000e-01 -3.073000000e-01 8.207000000e-01
  -8.565000000e-01 -3.292000000e-02 -5.150000000e-01
  -1.853000000e-01 9.510000000e-01 2.474000000e-01
 Node:         10
  0.1294E+03  0.1212E+03  0.4911E+03 -0.2926E-04
   0.0
   2.776E-17
   1.11E-16
  -1.388E-17
   1.249E-16
   1.11E-16
  2.363000000e-16
  2.303000000e-17
  -3.732000000e-17
  2.489900000e-16
  7.400300000e-17
  1.173800000e-16
  4.210000000e-02 7.100000000e-01 7.030000000e-01
  -7.813000000e-01 -4.152000000e-01 4.661000000e-01
  -6.228000000e-01 5.688000000e-01 -5.372000000e-01
 Node:         11
  0.1295E+03  0.1214E+03  0.5055E+03 -0.2926E-04
  -2.22E-16
  -2.776E-17
  -2.22E-16
  -4.163E-17
   1.388E-17
  -1.665E-16
  -1.365000000e-16
  -2.183000000e-16
  -2.558000000e-16
  1.056600000e-16
  -2.035300000e-16
  4.981100000e-17
  -4.935000000e-01 2.929000000e-01 8.189000000e-01
  3.541000000e-01 -7.924000000e-01 4.968000000e-01
  -7.944000000e-01 -5.351000000e-01 -2.873000000e-01
 Node:         12
  0.1295E+03  0.1217E+03  0.5196E+03 -0.2926E-04
   1.11E-16
   0.0
   1.11E-16
   7.633E-17
   2.776E-17
   2.22E-16
  2.649000000e-16
  1.110000000e-16
  6.816000000e-17
  1.792000000e-16
  1.480200000e-16
  8.447700000e-17
  -4.387000000e-01 -1.595000000e-01 -8.844000000e-01
  3.417000000e-01 -9.398000000e-01 -2.255000000e-17
  8.311000000e-01 3.022000000e-01 -4.668000000e-01
 Node:         13
  0.1361E+03  0.1199E+03  0.4914E+03 -0.2926E-04
   1.11E-16
  -1.388E-16
   0.0
  -9.714E-17
   2.776E-17
  -1.665E-16
  2.285000000e-16
  -8.520000000e-17
  -1.988000000e-16
  3.833400000e-16
  -1.850000000e-17
  1.807100000e-16
  8.171000000e-01 -5.252000000e-01 -2.378000000e-01
  4.648000000e-01 8.442000000e-01 -2.671000000e-01
  3.410000000e-01 1.077000000e-01 9.339000000e-01
 Node:         14
  0.1342E+03  0.1198E+03  0.5054E+03 -0.2926E-04
  -5.551E-17
   2.776E-17
   0.0
   5.551E-17
  -9.021E-17
   1.11E-16
  1.672000000e-16
  -4.940000000e-18
  -1.068000000e-16
  2.398800000e-16
  1.848700000e-17
  1.130800000e-16
  1.634000000e-01 -4.472000000e-01 8.794000000e-01
  -6.569000000e-01 -7.144000000e-01 -2.412000000e-01
  -7.361000000e-01 5.382000000e-01 4.105000000e-01
 Node:         15
  0.1330E+03  0.1205E+03  0.5193E+03 -0.2926E-04
   2.22E-16
  -8.327E-17
  -5.551E-17
   1.388E-17
   4.857E-17
   0.0
  2.451000000e-16
  2.471000000e-17
  -1.033000000e-16
  3.052400000e-16
  5.550300000e-17
  1.438900000e-16
  -9.638000000e-01 2.667000000e-01 -1.723000000e-03
  1.157000000e-01 4.239000000e-01 8.983000000e-01
  2.403000000e-01 8.656000000e-01 -4.394000000e-01
 Node:         16
  0.1404E+03  0.1188E+03  0.4918E+03 -0.2926E-04
   2.22E-16
   5.551E-17
   2.22E-16
  -8.327E-17
  -1.457E-16
   4.441E-16
  5.466000000e-16
  1.950000000e-16
  1.465000000e-16
  3.781900000e-16
  2.960300000e-16
  1.782800000e-16
  -2.927000000e-01 -4.328000000e-01 8.526000000e-01
  -9.222000000e-01 -1.077000000e-01 -3.713000000e-01
  -2.526000000e-01 8.950000000e-01 3.676000000e-01
 Node:         17
  0.1365E+03  0.1184E+03  0.5055E+03 -0.2926E-04
  -1.11E-16
   2.776E-17
  -1.11E-16
   9.714E-17
   1.7E-16
   0.0
  1.573000000e-16
  -1.341000000e-16
  -2.452000000e-16
  3.600400000e-16
  -7.400000000e-17
  1.697300000e-16
  3.368000000e-01 5.285000000e-01 7.792000000e-01
  8.927000000e-01 -4.425000000e-01 -8.566000000e-02
  -2.996000000e-01 -7.244000000e-01 6.209000000e-01
 Node:         18
  0.1341E+03  0.1191E+03  0.5192E+03 -0.2926E-04
   0.0
   0.0
   0.0
   2.645E-17
   1.065E-16
   4.441E-16
  4.697000000e-16
  -1.672000000e-33
  -2.562000000e-17
  4.830200000e-16
  1.480300000e-16
  2.277000000e-16
  -5.484000000e-02 -2.207000000e-01 -9.738000000e-01
  9.705000000e-01 -2.411000000e-01 -6.210000000e-17
  -2.348000000e-01 -9.451000000e-01 2.274000000e-01
 Node:         19
  0.1301E+03  0.1291E+03  0.4914E+03  0.0000E+00
   1.11E-16
   0.0
   1.11E-16
   2.101E-19
   1.001E-17
  -2.22E-16
  1.113000000e-16
  1.110000000e-16
  -2.223000000e-16
  3.334500000e-16
  0.000000000e+00
  1.571900000e-16
  -2.096000000e-02 -9.993000000e-01 -3.003000000e-02
  9.998000000e-01 -2.097000000e-02 1.345000000e-19
  6.298000000e-04 3.003000000e-02 -9.995000000e-01
 Node:         20
  0.1299E+03  0.1291E+03  0.5058E+03  0.0000E+00
   2.22E-16
   0.0
   0.0
   1.041E-17
   1.924E-17
  -5.551E-17
  2.224000000e-16
  5.975000000e-18
  -6.188000000e-17
  2.571600000e-16
  5.549800000e-17
  1.212200000e-16
  -9.993000000e-01 -3.257000000e-03 -3.765000000e-02
  1.428000000e-02 -9.549000000e-01 -2.965000000e-01
  -3.498000000e-02 -2.968000000e-01 9.543000000e-01
 Node:         21
  0.1301E+03  0.1280E+03  0.5197E+03  0.0000E+00
   1.11E-16
   0.0
   0.0
   4.163E-17
   1.475E-17
   1.11E-16
  1.534000000e-16
  7.089000000e-17
  -2.220000000e-18
  1.348500000e-16
  7.402300000e-17
  6.357000000e-17
  -6.994000000e-01 -6.840000000e-02 -7.114000000e-01
  -7.126000000e-01 1.429000000e-01 6.869000000e-01
  -5.465000000e-02 -9.874000000e-01 1.487000000e-01
 Node:         22
  0.1360E+03  0.1256E+03  0.4913E+03  0.0000E+00
  -2.22E-16
   1.388E-17
  -1.11E-16
  -1.388E-17
   1.006E-16
   1.11E-16
  1.500000000e-16
  -1.456000000e-16
  -2.264000000e-16
  3.432100000e-16
  -7.400000000e-17
  1.617900000e-16
  -2.144000000e-02 3.586000000e-01 9.332000000e-01
  2.280000000e-01 9.106000000e-01 -3.447000000e-01
  -9.734000000e-01 2.054000000e-01 -1.013000000e-01
 Node:         23
  0.1343E+03  0.1253E+03  0.5054E+03  0.0000E+00
   0.0
   2.082E-17
  -4.441E-16
   0.0
   1.314E-16
  -1.665E-16
  1.265000000e-18
  -1.147000000e-16
  -4.972000000e-16
  4.517900000e-16
  -2.035400000e-16
  2.129700000e-16
  9.970000000e-01 6.061000000e-02 4.746000000e-02
  6.644000000e-02 -3.661000000e-01 -9.282000000e-01
  3.888000000e-02 -9.286000000e-01 3.690000000e-01
 Node:         24
  0.1336E+03  0.1248E+03  0.5194E+03  0.0000E+00
  -2.22E-16
   1.214E-17
   0.0
   1.388E-17
   8.674E-19
  -1.665E-16
  6.779000000e-19
  -1.633000000e-16
  -2.259000000e-16
  2.026600000e-16
  -1.295100000e-16
  9.553700000e-17
  -5.504000000e-02 -9.984000000e-01 -9.747000000e-03
  2.257000000e-01 -2.195000000e-02 9.740000000e-01
  -9.726000000e-01 5.141000000e-02 2.265000000e-01
 Node:         25
  0.1400E+03  0.1206E+03  0.4917E+03  0.0000E+00
   0.0
   2.671E-16
  -1.11E-16
  -8.327E-17
  -1.301E-16
   2.22E-16
  3.681000000e-16
  7.580000000e-17
  -3.329000000e-16
  6.098700000e-16
  3.700000000e-17
  2.874900000e-16
  5.089000000e-01 4.781000000e-01 -7.159000000e-01
  6.086000000e-01 3.883000000e-01 6.920000000e-01
  6.088000000e-01 -7.878000000e-01 -9.334000000e-02
 Node:         26
  0.1363E+03  0.1200E+03  0.5055E+03  0.0000E+00
   2.22E-16
   1.076E-16
  -6.106E-16
   2.776E-17
  -1.124E-15
  -5.551E-17
  8.281000000e-16
  2.248000000e-16
  -1.497000000e-15
  2.089800000e-15
  -1.480300000e-16
  9.851500000e-16
  7.371000000e-02 6.174000000e-01 -7.832000000e-01
  9.955000000e-01 1.018000000e-03 9.449000000e-02
  -5.914000000e-02 7.866000000e-01 6.146000000e-01
 Node:         27
  0.1343E+03  0.1203E+03  0.5192E+03  0.0000E+00
   2.22E-16
  -1.943E-16
   2.22E-16
  -1.041E-16
   1.313E-15
   0.0
  1.466000000e-15
  1.875000000e-16
  -1.209000000e-15
  2.317400000e-15
  1.481700000e-16
  1.092400000e-15
  -1.693000000e-01 7.280000000e-01 6.643000000e-01
  9.848000000e-01 9.849000000e-02 1.431000000e-01
  3.876000000e-02 6.785000000e-01 -7.336000000e-01
 Node:         28
  0.1155E+03  0.1124E+03  0.4931E+03 -0.1729E-03
  -2.22E-16
   3.816E-17
   2.22E-16
  -5.551E-17
   5.551E-17
   1.11E-16
  2.455000000e-16
  1.014000000e-16
  -2.359000000e-16
  4.279500000e-16
  3.700000000e-17
  2.017400000e-16
  3.184000000e-02 9.284000000e-01 3.701000000e-01
  1.988000000e-01 3.571000000e-01 -9.127000000e-01
  9.795000000e-01 -1.026000000e-01 1.732000000e-01
 Node:         29
  0.1119E+03  0.1139E+03  0.5068E+03 -0.1729E-03
  -2.22E-16
  -2.082E-17
   0.0
   5.551E-17
   6.939E-18
  -3.331E-16
  1.944000000e-18
  -2.004000000e-16
  -3.566000000e-16
  3.113600000e-16
  -1.850200000e-16
  1.467800000e-16
  -9.118000000e-02 9.958000000e-01 5.517000000e-03
  -9.179000000e-01 -8.189000000e-02 -3.884000000e-01
  -3.863000000e-01 -4.048000000e-02 9.215000000e-01
 Node:         30
  0.1113E+03  0.1159E+03  0.5206E+03 -0.1729E-03
   2.22E-16
   1.249E-16
   2.22E-16
   0.0
  -2.776E-17
   1.11E-16
  3.486000000e-16
  1.238000000e-16
  8.277000000e-17
  2.478800000e-16
  1.850600000e-16
  1.168500000e-16
  -7.001000000e-01 -7.092000000e-01 8.287000000e-02
  -4.685000000e-01 3.686000000e-01 -8.029000000e-01
  -5.389000000e-01 6.009000000e-01 5.903000000e-01
 Node:         31
  0.1203E+03  0.1126E+03  0.4920E+03 -0.1729E-03
  -5.551E-17
   9.714E-17
  -1.11E-16
   2.776E-17
   4.163E-17
  -5.551E-17
  4.114000000e-17
  -7.661000000e-17
  -1.866000000e-16
  1.972700000e-16
  -7.402300000e-17
  9.299200000e-17
  -6.956000000e-01 -5.654000000e-01 -4.433000000e-01
  4.358000000e-01 1.585000000e-01 -8.860000000e-01
  5.712000000e-01 -8.095000000e-01 1.362000000e-01
 Node:         32
  0.1188E+03  0.1134E+03  0.5062E+03 -0.1729E-03
   2.22E-16
  -1.388E-17
  -1.11E-16
  -2.776E-17
   9.714E-17
  -5.551E-17
  2.266000000e-16
  1.331000000e-17
  -1.844000000e-16
  3.560200000e-16
  1.850300000e-17
  1.678300000e-16
  -9.894000000e-01 7.624000000e-02 1.236000000e-01
  1.445000000e-01 5.992000000e-01 7.875000000e-01
  1.402000000e-02 -7.970000000e-01 6.038000000e-01
 Node:         33
  0.1183E+03  0.1150E+03  0.5201E+03 -0.1729E-03
   1.11E-16
   5.551E-17
   0.0
   8.327E-17
   0.0
   0.0
  1.700000000e-16
  0.000000000e+00
  -5.893000000e-17
  2.058900000e-16
  3.702300000e-17
  9.705800000e-17
  -8.617000000e-01 -2.815000000e-01 -4.222000000e-01
  0.000000000e+00 -8.321000000e-01 5.547000000e-01
  -5.074000000e-01 4.780000000e-01 7.170000000e-01
 Node:         34
  0.1255E+03  0.1129E+03  0.4909E+03 -0.1729E-03
   0.0
   0.0
   0.0
   5.551E-17
   9.714E-17
   0.0
  1.119000000e-16
  3.387000000e-33
  -1.119000000e-16
  1.938200000e-16
  0.000000000e+00
  9.136600000e-17
  -3.508000000e-01 -6.139000000e-01 -7.071000000e-01
  8.682000000e-01 -4.961000000e-01 -4.855000000e-17
  -3.508000000e-01 -6.139000000e-01 7.071000000e-01
 Node:         35
  0.1260E+03  0.1135E+03  0.5054E+03 -0.1729E-03
   0.0
   1.11E-16
  -1.11E-16
   1.11E-16
   2.498E-16
  -1.11E-16
  2.410000000e-16
  -1.023000000e-16
  -3.608000000e-16
  5.229000000e-16
  -7.403300000e-17
  2.465000000e-16
  5.458000000e-01 5.925000000e-01 5.925000000e-01
  8.379000000e-01 -3.859000000e-01 -3.859000000e-01
  -4.975000000e-17 -7.071000000e-01 7.071000000e-01
 Node:         36
  0.1257E+03  0.1153E+03  0.5196E+03 -0.1729E-03
   0.0
  -5.551E-17
   0.0
  -5.551E-17
   8.327E-17
   0.0
  1.305000000e-16
  -4.723000000e-17
  -8.327000000e-17
  1.982200000e-16
  0.000000000e+00
  9.344300000e-17
  -5.155000000e-01 6.059000000e-01 6.059000000e-01
  8.569000000e-01 3.645000000e-01 3.645000000e-01
  -1.256000000e-16 7.071000000e-01 -7.071000000e-01
 Node:         37
  0.1132E+03  0.1210E+03  0.4959E+03 -0.1729E-03
  -2.22E-16
   1.388E-16
  -2.22E-16
  -8.327E-17
   1.804E-16
  -2.776E-16
  -4.482000000e-17
  -1.622000000e-16
  -5.146000000e-16
  4.234700000e-16
  -2.405400000e-16
  1.996300000e-16
  3.971000000e-01 7.887000000e-01 4.693000000e-01
  -7.874000000e-01 3.010000000e-02 6.157000000e-01
  4.715000000e-01 -6.140000000e-01 6.330000000e-01
 Node:         38
  0.1111E+03  0.1204E+03  0.5085E+03 -0.1729E-03
  -1.665E-16
   9.714E-17
   0.0
  -2.776E-17
  -8.327E-17
  -2.22E-16
  7.071000000e-17
  -2.091000000e-16
  -2.502000000e-16
  3.024600000e-16
  -1.295300000e-16
  1.425800000e-16
  -3.916000000e-01 -8.746000000e-01 2.859000000e-01
  9.154000000e-01 -3.389000000e-01 2.170000000e-01
  9.287000000e-02 -3.467000000e-01 -9.334000000e-01
 Node:         39
  0.1119E+03  0.1201E+03  0.5207E+03 -0.1729E-03
  -5.551E-17
  -9.714E-17
  -3.331E-16
  -8.327E-17
  -7.633E-17
  -1.11E-16
  8.934000000e-18
  -1.105000000e-16
  -3.981000000e-16
  3.623900000e-16
  -1.665600000e-16
  1.708300000e-16
  8.510000000e-01 -1.281000000e-01 -5.092000000e-01
  4.076000000e-01 -4.503000000e-01 7.944000000e-01
  -3.311000000e-01 -8.836000000e-01 -3.310000000e-01
 Node:         40
  0.1191E+03  0.1220E+03  0.4937E+03 -0.1729E-03
   0.0
   8.327E-17
  -2.22E-16
   8.327E-17
  -1.388E-17
  -2.22E-16
  4.872000000e-17
  -2.082000000e-16
  -2.846000000e-16
  3.024500000e-16
  -1.480300000e-16
  1.425700000e-16
  -9.240000000e-01 -2.703000000e-01 -2.703000000e-01
  0.000000000e+00 -7.071000000e-01 7.071000000e-01
  3.823000000e-01 -6.534000000e-01 -6.534000000e-01
 Node:         41
  0.1182E+03  0.1217E+03  0.5073E+03 -0.1729E-03
   0.0
  -2.776E-17
  -5.551E-17
   5.551E-17
   9.714E-17
   1.11E-16
  1.653000000e-16
  1.073000000e-17
  -1.206000000e-16
  2.478700000e-16
  1.847700000e-17
  1.168500000e-16
  2.406000000e-01 3.653000000e-01 8.993000000e-01
  -8.901000000e-01 4.526000000e-01 5.428000000e-02
  -3.871000000e-01 -8.135000000e-01 4.340000000e-01
 Node:         42
  0.1187E+03  0.1212E+03  0.5204E+03 -0.1729E-03
   0.0
  -5.551E-17
  -1.11E-16
   0.0
   5.551E-17
   1.11E-16
  1.256000000e-16
  1.887000000e-17
  -1.444000000e-16
  2.355300000e-16
  2.333300000e-20
  1.110300000e-16
  1.113000000e-01 -2.517000000e-01 -9.614000000e-01
  9.295000000e-01 -3.159000000e-01 1.903000000e-01
  -3.516000000e-01 -9.148000000e-01 1.988000000e-01
 Node:         43
  0.1258E+03  0.1217E+03  0.4915E+03 -0.1729E-03
   2.22E-16
   1.11E-16
   1.11E-16
  -1.388E-17
   0.0
  -5.551E-17
  2.911000000e-16
  4.294000000e-17
  -5.645000000e-17
  3.100400000e-16
  9.253000000e-17
  1.461600000e-16
  -8.507000000e-01 -5.246000000e-01 3.406000000e-02
  -5.213000000e-01 8.502000000e-01 7.348000000e-02
  6.751000000e-02 -4.475000000e-02 9.967000000e-01
 Node:         44
  0.1259E+03  0.1220E+03  0.5059E+03 -0.1729E-03
  -2.22E-16
   1.388E-16
  -2.22E-16
   9.714E-17
   1.11E-16
  -1.11E-16
  5.081000000e-17
  -2.445000000e-16
  -3.614000000e-16
  3.679600000e-16
  -1.850300000e-16
  1.734600000e-16
  -5.113000000e-01 -5.340000000e-01 -6.733000000e-01
  -5.198000000e-01 -4.318000000e-01 7.372000000e-01
  -6.844000000e-01 7.269000000e-01 -5.679000000e-02
 Node:         45
  0.1261E+03  0.1221E+03  0.5198E+03 -0.1729E-03
  -5.551E-17
  -8.327E-17
  -2.776E-16
   2.776E-17
  -6.939E-18
   1.11E-16
  1.167000000e-16
  -3.339000000e-17
  -3.053000000e-16
  3.705000000e-16
  -7.399700000e-17
  1.746600000e-16
  1.854000000e-01 -5.643000000e-02 9.810000000e-01
  9.302000000e-01 -3.117000000e-01 -1.938000000e-01
  -3.167000000e-01 -9.485000000e-01 5.308000000e-03
 Node:         46
  0.1117E+03  0.1296E+03  0.4959E+03  0.0000E+00
  -5.551E-17
   2.776E-17
  -1.665E-16
   6.939E-18
  -2.602E-17
   0.0
  4.101000000e-18
  -4.897000000e-17
  -1.772000000e-16
  1.614500000e-16
  -7.402300000e-17
  7.610600000e-17
  4.856000000e-02 -1.429000000e-01 9.886000000e-01
  9.724000000e-01 2.327000000e-01 -1.414000000e-02
  -2.280000000e-01 9.620000000e-01 1.502000000e-01
 Node:         47
  0.1107E+03  0.1269E+03  0.5087E+03  0.0000E+00
  -1.665E-16
  -3.123E-17
   1.11E-16
  -2.776E-17
   3.99E-17
   0.0
  1.289000000e-16
  -1.114000000e-17
  -1.732000000e-16
  2.618600000e-16
  -1.848000000e-17
  1.234400000e-16
  -1.292000000e-01 9.390000000e-01 3.186000000e-01
  -1.008000000e-01 -3.321000000e-01 9.379000000e-01
  -9.865000000e-01 -8.906000000e-02 -1.376000000e-01
 Node:         48
  0.1125E+03  0.1242E+03  0.5208E+03  0.0000E+00
   1.11E-16
   3.469E-18
   1.11E-16
   0.0
  -1.735E-18
   1.11E-16
  1.149000000e-16
  1.110000000e-16
  1.071000000e-16
  6.755000000e-18
  1.110000000e-16
  3.184300000e-18
  -6.325000000e-01 -7.071000000e-01 3.162000000e-01
  4.472000000e-01 -4.455000000e-15 8.944000000e-01
  -6.325000000e-01 7.071000000e-01 3.162000000e-01
 Node:         49
  0.1186E+03  0.1311E+03  0.4938E+03  0.0000E+00
  -1.665E-16
  -2.082E-17
   0.0
  -4.163E-17
  -6.072E-18
  -5.551E-17
  2.581000000e-18
  -4.165000000e-17
  -1.830000000e-16
  1.678900000e-16
  -7.402300000e-17
  7.914600000e-17
  1.174000000e-01 -9.929000000e-01 1.965000000e-02
  -3.135000000e-01 -1.827000000e-02 9.494000000e-01
  -9.423000000e-01 -1.176000000e-01 -3.134000000e-01
 Node:         50
  0.1180E+03  0.1298E+03  0.5075E+03  0.0000E+00
   0.0
  -1.301E-17
   3.331E-16
  -4.163E-17
   1.247E-17
   2.22E-16
  3.354000000e-16
  2.276000000e-16
  -7.879000000e-18
  3.040700000e-16
  1.850400000e-16
  1.433400000e-16
  5.441000000e-02 -9.902000000e-01 -1.289000000e-01
  -1.707000000e-01 -1.364000000e-01 9.758000000e-01
  9.838000000e-01 3.109000000e-02 1.765000000e-01
 Node:         51
  0.1192E+03  0.1275E+03  0.5206E+03  0.0000E+00
   0.0
  -3.469E-18
  -5.551E-17
   0.0
   1.475E-17
   1.11E-16
  1.123000000e-16
  2.087000000e-19
  -5.702000000e-17
  1.491800000e-16
  1.849600000e-17
  7.032400000e-17
  -2.705000000e-03 8.758000000e-02 9.962000000e-01
  9.982000000e-01 -6.004000000e-02 7.989000000e-03
  -6.051000000e-02 -9.943000000e-01 8.725000000e-02
 Node:         52
  0.1262E+03  0.1305E+03  0.4920E+03  0.0000E+00
   1.11E-16
  -1.388E-17
   1.11E-16
   1.301E-18
   4.906E-18
   0.0
  1.250000000e-16
  9.734000000e-17
  -2.497000000e-19
  1.139700000e-16
  7.403000000e-17
  5.372400000e-17
  -7.047000000e-01 7.092000000e-01 2.051000000e-02
  7.093000000e-01 7.034000000e-01 4.493000000e-02
  -1.744000000e-02 -4.621000000e-02 9.988000000e-01
 Node:         53
  0.1258E+03  0.1304E+03  0.5063E+03  0.0000E+00
  -1.665E-16
  -1.735E-18
  -1.11E-16
   2.776E-17
   3.383E-17
  -2.22E-16
  -1.010000000e-16
  -1.572000000e-16
  -2.414000000e-16
  1.223900000e-16
  -1.665300000e-16
  5.769700000e-17
  9.684000000e-02 9.526000000e-01 2.883000000e-01
  -9.346000000e-01 1.866000000e-01 -3.027000000e-01
  -3.422000000e-01 -2.402000000e-01 9.084000000e-01
 Node:         54
  0.1265E+03  0.1288E+03  0.5200E+03  0.0000E+00
  -2.22E-16
   2.082E-17
   1.11E-16
   0.0
  -4.337E-18
   1.11E-16
  1.160000000e-16
  1.073000000e-16
  -2.233000000e-16
  3.350300000e-16
  0.000000000e+00
  1.579400000e-16
  -4.656000000e-02 -7.562000000e-01 6.527000000e-01
  -4.117000000e-02 -6.514000000e-01 -7.576000000e-01
  -9.981000000e-01 6.215000000e-02 8.061000000e-04
 Node:         55
  0.1381E+03  0.1168E+03  0.4521E+03  0.1302E-01
   0.02257
  -0.01206
   0.002922
  -0.004082
   0.01759
  -0.044
  3.016000000e-02
  1.199000000e-03
  -4.986000000e-02
  7.017500000e-02
  -6.167000000e-03
  3.308100000e-02
  8.591000000e-01 -4.854000000e-01 -1.624000000e-01
  5.118000000e-01 8.152000000e-01 2.711000000e-01
  8.388000000e-04 -3.160000000e-01 9.487000000e-01
 Node:         56
  0.1313E+03  0.1156E+03  0.4681E+03  0.1302E-01
   0.03321
  -0.01569
   0.003927
  -0.01326
   0.009836
  -0.02132
  4.401000000e-02
  -2.338000000e-03
  -2.585000000e-02
  6.156900000e-02
  5.274000000e-03
  2.902400000e-02
  -8.825000000e-01 4.044000000e-01 2.401000000e-01
  4.448000000e-01 8.835000000e-01 1.470000000e-01
  1.526000000e-01 -2.365000000e-01 9.596000000e-01
 Node:         57
  0.1285E+03  0.1140E+03  0.4823E+03  0.1302E-01
   0.009391
  -0.006428
   0.004158
  -0.004019
   0.002803
  -1.48E-4
  1.527000000e-02
  -1.620000000e-04
  -1.709000000e-03
  1.626100000e-02
  4.466300000e-03
  7.665400000e-03
  -7.899000000e-01 5.333000000e-01 3.028000000e-01
  5.715000000e-01 8.192000000e-01 4.808000000e-02
  2.224000000e-01 -2.110000000e-01 9.518000000e-01
 Node:         58
  0.1476E+03  0.1179E+03  0.4522E+03  0.1302E-01
   0.02127
  -0.01093
   0.01281
  -0.001565
   0.01135
  -0.07889
  2.932000000e-02
  6.142000000e-03
  -8.027000000e-02
  1.000400000e-01
  -1.493600000e-02
  4.715700000e-02
  8.078000000e-01 -5.849000000e-01 -7.302000000e-02
  5.895000000e-01 8.021000000e-01 9.619000000e-02
  2.304000000e-03 -1.207000000e-01 9.927000000e-01
 Node:         59
  0.1414E+03  0.1167E+03  0.4686E+03  0.1302E-01
   0.04862
  -0.02228
   0.01177
  -0.02549
   0.01944
  -0.02212
  6.987000000e-02
  2.366000000e-03
  -3.396000000e-02
  9.126100000e-02
  1.275900000e-02
  4.302100000e-02
  -8.418000000e-01 4.315000000e-01 3.245000000e-01
  4.980000000e-01 8.526000000e-01 1.583000000e-01
  2.083000000e-01 -2.948000000e-01 9.326000000e-01
 Node:         60
  0.1374E+03  0.1150E+03  0.4832E+03  0.1302E-01
   0.01805
  -0.01165
   0.007751
  -0.01263
   0.008189
   0.004639
  3.349000000e-02
  1.651000000e-04
  -3.218000000e-03
  3.513900000e-02
  1.014600000e-02
  1.656500000e-02
  -7.431000000e-01 4.835000000e-01 4.626000000e-01
  5.421000000e-01 8.403000000e-01 -7.394000000e-03
  3.923000000e-01 -2.453000000e-01 8.865000000e-01
 Node:         61
  0.1546E+03  0.1222E+03  0.4525E+03  0.1302E-01
   0.03869
  -0.007907
  -0.005413
   0.01088
  -0.01745
  -0.02903
  4.286000000e-02
  1.451000000e-04
  -3.876000000e-02
  7.071100000e-02
  1.415000000e-03
  3.333300000e-02
  -9.529000000e-01 2.282000000e-01 -1.996000000e-01
  2.926000000e-01 8.648000000e-01 -4.081000000e-01
  -7.944000000e-02 4.473000000e-01 8.909000000e-01
 Node:         62
  0.1487E+03  0.1203E+03  0.4692E+03  0.1302E-01
   0.06006
  -0.03543
   0.01356
  -0.02556
   0.0102
   0.02938
  9.128000000e-02
  1.767000000e-02
  -5.951000000e-03
  8.783600000e-02
  3.433300000e-02
  4.140600000e-02
  -8.109000000e-01 4.228000000e-01 4.045000000e-01
  2.958000000e-01 -3.003000000e-01 9.068000000e-01
  5.049000000e-01 8.550000000e-01 1.185000000e-01
 Node:         63
  0.1436E+03  0.1181E+03  0.4838E+03  0.1302E-01
   0.01375
  -0.01923
   0.02087
  -0.01034
   0.01416
   0.01069
  4.564000000e-02
  2.149000000e-03
  -2.472000000e-03
  4.597600000e-02
  1.510600000e-02
  2.167300000e-02
  -5.638000000e-01 6.939000000e-01 4.480000000e-01
  -4.495000000e-01 1.972000000e-01 -8.712000000e-01
  -6.929000000e-01 -6.925000000e-01 2.008000000e-01
 Node:         64
  0.1409E+03  0.1253E+03  0.4518E+03  0.1302E-01
  -0.02485
  -0.01693
   0.03493
  -5.2E-4
   0.001125
  -0.02753
  3.941000000e-02
  -2.753000000e-02
  -2.934000000e-02
  6.786300000e-02
  -5.820000000e-03
  3.199100000e-02
  2.548000000e-01 -9.668000000e-01 -1.823000000e-02
  -1.116000000e-01 -4.815000000e-02 9.926000000e-01
  9.605000000e-01 2.509000000e-01 1.202000000e-01
 Node:         65
  0.1338E+03  0.1229E+03  0.4680E+03  0.1302E-01
   0.009317
  -0.02718
   0.0231
  -0.007841
   0.002896
  -0.01707
  4.506000000e-02
  -9.532000000e-03
  -2.018000000e-02
  6.062100000e-02
  5.116000000e-03
  2.857700000e-02
  6.170000000e-01 -7.786000000e-01 -1.142000000e-01
  -6.615000000e-01 -5.917000000e-01 4.607000000e-01
  -4.263000000e-01 -2.087000000e-01 -8.802000000e-01
 Node:         66
  0.1299E+03  0.1214E+03  0.4825E+03  0.1302E-01
   0.009029
  -0.008483
   0.007152
  -0.003532
   0.002739
  -4.149E-4
  1.772000000e-02
  -3.627000000e-04
  -1.593000000e-03
  1.872800000e-02
  5.254800000e-03
  8.828500000e-03
  -7.262000000e-01 6.447000000e-01 2.388000000e-01
  5.958000000e-01 7.635000000e-01 -2.493000000e-01
  3.430000000e-01 3.876000000e-02 9.385000000e-01
 Node:         67
  0.1494E+03  0.1245E+03  0.4521E+03  0.1302E-01
  -0.01084
  -0.01208
   0.03351
  -4.006E-5
   0.003441
  -0.07108
  3.669000000e-02
  -1.391000000e-02
  -7.119000000e-02
  9.348700000e-02
  -1.613700000e-02
  4.407000000e-02
  -2.462000000e-01 9.687000000e-01 3.103000000e-02
  9.692000000e-01 2.458000000e-01 1.412000000e-02
  -6.049000000e-03 -3.355000000e-02 9.994000000e-01
 Node:         68
  0.1428E+03  0.1224E+03  0.4686E+03  0.1302E-01
   0.03921
  -0.0279
   0.02894
  -0.01947
   0.00839
  -0.03933
  6.637000000e-02
  6.392000000e-03
  -4.394000000e-02
  9.565300000e-02
  9.607300000e-03
  4.509100000e-02
  -7.664000000e-01 6.137000000e-01 1.898000000e-01
  6.040000000e-01 7.890000000e-01 -1.124000000e-01
  2.187000000e-01 -2.856000000e-02 9.754000000e-01
 Node:         69
  0.1379E+03  0.1205E+03  0.4830E+03  0.1302E-01
   0.01875
  -0.01204
   0.008981
  -0.009637
   0.005753
  -9.968E-5
  3.091000000e-02
  9.395000000e-04
  -4.215000000e-03
  3.285200000e-02
  9.211500000e-03
  1.548700000e-02
  -7.839000000e-01 5.195000000e-01 3.400000000e-01
  5.181000000e-01 8.491000000e-01 -1.030000000e-01
  3.422000000e-01 -9.541000000e-02 9.348000000e-01
 Node:         70
  0.1548E+03  0.1243E+03  0.4525E+03  0.1302E-01
   0.002151
  -0.0157
   0.02669
  -0.009446
   0.007747
  -0.09516
  3.529000000e-02
  -5.228000000e-03
  -9.639000000e-02
  1.168200000e-01
  -2.210900000e-02
  5.506700000e-02
  4.463000000e-01 -8.908000000e-01 -8.521000000e-02
  -8.906000000e-01 -4.514000000e-01 5.466000000e-02
  8.716000000e-02 -5.150000000e-02 9.949000000e-01
 Node:         71
  0.1489E+03  0.1222E+03  0.4692E+03  0.1302E-01
   0.06398
  -0.02349
   0.02633
  -0.03698
   0.01511
  -0.03675
  8.801000000e-02
  1.512000000e-02
  -4.958000000e-02
  1.192300000e-01
  1.785000000e-02
  5.620400000e-02
  -8.629000000e-01 4.032000000e-01 3.046000000e-01
  4.143000000e-01 9.096000000e-01 -3.048000000e-02
  2.893000000e-01 -9.989000000e-02 9.520000000e-01
 Node:         72
  0.1434E+03  0.1199E+03  0.4837E+03  0.1302E-01
   0.0292
  -0.01238
   0.007479
  -0.01657
   0.007431
   0.002754
  4.300000000e-02
  1.870000000e-03
  -5.441000000e-03
  4.523100000e-02
  1.314300000e-02
  2.132200000e-02
  -8.306000000e-01 3.755000000e-01 4.113000000e-01
  4.088000000e-01 9.126000000e-01 -7.619000000e-03
  3.782000000e-01 -1.618000000e-01 9.115000000e-01
 Node:         73
  0.1438E+03  0.1339E+03  0.4513E+03  0.0000E+00
   0.03327
   6.582E-4
  -0.02233
  -0.006402
   0.005219
   5.31E-4
  3.448000000e-02
  5.292000000e-04
  -2.354000000e-02
  5.048900000e-02
  3.823100000e-03
  2.380100000e-02
  -9.825000000e-01 5.717000000e-03 1.861000000e-01
  -1.827000000e-01 -2.238000000e-01 -9.574000000e-01
  -3.619000000e-02 9.746000000e-01 -2.209000000e-01
 Node:         74
  0.1363E+03  0.1303E+03  0.4678E+03  0.0000E+00
   0.0579
   0.02094
  -0.001278
   0.004458
   0.008529
   0.01311
  6.546000000e-02
  1.425000000e-02
  -9.981000000e-03
  6.671200000e-02
  2.324300000e-02
  3.144800000e-02
  -9.410000000e-01 -3.120000000e-01 -1.310000000e-01
  -2.106000000e-01 2.370000000e-01 9.484000000e-01
  -2.648000000e-01 9.201000000e-01 -2.887000000e-01
 Node:         75
  0.1313E+03  0.1288E+03  0.4826E+03  0.0000E+00
   0.02567
   0.008546
   0.001851
   0.002445
   0.001292
   0.00196
  2.869000000e-02
  1.769000000e-03
  -9.840000000e-04
  2.839800000e-02
  9.825000000e-03
  1.338700000e-02
  -9.465000000e-01 -3.062000000e-01 -1.013000000e-01
  -1.493000000e-01 1.374000000e-01 9.792000000e-01
  -2.859000000e-01 9.420000000e-01 -1.758000000e-01
 Node:         76
  0.1511E+03  0.1311E+03  0.4519E+03  0.0000E+00
   0.02605
  -0.00215
  -0.02074
  -0.006843
   6.2E-4
  -0.007176
  2.751000000e-02
  -8.528000000e-03
  -2.084000000e-02
  4.352000000e-02
  -6.193300000e-04
  2.051600000e-02
  -9.799000000e-01 4.616000000e-02 1.942000000e-01
  1.951000000e-01 1.545000000e-02 9.807000000e-01
  -4.227000000e-02 -9.988000000e-01 2.415000000e-02
 Node:         77
  0.1443E+03  0.1282E+03  0.4685E+03  0.0000E+00
   0.06893
   0.01887
  -0.001243
   0.005604
   0.003358
   0.004802
  7.425000000e-02
  4.573000000e-03
  -6.332000000e-03
  7.572100000e-02
  2.416400000e-02
  3.569500000e-02
  -9.653000000e-01 -2.453000000e-01 -8.975000000e-02
  -1.288000000e-01 1.481000000e-01 9.805000000e-01
  -2.272000000e-01 9.581000000e-01 -1.746000000e-01
 Node:         78
  0.1384E+03  0.1261E+03  0.4829E+03  0.0000E+00
   0.02956
   0.01007
   0.002065
   0.003368
   0.001494
   0.001338
  3.327000000e-02
  9.792000000e-04
  -1.293000000e-03
  3.348500000e-02
  1.098500000e-02
  1.578500000e-02
  -9.438000000e-01 -3.101000000e-01 -1.141000000e-01
  -1.584000000e-01 1.219000000e-01 9.798000000e-01
  -2.900000000e-01 9.429000000e-01 -1.642000000e-01
 Node:         79
  0.1551E+03  0.1263E+03  0.4525E+03  0.0000E+00
   0.01409
  -0.007229
  -0.08295
  -0.01947
   0.001052
  -0.009375
  2.552000000e-02
  -2.027000000e-02
  -8.349000000e-02
  9.480700000e-02
  -2.608000000e-02
  4.469200000e-02
  8.707000000e-01 -6.276000000e-02 -4.878000000e-01
  4.861000000e-01 -4.140000000e-02 8.729000000e-01
  -7.498000000e-02 -9.972000000e-01 -5.545000000e-03
 Node:         80
  0.1491E+03  0.1241E+03  0.4692E+03  0.0000E+00
   0.08256
   0.002277
  -0.05197
   0.01153
   0.004838
   0.002759
  8.425000000e-02
  1.500000000e-03
  -5.240000000e-02
  1.192200000e-01
  1.111700000e-02
  5.620000000e-02
  -9.897000000e-01 -2.156000000e-02 -1.413000000e-01
  -1.426000000e-01 8.317000000e-02 9.863000000e-01
  9.518000000e-03 -9.963000000e-01 8.540000000e-02
 Node:         81
  0.1433E+03  0.1217E+03  0.4836E+03  0.0000E+00
   0.03511
   0.007466
  -0.004531
   0.01193
   0.003517
   0.004327
  4.068000000e-02
  3.680000000e-04
  -6.145000000e-03
  4.393200000e-02
  1.163400000e-02
  2.071000000e-02
  -9.296000000e-01 -1.786000000e-01 -3.224000000e-01
  -3.479000000e-01 1.359000000e-01 9.276000000e-01
  1.219000000e-01 -9.745000000e-01 1.885000000e-01
 Node:         82
  0.1267E+03  0.1148E+03  0.4554E+03  0.2325E-01
   0.02444
  -0.01394
  -0.007474
  -0.005765
  -0.002153
  -0.009327
  3.022000000e-02
  -7.034000000e-03
  -1.555000000e-02
  4.216200000e-02
  2.545300000e-03
  1.987500000e-02
  -9.336000000e-01 3.385000000e-01 1.177000000e-01
  -1.069000000e-01 -5.764000000e-01 8.101000000e-01
  3.421000000e-01 7.437000000e-01 5.743000000e-01
 Node:         83
  0.1234E+03  0.1129E+03  0.4716E+03  0.2325E-01
   0.01002
  -0.01112
  -0.005815
  -0.01317
   6.672E-4
   0.004712
  2.370000000e-02
  -1.049000000e-03
  -1.373000000e-02
  3.297200000e-02
  2.973700000e-03
  1.554300000e-02
  -7.775000000e-01 3.054000000e-01 5.497000000e-01
  2.981000000e-01 -5.908000000e-01 7.498000000e-01
  5.538000000e-01 7.468000000e-01 3.683000000e-01
 Node:         84
  0.1187E+03  0.1123E+03  0.4849E+03  0.2325E-01
   0.00105
  -0.00109
  -5.687E-4
  -0.003816
   1.97E-4
   0.005833
  8.003000000e-03
  3.876000000e-05
  -1.727000000e-03
  8.978300000e-03
  2.104900000e-03
  4.232400000e-03
  -4.894000000e-01 8.219000000e-02 8.682000000e-01
  -5.031000000e-01 7.866000000e-01 -3.580000000e-01
  -7.123000000e-01 -6.120000000e-01 -3.436000000e-01
 Node:         85
  0.1302E+03  0.1161E+03  0.4541E+03  0.2325E-01
   0.02775
  -0.01581
  -0.007422
  -0.005659
  -0.003926
  -0.01734
  3.411000000e-02
  -9.519000000e-03
  -2.160000000e-02
  5.075900000e-02
  9.970000000e-04
  2.392800000e-02
  -9.342000000e-01 3.485000000e-01 7.616000000e-02
  2.456000000e-01 7.833000000e-01 -5.710000000e-01
  2.587000000e-01 5.148000000e-01 8.174000000e-01
 Node:         86
  0.1252E+03  0.1138E+03  0.4698E+03  0.2325E-01
  -0.009426
  -0.01116
   0.0221
  -0.02738
   0.003886
   9.742E-4
  3.328000000e-02
  1.317000000e-02
  -3.280000000e-02
  5.866900000e-02
  4.550000000e-03
  2.765700000e-02
  5.104000000e-01 -6.884000000e-01 -5.153000000e-01
  -3.662000000e-01 -7.162000000e-01 5.941000000e-01
  7.781000000e-01 1.145000000e-01 6.176000000e-01
 Node:         87
  0.1217E+03  0.1126E+03  0.4833E+03  0.2325E-01
   0.003286
  -8.647E-4
  -4.714E-4
  -0.005943
   7.586E-4
   0.006524
  1.117000000e-02
  -5.121000000e-04
  -1.323000000e-03
  1.210800000e-02
  3.111600000e-03
  5.707700000e-03
  -6.057000000e-01 9.643000000e-02 7.898000000e-01
  1.746000000e-01 -9.523000000e-01 2.502000000e-01
  7.763000000e-01 2.894000000e-01 5.600000000e-01
 Node:         88
  0.1338E+03  0.1169E+03  0.4524E+03  0.2325E-01
   0.017
  -0.01584
  -3.554E-4
  -0.005796
   0.003025
  -0.009739
  2.753000000e-02
  -9.643000000e-03
  -1.098000000e-02
  3.785900000e-02
  2.302300000e-03
  1.784700000e-02
  -8.483000000e-01 5.006000000e-01 1.726000000e-01
  4.495000000e-01 8.531000000e-01 -2.650000000e-01
  2.799000000e-01 1.472000000e-01 9.487000000e-01
 Node:         89
  0.1270E+03  0.1150E+03  0.4681E+03  0.2325E-01
   0.02682
  -0.01379
  -0.00118
  -0.01495
   6.484E-4
   3.339E-4
  3.784000000e-02
  -1.094000000e-03
  -1.077000000e-02
  4.456700000e-02
  8.658700000e-03
  2.100900000e-02
  -8.792000000e-01 3.166000000e-01 3.560000000e-01
  3.797000000e-02 -6.983000000e-01 7.148000000e-01
  4.749000000e-01 6.420000000e-01 6.020000000e-01
 Node:         90
  0.1248E+03  0.1132E+03  0.4821E+03  0.2325E-01
   0.006942
  -0.004768
   0.002299
  -0.00372
   0.001922
   0.001705
  1.167000000e-02
  8.728000000e-05
  -8.132000000e-04
  1.205800000e-02
  3.648000000e-03
  5.684300000e-03
  -7.876000000e-01 4.799000000e-01 3.865000000e-01
  1.055000000e-01 -5.129000000e-01 8.520000000e-01
  6.071000000e-01 7.118000000e-01 3.533000000e-01
 Node:         91
  0.1257E+03  0.1258E+03  0.4541E+03  0.2325E-01
  -0.02865
  -0.02607
   0.0245
  -0.01009
   4.56E-4
  -0.01092
  3.555000000e-02
  -8.594000000e-03
  -4.203000000e-02
  6.739900000e-02
  -5.024700000e-03
  3.177200000e-02
  -3.871000000e-01 9.173000000e-01 9.307000000e-02
  -2.288000000e-01 -1.933000000e-01 9.541000000e-01
  -8.932000000e-01 -3.480000000e-01 -2.847000000e-01
 Node:         92
  0.1208E+03  0.1230E+03  0.4722E+03  0.2325E-01
   0.01026
  -0.01799
  -0.002188
  -0.01557
  -7.694E-4
  -0.001814
  2.841000000e-02
  -1.213000000e-03
  -2.094000000e-02
  4.302400000e-02
  2.085700000e-03
  2.028200000e-02
  -7.951000000e-01 4.577000000e-01 3.979000000e-01
  3.022000000e-03 -6.531000000e-01 7.573000000e-01
  6.064000000e-01 6.033000000e-01 5.179000000e-01
 Node:         93
  0.1159E+03  0.1217E+03  0.4876E+03  0.2325E-01
   0.005766
   2.529E-4
  -0.001349
  -0.007447
  -0.003164
   0.004787
  1.313000000e-02
  1.597000000e-04
  -4.083000000e-03
  1.553200000e-02
  3.068900000e-03
  7.322100000e-03
  -7.044000000e-01 -1.633000000e-01 6.908000000e-01
  5.557000000e-01 -7.324000000e-01 3.935000000e-01
  -4.416000000e-01 -6.611000000e-01 -6.066000000e-01
 Node:         94
  0.1311E+03  0.1260E+03  0.4531E+03  0.2325E-01
  -0.0368
  -0.02566
   0.02992
  -0.006452
  -0.002046
  -0.01844
  3.864000000e-02
  -1.685000000e-02
  -4.713000000e-02
  7.534100000e-02
  -8.446700000e-03
  3.551600000e-02
  -3.222000000e-01 9.467000000e-01 2.481000000e-03
  -2.166000000e-01 -7.627000000e-02 9.733000000e-01
  -9.216000000e-01 -3.130000000e-01 -2.296000000e-01
 Node:         95
  0.1248E+03  0.1233E+03  0.4703E+03  0.2325E-01
   0.02011
  -0.01629
   0.007906
  -0.01747
   9.22E-4
  -0.01854
  3.566000000e-02
  -7.066000000e-05
