 Group name: actual_strain_L4A4
 #Fields=  17
 1) coordinates, coordinate, rectangular cartesian, #Components=3
   x.  Value index= 1, #Derivatives=0
   y.  Value index= 2, #Derivatives=0
   z.  Value index= 3, #Derivatives=0
 2) dummy, field, rectangular cartesian, #Components=1
   Tensor_1.  Value index= 4, #Derivatives=0
 3) Tensor_1, field, rectangular cartesian, #Components=1
   Tensor_1.  Value index= 5, #Derivatives=0
 4) Tensor_2, field, rectangular cartesian, #Components=1
   Tensor_2.  Value index= 6, #Derivatives=0
 5) Tensor_3, field, rectangular cartesian, #Components=1
   Tensor_3.  Value index= 7, #Derivatives=0
 6) Tensor_4, field, rectangular cartesian, #Components=1
   Tensor_4.  Value index= 8, #Derivatives=0
 7) Tensor_5, field, rectangular cartesian, #Components=1
   Tensor_5.  Value index= 9, #Derivatives=0
 8) Tensor_6, field, rectangular cartesian, #Components=1
   Tensor_6.  Value index= 10, #Derivatives=0
 9) Principal_1, field, rectangular cartesian, #Components=1
   Principal_1.  Value index= 11, #Derivatives=0
 10) Principal_2, field, rectangular cartesian, #Components=1
   Principal_2.  Value index= 12, #Derivatives=0
 11) Principal_3, field, rectangular cartesian, #Components=1
   Principal_3.  Value index= 13, #Derivatives=0
 12) VonMises, field, rectangular cartesian, #Components=1
   VonMises.  Value index= 14, #Derivatives=0
 13) Hydrostatic, field, rectangular cartesian, #Components=1
   VonMises.  Value index= 15, #Derivatives=0
 14) Octahedral, field, rectangular cartesian, #Components=1
   VonMises.  Value index= 16, #Derivatives=0
 15) PrincipalVector1, field, rectangular cartesian, #Components=3
   x.  Value index= 17, #Derivatives=0
   y.  Value index= 18, #Derivatives=0
   z.  Value index= 19, #Derivatives=0
 16) PrincipalVector2, field, rectangular cartesian, #Components=3
   x.  Value index= 20, #Derivatives=0
   y.  Value index= 21, #Derivatives=0
   z.  Value index= 22, #Derivatives=0
 17) PrincipalVector3, field, rectangular cartesian, #Components=3
   x.  Value index= 23, #Derivatives=0
   y.  Value index= 24, #Derivatives=0
   z.  Value index= 25, #Derivatives=0
 Node:          1
  0.1287E+03  0.1133E+03  0.4908E+03 -0.3079E-04
  -1.11E-16
  -8.327E-17
  -2.22E-16
  -2.776E-17
  -4.163E-17
  -3.331E-16
  -6.637000000e-17
  -2.400000000e-16
  -3.598000000e-16
  2.555400000e-16
  -2.220600000e-16
  1.204600000e-16
  8.837000000e-01 -4.676000000e-01 -1.897000000e-02
  4.046000000e-01 7.837000000e-01 -4.712000000e-01
  2.352000000e-01 4.088000000e-01 8.818000000e-01
 Node:          2
  0.1292E+03  0.1137E+03  0.5052E+03 -0.3079E-04
  -5.551E-17
  -1.11E-16
  -1.665E-16
  -5.551E-17
   1.943E-16
  -2.776E-16
  8.603000000e-17
  -1.600000000e-16
  -4.256000000e-16
  4.431900000e-16
  -1.665200000e-16
  2.089200000e-16
  -6.554000000e-01 6.199000000e-01 4.313000000e-01
  7.522000000e-01 4.849000000e-01 4.462000000e-01
  -6.744000000e-02 -6.169000000e-01 7.841000000e-01
 Node:          3
  0.1289E+03  0.1155E+03  0.5194E+03 -0.3079E-04
   2.22E-16
   1.388E-16
   3.331E-16
   1.11E-16
   5.551E-17
   2.22E-16
  4.753000000e-16
  2.118000000e-16
  9.006000000e-17
  3.410700000e-16
  2.590500000e-16
  1.607800000e-16
  -5.696000000e-01 -7.144000000e-01 -4.063000000e-01
  2.395000000e-01 -6.172000000e-01 7.494000000e-01
  -7.862000000e-01 3.296000000e-01 5.227000000e-01
 Node:          4
  0.1361E+03  0.1141E+03  0.4915E+03 -0.3079E-04
   0.0
  -2.776E-17
  -1.11E-16
  -2.776E-17
  -8.327E-17
   2.22E-16
  2.435000000e-16
  6.328000000e-18
  -1.388000000e-16
  3.342600000e-16
  3.700900000e-17
  1.575700000e-16
  -8.549000000e-02 -2.215000000e-01 9.714000000e-01
  9.681000000e-01 -2.491000000e-01 2.840000000e-02
  2.357000000e-01 9.428000000e-01 2.357000000e-01
 Node:          5
  0.1341E+03  0.1144E+03  0.5054E+03 -0.3079E-04
   3.331E-16
   1.388E-16
   3.331E-16
   5.551E-17
  -6.939E-17
   4.441E-16
  4.814000000e-16
  4.627000000e-16
  1.662000000e-16
  3.062800000e-16
  3.701000000e-16
  1.443800000e-16
  -3.480000000e-01 -6.443000000e-01 6.810000000e-01
  -6.589000000e-01 -3.487000000e-01 -6.665000000e-01
  6.669000000e-01 -6.807000000e-01 -3.032000000e-01
 Node:          6
  0.1323E+03  0.1162E+03  0.5191E+03 -0.3079E-04
   2.22E-16
   5.551E-17
   2.22E-16
  -5.551E-17
  -2.776E-17
   0.0
  2.897000000e-16
  1.685000000e-16
  -1.402000000e-17
  2.648100000e-16
  1.480600000e-16
  1.248300000e-16
  -7.150000000e-01 -6.696000000e-01 2.012000000e-01
  6.656000000e-01 -7.399000000e-01 -9.741000000e-02
  -2.141000000e-01 -6.426000000e-02 -9.747000000e-01
 Node:          7
  0.1408E+03  0.1171E+03  0.4920E+03 -0.3079E-04
   3.331E-16
   2.22E-16
   2.22E-16
  -8.327E-17
  -1.11E-16
   0.0
  5.398000000e-16
  6.158000000e-17
  -4.631000000e-17
  5.403100000e-16
  1.850200000e-16
  2.547000000e-16
  -7.537000000e-01 -6.111000000e-01 2.419000000e-01
  -6.560000000e-01 6.770000000e-01 -3.335000000e-01
  -4.004000000e-02 4.101000000e-01 9.112000000e-01
 Node:          8
  0.1367E+03  0.1169E+03  0.5055E+03 -0.3079E-04
   2.22E-16
   1.943E-16
   2.22E-16
  -4.025E-16
  -2.359E-16
  -2.22E-16
  6.547000000e-16
  4.477000000e-17
  -4.775000000e-16
  9.814900000e-16
  7.399000000e-17
  4.626800000e-16
  -6.847000000e-01 -5.611000000e-01 4.652000000e-01
  5.685000000e-01 -8.105000000e-01 -1.409000000e-01
  -4.561000000e-01 -1.681000000e-01 -8.739000000e-01
 Node:          9
  0.1339E+03  0.1180E+03  0.5191E+03 -0.3079E-04
   2.22E-16
   1.665E-16
   0.0
  -3.955E-16
  -2.776E-16
   6.661E-16
  1.002000000e-15
  -9.379000000e-18
  -1.046000000e-16
  1.062200000e-15
  2.960100000e-16
  5.007200000e-16
  -4.817000000e-01 -3.073000000e-01 8.207000000e-01
  -8.565000000e-01 -3.292000000e-02 -5.150000000e-01
  -1.853000000e-01 9.510000000e-01 2.474000000e-01
 Node:         10
  0.1294E+03  0.1212E+03  0.4911E+03 -0.3079E-04
   0.0
   2.776E-17
   1.11E-16
  -1.388E-17
   1.249E-16
   1.11E-16
  2.363000000e-16
  2.303000000e-17
  -3.732000000e-17
  2.489900000e-16
  7.400300000e-17
  1.173800000e-16
  4.210000000e-02 7.100000000e-01 7.030000000e-01
  -7.813000000e-01 -4.152000000e-01 4.661000000e-01
  -6.228000000e-01 5.688000000e-01 -5.372000000e-01
 Node:         11
  0.1295E+03  0.1214E+03  0.5055E+03 -0.3079E-04
  -2.22E-16
  -2.776E-17
  -2.22E-16
  -4.163E-17
   1.388E-17
  -1.665E-16
  -1.365000000e-16
  -2.183000000e-16
  -2.558000000e-16
  1.056600000e-16
  -2.035300000e-16
  4.981100000e-17
  -4.935000000e-01 2.929000000e-01 8.189000000e-01
  3.541000000e-01 -7.924000000e-01 4.968000000e-01
  -7.944000000e-01 -5.351000000e-01 -2.873000000e-01
 Node:         12
  0.1295E+03  0.1217E+03  0.5196E+03 -0.3079E-04
   1.11E-16
   0.0
   1.11E-16
   7.633E-17
   2.776E-17
   2.22E-16
  2.649000000e-16
  1.110000000e-16
  6.816000000e-17
  1.792000000e-16
  1.480200000e-16
  8.447700000e-17
  -4.387000000e-01 -1.595000000e-01 -8.844000000e-01
  3.417000000e-01 -9.398000000e-01 -2.255000000e-17
  8.311000000e-01 3.022000000e-01 -4.668000000e-01
 Node:         13
  0.1361E+03  0.1199E+03  0.4914E+03 -0.3079E-04
   1.11E-16
  -1.388E-16
   0.0
  -9.714E-17
   2.776E-17
  -1.665E-16
  2.285000000e-16
  -8.520000000e-17
  -1.988000000e-16
  3.833400000e-16
  -1.850000000e-17
  1.807100000e-16
  8.171000000e-01 -5.252000000e-01 -2.378000000e-01
  4.648000000e-01 8.442000000e-01 -2.671000000e-01
  3.410000000e-01 1.077000000e-01 9.339000000e-01
 Node:         14
  0.1342E+03  0.1198E+03  0.5054E+03 -0.3079E-04
  -5.551E-17
   2.776E-17
   0.0
   5.551E-17
  -9.021E-17
   1.11E-16
  1.672000000e-16
  -4.940000000e-18
  -1.068000000e-16
  2.398800000e-16
  1.848700000e-17
  1.130800000e-16
  1.634000000e-01 -4.472000000e-01 8.794000000e-01
  -6.569000000e-01 -7.144000000e-01 -2.412000000e-01
  -7.361000000e-01 5.382000000e-01 4.105000000e-01
 Node:         15
  0.1330E+03  0.1205E+03  0.5193E+03 -0.3079E-04
   2.22E-16
  -8.327E-17
  -5.551E-17
   1.388E-17
   4.857E-17
   0.0
  2.451000000e-16
  2.471000000e-17
  -1.033000000e-16
  3.052400000e-16
  5.550300000e-17
  1.438900000e-16
  -9.638000000e-01 2.667000000e-01 -1.723000000e-03
  1.157000000e-01 4.239000000e-01 8.983000000e-01
  2.403000000e-01 8.656000000e-01 -4.394000000e-01
 Node:         16
  0.1404E+03  0.1188E+03  0.4918E+03 -0.3079E-04
   2.22E-16
   5.551E-17
   2.22E-16
  -8.327E-17
  -1.457E-16
   4.441E-16
  5.466000000e-16
  1.950000000e-16
  1.465000000e-16
  3.781900000e-16
  2.960300000e-16
  1.782800000e-16
  -2.927000000e-01 -4.328000000e-01 8.526000000e-01
  -9.222000000e-01 -1.077000000e-01 -3.713000000e-01
  -2.526000000e-01 8.950000000e-01 3.676000000e-01
 Node:         17
  0.1365E+03  0.1184E+03  0.5055E+03 -0.3079E-04
  -1.11E-16
   2.776E-17
  -1.11E-16
   9.714E-17
   1.7E-16
   0.0
  1.573000000e-16
  -1.341000000e-16
  -2.452000000e-16
  3.600400000e-16
  -7.400000000e-17
  1.697300000e-16
  3.368000000e-01 5.285000000e-01 7.792000000e-01
  8.927000000e-01 -4.425000000e-01 -8.566000000e-02
  -2.996000000e-01 -7.244000000e-01 6.209000000e-01
 Node:         18
  0.1341E+03  0.1191E+03  0.5192E+03 -0.3079E-04
   0.0
   0.0
   0.0
   2.645E-17
   1.065E-16
   4.441E-16
  4.697000000e-16
  -1.672000000e-33
  -2.562000000e-17
  4.830200000e-16
  1.480300000e-16
  2.277000000e-16
  -5.484000000e-02 -2.207000000e-01 -9.738000000e-01
  9.705000000e-01 -2.411000000e-01 -6.210000000e-17
  -2.348000000e-01 -9.451000000e-01 2.274000000e-01
 Node:         19
  0.1301E+03  0.1291E+03  0.4914E+03  0.0000E+00
   1.11E-16
   0.0
   1.11E-16
   2.101E-19
   1.001E-17
  -2.22E-16
  1.113000000e-16
  1.110000000e-16
  -2.223000000e-16
  3.334500000e-16
  0.000000000e+00
  1.571900000e-16
  -2.096000000e-02 -9.993000000e-01 -3.003000000e-02
  9.998000000e-01 -2.097000000e-02 1.345000000e-19
  6.298000000e-04 3.003000000e-02 -9.995000000e-01
 Node:         20
  0.1299E+03  0.1291E+03  0.5058E+03  0.0000E+00
   2.22E-16
   0.0
   0.0
   1.041E-17
   1.924E-17
  -5.551E-17
  2.224000000e-16
  5.975000000e-18
  -6.188000000e-17
  2.571600000e-16
  5.549800000e-17
  1.212200000e-16
  -9.993000000e-01 -3.257000000e-03 -3.765000000e-02
  1.428000000e-02 -9.549000000e-01 -2.965000000e-01
  -3.498000000e-02 -2.968000000e-01 9.543000000e-01
 Node:         21
  0.1301E+03  0.1280E+03  0.5197E+03  0.0000E+00
   1.11E-16
   0.0
   0.0
   4.163E-17
   1.475E-17
   1.11E-16
  1.534000000e-16
  7.089000000e-17
  -2.220000000e-18
  1.348500000e-16
  7.402300000e-17
  6.357000000e-17
  -6.994000000e-01 -6.840000000e-02 -7.114000000e-01
  -7.126000000e-01 1.429000000e-01 6.869000000e-01
  -5.465000000e-02 -9.874000000e-01 1.487000000e-01
 Node:         22
  0.1360E+03  0.1256E+03  0.4913E+03  0.0000E+00
  -2.22E-16
   1.388E-17
  -1.11E-16
  -1.388E-17
   1.006E-16
   1.11E-16
  1.500000000e-16
  -1.456000000e-16
  -2.264000000e-16
  3.432100000e-16
  -7.400000000e-17
  1.617900000e-16
  -2.144000000e-02 3.586000000e-01 9.332000000e-01
  2.280000000e-01 9.106000000e-01 -3.447000000e-01
  -9.734000000e-01 2.054000000e-01 -1.013000000e-01
 Node:         23
  0.1343E+03  0.1253E+03  0.5054E+03  0.0000E+00
   0.0
   2.082E-17
  -4.441E-16
   0.0
   1.314E-16
  -1.665E-16
  1.265000000e-18
  -1.147000000e-16
  -4.972000000e-16
  4.517900000e-16
  -2.035400000e-16
  2.129700000e-16
  9.970000000e-01 6.061000000e-02 4.746000000e-02
  6.644000000e-02 -3.661000000e-01 -9.282000000e-01
  3.888000000e-02 -9.286000000e-01 3.690000000e-01
 Node:         24
  0.1336E+03  0.1248E+03  0.5194E+03  0.0000E+00
  -2.22E-16
   1.214E-17
   0.0
   1.388E-17
   8.674E-19
  -1.665E-16
  6.779000000e-19
  -1.633000000e-16
  -2.259000000e-16
  2.026600000e-16
  -1.295100000e-16
  9.553700000e-17
  -5.504000000e-02 -9.984000000e-01 -9.747000000e-03
  2.257000000e-01 -2.195000000e-02 9.740000000e-01
  -9.726000000e-01 5.141000000e-02 2.265000000e-01
 Node:         25
  0.1400E+03  0.1206E+03  0.4917E+03  0.0000E+00
   0.0
   2.671E-16
  -1.11E-16
  -8.327E-17
  -1.301E-16
   2.22E-16
  3.681000000e-16
  7.580000000e-17
  -3.329000000e-16
  6.098700000e-16
  3.700000000e-17
  2.874900000e-16
  5.089000000e-01 4.781000000e-01 -7.159000000e-01
  6.086000000e-01 3.883000000e-01 6.920000000e-01
  6.088000000e-01 -7.878000000e-01 -9.334000000e-02
 Node:         26
  0.1363E+03  0.1200E+03  0.5055E+03  0.0000E+00
   2.22E-16
   1.076E-16
  -6.106E-16
   2.776E-17
  -1.124E-15
  -5.551E-17
  8.281000000e-16
  2.248000000e-16
  -1.497000000e-15
  2.089800000e-15
  -1.480300000e-16
  9.851500000e-16
  7.371000000e-02 6.174000000e-01 -7.832000000e-01
  9.955000000e-01 1.018000000e-03 9.449000000e-02
  -5.914000000e-02 7.866000000e-01 6.146000000e-01
 Node:         27
  0.1343E+03  0.1203E+03  0.5192E+03  0.0000E+00
   2.22E-16
  -1.943E-16
   2.22E-16
  -1.041E-16
   1.313E-15
   0.0
  1.466000000e-15
  1.875000000e-16
  -1.209000000e-15
  2.317400000e-15
  1.481700000e-16
  1.092400000e-15
  -1.693000000e-01 7.280000000e-01 6.643000000e-01
  9.848000000e-01 9.849000000e-02 1.431000000e-01
  3.876000000e-02 6.785000000e-01 -7.336000000e-01
 Node:         28
  0.1155E+03  0.1124E+03  0.4931E+03 -0.1820E-03
  -2.22E-16
   3.816E-17
   2.22E-16
  -5.551E-17
   5.551E-17
   1.11E-16
  2.455000000e-16
  1.014000000e-16
  -2.359000000e-16
  4.279500000e-16
  3.700000000e-17
  2.017400000e-16
  3.184000000e-02 9.284000000e-01 3.701000000e-01
  1.988000000e-01 3.571000000e-01 -9.127000000e-01
  9.795000000e-01 -1.026000000e-01 1.732000000e-01
 Node:         29
  0.1119E+03  0.1139E+03  0.5068E+03 -0.1820E-03
  -2.22E-16
  -2.082E-17
   0.0
   5.551E-17
   6.939E-18
  -3.331E-16
  1.944000000e-18
  -2.004000000e-16
  -3.566000000e-16
  3.113600000e-16
  -1.850200000e-16
  1.467800000e-16
  -9.118000000e-02 9.958000000e-01 5.517000000e-03
  -9.179000000e-01 -8.189000000e-02 -3.884000000e-01
  -3.863000000e-01 -4.048000000e-02 9.215000000e-01
 Node:         30
  0.1113E+03  0.1159E+03  0.5206E+03 -0.1820E-03
   2.22E-16
   1.249E-16
   2.22E-16
   0.0
  -2.776E-17
   1.11E-16
  3.486000000e-16
  1.238000000e-16
  8.277000000e-17
  2.478800000e-16
  1.850600000e-16
  1.168500000e-16
  -7.001000000e-01 -7.092000000e-01 8.287000000e-02
  -4.685000000e-01 3.686000000e-01 -8.029000000e-01
  -5.389000000e-01 6.009000000e-01 5.903000000e-01
 Node:         31
  0.1203E+03  0.1126E+03  0.4920E+03 -0.1820E-03
  -5.551E-17
   9.714E-17
  -1.11E-16
   2.776E-17
   4.163E-17
  -5.551E-17
  4.114000000e-17
  -7.661000000e-17
  -1.866000000e-16
  1.972700000e-16
  -7.402300000e-17
  9.299200000e-17
  -6.956000000e-01 -5.654000000e-01 -4.433000000e-01
  4.358000000e-01 1.585000000e-01 -8.860000000e-01
  5.712000000e-01 -8.095000000e-01 1.362000000e-01
 Node:         32
  0.1188E+03  0.1134E+03  0.5062E+03 -0.1820E-03
   2.22E-16
  -1.388E-17
  -1.11E-16
  -2.776E-17
   9.714E-17
  -5.551E-17
  2.266000000e-16
  1.331000000e-17
  -1.844000000e-16
  3.560200000e-16
  1.850300000e-17
  1.678300000e-16
  -9.894000000e-01 7.624000000e-02 1.236000000e-01
  1.445000000e-01 5.992000000e-01 7.875000000e-01
  1.402000000e-02 -7.970000000e-01 6.038000000e-01
 Node:         33
  0.1183E+03  0.1150E+03  0.5201E+03 -0.1820E-03
   1.11E-16
   5.551E-17
   0.0
   8.327E-17
   0.0
   0.0
  1.700000000e-16
  0.000000000e+00
  -5.893000000e-17
  2.058900000e-16
  3.702300000e-17
  9.705800000e-17
  -8.617000000e-01 -2.815000000e-01 -4.222000000e-01
  0.000000000e+00 -8.321000000e-01 5.547000000e-01
  -5.074000000e-01 4.780000000e-01 7.170000000e-01
 Node:         34
  0.1255E+03  0.1129E+03  0.4909E+03 -0.1820E-03
   0.0
   0.0
   0.0
   5.551E-17
   9.714E-17
   0.0
  1.119000000e-16
  3.387000000e-33
  -1.119000000e-16
  1.938200000e-16
  0.000000000e+00
  9.136600000e-17
  -3.508000000e-01 -6.139000000e-01 -7.071000000e-01
  8.682000000e-01 -4.961000000e-01 -4.855000000e-17
  -3.508000000e-01 -6.139000000e-01 7.071000000e-01
 Node:         35
  0.1260E+03  0.1135E+03  0.5054E+03 -0.1820E-03
   0.0
   1.11E-16
  -1.11E-16
   1.11E-16
   2.498E-16
  -1.11E-16
  2.410000000e-16
  -1.023000000e-16
  -3.608000000e-16
  5.229000000e-16
  -7.403300000e-17
  2.465000000e-16
  5.458000000e-01 5.925000000e-01 5.925000000e-01
  8.379000000e-01 -3.859000000e-01 -3.859000000e-01
  -4.975000000e-17 -7.071000000e-01 7.071000000e-01
 Node:         36
  0.1257E+03  0.1153E+03  0.5196E+03 -0.1820E-03
   0.0
  -5.551E-17
   0.0
  -5.551E-17
   8.327E-17
   0.0
  1.305000000e-16
  -4.723000000e-17
  -8.327000000e-17
  1.982200000e-16
  0.000000000e+00
  9.344300000e-17
  -5.155000000e-01 6.059000000e-01 6.059000000e-01
  8.569000000e-01 3.645000000e-01 3.645000000e-01
  -1.256000000e-16 7.071000000e-01 -7.071000000e-01
 Node:         37
  0.1132E+03  0.1210E+03  0.4959E+03 -0.1820E-03
  -2.22E-16
   1.388E-16
  -2.22E-16
  -8.327E-17
   1.804E-16
  -2.776E-16
  -4.482000000e-17
  -1.622000000e-16
  -5.146000000e-16
  4.234700000e-16
  -2.405400000e-16
  1.996300000e-16
  3.971000000e-01 7.887000000e-01 4.693000000e-01
  -7.874000000e-01 3.010000000e-02 6.157000000e-01
  4.715000000e-01 -6.140000000e-01 6.330000000e-01
 Node:         38
  0.1111E+03  0.1204E+03  0.5085E+03 -0.1820E-03
  -1.665E-16
   9.714E-17
   0.0
  -2.776E-17
  -8.327E-17
  -2.22E-16
  7.071000000e-17
  -2.091000000e-16
  -2.502000000e-16
  3.024600000e-16
  -1.295300000e-16
  1.425800000e-16
  -3.916000000e-01 -8.746000000e-01 2.859000000e-01
  9.154000000e-01 -3.389000000e-01 2.170000000e-01
  9.287000000e-02 -3.467000000e-01 -9.334000000e-01
 Node:         39
  0.1119E+03  0.1201E+03  0.5207E+03 -0.1820E-03
  -5.551E-17
  -9.714E-17
  -3.331E-16
  -8.327E-17
  -7.633E-17
  -1.11E-16
  8.934000000e-18
  -1.105000000e-16
  -3.981000000e-16
  3.623900000e-16
  -1.665600000e-16
  1.708300000e-16
  8.510000000e-01 -1.281000000e-01 -5.092000000e-01
  4.076000000e-01 -4.503000000e-01 7.944000000e-01
  -3.311000000e-01 -8.836000000e-01 -3.310000000e-01
 Node:         40
  0.1191E+03  0.1220E+03  0.4937E+03 -0.1820E-03
   0.0
   8.327E-17
  -2.22E-16
   8.327E-17
  -1.388E-17
  -2.22E-16
  4.872000000e-17
  -2.082000000e-16
  -2.846000000e-16
  3.024500000e-16
  -1.480300000e-16
  1.425700000e-16
  -9.240000000e-01 -2.703000000e-01 -2.703000000e-01
  0.000000000e+00 -7.071000000e-01 7.071000000e-01
  3.823000000e-01 -6.534000000e-01 -6.534000000e-01
 Node:         41
  0.1182E+03  0.1217E+03  0.5073E+03 -0.1820E-03
   0.0
  -2.776E-17
  -5.551E-17
   5.551E-17
   9.714E-17
   1.11E-16
  1.653000000e-16
  1.073000000e-17
  -1.206000000e-16
  2.478700000e-16
  1.847700000e-17
  1.168500000e-16
  2.406000000e-01 3.653000000e-01 8.993000000e-01
  -8.901000000e-01 4.526000000e-01 5.428000000e-02
  -3.871000000e-01 -8.135000000e-01 4.340000000e-01
 Node:         42
  0.1187E+03  0.1212E+03  0.5204E+03 -0.1820E-03
   0.0
  -5.551E-17
  -1.11E-16
   0.0
   5.551E-17
   1.11E-16
  1.256000000e-16
  1.887000000e-17
  -1.444000000e-16
  2.355300000e-16
  2.333300000e-20
  1.110300000e-16
  1.113000000e-01 -2.517000000e-01 -9.614000000e-01
  9.295000000e-01 -3.159000000e-01 1.903000000e-01
  -3.516000000e-01 -9.148000000e-01 1.988000000e-01
 Node:         43
  0.1258E+03  0.1217E+03  0.4915E+03 -0.1820E-03
   2.22E-16
   1.11E-16
   1.11E-16
  -1.388E-17
   0.0
  -5.551E-17
  2.911000000e-16
  4.294000000e-17
  -5.645000000e-17
  3.100400000e-16
  9.253000000e-17
  1.461600000e-16
  -8.507000000e-01 -5.246000000e-01 3.406000000e-02
  -5.213000000e-01 8.502000000e-01 7.348000000e-02
  6.751000000e-02 -4.475000000e-02 9.967000000e-01
 Node:         44
  0.1259E+03  0.1220E+03  0.5059E+03 -0.1820E-03
  -2.22E-16
   1.388E-16
  -2.22E-16
   9.714E-17
   1.11E-16
  -1.11E-16
  5.081000000e-17
  -2.445000000e-16
  -3.614000000e-16
  3.679600000e-16
  -1.850300000e-16
  1.734600000e-16
  -5.113000000e-01 -5.340000000e-01 -6.733000000e-01
  -5.198000000e-01 -4.318000000e-01 7.372000000e-01
  -6.844000000e-01 7.269000000e-01 -5.679000000e-02
 Node:         45
  0.1261E+03  0.1221E+03  0.5198E+03 -0.1820E-03
  -5.551E-17
  -8.327E-17
  -2.776E-16
   2.776E-17
  -6.939E-18
   1.11E-16
  1.167000000e-16
  -3.339000000e-17
  -3.053000000e-16
  3.705000000e-16
  -7.399700000e-17
  1.746600000e-16
  1.854000000e-01 -5.643000000e-02 9.810000000e-01
  9.302000000e-01 -3.117000000e-01 -1.938000000e-01
  -3.167000000e-01 -9.485000000e-01 5.308000000e-03
 Node:         46
  0.1117E+03  0.1296E+03  0.4959E+03  0.0000E+00
  -5.551E-17
   2.776E-17
  -1.665E-16
   6.939E-18
  -2.602E-17
   0.0
  4.101000000e-18
  -4.897000000e-17
  -1.772000000e-16
  1.614500000e-16
  -7.402300000e-17
  7.610600000e-17
  4.856000000e-02 -1.429000000e-01 9.886000000e-01
  9.724000000e-01 2.327000000e-01 -1.414000000e-02
  -2.280000000e-01 9.620000000e-01 1.502000000e-01
 Node:         47
  0.1107E+03  0.1269E+03  0.5087E+03  0.0000E+00
  -1.665E-16
  -3.123E-17
   1.11E-16
  -2.776E-17
   3.99E-17
   0.0
  1.289000000e-16
  -1.114000000e-17
  -1.732000000e-16
  2.618600000e-16
  -1.848000000e-17
  1.234400000e-16
  -1.292000000e-01 9.390000000e-01 3.186000000e-01
  -1.008000000e-01 -3.321000000e-01 9.379000000e-01
  -9.865000000e-01 -8.906000000e-02 -1.376000000e-01
 Node:         48
  0.1125E+03  0.1242E+03  0.5208E+03  0.0000E+00
   1.11E-16
   3.469E-18
   1.11E-16
   0.0
  -1.735E-18
   1.11E-16
  1.149000000e-16
  1.110000000e-16
  1.071000000e-16
  6.755000000e-18
  1.110000000e-16
  3.184300000e-18
  -6.325000000e-01 -7.071000000e-01 3.162000000e-01
  4.472000000e-01 -4.455000000e-15 8.944000000e-01
  -6.325000000e-01 7.071000000e-01 3.162000000e-01
 Node:         49
  0.1186E+03  0.1311E+03  0.4938E+03  0.0000E+00
  -1.665E-16
  -2.082E-17
   0.0
  -4.163E-17
  -6.072E-18
  -5.551E-17
  2.581000000e-18
  -4.165000000e-17
  -1.830000000e-16
  1.678900000e-16
  -7.402300000e-17
  7.914600000e-17
  1.174000000e-01 -9.929000000e-01 1.965000000e-02
  -3.135000000e-01 -1.827000000e-02 9.494000000e-01
  -9.423000000e-01 -1.176000000e-01 -3.134000000e-01
 Node:         50
  0.1180E+03  0.1298E+03  0.5075E+03  0.0000E+00
   0.0
  -1.301E-17
   3.331E-16
  -4.163E-17
   1.247E-17
   2.22E-16
  3.354000000e-16
  2.276000000e-16
  -7.879000000e-18
  3.040700000e-16
  1.850400000e-16
  1.433400000e-16
  5.441000000e-02 -9.902000000e-01 -1.289000000e-01
  -1.707000000e-01 -1.364000000e-01 9.758000000e-01
  9.838000000e-01 3.109000000e-02 1.765000000e-01
 Node:         51
  0.1192E+03  0.1275E+03  0.5206E+03  0.0000E+00
   0.0
  -3.469E-18
  -5.551E-17
   0.0
   1.475E-17
   1.11E-16
  1.123000000e-16
  2.087000000e-19
  -5.702000000e-17
  1.491800000e-16
  1.849600000e-17
  7.032400000e-17
  -2.705000000e-03 8.758000000e-02 9.962000000e-01
  9.982000000e-01 -6.004000000e-02 7.989000000e-03
  -6.051000000e-02 -9.943000000e-01 8.725000000e-02
 Node:         52
  0.1262E+03  0.1305E+03  0.4920E+03  0.0000E+00
   1.11E-16
  -1.388E-17
   1.11E-16
   1.301E-18
   4.906E-18
   0.0
  1.250000000e-16
  9.734000000e-17
  -2.497000000e-19
  1.139700000e-16
  7.403000000e-17
  5.372400000e-17
  -7.047000000e-01 7.092000000e-01 2.051000000e-02
  7.093000000e-01 7.034000000e-01 4.493000000e-02
  -1.744000000e-02 -4.621000000e-02 9.988000000e-01
 Node:         53
  0.1258E+03  0.1304E+03  0.5063E+03  0.0000E+00
  -1.665E-16
  -1.735E-18
  -1.11E-16
   2.776E-17
   3.383E-17
  -2.22E-16
  -1.010000000e-16
  -1.572000000e-16
  -2.414000000e-16
  1.223900000e-16
  -1.665300000e-16
  5.769700000e-17
  9.684000000e-02 9.526000000e-01 2.883000000e-01
  -9.346000000e-01 1.866000000e-01 -3.027000000e-01
  -3.422000000e-01 -2.402000000e-01 9.084000000e-01
 Node:         54
  0.1265E+03  0.1288E+03  0.5200E+03  0.0000E+00
  -2.22E-16
   2.082E-17
   1.11E-16
   0.0
  -4.337E-18
   1.11E-16
  1.160000000e-16
  1.073000000e-16
  -2.233000000e-16
  3.350300000e-16
  0.000000000e+00
  1.579400000e-16
  -4.656000000e-02 -7.562000000e-01 6.527000000e-01
  -4.117000000e-02 -6.514000000e-01 -7.576000000e-01
  -9.981000000e-01 6.215000000e-02 8.061000000e-04
 Node:         55
  0.1382E+03  0.1168E+03  0.4534E+03  0.5590E-02
  -0.04736
  -0.01449
   0.05036
   2.194E-4
   0.02388
   0.01262
  6.345000000e-02
  1.869000000e-03
  -4.970000000e-02
  9.811900000e-02
  5.206300000e-03
  4.625400000e-02
  1.167000000e-01 -8.991000000e-01 -4.218000000e-01
  1.242000000e-01 -4.082000000e-01 9.044000000e-01
  -9.854000000e-01 -1.580000000e-01 6.400000000e-02
 Node:         56
  0.1314E+03  0.1156E+03  0.4688E+03  0.5590E-02
  -0.04513
  -0.003907
   0.02767
   0.00944
   0.004997
  -0.005912
  2.849000000e-02
  -4.251000000e-03
  -4.761000000e-02
  6.611800000e-02
  -7.790300000e-03
  3.116800000e-02
  -3.536000000e-02 9.903000000e-01 1.341000000e-01
  -2.344000000e-01 1.223000000e-01 -9.644000000e-01
  -9.715000000e-01 -6.554000000e-02 2.278000000e-01
 Node:         57
  0.1285E+03  0.1140E+03  0.4823E+03  0.5590E-02
  -0.009575
   0.003716
   3.911E-4
   0.003343
  -0.002225
  -0.001957
  2.023000000e-03
  -8.897000000e-04
  -1.227000000e-02
  1.308200000e-02
  -3.712200000e-03
  6.167000000e-03
  -1.925000000e-01 -9.165000000e-01 3.507000000e-01
  4.365000000e-01 2.401000000e-01 8.671000000e-01
  -8.789000000e-01 3.200000000e-01 3.538000000e-01
 Node:         58
  0.1483E+03  0.1178E+03  0.4534E+03  0.5590E-02
  -0.05187
  -0.03118
   0.08847
  -0.005419
   0.01824
  -0.02537
  9.800000000e-02
  -2.821000000e-02
  -5.856000000e-02
  1.438100000e-01
  3.743300000e-03
  6.779100000e-02
  -2.066000000e-01 9.666000000e-01 1.520000000e-01
  -1.679000000e-02 -1.588000000e-01 9.872000000e-01
  9.783000000e-01 2.014000000e-01 4.903000000e-02
 Node:         59
  0.1419E+03  0.1167E+03  0.4694E+03  0.5590E-02
  -0.03793
  -0.02943
   0.06428
  -0.003959
   0.01409
  -0.01814
  7.446000000e-02
  -2.045000000e-02
  -4.580000000e-02
  1.098000000e-01
  2.736700000e-03
  5.176100000e-02
  -2.554000000e-01 9.542000000e-01 1.561000000e-01
  3.332000000e-02 -1.526000000e-01 9.877000000e-01
  9.663000000e-01 2.574000000e-01 7.192000000e-03
 Node:         60
  0.1375E+03  0.1150E+03  0.4832E+03  0.5590E-02
  -0.004022
  -0.007127
   0.01144
  -2.675E-4
   0.002002
  -0.001434
  1.447000000e-02
  -1.632000000e-03
  -6.850000000e-03
  1.924900000e-02
  1.996000000e-03
  9.074000000e-03
  -3.585000000e-01 9.255000000e-01 1.225000000e-01
  1.297000000e-01 -8.059000000e-02 9.883000000e-01
  9.245000000e-01 3.701000000e-01 -9.114000000e-02
 Node:         61
  0.1554E+03  0.1222E+03  0.4530E+03  0.5590E-02
  -0.01347
  -0.02853
   0.04447
  -0.01789
   0.0209
  -0.07669
  6.114000000e-02
  -2.394000000e-02
  -8.289000000e-02
  1.254200000e-01
  -1.523000000e-02
  5.912200000e-02
  -3.897000000e-01 9.017000000e-01 1.873000000e-01
  8.981000000e-01 4.171000000e-01 -1.393000000e-01
  2.037000000e-01 -1.140000000e-01 9.724000000e-01
 Node:         62
  0.1492E+03  0.1204E+03  0.4697E+03  0.5590E-02
   0.01824
  -0.04999
   0.05499
  -0.01608
   0.01932
  -0.04928
  9.424000000e-02
  -1.653000000e-02
  -5.377000000e-02
  1.333500000e-01
  7.980000000e-03
  6.286100000e-02
  -5.665000000e-01 8.060000000e-01 1.720000000e-01
  8.114000000e-01 5.820000000e-01 -5.490000000e-02
  -1.443000000e-01 1.084000000e-01 -9.836000000e-01
 Node:         63
  0.1436E+03  0.1181E+03  0.4838E+03  0.5590E-02
   0.01152
  -0.01744
   0.01927
  -0.0024
   0.004209
  -0.006046
  3.384000000e-02
  -2.344000000e-03
  -6.754000000e-03
  3.857900000e-02
  8.247300000e-03
  1.818600000e-02
  -6.194000000e-01 7.760000000e-01 1.192000000e-01
  7.826000000e-01 5.981000000e-01 1.726000000e-01
  -6.264000000e-02 -2.002000000e-01 9.778000000e-01
 Node:         64
  0.1413E+03  0.1253E+03  0.4523E+03  0.5590E-02
  -0.04868
   0.002569
   0.05925
  -0.01119
   0.008703
  -0.01975
  6.021000000e-02
  -1.664000000e-02
  -5.275000000e-02
  9.992500000e-02
  -3.060000000e-03
  4.710500000e-02
  1.251000000e-02 9.942000000e-01 1.065000000e-01
  3.351000000e-01 9.615000000e-02 -9.373000000e-01
  9.421000000e-01 -4.740000000e-02 3.319000000e-01
 Node:         65
  0.1341E+03  0.1229E+03  0.4683E+03  0.5590E-02
  -0.02666
  -0.009046
   0.0478
  -0.006426
   0.004644
  -0.01318
  4.935000000e-02
  -1.156000000e-02
  -2.983000000e-02
  7.181000000e-02
  2.653300000e-03
  3.385100000e-02
  1.249000000e-01 -9.884000000e-01 -8.625000000e-02
  -3.254000000e-01 -1.229000000e-01 9.375000000e-01
  -9.373000000e-01 -8.906000000e-02 -3.370000000e-01
 Node:         66
  0.1299E+03  0.1214E+03  0.4825E+03  0.5590E-02
   4.939E-4
  -0.003907
   0.009111
   4.165E-4
  -2.395E-4
  -0.001702
  1.063000000e-02
  -9.014000000e-04
  -1.825000000e-03
  1.202000000e-02
  2.634500000e-03
  5.666200000e-03
  -3.606000000e-01 9.322000000e-01 -3.028000000e-02
  8.702000000e-01 3.479000000e-01 3.488000000e-01
  3.357000000e-01 9.944000000e-02 -9.367000000e-01
 Node:         67
  0.1500E+03  0.1245E+03  0.4525E+03  0.5590E-02
  -0.04493
  -0.01967
   0.05387
  -0.01002
   0.006988
  -0.02304
  5.859000000e-02
  -2.135000000e-02
  -5.133000000e-02
  9.841600000e-02
  -4.696700000e-03
  4.639400000e-02
  -1.957000000e-01 9.748000000e-01 1.075000000e-01
  -2.709000000e-01 -1.590000000e-01 9.494000000e-01
  9.425000000e-01 1.567000000e-01 2.952000000e-01
 Node:         68
  0.1433E+03  0.1224E+03  0.4689E+03  0.5590E-02
  -0.01257
  -0.03757
   0.05347
  -0.01474
   0.01118
  -0.01395
  7.352000000e-02
  -1.256000000e-02
  -3.401000000e-02
  9.857100000e-02
  8.983300000e-03
  4.646700000e-02
  -4.194000000e-01 8.889000000e-01 1.843000000e-01
  -3.428000000e-01 -3.431000000e-01 8.745000000e-01
  8.406000000e-01 3.036000000e-01 4.486000000e-01
 Node:         69
  0.1380E+03  0.1205E+03  0.4831E+03  0.5590E-02
   0.006318
  -0.01255
   0.01468
  -0.00393
   0.003854
  -4.407E-4
  2.489000000e-02
  -1.092000000e-03
  -3.237000000e-03
  2.711800000e-02
  6.853700000e-03
  1.278400000e-02
  -5.775000000e-01 7.890000000e-01 2.097000000e-01
  -2.867000000e-01 -4.365000000e-01 8.528000000e-01
  7.644000000e-01 4.324000000e-01 4.782000000e-01
 Node:         70
  0.1556E+03  0.1243E+03  0.4528E+03  0.5590E-02
  -0.0327
  -0.0244
   0.009196
  -0.02562
   0.01795
   0.002363
  4.090000000e-02
  -1.218000000e-02
  -4.986000000e-02
  7.897700000e-02
  -7.046700000e-03
  3.723000000e-02
  -4.321000000e-01 6.727000000e-01 6.006000000e-01
  -7.605000000e-02 -6.908000000e-01 7.190000000e-01
  -8.986000000e-01 -2.650000000e-01 -3.496000000e-01
 Node:         71
  0.1494E+03  0.1223E+03  0.4695E+03  0.5590E-02
   0.01121
  -0.04644
   0.03463
  -0.03892
   0.02605
   0.001572
  9.291000000e-02
  -9.322000000e-03
  -3.617000000e-02
  1.179700000e-01
  1.580600000e-02
  5.561200000e-02
  -5.933000000e-01 6.713000000e-01 4.442000000e-01
  -2.698000000e-01 -6.857000000e-01 6.760000000e-01
  7.585000000e-01 2.812000000e-01 5.879000000e-01
 Node:         72
  0.1435E+03  0.1199E+03  0.4837E+03  0.5590E-02
   0.01489
  -0.01777
   0.01284
  -0.01062
   0.007079
   0.002302
  3.634000000e-02
  -9.890000000e-04
  -5.312000000e-03
  3.966800000e-02
  1.001300000e-02
  1.869900000e-02
  -6.944000000e-01 6.301000000e-01 3.477000000e-01
  -1.688000000e-01 -6.122000000e-01 7.725000000e-01
  6.996000000e-01 4.777000000e-01 5.314000000e-01
 Node:         73
  0.1445E+03  0.1339E+03  0.4517E+03  0.0000E+00
   0.02716
  -0.007878
  -0.04468
   0.001251
  -0.001958
   0.03225
  3.274000000e-02
  2.757000000e-02
  -4.558000000e-02
  7.586700000e-02
  4.910000000e-03
  3.576400000e-02
  2.903000000e-01 -5.370000000e-02 9.554000000e-01
  9.509000000e-01 -9.572000000e-02 -2.943000000e-01
  -1.073000000e-01 -9.940000000e-01 -2.328000000e-02
 Node:         74
  0.1368E+03  0.1304E+03  0.4680E+03  0.0000E+00
   0.05706
  -9.207E-4
  -0.01966
   0.003471
  -0.003687
   0.02568
  5.746000000e-02
  2.558000000e-02
  -1.996000000e-02
  6.739500000e-02
  2.102700000e-02
  3.177000000e-02
  -9.937000000e-01 1.715000000e-02 -1.105000000e-01
  1.115000000e-01 7.848000000e-02 -9.907000000e-01
  8.314000000e-03 9.968000000e-01 7.990000000e-02
 Node:         75
  0.1313E+03  0.1288E+03  0.4826E+03  0.0000E+00
   0.02201
  -3.865E-4
  -0.002001
  -0.00155
  -9.379E-4
   0.001995
  2.213000000e-02
  2.102000000e-03
  -2.232000000e-03
  2.251000000e-02
  7.333300000e-03
  1.061100000e-02
  -9.970000000e-01 1.301000000e-02 7.614000000e-02
  7.116000000e-02 -2.286000000e-01 9.709000000e-01
  -3.004000000e-02 -9.734000000e-01 -2.270000000e-01
 Node:         76
  0.1516E+03  0.1312E+03  0.4519E+03  0.0000E+00
   0.02554
  -0.01252
  -0.05805
  -0.004341
   0.01227
   0.04553
  4.850000000e-02
  2.565000000e-02
  -6.114000000e-02
  1.001900000e-01
  4.336700000e-03
  4.722900000e-02
  2.574000000e-01 -1.403000000e-01 -9.561000000e-01
  9.566000000e-01 -1.031000000e-01 2.726000000e-01
  1.368000000e-01 9.847000000e-01 -1.077000000e-01
 Node:         77
  0.1446E+03  0.1283E+03  0.4685E+03  0.0000E+00
   0.07785
   0.005134
  -0.02705
  -3.652E-4
   0.009859
   0.02359
  7.810000000e-02
  2.544000000e-02
  -2.915000000e-02
  9.288600000e-02
  2.479700000e-02
  4.378700000e-02
  -9.988000000e-01 -4.897000000e-02 -2.165000000e-03
  -1.113000000e-02 1.835000000e-01 9.829000000e-01
  -4.774000000e-02 9.818000000e-01 -1.839000000e-01
 Node:         78
  0.1384E+03  0.1261E+03  0.4829E+03  0.0000E+00
   0.03266
   0.004991
  -0.001382
  -8.366E-4
   3.029E-4
   0.001331
  3.339000000e-02
  1.362000000e-03
  -2.149000000e-03
  3.392000000e-02
  1.086800000e-02
  1.599000000e-02
  -9.896000000e-01 -1.418000000e-01 2.448000000e-02
  7.019000000e-03 1.223000000e-01 9.925000000e-01
  -1.438000000e-01 9.823000000e-01 -1.201000000e-01
 Node:         79
  0.1558E+03  0.1264E+03  0.4526E+03  0.0000E+00
   0.02216
   0.02244
  -4.731E-4
  -1.882E-4
   0.001317
  -0.129
  3.598000000e-02
  -1.428000000e-02
  -1.290000000e-01
  1.464700000e-01
  -3.576700000e-02
  6.904500000e-02
  8.515000000e-01 5.243000000e-01 3.214000000e-03
  -5.243000000e-01 8.514000000e-01 1.063000000e-02
  2.839000000e-03 -1.074000000e-02 9.999000000e-01
 Node:         80
  0.1496E+03  0.1242E+03  0.4694E+03  0.0000E+00
   0.08796
   0.02358
  -0.004804
   0.007314
   3.131E-4
  -0.1028
  9.387000000e-02
  -1.043000000e-02
  -1.031000000e-01
  1.706800000e-01
  -6.553300000e-03
  8.045900000e-02
  9.719000000e-01 2.324000000e-01 3.651000000e-02
  -2.320000000e-01 9.726000000e-01 -1.507000000e-02
  -3.902000000e-02 6.178000000e-03 9.992000000e-01
 Node:         81
  0.1433E+03  0.1217E+03  0.4836E+03  0.0000E+00
   0.03686
   0.007445
  -6.951E-4
   0.00394
   9.347E-4
  -0.01176
  3.861000000e-02
  -2.114000000e-03
  -1.209000000e-02
  4.652100000e-02
  8.135300000e-03
  2.193000000e-02
  -9.790000000e-01 -1.874000000e-01 -8.006000000e-02
  -1.893000000e-01 9.818000000e-01 1.778000000e-02
  -7.526000000e-02 -3.257000000e-02 9.966000000e-01
 Node:         82
  0.1267E+03  0.1148E+03  0.4566E+03 -0.9377E-02
  -0.01049
  -0.01054
   0.01263
   0.001519
   0.01216
   2.007E-4
  2.223000000e-02
  -2.862000000e-03
  -1.702000000e-02
  3.442800000e-02
  7.826700000e-04
  1.623000000e-02
  -2.541000000e-01 8.541000000e-01 4.538000000e-01
  5.314000000e-01 -2.688000000e-01 8.034000000e-01
  8.081000000e-01 4.453000000e-01 -3.856000000e-01
 Node:         83
  0.1234E+03  0.1129E+03  0.4722E+03 -0.9377E-02
  -0.02037
  -0.002967
   0.004561
   0.01705
   0.005611
  -0.01403
  6.347000000e-03
  -7.744000000e-04
  -3.541000000e-02
  3.869100000e-02
  -9.945800000e-03
  1.823900000e-02
  1.283000000e-01 9.234000000e-01 3.618000000e-01
  -6.436000000e-01 3.551000000e-01 -6.780000000e-01
  -7.545000000e-01 -1.458000000e-01 6.399000000e-01
 Node:         84
  0.1187E+03  0.1123E+03  0.4849E+03 -0.9377E-02
  -0.002979
   2.506E-4
   2.451E-4
   0.006851
  -2.909E-4
  -0.01259
  6.055000000e-04
  2.315000000e-04
  -1.616000000e-02
  1.658200000e-02
  -5.107700000e-03
  7.816700000e-03
  -8.632000000e-01 -2.428000000e-01 -4.427000000e-01
  2.053000000e-01 -9.698000000e-01 1.317000000e-01
  4.613000000e-01 -2.277000000e-02 -8.870000000e-01
 Node:         85
  0.1302E+03  0.1161E+03  0.4554E+03 -0.9377E-02
  -0.01318
  -0.01035
   0.01683
   0.003335
   0.01777
   0.003513
  3.019000000e-02
  -2.575000000e-03
  -2.046000000e-02
  4.449100000e-02
  2.385000000e-03
  2.097300000e-02
  -1.572000000e-01 8.310000000e-01 5.336000000e-01
  -5.806000000e-01 3.593000000e-01 -7.306000000e-01
  7.989000000e-01 4.247000000e-01 -4.259000000e-01
 Node:         86
  0.1252E+03  0.1138E+03  0.4705E+03 -0.9377E-02
  -0.0215
   0.007794
   0.04482
   0.03024
   0.01929
  -0.00927
  5.514000000e-02
  5.593000000e-03
  -4.669000000e-02
  8.819800000e-02
  4.681000000e-03
  4.157700000e-02
  -2.409000000e-01 -8.929000000e-01 -3.804000000e-01
  6.072000000e-01 -4.444000000e-01 6.586000000e-01
  7.572000000e-01 7.233000000e-02 -6.492000000e-01
 Node:         87
  0.1217E+03  0.1126E+03  0.4834E+03 -0.9377E-02
  -0.005295
   3.944E-5
   0.001136
   0.008357
  -0.001406
  -0.01096
  1.780000000e-03
  1.271000000e-04
  -1.703000000e-02
  1.804000000e-02
  -5.041000000e-03
  8.504300000e-03
  -4.475000000e-01 8.083000000e-01 -3.827000000e-01
  6.815000000e-01 5.853000000e-01 4.394000000e-01
  5.791000000e-01 -6.414000000e-02 -8.127000000e-01
 Node:         88
  0.1338E+03  0.1169E+03  0.4537E+03 -0.9377E-02
  -0.0341
  -0.01436
   0.01619
   0.002662
   0.02591
   0.02359
  4.676000000e-02
  -1.569000000e-03
  -3.952000000e-02
  7.490100000e-02
  1.890300000e-03
  3.530800000e-02
  -9.459000000e-02 6.691000000e-01 7.371000000e-01
  -3.497000000e-01 6.709000000e-01 -6.539000000e-01
  -9.321000000e-01 -3.196000000e-01 1.705000000e-01
 Node:         89
  0.1270E+03  0.1150E+03  0.4688E+03 -0.9377E-02
  -0.03644
  -6.558E-4
   0.008797
   0.01308
   0.007166
  -0.003171
  1.274000000e-02
  -2.407000000e-03
  -4.115000000e-02
  4.813800000e-02
  -1.027200000e-02
  2.269300000e-02
  1.179000000e-01 8.655000000e-01 4.868000000e-01
  -3.196000000e-01 4.972000000e-01 -8.066000000e-01
  -9.402000000e-01 -6.044000000e-02 3.352000000e-01
 Node:         90
  0.1248E+03  0.1132E+03  0.4822E+03 -0.9377E-02
  -0.008731
   0.004508
  -0.001976
   0.004262
  -0.002363
  -0.00262
  3.296000000e-04
  -4.333000000e-04
  -1.322000000e-02
  1.318500000e-02
  -4.441200000e-03
  6.215300000e-03
  3.429000000e-01 9.099000000e-01 -2.336000000e-01
  -4.761000000e-01 -4.605000000e-02 -8.782000000e-01
  -8.098000000e-01 4.123000000e-01 4.174000000e-01
 Node:         91
  0.1260E+03  0.1263E+03  0.4548E+03 -0.9377E-02
  -0.03712
   0.004723
   0.04919
  -0.006632
   0.01939
  -0.00376
  5.559000000e-02
  -8.032000000e-03
  -3.926000000e-02
  8.372400000e-02
  2.766000000e-03
  3.946800000e-02
  2.643000000e-02 9.511000000e-01 3.078000000e-01
  2.573000000e-01 2.910000000e-01 -9.214000000e-01
  9.660000000e-01 -1.036000000e-01 2.371000000e-01
 Node:         92
  0.1209E+03  0.1234E+03  0.4726E+03 -0.9377E-02
  -0.02401
  -0.004353
   0.02119
  -0.00185
   0.01365
   0.009183
  3.049000000e-02
  3.022000000e-04
  -2.444000000e-02
  4.764900000e-02
  2.117400000e-03
  2.246200000e-02
  8.516000000e-02 -8.356000000e-01 -5.426000000e-01
  3.311000000e-02 -5.419000000e-01 8.398000000e-01
  -9.958000000e-01 -8.948000000e-02 -1.848000000e-02
 Node:         93
  0.1159E+03  0.1217E+03  0.4877E+03 -0.9377E-02
  -0.001688
  -0.001309
   0.001197
   7.808E-4
   0.002471
  -2.187E-5
  3.200000000e-03
  -4.405000000e-04
  -3.272000000e-03
  5.619500000e-03
  -1.708300000e-04
  2.649100000e-03
  -1.210000000e-01 8.016000000e-01 5.855000000e-01
  7.252000000e-01 -3.314000000e-01 6.035000000e-01
  -6.778000000e-01 -4.977000000e-01 5.412000000e-01
 Node:         94
  0.1314E+03  0.1264E+03  0.4538E+03 -0.9377E-02
  -0.04517
   0.004246
   0.05512
  -0.01308
   0.01713
   0.006182
  6.052000000e-02
  4.585000000e-03
  -4.897000000e-02
  9.482900000e-02
  5.378300000e-03
  4.470300000e-02
  1.145000000e-03 9.538000000e-01 3.004000000e-01
  2.664000000e-01 2.892000000e-01 -9.194000000e-01
  9.639000000e-01 -8.107000000e-02 2.538000000e-01
 Node:         95
  0.1250E+03  0.1235E+03  0.4706E+03 -0.9377E-02
  -0.03041
  -0.005564
   0.02902
  -0.005107
   0.009829
   0.01399
  3.468000000e-02
