 Group name: actual_strain_L3A5
 #Fields=  17
 1) coordinates, coordinate, rectangular cartesian, #Components=3
   x.  Value index= 1, #Derivatives=0
   y.  Value index= 2, #Derivatives=0
   z.  Value index= 3, #Derivatives=0
 2) dummy, field, rectangular cartesian, #Components=1
   Tensor_1.  Value index= 4, #Derivatives=0
 3) Tensor_1, field, rectangular cartesian, #Components=1
   Tensor_1.  Value index= 5, #Derivatives=0
 4) Tensor_2, field, rectangular cartesian, #Components=1
   Tensor_2.  Value index= 6, #Derivatives=0
 5) Tensor_3, field, rectangular cartesian, #Components=1
   Tensor_3.  Value index= 7, #Derivatives=0
 6) Tensor_4, field, rectangular cartesian, #Components=1
   Tensor_4.  Value index= 8, #Derivatives=0
 7) Tensor_5, field, rectangular cartesian, #Components=1
   Tensor_5.  Value index= 9, #Derivatives=0
 8) Tensor_6, field, rectangular cartesian, #Components=1
   Tensor_6.  Value index= 10, #Derivatives=0
 9) Principal_1, field, rectangular cartesian, #Components=1
   Principal_1.  Value index= 11, #Derivatives=0
 10) Principal_2, field, rectangular cartesian, #Components=1
   Principal_2.  Value index= 12, #Derivatives=0
 11) Principal_3, field, rectangular cartesian, #Components=1
   Principal_3.  Value index= 13, #Derivatives=0
 12) VonMises, field, rectangular cartesian, #Components=1
   VonMises.  Value index= 14, #Derivatives=0
 13) Hydrostatic, field, rectangular cartesian, #Components=1
   VonMises.  Value index= 15, #Derivatives=0
 14) Octahedral, field, rectangular cartesian, #Components=1
   VonMises.  Value index= 16, #Derivatives=0
 15) PrincipalVector1, field, rectangular cartesian, #Components=3
   x.  Value index= 17, #Derivatives=0
   y.  Value index= 18, #Derivatives=0
   z.  Value index= 19, #Derivatives=0
 16) PrincipalVector2, field, rectangular cartesian, #Components=3
   x.  Value index= 20, #Derivatives=0
   y.  Value index= 21, #Derivatives=0
   z.  Value index= 22, #Derivatives=0
 17) PrincipalVector3, field, rectangular cartesian, #Components=3
   x.  Value index= 23, #Derivatives=0
   y.  Value index= 24, #Derivatives=0
   z.  Value index= 25, #Derivatives=0
 Node:          1
  0.1287E+03  0.1133E+03  0.4908E+03 -0.1781E-04
  -1.11E-16
  -8.327E-17
  -2.22E-16
  -2.776E-17
  -4.163E-17
  -3.331E-16
  -6.637000000e-17
  -2.400000000e-16
  -3.598000000e-16
  2.555400000e-16
  -2.220600000e-16
  1.204600000e-16
  8.837000000e-01 -4.676000000e-01 -1.897000000e-02
  4.046000000e-01 7.837000000e-01 -4.712000000e-01
  2.352000000e-01 4.088000000e-01 8.818000000e-01
 Node:          2
  0.1292E+03  0.1137E+03  0.5052E+03 -0.1781E-04
  -5.551E-17
  -1.11E-16
  -1.665E-16
  -5.551E-17
   1.943E-16
  -2.776E-16
  8.603000000e-17
  -1.600000000e-16
  -4.256000000e-16
  4.431900000e-16
  -1.665200000e-16
  2.089200000e-16
  -6.554000000e-01 6.199000000e-01 4.313000000e-01
  7.522000000e-01 4.849000000e-01 4.462000000e-01
  -6.744000000e-02 -6.169000000e-01 7.841000000e-01
 Node:          3
  0.1289E+03  0.1155E+03  0.5194E+03 -0.1781E-04
   2.22E-16
   1.388E-16
   3.331E-16
   1.11E-16
   5.551E-17
   2.22E-16
  4.753000000e-16
  2.118000000e-16
  9.006000000e-17
  3.410700000e-16
  2.590500000e-16
  1.607800000e-16
  -5.696000000e-01 -7.144000000e-01 -4.063000000e-01
  2.395000000e-01 -6.172000000e-01 7.494000000e-01
  -7.862000000e-01 3.296000000e-01 5.227000000e-01
 Node:          4
  0.1361E+03  0.1141E+03  0.4915E+03 -0.1781E-04
   0.0
  -2.776E-17
  -1.11E-16
  -2.776E-17
  -8.327E-17
   2.22E-16
  2.435000000e-16
  6.328000000e-18
  -1.388000000e-16
  3.342600000e-16
  3.700900000e-17
  1.575700000e-16
  -8.549000000e-02 -2.215000000e-01 9.714000000e-01
  9.681000000e-01 -2.491000000e-01 2.840000000e-02
  2.357000000e-01 9.428000000e-01 2.357000000e-01
 Node:          5
  0.1341E+03  0.1144E+03  0.5054E+03 -0.1781E-04
   3.331E-16
   1.388E-16
   3.331E-16
   5.551E-17
  -6.939E-17
   4.441E-16
  4.814000000e-16
  4.627000000e-16
  1.662000000e-16
  3.062800000e-16
  3.701000000e-16
  1.443800000e-16
  -3.480000000e-01 -6.443000000e-01 6.810000000e-01
  -6.589000000e-01 -3.487000000e-01 -6.665000000e-01
  6.669000000e-01 -6.807000000e-01 -3.032000000e-01
 Node:          6
  0.1323E+03  0.1162E+03  0.5191E+03 -0.1781E-04
   2.22E-16
   5.551E-17
   2.22E-16
  -5.551E-17
  -2.776E-17
   0.0
  2.897000000e-16
  1.685000000e-16
  -1.402000000e-17
  2.648100000e-16
  1.480600000e-16
  1.248300000e-16
  -7.150000000e-01 -6.696000000e-01 2.012000000e-01
  6.656000000e-01 -7.399000000e-01 -9.741000000e-02
  -2.141000000e-01 -6.426000000e-02 -9.747000000e-01
 Node:          7
  0.1408E+03  0.1171E+03  0.4920E+03 -0.1781E-04
   3.331E-16
   2.22E-16
   2.22E-16
  -8.327E-17
  -1.11E-16
   0.0
  5.398000000e-16
  6.158000000e-17
  -4.631000000e-17
  5.403100000e-16
  1.850200000e-16
  2.547000000e-16
  -7.537000000e-01 -6.111000000e-01 2.419000000e-01
  -6.560000000e-01 6.770000000e-01 -3.335000000e-01
  -4.004000000e-02 4.101000000e-01 9.112000000e-01
 Node:          8
  0.1367E+03  0.1169E+03  0.5055E+03 -0.1781E-04
   2.22E-16
   1.943E-16
   2.22E-16
  -4.025E-16
  -2.359E-16
  -2.22E-16
  6.547000000e-16
  4.477000000e-17
  -4.775000000e-16
  9.814900000e-16
  7.399000000e-17
  4.626800000e-16
  -6.847000000e-01 -5.611000000e-01 4.652000000e-01
  5.685000000e-01 -8.105000000e-01 -1.409000000e-01
  -4.561000000e-01 -1.681000000e-01 -8.739000000e-01
 Node:          9
  0.1339E+03  0.1180E+03  0.5191E+03 -0.1781E-04
   2.22E-16
   1.665E-16
   0.0
  -3.955E-16
  -2.776E-16
   6.661E-16
  1.002000000e-15
  -9.379000000e-18
  -1.046000000e-16
  1.062200000e-15
  2.960100000e-16
  5.007200000e-16
  -4.817000000e-01 -3.073000000e-01 8.207000000e-01
  -8.565000000e-01 -3.292000000e-02 -5.150000000e-01
  -1.853000000e-01 9.510000000e-01 2.474000000e-01
 Node:         10
  0.1294E+03  0.1212E+03  0.4911E+03 -0.1781E-04
   0.0
   2.776E-17
   1.11E-16
  -1.388E-17
   1.249E-16
   1.11E-16
  2.363000000e-16
  2.303000000e-17
  -3.732000000e-17
  2.489900000e-16
  7.400300000e-17
  1.173800000e-16
  4.210000000e-02 7.100000000e-01 7.030000000e-01
  -7.813000000e-01 -4.152000000e-01 4.661000000e-01
  -6.228000000e-01 5.688000000e-01 -5.372000000e-01
 Node:         11
  0.1295E+03  0.1214E+03  0.5055E+03 -0.1781E-04
  -2.22E-16
  -2.776E-17
  -2.22E-16
  -4.163E-17
   1.388E-17
  -1.665E-16
  -1.365000000e-16
  -2.183000000e-16
  -2.558000000e-16
  1.056600000e-16
  -2.035300000e-16
  4.981100000e-17
  -4.935000000e-01 2.929000000e-01 8.189000000e-01
  3.541000000e-01 -7.924000000e-01 4.968000000e-01
  -7.944000000e-01 -5.351000000e-01 -2.873000000e-01
 Node:         12
  0.1295E+03  0.1217E+03  0.5196E+03 -0.1781E-04
   1.11E-16
   0.0
   1.11E-16
   7.633E-17
   2.776E-17
   2.22E-16
  2.649000000e-16
  1.110000000e-16
  6.816000000e-17
  1.792000000e-16
  1.480200000e-16
  8.447700000e-17
  -4.387000000e-01 -1.595000000e-01 -8.844000000e-01
  3.417000000e-01 -9.398000000e-01 -2.255000000e-17
  8.311000000e-01 3.022000000e-01 -4.668000000e-01
 Node:         13
  0.1361E+03  0.1199E+03  0.4914E+03 -0.1781E-04
   1.11E-16
  -1.388E-16
   0.0
  -9.714E-17
   2.776E-17
  -1.665E-16
  2.285000000e-16
  -8.520000000e-17
  -1.988000000e-16
  3.833400000e-16
  -1.850000000e-17
  1.807100000e-16
  8.171000000e-01 -5.252000000e-01 -2.378000000e-01
  4.648000000e-01 8.442000000e-01 -2.671000000e-01
  3.410000000e-01 1.077000000e-01 9.339000000e-01
 Node:         14
  0.1342E+03  0.1198E+03  0.5054E+03 -0.1781E-04
  -5.551E-17
   2.776E-17
   0.0
   5.551E-17
  -9.021E-17
   1.11E-16
  1.672000000e-16
  -4.940000000e-18
  -1.068000000e-16
  2.398800000e-16
  1.848700000e-17
  1.130800000e-16
  1.634000000e-01 -4.472000000e-01 8.794000000e-01
  -6.569000000e-01 -7.144000000e-01 -2.412000000e-01
  -7.361000000e-01 5.382000000e-01 4.105000000e-01
 Node:         15
  0.1330E+03  0.1205E+03  0.5193E+03 -0.1781E-04
   2.22E-16
  -8.327E-17
  -5.551E-17
   1.388E-17
   4.857E-17
   0.0
  2.451000000e-16
  2.471000000e-17
  -1.033000000e-16
  3.052400000e-16
  5.550300000e-17
  1.438900000e-16
  -9.638000000e-01 2.667000000e-01 -1.723000000e-03
  1.157000000e-01 4.239000000e-01 8.983000000e-01
  2.403000000e-01 8.656000000e-01 -4.394000000e-01
 Node:         16
  0.1404E+03  0.1188E+03  0.4918E+03 -0.1781E-04
   2.22E-16
   5.551E-17
   2.22E-16
  -8.327E-17
  -1.457E-16
   4.441E-16
  5.466000000e-16
  1.950000000e-16
  1.465000000e-16
  3.781900000e-16
  2.960300000e-16
  1.782800000e-16
  -2.927000000e-01 -4.328000000e-01 8.526000000e-01
  -9.222000000e-01 -1.077000000e-01 -3.713000000e-01
  -2.526000000e-01 8.950000000e-01 3.676000000e-01
 Node:         17
  0.1365E+03  0.1184E+03  0.5055E+03 -0.1781E-04
  -1.11E-16
   2.776E-17
  -1.11E-16
   9.714E-17
   1.7E-16
   0.0
  1.573000000e-16
  -1.341000000e-16
  -2.452000000e-16
  3.600400000e-16
  -7.400000000e-17
  1.697300000e-16
  3.368000000e-01 5.285000000e-01 7.792000000e-01
  8.927000000e-01 -4.425000000e-01 -8.566000000e-02
  -2.996000000e-01 -7.244000000e-01 6.209000000e-01
 Node:         18
  0.1341E+03  0.1191E+03  0.5192E+03 -0.1781E-04
   0.0
   0.0
   0.0
   2.645E-17
   1.065E-16
   4.441E-16
  4.697000000e-16
  -1.672000000e-33
  -2.562000000e-17
  4.830200000e-16
  1.480300000e-16
  2.277000000e-16
  -5.484000000e-02 -2.207000000e-01 -9.738000000e-01
  9.705000000e-01 -2.411000000e-01 -6.210000000e-17
  -2.348000000e-01 -9.451000000e-01 2.274000000e-01
 Node:         19
  0.1301E+03  0.1291E+03  0.4914E+03  0.0000E+00
   1.11E-16
   0.0
   1.11E-16
   2.101E-19
   1.001E-17
  -2.22E-16
  1.113000000e-16
  1.110000000e-16
  -2.223000000e-16
  3.334500000e-16
  0.000000000e+00
  1.571900000e-16
  -2.096000000e-02 -9.993000000e-01 -3.003000000e-02
  9.998000000e-01 -2.097000000e-02 1.345000000e-19
  6.298000000e-04 3.003000000e-02 -9.995000000e-01
 Node:         20
  0.1299E+03  0.1291E+03  0.5058E+03  0.0000E+00
   2.22E-16
   0.0
   0.0
   1.041E-17
   1.924E-17
  -5.551E-17
  2.224000000e-16
  5.975000000e-18
  -6.188000000e-17
  2.571600000e-16
  5.549800000e-17
  1.212200000e-16
  -9.993000000e-01 -3.257000000e-03 -3.765000000e-02
  1.428000000e-02 -9.549000000e-01 -2.965000000e-01
  -3.498000000e-02 -2.968000000e-01 9.543000000e-01
 Node:         21
  0.1301E+03  0.1280E+03  0.5197E+03  0.0000E+00
   1.11E-16
   0.0
   0.0
   4.163E-17
   1.475E-17
   1.11E-16
  1.534000000e-16
  7.089000000e-17
  -2.220000000e-18
  1.348500000e-16
  7.402300000e-17
  6.357000000e-17
  -6.994000000e-01 -6.840000000e-02 -7.114000000e-01
  -7.126000000e-01 1.429000000e-01 6.869000000e-01
  -5.465000000e-02 -9.874000000e-01 1.487000000e-01
 Node:         22
  0.1360E+03  0.1256E+03  0.4913E+03  0.0000E+00
  -2.22E-16
   1.388E-17
  -1.11E-16
  -1.388E-17
   1.006E-16
   1.11E-16
  1.500000000e-16
  -1.456000000e-16
  -2.264000000e-16
  3.432100000e-16
  -7.400000000e-17
  1.617900000e-16
  -2.144000000e-02 3.586000000e-01 9.332000000e-01
  2.280000000e-01 9.106000000e-01 -3.447000000e-01
  -9.734000000e-01 2.054000000e-01 -1.013000000e-01
 Node:         23
  0.1343E+03  0.1253E+03  0.5054E+03  0.0000E+00
   0.0
   2.082E-17
  -4.441E-16
   0.0
   1.314E-16
  -1.665E-16
  1.265000000e-18
  -1.147000000e-16
  -4.972000000e-16
  4.517900000e-16
  -2.035400000e-16
  2.129700000e-16
  9.970000000e-01 6.061000000e-02 4.746000000e-02
  6.644000000e-02 -3.661000000e-01 -9.282000000e-01
  3.888000000e-02 -9.286000000e-01 3.690000000e-01
 Node:         24
  0.1336E+03  0.1248E+03  0.5194E+03  0.0000E+00
  -2.22E-16
   1.214E-17
   0.0
   1.388E-17
   8.674E-19
  -1.665E-16
  6.779000000e-19
  -1.633000000e-16
  -2.259000000e-16
  2.026600000e-16
  -1.295100000e-16
  9.553700000e-17
  -5.504000000e-02 -9.984000000e-01 -9.747000000e-03
  2.257000000e-01 -2.195000000e-02 9.740000000e-01
  -9.726000000e-01 5.141000000e-02 2.265000000e-01
 Node:         25
  0.1400E+03  0.1206E+03  0.4917E+03  0.0000E+00
   0.0
   2.671E-16
  -1.11E-16
  -8.327E-17
  -1.301E-16
   2.22E-16
  3.681000000e-16
  7.580000000e-17
  -3.329000000e-16
  6.098700000e-16
  3.700000000e-17
  2.874900000e-16
  5.089000000e-01 4.781000000e-01 -7.159000000e-01
  6.086000000e-01 3.883000000e-01 6.920000000e-01
  6.088000000e-01 -7.878000000e-01 -9.334000000e-02
 Node:         26
  0.1363E+03  0.1200E+03  0.5055E+03  0.0000E+00
   2.22E-16
   1.076E-16
  -6.106E-16
   2.776E-17
  -1.124E-15
  -5.551E-17
  8.281000000e-16
  2.248000000e-16
  -1.497000000e-15
  2.089800000e-15
  -1.480300000e-16
  9.851500000e-16
  7.371000000e-02 6.174000000e-01 -7.832000000e-01
  9.955000000e-01 1.018000000e-03 9.449000000e-02
  -5.914000000e-02 7.866000000e-01 6.146000000e-01
 Node:         27
  0.1343E+03  0.1203E+03  0.5192E+03  0.0000E+00
   2.22E-16
  -1.943E-16
   2.22E-16
  -1.041E-16
   1.313E-15
   0.0
  1.466000000e-15
  1.875000000e-16
  -1.209000000e-15
  2.317400000e-15
  1.481700000e-16
  1.092400000e-15
  -1.693000000e-01 7.280000000e-01 6.643000000e-01
  9.848000000e-01 9.849000000e-02 1.431000000e-01
  3.876000000e-02 6.785000000e-01 -7.336000000e-01
 Node:         28
  0.1155E+03  0.1124E+03  0.4931E+03 -0.1052E-03
  -2.22E-16
   3.816E-17
   2.22E-16
  -5.551E-17
   5.551E-17
   1.11E-16
  2.455000000e-16
  1.014000000e-16
  -2.359000000e-16
  4.279500000e-16
  3.700000000e-17
  2.017400000e-16
  3.184000000e-02 9.284000000e-01 3.701000000e-01
  1.988000000e-01 3.571000000e-01 -9.127000000e-01
  9.795000000e-01 -1.026000000e-01 1.732000000e-01
 Node:         29
  0.1119E+03  0.1139E+03  0.5068E+03 -0.1052E-03
  -2.22E-16
  -2.082E-17
   0.0
   5.551E-17
   6.939E-18
  -3.331E-16
  1.944000000e-18
  -2.004000000e-16
  -3.566000000e-16
  3.113600000e-16
  -1.850200000e-16
  1.467800000e-16
  -9.118000000e-02 9.958000000e-01 5.517000000e-03
  -9.179000000e-01 -8.189000000e-02 -3.884000000e-01
  -3.863000000e-01 -4.048000000e-02 9.215000000e-01
 Node:         30
  0.1113E+03  0.1159E+03  0.5206E+03 -0.1052E-03
   2.22E-16
   1.249E-16
   2.22E-16
   0.0
  -2.776E-17
   1.11E-16
  3.486000000e-16
  1.238000000e-16
  8.277000000e-17
  2.478800000e-16
  1.850600000e-16
  1.168500000e-16
  -7.001000000e-01 -7.092000000e-01 8.287000000e-02
  -4.685000000e-01 3.686000000e-01 -8.029000000e-01
  -5.389000000e-01 6.009000000e-01 5.903000000e-01
 Node:         31
  0.1203E+03  0.1126E+03  0.4920E+03 -0.1052E-03
  -5.551E-17
   9.714E-17
  -1.11E-16
   2.776E-17
   4.163E-17
  -5.551E-17
  4.114000000e-17
  -7.661000000e-17
  -1.866000000e-16
  1.972700000e-16
  -7.402300000e-17
  9.299200000e-17
  -6.956000000e-01 -5.654000000e-01 -4.433000000e-01
  4.358000000e-01 1.585000000e-01 -8.860000000e-01
  5.712000000e-01 -8.095000000e-01 1.362000000e-01
 Node:         32
  0.1188E+03  0.1134E+03  0.5062E+03 -0.1052E-03
   2.22E-16
  -1.388E-17
  -1.11E-16
  -2.776E-17
   9.714E-17
  -5.551E-17
  2.266000000e-16
  1.331000000e-17
  -1.844000000e-16
  3.560200000e-16
  1.850300000e-17
  1.678300000e-16
  -9.894000000e-01 7.624000000e-02 1.236000000e-01
  1.445000000e-01 5.992000000e-01 7.875000000e-01
  1.402000000e-02 -7.970000000e-01 6.038000000e-01
 Node:         33
  0.1183E+03  0.1150E+03  0.5201E+03 -0.1052E-03
   1.11E-16
   5.551E-17
   0.0
   8.327E-17
   0.0
   0.0
  1.700000000e-16
  0.000000000e+00
  -5.893000000e-17
  2.058900000e-16
  3.702300000e-17
  9.705800000e-17
  -8.617000000e-01 -2.815000000e-01 -4.222000000e-01
  0.000000000e+00 -8.321000000e-01 5.547000000e-01
  -5.074000000e-01 4.780000000e-01 7.170000000e-01
 Node:         34
  0.1255E+03  0.1129E+03  0.4909E+03 -0.1052E-03
   0.0
   0.0
   0.0
   5.551E-17
   9.714E-17
   0.0
  1.119000000e-16
  3.387000000e-33
  -1.119000000e-16
  1.938200000e-16
  0.000000000e+00
  9.136600000e-17
  -3.508000000e-01 -6.139000000e-01 -7.071000000e-01
  8.682000000e-01 -4.961000000e-01 -4.855000000e-17
  -3.508000000e-01 -6.139000000e-01 7.071000000e-01
 Node:         35
  0.1260E+03  0.1135E+03  0.5054E+03 -0.1052E-03
   0.0
   1.11E-16
  -1.11E-16
   1.11E-16
   2.498E-16
  -1.11E-16
  2.410000000e-16
  -1.023000000e-16
  -3.608000000e-16
  5.229000000e-16
  -7.403300000e-17
  2.465000000e-16
  5.458000000e-01 5.925000000e-01 5.925000000e-01
  8.379000000e-01 -3.859000000e-01 -3.859000000e-01
  -4.975000000e-17 -7.071000000e-01 7.071000000e-01
 Node:         36
  0.1257E+03  0.1153E+03  0.5196E+03 -0.1052E-03
   0.0
  -5.551E-17
   0.0
  -5.551E-17
   8.327E-17
   0.0
  1.305000000e-16
  -4.723000000e-17
  -8.327000000e-17
  1.982200000e-16
  0.000000000e+00
  9.344300000e-17
  -5.155000000e-01 6.059000000e-01 6.059000000e-01
  8.569000000e-01 3.645000000e-01 3.645000000e-01
  -1.256000000e-16 7.071000000e-01 -7.071000000e-01
 Node:         37
  0.1132E+03  0.1210E+03  0.4959E+03 -0.1052E-03
  -2.22E-16
   1.388E-16
  -2.22E-16
  -8.327E-17
   1.804E-16
  -2.776E-16
  -4.482000000e-17
  -1.622000000e-16
  -5.146000000e-16
  4.234700000e-16
  -2.405400000e-16
  1.996300000e-16
  3.971000000e-01 7.887000000e-01 4.693000000e-01
  -7.874000000e-01 3.010000000e-02 6.157000000e-01
  4.715000000e-01 -6.140000000e-01 6.330000000e-01
 Node:         38
  0.1111E+03  0.1204E+03  0.5085E+03 -0.1052E-03
  -1.665E-16
   9.714E-17
   0.0
  -2.776E-17
  -8.327E-17
  -2.22E-16
  7.071000000e-17
  -2.091000000e-16
  -2.502000000e-16
  3.024600000e-16
  -1.295300000e-16
  1.425800000e-16
  -3.916000000e-01 -8.746000000e-01 2.859000000e-01
  9.154000000e-01 -3.389000000e-01 2.170000000e-01
  9.287000000e-02 -3.467000000e-01 -9.334000000e-01
 Node:         39
  0.1119E+03  0.1201E+03  0.5207E+03 -0.1052E-03
  -5.551E-17
  -9.714E-17
  -3.331E-16
  -8.327E-17
  -7.633E-17
  -1.11E-16
  8.934000000e-18
  -1.105000000e-16
  -3.981000000e-16
  3.623900000e-16
  -1.665600000e-16
  1.708300000e-16
  8.510000000e-01 -1.281000000e-01 -5.092000000e-01
  4.076000000e-01 -4.503000000e-01 7.944000000e-01
  -3.311000000e-01 -8.836000000e-01 -3.310000000e-01
 Node:         40
  0.1191E+03  0.1220E+03  0.4937E+03 -0.1052E-03
   0.0
   8.327E-17
  -2.22E-16
   8.327E-17
  -1.388E-17
  -2.22E-16
  4.872000000e-17
  -2.082000000e-16
  -2.846000000e-16
  3.024500000e-16
  -1.480300000e-16
  1.425700000e-16
  -9.240000000e-01 -2.703000000e-01 -2.703000000e-01
  0.000000000e+00 -7.071000000e-01 7.071000000e-01
  3.823000000e-01 -6.534000000e-01 -6.534000000e-01
 Node:         41
  0.1182E+03  0.1217E+03  0.5073E+03 -0.1052E-03
   0.0
  -2.776E-17
  -5.551E-17
   5.551E-17
   9.714E-17
   1.11E-16
  1.653000000e-16
  1.073000000e-17
  -1.206000000e-16
  2.478700000e-16
  1.847700000e-17
  1.168500000e-16
  2.406000000e-01 3.653000000e-01 8.993000000e-01
  -8.901000000e-01 4.526000000e-01 5.428000000e-02
  -3.871000000e-01 -8.135000000e-01 4.340000000e-01
 Node:         42
  0.1187E+03  0.1212E+03  0.5204E+03 -0.1052E-03
   0.0
  -5.551E-17
  -1.11E-16
   0.0
   5.551E-17
   1.11E-16
  1.256000000e-16
  1.887000000e-17
  -1.444000000e-16
  2.355300000e-16
  2.333300000e-20
  1.110300000e-16
  1.113000000e-01 -2.517000000e-01 -9.614000000e-01
  9.295000000e-01 -3.159000000e-01 1.903000000e-01
  -3.516000000e-01 -9.148000000e-01 1.988000000e-01
 Node:         43
  0.1258E+03  0.1217E+03  0.4915E+03 -0.1052E-03
   2.22E-16
   1.11E-16
   1.11E-16
  -1.388E-17
   0.0
  -5.551E-17
  2.911000000e-16
  4.294000000e-17
  -5.645000000e-17
  3.100400000e-16
  9.253000000e-17
  1.461600000e-16
  -8.507000000e-01 -5.246000000e-01 3.406000000e-02
  -5.213000000e-01 8.502000000e-01 7.348000000e-02
  6.751000000e-02 -4.475000000e-02 9.967000000e-01
 Node:         44
  0.1259E+03  0.1220E+03  0.5059E+03 -0.1052E-03
  -2.22E-16
   1.388E-16
  -2.22E-16
   9.714E-17
   1.11E-16
  -1.11E-16
  5.081000000e-17
  -2.445000000e-16
  -3.614000000e-16
  3.679600000e-16
  -1.850300000e-16
  1.734600000e-16
  -5.113000000e-01 -5.340000000e-01 -6.733000000e-01
  -5.198000000e-01 -4.318000000e-01 7.372000000e-01
  -6.844000000e-01 7.269000000e-01 -5.679000000e-02
 Node:         45
  0.1261E+03  0.1221E+03  0.5198E+03 -0.1052E-03
  -5.551E-17
  -8.327E-17
  -2.776E-16
   2.776E-17
  -6.939E-18
   1.11E-16
  1.167000000e-16
  -3.339000000e-17
  -3.053000000e-16
  3.705000000e-16
  -7.399700000e-17
  1.746600000e-16
  1.854000000e-01 -5.643000000e-02 9.810000000e-01
  9.302000000e-01 -3.117000000e-01 -1.938000000e-01
  -3.167000000e-01 -9.485000000e-01 5.308000000e-03
 Node:         46
  0.1117E+03  0.1296E+03  0.4959E+03  0.0000E+00
  -5.551E-17
   2.776E-17
  -1.665E-16
   6.939E-18
  -2.602E-17
   0.0
  4.101000000e-18
  -4.897000000e-17
  -1.772000000e-16
  1.614500000e-16
  -7.402300000e-17
  7.610600000e-17
  4.856000000e-02 -1.429000000e-01 9.886000000e-01
  9.724000000e-01 2.327000000e-01 -1.414000000e-02
  -2.280000000e-01 9.620000000e-01 1.502000000e-01
 Node:         47
  0.1107E+03  0.1269E+03  0.5087E+03  0.0000E+00
  -1.665E-16
  -3.123E-17
   1.11E-16
  -2.776E-17
   3.99E-17
   0.0
  1.289000000e-16
  -1.114000000e-17
  -1.732000000e-16
  2.618600000e-16
  -1.848000000e-17
  1.234400000e-16
  -1.292000000e-01 9.390000000e-01 3.186000000e-01
  -1.008000000e-01 -3.321000000e-01 9.379000000e-01
  -9.865000000e-01 -8.906000000e-02 -1.376000000e-01
 Node:         48
  0.1125E+03  0.1242E+03  0.5208E+03  0.0000E+00
   1.11E-16
   3.469E-18
   1.11E-16
   0.0
  -1.735E-18
   1.11E-16
  1.149000000e-16
  1.110000000e-16
  1.071000000e-16
  6.755000000e-18
  1.110000000e-16
  3.184300000e-18
  -6.325000000e-01 -7.071000000e-01 3.162000000e-01
  4.472000000e-01 -4.455000000e-15 8.944000000e-01
  -6.325000000e-01 7.071000000e-01 3.162000000e-01
 Node:         49
  0.1186E+03  0.1311E+03  0.4938E+03  0.0000E+00
  -1.665E-16
  -2.082E-17
   0.0
  -4.163E-17
  -6.072E-18
  -5.551E-17
  2.581000000e-18
  -4.165000000e-17
  -1.830000000e-16
  1.678900000e-16
  -7.402300000e-17
  7.914600000e-17
  1.174000000e-01 -9.929000000e-01 1.965000000e-02
  -3.135000000e-01 -1.827000000e-02 9.494000000e-01
  -9.423000000e-01 -1.176000000e-01 -3.134000000e-01
 Node:         50
  0.1180E+03  0.1298E+03  0.5075E+03  0.0000E+00
   0.0
  -1.301E-17
   3.331E-16
  -4.163E-17
   1.247E-17
   2.22E-16
  3.354000000e-16
  2.276000000e-16
  -7.879000000e-18
  3.040700000e-16
  1.850400000e-16
  1.433400000e-16
  5.441000000e-02 -9.902000000e-01 -1.289000000e-01
  -1.707000000e-01 -1.364000000e-01 9.758000000e-01
  9.838000000e-01 3.109000000e-02 1.765000000e-01
 Node:         51
  0.1192E+03  0.1275E+03  0.5206E+03  0.0000E+00
   0.0
  -3.469E-18
  -5.551E-17
   0.0
   1.475E-17
   1.11E-16
  1.123000000e-16
  2.087000000e-19
  -5.702000000e-17
  1.491800000e-16
  1.849600000e-17
  7.032400000e-17
  -2.705000000e-03 8.758000000e-02 9.962000000e-01
  9.982000000e-01 -6.004000000e-02 7.989000000e-03
  -6.051000000e-02 -9.943000000e-01 8.725000000e-02
 Node:         52
  0.1262E+03  0.1305E+03  0.4920E+03  0.0000E+00
   1.11E-16
  -1.388E-17
   1.11E-16
   1.301E-18
   4.906E-18
   0.0
  1.250000000e-16
  9.734000000e-17
  -2.497000000e-19
  1.139700000e-16
  7.403000000e-17
  5.372400000e-17
  -7.047000000e-01 7.092000000e-01 2.051000000e-02
  7.093000000e-01 7.034000000e-01 4.493000000e-02
  -1.744000000e-02 -4.621000000e-02 9.988000000e-01
 Node:         53
  0.1258E+03  0.1304E+03  0.5063E+03  0.0000E+00
  -1.665E-16
  -1.735E-18
  -1.11E-16
   2.776E-17
   3.383E-17
  -2.22E-16
  -1.010000000e-16
  -1.572000000e-16
  -2.414000000e-16
  1.223900000e-16
  -1.665300000e-16
  5.769700000e-17
  9.684000000e-02 9.526000000e-01 2.883000000e-01
  -9.346000000e-01 1.866000000e-01 -3.027000000e-01
  -3.422000000e-01 -2.402000000e-01 9.084000000e-01
 Node:         54
  0.1265E+03  0.1288E+03  0.5200E+03  0.0000E+00
  -2.22E-16
   2.082E-17
   1.11E-16
   0.0
  -4.337E-18
   1.11E-16
  1.160000000e-16
  1.073000000e-16
  -2.233000000e-16
  3.350300000e-16
  0.000000000e+00
  1.579400000e-16
  -4.656000000e-02 -7.562000000e-01 6.527000000e-01
  -4.117000000e-02 -6.514000000e-01 -7.576000000e-01
  -9.981000000e-01 6.215000000e-02 8.061000000e-04
 Node:         55
  0.1383E+03  0.1168E+03  0.4544E+03 -0.1415E-02
  -0.0933
  -0.01407
   0.091
   0.005215
   0.02957
   0.05931
  1.091000000e-01
  4.261000000e-02
  -9.473000000e-02
  1.800400000e-01
  1.899300000e-02
  8.487200000e-02
  -4.682000000e-02 8.612000000e-01 5.061000000e-01
  -8.495000000e-02 5.014000000e-01 -8.611000000e-01
  -9.953000000e-01 -8.331000000e-02 4.969000000e-02
 Node:         56
  0.1314E+03  0.1156E+03  0.4694E+03 -0.1415E-02
  -0.09586
   0.005091
   0.04664
   0.02634
   1.06E-4
   0.005227
  4.686000000e-02
  1.163000000e-02
  -1.025000000e-01
  1.352300000e-01
  -1.467000000e-02
  6.374900000e-02
  -4.087000000e-02 -9.988000000e-01 -2.840000000e-02
  2.362000000e-01 -3.728000000e-02 9.710000000e-01
  -9.708000000e-01 3.297000000e-02 2.374000000e-01
 Node:         57
  0.1285E+03  0.1140E+03  0.4824E+03 -0.1415E-02
  -0.02327
   0.01102
  -0.002268
   0.008721
  -0.006072
  -0.003327
  3.722000000e-03
  -7.752000000e-04
  -3.181000000e-02
  3.351000000e-02
  -9.621100000e-03
  1.579700000e-02
  -1.830000000e-01 -8.454000000e-01 5.019000000e-01
  4.867000000e-01 3.657000000e-01 7.933000000e-01
  -8.542000000e-01 3.894000000e-01 3.446000000e-01
 Node:         58
  0.1489E+03  0.1178E+03  0.4541E+03 -0.1415E-02
  -0.1076
  -0.04689
   0.1583
  -0.006846
   0.02513
   0.01754
  1.707000000e-01
  1.319000000e-02
  -1.157000000e-01
  2.484400000e-01
  2.273000000e-02
  1.171200000e-01
  1.678000000e-01 -9.716000000e-01 -1.669000000e-01
  9.254000000e-03 -1.678000000e-01 9.858000000e-01
  -9.858000000e-01 -1.670000000e-01 -1.916000000e-02
 Node:         59
  0.1422E+03  0.1167E+03  0.4699E+03 -0.1415E-02
  -0.0985
  -0.03828
   0.1094
   0.01141
   0.009942
  -0.01614
  1.167000000e-01
  -1.475000000e-02
  -1.072000000e-01
  1.948800000e-01
  -1.750000000e-03
  9.186800000e-02
  -1.719000000e-01 9.834000000e-01 5.885000000e-02
  1.497000000e-01 -3.299000000e-02 9.882000000e-01
  9.737000000e-01 1.786000000e-01 -1.415000000e-01
 Node:         60
  0.1375E+03  0.1150E+03  0.4833E+03 -0.1415E-02
  -0.01988
  -0.005192
   0.01525
   0.00853
  -0.002396
  -0.005952
  1.662000000e-02
  -2.928000000e-03
  -2.427000000e-02
  3.542300000e-02
  -3.526000000e-03
  1.669900000e-02
  -1.776000000e-01 9.693000000e-01 -1.700000000e-01
  -3.815000000e-01 -2.271000000e-01 -8.961000000e-01
  -9.072000000e-01 -9.432000000e-02 4.101000000e-01
 Node:         61
  0.1560E+03  0.1224E+03  0.4532E+03 -0.1415E-02
  -0.05842
  -0.04949
   0.1054
  -0.03788
   0.04992
  -0.1085
  1.333000000e-01
  -6.378000000e-02
  -1.311000000e-01
  2.379900000e-01
  -2.052700000e-02
  1.121900000e-01
  2.863000000e-01 -9.285000000e-01 -2.365000000e-01
  8.705000000e-01 3.552000000e-01 -3.408000000e-01
  4.004000000e-01 -1.083000000e-01 9.099000000e-01
 Node:         62
  0.1497E+03  0.1205E+03  0.4699E+03 -0.1415E-02
  -0.009714
  -0.06639
   0.09627
  -0.01315
   0.02731
  -0.1061
  1.321000000e-01
  -4.167000000e-02
  -1.099000000e-01
  2.161200000e-01
  -6.490000000e-03
  1.018800000e-01
  4.302000000e-01 -8.939000000e-01 -1.262000000e-01
  9.011000000e-01 4.337000000e-01 -6.374000000e-05
  5.481000000e-02 -1.137000000e-01 9.920000000e-01
 Node:         63
  0.1437E+03  0.1181E+03  0.4838E+03 -0.1415E-02
   0.01164
  -0.01872
   0.0204
   0.002686
  -0.002234
  -0.01869
  3.546000000e-02
  -3.169000000e-03
  -1.893000000e-02
  4.847100000e-02
  4.453700000e-03
  2.284900000e-02
  6.210000000e-01 -7.813000000e-01 6.303000000e-02
  7.803000000e-01 6.238000000e-01 4.524000000e-02
  -7.467000000e-02 2.109000000e-02 9.970000000e-01
 Node:         64
  0.1416E+03  0.1252E+03  0.4525E+03 -0.1415E-02
  -0.07196
   0.0162
   0.08424
  -0.02014
   0.01513
  -0.01363
  8.762000000e-02
  -8.296000000e-03
  -8.067000000e-02
  1.462200000e-01
  -4.486700000e-04
  6.892800000e-02
  8.373000000e-02 9.878000000e-01 1.310000000e-01
  3.226000000e-01 9.752000000e-02 -9.415000000e-01
  -9.428000000e-01 1.211000000e-01 -3.105000000e-01
 Node:         65
  0.1343E+03  0.1229E+03  0.4685E+03 -0.1415E-02
  -0.05555
   0.002158
   0.07081
  -0.005846
   0.006529
  -0.01021
  7.135000000e-02
  -9.940000000e-03
  -5.636000000e-02
  1.119700000e-01
  1.683300000e-03
  5.278100000e-02
  1.332000000e-02 9.968000000e-01 7.884000000e-02
  1.303000000e-01 7.645000000e-02 -9.885000000e-01
  9.914000000e-01 -2.344000000e-02 1.289000000e-01
 Node:         66
  0.1299E+03  0.1214E+03  0.4825E+03 -0.1415E-02
  -0.005337
  -0.00129
   0.01134
   0.003175
  -0.002379
  -0.002681
  1.193000000e-02
  -1.149000000e-03
  -7.453000000e-03
  1.712500000e-02
  1.109300000e-03
  8.072600000e-03
  -1.066000000e-01 9.774000000e-01 -1.823000000e-01
  -5.485000000e-01 -2.108000000e-01 -8.092000000e-01
  8.294000000e-01 -1.374000000e-02 -5.586000000e-01
 Node:         67
  0.1504E+03  0.1245E+03  0.4525E+03 -0.1415E-02
  -0.07609
  -0.02669
   0.07866
  -0.01708
   0.01212
   0.02055
  8.651000000e-02
  1.933000000e-02
  -8.272000000e-02
  1.475900000e-01
  7.706700000e-03
  6.957500000e-02
  1.806000000e-01 -9.580000000e-01 -2.228000000e-01
  -1.044000000e-01 -2.439000000e-01 9.642000000e-01
  -9.780000000e-01 -1.509000000e-01 -1.440000000e-01
 Node:         68
  0.1436E+03  0.1225E+03  0.4689E+03 -0.1415E-02
  -0.04972
  -0.04947
   0.07901
  -0.01154
   0.01458
   0.007567
  9.918000000e-02
  4.743000000e-03
  -6.707000000e-02
  1.444200000e-01
  1.228400000e-02
  6.808000000e-02
  3.228000000e-01 -9.276000000e-01 -1.883000000e-01
  -2.050000000e-02 -2.058000000e-01 9.784000000e-01
  -9.463000000e-01 -3.119000000e-01 -8.543000000e-02
 Node:         69
  0.1380E+03  0.1205E+03  0.4831E+03 -0.1415E-02
  -0.001126
  -0.01476
   0.02051
  -3.526E-4
   0.002814
  -5.655E-4
  2.824000000e-02
  -6.979000000e-04
  -8.722000000e-03
  3.367500000e-02
  6.273400000e-03
  1.587400000e-02
  -4.480000000e-01 8.892000000e-01 9.236000000e-02
  1.484000000e-01 -2.792000000e-02 9.885000000e-01
  8.816000000e-01 4.566000000e-01 -1.194000000e-01
 Node:         70
  0.1562E+03  0.1244E+03  0.4528E+03 -0.1415E-02
  -0.06581
  -0.03244
   0.008187
  -0.04261
   0.02783
   0.07682
  1.024000000e-01
  1.064000000e-03
  -8.426000000e-02
  1.618500000e-01
  6.401300000e-03
  7.629700000e-02
  2.940000000e-01 -3.625000000e-01 -8.844000000e-01
  1.648000000e-01 -8.922000000e-01 4.205000000e-01
  -9.415000000e-01 -2.694000000e-01 -2.025000000e-01
 Node:         71
  0.1499E+03  0.1224E+03  0.4696E+03 -0.1415E-02
  -0.02421
  -0.06829
   0.05192
  -0.04616
   0.03765
   0.02855
  1.251000000e-01
  9.087000000e-04
  -6.976000000e-02
  1.708600000e-01
  1.875000000e-02
  8.054500000e-02
  -4.832000000e-01 7.125000000e-01 5.088000000e-01
  3.002000000e-02 -5.673000000e-01 8.230000000e-01
  8.750000000e-01 4.129000000e-01 2.527000000e-01
 Node:         72
  0.1435E+03  0.1199E+03  0.4837E+03 -0.1415E-02
   0.007455
  -0.02406
   0.01897
  -0.00779
   0.007654
   0.001877
  4.096000000e-02
  -9.602000000e-04
  -1.170000000e-02
  4.819600000e-02
  9.433300000e-03
  2.272000000e-02
  -6.023000000e-01 7.522000000e-01 2.673000000e-01
  6.716000000e-02 -2.860000000e-01 9.559000000e-01
  7.954000000e-01 5.937000000e-01 1.217000000e-01
 Node:         73
  0.1450E+03  0.1339E+03  0.4517E+03  0.0000E+00
   0.02623
  -0.01616
  -0.06314
   0.006741
  -0.008287
   0.05553
  5.816000000e-02
  2.683000000e-02
  -6.637000000e-02
  1.122000000e-01
  6.206700000e-03
  5.288900000e-02
  2.534000000e-01 -9.950000000e-02 9.622000000e-01
  9.527000000e-01 -1.466000000e-01 -2.661000000e-01
  -1.676000000e-01 -9.842000000e-01 -5.764000000e-02
 Node:         74
  0.1371E+03  0.1304E+03  0.4681E+03  0.0000E+00
   0.06451
  -0.01694
  -0.03372
   0.003787
  -0.01254
   0.03509
  6.841000000e-02
  3.592000000e-02
  -3.844000000e-02
  9.487300000e-02
  2.196300000e-02
  4.472400000e-02
  -9.669000000e-01 1.823000000e-01 -1.785000000e-01
  -2.030000000e-01 -1.255000000e-01 9.711000000e-01
  1.546000000e-01 9.752000000e-01 1.583000000e-01
 Node:         75
  0.1314E+03  0.1289E+03  0.4826E+03  0.0000E+00
   0.02281
  -0.006669
  -0.00483
  -0.003993
  -0.002418
   0.002088
  2.484000000e-02
  2.728000000e-03
  -7.497000000e-03
  2.862800000e-02
  6.690300000e-03
  1.349600000e-02
  -9.674000000e-01 2.054000000e-01 1.480000000e-01
  6.673000000e-02 -3.569000000e-01 9.317000000e-01
  2.442000000e-01 9.113000000e-01 3.316000000e-01
 Node:         76
  0.1518E+03  0.1312E+03  0.4516E+03  0.0000E+00
   0.02791
  -0.02352
  -0.08746
  -0.004008
   0.02217
   0.0802
  8.400000000e-02
  3.124000000e-02
  -9.460000000e-02
  1.589300000e-01
  6.880000000e-03
  7.492000000e-02
  -1.308000000e-01 1.448000000e-01 9.808000000e-01
  9.743000000e-01 -1.643000000e-01 1.542000000e-01
  -1.835000000e-01 -9.757000000e-01 1.196000000e-01
 Node:         77
  0.1449E+03  0.1283E+03  0.4684E+03  0.0000E+00
   0.0964
  -0.004653
  -0.04757
  -0.003888
   0.01598
   0.03335
  9.686000000e-02
  3.603000000e-02
  -5.072000000e-02
  1.284600000e-01
  2.739000000e-02
  6.055800000e-02
  -9.967000000e-01 3.997000000e-02 7.108000000e-02
  7.724000000e-02 1.831000000e-01 9.801000000e-01
  -2.616000000e-02 -9.823000000e-01 1.855000000e-01
 Node:         78
  0.1385E+03  0.1261E+03  0.4829E+03  0.0000E+00
   0.04033
   0.002081
  -0.003951
  -0.003043
  -2.847E-4
   0.001201
  4.066000000e-02
  9.683000000e-04
  -4.053000000e-03
  4.242600000e-02
  1.252500000e-02
  2.000000000e-02
  -9.959000000e-01 -4.695000000e-02 7.714000000e-02
  -7.835000000e-02 2.453000000e-02 -9.966000000e-01
  -4.490000000e-02 9.986000000e-01 2.810000000e-02
 Node:         79
  0.1563E+03  0.1265E+03  0.4524E+03  0.0000E+00
   0.03097
   0.05112
   0.07802
   0.01135
  -0.003211
  -0.2891
  1.108000000e-01
  -1.340000000e-03
  -2.896000000e-01
  3.577600000e-01
  -6.004700000e-02
  1.686500000e-01
  5.402000000e-01 8.415000000e-01 8.576000000e-03
  8.407000000e-01 -5.400000000e-01 3.919000000e-02
  -3.761000000e-02 1.396000000e-02 9.992000000e-01
 Node:         80
  0.1500E+03  0.1243E+03  0.4693E+03  0.0000E+00
   0.1062
   0.04107
   0.03455
   0.01247
  -0.002827
  -0.239
  1.252000000e-01
  1.611000000e-02
  -2.396000000e-01
  3.243200000e-01
  -3.276300000e-02
  1.528900000e-01
  9.108000000e-01 4.120000000e-01 2.799000000e-02
  -4.112000000e-01 9.111000000e-01 -3.019000000e-02
  -3.794000000e-02 1.599000000e-02 9.992000000e-01
 Node:         81
  0.1434E+03  0.1217E+03  0.4836E+03  0.0000E+00
   0.04407
   0.007972
   0.001866
  -1.569E-4
  -6.147E-5
  -0.03247
  4.553000000e-02
  4.103000000e-04
  -3.247000000e-02
  6.782700000e-02
  4.490100000e-03
  3.197400000e-02
  -9.837000000e-01 -1.796000000e-01 2.121000000e-03
  -1.796000000e-01 9.837000000e-01 -9.820000000e-04
  1.910000000e-03 1.347000000e-03 1.000000000e+00
 Node:         82
  0.1267E+03  0.1149E+03  0.4576E+03 -0.3778E-01
  -0.03679
  -0.009079
   0.02868
   0.007819
   0.02445
   0.008313
  4.511000000e-02
  -3.956000000e-03
  -4.095000000e-02
  7.477400000e-02
  6.800000000e-05
  3.524900000e-02
  -4.048000000e-02 8.362000000e-01 5.470000000e-01
  -3.296000000e-01 5.056000000e-01 -7.973000000e-01
  9.432000000e-01 2.126000000e-01 -2.552000000e-01
 Node:         83
  0.1234E+03  0.1130E+03  0.4726E+03 -0.3778E-01
  -0.04275
   0.002508
   0.01237
   0.03823
   0.009819
  -0.0256
  1.876000000e-02
  -1.173000000e-03
  -7.356000000e-02
  8.414300000e-02
  -1.865800000e-02
  3.966600000e-02
  3.187000000e-01 8.296000000e-01 4.584000000e-01
  -5.441000000e-01 5.561000000e-01 -6.282000000e-01
  -7.761000000e-01 -4.919000000e-02 6.287000000e-01
 Node:         84
  0.1187E+03  0.1123E+03  0.4850E+03 -0.3778E-01
  -0.006023
   0.001194
   8.493E-4
   0.01455
  -5.92E-4
  -0.02553
  2.199000000e-03
  4.274000000e-04
  -3.333000000e-02
  3.467700000e-02
  -1.023500000e-02
  1.634700000e-02
  -7.675000000e-01 -5.073000000e-01 -3.919000000e-01
  4.348000000e-01 -8.612000000e-01 2.634000000e-01
  4.711000000e-01 -3.173000000e-02 -8.815000000e-01
 Node:         85
  0.1302E+03  0.1162E+03  0.4563E+03 -0.3778E-01
  -0.0379
  -0.006789
   0.03641
   0.01216
   0.03449
   0.01491
  6.182000000e-02
  -4.716000000e-03
  -4.367000000e-02
  9.239200000e-02
  4.478000000e-03
  4.355400000e-02
  1.788000000e-02 8.033000000e-01 5.953000000e-01
  -3.839000000e-01 5.552000000e-01 -7.378000000e-01
  9.232000000e-01 2.153000000e-01 -3.183000000e-01
 Node:         86
  0.1252E+03  0.1139E+03  0.4710E+03 -0.3778E-01
  -0.02606
   0.02586
   0.06702
   0.07101
   0.03106
  -0.01457
  1.001000000e-01
  1.783000000e-02
  -9.158000000e-02
  1.665500000e-01
  8.783300000e-03
  7.851400000e-02
  -4.238000000e-01 -7.732000000e-01 -4.717000000e-01
  5.330000000e-01 -6.340000000e-01 5.604000000e-01
  7.323000000e-01 1.390000000e-02 -6.808000000e-01
 Node:         87
  0.1217E+03  0.1126E+03  0.4834E+03 -0.3778E-01
  -0.01147
   7.482E-4
   0.002303
   0.01862
  -0.003092
  -0.02337
  3.559000000e-03
  1.096000000e-03
  -3.719000000e-02
  3.957500000e-02
  -1.084500000e-02
  1.865600000e-02
  -4.917000000e-01 7.587000000e-01 -4.272000000e-01
  6.438000000e-01 6.472000000e-01 4.083000000e-01
  5.863000000e-01 -7.428000000e-02 -8.067000000e-01
 Node:         88
  0.1338E+03  0.1169E+03  0.4546E+03 -0.3778E-01
  -0.06562
  -0.01217
   0.02829
   0.009152
   0.04384
   0.051
  8.493000000e-02
  -1.996000000e-03
  -6.927000000e-02
  1.339000000e-01
  4.554700000e-03
  6.312200000e-02
  -1.426000000e-03 6.123000000e-01 7.906000000e-01
  -2.327000000e-01 7.687000000e-01 -5.957000000e-01
  9.725000000e-01 1.848000000e-01 -1.414000000e-01
 Node:         89
  0.1270E+03  0.1150E+03  0.4694E+03 -0.3778E-01
  -0.07613
   0.009737
   0.01522
   0.03247
   0.01123
  -0.005816
  2.580000000e-02
  -3.452000000e-03
  -8.908000000e-02
  1.034100000e-01
  -2.224400000e-02
  4.874600000e-02
  2.491000000e-01 8.033000000e-01 5.410000000e-01
  -2.607000000e-01 5.936000000e-01 -7.613000000e-01
  -9.327000000e-01 4.862000000e-02 3.572000000e-01
 Node:         90
  0.1248E+03  0.1132E+03  0.4822E+03 -0.3778E-01
  -0.01987
   0.01125
  -0.005226
   0.01001
  -0.005554
  -0.005814
  8.831000000e-04
  -6.481000000e-04
  -3.115000000e-02
  3.129600000e-02
  -1.030500000e-02
  1.475300000e-02
  4.531000000e-01 8.894000000e-01 -6.030000000e-02
  3.925000000e-01 -1.383000000e-01 9.093000000e-01
  -8.004000000e-01 4.357000000e-01 4.118000000e-01
 Node:         91
  0.1262E+03  0.1266E+03  0.4553E+03 -0.3778E-01
  -0.04255
   0.02594
   0.07013
  -0.004336
   0.03396
   0.003391
  8.822000000e-02
  -6.148000000e-03
  -5.110000000e-02
  1.231600000e-01
  1.032400000e-02
  5.805800000e-02
  1.702000000e-01 9.178000000e-01 3.587000000e-01
  -3.168000000e-01 -2.938000000e-01 9.019000000e-01
  9.331000000e-01 -2.671000000e-01 2.407000000e-01
 Node:         92
  0.1210E+03  0.1236E+03  0.4728E+03 -0.3778E-01
  -0.04693
   0.005186
   0.03868
   0.006713
   0.02374
   0.01926
  5.525000000e-02
  3.463000000e-03
  -4.770000000e-02
  8.915800000e-02
  3.671000000e-03
  4.202900000e-02
  -7.861000000e-02 -8.254000000e-01 -5.590000000e-01
  5.187000000e-02 -5.634000000e-01 8.246000000e-01
  -9.956000000e-01 3.583000000e-02 8.710000000e-02
 Node:         93
  0.1159E+03  0.1217E+03  0.4877E+03 -0.3778E-01
  -0.006931
  -0.00245
   0.003034
   0.006515
   0.006382
  -0.003096
  7.228000000e-03
  -3.337000000e-04
  -1.389000000e-02
  1.853300000e-02
  -2.331900000e-03
  8.736400000e-03
  1.266000000e-01 8.060000000e-01 5.782000000e-01
  -6.988000000e-01 4.862000000e-01 -5.248000000e-01
  -7.041000000e-01 -3.376000000e-01 6.247000000e-01
 Node:         94
  0.1316E+03  0.1267E+03  0.4543E+03 -0.3778E-01
  -0.05067
   0.02497
   0.07811
  -0.01845
   0.03257
   0.0257
  9.525000000e-02
  2.028000000e-02
  -6.240000000e-02
  1.365800000e-01
  1.771000000e-02
  6.438600000e-02
  1.055000000e-01 9.110000000e-01 3.987000000e-01
  3.474000000e-01 3.419000000e-01 -8.732000000e-01
  9.318000000e-01 -2.306000000e-01 2.804000000e-01
 Node:         95
  0.1252E+03  0.1237E+03  0.4709E+03 -0.3778E-01
  -0.06502
   0.002102
   0.04591
   0.001613
   0.01665
   0.04004
  5.994000000e-02
  2.607000000e-02
  -6.508000000e-02
  1.119900000e-01
