 Group name: actual_strain_L5A4
 #Fields=  17
 1) coordinates, coordinate, rectangular cartesian, #Components=3
   x.  Value index= 1, #Derivatives=0
   y.  Value index= 2, #Derivatives=0
   z.  Value index= 3, #Derivatives=0
 2) dummy, field, rectangular cartesian, #Components=1
   Tensor_1.  Value index= 4, #Derivatives=0
 3) Tensor_1, field, rectangular cartesian, #Components=1
   Tensor_1.  Value index= 5, #Derivatives=0
 4) Tensor_2, field, rectangular cartesian, #Components=1
   Tensor_2.  Value index= 6, #Derivatives=0
 5) Tensor_3, field, rectangular cartesian, #Components=1
   Tensor_3.  Value index= 7, #Derivatives=0
 6) Tensor_4, field, rectangular cartesian, #Components=1
   Tensor_4.  Value index= 8, #Derivatives=0
 7) Tensor_5, field, rectangular cartesian, #Components=1
   Tensor_5.  Value index= 9, #Derivatives=0
 8) Tensor_6, field, rectangular cartesian, #Components=1
   Tensor_6.  Value index= 10, #Derivatives=0
 9) Principal_1, field, rectangular cartesian, #Components=1
   Principal_1.  Value index= 11, #Derivatives=0
 10) Principal_2, field, rectangular cartesian, #Components=1
   Principal_2.  Value index= 12, #Derivatives=0
 11) Principal_3, field, rectangular cartesian, #Components=1
   Principal_3.  Value index= 13, #Derivatives=0
 12) VonMises, field, rectangular cartesian, #Components=1
   VonMises.  Value index= 14, #Derivatives=0
 13) Hydrostatic, field, rectangular cartesian, #Components=1
   VonMises.  Value index= 15, #Derivatives=0
 14) Octahedral, field, rectangular cartesian, #Components=1
   VonMises.  Value index= 16, #Derivatives=0
 15) PrincipalVector1, field, rectangular cartesian, #Components=3
   x.  Value index= 17, #Derivatives=0
   y.  Value index= 18, #Derivatives=0
   z.  Value index= 19, #Derivatives=0
 16) PrincipalVector2, field, rectangular cartesian, #Components=3
   x.  Value index= 20, #Derivatives=0
   y.  Value index= 21, #Derivatives=0
   z.  Value index= 22, #Derivatives=0
 17) PrincipalVector3, field, rectangular cartesian, #Components=3
   x.  Value index= 23, #Derivatives=0
   y.  Value index= 24, #Derivatives=0
   z.  Value index= 25, #Derivatives=0
 Node:          1
  0.1287E+03  0.1133E+03  0.4908E+03 -0.1819E-04
  -1.11E-16
  -8.327E-17
  -2.22E-16
  -2.776E-17
  -4.163E-17
  -3.331E-16
  -6.637000000e-17
  -2.400000000e-16
  -3.598000000e-16
  2.555400000e-16
  -2.220600000e-16
  1.204600000e-16
  8.837000000e-01 -4.676000000e-01 -1.897000000e-02
  4.046000000e-01 7.837000000e-01 -4.712000000e-01
  2.352000000e-01 4.088000000e-01 8.818000000e-01
 Node:          2
  0.1292E+03  0.1137E+03  0.5052E+03 -0.1819E-04
  -5.551E-17
  -1.11E-16
  -1.665E-16
  -5.551E-17
   1.943E-16
  -2.776E-16
  8.603000000e-17
  -1.600000000e-16
  -4.256000000e-16
  4.431900000e-16
  -1.665200000e-16
  2.089200000e-16
  -6.554000000e-01 6.199000000e-01 4.313000000e-01
  7.522000000e-01 4.849000000e-01 4.462000000e-01
  -6.744000000e-02 -6.169000000e-01 7.841000000e-01
 Node:          3
  0.1289E+03  0.1155E+03  0.5194E+03 -0.1819E-04
   2.22E-16
   1.388E-16
   3.331E-16
   1.11E-16
   5.551E-17
   2.22E-16
  4.753000000e-16
  2.118000000e-16
  9.006000000e-17
  3.410700000e-16
  2.590500000e-16
  1.607800000e-16
  -5.696000000e-01 -7.144000000e-01 -4.063000000e-01
  2.395000000e-01 -6.172000000e-01 7.494000000e-01
  -7.862000000e-01 3.296000000e-01 5.227000000e-01
 Node:          4
  0.1361E+03  0.1141E+03  0.4915E+03 -0.1819E-04
   0.0
  -2.776E-17
  -1.11E-16
  -2.776E-17
  -8.327E-17
   2.22E-16
  2.435000000e-16
  6.328000000e-18
  -1.388000000e-16
  3.342600000e-16
  3.700900000e-17
  1.575700000e-16
  -8.549000000e-02 -2.215000000e-01 9.714000000e-01
  9.681000000e-01 -2.491000000e-01 2.840000000e-02
  2.357000000e-01 9.428000000e-01 2.357000000e-01
 Node:          5
  0.1341E+03  0.1144E+03  0.5054E+03 -0.1819E-04
   3.331E-16
   1.388E-16
   3.331E-16
   5.551E-17
  -6.939E-17
   4.441E-16
  4.814000000e-16
  4.627000000e-16
  1.662000000e-16
  3.062800000e-16
  3.701000000e-16
  1.443800000e-16
  -3.480000000e-01 -6.443000000e-01 6.810000000e-01
  -6.589000000e-01 -3.487000000e-01 -6.665000000e-01
  6.669000000e-01 -6.807000000e-01 -3.032000000e-01
 Node:          6
  0.1323E+03  0.1162E+03  0.5191E+03 -0.1819E-04
   2.22E-16
   5.551E-17
   2.22E-16
  -5.551E-17
  -2.776E-17
   0.0
  2.897000000e-16
  1.685000000e-16
  -1.402000000e-17
  2.648100000e-16
  1.480600000e-16
  1.248300000e-16
  -7.150000000e-01 -6.696000000e-01 2.012000000e-01
  6.656000000e-01 -7.399000000e-01 -9.741000000e-02
  -2.141000000e-01 -6.426000000e-02 -9.747000000e-01
 Node:          7
  0.1408E+03  0.1171E+03  0.4920E+03 -0.1819E-04
   3.331E-16
   2.22E-16
   2.22E-16
  -8.327E-17
  -1.11E-16
   0.0
  5.398000000e-16
  6.158000000e-17
  -4.631000000e-17
  5.403100000e-16
  1.850200000e-16
  2.547000000e-16
  -7.537000000e-01 -6.111000000e-01 2.419000000e-01
  -6.560000000e-01 6.770000000e-01 -3.335000000e-01
  -4.004000000e-02 4.101000000e-01 9.112000000e-01
 Node:          8
  0.1367E+03  0.1169E+03  0.5055E+03 -0.1819E-04
   2.22E-16
   1.943E-16
   2.22E-16
  -4.025E-16
  -2.359E-16
  -2.22E-16
  6.547000000e-16
  4.477000000e-17
  -4.775000000e-16
  9.814900000e-16
  7.399000000e-17
  4.626800000e-16
  -6.847000000e-01 -5.611000000e-01 4.652000000e-01
  5.685000000e-01 -8.105000000e-01 -1.409000000e-01
  -4.561000000e-01 -1.681000000e-01 -8.739000000e-01
 Node:          9
  0.1339E+03  0.1180E+03  0.5191E+03 -0.1819E-04
   2.22E-16
   1.665E-16
   0.0
  -3.955E-16
  -2.776E-16
   6.661E-16
  1.002000000e-15
  -9.379000000e-18
  -1.046000000e-16
  1.062200000e-15
  2.960100000e-16
  5.007200000e-16
  -4.817000000e-01 -3.073000000e-01 8.207000000e-01
  -8.565000000e-01 -3.292000000e-02 -5.150000000e-01
  -1.853000000e-01 9.510000000e-01 2.474000000e-01
 Node:         10
  0.1294E+03  0.1212E+03  0.4911E+03 -0.1819E-04
   0.0
   2.776E-17
   1.11E-16
  -1.388E-17
   1.249E-16
   1.11E-16
  2.363000000e-16
  2.303000000e-17
  -3.732000000e-17
  2.489900000e-16
  7.400300000e-17
  1.173800000e-16
  4.210000000e-02 7.100000000e-01 7.030000000e-01
  -7.813000000e-01 -4.152000000e-01 4.661000000e-01
  -6.228000000e-01 5.688000000e-01 -5.372000000e-01
 Node:         11
  0.1295E+03  0.1214E+03  0.5055E+03 -0.1819E-04
  -2.22E-16
  -2.776E-17
  -2.22E-16
  -4.163E-17
   1.388E-17
  -1.665E-16
  -1.365000000e-16
  -2.183000000e-16
  -2.558000000e-16
  1.056600000e-16
  -2.035300000e-16
  4.981100000e-17
  -4.935000000e-01 2.929000000e-01 8.189000000e-01
  3.541000000e-01 -7.924000000e-01 4.968000000e-01
  -7.944000000e-01 -5.351000000e-01 -2.873000000e-01
 Node:         12
  0.1295E+03  0.1217E+03  0.5196E+03 -0.1819E-04
   1.11E-16
   0.0
   1.11E-16
   7.633E-17
   2.776E-17
   2.22E-16
  2.649000000e-16
  1.110000000e-16
  6.816000000e-17
  1.792000000e-16
  1.480200000e-16
  8.447700000e-17
  -4.387000000e-01 -1.595000000e-01 -8.844000000e-01
  3.417000000e-01 -9.398000000e-01 -2.255000000e-17
  8.311000000e-01 3.022000000e-01 -4.668000000e-01
 Node:         13
  0.1361E+03  0.1199E+03  0.4914E+03 -0.1819E-04
   1.11E-16
  -1.388E-16
   0.0
  -9.714E-17
   2.776E-17
  -1.665E-16
  2.285000000e-16
  -8.520000000e-17
  -1.988000000e-16
  3.833400000e-16
  -1.850000000e-17
  1.807100000e-16
  8.171000000e-01 -5.252000000e-01 -2.378000000e-01
  4.648000000e-01 8.442000000e-01 -2.671000000e-01
  3.410000000e-01 1.077000000e-01 9.339000000e-01
 Node:         14
  0.1342E+03  0.1198E+03  0.5054E+03 -0.1819E-04
  -5.551E-17
   2.776E-17
   0.0
   5.551E-17
  -9.021E-17
   1.11E-16
  1.672000000e-16
  -4.940000000e-18
  -1.068000000e-16
  2.398800000e-16
  1.848700000e-17
  1.130800000e-16
  1.634000000e-01 -4.472000000e-01 8.794000000e-01
  -6.569000000e-01 -7.144000000e-01 -2.412000000e-01
  -7.361000000e-01 5.382000000e-01 4.105000000e-01
 Node:         15
  0.1330E+03  0.1205E+03  0.5193E+03 -0.1819E-04
   2.22E-16
  -8.327E-17
  -5.551E-17
   1.388E-17
   4.857E-17
   0.0
  2.451000000e-16
  2.471000000e-17
  -1.033000000e-16
  3.052400000e-16
  5.550300000e-17
  1.438900000e-16
  -9.638000000e-01 2.667000000e-01 -1.723000000e-03
  1.157000000e-01 4.239000000e-01 8.983000000e-01
  2.403000000e-01 8.656000000e-01 -4.394000000e-01
 Node:         16
  0.1404E+03  0.1188E+03  0.4918E+03 -0.1819E-04
   2.22E-16
   5.551E-17
   2.22E-16
  -8.327E-17
  -1.457E-16
   4.441E-16
  5.466000000e-16
  1.950000000e-16
  1.465000000e-16
  3.781900000e-16
  2.960300000e-16
  1.782800000e-16
  -2.927000000e-01 -4.328000000e-01 8.526000000e-01
  -9.222000000e-01 -1.077000000e-01 -3.713000000e-01
  -2.526000000e-01 8.950000000e-01 3.676000000e-01
 Node:         17
  0.1365E+03  0.1184E+03  0.5055E+03 -0.1819E-04
  -1.11E-16
   2.776E-17
  -1.11E-16
   9.714E-17
   1.7E-16
   0.0
  1.573000000e-16
  -1.341000000e-16
  -2.452000000e-16
  3.600400000e-16
  -7.400000000e-17
  1.697300000e-16
  3.368000000e-01 5.285000000e-01 7.792000000e-01
  8.927000000e-01 -4.425000000e-01 -8.566000000e-02
  -2.996000000e-01 -7.244000000e-01 6.209000000e-01
 Node:         18
  0.1341E+03  0.1191E+03  0.5192E+03 -0.1819E-04
   0.0
   0.0
   0.0
   2.645E-17
   1.065E-16
   4.441E-16
  4.697000000e-16
  -1.672000000e-33
  -2.562000000e-17
  4.830200000e-16
  1.480300000e-16
  2.277000000e-16
  -5.484000000e-02 -2.207000000e-01 -9.738000000e-01
  9.705000000e-01 -2.411000000e-01 -6.210000000e-17
  -2.348000000e-01 -9.451000000e-01 2.274000000e-01
 Node:         19
  0.1301E+03  0.1291E+03  0.4914E+03  0.0000E+00
   1.11E-16
   0.0
   1.11E-16
   2.101E-19
   1.001E-17
  -2.22E-16
  1.113000000e-16
  1.110000000e-16
  -2.223000000e-16
  3.334500000e-16
  0.000000000e+00
  1.571900000e-16
  -2.096000000e-02 -9.993000000e-01 -3.003000000e-02
  9.998000000e-01 -2.097000000e-02 1.345000000e-19
  6.298000000e-04 3.003000000e-02 -9.995000000e-01
 Node:         20
  0.1299E+03  0.1291E+03  0.5058E+03  0.0000E+00
   2.22E-16
   0.0
   0.0
   1.041E-17
   1.924E-17
  -5.551E-17
  2.224000000e-16
  5.975000000e-18
  -6.188000000e-17
  2.571600000e-16
  5.549800000e-17
  1.212200000e-16
  -9.993000000e-01 -3.257000000e-03 -3.765000000e-02
  1.428000000e-02 -9.549000000e-01 -2.965000000e-01
  -3.498000000e-02 -2.968000000e-01 9.543000000e-01
 Node:         21
  0.1301E+03  0.1280E+03  0.5197E+03  0.0000E+00
   1.11E-16
   0.0
   0.0
   4.163E-17
   1.475E-17
   1.11E-16
  1.534000000e-16
  7.089000000e-17
  -2.220000000e-18
  1.348500000e-16
  7.402300000e-17
  6.357000000e-17
  -6.994000000e-01 -6.840000000e-02 -7.114000000e-01
  -7.126000000e-01 1.429000000e-01 6.869000000e-01
  -5.465000000e-02 -9.874000000e-01 1.487000000e-01
 Node:         22
  0.1360E+03  0.1256E+03  0.4913E+03  0.0000E+00
  -2.22E-16
   1.388E-17
  -1.11E-16
  -1.388E-17
   1.006E-16
   1.11E-16
  1.500000000e-16
  -1.456000000e-16
  -2.264000000e-16
  3.432100000e-16
  -7.400000000e-17
  1.617900000e-16
  -2.144000000e-02 3.586000000e-01 9.332000000e-01
  2.280000000e-01 9.106000000e-01 -3.447000000e-01
  -9.734000000e-01 2.054000000e-01 -1.013000000e-01
 Node:         23
  0.1343E+03  0.1253E+03  0.5054E+03  0.0000E+00
   0.0
   2.082E-17
  -4.441E-16
   0.0
   1.314E-16
  -1.665E-16
  1.265000000e-18
  -1.147000000e-16
  -4.972000000e-16
  4.517900000e-16
  -2.035400000e-16
  2.129700000e-16
  9.970000000e-01 6.061000000e-02 4.746000000e-02
  6.644000000e-02 -3.661000000e-01 -9.282000000e-01
  3.888000000e-02 -9.286000000e-01 3.690000000e-01
 Node:         24
  0.1336E+03  0.1248E+03  0.5194E+03  0.0000E+00
  -2.22E-16
   1.214E-17
   0.0
   1.388E-17
   8.674E-19
  -1.665E-16
  6.779000000e-19
  -1.633000000e-16
  -2.259000000e-16
  2.026600000e-16
  -1.295100000e-16
  9.553700000e-17
  -5.504000000e-02 -9.984000000e-01 -9.747000000e-03
  2.257000000e-01 -2.195000000e-02 9.740000000e-01
  -9.726000000e-01 5.141000000e-02 2.265000000e-01
 Node:         25
  0.1400E+03  0.1206E+03  0.4917E+03  0.0000E+00
   0.0
   2.671E-16
  -1.11E-16
  -8.327E-17
  -1.301E-16
   2.22E-16
  3.681000000e-16
  7.580000000e-17
  -3.329000000e-16
  6.098700000e-16
  3.700000000e-17
  2.874900000e-16
  5.089000000e-01 4.781000000e-01 -7.159000000e-01
  6.086000000e-01 3.883000000e-01 6.920000000e-01
  6.088000000e-01 -7.878000000e-01 -9.334000000e-02
 Node:         26
  0.1363E+03  0.1200E+03  0.5055E+03  0.0000E+00
   2.22E-16
   1.076E-16
  -6.106E-16
   2.776E-17
  -1.124E-15
  -5.551E-17
  8.281000000e-16
  2.248000000e-16
  -1.497000000e-15
  2.089800000e-15
  -1.480300000e-16
  9.851500000e-16
  7.371000000e-02 6.174000000e-01 -7.832000000e-01
  9.955000000e-01 1.018000000e-03 9.449000000e-02
  -5.914000000e-02 7.866000000e-01 6.146000000e-01
 Node:         27
  0.1343E+03  0.1203E+03  0.5192E+03  0.0000E+00
   2.22E-16
  -1.943E-16
   2.22E-16
  -1.041E-16
   1.313E-15
   0.0
  1.466000000e-15
  1.875000000e-16
  -1.209000000e-15
  2.317400000e-15
  1.481700000e-16
  1.092400000e-15
  -1.693000000e-01 7.280000000e-01 6.643000000e-01
  9.848000000e-01 9.849000000e-02 1.431000000e-01
  3.876000000e-02 6.785000000e-01 -7.336000000e-01
 Node:         28
  0.1155E+03  0.1124E+03  0.4931E+03 -0.1075E-03
  -2.22E-16
   3.816E-17
   2.22E-16
  -5.551E-17
   5.551E-17
   1.11E-16
  2.455000000e-16
  1.014000000e-16
  -2.359000000e-16
  4.279500000e-16
  3.700000000e-17
  2.017400000e-16
  3.184000000e-02 9.284000000e-01 3.701000000e-01
  1.988000000e-01 3.571000000e-01 -9.127000000e-01
  9.795000000e-01 -1.026000000e-01 1.732000000e-01
 Node:         29
  0.1119E+03  0.1139E+03  0.5068E+03 -0.1075E-03
  -2.22E-16
  -2.082E-17
   0.0
   5.551E-17
   6.939E-18
  -3.331E-16
  1.944000000e-18
  -2.004000000e-16
  -3.566000000e-16
  3.113600000e-16
  -1.850200000e-16
  1.467800000e-16
  -9.118000000e-02 9.958000000e-01 5.517000000e-03
  -9.179000000e-01 -8.189000000e-02 -3.884000000e-01
  -3.863000000e-01 -4.048000000e-02 9.215000000e-01
 Node:         30
  0.1113E+03  0.1159E+03  0.5206E+03 -0.1075E-03
   2.22E-16
   1.249E-16
   2.22E-16
   0.0
  -2.776E-17
   1.11E-16
  3.486000000e-16
  1.238000000e-16
  8.277000000e-17
  2.478800000e-16
  1.850600000e-16
  1.168500000e-16
  -7.001000000e-01 -7.092000000e-01 8.287000000e-02
  -4.685000000e-01 3.686000000e-01 -8.029000000e-01
  -5.389000000e-01 6.009000000e-01 5.903000000e-01
 Node:         31
  0.1203E+03  0.1126E+03  0.4920E+03 -0.1075E-03
  -5.551E-17
   9.714E-17
  -1.11E-16
   2.776E-17
   4.163E-17
  -5.551E-17
  4.114000000e-17
  -7.661000000e-17
  -1.866000000e-16
  1.972700000e-16
  -7.402300000e-17
  9.299200000e-17
  -6.956000000e-01 -5.654000000e-01 -4.433000000e-01
  4.358000000e-01 1.585000000e-01 -8.860000000e-01
  5.712000000e-01 -8.095000000e-01 1.362000000e-01
 Node:         32
  0.1188E+03  0.1134E+03  0.5062E+03 -0.1075E-03
   2.22E-16
  -1.388E-17
  -1.11E-16
  -2.776E-17
   9.714E-17
  -5.551E-17
  2.266000000e-16
  1.331000000e-17
  -1.844000000e-16
  3.560200000e-16
  1.850300000e-17
  1.678300000e-16
  -9.894000000e-01 7.624000000e-02 1.236000000e-01
  1.445000000e-01 5.992000000e-01 7.875000000e-01
  1.402000000e-02 -7.970000000e-01 6.038000000e-01
 Node:         33
  0.1183E+03  0.1150E+03  0.5201E+03 -0.1075E-03
   1.11E-16
   5.551E-17
   0.0
   8.327E-17
   0.0
   0.0
  1.700000000e-16
  0.000000000e+00
  -5.893000000e-17
  2.058900000e-16
  3.702300000e-17
  9.705800000e-17
  -8.617000000e-01 -2.815000000e-01 -4.222000000e-01
  0.000000000e+00 -8.321000000e-01 5.547000000e-01
  -5.074000000e-01 4.780000000e-01 7.170000000e-01
 Node:         34
  0.1255E+03  0.1129E+03  0.4909E+03 -0.1075E-03
   0.0
   0.0
   0.0
   5.551E-17
   9.714E-17
   0.0
  1.119000000e-16
  3.387000000e-33
  -1.119000000e-16
  1.938200000e-16
  0.000000000e+00
  9.136600000e-17
  -3.508000000e-01 -6.139000000e-01 -7.071000000e-01
  8.682000000e-01 -4.961000000e-01 -4.855000000e-17
  -3.508000000e-01 -6.139000000e-01 7.071000000e-01
 Node:         35
  0.1260E+03  0.1135E+03  0.5054E+03 -0.1075E-03
   0.0
   1.11E-16
  -1.11E-16
   1.11E-16
   2.498E-16
  -1.11E-16
  2.410000000e-16
  -1.023000000e-16
  -3.608000000e-16
  5.229000000e-16
  -7.403300000e-17
  2.465000000e-16
  5.458000000e-01 5.925000000e-01 5.925000000e-01
  8.379000000e-01 -3.859000000e-01 -3.859000000e-01
  -4.975000000e-17 -7.071000000e-01 7.071000000e-01
 Node:         36
  0.1257E+03  0.1153E+03  0.5196E+03 -0.1075E-03
   0.0
  -5.551E-17
   0.0
  -5.551E-17
   8.327E-17
   0.0
  1.305000000e-16
  -4.723000000e-17
  -8.327000000e-17
  1.982200000e-16
  0.000000000e+00
  9.344300000e-17
  -5.155000000e-01 6.059000000e-01 6.059000000e-01
  8.569000000e-01 3.645000000e-01 3.645000000e-01
  -1.256000000e-16 7.071000000e-01 -7.071000000e-01
 Node:         37
  0.1132E+03  0.1210E+03  0.4959E+03 -0.1075E-03
  -2.22E-16
   1.388E-16
  -2.22E-16
  -8.327E-17
   1.804E-16
  -2.776E-16
  -4.482000000e-17
  -1.622000000e-16
  -5.146000000e-16
  4.234700000e-16
  -2.405400000e-16
  1.996300000e-16
  3.971000000e-01 7.887000000e-01 4.693000000e-01
  -7.874000000e-01 3.010000000e-02 6.157000000e-01
  4.715000000e-01 -6.140000000e-01 6.330000000e-01
 Node:         38
  0.1111E+03  0.1204E+03  0.5085E+03 -0.1075E-03
  -1.665E-16
   9.714E-17
   0.0
  -2.776E-17
  -8.327E-17
  -2.22E-16
  7.071000000e-17
  -2.091000000e-16
  -2.502000000e-16
  3.024600000e-16
  -1.295300000e-16
  1.425800000e-16
  -3.916000000e-01 -8.746000000e-01 2.859000000e-01
  9.154000000e-01 -3.389000000e-01 2.170000000e-01
  9.287000000e-02 -3.467000000e-01 -9.334000000e-01
 Node:         39
  0.1119E+03  0.1201E+03  0.5207E+03 -0.1075E-03
  -5.551E-17
  -9.714E-17
  -3.331E-16
  -8.327E-17
  -7.633E-17
  -1.11E-16
  8.934000000e-18
  -1.105000000e-16
  -3.981000000e-16
  3.623900000e-16
  -1.665600000e-16
  1.708300000e-16
  8.510000000e-01 -1.281000000e-01 -5.092000000e-01
  4.076000000e-01 -4.503000000e-01 7.944000000e-01
  -3.311000000e-01 -8.836000000e-01 -3.310000000e-01
 Node:         40
  0.1191E+03  0.1220E+03  0.4937E+03 -0.1075E-03
   0.0
   8.327E-17
  -2.22E-16
   8.327E-17
  -1.388E-17
  -2.22E-16
  4.872000000e-17
  -2.082000000e-16
  -2.846000000e-16
  3.024500000e-16
  -1.480300000e-16
  1.425700000e-16
  -9.240000000e-01 -2.703000000e-01 -2.703000000e-01
  0.000000000e+00 -7.071000000e-01 7.071000000e-01
  3.823000000e-01 -6.534000000e-01 -6.534000000e-01
 Node:         41
  0.1182E+03  0.1217E+03  0.5073E+03 -0.1075E-03
   0.0
  -2.776E-17
  -5.551E-17
   5.551E-17
   9.714E-17
   1.11E-16
  1.653000000e-16
  1.073000000e-17
  -1.206000000e-16
  2.478700000e-16
  1.847700000e-17
  1.168500000e-16
  2.406000000e-01 3.653000000e-01 8.993000000e-01
  -8.901000000e-01 4.526000000e-01 5.428000000e-02
  -3.871000000e-01 -8.135000000e-01 4.340000000e-01
 Node:         42
  0.1187E+03  0.1212E+03  0.5204E+03 -0.1075E-03
   0.0
  -5.551E-17
  -1.11E-16
   0.0
   5.551E-17
   1.11E-16
  1.256000000e-16
  1.887000000e-17
  -1.444000000e-16
  2.355300000e-16
  2.333300000e-20
  1.110300000e-16
  1.113000000e-01 -2.517000000e-01 -9.614000000e-01
  9.295000000e-01 -3.159000000e-01 1.903000000e-01
  -3.516000000e-01 -9.148000000e-01 1.988000000e-01
 Node:         43
  0.1258E+03  0.1217E+03  0.4915E+03 -0.1075E-03
   2.22E-16
   1.11E-16
   1.11E-16
  -1.388E-17
   0.0
  -5.551E-17
  2.911000000e-16
  4.294000000e-17
  -5.645000000e-17
  3.100400000e-16
  9.253000000e-17
  1.461600000e-16
  -8.507000000e-01 -5.246000000e-01 3.406000000e-02
  -5.213000000e-01 8.502000000e-01 7.348000000e-02
  6.751000000e-02 -4.475000000e-02 9.967000000e-01
 Node:         44
  0.1259E+03  0.1220E+03  0.5059E+03 -0.1075E-03
  -2.22E-16
   1.388E-16
  -2.22E-16
   9.714E-17
   1.11E-16
  -1.11E-16
  5.081000000e-17
  -2.445000000e-16
  -3.614000000e-16
  3.679600000e-16
  -1.850300000e-16
  1.734600000e-16
  -5.113000000e-01 -5.340000000e-01 -6.733000000e-01
  -5.198000000e-01 -4.318000000e-01 7.372000000e-01
  -6.844000000e-01 7.269000000e-01 -5.679000000e-02
 Node:         45
  0.1261E+03  0.1221E+03  0.5198E+03 -0.1075E-03
  -5.551E-17
  -8.327E-17
  -2.776E-16
   2.776E-17
  -6.939E-18
   1.11E-16
  1.167000000e-16
  -3.339000000e-17
  -3.053000000e-16
  3.705000000e-16
  -7.399700000e-17
  1.746600000e-16
  1.854000000e-01 -5.643000000e-02 9.810000000e-01
  9.302000000e-01 -3.117000000e-01 -1.938000000e-01
  -3.167000000e-01 -9.485000000e-01 5.308000000e-03
 Node:         46
  0.1117E+03  0.1296E+03  0.4959E+03  0.0000E+00
  -5.551E-17
   2.776E-17
  -1.665E-16
   6.939E-18
  -2.602E-17
   0.0
  4.101000000e-18
  -4.897000000e-17
  -1.772000000e-16
  1.614500000e-16
  -7.402300000e-17
  7.610600000e-17
  4.856000000e-02 -1.429000000e-01 9.886000000e-01
  9.724000000e-01 2.327000000e-01 -1.414000000e-02
  -2.280000000e-01 9.620000000e-01 1.502000000e-01
 Node:         47
  0.1107E+03  0.1269E+03  0.5087E+03  0.0000E+00
  -1.665E-16
  -3.123E-17
   1.11E-16
  -2.776E-17
   3.99E-17
   0.0
  1.289000000e-16
  -1.114000000e-17
  -1.732000000e-16
  2.618600000e-16
  -1.848000000e-17
  1.234400000e-16
  -1.292000000e-01 9.390000000e-01 3.186000000e-01
  -1.008000000e-01 -3.321000000e-01 9.379000000e-01
  -9.865000000e-01 -8.906000000e-02 -1.376000000e-01
 Node:         48
  0.1125E+03  0.1242E+03  0.5208E+03  0.0000E+00
   1.11E-16
   3.469E-18
   1.11E-16
   0.0
  -1.735E-18
   1.11E-16
  1.149000000e-16
  1.110000000e-16
  1.071000000e-16
  6.755000000e-18
  1.110000000e-16
  3.184300000e-18
  -6.325000000e-01 -7.071000000e-01 3.162000000e-01
  4.472000000e-01 -4.455000000e-15 8.944000000e-01
  -6.325000000e-01 7.071000000e-01 3.162000000e-01
 Node:         49
  0.1186E+03  0.1311E+03  0.4938E+03  0.0000E+00
  -1.665E-16
  -2.082E-17
   0.0
  -4.163E-17
  -6.072E-18
  -5.551E-17
  2.581000000e-18
  -4.165000000e-17
  -1.830000000e-16
  1.678900000e-16
  -7.402300000e-17
  7.914600000e-17
  1.174000000e-01 -9.929000000e-01 1.965000000e-02
  -3.135000000e-01 -1.827000000e-02 9.494000000e-01
  -9.423000000e-01 -1.176000000e-01 -3.134000000e-01
 Node:         50
  0.1180E+03  0.1298E+03  0.5075E+03  0.0000E+00
   0.0
  -1.301E-17
   3.331E-16
  -4.163E-17
   1.247E-17
   2.22E-16
  3.354000000e-16
  2.276000000e-16
  -7.879000000e-18
  3.040700000e-16
  1.850400000e-16
  1.433400000e-16
  5.441000000e-02 -9.902000000e-01 -1.289000000e-01
  -1.707000000e-01 -1.364000000e-01 9.758000000e-01
  9.838000000e-01 3.109000000e-02 1.765000000e-01
 Node:         51
  0.1192E+03  0.1275E+03  0.5206E+03  0.0000E+00
   0.0
  -3.469E-18
  -5.551E-17
   0.0
   1.475E-17
   1.11E-16
  1.123000000e-16
  2.087000000e-19
  -5.702000000e-17
  1.491800000e-16
  1.849600000e-17
  7.032400000e-17
  -2.705000000e-03 8.758000000e-02 9.962000000e-01
  9.982000000e-01 -6.004000000e-02 7.989000000e-03
  -6.051000000e-02 -9.943000000e-01 8.725000000e-02
 Node:         52
  0.1262E+03  0.1305E+03  0.4920E+03  0.0000E+00
   1.11E-16
  -1.388E-17
   1.11E-16
   1.301E-18
   4.906E-18
   0.0
  1.250000000e-16
  9.734000000e-17
  -2.497000000e-19
  1.139700000e-16
  7.403000000e-17
  5.372400000e-17
  -7.047000000e-01 7.092000000e-01 2.051000000e-02
  7.093000000e-01 7.034000000e-01 4.493000000e-02
  -1.744000000e-02 -4.621000000e-02 9.988000000e-01
 Node:         53
  0.1258E+03  0.1304E+03  0.5063E+03  0.0000E+00
  -1.665E-16
  -1.735E-18
  -1.11E-16
   2.776E-17
   3.383E-17
  -2.22E-16
  -1.010000000e-16
  -1.572000000e-16
  -2.414000000e-16
  1.223900000e-16
  -1.665300000e-16
  5.769700000e-17
  9.684000000e-02 9.526000000e-01 2.883000000e-01
  -9.346000000e-01 1.866000000e-01 -3.027000000e-01
  -3.422000000e-01 -2.402000000e-01 9.084000000e-01
 Node:         54
  0.1265E+03  0.1288E+03  0.5200E+03  0.0000E+00
  -2.22E-16
   2.082E-17
   1.11E-16
   0.0
  -4.337E-18
   1.11E-16
  1.160000000e-16
  1.073000000e-16
  -2.233000000e-16
  3.350300000e-16
  0.000000000e+00
  1.579400000e-16
  -4.656000000e-02 -7.562000000e-01 6.527000000e-01
  -4.117000000e-02 -6.514000000e-01 -7.576000000e-01
  -9.981000000e-01 6.215000000e-02 8.061000000e-04
 Node:         55
  0.1382E+03  0.1168E+03  0.4532E+03  0.8493E-02
  -0.04149
  -0.0172
   0.04945
  -0.001127
   0.02731
   0.002207
  6.441000000e-02
  -9.236000000e-03
  -4.500000000e-02
  9.662600000e-02
  3.391300000e-03
  4.555000000e-02
  1.511000000e-01 -9.041000000e-01 -3.998000000e-01
  1.681000000e-01 -3.750000000e-01 9.116000000e-01
  -9.741000000e-01 -2.050000000e-01 9.534000000e-02
 Node:         56
  0.1314E+03  0.1156E+03  0.4687E+03  0.8493E-02
  -0.03707
  -0.007485
   0.02749
   0.006013
   0.007305
  -0.01049
  2.945000000e-02
  -9.962000000e-03
  -3.956000000e-02
  5.996600000e-02
  -6.690700000e-03
  2.826800000e-02
  -9.553000000e-02 9.816000000e-01 1.652000000e-01
  -2.504000000e-01 1.369000000e-01 -9.584000000e-01
  -9.634000000e-01 -1.329000000e-01 2.327000000e-01
 Node:         57
  0.1285E+03  0.1140E+03  0.4823E+03  0.8493E-02
  -0.007186
   0.002158
   0.001273
   0.002336
  -0.001501
  -0.001935
  2.047000000e-03
  -1.166000000e-03
  -8.729000000e-03
  9.582400000e-03
  -2.616000000e-03
  4.517200000e-03
  -1.546000000e-01 -9.510000000e-01 2.679000000e-01
  4.122000000e-01 1.843000000e-01 8.922000000e-01
  -8.979000000e-01 2.483000000e-01 3.635000000e-01
 Node:         58
  0.1482E+03  0.1179E+03  0.4530E+03  0.8493E-02
  -0.04563
  -0.033
   0.08843
  -0.005894
   0.02021
  -0.04206
  9.924000000e-02
  -4.503000000e-02
  -5.347000000e-02
  1.486700000e-01
  2.466700000e-04
  7.008400000e-02
  -2.254000000e-01 9.631000000e-01 1.472000000e-01
  -1.003000000e-01 -1.732000000e-01 9.798000000e-01
  9.691000000e-01 2.061000000e-01 1.356000000e-01
 Node:         59
  0.1418E+03  0.1167E+03  0.4692E+03  0.8493E-02
  -0.02631
  -0.03343
   0.06463
  -0.009683
   0.01828
  -0.02247
  7.967000000e-02
  -2.554000000e-02
  -3.828000000e-02
  1.121200000e-01
  5.283300000e-03
  5.285600000e-02
  -3.112000000e-01 9.299000000e-01 1.959000000e-01
  -2.076000000e-01 -2.677000000e-01 9.409000000e-01
  9.274000000e-01 2.521000000e-01 2.764000000e-01
 Node:         60
  0.1375E+03  0.1150E+03  0.4832E+03  0.8493E-02
   2.306E-4
  -0.009377
   0.01264
  -0.003145
   0.003798
  -3.283E-4
  1.890000000e-02
  -1.291000000e-03
  -5.063000000e-03
  2.231700000e-02
  4.182000000e-03
  1.052100000e-02
  4.678000000e-01 -8.494000000e-01 -2.443000000e-01
  -1.151000000e-01 -3.326000000e-01 9.360000000e-01
  8.763000000e-01 4.097000000e-01 2.533000000e-01
 Node:         61
  0.1553E+03  0.1224E+03  0.4526E+03  0.8493E-02
  -0.004331
  -0.02894
   0.0425
  -0.01576
   0.0168
  -0.08231
  5.971000000e-02
  -1.745000000e-02
  -8.640000000e-02
  1.266000000e-01
  -1.471300000e-02
  5.968100000e-02
  -4.379000000e-01 8.858000000e-01 1.533000000e-01
  8.854000000e-01 4.546000000e-01 -9.741000000e-02
  1.560000000e-01 -9.311000000e-02 9.834000000e-01
 Node:         62
  0.1492E+03  0.1204E+03  0.4694E+03  0.8493E-02
   0.03124
  -0.05608
   0.05736
  -0.02159
   0.02119
  -0.04213
  1.079000000e-01
  -1.291000000e-02
  -4.852000000e-02
  1.420000000e-01
  1.549000000e-02
  6.694100000e-02
  -6.144000000e-01 7.642000000e-01 1.963000000e-01
  7.628000000e-01 6.389000000e-01 -1.000000000e-01
  -2.019000000e-01 8.832000000e-02 -9.754000000e-01
 Node:         63
  0.1436E+03  0.1181E+03  0.4838E+03  0.8493E-02
   0.01417
  -0.02103
   0.02332
  -0.004822
   0.007297
  -0.003317
  4.194000000e-02
  -2.517000000e-03
  -5.257000000e-03
  4.588800000e-02
  1.138900000e-02
  2.163200000e-02
  -6.134000000e-01 7.668000000e-01 1.890000000e-01
  7.790000000e-01 5.481000000e-01 3.046000000e-01
  -1.300000000e-01 -3.341000000e-01 9.335000000e-01
 Node:         64
  0.1413E+03  0.1253E+03  0.4520E+03  0.8493E-02
  -0.05241
  -0.001385
   0.06561
  -0.01097
   0.00885
  -0.02533
  6.652000000e-02
  -2.232000000e-02
  -5.632000000e-02
  1.098600000e-01
  -4.040000000e-03
  5.178800000e-02
  2.066000000e-02 -9.949000000e-01 -9.834000000e-02
  -3.369000000e-01 -9.953000000e-02 9.363000000e-01
  9.413000000e-01 -1.378000000e-02 3.372000000e-01
 Node:         65
  0.1341E+03  0.1229E+03  0.4682E+03  0.8493E-02
  -0.0236
  -0.01497
   0.05154
  -0.00809
   0.005334
  -0.01654
  5.505000000e-02
  -1.350000000e-02
  -3.016000000e-02
  7.822200000e-02
  3.796700000e-03
  3.687400000e-02
  -1.955000000e-01 9.761000000e-01 9.482000000e-02
  -4.452000000e-01 -1.745000000e-01 8.783000000e-01
  8.739000000e-01 1.295000000e-01 4.686000000e-01
 Node:         66
  0.1299E+03  0.1214E+03  0.4825E+03  0.8493E-02
   0.002571
  -0.005718
   0.01038
  -4.041E-4
   3.955E-4
  -0.001735
  1.342000000e-02
  -4.263000000e-04
  -1.776000000e-03
  1.456800000e-02
  3.739200000e-03
  6.867500000e-03
  -4.671000000e-01 8.835000000e-01 3.552000000e-02
  8.745000000e-01 4.675000000e-01 -1.288000000e-01
  1.304000000e-01 2.910000000e-02 9.910000000e-01
 Node:         67
  0.1499E+03  0.1246E+03  0.4521E+03  0.8493E-02
  -0.04557
  -0.02176
   0.06011
  -0.01003
   0.00749
  -0.0383
  6.525000000e-02
  -3.458000000e-02
  -5.444000000e-02
  1.111000000e-01
  -7.923300000e-03
  5.237300000e-02
  -1.997000000e-01 9.757000000e-01 8.991000000e-02
  -4.541000000e-01 -1.735000000e-01 8.739000000e-01
  8.683000000e-01 1.337000000e-01 4.777000000e-01
 Node:         68
  0.1432E+03  0.1225E+03  0.4687E+03  0.8493E-02
  -0.003338
  -0.04266
   0.05847
  -0.01885
   0.01289
  -0.02251
  8.405000000e-02
  -1.497000000e-02
  -3.646000000e-02
  1.113300000e-01
  1.087300000e-02
  5.248200000e-02
  4.632000000e-01 -8.664000000e-01 -1.868000000e-01
  -5.816000000e-01 -4.561000000e-01 6.736000000e-01
  6.688000000e-01 2.034000000e-01 7.151000000e-01
 Node:         69
  0.1380E+03  0.1205E+03  0.4831E+03  0.8493E-02
   0.01045
  -0.01478
   0.01609
  -0.005981
   0.005034
  -4.601E-4
  3.025000000e-02
  -6.927000000e-04
  -3.475000000e-03
  3.242400000e-02
  8.694100000e-03
  1.528500000e-02
  -6.264000000e-01 7.405000000e-01 2.434000000e-01
  4.990000000e-01 6.208000000e-01 -6.047000000e-01
  -5.989000000e-01 -2.573000000e-01 -7.584000000e-01
 Node:         70
  0.1555E+03  0.1245E+03  0.4524E+03  0.8493E-02
  -0.03099
  -0.02696
   0.01564
  -0.02707
   0.01935
  -0.01852
  4.240000000e-02
  -2.216000000e-02
  -5.412000000e-02
  8.516300000e-02
  -1.129300000e-02
  4.014600000e-02
  -4.489000000e-01 7.746000000e-01 4.456000000e-01
  -3.390000000e-01 -6.090000000e-01 7.171000000e-01
  -8.268000000e-01 -1.709000000e-01 -5.359000000e-01
 Node:         71
  0.1494E+03  0.1224E+03  0.4693E+03  0.8493E-02
   0.0256
  -0.05001
   0.03996
  -0.04628
   0.0287
  -0.006415
  1.075000000e-01
  -8.284000000e-03
  -4.006000000e-02
  1.345200000e-01
  1.971900000e-02
  6.341200000e-02
  -6.341000000e-01 6.486000000e-01 4.211000000e-01
  4.466000000e-01 7.517000000e-01 -4.854000000e-01
  -6.313000000e-01 -1.197000000e-01 -7.662000000e-01
 Node:         72
  0.1435E+03  0.1199E+03  0.4837E+03  0.8493E-02
   0.02114
  -0.01981
   0.014
  -0.01403
   0.008487
   0.002881
  4.409000000e-02
  -6.760000000e-04
  -5.390000000e-03
  4.730000000e-02
  1.267500000e-02
  2.229700000e-02
  -7.262000000e-01 5.814000000e-01 3.669000000e-01
  -3.065000000e-01 -7.515000000e-01 5.842000000e-01
  6.154000000e-01 3.117000000e-01 7.240000000e-01
 Node:         73
  0.1444E+03  0.1339E+03  0.4513E+03  0.0000E+00
   0.03397
  -0.007324
  -0.04825
  -1.732E-4
  -5.881E-4
   0.03194
  3.462000000e-02
  3.193000000e-02
  -4.890000000e-02
  8.220800000e-02
  5.883300000e-03
  3.875300000e-02
  9.951000000e-01 -8.763000000e-02 -4.502000000e-02
  4.419000000e-02 -1.136000000e-02 9.990000000e-01
  8.805000000e-02 9.961000000e-01 7.435000000e-03
 Node:         74
  0.1367E+03  0.1304E+03  0.4678E+03  0.0000E+00
   0.06857
   0.00404
  -0.01919
   0.004424
  -0.001588
   0.02852
  6.922000000e-02
  2.813000000e-02
  -1.944000000e-02
  7.685000000e-02
  2.597000000e-02
  3.622800000e-02
  -9.934000000e-01 -4.348000000e-02 -1.063000000e-01
  -1.045000000e-01 -4.226000000e-02 9.936000000e-01
  4.770000000e-02 -9.982000000e-01 -3.744000000e-02
 Node:         75
  0.1313E+03  0.1288E+03  0.4826E+03  0.0000E+00
   0.02713
   0.00161
  -0.001497
  -9.193E-4
  -6.205E-4
   0.002429
  2.726000000e-02
  2.472000000e-03
  -1.667000000e-03
  2.709600000e-02
  9.355000000e-03
  1.277300000e-02
  -9.977000000e-01 -5.667000000e-02 3.835000000e-02
  4.578000000e-02 -1.361000000e-01 9.896000000e-01
  -5.086000000e-02 9.891000000e-01 1.384000000e-01
 Node:         76
  0.1515E+03  0.1313E+03  0.4515E+03  0.0000E+00
   0.03103
  -0.01251
  -0.06072
  -0.005818
   0.01224
   0.04367
  4.833000000e-02
  2.925000000e-02
  -6.361000000e-02
  1.037200000e-01
  4.656700000e-03
  4.889600000e-02
  -4.097000000e-01 1.481000000e-01 9.001000000e-01
  -9.038000000e-01 6.815000000e-02 -4.226000000e-01
  -1.239000000e-01 -9.866000000e-01 1.059000000e-01
 Node:         77
  0.1446E+03  0.1283E+03  0.4683E+03  0.0000E+00
   0.09133
   0.009241
  -0.02641
   9.521E-4
   0.01028
   0.025
  9.210000000e-02
  2.688000000e-02
  -2.904000000e-02
  1.050100000e-01
  2.998000000e-02
  4.950400000e-02
  -9.964000000e-01 -7.999000000e-02 -2.640000000e-02
  -4.068000000e-02 1.825000000e-01 9.824000000e-01
  -7.376000000e-02 9.799000000e-01 -1.852000000e-01
 Node:         78
  0.1384E+03  0.1261E+03  0.4829E+03  0.0000E+00
   0.03824
   0.007126
  -8.646E-4
   1.351E-5
   6.246E-4
   0.001698
  3.949000000e-02
  1.793000000e-03
  -2.219000000e-03
  3.985500000e-02
  1.302100000e-02
  1.878800000e-02
  -9.848000000e-01 -1.739000000e-01 -3.226000000e-03
  -3.003000000e-02 1.517000000e-01 9.880000000e-01
  -1.713000000e-01 9.730000000e-01 -1.546000000e-01
 Node:         79
  0.1556E+03  0.1265E+03  0.4522E+03  0.0000E+00
   0.02509
   0.02027
  -0.02035
  -0.004722
   0.00199
  -0.1275
  3.290000000e-02
  -2.795000000e-02
  -1.277000000e-01
  1.404400000e-01
  -4.091700000e-02
  6.620300000e-02
  9.346000000e-01 3.549000000e-01 -2.311000000e-02
  -3.540000000e-01 9.346000000e-01 3.547000000e-02
  3.419000000e-02 -2.498000000e-02 9.991000000e-01
 Node:         80
  0.1495E+03  0.1243E+03  0.4692E+03  0.0000E+00
   0.1042
   0.0236
  -0.01666
   0.009266
   0.001489
  -0.09947
  1.091000000e-01
  -2.111000000e-02
  -9.989000000e-02
  1.828100000e-01
  -3.966700000e-03
  8.617700000e-02
  -9.818000000e-01 -1.848000000e-01 -4.494000000e-02
  -1.848000000e-01 9.828000000e-01 -3.181000000e-03
  -4.475000000e-02 -5.183000000e-03 9.990000000e-01
 Node:         81
  0.1433E+03  0.1217E+03  0.4836E+03  0.0000E+00
   0.04349
   0.008831
  -0.00165
   0.006602
   0.001603
  -0.0103
  4.598000000e-02
  -3.301000000e-03
  -1.113000000e-02
  5.362600000e-02
  1.051600000e-02
  2.527900000e-02
  -9.754000000e-01 -1.849000000e-01 -1.197000000e-01
  -1.913000000e-01 9.805000000e-01 4.411000000e-02
  -1.092000000e-01 -6.592000000e-02 9.918000000e-01
 Node:         82
  0.1267E+03  0.1148E+03  0.4565E+03 -0.3509E-02
  -0.004848
  -0.01371
   0.01066
  -4.257E-5
   0.0114
  -0.001891
  2.276000000e-02
  -3.051000000e-03
  -1.579000000e-02
  3.401900000e-02
  1.306300000e-03
  1.603700000e-02
  -4.114000000e-01 8.270000000e-01 3.831000000e-01
  -5.888000000e-01 7.968000000e-02 -8.043000000e-01
  -6.957000000e-01 -5.565000000e-01 4.542000000e-01
 Node:         83
  0.1234E+03  0.1129E+03  0.4721E+03 -0.3509E-02
  -0.01746
  -0.00543
   0.003075
   0.0137
   0.00554
  -0.01293
  4.912000000e-03
  -1.391000000e-03
  -3.084000000e-02
  3.305400000e-02
  -9.106300000e-03
  1.558200000e-02
  -9.626000000e-02 9.691000000e-01 2.270000000e-01
  -6.656000000e-01 1.069000000e-01 -7.386000000e-01
  -7.401000000e-01 -2.222000000e-01 6.348000000e-01
 Node:         84
  0.1187E+03  0.1123E+03  0.4849E+03 -0.3509E-02
  -0.00264
  -3.444E-6
   1.024E-4
   0.005814
  -2.517E-4
  -0.01102
  3.852000000e-04
  5.631000000e-05
  -1.400000000e-02
  1.422400000e-02
  -4.519500000e-03
  6.705100000e-03
  8.175000000e-01 -3.885000000e-01 4.252000000e-01
  3.525000000e-01 9.213000000e-01 1.640000000e-01
  4.554000000e-01 -1.577000000e-02 -8.901000000e-01
 Node:         85
  0.1302E+03  0.1161E+03  0.4552E+03 -0.3509E-02
  -0.007471
  -0.01398
   0.01482
   0.001653
   0.01664
   9.521E-5
  2.905000000e-02
  -2.182000000e-03
  -1.942000000e-02
  4.255500000e-02
  2.482700000e-03
  2.006100000e-02
  -2.985000000e-01 8.347000000e-01 4.628000000e-01
  6.653000000e-01 -1.657000000e-01 7.279000000e-01
  -6.842000000e-01 -5.253000000e-01 5.059000000e-01
 Node:         86
  0.1252E+03  0.1138E+03  0.4704E+03 -0.3509E-02
  -0.02342
   0.004699
   0.04843
   0.02316
   0.01942
  -0.009241
  5.608000000e-02
  9.628000000e-04
  -4.128000000e-02
  8.456200000e-02
  5.254300000e-03
  3.986300000e-02
  -1.513000000e-01 -9.316000000e-01 -3.306000000e-01
  6.082000000e-01 -3.514000000e-01 7.117000000e-01
  7.792000000e-01 9.335000000e-02 -6.198000000e-01
 Node:         87
  0.1217E+03  0.1126E+03  0.4834E+03 -0.3509E-02
  -0.004415
  -1.667E-4
   9.971E-4
   0.006797
  -0.001188
  -0.009223
  1.603000000e-03
  -1.645000000e-04
  -1.408000000e-02
  1.487800000e-02
  -4.213800000e-03
  7.013700000e-03
  -4.310000000e-01 8.269000000e-01 -3.613000000e-01
  6.966000000e-01 5.594000000e-01 4.493000000e-01
  5.737000000e-01 -5.801000000e-02 -8.170000000e-01
 Node:         88
  0.1338E+03  0.1169E+03  0.4535E+03 -0.3509E-02
  -0.03012
  -0.01792
   0.01598
   0.00115
   0.02609
   0.02068
  4.626000000e-02
  -1.593000000e-03
  -3.813000000e-02
  7.330300000e-02
  2.179000000e-03
  3.455500000e-02
  -1.526000000e-01 6.954000000e-01 7.023000000e-01
  -4.067000000e-01 6.035000000e-01 -6.859000000e-01
  -9.007000000e-01 -3.902000000e-01 1.907000000e-01
 Node:         89
  0.1270E+03  0.1150E+03  0.4687E+03 -0.3509E-02
  -0.03015
  -0.003961
   0.008375
   0.009392
   0.007237
  -0.002904
  1.192000000e-02
  -2.673000000e-03
  -3.393000000e-02
  4.057200000e-02
  -8.227700000e-03
  1.912600000e-02
  1.547000000e-02 8.946000000e-01 4.466000000e-01
  -3.470000000e-01 4.237000000e-01 -8.367000000e-01
  -9.377000000e-01 -1.420000000e-01 3.170000000e-01
 Node:         90
  0.1248E+03  0.1132E+03  0.4822E+03 -0.3509E-02
  -0.006952
   0.003299
  -0.001393
   0.003308
  -0.001856
  -0.002153
  2.495000000e-04
  -4.939000000e-04
  -1.025000000e-02
  1.014800000e-02
  -3.498100000e-03
  4.783900000e-03
  -2.538000000e-01 -9.026000000e-01 3.478000000e-01
  5.186000000e-01 1.765000000e-01 8.366000000e-01
  -8.165000000e-01 3.927000000e-01 4.233000000e-01
 Node:         91
  0.1260E+03  0.1262E+03  0.4546E+03 -0.3509E-02
  -0.04267
  -0.001295
   0.05389
  -0.008643
   0.0192
  -0.006419
  5.962000000e-02
  -1.009000000e-02
  -4.473000000e-02
  9.205500000e-02
  1.600000000e-03
  4.339500000e-02
  3.607000000e-02 -9.583000000e-01 -2.834000000e-01
  -2.353000000e-01 -2.838000000e-01 9.296000000e-01
  9.712000000e-01 -3.316000000e-02 2.358000000e-01
 Node:         92
  0.1209E+03  0.1233E+03  0.4725E+03 -0.3509E-02
  -0.02137
  -0.008452
   0.02026
  -0.005203
   0.01338
   0.008296
  3.083000000e-02
  -3.801000000e-04
  -2.326000000e-02
  4.702800000e-02
  2.396600000e-03
  2.216900000e-02
  1.867000000e-01 -8.251000000e-01 -5.333000000e-01
  9.520000000e-03 -5.413000000e-01 8.408000000e-01
  -9.824000000e-01 -1.621000000e-01 -9.323000000e-02
 Node:         93
  0.1159E+03  0.1217E+03  0.4877E+03 -0.3509E-02
  -3.372E-4
  -0.001222
   8.549E-4
  -9.385E-4
   0.001707
   0.001036
  3.295000000e-03
  -6.257000000e-04
  -1.116000000e-03
  4.187400000e-03
  5.177700000e-04
  1.974000000e-03
  -3.876000000e-01 6.508000000e-01 6.528000000e-01
  4.867000000e-01 -4.570000000e-01 7.445000000e-01
  -7.829000000e-01 -6.063000000e-01 1.396000000e-01
 Node:         94
  0.1314E+03  0.1264E+03  0.4536E+03 -0.3509E-02
  -0.05201
  -0.001611
   0.06065
  -0.01415
   0.01643
   0.00164
  6.515000000e-02
  7.018000000e-04
  -5.557000000e-02
  1.046300000e-01
  3.427300000e-03
  4.932100000e-02
  4.462000000e-02 -9.647000000e-01 -2.595000000e-01
  -2.427000000e-01 -2.624000000e-01 9.339000000e-01
  9.691000000e-01 -2.132000000e-02 2.459000000e-01
 Node:         95
  0.1250E+03  0.1235E+03  0.4705E+03 -0.3509E-02
  -0.02511
  -0.009208
   0.03003
  -0.008819
   0.01001
   0.009101
  3.635000000e-02
