 Group name: actual_strain_L3A3
 #Fields=  16
 1) coordinates, coordinate, rectangular cartesian, #Components=3
   x.  Value index= 1, #Derivatives=0
   y.  Value index= 2, #Derivatives=0
   z.  Value index= 3, #Derivatives=0
 2) Tensor_1, field, rectangular cartesian, #Components=1
   Tensor_1.  Value index= 4, #Derivatives=0
 3) Tensor_2, field, rectangular cartesian, #Components=1
   Tensor_2.  Value index= 5, #Derivatives=0
 4) Tensor_3, field, rectangular cartesian, #Components=1
   Tensor_3.  Value index= 6, #Derivatives=0
 5) Tensor_4, field, rectangular cartesian, #Components=1
   Tensor_4.  Value index= 7, #Derivatives=0
 6) Tensor_5, field, rectangular cartesian, #Components=1
   Tensor_5.  Value index= 8, #Derivatives=0
 7) Tensor_6, field, rectangular cartesian, #Components=1
   Tensor_6.  Value index= 9, #Derivatives=0
 8) Principal_1, field, rectangular cartesian, #Components=1
   Principal_1.  Value index= 10, #Derivatives=0
 9) Principal_2, field, rectangular cartesian, #Components=1
   Principal_2.  Value index= 11, #Derivatives=0
 10) Principal_3, field, rectangular cartesian, #Components=1
   Principal_3.  Value index= 12, #Derivatives=0
 11) VonMises, field, rectangular cartesian, #Components=1
   VonMises.  Value index= 13, #Derivatives=0
 12) Hydrostatic, field, rectangular cartesian, #Components=1
   VonMises.  Value index= 14, #Derivatives=0
 13) Octahedral, field, rectangular cartesian, #Components=1
   VonMises.  Value index= 15, #Derivatives=0
 14) PrincipalVector1, field, rectangular cartesian, #Components=3
   x.  Value index= 16, #Derivatives=0
   y.  Value index= 17, #Derivatives=0
   z.  Value index= 18, #Derivatives=0
 15) PrincipalVector2, field, rectangular cartesian, #Components=3
   x.  Value index= 19, #Derivatives=0
   y.  Value index= 20, #Derivatives=0
   z.  Value index= 21, #Derivatives=0
 16) PrincipalVector3, field, rectangular cartesian, #Components=3
   x.  Value index= 22, #Derivatives=0
   y.  Value index= 23, #Derivatives=0
   z.  Value index= 24, #Derivatives=0
 Node:          1
  0.1287E+03  0.1133E+03  0.4908E+03 -0.1245E-04
  -1.11E-16
  -8.327E-17
  -2.22E-16
  -2.776E-17
  -4.163E-17
  -3.331E-16
  -6.637000000e-17
  -2.400000000e-16
  -3.598000000e-16
  2.555400000e-16
  -2.220600000e-16
  1.204600000e-16
  8.837000000e-01 -4.676000000e-01 -1.897000000e-02
  4.046000000e-01 7.837000000e-01 -4.712000000e-01
  2.352000000e-01 4.088000000e-01 8.818000000e-01
 Node:          2
  0.1292E+03  0.1137E+03  0.5052E+03 -0.1245E-04
  -5.551E-17
  -1.11E-16
  -1.665E-16
  -5.551E-17
   1.943E-16
  -2.776E-16
  8.603000000e-17
  -1.600000000e-16
  -4.256000000e-16
  4.431900000e-16
  -1.665200000e-16
  2.089200000e-16
  -6.554000000e-01 6.199000000e-01 4.313000000e-01
  7.522000000e-01 4.849000000e-01 4.462000000e-01
  -6.744000000e-02 -6.169000000e-01 7.841000000e-01
 Node:          3
  0.1289E+03  0.1155E+03  0.5194E+03 -0.1245E-04
   2.22E-16
   1.388E-16
   3.331E-16
   1.11E-16
   5.551E-17
   2.22E-16
  4.753000000e-16
  2.118000000e-16
  9.006000000e-17
  3.410700000e-16
  2.590500000e-16
  1.607800000e-16
  -5.696000000e-01 -7.144000000e-01 -4.063000000e-01
  2.395000000e-01 -6.172000000e-01 7.494000000e-01
  -7.862000000e-01 3.296000000e-01 5.227000000e-01
 Node:          4
  0.1361E+03  0.1141E+03  0.4915E+03 -0.1245E-04
   0.0
  -2.776E-17
  -1.11E-16
  -2.776E-17
  -8.327E-17
   2.22E-16
  2.435000000e-16
  6.328000000e-18
  -1.388000000e-16
  3.342600000e-16
  3.700900000e-17
  1.575700000e-16
  -8.549000000e-02 -2.215000000e-01 9.714000000e-01
  9.681000000e-01 -2.491000000e-01 2.840000000e-02
  2.357000000e-01 9.428000000e-01 2.357000000e-01
 Node:          5
  0.1341E+03  0.1144E+03  0.5054E+03 -0.1245E-04
   3.331E-16
   1.388E-16
   3.331E-16
   5.551E-17
  -6.939E-17
   4.441E-16
  4.814000000e-16
  4.627000000e-16
  1.662000000e-16
  3.062800000e-16
  3.701000000e-16
  1.443800000e-16
  -3.480000000e-01 -6.443000000e-01 6.810000000e-01
  -6.589000000e-01 -3.487000000e-01 -6.665000000e-01
  6.669000000e-01 -6.807000000e-01 -3.032000000e-01
 Node:          6
  0.1323E+03  0.1162E+03  0.5191E+03 -0.1245E-04
   2.22E-16
   5.551E-17
   2.22E-16
  -5.551E-17
  -2.776E-17
   0.0
  2.897000000e-16
  1.685000000e-16
  -1.402000000e-17
  2.648100000e-16
  1.480600000e-16
  1.248300000e-16
  -7.150000000e-01 -6.696000000e-01 2.012000000e-01
  6.656000000e-01 -7.399000000e-01 -9.741000000e-02
  -2.141000000e-01 -6.426000000e-02 -9.747000000e-01
 Node:          7
  0.1408E+03  0.1171E+03  0.4920E+03 -0.1245E-04
   3.331E-16
   2.22E-16
   2.22E-16
  -8.327E-17
  -1.11E-16
   0.0
  5.398000000e-16
  6.158000000e-17
  -4.631000000e-17
  5.403100000e-16
  1.850200000e-16
  2.547000000e-16
  -7.537000000e-01 -6.111000000e-01 2.419000000e-01
  -6.560000000e-01 6.770000000e-01 -3.335000000e-01
  -4.004000000e-02 4.101000000e-01 9.112000000e-01
 Node:          8
  0.1367E+03  0.1169E+03  0.5055E+03 -0.1245E-04
   2.22E-16
   1.943E-16
   2.22E-16
  -4.025E-16
  -2.359E-16
  -2.22E-16
  6.547000000e-16
  4.477000000e-17
  -4.775000000e-16
  9.814900000e-16
  7.399000000e-17
  4.626800000e-16
  -6.847000000e-01 -5.611000000e-01 4.652000000e-01
  5.685000000e-01 -8.105000000e-01 -1.409000000e-01
  -4.561000000e-01 -1.681000000e-01 -8.739000000e-01
 Node:          9
  0.1339E+03  0.1180E+03  0.5191E+03 -0.1245E-04
   2.22E-16
   1.665E-16
   0.0
  -3.955E-16
  -2.776E-16
   6.661E-16
  1.002000000e-15
  -9.379000000e-18
  -1.046000000e-16
  1.062200000e-15
  2.960100000e-16
  5.007200000e-16
  -4.817000000e-01 -3.073000000e-01 8.207000000e-01
  -8.565000000e-01 -3.292000000e-02 -5.150000000e-01
  -1.853000000e-01 9.510000000e-01 2.474000000e-01
 Node:         10
  0.1294E+03  0.1212E+03  0.4911E+03 -0.1245E-04
   0.0
   2.776E-17
   1.11E-16
  -1.388E-17
   1.249E-16
   1.11E-16
  2.363000000e-16
  2.303000000e-17
  -3.732000000e-17
  2.489900000e-16
  7.400300000e-17
  1.173800000e-16
  4.210000000e-02 7.100000000e-01 7.030000000e-01
  -7.813000000e-01 -4.152000000e-01 4.661000000e-01
  -6.228000000e-01 5.688000000e-01 -5.372000000e-01
 Node:         11
  0.1295E+03  0.1214E+03  0.5055E+03 -0.1245E-04
  -2.22E-16
  -2.776E-17
  -2.22E-16
  -4.163E-17
   1.388E-17
  -1.665E-16
  -1.365000000e-16
  -2.183000000e-16
  -2.558000000e-16
  1.056600000e-16
  -2.035300000e-16
  4.981100000e-17
  -4.935000000e-01 2.929000000e-01 8.189000000e-01
  3.541000000e-01 -7.924000000e-01 4.968000000e-01
  -7.944000000e-01 -5.351000000e-01 -2.873000000e-01
 Node:         12
  0.1295E+03  0.1217E+03  0.5196E+03 -0.1245E-04
   1.11E-16
   0.0
   1.11E-16
   7.633E-17
   2.776E-17
   2.22E-16
  2.649000000e-16
  1.110000000e-16
  6.816000000e-17
  1.792000000e-16
  1.480200000e-16
  8.447700000e-17
  -4.387000000e-01 -1.595000000e-01 -8.844000000e-01
  3.417000000e-01 -9.398000000e-01 -2.255000000e-17
  8.311000000e-01 3.022000000e-01 -4.668000000e-01
 Node:         13
  0.1361E+03  0.1199E+03  0.4914E+03 -0.1245E-04
   1.11E-16
  -1.388E-16
   0.0
  -9.714E-17
   2.776E-17
  -1.665E-16
  2.285000000e-16
  -8.520000000e-17
  -1.988000000e-16
  3.833400000e-16
  -1.850000000e-17
  1.807100000e-16
  8.171000000e-01 -5.252000000e-01 -2.378000000e-01
  4.648000000e-01 8.442000000e-01 -2.671000000e-01
  3.410000000e-01 1.077000000e-01 9.339000000e-01
 Node:         14
  0.1342E+03  0.1198E+03  0.5054E+03 -0.1245E-04
  -5.551E-17
   2.776E-17
   0.0
   5.551E-17
  -9.021E-17
   1.11E-16
  1.672000000e-16
  -4.940000000e-18
  -1.068000000e-16
  2.398800000e-16
  1.848700000e-17
  1.130800000e-16
  1.634000000e-01 -4.472000000e-01 8.794000000e-01
  -6.569000000e-01 -7.144000000e-01 -2.412000000e-01
  -7.361000000e-01 5.382000000e-01 4.105000000e-01
 Node:         15
  0.1330E+03  0.1205E+03  0.5193E+03 -0.1245E-04
   2.22E-16
  -8.327E-17
  -5.551E-17
   1.388E-17
   4.857E-17
   0.0
  2.451000000e-16
  2.471000000e-17
  -1.033000000e-16
  3.052400000e-16
  5.550300000e-17
  1.438900000e-16
  -9.638000000e-01 2.667000000e-01 -1.723000000e-03
  1.157000000e-01 4.239000000e-01 8.983000000e-01
  2.403000000e-01 8.656000000e-01 -4.394000000e-01
 Node:         16
  0.1404E+03  0.1188E+03  0.4918E+03 -0.1245E-04
   2.22E-16
   5.551E-17
   2.22E-16
  -8.327E-17
  -1.457E-16
   4.441E-16
  5.466000000e-16
  1.950000000e-16
  1.465000000e-16
  3.781900000e-16
  2.960300000e-16
  1.782800000e-16
  -2.927000000e-01 -4.328000000e-01 8.526000000e-01
  -9.222000000e-01 -1.077000000e-01 -3.713000000e-01
  -2.526000000e-01 8.950000000e-01 3.676000000e-01
 Node:         17
  0.1365E+03  0.1184E+03  0.5055E+03 -0.1245E-04
  -1.11E-16
   2.776E-17
  -1.11E-16
   9.714E-17
   1.7E-16
   0.0
  1.573000000e-16
  -1.341000000e-16
  -2.452000000e-16
  3.600400000e-16
  -7.400000000e-17
  1.697300000e-16
  3.368000000e-01 5.285000000e-01 7.792000000e-01
  8.927000000e-01 -4.425000000e-01 -8.566000000e-02
  -2.996000000e-01 -7.244000000e-01 6.209000000e-01
 Node:         18
  0.1341E+03  0.1191E+03  0.5192E+03 -0.1245E-04
   0.0
   0.0
   0.0
   2.645E-17
   1.065E-16
   4.441E-16
  4.697000000e-16
  -1.672000000e-33
  -2.562000000e-17
  4.830200000e-16
  1.480300000e-16
  2.277000000e-16
  -5.484000000e-02 -2.207000000e-01 -9.738000000e-01
  9.705000000e-01 -2.411000000e-01 -6.210000000e-17
  -2.348000000e-01 -9.451000000e-01 2.274000000e-01
 Node:         19
  0.1301E+03  0.1291E+03  0.4914E+03  0.0000E+00
   1.11E-16
   0.0
   1.11E-16
   2.101E-19
   1.001E-17
  -2.22E-16
  1.113000000e-16
  1.110000000e-16
  -2.223000000e-16
  3.334500000e-16
  0.000000000e+00
  1.571900000e-16
  -2.096000000e-02 -9.993000000e-01 -3.003000000e-02
  9.998000000e-01 -2.097000000e-02 1.345000000e-19
  6.298000000e-04 3.003000000e-02 -9.995000000e-01
 Node:         20
  0.1299E+03  0.1291E+03  0.5058E+03  0.0000E+00
   2.22E-16
   0.0
   0.0
   1.041E-17
   1.924E-17
  -5.551E-17
  2.224000000e-16
  5.975000000e-18
  -6.188000000e-17
  2.571600000e-16
  5.549800000e-17
  1.212200000e-16
  -9.993000000e-01 -3.257000000e-03 -3.765000000e-02
  1.428000000e-02 -9.549000000e-01 -2.965000000e-01
  -3.498000000e-02 -2.968000000e-01 9.543000000e-01
 Node:         21
  0.1301E+03  0.1280E+03  0.5197E+03  0.0000E+00
   1.11E-16
   0.0
   0.0
   4.163E-17
   1.475E-17
   1.11E-16
  1.534000000e-16
  7.089000000e-17
  -2.220000000e-18
  1.348500000e-16
  7.402300000e-17
  6.357000000e-17
  -6.994000000e-01 -6.840000000e-02 -7.114000000e-01
  -7.126000000e-01 1.429000000e-01 6.869000000e-01
  -5.465000000e-02 -9.874000000e-01 1.487000000e-01
 Node:         22
  0.1360E+03  0.1256E+03  0.4913E+03  0.0000E+00
  -2.22E-16
   1.388E-17
  -1.11E-16
  -1.388E-17
   1.006E-16
   1.11E-16
  1.500000000e-16
  -1.456000000e-16
  -2.264000000e-16
  3.432100000e-16
  -7.400000000e-17
  1.617900000e-16
  -2.144000000e-02 3.586000000e-01 9.332000000e-01
  2.280000000e-01 9.106000000e-01 -3.447000000e-01
  -9.734000000e-01 2.054000000e-01 -1.013000000e-01
 Node:         23
  0.1343E+03  0.1253E+03  0.5054E+03  0.0000E+00
   0.0
   2.082E-17
  -4.441E-16
   0.0
   1.314E-16
  -1.665E-16
  1.265000000e-18
  -1.147000000e-16
  -4.972000000e-16
  4.517900000e-16
  -2.035400000e-16
  2.129700000e-16
  9.970000000e-01 6.061000000e-02 4.746000000e-02
  6.644000000e-02 -3.661000000e-01 -9.282000000e-01
  3.888000000e-02 -9.286000000e-01 3.690000000e-01
 Node:         24
  0.1336E+03  0.1248E+03  0.5194E+03  0.0000E+00
  -2.22E-16
   1.214E-17
   0.0
   1.388E-17
   8.674E-19
  -1.665E-16
  6.779000000e-19
  -1.633000000e-16
  -2.259000000e-16
  2.026600000e-16
  -1.295100000e-16
  9.553700000e-17
  -5.504000000e-02 -9.984000000e-01 -9.747000000e-03
  2.257000000e-01 -2.195000000e-02 9.740000000e-01
  -9.726000000e-01 5.141000000e-02 2.265000000e-01
 Node:         25
  0.1400E+03  0.1206E+03  0.4917E+03  0.0000E+00
   0.0
   2.671E-16
  -1.11E-16
  -8.327E-17
  -1.301E-16
   2.22E-16
  3.681000000e-16
  7.580000000e-17
  -3.329000000e-16
  6.098700000e-16
  3.700000000e-17
  2.874900000e-16
  5.089000000e-01 4.781000000e-01 -7.159000000e-01
  6.086000000e-01 3.883000000e-01 6.920000000e-01
  6.088000000e-01 -7.878000000e-01 -9.334000000e-02
 Node:         26
  0.1363E+03  0.1200E+03  0.5055E+03  0.0000E+00
   2.22E-16
   1.076E-16
  -6.106E-16
   2.776E-17
  -1.124E-15
  -5.551E-17
  8.281000000e-16
  2.248000000e-16
  -1.497000000e-15
  2.089800000e-15
  -1.480300000e-16
  9.851500000e-16
  7.371000000e-02 6.174000000e-01 -7.832000000e-01
  9.955000000e-01 1.018000000e-03 9.449000000e-02
  -5.914000000e-02 7.866000000e-01 6.146000000e-01
 Node:         27
  0.1343E+03  0.1203E+03  0.5192E+03  0.0000E+00
   2.22E-16
  -1.943E-16
   2.22E-16
  -1.041E-16
   1.313E-15
   0.0
  1.466000000e-15
  1.875000000e-16
  -1.209000000e-15
  2.317400000e-15
  1.481700000e-16
  1.092400000e-15
  -1.693000000e-01 7.280000000e-01 6.643000000e-01
  9.848000000e-01 9.849000000e-02 1.431000000e-01
  3.876000000e-02 6.785000000e-01 -7.336000000e-01
 Node:         28
  0.1155E+03  0.1124E+03  0.4931E+03 -0.7355E-04
  -2.22E-16
   3.816E-17
   2.22E-16
  -5.551E-17
   5.551E-17
   1.11E-16
  2.455000000e-16
  1.014000000e-16
  -2.359000000e-16
  4.279500000e-16
  3.700000000e-17
  2.017400000e-16
  3.184000000e-02 9.284000000e-01 3.701000000e-01
  1.988000000e-01 3.571000000e-01 -9.127000000e-01
  9.795000000e-01 -1.026000000e-01 1.732000000e-01
 Node:         29
  0.1119E+03  0.1139E+03  0.5068E+03 -0.7355E-04
  -2.22E-16
  -2.082E-17
   0.0
   5.551E-17
   6.939E-18
  -3.331E-16
  1.944000000e-18
  -2.004000000e-16
  -3.566000000e-16
  3.113600000e-16
  -1.850200000e-16
  1.467800000e-16
  -9.118000000e-02 9.958000000e-01 5.517000000e-03
  -9.179000000e-01 -8.189000000e-02 -3.884000000e-01
  -3.863000000e-01 -4.048000000e-02 9.215000000e-01
 Node:         30
  0.1113E+03  0.1159E+03  0.5206E+03 -0.7355E-04
   2.22E-16
   1.249E-16
   2.22E-16
   0.0
  -2.776E-17
   1.11E-16
  3.486000000e-16
  1.238000000e-16
  8.277000000e-17
  2.478800000e-16
  1.850600000e-16
  1.168500000e-16
  -7.001000000e-01 -7.092000000e-01 8.287000000e-02
  -4.685000000e-01 3.686000000e-01 -8.029000000e-01
  -5.389000000e-01 6.009000000e-01 5.903000000e-01
 Node:         31
  0.1203E+03  0.1126E+03  0.4920E+03 -0.7355E-04
  -5.551E-17
   9.714E-17
  -1.11E-16
   2.776E-17
   4.163E-17
  -5.551E-17
  4.114000000e-17
  -7.661000000e-17
  -1.866000000e-16
  1.972700000e-16
  -7.402300000e-17
  9.299200000e-17
  -6.956000000e-01 -5.654000000e-01 -4.433000000e-01
  4.358000000e-01 1.585000000e-01 -8.860000000e-01
  5.712000000e-01 -8.095000000e-01 1.362000000e-01
 Node:         32
  0.1188E+03  0.1134E+03  0.5062E+03 -0.7355E-04
   2.22E-16
  -1.388E-17
  -1.11E-16
  -2.776E-17
   9.714E-17
  -5.551E-17
  2.266000000e-16
  1.331000000e-17
  -1.844000000e-16
  3.560200000e-16
  1.850300000e-17
  1.678300000e-16
  -9.894000000e-01 7.624000000e-02 1.236000000e-01
  1.445000000e-01 5.992000000e-01 7.875000000e-01
  1.402000000e-02 -7.970000000e-01 6.038000000e-01
 Node:         33
  0.1183E+03  0.1150E+03  0.5201E+03 -0.7355E-04
   1.11E-16
   5.551E-17
   0.0
   8.327E-17
   0.0
   0.0
  1.700000000e-16
  0.000000000e+00
  -5.893000000e-17
  2.058900000e-16
  3.702300000e-17
  9.705800000e-17
  -8.617000000e-01 -2.815000000e-01 -4.222000000e-01
  0.000000000e+00 -8.321000000e-01 5.547000000e-01
  -5.074000000e-01 4.780000000e-01 7.170000000e-01
 Node:         34
  0.1255E+03  0.1129E+03  0.4909E+03 -0.7355E-04
   0.0
   0.0
   0.0
   5.551E-17
   9.714E-17
   0.0
  1.119000000e-16
  3.387000000e-33
  -1.119000000e-16
  1.938200000e-16
  0.000000000e+00
  9.136600000e-17
  -3.508000000e-01 -6.139000000e-01 -7.071000000e-01
  8.682000000e-01 -4.961000000e-01 -4.855000000e-17
  -3.508000000e-01 -6.139000000e-01 7.071000000e-01
 Node:         35
  0.1260E+03  0.1135E+03  0.5054E+03 -0.7355E-04
   0.0
   1.11E-16
  -1.11E-16
   1.11E-16
   2.498E-16
  -1.11E-16
  2.410000000e-16
  -1.023000000e-16
  -3.608000000e-16
  5.229000000e-16
  -7.403300000e-17
  2.465000000e-16
  5.458000000e-01 5.925000000e-01 5.925000000e-01
  8.379000000e-01 -3.859000000e-01 -3.859000000e-01
  -4.975000000e-17 -7.071000000e-01 7.071000000e-01
 Node:         36
  0.1257E+03  0.1153E+03  0.5196E+03 -0.7355E-04
   0.0
  -5.551E-17
   0.0
  -5.551E-17
   8.327E-17
   0.0
  1.305000000e-16
  -4.723000000e-17
  -8.327000000e-17
  1.982200000e-16
  0.000000000e+00
  9.344300000e-17
  -5.155000000e-01 6.059000000e-01 6.059000000e-01
  8.569000000e-01 3.645000000e-01 3.645000000e-01
  -1.256000000e-16 7.071000000e-01 -7.071000000e-01
 Node:         37
  0.1132E+03  0.1210E+03  0.4959E+03 -0.7355E-04
  -2.22E-16
   1.388E-16
  -2.22E-16
  -8.327E-17
   1.804E-16
  -2.776E-16
  -4.482000000e-17
  -1.622000000e-16
  -5.146000000e-16
  4.234700000e-16
  -2.405400000e-16
  1.996300000e-16
  3.971000000e-01 7.887000000e-01 4.693000000e-01
  -7.874000000e-01 3.010000000e-02 6.157000000e-01
  4.715000000e-01 -6.140000000e-01 6.330000000e-01
 Node:         38
  0.1111E+03  0.1204E+03  0.5085E+03 -0.7355E-04
  -1.665E-16
   9.714E-17
   0.0
  -2.776E-17
  -8.327E-17
  -2.22E-16
  7.071000000e-17
  -2.091000000e-16
  -2.502000000e-16
  3.024600000e-16
  -1.295300000e-16
  1.425800000e-16
  -3.916000000e-01 -8.746000000e-01 2.859000000e-01
  9.154000000e-01 -3.389000000e-01 2.170000000e-01
  9.287000000e-02 -3.467000000e-01 -9.334000000e-01
 Node:         39
  0.1119E+03  0.1201E+03  0.5207E+03 -0.7355E-04
  -5.551E-17
  -9.714E-17
  -3.331E-16
  -8.327E-17
  -7.633E-17
  -1.11E-16
  8.934000000e-18
  -1.105000000e-16
  -3.981000000e-16
  3.623900000e-16
  -1.665600000e-16
  1.708300000e-16
  8.510000000e-01 -1.281000000e-01 -5.092000000e-01
  4.076000000e-01 -4.503000000e-01 7.944000000e-01
  -3.311000000e-01 -8.836000000e-01 -3.310000000e-01
 Node:         40
  0.1191E+03  0.1220E+03  0.4937E+03 -0.7355E-04
   0.0
   8.327E-17
  -2.22E-16
   8.327E-17
  -1.388E-17
  -2.22E-16
  4.872000000e-17
  -2.082000000e-16
  -2.846000000e-16
  3.024500000e-16
  -1.480300000e-16
  1.425700000e-16
  -9.240000000e-01 -2.703000000e-01 -2.703000000e-01
  0.000000000e+00 -7.071000000e-01 7.071000000e-01
  3.823000000e-01 -6.534000000e-01 -6.534000000e-01
 Node:         41
  0.1182E+03  0.1217E+03  0.5073E+03 -0.7355E-04
   0.0
  -2.776E-17
  -5.551E-17
   5.551E-17
   9.714E-17
   1.11E-16
  1.653000000e-16
  1.073000000e-17
  -1.206000000e-16
  2.478700000e-16
  1.847700000e-17
  1.168500000e-16
  2.406000000e-01 3.653000000e-01 8.993000000e-01
  -8.901000000e-01 4.526000000e-01 5.428000000e-02
  -3.871000000e-01 -8.135000000e-01 4.340000000e-01
 Node:         42
  0.1187E+03  0.1212E+03  0.5204E+03 -0.7355E-04
   0.0
  -5.551E-17
  -1.11E-16
   0.0
   5.551E-17
   1.11E-16
  1.256000000e-16
  1.887000000e-17
  -1.444000000e-16
  2.355300000e-16
  2.333300000e-20
  1.110300000e-16
  1.113000000e-01 -2.517000000e-01 -9.614000000e-01
  9.295000000e-01 -3.159000000e-01 1.903000000e-01
  -3.516000000e-01 -9.148000000e-01 1.988000000e-01
 Node:         43
  0.1258E+03  0.1217E+03  0.4915E+03 -0.7355E-04
   2.22E-16
   1.11E-16
   1.11E-16
  -1.388E-17
   0.0
  -5.551E-17
  2.911000000e-16
  4.294000000e-17
  -5.645000000e-17
  3.100400000e-16
  9.253000000e-17
  1.461600000e-16
  -8.507000000e-01 -5.246000000e-01 3.406000000e-02
  -5.213000000e-01 8.502000000e-01 7.348000000e-02
  6.751000000e-02 -4.475000000e-02 9.967000000e-01
 Node:         44
  0.1259E+03  0.1220E+03  0.5059E+03 -0.7355E-04
  -2.22E-16
   1.388E-16
  -2.22E-16
   9.714E-17
   1.11E-16
  -1.11E-16
  5.081000000e-17
  -2.445000000e-16
  -3.614000000e-16
  3.679600000e-16
  -1.850300000e-16
  1.734600000e-16
  -5.113000000e-01 -5.340000000e-01 -6.733000000e-01
  -5.198000000e-01 -4.318000000e-01 7.372000000e-01
  -6.844000000e-01 7.269000000e-01 -5.679000000e-02
 Node:         45
  0.1261E+03  0.1221E+03  0.5198E+03 -0.7355E-04
  -5.551E-17
  -8.327E-17
  -2.776E-16
   2.776E-17
  -6.939E-18
   1.11E-16
  1.167000000e-16
  -3.339000000e-17
  -3.053000000e-16
  3.705000000e-16
  -7.399700000e-17
  1.746600000e-16
  1.854000000e-01 -5.643000000e-02 9.810000000e-01
  9.302000000e-01 -3.117000000e-01 -1.938000000e-01
  -3.167000000e-01 -9.485000000e-01 5.308000000e-03
 Node:         46
  0.1117E+03  0.1296E+03  0.4959E+03  0.0000E+00
  -5.551E-17
   2.776E-17
  -1.665E-16
   6.939E-18
  -2.602E-17
   0.0
  4.101000000e-18
  -4.897000000e-17
  -1.772000000e-16
  1.614500000e-16
  -7.402300000e-17
  7.610600000e-17
  4.856000000e-02 -1.429000000e-01 9.886000000e-01
  9.724000000e-01 2.327000000e-01 -1.414000000e-02
  -2.280000000e-01 9.620000000e-01 1.502000000e-01
 Node:         47
  0.1107E+03  0.1269E+03  0.5087E+03  0.0000E+00
  -1.665E-16
  -3.123E-17
   1.11E-16
  -2.776E-17
   3.99E-17
   0.0
  1.289000000e-16
  -1.114000000e-17
  -1.732000000e-16
  2.618600000e-16
  -1.848000000e-17
  1.234400000e-16
  -1.292000000e-01 9.390000000e-01 3.186000000e-01
  -1.008000000e-01 -3.321000000e-01 9.379000000e-01
  -9.865000000e-01 -8.906000000e-02 -1.376000000e-01
 Node:         48
  0.1125E+03  0.1242E+03  0.5208E+03  0.0000E+00
   1.11E-16
   3.469E-18
   1.11E-16
   0.0
  -1.735E-18
   1.11E-16
  1.149000000e-16
  1.110000000e-16
  1.071000000e-16
  6.755000000e-18
  1.110000000e-16
  3.184300000e-18
  -6.325000000e-01 -7.071000000e-01 3.162000000e-01
  4.472000000e-01 -4.455000000e-15 8.944000000e-01
  -6.325000000e-01 7.071000000e-01 3.162000000e-01
 Node:         49
  0.1186E+03  0.1311E+03  0.4938E+03  0.0000E+00
  -1.665E-16
  -2.082E-17
   0.0
  -4.163E-17
  -6.072E-18
  -5.551E-17
  2.581000000e-18
  -4.165000000e-17
  -1.830000000e-16
  1.678900000e-16
  -7.402300000e-17
  7.914600000e-17
  1.174000000e-01 -9.929000000e-01 1.965000000e-02
  -3.135000000e-01 -1.827000000e-02 9.494000000e-01
  -9.423000000e-01 -1.176000000e-01 -3.134000000e-01
 Node:         50
  0.1180E+03  0.1298E+03  0.5075E+03  0.0000E+00
   0.0
  -1.301E-17
   3.331E-16
  -4.163E-17
   1.247E-17
   2.22E-16
  3.354000000e-16
  2.276000000e-16
  -7.879000000e-18
  3.040700000e-16
  1.850400000e-16
  1.433400000e-16
  5.441000000e-02 -9.902000000e-01 -1.289000000e-01
  -1.707000000e-01 -1.364000000e-01 9.758000000e-01
  9.838000000e-01 3.109000000e-02 1.765000000e-01
 Node:         51
  0.1192E+03  0.1275E+03  0.5206E+03  0.0000E+00
   0.0
  -3.469E-18
  -5.551E-17
   0.0
   1.475E-17
   1.11E-16
  1.123000000e-16
  2.087000000e-19
  -5.702000000e-17
  1.491800000e-16
  1.849600000e-17
  7.032400000e-17
  -2.705000000e-03 8.758000000e-02 9.962000000e-01
  9.982000000e-01 -6.004000000e-02 7.989000000e-03
  -6.051000000e-02 -9.943000000e-01 8.725000000e-02
 Node:         52
  0.1262E+03  0.1305E+03  0.4920E+03  0.0000E+00
   1.11E-16
  -1.388E-17
   1.11E-16
   1.301E-18
   4.906E-18
   0.0
  1.250000000e-16
  9.734000000e-17
  -2.497000000e-19
  1.139700000e-16
  7.403000000e-17
  5.372400000e-17
  -7.047000000e-01 7.092000000e-01 2.051000000e-02
  7.093000000e-01 7.034000000e-01 4.493000000e-02
  -1.744000000e-02 -4.621000000e-02 9.988000000e-01
 Node:         53
  0.1258E+03  0.1304E+03  0.5063E+03  0.0000E+00
  -1.665E-16
  -1.735E-18
  -1.11E-16
   2.776E-17
   3.383E-17
  -2.22E-16
  -1.010000000e-16
  -1.572000000e-16
  -2.414000000e-16
  1.223900000e-16
  -1.665300000e-16
  5.769700000e-17
  9.684000000e-02 9.526000000e-01 2.883000000e-01
  -9.346000000e-01 1.866000000e-01 -3.027000000e-01
  -3.422000000e-01 -2.402000000e-01 9.084000000e-01
 Node:         54
  0.1265E+03  0.1288E+03  0.5200E+03  0.0000E+00
  -2.22E-16
   2.082E-17
   1.11E-16
   0.0
  -4.337E-18
   1.11E-16
  1.160000000e-16
  1.073000000e-16
  -2.233000000e-16
  3.350300000e-16
  0.000000000e+00
  1.579400000e-16
  -4.656000000e-02 -7.562000000e-01 6.527000000e-01
  -4.117000000e-02 -6.514000000e-01 -7.576000000e-01
  -9.981000000e-01 6.215000000e-02 8.061000000e-04
 Node:         55
  0.1382E+03  0.1167E+03  0.4532E+03  0.4410E-02
  -0.01878
  -0.008338
   0.02205
  -5.036E-4
   0.01276
  -0.001226
  2.898000000e-02
  -6.270000000e-03
  -2.066000000e-02
  4.423700000e-02
  6.833300000e-04
  2.085300000e-02
  1.626000000e-01 -9.079000000e-01 -3.864000000e-01
  1.988000000e-01 -3.534000000e-01 9.141000000e-01
  -9.665000000e-01 -2.255000000e-01 1.230000000e-01
 Node:         56
  0.1314E+03  0.1156E+03  0.4686E+03  0.4410E-02
  -0.01658
  -0.003892
   0.01293
   0.002586
   0.003589
  -0.005637
  1.397000000e-02
  -5.405000000e-03
  -1.786000000e-02
  2.778200000e-02
  -3.098300000e-03
  1.309700000e-02
  1.109000000e-01 -9.801000000e-01 -1.648000000e-01
  2.664000000e-01 -1.304000000e-01 9.550000000e-01
  9.575000000e-01 1.498000000e-01 -2.466000000e-01
 Node:         57
  0.1285E+03  0.1140E+03  0.4823E+03  0.4410E-02
  -0.003097
   8.363E-4
   7.546E-4
   9.83E-4
  -6.255E-4
  -8.955E-4
  1.031000000e-03
  -5.696000000e-04
  -3.700000000e-03
  4.168000000e-03
  -1.079500000e-03
  1.964800000e-03
  -1.370000000e-01 -9.606000000e-01 2.419000000e-01
  4.052000000e-01 1.685000000e-01 8.986000000e-01
  -9.039000000e-01 2.211000000e-01 3.662000000e-01
 Node:         58
  0.1481E+03  0.1176E+03  0.4535E+03  0.4410E-02
  -0.02007
  -0.01525
   0.03918
  -0.002681
   0.009485
  -0.02325
  4.431000000e-02
  -2.363000000e-02
  -2.482000000e-02
  6.854300000e-02
  -1.380000000e-03
  3.231100000e-02
  2.338000000e-01 -9.615000000e-01 -1.443000000e-01
  9.057000000e-01 2.693000000e-01 -3.273000000e-01
  3.535000000e-01 -5.416000000e-02 9.338000000e-01
 Node:         59
  0.1417E+03  0.1165E+03  0.4694E+03  0.4410E-02
  -0.01078
  -0.01582
   0.02963
  -0.005077
   0.00881
  -0.01112
  3.715000000e-02
  -1.228000000e-02
  -1.714000000e-02
  5.203100000e-02
  2.576700000e-03
  2.452700000e-02
  3.263000000e-01 -9.232000000e-01 -2.028000000e-01
  -3.462000000e-01 -3.164000000e-01 8.832000000e-01
  8.796000000e-01 2.180000000e-01 4.228000000e-01
 Node:         60
  0.1375E+03  0.1150E+03  0.4832E+03  0.4410E-02
   4.906E-4
  -0.004694
   0.006199
  -0.001743
   0.00198
  -1.747E-5
  9.537000000e-03
  -5.400000000e-04
  -2.325000000e-03
  1.107800000e-02
  2.224000000e-03
  5.222200000e-03
  4.837000000e-01 -8.353000000e-01 -2.613000000e-01
  -1.489000000e-01 -3.728000000e-01 9.159000000e-01
  8.625000000e-01 4.041000000e-01 3.047000000e-01
 Node:         61
  0.1551E+03  0.1218E+03  0.4537E+03  0.4410E-02
   1.829E-4
  -0.01354
   0.0144
  -0.006176
   0.006507
  -0.03818
  2.382000000e-02
  -7.891000000e-03
  -3.953000000e-02
  5.486300000e-02
  -7.867000000e-03
  2.586300000e-02
  -5.195000000e-01 8.429000000e-01 1.402000000e-01
  8.455000000e-01 5.308000000e-01 -5.839000000e-02
  1.236000000e-01 -8.822000000e-02 9.884000000e-01
 Node:         62
  0.1491E+03  0.1201E+03  0.4700E+03  0.4410E-02
   0.01556
  -0.02681
   0.02376
  -0.009856
   0.009742
  -0.01796
  4.961000000e-02
  -7.371000000e-03
  -2.088000000e-02
  6.480000000e-02
  7.119700000e-03
  3.054700000e-02
  -6.413000000e-01 7.407000000e-01 2.003000000e-01
  7.428000000e-01 6.647000000e-01 -7.984000000e-02
  -1.923000000e-01 9.761000000e-02 -9.765000000e-01
 Node:         63
  0.1436E+03  0.1181E+03  0.4838E+03  0.4410E-02
   0.006804
  -0.01022
   0.01117
  -0.00221
   0.003645
  -0.00138
  2.026000000e-02
  -1.159000000e-03
  -2.508000000e-03
  2.212400000e-02
  5.531000000e-03
  1.043000000e-02
  -6.133000000e-01 7.662000000e-01 1.917000000e-01
  7.442000000e-01 4.794000000e-01 4.652000000e-01
  -2.645000000e-01 -4.280000000e-01 8.642000000e-01
 Node:         64
  0.1412E+03  0.1253E+03  0.4526E+03  0.4410E-02
  -0.02488
  -0.001064
   0.03002
  -0.004954
   0.003866
  -0.01266
  3.041000000e-02
  -1.129000000e-02
  -2.664000000e-02
  5.113300000e-02
  -2.506700000e-03
  2.410400000e-02
  2.744000000e-02 -9.953000000e-01 -9.251000000e-02
  -3.341000000e-01 -9.635000000e-02 9.376000000e-01
  9.421000000e-01 -5.177000000e-03 3.352000000e-01
 Node:         65
  0.1340E+03  0.1229E+03  0.4684E+03  0.4410E-02
  -0.01055
  -0.007371
   0.02378
  -0.003822
   0.002297
  -0.008252
  2.557000000e-02
  -6.578000000e-03
  -1.401000000e-02
  3.643700000e-02
  1.660700000e-03
  1.717700000e-02
  -2.082000000e-01 9.740000000e-01 8.968000000e-02
  -4.844000000e-01 -1.823000000e-01 8.556000000e-01
  8.497000000e-01 1.347000000e-01 5.098000000e-01
 Node:         66
  0.1299E+03  0.1214E+03  0.4825E+03  0.4410E-02
   0.001323
  -0.002766
   0.004978
  -2.708E-4
   2.63E-4
  -8.079E-4
  6.484000000e-03
  -1.453000000e-04
  -8.447000000e-04
  7.005200000e-03
  1.831300000e-03
  3.302300000e-03
  -4.739000000e-01 8.792000000e-01 4.931000000e-02
  8.644000000e-01 4.751000000e-01 -1.647000000e-01
  1.682000000e-01 3.540000000e-02 9.851000000e-01
 Node:         67
  0.1498E+03  0.1242E+03  0.4531E+03  0.4410E-02
  -0.02117
  -0.01037
   0.0269
  -0.004353
   0.003257
  -0.02155
  2.937000000e-02
  -1.893000000e-02
  -2.626000000e-02
  5.235100000e-02
  -5.273300000e-03
  2.467900000e-02
  -2.069000000e-01 9.751000000e-01 8.006000000e-02
  6.074000000e-01 1.922000000e-01 -7.708000000e-01
  -7.670000000e-01 -1.109000000e-01 -6.320000000e-01
 Node:         68
  0.1431E+03  0.1223E+03  0.4691E+03  0.4410E-02
  -6.639E-4
  -0.01994
   0.02658
  -0.009193
   0.005814
  -0.01194
  3.887000000e-02
  -6.984000000e-03
  -1.792000000e-02
  5.218900000e-02
  4.655300000e-03
  2.460200000e-02
  4.764000000e-01 -8.596000000e-01 -1.845000000e-01
  -6.317000000e-01 -4.807000000e-01 6.082000000e-01
  6.115000000e-01 1.732000000e-01 7.720000000e-01
 Node:         69
  0.1379E+03  0.1205E+03  0.4831E+03  0.4410E-02
   0.004999
  -0.007046
   0.007678
  -0.002994
   0.002463
  -2.081E-4
  1.450000000e-02
  -2.803000000e-04
  -1.749000000e-03
  1.556700000e-02
  4.156900000e-03
  7.338200000e-03
  -6.265000000e-01 7.379000000e-01 2.511000000e-01
  5.030000000e-01 6.288000000e-01 -5.930000000e-01
  -5.955000000e-01 -2.452000000e-01 -7.651000000e-01
 Node:         70
  0.1554E+03  0.1239E+03  0.4536E+03  0.4410E-02
  -0.01337
  -0.01291
   0.006017
  -0.01185
   0.008619
  -0.0131
  1.811000000e-02
  -1.303000000e-02
  -2.553000000e-02
  3.892600000e-02
  -6.816700000e-03
  1.835000000e-02
  -4.722000000e-01 7.872000000e-01 3.967000000e-01
  -4.409000000e-01 -6.006000000e-01 6.670000000e-01
  -7.633000000e-01 -1.401000000e-01 -6.307000000e-01
 Node:         71
  0.1492E+03  0.1220E+03  0.4699E+03  0.4410E-02
   0.0127
  -0.02336
   0.0174
  -0.0214
   0.01314
  -0.004293
  4.950000000e-02
  -4.628000000e-03
  -1.906000000e-02
  6.260400000e-02
  8.604000000e-03
  2.951200000e-02
  -6.471000000e-01 6.403000000e-01 4.138000000e-01
  4.599000000e-01 7.608000000e-01 -4.580000000e-01
  -6.081000000e-01 -1.061000000e-01 -7.868000000e-01
 Node:         72
  0.1435E+03  0.1199E+03  0.4838E+03  0.4410E-02
   0.01001
  -0.009464
   0.006597
  -0.006783
   0.004102
   0.001421
  2.105000000e-02
  -3.818000000e-04
  -2.649000000e-03
  2.265100000e-02
  6.006400000e-03
  1.067800000e-02
  -7.249000000e-01 5.800000000e-01 3.716000000e-01
  -2.955000000e-01 -7.492000000e-01 5.928000000e-01
  6.222000000e-01 3.199000000e-01 7.145000000e-01
 Node:         73
  0.1443E+03  0.1339E+03  0.4523E+03  0.0000E+00
   0.01609
  -0.003232
  -0.02286
  -2.978E-4
  -1.162E-4
   0.01436
  1.640000000e-02
  1.432000000e-02
  -2.313000000e-02
  3.853200000e-02
  2.530000000e-03
  1.816400000e-02
  9.869000000e-01 -8.083000000e-02 -1.395000000e-01
  1.388000000e-01 -1.516000000e-02 9.902000000e-01
  8.215000000e-02 9.966000000e-01 3.743000000e-03
 Node:         74
  0.1366E+03  0.1304E+03  0.4683E+03  0.0000E+00
   0.03196
   0.002333
  -0.009019
   0.001958
  -5.581E-4
   0.01289
  3.228000000e-02
  1.272000000e-02
  -9.172000000e-03
  3.591700000e-02
  1.194300000e-02
  1.693200000e-02
  -9.936000000e-01 -5.479000000e-02 -9.880000000e-02
  -9.692000000e-02 -3.593000000e-02 9.946000000e-01
  -5.805000000e-02 9.979000000e-01 3.039000000e-02
 Node:         75
  0.1313E+03  0.1288E+03  0.4826E+03  0.0000E+00
   0.01279
   9.301E-4
  -6.539E-4
  -4.765E-4
  -2.696E-4
   0.00112
  1.288000000e-02
  1.129000000e-03
  -7.481000000e-04
  1.279300000e-02
  4.420300000e-03
  6.030800000e-03
  -9.967000000e-01 -6.934000000e-02 4.198000000e-02
  5.033000000e-02 -1.236000000e-01 9.911000000e-01
  -6.353000000e-02 9.899000000e-01 1.267000000e-01
 Node:         76
  0.1515E+03  0.1309E+03  0.4528E+03  0.0000E+00
   0.01432
  -0.005489
  -0.02886
  -0.002605
   0.005184
   0.01928
  2.138000000e-02
  1.339000000e-02
  -3.002000000e-02
  4.790700000e-02
  1.583300000e-03
  2.258400000e-02
  -4.368000000e-01 1.394000000e-01 8.887000000e-01
  8.920000000e-01 -6.093000000e-02 4.480000000e-01
  1.166000000e-01 9.884000000e-01 -9.776000000e-02
 Node:         77
  0.1445E+03  0.1281E+03  0.4690E+03  0.0000E+00
   0.04204
   0.004872
  -0.01215
   4.389E-4
   0.004685
   0.0111
  4.250000000e-02
  1.195000000e-02
  -1.345000000e-02
  4.852200000e-02
  1.366700000e-02
  2.287400000e-02
  -9.955000000e-01 -9.111000000e-02 -2.752000000e-02
  -4.382000000e-02 1.821000000e-01 9.823000000e-01
  -8.449000000e-02 9.790000000e-01 -1.853000000e-01
 Node:         78
  0.1384E+03  0.1261E+03  0.4829E+03  0.0000E+00
   0.01786
   0.0035
  -3.283E-4
  -1.165E-4
   3.012E-4
   7.18E-4
  1.851000000e-02
  7.753000000e-04
  -1.036000000e-03
  1.870600000e-02
  6.083100000e-03
  8.818200000e-03
  -9.832000000e-01 -1.826000000e-01 3.349000000e-03
  -2.929000000e-02 1.757000000e-01 9.840000000e-01
  -1.803000000e-01 9.674000000e-01 -1.781000000e-01
 Node:         79
  0.1556E+03  0.1259E+03  0.4535E+03  0.0000E+00
   0.0111
   0.007797
  -0.01405
  -0.002388
   9.667E-4
  -0.05051
  1.339000000e-02
  -1.620000000e-02
  -5.065000000e-02
  5.551300000e-02
  -1.782000000e-02
  2.616900000e-02
  9.617000000e-01 2.722000000e-01 -3.183000000e-02
  -2.706000000e-01 9.616000000e-01 4.593000000e-02
  4.310000000e-02 -3.556000000e-02 9.984000000e-01
 Node:         80
  0.1494E+03  0.1239E+03  0.4698E+03  0.0000E+00
   0.04803
   0.01054
  -0.01001
   0.004237
   8.13E-4
  -0.03864
  5.009000000e-02
  -1.186000000e-02
  -3.885000000e-02
  7.898300000e-02
  -2.066700000e-04
  3.723300000e-02
  -9.837000000e-01 -1.732000000e-01 -4.855000000e-02
  -1.735000000e-01 9.848000000e-01 2.445000000e-03
  -4.739000000e-02 -1.083000000e-02 9.988000000e-01
 Node:         81
  0.1433E+03  0.1217E+03  0.4837E+03  0.0000E+00
   0.02049
   0.00436
  -9.304E-4
   0.00306
   8.743E-4
  -0.003845
  2.174000000e-02
  -1.755000000e-03
  -4.267000000e-03
  2.484600000e-02
  5.239300000e-03
  1.171300000e-02
  -9.737000000e-01 -1.920000000e-01 -1.230000000e-01
  -2.053000000e-01 9.729000000e-01 1.064000000e-01
  -9.925000000e-02 -1.289000000e-01 9.867000000e-01
 Node:         82
  0.1267E+03  0.1148E+03  0.4562E+03 -0.8080E-03
  -9.793E-4
  -0.006204
   0.004394
  -6.654E-5
   0.004832
  -0.00146
  9.979000000e-03
  -1.338000000e-03
  -6.686000000e-03
  1.473800000e-02
  6.516700000e-04
  6.947400000e-03
  -4.636000000e-01 8.152000000e-01 3.471000000e-01
  6.303000000e-01 2.816000000e-02 7.758000000e-01
  -6.227000000e-01 -5.785000000e-01 5.269000000e-01
 Node:         83
  0.1234E+03  0.1129E+03  0.4719E+03 -0.8080E-03
  -0.007832
  -0.002712
   0.001237
   0.006116
   0.002549
  -0.00595
  2.154000000e-03
  -7.122000000e-04
  -1.399000000e-02
  1.491900000e-02
  -4.182700000e-03
  7.032800000e-03
  -1.423000000e-01 9.699000000e-01 1.976000000e-01
  -6.626000000e-01 5.493000000e-02 -7.470000000e-01
  -7.353000000e-01 -2.373000000e-01 6.348000000e-01
 Node:         84
  0.1187E+03  0.1123E+03  0.4849E+03 -0.8080E-03
  -0.001202
  -2.324E-5
   3.505E-5
   0.002614
  -1.114E-4
  -0.004984
  1.717000000e-04
  -1.354000000e-06
  -6.321000000e-03
  6.407900000e-03
  -2.050200000e-03
  3.020700000e-03
  7.849000000e-01 -4.663000000e-01 4.081000000e-01
  4.210000000e-01 8.845000000e-01 2.011000000e-01
  4.547000000e-01 -1.395000000e-02 -8.905000000e-01
 Node:         85
  0.1302E+03  0.1161E+03  0.4550E+03 -0.8080E-03
  -0.002416
  -0.006508
   0.006169
   5.05E-4
   0.007164
  -4.979E-4
  1.265000000e-02
  -9.743000000e-04
  -8.424000000e-03
  1.851000000e-02
  1.083900000e-03
  8.725700000e-03
  -3.438000000e-01 8.301000000e-01 4.390000000e-01
  6.870000000e-01 -9.633000000e-02 7.202000000e-01
  -6.402000000e-01 -5.492000000e-01 5.372000000e-01
 Node:         86
  0.1252E+03  0.1138E+03  0.4703E+03 -0.8080E-03
  -0.01171
   0.001399
   0.0223
   0.01032
   0.00934
  -0.004135
  2.584000000e-02
  -1.268000000e-05
  -1.937000000e-02
  3.928700000e-02
  2.152400000e-03
  1.852000000e-02
  -1.267000000e-01 -9.338000000e-01 -3.346000000e-01
  5.984000000e-01 -3.410000000e-01 7.250000000e-01
  7.911000000e-01 1.084000000e-01 -6.020000000e-01
 Node:         87
  0.1217E+03  0.1126E+03  0.4834E+03 -0.8080E-03
  -0.001978
  -9.938E-5
   4.529E-4
   0.003033
  -5.27E-4
  -0.004155
  7.303000000e-04
  -1.005000000e-04
  -6.310000000e-03
  6.663900000e-03
  -1.893400000e-03
  3.141400000e-03
  -4.293000000e-01 8.300000000e-01 -3.561000000e-01
  6.991000000e-01 5.550000000e-01 4.509000000e-01
  5.718000000e-01 -5.538000000e-02 -8.185000000e-01
 Node:         88
  0.1338E+03  0.1169E+03  0.4534E+03 -0.8080E-03
  -0.01355
  -0.008643
   0.006924
   4.155E-4
   0.01171
   0.008874
  2.060000000e-02
  -7.666000000e-04
  -1.758000000e-02
  3.314300000e-02
  7.511300000e-04
  1.562400000e-02
  -1.688000000e-01 7.004000000e-01 6.935000000e-01
  -4.188000000e-01 5.859000000e-01 -6.938000000e-01
  -8.922000000e-01 -4.076000000e-01 1.944000000e-01
 Node:         89
  0.1270E+03  0.1150E+03  0.4686E+03 -0.8080E-03
  -0.01354
  -0.002214
   0.00389
   0.004163
   0.00337
  -0.001536
  5.506000000e-03
  -1.333000000e-03
  -1.536000000e-02
  1.842400000e-02
  -3.729000000e-03
  8.685400000e-03
  -1.208000000e-02 9.047000000e-01 4.259000000e-01
  -3.598000000e-01 3.934000000e-01 -8.460000000e-01
  -9.330000000e-01 -1.634000000e-01 3.207000000e-01
 Node:         90
  0.1248E+03  0.1132E+03  0.4822E+03 -0.8080E-03
  -0.003065
   0.001417
  -5.724E-4
   0.001456
  -8.112E-4
  -9.632E-4
  1.213000000e-04
  -2.329000000e-04
  -4.489000000e-03
  4.443800000e-03
  -1.533500000e-03
  2.094800000e-03
  -2.404000000e-01 -9.041000000e-01 3.534000000e-01
  5.215000000e-01 1.868000000e-01 8.325000000e-01
  -8.187000000e-01 3.844000000e-01 4.266000000e-01
 Node:         91
  0.1259E+03  0.1261E+03  0.4548E+03 -0.8080E-03
  -0.02095
  -0.001285
   0.02462
  -0.004323
   0.008539
  -0.003291
  2.715000000e-02
  -4.805000000e-03
  -2.196000000e-02
  4.316900000e-02
  1.283300000e-04
  2.035000000e-02
  5.048000000e-02 -9.597000000e-01 -2.764000000e-01
  -2.274000000e-01 -2.805000000e-01 9.325000000e-01
  -9.725000000e-01 1.577000000e-02 -2.324000000e-01
 Node:         92
  0.1209E+03  0.1233E+03  0.4725E+03 -0.8080E-03
  -0.009783
  -0.004247
   0.009038
  -0.002687
   0.005973
   0.003739
  1.398000000e-02
  -1.452000000e-04
  -1.085000000e-02
  2.157100000e-02
  9.949300000e-04
  1.016900000e-02
  2.069000000e-01 -8.207000000e-01 -5.326000000e-01
  5.494000000e-03 -5.434000000e-01 8.394000000e-01
  -9.784000000e-01 -1.766000000e-01 -1.079000000e-01
 Node:         93
  0.1159E+03  0.1217E+03  0.4877E+03 -0.8080E-03
  -5.477E-5
  -5.465E-4
   3.604E-4
  -5.587E-4
   7.095E-4
   5.795E-4
  1.564000000e-03
  -2.372000000e-04
  -4.415000000e-04
  1.911600000e-03
  2.951000000e-04
  9.011200000e-04
  -4.343000000e-01 5.956000000e-01 6.757000000e-01
  -2.037000000e-01 6.658000000e-01 -7.178000000e-01
  8.774000000e-01 4.494000000e-01 1.678000000e-01
 Node:         94
  0.1313E+03  0.1263E+03  0.4539E+03 -0.8080E-03
  -0.02577
  -0.001524
   0.02782
  -0.006678
   0.007039
   2.124E-4
  2.968000000e-02
  -3.280000000e-05
  -2.738000000e-02
  4.943000000e-02
  7.557300000e-04
  2.330100000e-02
  5.600000000e-02 -9.682000000e-01 -2.440000000e-01
  -2.293000000e-01 -2.503000000e-01 9.406000000e-01
  -9.717000000e-01 3.266000000e-03 -2.360000000e-01
 Node:         95
  0.1250E+03  0.1235E+03  0.4706E+03 -0.8080E-03
  -0.01149
  -0.004592
   0.01385
  -0.004286
   0.004313
   0.003682
  1.664000000e-02
  2.460000000e-03
  -1.306000000e-02
