 Group name: actual_strain_L1A3
 #Fields=  17
 1) coordinates, coordinate, rectangular cartesian, #Components=3
   x.  Value index= 1, #Derivatives=0
   y.  Value index= 2, #Derivatives=0
   z.  Value index= 3, #Derivatives=0
 2) dummy, field, rectangular cartesian, #Components=1
   Tensor_1.  Value index= 4, #Derivatives=0
 3) Tensor_1, field, rectangular cartesian, #Components=1
   Tensor_1.  Value index= 5, #Derivatives=0
 4) Tensor_2, field, rectangular cartesian, #Components=1
   Tensor_2.  Value index= 6, #Derivatives=0
 5) Tensor_3, field, rectangular cartesian, #Components=1
   Tensor_3.  Value index= 7, #Derivatives=0
 6) Tensor_4, field, rectangular cartesian, #Components=1
   Tensor_4.  Value index= 8, #Derivatives=0
 7) Tensor_5, field, rectangular cartesian, #Components=1
   Tensor_5.  Value index= 9, #Derivatives=0
 8) Tensor_6, field, rectangular cartesian, #Components=1
   Tensor_6.  Value index= 10, #Derivatives=0
 9) Principal_1, field, rectangular cartesian, #Components=1
   Principal_1.  Value index= 11, #Derivatives=0
 10) Principal_2, field, rectangular cartesian, #Components=1
   Principal_2.  Value index= 12, #Derivatives=0
 11) Principal_3, field, rectangular cartesian, #Components=1
   Principal_3.  Value index= 13, #Derivatives=0
 12) VonMises, field, rectangular cartesian, #Components=1
   VonMises.  Value index= 14, #Derivatives=0
 13) Hydrostatic, field, rectangular cartesian, #Components=1
   VonMises.  Value index= 15, #Derivatives=0
 14) Octahedral, field, rectangular cartesian, #Components=1
   VonMises.  Value index= 16, #Derivatives=0
 15) PrincipalVector1, field, rectangular cartesian, #Components=3
   x.  Value index= 17, #Derivatives=0
   y.  Value index= 18, #Derivatives=0
   z.  Value index= 19, #Derivatives=0
 16) PrincipalVector2, field, rectangular cartesian, #Components=3
   x.  Value index= 20, #Derivatives=0
   y.  Value index= 21, #Derivatives=0
   z.  Value index= 22, #Derivatives=0
 17) PrincipalVector3, field, rectangular cartesian, #Components=3
   x.  Value index= 23, #Derivatives=0
   y.  Value index= 24, #Derivatives=0
   z.  Value index= 25, #Derivatives=0
 Node:          1
  0.1287E+03  0.1133E+03  0.4908E+03  0.1179E-04
  -1.11E-16
  -8.327E-17
  -2.22E-16
  -2.776E-17
  -4.163E-17
  -3.331E-16
  -6.637000000e-17
  -2.400000000e-16
  -3.598000000e-16
  2.555400000e-16
  -2.220600000e-16
  1.204600000e-16
  8.837000000e-01 -4.676000000e-01 -1.897000000e-02
  4.046000000e-01 7.837000000e-01 -4.712000000e-01
  2.352000000e-01 4.088000000e-01 8.818000000e-01
 Node:          2
  0.1292E+03  0.1137E+03  0.5052E+03  0.1179E-04
  -5.551E-17
  -1.11E-16
  -1.665E-16
  -5.551E-17
   1.943E-16
  -2.776E-16
  8.603000000e-17
  -1.600000000e-16
  -4.256000000e-16
  4.431900000e-16
  -1.665200000e-16
  2.089200000e-16
  -6.554000000e-01 6.199000000e-01 4.313000000e-01
  7.522000000e-01 4.849000000e-01 4.462000000e-01
  -6.744000000e-02 -6.169000000e-01 7.841000000e-01
 Node:          3
  0.1289E+03  0.1155E+03  0.5194E+03  0.1179E-04
   2.22E-16
   1.388E-16
   3.331E-16
   1.11E-16
   5.551E-17
   2.22E-16
  4.753000000e-16
  2.118000000e-16
  9.006000000e-17
  3.410700000e-16
  2.590500000e-16
  1.607800000e-16
  -5.696000000e-01 -7.144000000e-01 -4.063000000e-01
  2.395000000e-01 -6.172000000e-01 7.494000000e-01
  -7.862000000e-01 3.296000000e-01 5.227000000e-01
 Node:          4
  0.1361E+03  0.1141E+03  0.4915E+03  0.1179E-04
   0.0
  -2.776E-17
  -1.11E-16
  -2.776E-17
  -8.327E-17
   2.22E-16
  2.435000000e-16
  6.328000000e-18
  -1.388000000e-16
  3.342600000e-16
  3.700900000e-17
  1.575700000e-16
  -8.549000000e-02 -2.215000000e-01 9.714000000e-01
  9.681000000e-01 -2.491000000e-01 2.840000000e-02
  2.357000000e-01 9.428000000e-01 2.357000000e-01
 Node:          5
  0.1341E+03  0.1144E+03  0.5054E+03  0.1179E-04
   3.331E-16
   1.388E-16
   3.331E-16
   5.551E-17
  -6.939E-17
   4.441E-16
  4.814000000e-16
  4.627000000e-16
  1.662000000e-16
  3.062800000e-16
  3.701000000e-16
  1.443800000e-16
  -3.480000000e-01 -6.443000000e-01 6.810000000e-01
  -6.589000000e-01 -3.487000000e-01 -6.665000000e-01
  6.669000000e-01 -6.807000000e-01 -3.032000000e-01
 Node:          6
  0.1323E+03  0.1162E+03  0.5191E+03  0.1179E-04
   2.22E-16
   5.551E-17
   2.22E-16
  -5.551E-17
  -2.776E-17
   0.0
  2.897000000e-16
  1.685000000e-16
  -1.402000000e-17
  2.648100000e-16
  1.480600000e-16
  1.248300000e-16
  -7.150000000e-01 -6.696000000e-01 2.012000000e-01
  6.656000000e-01 -7.399000000e-01 -9.741000000e-02
  -2.141000000e-01 -6.426000000e-02 -9.747000000e-01
 Node:          7
  0.1408E+03  0.1171E+03  0.4920E+03  0.1179E-04
   3.331E-16
   2.22E-16
   2.22E-16
  -8.327E-17
  -1.11E-16
   0.0
  5.398000000e-16
  6.158000000e-17
  -4.631000000e-17
  5.403100000e-16
  1.850200000e-16
  2.547000000e-16
  -7.537000000e-01 -6.111000000e-01 2.419000000e-01
  -6.560000000e-01 6.770000000e-01 -3.335000000e-01
  -4.004000000e-02 4.101000000e-01 9.112000000e-01
 Node:          8
  0.1367E+03  0.1169E+03  0.5055E+03  0.1179E-04
   2.22E-16
   1.943E-16
   2.22E-16
  -4.025E-16
  -2.359E-16
  -2.22E-16
  6.547000000e-16
  4.477000000e-17
  -4.775000000e-16
  9.814900000e-16
  7.399000000e-17
  4.626800000e-16
  -6.847000000e-01 -5.611000000e-01 4.652000000e-01
  5.685000000e-01 -8.105000000e-01 -1.409000000e-01
  -4.561000000e-01 -1.681000000e-01 -8.739000000e-01
 Node:          9
  0.1339E+03  0.1180E+03  0.5191E+03  0.1179E-04
   2.22E-16
   1.665E-16
   0.0
  -3.955E-16
  -2.776E-16
   6.661E-16
  1.002000000e-15
  -9.379000000e-18
  -1.046000000e-16
  1.062200000e-15
  2.960100000e-16
  5.007200000e-16
  -4.817000000e-01 -3.073000000e-01 8.207000000e-01
  -8.565000000e-01 -3.292000000e-02 -5.150000000e-01
  -1.853000000e-01 9.510000000e-01 2.474000000e-01
 Node:         10
  0.1294E+03  0.1212E+03  0.4911E+03  0.1179E-04
   0.0
   2.776E-17
   1.11E-16
  -1.388E-17
   1.249E-16
   1.11E-16
  2.363000000e-16
  2.303000000e-17
  -3.732000000e-17
  2.489900000e-16
  7.400300000e-17
  1.173800000e-16
  4.210000000e-02 7.100000000e-01 7.030000000e-01
  -7.813000000e-01 -4.152000000e-01 4.661000000e-01
  -6.228000000e-01 5.688000000e-01 -5.372000000e-01
 Node:         11
  0.1295E+03  0.1214E+03  0.5055E+03  0.1179E-04
  -2.22E-16
  -2.776E-17
  -2.22E-16
  -4.163E-17
   1.388E-17
  -1.665E-16
  -1.365000000e-16
  -2.183000000e-16
  -2.558000000e-16
  1.056600000e-16
  -2.035300000e-16
  4.981100000e-17
  -4.935000000e-01 2.929000000e-01 8.189000000e-01
  3.541000000e-01 -7.924000000e-01 4.968000000e-01
  -7.944000000e-01 -5.351000000e-01 -2.873000000e-01
 Node:         12
  0.1295E+03  0.1217E+03  0.5196E+03  0.1179E-04
   1.11E-16
   0.0
   1.11E-16
   7.633E-17
   2.776E-17
   2.22E-16
  2.649000000e-16
  1.110000000e-16
  6.816000000e-17
  1.792000000e-16
  1.480200000e-16
  8.447700000e-17
  -4.387000000e-01 -1.595000000e-01 -8.844000000e-01
  3.417000000e-01 -9.398000000e-01 -2.255000000e-17
  8.311000000e-01 3.022000000e-01 -4.668000000e-01
 Node:         13
  0.1361E+03  0.1199E+03  0.4914E+03  0.1179E-04
   1.11E-16
  -1.388E-16
   0.0
  -9.714E-17
   2.776E-17
  -1.665E-16
  2.285000000e-16
  -8.520000000e-17
  -1.988000000e-16
  3.833400000e-16
  -1.850000000e-17
  1.807100000e-16
  8.171000000e-01 -5.252000000e-01 -2.378000000e-01
  4.648000000e-01 8.442000000e-01 -2.671000000e-01
  3.410000000e-01 1.077000000e-01 9.339000000e-01
 Node:         14
  0.1342E+03  0.1198E+03  0.5054E+03  0.1179E-04
  -5.551E-17
   2.776E-17
   0.0
   5.551E-17
  -9.021E-17
   1.11E-16
  1.672000000e-16
  -4.940000000e-18
  -1.068000000e-16
  2.398800000e-16
  1.848700000e-17
  1.130800000e-16
  1.634000000e-01 -4.472000000e-01 8.794000000e-01
  -6.569000000e-01 -7.144000000e-01 -2.412000000e-01
  -7.361000000e-01 5.382000000e-01 4.105000000e-01
 Node:         15
  0.1330E+03  0.1205E+03  0.5193E+03  0.1179E-04
   2.22E-16
  -8.327E-17
  -5.551E-17
   1.388E-17
   4.857E-17
   0.0
  2.451000000e-16
  2.471000000e-17
  -1.033000000e-16
  3.052400000e-16
  5.550300000e-17
  1.438900000e-16
  -9.638000000e-01 2.667000000e-01 -1.723000000e-03
  1.157000000e-01 4.239000000e-01 8.983000000e-01
  2.403000000e-01 8.656000000e-01 -4.394000000e-01
 Node:         16
  0.1404E+03  0.1188E+03  0.4918E+03  0.1179E-04
   2.22E-16
   5.551E-17
   2.22E-16
  -8.327E-17
  -1.457E-16
   4.441E-16
  5.466000000e-16
  1.950000000e-16
  1.465000000e-16
  3.781900000e-16
  2.960300000e-16
  1.782800000e-16
  -2.927000000e-01 -4.328000000e-01 8.526000000e-01
  -9.222000000e-01 -1.077000000e-01 -3.713000000e-01
  -2.526000000e-01 8.950000000e-01 3.676000000e-01
 Node:         17
  0.1365E+03  0.1184E+03  0.5055E+03  0.1179E-04
  -1.11E-16
   2.776E-17
  -1.11E-16
   9.714E-17
   1.7E-16
   0.0
  1.573000000e-16
  -1.341000000e-16
  -2.452000000e-16
  3.600400000e-16
  -7.400000000e-17
  1.697300000e-16
  3.368000000e-01 5.285000000e-01 7.792000000e-01
  8.927000000e-01 -4.425000000e-01 -8.566000000e-02
  -2.996000000e-01 -7.244000000e-01 6.209000000e-01
 Node:         18
  0.1341E+03  0.1191E+03  0.5192E+03  0.1179E-04
   0.0
   0.0
   0.0
   2.645E-17
   1.065E-16
   4.441E-16
  4.697000000e-16
  -1.672000000e-33
  -2.562000000e-17
  4.830200000e-16
  1.480300000e-16
  2.277000000e-16
  -5.484000000e-02 -2.207000000e-01 -9.738000000e-01
  9.705000000e-01 -2.411000000e-01 -6.210000000e-17
  -2.348000000e-01 -9.451000000e-01 2.274000000e-01
 Node:         19
  0.1301E+03  0.1291E+03  0.4914E+03  0.0000E+00
   1.11E-16
   0.0
   1.11E-16
   2.101E-19
   1.001E-17
  -2.22E-16
  1.113000000e-16
  1.110000000e-16
  -2.223000000e-16
  3.334500000e-16
  0.000000000e+00
  1.571900000e-16
  -2.096000000e-02 -9.993000000e-01 -3.003000000e-02
  9.998000000e-01 -2.097000000e-02 1.345000000e-19
  6.298000000e-04 3.003000000e-02 -9.995000000e-01
 Node:         20
  0.1299E+03  0.1291E+03  0.5058E+03  0.0000E+00
   2.22E-16
   0.0
   0.0
   1.041E-17
   1.924E-17
  -5.551E-17
  2.224000000e-16
  5.975000000e-18
  -6.188000000e-17
  2.571600000e-16
  5.549800000e-17
  1.212200000e-16
  -9.993000000e-01 -3.257000000e-03 -3.765000000e-02
  1.428000000e-02 -9.549000000e-01 -2.965000000e-01
  -3.498000000e-02 -2.968000000e-01 9.543000000e-01
 Node:         21
  0.1301E+03  0.1280E+03  0.5197E+03  0.0000E+00
   1.11E-16
   0.0
   0.0
   4.163E-17
   1.475E-17
   1.11E-16
  1.534000000e-16
  7.089000000e-17
  -2.220000000e-18
  1.348500000e-16
  7.402300000e-17
  6.357000000e-17
  -6.994000000e-01 -6.840000000e-02 -7.114000000e-01
  -7.126000000e-01 1.429000000e-01 6.869000000e-01
  -5.465000000e-02 -9.874000000e-01 1.487000000e-01
 Node:         22
  0.1360E+03  0.1256E+03  0.4913E+03  0.0000E+00
  -2.22E-16
   1.388E-17
  -1.11E-16
  -1.388E-17
   1.006E-16
   1.11E-16
  1.500000000e-16
  -1.456000000e-16
  -2.264000000e-16
  3.432100000e-16
  -7.400000000e-17
  1.617900000e-16
  -2.144000000e-02 3.586000000e-01 9.332000000e-01
  2.280000000e-01 9.106000000e-01 -3.447000000e-01
  -9.734000000e-01 2.054000000e-01 -1.013000000e-01
 Node:         23
  0.1343E+03  0.1253E+03  0.5054E+03  0.0000E+00
   0.0
   2.082E-17
  -4.441E-16
   0.0
   1.314E-16
  -1.665E-16
  1.265000000e-18
  -1.147000000e-16
  -4.972000000e-16
  4.517900000e-16
  -2.035400000e-16
  2.129700000e-16
  9.970000000e-01 6.061000000e-02 4.746000000e-02
  6.644000000e-02 -3.661000000e-01 -9.282000000e-01
  3.888000000e-02 -9.286000000e-01 3.690000000e-01
 Node:         24
  0.1336E+03  0.1248E+03  0.5194E+03  0.0000E+00
  -2.22E-16
   1.214E-17
   0.0
   1.388E-17
   8.674E-19
  -1.665E-16
  6.779000000e-19
  -1.633000000e-16
  -2.259000000e-16
  2.026600000e-16
  -1.295100000e-16
  9.553700000e-17
  -5.504000000e-02 -9.984000000e-01 -9.747000000e-03
  2.257000000e-01 -2.195000000e-02 9.740000000e-01
  -9.726000000e-01 5.141000000e-02 2.265000000e-01
 Node:         25
  0.1400E+03  0.1206E+03  0.4917E+03  0.0000E+00
   0.0
   2.671E-16
  -1.11E-16
  -8.327E-17
  -1.301E-16
   2.22E-16
  3.681000000e-16
  7.580000000e-17
  -3.329000000e-16
  6.098700000e-16
  3.700000000e-17
  2.874900000e-16
  5.089000000e-01 4.781000000e-01 -7.159000000e-01
  6.086000000e-01 3.883000000e-01 6.920000000e-01
  6.088000000e-01 -7.878000000e-01 -9.334000000e-02
 Node:         26
  0.1363E+03  0.1200E+03  0.5055E+03  0.0000E+00
   2.22E-16
   1.076E-16
  -6.106E-16
   2.776E-17
  -1.124E-15
  -5.551E-17
  8.281000000e-16
  2.248000000e-16
  -1.497000000e-15
  2.089800000e-15
  -1.480300000e-16
  9.851500000e-16
  7.371000000e-02 6.174000000e-01 -7.832000000e-01
  9.955000000e-01 1.018000000e-03 9.449000000e-02
  -5.914000000e-02 7.866000000e-01 6.146000000e-01
 Node:         27
  0.1343E+03  0.1203E+03  0.5192E+03  0.0000E+00
   2.22E-16
  -1.943E-16
   2.22E-16
  -1.041E-16
   1.313E-15
   0.0
  1.466000000e-15
  1.875000000e-16
  -1.209000000e-15
  2.317400000e-15
  1.481700000e-16
  1.092400000e-15
  -1.693000000e-01 7.280000000e-01 6.643000000e-01
  9.848000000e-01 9.849000000e-02 1.431000000e-01
  3.876000000e-02 6.785000000e-01 -7.336000000e-01
 Node:         28
  0.1155E+03  0.1124E+03  0.4931E+03  0.6966E-04
  -2.22E-16
   3.816E-17
   2.22E-16
  -5.551E-17
   5.551E-17
   1.11E-16
  2.455000000e-16
  1.014000000e-16
  -2.359000000e-16
  4.279500000e-16
  3.700000000e-17
  2.017400000e-16
  3.184000000e-02 9.284000000e-01 3.701000000e-01
  1.988000000e-01 3.571000000e-01 -9.127000000e-01
  9.795000000e-01 -1.026000000e-01 1.732000000e-01
 Node:         29
  0.1119E+03  0.1139E+03  0.5068E+03  0.6966E-04
  -2.22E-16
  -2.082E-17
   0.0
   5.551E-17
   6.939E-18
  -3.331E-16
  1.944000000e-18
  -2.004000000e-16
  -3.566000000e-16
  3.113600000e-16
  -1.850200000e-16
  1.467800000e-16
  -9.118000000e-02 9.958000000e-01 5.517000000e-03
  -9.179000000e-01 -8.189000000e-02 -3.884000000e-01
  -3.863000000e-01 -4.048000000e-02 9.215000000e-01
 Node:         30
  0.1113E+03  0.1159E+03  0.5206E+03  0.6966E-04
   2.22E-16
   1.249E-16
   2.22E-16
   0.0
  -2.776E-17
   1.11E-16
  3.486000000e-16
  1.238000000e-16
  8.277000000e-17
  2.478800000e-16
  1.850600000e-16
  1.168500000e-16
  -7.001000000e-01 -7.092000000e-01 8.287000000e-02
  -4.685000000e-01 3.686000000e-01 -8.029000000e-01
  -5.389000000e-01 6.009000000e-01 5.903000000e-01
 Node:         31
  0.1203E+03  0.1126E+03  0.4920E+03  0.6966E-04
  -5.551E-17
   9.714E-17
  -1.11E-16
   2.776E-17
   4.163E-17
  -5.551E-17
  4.114000000e-17
  -7.661000000e-17
  -1.866000000e-16
  1.972700000e-16
  -7.402300000e-17
  9.299200000e-17
  -6.956000000e-01 -5.654000000e-01 -4.433000000e-01
  4.358000000e-01 1.585000000e-01 -8.860000000e-01
  5.712000000e-01 -8.095000000e-01 1.362000000e-01
 Node:         32
  0.1188E+03  0.1134E+03  0.5062E+03  0.6966E-04
   2.22E-16
  -1.388E-17
  -1.11E-16
  -2.776E-17
   9.714E-17
  -5.551E-17
  2.266000000e-16
  1.331000000e-17
  -1.844000000e-16
  3.560200000e-16
  1.850300000e-17
  1.678300000e-16
  -9.894000000e-01 7.624000000e-02 1.236000000e-01
  1.445000000e-01 5.992000000e-01 7.875000000e-01
  1.402000000e-02 -7.970000000e-01 6.038000000e-01
 Node:         33
  0.1183E+03  0.1150E+03  0.5201E+03  0.6966E-04
   1.11E-16
   5.551E-17
   0.0
   8.327E-17
   0.0
   0.0
  1.700000000e-16
  0.000000000e+00
  -5.893000000e-17
  2.058900000e-16
  3.702300000e-17
  9.705800000e-17
  -8.617000000e-01 -2.815000000e-01 -4.222000000e-01
  0.000000000e+00 -8.321000000e-01 5.547000000e-01
  -5.074000000e-01 4.780000000e-01 7.170000000e-01
 Node:         34
  0.1255E+03  0.1129E+03  0.4909E+03  0.6966E-04
   0.0
   0.0
   0.0
   5.551E-17
   9.714E-17
   0.0
  1.119000000e-16
  3.387000000e-33
  -1.119000000e-16
  1.938200000e-16
  0.000000000e+00
  9.136600000e-17
  -3.508000000e-01 -6.139000000e-01 -7.071000000e-01
  8.682000000e-01 -4.961000000e-01 -4.855000000e-17
  -3.508000000e-01 -6.139000000e-01 7.071000000e-01
 Node:         35
  0.1260E+03  0.1135E+03  0.5054E+03  0.6966E-04
   0.0
   1.11E-16
  -1.11E-16
   1.11E-16
   2.498E-16
  -1.11E-16
  2.410000000e-16
  -1.023000000e-16
  -3.608000000e-16
  5.229000000e-16
  -7.403300000e-17
  2.465000000e-16
  5.458000000e-01 5.925000000e-01 5.925000000e-01
  8.379000000e-01 -3.859000000e-01 -3.859000000e-01
  -4.975000000e-17 -7.071000000e-01 7.071000000e-01
 Node:         36
  0.1257E+03  0.1153E+03  0.5196E+03  0.6966E-04
   0.0
  -5.551E-17
   0.0
  -5.551E-17
   8.327E-17
   0.0
  1.305000000e-16
  -4.723000000e-17
  -8.327000000e-17
  1.982200000e-16
  0.000000000e+00
  9.344300000e-17
  -5.155000000e-01 6.059000000e-01 6.059000000e-01
  8.569000000e-01 3.645000000e-01 3.645000000e-01
  -1.256000000e-16 7.071000000e-01 -7.071000000e-01
 Node:         37
  0.1132E+03  0.1210E+03  0.4959E+03  0.6966E-04
  -2.22E-16
   1.388E-16
  -2.22E-16
  -8.327E-17
   1.804E-16
  -2.776E-16
  -4.482000000e-17
  -1.622000000e-16
  -5.146000000e-16
  4.234700000e-16
  -2.405400000e-16
  1.996300000e-16
  3.971000000e-01 7.887000000e-01 4.693000000e-01
  -7.874000000e-01 3.010000000e-02 6.157000000e-01
  4.715000000e-01 -6.140000000e-01 6.330000000e-01
 Node:         38
  0.1111E+03  0.1204E+03  0.5085E+03  0.6966E-04
  -1.665E-16
   9.714E-17
   0.0
  -2.776E-17
  -8.327E-17
  -2.22E-16
  7.071000000e-17
  -2.091000000e-16
  -2.502000000e-16
  3.024600000e-16
  -1.295300000e-16
  1.425800000e-16
  -3.916000000e-01 -8.746000000e-01 2.859000000e-01
  9.154000000e-01 -3.389000000e-01 2.170000000e-01
  9.287000000e-02 -3.467000000e-01 -9.334000000e-01
 Node:         39
  0.1119E+03  0.1201E+03  0.5207E+03  0.6966E-04
  -5.551E-17
  -9.714E-17
  -3.331E-16
  -8.327E-17
  -7.633E-17
  -1.11E-16
  8.934000000e-18
  -1.105000000e-16
  -3.981000000e-16
  3.623900000e-16
  -1.665600000e-16
  1.708300000e-16
  8.510000000e-01 -1.281000000e-01 -5.092000000e-01
  4.076000000e-01 -4.503000000e-01 7.944000000e-01
  -3.311000000e-01 -8.836000000e-01 -3.310000000e-01
 Node:         40
  0.1191E+03  0.1220E+03  0.4937E+03  0.6966E-04
   0.0
   8.327E-17
  -2.22E-16
   8.327E-17
  -1.388E-17
  -2.22E-16
  4.872000000e-17
  -2.082000000e-16
  -2.846000000e-16
  3.024500000e-16
  -1.480300000e-16
  1.425700000e-16
  -9.240000000e-01 -2.703000000e-01 -2.703000000e-01
  0.000000000e+00 -7.071000000e-01 7.071000000e-01
  3.823000000e-01 -6.534000000e-01 -6.534000000e-01
 Node:         41
  0.1182E+03  0.1217E+03  0.5073E+03  0.6966E-04
   0.0
  -2.776E-17
  -5.551E-17
   5.551E-17
   9.714E-17
   1.11E-16
  1.653000000e-16
  1.073000000e-17
  -1.206000000e-16
  2.478700000e-16
  1.847700000e-17
  1.168500000e-16
  2.406000000e-01 3.653000000e-01 8.993000000e-01
  -8.901000000e-01 4.526000000e-01 5.428000000e-02
  -3.871000000e-01 -8.135000000e-01 4.340000000e-01
 Node:         42
  0.1187E+03  0.1212E+03  0.5204E+03  0.6966E-04
   0.0
  -5.551E-17
  -1.11E-16
   0.0
   5.551E-17
   1.11E-16
  1.256000000e-16
  1.887000000e-17
  -1.444000000e-16
  2.355300000e-16
  2.333300000e-20
  1.110300000e-16
  1.113000000e-01 -2.517000000e-01 -9.614000000e-01
  9.295000000e-01 -3.159000000e-01 1.903000000e-01
  -3.516000000e-01 -9.148000000e-01 1.988000000e-01
 Node:         43
  0.1258E+03  0.1217E+03  0.4915E+03  0.6966E-04
   2.22E-16
   1.11E-16
   1.11E-16
  -1.388E-17
   0.0
  -5.551E-17
  2.911000000e-16
  4.294000000e-17
  -5.645000000e-17
  3.100400000e-16
  9.253000000e-17
  1.461600000e-16
  -8.507000000e-01 -5.246000000e-01 3.406000000e-02
  -5.213000000e-01 8.502000000e-01 7.348000000e-02
  6.751000000e-02 -4.475000000e-02 9.967000000e-01
 Node:         44
  0.1259E+03  0.1220E+03  0.5059E+03  0.6966E-04
  -2.22E-16
   1.388E-16
  -2.22E-16
   9.714E-17
   1.11E-16
  -1.11E-16
  5.081000000e-17
  -2.445000000e-16
  -3.614000000e-16
  3.679600000e-16
  -1.850300000e-16
  1.734600000e-16
  -5.113000000e-01 -5.340000000e-01 -6.733000000e-01
  -5.198000000e-01 -4.318000000e-01 7.372000000e-01
  -6.844000000e-01 7.269000000e-01 -5.679000000e-02
 Node:         45
  0.1261E+03  0.1221E+03  0.5198E+03  0.6966E-04
  -5.551E-17
  -8.327E-17
  -2.776E-16
   2.776E-17
  -6.939E-18
   1.11E-16
  1.167000000e-16
  -3.339000000e-17
  -3.053000000e-16
  3.705000000e-16
  -7.399700000e-17
  1.746600000e-16
  1.854000000e-01 -5.643000000e-02 9.810000000e-01
  9.302000000e-01 -3.117000000e-01 -1.938000000e-01
  -3.167000000e-01 -9.485000000e-01 5.308000000e-03
 Node:         46
  0.1117E+03  0.1296E+03  0.4959E+03  0.0000E+00
  -5.551E-17
   2.776E-17
  -1.665E-16
   6.939E-18
  -2.602E-17
   0.0
  4.101000000e-18
  -4.897000000e-17
  -1.772000000e-16
  1.614500000e-16
  -7.402300000e-17
  7.610600000e-17
  4.856000000e-02 -1.429000000e-01 9.886000000e-01
  9.724000000e-01 2.327000000e-01 -1.414000000e-02
  -2.280000000e-01 9.620000000e-01 1.502000000e-01
 Node:         47
  0.1107E+03  0.1269E+03  0.5087E+03  0.0000E+00
  -1.665E-16
  -3.123E-17
   1.11E-16
  -2.776E-17
   3.99E-17
   0.0
  1.289000000e-16
  -1.114000000e-17
  -1.732000000e-16
  2.618600000e-16
  -1.848000000e-17
  1.234400000e-16
  -1.292000000e-01 9.390000000e-01 3.186000000e-01
  -1.008000000e-01 -3.321000000e-01 9.379000000e-01
  -9.865000000e-01 -8.906000000e-02 -1.376000000e-01
 Node:         48
  0.1125E+03  0.1242E+03  0.5208E+03  0.0000E+00
   1.11E-16
   3.469E-18
   1.11E-16
   0.0
  -1.735E-18
   1.11E-16
  1.149000000e-16
  1.110000000e-16
  1.071000000e-16
  6.755000000e-18
  1.110000000e-16
  3.184300000e-18
  -6.325000000e-01 -7.071000000e-01 3.162000000e-01
  4.472000000e-01 -4.455000000e-15 8.944000000e-01
  -6.325000000e-01 7.071000000e-01 3.162000000e-01
 Node:         49
  0.1186E+03  0.1311E+03  0.4938E+03  0.0000E+00
  -1.665E-16
  -2.082E-17
   0.0
  -4.163E-17
  -6.072E-18
  -5.551E-17
  2.581000000e-18
  -4.165000000e-17
  -1.830000000e-16
  1.678900000e-16
  -7.402300000e-17
  7.914600000e-17
  1.174000000e-01 -9.929000000e-01 1.965000000e-02
  -3.135000000e-01 -1.827000000e-02 9.494000000e-01
  -9.423000000e-01 -1.176000000e-01 -3.134000000e-01
 Node:         50
  0.1180E+03  0.1298E+03  0.5075E+03  0.0000E+00
   0.0
  -1.301E-17
   3.331E-16
  -4.163E-17
   1.247E-17
   2.22E-16
  3.354000000e-16
  2.276000000e-16
  -7.879000000e-18
  3.040700000e-16
  1.850400000e-16
  1.433400000e-16
  5.441000000e-02 -9.902000000e-01 -1.289000000e-01
  -1.707000000e-01 -1.364000000e-01 9.758000000e-01
  9.838000000e-01 3.109000000e-02 1.765000000e-01
 Node:         51
  0.1192E+03  0.1275E+03  0.5206E+03  0.0000E+00
   0.0
  -3.469E-18
  -5.551E-17
   0.0
   1.475E-17
   1.11E-16
  1.123000000e-16
  2.087000000e-19
  -5.702000000e-17
  1.491800000e-16
  1.849600000e-17
  7.032400000e-17
  -2.705000000e-03 8.758000000e-02 9.962000000e-01
  9.982000000e-01 -6.004000000e-02 7.989000000e-03
  -6.051000000e-02 -9.943000000e-01 8.725000000e-02
 Node:         52
  0.1262E+03  0.1305E+03  0.4920E+03  0.0000E+00
   1.11E-16
  -1.388E-17
   1.11E-16
   1.301E-18
   4.906E-18
   0.0
  1.250000000e-16
  9.734000000e-17
  -2.497000000e-19
  1.139700000e-16
  7.403000000e-17
  5.372400000e-17
  -7.047000000e-01 7.092000000e-01 2.051000000e-02
  7.093000000e-01 7.034000000e-01 4.493000000e-02
  -1.744000000e-02 -4.621000000e-02 9.988000000e-01
 Node:         53
  0.1258E+03  0.1304E+03  0.5063E+03  0.0000E+00
  -1.665E-16
  -1.735E-18
  -1.11E-16
   2.776E-17
   3.383E-17
  -2.22E-16
  -1.010000000e-16
  -1.572000000e-16
  -2.414000000e-16
  1.223900000e-16
  -1.665300000e-16
  5.769700000e-17
  9.684000000e-02 9.526000000e-01 2.883000000e-01
  -9.346000000e-01 1.866000000e-01 -3.027000000e-01
  -3.422000000e-01 -2.402000000e-01 9.084000000e-01
 Node:         54
  0.1265E+03  0.1288E+03  0.5200E+03  0.0000E+00
  -2.22E-16
   2.082E-17
   1.11E-16
   0.0
  -4.337E-18
   1.11E-16
  1.160000000e-16
  1.073000000e-16
  -2.233000000e-16
  3.350300000e-16
  0.000000000e+00
  1.579400000e-16
  -4.656000000e-02 -7.562000000e-01 6.527000000e-01
  -4.117000000e-02 -6.514000000e-01 -7.576000000e-01
  -9.981000000e-01 6.215000000e-02 8.061000000e-04
 Node:         55
  0.1382E+03  0.1167E+03  0.4536E+03 -0.8612E-03
  -0.02878
  -0.004206
   0.02352
   0.001474
   0.007044
   0.01618
  2.794000000e-02
  1.219000000e-02
  -2.921000000e-02
  5.112800000e-02
  3.640000000e-03
  2.410200000e-02
  -5.053000000e-02 8.595000000e-01 5.086000000e-01
  -8.266000000e-02 5.039000000e-01 -8.598000000e-01
  -9.953000000e-01 -8.548000000e-02 4.559000000e-02
 Node:         56
  0.1314E+03  0.1156E+03  0.4688E+03 -0.8612E-03
  -0.03051
   0.002236
   0.01287
   0.008592
  -2.573E-4
   0.001592
  1.299000000e-02
  3.737000000e-03
  -3.278000000e-02
  4.191700000e-02
  -5.351000000e-03
  1.976000000e-02
  -5.505000000e-02 -9.983000000e-01 -1.897000000e-02
  2.412000000e-01 -3.173000000e-02 9.699000000e-01
  -9.689000000e-01 4.882000000e-02 2.426000000e-01
 Node:         57
  0.1285E+03  0.1140E+03  0.4823E+03 -0.8612E-03
  -0.00728
   0.003615
  -8.888E-4
   0.002785
  -0.001895
  -0.001023
  1.080000000e-03
  -1.489000000e-04
  -1.012000000e-02
  1.063900000e-02
  -3.063000000e-03
  5.015200000e-03
  -2.000000000e-01 -8.448000000e-01 4.963000000e-01
  4.900000000e-01 3.524000000e-01 7.973000000e-01
  -8.485000000e-01 4.027000000e-01 3.435000000e-01
 Node:         58
  0.1482E+03  0.1174E+03  0.4541E+03 -0.8612E-03
  -0.02959
  -0.01217
   0.03955
  -0.002001
   0.005916
   0.005458
  4.266000000e-02
  4.461000000e-03
  -3.170000000e-02
  6.440600000e-02
  5.140300000e-03
  3.036100000e-02
  1.683000000e-01 -9.720000000e-01 -1.637000000e-01
  1.321000000e-03 -1.658000000e-01 9.862000000e-01
  -9.857000000e-01 -1.662000000e-01 -2.663000000e-02
 Node:         59
  0.1418E+03  0.1164E+03  0.4698E+03 -0.8612E-03
  -0.02951
  -0.008589
   0.02893
   0.004955
   0.001617
  -0.004501
  3.019000000e-02
  -3.555000000e-03
  -3.171000000e-02
  5.368000000e-02
  -1.691700000e-03
  2.530500000e-02
  -1.402000000e-01 9.898000000e-01 2.612000000e-02
  1.873000000e-01 6.243000000e-04 9.823000000e-01
  -9.722000000e-01 -1.426000000e-01 1.855000000e-01
 Node:         60
  0.1375E+03  0.1150E+03  0.4833E+03 -0.8612E-03
  -0.006634
  -5.503E-4
   0.003844
   0.003154
  -0.001134
  -0.001968
  4.192000000e-03
  -7.255000000e-04
  -8.225000000e-03
  1.083100000e-02
  -1.586200000e-03
  5.105600000e-03
  -1.184000000e-01 9.640000000e-01 -2.380000000e-01
  -4.346000000e-01 -2.658000000e-01 -8.605000000e-01
  -8.928000000e-01 1.600000000e-03 4.504000000e-01
 Node:         61
  0.1553E+03  0.1214E+03  0.4545E+03 -0.8612E-03
  -0.01383
  -0.01135
   0.02052
  -0.01028
   0.01399
  -0.02883
  2.864000000e-02
  -1.555000000e-02
  -3.523000000e-02
  5.665400000e-02
  -7.380000000e-03
  2.670700000e-02
  -3.101000000e-01 9.095000000e-01 2.768000000e-01
  8.806000000e-01 3.845000000e-01 -2.771000000e-01
  3.584000000e-01 -1.579000000e-01 9.201000000e-01
 Node:         62
  0.1492E+03  0.1199E+03  0.4704E+03 -0.8612E-03
  -0.004021
  -0.01483
   0.02158
  -7.316E-4
   0.005898
  -0.02983
  2.891000000e-02
  -1.065000000e-02
  -3.054000000e-02
  5.241600000e-02
  -4.093300000e-03
  2.470900000e-02
  -4.103000000e-01 9.069000000e-01 9.615000000e-02
  9.110000000e-01 4.028000000e-01 8.907000000e-02
  -4.205000000e-02 -1.241000000e-01 9.914000000e-01
 Node:         63
  0.1436E+03  0.1181E+03  0.4839E+03 -0.8612E-03
   0.002316
  -0.003732
   0.004077
   0.001757
  -0.001697
  -0.005754
  7.475000000e-03
  -6.198000000e-04
  -6.215000000e-03
  1.192200000e-02
  2.134000000e-04
  5.619900000e-03
  -6.161000000e-01 7.668000000e-01 -1.802000000e-01
  7.720000000e-01 6.332000000e-01 5.486000000e-02
  1.562000000e-01 -1.053000000e-01 -9.821000000e-01
 Node:         64
  0.1414E+03  0.1253E+03  0.4531E+03 -0.8612E-03
  -0.01715
   0.006054
   0.02016
  -0.005462
   0.003846
  -0.002976
  2.149000000e-02
  -1.234000000e-03
  -2.022000000e-02
  3.617000000e-02
  1.200000000e-05
  1.705100000e-02
  1.365000000e-01 9.829000000e-01 1.240000000e-01
  3.474000000e-01 6.978000000e-02 -9.351000000e-01
  -9.277000000e-01 1.707000000e-01 -3.319000000e-01
 Node:         65
  0.1341E+03  0.1229E+03  0.4686E+03 -0.8612E-03
  -0.016
   0.003187
   0.01807
  -0.001025
   0.001323
  -0.002417
  1.843000000e-02
  -2.395000000e-03
  -1.639000000e-02
  3.034800000e-02
  -1.183300000e-04
  1.430600000e-02
  -9.027000000e-02 -9.942000000e-01 -5.864000000e-02
  -8.690000000e-02 -5.079000000e-02 9.949000000e-01
  -9.921000000e-01 9.491000000e-02 -8.181000000e-02
 Node:         66
  0.1299E+03  0.1214E+03  0.4825E+03 -0.8612E-03
  -0.002439
   4.992E-4
   0.002733
   0.001228
  -8.882E-4
  -7.895E-4
  2.952000000e-03
  -2.282000000e-04
  -3.220000000e-03
  5.345900000e-03
  -1.654000000e-04
  2.520100000e-03
  -4.058000000e-02 -9.751000000e-01 2.181000000e-01
  5.075000000e-01 1.679000000e-01 8.451000000e-01
  8.607000000e-01 -1.450000000e-01 -4.880000000e-01
 Node:         67
  0.1500E+03  0.1241E+03  0.4537E+03 -0.8612E-03
  -0.01851
  -0.006273
   0.01755
  -0.004631
   0.0023
   0.004497
  1.926000000e-02
  4.565000000e-03
  -2.028000000e-02
  3.461700000e-02
  1.181700000e-03
  1.631800000e-02
  -1.850000000e-01 9.605000000e-01 2.077000000e-01
  -1.300000000e-01 -2.334000000e-01 9.637000000e-01
  -9.741000000e-01 -1.513000000e-01 -1.680000000e-01
 Node:         68
  0.1432E+03  0.1222E+03  0.4695E+03 -0.8612E-03
  -0.01594
  -0.01072
   0.0192
  -0.001757
   0.002905
   0.002026
  2.273000000e-02
  1.548000000e-03
  -1.899000000e-02
  3.613200000e-02
  1.762700000e-03
  1.703300000e-02
  2.705000000e-01 -9.500000000e-01 -1.563000000e-01
  3.129000000e-04 -1.622000000e-01 9.868000000e-01
  -9.627000000e-01 -2.670000000e-01 -4.358000000e-02
 Node:         69
  0.1380E+03  0.1205E+03  0.4831E+03 -0.8612E-03
  -0.002192
  -0.002986
   0.005166
   6.876E-4
   3.643E-4
  -2.97E-4
  6.227000000e-03
  -1.104000000e-04
  -3.440000000e-03
  8.505900000e-03
  8.922000000e-04
  4.009700000e-03
  -3.329000000e-01 9.428000000e-01 1.755000000e-02
  2.301000000e-01 6.318000000e-02 9.711000000e-01
  9.144000000e-01 3.273000000e-01 -2.380000000e-01
 Node:         70
  0.1556E+03  0.1235E+03  0.4544E+03 -0.8612E-03
  -0.01436
  -0.007588
  -0.001766
  -0.009148
   0.006343
   0.02245
  2.685000000e-02
  -1.752000000e-03
  -1.878000000e-02
  3.993800000e-02
  2.106000000e-03
  1.882700000e-02
  -2.562000000e-01 2.735000000e-01 9.271000000e-01
  2.887000000e-01 -8.937000000e-01 3.434000000e-01
  9.225000000e-01 3.556000000e-01 1.500000000e-01
 Node:         71
  0.1494E+03  0.1219E+03  0.4704E+03 -0.8612E-03
  -0.009807
  -0.01642
   0.01074
  -0.008078
   0.008592
   0.008013
  2.684000000e-02
  1.357000000e-03
  -1.926000000e-02
  3.999800000e-02
  2.979000000e-03
  1.885500000e-02
  -4.419000000e-01 7.293000000e-01 5.224000000e-01
  1.473000000e-01 -5.155000000e-01 8.442000000e-01
  8.849000000e-01 4.500000000e-01 1.204000000e-01
 Node:         72
  0.1435E+03  0.1199E+03  0.4838E+03 -0.8612E-03
  -6.202E-4
  -0.005669
   0.00465
  -7.37E-4
   0.001593
   2.534E-4
  8.628000000e-03
  -9.497000000e-05
  -4.250000000e-03
  1.138400000e-02
  1.427700000e-03
  5.366500000e-03
  -5.234000000e-01 8.274000000e-01 2.034000000e-01
  1.562000000e-01 -1.416000000e-01 9.775000000e-01
  8.376000000e-01 5.434000000e-01 -5.512000000e-02
 Node:         73
  0.1445E+03  0.1339E+03  0.4530E+03  0.0000E+00
   0.004866
  -0.003991
  -0.0156
   0.002404
  -0.0023
   0.0148
  1.567000000e-02
  4.848000000e-03
  -1.646000000e-02
  2.831500000e-02
  1.352700000e-03
  1.334800000e-02
  2.520000000e-01 -1.029000000e-01 9.622000000e-01
  -9.514000000e-01 1.558000000e-01 2.658000000e-01
  -1.772000000e-01 -9.824000000e-01 -5.866000000e-02
 Node:         74
  0.1367E+03  0.1304E+03  0.4686E+03  0.0000E+00
   0.01278
  -0.006194
  -0.009109
   1.965E-4
  -0.004268
   0.007969
  1.468000000e-02
  8.552000000e-03
  -1.159000000e-02
  2.380500000e-02
  3.880700000e-03
  1.122200000e-02
  9.373000000e-01 -2.810000000e-01 2.061000000e-01
  -2.531000000e-01 -1.425000000e-01 9.569000000e-01
  -2.395000000e-01 -9.491000000e-01 -2.047000000e-01
 Node:         75
  0.1313E+03  0.1288E+03  0.4827E+03  0.0000E+00
   0.003839
  -0.002601
  -0.001513
  -0.001622
  -8.531E-4
   3.513E-4
  5.199000000e-03
  6.354000000e-04
  -3.156000000e-03
  7.245900000e-03
  8.928000000e-04
  3.415800000e-03
  -9.133000000e-01 3.223000000e-01 2.489000000e-01
  8.235000000e-02 -4.524000000e-01 8.880000000e-01
  3.988000000e-01 8.316000000e-01 3.866000000e-01
 Node:         76
  0.1517E+03  0.1308E+03  0.4535E+03  0.0000E+00
   0.005889
  -0.005241
  -0.023
   1.594E-4
   0.005749
   0.02406
  2.476000000e-02
  6.772000000e-03
  -2.458000000e-02
  4.324900000e-02
  2.317300000e-03
  2.038800000e-02
  -2.557000000e-02 1.222000000e-01 9.922000000e-01
  9.853000000e-01 -1.647000000e-01 4.567000000e-02
  1.690000000e-01 9.787000000e-01 -1.162000000e-01
 Node:         77
  0.1446E+03  0.1280E+03  0.4693E+03  0.0000E+00
   0.01963
  -0.002612
  -0.01261
  -0.002125
   0.003894
   0.00951
  2.041000000e-02
  9.552000000e-03
  -1.342000000e-02
  2.991700000e-02
  5.514000000e-03
  1.410300000e-02
  -9.687000000e-01 1.033000000e-01 2.258000000e-01
  2.389000000e-01 1.407000000e-01 9.608000000e-01
  -6.746000000e-02 -9.847000000e-01 1.610000000e-01
 Node:         78
  0.1384E+03  0.1261E+03  0.4830E+03  0.0000E+00
   0.008004
  -4.302E-4
  -0.001244
  -0.001705
  -3.222E-4
   1.11E-4
  8.370000000e-03
  -1.015000000e-04
  -1.397000000e-03
  9.188000000e-03
  2.290500000e-03
  4.331300000e-03
  -9.790000000e-01 3.708000000e-02 2.006000000e-01
  1.777000000e-01 -3.285000000e-01 9.276000000e-01
  -1.003000000e-01 -9.438000000e-01 -3.150000000e-01
 Node:         79
  0.1558E+03  0.1256E+03  0.4542E+03  0.0000E+00
   0.007279
   0.01118
   0.01987
   0.005298
   1.989E-4
  -0.05547
  2.651000000e-02
  1.095000000e-03
  -5.592000000e-02
  7.311400000e-02
  -9.438300000e-03
  3.446600000e-02
  5.096000000e-01 8.597000000e-01 3.502000000e-02
  -8.562000000e-01 5.107000000e-01 -7.840000000e-02
  -8.529000000e-02 9.967000000e-03 9.963000000e-01
 Node:         80
  0.1495E+03  0.1238E+03  0.4703E+03  0.0000E+00
   0.02111
   0.00965
   0.01059
   8.58E-5
  -0.001576
  -0.04695
  2.684000000e-02
  4.895000000e-03
  -4.700000000e-02
  6.567700000e-02
  -5.088300000e-03
  3.096100000e-02
  8.595000000e-01 5.111000000e-01 -9.913000000e-03
  -5.112000000e-01 8.590000000e-01 -2.695000000e-02
  -5.259000000e-03 2.823000000e-02 9.996000000e-01
 Node:         81
  0.1433E+03  0.1217E+03  0.4837E+03  0.0000E+00
   0.008834
   0.001764
   7.342E-4
  -0.001674
  -4.053E-4
  -0.006598
  9.387000000e-03
  3.672000000e-04
  -6.784000000e-03
  1.403600000e-02
  9.900700000e-04
  6.616500000e-03
  -9.732000000e-01 -2.034000000e-01 1.071000000e-01
  -2.054000000e-01 9.787000000e-01 -7.584000000e-03
  1.032000000e-01 2.937000000e-02 9.942000000e-01
 Node:         82
  0.1267E+03  0.1149E+03  0.4565E+03 -0.1080E-01
  -0.0104
  -8.388E-4
   0.008035
   0.002421
   0.006097
   0.00205
  1.185000000e-02
  -1.082000000e-03
  -1.109000000e-02
  1.992000000e-02
  -1.073300000e-04
  9.390500000e-03
  2.607000000e-02 8.459000000e-01 5.327000000e-01
  -2.581000000e-01 5.205000000e-01 -8.139000000e-01
  9.658000000e-01 1.163000000e-01 -2.319000000e-01
 Node:         83
  0.1234E+03  0.1129E+03  0.4721E+03 -0.1080E-01
  -0.01275
   0.001632
   0.003941
   0.01215
   0.002605
  -0.008461
  6.079000000e-03
  -3.997000000e-04
  -2.295000000e-02
  2.639300000e-02
  -5.756900000e-03
  1.244200000e-02
  3.595000000e-01 8.191000000e-01 4.471000000e-01
  -5.348000000e-01 5.735000000e-01 -6.206000000e-01
  -7.647000000e-01 -1.601000000e-02 6.442000000e-01
 Node:         84
  0.1187E+03  0.1123E+03  0.4849E+03 -0.1080E-01
  -0.001789
   4.301E-4
   2.887E-4
   0.0045
  -1.953E-4
  -0.007953
  7.642000000e-04
  1.209000000e-04
  -1.034000000e-02
  1.079700000e-02
  -3.151600000e-03
  5.089700000e-03
  -7.583000000e-01 -5.300000000e-01 -3.796000000e-01
  4.550000000e-01 -8.473000000e-01 2.741000000e-01
  4.668000000e-01 -3.513000000e-02 -8.836000000e-01
 Node:         85
  0.1302E+03  0.1161E+03  0.4554E+03 -0.1080E-01
  -0.01269
  -3.605E-4
   0.009794
   0.003049
   0.009177
   0.006123
  1.741000000e-02
  -8.422000000e-04
  -1.334000000e-02
  2.678500000e-02
  1.075900000e-03
  1.262700000e-02
  5.553000000e-02 7.673000000e-01 6.389000000e-01
  -2.107000000e-01 6.345000000e-01 -7.437000000e-01
  -9.760000000e-01 -9.332000000e-02 1.969000000e-01
 Node:         86
  0.1252E+03  0.1138E+03  0.4704E+03 -0.1080E-01
  -0.008832
   0.006976
   0.01673
   0.02313
   0.009756
  -0.003968
  2.873000000e-02
  4.904000000e-03
  -2.970000000e-02
  5.088800000e-02
  1.311300000e-03
  2.398900000e-02
  -4.620000000e-01 -7.055000000e-01 -5.374000000e-01
  4.926000000e-01 -7.080000000e-01 5.060000000e-01
  7.375000000e-01 3.097000000e-02 -6.747000000e-01
 Node:         87
  0.1217E+03  0.1126E+03  0.4834E+03 -0.1080E-01
  -0.003538
   2.637E-4
   6.974E-4
   0.005841
  -9.277E-4
  -0.007352
  1.063000000e-03
  3.995000000e-04
  -1.166000000e-02
  1.240500000e-02
  -3.399200000e-03
  5.847600000e-03
  -5.128000000e-01 7.388000000e-01 -4.373000000e-01
  6.293000000e-01 6.699000000e-01 3.940000000e-01
  5.840000000e-01 -7.317000000e-02 -8.084000000e-01
 Node:         88
  0.1338E+03  0.1169E+03  0.4538E+03 -0.1080E-01
  -0.02069
  -0.002811
   0.007826
   0.002825
   0.01151
   0.01358
  2.257000000e-02
  -3.952000000e-04
  -2.146000000e-02
  3.814300000e-02
  2.382700000e-04
  1.798100000e-02
  1.166000000e-02 6.139000000e-01 7.893000000e-01
  -1.912000000e-01 7.761000000e-01 -6.009000000e-01
  9.815000000e-01 1.439000000e-01 -1.264000000e-01
 Node:         89
  0.1270E+03  0.1150E+03  0.4688E+03 -0.1080E-01
  -0.0247
   0.003518
   0.00472
   0.01061
   0.003122
  -0.00234
  7.821000000e-03
  -1.074000000e-03
  -2.907000000e-02
  3.334500000e-02
  -7.441000000e-03
  1.571900000e-02
  2.576000000e-01 8.149000000e-01 5.193000000e-01
  -2.619000000e-01 5.762000000e-01 -7.742000000e-01
  -9.301000000e-01 6.340000000e-02 3.618000000e-01
 Node:         90
  0.1248E+03  0.1132E+03  0.4822E+03 -0.1080E-01
  -0.006228
   0.003581
  -0.001628
   0.003169
  -0.001743
  -0.001826
  3.278000000e-04
  -1.901000000e-04
  -9.820000000e-03
  9.899000000e-03
  -3.227400000e-03
  4.666400000e-03
  4.727000000e-01 8.810000000e-01 -1.751000000e-02
  3.708000000e-01 -1.809000000e-01 9.109000000e-01
  -7.994000000e-01 4.371000000e-01 4.122000000e-01
 Node:         91
  0.1259E+03  0.1263E+03  0.4552E+03 -0.1080E-01
  -0.01107
   0.009337
   0.01752
  -9.012E-4
   0.009267
   9.865E-4
  2.364000000e-02
  -1.443000000e-03
  -1.475000000e-02
  3.376400000e-02
  2.482300000e-03
  1.591700000e-02
  -2.336000000e-01 -9.031000000e-01 -3.602000000e-01
  -3.453000000e-01 -2.693000000e-01 8.990000000e-01
  -9.089000000e-01 3.344000000e-01 -2.490000000e-01
 Node:         92
  0.1209E+03  0.1234E+03  0.4727E+03 -0.1080E-01
  -0.01489
   0.002827
   0.01114
   0.003202
   0.006797
   0.0052
  1.613000000e-02
  8.271000000e-04
  -1.552000000e-02
  2.741500000e-02
  4.790300000e-04
  1.292300000e-02
  -1.319000000e-01 -8.240000000e-01 -5.510000000e-01
  6.689000000e-02 -5.620000000e-01 8.245000000e-01
  -9.890000000e-01 7.192000000e-02 1.293000000e-01
 Node:         93
  0.1159E+03  0.1217E+03  0.4877E+03 -0.1080E-01
  -0.002466
  -7.241E-4
   9.783E-4
   0.002498
   0.002098
  -0.001404
  2.314000000e-03
  -1.085000000e-04
  -5.097000000e-03
  6.545100000e-03
  -9.638300000e-04
  3.085400000e-03
  1.772000000e-01 8.014000000e-01 5.713000000e-01
  -6.934000000e-01 5.136000000e-01 -5.054000000e-01
  -6.984000000e-01 -3.066000000e-01 6.467000000e-01
 Node:         94
  0.1314E+03  0.1265E+03  0.4543E+03 -0.1080E-01
  -0.01334
   0.0089
   0.01926
  -0.004996
   0.008621
   0.007966
  2.478000000e-02
  6.722000000e-03
  -1.761000000e-02
  3.684500000e-02
  4.630700000e-03
  1.736900000e-02
  1.552000000e-01 8.970000000e-01 4.139000000e-01
  3.656000000e-01 3.371000000e-01 -8.676000000e-01
  9.177000000e-01 -2.860000000e-01 2.756000000e-01
 Node:         95
  0.1250E+03  0.1236E+03  0.4708E+03 -0.1080E-01
  -0.02114
   0.00164
   0.01243
   0.00217
