 Group name: actual_strain_L3A4
 #Fields=  16
 1) coordinates, coordinate, rectangular cartesian, #Components=3
   x.  Value index= 1, #Derivatives=0
   y.  Value index= 2, #Derivatives=0
   z.  Value index= 3, #Derivatives=0
 2) Tensor_1, field, rectangular cartesian, #Components=1
   Tensor_1.  Value index= 4, #Derivatives=0
 3) Tensor_2, field, rectangular cartesian, #Components=1
   Tensor_2.  Value index= 5, #Derivatives=0
 4) Tensor_3, field, rectangular cartesian, #Components=1
   Tensor_3.  Value index= 6, #Derivatives=0
 5) Tensor_4, field, rectangular cartesian, #Components=1
   Tensor_4.  Value index= 7, #Derivatives=0
 6) Tensor_5, field, rectangular cartesian, #Components=1
   Tensor_5.  Value index= 8, #Derivatives=0
 7) Tensor_6, field, rectangular cartesian, #Components=1
   Tensor_6.  Value index= 9, #Derivatives=0
 8) Principal_1, field, rectangular cartesian, #Components=1
   Principal_1.  Value index= 10, #Derivatives=0
 9) Principal_2, field, rectangular cartesian, #Components=1
   Principal_2.  Value index= 11, #Derivatives=0
 10) Principal_3, field, rectangular cartesian, #Components=1
   Principal_3.  Value index= 12, #Derivatives=0
 11) VonMises, field, rectangular cartesian, #Components=1
   VonMises.  Value index= 13, #Derivatives=0
 12) Hydrostatic, field, rectangular cartesian, #Components=1
   VonMises.  Value index= 14, #Derivatives=0
 13) Octahedral, field, rectangular cartesian, #Components=1
   VonMises.  Value index= 15, #Derivatives=0
 14) PrincipalVector1, field, rectangular cartesian, #Components=3
   x.  Value index= 16, #Derivatives=0
   y.  Value index= 17, #Derivatives=0
   z.  Value index= 18, #Derivatives=0
 15) PrincipalVector2, field, rectangular cartesian, #Components=3
   x.  Value index= 19, #Derivatives=0
   y.  Value index= 20, #Derivatives=0
   z.  Value index= 21, #Derivatives=0
 16) PrincipalVector3, field, rectangular cartesian, #Components=3
   x.  Value index= 22, #Derivatives=0
   y.  Value index= 23, #Derivatives=0
   z.  Value index= 24, #Derivatives=0
 Node:          1
  0.1287E+03  0.1133E+03  0.4908E+03 -0.8215E-05
  -1.11E-16
  -8.327E-17
  -2.22E-16
  -2.776E-17
  -4.163E-17
  -3.331E-16
  -6.637000000e-17
  -2.400000000e-16
  -3.598000000e-16
  2.555400000e-16
  -2.220600000e-16
  1.204600000e-16
  8.837000000e-01 -4.676000000e-01 -1.897000000e-02
  4.046000000e-01 7.837000000e-01 -4.712000000e-01
  2.352000000e-01 4.088000000e-01 8.818000000e-01
 Node:          2
  0.1292E+03  0.1137E+03  0.5052E+03 -0.8215E-05
  -5.551E-17
  -1.11E-16
  -1.665E-16
  -5.551E-17
   1.943E-16
  -2.776E-16
  8.603000000e-17
  -1.600000000e-16
  -4.256000000e-16
  4.431900000e-16
  -1.665200000e-16
  2.089200000e-16
  -6.554000000e-01 6.199000000e-01 4.313000000e-01
  7.522000000e-01 4.849000000e-01 4.462000000e-01
  -6.744000000e-02 -6.169000000e-01 7.841000000e-01
 Node:          3
  0.1289E+03  0.1155E+03  0.5194E+03 -0.8215E-05
   2.22E-16
   1.388E-16
   3.331E-16
   1.11E-16
   5.551E-17
   2.22E-16
  4.753000000e-16
  2.118000000e-16
  9.006000000e-17
  3.410700000e-16
  2.590500000e-16
  1.607800000e-16
  -5.696000000e-01 -7.144000000e-01 -4.063000000e-01
  2.395000000e-01 -6.172000000e-01 7.494000000e-01
  -7.862000000e-01 3.296000000e-01 5.227000000e-01
 Node:          4
  0.1361E+03  0.1141E+03  0.4915E+03 -0.8215E-05
   0.0
  -2.776E-17
  -1.11E-16
  -2.776E-17
  -8.327E-17
   2.22E-16
  2.435000000e-16
  6.328000000e-18
  -1.388000000e-16
  3.342600000e-16
  3.700900000e-17
  1.575700000e-16
  -8.549000000e-02 -2.215000000e-01 9.714000000e-01
  9.681000000e-01 -2.491000000e-01 2.840000000e-02
  2.357000000e-01 9.428000000e-01 2.357000000e-01
 Node:          5
  0.1341E+03  0.1144E+03  0.5054E+03 -0.8215E-05
   3.331E-16
   1.388E-16
   3.331E-16
   5.551E-17
  -6.939E-17
   4.441E-16
  4.814000000e-16
  4.627000000e-16
  1.662000000e-16
  3.062800000e-16
  3.701000000e-16
  1.443800000e-16
  -3.480000000e-01 -6.443000000e-01 6.810000000e-01
  -6.589000000e-01 -3.487000000e-01 -6.665000000e-01
  6.669000000e-01 -6.807000000e-01 -3.032000000e-01
 Node:          6
  0.1323E+03  0.1162E+03  0.5191E+03 -0.8215E-05
   2.22E-16
   5.551E-17
   2.22E-16
  -5.551E-17
  -2.776E-17
   0.0
  2.897000000e-16
  1.685000000e-16
  -1.402000000e-17
  2.648100000e-16
  1.480600000e-16
  1.248300000e-16
  -7.150000000e-01 -6.696000000e-01 2.012000000e-01
  6.656000000e-01 -7.399000000e-01 -9.741000000e-02
  -2.141000000e-01 -6.426000000e-02 -9.747000000e-01
 Node:          7
  0.1408E+03  0.1171E+03  0.4920E+03 -0.8215E-05
   3.331E-16
   2.22E-16
   2.22E-16
  -8.327E-17
  -1.11E-16
   0.0
  5.398000000e-16
  6.158000000e-17
  -4.631000000e-17
  5.403100000e-16
  1.850200000e-16
  2.547000000e-16
  -7.537000000e-01 -6.111000000e-01 2.419000000e-01
  -6.560000000e-01 6.770000000e-01 -3.335000000e-01
  -4.004000000e-02 4.101000000e-01 9.112000000e-01
 Node:          8
  0.1367E+03  0.1169E+03  0.5055E+03 -0.8215E-05
   2.22E-16
   1.943E-16
   2.22E-16
  -4.025E-16
  -2.359E-16
  -2.22E-16
  6.547000000e-16
  4.477000000e-17
  -4.775000000e-16
  9.814900000e-16
  7.399000000e-17
  4.626800000e-16
  -6.847000000e-01 -5.611000000e-01 4.652000000e-01
  5.685000000e-01 -8.105000000e-01 -1.409000000e-01
  -4.561000000e-01 -1.681000000e-01 -8.739000000e-01
 Node:          9
  0.1339E+03  0.1180E+03  0.5191E+03 -0.8215E-05
   2.22E-16
   1.665E-16
   0.0
  -3.955E-16
  -2.776E-16
   6.661E-16
  1.002000000e-15
  -9.379000000e-18
  -1.046000000e-16
  1.062200000e-15
  2.960100000e-16
  5.007200000e-16
  -4.817000000e-01 -3.073000000e-01 8.207000000e-01
  -8.565000000e-01 -3.292000000e-02 -5.150000000e-01
  -1.853000000e-01 9.510000000e-01 2.474000000e-01
 Node:         10
  0.1294E+03  0.1212E+03  0.4911E+03 -0.8215E-05
   0.0
   2.776E-17
   1.11E-16
  -1.388E-17
   1.249E-16
   1.11E-16
  2.363000000e-16
  2.303000000e-17
  -3.732000000e-17
  2.489900000e-16
  7.400300000e-17
  1.173800000e-16
  4.210000000e-02 7.100000000e-01 7.030000000e-01
  -7.813000000e-01 -4.152000000e-01 4.661000000e-01
  -6.228000000e-01 5.688000000e-01 -5.372000000e-01
 Node:         11
  0.1295E+03  0.1214E+03  0.5055E+03 -0.8215E-05
  -2.22E-16
  -2.776E-17
  -2.22E-16
  -4.163E-17
   1.388E-17
  -1.665E-16
  -1.365000000e-16
  -2.183000000e-16
  -2.558000000e-16
  1.056600000e-16
  -2.035300000e-16
  4.981100000e-17
  -4.935000000e-01 2.929000000e-01 8.189000000e-01
  3.541000000e-01 -7.924000000e-01 4.968000000e-01
  -7.944000000e-01 -5.351000000e-01 -2.873000000e-01
 Node:         12
  0.1295E+03  0.1217E+03  0.5196E+03 -0.8215E-05
   1.11E-16
   0.0
   1.11E-16
   7.633E-17
   2.776E-17
   2.22E-16
  2.649000000e-16
  1.110000000e-16
  6.816000000e-17
  1.792000000e-16
  1.480200000e-16
  8.447700000e-17
  -4.387000000e-01 -1.595000000e-01 -8.844000000e-01
  3.417000000e-01 -9.398000000e-01 -2.255000000e-17
  8.311000000e-01 3.022000000e-01 -4.668000000e-01
 Node:         13
  0.1361E+03  0.1199E+03  0.4914E+03 -0.8215E-05
   1.11E-16
  -1.388E-16
   0.0
  -9.714E-17
   2.776E-17
  -1.665E-16
  2.285000000e-16
  -8.520000000e-17
  -1.988000000e-16
  3.833400000e-16
  -1.850000000e-17
  1.807100000e-16
  8.171000000e-01 -5.252000000e-01 -2.378000000e-01
  4.648000000e-01 8.442000000e-01 -2.671000000e-01
  3.410000000e-01 1.077000000e-01 9.339000000e-01
 Node:         14
  0.1342E+03  0.1198E+03  0.5054E+03 -0.8215E-05
  -5.551E-17
   2.776E-17
   0.0
   5.551E-17
  -9.021E-17
   1.11E-16
  1.672000000e-16
  -4.940000000e-18
  -1.068000000e-16
  2.398800000e-16
  1.848700000e-17
  1.130800000e-16
  1.634000000e-01 -4.472000000e-01 8.794000000e-01
  -6.569000000e-01 -7.144000000e-01 -2.412000000e-01
  -7.361000000e-01 5.382000000e-01 4.105000000e-01
 Node:         15
  0.1330E+03  0.1205E+03  0.5193E+03 -0.8215E-05
   2.22E-16
  -8.327E-17
  -5.551E-17
   1.388E-17
   4.857E-17
   0.0
  2.451000000e-16
  2.471000000e-17
  -1.033000000e-16
  3.052400000e-16
  5.550300000e-17
  1.438900000e-16
  -9.638000000e-01 2.667000000e-01 -1.723000000e-03
  1.157000000e-01 4.239000000e-01 8.983000000e-01
  2.403000000e-01 8.656000000e-01 -4.394000000e-01
 Node:         16
  0.1404E+03  0.1188E+03  0.4918E+03 -0.8215E-05
   2.22E-16
   5.551E-17
   2.22E-16
  -8.327E-17
  -1.457E-16
   4.441E-16
  5.466000000e-16
  1.950000000e-16
  1.465000000e-16
  3.781900000e-16
  2.960300000e-16
  1.782800000e-16
  -2.927000000e-01 -4.328000000e-01 8.526000000e-01
  -9.222000000e-01 -1.077000000e-01 -3.713000000e-01
  -2.526000000e-01 8.950000000e-01 3.676000000e-01
 Node:         17
  0.1365E+03  0.1184E+03  0.5055E+03 -0.8215E-05
  -1.11E-16
   2.776E-17
  -1.11E-16
   9.714E-17
   1.7E-16
   0.0
  1.573000000e-16
  -1.341000000e-16
  -2.452000000e-16
  3.600400000e-16
  -7.400000000e-17
  1.697300000e-16
  3.368000000e-01 5.285000000e-01 7.792000000e-01
  8.927000000e-01 -4.425000000e-01 -8.566000000e-02
  -2.996000000e-01 -7.244000000e-01 6.209000000e-01
 Node:         18
  0.1341E+03  0.1191E+03  0.5192E+03 -0.8215E-05
   0.0
   0.0
   0.0
   2.645E-17
   1.065E-16
   4.441E-16
  4.697000000e-16
  -1.672000000e-33
  -2.562000000e-17
  4.830200000e-16
  1.480300000e-16
  2.277000000e-16
  -5.484000000e-02 -2.207000000e-01 -9.738000000e-01
  9.705000000e-01 -2.411000000e-01 -6.210000000e-17
  -2.348000000e-01 -9.451000000e-01 2.274000000e-01
 Node:         19
  0.1301E+03  0.1291E+03  0.4914E+03  0.0000E+00
   1.11E-16
   0.0
   1.11E-16
   2.101E-19
   1.001E-17
  -2.22E-16
  1.113000000e-16
  1.110000000e-16
  -2.223000000e-16
  3.334500000e-16
  0.000000000e+00
  1.571900000e-16
  -2.096000000e-02 -9.993000000e-01 -3.003000000e-02
  9.998000000e-01 -2.097000000e-02 1.345000000e-19
  6.298000000e-04 3.003000000e-02 -9.995000000e-01
 Node:         20
  0.1299E+03  0.1291E+03  0.5058E+03  0.0000E+00
   2.22E-16
   0.0
   0.0
   1.041E-17
   1.924E-17
  -5.551E-17
  2.224000000e-16
  5.975000000e-18
  -6.188000000e-17
  2.571600000e-16
  5.549800000e-17
  1.212200000e-16
  -9.993000000e-01 -3.257000000e-03 -3.765000000e-02
  1.428000000e-02 -9.549000000e-01 -2.965000000e-01
  -3.498000000e-02 -2.968000000e-01 9.543000000e-01
 Node:         21
  0.1301E+03  0.1280E+03  0.5197E+03  0.0000E+00
   1.11E-16
   0.0
   0.0
   4.163E-17
   1.475E-17
   1.11E-16
  1.534000000e-16
  7.089000000e-17
  -2.220000000e-18
  1.348500000e-16
  7.402300000e-17
  6.357000000e-17
  -6.994000000e-01 -6.840000000e-02 -7.114000000e-01
  -7.126000000e-01 1.429000000e-01 6.869000000e-01
  -5.465000000e-02 -9.874000000e-01 1.487000000e-01
 Node:         22
  0.1360E+03  0.1256E+03  0.4913E+03  0.0000E+00
  -2.22E-16
   1.388E-17
  -1.11E-16
  -1.388E-17
   1.006E-16
   1.11E-16
  1.500000000e-16
  -1.456000000e-16
  -2.264000000e-16
  3.432100000e-16
  -7.400000000e-17
  1.617900000e-16
  -2.144000000e-02 3.586000000e-01 9.332000000e-01
  2.280000000e-01 9.106000000e-01 -3.447000000e-01
  -9.734000000e-01 2.054000000e-01 -1.013000000e-01
 Node:         23
  0.1343E+03  0.1253E+03  0.5054E+03  0.0000E+00
   0.0
   2.082E-17
  -4.441E-16
   0.0
   1.314E-16
  -1.665E-16
  1.265000000e-18
  -1.147000000e-16
  -4.972000000e-16
  4.517900000e-16
  -2.035400000e-16
  2.129700000e-16
  9.970000000e-01 6.061000000e-02 4.746000000e-02
  6.644000000e-02 -3.661000000e-01 -9.282000000e-01
  3.888000000e-02 -9.286000000e-01 3.690000000e-01
 Node:         24
  0.1336E+03  0.1248E+03  0.5194E+03  0.0000E+00
  -2.22E-16
   1.214E-17
   0.0
   1.388E-17
   8.674E-19
  -1.665E-16
  6.779000000e-19
  -1.633000000e-16
  -2.259000000e-16
  2.026600000e-16
  -1.295100000e-16
  9.553700000e-17
  -5.504000000e-02 -9.984000000e-01 -9.747000000e-03
  2.257000000e-01 -2.195000000e-02 9.740000000e-01
  -9.726000000e-01 5.141000000e-02 2.265000000e-01
 Node:         25
  0.1400E+03  0.1206E+03  0.4917E+03  0.0000E+00
   0.0
   2.671E-16
  -1.11E-16
  -8.327E-17
  -1.301E-16
   2.22E-16
  3.681000000e-16
  7.580000000e-17
  -3.329000000e-16
  6.098700000e-16
  3.700000000e-17
  2.874900000e-16
  5.089000000e-01 4.781000000e-01 -7.159000000e-01
  6.086000000e-01 3.883000000e-01 6.920000000e-01
  6.088000000e-01 -7.878000000e-01 -9.334000000e-02
 Node:         26
  0.1363E+03  0.1200E+03  0.5055E+03  0.0000E+00
   2.22E-16
   1.076E-16
  -6.106E-16
   2.776E-17
  -1.124E-15
  -5.551E-17
  8.281000000e-16
  2.248000000e-16
  -1.497000000e-15
  2.089800000e-15
  -1.480300000e-16
  9.851500000e-16
  7.371000000e-02 6.174000000e-01 -7.832000000e-01
  9.955000000e-01 1.018000000e-03 9.449000000e-02
  -5.914000000e-02 7.866000000e-01 6.146000000e-01
 Node:         27
  0.1343E+03  0.1203E+03  0.5192E+03  0.0000E+00
   2.22E-16
  -1.943E-16
   2.22E-16
  -1.041E-16
   1.313E-15
   0.0
  1.466000000e-15
  1.875000000e-16
  -1.209000000e-15
  2.317400000e-15
  1.481700000e-16
  1.092400000e-15
  -1.693000000e-01 7.280000000e-01 6.643000000e-01
  9.848000000e-01 9.849000000e-02 1.431000000e-01
  3.876000000e-02 6.785000000e-01 -7.336000000e-01
 Node:         28
  0.1155E+03  0.1124E+03  0.4931E+03 -0.4855E-04
  -2.22E-16
   3.816E-17
   2.22E-16
  -5.551E-17
   5.551E-17
   1.11E-16
  2.455000000e-16
  1.014000000e-16
  -2.359000000e-16
  4.279500000e-16
  3.700000000e-17
  2.017400000e-16
  3.184000000e-02 9.284000000e-01 3.701000000e-01
  1.988000000e-01 3.571000000e-01 -9.127000000e-01
  9.795000000e-01 -1.026000000e-01 1.732000000e-01
 Node:         29
  0.1119E+03  0.1139E+03  0.5068E+03 -0.4855E-04
  -2.22E-16
  -2.082E-17
   0.0
   5.551E-17
   6.939E-18
  -3.331E-16
  1.944000000e-18
  -2.004000000e-16
  -3.566000000e-16
  3.113600000e-16
  -1.850200000e-16
  1.467800000e-16
  -9.118000000e-02 9.958000000e-01 5.517000000e-03
  -9.179000000e-01 -8.189000000e-02 -3.884000000e-01
  -3.863000000e-01 -4.048000000e-02 9.215000000e-01
 Node:         30
  0.1113E+03  0.1159E+03  0.5206E+03 -0.4855E-04
   2.22E-16
   1.249E-16
   2.22E-16
   0.0
  -2.776E-17
   1.11E-16
  3.486000000e-16
  1.238000000e-16
  8.277000000e-17
  2.478800000e-16
  1.850600000e-16
  1.168500000e-16
  -7.001000000e-01 -7.092000000e-01 8.287000000e-02
  -4.685000000e-01 3.686000000e-01 -8.029000000e-01
  -5.389000000e-01 6.009000000e-01 5.903000000e-01
 Node:         31
  0.1203E+03  0.1126E+03  0.4920E+03 -0.4855E-04
  -5.551E-17
   9.714E-17
  -1.11E-16
   2.776E-17
   4.163E-17
  -5.551E-17
  4.114000000e-17
  -7.661000000e-17
  -1.866000000e-16
  1.972700000e-16
  -7.402300000e-17
  9.299200000e-17
  -6.956000000e-01 -5.654000000e-01 -4.433000000e-01
  4.358000000e-01 1.585000000e-01 -8.860000000e-01
  5.712000000e-01 -8.095000000e-01 1.362000000e-01
 Node:         32
  0.1188E+03  0.1134E+03  0.5062E+03 -0.4855E-04
   2.22E-16
  -1.388E-17
  -1.11E-16
  -2.776E-17
   9.714E-17
  -5.551E-17
  2.266000000e-16
  1.331000000e-17
  -1.844000000e-16
  3.560200000e-16
  1.850300000e-17
  1.678300000e-16
  -9.894000000e-01 7.624000000e-02 1.236000000e-01
  1.445000000e-01 5.992000000e-01 7.875000000e-01
  1.402000000e-02 -7.970000000e-01 6.038000000e-01
 Node:         33
  0.1183E+03  0.1150E+03  0.5201E+03 -0.4855E-04
   1.11E-16
   5.551E-17
   0.0
   8.327E-17
   0.0
   0.0
  1.700000000e-16
  0.000000000e+00
  -5.893000000e-17
  2.058900000e-16
  3.702300000e-17
  9.705800000e-17
  -8.617000000e-01 -2.815000000e-01 -4.222000000e-01
  0.000000000e+00 -8.321000000e-01 5.547000000e-01
  -5.074000000e-01 4.780000000e-01 7.170000000e-01
 Node:         34
  0.1255E+03  0.1129E+03  0.4909E+03 -0.4855E-04
   0.0
   0.0
   0.0
   5.551E-17
   9.714E-17
   0.0
  1.119000000e-16
  3.387000000e-33
  -1.119000000e-16
  1.938200000e-16
  0.000000000e+00
  9.136600000e-17
  -3.508000000e-01 -6.139000000e-01 -7.071000000e-01
  8.682000000e-01 -4.961000000e-01 -4.855000000e-17
  -3.508000000e-01 -6.139000000e-01 7.071000000e-01
 Node:         35
  0.1260E+03  0.1135E+03  0.5054E+03 -0.4855E-04
   0.0
   1.11E-16
  -1.11E-16
   1.11E-16
   2.498E-16
  -1.11E-16
  2.410000000e-16
  -1.023000000e-16
  -3.608000000e-16
  5.229000000e-16
  -7.403300000e-17
  2.465000000e-16
  5.458000000e-01 5.925000000e-01 5.925000000e-01
  8.379000000e-01 -3.859000000e-01 -3.859000000e-01
  -4.975000000e-17 -7.071000000e-01 7.071000000e-01
 Node:         36
  0.1257E+03  0.1153E+03  0.5196E+03 -0.4855E-04
   0.0
  -5.551E-17
   0.0
  -5.551E-17
   8.327E-17
   0.0
  1.305000000e-16
  -4.723000000e-17
  -8.327000000e-17
  1.982200000e-16
  0.000000000e+00
  9.344300000e-17
  -5.155000000e-01 6.059000000e-01 6.059000000e-01
  8.569000000e-01 3.645000000e-01 3.645000000e-01
  -1.256000000e-16 7.071000000e-01 -7.071000000e-01
 Node:         37
  0.1132E+03  0.1210E+03  0.4959E+03 -0.4855E-04
  -2.22E-16
   1.388E-16
  -2.22E-16
  -8.327E-17
   1.804E-16
  -2.776E-16
  -4.482000000e-17
  -1.622000000e-16
  -5.146000000e-16
  4.234700000e-16
  -2.405400000e-16
  1.996300000e-16
  3.971000000e-01 7.887000000e-01 4.693000000e-01
  -7.874000000e-01 3.010000000e-02 6.157000000e-01
  4.715000000e-01 -6.140000000e-01 6.330000000e-01
 Node:         38
  0.1111E+03  0.1204E+03  0.5085E+03 -0.4855E-04
  -1.665E-16
   9.714E-17
   0.0
  -2.776E-17
  -8.327E-17
  -2.22E-16
  7.071000000e-17
  -2.091000000e-16
  -2.502000000e-16
  3.024600000e-16
  -1.295300000e-16
  1.425800000e-16
  -3.916000000e-01 -8.746000000e-01 2.859000000e-01
  9.154000000e-01 -3.389000000e-01 2.170000000e-01
  9.287000000e-02 -3.467000000e-01 -9.334000000e-01
 Node:         39
  0.1119E+03  0.1201E+03  0.5207E+03 -0.4855E-04
  -5.551E-17
  -9.714E-17
  -3.331E-16
  -8.327E-17
  -7.633E-17
  -1.11E-16
  8.934000000e-18
  -1.105000000e-16
  -3.981000000e-16
  3.623900000e-16
  -1.665600000e-16
  1.708300000e-16
  8.510000000e-01 -1.281000000e-01 -5.092000000e-01
  4.076000000e-01 -4.503000000e-01 7.944000000e-01
  -3.311000000e-01 -8.836000000e-01 -3.310000000e-01
 Node:         40
  0.1191E+03  0.1220E+03  0.4937E+03 -0.4855E-04
   0.0
   8.327E-17
  -2.22E-16
   8.327E-17
  -1.388E-17
  -2.22E-16
  4.872000000e-17
  -2.082000000e-16
  -2.846000000e-16
  3.024500000e-16
  -1.480300000e-16
  1.425700000e-16
  -9.240000000e-01 -2.703000000e-01 -2.703000000e-01
  0.000000000e+00 -7.071000000e-01 7.071000000e-01
  3.823000000e-01 -6.534000000e-01 -6.534000000e-01
 Node:         41
  0.1182E+03  0.1217E+03  0.5073E+03 -0.4855E-04
   0.0
  -2.776E-17
  -5.551E-17
   5.551E-17
   9.714E-17
   1.11E-16
  1.653000000e-16
  1.073000000e-17
  -1.206000000e-16
  2.478700000e-16
  1.847700000e-17
  1.168500000e-16
  2.406000000e-01 3.653000000e-01 8.993000000e-01
  -8.901000000e-01 4.526000000e-01 5.428000000e-02
  -3.871000000e-01 -8.135000000e-01 4.340000000e-01
 Node:         42
  0.1187E+03  0.1212E+03  0.5204E+03 -0.4855E-04
   0.0
  -5.551E-17
  -1.11E-16
   0.0
   5.551E-17
   1.11E-16
  1.256000000e-16
  1.887000000e-17
  -1.444000000e-16
  2.355300000e-16
  2.333300000e-20
  1.110300000e-16
  1.113000000e-01 -2.517000000e-01 -9.614000000e-01
  9.295000000e-01 -3.159000000e-01 1.903000000e-01
  -3.516000000e-01 -9.148000000e-01 1.988000000e-01
 Node:         43
  0.1258E+03  0.1217E+03  0.4915E+03 -0.4855E-04
   2.22E-16
   1.11E-16
   1.11E-16
  -1.388E-17
   0.0
  -5.551E-17
  2.911000000e-16
  4.294000000e-17
  -5.645000000e-17
  3.100400000e-16
  9.253000000e-17
  1.461600000e-16
  -8.507000000e-01 -5.246000000e-01 3.406000000e-02
  -5.213000000e-01 8.502000000e-01 7.348000000e-02
  6.751000000e-02 -4.475000000e-02 9.967000000e-01
 Node:         44
  0.1259E+03  0.1220E+03  0.5059E+03 -0.4855E-04
  -2.22E-16
   1.388E-16
  -2.22E-16
   9.714E-17
   1.11E-16
  -1.11E-16
  5.081000000e-17
  -2.445000000e-16
  -3.614000000e-16
  3.679600000e-16
  -1.850300000e-16
  1.734600000e-16
  -5.113000000e-01 -5.340000000e-01 -6.733000000e-01
  -5.198000000e-01 -4.318000000e-01 7.372000000e-01
  -6.844000000e-01 7.269000000e-01 -5.679000000e-02
 Node:         45
  0.1261E+03  0.1221E+03  0.5198E+03 -0.4855E-04
  -5.551E-17
  -8.327E-17
  -2.776E-16
   2.776E-17
  -6.939E-18
   1.11E-16
  1.167000000e-16
  -3.339000000e-17
  -3.053000000e-16
  3.705000000e-16
  -7.399700000e-17
  1.746600000e-16
  1.854000000e-01 -5.643000000e-02 9.810000000e-01
  9.302000000e-01 -3.117000000e-01 -1.938000000e-01
  -3.167000000e-01 -9.485000000e-01 5.308000000e-03
 Node:         46
  0.1117E+03  0.1296E+03  0.4959E+03  0.0000E+00
  -5.551E-17
   2.776E-17
  -1.665E-16
   6.939E-18
  -2.602E-17
   0.0
  4.101000000e-18
  -4.897000000e-17
  -1.772000000e-16
  1.614500000e-16
  -7.402300000e-17
  7.610600000e-17
  4.856000000e-02 -1.429000000e-01 9.886000000e-01
  9.724000000e-01 2.327000000e-01 -1.414000000e-02
  -2.280000000e-01 9.620000000e-01 1.502000000e-01
 Node:         47
  0.1107E+03  0.1269E+03  0.5087E+03  0.0000E+00
  -1.665E-16
  -3.123E-17
   1.11E-16
  -2.776E-17
   3.99E-17
   0.0
  1.289000000e-16
  -1.114000000e-17
  -1.732000000e-16
  2.618600000e-16
  -1.848000000e-17
  1.234400000e-16
  -1.292000000e-01 9.390000000e-01 3.186000000e-01
  -1.008000000e-01 -3.321000000e-01 9.379000000e-01
  -9.865000000e-01 -8.906000000e-02 -1.376000000e-01
 Node:         48
  0.1125E+03  0.1242E+03  0.5208E+03  0.0000E+00
   1.11E-16
   3.469E-18
   1.11E-16
   0.0
  -1.735E-18
   1.11E-16
  1.149000000e-16
  1.110000000e-16
  1.071000000e-16
  6.755000000e-18
  1.110000000e-16
  3.184300000e-18
  -6.325000000e-01 -7.071000000e-01 3.162000000e-01
  4.472000000e-01 -4.455000000e-15 8.944000000e-01
  -6.325000000e-01 7.071000000e-01 3.162000000e-01
 Node:         49
  0.1186E+03  0.1311E+03  0.4938E+03  0.0000E+00
  -1.665E-16
  -2.082E-17
   0.0
  -4.163E-17
  -6.072E-18
  -5.551E-17
  2.581000000e-18
  -4.165000000e-17
  -1.830000000e-16
  1.678900000e-16
  -7.402300000e-17
  7.914600000e-17
  1.174000000e-01 -9.929000000e-01 1.965000000e-02
  -3.135000000e-01 -1.827000000e-02 9.494000000e-01
  -9.423000000e-01 -1.176000000e-01 -3.134000000e-01
 Node:         50
  0.1180E+03  0.1298E+03  0.5075E+03  0.0000E+00
   0.0
  -1.301E-17
   3.331E-16
  -4.163E-17
   1.247E-17
   2.22E-16
  3.354000000e-16
  2.276000000e-16
  -7.879000000e-18
  3.040700000e-16
  1.850400000e-16
  1.433400000e-16
  5.441000000e-02 -9.902000000e-01 -1.289000000e-01
  -1.707000000e-01 -1.364000000e-01 9.758000000e-01
  9.838000000e-01 3.109000000e-02 1.765000000e-01
 Node:         51
  0.1192E+03  0.1275E+03  0.5206E+03  0.0000E+00
   0.0
  -3.469E-18
  -5.551E-17
   0.0
   1.475E-17
   1.11E-16
  1.123000000e-16
  2.087000000e-19
  -5.702000000e-17
  1.491800000e-16
  1.849600000e-17
  7.032400000e-17
  -2.705000000e-03 8.758000000e-02 9.962000000e-01
  9.982000000e-01 -6.004000000e-02 7.989000000e-03
  -6.051000000e-02 -9.943000000e-01 8.725000000e-02
 Node:         52
  0.1262E+03  0.1305E+03  0.4920E+03  0.0000E+00
   1.11E-16
  -1.388E-17
   1.11E-16
   1.301E-18
   4.906E-18
   0.0
  1.250000000e-16
  9.734000000e-17
  -2.497000000e-19
  1.139700000e-16
  7.403000000e-17
  5.372400000e-17
  -7.047000000e-01 7.092000000e-01 2.051000000e-02
  7.093000000e-01 7.034000000e-01 4.493000000e-02
  -1.744000000e-02 -4.621000000e-02 9.988000000e-01
 Node:         53
  0.1258E+03  0.1304E+03  0.5063E+03  0.0000E+00
  -1.665E-16
  -1.735E-18
  -1.11E-16
   2.776E-17
   3.383E-17
  -2.22E-16
  -1.010000000e-16
  -1.572000000e-16
  -2.414000000e-16
  1.223900000e-16
  -1.665300000e-16
  5.769700000e-17
  9.684000000e-02 9.526000000e-01 2.883000000e-01
  -9.346000000e-01 1.866000000e-01 -3.027000000e-01
  -3.422000000e-01 -2.402000000e-01 9.084000000e-01
 Node:         54
  0.1265E+03  0.1288E+03  0.5200E+03  0.0000E+00
  -2.22E-16
   2.082E-17
   1.11E-16
   0.0
  -4.337E-18
   1.11E-16
  1.160000000e-16
  1.073000000e-16
  -2.233000000e-16
  3.350300000e-16
  0.000000000e+00
  1.579400000e-16
  -4.656000000e-02 -7.562000000e-01 6.527000000e-01
  -4.117000000e-02 -6.514000000e-01 -7.576000000e-01
  -9.981000000e-01 6.215000000e-02 8.061000000e-04
 Node:         55
  0.1382E+03  0.1168E+03  0.4537E+03  0.2733E-02
  -0.05248
  -0.01198
   0.05111
   0.001491
   0.02063
   0.0222
  6.270000000e-02
  1.217000000e-02
  -5.405000000e-02
  1.014100000e-01
  6.940000000e-03
  4.780600000e-02
  8.666000000e-02 -8.891000000e-01 -4.495000000e-01
  1.023000000e-01 -4.409000000e-01 8.917000000e-01
  -9.910000000e-01 -1.232000000e-01 5.271000000e-02
 Node:         56
  0.1314E+03  0.1156E+03  0.4689E+03  0.2733E-02
  -0.05231
  -5.301E-4
   0.02772
   0.0127
   0.002777
  -0.001859
  2.799000000e-02
  9.098000000e-04
  -5.534000000e-02
  7.362500000e-02
  -8.813400000e-03
  3.470700000e-02
  8.659000000e-03 9.953000000e-01 9.629000000e-02
  -2.320000000e-01 9.567000000e-02 -9.680000000e-01
  -9.727000000e-01 -1.395000000e-02 2.317000000e-01
 Node:         57
  0.1285E+03  0.1140E+03  0.4824E+03  0.2733E-02
  -0.0118
   0.005192
  -4.622E-4
   0.004301
  -0.002914
  -0.002001
  2.096000000e-03
  -6.580000000e-04
  -1.570000000e-02
  1.659100000e-02
  -4.754000000e-03
  7.821200000e-03
  -2.013000000e-01 -8.856000000e-01 4.186000000e-01
  4.597000000e-01 2.919000000e-01 8.387000000e-01
  -8.650000000e-01 3.613000000e-01 3.483000000e-01
 Node:         58
  0.1484E+03  0.1177E+03  0.4537E+03  0.2733E-02
  -0.05718
  -0.02939
   0.08854
  -0.004915
   0.01633
  -0.009864
  9.694000000e-02
  -1.250000000e-02
  -6.294000000e-02
  1.415700000e-01
  7.166700000e-03
  6.673600000e-02
  -1.898000000e-01 9.692000000e-01 1.569000000e-01
  -3.058000000e-03 -1.604000000e-01 9.870000000e-01
  9.818000000e-01 1.869000000e-01 3.341000000e-02
 Node:         59
  0.1419E+03  0.1166E+03  0.4696E+03  0.2733E-02
  -0.04816
  -0.0256
   0.0639
   0.001478
   0.01007
  -0.01437
  7.054000000e-02
  -1.511000000e-02
  -5.406000000e-02
  1.104000000e-01
  4.566700000e-04
  5.204500000e-02
  2.082000000e-01 -9.717000000e-01 -1.116000000e-01
  1.135000000e-01 -8.937000000e-02 9.895000000e-01
  -9.715000000e-01 -2.187000000e-01 9.169000000e-02
 Node:         60
  0.1375E+03  0.1150E+03  0.4832E+03  0.2733E-02
  -0.007941
  -0.004984
   0.01028
   0.002412
   3.123E-4
  -0.002481
  1.156000000e-02
  -1.711000000e-03
  -9.992000000e-03
  1.883100000e-02
  -4.766700000e-05
  8.876800000e-03
  -2.501000000e-01 9.680000000e-01 -2.144000000e-02
  2.914000000e-01 9.637000000e-02 9.517000000e-01
  9.233000000e-01 2.318000000e-01 -3.062000000e-01
 Node:         61
  0.1555E+03  0.1221E+03  0.4535E+03  0.2733E-02
  -0.02145
  -0.02783
   0.047
  -0.01971
   0.02468
  -0.071
  6.356000000e-02
  -2.929000000e-02
  -7.972000000e-02
  1.258800000e-01
  -1.515000000e-02
  5.934200000e-02
  -3.489000000e-01 9.114000000e-01 2.182000000e-01
  8.998000000e-01 3.909000000e-01 -1.940000000e-01
  2.621000000e-01 -1.287000000e-01 9.564000000e-01
 Node:         62
  0.1493E+03  0.1203E+03  0.4699E+03  0.2733E-02
   0.006925
  -0.04388
   0.053
  -0.01097
   0.01728
  -0.05546
  8.256000000e-02
  -1.959000000e-02
  -5.850000000e-02
  1.261900000e-01
  1.490000000e-03
  5.948500000e-02
  5.122000000e-01 -8.462000000e-01 -1.467000000e-01
  8.546000000e-01 5.192000000e-01 -1.124000000e-02
  8.568000000e-02 -1.196000000e-01 9.891000000e-01
 Node:         63
  0.1437E+03  0.1181E+03  0.4838E+03  0.2733E-02
   0.009083
  -0.01405
   0.01545
  -1.534E-4
   0.001307
  -0.008525
  2.670000000e-02
  -2.064000000e-03
  -8.635000000e-03
  3.255100000e-02
  5.333700000e-03
  1.534500000e-02
  -6.232000000e-01 7.814000000e-01 3.171000000e-02
  7.795000000e-01 6.174000000e-01 1.064000000e-01
  -6.357000000e-02 -9.104000000e-02 9.938000000e-01
 Node:         64
  0.1414E+03  0.1253E+03  0.4526E+03  0.2733E-02
  -0.04489
   0.006316
   0.05349
  -0.01142
   0.008566
  -0.01445
  5.480000000e-02
  -1.121000000e-02
  -4.944000000e-02
  9.133700000e-02
  -1.950000000e-03
  4.305700000e-02
  4.974000000e-02 9.922000000e-01 1.145000000e-01
  3.350000000e-01 9.146000000e-02 -9.378000000e-01
  -9.409000000e-01 8.502000000e-02 -3.279000000e-01
 Node:         65
  0.1341E+03  0.1229E+03  0.4684E+03  0.2733E-02
  -0.02959
  -0.003389
   0.04442
  -0.004856
   0.004002
  -0.009996
  4.490000000e-02
  -9.263000000e-03
  -3.080000000e-02
  6.755700000e-02
  1.612300000e-03
  3.184700000e-02
  5.032000000e-02 -9.958000000e-01 -7.704000000e-02
  -2.179000000e-01 -8.623000000e-02 9.722000000e-01
  -9.747000000e-01 -3.213000000e-02 -2.213000000e-01
 Node:         66
  0.1299E+03  0.1214E+03  0.4825E+03  0.2733E-02
  -0.001519
  -0.002158
   0.007901
   0.001207
  -8.505E-4
  -0.001677
  8.490000000e-03
  -8.948000000e-04
  -2.890000000e-03
  1.052500000e-02
  1.568400000e-03
  4.961600000e-03
  -2.219000000e-01 9.691000000e-01 -1.074000000e-01
  6.372000000e-01 2.275000000e-01 7.364000000e-01
  7.381000000e-01 9.495000000e-02 -6.680000000e-01
 Node:         67
  0.1501E+03  0.1244E+03  0.4528E+03  0.2733E-02
  -0.04394
  -0.01759
   0.04834
  -0.009994
   0.006502
  -0.008793
  5.268000000e-02
  -8.012000000e-03
  -4.906000000e-02
  8.865500000e-02
  -1.464000000e-03
  4.179200000e-02
  -1.908000000e-01 9.724000000e-01 1.339000000e-01
  -1.861000000e-01 -1.698000000e-01 9.678000000e-01
  9.638000000e-01 1.598000000e-01 2.134000000e-01
 Node:         68
  0.1433E+03  0.1224E+03  0.4690E+03  0.2733E-02
  -0.02099
  -0.03264
   0.04906
  -0.01073
   0.009527
  -0.006114
  6.426000000e-02
  -6.926000000e-03
  -3.537000000e-02
  8.888900000e-02
  7.321300000e-03
  4.190300000e-02
  -3.714000000e-01 9.109000000e-01 1.799000000e-01
  -1.496000000e-01 -2.500000000e-01 9.566000000e-01
  9.163000000e-01 3.284000000e-01 2.291000000e-01
 Node:         69
  0.1380E+03  0.1205E+03  0.4831E+03  0.2733E-02
   0.002402
  -0.0104
   0.01336
  -0.001969
   0.002729
  -4.515E-4
  2.019000000e-02
  -9.710000000e-04
  -3.903000000e-03
  2.276900000e-02
  5.105300000e-03
  1.073300000e-02
  -5.116000000e-01 8.441000000e-01 1.604000000e-01
  2.699000000e-03 -1.851000000e-01 9.827000000e-01
  8.592000000e-01 5.032000000e-01 9.244000000e-02
 Node:         70
  0.1557E+03  0.1241E+03  0.4532E+03  0.2733E-02
  -0.03375
  -0.02178
   0.004062
  -0.02416
   0.01662
   0.02145
  4.465000000e-02
  -5.332000000e-03
  -4.756000000e-02
  7.995000000e-02
  -2.747300000e-03
  3.768900000e-02
  3.800000000e-01 -5.178000000e-01 -7.665000000e-01
  1.080000000e-01 -7.981000000e-01 5.927000000e-01
  9.186000000e-01 3.080000000e-01 2.474000000e-01
 Node:         71
  0.1495E+03  0.1222E+03  0.4698E+03  0.2733E-02
  -0.001629
  -0.04289
   0.03028
  -0.03174
   0.02353
   0.008478
  8.006000000e-02
  -6.286000000e-03
  -3.665000000e-02
  1.048800000e-01
  1.237500000e-02
  4.944000000e-02
  5.465000000e-01 -6.930000000e-01 -4.701000000e-01
  -7.246000000e-02 -5.984000000e-01 7.979000000e-01
  8.343000000e-01 4.020000000e-01 3.773000000e-01
 Node:         72
  0.1435E+03  0.1199E+03  0.4838E+03  0.2733E-02
   0.009048
  -0.01583
   0.01181
  -0.007375
   0.005747
   0.001702
  2.939000000e-02
  -8.943000000e-04
  -5.944000000e-03
  3.309900000e-02
  7.517200000e-03
  1.560300000e-02
  -6.513000000e-01 6.896000000e-01 3.166000000e-01
  -1.949000000e-02 -4.322000000e-01 9.015000000e-01
  7.586000000e-01 5.810000000e-01 2.950000000e-01
 Node:         73
  0.1446E+03  0.1339E+03  0.4520E+03  0.0000E+00
   0.02092
  -0.008388
  -0.04096
   0.002635
  -0.003222
   0.03231
  3.324000000e-02
  2.122000000e-02
  -4.218000000e-02
  7.018600000e-02
  4.093300000e-03
  3.308600000e-02
  2.545000000e-01 -7.066000000e-02 9.645000000e-01
  9.583000000e-01 -1.157000000e-01 -2.614000000e-01
  -1.301000000e-01 -9.908000000e-01 -3.825000000e-02
 Node:         74
  0.1368E+03  0.1304E+03  0.4682E+03  0.0000E+00
   0.04635
  -0.005595
  -0.01986
   0.002526
  -0.005677
   0.0228
  4.719000000e-02
  2.310000000e-02
  -2.101000000e-02
  5.990500000e-02
  1.642700000e-02
  2.824000000e-02
  -9.879000000e-01 9.293000000e-02 -1.240000000e-01
  -1.341000000e-01 -1.126000000e-01 9.845000000e-01
  7.753000000e-02 9.893000000e-01 1.237000000e-01
 Node:         75
  0.1313E+03  0.1289E+03  0.4826E+03  0.0000E+00
   0.01715
  -0.00228
  -0.002463
  -0.002157
  -0.001239
   0.001568
  1.766000000e-02
  1.794000000e-03
  -3.202000000e-03
  1.886700000e-02
  5.417300000e-03
  8.893900000e-03
  -9.868000000e-01 1.042000000e-01 1.242000000e-01
  8.501000000e-02 -3.202000000e-01 9.435000000e-01
  1.381000000e-01 9.416000000e-01 3.071000000e-01
 Node:         76
  0.1517E+03  0.1311E+03  0.4523E+03  0.0000E+00
   0.02061
  -0.01248
  -0.05512
  -0.002876
   0.01238
   0.04731
  4.947000000e-02
  2.177000000e-02
  -5.844000000e-02
  9.707100000e-02
  4.266700000e-03
  4.576000000e-02
  -1.556000000e-01 1.344000000e-01 9.786000000e-01
  9.762000000e-01 -1.306000000e-01 1.732000000e-01
  -1.511000000e-01 -9.823000000e-01 1.108000000e-01
 Node:         77
  0.1447E+03  0.1282E+03  0.4687E+03  0.0000E+00
   0.0653
   0.001177
  -0.02741
  -0.001687
   0.009444
   0.02219
  6.537000000e-02
  2.388000000e-02
  -2.917000000e-02
  8.207800000e-02
  2.002700000e-02
  3.869200000e-02
  -9.993000000e-01 -8.902000000e-03 3.710000000e-02
  3.486000000e-02 1.818000000e-01 9.827000000e-01
  -1.549000000e-02 9.833000000e-01 -1.813000000e-01
 Node:         78
  0.1384E+03  0.1261E+03  0.4829E+03  0.0000E+00
   0.02735
   0.002921
  -0.001866
  -0.00168
  -1.348E-5
   9.658E-4
  2.775000000e-02
  8.689000000e-04
  -2.163000000e-03
  2.851800000e-02
  8.818600000e-03
  1.344400000e-02
  -9.932000000e-01 -9.799000000e-02 6.234000000e-02
  5.704000000e-02 5.601000000e-02 9.968000000e-01
  -1.012000000e-01 9.936000000e-01 -5.004000000e-02
 Node:         79
  0.1559E+03  0.1262E+03  0.4530E+03  0.0000E+00
   0.01966
   0.0243
   0.01834
   0.004025
   6.483E-4
  -0.1311
  4.338000000e-02
  -5.266000000e-03
  -1.312000000e-01
  1.560500000e-01
  -3.102900000e-02
  7.356300000e-02
  7.172000000e-01 6.966000000e-01 1.913000000e-02
  -6.964000000e-01 7.174000000e-01 -1.858000000e-02
  -2.667000000e-02 3.422000000e-07 9.996000000e-01
 Node:         80
  0.1497E+03  0.1241E+03  0.4696E+03  0.0000E+00
   0.07289
   0.02321
   0.006414
   0.005435
  -9.293E-4
  -0.1066
  8.031000000e-02
  -8.262000000e-04
  -1.068000000e-01
  1.625200000e-01
  -9.105400000e-03
  7.661100000e-02
  9.538000000e-01 2.992000000e-01 2.625000000e-02
  -2.986000000e-01 9.541000000e-01 -2.373000000e-02
  -3.215000000e-02 1.480000000e-02 9.994000000e-01
 Node:         81
  0.1433E+03  0.1217E+03  0.4837E+03  0.0000E+00
   0.03061
   0.006103
   1.892E-4
   0.001389
   3.026E-4
  -0.01324
  3.183000000e-02
  -9.894000000e-04
  -1.329000000e-02
  4.039900000e-02
  5.850200000e-03
  1.904400000e-02
  -9.814000000e-01 -1.896000000e-01 -3.152000000e-02
  -1.898000000e-01 9.818000000e-01 2.728000000e-03
  -3.043000000e-02 -8.659000000e-03 9.995000000e-01
 Node:         82
  0.1267E+03  0.1149E+03  0.4568E+03 -0.1498E-01
  -0.01554
  -0.007498
   0.01447
   0.00297
   0.0128
   0.002126
  2.312000000e-02
  -2.810000000e-03
  -1.926000000e-02
  3.700700000e-02
  3.500000000e-04
  1.744500000e-02
  -1.271000000e-01 8.548000000e-01 5.032000000e-01
  -4.291000000e-01 4.099000000e-01 -8.049000000e-01
  -8.943000000e-01 -3.182000000e-01 3.147000000e-01
 Node:         83
  0.1234E+03  0.1130E+03  0.4722E+03 -0.1498E-01
  -0.02299
  -6.162E-4
   0.005971
   0.02019
   0.005643
  -0.01511
  8.549000000e-03
  -6.948000000e-04
  -3.998000000e-02
  4.463100000e-02
  -1.070900000e-02
  2.103900000e-02
  2.550000000e-01 8.687000000e-01 4.247000000e-01
  -5.936000000e-01 4.873000000e-01 -6.404000000e-01
  -7.633000000e-01 -8.881000000e-02 6.399000000e-01
 Node:         84
  0.1187E+03  0.1123E+03  0.4849E+03 -0.1498E-01
  -0.00329
   4.926E-4
   3.803E-4
   0.007827
  -3.308E-4
  -0.01408
  9.617000000e-04
  2.544000000e-04
  -1.821000000e-02
  1.882800000e-02
  -5.664600000e-03
  8.875600000e-03
  -7.981000000e-01 -4.456000000e-01 -4.055000000e-01
  3.828000000e-01 -8.948000000e-01 2.297000000e-01
  4.652000000e-01 -2.807000000e-02 -8.848000000e-01
 Node:         85
  0.1302E+03  0.1161E+03  0.4556E+03 -0.1498E-01
  -0.01832
  -0.006856
   0.01863
   0.004844
   0.01871
   0.006812
  3.249000000e-02
  -2.857000000e-03
  -2.251000000e-02
  4.827300000e-02
  2.374300000e-03
  2.275600000e-02
  -5.410000000e-02 8.118000000e-01 5.814000000e-01
  -4.528000000e-01 4.990000000e-01 -7.389000000e-01
  8.900000000e-01 3.032000000e-01 -3.406000000e-01
 Node:         86
  0.1252E+03  0.1138E+03  0.4706E+03 -0.1498E-01
  -0.01966
   0.01085
   0.04148
   0.03692
   0.01932
  -0.009061
  5.593000000e-02
  8.704000000e-03
  -5.188000000e-02
  9.360500000e-02
  4.251300000e-03
  4.412600000e-02
  -3.335000000e-01 -8.350000000e-01 -4.376000000e-01
  5.778000000e-01 -5.479000000e-01 6.049000000e-01
  7.449000000e-01 5.112000000e-02 -6.652000000e-01
 Node:         87
  0.1217E+03  0.1126E+03  0.4834E+03 -0.1498E-01
  -0.006111
   2.388E-4
   0.001262
   0.009825
  -0.00162
  -0.01261
  1.951000000e-03
  3.992000000e-04
  -1.981000000e-02
  2.102800000e-02
  -5.819900000e-03
  9.912700000e-03
  -4.686000000e-01 7.858000000e-01 -4.036000000e-01
  6.644000000e-01 6.146000000e-01 4.253000000e-01
  5.823000000e-01 -6.887000000e-02 -8.101000000e-01
 Node:         88
  0.1338E+03  0.1169E+03  0.4539E+03 -0.1498E-01
  -0.03754
  -0.011
   0.01639
   0.00402
   0.02563
   0.0262
  4.757000000e-02
  -1.448000000e-03
  -4.107000000e-02
  7.690800000e-02
  1.684000000e-03
  3.625500000e-02
  -4.716000000e-02 6.441000000e-01 7.635000000e-01
  -2.901000000e-01 7.226000000e-01 -6.275000000e-01
  9.558000000e-01 2.511000000e-01 -1.528000000e-01
 Node:         89
  0.1270E+03  0.1150E+03  0.4689E+03 -0.1498E-01
  -0.04205
   0.002503
   0.00914
   0.0165
   0.006982
  -0.003544
  1.396000000e-02
  -2.266000000e-03
  -4.816000000e-02
  5.580500000e-02
  -1.215500000e-02
  2.630700000e-02
  1.882000000e-01 8.383000000e-01 5.117000000e-01
  -2.916000000e-01 5.452000000e-01 -7.860000000e-01
  -9.378000000e-01 -1.316000000e-03 3.470000000e-01
 Node:         90
  0.1248E+03  0.1132E+03  0.4822E+03 -0.1498E-01
  -0.01039
   0.005655
  -0.002539
   0.005163
  -0.002853
  -0.00307
  4.380000000e-04
  -4.045000000e-04
  -1.603000000e-02
  1.606300000e-02
  -5.332200000e-03
  7.572300000e-03
  4.071000000e-01 9.033000000e-01 -1.356000000e-01
  -4.317000000e-01 5.947000000e-02 -9.001000000e-01
  -8.049000000e-01 4.249000000e-01 4.142000000e-01
 Node:         91
  0.1260E+03  0.1263E+03  0.4550E+03 -0.1498E-01
  -0.0317
   0.01033
   0.04482
  -0.00476
   0.01957
  -0.001253
  5.279000000e-02
  -6.038000000e-03
  -3.489000000e-02
  7.739800000e-02
  3.954000000e-03
  3.648600000e-02
  -9.609000000e-02 -9.386000000e-01 -3.314000000e-01
  -2.870000000e-01 -2.927000000e-01 9.121000000e-01
  -9.531000000e-01 1.828000000e-01 -2.412000000e-01
 Node:         92
  0.1210E+03  0.1234E+03  0.4726E+03 -0.1498E-01
  -0.02649
  -4.737E-4
   0.02206
   0.001294
   0.01388
   0.01005
  3.117000000e-02
  9.991000000e-04
  -2.656000000e-02
  5.001300000e-02
  1.869700000e-03
  2.357600000e-02
  5.463000000e-03 8.357000000e-01 5.492000000e-01
  -4.875000000e-02 5.488000000e-01 -8.346000000e-01
  9.988000000e-01 2.222000000e-02 -4.374000000e-02
 Node:         93
  0.1159E+03  0.1217E+03  0.4877E+03 -0.1498E-01
  -0.00298
  -0.001386
   0.001518
   0.002428
   0.003182
  -0.001052
  3.673000000e-03
  -3.051000000e-04
  -5.882000000e-03
  8.313400000e-03
  -8.380300000e-04
  3.919000000e-03
  -3.776000000e-02 -8.197000000e-01 -5.715000000e-01
  7.196000000e-01 -4.191000000e-01 5.536000000e-01
  6.933000000e-01 3.904000000e-01 -6.057000000e-01
 Node:         94
  0.1314E+03  0.1265E+03  0.4540E+03 -0.1498E-01
  -0.03852
   0.009717
   0.05002
  -0.01209
   0.01779
   0.01046
  5.709000000e-02
  8.261000000e-03
  -4.339000000e-02
  8.703000000e-02
  7.320300000e-03
  4.102600000e-02
  5.174000000e-02 9.375000000e-01 3.442000000e-01
  2.983000000e-01 3.144000000e-01 -9.012000000e-01
  9.531000000e-01 -1.493000000e-01 2.633000000e-01
 Node:         95
  0.1250E+03  0.1236E+03  0.4707E+03 -0.1498E-01
  -0.03541
  -0.00212
   0.02806
  -0.001638
   0.009657
   0.01865
  3.420000000e-02
  1.262000000e-02
  -3.551000000e-02
  6.181300000e-02
  3.770000000e-03
  2.913900000e-02
