 Group name: actual_strain_L4A5
 #Fields=  17
 1) coordinates, coordinate, rectangular cartesian, #Components=3
   x.  Value index= 1, #Derivatives=0
   y.  Value index= 2, #Derivatives=0
   z.  Value index= 3, #Derivatives=0
 2) dummy, field, rectangular cartesian, #Components=1
   Tensor_1.  Value index= 4, #Derivatives=0
 3) Tensor_1, field, rectangular cartesian, #Components=1
   Tensor_1.  Value index= 5, #Derivatives=0
 4) Tensor_2, field, rectangular cartesian, #Components=1
   Tensor_2.  Value index= 6, #Derivatives=0
 5) Tensor_3, field, rectangular cartesian, #Components=1
   Tensor_3.  Value index= 7, #Derivatives=0
 6) Tensor_4, field, rectangular cartesian, #Components=1
   Tensor_4.  Value index= 8, #Derivatives=0
 7) Tensor_5, field, rectangular cartesian, #Components=1
   Tensor_5.  Value index= 9, #Derivatives=0
 8) Tensor_6, field, rectangular cartesian, #Components=1
   Tensor_6.  Value index= 10, #Derivatives=0
 9) Principal_1, field, rectangular cartesian, #Components=1
   Principal_1.  Value index= 11, #Derivatives=0
 10) Principal_2, field, rectangular cartesian, #Components=1
   Principal_2.  Value index= 12, #Derivatives=0
 11) Principal_3, field, rectangular cartesian, #Components=1
   Principal_3.  Value index= 13, #Derivatives=0
 12) VonMises, field, rectangular cartesian, #Components=1
   VonMises.  Value index= 14, #Derivatives=0
 13) Hydrostatic, field, rectangular cartesian, #Components=1
   VonMises.  Value index= 15, #Derivatives=0
 14) Octahedral, field, rectangular cartesian, #Components=1
   VonMises.  Value index= 16, #Derivatives=0
 15) PrincipalVector1, field, rectangular cartesian, #Components=3
   x.  Value index= 17, #Derivatives=0
   y.  Value index= 18, #Derivatives=0
   z.  Value index= 19, #Derivatives=0
 16) PrincipalVector2, field, rectangular cartesian, #Components=3
   x.  Value index= 20, #Derivatives=0
   y.  Value index= 21, #Derivatives=0
   z.  Value index= 22, #Derivatives=0
 17) PrincipalVector3, field, rectangular cartesian, #Components=3
   x.  Value index= 23, #Derivatives=0
   y.  Value index= 24, #Derivatives=0
   z.  Value index= 25, #Derivatives=0
 Node:          1
  0.1287E+03  0.1133E+03  0.4908E+03 -0.1669E-04
  -1.11E-16
  -8.327E-17
  -2.22E-16
  -2.776E-17
  -4.163E-17
  -3.331E-16
  -6.637000000e-17
  -2.400000000e-16
  -3.598000000e-16
  2.555400000e-16
  -2.220600000e-16
  1.204600000e-16
  8.837000000e-01 -4.676000000e-01 -1.897000000e-02
  4.046000000e-01 7.837000000e-01 -4.712000000e-01
  2.352000000e-01 4.088000000e-01 8.818000000e-01
 Node:          2
  0.1292E+03  0.1137E+03  0.5052E+03 -0.1669E-04
  -5.551E-17
  -1.11E-16
  -1.665E-16
  -5.551E-17
   1.943E-16
  -2.776E-16
  8.603000000e-17
  -1.600000000e-16
  -4.256000000e-16
  4.431900000e-16
  -1.665200000e-16
  2.089200000e-16
  -6.554000000e-01 6.199000000e-01 4.313000000e-01
  7.522000000e-01 4.849000000e-01 4.462000000e-01
  -6.744000000e-02 -6.169000000e-01 7.841000000e-01
 Node:          3
  0.1289E+03  0.1155E+03  0.5194E+03 -0.1669E-04
   2.22E-16
   1.388E-16
   3.331E-16
   1.11E-16
   5.551E-17
   2.22E-16
  4.753000000e-16
  2.118000000e-16
  9.006000000e-17
  3.410700000e-16
  2.590500000e-16
  1.607800000e-16
  -5.696000000e-01 -7.144000000e-01 -4.063000000e-01
  2.395000000e-01 -6.172000000e-01 7.494000000e-01
  -7.862000000e-01 3.296000000e-01 5.227000000e-01
 Node:          4
  0.1361E+03  0.1141E+03  0.4915E+03 -0.1669E-04
   0.0
  -2.776E-17
  -1.11E-16
  -2.776E-17
  -8.327E-17
   2.22E-16
  2.435000000e-16
  6.328000000e-18
  -1.388000000e-16
  3.342600000e-16
  3.700900000e-17
  1.575700000e-16
  -8.549000000e-02 -2.215000000e-01 9.714000000e-01
  9.681000000e-01 -2.491000000e-01 2.840000000e-02
  2.357000000e-01 9.428000000e-01 2.357000000e-01
 Node:          5
  0.1341E+03  0.1144E+03  0.5054E+03 -0.1669E-04
   3.331E-16
   1.388E-16
   3.331E-16
   5.551E-17
  -6.939E-17
   4.441E-16
  4.814000000e-16
  4.627000000e-16
  1.662000000e-16
  3.062800000e-16
  3.701000000e-16
  1.443800000e-16
  -3.480000000e-01 -6.443000000e-01 6.810000000e-01
  -6.589000000e-01 -3.487000000e-01 -6.665000000e-01
  6.669000000e-01 -6.807000000e-01 -3.032000000e-01
 Node:          6
  0.1323E+03  0.1162E+03  0.5191E+03 -0.1669E-04
   2.22E-16
   5.551E-17
   2.22E-16
  -5.551E-17
  -2.776E-17
   0.0
  2.897000000e-16
  1.685000000e-16
  -1.402000000e-17
  2.648100000e-16
  1.480600000e-16
  1.248300000e-16
  -7.150000000e-01 -6.696000000e-01 2.012000000e-01
  6.656000000e-01 -7.399000000e-01 -9.741000000e-02
  -2.141000000e-01 -6.426000000e-02 -9.747000000e-01
 Node:          7
  0.1408E+03  0.1171E+03  0.4920E+03 -0.1669E-04
   3.331E-16
   2.22E-16
   2.22E-16
  -8.327E-17
  -1.11E-16
   0.0
  5.398000000e-16
  6.158000000e-17
  -4.631000000e-17
  5.403100000e-16
  1.850200000e-16
  2.547000000e-16
  -7.537000000e-01 -6.111000000e-01 2.419000000e-01
  -6.560000000e-01 6.770000000e-01 -3.335000000e-01
  -4.004000000e-02 4.101000000e-01 9.112000000e-01
 Node:          8
  0.1367E+03  0.1169E+03  0.5055E+03 -0.1669E-04
   2.22E-16
   1.943E-16
   2.22E-16
  -4.025E-16
  -2.359E-16
  -2.22E-16
  6.547000000e-16
  4.477000000e-17
  -4.775000000e-16
  9.814900000e-16
  7.399000000e-17
  4.626800000e-16
  -6.847000000e-01 -5.611000000e-01 4.652000000e-01
  5.685000000e-01 -8.105000000e-01 -1.409000000e-01
  -4.561000000e-01 -1.681000000e-01 -8.739000000e-01
 Node:          9
  0.1339E+03  0.1180E+03  0.5191E+03 -0.1669E-04
   2.22E-16
   1.665E-16
   0.0
  -3.955E-16
  -2.776E-16
   6.661E-16
  1.002000000e-15
  -9.379000000e-18
  -1.046000000e-16
  1.062200000e-15
  2.960100000e-16
  5.007200000e-16
  -4.817000000e-01 -3.073000000e-01 8.207000000e-01
  -8.565000000e-01 -3.292000000e-02 -5.150000000e-01
  -1.853000000e-01 9.510000000e-01 2.474000000e-01
 Node:         10
  0.1294E+03  0.1212E+03  0.4911E+03 -0.1669E-04
   0.0
   2.776E-17
   1.11E-16
  -1.388E-17
   1.249E-16
   1.11E-16
  2.363000000e-16
  2.303000000e-17
  -3.732000000e-17
  2.489900000e-16
  7.400300000e-17
  1.173800000e-16
  4.210000000e-02 7.100000000e-01 7.030000000e-01
  -7.813000000e-01 -4.152000000e-01 4.661000000e-01
  -6.228000000e-01 5.688000000e-01 -5.372000000e-01
 Node:         11
  0.1295E+03  0.1214E+03  0.5055E+03 -0.1669E-04
  -2.22E-16
  -2.776E-17
  -2.22E-16
  -4.163E-17
   1.388E-17
  -1.665E-16
  -1.365000000e-16
  -2.183000000e-16
  -2.558000000e-16
  1.056600000e-16
  -2.035300000e-16
  4.981100000e-17
  -4.935000000e-01 2.929000000e-01 8.189000000e-01
  3.541000000e-01 -7.924000000e-01 4.968000000e-01
  -7.944000000e-01 -5.351000000e-01 -2.873000000e-01
 Node:         12
  0.1295E+03  0.1217E+03  0.5196E+03 -0.1669E-04
   1.11E-16
   0.0
   1.11E-16
   7.633E-17
   2.776E-17
   2.22E-16
  2.649000000e-16
  1.110000000e-16
  6.816000000e-17
  1.792000000e-16
  1.480200000e-16
  8.447700000e-17
  -4.387000000e-01 -1.595000000e-01 -8.844000000e-01
  3.417000000e-01 -9.398000000e-01 -2.255000000e-17
  8.311000000e-01 3.022000000e-01 -4.668000000e-01
 Node:         13
  0.1361E+03  0.1199E+03  0.4914E+03 -0.1669E-04
   1.11E-16
  -1.388E-16
   0.0
  -9.714E-17
   2.776E-17
  -1.665E-16
  2.285000000e-16
  -8.520000000e-17
  -1.988000000e-16
  3.833400000e-16
  -1.850000000e-17
  1.807100000e-16
  8.171000000e-01 -5.252000000e-01 -2.378000000e-01
  4.648000000e-01 8.442000000e-01 -2.671000000e-01
  3.410000000e-01 1.077000000e-01 9.339000000e-01
 Node:         14
  0.1342E+03  0.1198E+03  0.5054E+03 -0.1669E-04
  -5.551E-17
   2.776E-17
   0.0
   5.551E-17
  -9.021E-17
   1.11E-16
  1.672000000e-16
  -4.940000000e-18
  -1.068000000e-16
  2.398800000e-16
  1.848700000e-17
  1.130800000e-16
  1.634000000e-01 -4.472000000e-01 8.794000000e-01
  -6.569000000e-01 -7.144000000e-01 -2.412000000e-01
  -7.361000000e-01 5.382000000e-01 4.105000000e-01
 Node:         15
  0.1330E+03  0.1205E+03  0.5193E+03 -0.1669E-04
   2.22E-16
  -8.327E-17
  -5.551E-17
   1.388E-17
   4.857E-17
   0.0
  2.451000000e-16
  2.471000000e-17
  -1.033000000e-16
  3.052400000e-16
  5.550300000e-17
  1.438900000e-16
  -9.638000000e-01 2.667000000e-01 -1.723000000e-03
  1.157000000e-01 4.239000000e-01 8.983000000e-01
  2.403000000e-01 8.656000000e-01 -4.394000000e-01
 Node:         16
  0.1404E+03  0.1188E+03  0.4918E+03 -0.1669E-04
   2.22E-16
   5.551E-17
   2.22E-16
  -8.327E-17
  -1.457E-16
   4.441E-16
  5.466000000e-16
  1.950000000e-16
  1.465000000e-16
  3.781900000e-16
  2.960300000e-16
  1.782800000e-16
  -2.927000000e-01 -4.328000000e-01 8.526000000e-01
  -9.222000000e-01 -1.077000000e-01 -3.713000000e-01
  -2.526000000e-01 8.950000000e-01 3.676000000e-01
 Node:         17
  0.1365E+03  0.1184E+03  0.5055E+03 -0.1669E-04
  -1.11E-16
   2.776E-17
  -1.11E-16
   9.714E-17
   1.7E-16
   0.0
  1.573000000e-16
  -1.341000000e-16
  -2.452000000e-16
  3.600400000e-16
  -7.400000000e-17
  1.697300000e-16
  3.368000000e-01 5.285000000e-01 7.792000000e-01
  8.927000000e-01 -4.425000000e-01 -8.566000000e-02
  -2.996000000e-01 -7.244000000e-01 6.209000000e-01
 Node:         18
  0.1341E+03  0.1191E+03  0.5192E+03 -0.1669E-04
   0.0
   0.0
   0.0
   2.645E-17
   1.065E-16
   4.441E-16
  4.697000000e-16
  -1.672000000e-33
  -2.562000000e-17
  4.830200000e-16
  1.480300000e-16
  2.277000000e-16
  -5.484000000e-02 -2.207000000e-01 -9.738000000e-01
  9.705000000e-01 -2.411000000e-01 -6.210000000e-17
  -2.348000000e-01 -9.451000000e-01 2.274000000e-01
 Node:         19
  0.1301E+03  0.1291E+03  0.4914E+03  0.0000E+00
   1.11E-16
   0.0
   1.11E-16
   2.101E-19
   1.001E-17
  -2.22E-16
  1.113000000e-16
  1.110000000e-16
  -2.223000000e-16
  3.334500000e-16
  0.000000000e+00
  1.571900000e-16
  -2.096000000e-02 -9.993000000e-01 -3.003000000e-02
  9.998000000e-01 -2.097000000e-02 1.345000000e-19
  6.298000000e-04 3.003000000e-02 -9.995000000e-01
 Node:         20
  0.1299E+03  0.1291E+03  0.5058E+03  0.0000E+00
   2.22E-16
   0.0
   0.0
   1.041E-17
   1.924E-17
  -5.551E-17
  2.224000000e-16
  5.975000000e-18
  -6.188000000e-17
  2.571600000e-16
  5.549800000e-17
  1.212200000e-16
  -9.993000000e-01 -3.257000000e-03 -3.765000000e-02
  1.428000000e-02 -9.549000000e-01 -2.965000000e-01
  -3.498000000e-02 -2.968000000e-01 9.543000000e-01
 Node:         21
  0.1301E+03  0.1280E+03  0.5197E+03  0.0000E+00
   1.11E-16
   0.0
   0.0
   4.163E-17
   1.475E-17
   1.11E-16
  1.534000000e-16
  7.089000000e-17
  -2.220000000e-18
  1.348500000e-16
  7.402300000e-17
  6.357000000e-17
  -6.994000000e-01 -6.840000000e-02 -7.114000000e-01
  -7.126000000e-01 1.429000000e-01 6.869000000e-01
  -5.465000000e-02 -9.874000000e-01 1.487000000e-01
 Node:         22
  0.1360E+03  0.1256E+03  0.4913E+03  0.0000E+00
  -2.22E-16
   1.388E-17
  -1.11E-16
  -1.388E-17
   1.006E-16
   1.11E-16
  1.500000000e-16
  -1.456000000e-16
  -2.264000000e-16
  3.432100000e-16
  -7.400000000e-17
  1.617900000e-16
  -2.144000000e-02 3.586000000e-01 9.332000000e-01
  2.280000000e-01 9.106000000e-01 -3.447000000e-01
  -9.734000000e-01 2.054000000e-01 -1.013000000e-01
 Node:         23
  0.1343E+03  0.1253E+03  0.5054E+03  0.0000E+00
   0.0
   2.082E-17
  -4.441E-16
   0.0
   1.314E-16
  -1.665E-16
  1.265000000e-18
  -1.147000000e-16
  -4.972000000e-16
  4.517900000e-16
  -2.035400000e-16
  2.129700000e-16
  9.970000000e-01 6.061000000e-02 4.746000000e-02
  6.644000000e-02 -3.661000000e-01 -9.282000000e-01
  3.888000000e-02 -9.286000000e-01 3.690000000e-01
 Node:         24
  0.1336E+03  0.1248E+03  0.5194E+03  0.0000E+00
  -2.22E-16
   1.214E-17
   0.0
   1.388E-17
   8.674E-19
  -1.665E-16
  6.779000000e-19
  -1.633000000e-16
  -2.259000000e-16
  2.026600000e-16
  -1.295100000e-16
  9.553700000e-17
  -5.504000000e-02 -9.984000000e-01 -9.747000000e-03
  2.257000000e-01 -2.195000000e-02 9.740000000e-01
  -9.726000000e-01 5.141000000e-02 2.265000000e-01
 Node:         25
  0.1400E+03  0.1206E+03  0.4917E+03  0.0000E+00
   0.0
   2.671E-16
  -1.11E-16
  -8.327E-17
  -1.301E-16
   2.22E-16
  3.681000000e-16
  7.580000000e-17
  -3.329000000e-16
  6.098700000e-16
  3.700000000e-17
  2.874900000e-16
  5.089000000e-01 4.781000000e-01 -7.159000000e-01
  6.086000000e-01 3.883000000e-01 6.920000000e-01
  6.088000000e-01 -7.878000000e-01 -9.334000000e-02
 Node:         26
  0.1363E+03  0.1200E+03  0.5055E+03  0.0000E+00
   2.22E-16
   1.076E-16
  -6.106E-16
   2.776E-17
  -1.124E-15
  -5.551E-17
  8.281000000e-16
  2.248000000e-16
  -1.497000000e-15
  2.089800000e-15
  -1.480300000e-16
  9.851500000e-16
  7.371000000e-02 6.174000000e-01 -7.832000000e-01
  9.955000000e-01 1.018000000e-03 9.449000000e-02
  -5.914000000e-02 7.866000000e-01 6.146000000e-01
 Node:         27
  0.1343E+03  0.1203E+03  0.5192E+03  0.0000E+00
   2.22E-16
  -1.943E-16
   2.22E-16
  -1.041E-16
   1.313E-15
   0.0
  1.466000000e-15
  1.875000000e-16
  -1.209000000e-15
  2.317400000e-15
  1.481700000e-16
  1.092400000e-15
  -1.693000000e-01 7.280000000e-01 6.643000000e-01
  9.848000000e-01 9.849000000e-02 1.431000000e-01
  3.876000000e-02 6.785000000e-01 -7.336000000e-01
 Node:         28
  0.1155E+03  0.1124E+03  0.4931E+03 -0.9866E-04
  -2.22E-16
   3.816E-17
   2.22E-16
  -5.551E-17
   5.551E-17
   1.11E-16
  2.455000000e-16
  1.014000000e-16
  -2.359000000e-16
  4.279500000e-16
  3.700000000e-17
  2.017400000e-16
  3.184000000e-02 9.284000000e-01 3.701000000e-01
  1.988000000e-01 3.571000000e-01 -9.127000000e-01
  9.795000000e-01 -1.026000000e-01 1.732000000e-01
 Node:         29
  0.1119E+03  0.1139E+03  0.5068E+03 -0.9866E-04
  -2.22E-16
  -2.082E-17
   0.0
   5.551E-17
   6.939E-18
  -3.331E-16
  1.944000000e-18
  -2.004000000e-16
  -3.566000000e-16
  3.113600000e-16
  -1.850200000e-16
  1.467800000e-16
  -9.118000000e-02 9.958000000e-01 5.517000000e-03
  -9.179000000e-01 -8.189000000e-02 -3.884000000e-01
  -3.863000000e-01 -4.048000000e-02 9.215000000e-01
 Node:         30
  0.1113E+03  0.1159E+03  0.5206E+03 -0.9866E-04
   2.22E-16
   1.249E-16
   2.22E-16
   0.0
  -2.776E-17
   1.11E-16
  3.486000000e-16
  1.238000000e-16
  8.277000000e-17
  2.478800000e-16
  1.850600000e-16
  1.168500000e-16
  -7.001000000e-01 -7.092000000e-01 8.287000000e-02
  -4.685000000e-01 3.686000000e-01 -8.029000000e-01
  -5.389000000e-01 6.009000000e-01 5.903000000e-01
 Node:         31
  0.1203E+03  0.1126E+03  0.4920E+03 -0.9866E-04
  -5.551E-17
   9.714E-17
  -1.11E-16
   2.776E-17
   4.163E-17
  -5.551E-17
  4.114000000e-17
  -7.661000000e-17
  -1.866000000e-16
  1.972700000e-16
  -7.402300000e-17
  9.299200000e-17
  -6.956000000e-01 -5.654000000e-01 -4.433000000e-01
  4.358000000e-01 1.585000000e-01 -8.860000000e-01
  5.712000000e-01 -8.095000000e-01 1.362000000e-01
 Node:         32
  0.1188E+03  0.1134E+03  0.5062E+03 -0.9866E-04
   2.22E-16
  -1.388E-17
  -1.11E-16
  -2.776E-17
   9.714E-17
  -5.551E-17
  2.266000000e-16
  1.331000000e-17
  -1.844000000e-16
  3.560200000e-16
  1.850300000e-17
  1.678300000e-16
  -9.894000000e-01 7.624000000e-02 1.236000000e-01
  1.445000000e-01 5.992000000e-01 7.875000000e-01
  1.402000000e-02 -7.970000000e-01 6.038000000e-01
 Node:         33
  0.1183E+03  0.1150E+03  0.5201E+03 -0.9866E-04
   1.11E-16
   5.551E-17
   0.0
   8.327E-17
   0.0
   0.0
  1.700000000e-16
  0.000000000e+00
  -5.893000000e-17
  2.058900000e-16
  3.702300000e-17
  9.705800000e-17
  -8.617000000e-01 -2.815000000e-01 -4.222000000e-01
  0.000000000e+00 -8.321000000e-01 5.547000000e-01
  -5.074000000e-01 4.780000000e-01 7.170000000e-01
 Node:         34
  0.1255E+03  0.1129E+03  0.4909E+03 -0.9866E-04
   0.0
   0.0
   0.0
   5.551E-17
   9.714E-17
   0.0
  1.119000000e-16
  3.387000000e-33
  -1.119000000e-16
  1.938200000e-16
  0.000000000e+00
  9.136600000e-17
  -3.508000000e-01 -6.139000000e-01 -7.071000000e-01
  8.682000000e-01 -4.961000000e-01 -4.855000000e-17
  -3.508000000e-01 -6.139000000e-01 7.071000000e-01
 Node:         35
  0.1260E+03  0.1135E+03  0.5054E+03 -0.9866E-04
   0.0
   1.11E-16
  -1.11E-16
   1.11E-16
   2.498E-16
  -1.11E-16
  2.410000000e-16
  -1.023000000e-16
  -3.608000000e-16
  5.229000000e-16
  -7.403300000e-17
  2.465000000e-16
  5.458000000e-01 5.925000000e-01 5.925000000e-01
  8.379000000e-01 -3.859000000e-01 -3.859000000e-01
  -4.975000000e-17 -7.071000000e-01 7.071000000e-01
 Node:         36
  0.1257E+03  0.1153E+03  0.5196E+03 -0.9866E-04
   0.0
  -5.551E-17
   0.0
  -5.551E-17
   8.327E-17
   0.0
  1.305000000e-16
  -4.723000000e-17
  -8.327000000e-17
  1.982200000e-16
  0.000000000e+00
  9.344300000e-17
  -5.155000000e-01 6.059000000e-01 6.059000000e-01
  8.569000000e-01 3.645000000e-01 3.645000000e-01
  -1.256000000e-16 7.071000000e-01 -7.071000000e-01
 Node:         37
  0.1132E+03  0.1210E+03  0.4959E+03 -0.9866E-04
  -2.22E-16
   1.388E-16
  -2.22E-16
  -8.327E-17
   1.804E-16
  -2.776E-16
  -4.482000000e-17
  -1.622000000e-16
  -5.146000000e-16
  4.234700000e-16
  -2.405400000e-16
  1.996300000e-16
  3.971000000e-01 7.887000000e-01 4.693000000e-01
  -7.874000000e-01 3.010000000e-02 6.157000000e-01
  4.715000000e-01 -6.140000000e-01 6.330000000e-01
 Node:         38
  0.1111E+03  0.1204E+03  0.5085E+03 -0.9866E-04
  -1.665E-16
   9.714E-17
   0.0
  -2.776E-17
  -8.327E-17
  -2.22E-16
  7.071000000e-17
  -2.091000000e-16
  -2.502000000e-16
  3.024600000e-16
  -1.295300000e-16
  1.425800000e-16
  -3.916000000e-01 -8.746000000e-01 2.859000000e-01
  9.154000000e-01 -3.389000000e-01 2.170000000e-01
  9.287000000e-02 -3.467000000e-01 -9.334000000e-01
 Node:         39
  0.1119E+03  0.1201E+03  0.5207E+03 -0.9866E-04
  -5.551E-17
  -9.714E-17
  -3.331E-16
  -8.327E-17
  -7.633E-17
  -1.11E-16
  8.934000000e-18
  -1.105000000e-16
  -3.981000000e-16
  3.623900000e-16
  -1.665600000e-16
  1.708300000e-16
  8.510000000e-01 -1.281000000e-01 -5.092000000e-01
  4.076000000e-01 -4.503000000e-01 7.944000000e-01
  -3.311000000e-01 -8.836000000e-01 -3.310000000e-01
 Node:         40
  0.1191E+03  0.1220E+03  0.4937E+03 -0.9866E-04
   0.0
   8.327E-17
  -2.22E-16
   8.327E-17
  -1.388E-17
  -2.22E-16
  4.872000000e-17
  -2.082000000e-16
  -2.846000000e-16
  3.024500000e-16
  -1.480300000e-16
  1.425700000e-16
  -9.240000000e-01 -2.703000000e-01 -2.703000000e-01
  0.000000000e+00 -7.071000000e-01 7.071000000e-01
  3.823000000e-01 -6.534000000e-01 -6.534000000e-01
 Node:         41
  0.1182E+03  0.1217E+03  0.5073E+03 -0.9866E-04
   0.0
  -2.776E-17
  -5.551E-17
   5.551E-17
   9.714E-17
   1.11E-16
  1.653000000e-16
  1.073000000e-17
  -1.206000000e-16
  2.478700000e-16
  1.847700000e-17
  1.168500000e-16
  2.406000000e-01 3.653000000e-01 8.993000000e-01
  -8.901000000e-01 4.526000000e-01 5.428000000e-02
  -3.871000000e-01 -8.135000000e-01 4.340000000e-01
 Node:         42
  0.1187E+03  0.1212E+03  0.5204E+03 -0.9866E-04
   0.0
  -5.551E-17
  -1.11E-16
   0.0
   5.551E-17
   1.11E-16
  1.256000000e-16
  1.887000000e-17
  -1.444000000e-16
  2.355300000e-16
  2.333300000e-20
  1.110300000e-16
  1.113000000e-01 -2.517000000e-01 -9.614000000e-01
  9.295000000e-01 -3.159000000e-01 1.903000000e-01
  -3.516000000e-01 -9.148000000e-01 1.988000000e-01
 Node:         43
  0.1258E+03  0.1217E+03  0.4915E+03 -0.9866E-04
   2.22E-16
   1.11E-16
   1.11E-16
  -1.388E-17
   0.0
  -5.551E-17
  2.911000000e-16
  4.294000000e-17
  -5.645000000e-17
  3.100400000e-16
  9.253000000e-17
  1.461600000e-16
  -8.507000000e-01 -5.246000000e-01 3.406000000e-02
  -5.213000000e-01 8.502000000e-01 7.348000000e-02
  6.751000000e-02 -4.475000000e-02 9.967000000e-01
 Node:         44
  0.1259E+03  0.1220E+03  0.5059E+03 -0.9866E-04
  -2.22E-16
   1.388E-16
  -2.22E-16
   9.714E-17
   1.11E-16
  -1.11E-16
  5.081000000e-17
  -2.445000000e-16
  -3.614000000e-16
  3.679600000e-16
  -1.850300000e-16
  1.734600000e-16
  -5.113000000e-01 -5.340000000e-01 -6.733000000e-01
  -5.198000000e-01 -4.318000000e-01 7.372000000e-01
  -6.844000000e-01 7.269000000e-01 -5.679000000e-02
 Node:         45
  0.1261E+03  0.1221E+03  0.5198E+03 -0.9866E-04
  -5.551E-17
  -8.327E-17
  -2.776E-16
   2.776E-17
  -6.939E-18
   1.11E-16
  1.167000000e-16
  -3.339000000e-17
  -3.053000000e-16
  3.705000000e-16
  -7.399700000e-17
  1.746600000e-16
  1.854000000e-01 -5.643000000e-02 9.810000000e-01
  9.302000000e-01 -3.117000000e-01 -1.938000000e-01
  -3.167000000e-01 -9.485000000e-01 5.308000000e-03
 Node:         46
  0.1117E+03  0.1296E+03  0.4959E+03  0.0000E+00
  -5.551E-17
   2.776E-17
  -1.665E-16
   6.939E-18
  -2.602E-17
   0.0
  4.101000000e-18
  -4.897000000e-17
  -1.772000000e-16
  1.614500000e-16
  -7.402300000e-17
  7.610600000e-17
  4.856000000e-02 -1.429000000e-01 9.886000000e-01
  9.724000000e-01 2.327000000e-01 -1.414000000e-02
  -2.280000000e-01 9.620000000e-01 1.502000000e-01
 Node:         47
  0.1107E+03  0.1269E+03  0.5087E+03  0.0000E+00
  -1.665E-16
  -3.123E-17
   1.11E-16
  -2.776E-17
   3.99E-17
   0.0
  1.289000000e-16
  -1.114000000e-17
  -1.732000000e-16
  2.618600000e-16
  -1.848000000e-17
  1.234400000e-16
  -1.292000000e-01 9.390000000e-01 3.186000000e-01
  -1.008000000e-01 -3.321000000e-01 9.379000000e-01
  -9.865000000e-01 -8.906000000e-02 -1.376000000e-01
 Node:         48
  0.1125E+03  0.1242E+03  0.5208E+03  0.0000E+00
   1.11E-16
   3.469E-18
   1.11E-16
   0.0
  -1.735E-18
   1.11E-16
  1.149000000e-16
  1.110000000e-16
  1.071000000e-16
  6.755000000e-18
  1.110000000e-16
  3.184300000e-18
  -6.325000000e-01 -7.071000000e-01 3.162000000e-01
  4.472000000e-01 -4.455000000e-15 8.944000000e-01
  -6.325000000e-01 7.071000000e-01 3.162000000e-01
 Node:         49
  0.1186E+03  0.1311E+03  0.4938E+03  0.0000E+00
  -1.665E-16
  -2.082E-17
   0.0
  -4.163E-17
  -6.072E-18
  -5.551E-17
  2.581000000e-18
  -4.165000000e-17
  -1.830000000e-16
  1.678900000e-16
  -7.402300000e-17
  7.914600000e-17
  1.174000000e-01 -9.929000000e-01 1.965000000e-02
  -3.135000000e-01 -1.827000000e-02 9.494000000e-01
  -9.423000000e-01 -1.176000000e-01 -3.134000000e-01
 Node:         50
  0.1180E+03  0.1298E+03  0.5075E+03  0.0000E+00
   0.0
  -1.301E-17
   3.331E-16
  -4.163E-17
   1.247E-17
   2.22E-16
  3.354000000e-16
  2.276000000e-16
  -7.879000000e-18
  3.040700000e-16
  1.850400000e-16
  1.433400000e-16
  5.441000000e-02 -9.902000000e-01 -1.289000000e-01
  -1.707000000e-01 -1.364000000e-01 9.758000000e-01
  9.838000000e-01 3.109000000e-02 1.765000000e-01
 Node:         51
  0.1192E+03  0.1275E+03  0.5206E+03  0.0000E+00
   0.0
  -3.469E-18
  -5.551E-17
   0.0
   1.475E-17
   1.11E-16
  1.123000000e-16
  2.087000000e-19
  -5.702000000e-17
  1.491800000e-16
  1.849600000e-17
  7.032400000e-17
  -2.705000000e-03 8.758000000e-02 9.962000000e-01
  9.982000000e-01 -6.004000000e-02 7.989000000e-03
  -6.051000000e-02 -9.943000000e-01 8.725000000e-02
 Node:         52
  0.1262E+03  0.1305E+03  0.4920E+03  0.0000E+00
   1.11E-16
  -1.388E-17
   1.11E-16
   1.301E-18
   4.906E-18
   0.0
  1.250000000e-16
  9.734000000e-17
  -2.497000000e-19
  1.139700000e-16
  7.403000000e-17
  5.372400000e-17
  -7.047000000e-01 7.092000000e-01 2.051000000e-02
  7.093000000e-01 7.034000000e-01 4.493000000e-02
  -1.744000000e-02 -4.621000000e-02 9.988000000e-01
 Node:         53
  0.1258E+03  0.1304E+03  0.5063E+03  0.0000E+00
  -1.665E-16
  -1.735E-18
  -1.11E-16
   2.776E-17
   3.383E-17
  -2.22E-16
  -1.010000000e-16
  -1.572000000e-16
  -2.414000000e-16
  1.223900000e-16
  -1.665300000e-16
  5.769700000e-17
  9.684000000e-02 9.526000000e-01 2.883000000e-01
  -9.346000000e-01 1.866000000e-01 -3.027000000e-01
  -3.422000000e-01 -2.402000000e-01 9.084000000e-01
 Node:         54
  0.1265E+03  0.1288E+03  0.5200E+03  0.0000E+00
  -2.22E-16
   2.082E-17
   1.11E-16
   0.0
  -4.337E-18
   1.11E-16
  1.160000000e-16
  1.073000000e-16
  -2.233000000e-16
  3.350300000e-16
  0.000000000e+00
  1.579400000e-16
  -4.656000000e-02 -7.562000000e-01 6.527000000e-01
  -4.117000000e-02 -6.514000000e-01 -7.576000000e-01
  -9.981000000e-01 6.215000000e-02 8.061000000e-04
 Node:         55
  0.1382E+03  0.1168E+03  0.4541E+03  0.1732E-02
  -0.0895
  -0.01672
   0.09063
   0.003691
   0.03297
   0.05067
  1.100000000e-01
  3.314000000e-02
  -9.137000000e-02
  1.760100000e-01
  1.725700000e-02
  8.297300000e-02
  6.435000000e-02 -8.740000000e-01 -4.816000000e-01
  9.115000000e-02 -4.754000000e-01 8.750000000e-01
  -9.938000000e-01 -1.002000000e-01 4.908000000e-02
 Node:         56
  0.1314E+03  0.1156E+03  0.4693E+03  0.1732E-02
  -0.09025
   0.001754
   0.04674
   0.02312
   0.002526
   0.001846
  4.695000000e-02
  7.120000000e-03
  -9.574000000e-02
  1.275300000e-01
  -1.389000000e-02
  6.011800000e-02
  -2.426000000e-02 -9.974000000e-01 -6.829000000e-02
  2.292000000e-01 -7.204000000e-02 9.707000000e-01
  -9.731000000e-01 7.895000000e-03 2.304000000e-01
 Node:         57
  0.1285E+03  0.1140E+03  0.4824E+03  0.1732E-02
  -0.02123
   0.009615
  -0.00145
   0.007805
  -0.005394
  -0.003259
  3.563000000e-03
  -9.565000000e-04
  -2.854000000e-02
  3.009900000e-02
  -8.644500000e-03
  1.418900000e-02
  -1.875000000e-01 -8.635000000e-01 4.682000000e-01
  4.736000000e-01 3.381000000e-01 8.133000000e-01
  -8.606000000e-01 3.742000000e-01 3.455000000e-01
 Node:         58
  0.1488E+03  0.1179E+03  0.4538E+03  0.1732E-02
  -0.1036
  -0.04907
   0.1584
  -0.007571
   0.02717
   0.003354
  1.719000000e-01
  -1.265000000e-03
  -1.125000000e-01
  2.482400000e-01
  1.937800000e-02
  1.170200000e-01
  1.773000000e-01 -9.703000000e-01 -1.644000000e-01
  6.566000000e-03 -1.658000000e-01 9.861000000e-01
  -9.841000000e-01 -1.760000000e-01 -2.304000000e-02
 Node:         59
  0.1422E+03  0.1168E+03  0.4697E+03  0.1732E-02
  -0.09016
  -0.0421
   0.1099
   0.006137
   0.01416
  -0.01927
  1.196000000e-01
  -1.945000000e-02
  -9.963000000e-02
  1.921300000e-01
  1.733300000e-04
  9.057000000e-02
  1.934000000e-01 -9.769000000e-01 -9.112000000e-02
  1.260000000e-01 -6.737000000e-02 9.897000000e-01
  -9.730000000e-01 -2.029000000e-01 1.101000000e-01
 Node:         60
  0.1375E+03  0.1150E+03  0.4833E+03  0.1732E-02
  -0.01623
  -0.007186
   0.01633
   0.005992
  -7.708E-4
  -0.004939
  1.802000000e-02
  -2.933000000e-03
  -1.993000000e-02
  3.292500000e-02
  -1.614300000e-03
  1.552100000e-02
  -2.195000000e-01 9.715000000e-01 -8.990000000e-02
  3.318000000e-01 1.610000000e-01 9.295000000e-01
  -9.174000000e-01 -1.742000000e-01 3.577000000e-01
 Node:         61
  0.1559E+03  0.1225E+03  0.4528E+03  0.1732E-02
  -0.05142
  -0.05024
   0.1027
  -0.03706
   0.04674
  -0.1161
  1.302000000e-01
  -5.966000000e-02
  -1.354000000e-01
  2.369900000e-01
  -2.162000000e-02
  1.117200000e-01
  -3.017000000e-01 9.274000000e-01 2.213000000e-01
  8.886000000e-01 3.576000000e-01 -2.872000000e-01
  3.455000000e-01 -1.101000000e-01 9.320000000e-01
 Node:         62
  0.1496E+03  0.1206E+03  0.4696E+03  0.1732E-02
   3.771E-4
  -0.07249
   0.09904
  -0.01805
   0.02986
  -0.102
  1.424000000e-01
  -3.792000000e-02
  -1.070000000e-01
  2.230300000e-01
  -8.400000000e-04
  1.051400000e-01
  4.644000000e-01 -8.743000000e-01 -1.412000000e-01
  8.809000000e-01 4.724000000e-01 -2.806000000e-02
  9.122000000e-02 -1.113000000e-01 9.896000000e-01
 Node:         63
  0.1437E+03  0.1181E+03  0.4838E+03  0.1732E-02
   0.01391
  -0.0219
   0.02412
   4.621E-4
   5.597E-4
  -0.01639
  4.150000000e-02
  -3.428000000e-03
  -1.643000000e-02
  5.264700000e-02
  7.214000000e-03
  2.481800000e-02
  6.216000000e-01 -7.833000000e-01 -2.611000000e-03
  7.822000000e-01 6.206000000e-01 5.468000000e-02
  -4.121000000e-02 -3.603000000e-02 9.985000000e-01
 Node:         64
  0.1415E+03  0.1252E+03  0.4522E+03  0.1732E-02
  -0.07585
   0.01258
   0.0899
  -0.01994
   0.01541
  -0.01887
  9.262000000e-02
  -1.369000000e-02
  -8.374000000e-02
  1.538000000e-01
  -1.603300000e-03
  7.250400000e-02
  5.901000000e-02 9.902000000e-01 1.264000000e-01
  3.224000000e-01 1.009000000e-01 -9.412000000e-01
  -9.448000000e-01 9.628000000e-02 -3.133000000e-01
 Node:         65
  0.1343E+03  0.1229E+03  0.4683E+03  0.1732E-02
  -0.05268
  -0.003476
   0.07414
  -0.007469
   0.007268
  -0.01334
  7.487000000e-02
  -1.266000000e-02
  -5.409000000e-02
  1.140400000e-01
  2.706700000e-03
  5.375700000e-02
  3.211000000e-02 -9.959000000e-01 -8.478000000e-02
  -1.753000000e-01 -8.912000000e-02 9.805000000e-01
  9.840000000e-01 1.662000000e-02 1.774000000e-01
 Node:         66
  0.1299E+03  0.1214E+03  0.4825E+03  0.1732E-02
  -0.003285
  -0.003062
   0.01253
   0.002389
  -0.001775
  -0.002707
  1.340000000e-02
  -1.383000000e-03
  -5.481000000e-03
  1.720200000e-02
  2.178700000e-03
  8.109100000e-03
  -1.976000000e-01 9.708000000e-01 -1.363000000e-01
  -5.966000000e-01 -2.294000000e-01 -7.691000000e-01
  -7.778000000e-01 -7.067000000e-02 6.245000000e-01
 Node:         67
  0.1503E+03  0.1245E+03  0.4521E+03  0.1732E-02
  -0.07749
  -0.0289
   0.0839
  -0.01743
   0.01262
   0.007131
  9.177000000e-02
  6.762000000e-03
  -8.499000000e-02
  1.531200000e-01
  4.514000000e-03
  7.217900000e-02
  1.837000000e-01 -9.660000000e-01 -1.819000000e-01
  -1.295000000e-01 -2.072000000e-01 9.697000000e-01
  -9.744000000e-01 -1.546000000e-01 -1.632000000e-01
 Node:         68
  0.1435E+03  0.1225E+03  0.4688E+03  0.1732E-02
  -0.04212
  -0.05455
   0.08321
  -0.01581
   0.01642
   2.644E-4
  1.077000000e-01
  -2.496000000e-03
  -6.387000000e-02
  1.505800000e-01
  1.377800000e-02
  7.098200000e-02
  -3.536000000e-01 9.155000000e-01 1.919000000e-01
  -6.993000000e-02 -2.305000000e-01 9.706000000e-01
  9.328000000e-01 3.297000000e-01 1.455000000e-01
 Node:         69
  0.1380E+03  0.1205E+03  0.4831E+03  0.1732E-02
   0.002749
  -0.01685
   0.02172
  -0.002279
   0.003928
  -5.272E-4
  3.221000000e-02
  -1.157000000e-03
  -7.106000000e-03
  3.670500000e-02
  7.982300000e-03
  1.730300000e-02
  -4.999000000e-01 8.551000000e-01 1.374000000e-01
  7.148000000e-02 -1.174000000e-01 9.905000000e-01
  8.631000000e-01 5.050000000e-01 -2.440000000e-03
 Node:         70
  0.1561E+03  0.1246E+03  0.4524E+03  0.1732E-02
  -0.06562
  -0.03525
   0.0123
  -0.04426
   0.0292
   0.05999
  9.317000000e-02
  -2.884000000e-06
  -8.651000000e-02
  1.556400000e-01
  2.219000000e-03
  7.337100000e-02
  -3.307000000e-01 4.447000000e-01 8.324000000e-01
  1.193000000e-01 -8.552000000e-01 5.043000000e-01
  9.362000000e-01 2.661000000e-01 2.298000000e-01
 Node:         71
  0.1498E+03  0.1225E+03  0.4694E+03  0.1732E-02
  -0.0126
  -0.07209
   0.05564
  -0.05364
   0.04029
   0.02291
  1.367000000e-01
  -4.033000000e-03
  -6.677000000e-02
  1.804700000e-01
  2.196600000e-02
  8.507600000e-02
  -5.154000000e-01 7.021000000e-01 4.913000000e-01
  -4.182000000e-02 -5.933000000e-01 8.039000000e-01
  8.559000000e-01 3.938000000e-01 3.351000000e-01
 Node:         72
  0.1435E+03  0.1199E+03  0.4837E+03  0.1732E-02
   0.01314
  -0.0259
   0.01985
  -0.01097
   0.00894
   0.002535
  4.701000000e-02
  -1.252000000e-03
  -1.023000000e-02
  5.332100000e-02
  1.184300000e-02
  2.513600000e-02
  -6.390000000e-01 7.083000000e-01 3.000000000e-01
  1.716000000e-05 -3.900000000e-01 9.208000000e-01
  7.692000000e-01 5.884000000e-01 2.492000000e-01
 Node:         73
  0.1449E+03  0.1339E+03  0.4513E+03  0.0000E+00
   0.03215
  -0.01563
  -0.06732
   0.00539
  -0.006984
   0.05615
  5.817000000e-02
  3.283000000e-02
  -7.002000000e-02
  1.175900000e-01
  6.993300000e-03
  5.543100000e-02
  2.508000000e-01 -8.491000000e-02 9.643000000e-01
  9.566000000e-01 -1.312000000e-01 -2.603000000e-01
  -1.486000000e-01 -9.877000000e-01 -4.833000000e-02
 Node:         74
  0.1371E+03  0.1304E+03  0.4679E+03  0.0000E+00
   0.0751
  -0.01239
  -0.03391
   0.004825
  -0.01056
   0.03861
  7.743000000e-02
  3.899000000e-02
  -3.662000000e-02
  1.005000000e-01
  2.660000000e-02
  4.737800000e-02
  -9.801000000e-01 1.238000000e-01 -1.554000000e-01
  -1.696000000e-01 -1.130000000e-01 9.790000000e-01
  1.036000000e-01 9.859000000e-01 1.317000000e-01
 Node:         75
  0.1314E+03  0.1289E+03  0.4826E+03  0.0000E+00
   0.02763
  -0.004824
  -0.004409
  -0.003372
  -0.002129
   0.002559
  2.870000000e-02
  3.025000000e-03
  -5.939000000e-03
  3.114000000e-02
  8.595300000e-03
  1.468000000e-02
  -9.839000000e-01 1.359000000e-01 1.159000000e-01
  6.795000000e-02 -3.151000000e-01 9.466000000e-01
  1.652000000e-01 9.393000000e-01 3.008000000e-01
 Node:         76
  0.1517E+03  0.1313E+03  0.4512E+03  0.0000E+00
   0.0326
  -0.02354
  -0.0909
  -0.005582
   0.02215
   0.07927
  8.362000000e-02
  3.504000000e-02
  -9.769000000e-02
  1.625600000e-01
  6.990000000e-03
  7.663100000e-02
  -1.744000000e-01 1.471000000e-01 9.736000000e-01
  9.696000000e-01 -1.468000000e-01 1.959000000e-01
  -1.717000000e-01 -9.782000000e-01 1.170000000e-01
 Node:         77
  0.1448E+03  0.1283E+03  0.4682E+03  0.0000E+00
   0.1089
  -7.09E-4
  -0.04765
  -0.002497
   0.01641
   0.03553
  1.090000000e-01
  3.856000000e-02
  -5.077000000e-02
  1.386900000e-01
  3.226300000e-02
  6.537800000e-02
  -9.993000000e-01 8.271000000e-03 3.580000000e-02
  3.672000000e-02 1.866000000e-01 9.818000000e-01
  -1.441000000e-03 -9.824000000e-01 1.868000000e-01
 Node:         78
  0.1385E+03  0.1261E+03  0.4829E+03  0.0000E+00
   0.04558
   0.004166
  -0.0035
  -0.002131
   3.044E-5
   0.001646
  4.604000000e-02
  1.553000000e-03
  -3.859000000e-03
  4.742500000e-02
  1.457800000e-02
  2.235600000e-02
  -9.953000000e-01 -8.367000000e-02 4.772000000e-02
  4.428000000e-02 4.252000000e-02 9.981000000e-01
  -8.555000000e-02 9.956000000e-01 -3.862000000e-02
 Node:         79
  0.1561E+03  0.1266E+03  0.4520E+03  0.0000E+00
   0.03331
   0.04985
   0.05924
   0.007478
  -0.002229
  -0.2868
  9.780000000e-02
  -5.043000000e-03
  -2.870000000e-01
  3.450700000e-01
  -6.474800000e-02
  1.626700000e-01
  6.121000000e-01 7.908000000e-01 7.318000000e-03
  7.904000000e-01 -6.120000000e-01 2.582000000e-02
  -2.490000000e-02 1.002000000e-02 9.996000000e-01
 Node:         80
  0.1499E+03  0.1244E+03  0.4691E+03  0.0000E+00
   0.121
   0.0422
   0.02359
   0.01379
  -0.001304
  -0.2356
  1.372000000e-01
  8.010000000e-03
  -2.361000000e-01
  3.283500000e-01
  -3.029700000e-02
  1.547900000e-01
  9.370000000e-01 3.477000000e-01 3.344000000e-02
  -3.470000000e-01 9.375000000e-01 -2.466000000e-02
  -3.993000000e-02 1.150000000e-02 9.991000000e-01
 Node:         81
  0.1433E+03  0.1218E+03  0.4836E+03  0.0000E+00
   0.05015
   0.009285
   0.001069
   0.002416
   4.66E-4
  -0.03087
  5.192000000e-02
  -6.290000000e-04
  -3.094000000e-02
  7.261500000e-02
  6.783700000e-03
  3.423100000e-02
  -9.833000000e-01 -1.798000000e-01 -2.971000000e-02
  -1.799000000e-01 9.837000000e-01 7.862000000e-04
  -2.908000000e-02 -6.117000000e-03 9.996000000e-01
 Node:         82
  0.1267E+03  0.1149E+03  0.4574E+03 -0.3181E-01
  -0.03249
  -0.01239
   0.02708
   0.006283
   0.02404
   0.006566
  4.361000000e-02
  -4.316000000e-03
  -3.813000000e-02
  7.114000000e-02
  3.880000000e-04
  3.353600000e-02
  -9.334000000e-02 8.423000000e-01 5.308000000e-01
  -3.818000000e-01 4.621000000e-01 -8.004000000e-01
  -9.195000000e-01 -2.774000000e-01 2.785000000e-01
 Node:         83
  0.1234E+03  0.1130E+03  0.4726E+03 -0.3181E-01
  -0.04053
   1.46E-4
   0.01101
   0.03535
   0.00983
  -0.02471
  1.622000000e-02
  -1.142000000e-03
  -6.931000000e-02
  7.830600000e-02
  -1.807700000e-02
  3.691400000e-02
  -2.801000000e-01 -8.501000000e-01 -4.461000000e-01
  5.690000000e-01 -5.212000000e-01 6.361000000e-01
  -7.732000000e-01 -7.566000000e-02 6.297000000e-01
 Node:         84
  0.1187E+03  0.1123E+03  0.4849E+03 -0.3181E-01
  -0.005742
   9.569E-4
   7.157E-4
   0.01366
  -5.592E-4
  -0.02421
  1.824000000e-03
  4.291000000e-04
  -3.149000000e-02
  3.263900000e-02
  -9.745600000e-03
  1.538600000e-02
  -7.837000000e-01 -4.745000000e-01 -4.009000000e-01
  4.070000000e-01 -8.798000000e-01 2.456000000e-01
  4.692000000e-01 -2.927000000e-02 -8.826000000e-01
 Node:         85
  0.1302E+03  0.1162E+03  0.4561E+03 -0.3181E-01
  -0.03376
  -0.01053
   0.03501
   0.01067
   0.03394
   0.01199
  5.940000000e-02
  -4.791000000e-03
  -4.137000000e-02
  8.835500000e-02
  4.413000000e-03
  4.165100000e-02
  -2.597000000e-02 8.156000000e-01 5.780000000e-01
  -4.540000000e-01 5.055000000e-01 -7.337000000e-01
  8.906000000e-01 2.815000000e-01 -3.571000000e-01
 Node:         86
  0.1252E+03  0.1138E+03  0.4709E+03 -0.3181E-01
  -0.02836
   0.02255
   0.07056
   0.06472
   0.03089
  -0.01536
  9.735000000e-02
  1.650000000e-02
  -8.701000000e-02
  1.600600000e-01
  8.946700000e-03
  7.545400000e-02
  -3.723000000e-01 -8.183000000e-01 -4.380000000e-01
  5.655000000e-01 -5.742000000e-01 5.920000000e-01
  7.359000000e-01 2.731000000e-02 -6.765000000e-01
 Node:         87
  0.1217E+03  0.1126E+03  0.4834E+03 -0.3181E-01
  -0.01073
   5.407E-4
   0.002197
   0.01726
  -0.002874
  -0.02186
  3.395000000e-03
  8.326000000e-04
  -3.462000000e-02
  3.680100000e-02
  -1.013100000e-02
  1.734800000e-02
  -4.753000000e-01 7.767000000e-01 -4.133000000e-01
  6.570000000e-01 6.258000000e-01 4.205000000e-01
  5.852000000e-01 -7.165000000e-02 -8.077000000e-01
 Node:         88
  0.1338E+03  0.1169E+03  0.4544E+03 -0.3181E-01
  -0.0633
  -0.01566
   0.02842
   0.007797
   0.04453
   0.04884
  8.441000000e-02
  -2.269000000e-03
  -6.818000000e-02
  1.325500000e-01
  4.653700000e-03
  6.248700000e-02
  -2.531000000e-02 6.266000000e-01 7.789000000e-01
  -2.692000000e-01 7.461000000e-01 -6.090000000e-01
  9.627000000e-01 2.251000000e-01 -1.498000000e-01
 Node:         89
  0.1270E+03  0.1150E+03  0.4693E+03 -0.3181E-01
  -0.07181
   0.006562
   0.01507
   0.0293
   0.01168
  -0.005136
  2.453000000e-02
  -3.513000000e-03
  -8.290000000e-02
  9.651400000e-02
  -2.062800000e-02
  4.549700000e-02
  2.188000000e-01 8.148000000e-01 5.370000000e-01
  -2.736000000e-01 5.794000000e-01 -7.677000000e-01
  -9.366000000e-01 2.103000000e-02 3.497000000e-01
 Node:         90
  0.1248E+03  0.1132E+03  0.4822E+03 -0.3181E-01
  -0.01836
   0.01016
  -0.004672
   0.009157
  -0.005072
  -0.005372
  7.515000000e-04
  -6.553000000e-04
  -2.851000000e-02
  2.858400000e-02
  -9.471300000e-03
  1.347500000e-02
  4.267000000e-01 8.982000000e-01 -1.057000000e-01
  4.157000000e-01 -9.098000000e-02 9.049000000e-01
  -8.032000000e-01 4.301000000e-01 4.122000000e-01
 Node:         91
  0.1261E+03  0.1265E+03  0.4551E+03 -0.3181E-01
  -0.04811
   0.02069
   0.07484
  -0.00616
   0.03402
   7.237E-4
  9.021000000e-02
  -8.414000000e-03
  -5.435000000e-02
  1.279300000e-01
  9.148700000e-03
  6.030900000e-02
  1.238000000e-01 9.303000000e-01 3.452000000e-01
  -2.959000000e-01 -2.974000000e-01 9.077000000e-01
  9.472000000e-01 -2.145000000e-01 2.385000000e-01
 Node:         92
  0.1210E+03  0.1235E+03  0.4727E+03 -0.3181E-01
  -0.04476
   0.00137
   0.0381
   0.003688
   0.02377
   0.01829
  5.404000000e-02
  2.558000000e-03
  -4.498000000e-02
  8.577700000e-02
  3.872700000e-03
  4.043500000e-02
  -3.226000000e-02 -8.308000000e-01 -5.556000000e-01
  4.853000000e-02 -5.565000000e-01 8.294000000e-01
  -9.983000000e-01 -2.048000000e-04 5.827000000e-02
 Node:         93
  0.1159E+03  0.1217E+03  0.4877E+03 -0.3181E-01
  -0.005656
  -0.002389
   0.002736
   0.00487
   0.005725
  -0.002073
  6.591000000e-03
  -4.241000000e-04
  -1.116000000e-02
  1.548500000e-02
  -1.664400000e-03
  7.299700000e-03
  -7.090000000e-02 -8.134000000e-01 -5.773000000e-01
  7.102000000e-01 -4.476000000e-01 5.434000000e-01
  7.004000000e-01 3.715000000e-01 -6.094000000e-01
 Node:         94
  0.1316E+03  0.1267E+03  0.4540E+03 -0.3181E-01
  -0.05734
   0.01985
   0.08336
  -0.01949
   0.03215
   0.0215
  9.780000000e-02
  1.659000000e-02
  -6.688000000e-02
  1.426200000e-01
  1.583700000e-02
  6.723200000e-02
  7.174000000e-02 9.256000000e-01 3.716000000e-01
  3.226000000e-01 3.310000000e-01 -8.868000000e-01
  9.438000000e-01 -1.835000000e-01 2.749000000e-01
 Node:         95
  0.1251E+03  0.1237E+03  0.4708E+03 -0.3181E-01
  -0.06037
  -0.001335
   0.04703
  -0.001697
   0.017
   0.0354
  5.921000000e-02
  2.325000000e-02
  -6.041000000e-02
  1.063000000e-01
