 Group name: actual_strain_L4A1
 #Fields=  17
 1) coordinates, coordinate, rectangular cartesian, #Components=3
   x.  Value index= 1, #Derivatives=0
   y.  Value index= 2, #Derivatives=0
   z.  Value index= 3, #Derivatives=0
 2) dummy, field, rectangular cartesian, #Components=1
   Tensor_1.  Value index= 4, #Derivatives=0
 3) Tensor_1, field, rectangular cartesian, #Components=1
   Tensor_1.  Value index= 5, #Derivatives=0
 4) Tensor_2, field, rectangular cartesian, #Components=1
   Tensor_2.  Value index= 6, #Derivatives=0
 5) Tensor_3, field, rectangular cartesian, #Components=1
   Tensor_3.  Value index= 7, #Derivatives=0
 6) Tensor_4, field, rectangular cartesian, #Components=1
   Tensor_4.  Value index= 8, #Derivatives=0
 7) Tensor_5, field, rectangular cartesian, #Components=1
   Tensor_5.  Value index= 9, #Derivatives=0
 8) Tensor_6, field, rectangular cartesian, #Components=1
   Tensor_6.  Value index= 10, #Derivatives=0
 9) Principal_1, field, rectangular cartesian, #Components=1
   Principal_1.  Value index= 11, #Derivatives=0
 10) Principal_2, field, rectangular cartesian, #Components=1
   Principal_2.  Value index= 12, #Derivatives=0
 11) Principal_3, field, rectangular cartesian, #Components=1
   Principal_3.  Value index= 13, #Derivatives=0
 12) VonMises, field, rectangular cartesian, #Components=1
   VonMises.  Value index= 14, #Derivatives=0
 13) Hydrostatic, field, rectangular cartesian, #Components=1
   VonMises.  Value index= 15, #Derivatives=0
 14) Octahedral, field, rectangular cartesian, #Components=1
   VonMises.  Value index= 16, #Derivatives=0
 15) PrincipalVector1, field, rectangular cartesian, #Components=3
   x.  Value index= 17, #Derivatives=0
   y.  Value index= 18, #Derivatives=0
   z.  Value index= 19, #Derivatives=0
 16) PrincipalVector2, field, rectangular cartesian, #Components=3
   x.  Value index= 20, #Derivatives=0
   y.  Value index= 21, #Derivatives=0
   z.  Value index= 22, #Derivatives=0
 17) PrincipalVector3, field, rectangular cartesian, #Components=3
   x.  Value index= 23, #Derivatives=0
   y.  Value index= 24, #Derivatives=0
   z.  Value index= 25, #Derivatives=0
 Node:          1
  0.1287E+03  0.1133E+03  0.4908E+03 -0.3597E-04
  -1.11E-16
  -8.327E-17
  -2.22E-16
  -2.776E-17
  -4.163E-17
  -3.331E-16
  -6.637000000e-17
  -2.400000000e-16
  -3.598000000e-16
  2.555400000e-16
  -2.220600000e-16
  1.204600000e-16
  8.837000000e-01 -4.676000000e-01 -1.897000000e-02
  4.046000000e-01 7.837000000e-01 -4.712000000e-01
  2.352000000e-01 4.088000000e-01 8.818000000e-01
 Node:          2
  0.1292E+03  0.1137E+03  0.5052E+03 -0.3597E-04
  -5.551E-17
  -1.11E-16
  -1.665E-16
  -5.551E-17
   1.943E-16
  -2.776E-16
  8.603000000e-17
  -1.600000000e-16
  -4.256000000e-16
  4.431900000e-16
  -1.665200000e-16
  2.089200000e-16
  -6.554000000e-01 6.199000000e-01 4.313000000e-01
  7.522000000e-01 4.849000000e-01 4.462000000e-01
  -6.744000000e-02 -6.169000000e-01 7.841000000e-01
 Node:          3
  0.1289E+03  0.1155E+03  0.5194E+03 -0.3597E-04
   2.22E-16
   1.388E-16
   3.331E-16
   1.11E-16
   5.551E-17
   2.22E-16
  4.753000000e-16
  2.118000000e-16
  9.006000000e-17
  3.410700000e-16
  2.590500000e-16
  1.607800000e-16
  -5.696000000e-01 -7.144000000e-01 -4.063000000e-01
  2.395000000e-01 -6.172000000e-01 7.494000000e-01
  -7.862000000e-01 3.296000000e-01 5.227000000e-01
 Node:          4
  0.1361E+03  0.1141E+03  0.4915E+03 -0.3597E-04
   0.0
  -2.776E-17
  -1.11E-16
  -2.776E-17
  -8.327E-17
   2.22E-16
  2.435000000e-16
  6.328000000e-18
  -1.388000000e-16
  3.342600000e-16
  3.700900000e-17
  1.575700000e-16
  -8.549000000e-02 -2.215000000e-01 9.714000000e-01
  9.681000000e-01 -2.491000000e-01 2.840000000e-02
  2.357000000e-01 9.428000000e-01 2.357000000e-01
 Node:          5
  0.1341E+03  0.1144E+03  0.5054E+03 -0.3597E-04
   3.331E-16
   1.388E-16
   3.331E-16
   5.551E-17
  -6.939E-17
   4.441E-16
  4.814000000e-16
  4.627000000e-16
  1.662000000e-16
  3.062800000e-16
  3.701000000e-16
  1.443800000e-16
  -3.480000000e-01 -6.443000000e-01 6.810000000e-01
  -6.589000000e-01 -3.487000000e-01 -6.665000000e-01
  6.669000000e-01 -6.807000000e-01 -3.032000000e-01
 Node:          6
  0.1323E+03  0.1162E+03  0.5191E+03 -0.3597E-04
   2.22E-16
   5.551E-17
   2.22E-16
  -5.551E-17
  -2.776E-17
   0.0
  2.897000000e-16
  1.685000000e-16
  -1.402000000e-17
  2.648100000e-16
  1.480600000e-16
  1.248300000e-16
  -7.150000000e-01 -6.696000000e-01 2.012000000e-01
  6.656000000e-01 -7.399000000e-01 -9.741000000e-02
  -2.141000000e-01 -6.426000000e-02 -9.747000000e-01
 Node:          7
  0.1408E+03  0.1171E+03  0.4920E+03 -0.3597E-04
   3.331E-16
   2.22E-16
   2.22E-16
  -8.327E-17
  -1.11E-16
   0.0
  5.398000000e-16
  6.158000000e-17
  -4.631000000e-17
  5.403100000e-16
  1.850200000e-16
  2.547000000e-16
  -7.537000000e-01 -6.111000000e-01 2.419000000e-01
  -6.560000000e-01 6.770000000e-01 -3.335000000e-01
  -4.004000000e-02 4.101000000e-01 9.112000000e-01
 Node:          8
  0.1367E+03  0.1169E+03  0.5055E+03 -0.3597E-04
   2.22E-16
   1.943E-16
   2.22E-16
  -4.025E-16
  -2.359E-16
  -2.22E-16
  6.547000000e-16
  4.477000000e-17
  -4.775000000e-16
  9.814900000e-16
  7.399000000e-17
  4.626800000e-16
  -6.847000000e-01 -5.611000000e-01 4.652000000e-01
  5.685000000e-01 -8.105000000e-01 -1.409000000e-01
  -4.561000000e-01 -1.681000000e-01 -8.739000000e-01
 Node:          9
  0.1339E+03  0.1180E+03  0.5191E+03 -0.3597E-04
   2.22E-16
   1.665E-16
   0.0
  -3.955E-16
  -2.776E-16
   6.661E-16
  1.002000000e-15
  -9.379000000e-18
  -1.046000000e-16
  1.062200000e-15
  2.960100000e-16
  5.007200000e-16
  -4.817000000e-01 -3.073000000e-01 8.207000000e-01
  -8.565000000e-01 -3.292000000e-02 -5.150000000e-01
  -1.853000000e-01 9.510000000e-01 2.474000000e-01
 Node:         10
  0.1294E+03  0.1212E+03  0.4911E+03 -0.3597E-04
   0.0
   2.776E-17
   1.11E-16
  -1.388E-17
   1.249E-16
   1.11E-16
  2.363000000e-16
  2.303000000e-17
  -3.732000000e-17
  2.489900000e-16
  7.400300000e-17
  1.173800000e-16
  4.210000000e-02 7.100000000e-01 7.030000000e-01
  -7.813000000e-01 -4.152000000e-01 4.661000000e-01
  -6.228000000e-01 5.688000000e-01 -5.372000000e-01
 Node:         11
  0.1295E+03  0.1214E+03  0.5055E+03 -0.3597E-04
  -2.22E-16
  -2.776E-17
  -2.22E-16
  -4.163E-17
   1.388E-17
  -1.665E-16
  -1.365000000e-16
  -2.183000000e-16
  -2.558000000e-16
  1.056600000e-16
  -2.035300000e-16
  4.981100000e-17
  -4.935000000e-01 2.929000000e-01 8.189000000e-01
  3.541000000e-01 -7.924000000e-01 4.968000000e-01
  -7.944000000e-01 -5.351000000e-01 -2.873000000e-01
 Node:         12
  0.1295E+03  0.1217E+03  0.5196E+03 -0.3597E-04
   1.11E-16
   0.0
   1.11E-16
   7.633E-17
   2.776E-17
   2.22E-16
  2.649000000e-16
  1.110000000e-16
  6.816000000e-17
  1.792000000e-16
  1.480200000e-16
  8.447700000e-17
  -4.387000000e-01 -1.595000000e-01 -8.844000000e-01
  3.417000000e-01 -9.398000000e-01 -2.255000000e-17
  8.311000000e-01 3.022000000e-01 -4.668000000e-01
 Node:         13
  0.1361E+03  0.1199E+03  0.4914E+03 -0.3597E-04
   1.11E-16
  -1.388E-16
   0.0
  -9.714E-17
   2.776E-17
  -1.665E-16
  2.285000000e-16
  -8.520000000e-17
  -1.988000000e-16
  3.833400000e-16
  -1.850000000e-17
  1.807100000e-16
  8.171000000e-01 -5.252000000e-01 -2.378000000e-01
  4.648000000e-01 8.442000000e-01 -2.671000000e-01
  3.410000000e-01 1.077000000e-01 9.339000000e-01
 Node:         14
  0.1342E+03  0.1198E+03  0.5054E+03 -0.3597E-04
  -5.551E-17
   2.776E-17
   0.0
   5.551E-17
  -9.021E-17
   1.11E-16
  1.672000000e-16
  -4.940000000e-18
  -1.068000000e-16
  2.398800000e-16
  1.848700000e-17
  1.130800000e-16
  1.634000000e-01 -4.472000000e-01 8.794000000e-01
  -6.569000000e-01 -7.144000000e-01 -2.412000000e-01
  -7.361000000e-01 5.382000000e-01 4.105000000e-01
 Node:         15
  0.1330E+03  0.1205E+03  0.5193E+03 -0.3597E-04
   2.22E-16
  -8.327E-17
  -5.551E-17
   1.388E-17
   4.857E-17
   0.0
  2.451000000e-16
  2.471000000e-17
  -1.033000000e-16
  3.052400000e-16
  5.550300000e-17
  1.438900000e-16
  -9.638000000e-01 2.667000000e-01 -1.723000000e-03
  1.157000000e-01 4.239000000e-01 8.983000000e-01
  2.403000000e-01 8.656000000e-01 -4.394000000e-01
 Node:         16
  0.1404E+03  0.1188E+03  0.4918E+03 -0.3597E-04
   2.22E-16
   5.551E-17
   2.22E-16
  -8.327E-17
  -1.457E-16
   4.441E-16
  5.466000000e-16
  1.950000000e-16
  1.465000000e-16
  3.781900000e-16
  2.960300000e-16
  1.782800000e-16
  -2.927000000e-01 -4.328000000e-01 8.526000000e-01
  -9.222000000e-01 -1.077000000e-01 -3.713000000e-01
  -2.526000000e-01 8.950000000e-01 3.676000000e-01
 Node:         17
  0.1365E+03  0.1184E+03  0.5055E+03 -0.3597E-04
  -1.11E-16
   2.776E-17
  -1.11E-16
   9.714E-17
   1.7E-16
   0.0
  1.573000000e-16
  -1.341000000e-16
  -2.452000000e-16
  3.600400000e-16
  -7.400000000e-17
  1.697300000e-16
  3.368000000e-01 5.285000000e-01 7.792000000e-01
  8.927000000e-01 -4.425000000e-01 -8.566000000e-02
  -2.996000000e-01 -7.244000000e-01 6.209000000e-01
 Node:         18
  0.1341E+03  0.1191E+03  0.5192E+03 -0.3597E-04
   0.0
   0.0
   0.0
   2.645E-17
   1.065E-16
   4.441E-16
  4.697000000e-16
  -1.672000000e-33
  -2.562000000e-17
  4.830200000e-16
  1.480300000e-16
  2.277000000e-16
  -5.484000000e-02 -2.207000000e-01 -9.738000000e-01
  9.705000000e-01 -2.411000000e-01 -6.210000000e-17
  -2.348000000e-01 -9.451000000e-01 2.274000000e-01
 Node:         19
  0.1301E+03  0.1291E+03  0.4914E+03  0.0000E+00
   1.11E-16
   0.0
   1.11E-16
   2.101E-19
   1.001E-17
  -2.22E-16
  1.113000000e-16
  1.110000000e-16
  -2.223000000e-16
  3.334500000e-16
  0.000000000e+00
  1.571900000e-16
  -2.096000000e-02 -9.993000000e-01 -3.003000000e-02
  9.998000000e-01 -2.097000000e-02 1.345000000e-19
  6.298000000e-04 3.003000000e-02 -9.995000000e-01
 Node:         20
  0.1299E+03  0.1291E+03  0.5058E+03  0.0000E+00
   2.22E-16
   0.0
   0.0
   1.041E-17
   1.924E-17
  -5.551E-17
  2.224000000e-16
  5.975000000e-18
  -6.188000000e-17
  2.571600000e-16
  5.549800000e-17
  1.212200000e-16
  -9.993000000e-01 -3.257000000e-03 -3.765000000e-02
  1.428000000e-02 -9.549000000e-01 -2.965000000e-01
  -3.498000000e-02 -2.968000000e-01 9.543000000e-01
 Node:         21
  0.1301E+03  0.1280E+03  0.5197E+03  0.0000E+00
   1.11E-16
   0.0
   0.0
   4.163E-17
   1.475E-17
   1.11E-16
  1.534000000e-16
  7.089000000e-17
  -2.220000000e-18
  1.348500000e-16
  7.402300000e-17
  6.357000000e-17
  -6.994000000e-01 -6.840000000e-02 -7.114000000e-01
  -7.126000000e-01 1.429000000e-01 6.869000000e-01
  -5.465000000e-02 -9.874000000e-01 1.487000000e-01
 Node:         22
  0.1360E+03  0.1256E+03  0.4913E+03  0.0000E+00
  -2.22E-16
   1.388E-17
  -1.11E-16
  -1.388E-17
   1.006E-16
   1.11E-16
  1.500000000e-16
  -1.456000000e-16
  -2.264000000e-16
  3.432100000e-16
  -7.400000000e-17
  1.617900000e-16
  -2.144000000e-02 3.586000000e-01 9.332000000e-01
  2.280000000e-01 9.106000000e-01 -3.447000000e-01
  -9.734000000e-01 2.054000000e-01 -1.013000000e-01
 Node:         23
  0.1343E+03  0.1253E+03  0.5054E+03  0.0000E+00
   0.0
   2.082E-17
  -4.441E-16
   0.0
   1.314E-16
  -1.665E-16
  1.265000000e-18
  -1.147000000e-16
  -4.972000000e-16
  4.517900000e-16
  -2.035400000e-16
  2.129700000e-16
  9.970000000e-01 6.061000000e-02 4.746000000e-02
  6.644000000e-02 -3.661000000e-01 -9.282000000e-01
  3.888000000e-02 -9.286000000e-01 3.690000000e-01
 Node:         24
  0.1336E+03  0.1248E+03  0.5194E+03  0.0000E+00
  -2.22E-16
   1.214E-17
   0.0
   1.388E-17
   8.674E-19
  -1.665E-16
  6.779000000e-19
  -1.633000000e-16
  -2.259000000e-16
  2.026600000e-16
  -1.295100000e-16
  9.553700000e-17
  -5.504000000e-02 -9.984000000e-01 -9.747000000e-03
  2.257000000e-01 -2.195000000e-02 9.740000000e-01
  -9.726000000e-01 5.141000000e-02 2.265000000e-01
 Node:         25
  0.1400E+03  0.1206E+03  0.4917E+03  0.0000E+00
   0.0
   2.671E-16
  -1.11E-16
  -8.327E-17
  -1.301E-16
   2.22E-16
  3.681000000e-16
  7.580000000e-17
  -3.329000000e-16
  6.098700000e-16
  3.700000000e-17
  2.874900000e-16
  5.089000000e-01 4.781000000e-01 -7.159000000e-01
  6.086000000e-01 3.883000000e-01 6.920000000e-01
  6.088000000e-01 -7.878000000e-01 -9.334000000e-02
 Node:         26
  0.1363E+03  0.1200E+03  0.5055E+03  0.0000E+00
   2.22E-16
   1.076E-16
  -6.106E-16
   2.776E-17
  -1.124E-15
  -5.551E-17
  8.281000000e-16
  2.248000000e-16
  -1.497000000e-15
  2.089800000e-15
  -1.480300000e-16
  9.851500000e-16
  7.371000000e-02 6.174000000e-01 -7.832000000e-01
  9.955000000e-01 1.018000000e-03 9.449000000e-02
  -5.914000000e-02 7.866000000e-01 6.146000000e-01
 Node:         27
  0.1343E+03  0.1203E+03  0.5192E+03  0.0000E+00
   2.22E-16
  -1.943E-16
   2.22E-16
  -1.041E-16
   1.313E-15
   0.0
  1.466000000e-15
  1.875000000e-16
  -1.209000000e-15
  2.317400000e-15
  1.481700000e-16
  1.092400000e-15
  -1.693000000e-01 7.280000000e-01 6.643000000e-01
  9.848000000e-01 9.849000000e-02 1.431000000e-01
  3.876000000e-02 6.785000000e-01 -7.336000000e-01
 Node:         28
  0.1155E+03  0.1124E+03  0.4931E+03 -0.2126E-03
  -2.22E-16
   3.816E-17
   2.22E-16
  -5.551E-17
   5.551E-17
   1.11E-16
  2.455000000e-16
  1.014000000e-16
  -2.359000000e-16
  4.279500000e-16
  3.700000000e-17
  2.017400000e-16
  3.184000000e-02 9.284000000e-01 3.701000000e-01
  1.988000000e-01 3.571000000e-01 -9.127000000e-01
  9.795000000e-01 -1.026000000e-01 1.732000000e-01
 Node:         29
  0.1119E+03  0.1139E+03  0.5068E+03 -0.2126E-03
  -2.22E-16
  -2.082E-17
   0.0
   5.551E-17
   6.939E-18
  -3.331E-16
  1.944000000e-18
  -2.004000000e-16
  -3.566000000e-16
  3.113600000e-16
  -1.850200000e-16
  1.467800000e-16
  -9.118000000e-02 9.958000000e-01 5.517000000e-03
  -9.179000000e-01 -8.189000000e-02 -3.884000000e-01
  -3.863000000e-01 -4.048000000e-02 9.215000000e-01
 Node:         30
  0.1113E+03  0.1159E+03  0.5206E+03 -0.2126E-03
   2.22E-16
   1.249E-16
   2.22E-16
   0.0
  -2.776E-17
   1.11E-16
  3.486000000e-16
  1.238000000e-16
  8.277000000e-17
  2.478800000e-16
  1.850600000e-16
  1.168500000e-16
  -7.001000000e-01 -7.092000000e-01 8.287000000e-02
  -4.685000000e-01 3.686000000e-01 -8.029000000e-01
  -5.389000000e-01 6.009000000e-01 5.903000000e-01
 Node:         31
  0.1203E+03  0.1126E+03  0.4920E+03 -0.2126E-03
  -5.551E-17
   9.714E-17
  -1.11E-16
   2.776E-17
   4.163E-17
  -5.551E-17
  4.114000000e-17
  -7.661000000e-17
  -1.866000000e-16
  1.972700000e-16
  -7.402300000e-17
  9.299200000e-17
  -6.956000000e-01 -5.654000000e-01 -4.433000000e-01
  4.358000000e-01 1.585000000e-01 -8.860000000e-01
  5.712000000e-01 -8.095000000e-01 1.362000000e-01
 Node:         32
  0.1188E+03  0.1134E+03  0.5062E+03 -0.2126E-03
   2.22E-16
  -1.388E-17
  -1.11E-16
  -2.776E-17
   9.714E-17
  -5.551E-17
  2.266000000e-16
  1.331000000e-17
  -1.844000000e-16
  3.560200000e-16
  1.850300000e-17
  1.678300000e-16
  -9.894000000e-01 7.624000000e-02 1.236000000e-01
  1.445000000e-01 5.992000000e-01 7.875000000e-01
  1.402000000e-02 -7.970000000e-01 6.038000000e-01
 Node:         33
  0.1183E+03  0.1150E+03  0.5201E+03 -0.2126E-03
   1.11E-16
   5.551E-17
   0.0
   8.327E-17
   0.0
   0.0
  1.700000000e-16
  0.000000000e+00
  -5.893000000e-17
  2.058900000e-16
  3.702300000e-17
  9.705800000e-17
  -8.617000000e-01 -2.815000000e-01 -4.222000000e-01
  0.000000000e+00 -8.321000000e-01 5.547000000e-01
  -5.074000000e-01 4.780000000e-01 7.170000000e-01
 Node:         34
  0.1255E+03  0.1129E+03  0.4909E+03 -0.2126E-03
   0.0
   0.0
   0.0
   5.551E-17
   9.714E-17
   0.0
  1.119000000e-16
  3.387000000e-33
  -1.119000000e-16
  1.938200000e-16
  0.000000000e+00
  9.136600000e-17
  -3.508000000e-01 -6.139000000e-01 -7.071000000e-01
  8.682000000e-01 -4.961000000e-01 -4.855000000e-17
  -3.508000000e-01 -6.139000000e-01 7.071000000e-01
 Node:         35
  0.1260E+03  0.1135E+03  0.5054E+03 -0.2126E-03
   0.0
   1.11E-16
  -1.11E-16
   1.11E-16
   2.498E-16
  -1.11E-16
  2.410000000e-16
  -1.023000000e-16
  -3.608000000e-16
  5.229000000e-16
  -7.403300000e-17
  2.465000000e-16
  5.458000000e-01 5.925000000e-01 5.925000000e-01
  8.379000000e-01 -3.859000000e-01 -3.859000000e-01
  -4.975000000e-17 -7.071000000e-01 7.071000000e-01
 Node:         36
  0.1257E+03  0.1153E+03  0.5196E+03 -0.2126E-03
   0.0
  -5.551E-17
   0.0
  -5.551E-17
   8.327E-17
   0.0
  1.305000000e-16
  -4.723000000e-17
  -8.327000000e-17
  1.982200000e-16
  0.000000000e+00
  9.344300000e-17
  -5.155000000e-01 6.059000000e-01 6.059000000e-01
  8.569000000e-01 3.645000000e-01 3.645000000e-01
  -1.256000000e-16 7.071000000e-01 -7.071000000e-01
 Node:         37
  0.1132E+03  0.1210E+03  0.4959E+03 -0.2126E-03
  -2.22E-16
   1.388E-16
  -2.22E-16
  -8.327E-17
   1.804E-16
  -2.776E-16
  -4.482000000e-17
  -1.622000000e-16
  -5.146000000e-16
  4.234700000e-16
  -2.405400000e-16
  1.996300000e-16
  3.971000000e-01 7.887000000e-01 4.693000000e-01
  -7.874000000e-01 3.010000000e-02 6.157000000e-01
  4.715000000e-01 -6.140000000e-01 6.330000000e-01
 Node:         38
  0.1111E+03  0.1204E+03  0.5085E+03 -0.2126E-03
  -1.665E-16
   9.714E-17
   0.0
  -2.776E-17
  -8.327E-17
  -2.22E-16
  7.071000000e-17
  -2.091000000e-16
  -2.502000000e-16
  3.024600000e-16
  -1.295300000e-16
  1.425800000e-16
  -3.916000000e-01 -8.746000000e-01 2.859000000e-01
  9.154000000e-01 -3.389000000e-01 2.170000000e-01
  9.287000000e-02 -3.467000000e-01 -9.334000000e-01
 Node:         39
  0.1119E+03  0.1201E+03  0.5207E+03 -0.2126E-03
  -5.551E-17
  -9.714E-17
  -3.331E-16
  -8.327E-17
  -7.633E-17
  -1.11E-16
  8.934000000e-18
  -1.105000000e-16
  -3.981000000e-16
  3.623900000e-16
  -1.665600000e-16
  1.708300000e-16
  8.510000000e-01 -1.281000000e-01 -5.092000000e-01
  4.076000000e-01 -4.503000000e-01 7.944000000e-01
  -3.311000000e-01 -8.836000000e-01 -3.310000000e-01
 Node:         40
  0.1191E+03  0.1220E+03  0.4937E+03 -0.2126E-03
   0.0
   8.327E-17
  -2.22E-16
   8.327E-17
  -1.388E-17
  -2.22E-16
  4.872000000e-17
  -2.082000000e-16
  -2.846000000e-16
  3.024500000e-16
  -1.480300000e-16
  1.425700000e-16
  -9.240000000e-01 -2.703000000e-01 -2.703000000e-01
  0.000000000e+00 -7.071000000e-01 7.071000000e-01
  3.823000000e-01 -6.534000000e-01 -6.534000000e-01
 Node:         41
  0.1182E+03  0.1217E+03  0.5073E+03 -0.2126E-03
   0.0
  -2.776E-17
  -5.551E-17
   5.551E-17
   9.714E-17
   1.11E-16
  1.653000000e-16
  1.073000000e-17
  -1.206000000e-16
  2.478700000e-16
  1.847700000e-17
  1.168500000e-16
  2.406000000e-01 3.653000000e-01 8.993000000e-01
  -8.901000000e-01 4.526000000e-01 5.428000000e-02
  -3.871000000e-01 -8.135000000e-01 4.340000000e-01
 Node:         42
  0.1187E+03  0.1212E+03  0.5204E+03 -0.2126E-03
   0.0
  -5.551E-17
  -1.11E-16
   0.0
   5.551E-17
   1.11E-16
  1.256000000e-16
  1.887000000e-17
  -1.444000000e-16
  2.355300000e-16
  2.333300000e-20
  1.110300000e-16
  1.113000000e-01 -2.517000000e-01 -9.614000000e-01
  9.295000000e-01 -3.159000000e-01 1.903000000e-01
  -3.516000000e-01 -9.148000000e-01 1.988000000e-01
 Node:         43
  0.1258E+03  0.1217E+03  0.4915E+03 -0.2126E-03
   2.22E-16
   1.11E-16
   1.11E-16
  -1.388E-17
   0.0
  -5.551E-17
  2.911000000e-16
  4.294000000e-17
  -5.645000000e-17
  3.100400000e-16
  9.253000000e-17
  1.461600000e-16
  -8.507000000e-01 -5.246000000e-01 3.406000000e-02
  -5.213000000e-01 8.502000000e-01 7.348000000e-02
  6.751000000e-02 -4.475000000e-02 9.967000000e-01
 Node:         44
  0.1259E+03  0.1220E+03  0.5059E+03 -0.2126E-03
  -2.22E-16
   1.388E-16
  -2.22E-16
   9.714E-17
   1.11E-16
  -1.11E-16
  5.081000000e-17
  -2.445000000e-16
  -3.614000000e-16
  3.679600000e-16
  -1.850300000e-16
  1.734600000e-16
  -5.113000000e-01 -5.340000000e-01 -6.733000000e-01
  -5.198000000e-01 -4.318000000e-01 7.372000000e-01
  -6.844000000e-01 7.269000000e-01 -5.679000000e-02
 Node:         45
  0.1261E+03  0.1221E+03  0.5198E+03 -0.2126E-03
  -5.551E-17
  -8.327E-17
  -2.776E-16
   2.776E-17
  -6.939E-18
   1.11E-16
  1.167000000e-16
  -3.339000000e-17
  -3.053000000e-16
  3.705000000e-16
  -7.399700000e-17
  1.746600000e-16
  1.854000000e-01 -5.643000000e-02 9.810000000e-01
  9.302000000e-01 -3.117000000e-01 -1.938000000e-01
  -3.167000000e-01 -9.485000000e-01 5.308000000e-03
 Node:         46
  0.1117E+03  0.1296E+03  0.4959E+03  0.0000E+00
  -5.551E-17
   2.776E-17
  -1.665E-16
   6.939E-18
  -2.602E-17
   0.0
  4.101000000e-18
  -4.897000000e-17
  -1.772000000e-16
  1.614500000e-16
  -7.402300000e-17
  7.610600000e-17
  4.856000000e-02 -1.429000000e-01 9.886000000e-01
  9.724000000e-01 2.327000000e-01 -1.414000000e-02
  -2.280000000e-01 9.620000000e-01 1.502000000e-01
 Node:         47
  0.1107E+03  0.1269E+03  0.5087E+03  0.0000E+00
  -1.665E-16
  -3.123E-17
   1.11E-16
  -2.776E-17
   3.99E-17
   0.0
  1.289000000e-16
  -1.114000000e-17
  -1.732000000e-16
  2.618600000e-16
  -1.848000000e-17
  1.234400000e-16
  -1.292000000e-01 9.390000000e-01 3.186000000e-01
  -1.008000000e-01 -3.321000000e-01 9.379000000e-01
  -9.865000000e-01 -8.906000000e-02 -1.376000000e-01
 Node:         48
  0.1125E+03  0.1242E+03  0.5208E+03  0.0000E+00
   1.11E-16
   3.469E-18
   1.11E-16
   0.0
  -1.735E-18
   1.11E-16
  1.149000000e-16
  1.110000000e-16
  1.071000000e-16
  6.755000000e-18
  1.110000000e-16
  3.184300000e-18
  -6.325000000e-01 -7.071000000e-01 3.162000000e-01
  4.472000000e-01 -4.455000000e-15 8.944000000e-01
  -6.325000000e-01 7.071000000e-01 3.162000000e-01
 Node:         49
  0.1186E+03  0.1311E+03  0.4938E+03  0.0000E+00
  -1.665E-16
  -2.082E-17
   0.0
  -4.163E-17
  -6.072E-18
  -5.551E-17
  2.581000000e-18
  -4.165000000e-17
  -1.830000000e-16
  1.678900000e-16
  -7.402300000e-17
  7.914600000e-17
  1.174000000e-01 -9.929000000e-01 1.965000000e-02
  -3.135000000e-01 -1.827000000e-02 9.494000000e-01
  -9.423000000e-01 -1.176000000e-01 -3.134000000e-01
 Node:         50
  0.1180E+03  0.1298E+03  0.5075E+03  0.0000E+00
   0.0
  -1.301E-17
   3.331E-16
  -4.163E-17
   1.247E-17
   2.22E-16
  3.354000000e-16
  2.276000000e-16
  -7.879000000e-18
  3.040700000e-16
  1.850400000e-16
  1.433400000e-16
  5.441000000e-02 -9.902000000e-01 -1.289000000e-01
  -1.707000000e-01 -1.364000000e-01 9.758000000e-01
  9.838000000e-01 3.109000000e-02 1.765000000e-01
 Node:         51
  0.1192E+03  0.1275E+03  0.5206E+03  0.0000E+00
   0.0
  -3.469E-18
  -5.551E-17
   0.0
   1.475E-17
   1.11E-16
  1.123000000e-16
  2.087000000e-19
  -5.702000000e-17
  1.491800000e-16
  1.849600000e-17
  7.032400000e-17
  -2.705000000e-03 8.758000000e-02 9.962000000e-01
  9.982000000e-01 -6.004000000e-02 7.989000000e-03
  -6.051000000e-02 -9.943000000e-01 8.725000000e-02
 Node:         52
  0.1262E+03  0.1305E+03  0.4920E+03  0.0000E+00
   1.11E-16
  -1.388E-17
   1.11E-16
   1.301E-18
   4.906E-18
   0.0
  1.250000000e-16
  9.734000000e-17
  -2.497000000e-19
  1.139700000e-16
  7.403000000e-17
  5.372400000e-17
  -7.047000000e-01 7.092000000e-01 2.051000000e-02
  7.093000000e-01 7.034000000e-01 4.493000000e-02
  -1.744000000e-02 -4.621000000e-02 9.988000000e-01
 Node:         53
  0.1258E+03  0.1304E+03  0.5063E+03  0.0000E+00
  -1.665E-16
  -1.735E-18
  -1.11E-16
   2.776E-17
   3.383E-17
  -2.22E-16
  -1.010000000e-16
  -1.572000000e-16
  -2.414000000e-16
  1.223900000e-16
  -1.665300000e-16
  5.769700000e-17
  9.684000000e-02 9.526000000e-01 2.883000000e-01
  -9.346000000e-01 1.866000000e-01 -3.027000000e-01
  -3.422000000e-01 -2.402000000e-01 9.084000000e-01
 Node:         54
  0.1265E+03  0.1288E+03  0.5200E+03  0.0000E+00
  -2.22E-16
   2.082E-17
   1.11E-16
   0.0
  -4.337E-18
   1.11E-16
  1.160000000e-16
  1.073000000e-16
  -2.233000000e-16
  3.350300000e-16
  0.000000000e+00
  1.579400000e-16
  -4.656000000e-02 -7.562000000e-01 6.527000000e-01
  -4.117000000e-02 -6.514000000e-01 -7.576000000e-01
  -9.981000000e-01 6.215000000e-02 8.061000000e-04
 Node:         55
  0.1381E+03  0.1168E+03  0.4525E+03  0.7725E-02
   0.01337
  -0.00651
   5.791E-4
  -0.002381
   0.009573
  -0.02521
  1.699000000e-02
  1.218000000e-04
  -2.837000000e-02
  3.971100000e-02
  -3.752700000e-03
  1.872000000e-02
  8.862000000e-01 -4.386000000e-01 -1.495000000e-01
  4.634000000e-01 8.425000000e-01 2.749000000e-01
  5.384000000e-03 -3.128000000e-01 9.498000000e-01
 Node:         56
  0.1314E+03  0.1156E+03  0.4682E+03  0.7725E-02
   0.01954
  -0.009082
   0.001798
  -0.008056
   0.005616
  -0.01152
  2.584000000e-02
  -1.716000000e-03
  -1.431000000e-02
  3.556700000e-02
  3.271300000e-03
  1.676600000e-02
  -8.851000000e-01 3.927000000e-01 2.499000000e-01
  4.361000000e-01 8.873000000e-01 1.500000000e-01
  1.628000000e-01 -2.417000000e-01 9.566000000e-01
 Node:         57
  0.1285E+03  0.1140E+03  0.4823E+03  0.7725E-02
   0.005667
  -0.00387
   0.002464
  -0.002446
   0.0017
   3.582E-5
  9.219000000e-03
  -1.191000000e-04
  -9.331000000e-04
  9.770600000e-03
  2.722300000e-03
  4.605900000e-03
  -7.898000000e-01 5.301000000e-01 3.085000000e-01
  5.723000000e-01 8.179000000e-01 5.979000000e-02
  2.206000000e-01 -2.237000000e-01 9.494000000e-01
 Node:         58
  0.1477E+03  0.1176E+03  0.4530E+03  0.7725E-02
   0.01208
  -0.005849
   0.00478
  -9.129E-4
   0.006297
  -0.0447
  1.558000000e-02
  2.071000000e-03
  -4.549000000e-02
  5.556100000e-02
  -9.279700000e-03
  2.619200000e-02
  8.609000000e-01 -5.046000000e-01 -6.575000000e-02
  5.088000000e-01 8.544000000e-01 1.051000000e-01
  3.144000000e-03 -1.239000000e-01 9.923000000e-01
 Node:         59
  0.1415E+03  0.1165E+03  0.4690E+03  0.7725E-02
   0.02728
  -0.01244
   0.005071
  -0.01485
   0.01102
  -0.01151
  3.931000000e-02
  2.322000000e-04
  -1.870000000e-02
  5.123800000e-02
  6.947400000e-03
  2.415400000e-02
  -8.450000000e-01 4.153000000e-01 3.369000000e-01
  4.906000000e-01 8.527000000e-01 1.794000000e-01
  2.128000000e-01 -3.169000000e-01 9.243000000e-01
 Node:         60
  0.1374E+03  0.1150E+03  0.4832E+03  0.7725E-02
   0.01036
  -0.006671
   0.004307
  -0.007237
   0.004689
   0.002755
  1.919000000e-02
  9.208000000e-06
  -1.771000000e-03
  2.013000000e-02
  5.809400000e-03
  9.489400000e-03
  -7.441000000e-01 4.800000000e-01 4.647000000e-01
  5.461000000e-01 8.377000000e-01 9.111000000e-03
  3.849000000e-01 -2.606000000e-01 8.854000000e-01
 Node:         61
  0.1548E+03  0.1217E+03  0.4534E+03  0.7725E-02
   0.02112
  -0.004908
  -0.006357
   0.006305
  -0.01061
  -0.01617
  2.371000000e-02
  -1.993000000e-03
  -2.312000000e-02
  4.062000000e-02
  -4.676700000e-04
  1.914900000e-02
  -9.501000000e-01 2.296000000e-01 -2.113000000e-01
  3.055000000e-01 8.225000000e-01 -4.797000000e-01
  -6.365000000e-02 5.203000000e-01 8.516000000e-01
 Node:         62
  0.1488E+03  0.1200E+03  0.4698E+03  0.7725E-02
   0.03175
  -0.02031
   0.005471
  -0.01424
   0.006039
   0.01669
  4.994000000e-02
  9.687000000e-03
  -5.712000000e-03
  4.977200000e-02
  1.797200000e-02
  2.346300000e-02
  -8.023000000e-01 4.236000000e-01 4.205000000e-01
  -3.263000000e-01 2.786000000e-01 -9.033000000e-01
  -4.998000000e-01 -8.619000000e-01 -8.530000000e-02
 Node:         63
  0.1436E+03  0.1181E+03  0.4838E+03  0.7725E-02
   0.007539
  -0.01078
   0.01161
  -0.005846
   0.008079
   0.006094
  2.562000000e-02
  1.156000000e-03
  -1.536000000e-03
  2.591500000e-02
  8.413300000e-03
  1.221600000e-02
  -5.600000000e-01 6.928000000e-01 4.543000000e-01
  -4.554000000e-01 2.006000000e-01 -8.674000000e-01
  -6.921000000e-01 -6.926000000e-01 2.032000000e-01
 Node:         64
  0.1410E+03  0.1253E+03  0.4524E+03  0.7725E-02
  -0.01411
  -0.01021
   0.01795
   7.552E-5
   3.451E-4
  -0.01541
  2.093000000e-02
  -1.540000000e-02
  -1.710000000e-02
  3.720900000e-02
  -3.856700000e-03
  1.754100000e-02
  -2.797000000e-01 9.601000000e-01 8.535000000e-03
  -9.820000000e-02 -1.976000000e-02 -9.950000000e-01
  9.551000000e-01 2.791000000e-01 -9.980000000e-02
 Node:         65
  0.1339E+03  0.1229E+03  0.4683E+03  0.7725E-02
   0.006254
  -0.01585
   0.01152
  -0.004351
   0.001471
  -0.009495
  2.540000000e-02
  -5.829000000e-03
  -1.129000000e-02
  3.428700000e-02
  2.760300000e-03
  1.616300000e-02
  6.486000000e-01 -7.527000000e-01 -1.126000000e-01
  -6.212000000e-01 -6.091000000e-01 4.930000000e-01
  -4.397000000e-01 -2.498000000e-01 -8.627000000e-01
 Node:         66
  0.1299E+03  0.1214E+03  0.4825E+03  0.7725E-02
   0.005395
  -0.004937
   0.003905
  -0.002123
   0.001632
  -1.615E-4
  1.032000000e-02
  -3.045000000e-04
  -8.812000000e-04
  1.092400000e-02
  3.044800000e-03
  5.149800000e-03
  -7.368000000e-01 6.294000000e-01 2.471000000e-01
  5.799000000e-01 7.761000000e-01 -2.477000000e-01
  3.477000000e-01 3.919000000e-02 9.368000000e-01
 Node:         67
  0.1495E+03  0.1242E+03  0.4529E+03  0.7725E-02
  -0.006329
  -0.007003
   0.01698
   2.107E-4
   0.001869
  -0.0402
  1.897000000e-02
  -8.256000000e-03
  -4.027000000e-02
  5.135900000e-02
  -9.852000000e-03
  2.421100000e-02
  -2.664000000e-01 9.634000000e-01 2.947000000e-02
  9.638000000e-01 2.658000000e-01 2.190000000e-02
  -1.327000000e-02 -3.424000000e-02 9.993000000e-01
 Node:         68
  0.1429E+03  0.1223E+03  0.4690E+03  0.7725E-02
   0.02235
  -0.01559
   0.01437
  -0.01132
   0.004639
  -0.02175
  3.684000000e-02
  2.638000000e-03
  -2.450000000e-02
  5.323900000e-02
  4.992700000e-03
  2.509700000e-02
  -7.856000000e-01 5.862000000e-01 1.982000000e-01
  5.757000000e-01 8.098000000e-01 -1.132000000e-01
  2.268000000e-01 -2.520000000e-02 9.736000000e-01
 Node:         69
  0.1379E+03  0.1205E+03  0.4831E+03  0.7725E-02
   0.0108
  -0.006758
   0.00478
  -0.005579
   0.003278
   5.286E-5
  1.757000000e-02
  4.176000000e-04
  -2.359000000e-03
  1.869600000e-02
  5.209500000e-03
  8.813400000e-03
  -7.900000000e-01 5.060000000e-01 3.462000000e-01
  5.088000000e-01 8.561000000e-01 -9.024000000e-02
  3.421000000e-01 -1.049000000e-01 9.338000000e-01
 Node:         70
  0.1550E+03  0.1238E+03  0.4534E+03  0.7725E-02
   3.834E-4
  -0.00919
   0.01267
  -0.00517
   0.00407
  -0.05417
  1.808000000e-02
  -4.393000000e-03
  -5.481000000e-02
  6.465200000e-02
  -1.370800000e-02
  3.047700000e-02
  4.783000000e-01 -8.742000000e-01 -8.346000000e-02
  8.740000000e-01 4.831000000e-01 -5.127000000e-02
  8.514000000e-02 -4.842000000e-02 9.952000000e-01
 Node:         71
  0.1490E+03  0.1219E+03  0.4698E+03  0.7725E-02
   0.03475
  -0.01297
   0.01241
  -0.02116
   0.008093
  -0.01969
  4.823000000e-02
  6.514000000e-03
  -2.727000000e-02
  6.550500000e-02
  9.158000000e-03
  3.087900000e-02
  -8.669000000e-01 3.854000000e-01 3.161000000e-01
  -3.951000000e-01 -9.179000000e-01 3.563000000e-02
  3.039000000e-01 -9.400000000e-02 9.481000000e-01
 Node:         72
  0.1435E+03  0.1199E+03  0.4838E+03  0.7725E-02
   0.01644
  -0.006827
   0.003866
  -0.009438
   0.004149
   0.001704
  2.417000000e-02
  8.729000000e-04
  -3.027000000e-03
  2.547200000e-02
  7.338600000e-03
  1.200800000e-02
  -8.323000000e-01 3.651000000e-01 4.171000000e-01
  4.026000000e-01 9.154000000e-01 1.974000000e-03
  3.811000000e-01 -1.696000000e-01 9.088000000e-01
 Node:         73
  0.1440E+03  0.1339E+03  0.4521E+03  0.0000E+00
   0.01824
   5.475E-4
  -0.01279
  -0.003895
   0.002991
   6.104E-5
  1.904000000e-02
  -1.487000000e-05
  -1.352000000e-02
  2.833400000e-02
  1.835000000e-03
  1.335700000e-02
  -9.795000000e-01 2.070000000e-03 2.013000000e-01
  -1.963000000e-01 -2.315000000e-01 -9.528000000e-01
  -4.462000000e-02 9.728000000e-01 -2.271000000e-01
 Node:         74
  0.1364E+03  0.1303E+03  0.4682E+03  0.0000E+00
   0.0316
   0.01223
  -7.999E-4
   0.002645
   0.005105
   0.007486
  3.630000000e-02
  8.098000000e-03
  -6.114000000e-03
  3.739200000e-02
  1.276100000e-02
  1.762700000e-02
  -9.338000000e-01 -3.277000000e-01 -1.438000000e-01
  -2.268000000e-01 2.310000000e-01 9.462000000e-01
  -2.769000000e-01 9.161000000e-01 -2.900000000e-01
 Node:         75
  0.1313E+03  0.1288E+03  0.4826E+03  0.0000E+00
   0.01438
   0.005053
   0.001125
   0.001528
   7.956E-4
   0.001141
  1.628000000e-02
  9.937000000e-04
  -6.253000000e-04
  1.615700000e-02
  5.549500000e-03
  7.616400000e-03
  -9.409000000e-01 -3.196000000e-01 -1.118000000e-01
  -1.575000000e-01 1.207000000e-01 9.801000000e-01
  -2.998000000e-01 9.398000000e-01 -1.639000000e-01
 Node:         76
  0.1513E+03  0.1309E+03  0.4528E+03  0.0000E+00
   0.01386
  -0.001094
  -0.01166
  -0.004067
  -2.277E-4
  -0.005722
  1.471000000e-02
  -6.496000000e-03
  -1.173000000e-02
  2.425000000e-02
  -1.172000000e-03
  1.143200000e-02
  -9.801000000e-01 3.896000000e-02 1.946000000e-01
  1.909000000e-01 -8.363000000e-02 9.780000000e-01
  -5.438000000e-02 -9.957000000e-01 -7.453000000e-02
 Node:         77
  0.1443E+03  0.1280E+03  0.4689E+03  0.0000E+00
   0.03742
   0.01113
  -6.377E-4
   0.003529
   0.001719
   0.002246
  4.082000000e-02
  1.956000000e-03
  -3.750000000e-03
  4.200900000e-02
  1.300900000e-02
  1.980300000e-02
  -9.600000000e-01 -2.619000000e-01 -9.951000000e-02
  -1.293000000e-01 9.902000000e-02 9.867000000e-01
  -2.485000000e-01 9.600000000e-01 -1.289000000e-01
 Node:         78
  0.1384E+03  0.1261E+03  0.4829E+03  0.0000E+00
   0.01641
   0.005919
   0.001248
   0.002121
   9.081E-4
   7.959E-4
  1.874000000e-02
  5.221000000e-04
  -8.101000000e-04
  1.891900000e-02
  6.150700000e-03
  8.918600000e-03
  -9.375000000e-01 -3.238000000e-01 -1.272000000e-01
  -1.606000000e-01 7.835000000e-02 9.839000000e-01
  -3.086000000e-01 9.429000000e-01 -1.254000000e-01
 Node:         79
  0.1553E+03  0.1259E+03  0.4534E+03  0.0000E+00
   0.006871
  -0.004226
  -0.04857
  -0.01129
   6.636E-4
  -9.718E-4
  1.513000000e-02
  -8.912000000e-03
  -4.889000000e-02
  5.601300000e-02
  -1.422400000e-02
  2.640500000e-02
  8.162000000e-01 -6.013000000e-02 -5.747000000e-01
  5.728000000e-01 -4.734000000e-02 8.184000000e-01
  -7.641000000e-02 -9.971000000e-01 -4.194000000e-03
 Node:         80
  0.1492E+03  0.1238E+03  0.4698E+03  0.0000E+00
   0.0448
   0.001681
  -0.03021
   0.006796
   0.003193
   0.005681
  4.602000000e-02
  4.768000000e-03
  -3.051000000e-02
  6.634400000e-02
  6.759300000e-03
  3.127500000e-02
  -9.853000000e-01 -2.878000000e-02 -1.683000000e-01
  -1.701000000e-01 8.145000000e-02 9.821000000e-01
  1.456000000e-02 -9.963000000e-01 8.515000000e-02
 Node:         81
  0.1433E+03  0.1217E+03  0.4837E+03  0.0000E+00
   0.01946
   0.004251
  -0.002567
   0.006976
   0.002033
   0.003049
  2.289000000e-02
  5.318000000e-04
  -3.479000000e-03
  2.461000000e-02
  6.647600000e-03
  1.160100000e-02
  -9.218000000e-01 -1.813000000e-01 -3.427000000e-01
  -3.648000000e-01 1.063000000e-01 9.250000000e-01
  1.312000000e-01 -9.777000000e-01 1.642000000e-01
 Node:         82
  0.1267E+03  0.1148E+03  0.4557E+03  0.1363E-01
   0.01388
  -0.007984
  -0.004737
  -0.003367
  -0.001391
  -0.005219
  1.716000000e-02
  -3.935000000e-03
  -9.298000000e-03
  2.422600000e-02
  1.309000000e-03
  1.142000000e-02
  -9.352000000e-01 3.333000000e-01 1.200000000e-01
  -8.946000000e-02 -5.499000000e-01 8.304000000e-01
  3.428000000e-01 7.658000000e-01 5.441000000e-01
 Node:         83
  0.1234E+03  0.1129E+03  0.4716E+03  0.1363E-01
   0.006168
  -0.006449
  -0.003616
  -0.008105
   2.679E-4
   0.003345
  1.450000000e-02
  -4.341000000e-04
  -8.166000000e-03
  1.995700000e-02
  1.966600000e-03
  9.407800000e-03
  -7.725000000e-01 2.834000000e-01 5.683000000e-01
  3.237000000e-01 -5.941000000e-01 7.364000000e-01
  5.463000000e-01 7.528000000e-01 3.672000000e-01
 Node:         84
  0.1187E+03  0.1123E+03  0.4849E+03  0.1363E-01
   6.832E-4
  -6.457E-4
  -3.462E-4
  -0.002414
   1.215E-4
   0.003786
  5.135000000e-03
  1.673000000e-05
  -1.029000000e-03
  5.713400000e-03
  1.374200000e-03
  2.693300000e-03
  -4.837000000e-01 7.630000000e-02 8.719000000e-01
  -5.081000000e-01 7.866000000e-01 -3.507000000e-01
  -7.126000000e-01 -6.127000000e-01 -3.418000000e-01
 Node:         85
  0.1302E+03  0.1161E+03  0.4544E+03  0.1363E-01
   0.01596
  -0.009064
  -0.004683
  -0.003287
  -0.002494
  -0.01013
  1.954000000e-02
  -5.545000000e-03
  -1.285000000e-02
  2.942600000e-02
  3.816700000e-04
  1.387100000e-02
  -9.364000000e-01 3.427000000e-01 7.495000000e-02
  2.357000000e-01 7.728000000e-01 -5.893000000e-01
  2.599000000e-01 5.342000000e-01 8.044000000e-01
 Node:         86
  0.1252E+03  0.1138E+03  0.4700E+03  0.1363E-01
  -0.004787
  -0.007057
   0.01097
  -0.01703
   0.001035
   2.0E-4
  1.888000000e-02
  7.721000000e-03
  -2.022000000e-02
  3.488600000e-02
  2.127000000e-03
  1.644500000e-02
  -5.799000000e-01 5.906000000e-01 5.613000000e-01
  2.860000000e-01 7.926000000e-01 -5.385000000e-01
  7.629000000e-01 1.517000000e-01 6.285000000e-01
 Node:         87
  0.1217E+03  0.1126E+03  0.4833E+03  0.1363E-01
   0.00203
  -5.116E-4
  -3.012E-4
  -0.003684
   4.894E-4
   0.004127
  6.976000000e-03
  -3.376000000e-04
  -7.824000000e-04
  7.545800000e-03
  1.952000000e-03
  3.557100000e-03
  -6.010000000e-01 9.561000000e-02 7.935000000e-01
  1.541000000e-01 -9.603000000e-01 2.324000000e-01
  7.843000000e-01 2.619000000e-01 5.624000000e-01
 Node:         88
  0.1338E+03  0.1169E+03  0.4527E+03  0.1363E-01
   0.01015
  -0.008862
  -7.729E-4
  -0.003351
   0.001272
  -0.005819
  1.568000000e-02
  -5.444000000e-03
  -6.681000000e-03
  2.176900000e-02
  1.185000000e-03
  1.026200000e-02
  -8.634000000e-01 4.775000000e-01 1.628000000e-01
  3.591000000e-01 8.083000000e-01 -4.666000000e-01
  3.544000000e-01 3.444000000e-01 8.693000000e-01
 Node:         89
  0.1270E+03  0.1150E+03  0.4682E+03  0.1363E-01
   0.01589
  -0.008149
  -8.809E-4
  -0.008921
   4.299E-4
   6.134E-4
  2.250000000e-02
  -5.667000000e-04
  -6.302000000e-03
  2.640600000e-02
  5.210400000e-03
  1.244800000e-02
  -8.775000000e-01 3.126000000e-01 3.638000000e-01
  6.481000000e-02 -6.743000000e-01 7.356000000e-01
  4.753000000e-01 6.690000000e-01 5.714000000e-01
 Node:         90
  0.1248E+03  0.1132E+03  0.4821E+03  0.1363E-01
   0.004237
  -0.002915
   0.001416
  -0.002284
   0.00121
   0.001091
  7.161000000e-03
  5.988000000e-05
  -4.762000000e-04
  7.383800000e-03
  2.248200000e-03
  3.480700000e-03
  -7.848000000e-01 4.807000000e-01 3.911000000e-01
  1.309000000e-01 -4.884000000e-01 8.628000000e-01
  6.057000000e-01 7.283000000e-01 3.204000000e-01
 Node:         91
  0.1258E+03  0.1259E+03  0.4545E+03  0.1363E-01
  -0.016
  -0.01543
   0.01257
  -0.005556
  -3.349E-4
  -0.006123
  1.946000000e-02
  -4.757000000e-03
  -2.425000000e-02
  3.792800000e-02
  -3.182300000e-03
  1.787900000e-02
  -4.078000000e-01 9.098000000e-01 7.665000000e-02
  -2.244000000e-01 -1.813000000e-01 9.575000000e-01
  -8.850000000e-01 -3.733000000e-01 -2.781000000e-01
 Node:         92
  0.1208E+03  0.1231E+03  0.4724E+03  0.1363E-01
   0.006681
  -0.0104
  -0.002075
  -0.008941
  -8.668E-4
  -0.001304
  1.652000000e-02
  -7.723000000e-04
  -1.245000000e-02
  2.524500000e-02
  1.099200000e-03
  1.190100000e-02
  -8.125000000e-01 4.365000000e-01 3.864000000e-01
  1.705000000e-02 -6.447000000e-01 7.642000000e-01
  5.827000000e-01 6.276000000e-01 5.164000000e-01
 Node:         93
  0.1159E+03  0.1217E+03  0.4876E+03  0.1363E-01
   0.00342
   1.983E-4
  -8.353E-4
  -0.004386
  -0.001935
   0.002879
  7.799000000e-03
  9.058000000e-05
  -2.426000000e-03
  9.227800000e-03
  1.821200000e-03
  4.350000000e-03
  -7.011000000e-01 -1.713000000e-01 6.922000000e-01
  5.711000000e-01 -7.162000000e-01 4.012000000e-01
  -4.271000000e-01 -6.766000000e-01 -5.999000000e-01
 Node:         94
  0.1312E+03  0.1261E+03  0.4536E+03  0.1363E-01
  -0.02062
  -0.01521
   0.01543
  -0.003286
  -0.001711
  -0.01079
  2.100000000e-02
  -9.964000000e-03
  -2.701000000e-02
  4.215600000e-02
  -5.324700000e-03
  1.987300000e-02
  -3.422000000e-01 9.395000000e-01 -1.519000000e-02
  -2.127000000e-01 -6.170000000e-02 9.752000000e-01
  -9.152000000e-01 -3.370000000e-01 -2.209000000e-01
 Node:         95
  0.1249E+03  0.1234E+03  0.4704E+03  0.1363E-01
   0.01259
  -0.009322
   0.003686
  -0.009952
   8.159E-5
