 Group name: actual_strain_L6A4
 #Fields=  16
 1) coordinates, coordinate, rectangular cartesian, #Components=3
   x.  Value index= 1, #Derivatives=0
   y.  Value index= 2, #Derivatives=0
   z.  Value index= 3, #Derivatives=0
 2) Tensor_1, field, rectangular cartesian, #Components=1
   Tensor_1.  Value index= 4, #Derivatives=0
 3) Tensor_2, field, rectangular cartesian, #Components=1
   Tensor_2.  Value index= 5, #Derivatives=0
 4) Tensor_3, field, rectangular cartesian, #Components=1
   Tensor_3.  Value index= 6, #Derivatives=0
 5) Tensor_4, field, rectangular cartesian, #Components=1
   Tensor_4.  Value index= 7, #Derivatives=0
 6) Tensor_5, field, rectangular cartesian, #Components=1
   Tensor_5.  Value index= 8, #Derivatives=0
 7) Tensor_6, field, rectangular cartesian, #Components=1
   Tensor_6.  Value index= 9, #Derivatives=0
 8) Principal_1, field, rectangular cartesian, #Components=1
   Principal_1.  Value index= 10, #Derivatives=0
 9) Principal_2, field, rectangular cartesian, #Components=1
   Principal_2.  Value index= 11, #Derivatives=0
 10) Principal_3, field, rectangular cartesian, #Components=1
   Principal_3.  Value index= 12, #Derivatives=0
 11) VonMises, field, rectangular cartesian, #Components=1
   VonMises.  Value index= 13, #Derivatives=0
 12) Hydrostatic, field, rectangular cartesian, #Components=1
   VonMises.  Value index= 14, #Derivatives=0
 13) Octahedral, field, rectangular cartesian, #Components=1
   VonMises.  Value index= 15, #Derivatives=0
 14) PrincipalVector1, field, rectangular cartesian, #Components=3
   x.  Value index= 16, #Derivatives=0
   y.  Value index= 17, #Derivatives=0
   z.  Value index= 18, #Derivatives=0
 15) PrincipalVector2, field, rectangular cartesian, #Components=3
   x.  Value index= 19, #Derivatives=0
   y.  Value index= 20, #Derivatives=0
   z.  Value index= 21, #Derivatives=0
 16) PrincipalVector3, field, rectangular cartesian, #Components=3
   x.  Value index= 22, #Derivatives=0
   y.  Value index= 23, #Derivatives=0
   z.  Value index= 24, #Derivatives=0
 Node:          1
  0.1287E+03  0.1133E+03  0.4908E+03 -0.1169E-04
  -1.11E-16
  -8.327E-17
  -2.22E-16
  -2.776E-17
  -4.163E-17
  -3.331E-16
  -6.637000000e-17
  -2.400000000e-16
  -3.598000000e-16
  2.555400000e-16
  -2.220600000e-16
  1.204600000e-16
  8.837000000e-01 -4.676000000e-01 -1.897000000e-02
  4.046000000e-01 7.837000000e-01 -4.712000000e-01
  2.352000000e-01 4.088000000e-01 8.818000000e-01
 Node:          2
  0.1292E+03  0.1137E+03  0.5052E+03 -0.1169E-04
  -5.551E-17
  -1.11E-16
  -1.665E-16
  -5.551E-17
   1.943E-16
  -2.776E-16
  8.603000000e-17
  -1.600000000e-16
  -4.256000000e-16
  4.431900000e-16
  -1.665200000e-16
  2.089200000e-16
  -6.554000000e-01 6.199000000e-01 4.313000000e-01
  7.522000000e-01 4.849000000e-01 4.462000000e-01
  -6.744000000e-02 -6.169000000e-01 7.841000000e-01
 Node:          3
  0.1289E+03  0.1155E+03  0.5194E+03 -0.1169E-04
   2.22E-16
   1.388E-16
   3.331E-16
   1.11E-16
   5.551E-17
   2.22E-16
  4.753000000e-16
  2.118000000e-16
  9.006000000e-17
  3.410700000e-16
  2.590500000e-16
  1.607800000e-16
  -5.696000000e-01 -7.144000000e-01 -4.063000000e-01
  2.395000000e-01 -6.172000000e-01 7.494000000e-01
  -7.862000000e-01 3.296000000e-01 5.227000000e-01
 Node:          4
  0.1361E+03  0.1141E+03  0.4915E+03 -0.1169E-04
   0.0
  -2.776E-17
  -1.11E-16
  -2.776E-17
  -8.327E-17
   2.22E-16
  2.435000000e-16
  6.328000000e-18
  -1.388000000e-16
  3.342600000e-16
  3.700900000e-17
  1.575700000e-16
  -8.549000000e-02 -2.215000000e-01 9.714000000e-01
  9.681000000e-01 -2.491000000e-01 2.840000000e-02
  2.357000000e-01 9.428000000e-01 2.357000000e-01
 Node:          5
  0.1341E+03  0.1144E+03  0.5054E+03 -0.1169E-04
   3.331E-16
   1.388E-16
   3.331E-16
   5.551E-17
  -6.939E-17
   4.441E-16
  4.814000000e-16
  4.627000000e-16
  1.662000000e-16
  3.062800000e-16
  3.701000000e-16
  1.443800000e-16
  -3.480000000e-01 -6.443000000e-01 6.810000000e-01
  -6.589000000e-01 -3.487000000e-01 -6.665000000e-01
  6.669000000e-01 -6.807000000e-01 -3.032000000e-01
 Node:          6
  0.1323E+03  0.1162E+03  0.5191E+03 -0.1169E-04
   2.22E-16
   5.551E-17
   2.22E-16
  -5.551E-17
  -2.776E-17
   0.0
  2.897000000e-16
  1.685000000e-16
  -1.402000000e-17
  2.648100000e-16
  1.480600000e-16
  1.248300000e-16
  -7.150000000e-01 -6.696000000e-01 2.012000000e-01
  6.656000000e-01 -7.399000000e-01 -9.741000000e-02
  -2.141000000e-01 -6.426000000e-02 -9.747000000e-01
 Node:          7
  0.1408E+03  0.1171E+03  0.4920E+03 -0.1169E-04
   3.331E-16
   2.22E-16
   2.22E-16
  -8.327E-17
  -1.11E-16
   0.0
  5.398000000e-16
  6.158000000e-17
  -4.631000000e-17
  5.403100000e-16
  1.850200000e-16
  2.547000000e-16
  -7.537000000e-01 -6.111000000e-01 2.419000000e-01
  -6.560000000e-01 6.770000000e-01 -3.335000000e-01
  -4.004000000e-02 4.101000000e-01 9.112000000e-01
 Node:          8
  0.1367E+03  0.1169E+03  0.5055E+03 -0.1169E-04
   2.22E-16
   1.943E-16
   2.22E-16
  -4.025E-16
  -2.359E-16
  -2.22E-16
  6.547000000e-16
  4.477000000e-17
  -4.775000000e-16
  9.814900000e-16
  7.399000000e-17
  4.626800000e-16
  -6.847000000e-01 -5.611000000e-01 4.652000000e-01
  5.685000000e-01 -8.105000000e-01 -1.409000000e-01
  -4.561000000e-01 -1.681000000e-01 -8.739000000e-01
 Node:          9
  0.1339E+03  0.1180E+03  0.5191E+03 -0.1169E-04
   2.22E-16
   1.665E-16
   0.0
  -3.955E-16
  -2.776E-16
   6.661E-16
  1.002000000e-15
  -9.379000000e-18
  -1.046000000e-16
  1.062200000e-15
  2.960100000e-16
  5.007200000e-16
  -4.817000000e-01 -3.073000000e-01 8.207000000e-01
  -8.565000000e-01 -3.292000000e-02 -5.150000000e-01
  -1.853000000e-01 9.510000000e-01 2.474000000e-01
 Node:         10
  0.1294E+03  0.1212E+03  0.4911E+03 -0.1169E-04
   0.0
   2.776E-17
   1.11E-16
  -1.388E-17
   1.249E-16
   1.11E-16
  2.363000000e-16
  2.303000000e-17
  -3.732000000e-17
  2.489900000e-16
  7.400300000e-17
  1.173800000e-16
  4.210000000e-02 7.100000000e-01 7.030000000e-01
  -7.813000000e-01 -4.152000000e-01 4.661000000e-01
  -6.228000000e-01 5.688000000e-01 -5.372000000e-01
 Node:         11
  0.1295E+03  0.1214E+03  0.5055E+03 -0.1169E-04
  -2.22E-16
  -2.776E-17
  -2.22E-16
  -4.163E-17
   1.388E-17
  -1.665E-16
  -1.365000000e-16
  -2.183000000e-16
  -2.558000000e-16
  1.056600000e-16
  -2.035300000e-16
  4.981100000e-17
  -4.935000000e-01 2.929000000e-01 8.189000000e-01
  3.541000000e-01 -7.924000000e-01 4.968000000e-01
  -7.944000000e-01 -5.351000000e-01 -2.873000000e-01
 Node:         12
  0.1295E+03  0.1217E+03  0.5196E+03 -0.1169E-04
   1.11E-16
   0.0
   1.11E-16
   7.633E-17
   2.776E-17
   2.22E-16
  2.649000000e-16
  1.110000000e-16
  6.816000000e-17
  1.792000000e-16
  1.480200000e-16
  8.447700000e-17
  -4.387000000e-01 -1.595000000e-01 -8.844000000e-01
  3.417000000e-01 -9.398000000e-01 -2.255000000e-17
  8.311000000e-01 3.022000000e-01 -4.668000000e-01
 Node:         13
  0.1361E+03  0.1199E+03  0.4914E+03 -0.1169E-04
   1.11E-16
  -1.388E-16
   0.0
  -9.714E-17
   2.776E-17
  -1.665E-16
  2.285000000e-16
  -8.520000000e-17
  -1.988000000e-16
  3.833400000e-16
  -1.850000000e-17
  1.807100000e-16
  8.171000000e-01 -5.252000000e-01 -2.378000000e-01
  4.648000000e-01 8.442000000e-01 -2.671000000e-01
  3.410000000e-01 1.077000000e-01 9.339000000e-01
 Node:         14
  0.1342E+03  0.1198E+03  0.5054E+03 -0.1169E-04
  -5.551E-17
   2.776E-17
   0.0
   5.551E-17
  -9.021E-17
   1.11E-16
  1.672000000e-16
  -4.940000000e-18
  -1.068000000e-16
  2.398800000e-16
  1.848700000e-17
  1.130800000e-16
  1.634000000e-01 -4.472000000e-01 8.794000000e-01
  -6.569000000e-01 -7.144000000e-01 -2.412000000e-01
  -7.361000000e-01 5.382000000e-01 4.105000000e-01
 Node:         15
  0.1330E+03  0.1205E+03  0.5193E+03 -0.1169E-04
   2.22E-16
  -8.327E-17
  -5.551E-17
   1.388E-17
   4.857E-17
   0.0
  2.451000000e-16
  2.471000000e-17
  -1.033000000e-16
  3.052400000e-16
  5.550300000e-17
  1.438900000e-16
  -9.638000000e-01 2.667000000e-01 -1.723000000e-03
  1.157000000e-01 4.239000000e-01 8.983000000e-01
  2.403000000e-01 8.656000000e-01 -4.394000000e-01
 Node:         16
  0.1404E+03  0.1188E+03  0.4918E+03 -0.1169E-04
   2.22E-16
   5.551E-17
   2.22E-16
  -8.327E-17
  -1.457E-16
   4.441E-16
  5.466000000e-16
  1.950000000e-16
  1.465000000e-16
  3.781900000e-16
  2.960300000e-16
  1.782800000e-16
  -2.927000000e-01 -4.328000000e-01 8.526000000e-01
  -9.222000000e-01 -1.077000000e-01 -3.713000000e-01
  -2.526000000e-01 8.950000000e-01 3.676000000e-01
 Node:         17
  0.1365E+03  0.1184E+03  0.5055E+03 -0.1169E-04
  -1.11E-16
   2.776E-17
  -1.11E-16
   9.714E-17
   1.7E-16
   0.0
  1.573000000e-16
  -1.341000000e-16
  -2.452000000e-16
  3.600400000e-16
  -7.400000000e-17
  1.697300000e-16
  3.368000000e-01 5.285000000e-01 7.792000000e-01
  8.927000000e-01 -4.425000000e-01 -8.566000000e-02
  -2.996000000e-01 -7.244000000e-01 6.209000000e-01
 Node:         18
  0.1341E+03  0.1191E+03  0.5192E+03 -0.1169E-04
   0.0
   0.0
   0.0
   2.645E-17
   1.065E-16
   4.441E-16
  4.697000000e-16
  -1.672000000e-33
  -2.562000000e-17
  4.830200000e-16
  1.480300000e-16
  2.277000000e-16
  -5.484000000e-02 -2.207000000e-01 -9.738000000e-01
  9.705000000e-01 -2.411000000e-01 -6.210000000e-17
  -2.348000000e-01 -9.451000000e-01 2.274000000e-01
 Node:         19
  0.1301E+03  0.1291E+03  0.4914E+03  0.0000E+00
   1.11E-16
   0.0
   1.11E-16
   2.101E-19
   1.001E-17
  -2.22E-16
  1.113000000e-16
  1.110000000e-16
  -2.223000000e-16
  3.334500000e-16
  0.000000000e+00
  1.571900000e-16
  -2.096000000e-02 -9.993000000e-01 -3.003000000e-02
  9.998000000e-01 -2.097000000e-02 1.345000000e-19
  6.298000000e-04 3.003000000e-02 -9.995000000e-01
 Node:         20
  0.1299E+03  0.1291E+03  0.5058E+03  0.0000E+00
   2.22E-16
   0.0
   0.0
   1.041E-17
   1.924E-17
  -5.551E-17
  2.224000000e-16
  5.975000000e-18
  -6.188000000e-17
  2.571600000e-16
  5.549800000e-17
  1.212200000e-16
  -9.993000000e-01 -3.257000000e-03 -3.765000000e-02
  1.428000000e-02 -9.549000000e-01 -2.965000000e-01
  -3.498000000e-02 -2.968000000e-01 9.543000000e-01
 Node:         21
  0.1301E+03  0.1280E+03  0.5197E+03  0.0000E+00
   1.11E-16
   0.0
   0.0
   4.163E-17
   1.475E-17
   1.11E-16
  1.534000000e-16
  7.089000000e-17
  -2.220000000e-18
  1.348500000e-16
  7.402300000e-17
  6.357000000e-17
  -6.994000000e-01 -6.840000000e-02 -7.114000000e-01
  -7.126000000e-01 1.429000000e-01 6.869000000e-01
  -5.465000000e-02 -9.874000000e-01 1.487000000e-01
 Node:         22
  0.1360E+03  0.1256E+03  0.4913E+03  0.0000E+00
  -2.22E-16
   1.388E-17
  -1.11E-16
  -1.388E-17
   1.006E-16
   1.11E-16
  1.500000000e-16
  -1.456000000e-16
  -2.264000000e-16
  3.432100000e-16
  -7.400000000e-17
  1.617900000e-16
  -2.144000000e-02 3.586000000e-01 9.332000000e-01
  2.280000000e-01 9.106000000e-01 -3.447000000e-01
  -9.734000000e-01 2.054000000e-01 -1.013000000e-01
 Node:         23
  0.1343E+03  0.1253E+03  0.5054E+03  0.0000E+00
   0.0
   2.082E-17
  -4.441E-16
   0.0
   1.314E-16
  -1.665E-16
  1.265000000e-18
  -1.147000000e-16
  -4.972000000e-16
  4.517900000e-16
  -2.035400000e-16
  2.129700000e-16
  9.970000000e-01 6.061000000e-02 4.746000000e-02
  6.644000000e-02 -3.661000000e-01 -9.282000000e-01
  3.888000000e-02 -9.286000000e-01 3.690000000e-01
 Node:         24
  0.1336E+03  0.1248E+03  0.5194E+03  0.0000E+00
  -2.22E-16
   1.214E-17
   0.0
   1.388E-17
   8.674E-19
  -1.665E-16
  6.779000000e-19
  -1.633000000e-16
  -2.259000000e-16
  2.026600000e-16
  -1.295100000e-16
  9.553700000e-17
  -5.504000000e-02 -9.984000000e-01 -9.747000000e-03
  2.257000000e-01 -2.195000000e-02 9.740000000e-01
  -9.726000000e-01 5.141000000e-02 2.265000000e-01
 Node:         25
  0.1400E+03  0.1206E+03  0.4917E+03  0.0000E+00
   0.0
   2.671E-16
  -1.11E-16
  -8.327E-17
  -1.301E-16
   2.22E-16
  3.681000000e-16
  7.580000000e-17
  -3.329000000e-16
  6.098700000e-16
  3.700000000e-17
  2.874900000e-16
  5.089000000e-01 4.781000000e-01 -7.159000000e-01
  6.086000000e-01 3.883000000e-01 6.920000000e-01
  6.088000000e-01 -7.878000000e-01 -9.334000000e-02
 Node:         26
  0.1363E+03  0.1200E+03  0.5055E+03  0.0000E+00
   2.22E-16
   1.076E-16
  -6.106E-16
   2.776E-17
  -1.124E-15
  -5.551E-17
  8.281000000e-16
  2.248000000e-16
  -1.497000000e-15
  2.089800000e-15
  -1.480300000e-16
  9.851500000e-16
  7.371000000e-02 6.174000000e-01 -7.832000000e-01
  9.955000000e-01 1.018000000e-03 9.449000000e-02
  -5.914000000e-02 7.866000000e-01 6.146000000e-01
 Node:         27
  0.1343E+03  0.1203E+03  0.5192E+03  0.0000E+00
   2.22E-16
  -1.943E-16
   2.22E-16
  -1.041E-16
   1.313E-15
   0.0
  1.466000000e-15
  1.875000000e-16
  -1.209000000e-15
  2.317400000e-15
  1.481700000e-16
  1.092400000e-15
  -1.693000000e-01 7.280000000e-01 6.643000000e-01
  9.848000000e-01 9.849000000e-02 1.431000000e-01
  3.876000000e-02 6.785000000e-01 -7.336000000e-01
 Node:         28
  0.1155E+03  0.1124E+03  0.4931E+03 -0.6907E-04
  -2.22E-16
   3.816E-17
   2.22E-16
  -5.551E-17
   5.551E-17
   1.11E-16
  2.455000000e-16
  1.014000000e-16
  -2.359000000e-16
  4.279500000e-16
  3.700000000e-17
  2.017400000e-16
  3.184000000e-02 9.284000000e-01 3.701000000e-01
  1.988000000e-01 3.571000000e-01 -9.127000000e-01
  9.795000000e-01 -1.026000000e-01 1.732000000e-01
 Node:         29
  0.1119E+03  0.1139E+03  0.5068E+03 -0.6907E-04
  -2.22E-16
  -2.082E-17
   0.0
   5.551E-17
   6.939E-18
  -3.331E-16
  1.944000000e-18
  -2.004000000e-16
  -3.566000000e-16
  3.113600000e-16
  -1.850200000e-16
  1.467800000e-16
  -9.118000000e-02 9.958000000e-01 5.517000000e-03
  -9.179000000e-01 -8.189000000e-02 -3.884000000e-01
  -3.863000000e-01 -4.048000000e-02 9.215000000e-01
 Node:         30
  0.1113E+03  0.1159E+03  0.5206E+03 -0.6907E-04
   2.22E-16
   1.249E-16
   2.22E-16
   0.0
  -2.776E-17
   1.11E-16
  3.486000000e-16
  1.238000000e-16
  8.277000000e-17
  2.478800000e-16
  1.850600000e-16
  1.168500000e-16
  -7.001000000e-01 -7.092000000e-01 8.287000000e-02
  -4.685000000e-01 3.686000000e-01 -8.029000000e-01
  -5.389000000e-01 6.009000000e-01 5.903000000e-01
 Node:         31
  0.1203E+03  0.1126E+03  0.4920E+03 -0.6907E-04
  -5.551E-17
   9.714E-17
  -1.11E-16
   2.776E-17
   4.163E-17
  -5.551E-17
  4.114000000e-17
  -7.661000000e-17
  -1.866000000e-16
  1.972700000e-16
  -7.402300000e-17
  9.299200000e-17
  -6.956000000e-01 -5.654000000e-01 -4.433000000e-01
  4.358000000e-01 1.585000000e-01 -8.860000000e-01
  5.712000000e-01 -8.095000000e-01 1.362000000e-01
 Node:         32
  0.1188E+03  0.1134E+03  0.5062E+03 -0.6907E-04
   2.22E-16
  -1.388E-17
  -1.11E-16
  -2.776E-17
   9.714E-17
  -5.551E-17
  2.266000000e-16
  1.331000000e-17
  -1.844000000e-16
  3.560200000e-16
  1.850300000e-17
  1.678300000e-16
  -9.894000000e-01 7.624000000e-02 1.236000000e-01
  1.445000000e-01 5.992000000e-01 7.875000000e-01
  1.402000000e-02 -7.970000000e-01 6.038000000e-01
 Node:         33
  0.1183E+03  0.1150E+03  0.5201E+03 -0.6907E-04
   1.11E-16
   5.551E-17
   0.0
   8.327E-17
   0.0
   0.0
  1.700000000e-16
  0.000000000e+00
  -5.893000000e-17
  2.058900000e-16
  3.702300000e-17
  9.705800000e-17
  -8.617000000e-01 -2.815000000e-01 -4.222000000e-01
  0.000000000e+00 -8.321000000e-01 5.547000000e-01
  -5.074000000e-01 4.780000000e-01 7.170000000e-01
 Node:         34
  0.1255E+03  0.1129E+03  0.4909E+03 -0.6907E-04
   0.0
   0.0
   0.0
   5.551E-17
   9.714E-17
   0.0
  1.119000000e-16
  3.387000000e-33
  -1.119000000e-16
  1.938200000e-16
  0.000000000e+00
  9.136600000e-17
  -3.508000000e-01 -6.139000000e-01 -7.071000000e-01
  8.682000000e-01 -4.961000000e-01 -4.855000000e-17
  -3.508000000e-01 -6.139000000e-01 7.071000000e-01
 Node:         35
  0.1260E+03  0.1135E+03  0.5054E+03 -0.6907E-04
   0.0
   1.11E-16
  -1.11E-16
   1.11E-16
   2.498E-16
  -1.11E-16
  2.410000000e-16
  -1.023000000e-16
  -3.608000000e-16
  5.229000000e-16
  -7.403300000e-17
  2.465000000e-16
  5.458000000e-01 5.925000000e-01 5.925000000e-01
  8.379000000e-01 -3.859000000e-01 -3.859000000e-01
  -4.975000000e-17 -7.071000000e-01 7.071000000e-01
 Node:         36
  0.1257E+03  0.1153E+03  0.5196E+03 -0.6907E-04
   0.0
  -5.551E-17
   0.0
  -5.551E-17
   8.327E-17
   0.0
  1.305000000e-16
  -4.723000000e-17
  -8.327000000e-17
  1.982200000e-16
  0.000000000e+00
  9.344300000e-17
  -5.155000000e-01 6.059000000e-01 6.059000000e-01
  8.569000000e-01 3.645000000e-01 3.645000000e-01
  -1.256000000e-16 7.071000000e-01 -7.071000000e-01
 Node:         37
  0.1132E+03  0.1210E+03  0.4959E+03 -0.6907E-04
  -2.22E-16
   1.388E-16
  -2.22E-16
  -8.327E-17
   1.804E-16
  -2.776E-16
  -4.482000000e-17
  -1.622000000e-16
  -5.146000000e-16
  4.234700000e-16
  -2.405400000e-16
  1.996300000e-16
  3.971000000e-01 7.887000000e-01 4.693000000e-01
  -7.874000000e-01 3.010000000e-02 6.157000000e-01
  4.715000000e-01 -6.140000000e-01 6.330000000e-01
 Node:         38
  0.1111E+03  0.1204E+03  0.5085E+03 -0.6907E-04
  -1.665E-16
   9.714E-17
   0.0
  -2.776E-17
  -8.327E-17
  -2.22E-16
  7.071000000e-17
  -2.091000000e-16
  -2.502000000e-16
  3.024600000e-16
  -1.295300000e-16
  1.425800000e-16
  -3.916000000e-01 -8.746000000e-01 2.859000000e-01
  9.154000000e-01 -3.389000000e-01 2.170000000e-01
  9.287000000e-02 -3.467000000e-01 -9.334000000e-01
 Node:         39
  0.1119E+03  0.1201E+03  0.5207E+03 -0.6907E-04
  -5.551E-17
  -9.714E-17
  -3.331E-16
  -8.327E-17
  -7.633E-17
  -1.11E-16
  8.934000000e-18
  -1.105000000e-16
  -3.981000000e-16
  3.623900000e-16
  -1.665600000e-16
  1.708300000e-16
  8.510000000e-01 -1.281000000e-01 -5.092000000e-01
  4.076000000e-01 -4.503000000e-01 7.944000000e-01
  -3.311000000e-01 -8.836000000e-01 -3.310000000e-01
 Node:         40
  0.1191E+03  0.1220E+03  0.4937E+03 -0.6907E-04
   0.0
   8.327E-17
  -2.22E-16
   8.327E-17
  -1.388E-17
  -2.22E-16
  4.872000000e-17
  -2.082000000e-16
  -2.846000000e-16
  3.024500000e-16
  -1.480300000e-16
  1.425700000e-16
  -9.240000000e-01 -2.703000000e-01 -2.703000000e-01
  0.000000000e+00 -7.071000000e-01 7.071000000e-01
  3.823000000e-01 -6.534000000e-01 -6.534000000e-01
 Node:         41
  0.1182E+03  0.1217E+03  0.5073E+03 -0.6907E-04
   0.0
  -2.776E-17
  -5.551E-17
   5.551E-17
   9.714E-17
   1.11E-16
  1.653000000e-16
  1.073000000e-17
  -1.206000000e-16
  2.478700000e-16
  1.847700000e-17
  1.168500000e-16
  2.406000000e-01 3.653000000e-01 8.993000000e-01
  -8.901000000e-01 4.526000000e-01 5.428000000e-02
  -3.871000000e-01 -8.135000000e-01 4.340000000e-01
 Node:         42
  0.1187E+03  0.1212E+03  0.5204E+03 -0.6907E-04
   0.0
  -5.551E-17
  -1.11E-16
   0.0
   5.551E-17
   1.11E-16
  1.256000000e-16
  1.887000000e-17
  -1.444000000e-16
  2.355300000e-16
  2.333300000e-20
  1.110300000e-16
  1.113000000e-01 -2.517000000e-01 -9.614000000e-01
  9.295000000e-01 -3.159000000e-01 1.903000000e-01
  -3.516000000e-01 -9.148000000e-01 1.988000000e-01
 Node:         43
  0.1258E+03  0.1217E+03  0.4915E+03 -0.6907E-04
   2.22E-16
   1.11E-16
   1.11E-16
  -1.388E-17
   0.0
  -5.551E-17
  2.911000000e-16
  4.294000000e-17
  -5.645000000e-17
  3.100400000e-16
  9.253000000e-17
  1.461600000e-16
  -8.507000000e-01 -5.246000000e-01 3.406000000e-02
  -5.213000000e-01 8.502000000e-01 7.348000000e-02
  6.751000000e-02 -4.475000000e-02 9.967000000e-01
 Node:         44
  0.1259E+03  0.1220E+03  0.5059E+03 -0.6907E-04
  -2.22E-16
   1.388E-16
  -2.22E-16
   9.714E-17
   1.11E-16
  -1.11E-16
  5.081000000e-17
  -2.445000000e-16
  -3.614000000e-16
  3.679600000e-16
  -1.850300000e-16
  1.734600000e-16
  -5.113000000e-01 -5.340000000e-01 -6.733000000e-01
  -5.198000000e-01 -4.318000000e-01 7.372000000e-01
  -6.844000000e-01 7.269000000e-01 -5.679000000e-02
 Node:         45
  0.1261E+03  0.1221E+03  0.5198E+03 -0.6907E-04
  -5.551E-17
  -8.327E-17
  -2.776E-16
   2.776E-17
  -6.939E-18
   1.11E-16
  1.167000000e-16
  -3.339000000e-17
  -3.053000000e-16
  3.705000000e-16
  -7.399700000e-17
  1.746600000e-16
  1.854000000e-01 -5.643000000e-02 9.810000000e-01
  9.302000000e-01 -3.117000000e-01 -1.938000000e-01
  -3.167000000e-01 -9.485000000e-01 5.308000000e-03
 Node:         46
  0.1117E+03  0.1296E+03  0.4959E+03  0.0000E+00
  -5.551E-17
   2.776E-17
  -1.665E-16
   6.939E-18
  -2.602E-17
   0.0
  4.101000000e-18
  -4.897000000e-17
  -1.772000000e-16
  1.614500000e-16
  -7.402300000e-17
  7.610600000e-17
  4.856000000e-02 -1.429000000e-01 9.886000000e-01
  9.724000000e-01 2.327000000e-01 -1.414000000e-02
  -2.280000000e-01 9.620000000e-01 1.502000000e-01
 Node:         47
  0.1107E+03  0.1269E+03  0.5087E+03  0.0000E+00
  -1.665E-16
  -3.123E-17
   1.11E-16
  -2.776E-17
   3.99E-17
   0.0
  1.289000000e-16
  -1.114000000e-17
  -1.732000000e-16
  2.618600000e-16
  -1.848000000e-17
  1.234400000e-16
  -1.292000000e-01 9.390000000e-01 3.186000000e-01
  -1.008000000e-01 -3.321000000e-01 9.379000000e-01
  -9.865000000e-01 -8.906000000e-02 -1.376000000e-01
 Node:         48
  0.1125E+03  0.1242E+03  0.5208E+03  0.0000E+00
   1.11E-16
   3.469E-18
   1.11E-16
   0.0
  -1.735E-18
   1.11E-16
  1.149000000e-16
  1.110000000e-16
  1.071000000e-16
  6.755000000e-18
  1.110000000e-16
  3.184300000e-18
  -6.325000000e-01 -7.071000000e-01 3.162000000e-01
  4.472000000e-01 -4.455000000e-15 8.944000000e-01
  -6.325000000e-01 7.071000000e-01 3.162000000e-01
 Node:         49
  0.1186E+03  0.1311E+03  0.4938E+03  0.0000E+00
  -1.665E-16
  -2.082E-17
   0.0
  -4.163E-17
  -6.072E-18
  -5.551E-17
  2.581000000e-18
  -4.165000000e-17
  -1.830000000e-16
  1.678900000e-16
  -7.402300000e-17
  7.914600000e-17
  1.174000000e-01 -9.929000000e-01 1.965000000e-02
  -3.135000000e-01 -1.827000000e-02 9.494000000e-01
  -9.423000000e-01 -1.176000000e-01 -3.134000000e-01
 Node:         50
  0.1180E+03  0.1298E+03  0.5075E+03  0.0000E+00
   0.0
  -1.301E-17
   3.331E-16
  -4.163E-17
   1.247E-17
   2.22E-16
  3.354000000e-16
  2.276000000e-16
  -7.879000000e-18
  3.040700000e-16
  1.850400000e-16
  1.433400000e-16
  5.441000000e-02 -9.902000000e-01 -1.289000000e-01
  -1.707000000e-01 -1.364000000e-01 9.758000000e-01
  9.838000000e-01 3.109000000e-02 1.765000000e-01
 Node:         51
  0.1192E+03  0.1275E+03  0.5206E+03  0.0000E+00
   0.0
  -3.469E-18
  -5.551E-17
   0.0
   1.475E-17
   1.11E-16
  1.123000000e-16
  2.087000000e-19
  -5.702000000e-17
  1.491800000e-16
  1.849600000e-17
  7.032400000e-17
  -2.705000000e-03 8.758000000e-02 9.962000000e-01
  9.982000000e-01 -6.004000000e-02 7.989000000e-03
  -6.051000000e-02 -9.943000000e-01 8.725000000e-02
 Node:         52
  0.1262E+03  0.1305E+03  0.4920E+03  0.0000E+00
   1.11E-16
  -1.388E-17
   1.11E-16
   1.301E-18
   4.906E-18
   0.0
  1.250000000e-16
  9.734000000e-17
  -2.497000000e-19
  1.139700000e-16
  7.403000000e-17
  5.372400000e-17
  -7.047000000e-01 7.092000000e-01 2.051000000e-02
  7.093000000e-01 7.034000000e-01 4.493000000e-02
  -1.744000000e-02 -4.621000000e-02 9.988000000e-01
 Node:         53
  0.1258E+03  0.1304E+03  0.5063E+03  0.0000E+00
  -1.665E-16
  -1.735E-18
  -1.11E-16
   2.776E-17
   3.383E-17
  -2.22E-16
  -1.010000000e-16
  -1.572000000e-16
  -2.414000000e-16
  1.223900000e-16
  -1.665300000e-16
  5.769700000e-17
  9.684000000e-02 9.526000000e-01 2.883000000e-01
  -9.346000000e-01 1.866000000e-01 -3.027000000e-01
  -3.422000000e-01 -2.402000000e-01 9.084000000e-01
 Node:         54
  0.1265E+03  0.1288E+03  0.5200E+03  0.0000E+00
  -2.22E-16
   2.082E-17
   1.11E-16
   0.0
  -4.337E-18
   1.11E-16
  1.160000000e-16
  1.073000000e-16
  -2.233000000e-16
  3.350300000e-16
  0.000000000e+00
  1.579400000e-16
  -4.656000000e-02 -7.562000000e-01 6.527000000e-01
  -4.117000000e-02 -6.514000000e-01 -7.576000000e-01
  -9.981000000e-01 6.215000000e-02 8.061000000e-04
 Node:         55
  0.1382E+03  0.1168E+03  0.4529E+03  0.1141E-01
  -0.03486
  -0.0201
   0.04841
  -0.002514
   0.03093
  -0.009004
  6.567000000e-02
  -2.074000000e-02
  -4.039000000e-02
  9.772800000e-02
  1.513300000e-03
  4.606900000e-02
  -1.904000000e-01 9.047000000e-01 3.811000000e-01
  2.924000000e-01 -3.183000000e-01 9.017000000e-01
  9.372000000e-01 2.831000000e-01 -2.040000000e-01
 Node:         56
  0.1314E+03  0.1156E+03  0.4686E+03  0.1141E-01
  -0.0281
  -0.01124
   0.0272
   0.002437
   0.009697
  -0.01559
  3.116000000e-02
  -1.612000000e-02
  -3.154000000e-02
  5.658800000e-02
  -5.500000000e-03
  2.667600000e-02
  -1.753000000e-01 9.658000000e-01 1.912000000e-01
  3.128000000e-01 -1.295000000e-01 9.410000000e-01
  -9.335000000e-01 -2.248000000e-01 2.794000000e-01
 Node:         57
  0.1285E+03  0.1140E+03  0.4823E+03  0.1141E-01
  -0.00464
   5.252E-4
   0.002183
   0.001279
  -7.432E-4
  -0.001937
  2.326000000e-03
  -1.492000000e-03
  -5.229000000e-03
  6.542900000e-03
  -1.465000000e-03
  3.084400000e-03
  -4.528000000e-02 -9.863000000e-01 1.583000000e-01
  3.917000000e-01 1.283000000e-01 9.111000000e-01
  -9.190000000e-01 1.033000000e-01 3.805000000e-01
 Node:         58
  0.1481E+03  0.1180E+03  0.4526E+03  0.1141E-01
  -0.03842
  -0.03481
   0.0885
  -0.006316
   0.02223
  -0.05986
  1.007000000e-01
  -4.732000000e-02
  -6.321000000e-02
  1.565700000e-01
  -3.276700000e-03
  7.380800000e-02
  -2.463000000e-01 9.587000000e-01 1.424000000e-01
  9.666000000e-01 2.538000000e-01 -3.693000000e-02
  -7.154000000e-02 1.285000000e-01 -9.891000000e-01
 Node:         59
  0.1417E+03  0.1168E+03  0.4689E+03  0.1141E-01
  -0.0132
  -0.03756
   0.065
  -0.01566
   0.02263
  -0.02737
  8.647000000e-02
  -2.452000000e-02
  -3.751000000e-02
  1.180200000e-01
  8.146700000e-03
  5.563600000e-02
  3.747000000e-01 -8.982000000e-01 -2.301000000e-01
  7.293000000e-01 4.387000000e-01 -5.250000000e-01
  5.725000000e-01 2.892000000e-02 8.194000000e-01
 Node:         60
  0.1375E+03  0.1150E+03  0.4832E+03  0.1141E-01
   0.004819
  -0.01173
   0.01387
  -0.006214
   0.005694
   8.272E-4
  2.475000000e-02
  -7.108000000e-04
  -4.520000000e-03
  2.756400000e-02
  6.506400000e-03
  1.299400000e-02
  -5.529000000e-01 7.668000000e-01 3.261000000e-01
  -3.209000000e-01 -5.571000000e-01 7.659000000e-01
  7.690000000e-01 3.188000000e-01 5.541000000e-01
 Node:         61
  0.1551E+03  0.1226E+03  0.4521E+03  0.1141E-01
   0.006022
  -0.029
   0.0412
  -0.01326
   0.01237
  -0.08773
  5.956000000e-02
  -9.940000000e-03
  -9.013000000e-02
  1.297500000e-01
  -1.350300000e-02
  6.116300000e-02
  -4.952000000e-01 8.609000000e-01 1.169000000e-01
  8.609000000e-01 5.043000000e-01 -6.657000000e-02
  1.162000000e-01 -6.764000000e-02 9.909000000e-01
 Node:         62
  0.1491E+03  0.1205E+03  0.4691E+03  0.1141E-01
   0.04608
  -0.06209
   0.06013
  -0.02748
   0.02284
  -0.03394
  1.235000000e-01
  -8.590000000e-03
  -4.267000000e-02
  1.520200000e-01
  2.408000000e-02
  7.166400000e-02
  -6.564000000e-01 7.218000000e-01 2.192000000e-01
  7.091000000e-01 6.896000000e-01 -1.474000000e-01
  2.576000000e-01 -5.871000000e-02 9.645000000e-01
 Node:         63
  0.1436E+03  0.1181E+03  0.4838E+03  0.1141E-01
   0.01705
  -0.0248
   0.02758
  -0.007414
   0.01056
  -3.366E-4
  5.090000000e-02
  -2.409000000e-03
  -4.203000000e-03
  5.422800000e-02
  1.476300000e-02
  2.556300000e-02
  -6.073000000e-01 7.562000000e-01 2.437000000e-01
  7.181000000e-01 3.913000000e-01 5.754000000e-01
  -3.398000000e-01 -5.245000000e-01 7.807000000e-01
 Node:         64
  0.1412E+03  0.1253E+03  0.4517E+03  0.1141E-01
  -0.05599
  -0.005453
   0.07262
  -0.01077
   0.009021
  -0.0312
  7.371000000e-02
  -2.825000000e-02
  -6.005000000e-02
  1.210300000e-01
  -4.863300000e-03
  5.705600000e-02
  4.934000000e-02 -9.947000000e-01 -9.059000000e-02
  -3.423000000e-01 -1.020000000e-01 9.340000000e-01
  -9.383000000e-01 -1.507000000e-02 -3.455000000e-01
 Node:         65
  0.1340E+03  0.1229E+03  0.4680E+03  0.1141E-01
  -0.02043
  -0.0211
   0.05573
  -0.009846
   0.006083
  -0.0201
  6.204000000e-02
  -1.508000000e-02
  -3.176000000e-02
  8.667200000e-02
  5.066700000e-03
  4.085800000e-02
  -2.580000000e-01 9.607000000e-01 1.021000000e-01
  5.524000000e-01 2.333000000e-01 -8.002000000e-01
  -7.926000000e-01 -1.500000000e-01 -5.909000000e-01
 Node:         66
  0.1299E+03  0.1214E+03  0.4825E+03  0.1141E-01
   0.0047
  -0.007588
   0.01172
  -0.001245
   0.001049
  -0.001783
  1.670000000e-02
  -2.580000000e-05
  -2.037000000e-03
  1.781700000e-02
  4.879100000e-03
  8.398900000e-03
  -5.386000000e-01 8.384000000e-01 8.385000000e-02
  8.039000000e-01 5.412000000e-01 -2.467000000e-01
  2.522000000e-01 6.545000000e-02 9.655000000e-01
 Node:         67
  0.1498E+03  0.1247E+03  0.4517E+03  0.1141E-01
  -0.04583
  -0.02379
   0.06708
  -0.01001
   0.008014
  -0.05453
  7.266000000e-02
  -4.444000000e-02
  -6.149000000e-02
  1.264900000e-01
  -1.109000000e-02
  5.962800000e-02
  -2.025000000e-01 9.762000000e-01 7.746000000e-02
  7.718000000e-01 2.078000000e-01 -6.009000000e-01
  6.027000000e-01 6.193000000e-02 7.955000000e-01
 Node:         68
  0.1431E+03  0.1225E+03  0.4685E+03  0.1141E-01
   0.006727
  -0.04789
   0.06413
  -0.023
   0.01467
  -0.03178
  9.585000000e-02
  -1.354000000e-02
  -4.324000000e-02
  1.268700000e-01
  1.302300000e-02
  5.980900000e-02
  5.020000000e-01 -8.443000000e-01 -1.875000000e-01
  7.086000000e-01 5.258000000e-01 -4.705000000e-01
  4.958000000e-01 1.033000000e-01 8.623000000e-01
 Node:         69
  0.1380E+03  0.1205E+03  0.4830E+03  0.1141E-01
   0.01479
  -0.01711
   0.01761
  -0.008107
   0.006259
  -5.185E-4
  3.616000000e-02
  -1.108000000e-04
  -4.163000000e-03
  3.845700000e-02
  1.062900000e-02
  1.812900000e-02
  -6.621000000e-01 7.006000000e-01 2.659000000e-01
  5.619000000e-01 6.989000000e-01 -4.425000000e-01
  4.959000000e-01 1.436000000e-01 8.564000000e-01
 Node:         70
  0.1553E+03  0.1247E+03  0.4519E+03  0.1141E-01
  -0.0286
  -0.02943
   0.02348
  -0.02851
   0.02081
  -0.04113
  4.775000000e-02
  -2.987000000e-02
  -6.413000000e-02
  9.928700000e-02
  -1.541700000e-02
  4.680400000e-02
  4.455000000e-01 -8.294000000e-01 -3.371000000e-01
  -6.235000000e-01 -5.576000000e-01 5.480000000e-01
  6.425000000e-01 3.397000000e-02 7.656000000e-01
 Node:         71
  0.1493E+03  0.1224E+03  0.4690E+03  0.1141E-01
   0.04159
  -0.05357
   0.04637
  -0.05377
   0.03148
  -0.01554
  1.238000000e-01
  -3.492000000e-03
  -4.786000000e-02
  1.543400000e-01
  2.414900000e-02
  7.275400000e-02
  -6.696000000e-01 6.259000000e-01 3.999000000e-01
  5.309000000e-01 7.798000000e-01 -3.317000000e-01
  5.194000000e-01 9.778000000e-03 8.545000000e-01
 Node:         72
  0.1435E+03  0.1199E+03  0.4837E+03  0.1141E-01
   0.0278
  -0.02192
   0.01529
  -0.01758
   0.00996
   0.003419
  5.253000000e-02
  -1.340000000e-05
  -6.013000000e-03
  5.578600000e-02
  1.550100000e-02
  2.629800000e-02
  -7.499000000e-01 5.425000000e-01 3.785000000e-01
  3.848000000e-01 8.232000000e-01 -4.175000000e-01
  -5.381000000e-01 -1.674000000e-01 -8.261000000e-01
 Node:         73
  0.1443E+03  0.1339E+03  0.4509E+03  0.0000E+00
   0.04128
  -0.006745
  -0.0516
  -0.001624
   8.934E-4
   0.03133
  4.203000000e-02
  3.108000000e-02
  -5.209000000e-02
  8.915100000e-02
  7.006700000e-03
  4.202600000e-02
  -9.852000000e-01 7.245000000e-02 1.556000000e-01
  1.559000000e-01 -2.043000000e-03 9.878000000e-01
  -7.188000000e-02 -9.974000000e-01 9.281000000e-03
 Node:         74
  0.1366E+03  0.1304E+03  0.4676E+03  0.0000E+00
   0.08092
   0.009228
  -0.01843
   0.005383
   6.122E-4
   0.03128
  8.234000000e-02
  3.070000000e-02
  -1.928000000e-02
  8.800900000e-02
  3.125300000e-02
  4.148800000e-02
  -9.902000000e-01 -9.132000000e-02 -1.055000000e-01
  -1.053000000e-01 -7.378000000e-03 9.944000000e-01
  -9.159000000e-02 9.958000000e-01 -2.306000000e-03
 Node:         75
  0.1313E+03  0.1288E+03  0.4826E+03  0.0000E+00
   0.03253
   0.003678
  -9.633E-4
  -2.771E-4
  -2.913E-4
   0.002863
  3.293000000e-02
  2.876000000e-03
  -1.378000000e-03
  3.239100000e-02
  1.147600000e-02
  1.526900000e-02
  -9.941000000e-01 -1.080000000e-01 1.021000000e-02
  1.673000000e-02 -5.970000000e-02 9.981000000e-01
  -1.071000000e-01 9.924000000e-01 6.115000000e-02
 Node:         76
  0.1514E+03  0.1313E+03  0.4511E+03  0.0000E+00
   0.03703
  -0.01244
  -0.06308
  -0.00729
   0.01231
   0.04174
  4.970000000e-02
  3.179000000e-02
  -6.580000000e-02
  1.076700000e-01
  5.230000000e-03
  5.075500000e-02
  -6.005000000e-01 1.519000000e-01 7.850000000e-01
  7.917000000e-01 -2.460000000e-02 6.104000000e-01
  1.120000000e-01 9.881000000e-01 -1.055000000e-01
 Node:         77
  0.1445E+03  0.1283E+03  0.4681E+03  0.0000E+00
   0.1058
   0.01345
  -0.02548
   0.002259
   0.01072
   0.02639
  1.073000000e-01
  2.823000000e-02
  -2.882000000e-02
  1.184000000e-01
  3.557000000e-02
  5.581300000e-02
  -9.937000000e-01 -1.041000000e-01 -4.155000000e-02
  -6.000000000e-02 1.810000000e-01 9.817000000e-01
  -9.464000000e-02 9.780000000e-01 -1.861000000e-01
 Node:         78
  0.1384E+03  0.1261E+03  0.4829E+03  0.0000E+00
   0.0441
   0.009293
  -3.253E-4
   8.603E-4
   9.459E-4
   0.002058
  4.599000000e-02
  2.166000000e-03
  -2.323000000e-03
  4.623200000e-02
  1.527800000e-02
  2.179400000e-02
  -9.801000000e-01 -1.971000000e-01 -2.344000000e-02
  -5.643000000e-02 1.635000000e-01 9.849000000e-01
  -1.903000000e-01 9.667000000e-01 -1.714000000e-01
 Node:         79
  0.1555E+03  0.1267E+03  0.4517E+03  0.0000E+00
   0.02845
   0.01778
  -0.0411
  -0.009521
   0.002654
  -0.1267
  3.320000000e-02
  -4.510000000e-02
  -1.275000000e-01
  1.391900000e-01
  -4.646700000e-02
  6.561300000e-02
  9.716000000e-01 2.306000000e-01 -5.401000000e-02
  -2.275000000e-01 9.721000000e-01 5.814000000e-02
  6.591000000e-02 -4.420000000e-02 9.968000000e-01
 Node:         80
  0.1494E+03  0.1243E+03  0.4689E+03  0.0000E+00
   0.1217
   0.02319
  -0.02908
   0.01129
   0.002571
  -0.0967
  1.258000000e-01
  -3.255000000e-02
  -9.731000000e-02
  1.988000000e-01
  -1.353300000e-03
  9.371700000e-02
  -9.875000000e-01 -1.487000000e-01 -5.182000000e-02
  -1.496000000e-01 9.887000000e-01 1.329000000e-02
  -4.926000000e-02 -2.088000000e-02 9.986000000e-01
 Node:         81
  0.1433E+03  0.1217E+03  0.4836E+03  0.0000E+00
   0.05049
   0.01024
  -0.002676
   0.009355
   0.002302
  -0.008887
  5.387000000e-02
  -4.529000000e-03
  -1.041000000e-02
  6.155100000e-02
  1.297700000e-02
  2.901500000e-02
  -9.715000000e-01 -1.821000000e-01 -1.515000000e-01
  -1.973000000e-01 9.760000000e-01 9.210000000e-02
  -1.311000000e-01 -1.194000000e-01 9.842000000e-01
 Node:         82
  0.1267E+03  0.1148E+03  0.4563E+03  0.2647E-02
   0.001373
  -0.01697
   0.008579
  -0.001674
   0.01051
  -0.004199
  2.528000000e-02
  -4.037000000e-03
  -1.549000000e-02
  3.642000000e-02
  1.917700000e-03
  1.716900000e-02
  -5.653000000e-01 7.663000000e-01 3.052000000e-01
  5.785000000e-01 1.046000000e-01 8.089000000e-01
  -5.880000000e-01 -6.339000000e-01 5.025000000e-01
 Node:         83
  0.1234E+03  0.1129E+03  0.4720E+03  0.2647E-02
  -0.01424
  -0.007993
   0.001544
   0.01013
   0.005436
  -0.01187
  4.996000000e-03
  -3.027000000e-03
  -2.653000000e-02
  2.837800000e-02
  -8.187000000e-03
  1.337800000e-02
  -3.367000000e-01 9.363000000e-01 9.959000000e-02
  -6.091000000e-01 -1.359000000e-01 -7.813000000e-01
  -7.181000000e-01 -3.237000000e-01 6.161000000e-01
 Node:         84
  0.1187E+03  0.1123E+03  0.4849E+03  0.2647E-02
  -0.002273
  -2.687E-4
  -4.484E-5
   0.004715
  -2.105E-4
  -0.009374
  3.571000000e-04
  -3.230000000e-04
  -1.173000000e-02
  1.176200000e-02
  -3.898600000e-03
  5.544600000e-03
  -6.860000000e-01 6.400000000e-01 -3.462000000e-01
  -5.748000000e-01 -7.684000000e-01 -2.815000000e-01
  4.462000000e-01 -5.864000000e-03 -8.949000000e-01
 Node:         85
  0.1302E+03  0.1161E+03  0.4550E+03  0.2647E-02
  -0.001214
  -0.01771
   0.01263
  -1.727E-4
   0.01533
  -0.003506
  2.986000000e-02
  -2.660000000e-03
  -1.929000000e-02
  4.330000000e-02
  2.636700000e-03
  2.041200000e-02
  -4.610000000e-01 8.054000000e-01 3.725000000e-01
  6.773000000e-01 4.816000000e-02 7.341000000e-01
  -5.733000000e-01 -5.908000000e-01 5.677000000e-01
 Node:         86
  0.1252E+03  0.1138E+03  0.4703E+03  0.2647E-02
  -0.02531
   0.001634
   0.05231
   0.01572
   0.01974
  -0.008933
  5.857000000e-02
  -4.674000000e-03
  -3.583000000e-02
  8.331200000e-02
  6.022000000e-03
  3.927400000e-02
  -7.399000000e-02 -9.524000000e-01 -2.958000000e-01
  5.666000000e-01 -2.842000000e-01 7.734000000e-01
  8.207000000e-01 1.104000000e-01 -5.606000000e-01
 Node:         87
  0.1217E+03  0.1126E+03  0.4834E+03  0.2647E-02
  -0.00347
  -3.778E-4
   8.452E-4
   0.005141
  -9.641E-4
  -0.007385
  1.420000000e-03
  -4.722000000e-04
  -1.096000000e-02
  1.155100000e-02
  -3.337400000e-03
  5.445100000e-03
  -4.199000000e-01 8.425000000e-01 -3.374000000e-01
  7.113000000e-01 5.364000000e-01 4.542000000e-01
  5.637000000e-01 -4.931000000e-02 -8.245000000e-01
 Node:         88
  0.1338E+03  0.1169E+03  0.4532E+03  0.2647E-02
  -0.02562
  -0.02163
   0.01579
  -4.792E-4
   0.02617
   0.01744
  4.630000000e-02
  -1.678000000e-03
  -3.701000000e-02
  7.242500000e-02
  2.537300000e-03
  3.414200000e-02
  -2.211000000e-01 7.206000000e-01 6.572000000e-01
  4.552000000e-01 -5.197000000e-01 7.230000000e-01
  8.625000000e-01 4.590000000e-01 -2.131000000e-01
 Node:         89
  0.1270E+03  0.1150E+03  0.4686E+03  0.2647E-02
  -0.02316
  -0.00738
   0.007893
   0.00543
   0.007196
  -0.002751
  1.207000000e-02
  -3.217000000e-03
  -2.687000000e-02
  3.398100000e-02
  -6.005700000e-03
  1.601900000e-02
  -1.298000000e-01 9.098000000e-01 3.943000000e-01
  -3.591000000e-01 3.275000000e-01 -8.739000000e-01
  -9.242000000e-01 -2.550000000e-01 2.842000000e-01
 Node:         90
  0.1248E+03  0.1132E+03  0.4822E+03  0.2647E-02
  -0.005054
   0.00203
  -7.894E-4
   0.0023
  -0.001331
  -0.001671
  2.170000000e-04
  -5.946000000e-04
  -7.136000000e-03
  6.982700000e-03
  -2.504500000e-03
  3.291700000e-03
  -1.460000000e-01 -8.835000000e-01 4.451000000e-01
  5.426000000e-01 3.047000000e-01 7.828000000e-01
  -8.272000000e-01 3.558000000e-01 4.349000000e-01
 Node:         91
  0.1259E+03  0.1261E+03  0.4544E+03  0.2647E-02
  -0.04834
  -0.007626
   0.05896
  -0.0108
   0.01902
  -0.009233
  6.481000000e-02
  -1.223000000e-02
  -5.119000000e-02
  1.022500000e-01
  4.633300000e-04
  4.820000000e-02
  -8.962000000e-02 9.614000000e-01 2.600000000e-01
  -2.221000000e-01 -2.738000000e-01 9.358000000e-01
  9.709000000e-01 2.611000000e-02 2.381000000e-01
 Node:         92
  0.1209E+03  0.1232E+03  0.4724E+03  0.2647E-02
  -0.0186
  -0.01275
   0.01935
  -0.008756
   0.0131
   0.007379
  3.245000000e-02
  -1.029000000e-03
  -2.329000000e-02
  4.859700000e-02
  2.710300000e-03
  2.290900000e-02
  2.899000000e-01 -8.030000000e-01 -5.208000000e-01
  -1.839000000e-02 -5.487000000e-01 8.358000000e-01
  -9.569000000e-01 -2.327000000e-01 -1.738000000e-01
 Node:         93
  0.1159E+03  0.1217E+03  0.4876E+03  0.2647E-02
   0.001074
  -0.001134
   4.993E-4
  -0.00273
   9.067E-4
   0.00211
  4.838000000e-03
  9.461000000e-05
  -1.249000000e-03
  5.538800000e-03
  1.227900000e-03
  2.611000000e-03
  -6.176000000e-01 3.123000000e-01 7.218000000e-01
  -3.219000000e-02 -9.270000000e-01 3.736000000e-01
  7.858000000e-01 2.075000000e-01 5.826000000e-01
 Node:         94
  0.1313E+03  0.1263E+03  0.4533E+03  0.2647E-02
  -0.059
  -0.007749
   0.06665
  -0.01531
   0.0157
  -0.003166
  7.093000000e-02
  -3.417000000e-03
  -6.303000000e-02
  1.162500000e-01
  1.494300000e-03
  5.479900000e-02
  8.421000000e-02 -9.711000000e-01 -2.231000000e-01
  -2.272000000e-01 -2.368000000e-01 9.446000000e-01
  -9.702000000e-01 -2.885000000e-02 -2.406000000e-01
 Node:         95
  0.1250E+03  0.1234E+03  0.4704E+03  0.2647E-02
  -0.01954
  -0.01303
   0.03115
  -0.01276
   0.01025
   0.00399
  3.929000000e-02
  2.625000000e-03
  -2.632000000e-02
  5.695100000e-02
  5.198300000e-03
  2.684700000e-02
