 Group name: actual_strain_L6A1
 #Fields=  16
 1) coordinates, coordinate, rectangular cartesian, #Components=3
   x.  Value index= 1, #Derivatives=0
   y.  Value index= 2, #Derivatives=0
   z.  Value index= 3, #Derivatives=0
 2) Tensor_1, field, rectangular cartesian, #Components=1
   Tensor_1.  Value index= 4, #Derivatives=0
 3) Tensor_2, field, rectangular cartesian, #Components=1
   Tensor_2.  Value index= 5, #Derivatives=0
 4) Tensor_3, field, rectangular cartesian, #Components=1
   Tensor_3.  Value index= 6, #Derivatives=0
 5) Tensor_4, field, rectangular cartesian, #Components=1
   Tensor_4.  Value index= 7, #Derivatives=0
 6) Tensor_5, field, rectangular cartesian, #Components=1
   Tensor_5.  Value index= 8, #Derivatives=0
 7) Tensor_6, field, rectangular cartesian, #Components=1
   Tensor_6.  Value index= 9, #Derivatives=0
 8) Principal_1, field, rectangular cartesian, #Components=1
   Principal_1.  Value index= 10, #Derivatives=0
 9) Principal_2, field, rectangular cartesian, #Components=1
   Principal_2.  Value index= 11, #Derivatives=0
 10) Principal_3, field, rectangular cartesian, #Components=1
   Principal_3.  Value index= 12, #Derivatives=0
 11) VonMises, field, rectangular cartesian, #Components=1
   VonMises.  Value index= 13, #Derivatives=0
 12) Hydrostatic, field, rectangular cartesian, #Components=1
   VonMises.  Value index= 14, #Derivatives=0
 13) Octahedral, field, rectangular cartesian, #Components=1
   VonMises.  Value index= 15, #Derivatives=0
 14) PrincipalVector1, field, rectangular cartesian, #Components=3
   x.  Value index= 16, #Derivatives=0
   y.  Value index= 17, #Derivatives=0
   z.  Value index= 18, #Derivatives=0
 15) PrincipalVector2, field, rectangular cartesian, #Components=3
   x.  Value index= 19, #Derivatives=0
   y.  Value index= 20, #Derivatives=0
   z.  Value index= 21, #Derivatives=0
 16) PrincipalVector3, field, rectangular cartesian, #Components=3
   x.  Value index= 22, #Derivatives=0
   y.  Value index= 23, #Derivatives=0
   z.  Value index= 24, #Derivatives=0
 Node:          1
  0.1287E+03  0.1133E+03  0.4908E+03 -0.2926E-04
  -1.11E-16
  -8.327E-17
  -2.22E-16
  -2.776E-17
  -4.163E-17
  -3.331E-16
  -6.637000000e-17
  -2.400000000e-16
  -3.598000000e-16
  2.555400000e-16
  -2.220600000e-16
  1.204600000e-16
  8.837000000e-01 -4.676000000e-01 -1.897000000e-02
  4.046000000e-01 7.837000000e-01 -4.712000000e-01
  2.352000000e-01 4.088000000e-01 8.818000000e-01
 Node:          2
  0.1292E+03  0.1137E+03  0.5052E+03 -0.2926E-04
  -5.551E-17
  -1.11E-16
  -1.665E-16
  -5.551E-17
   1.943E-16
  -2.776E-16
  8.603000000e-17
  -1.600000000e-16
  -4.256000000e-16
  4.431900000e-16
  -1.665200000e-16
  2.089200000e-16
  -6.554000000e-01 6.199000000e-01 4.313000000e-01
  7.522000000e-01 4.849000000e-01 4.462000000e-01
  -6.744000000e-02 -6.169000000e-01 7.841000000e-01
 Node:          3
  0.1289E+03  0.1155E+03  0.5194E+03 -0.2926E-04
   2.22E-16
   1.388E-16
   3.331E-16
   1.11E-16
   5.551E-17
   2.22E-16
  4.753000000e-16
  2.118000000e-16
  9.006000000e-17
  3.410700000e-16
  2.590500000e-16
  1.607800000e-16
  -5.696000000e-01 -7.144000000e-01 -4.063000000e-01
  2.395000000e-01 -6.172000000e-01 7.494000000e-01
  -7.862000000e-01 3.296000000e-01 5.227000000e-01
 Node:          4
  0.1361E+03  0.1141E+03  0.4915E+03 -0.2926E-04
   0.0
  -2.776E-17
  -1.11E-16
  -2.776E-17
  -8.327E-17
   2.22E-16
  2.435000000e-16
  6.328000000e-18
  -1.388000000e-16
  3.342600000e-16
  3.700900000e-17
  1.575700000e-16
  -8.549000000e-02 -2.215000000e-01 9.714000000e-01
  9.681000000e-01 -2.491000000e-01 2.840000000e-02
  2.357000000e-01 9.428000000e-01 2.357000000e-01
 Node:          5
  0.1341E+03  0.1144E+03  0.5054E+03 -0.2926E-04
   3.331E-16
   1.388E-16
   3.331E-16
   5.551E-17
  -6.939E-17
   4.441E-16
  4.814000000e-16
  4.627000000e-16
  1.662000000e-16
  3.062800000e-16
  3.701000000e-16
  1.443800000e-16
  -3.480000000e-01 -6.443000000e-01 6.810000000e-01
  -6.589000000e-01 -3.487000000e-01 -6.665000000e-01
  6.669000000e-01 -6.807000000e-01 -3.032000000e-01
 Node:          6
  0.1323E+03  0.1162E+03  0.5191E+03 -0.2926E-04
   2.22E-16
   5.551E-17
   2.22E-16
  -5.551E-17
  -2.776E-17
   0.0
  2.897000000e-16
  1.685000000e-16
  -1.402000000e-17
  2.648100000e-16
  1.480600000e-16
  1.248300000e-16
  -7.150000000e-01 -6.696000000e-01 2.012000000e-01
  6.656000000e-01 -7.399000000e-01 -9.741000000e-02
  -2.141000000e-01 -6.426000000e-02 -9.747000000e-01
 Node:          7
  0.1408E+03  0.1171E+03  0.4920E+03 -0.2926E-04
   3.331E-16
   2.22E-16
   2.22E-16
  -8.327E-17
  -1.11E-16
   0.0
  5.398000000e-16
  6.158000000e-17
  -4.631000000e-17
  5.403100000e-16
  1.850200000e-16
  2.547000000e-16
  -7.537000000e-01 -6.111000000e-01 2.419000000e-01
  -6.560000000e-01 6.770000000e-01 -3.335000000e-01
  -4.004000000e-02 4.101000000e-01 9.112000000e-01
 Node:          8
  0.1367E+03  0.1169E+03  0.5055E+03 -0.2926E-04
   2.22E-16
   1.943E-16
   2.22E-16
  -4.025E-16
  -2.359E-16
  -2.22E-16
  6.547000000e-16
  4.477000000e-17
  -4.775000000e-16
  9.814900000e-16
  7.399000000e-17
  4.626800000e-16
  -6.847000000e-01 -5.611000000e-01 4.652000000e-01
  5.685000000e-01 -8.105000000e-01 -1.409000000e-01
  -4.561000000e-01 -1.681000000e-01 -8.739000000e-01
 Node:          9
  0.1339E+03  0.1180E+03  0.5191E+03 -0.2926E-04
   2.22E-16
   1.665E-16
   0.0
  -3.955E-16
  -2.776E-16
   6.661E-16
  1.002000000e-15
  -9.379000000e-18
  -1.046000000e-16
  1.062200000e-15
  2.960100000e-16
  5.007200000e-16
  -4.817000000e-01 -3.073000000e-01 8.207000000e-01
  -8.565000000e-01 -3.292000000e-02 -5.150000000e-01
  -1.853000000e-01 9.510000000e-01 2.474000000e-01
 Node:         10
  0.1294E+03  0.1212E+03  0.4911E+03 -0.2926E-04
   0.0
   2.776E-17
   1.11E-16
  -1.388E-17
   1.249E-16
   1.11E-16
  2.363000000e-16
  2.303000000e-17
  -3.732000000e-17
  2.489900000e-16
  7.400300000e-17
  1.173800000e-16
  4.210000000e-02 7.100000000e-01 7.030000000e-01
  -7.813000000e-01 -4.152000000e-01 4.661000000e-01
  -6.228000000e-01 5.688000000e-01 -5.372000000e-01
 Node:         11
  0.1295E+03  0.1214E+03  0.5055E+03 -0.2926E-04
  -2.22E-16
  -2.776E-17
  -2.22E-16
  -4.163E-17
   1.388E-17
  -1.665E-16
  -1.365000000e-16
  -2.183000000e-16
  -2.558000000e-16
  1.056600000e-16
  -2.035300000e-16
  4.981100000e-17
  -4.935000000e-01 2.929000000e-01 8.189000000e-01
  3.541000000e-01 -7.924000000e-01 4.968000000e-01
  -7.944000000e-01 -5.351000000e-01 -2.873000000e-01
 Node:         12
  0.1295E+03  0.1217E+03  0.5196E+03 -0.2926E-04
   1.11E-16
   0.0
   1.11E-16
   7.633E-17
   2.776E-17
   2.22E-16
  2.649000000e-16
  1.110000000e-16
  6.816000000e-17
  1.792000000e-16
  1.480200000e-16
  8.447700000e-17
  -4.387000000e-01 -1.595000000e-01 -8.844000000e-01
  3.417000000e-01 -9.398000000e-01 -2.255000000e-17
  8.311000000e-01 3.022000000e-01 -4.668000000e-01
 Node:         13
  0.1361E+03  0.1199E+03  0.4914E+03 -0.2926E-04
   1.11E-16
  -1.388E-16
   0.0
  -9.714E-17
   2.776E-17
  -1.665E-16
  2.285000000e-16
  -8.520000000e-17
  -1.988000000e-16
  3.833400000e-16
  -1.850000000e-17
  1.807100000e-16
  8.171000000e-01 -5.252000000e-01 -2.378000000e-01
  4.648000000e-01 8.442000000e-01 -2.671000000e-01
  3.410000000e-01 1.077000000e-01 9.339000000e-01
 Node:         14
  0.1342E+03  0.1198E+03  0.5054E+03 -0.2926E-04
  -5.551E-17
   2.776E-17
   0.0
   5.551E-17
  -9.021E-17
   1.11E-16
  1.672000000e-16
  -4.940000000e-18
  -1.068000000e-16
  2.398800000e-16
  1.848700000e-17
  1.130800000e-16
  1.634000000e-01 -4.472000000e-01 8.794000000e-01
  -6.569000000e-01 -7.144000000e-01 -2.412000000e-01
  -7.361000000e-01 5.382000000e-01 4.105000000e-01
 Node:         15
  0.1330E+03  0.1205E+03  0.5193E+03 -0.2926E-04
   2.22E-16
  -8.327E-17
  -5.551E-17
   1.388E-17
   4.857E-17
   0.0
  2.451000000e-16
  2.471000000e-17
  -1.033000000e-16
  3.052400000e-16
  5.550300000e-17
  1.438900000e-16
  -9.638000000e-01 2.667000000e-01 -1.723000000e-03
  1.157000000e-01 4.239000000e-01 8.983000000e-01
  2.403000000e-01 8.656000000e-01 -4.394000000e-01
 Node:         16
  0.1404E+03  0.1188E+03  0.4918E+03 -0.2926E-04
   2.22E-16
   5.551E-17
   2.22E-16
  -8.327E-17
  -1.457E-16
   4.441E-16
  5.466000000e-16
  1.950000000e-16
  1.465000000e-16
  3.781900000e-16
  2.960300000e-16
  1.782800000e-16
  -2.927000000e-01 -4.328000000e-01 8.526000000e-01
  -9.222000000e-01 -1.077000000e-01 -3.713000000e-01
  -2.526000000e-01 8.950000000e-01 3.676000000e-01
 Node:         17
  0.1365E+03  0.1184E+03  0.5055E+03 -0.2926E-04
  -1.11E-16
   2.776E-17
  -1.11E-16
   9.714E-17
   1.7E-16
   0.0
  1.573000000e-16
  -1.341000000e-16
  -2.452000000e-16
  3.600400000e-16
  -7.400000000e-17
  1.697300000e-16
  3.368000000e-01 5.285000000e-01 7.792000000e-01
  8.927000000e-01 -4.425000000e-01 -8.566000000e-02
  -2.996000000e-01 -7.244000000e-01 6.209000000e-01
 Node:         18
  0.1341E+03  0.1191E+03  0.5192E+03 -0.2926E-04
   0.0
   0.0
   0.0
   2.645E-17
   1.065E-16
   4.441E-16
  4.697000000e-16
  -1.672000000e-33
  -2.562000000e-17
  4.830200000e-16
  1.480300000e-16
  2.277000000e-16
  -5.484000000e-02 -2.207000000e-01 -9.738000000e-01
  9.705000000e-01 -2.411000000e-01 -6.210000000e-17
  -2.348000000e-01 -9.451000000e-01 2.274000000e-01
 Node:         19
  0.1301E+03  0.1291E+03  0.4914E+03  0.0000E+00
   1.11E-16
   0.0
   1.11E-16
   2.101E-19
   1.001E-17
  -2.22E-16
  1.113000000e-16
  1.110000000e-16
  -2.223000000e-16
  3.334500000e-16
  0.000000000e+00
  1.571900000e-16
  -2.096000000e-02 -9.993000000e-01 -3.003000000e-02
  9.998000000e-01 -2.097000000e-02 1.345000000e-19
  6.298000000e-04 3.003000000e-02 -9.995000000e-01
 Node:         20
  0.1299E+03  0.1291E+03  0.5058E+03  0.0000E+00
   2.22E-16
   0.0
   0.0
   1.041E-17
   1.924E-17
  -5.551E-17
  2.224000000e-16
  5.975000000e-18
  -6.188000000e-17
  2.571600000e-16
  5.549800000e-17
  1.212200000e-16
  -9.993000000e-01 -3.257000000e-03 -3.765000000e-02
  1.428000000e-02 -9.549000000e-01 -2.965000000e-01
  -3.498000000e-02 -2.968000000e-01 9.543000000e-01
 Node:         21
  0.1301E+03  0.1280E+03  0.5197E+03  0.0000E+00
   1.11E-16
   0.0
   0.0
   4.163E-17
   1.475E-17
   1.11E-16
  1.534000000e-16
  7.089000000e-17
  -2.220000000e-18
  1.348500000e-16
  7.402300000e-17
  6.357000000e-17
  -6.994000000e-01 -6.840000000e-02 -7.114000000e-01
  -7.126000000e-01 1.429000000e-01 6.869000000e-01
  -5.465000000e-02 -9.874000000e-01 1.487000000e-01
 Node:         22
  0.1360E+03  0.1256E+03  0.4913E+03  0.0000E+00
  -2.22E-16
   1.388E-17
  -1.11E-16
  -1.388E-17
   1.006E-16
   1.11E-16
  1.500000000e-16
  -1.456000000e-16
  -2.264000000e-16
  3.432100000e-16
  -7.400000000e-17
  1.617900000e-16
  -2.144000000e-02 3.586000000e-01 9.332000000e-01
  2.280000000e-01 9.106000000e-01 -3.447000000e-01
  -9.734000000e-01 2.054000000e-01 -1.013000000e-01
 Node:         23
  0.1343E+03  0.1253E+03  0.5054E+03  0.0000E+00
   0.0
   2.082E-17
  -4.441E-16
   0.0
   1.314E-16
  -1.665E-16
  1.265000000e-18
  -1.147000000e-16
  -4.972000000e-16
  4.517900000e-16
  -2.035400000e-16
  2.129700000e-16
  9.970000000e-01 6.061000000e-02 4.746000000e-02
  6.644000000e-02 -3.661000000e-01 -9.282000000e-01
  3.888000000e-02 -9.286000000e-01 3.690000000e-01
 Node:         24
  0.1336E+03  0.1248E+03  0.5194E+03  0.0000E+00
  -2.22E-16
   1.214E-17
   0.0
   1.388E-17
   8.674E-19
  -1.665E-16
  6.779000000e-19
  -1.633000000e-16
  -2.259000000e-16
  2.026600000e-16
  -1.295100000e-16
  9.553700000e-17
  -5.504000000e-02 -9.984000000e-01 -9.747000000e-03
  2.257000000e-01 -2.195000000e-02 9.740000000e-01
  -9.726000000e-01 5.141000000e-02 2.265000000e-01
 Node:         25
  0.1400E+03  0.1206E+03  0.4917E+03  0.0000E+00
   0.0
   2.671E-16
  -1.11E-16
  -8.327E-17
  -1.301E-16
   2.22E-16
  3.681000000e-16
  7.580000000e-17
  -3.329000000e-16
  6.098700000e-16
  3.700000000e-17
  2.874900000e-16
  5.089000000e-01 4.781000000e-01 -7.159000000e-01
  6.086000000e-01 3.883000000e-01 6.920000000e-01
  6.088000000e-01 -7.878000000e-01 -9.334000000e-02
 Node:         26
  0.1363E+03  0.1200E+03  0.5055E+03  0.0000E+00
   2.22E-16
   1.076E-16
  -6.106E-16
   2.776E-17
  -1.124E-15
  -5.551E-17
  8.281000000e-16
  2.248000000e-16
  -1.497000000e-15
  2.089800000e-15
  -1.480300000e-16
  9.851500000e-16
  7.371000000e-02 6.174000000e-01 -7.832000000e-01
  9.955000000e-01 1.018000000e-03 9.449000000e-02
  -5.914000000e-02 7.866000000e-01 6.146000000e-01
 Node:         27
  0.1343E+03  0.1203E+03  0.5192E+03  0.0000E+00
   2.22E-16
  -1.943E-16
   2.22E-16
  -1.041E-16
   1.313E-15
   0.0
  1.466000000e-15
  1.875000000e-16
  -1.209000000e-15
  2.317400000e-15
  1.481700000e-16
  1.092400000e-15
  -1.693000000e-01 7.280000000e-01 6.643000000e-01
  9.848000000e-01 9.849000000e-02 1.431000000e-01
  3.876000000e-02 6.785000000e-01 -7.336000000e-01
 Node:         28
  0.1155E+03  0.1124E+03  0.4931E+03 -0.1729E-03
  -2.22E-16
   3.816E-17
   2.22E-16
  -5.551E-17
   5.551E-17
   1.11E-16
  2.455000000e-16
  1.014000000e-16
  -2.359000000e-16
  4.279500000e-16
  3.700000000e-17
  2.017400000e-16
  3.184000000e-02 9.284000000e-01 3.701000000e-01
  1.988000000e-01 3.571000000e-01 -9.127000000e-01
  9.795000000e-01 -1.026000000e-01 1.732000000e-01
 Node:         29
  0.1119E+03  0.1139E+03  0.5068E+03 -0.1729E-03
  -2.22E-16
  -2.082E-17
   0.0
   5.551E-17
   6.939E-18
  -3.331E-16
  1.944000000e-18
  -2.004000000e-16
  -3.566000000e-16
  3.113600000e-16
  -1.850200000e-16
  1.467800000e-16
  -9.118000000e-02 9.958000000e-01 5.517000000e-03
  -9.179000000e-01 -8.189000000e-02 -3.884000000e-01
  -3.863000000e-01 -4.048000000e-02 9.215000000e-01
 Node:         30
  0.1113E+03  0.1159E+03  0.5206E+03 -0.1729E-03
   2.22E-16
   1.249E-16
   2.22E-16
   0.0
  -2.776E-17
   1.11E-16
  3.486000000e-16
  1.238000000e-16
  8.277000000e-17
  2.478800000e-16
  1.850600000e-16
  1.168500000e-16
  -7.001000000e-01 -7.092000000e-01 8.287000000e-02
  -4.685000000e-01 3.686000000e-01 -8.029000000e-01
  -5.389000000e-01 6.009000000e-01 5.903000000e-01
 Node:         31
  0.1203E+03  0.1126E+03  0.4920E+03 -0.1729E-03
  -5.551E-17
   9.714E-17
  -1.11E-16
   2.776E-17
   4.163E-17
  -5.551E-17
  4.114000000e-17
  -7.661000000e-17
  -1.866000000e-16
  1.972700000e-16
  -7.402300000e-17
  9.299200000e-17
  -6.956000000e-01 -5.654000000e-01 -4.433000000e-01
  4.358000000e-01 1.585000000e-01 -8.860000000e-01
  5.712000000e-01 -8.095000000e-01 1.362000000e-01
 Node:         32
  0.1188E+03  0.1134E+03  0.5062E+03 -0.1729E-03
   2.22E-16
  -1.388E-17
  -1.11E-16
  -2.776E-17
   9.714E-17
  -5.551E-17
  2.266000000e-16
  1.331000000e-17
  -1.844000000e-16
  3.560200000e-16
  1.850300000e-17
  1.678300000e-16
  -9.894000000e-01 7.624000000e-02 1.236000000e-01
  1.445000000e-01 5.992000000e-01 7.875000000e-01
  1.402000000e-02 -7.970000000e-01 6.038000000e-01
 Node:         33
  0.1183E+03  0.1150E+03  0.5201E+03 -0.1729E-03
   1.11E-16
   5.551E-17
   0.0
   8.327E-17
   0.0
   0.0
  1.700000000e-16
  0.000000000e+00
  -5.893000000e-17
  2.058900000e-16
  3.702300000e-17
  9.705800000e-17
  -8.617000000e-01 -2.815000000e-01 -4.222000000e-01
  0.000000000e+00 -8.321000000e-01 5.547000000e-01
  -5.074000000e-01 4.780000000e-01 7.170000000e-01
 Node:         34
  0.1255E+03  0.1129E+03  0.4909E+03 -0.1729E-03
   0.0
   0.0
   0.0
   5.551E-17
   9.714E-17
   0.0
  1.119000000e-16
  3.387000000e-33
  -1.119000000e-16
  1.938200000e-16
  0.000000000e+00
  9.136600000e-17
  -3.508000000e-01 -6.139000000e-01 -7.071000000e-01
  8.682000000e-01 -4.961000000e-01 -4.855000000e-17
  -3.508000000e-01 -6.139000000e-01 7.071000000e-01
 Node:         35
  0.1260E+03  0.1135E+03  0.5054E+03 -0.1729E-03
   0.0
   1.11E-16
  -1.11E-16
   1.11E-16
   2.498E-16
  -1.11E-16
  2.410000000e-16
  -1.023000000e-16
  -3.608000000e-16
  5.229000000e-16
  -7.403300000e-17
  2.465000000e-16
  5.458000000e-01 5.925000000e-01 5.925000000e-01
  8.379000000e-01 -3.859000000e-01 -3.859000000e-01
  -4.975000000e-17 -7.071000000e-01 7.071000000e-01
 Node:         36
  0.1257E+03  0.1153E+03  0.5196E+03 -0.1729E-03
   0.0
  -5.551E-17
   0.0
  -5.551E-17
   8.327E-17
   0.0
  1.305000000e-16
  -4.723000000e-17
  -8.327000000e-17
  1.982200000e-16
  0.000000000e+00
  9.344300000e-17
  -5.155000000e-01 6.059000000e-01 6.059000000e-01
  8.569000000e-01 3.645000000e-01 3.645000000e-01
  -1.256000000e-16 7.071000000e-01 -7.071000000e-01
 Node:         37
  0.1132E+03  0.1210E+03  0.4959E+03 -0.1729E-03
  -2.22E-16
   1.388E-16
  -2.22E-16
  -8.327E-17
   1.804E-16
  -2.776E-16
  -4.482000000e-17
  -1.622000000e-16
  -5.146000000e-16
  4.234700000e-16
  -2.405400000e-16
  1.996300000e-16
  3.971000000e-01 7.887000000e-01 4.693000000e-01
  -7.874000000e-01 3.010000000e-02 6.157000000e-01
  4.715000000e-01 -6.140000000e-01 6.330000000e-01
 Node:         38
  0.1111E+03  0.1204E+03  0.5085E+03 -0.1729E-03
  -1.665E-16
   9.714E-17
   0.0
  -2.776E-17
  -8.327E-17
  -2.22E-16
  7.071000000e-17
  -2.091000000e-16
  -2.502000000e-16
  3.024600000e-16
  -1.295300000e-16
  1.425800000e-16
  -3.916000000e-01 -8.746000000e-01 2.859000000e-01
  9.154000000e-01 -3.389000000e-01 2.170000000e-01
  9.287000000e-02 -3.467000000e-01 -9.334000000e-01
 Node:         39
  0.1119E+03  0.1201E+03  0.5207E+03 -0.1729E-03
  -5.551E-17
  -9.714E-17
  -3.331E-16
  -8.327E-17
  -7.633E-17
  -1.11E-16
  8.934000000e-18
  -1.105000000e-16
  -3.981000000e-16
  3.623900000e-16
  -1.665600000e-16
  1.708300000e-16
  8.510000000e-01 -1.281000000e-01 -5.092000000e-01
  4.076000000e-01 -4.503000000e-01 7.944000000e-01
  -3.311000000e-01 -8.836000000e-01 -3.310000000e-01
 Node:         40
  0.1191E+03  0.1220E+03  0.4937E+03 -0.1729E-03
   0.0
   8.327E-17
  -2.22E-16
   8.327E-17
  -1.388E-17
  -2.22E-16
  4.872000000e-17
  -2.082000000e-16
  -2.846000000e-16
  3.024500000e-16
  -1.480300000e-16
  1.425700000e-16
  -9.240000000e-01 -2.703000000e-01 -2.703000000e-01
  0.000000000e+00 -7.071000000e-01 7.071000000e-01
  3.823000000e-01 -6.534000000e-01 -6.534000000e-01
 Node:         41
  0.1182E+03  0.1217E+03  0.5073E+03 -0.1729E-03
   0.0
  -2.776E-17
  -5.551E-17
   5.551E-17
   9.714E-17
   1.11E-16
  1.653000000e-16
  1.073000000e-17
  -1.206000000e-16
  2.478700000e-16
  1.847700000e-17
  1.168500000e-16
  2.406000000e-01 3.653000000e-01 8.993000000e-01
  -8.901000000e-01 4.526000000e-01 5.428000000e-02
  -3.871000000e-01 -8.135000000e-01 4.340000000e-01
 Node:         42
  0.1187E+03  0.1212E+03  0.5204E+03 -0.1729E-03
   0.0
  -5.551E-17
  -1.11E-16
   0.0
   5.551E-17
   1.11E-16
  1.256000000e-16
  1.887000000e-17
  -1.444000000e-16
  2.355300000e-16
  2.333300000e-20
  1.110300000e-16
  1.113000000e-01 -2.517000000e-01 -9.614000000e-01
  9.295000000e-01 -3.159000000e-01 1.903000000e-01
  -3.516000000e-01 -9.148000000e-01 1.988000000e-01
 Node:         43
  0.1258E+03  0.1217E+03  0.4915E+03 -0.1729E-03
   2.22E-16
   1.11E-16
   1.11E-16
  -1.388E-17
   0.0
  -5.551E-17
  2.911000000e-16
  4.294000000e-17
  -5.645000000e-17
  3.100400000e-16
  9.253000000e-17
  1.461600000e-16
  -8.507000000e-01 -5.246000000e-01 3.406000000e-02
  -5.213000000e-01 8.502000000e-01 7.348000000e-02
  6.751000000e-02 -4.475000000e-02 9.967000000e-01
 Node:         44
  0.1259E+03  0.1220E+03  0.5059E+03 -0.1729E-03
  -2.22E-16
   1.388E-16
  -2.22E-16
   9.714E-17
   1.11E-16
  -1.11E-16
  5.081000000e-17
  -2.445000000e-16
  -3.614000000e-16
  3.679600000e-16
  -1.850300000e-16
  1.734600000e-16
  -5.113000000e-01 -5.340000000e-01 -6.733000000e-01
  -5.198000000e-01 -4.318000000e-01 7.372000000e-01
  -6.844000000e-01 7.269000000e-01 -5.679000000e-02
 Node:         45
  0.1261E+03  0.1221E+03  0.5198E+03 -0.1729E-03
  -5.551E-17
  -8.327E-17
  -2.776E-16
   2.776E-17
  -6.939E-18
   1.11E-16
  1.167000000e-16
  -3.339000000e-17
  -3.053000000e-16
  3.705000000e-16
  -7.399700000e-17
  1.746600000e-16
  1.854000000e-01 -5.643000000e-02 9.810000000e-01
  9.302000000e-01 -3.117000000e-01 -1.938000000e-01
  -3.167000000e-01 -9.485000000e-01 5.308000000e-03
 Node:         46
  0.1117E+03  0.1296E+03  0.4959E+03  0.0000E+00
  -5.551E-17
   2.776E-17
  -1.665E-16
   6.939E-18
  -2.602E-17
   0.0
  4.101000000e-18
  -4.897000000e-17
  -1.772000000e-16
  1.614500000e-16
  -7.402300000e-17
  7.610600000e-17
  4.856000000e-02 -1.429000000e-01 9.886000000e-01
  9.724000000e-01 2.327000000e-01 -1.414000000e-02
  -2.280000000e-01 9.620000000e-01 1.502000000e-01
 Node:         47
  0.1107E+03  0.1269E+03  0.5087E+03  0.0000E+00
  -1.665E-16
  -3.123E-17
   1.11E-16
  -2.776E-17
   3.99E-17
   0.0
  1.289000000e-16
  -1.114000000e-17
  -1.732000000e-16
  2.618600000e-16
  -1.848000000e-17
  1.234400000e-16
  -1.292000000e-01 9.390000000e-01 3.186000000e-01
  -1.008000000e-01 -3.321000000e-01 9.379000000e-01
  -9.865000000e-01 -8.906000000e-02 -1.376000000e-01
 Node:         48
  0.1125E+03  0.1242E+03  0.5208E+03  0.0000E+00
   1.11E-16
   3.469E-18
   1.11E-16
   0.0
  -1.735E-18
   1.11E-16
  1.149000000e-16
  1.110000000e-16
  1.071000000e-16
  6.755000000e-18
  1.110000000e-16
  3.184300000e-18
  -6.325000000e-01 -7.071000000e-01 3.162000000e-01
  4.472000000e-01 -4.455000000e-15 8.944000000e-01
  -6.325000000e-01 7.071000000e-01 3.162000000e-01
 Node:         49
  0.1186E+03  0.1311E+03  0.4938E+03  0.0000E+00
  -1.665E-16
  -2.082E-17
   0.0
  -4.163E-17
  -6.072E-18
  -5.551E-17
  2.581000000e-18
  -4.165000000e-17
  -1.830000000e-16
  1.678900000e-16
  -7.402300000e-17
  7.914600000e-17
  1.174000000e-01 -9.929000000e-01 1.965000000e-02
  -3.135000000e-01 -1.827000000e-02 9.494000000e-01
  -9.423000000e-01 -1.176000000e-01 -3.134000000e-01
 Node:         50
  0.1180E+03  0.1298E+03  0.5075E+03  0.0000E+00
   0.0
  -1.301E-17
   3.331E-16
  -4.163E-17
   1.247E-17
   2.22E-16
  3.354000000e-16
  2.276000000e-16
  -7.879000000e-18
  3.040700000e-16
  1.850400000e-16
  1.433400000e-16
  5.441000000e-02 -9.902000000e-01 -1.289000000e-01
  -1.707000000e-01 -1.364000000e-01 9.758000000e-01
  9.838000000e-01 3.109000000e-02 1.765000000e-01
 Node:         51
  0.1192E+03  0.1275E+03  0.5206E+03  0.0000E+00
   0.0
  -3.469E-18
  -5.551E-17
   0.0
   1.475E-17
   1.11E-16
  1.123000000e-16
  2.087000000e-19
  -5.702000000e-17
  1.491800000e-16
  1.849600000e-17
  7.032400000e-17
  -2.705000000e-03 8.758000000e-02 9.962000000e-01
  9.982000000e-01 -6.004000000e-02 7.989000000e-03
  -6.051000000e-02 -9.943000000e-01 8.725000000e-02
 Node:         52
  0.1262E+03  0.1305E+03  0.4920E+03  0.0000E+00
   1.11E-16
  -1.388E-17
   1.11E-16
   1.301E-18
   4.906E-18
   0.0
  1.250000000e-16
  9.734000000e-17
  -2.497000000e-19
  1.139700000e-16
  7.403000000e-17
  5.372400000e-17
  -7.047000000e-01 7.092000000e-01 2.051000000e-02
  7.093000000e-01 7.034000000e-01 4.493000000e-02
  -1.744000000e-02 -4.621000000e-02 9.988000000e-01
 Node:         53
  0.1258E+03  0.1304E+03  0.5063E+03  0.0000E+00
  -1.665E-16
  -1.735E-18
  -1.11E-16
   2.776E-17
   3.383E-17
  -2.22E-16
  -1.010000000e-16
  -1.572000000e-16
  -2.414000000e-16
  1.223900000e-16
  -1.665300000e-16
  5.769700000e-17
  9.684000000e-02 9.526000000e-01 2.883000000e-01
  -9.346000000e-01 1.866000000e-01 -3.027000000e-01
  -3.422000000e-01 -2.402000000e-01 9.084000000e-01
 Node:         54
  0.1265E+03  0.1288E+03  0.5200E+03  0.0000E+00
  -2.22E-16
   2.082E-17
   1.11E-16
   0.0
  -4.337E-18
   1.11E-16
  1.160000000e-16
  1.073000000e-16
  -2.233000000e-16
  3.350300000e-16
  0.000000000e+00
  1.579400000e-16
  -4.656000000e-02 -7.562000000e-01 6.527000000e-01
  -4.117000000e-02 -6.514000000e-01 -7.576000000e-01
  -9.981000000e-01 6.215000000e-02 8.061000000e-04
 Node:         55
  0.1381E+03  0.1168E+03  0.4520E+03  0.1308E-01
   0.02796
  -0.01105
  -0.001146
  -0.004143
   0.01628
  -0.04651
  3.281000000e-02
  -7.488000000e-04
  -5.175000000e-02
  7.374900000e-02
  -6.562900000e-03
  3.476500000e-02
  9.251000000e-01 -3.596000000e-01 -1.221000000e-01
  3.797000000e-01 8.819000000e-01 2.793000000e-01
  7.256000000e-03 -3.047000000e-01 9.524000000e-01
 Node:         56
  0.1313E+03  0.1156E+03  0.4680E+03  0.1308E-01
   0.03901
  -0.016
   0.001748
  -0.01473
   0.009779
  -0.02149
  4.915000000e-02
  -3.500000000e-03
  -2.639000000e-02
  6.709000000e-02
  6.420000000e-03
  3.162700000e-02
  -9.044000000e-01 3.543000000e-01 2.377000000e-01
  3.972000000e-01 9.027000000e-01 1.655000000e-01
  1.559000000e-01 -2.440000000e-01 9.572000000e-01
 Node:         57
  0.1285E+03  0.1140E+03  0.4823E+03  0.1308E-01
   0.01069
  -0.007074
   0.004332
  -0.004515
   0.003129
   4.217E-5
  1.704000000e-02
  -2.262000000e-04
  -1.750000000e-03
  1.807600000e-02
  5.021300000e-03
  8.521300000e-03
  -7.973000000e-01 5.195000000e-01 3.074000000e-01
  5.707000000e-01 8.146000000e-01 1.035000000e-01
  1.966000000e-01 -2.580000000e-01 9.459000000e-01
 Node:         58
  0.1475E+03  0.1178E+03  0.4522E+03  0.1308E-01
   0.0264
  -0.008621
   0.006056
  -0.001097
   0.01034
  -0.07962
  2.976000000e-02
  3.927000000e-03
  -8.085000000e-02
  1.002200000e-01
  -1.572100000e-02
  4.724500000e-02
  9.327000000e-01 -3.580000000e-01 -4.320000000e-02
  3.606000000e-01 9.262000000e-01 1.099000000e-01
  6.707000000e-04 -1.181000000e-01 9.930000000e-01
 Node:         59
  0.1414E+03  0.1167E+03  0.4686E+03  0.1308E-01
   0.05396
  -0.02083
   0.00683
  -0.02633
   0.01904
  -0.02125
  7.246000000e-02
  8.237000000e-04
  -3.374000000e-02
  9.382100000e-02
  1.318100000e-02
  4.422800000e-02
  -8.722000000e-01 3.698000000e-01 3.202000000e-01
  4.471000000e-01 8.681000000e-01 2.154000000e-01
  1.983000000e-01 -3.311000000e-01 9.225000000e-01
 Node:         60
  0.1374E+03  0.1150E+03  0.4832E+03  0.1308E-01
   0.01918
  -0.01161
   0.007137
  -0.01316
   0.008372
   0.004976
  3.448000000e-02
  1.029000000e-04
  -3.291000000e-03
  3.619400000e-02
  1.043100000e-02
  1.706200000e-02
  -7.532000000e-01 4.629000000e-01 4.674000000e-01
  5.540000000e-01 8.294000000e-01 7.135000000e-02
  3.546000000e-01 -3.127000000e-01 8.812000000e-01
 Node:         61
  0.1545E+03  0.1222E+03  0.4525E+03  0.1308E-01
   0.04078
  -0.006106
  -0.008626
   0.01291
  -0.01999
  -0.02333
  4.524000000e-02
  1.535000000e-03
  -3.795000000e-02
  7.207600000e-02
  2.941700000e-03
  3.397700000e-02
  -9.518000000e-01 1.956000000e-01 -2.363000000e-01
  2.920000000e-01 8.137000000e-01 -5.027000000e-01
  -9.393000000e-02 5.474000000e-01 8.316000000e-01
 Node:         62
  0.1487E+03  0.1202E+03  0.4692E+03  0.1308E-01
   0.06061
  -0.03289
   0.009694
  -0.02543
   0.009153
   0.03499
  8.991000000e-02
  2.210000000e-02
  -6.711000000e-03
  8.591800000e-02
  3.510000000e-02
  4.050200000e-02
  -8.122000000e-01 3.833000000e-01 4.399000000e-01
  -3.532000000e-01 2.772000000e-01 -8.936000000e-01
  -4.644000000e-01 -8.811000000e-01 -8.978000000e-02
 Node:         63
  0.1436E+03  0.1181E+03  0.4838E+03  0.1308E-01
   0.01337
  -0.01864
   0.02017
  -0.01059
   0.01444
   0.01164
  4.523000000e-02
  2.340000000e-03
  -2.391000000e-03
  4.544100000e-02
  1.506000000e-02
  2.142100000e-02
  -5.569000000e-01 6.849000000e-01 4.699000000e-01
  -4.585000000e-01 2.182000000e-01 -8.615000000e-01
  -6.926000000e-01 -6.952000000e-01 1.925000000e-01
 Node:         64
  0.1409E+03  0.1253E+03  0.4518E+03  0.1308E-01
  -0.02191
  -0.01799
   0.03118
   4.631E-4
   3.581E-4
  -0.02693
  3.671000000e-02
  -2.658000000e-02
  -2.778000000e-02
  6.389800000e-02
  -5.883300000e-03
  3.012200000e-02
  -2.934000000e-01 9.560000000e-01 3.244000000e-03
  5.160000000e-01 1.555000000e-01 8.424000000e-01
  -8.048000000e-01 -2.488000000e-01 5.389000000e-01
 Node:         65
  0.1338E+03  0.1229E+03  0.4680E+03  0.1308E-01
   0.01215
  -0.02773
   0.01987
  -0.007601
   0.002561
  -0.01664
  4.479000000e-02
  -9.848000000e-03
  -1.956000000e-02
  6.008600000e-02
  5.127300000e-03
  2.832500000e-02
  6.584000000e-01 -7.442000000e-01 -1.125000000e-01
  -6.267000000e-01 -6.248000000e-01 4.658000000e-01
  -4.169000000e-01 -2.361000000e-01 -8.777000000e-01
 Node:         66
  0.1299E+03  0.1214E+03  0.4824E+03  0.1308E-01
   0.009447
  -0.008569
   0.006683
  -0.003742
   0.002884
  -2.792E-4
  1.797000000e-02
  -5.614000000e-04
  -1.553000000e-03
  1.904700000e-02
  5.285200000e-03
  8.978600000e-03
  -7.391000000e-01 6.253000000e-01 2.504000000e-01
  5.845000000e-01 7.801000000e-01 -2.230000000e-01
  3.348000000e-01 1.845000000e-02 9.421000000e-01
 Node:         67
  0.1493E+03  0.1245E+03  0.4522E+03  0.1308E-01
  -0.007733
  -0.01096
   0.03028
   9.009E-4
   0.003089
  -0.07153
  3.329000000e-02
  -1.062000000e-02
  -7.164000000e-02
  9.127400000e-02
  -1.632300000e-02
  4.302700000e-02
  -2.576000000e-01 9.659000000e-01 2.625000000e-02
  9.661000000e-01 2.569000000e-01 2.732000000e-02
  -1.964000000e-02 -3.240000000e-02 9.993000000e-01
 Node:         68
  0.1428E+03  0.1224E+03  0.4686E+03  0.1308E-01
   0.04206
  -0.02604
   0.0255
  -0.01905
   0.007808
  -0.0395
  6.494000000e-02
  6.917000000e-03
  -4.379000000e-02
  9.423400000e-02
  9.355700000e-03
  4.442200000e-02
  -8.020000000e-01 5.668000000e-01 1.886000000e-01
  5.603000000e-01 8.232000000e-01 -9.143000000e-02
  2.071000000e-01 -3.236000000e-02 9.778000000e-01
 Node:         69
  0.1379E+03  0.1205E+03  0.4830E+03  0.1308E-01
   0.01911
  -0.01154
   0.008121
  -0.009748
   0.00568
  -4.015E-5
  3.056000000e-02
  8.580000000e-04
  -4.223000000e-03
  3.254100000e-02
  9.065000000e-03
  1.534000000e-02
  -7.958000000e-01 4.971000000e-01 3.458000000e-01
  5.070000000e-01 8.592000000e-01 -6.824000000e-02
  3.311000000e-01 -1.210000000e-01 9.358000000e-01
 Node:         70
  0.1548E+03  0.1242E+03  0.4525E+03  0.1308E-01
   0.004504
  -0.01445
   0.0267
  -0.007874
   0.006511
  -0.09914
  3.448000000e-02
  -2.443000000e-03
  -9.997000000e-02
  1.203200000e-01
  -2.264400000e-02
  5.671700000e-02
  4.481000000e-01 -8.913000000e-01 -6.984000000e-02
  -8.913000000e-01 -4.514000000e-01 4.218000000e-02
  6.912000000e-02 -4.335000000e-02 9.967000000e-01
 Node:         71
  0.1489E+03  0.1221E+03  0.4692E+03  0.1308E-01
   0.06557
  -0.02075
   0.02425
  -0.03551
   0.01357
  -0.03829
  8.583000000e-02
  1.564000000e-02
  -4.994000000e-02
  1.176000000e-01
  1.717700000e-02
  5.543900000e-02
  -8.847000000e-01 3.627000000e-01 2.928000000e-01
  -3.754000000e-01 -9.268000000e-01 1.387000000e-02
  2.764000000e-01 -9.763000000e-02 9.561000000e-01
 Node:         72
  0.1434E+03  0.1199E+03  0.4837E+03  0.1308E-01
   0.02926
  -0.01146
   0.006705
  -0.01643
   0.007164
   0.002686
  4.219000000e-02
  1.910000000e-03
  -5.452000000e-03
  4.442100000e-02
  1.288300000e-02
  2.094000000e-02
  -8.389000000e-01 3.543000000e-01 4.131000000e-01
  4.007000000e-01 9.158000000e-01 2.812000000e-02
  3.684000000e-01 -1.891000000e-01 9.102000000e-01
 Node:         73
  0.1437E+03  0.1339E+03  0.4513E+03  0.0000E+00
   0.03234
   0.001298
  -0.01958
  -0.006862
   0.005545
  -0.002377
  3.364000000e-02
  -1.857000000e-03
  -2.141000000e-02
  4.833700000e-02
  3.457700000e-03
  2.278600000e-02
  -9.825000000e-01 -4.538000000e-03 1.865000000e-01
  -1.762000000e-01 -3.056000000e-01 -9.357000000e-01
  -6.123000000e-02 9.521000000e-01 -2.995000000e-01
 Node:         74
  0.1363E+03  0.1303E+03  0.4678E+03  0.0000E+00
   0.05556
   0.02194
   2.906E-4
   0.004414
   0.00924
   0.01137
  6.421000000e-02
  1.294000000e-02
  -9.926000000e-03
  6.575600000e-02
  2.240800000e-02
  3.099800000e-02
  -9.307000000e-01 -3.392000000e-01 -1.371000000e-01
  -2.364000000e-01 2.715000000e-01 9.330000000e-01
  -2.793000000e-01 9.007000000e-01 -3.328000000e-01
 Node:         75
  0.1313E+03  0.1288E+03  0.4826E+03  0.0000E+00
   0.02498
   0.008978
   0.002109
   0.002737
   0.001446
   0.001872
  2.843000000e-02
  1.605000000e-03
  -1.079000000e-03
  2.826300000e-02
  9.652000000e-03
  1.332300000e-02
  -9.383000000e-01 -3.263000000e-01 -1.145000000e-01
  -1.648000000e-01 1.311000000e-01 9.776000000e-01
  -3.040000000e-01 9.361000000e-01 -1.768000000e-01
 Node:         76
  0.1511E+03  0.1310E+03  0.4520E+03  0.0000E+00
   0.02484
  -0.001305
  -0.01673
  -0.006852
  -4.681E-4
  -0.012
  2.610000000e-02
  -1.310000000e-02
  -1.689000000e-02
  4.122600000e-02
  -1.296700000e-03
  1.943400000e-02
  -9.839000000e-01 2.805000000e-02 1.766000000e-01
  1.685000000e-01 -1.854000000e-01 9.681000000e-01
  -5.990000000e-02 -9.823000000e-01 -1.777000000e-01
 Node:         77
  0.1443E+03  0.1281E+03  0.4685E+03  0.0000E+00
   0.06538
   0.01931
   9.215E-4
   0.005968
   0.002675
   0.002587
  7.133000000e-02
  2.127000000e-03
  -4.570000000e-03
  7.278300000e-02
  2.296200000e-02
  3.431000000e-02
  -9.592000000e-01 -2.667000000e-01 -9.365000000e-02
  -1.290000000e-01 1.183000000e-01 9.846000000e-01
  -2.515000000e-01 9.565000000e-01 -1.478000000e-01
 Node:         78
  0.1384E+03  0.1261E+03  0.4829E+03  0.0000E+00
   0.02818
   0.01014
   0.002277
   0.003664
   0.001555
   0.001271
  3.219000000e-02
  7.984000000e-04
  -1.257000000e-03
  3.246800000e-02
  1.057700000e-02
  1.530600000e-02
  -9.373000000e-01 -3.244000000e-01 -1.274000000e-01
  -1.632000000e-01 8.563000000e-02 9.829000000e-01
  -3.079000000e-01 9.420000000e-01 -1.332000000e-01
 Node:         79
  0.1550E+03  0.1262E+03  0.4525E+03  0.0000E+00
   0.01264
  -0.009087
  -0.08541
  -0.02037
   8.049E-4
  -4.237E-4
  2.805000000e-02
  -1.498000000e-02
  -8.626000000e-02
  9.999800000e-02
  -2.439700000e-02
  4.714000000e-02
  8.104000000e-01 -6.903000000e-02 -5.819000000e-01
  5.783000000e-01 -6.532000000e-02 8.132000000e-01
  -9.414000000e-02 -9.955000000e-01 -1.301000000e-02
 Node:         80
  0.1491E+03  0.1240E+03  0.4693E+03  0.0000E+00
   0.07875
   4.997E-4
  -0.05348
   0.01169
   0.005089
   0.01035
  8.070000000e-02
  8.801000000e-03
  -5.389000000e-02
  1.166500000e-01
  1.187000000e-02
  5.498900000e-02
  -9.863000000e-01 -9.917000000e-03 -1.647000000e-01
  -1.649000000e-01 7.900000000e-02 9.831000000e-01
  -3.259000000e-03 -9.968000000e-01 7.955000000e-02
 Node:         81
  0.1433E+03  0.1217E+03  0.4836E+03  0.0000E+00
   0.03361
   0.007169
  -0.004667
   0.0122
   0.003623
   0.00533
  3.958000000e-02
  9.035000000e-04
  -6.218000000e-03
  4.268500000e-02
  1.142200000e-02
  2.012200000e-02
  -9.210000000e-01 -1.776000000e-01 -3.468000000e-01
  -3.704000000e-01 1.223000000e-01 9.208000000e-01
  1.211000000e-01 -9.765000000e-01 1.784000000e-01
 Node:         82
  0.1267E+03  0.1148E+03  0.4553E+03  0.2496E-01
   0.02622
  -0.01371
  -0.008896
  -0.006135
  -0.003201
  -0.009552
  3.150000000e-02
  -6.573000000e-03
  -1.715000000e-02
  4.431800000e-02
  2.592300000e-03
  2.089200000e-02
  -9.432000000e-01 3.109000000e-01 1.167000000e-01
  -9.085000000e-02 -5.796000000e-01 8.098000000e-01
  3.194000000e-01 7.532000000e-01 5.750000000e-01
 Node:         83
  0.1234E+03  0.1129E+03  0.4715E+03  0.2496E-01
   0.01221
  -0.01141
  -0.006485
  -0.01541
   2.54E-4
   0.006511
  2.749000000e-02
  -6.617000000e-04
  -1.459000000e-02
  3.713000000e-02
  4.079400000e-03
  1.750300000e-02
  -7.756000000e-01 2.648000000e-01 5.730000000e-01
  3.266000000e-01 -6.084000000e-01 7.233000000e-01
  5.401000000e-01 7.481000000e-01 3.854000000e-01
 Node:         84
  0.1187E+03  0.1123E+03  0.4849E+03  0.2496E-01
   0.001357
  -0.001167
  -6.162E-4
  -0.004628
   2.399E-4
   0.007317
  9.898000000e-03
  2.007000000e-05
  -1.860000000e-03
  1.094000000e-02
  2.686000000e-03
  5.157100000e-03
  -4.828000000e-01 7.350000000e-02 8.726000000e-01
  -5.030000000e-01 7.924000000e-01 -3.451000000e-01
  -7.168000000e-01 -6.056000000e-01 -3.456000000e-01
 Node:         85
  0.1302E+03  0.1161E+03  0.4540E+03  0.2496E-01
   0.03047
  -0.01561
  -0.009173
  -0.006006
  -0.005628
  -0.01865
  3.615000000e-02
  -9.171000000e-03
  -2.434000000e-02
  5.451200000e-02
  8.796700000e-04
  2.569700000e-02
  -9.458000000e-01 3.168000000e-01 7.112000000e-02
  -2.146000000e-01 -7.742000000e-01 5.954000000e-01
  2.437000000e-01 5.479000000e-01 8.003000000e-01
 Node:         86
  0.1252E+03  0.1138E+03  0.4698E+03  0.2496E-01
  -0.007591
  -0.01216
   0.01939
  -0.03148
   0.002274
   0.001907
  3.522000000e-02
  1.427000000e-02
  -3.579000000e-02
  6.319500000e-02
  4.566700000e-03
  2.979100000e-02
  -5.926000000e-01 5.409000000e-01 5.969000000e-01
  2.554000000e-01 8.289000000e-01 -4.977000000e-01
  7.640000000e-01 1.425000000e-01 6.293000000e-01
 Node:         87
  0.1217E+03  0.1126E+03  0.4833E+03  0.2496E-01
   0.003922
  -9.09E-4
  -5.929E-4
  -0.006994
   9.218E-4
   0.007863
  1.328000000e-02
  -6.717000000e-04
  -1.414000000e-03
  1.433700000e-02
  3.731400000e-03
  6.758700000e-03
  -6.019000000e-01 9.216000000e-02 7.932000000e-01
  1.308000000e-01 -9.685000000e-01 2.118000000e-01
  7.878000000e-01 2.312000000e-01 5.709000000e-01
 Node:         88
  0.1338E+03  0.1169E+03  0.4523E+03  0.2496E-01
   0.02116
  -0.01509
  -0.00187
  -0.00624
   8.874E-4
  -0.01204
  2.950000000e-02
  -8.480000000e-03
  -1.377000000e-02
  4.088200000e-02
  2.416700000e-03
  1.927200000e-02
  -8.903000000e-01 4.324000000e-01 1.430000000e-01
  3.482000000e-01 8.485000000e-01 -3.985000000e-01
  2.937000000e-01 3.050000000e-01 9.059000000e-01
 Node:         89
  0.1270E+03  0.1150E+03  0.4680E+03  0.2496E-01
   0.03168
  -0.0143
  -0.002065
  -0.01689
   3.869E-5
   7.379E-4
  4.298000000e-02
  -8.040000000e-04
  -1.183000000e-02
  5.021300000e-02
  1.011500000e-02
  2.367100000e-02
  -8.905000000e-01 2.830000000e-01 3.563000000e-01
  6.350000000e-02 -6.981000000e-01 7.132000000e-01
  4.506000000e-01 6.577000000e-01 6.037000000e-01
 Node:         90
  0.1248E+03  0.1132E+03  0.4821E+03  0.2496E-01
   0.008075
  -0.005409
   0.002588
  -0.004292
   0.002233
   0.00203
  1.344000000e-02
  1.074000000e-04
  -8.533000000e-04
  1.383800000e-02
  4.231400000e-03
  6.523300000e-03
  -7.897000000e-01 4.738000000e-01 3.898000000e-01
  1.298000000e-01 -4.919000000e-01 8.609000000e-01
  5.996000000e-01 7.304000000e-01 3.269000000e-01
 Node:         91
  0.1257E+03  0.1258E+03  0.4541E+03  0.2496E-01
  -0.02635
  -0.02773
   0.02105
  -0.009943
  -0.001358
  -0.01086
  3.402000000e-02
  -8.098000000e-03
  -4.209000000e-02
  6.603800000e-02
  -5.389300000e-03
  3.113100000e-02
  -4.256000000e-01 9.024000000e-01 6.698000000e-02
  -2.399000000e-01 -1.839000000e-01 9.532000000e-01
  -8.725000000e-01 -3.896000000e-01 -2.948000000e-01
 Node:         92
  0.1208E+03  0.1230E+03  0.4722E+03  0.2496E-01
   0.0132
  -0.01839
  -0.004269
  -0.0162
  -0.002166
  -0.002599
  3.002000000e-02
  -1.174000000e-03
  -2.252000000e-02
  4.576700000e-02
  2.108700000e-03
  2.157500000e-02
  -8.244000000e-01 4.179000000e-01 3.818000000e-01
  2.047000000e-02 -6.520000000e-01 7.580000000e-01
  5.657000000e-01 6.327000000e-01 5.289000000e-01
 Node:         93
  0.1159E+03  0.1217E+03  0.4876E+03  0.2496E-01
   0.006205
   3.887E-4
  -0.001522
  -0.007883
  -0.003558
   0.005052
  1.401000000e-02
  1.705000000e-04
  -4.450000000e-03
  1.663800000e-02
  3.243500000e-03
  7.843300000e-03
  -7.037000000e-01 -1.753000000e-01 6.885000000e-01
  5.719000000e-01 -7.148000000e-01 4.026000000e-01
  -4.216000000e-01 -6.771000000e-01 -6.032000000e-01
 Node:         94
  0.1311E+03  0.1260E+03  0.4531E+03  0.2496E-01
  -0.03425
  -0.02727
   0.02626
  -0.005541
  -0.003691
  -0.0197
  3.677000000e-02
  -1.815000000e-02
  -4.631000000e-02
  7.318300000e-02
  -9.230000000e-03
  3.449900000e-02
  -3.566000000e-01 9.339000000e-01 -2.606000000e-02
  -2.308000000e-01 -6.104000000e-02 9.711000000e-01
  -9.053000000e-01 -3.523000000e-01 -2.374000000e-01
 Node:         95
  0.1248E+03  0.1232E+03  0.4702E+03  0.2496E-01
   0.02402
  -0.0165
   0.005626
  -0.01792
  -4.832E-6
  -0.0205
  3.794000000e-02
  -9.484000000e-04
  -2.785000000e-02
  5.729000000e-02
  3.047200000e-03
  2.700700000e-02
