 Group name: actual_strain_L2A4
 #Fields=  17
 1) coordinates, coordinate, rectangular cartesian, #Components=3
   x.  Value index= 1, #Derivatives=0
   y.  Value index= 2, #Derivatives=0
   z.  Value index= 3, #Derivatives=0
 2) dummy, field, rectangular cartesian, #Components=1
   Tensor_1.  Value index= 4, #Derivatives=0
 3) Tensor_1, field, rectangular cartesian, #Components=1
   Tensor_1.  Value index= 5, #Derivatives=0
 4) Tensor_2, field, rectangular cartesian, #Components=1
   Tensor_2.  Value index= 6, #Derivatives=0
 5) Tensor_3, field, rectangular cartesian, #Components=1
   Tensor_3.  Value index= 7, #Derivatives=0
 6) Tensor_4, field, rectangular cartesian, #Components=1
   Tensor_4.  Value index= 8, #Derivatives=0
 7) Tensor_5, field, rectangular cartesian, #Components=1
   Tensor_5.  Value index= 9, #Derivatives=0
 8) Tensor_6, field, rectangular cartesian, #Components=1
   Tensor_6.  Value index= 10, #Derivatives=0
 9) Principal_1, field, rectangular cartesian, #Components=1
   Principal_1.  Value index= 11, #Derivatives=0
 10) Principal_2, field, rectangular cartesian, #Components=1
   Principal_2.  Value index= 12, #Derivatives=0
 11) Principal_3, field, rectangular cartesian, #Components=1
   Principal_3.  Value index= 13, #Derivatives=0
 12) VonMises, field, rectangular cartesian, #Components=1
   VonMises.  Value index= 14, #Derivatives=0
 13) Hydrostatic, field, rectangular cartesian, #Components=1
   VonMises.  Value index= 15, #Derivatives=0
 14) Octahedral, field, rectangular cartesian, #Components=1
   VonMises.  Value index= 16, #Derivatives=0
 15) PrincipalVector1, field, rectangular cartesian, #Components=3
   x.  Value index= 17, #Derivatives=0
   y.  Value index= 18, #Derivatives=0
   z.  Value index= 19, #Derivatives=0
 16) PrincipalVector2, field, rectangular cartesian, #Components=3
   x.  Value index= 20, #Derivatives=0
   y.  Value index= 21, #Derivatives=0
   z.  Value index= 22, #Derivatives=0
 17) PrincipalVector3, field, rectangular cartesian, #Components=3
   x.  Value index= 23, #Derivatives=0
   y.  Value index= 24, #Derivatives=0
   z.  Value index= 25, #Derivatives=0
 Node:          1
  0.1287E+03  0.1133E+03  0.4908E+03 -0.8793E-01
  -1.11E-16
  -8.327E-17
  -2.22E-16
  -2.776E-17
  -4.163E-17
  -3.331E-16
  -6.637000000e-17
  -2.400000000e-16
  -3.598000000e-16
  2.555400000e-16
  -2.220600000e-16
  1.204600000e-16
  8.837000000e-01 -4.676000000e-01 -1.897000000e-02
  4.046000000e-01 7.837000000e-01 -4.712000000e-01
  2.352000000e-01 4.088000000e-01 8.818000000e-01
 Node:          2
  0.1292E+03  0.1137E+03  0.5052E+03 -0.8793E-01
  -5.551E-17
  -1.11E-16
  -1.665E-16
  -5.551E-17
   1.943E-16
  -2.776E-16
  8.603000000e-17
  -1.600000000e-16
  -4.256000000e-16
  4.431900000e-16
  -1.665200000e-16
  2.089200000e-16
  -6.554000000e-01 6.199000000e-01 4.313000000e-01
  7.522000000e-01 4.849000000e-01 4.462000000e-01
  -6.744000000e-02 -6.169000000e-01 7.841000000e-01
 Node:          3
  0.1289E+03  0.1155E+03  0.5194E+03 -0.8793E-01
   2.22E-16
   1.388E-16
   3.331E-16
   1.11E-16
   5.551E-17
   2.22E-16
  4.753000000e-16
  2.118000000e-16
  9.006000000e-17
  3.410700000e-16
  2.590500000e-16
  1.607800000e-16
  -5.696000000e-01 -7.144000000e-01 -4.063000000e-01
  2.395000000e-01 -6.172000000e-01 7.494000000e-01
  -7.862000000e-01 3.296000000e-01 5.227000000e-01
 Node:          4
  0.1361E+03  0.1141E+03  0.4915E+03 -0.8793E-01
   0.0
  -2.776E-17
  -1.11E-16
  -2.776E-17
  -8.327E-17
   2.22E-16
  2.435000000e-16
  6.328000000e-18
  -1.388000000e-16
  3.342600000e-16
  3.700900000e-17
  1.575700000e-16
  -8.549000000e-02 -2.215000000e-01 9.714000000e-01
  9.681000000e-01 -2.491000000e-01 2.840000000e-02
  2.357000000e-01 9.428000000e-01 2.357000000e-01
 Node:          5
  0.1341E+03  0.1144E+03  0.5054E+03 -0.8793E-01
   3.331E-16
   1.388E-16
   3.331E-16
   5.551E-17
  -6.939E-17
   4.441E-16
  4.814000000e-16
  4.627000000e-16
  1.662000000e-16
  3.062800000e-16
  3.701000000e-16
  1.443800000e-16
  -3.480000000e-01 -6.443000000e-01 6.810000000e-01
  -6.589000000e-01 -3.487000000e-01 -6.665000000e-01
  6.669000000e-01 -6.807000000e-01 -3.032000000e-01
 Node:          6
  0.1323E+03  0.1162E+03  0.5191E+03 -0.8793E-01
   2.22E-16
   5.551E-17
   2.22E-16
  -5.551E-17
  -2.776E-17
   0.0
  2.897000000e-16
  1.685000000e-16
  -1.402000000e-17
  2.648100000e-16
  1.480600000e-16
  1.248300000e-16
  -7.150000000e-01 -6.696000000e-01 2.012000000e-01
  6.656000000e-01 -7.399000000e-01 -9.741000000e-02
  -2.141000000e-01 -6.426000000e-02 -9.747000000e-01
 Node:          7
  0.1408E+03  0.1171E+03  0.4920E+03 -0.8793E-01
   3.331E-16
   2.22E-16
   2.22E-16
  -8.327E-17
  -1.11E-16
   0.0
  5.398000000e-16
  6.158000000e-17
  -4.631000000e-17
  5.403100000e-16
  1.850200000e-16
  2.547000000e-16
  -7.537000000e-01 -6.111000000e-01 2.419000000e-01
  -6.560000000e-01 6.770000000e-01 -3.335000000e-01
  -4.004000000e-02 4.101000000e-01 9.112000000e-01
 Node:          8
  0.1367E+03  0.1169E+03  0.5055E+03 -0.8793E-01
   2.22E-16
   1.943E-16
   2.22E-16
  -4.025E-16
  -2.359E-16
  -2.22E-16
  6.547000000e-16
  4.477000000e-17
  -4.775000000e-16
  9.814900000e-16
  7.399000000e-17
  4.626800000e-16
  -6.847000000e-01 -5.611000000e-01 4.652000000e-01
  5.685000000e-01 -8.105000000e-01 -1.409000000e-01
  -4.561000000e-01 -1.681000000e-01 -8.739000000e-01
 Node:          9
  0.1339E+03  0.1180E+03  0.5191E+03 -0.8793E-01
   2.22E-16
   1.665E-16
   0.0
  -3.955E-16
  -2.776E-16
   6.661E-16
  1.002000000e-15
  -9.379000000e-18
  -1.046000000e-16
  1.062200000e-15
  2.960100000e-16
  5.007200000e-16
  -4.817000000e-01 -3.073000000e-01 8.207000000e-01
  -8.565000000e-01 -3.292000000e-02 -5.150000000e-01
  -1.853000000e-01 9.510000000e-01 2.474000000e-01
 Node:         10
  0.1294E+03  0.1212E+03  0.4911E+03 -0.8793E-01
   0.0
   2.776E-17
   1.11E-16
  -1.388E-17
   1.249E-16
   1.11E-16
  2.363000000e-16
  2.303000000e-17
  -3.732000000e-17
  2.489900000e-16
  7.400300000e-17
  1.173800000e-16
  4.210000000e-02 7.100000000e-01 7.030000000e-01
  -7.813000000e-01 -4.152000000e-01 4.661000000e-01
  -6.228000000e-01 5.688000000e-01 -5.372000000e-01
 Node:         11
  0.1295E+03  0.1214E+03  0.5055E+03 -0.8793E-01
  -2.22E-16
  -2.776E-17
  -2.22E-16
  -4.163E-17
   1.388E-17
  -1.665E-16
  -1.365000000e-16
  -2.183000000e-16
  -2.558000000e-16
  1.056600000e-16
  -2.035300000e-16
  4.981100000e-17
  -4.935000000e-01 2.929000000e-01 8.189000000e-01
  3.541000000e-01 -7.924000000e-01 4.968000000e-01
  -7.944000000e-01 -5.351000000e-01 -2.873000000e-01
 Node:         12
  0.1295E+03  0.1217E+03  0.5196E+03 -0.8793E-01
   1.11E-16
   0.0
   1.11E-16
   7.633E-17
   2.776E-17
   2.22E-16
  2.649000000e-16
  1.110000000e-16
  6.816000000e-17
  1.792000000e-16
  1.480200000e-16
  8.447700000e-17
  -4.387000000e-01 -1.595000000e-01 -8.844000000e-01
  3.417000000e-01 -9.398000000e-01 -2.255000000e-17
  8.311000000e-01 3.022000000e-01 -4.668000000e-01
 Node:         13
  0.1361E+03  0.1199E+03  0.4914E+03 -0.8793E-01
   1.11E-16
  -1.388E-16
   0.0
  -9.714E-17
   2.776E-17
  -1.665E-16
  2.285000000e-16
  -8.520000000e-17
  -1.988000000e-16
  3.833400000e-16
  -1.850000000e-17
  1.807100000e-16
  8.171000000e-01 -5.252000000e-01 -2.378000000e-01
  4.648000000e-01 8.442000000e-01 -2.671000000e-01
  3.410000000e-01 1.077000000e-01 9.339000000e-01
 Node:         14
  0.1342E+03  0.1198E+03  0.5054E+03 -0.8793E-01
  -5.551E-17
   2.776E-17
   0.0
   5.551E-17
  -9.021E-17
   1.11E-16
  1.672000000e-16
  -4.940000000e-18
  -1.068000000e-16
  2.398800000e-16
  1.848700000e-17
  1.130800000e-16
  1.634000000e-01 -4.472000000e-01 8.794000000e-01
  -6.569000000e-01 -7.144000000e-01 -2.412000000e-01
  -7.361000000e-01 5.382000000e-01 4.105000000e-01
 Node:         15
  0.1330E+03  0.1205E+03  0.5193E+03 -0.8793E-01
   2.22E-16
  -8.327E-17
  -5.551E-17
   1.388E-17
   4.857E-17
   0.0
  2.451000000e-16
  2.471000000e-17
  -1.033000000e-16
  3.052400000e-16
  5.550300000e-17
  1.438900000e-16
  -9.638000000e-01 2.667000000e-01 -1.723000000e-03
  1.157000000e-01 4.239000000e-01 8.983000000e-01
  2.403000000e-01 8.656000000e-01 -4.394000000e-01
 Node:         16
  0.1404E+03  0.1188E+03  0.4918E+03 -0.8793E-01
   2.22E-16
   5.551E-17
   2.22E-16
  -8.327E-17
  -1.457E-16
   4.441E-16
  5.466000000e-16
  1.950000000e-16
  1.465000000e-16
  3.781900000e-16
  2.960300000e-16
  1.782800000e-16
  -2.927000000e-01 -4.328000000e-01 8.526000000e-01
  -9.222000000e-01 -1.077000000e-01 -3.713000000e-01
  -2.526000000e-01 8.950000000e-01 3.676000000e-01
 Node:         17
  0.1365E+03  0.1184E+03  0.5055E+03 -0.8793E-01
  -1.11E-16
   2.776E-17
  -1.11E-16
   9.714E-17
   1.7E-16
   0.0
  1.573000000e-16
  -1.341000000e-16
  -2.452000000e-16
  3.600400000e-16
  -7.400000000e-17
  1.697300000e-16
  3.368000000e-01 5.285000000e-01 7.792000000e-01
  8.927000000e-01 -4.425000000e-01 -8.566000000e-02
  -2.996000000e-01 -7.244000000e-01 6.209000000e-01
 Node:         18
  0.1341E+03  0.1191E+03  0.5192E+03 -0.8793E-01
   0.0
   0.0
   0.0
   2.645E-17
   1.065E-16
   4.441E-16
  4.697000000e-16
  -1.672000000e-33
  -2.562000000e-17
  4.830200000e-16
  1.480300000e-16
  2.277000000e-16
  -5.484000000e-02 -2.207000000e-01 -9.738000000e-01
  9.705000000e-01 -2.411000000e-01 -6.210000000e-17
  -2.348000000e-01 -9.451000000e-01 2.274000000e-01
 Node:         19
  0.1301E+03  0.1291E+03  0.4914E+03  0.0000E+00
   1.11E-16
   0.0
   1.11E-16
   2.101E-19
   1.001E-17
  -2.22E-16
  1.113000000e-16
  1.110000000e-16
  -2.223000000e-16
  3.334500000e-16
  0.000000000e+00
  1.571900000e-16
  -2.096000000e-02 -9.993000000e-01 -3.003000000e-02
  9.998000000e-01 -2.097000000e-02 1.345000000e-19
  6.298000000e-04 3.003000000e-02 -9.995000000e-01
 Node:         20
  0.1299E+03  0.1291E+03  0.5058E+03  0.0000E+00
   2.22E-16
   0.0
   0.0
   1.041E-17
   1.924E-17
  -5.551E-17
  2.224000000e-16
  5.975000000e-18
  -6.188000000e-17
  2.571600000e-16
  5.549800000e-17
  1.212200000e-16
  -9.993000000e-01 -3.257000000e-03 -3.765000000e-02
  1.428000000e-02 -9.549000000e-01 -2.965000000e-01
  -3.498000000e-02 -2.968000000e-01 9.543000000e-01
 Node:         21
  0.1301E+03  0.1280E+03  0.5197E+03  0.0000E+00
   1.11E-16
   0.0
   0.0
   4.163E-17
   1.475E-17
   1.11E-16
  1.534000000e-16
  7.089000000e-17
  -2.220000000e-18
  1.348500000e-16
  7.402300000e-17
  6.357000000e-17
  -6.994000000e-01 -6.840000000e-02 -7.114000000e-01
  -7.126000000e-01 1.429000000e-01 6.869000000e-01
  -5.465000000e-02 -9.874000000e-01 1.487000000e-01
 Node:         22
  0.1360E+03  0.1256E+03  0.4913E+03  0.0000E+00
  -2.22E-16
   1.388E-17
  -1.11E-16
  -1.388E-17
   1.006E-16
   1.11E-16
  1.500000000e-16
  -1.456000000e-16
  -2.264000000e-16
  3.432100000e-16
  -7.400000000e-17
  1.617900000e-16
  -2.144000000e-02 3.586000000e-01 9.332000000e-01
  2.280000000e-01 9.106000000e-01 -3.447000000e-01
  -9.734000000e-01 2.054000000e-01 -1.013000000e-01
 Node:         23
  0.1343E+03  0.1253E+03  0.5054E+03  0.0000E+00
   0.0
   2.082E-17
  -4.441E-16
   0.0
   1.314E-16
  -1.665E-16
  1.265000000e-18
  -1.147000000e-16
  -4.972000000e-16
  4.517900000e-16
  -2.035400000e-16
  2.129700000e-16
  9.970000000e-01 6.061000000e-02 4.746000000e-02
  6.644000000e-02 -3.661000000e-01 -9.282000000e-01
  3.888000000e-02 -9.286000000e-01 3.690000000e-01
 Node:         24
  0.1336E+03  0.1248E+03  0.5194E+03  0.0000E+00
  -2.22E-16
   1.214E-17
   0.0
   1.388E-17
   8.674E-19
  -1.665E-16
  6.779000000e-19
  -1.633000000e-16
  -2.259000000e-16
  2.026600000e-16
  -1.295100000e-16
  9.553700000e-17
  -5.504000000e-02 -9.984000000e-01 -9.747000000e-03
  2.257000000e-01 -2.195000000e-02 9.740000000e-01
  -9.726000000e-01 5.141000000e-02 2.265000000e-01
 Node:         25
  0.1400E+03  0.1206E+03  0.4917E+03  0.0000E+00
   0.0
   2.671E-16
  -1.11E-16
  -8.327E-17
  -1.301E-16
   2.22E-16
  3.681000000e-16
  7.580000000e-17
  -3.329000000e-16
  6.098700000e-16
  3.700000000e-17
  2.874900000e-16
  5.089000000e-01 4.781000000e-01 -7.159000000e-01
  6.086000000e-01 3.883000000e-01 6.920000000e-01
  6.088000000e-01 -7.878000000e-01 -9.334000000e-02
 Node:         26
  0.1363E+03  0.1200E+03  0.5055E+03  0.0000E+00
   2.22E-16
   1.076E-16
  -6.106E-16
   2.776E-17
  -1.124E-15
  -5.551E-17
  8.281000000e-16
  2.248000000e-16
  -1.497000000e-15
  2.089800000e-15
  -1.480300000e-16
  9.851500000e-16
  7.371000000e-02 6.174000000e-01 -7.832000000e-01
  9.955000000e-01 1.018000000e-03 9.449000000e-02
  -5.914000000e-02 7.866000000e-01 6.146000000e-01
 Node:         27
  0.1343E+03  0.1203E+03  0.5192E+03  0.0000E+00
   2.22E-16
  -1.943E-16
   2.22E-16
  -1.041E-16
   1.313E-15
   0.0
  1.466000000e-15
  1.875000000e-16
  -1.209000000e-15
  2.317400000e-15
  1.481700000e-16
  1.092400000e-15
  -1.693000000e-01 7.280000000e-01 6.643000000e-01
  9.848000000e-01 9.849000000e-02 1.431000000e-01
  3.876000000e-02 6.785000000e-01 -7.336000000e-01
 Node:         28
  0.1155E+03  0.1124E+03  0.4931E+03 -0.5255E+00
  -2.22E-16
   3.816E-17
   2.22E-16
  -5.551E-17
   5.551E-17
   1.11E-16
  2.455000000e-16
  1.014000000e-16
  -2.359000000e-16
  4.279500000e-16
  3.700000000e-17
  2.017400000e-16
  3.184000000e-02 9.284000000e-01 3.701000000e-01
  1.988000000e-01 3.571000000e-01 -9.127000000e-01
  9.795000000e-01 -1.026000000e-01 1.732000000e-01
 Node:         29
  0.1119E+03  0.1139E+03  0.5068E+03 -0.5255E+00
  -2.22E-16
  -2.082E-17
   0.0
   5.551E-17
   6.939E-18
  -3.331E-16
  1.944000000e-18
  -2.004000000e-16
  -3.566000000e-16
  3.113600000e-16
  -1.850200000e-16
  1.467800000e-16
  -9.118000000e-02 9.958000000e-01 5.517000000e-03
  -9.179000000e-01 -8.189000000e-02 -3.884000000e-01
  -3.863000000e-01 -4.048000000e-02 9.215000000e-01
 Node:         30
  0.1113E+03  0.1159E+03  0.5206E+03 -0.5255E+00
   2.22E-16
   1.249E-16
   2.22E-16
   0.0
  -2.776E-17
   1.11E-16
  3.486000000e-16
  1.238000000e-16
  8.277000000e-17
  2.478800000e-16
  1.850600000e-16
  1.168500000e-16
  -7.001000000e-01 -7.092000000e-01 8.287000000e-02
  -4.685000000e-01 3.686000000e-01 -8.029000000e-01
  -5.389000000e-01 6.009000000e-01 5.903000000e-01
 Node:         31
  0.1203E+03  0.1126E+03  0.4920E+03 -0.5255E+00
  -5.551E-17
   9.714E-17
  -1.11E-16
   2.776E-17
   4.163E-17
  -5.551E-17
  4.114000000e-17
  -7.661000000e-17
  -1.866000000e-16
  1.972700000e-16
  -7.402300000e-17
  9.299200000e-17
  -6.956000000e-01 -5.654000000e-01 -4.433000000e-01
  4.358000000e-01 1.585000000e-01 -8.860000000e-01
  5.712000000e-01 -8.095000000e-01 1.362000000e-01
 Node:         32
  0.1188E+03  0.1134E+03  0.5062E+03 -0.5255E+00
   2.22E-16
  -1.388E-17
  -1.11E-16
  -2.776E-17
   9.714E-17
  -5.551E-17
  2.266000000e-16
  1.331000000e-17
  -1.844000000e-16
  3.560200000e-16
  1.850300000e-17
  1.678300000e-16
  -9.894000000e-01 7.624000000e-02 1.236000000e-01
  1.445000000e-01 5.992000000e-01 7.875000000e-01
  1.402000000e-02 -7.970000000e-01 6.038000000e-01
 Node:         33
  0.1183E+03  0.1150E+03  0.5201E+03 -0.5255E+00
   1.11E-16
   5.551E-17
   0.0
   8.327E-17
   0.0
   0.0
  1.700000000e-16
  0.000000000e+00
  -5.893000000e-17
  2.058900000e-16
  3.702300000e-17
  9.705800000e-17
  -8.617000000e-01 -2.815000000e-01 -4.222000000e-01
  0.000000000e+00 -8.321000000e-01 5.547000000e-01
  -5.074000000e-01 4.780000000e-01 7.170000000e-01
 Node:         34
  0.1255E+03  0.1129E+03  0.4909E+03 -0.5255E+00
   0.0
   0.0
   0.0
   5.551E-17
   9.714E-17
   0.0
  1.119000000e-16
  3.387000000e-33
  -1.119000000e-16
  1.938200000e-16
  0.000000000e+00
  9.136600000e-17
  -3.508000000e-01 -6.139000000e-01 -7.071000000e-01
  8.682000000e-01 -4.961000000e-01 -4.855000000e-17
  -3.508000000e-01 -6.139000000e-01 7.071000000e-01
 Node:         35
  0.1260E+03  0.1135E+03  0.5054E+03 -0.5255E+00
   0.0
   1.11E-16
  -1.11E-16
   1.11E-16
   2.498E-16
  -1.11E-16
  2.410000000e-16
  -1.023000000e-16
  -3.608000000e-16
  5.229000000e-16
  -7.403300000e-17
  2.465000000e-16
  5.458000000e-01 5.925000000e-01 5.925000000e-01
  8.379000000e-01 -3.859000000e-01 -3.859000000e-01
  -4.975000000e-17 -7.071000000e-01 7.071000000e-01
 Node:         36
  0.1257E+03  0.1153E+03  0.5196E+03 -0.5255E+00
   0.0
  -5.551E-17
   0.0
  -5.551E-17
   8.327E-17
   0.0
  1.305000000e-16
  -4.723000000e-17
  -8.327000000e-17
  1.982200000e-16
  0.000000000e+00
  9.344300000e-17
  -5.155000000e-01 6.059000000e-01 6.059000000e-01
  8.569000000e-01 3.645000000e-01 3.645000000e-01
  -1.256000000e-16 7.071000000e-01 -7.071000000e-01
 Node:         37
  0.1132E+03  0.1210E+03  0.4959E+03 -0.5255E+00
  -2.22E-16
   1.388E-16
  -2.22E-16
  -8.327E-17
   1.804E-16
  -2.776E-16
  -4.482000000e-17
  -1.622000000e-16
  -5.146000000e-16
  4.234700000e-16
  -2.405400000e-16
  1.996300000e-16
  3.971000000e-01 7.887000000e-01 4.693000000e-01
  -7.874000000e-01 3.010000000e-02 6.157000000e-01
  4.715000000e-01 -6.140000000e-01 6.330000000e-01
 Node:         38
  0.1111E+03  0.1204E+03  0.5085E+03 -0.5255E+00
  -1.665E-16
   9.714E-17
   0.0
  -2.776E-17
  -8.327E-17
  -2.22E-16
  7.071000000e-17
  -2.091000000e-16
  -2.502000000e-16
  3.024600000e-16
  -1.295300000e-16
  1.425800000e-16
  -3.916000000e-01 -8.746000000e-01 2.859000000e-01
  9.154000000e-01 -3.389000000e-01 2.170000000e-01
  9.287000000e-02 -3.467000000e-01 -9.334000000e-01
 Node:         39
  0.1119E+03  0.1201E+03  0.5207E+03 -0.5255E+00
  -5.551E-17
  -9.714E-17
  -3.331E-16
  -8.327E-17
  -7.633E-17
  -1.11E-16
  8.934000000e-18
  -1.105000000e-16
  -3.981000000e-16
  3.623900000e-16
  -1.665600000e-16
  1.708300000e-16
  8.510000000e-01 -1.281000000e-01 -5.092000000e-01
  4.076000000e-01 -4.503000000e-01 7.944000000e-01
  -3.311000000e-01 -8.836000000e-01 -3.310000000e-01
 Node:         40
  0.1191E+03  0.1220E+03  0.4937E+03 -0.5255E+00
   0.0
   8.327E-17
  -2.22E-16
   8.327E-17
  -1.388E-17
  -2.22E-16
  4.872000000e-17
  -2.082000000e-16
  -2.846000000e-16
  3.024500000e-16
  -1.480300000e-16
  1.425700000e-16
  -9.240000000e-01 -2.703000000e-01 -2.703000000e-01
  0.000000000e+00 -7.071000000e-01 7.071000000e-01
  3.823000000e-01 -6.534000000e-01 -6.534000000e-01
 Node:         41
  0.1182E+03  0.1217E+03  0.5073E+03 -0.5255E+00
   0.0
  -2.776E-17
  -5.551E-17
   5.551E-17
   9.714E-17
   1.11E-16
  1.653000000e-16
  1.073000000e-17
  -1.206000000e-16
  2.478700000e-16
  1.847700000e-17
  1.168500000e-16
  2.406000000e-01 3.653000000e-01 8.993000000e-01
  -8.901000000e-01 4.526000000e-01 5.428000000e-02
  -3.871000000e-01 -8.135000000e-01 4.340000000e-01
 Node:         42
  0.1187E+03  0.1212E+03  0.5204E+03 -0.5255E+00
   0.0
  -5.551E-17
  -1.11E-16
   0.0
   5.551E-17
   1.11E-16
  1.256000000e-16
  1.887000000e-17
  -1.444000000e-16
  2.355300000e-16
  2.333300000e-20
  1.110300000e-16
  1.113000000e-01 -2.517000000e-01 -9.614000000e-01
  9.295000000e-01 -3.159000000e-01 1.903000000e-01
  -3.516000000e-01 -9.148000000e-01 1.988000000e-01
 Node:         43
  0.1258E+03  0.1217E+03  0.4915E+03 -0.5255E+00
   2.22E-16
   1.11E-16
   1.11E-16
  -1.388E-17
   0.0
  -5.551E-17
  2.911000000e-16
  4.294000000e-17
  -5.645000000e-17
  3.100400000e-16
  9.253000000e-17
  1.461600000e-16
  -8.507000000e-01 -5.246000000e-01 3.406000000e-02
  -5.213000000e-01 8.502000000e-01 7.348000000e-02
  6.751000000e-02 -4.475000000e-02 9.967000000e-01
 Node:         44
  0.1259E+03  0.1220E+03  0.5059E+03 -0.5255E+00
  -2.22E-16
   1.388E-16
  -2.22E-16
   9.714E-17
   1.11E-16
  -1.11E-16
  5.081000000e-17
  -2.445000000e-16
  -3.614000000e-16
  3.679600000e-16
  -1.850300000e-16
  1.734600000e-16
  -5.113000000e-01 -5.340000000e-01 -6.733000000e-01
  -5.198000000e-01 -4.318000000e-01 7.372000000e-01
  -6.844000000e-01 7.269000000e-01 -5.679000000e-02
 Node:         45
  0.1261E+03  0.1221E+03  0.5198E+03 -0.5255E+00
  -5.551E-17
  -8.327E-17
  -2.776E-16
   2.776E-17
  -6.939E-18
   1.11E-16
  1.167000000e-16
  -3.339000000e-17
  -3.053000000e-16
  3.705000000e-16
  -7.399700000e-17
  1.746600000e-16
  1.854000000e-01 -5.643000000e-02 9.810000000e-01
  9.302000000e-01 -3.117000000e-01 -1.938000000e-01
  -3.167000000e-01 -9.485000000e-01 5.308000000e-03
 Node:         46
  0.1117E+03  0.1296E+03  0.4959E+03  0.0000E+00
  -5.551E-17
   2.776E-17
  -1.665E-16
   6.939E-18
  -2.602E-17
   0.0
  4.101000000e-18
  -4.897000000e-17
  -1.772000000e-16
  1.614500000e-16
  -7.402300000e-17
  7.610600000e-17
  4.856000000e-02 -1.429000000e-01 9.886000000e-01
  9.724000000e-01 2.327000000e-01 -1.414000000e-02
  -2.280000000e-01 9.620000000e-01 1.502000000e-01
 Node:         47
  0.1107E+03  0.1269E+03  0.5087E+03  0.0000E+00
  -1.665E-16
  -3.123E-17
   1.11E-16
  -2.776E-17
   3.99E-17
   0.0
  1.289000000e-16
  -1.114000000e-17
  -1.732000000e-16
  2.618600000e-16
  -1.848000000e-17
  1.234400000e-16
  -1.292000000e-01 9.390000000e-01 3.186000000e-01
  -1.008000000e-01 -3.321000000e-01 9.379000000e-01
  -9.865000000e-01 -8.906000000e-02 -1.376000000e-01
 Node:         48
  0.1125E+03  0.1242E+03  0.5208E+03  0.0000E+00
   1.11E-16
   3.469E-18
   1.11E-16
   0.0
  -1.735E-18
   1.11E-16
  1.149000000e-16
  1.110000000e-16
  1.071000000e-16
  6.755000000e-18
  1.110000000e-16
  3.184300000e-18
  -6.325000000e-01 -7.071000000e-01 3.162000000e-01
  4.472000000e-01 -4.455000000e-15 8.944000000e-01
  -6.325000000e-01 7.071000000e-01 3.162000000e-01
 Node:         49
  0.1186E+03  0.1311E+03  0.4938E+03  0.0000E+00
  -1.665E-16
  -2.082E-17
   0.0
  -4.163E-17
  -6.072E-18
  -5.551E-17
  2.581000000e-18
  -4.165000000e-17
  -1.830000000e-16
  1.678900000e-16
  -7.402300000e-17
  7.914600000e-17
  1.174000000e-01 -9.929000000e-01 1.965000000e-02
  -3.135000000e-01 -1.827000000e-02 9.494000000e-01
  -9.423000000e-01 -1.176000000e-01 -3.134000000e-01
 Node:         50
  0.1180E+03  0.1298E+03  0.5075E+03  0.0000E+00
   0.0
  -1.301E-17
   3.331E-16
  -4.163E-17
   1.247E-17
   2.22E-16
  3.354000000e-16
  2.276000000e-16
  -7.879000000e-18
  3.040700000e-16
  1.850400000e-16
  1.433400000e-16
  5.441000000e-02 -9.902000000e-01 -1.289000000e-01
  -1.707000000e-01 -1.364000000e-01 9.758000000e-01
  9.838000000e-01 3.109000000e-02 1.765000000e-01
 Node:         51
  0.1192E+03  0.1275E+03  0.5206E+03  0.0000E+00
   0.0
  -3.469E-18
  -5.551E-17
   0.0
   1.475E-17
   1.11E-16
  1.123000000e-16
  2.087000000e-19
  -5.702000000e-17
  1.491800000e-16
  1.849600000e-17
  7.032400000e-17
  -2.705000000e-03 8.758000000e-02 9.962000000e-01
  9.982000000e-01 -6.004000000e-02 7.989000000e-03
  -6.051000000e-02 -9.943000000e-01 8.725000000e-02
 Node:         52
  0.1262E+03  0.1305E+03  0.4920E+03  0.0000E+00
   1.11E-16
  -1.388E-17
   1.11E-16
   1.301E-18
   4.906E-18
   0.0
  1.250000000e-16
  9.734000000e-17
  -2.497000000e-19
  1.139700000e-16
  7.403000000e-17
  5.372400000e-17
  -7.047000000e-01 7.092000000e-01 2.051000000e-02
  7.093000000e-01 7.034000000e-01 4.493000000e-02
  -1.744000000e-02 -4.621000000e-02 9.988000000e-01
 Node:         53
  0.1258E+03  0.1304E+03  0.5063E+03  0.0000E+00
  -1.665E-16
  -1.735E-18
  -1.11E-16
   2.776E-17
   3.383E-17
  -2.22E-16
  -1.010000000e-16
  -1.572000000e-16
  -2.414000000e-16
  1.223900000e-16
  -1.665300000e-16
  5.769700000e-17
  9.684000000e-02 9.526000000e-01 2.883000000e-01
  -9.346000000e-01 1.866000000e-01 -3.027000000e-01
  -3.422000000e-01 -2.402000000e-01 9.084000000e-01
 Node:         54
  0.1265E+03  0.1288E+03  0.5200E+03  0.0000E+00
  -2.22E-16
   2.082E-17
   1.11E-16
   0.0
  -4.337E-18
   1.11E-16
  1.160000000e-16
  1.073000000e-16
  -2.233000000e-16
  3.350300000e-16
  0.000000000e+00
  1.579400000e-16
  -4.656000000e-02 -7.562000000e-01 6.527000000e-01
  -4.117000000e-02 -6.514000000e-01 -7.576000000e-01
  -9.981000000e-01 6.215000000e-02 8.061000000e-04
 Node:         55
  0.1382E+03  0.1167E+03  0.4539E+03 -0.6036E-04
  -0.05693
  -0.009669
   0.05169
   0.002688
   0.01757
   0.03092
  6.213000000e-02
  2.153000000e-02
  -5.799000000e-02
  1.058300000e-01
  8.556700000e-03
  4.988900000e-02
  -5.986000000e-02 8.721000000e-01 4.856000000e-01
  -8.905000000e-02 4.799000000e-01 -8.728000000e-01
  -9.942000000e-01 -9.549000000e-02 4.893000000e-02
 Node:         56
  0.1314E+03  0.1156E+03  0.4690E+03 -0.6036E-04
  -0.05865
   0.002625
   0.02767
   0.01576
   6.656E-4
   0.001687
  2.780000000e-02
  5.485000000e-03
  -6.258000000e-02
  8.154600000e-02
  -9.765000000e-03
  3.844100000e-02
  -3.926000000e-02 -9.980000000e-01 -4.914000000e-02
  2.361000000e-01 -5.705000000e-02 9.700000000e-01
  -9.709000000e-01 2.649000000e-02 2.379000000e-01
 Node:         57
  0.1285E+03  0.1140E+03  0.4824E+03 -0.6036E-04
  -0.01386
   0.006575
  -0.001276
   0.005199
  -0.003561
  -0.002062
  2.209000000e-03
  -4.647000000e-04
  -1.894000000e-02
  1.994700000e-02
  -5.731900000e-03
  9.403100000e-03
  -1.973000000e-01 -8.576000000e-01 4.750000000e-01
  4.801000000e-01 3.379000000e-01 8.095000000e-01
  -8.547000000e-01 3.878000000e-01 3.451000000e-01
 Node:         58
  0.1485E+03  0.1176E+03  0.4541E+03 -0.6036E-04
  -0.06168
  -0.02762
   0.0886
  -0.004432
   0.01449
   0.004401
  9.598000000e-02
  1.977000000e-03
  -6.664000000e-02
  1.414000000e-01
  1.043900000e-02
  6.665800000e-02
  1.747000000e-01 -9.712000000e-01 -1.621000000e-01
  2.556000000e-03 -1.642000000e-01 9.864000000e-01
  -9.846000000e-01 -1.727000000e-01 -2.620000000e-02
 Node:         59
  0.1420E+03  0.1166E+03  0.4698E+03 -0.6036E-04
  -0.05709
  -0.02195
   0.06347
   0.006559
   0.006253
  -0.01112
  6.766000000e-02
  -1.032000000e-02
  -6.208000000e-02
  1.131200000e-01
  -1.580000000e-03
  5.332500000e-02
  -1.697000000e-01 9.834000000e-01 6.393000000e-02
  1.559000000e-01 -3.727000000e-02 9.871000000e-01
  9.731000000e-01 1.774000000e-01 -1.470000000e-01
 Node:         60
  0.1375E+03  0.1150E+03  0.4833E+03 -0.6036E-04
  -0.01152
  -0.002959
   0.009144
   0.004885
  -0.001265
  -0.003466
  9.862000000e-03
  -1.679000000e-03
  -1.403000000e-02
  2.069500000e-02
  -1.949000000e-03
  9.755700000e-03
  -1.700000000e-01 9.732000000e-01 -1.547000000e-01
  -3.833000000e-01 -2.100000000e-01 -8.994000000e-01
  -9.078000000e-01 -9.364000000e-02 4.088000000e-01
 Node:         61
  0.1556E+03  0.1219E+03  0.4539E+03 -0.6036E-04
  -0.02845
  -0.02693
   0.04988
  -0.0213
   0.02812
  -0.06529
  6.668000000e-02
  -3.353000000e-02
  -7.701000000e-02
  1.276300000e-01
  -1.462000000e-02
  6.016600000e-02
  -3.147000000e-01 9.167000000e-01 2.461000000e-01
  8.886000000e-01 3.757000000e-01 -2.633000000e-01
  3.338000000e-01 -1.359000000e-01 9.328000000e-01
 Node:         62
  0.1494E+03  0.1202E+03  0.4702E+03 -0.6036E-04
  -0.002946
  -0.0379
   0.05127
  -0.006292
   0.01513
  -0.0607
  7.276000000e-02
  -2.239000000e-02
  -6.274000000e-02
  1.205000000e-01
  -4.123300000e-03
  5.680600000e-02
  -4.524000000e-01 8.835000000e-01 1.215000000e-01
  8.914000000e-01 4.520000000e-01 3.210000000e-02
  -2.655000000e-02 1.228000000e-01 -9.921000000e-01
 Node:         63
  0.1437E+03  0.1181E+03  0.4839E+03 -0.6036E-04
   0.006843
  -0.01085
   0.01185
   0.001917
  -0.0014
  -0.01075
  2.065000000e-02
  -1.743000000e-03
  -1.096000000e-02
  2.815700000e-02
  2.649000000e-03
  1.327300000e-02
  6.224000000e-01 -7.793000000e-01 7.274000000e-02
  7.765000000e-01 6.265000000e-01 6.781000000e-02
  -9.841000000e-02 1.427000000e-02 9.950000000e-01
 Node:         64
  0.1415E+03  0.1253E+03  0.4528E+03 -0.6036E-04
  -0.04106
   0.009834
   0.04826
  -0.01165
   0.008437
  -0.009458
  5.021000000e-02
  -6.052000000e-03
  -4.641000000e-02
  8.405200000e-02
  -7.506700000e-04
  3.962300000e-02
  9.092000000e-02 9.884000000e-01 1.220000000e-01
  3.359000000e-01 8.491000000e-02 -9.381000000e-01
  -9.375000000e-01 1.263000000e-01 -3.243000000e-01
 Node:         65
  0.1342E+03  0.1229E+03  0.4685E+03 -0.6036E-04
  -0.03234
   0.00197
   0.04137
  -0.003378
   0.003407
  -0.0070
  4.165000000e-02
  -6.759000000e-03
  -3.286000000e-02
  6.548400000e-02
  6.770000000e-04
  3.087000000e-02
  2.344000000e-02 9.974000000e-01 6.821000000e-02
  1.355000000e-01 6.443000000e-02 -9.887000000e-01
  -9.905000000e-01 3.242000000e-02 -1.336000000e-01
 Node:         66
  0.1299E+03  0.1214E+03  0.4825E+03 -0.6036E-04
  -0.003449
  -4.848E-4
   0.006755
   0.001964
  -0.001434
  -0.00166
  7.056000000e-03
  -6.848000000e-04
  -4.725000000e-03
  1.036900000e-02
  5.487300000e-04
  4.888000000e-03
  -7.875000000e-02 9.807000000e-01 -1.791000000e-01
  -5.457000000e-01 -1.928000000e-01 -8.155000000e-01
  8.343000000e-01 -3.353000000e-02 -5.503000000e-01
 Node:         67
  0.1502E+03  0.1243E+03  0.4531E+03 -0.6036E-04
  -0.04263
  -0.01552
   0.04342
  -0.009942
   0.006032
   0.00439
  4.752000000e-02
  4.520000000e-03
  -4.685000000e-02
  8.183400000e-02
  1.730000000e-03
  3.857700000e-02
  1.859000000e-01 -9.663000000e-01 -1.780000000e-01
  -1.369000000e-01 -2.049000000e-01 9.692000000e-01
  -9.730000000e-01 -1.558000000e-01 -1.704000000e-01
 Node:         68
  0.1434E+03  0.1224E+03  0.4692E+03 -0.6036E-04
  -0.02858
  -0.0279
   0.04517
  -0.006827
   0.007933
   0.001008
  5.624000000e-02
  -2.924000000e-04
  -3.835000000e-02
  8.243700000e-02
  5.865900000e-03
  3.886100000e-02
  -3.203000000e-01 9.313000000e-01 1.734000000e-01
  -4.224000000e-02 -1.969000000e-01 9.795000000e-01
  9.464000000e-01 3.064000000e-01 1.024000000e-01
 Node:         69
  0.1380E+03  0.1205E+03  0.4831E+03 -0.6036E-04
  -0.001277
  -0.008364
   0.01213
  -1.07E-4
   0.00166
  -4.893E-4
  1.629000000e-02
  -5.502000000e-04
  -5.373000000e-03
  1.969900000e-02
  3.455600000e-03
  9.286400000e-03
  -4.286000000e-01 8.988000000e-01 9.167000000e-02
  1.562000000e-01 -2.621000000e-02 9.874000000e-01
  8.899000000e-01 4.375000000e-01 -1.292000000e-01
 Node:         70
  0.1558E+03  0.1240E+03  0.4536E+03 -0.6036E-04
  -0.03421
  -0.01914
   3.634E-5
  -0.02274
   0.01537
   0.03875
  5.314000000e-02
  -2.972000000e-03
  -4.559000000e-02
  8.576800000e-02
  1.526000000e-03
  4.043200000e-02
  -3.086000000e-01 3.655000000e-01 8.782000000e-01
  2.152000000e-01 -8.725000000e-01 4.387000000e-01
  9.265000000e-01 3.244000000e-01 1.906000000e-01
 Node:         71
  0.1496E+03  0.1221E+03  0.4700E+03 -0.6036E-04
  -0.01303
  -0.03936
   0.02677
  -0.02483
   0.02114
   0.01438
  6.892000000e-02
  -1.225000000e-03
  -3.958000000e-02
  9.529900000e-02
  9.371700000e-03
  4.492400000e-02
  -4.933000000e-01 7.115000000e-01 5.004000000e-01
  6.089000000e-02 -5.456000000e-01 8.358000000e-01
  8.677000000e-01 4.428000000e-01 2.258000000e-01
 Node:         72
  0.1435E+03  0.1199E+03  0.4838E+03 -0.6036E-04
   0.003618
  -0.01397
   0.01087
  -0.004308
   0.004489
   0.001089
  2.340000000e-02
  -5.657000000e-04
  -7.251000000e-03
  2.791500000e-02
  5.194400000e-03
  1.315900000e-02
  -5.941000000e-01 7.586000000e-01 2.674000000e-01
  8.749000000e-02 -2.695000000e-01 9.590000000e-01
  7.996000000e-01 5.932000000e-01 9.376000000e-02
 Node:         73
  0.1447E+03  0.1339E+03  0.4524E+03  0.0000E+00
   0.01522
  -0.008819
  -0.03715
   0.003971
  -0.004391
   0.03217
  3.363000000e-02
  1.541000000e-02
  -3.878000000e-02
  6.523700000e-02
  3.420000000e-03
  3.075300000e-02
  2.516000000e-01 -9.114000000e-02 9.635000000e-01
  9.550000000e-01 -1.383000000e-01 -2.625000000e-01
  -1.572000000e-01 -9.862000000e-01 -5.223000000e-02
 Node:         74
  0.1369E+03  0.1304E+03  0.4683E+03  0.0000E+00
   0.03642
  -0.009938
  -0.01982
   0.0016
  -0.007565
   0.01994
  3.859000000e-02
  2.069000000e-02
  -2.273000000e-02
  5.461600000e-02
  1.218300000e-02
  2.574600000e-02
  -9.698000000e-01 1.856000000e-01 -1.585000000e-01
  -1.851000000e-01 -1.363000000e-01 9.732000000e-01
  1.590000000e-01 9.731000000e-01 1.666000000e-01
 Node:         75
  0.1313E+03  0.1289E+03  0.4826E+03  0.0000E+00
   0.01257
  -0.004062
  -0.002885
  -0.002737
  -0.001525
   0.001153
  1.399000000e-02
  1.555000000e-03
  -4.707000000e-03
  1.648400000e-02
  3.612700000e-03
  7.770500000e-03
  -9.600000000e-01 2.149000000e-01 1.792000000e-01
  8.346000000e-02 -3.913000000e-01 9.165000000e-01
  2.671000000e-01 8.948000000e-01 3.577000000e-01
 Node:         76
  0.1517E+03  0.1310E+03  0.4526E+03  0.0000E+00
   0.01621
  -0.01241
  -0.05201
  -0.001437
   0.01255
   0.04904
  5.083000000e-02
  1.801000000e-02
  -5.560000000e-02
  9.440100000e-02
  4.413300000e-03
  4.450100000e-02
  8.797000000e-02 -1.311000000e-01 -9.875000000e-01
  9.820000000e-01 -1.547000000e-01 1.080000000e-01
  1.669000000e-01 9.792000000e-01 -1.151000000e-01
 Node:         77
  0.1447E+03  0.1282E+03  0.4689E+03  0.0000E+00
   0.05365
  -0.002611
  -0.02752
  -0.003001
   0.009035
   0.02081
  5.407000000e-02
  2.208000000e-02
  -2.920000000e-02
  7.275600000e-02
  1.565000000e-02
  3.429800000e-02
  -9.939000000e-01 4.304000000e-02 1.014000000e-01
  1.073000000e-01 1.727000000e-01 9.791000000e-01
  -2.463000000e-02 -9.840000000e-01 1.763000000e-01
 Node:         78
  0.1385E+03  0.1261E+03  0.4829E+03  0.0000E+00
   0.02234
   9.269E-4
  -0.002317
  -0.002507
  -3.225E-4
   6.076E-4
  2.266000000e-02
  3.394000000e-04
  -2.371000000e-03
  2.379200000e-02
  6.876100000e-03
  1.121600000e-02
  -9.928000000e-01 -3.831000000e-02 1.134000000e-01
  -1.162000000e-01 7.966000000e-02 -9.900000000e-01
  -2.889000000e-02 9.961000000e-01 8.354000000e-02
 Node:         79
  0.1560E+03  0.1261E+03  0.4534E+03  0.0000E+00
   0.01757
   0.02588
   0.03602
   0.007868
   1.719E-5
  -0.1337
  5.438000000e-02
  -3.685000000e-04
  -1.341000000e-01
  1.679400000e-01
  -2.669600000e-02
  7.916700000e-02
  5.784000000e-01 8.154000000e-01 2.427000000e-02
  8.140000000e-01 -5.789000000e-01 4.796000000e-02
  -5.316000000e-02 7.984000000e-03 9.986000000e-01
 Node:         80
  0.1497E+03  0.1240E+03  0.4698E+03  0.0000E+00
   0.05897
   0.02253
   0.01694
   0.003603
  -0.002201
  -0.1106
  6.880000000e-02
  7.249000000e-03
  -1.108000000e-01
  1.580800000e-01
  -1.158400000e-02
  7.452100000e-02
  9.173000000e-01 3.980000000e-01 1.354000000e-02
  -3.975000000e-01 9.172000000e-01 -2.928000000e-02
  -2.407000000e-02 2.147000000e-02 9.995000000e-01
 Node:         81
  0.1433E+03  0.1217E+03  0.4837E+03  0.0000E+00
   0.02472
   0.004808
   0.001005
  -0.001041
  -2.92E-4
  -0.01471
  2.569000000e-02
  6.755000000e-05
  -1.474000000e-02
  3.542900000e-02
  3.672500000e-03
  1.670100000e-02
  -9.811000000e-01 -1.914000000e-01 2.666000000e-02
  -1.917000000e-01 9.814000000e-01 -5.891000000e-03
  2.504000000e-02 1.089000000e-02 9.996000000e-01
 Node:         82
  0.1267E+03  0.1149E+03  0.4569E+03 -0.2031E-01
  -0.02007
  -0.004592
   0.01618
   0.004306
   0.01334
   0.003903
  2.478000000e-02
  -2.531000000e-03
  -2.223000000e-02
  4.088900000e-02
  6.333300000e-06
  1.927500000e-02
  -3.540000000e-02 8.454000000e-01 5.329000000e-01
  -3.272000000e-01 4.940000000e-01 -8.055000000e-01
  9.443000000e-01 2.029000000e-01 -2.591000000e-01
 Node:         83
  0.1234E+03  0.1130E+03  0.4723E+03 -0.2031E-01
  -0.02533
   0.001615
   0.007307
   0.0231
   0.00565
  -0.01616
  1.097000000e-02
  -7.475000000e-04
  -4.440000000e-02
  5.054000000e-02
  -1.139300000e-02
  2.382500000e-02
  3.223000000e-01 8.338000000e-01 4.482000000e-01
  -5.524000000e-01 5.501000000e-01 -6.263000000e-01
  -7.688000000e-01 -4.569000000e-02 6.379000000e-01
 Node:         84
  0.1187E+03  0.1123E+03  0.4849E+03 -0.2031E-01
  -0.003577
   7.218E-4
   5.081E-4
   0.008739
  -3.693E-4
  -0.01548
  1.320000000e-03
  2.558000000e-04
  -2.012000000e-02
  2.092800000e-02
  -6.181400000e-03
  9.865600000e-03
  -7.692000000e-01 -5.069000000e-01 -3.891000000e-01
  4.352000000e-01 -8.614000000e-01 2.620000000e-01
  4.680000000e-01 -3.218000000e-02 -8.832000000e-01
 Node:         85
  0.1302E+03  0.1161E+03  0.4557E+03 -0.2031E-01
  -0.02294
  -0.003529
   0.02026
   0.006196
   0.01951
   0.009959
  3.530000000e-02
  -2.619000000e-03
  -2.541000000e-02
  5.311800000e-02
  2.423700000e-03
  2.504000000e-02
  1.728000000e-02 7.902000000e-01 6.126000000e-01
  -3.279000000e-01 5.832000000e-01 -7.432000000e-01
  9.446000000e-01 1.880000000e-01 -2.692000000e-01
 Node:         86
  0.1252E+03  0.1138E+03  0.4707E+03 -0.2031E-01
  -0.01787
   0.01383
   0.03841
   0.04318
   0.01949
  -0.008673
  5.842000000e-02
  1.023000000e-02
  -5.678000000e-02
  1.002100000e-01
  3.956700000e-03
  4.723900000e-02
  -4.164000000e-01 -7.656000000e-01 -4.904000000e-01
  5.316000000e-01 -6.426000000e-01 5.518000000e-01
  7.376000000e-01 3.099000000e-02 -6.746000000e-01
 Node:         87
  0.1217E+03  0.1126E+03  0.4834E+03 -0.2031E-01
  -0.006864
   4.292E-4
   0.001376
   0.0112
  -0.001826
  -0.01415
  2.117000000e-03
  6.504000000e-04
  -2.241000000e-02
  2.382800000e-02
  -6.547500000e-03
  1.123200000e-02
  -4.925000000e-01 7.599000000e-01 -4.243000000e-01
  6.450000000e-01 6.460000000e-01 4.082000000e-01
  5.843000000e-01 -7.261000000e-02 -8.083000000e-01
 Node:         88
  0.1338E+03  0.1169E+03  0.4541E+03 -0.2031E-01
  -0.04049
  -0.00784
   0.01658
   0.005255
   0.02527
   0.0285
  4.851000000e-02
  -1.173000000e-03
  -4.274000000e-02
  7.912900000e-02
  1.532300000e-03
  3.730200000e-02
  -8.552000000e-03 6.219000000e-01 7.830000000e-01
  -2.327000000e-01 7.603000000e-01 -6.064000000e-01
  9.725000000e-01 1.874000000e-01 -1.382000000e-01
 Node:         89
  0.1270E+03  0.1150E+03  0.4690E+03 -0.2031E-01
  -0.04702
   0.005481
   0.009433
   0.01966
   0.006717
  -0.004039
  1.533000000e-02
  -2.186000000e-03
  -5.477000000e-02
  6.319000000e-02
  -1.387500000e-02
  2.978800000e-02
  2.372000000e-01 8.177000000e-01 5.244000000e-01
  -2.690000000e-01 5.740000000e-01 -7.734000000e-01
  -9.335000000e-01 4.243000000e-02 3.562000000e-01
 Node:         90
  0.1248E+03  0.1132E+03  0.4822E+03 -0.2031E-01
  -0.01192
   0.00673
  -0.003073
   0.006008
  -0.003321
  -0.0035
  5.606000000e-04
  -3.964000000e-04
  -1.866000000e-02
  1.876000000e-02
  -6.165300000e-03
  8.843700000e-03
  4.500000000e-01 8.908000000e-01 -6.287000000e-02
  3.947000000e-01 -1.352000000e-01 9.088000000e-01
  -8.011000000e-01 4.337000000e-01 4.125000000e-01
 Node:         91
  0.1260E+03  0.1264E+03  0.4552E+03 -0.2031E-01
  -0.02647
   0.01554
   0.04079
  -0.00302
   0.01974
   0.001099
  5.122000000e-02
  -4.088000000e-03
  -3.172000000e-02
  7.314900000e-02
  5.137300000e-03
  3.448300000e-02
  1.704000000e-01 9.203000000e-01 3.522000000e-01
  -3.206000000e-01 -2.863000000e-01 9.029000000e-01
  9.318000000e-01 -2.668000000e-01 2.462000000e-01
 Node:         92
  0.1210E+03  0.1235E+03  0.4727E+03 -0.2031E-01
  -0.02881
   0.003159
   0.02288
   0.004228
   0.01408
   0.01088
  3.259000000e-02
  1.680000000e-03
  -2.931000000e-02
  5.360700000e-02
  1.653300000e-03
  2.527100000e-02
  -8.078000000e-02 -8.289000000e-01 -5.535000000e-01
  5.694000000e-02 -5.582000000e-01 8.277000000e-01
  -9.951000000e-01 3.534000000e-02 9.229000000e-02
 Node:         93
  0.1159E+03  0.1217E+03  0.4877E+03 -0.2031E-01
  -0.004203
  -0.001459
   0.001818
   0.00399
   0.003847
  -0.002045
  4.302000000e-03
  -2.303000000e-04
  -8.502000000e-03
  1.124500000e-02
  -1.476800000e-03
  5.301000000e-03
  1.295000000e-01 8.098000000e-01 5.722000000e-01
  -7.027000000e-01 4.821000000e-01 -5.232000000e-01
  -6.996000000e-01 -3.343000000e-01 6.315000000e-01
 Node:         94
  0.1315E+03  0.1266E+03  0.4543E+03 -0.2031E-01
  -0.03212
   0.01481
   0.04534
  -0.01118
   0.01841
   0.01446
  5.486000000e-02
  1.176000000e-02
  -3.894000000e-02
  8.132200000e-02
  9.226700000e-03
  3.833600000e-02
  1.060000000e-01 9.156000000e-01 3.879000000e-01
  3.371000000e-01 3.339000000e-01 -8.803000000e-01
  9.355000000e-01 -2.241000000e-01 2.732000000e-01
 Node:         95
  0.1251E+03  0.1236E+03  0.4708E+03 -0.2031E-01
  -0.04009
   0.001105
   0.02717
   0.001581
   0.009517
   0.02306
  3.490000000e-02
  1.538000000e-02
