 Group name: actual_strain_L1A1
 #Fields=  17
 1) coordinates, coordinate, rectangular cartesian, #Components=3
   x.  Value index= 1, #Derivatives=0
   y.  Value index= 2, #Derivatives=0
   z.  Value index= 3, #Derivatives=0
 2) dummy, field, rectangular cartesian, #Components=1
   Tensor_1.  Value index= 4, #Derivatives=0
 3) Tensor_1, field, rectangular cartesian, #Components=1
   Tensor_1.  Value index= 5, #Derivatives=0
 4) Tensor_2, field, rectangular cartesian, #Components=1
   Tensor_2.  Value index= 6, #Derivatives=0
 5) Tensor_3, field, rectangular cartesian, #Components=1
   Tensor_3.  Value index= 7, #Derivatives=0
 6) Tensor_4, field, rectangular cartesian, #Components=1
   Tensor_4.  Value index= 8, #Derivatives=0
 7) Tensor_5, field, rectangular cartesian, #Components=1
   Tensor_5.  Value index= 9, #Derivatives=0
 8) Tensor_6, field, rectangular cartesian, #Components=1
   Tensor_6.  Value index= 10, #Derivatives=0
 9) Principal_1, field, rectangular cartesian, #Components=1
   Principal_1.  Value index= 11, #Derivatives=0
 10) Principal_2, field, rectangular cartesian, #Components=1
   Principal_2.  Value index= 12, #Derivatives=0
 11) Principal_3, field, rectangular cartesian, #Components=1
   Principal_3.  Value index= 13, #Derivatives=0
 12) VonMises, field, rectangular cartesian, #Components=1
   VonMises.  Value index= 14, #Derivatives=0
 13) Hydrostatic, field, rectangular cartesian, #Components=1
   VonMises.  Value index= 15, #Derivatives=0
 14) Octahedral, field, rectangular cartesian, #Components=1
   VonMises.  Value index= 16, #Derivatives=0
 15) PrincipalVector1, field, rectangular cartesian, #Components=3
   x.  Value index= 17, #Derivatives=0
   y.  Value index= 18, #Derivatives=0
   z.  Value index= 19, #Derivatives=0
 16) PrincipalVector2, field, rectangular cartesian, #Components=3
   x.  Value index= 20, #Derivatives=0
   y.  Value index= 21, #Derivatives=0
   z.  Value index= 22, #Derivatives=0
 17) PrincipalVector3, field, rectangular cartesian, #Components=3
   x.  Value index= 23, #Derivatives=0
   y.  Value index= 24, #Derivatives=0
   z.  Value index= 25, #Derivatives=0
 Node:          1
  0.1287E+03  0.1133E+03  0.4908E+03 -0.1386E-08
  -1.11E-16
  -8.327E-17
  -2.22E-16
  -2.776E-17
  -4.163E-17
  -3.331E-16
  -6.637000000e-17
  -2.400000000e-16
  -3.598000000e-16
  2.555400000e-16
  -2.220600000e-16
  1.204600000e-16
  8.837000000e-01 -4.676000000e-01 -1.897000000e-02
  4.046000000e-01 7.837000000e-01 -4.712000000e-01
  2.352000000e-01 4.088000000e-01 8.818000000e-01
 Node:          2
  0.1292E+03  0.1137E+03  0.5052E+03 -0.1386E-08
  -5.551E-17
  -1.11E-16
  -1.665E-16
  -5.551E-17
   1.943E-16
  -2.776E-16
  8.603000000e-17
  -1.600000000e-16
  -4.256000000e-16
  4.431900000e-16
  -1.665200000e-16
  2.089200000e-16
  -6.554000000e-01 6.199000000e-01 4.313000000e-01
  7.522000000e-01 4.849000000e-01 4.462000000e-01
  -6.744000000e-02 -6.169000000e-01 7.841000000e-01
 Node:          3
  0.1289E+03  0.1155E+03  0.5194E+03 -0.1386E-08
   2.22E-16
   1.388E-16
   3.331E-16
   1.11E-16
   5.551E-17
   2.22E-16
  4.753000000e-16
  2.118000000e-16
  9.006000000e-17
  3.410700000e-16
  2.590500000e-16
  1.607800000e-16
  -5.696000000e-01 -7.144000000e-01 -4.063000000e-01
  2.395000000e-01 -6.172000000e-01 7.494000000e-01
  -7.862000000e-01 3.296000000e-01 5.227000000e-01
 Node:          4
  0.1361E+03  0.1141E+03  0.4915E+03 -0.1386E-08
   0.0
  -2.776E-17
  -1.11E-16
  -2.776E-17
  -8.327E-17
   2.22E-16
  2.435000000e-16
  6.328000000e-18
  -1.388000000e-16
  3.342600000e-16
  3.700900000e-17
  1.575700000e-16
  -8.549000000e-02 -2.215000000e-01 9.714000000e-01
  9.681000000e-01 -2.491000000e-01 2.840000000e-02
  2.357000000e-01 9.428000000e-01 2.357000000e-01
 Node:          5
  0.1341E+03  0.1144E+03  0.5054E+03 -0.1386E-08
   3.331E-16
   1.388E-16
   3.331E-16
   5.551E-17
  -6.939E-17
   4.441E-16
  4.814000000e-16
  4.627000000e-16
  1.662000000e-16
  3.062800000e-16
  3.701000000e-16
  1.443800000e-16
  -3.480000000e-01 -6.443000000e-01 6.810000000e-01
  -6.589000000e-01 -3.487000000e-01 -6.665000000e-01
  6.669000000e-01 -6.807000000e-01 -3.032000000e-01
 Node:          6
  0.1323E+03  0.1162E+03  0.5191E+03 -0.1386E-08
   2.22E-16
   5.551E-17
   2.22E-16
  -5.551E-17
  -2.776E-17
   0.0
  2.897000000e-16
  1.685000000e-16
  -1.402000000e-17
  2.648100000e-16
  1.480600000e-16
  1.248300000e-16
  -7.150000000e-01 -6.696000000e-01 2.012000000e-01
  6.656000000e-01 -7.399000000e-01 -9.741000000e-02
  -2.141000000e-01 -6.426000000e-02 -9.747000000e-01
 Node:          7
  0.1408E+03  0.1171E+03  0.4920E+03 -0.1386E-08
   3.331E-16
   2.22E-16
   2.22E-16
  -8.327E-17
  -1.11E-16
   0.0
  5.398000000e-16
  6.158000000e-17
  -4.631000000e-17
  5.403100000e-16
  1.850200000e-16
  2.547000000e-16
  -7.537000000e-01 -6.111000000e-01 2.419000000e-01
  -6.560000000e-01 6.770000000e-01 -3.335000000e-01
  -4.004000000e-02 4.101000000e-01 9.112000000e-01
 Node:          8
  0.1367E+03  0.1169E+03  0.5055E+03 -0.1386E-08
   2.22E-16
   1.943E-16
   2.22E-16
  -4.025E-16
  -2.359E-16
  -2.22E-16
  6.547000000e-16
  4.477000000e-17
  -4.775000000e-16
  9.814900000e-16
  7.399000000e-17
  4.626800000e-16
  -6.847000000e-01 -5.611000000e-01 4.652000000e-01
  5.685000000e-01 -8.105000000e-01 -1.409000000e-01
  -4.561000000e-01 -1.681000000e-01 -8.739000000e-01
 Node:          9
  0.1339E+03  0.1180E+03  0.5191E+03 -0.1386E-08
   2.22E-16
   1.665E-16
   0.0
  -3.955E-16
  -2.776E-16
   6.661E-16
  1.002000000e-15
  -9.379000000e-18
  -1.046000000e-16
  1.062200000e-15
  2.960100000e-16
  5.007200000e-16
  -4.817000000e-01 -3.073000000e-01 8.207000000e-01
  -8.565000000e-01 -3.292000000e-02 -5.150000000e-01
  -1.853000000e-01 9.510000000e-01 2.474000000e-01
 Node:         10
  0.1294E+03  0.1212E+03  0.4911E+03 -0.1386E-08
   0.0
   2.776E-17
   1.11E-16
  -1.388E-17
   1.249E-16
   1.11E-16
  2.363000000e-16
  2.303000000e-17
  -3.732000000e-17
  2.489900000e-16
  7.400300000e-17
  1.173800000e-16
  4.210000000e-02 7.100000000e-01 7.030000000e-01
  -7.813000000e-01 -4.152000000e-01 4.661000000e-01
  -6.228000000e-01 5.688000000e-01 -5.372000000e-01
 Node:         11
  0.1295E+03  0.1214E+03  0.5055E+03 -0.1386E-08
  -2.22E-16
  -2.776E-17
  -2.22E-16
  -4.163E-17
   1.388E-17
  -1.665E-16
  -1.365000000e-16
  -2.183000000e-16
  -2.558000000e-16
  1.056600000e-16
  -2.035300000e-16
  4.981100000e-17
  -4.935000000e-01 2.929000000e-01 8.189000000e-01
  3.541000000e-01 -7.924000000e-01 4.968000000e-01
  -7.944000000e-01 -5.351000000e-01 -2.873000000e-01
 Node:         12
  0.1295E+03  0.1217E+03  0.5196E+03 -0.1386E-08
   1.11E-16
   0.0
   1.11E-16
   7.633E-17
   2.776E-17
   2.22E-16
  2.649000000e-16
  1.110000000e-16
  6.816000000e-17
  1.792000000e-16
  1.480200000e-16
  8.447700000e-17
  -4.387000000e-01 -1.595000000e-01 -8.844000000e-01
  3.417000000e-01 -9.398000000e-01 -2.255000000e-17
  8.311000000e-01 3.022000000e-01 -4.668000000e-01
 Node:         13
  0.1361E+03  0.1199E+03  0.4914E+03 -0.1386E-08
   1.11E-16
  -1.388E-16
   0.0
  -9.714E-17
   2.776E-17
  -1.665E-16
  2.285000000e-16
  -8.520000000e-17
  -1.988000000e-16
  3.833400000e-16
  -1.850000000e-17
  1.807100000e-16
  8.171000000e-01 -5.252000000e-01 -2.378000000e-01
  4.648000000e-01 8.442000000e-01 -2.671000000e-01
  3.410000000e-01 1.077000000e-01 9.339000000e-01
 Node:         14
  0.1342E+03  0.1198E+03  0.5054E+03 -0.1386E-08
  -5.551E-17
   2.776E-17
   0.0
   5.551E-17
  -9.021E-17
   1.11E-16
  1.672000000e-16
  -4.940000000e-18
  -1.068000000e-16
  2.398800000e-16
  1.848700000e-17
  1.130800000e-16
  1.634000000e-01 -4.472000000e-01 8.794000000e-01
  -6.569000000e-01 -7.144000000e-01 -2.412000000e-01
  -7.361000000e-01 5.382000000e-01 4.105000000e-01
 Node:         15
  0.1330E+03  0.1205E+03  0.5193E+03 -0.1386E-08
   2.22E-16
  -8.327E-17
  -5.551E-17
   1.388E-17
   4.857E-17
   0.0
  2.451000000e-16
  2.471000000e-17
  -1.033000000e-16
  3.052400000e-16
  5.550300000e-17
  1.438900000e-16
  -9.638000000e-01 2.667000000e-01 -1.723000000e-03
  1.157000000e-01 4.239000000e-01 8.983000000e-01
  2.403000000e-01 8.656000000e-01 -4.394000000e-01
 Node:         16
  0.1404E+03  0.1188E+03  0.4918E+03 -0.1386E-08
   2.22E-16
   5.551E-17
   2.22E-16
  -8.327E-17
  -1.457E-16
   4.441E-16
  5.466000000e-16
  1.950000000e-16
  1.465000000e-16
  3.781900000e-16
  2.960300000e-16
  1.782800000e-16
  -2.927000000e-01 -4.328000000e-01 8.526000000e-01
  -9.222000000e-01 -1.077000000e-01 -3.713000000e-01
  -2.526000000e-01 8.950000000e-01 3.676000000e-01
 Node:         17
  0.1365E+03  0.1184E+03  0.5055E+03 -0.1386E-08
  -1.11E-16
   2.776E-17
  -1.11E-16
   9.714E-17
   1.7E-16
   0.0
  1.573000000e-16
  -1.341000000e-16
  -2.452000000e-16
  3.600400000e-16
  -7.400000000e-17
  1.697300000e-16
  3.368000000e-01 5.285000000e-01 7.792000000e-01
  8.927000000e-01 -4.425000000e-01 -8.566000000e-02
  -2.996000000e-01 -7.244000000e-01 6.209000000e-01
 Node:         18
  0.1341E+03  0.1191E+03  0.5192E+03 -0.1386E-08
   0.0
   0.0
   0.0
   2.645E-17
   1.065E-16
   4.441E-16
  4.697000000e-16
  -1.672000000e-33
  -2.562000000e-17
  4.830200000e-16
  1.480300000e-16
  2.277000000e-16
  -5.484000000e-02 -2.207000000e-01 -9.738000000e-01
  9.705000000e-01 -2.411000000e-01 -6.210000000e-17
  -2.348000000e-01 -9.451000000e-01 2.274000000e-01
 Node:         19
  0.1301E+03  0.1291E+03  0.4914E+03  0.0000E+00
   1.11E-16
   0.0
   1.11E-16
   2.101E-19
   1.001E-17
  -2.22E-16
  1.113000000e-16
  1.110000000e-16
  -2.223000000e-16
  3.334500000e-16
  0.000000000e+00
  1.571900000e-16
  -2.096000000e-02 -9.993000000e-01 -3.003000000e-02
  9.998000000e-01 -2.097000000e-02 1.345000000e-19
  6.298000000e-04 3.003000000e-02 -9.995000000e-01
 Node:         20
  0.1299E+03  0.1291E+03  0.5058E+03  0.0000E+00
   2.22E-16
   0.0
   0.0
   1.041E-17
   1.924E-17
  -5.551E-17
  2.224000000e-16
  5.975000000e-18
  -6.188000000e-17
  2.571600000e-16
  5.549800000e-17
  1.212200000e-16
  -9.993000000e-01 -3.257000000e-03 -3.765000000e-02
  1.428000000e-02 -9.549000000e-01 -2.965000000e-01
  -3.498000000e-02 -2.968000000e-01 9.543000000e-01
 Node:         21
  0.1301E+03  0.1280E+03  0.5197E+03  0.0000E+00
   1.11E-16
   0.0
   0.0
   4.163E-17
   1.475E-17
   1.11E-16
  1.534000000e-16
  7.089000000e-17
  -2.220000000e-18
  1.348500000e-16
  7.402300000e-17
  6.357000000e-17
  -6.994000000e-01 -6.840000000e-02 -7.114000000e-01
  -7.126000000e-01 1.429000000e-01 6.869000000e-01
  -5.465000000e-02 -9.874000000e-01 1.487000000e-01
 Node:         22
  0.1360E+03  0.1256E+03  0.4913E+03  0.0000E+00
  -2.22E-16
   1.388E-17
  -1.11E-16
  -1.388E-17
   1.006E-16
   1.11E-16
  1.500000000e-16
  -1.456000000e-16
  -2.264000000e-16
  3.432100000e-16
  -7.400000000e-17
  1.617900000e-16
  -2.144000000e-02 3.586000000e-01 9.332000000e-01
  2.280000000e-01 9.106000000e-01 -3.447000000e-01
  -9.734000000e-01 2.054000000e-01 -1.013000000e-01
 Node:         23
  0.1343E+03  0.1253E+03  0.5054E+03  0.0000E+00
   0.0
   2.082E-17
  -4.441E-16
   0.0
   1.314E-16
  -1.665E-16
  1.265000000e-18
  -1.147000000e-16
  -4.972000000e-16
  4.517900000e-16
  -2.035400000e-16
  2.129700000e-16
  9.970000000e-01 6.061000000e-02 4.746000000e-02
  6.644000000e-02 -3.661000000e-01 -9.282000000e-01
  3.888000000e-02 -9.286000000e-01 3.690000000e-01
 Node:         24
  0.1336E+03  0.1248E+03  0.5194E+03  0.0000E+00
  -2.22E-16
   1.214E-17
   0.0
   1.388E-17
   8.674E-19
  -1.665E-16
  6.779000000e-19
  -1.633000000e-16
  -2.259000000e-16
  2.026600000e-16
  -1.295100000e-16
  9.553700000e-17
  -5.504000000e-02 -9.984000000e-01 -9.747000000e-03
  2.257000000e-01 -2.195000000e-02 9.740000000e-01
  -9.726000000e-01 5.141000000e-02 2.265000000e-01
 Node:         25
  0.1400E+03  0.1206E+03  0.4917E+03  0.0000E+00
   0.0
   2.671E-16
  -1.11E-16
  -8.327E-17
  -1.301E-16
   2.22E-16
  3.681000000e-16
  7.580000000e-17
  -3.329000000e-16
  6.098700000e-16
  3.700000000e-17
  2.874900000e-16
  5.089000000e-01 4.781000000e-01 -7.159000000e-01
  6.086000000e-01 3.883000000e-01 6.920000000e-01
  6.088000000e-01 -7.878000000e-01 -9.334000000e-02
 Node:         26
  0.1363E+03  0.1200E+03  0.5055E+03  0.0000E+00
   2.22E-16
   1.076E-16
  -6.106E-16
   2.776E-17
  -1.124E-15
  -5.551E-17
  8.281000000e-16
  2.248000000e-16
  -1.497000000e-15
  2.089800000e-15
  -1.480300000e-16
  9.851500000e-16
  7.371000000e-02 6.174000000e-01 -7.832000000e-01
  9.955000000e-01 1.018000000e-03 9.449000000e-02
  -5.914000000e-02 7.866000000e-01 6.146000000e-01
 Node:         27
  0.1343E+03  0.1203E+03  0.5192E+03  0.0000E+00
   2.22E-16
  -1.943E-16
   2.22E-16
  -1.041E-16
   1.313E-15
   0.0
  1.466000000e-15
  1.875000000e-16
  -1.209000000e-15
  2.317400000e-15
  1.481700000e-16
  1.092400000e-15
  -1.693000000e-01 7.280000000e-01 6.643000000e-01
  9.848000000e-01 9.849000000e-02 1.431000000e-01
  3.876000000e-02 6.785000000e-01 -7.336000000e-01
 Node:         28
  0.1155E+03  0.1124E+03  0.4931E+03 -0.8193E-08
  -2.22E-16
   3.816E-17
   2.22E-16
  -5.551E-17
   5.551E-17
   1.11E-16
  2.455000000e-16
  1.014000000e-16
  -2.359000000e-16
  4.279500000e-16
  3.700000000e-17
  2.017400000e-16
  3.184000000e-02 9.284000000e-01 3.701000000e-01
  1.988000000e-01 3.571000000e-01 -9.127000000e-01
  9.795000000e-01 -1.026000000e-01 1.732000000e-01
 Node:         29
  0.1119E+03  0.1139E+03  0.5068E+03 -0.8193E-08
  -2.22E-16
  -2.082E-17
   0.0
   5.551E-17
   6.939E-18
  -3.331E-16
  1.944000000e-18
  -2.004000000e-16
  -3.566000000e-16
  3.113600000e-16
  -1.850200000e-16
  1.467800000e-16
  -9.118000000e-02 9.958000000e-01 5.517000000e-03
  -9.179000000e-01 -8.189000000e-02 -3.884000000e-01
  -3.863000000e-01 -4.048000000e-02 9.215000000e-01
 Node:         30
  0.1113E+03  0.1159E+03  0.5206E+03 -0.8193E-08
   2.22E-16
   1.249E-16
   2.22E-16
   0.0
  -2.776E-17
   1.11E-16
  3.486000000e-16
  1.238000000e-16
  8.277000000e-17
  2.478800000e-16
  1.850600000e-16
  1.168500000e-16
  -7.001000000e-01 -7.092000000e-01 8.287000000e-02
  -4.685000000e-01 3.686000000e-01 -8.029000000e-01
  -5.389000000e-01 6.009000000e-01 5.903000000e-01
 Node:         31
  0.1203E+03  0.1126E+03  0.4920E+03 -0.8193E-08
  -5.551E-17
   9.714E-17
  -1.11E-16
   2.776E-17
   4.163E-17
  -5.551E-17
  4.114000000e-17
  -7.661000000e-17
  -1.866000000e-16
  1.972700000e-16
  -7.402300000e-17
  9.299200000e-17
  -6.956000000e-01 -5.654000000e-01 -4.433000000e-01
  4.358000000e-01 1.585000000e-01 -8.860000000e-01
  5.712000000e-01 -8.095000000e-01 1.362000000e-01
 Node:         32
  0.1188E+03  0.1134E+03  0.5062E+03 -0.8193E-08
   2.22E-16
  -1.388E-17
  -1.11E-16
  -2.776E-17
   9.714E-17
  -5.551E-17
  2.266000000e-16
  1.331000000e-17
  -1.844000000e-16
  3.560200000e-16
  1.850300000e-17
  1.678300000e-16
  -9.894000000e-01 7.624000000e-02 1.236000000e-01
  1.445000000e-01 5.992000000e-01 7.875000000e-01
  1.402000000e-02 -7.970000000e-01 6.038000000e-01
 Node:         33
  0.1183E+03  0.1150E+03  0.5201E+03 -0.8193E-08
   1.11E-16
   5.551E-17
   0.0
   8.327E-17
   0.0
   0.0
  1.700000000e-16
  0.000000000e+00
  -5.893000000e-17
  2.058900000e-16
  3.702300000e-17
  9.705800000e-17
  -8.617000000e-01 -2.815000000e-01 -4.222000000e-01
  0.000000000e+00 -8.321000000e-01 5.547000000e-01
  -5.074000000e-01 4.780000000e-01 7.170000000e-01
 Node:         34
  0.1255E+03  0.1129E+03  0.4909E+03 -0.8193E-08
   0.0
   0.0
   0.0
   5.551E-17
   9.714E-17
   0.0
  1.119000000e-16
  3.387000000e-33
  -1.119000000e-16
  1.938200000e-16
  0.000000000e+00
  9.136600000e-17
  -3.508000000e-01 -6.139000000e-01 -7.071000000e-01
  8.682000000e-01 -4.961000000e-01 -4.855000000e-17
  -3.508000000e-01 -6.139000000e-01 7.071000000e-01
 Node:         35
  0.1260E+03  0.1135E+03  0.5054E+03 -0.8193E-08
   0.0
   1.11E-16
  -1.11E-16
   1.11E-16
   2.498E-16
  -1.11E-16
  2.410000000e-16
  -1.023000000e-16
  -3.608000000e-16
  5.229000000e-16
  -7.403300000e-17
  2.465000000e-16
  5.458000000e-01 5.925000000e-01 5.925000000e-01
  8.379000000e-01 -3.859000000e-01 -3.859000000e-01
  -4.975000000e-17 -7.071000000e-01 7.071000000e-01
 Node:         36
  0.1257E+03  0.1153E+03  0.5196E+03 -0.8193E-08
   0.0
  -5.551E-17
   0.0
  -5.551E-17
   8.327E-17
   0.0
  1.305000000e-16
  -4.723000000e-17
  -8.327000000e-17
  1.982200000e-16
  0.000000000e+00
  9.344300000e-17
  -5.155000000e-01 6.059000000e-01 6.059000000e-01
  8.569000000e-01 3.645000000e-01 3.645000000e-01
  -1.256000000e-16 7.071000000e-01 -7.071000000e-01
 Node:         37
  0.1132E+03  0.1210E+03  0.4959E+03 -0.8193E-08
  -2.22E-16
   1.388E-16
  -2.22E-16
  -8.327E-17
   1.804E-16
  -2.776E-16
  -4.482000000e-17
  -1.622000000e-16
  -5.146000000e-16
  4.234700000e-16
  -2.405400000e-16
  1.996300000e-16
  3.971000000e-01 7.887000000e-01 4.693000000e-01
  -7.874000000e-01 3.010000000e-02 6.157000000e-01
  4.715000000e-01 -6.140000000e-01 6.330000000e-01
 Node:         38
  0.1111E+03  0.1204E+03  0.5085E+03 -0.8193E-08
  -1.665E-16
   9.714E-17
   0.0
  -2.776E-17
  -8.327E-17
  -2.22E-16
  7.071000000e-17
  -2.091000000e-16
  -2.502000000e-16
  3.024600000e-16
  -1.295300000e-16
  1.425800000e-16
  -3.916000000e-01 -8.746000000e-01 2.859000000e-01
  9.154000000e-01 -3.389000000e-01 2.170000000e-01
  9.287000000e-02 -3.467000000e-01 -9.334000000e-01
 Node:         39
  0.1119E+03  0.1201E+03  0.5207E+03 -0.8193E-08
  -5.551E-17
  -9.714E-17
  -3.331E-16
  -8.327E-17
  -7.633E-17
  -1.11E-16
  8.934000000e-18
  -1.105000000e-16
  -3.981000000e-16
  3.623900000e-16
  -1.665600000e-16
  1.708300000e-16
  8.510000000e-01 -1.281000000e-01 -5.092000000e-01
  4.076000000e-01 -4.503000000e-01 7.944000000e-01
  -3.311000000e-01 -8.836000000e-01 -3.310000000e-01
 Node:         40
  0.1191E+03  0.1220E+03  0.4937E+03 -0.8193E-08
   0.0
   8.327E-17
  -2.22E-16
   8.327E-17
  -1.388E-17
  -2.22E-16
  4.872000000e-17
  -2.082000000e-16
  -2.846000000e-16
  3.024500000e-16
  -1.480300000e-16
  1.425700000e-16
  -9.240000000e-01 -2.703000000e-01 -2.703000000e-01
  0.000000000e+00 -7.071000000e-01 7.071000000e-01
  3.823000000e-01 -6.534000000e-01 -6.534000000e-01
 Node:         41
  0.1182E+03  0.1217E+03  0.5073E+03 -0.8193E-08
   0.0
  -2.776E-17
  -5.551E-17
   5.551E-17
   9.714E-17
   1.11E-16
  1.653000000e-16
  1.073000000e-17
  -1.206000000e-16
  2.478700000e-16
  1.847700000e-17
  1.168500000e-16
  2.406000000e-01 3.653000000e-01 8.993000000e-01
  -8.901000000e-01 4.526000000e-01 5.428000000e-02
  -3.871000000e-01 -8.135000000e-01 4.340000000e-01
 Node:         42
  0.1187E+03  0.1212E+03  0.5204E+03 -0.8193E-08
   0.0
  -5.551E-17
  -1.11E-16
   0.0
   5.551E-17
   1.11E-16
  1.256000000e-16
  1.887000000e-17
  -1.444000000e-16
  2.355300000e-16
  2.333300000e-20
  1.110300000e-16
  1.113000000e-01 -2.517000000e-01 -9.614000000e-01
  9.295000000e-01 -3.159000000e-01 1.903000000e-01
  -3.516000000e-01 -9.148000000e-01 1.988000000e-01
 Node:         43
  0.1258E+03  0.1217E+03  0.4915E+03 -0.8193E-08
   2.22E-16
   1.11E-16
   1.11E-16
  -1.388E-17
   0.0
  -5.551E-17
  2.911000000e-16
  4.294000000e-17
  -5.645000000e-17
  3.100400000e-16
  9.253000000e-17
  1.461600000e-16
  -8.507000000e-01 -5.246000000e-01 3.406000000e-02
  -5.213000000e-01 8.502000000e-01 7.348000000e-02
  6.751000000e-02 -4.475000000e-02 9.967000000e-01
 Node:         44
  0.1259E+03  0.1220E+03  0.5059E+03 -0.8193E-08
  -2.22E-16
   1.388E-16
  -2.22E-16
   9.714E-17
   1.11E-16
  -1.11E-16
  5.081000000e-17
  -2.445000000e-16
  -3.614000000e-16
  3.679600000e-16
  -1.850300000e-16
  1.734600000e-16
  -5.113000000e-01 -5.340000000e-01 -6.733000000e-01
  -5.198000000e-01 -4.318000000e-01 7.372000000e-01
  -6.844000000e-01 7.269000000e-01 -5.679000000e-02
 Node:         45
  0.1261E+03  0.1221E+03  0.5198E+03 -0.8193E-08
  -5.551E-17
  -8.327E-17
  -2.776E-16
   2.776E-17
  -6.939E-18
   1.11E-16
  1.167000000e-16
  -3.339000000e-17
  -3.053000000e-16
  3.705000000e-16
  -7.399700000e-17
  1.746600000e-16
  1.854000000e-01 -5.643000000e-02 9.810000000e-01
  9.302000000e-01 -3.117000000e-01 -1.938000000e-01
  -3.167000000e-01 -9.485000000e-01 5.308000000e-03
 Node:         46
  0.1117E+03  0.1296E+03  0.4959E+03  0.0000E+00
  -5.551E-17
   2.776E-17
  -1.665E-16
   6.939E-18
  -2.602E-17
   0.0
  4.101000000e-18
  -4.897000000e-17
  -1.772000000e-16
  1.614500000e-16
  -7.402300000e-17
  7.610600000e-17
  4.856000000e-02 -1.429000000e-01 9.886000000e-01
  9.724000000e-01 2.327000000e-01 -1.414000000e-02
  -2.280000000e-01 9.620000000e-01 1.502000000e-01
 Node:         47
  0.1107E+03  0.1269E+03  0.5087E+03  0.0000E+00
  -1.665E-16
  -3.123E-17
   1.11E-16
  -2.776E-17
   3.99E-17
   0.0
  1.289000000e-16
  -1.114000000e-17
  -1.732000000e-16
  2.618600000e-16
  -1.848000000e-17
  1.234400000e-16
  -1.292000000e-01 9.390000000e-01 3.186000000e-01
  -1.008000000e-01 -3.321000000e-01 9.379000000e-01
  -9.865000000e-01 -8.906000000e-02 -1.376000000e-01
 Node:         48
  0.1125E+03  0.1242E+03  0.5208E+03  0.0000E+00
   1.11E-16
   3.469E-18
   1.11E-16
   0.0
  -1.735E-18
   1.11E-16
  1.149000000e-16
  1.110000000e-16
  1.071000000e-16
  6.755000000e-18
  1.110000000e-16
  3.184300000e-18
  -6.325000000e-01 -7.071000000e-01 3.162000000e-01
  4.472000000e-01 -4.455000000e-15 8.944000000e-01
  -6.325000000e-01 7.071000000e-01 3.162000000e-01
 Node:         49
  0.1186E+03  0.1311E+03  0.4938E+03  0.0000E+00
  -1.665E-16
  -2.082E-17
   0.0
  -4.163E-17
  -6.072E-18
  -5.551E-17
  2.581000000e-18
  -4.165000000e-17
  -1.830000000e-16
  1.678900000e-16
  -7.402300000e-17
  7.914600000e-17
  1.174000000e-01 -9.929000000e-01 1.965000000e-02
  -3.135000000e-01 -1.827000000e-02 9.494000000e-01
  -9.423000000e-01 -1.176000000e-01 -3.134000000e-01
 Node:         50
  0.1180E+03  0.1298E+03  0.5075E+03  0.0000E+00
   0.0
  -1.301E-17
   3.331E-16
  -4.163E-17
   1.247E-17
   2.22E-16
  3.354000000e-16
  2.276000000e-16
  -7.879000000e-18
  3.040700000e-16
  1.850400000e-16
  1.433400000e-16
  5.441000000e-02 -9.902000000e-01 -1.289000000e-01
  -1.707000000e-01 -1.364000000e-01 9.758000000e-01
  9.838000000e-01 3.109000000e-02 1.765000000e-01
 Node:         51
  0.1192E+03  0.1275E+03  0.5206E+03  0.0000E+00
   0.0
  -3.469E-18
  -5.551E-17
   0.0
   1.475E-17
   1.11E-16
  1.123000000e-16
  2.087000000e-19
  -5.702000000e-17
  1.491800000e-16
  1.849600000e-17
  7.032400000e-17
  -2.705000000e-03 8.758000000e-02 9.962000000e-01
  9.982000000e-01 -6.004000000e-02 7.989000000e-03
  -6.051000000e-02 -9.943000000e-01 8.725000000e-02
 Node:         52
  0.1262E+03  0.1305E+03  0.4920E+03  0.0000E+00
   1.11E-16
  -1.388E-17
   1.11E-16
   1.301E-18
   4.906E-18
   0.0
  1.250000000e-16
  9.734000000e-17
  -2.497000000e-19
  1.139700000e-16
  7.403000000e-17
  5.372400000e-17
  -7.047000000e-01 7.092000000e-01 2.051000000e-02
  7.093000000e-01 7.034000000e-01 4.493000000e-02
  -1.744000000e-02 -4.621000000e-02 9.988000000e-01
 Node:         53
  0.1258E+03  0.1304E+03  0.5063E+03  0.0000E+00
  -1.665E-16
  -1.735E-18
  -1.11E-16
   2.776E-17
   3.383E-17
  -2.22E-16
  -1.010000000e-16
  -1.572000000e-16
  -2.414000000e-16
  1.223900000e-16
  -1.665300000e-16
  5.769700000e-17
  9.684000000e-02 9.526000000e-01 2.883000000e-01
  -9.346000000e-01 1.866000000e-01 -3.027000000e-01
  -3.422000000e-01 -2.402000000e-01 9.084000000e-01
 Node:         54
  0.1265E+03  0.1288E+03  0.5200E+03  0.0000E+00
  -2.22E-16
   2.082E-17
   1.11E-16
   0.0
  -4.337E-18
   1.11E-16
  1.160000000e-16
  1.073000000e-16
  -2.233000000e-16
  3.350300000e-16
  0.000000000e+00
  1.579400000e-16
  -4.656000000e-02 -7.562000000e-01 6.527000000e-01
  -4.117000000e-02 -6.514000000e-01 -7.576000000e-01
  -9.981000000e-01 6.215000000e-02 8.061000000e-04
 Node:         55
  0.1382E+03  0.1167E+03  0.4532E+03 -0.7884E-04
  -0.003879
  -6.285E-4
   0.003068
   1.711E-4
   9.553E-4
   0.001972
  3.650000000e-03
  1.458000000e-03
  -3.947000000e-03
  6.772500000e-03
  3.870000000e-04
  3.192600000e-03
  -6.152000000e-02 8.701000000e-01 4.891000000e-01
  -8.489000000e-02 4.837000000e-01 -8.711000000e-01
  -9.945000000e-01 -9.511000000e-02 4.411000000e-02
 Node:         56
  0.1314E+03  0.1156E+03  0.4686E+03 -0.7884E-04
  -0.004134
   2.636E-4
   0.001728
   0.001146
  -2.842E-6
   1.454E-4
  1.742000000e-03
  4.302000000e-04
  -4.432000000e-03
  5.633800000e-03
  -7.532700000e-04
  2.655800000e-03
  -5.167000000e-02 -9.980000000e-01 -3.533000000e-02
  2.407000000e-01 -4.678000000e-02 9.695000000e-01
  -9.692000000e-01 4.158000000e-02 2.427000000e-01
 Node:         57
  0.1285E+03  0.1140E+03  0.4823E+03 -0.7884E-04
  -9.689E-4
   4.792E-4
  -1.122E-4
   3.704E-4
  -2.495E-4
  -1.399E-4
  1.444000000e-04
  -2.080000000e-05
  -1.345000000e-03
  1.414100000e-03
  -4.071300000e-04
  6.665900000e-04
  -2.086000000e-01 -8.536000000e-01 4.773000000e-01
  4.846000000e-01 3.337000000e-01 8.086000000e-01
  -8.495000000e-01 4.000000000e-01 3.441000000e-01
 Node:         58
  0.1480E+03  0.1172E+03  0.4540E+03 -0.7884E-04
  -0.003864
  -0.001635
   0.005123
  -2.75E-4
   7.893E-4
   4.683E-4
  5.546000000e-03
  3.381000000e-04
  -4.156000000e-03
  8.409800000e-03
  5.760300000e-04
  3.964400000e-03
  1.735000000e-01 -9.717000000e-01 -1.605000000e-01
  -1.092000000e-03 -1.631000000e-01 9.866000000e-01
  -9.848000000e-01 -1.710000000e-01 -2.937000000e-02
 Node:         59
  0.1417E+03  0.1164E+03  0.4696E+03 -0.7884E-04
  -0.003871
  -0.001149
   0.003831
   6.376E-4
   2.5E-4
  -6.621E-4
  4.004000000e-03
  -5.402000000e-04
  -4.165000000e-03
  7.089500000e-03
  -2.337300000e-04
  3.342000000e-03
  -1.416000000e-01 9.893000000e-01 3.364000000e-02
  1.901000000e-01 -6.171000000e-03 9.817000000e-01
  -9.715000000e-01 -1.454000000e-01 1.872000000e-01
 Node:         60
  0.1375E+03  0.1149E+03  0.4832E+03 -0.7884E-04
  -8.638E-4
  -8.098E-5
   5.25E-4
   4.048E-4
  -1.382E-4
  -2.56E-4
  5.663000000e-04
  -9.487000000e-05
  -1.066000000e-03
  1.422100000e-03
  -1.981900000e-04
  6.703800000e-04
  -1.173000000e-01 9.683000000e-01 -2.205000000e-01
  -4.304000000e-01 -2.497000000e-01 -8.674000000e-01
  -8.950000000e-01 -6.799000000e-03 4.460000000e-01
 Node:         61
  0.1551E+03  0.1212E+03  0.4547E+03 -0.7884E-04
  -0.00165
  -0.001461
   0.002361
  -0.001341
   0.001812
  -0.003928
  3.463000000e-03
  -1.952000000e-03
  -4.728000000e-03
  7.215300000e-03
  -1.072300000e-03
  3.401300000e-03
  -3.310000000e-01 9.008000000e-01 2.809000000e-01
  8.862000000e-01 3.990000000e-01 -2.354000000e-01
  3.241000000e-01 -1.710000000e-01 9.304000000e-01
 Node:         62
  0.1490E+03  0.1198E+03  0.4705E+03 -0.7884E-04
  -4.102E-4
  -0.001977
   0.002733
  -7.749E-5
   7.728E-4
  -0.003937
  3.756000000e-03
  -1.338000000e-03
  -4.032000000e-03
  6.850500000e-03
  -5.380000000e-04
  3.229400000e-03
  -4.281000000e-01 8.988000000e-01 9.460000000e-02
  9.024000000e-01 4.196000000e-01 9.786000000e-02
  -4.826000000e-02 -1.273000000e-01 9.907000000e-01
 Node:         63
  0.1436E+03  0.1180E+03  0.4839E+03 -0.7884E-04
   3.189E-4
  -5.089E-4
   5.578E-4
   2.344E-4
  -2.153E-4
  -7.543E-4
  1.017000000e-03
  -8.113000000e-05
  -8.134000000e-04
  1.595700000e-03
  4.082300000e-05
  7.522200000e-04
  -6.177000000e-01 7.667000000e-01 -1.749000000e-01
  7.698000000e-01 6.350000000e-01 6.497000000e-02
  1.609000000e-01 -9.453000000e-02 -9.824000000e-01
 Node:         64
  0.1412E+03  0.1253E+03  0.4532E+03 -0.7884E-04
  -0.002288
   8.075E-4
   0.00269
  -7.273E-4
   5.185E-4
  -4.664E-4
  2.867000000e-03
  -2.267000000e-04
  -2.705000000e-03
  4.835300000e-03
  -2.156700000e-05
  2.279400000e-03
  1.366000000e-01 9.829000000e-01 1.231000000e-01
  3.553000000e-01 6.739000000e-02 -9.323000000e-01
  -9.247000000e-01 1.711000000e-01 -3.400000000e-01
 Node:         65
  0.1340E+03  0.1229E+03  0.4686E+03 -0.7884E-04
  -0.002122
   4.2E-4
   0.00243
  -1.466E-4
   1.816E-4
  -3.629E-4
  2.478000000e-03
  -3.582000000e-04
  -2.175000000e-03
  4.061700000e-03
  -1.840000000e-05
  1.914700000e-03
  -8.890000000e-02 -9.943000000e-01 -5.897000000e-02
  -9.470000000e-02 -5.050000000e-02 9.942000000e-01
  -9.915000000e-01 9.397000000e-02 -8.967000000e-02
 Node:         66
  0.1299E+03  0.1214E+03  0.4825E+03 -0.7884E-04
  -3.252E-4
   6.53E-5
   3.758E-4
   1.62E-4
  -1.141E-4
  -1.07E-4
  4.026000000e-04
  -3.194000000e-05
  -4.270000000e-04
  7.187300000e-04
  -1.878000000e-05
  3.388100000e-04
  -4.197000000e-02 -9.777000000e-01 2.056000000e-01
  5.040000000e-01 1.570000000e-01 8.493000000e-01
  8.627000000e-01 -1.393000000e-01 -4.862000000e-01
 Node:         67
  0.1498E+03  0.1239E+03  0.4539E+03 -0.7884E-04
  -0.002426
  -8.344E-4
   0.002293
  -6.207E-4
   2.829E-4
   2.996E-4
  2.504000000e-03
  3.387000000e-04
  -2.677000000e-03
  4.507000000e-03
  5.523300000e-05
  2.124600000e-03
  -1.858000000e-01 9.666000000e-01 1.763000000e-01
  -1.548000000e-01 -2.060000000e-01 9.662000000e-01
  -9.703000000e-01 -1.522000000e-01 -1.879000000e-01
 Node:         68
  0.1431E+03  0.1222E+03  0.4695E+03 -0.7884E-04
  -0.002083
  -0.001418
   0.00255
  -2.668E-4
   3.819E-4
   1.39E-4
  3.017000000e-03
  8.076000000e-05
  -2.492000000e-03
  4.774400000e-03
  2.019200000e-04
  2.250700000e-03
  2.721000000e-01 -9.503000000e-01 -1.513000000e-01
  -1.577000000e-02 -1.616000000e-01 9.867000000e-01
  -9.621000000e-01 -2.661000000e-01 -5.896000000e-02
 Node:         69
  0.1379E+03  0.1205E+03  0.4831E+03 -0.7884E-04
  -2.938E-4
  -3.996E-4
   6.978E-4
   8.348E-5
   5.487E-5
  -4.319E-5
  8.395000000e-04
  -2.113000000e-05
  -4.575000000e-04
  1.143100000e-03
  1.202900000e-04
  5.388600000e-04
  -3.307000000e-01 9.434000000e-01 2.738000000e-02
  2.242000000e-01 5.034000000e-02 9.732000000e-01
  9.167000000e-01 3.279000000e-01 -2.281000000e-01
 Node:         70
  0.1553E+03  0.1233E+03  0.4546E+03 -0.7884E-04
  -0.001783
  -9.981E-4
  -2.126E-4
  -0.001148
   8.2E-4
   0.002716
  3.304000000e-03
  -2.151000000e-04
  -2.369000000e-03
  4.960200000e-03
  2.399700000e-04
  2.338200000e-03
  -2.645000000e-01 2.896000000e-01 9.199000000e-01
  2.962000000e-01 -8.834000000e-01 3.632000000e-01
  9.178000000e-01 3.685000000e-01 1.479000000e-01
 Node:         71
  0.1492E+03  0.1217E+03  0.4705E+03 -0.7884E-04
  -0.001226
  -0.002165
   0.00143
  -0.00104
   0.00113
   9.706E-4
  3.523000000e-03
  1.314000000e-04
  -2.480000000e-03
  5.213400000e-03
  3.914700000e-04
  2.457600000e-03
  -4.469000000e-01 7.364000000e-01 5.079000000e-01
  1.449000000e-01 -5.006000000e-01 8.535000000e-01
  8.828000000e-01 4.550000000e-01 1.170000000e-01
 Node:         72
  0.1435E+03  0.1199E+03  0.4838E+03 -0.7884E-04
  -8.06E-5
  -7.588E-4
   6.251E-4
  -1.062E-4
   2.187E-4
   3.663E-5
  1.161000000e-03
  -1.386000000e-05
  -5.660000000e-04
  1.527700000e-03
  1.937100000e-04
  7.201600000e-04
  -5.229000000e-01 8.261000000e-01 2.100000000e-01
  1.548000000e-01 -1.503000000e-01 9.764000000e-01
  8.382000000e-01 5.431000000e-01 -4.933000000e-02
 Node:         73
  0.1443E+03  0.1338E+03  0.4532E+03  0.0000E+00
   6.653E-4
  -5.071E-4
  -0.002086
   3.212E-4
  -2.831E-4
   0.001972
  2.084000000e-03
  6.555000000e-04
  -2.188000000e-03
  3.766700000e-03
  1.838300000e-04
  1.775600000e-03
  2.523000000e-01 -9.604000000e-02 9.629000000e-01
  -9.528000000e-01 1.489000000e-01 2.645000000e-01
  -1.688000000e-01 -9.842000000e-01 -5.394000000e-02
 Node:         74
  0.1366E+03  0.1303E+03  0.4687E+03  0.0000E+00
   0.001721
  -7.966E-4
  -0.001212
   1.394E-5
  -5.621E-4
   0.001057
  1.952000000e-03
  1.142000000e-03
  -1.528000000e-03
  3.154000000e-03
  5.220000000e-04
  1.486800000e-03
  9.448000000e-01 -2.707000000e-01 1.847000000e-01
  -2.312000000e-01 -1.512000000e-01 9.611000000e-01
  -2.322000000e-01 -9.507000000e-01 -2.055000000e-01
 Node:         75
  0.1313E+03  0.1288E+03  0.4827E+03  0.0000E+00
   5.152E-4
  -3.405E-4
  -2.009E-4
  -2.267E-4
  -1.158E-4
   4.616E-5
  6.968000000e-04
  8.395000000e-05
  -4.204000000e-04
  9.690400000e-04
  1.201200000e-04
  4.568100000e-04
  -9.130000000e-01 3.124000000e-01 2.625000000e-01
  9.258000000e-02 -4.680000000e-01 8.789000000e-01
  3.974000000e-01 8.267000000e-01 3.983000000e-01
 Node:         76
  0.1515E+03  0.1306E+03  0.4539E+03  0.0000E+00
   7.988E-4
  -6.57E-4
  -0.003093
   3.678E-5
   7.491E-4
   0.003251
  3.339000000e-03
  9.039000000e-04
  -3.286000000e-03
  5.804100000e-03
  3.189700000e-04
  2.736100000e-03
  -1.595000000e-02 1.173000000e-01 9.930000000e-01
  9.872000000e-01 -1.559000000e-01 3.427000000e-02
  1.588000000e-01 9.808000000e-01 -1.133000000e-01
 Node:         77
  0.1445E+03  0.1279E+03  0.4695E+03  0.0000E+00
   0.002597
  -3.222E-4
  -0.001666
  -2.969E-4
   5.085E-4
   0.001303
  2.704000000e-03
  1.298000000e-03
  -1.767000000e-03
  3.959900000e-03
  7.450000000e-04
  1.866700000e-03
  -9.655000000e-01 9.918000000e-02 2.407000000e-01
  2.528000000e-01 1.368000000e-01 9.578000000e-01
  -6.206000000e-02 -9.856000000e-01 1.572000000e-01
 Node:         78
  0.1384E+03  0.1261E+03  0.4830E+03  0.0000E+00
   0.001055
  -5.458E-5
  -1.632E-4
  -2.442E-4
  -4.617E-5
   1.278E-5
  1.110000000e-03
  -1.933000000e-05
  -1.869000000e-04
  1.221800000e-03
  3.012600000e-04
  5.759500000e-04
  -9.759000000e-01 3.401000000e-02 2.156000000e-01
  1.888000000e-01 -3.644000000e-01 9.119000000e-01
  -1.096000000e-01 -9.306000000e-01 -3.492000000e-01
 Node:         79
  0.1556E+03  0.1254E+03  0.4546E+03  0.0000E+00
   9.608E-4
   0.001352
   0.002215
   7.064E-4
   5.573E-5
  -0.006772
  3.097000000e-03
  1.433000000e-04
  -6.837000000e-03
  8.835500000e-03
  -1.198900000e-03
  4.165100000e-03
  5.446000000e-01 8.376000000e-01 4.371000000e-02
  -8.337000000e-01 5.463000000e-01 -8.076000000e-02
  -9.152000000e-02 7.540000000e-03 9.958000000e-01
 Node:         80
  0.1494E+03  0.1236E+03  0.4704E+03  0.0000E+00
   0.00279
   0.001251
   0.00123
  -4.159E-5
  -2.008E-4
  -0.005765
  3.486000000e-03
  5.391000000e-04
  -5.771000000e-03
  8.191300000e-03
  -5.819700000e-04
  3.861400000e-03
  8.739000000e-01 4.859000000e-01 -1.448000000e-02
  -4.861000000e-01 8.736000000e-01 -2.462000000e-02
  6.836000000e-04 2.855000000e-02 9.996000000e-01
 Node:         81
  0.1433E+03  0.1217E+03  0.4837E+03  0.0000E+00
   0.001174
   2.467E-4
   8.887E-5
  -2.341E-4
  -5.168E-5
  -8.143E-4
  1.256000000e-03
  3.545000000e-05
  -8.421000000e-04
  1.825100000e-03
  1.497800000e-04
  8.603500000e-04
  -9.708000000e-01 -2.103000000e-01 1.150000000e-01
  -2.119000000e-01 9.773000000e-01 -1.072000000e-03
  1.122000000e-01 2.541000000e-02 9.934000000e-01
 Node:         82
  0.1267E+03  0.1148E+03  0.4561E+03 -0.1353E-02
  -0.001299
  -1.09E-4
   0.001055
   3.144E-4
   7.851E-4
   2.146E-4
  1.527000000e-03
  -1.627000000e-04
  -1.394000000e-03
  2.540000000e-03
  -9.900000000e-06
  1.197400000e-03
  2.459000000e-02 8.553000000e-01 5.176000000e-01
  -2.748000000e-01 5.036000000e-01 -8.191000000e-01
  9.612000000e-01 1.221000000e-01 -2.474000000e-01
 Node:         83
  0.1234E+03  0.1129E+03  0.4718E+03 -0.1353E-02
  -0.001703
   2.098E-4
   5.237E-4
   0.001646
   3.47E-4
  -0.001188
  8.007000000e-04
  -5.527000000e-05
  -3.112000000e-03
  3.562700000e-03
  -7.888600000e-04
  1.679500000e-03
  3.584000000e-01 8.232000000e-01 4.403000000e-01
  -5.446000000e-01 5.675000000e-01 -6.176000000e-01
  -7.583000000e-01 -1.843000000e-02 6.517000000e-01
 Node:         84
  0.1187E+03  0.1123E+03  0.4849E+03 -0.1353E-02
  -2.399E-4
   5.718E-5
   3.834E-5
   6.075E-4
  -2.695E-5
  -0.001082
  1.018000000e-04
  1.652000000e-05
  -1.402000000e-03
  1.463000000e-03
  -4.278900000e-04
  6.896800000e-04
  -7.617000000e-01 -5.256000000e-01 -3.789000000e-01
  4.519000000e-01 -8.500000000e-01 2.708000000e-01
  4.644000000e-01 -3.500000000e-02 -8.849000000e-01
 Node:         85
  0.1302E+03  0.1161E+03  0.4549E+03 -0.1353E-02
  -0.001693
  -6.935E-5
   0.001284
   3.709E-4
   0.001206
   8.131E-4
  2.286000000e-03
  -1.123000000e-04
  -1.770000000e-03
  3.532100000e-03
  1.345700000e-04
  1.665000000e-03
  4.629000000e-02 7.670000000e-01 6.399000000e-01
  -2.029000000e-01 6.345000000e-01 -7.458000000e-01
  9.781000000e-01 9.531000000e-02 -1.850000000e-01
 Node:         86
  0.1252E+03  0.1138E+03  0.4702E+03 -0.1353E-02
  -0.001334
   8.476E-4
   0.002274
   0.003139
   0.001378
  -5.425E-4
  3.849000000e-03
  6.637000000e-04
  -4.115000000e-03
  6.942900000e-03
  1.325700000e-04
  3.272900000e-03
  -4.448000000e-01 -7.133000000e-01 -5.417000000e-01
  5.023000000e-01 -6.994000000e-01 5.085000000e-01
  7.415000000e-01 4.594000000e-02 -6.693000000e-01
 Node:         87
  0.1217E+03  0.1126E+03  0.4833E+03 -0.1353E-02
  -4.766E-4
   3.324E-5
   9.457E-5
   7.874E-4
  -1.229E-4
  -9.963E-4
  1.432000000e-04
  5.270000000e-05
  -1.574000000e-03
  1.673800000e-03
  -4.593700000e-04
  7.890300000e-04
  -5.092000000e-01 7.443000000e-01 -4.321000000e-01
  6.332000000e-01 6.640000000e-01 3.976000000e-01
  5.829000000e-01 -7.122000000e-02 -8.094000000e-01
 Node:         88
  0.1338E+03  0.1169E+03  0.4534E+03 -0.1353E-02
  -0.002823
  -4.306E-4
   0.001043
   3.628E-4
   0.001532
   0.001754
  2.972000000e-03
  -5.941000000e-05
  -2.938000000e-03
  5.118800000e-03
  -8.470000000e-06
  2.413000000e-03
  2.831000000e-03 6.217000000e-01 7.832000000e-01
  -1.995000000e-01 7.678000000e-01 -6.088000000e-01
  9.799000000e-01 1.546000000e-01 -1.262000000e-01
 Node:         89
  0.1270E+03  0.1150E+03  0.4685E+03 -0.1353E-02
  -0.003381
   4.349E-4
   6.537E-4
   0.001437
   4.332E-4
  -3.405E-4
  1.052000000e-03
  -1.541000000e-04
  -3.965000000e-03
  4.535900000e-03
  -1.022400000e-03
  2.138200000e-03
  2.463000000e-01 8.239000000e-01 5.104000000e-01
  -2.712000000e-01 5.642000000e-01 -7.798000000e-01
  -9.305000000e-01 5.362000000e-02 3.624000000e-01
 Node:         90
  0.1248E+03  0.1132E+03  0.4822E+03 -0.1353E-02
  -8.363E-4
   4.778E-4
  -2.141E-4
   4.257E-4
  -2.327E-4
  -2.458E-4
  4.494000000e-05
  -2.577000000e-05
  -1.315000000e-03
  1.326000000e-03
  -4.319400000e-04
  6.250800000e-04
  4.690000000e-01 8.830000000e-01 -2.005000000e-02
  3.734000000e-01 -1.777000000e-01 9.105000000e-01
  -8.004000000e-01 4.345000000e-01 4.131000000e-01
 Node:         91
  0.1258E+03  0.1261E+03  0.4551E+03 -0.1353E-02
  -0.001607
   0.001234
   0.002376
  -1.457E-4
   0.001243
   7.646E-5
  3.166000000e-03
  -2.394000000e-04
  -2.081000000e-03
  4.610800000e-03
  2.818700000e-04
  2.173600000e-03
  -2.239000000e-01 -9.078000000e-01 -3.547000000e-01
  -3.387000000e-01 -2.688000000e-01 9.017000000e-01
  -9.139000000e-01 3.220000000e-01 -2.473000000e-01
 Node:         92
  0.1209E+03  0.1233E+03  0.4726E+03 -0.1353E-02
  -0.002052
   3.546E-4
   0.001507
   4.255E-4
   9.294E-4
   6.756E-4
  2.176000000e-03
  8.519000000e-05
  -2.130000000e-03
  3.729600000e-03
  4.373000000e-05
  1.758200000e-03
  -1.245000000e-01 -8.273000000e-01 -5.477000000e-01
  7.198000000e-02 -5.581000000e-01 8.266000000e-01
  -9.896000000e-01 6.349000000e-02 1.290000000e-01
 Node:         93
  0.1159E+03  0.1217E+03  0.4877E+03 -0.1353E-02
  -3.284E-4
  -9.863E-5
   1.316E-4
   3.305E-4
   2.838E-4
  -1.882E-4
  3.116000000e-04
  -1.669000000e-05
  -6.799000000e-04
  8.748400000e-04
  -1.283300000e-04
  4.124000000e-04
  1.700000000e-01 8.045000000e-01 5.692000000e-01
  -6.977000000e-01 5.061000000e-01 -5.070000000e-01
  -6.959000000e-01 -3.109000000e-01 6.473000000e-01
 Node:         94
  0.1313E+03  0.1263E+03  0.4542E+03 -0.1353E-02
  -0.001912
   0.001171
   0.002592
  -6.87E-4
   0.001135
   0.001016
  3.294000000e-03
  8.643000000e-04
  -2.463000000e-03
  5.005900000e-03
  5.651000000e-04
  2.359800000e-03
  1.496000000e-01 9.024000000e-01 4.042000000e-01
  3.562000000e-01 3.322000000e-01 -8.734000000e-01
  9.224000000e-01 -2.746000000e-01 2.718000000e-01
 Node:         95
