 Group name: actual_strain_L6A3
 #Fields=  16
 1) coordinates, coordinate, rectangular cartesian, #Components=3
   x.  Value index= 1, #Derivatives=0
   y.  Value index= 2, #Derivatives=0
   z.  Value index= 3, #Derivatives=0
 2) Tensor_1, field, rectangular cartesian, #Components=1
   Tensor_1.  Value index= 4, #Derivatives=0
 3) Tensor_2, field, rectangular cartesian, #Components=1
   Tensor_2.  Value index= 5, #Derivatives=0
 4) Tensor_3, field, rectangular cartesian, #Components=1
   Tensor_3.  Value index= 6, #Derivatives=0
 5) Tensor_4, field, rectangular cartesian, #Components=1
   Tensor_4.  Value index= 7, #Derivatives=0
 6) Tensor_5, field, rectangular cartesian, #Components=1
   Tensor_5.  Value index= 8, #Derivatives=0
 7) Tensor_6, field, rectangular cartesian, #Components=1
   Tensor_6.  Value index= 9, #Derivatives=0
 8) Principal_1, field, rectangular cartesian, #Components=1
   Principal_1.  Value index= 10, #Derivatives=0
 9) Principal_2, field, rectangular cartesian, #Components=1
   Principal_2.  Value index= 11, #Derivatives=0
 10) Principal_3, field, rectangular cartesian, #Components=1
   Principal_3.  Value index= 12, #Derivatives=0
 11) VonMises, field, rectangular cartesian, #Components=1
   VonMises.  Value index= 13, #Derivatives=0
 12) Hydrostatic, field, rectangular cartesian, #Components=1
   VonMises.  Value index= 14, #Derivatives=0
 13) Octahedral, field, rectangular cartesian, #Components=1
   VonMises.  Value index= 15, #Derivatives=0
 14) PrincipalVector1, field, rectangular cartesian, #Components=3
   x.  Value index= 16, #Derivatives=0
   y.  Value index= 17, #Derivatives=0
   z.  Value index= 18, #Derivatives=0
 15) PrincipalVector2, field, rectangular cartesian, #Components=3
   x.  Value index= 19, #Derivatives=0
   y.  Value index= 20, #Derivatives=0
   z.  Value index= 21, #Derivatives=0
 16) PrincipalVector3, field, rectangular cartesian, #Components=3
   x.  Value index= 22, #Derivatives=0
   y.  Value index= 23, #Derivatives=0
   z.  Value index= 24, #Derivatives=0
 Node:          1
  0.1287E+03  0.1133E+03  0.4908E+03 -0.2072E-04
  -1.11E-16
  -8.327E-17
  -2.22E-16
  -2.776E-17
  -4.163E-17
  -3.331E-16
  -6.637000000e-17
  -2.400000000e-16
  -3.598000000e-16
  2.555400000e-16
  -2.220600000e-16
  1.204600000e-16
  8.837000000e-01 -4.676000000e-01 -1.897000000e-02
  4.046000000e-01 7.837000000e-01 -4.712000000e-01
  2.352000000e-01 4.088000000e-01 8.818000000e-01
 Node:          2
  0.1292E+03  0.1137E+03  0.5052E+03 -0.2072E-04
  -5.551E-17
  -1.11E-16
  -1.665E-16
  -5.551E-17
   1.943E-16
  -2.776E-16
  8.603000000e-17
  -1.600000000e-16
  -4.256000000e-16
  4.431900000e-16
  -1.665200000e-16
  2.089200000e-16
  -6.554000000e-01 6.199000000e-01 4.313000000e-01
  7.522000000e-01 4.849000000e-01 4.462000000e-01
  -6.744000000e-02 -6.169000000e-01 7.841000000e-01
 Node:          3
  0.1289E+03  0.1155E+03  0.5194E+03 -0.2072E-04
   2.22E-16
   1.388E-16
   3.331E-16
   1.11E-16
   5.551E-17
   2.22E-16
  4.753000000e-16
  2.118000000e-16
  9.006000000e-17
  3.410700000e-16
  2.590500000e-16
  1.607800000e-16
  -5.696000000e-01 -7.144000000e-01 -4.063000000e-01
  2.395000000e-01 -6.172000000e-01 7.494000000e-01
  -7.862000000e-01 3.296000000e-01 5.227000000e-01
 Node:          4
  0.1361E+03  0.1141E+03  0.4915E+03 -0.2072E-04
   0.0
  -2.776E-17
  -1.11E-16
  -2.776E-17
  -8.327E-17
   2.22E-16
  2.435000000e-16
  6.328000000e-18
  -1.388000000e-16
  3.342600000e-16
  3.700900000e-17
  1.575700000e-16
  -8.549000000e-02 -2.215000000e-01 9.714000000e-01
  9.681000000e-01 -2.491000000e-01 2.840000000e-02
  2.357000000e-01 9.428000000e-01 2.357000000e-01
 Node:          5
  0.1341E+03  0.1144E+03  0.5054E+03 -0.2072E-04
   3.331E-16
   1.388E-16
   3.331E-16
   5.551E-17
  -6.939E-17
   4.441E-16
  4.814000000e-16
  4.627000000e-16
  1.662000000e-16
  3.062800000e-16
  3.701000000e-16
  1.443800000e-16
  -3.480000000e-01 -6.443000000e-01 6.810000000e-01
  -6.589000000e-01 -3.487000000e-01 -6.665000000e-01
  6.669000000e-01 -6.807000000e-01 -3.032000000e-01
 Node:          6
  0.1323E+03  0.1162E+03  0.5191E+03 -0.2072E-04
   2.22E-16
   5.551E-17
   2.22E-16
  -5.551E-17
  -2.776E-17
   0.0
  2.897000000e-16
  1.685000000e-16
  -1.402000000e-17
  2.648100000e-16
  1.480600000e-16
  1.248300000e-16
  -7.150000000e-01 -6.696000000e-01 2.012000000e-01
  6.656000000e-01 -7.399000000e-01 -9.741000000e-02
  -2.141000000e-01 -6.426000000e-02 -9.747000000e-01
 Node:          7
  0.1408E+03  0.1171E+03  0.4920E+03 -0.2072E-04
   3.331E-16
   2.22E-16
   2.22E-16
  -8.327E-17
  -1.11E-16
   0.0
  5.398000000e-16
  6.158000000e-17
  -4.631000000e-17
  5.403100000e-16
  1.850200000e-16
  2.547000000e-16
  -7.537000000e-01 -6.111000000e-01 2.419000000e-01
  -6.560000000e-01 6.770000000e-01 -3.335000000e-01
  -4.004000000e-02 4.101000000e-01 9.112000000e-01
 Node:          8
  0.1367E+03  0.1169E+03  0.5055E+03 -0.2072E-04
   2.22E-16
   1.943E-16
   2.22E-16
  -4.025E-16
  -2.359E-16
  -2.22E-16
  6.547000000e-16
  4.477000000e-17
  -4.775000000e-16
  9.814900000e-16
  7.399000000e-17
  4.626800000e-16
  -6.847000000e-01 -5.611000000e-01 4.652000000e-01
  5.685000000e-01 -8.105000000e-01 -1.409000000e-01
  -4.561000000e-01 -1.681000000e-01 -8.739000000e-01
 Node:          9
  0.1339E+03  0.1180E+03  0.5191E+03 -0.2072E-04
   2.22E-16
   1.665E-16
   0.0
  -3.955E-16
  -2.776E-16
   6.661E-16
  1.002000000e-15
  -9.379000000e-18
  -1.046000000e-16
  1.062200000e-15
  2.960100000e-16
  5.007200000e-16
  -4.817000000e-01 -3.073000000e-01 8.207000000e-01
  -8.565000000e-01 -3.292000000e-02 -5.150000000e-01
  -1.853000000e-01 9.510000000e-01 2.474000000e-01
 Node:         10
  0.1294E+03  0.1212E+03  0.4911E+03 -0.2072E-04
   0.0
   2.776E-17
   1.11E-16
  -1.388E-17
   1.249E-16
   1.11E-16
  2.363000000e-16
  2.303000000e-17
  -3.732000000e-17
  2.489900000e-16
  7.400300000e-17
  1.173800000e-16
  4.210000000e-02 7.100000000e-01 7.030000000e-01
  -7.813000000e-01 -4.152000000e-01 4.661000000e-01
  -6.228000000e-01 5.688000000e-01 -5.372000000e-01
 Node:         11
  0.1295E+03  0.1214E+03  0.5055E+03 -0.2072E-04
  -2.22E-16
  -2.776E-17
  -2.22E-16
  -4.163E-17
   1.388E-17
  -1.665E-16
  -1.365000000e-16
  -2.183000000e-16
  -2.558000000e-16
  1.056600000e-16
  -2.035300000e-16
  4.981100000e-17
  -4.935000000e-01 2.929000000e-01 8.189000000e-01
  3.541000000e-01 -7.924000000e-01 4.968000000e-01
  -7.944000000e-01 -5.351000000e-01 -2.873000000e-01
 Node:         12
  0.1295E+03  0.1217E+03  0.5196E+03 -0.2072E-04
   1.11E-16
   0.0
   1.11E-16
   7.633E-17
   2.776E-17
   2.22E-16
  2.649000000e-16
  1.110000000e-16
  6.816000000e-17
  1.792000000e-16
  1.480200000e-16
  8.447700000e-17
  -4.387000000e-01 -1.595000000e-01 -8.844000000e-01
  3.417000000e-01 -9.398000000e-01 -2.255000000e-17
  8.311000000e-01 3.022000000e-01 -4.668000000e-01
 Node:         13
  0.1361E+03  0.1199E+03  0.4914E+03 -0.2072E-04
   1.11E-16
  -1.388E-16
   0.0
  -9.714E-17
   2.776E-17
  -1.665E-16
  2.285000000e-16
  -8.520000000e-17
  -1.988000000e-16
  3.833400000e-16
  -1.850000000e-17
  1.807100000e-16
  8.171000000e-01 -5.252000000e-01 -2.378000000e-01
  4.648000000e-01 8.442000000e-01 -2.671000000e-01
  3.410000000e-01 1.077000000e-01 9.339000000e-01
 Node:         14
  0.1342E+03  0.1198E+03  0.5054E+03 -0.2072E-04
  -5.551E-17
   2.776E-17
   0.0
   5.551E-17
  -9.021E-17
   1.11E-16
  1.672000000e-16
  -4.940000000e-18
  -1.068000000e-16
  2.398800000e-16
  1.848700000e-17
  1.130800000e-16
  1.634000000e-01 -4.472000000e-01 8.794000000e-01
  -6.569000000e-01 -7.144000000e-01 -2.412000000e-01
  -7.361000000e-01 5.382000000e-01 4.105000000e-01
 Node:         15
  0.1330E+03  0.1205E+03  0.5193E+03 -0.2072E-04
   2.22E-16
  -8.327E-17
  -5.551E-17
   1.388E-17
   4.857E-17
   0.0
  2.451000000e-16
  2.471000000e-17
  -1.033000000e-16
  3.052400000e-16
  5.550300000e-17
  1.438900000e-16
  -9.638000000e-01 2.667000000e-01 -1.723000000e-03
  1.157000000e-01 4.239000000e-01 8.983000000e-01
  2.403000000e-01 8.656000000e-01 -4.394000000e-01
 Node:         16
  0.1404E+03  0.1188E+03  0.4918E+03 -0.2072E-04
   2.22E-16
   5.551E-17
   2.22E-16
  -8.327E-17
  -1.457E-16
   4.441E-16
  5.466000000e-16
  1.950000000e-16
  1.465000000e-16
  3.781900000e-16
  2.960300000e-16
  1.782800000e-16
  -2.927000000e-01 -4.328000000e-01 8.526000000e-01
  -9.222000000e-01 -1.077000000e-01 -3.713000000e-01
  -2.526000000e-01 8.950000000e-01 3.676000000e-01
 Node:         17
  0.1365E+03  0.1184E+03  0.5055E+03 -0.2072E-04
  -1.11E-16
   2.776E-17
  -1.11E-16
   9.714E-17
   1.7E-16
   0.0
  1.573000000e-16
  -1.341000000e-16
  -2.452000000e-16
  3.600400000e-16
  -7.400000000e-17
  1.697300000e-16
  3.368000000e-01 5.285000000e-01 7.792000000e-01
  8.927000000e-01 -4.425000000e-01 -8.566000000e-02
  -2.996000000e-01 -7.244000000e-01 6.209000000e-01
 Node:         18
  0.1341E+03  0.1191E+03  0.5192E+03 -0.2072E-04
   0.0
   0.0
   0.0
   2.645E-17
   1.065E-16
   4.441E-16
  4.697000000e-16
  -1.672000000e-33
  -2.562000000e-17
  4.830200000e-16
  1.480300000e-16
  2.277000000e-16
  -5.484000000e-02 -2.207000000e-01 -9.738000000e-01
  9.705000000e-01 -2.411000000e-01 -6.210000000e-17
  -2.348000000e-01 -9.451000000e-01 2.274000000e-01
 Node:         19
  0.1301E+03  0.1291E+03  0.4914E+03  0.0000E+00
   1.11E-16
   0.0
   1.11E-16
   2.101E-19
   1.001E-17
  -2.22E-16
  1.113000000e-16
  1.110000000e-16
  -2.223000000e-16
  3.334500000e-16
  0.000000000e+00
  1.571900000e-16
  -2.096000000e-02 -9.993000000e-01 -3.003000000e-02
  9.998000000e-01 -2.097000000e-02 1.345000000e-19
  6.298000000e-04 3.003000000e-02 -9.995000000e-01
 Node:         20
  0.1299E+03  0.1291E+03  0.5058E+03  0.0000E+00
   2.22E-16
   0.0
   0.0
   1.041E-17
   1.924E-17
  -5.551E-17
  2.224000000e-16
  5.975000000e-18
  -6.188000000e-17
  2.571600000e-16
  5.549800000e-17
  1.212200000e-16
  -9.993000000e-01 -3.257000000e-03 -3.765000000e-02
  1.428000000e-02 -9.549000000e-01 -2.965000000e-01
  -3.498000000e-02 -2.968000000e-01 9.543000000e-01
 Node:         21
  0.1301E+03  0.1280E+03  0.5197E+03  0.0000E+00
   1.11E-16
   0.0
   0.0
   4.163E-17
   1.475E-17
   1.11E-16
  1.534000000e-16
  7.089000000e-17
  -2.220000000e-18
  1.348500000e-16
  7.402300000e-17
  6.357000000e-17
  -6.994000000e-01 -6.840000000e-02 -7.114000000e-01
  -7.126000000e-01 1.429000000e-01 6.869000000e-01
  -5.465000000e-02 -9.874000000e-01 1.487000000e-01
 Node:         22
  0.1360E+03  0.1256E+03  0.4913E+03  0.0000E+00
  -2.22E-16
   1.388E-17
  -1.11E-16
  -1.388E-17
   1.006E-16
   1.11E-16
  1.500000000e-16
  -1.456000000e-16
  -2.264000000e-16
  3.432100000e-16
  -7.400000000e-17
  1.617900000e-16
  -2.144000000e-02 3.586000000e-01 9.332000000e-01
  2.280000000e-01 9.106000000e-01 -3.447000000e-01
  -9.734000000e-01 2.054000000e-01 -1.013000000e-01
 Node:         23
  0.1343E+03  0.1253E+03  0.5054E+03  0.0000E+00
   0.0
   2.082E-17
  -4.441E-16
   0.0
   1.314E-16
  -1.665E-16
  1.265000000e-18
  -1.147000000e-16
  -4.972000000e-16
  4.517900000e-16
  -2.035400000e-16
  2.129700000e-16
  9.970000000e-01 6.061000000e-02 4.746000000e-02
  6.644000000e-02 -3.661000000e-01 -9.282000000e-01
  3.888000000e-02 -9.286000000e-01 3.690000000e-01
 Node:         24
  0.1336E+03  0.1248E+03  0.5194E+03  0.0000E+00
  -2.22E-16
   1.214E-17
   0.0
   1.388E-17
   8.674E-19
  -1.665E-16
  6.779000000e-19
  -1.633000000e-16
  -2.259000000e-16
  2.026600000e-16
  -1.295100000e-16
  9.553700000e-17
  -5.504000000e-02 -9.984000000e-01 -9.747000000e-03
  2.257000000e-01 -2.195000000e-02 9.740000000e-01
  -9.726000000e-01 5.141000000e-02 2.265000000e-01
 Node:         25
  0.1400E+03  0.1206E+03  0.4917E+03  0.0000E+00
   0.0
   2.671E-16
  -1.11E-16
  -8.327E-17
  -1.301E-16
   2.22E-16
  3.681000000e-16
  7.580000000e-17
  -3.329000000e-16
  6.098700000e-16
  3.700000000e-17
  2.874900000e-16
  5.089000000e-01 4.781000000e-01 -7.159000000e-01
  6.086000000e-01 3.883000000e-01 6.920000000e-01
  6.088000000e-01 -7.878000000e-01 -9.334000000e-02
 Node:         26
  0.1363E+03  0.1200E+03  0.5055E+03  0.0000E+00
   2.22E-16
   1.076E-16
  -6.106E-16
   2.776E-17
  -1.124E-15
  -5.551E-17
  8.281000000e-16
  2.248000000e-16
  -1.497000000e-15
  2.089800000e-15
  -1.480300000e-16
  9.851500000e-16
  7.371000000e-02 6.174000000e-01 -7.832000000e-01
  9.955000000e-01 1.018000000e-03 9.449000000e-02
  -5.914000000e-02 7.866000000e-01 6.146000000e-01
 Node:         27
  0.1343E+03  0.1203E+03  0.5192E+03  0.0000E+00
   2.22E-16
  -1.943E-16
   2.22E-16
  -1.041E-16
   1.313E-15
   0.0
  1.466000000e-15
  1.875000000e-16
  -1.209000000e-15
  2.317400000e-15
  1.481700000e-16
  1.092400000e-15
  -1.693000000e-01 7.280000000e-01 6.643000000e-01
  9.848000000e-01 9.849000000e-02 1.431000000e-01
  3.876000000e-02 6.785000000e-01 -7.336000000e-01
 Node:         28
  0.1155E+03  0.1124E+03  0.4931E+03 -0.1225E-03
  -2.22E-16
   3.816E-17
   2.22E-16
  -5.551E-17
   5.551E-17
   1.11E-16
  2.455000000e-16
  1.014000000e-16
  -2.359000000e-16
  4.279500000e-16
  3.700000000e-17
  2.017400000e-16
  3.184000000e-02 9.284000000e-01 3.701000000e-01
  1.988000000e-01 3.571000000e-01 -9.127000000e-01
  9.795000000e-01 -1.026000000e-01 1.732000000e-01
 Node:         29
  0.1119E+03  0.1139E+03  0.5068E+03 -0.1225E-03
  -2.22E-16
  -2.082E-17
   0.0
   5.551E-17
   6.939E-18
  -3.331E-16
  1.944000000e-18
  -2.004000000e-16
  -3.566000000e-16
  3.113600000e-16
  -1.850200000e-16
  1.467800000e-16
  -9.118000000e-02 9.958000000e-01 5.517000000e-03
  -9.179000000e-01 -8.189000000e-02 -3.884000000e-01
  -3.863000000e-01 -4.048000000e-02 9.215000000e-01
 Node:         30
  0.1113E+03  0.1159E+03  0.5206E+03 -0.1225E-03
   2.22E-16
   1.249E-16
   2.22E-16
   0.0
  -2.776E-17
   1.11E-16
  3.486000000e-16
  1.238000000e-16
  8.277000000e-17
  2.478800000e-16
  1.850600000e-16
  1.168500000e-16
  -7.001000000e-01 -7.092000000e-01 8.287000000e-02
  -4.685000000e-01 3.686000000e-01 -8.029000000e-01
  -5.389000000e-01 6.009000000e-01 5.903000000e-01
 Node:         31
  0.1203E+03  0.1126E+03  0.4920E+03 -0.1225E-03
  -5.551E-17
   9.714E-17
  -1.11E-16
   2.776E-17
   4.163E-17
  -5.551E-17
  4.114000000e-17
  -7.661000000e-17
  -1.866000000e-16
  1.972700000e-16
  -7.402300000e-17
  9.299200000e-17
  -6.956000000e-01 -5.654000000e-01 -4.433000000e-01
  4.358000000e-01 1.585000000e-01 -8.860000000e-01
  5.712000000e-01 -8.095000000e-01 1.362000000e-01
 Node:         32
  0.1188E+03  0.1134E+03  0.5062E+03 -0.1225E-03
   2.22E-16
  -1.388E-17
  -1.11E-16
  -2.776E-17
   9.714E-17
  -5.551E-17
  2.266000000e-16
  1.331000000e-17
  -1.844000000e-16
  3.560200000e-16
  1.850300000e-17
  1.678300000e-16
  -9.894000000e-01 7.624000000e-02 1.236000000e-01
  1.445000000e-01 5.992000000e-01 7.875000000e-01
  1.402000000e-02 -7.970000000e-01 6.038000000e-01
 Node:         33
  0.1183E+03  0.1150E+03  0.5201E+03 -0.1225E-03
   1.11E-16
   5.551E-17
   0.0
   8.327E-17
   0.0
   0.0
  1.700000000e-16
  0.000000000e+00
  -5.893000000e-17
  2.058900000e-16
  3.702300000e-17
  9.705800000e-17
  -8.617000000e-01 -2.815000000e-01 -4.222000000e-01
  0.000000000e+00 -8.321000000e-01 5.547000000e-01
  -5.074000000e-01 4.780000000e-01 7.170000000e-01
 Node:         34
  0.1255E+03  0.1129E+03  0.4909E+03 -0.1225E-03
   0.0
   0.0
   0.0
   5.551E-17
   9.714E-17
   0.0
  1.119000000e-16
  3.387000000e-33
  -1.119000000e-16
  1.938200000e-16
  0.000000000e+00
  9.136600000e-17
  -3.508000000e-01 -6.139000000e-01 -7.071000000e-01
  8.682000000e-01 -4.961000000e-01 -4.855000000e-17
  -3.508000000e-01 -6.139000000e-01 7.071000000e-01
 Node:         35
  0.1260E+03  0.1135E+03  0.5054E+03 -0.1225E-03
   0.0
   1.11E-16
  -1.11E-16
   1.11E-16
   2.498E-16
  -1.11E-16
  2.410000000e-16
  -1.023000000e-16
  -3.608000000e-16
  5.229000000e-16
  -7.403300000e-17
  2.465000000e-16
  5.458000000e-01 5.925000000e-01 5.925000000e-01
  8.379000000e-01 -3.859000000e-01 -3.859000000e-01
  -4.975000000e-17 -7.071000000e-01 7.071000000e-01
 Node:         36
  0.1257E+03  0.1153E+03  0.5196E+03 -0.1225E-03
   0.0
  -5.551E-17
   0.0
  -5.551E-17
   8.327E-17
   0.0
  1.305000000e-16
  -4.723000000e-17
  -8.327000000e-17
  1.982200000e-16
  0.000000000e+00
  9.344300000e-17
  -5.155000000e-01 6.059000000e-01 6.059000000e-01
  8.569000000e-01 3.645000000e-01 3.645000000e-01
  -1.256000000e-16 7.071000000e-01 -7.071000000e-01
 Node:         37
  0.1132E+03  0.1210E+03  0.4959E+03 -0.1225E-03
  -2.22E-16
   1.388E-16
  -2.22E-16
  -8.327E-17
   1.804E-16
  -2.776E-16
  -4.482000000e-17
  -1.622000000e-16
  -5.146000000e-16
  4.234700000e-16
  -2.405400000e-16
  1.996300000e-16
  3.971000000e-01 7.887000000e-01 4.693000000e-01
  -7.874000000e-01 3.010000000e-02 6.157000000e-01
  4.715000000e-01 -6.140000000e-01 6.330000000e-01
 Node:         38
  0.1111E+03  0.1204E+03  0.5085E+03 -0.1225E-03
  -1.665E-16
   9.714E-17
   0.0
  -2.776E-17
  -8.327E-17
  -2.22E-16
  7.071000000e-17
  -2.091000000e-16
  -2.502000000e-16
  3.024600000e-16
  -1.295300000e-16
  1.425800000e-16
  -3.916000000e-01 -8.746000000e-01 2.859000000e-01
  9.154000000e-01 -3.389000000e-01 2.170000000e-01
  9.287000000e-02 -3.467000000e-01 -9.334000000e-01
 Node:         39
  0.1119E+03  0.1201E+03  0.5207E+03 -0.1225E-03
  -5.551E-17
  -9.714E-17
  -3.331E-16
  -8.327E-17
  -7.633E-17
  -1.11E-16
  8.934000000e-18
  -1.105000000e-16
  -3.981000000e-16
  3.623900000e-16
  -1.665600000e-16
  1.708300000e-16
  8.510000000e-01 -1.281000000e-01 -5.092000000e-01
  4.076000000e-01 -4.503000000e-01 7.944000000e-01
  -3.311000000e-01 -8.836000000e-01 -3.310000000e-01
 Node:         40
  0.1191E+03  0.1220E+03  0.4937E+03 -0.1225E-03
   0.0
   8.327E-17
  -2.22E-16
   8.327E-17
  -1.388E-17
  -2.22E-16
  4.872000000e-17
  -2.082000000e-16
  -2.846000000e-16
  3.024500000e-16
  -1.480300000e-16
  1.425700000e-16
  -9.240000000e-01 -2.703000000e-01 -2.703000000e-01
  0.000000000e+00 -7.071000000e-01 7.071000000e-01
  3.823000000e-01 -6.534000000e-01 -6.534000000e-01
 Node:         41
  0.1182E+03  0.1217E+03  0.5073E+03 -0.1225E-03
   0.0
  -2.776E-17
  -5.551E-17
   5.551E-17
   9.714E-17
   1.11E-16
  1.653000000e-16
  1.073000000e-17
  -1.206000000e-16
  2.478700000e-16
  1.847700000e-17
  1.168500000e-16
  2.406000000e-01 3.653000000e-01 8.993000000e-01
  -8.901000000e-01 4.526000000e-01 5.428000000e-02
  -3.871000000e-01 -8.135000000e-01 4.340000000e-01
 Node:         42
  0.1187E+03  0.1212E+03  0.5204E+03 -0.1225E-03
   0.0
  -5.551E-17
  -1.11E-16
   0.0
   5.551E-17
   1.11E-16
  1.256000000e-16
  1.887000000e-17
  -1.444000000e-16
  2.355300000e-16
  2.333300000e-20
  1.110300000e-16
  1.113000000e-01 -2.517000000e-01 -9.614000000e-01
  9.295000000e-01 -3.159000000e-01 1.903000000e-01
  -3.516000000e-01 -9.148000000e-01 1.988000000e-01
 Node:         43
  0.1258E+03  0.1217E+03  0.4915E+03 -0.1225E-03
   2.22E-16
   1.11E-16
   1.11E-16
  -1.388E-17
   0.0
  -5.551E-17
  2.911000000e-16
  4.294000000e-17
  -5.645000000e-17
  3.100400000e-16
  9.253000000e-17
  1.461600000e-16
  -8.507000000e-01 -5.246000000e-01 3.406000000e-02
  -5.213000000e-01 8.502000000e-01 7.348000000e-02
  6.751000000e-02 -4.475000000e-02 9.967000000e-01
 Node:         44
  0.1259E+03  0.1220E+03  0.5059E+03 -0.1225E-03
  -2.22E-16
   1.388E-16
  -2.22E-16
   9.714E-17
   1.11E-16
  -1.11E-16
  5.081000000e-17
  -2.445000000e-16
  -3.614000000e-16
  3.679600000e-16
  -1.850300000e-16
  1.734600000e-16
  -5.113000000e-01 -5.340000000e-01 -6.733000000e-01
  -5.198000000e-01 -4.318000000e-01 7.372000000e-01
  -6.844000000e-01 7.269000000e-01 -5.679000000e-02
 Node:         45
  0.1261E+03  0.1221E+03  0.5198E+03 -0.1225E-03
  -5.551E-17
  -8.327E-17
  -2.776E-16
   2.776E-17
  -6.939E-18
   1.11E-16
  1.167000000e-16
  -3.339000000e-17
  -3.053000000e-16
  3.705000000e-16
  -7.399700000e-17
  1.746600000e-16
  1.854000000e-01 -5.643000000e-02 9.810000000e-01
  9.302000000e-01 -3.117000000e-01 -1.938000000e-01
  -3.167000000e-01 -9.485000000e-01 5.308000000e-03
 Node:         46
  0.1117E+03  0.1296E+03  0.4959E+03  0.0000E+00
  -5.551E-17
   2.776E-17
  -1.665E-16
   6.939E-18
  -2.602E-17
   0.0
  4.101000000e-18
  -4.897000000e-17
  -1.772000000e-16
  1.614500000e-16
  -7.402300000e-17
  7.610600000e-17
  4.856000000e-02 -1.429000000e-01 9.886000000e-01
  9.724000000e-01 2.327000000e-01 -1.414000000e-02
  -2.280000000e-01 9.620000000e-01 1.502000000e-01
 Node:         47
  0.1107E+03  0.1269E+03  0.5087E+03  0.0000E+00
  -1.665E-16
  -3.123E-17
   1.11E-16
  -2.776E-17
   3.99E-17
   0.0
  1.289000000e-16
  -1.114000000e-17
  -1.732000000e-16
  2.618600000e-16
  -1.848000000e-17
  1.234400000e-16
  -1.292000000e-01 9.390000000e-01 3.186000000e-01
  -1.008000000e-01 -3.321000000e-01 9.379000000e-01
  -9.865000000e-01 -8.906000000e-02 -1.376000000e-01
 Node:         48
  0.1125E+03  0.1242E+03  0.5208E+03  0.0000E+00
   1.11E-16
   3.469E-18
   1.11E-16
   0.0
  -1.735E-18
   1.11E-16
  1.149000000e-16
  1.110000000e-16
  1.071000000e-16
  6.755000000e-18
  1.110000000e-16
  3.184300000e-18
  -6.325000000e-01 -7.071000000e-01 3.162000000e-01
  4.472000000e-01 -4.455000000e-15 8.944000000e-01
  -6.325000000e-01 7.071000000e-01 3.162000000e-01
 Node:         49
  0.1186E+03  0.1311E+03  0.4938E+03  0.0000E+00
  -1.665E-16
  -2.082E-17
   0.0
  -4.163E-17
  -6.072E-18
  -5.551E-17
  2.581000000e-18
  -4.165000000e-17
  -1.830000000e-16
  1.678900000e-16
  -7.402300000e-17
  7.914600000e-17
  1.174000000e-01 -9.929000000e-01 1.965000000e-02
  -3.135000000e-01 -1.827000000e-02 9.494000000e-01
  -9.423000000e-01 -1.176000000e-01 -3.134000000e-01
 Node:         50
  0.1180E+03  0.1298E+03  0.5075E+03  0.0000E+00
   0.0
  -1.301E-17
   3.331E-16
  -4.163E-17
   1.247E-17
   2.22E-16
  3.354000000e-16
  2.276000000e-16
  -7.879000000e-18
  3.040700000e-16
  1.850400000e-16
  1.433400000e-16
  5.441000000e-02 -9.902000000e-01 -1.289000000e-01
  -1.707000000e-01 -1.364000000e-01 9.758000000e-01
  9.838000000e-01 3.109000000e-02 1.765000000e-01
 Node:         51
  0.1192E+03  0.1275E+03  0.5206E+03  0.0000E+00
   0.0
  -3.469E-18
  -5.551E-17
   0.0
   1.475E-17
   1.11E-16
  1.123000000e-16
  2.087000000e-19
  -5.702000000e-17
  1.491800000e-16
  1.849600000e-17
  7.032400000e-17
  -2.705000000e-03 8.758000000e-02 9.962000000e-01
  9.982000000e-01 -6.004000000e-02 7.989000000e-03
  -6.051000000e-02 -9.943000000e-01 8.725000000e-02
 Node:         52
  0.1262E+03  0.1305E+03  0.4920E+03  0.0000E+00
   1.11E-16
  -1.388E-17
   1.11E-16
   1.301E-18
   4.906E-18
   0.0
  1.250000000e-16
  9.734000000e-17
  -2.497000000e-19
  1.139700000e-16
  7.403000000e-17
  5.372400000e-17
  -7.047000000e-01 7.092000000e-01 2.051000000e-02
  7.093000000e-01 7.034000000e-01 4.493000000e-02
  -1.744000000e-02 -4.621000000e-02 9.988000000e-01
 Node:         53
  0.1258E+03  0.1304E+03  0.5063E+03  0.0000E+00
  -1.665E-16
  -1.735E-18
  -1.11E-16
   2.776E-17
   3.383E-17
  -2.22E-16
  -1.010000000e-16
  -1.572000000e-16
  -2.414000000e-16
  1.223900000e-16
  -1.665300000e-16
  5.769700000e-17
  9.684000000e-02 9.526000000e-01 2.883000000e-01
  -9.346000000e-01 1.866000000e-01 -3.027000000e-01
  -3.422000000e-01 -2.402000000e-01 9.084000000e-01
 Node:         54
  0.1265E+03  0.1288E+03  0.5200E+03  0.0000E+00
  -2.22E-16
   2.082E-17
   1.11E-16
   0.0
  -4.337E-18
   1.11E-16
  1.160000000e-16
  1.073000000e-16
  -2.233000000e-16
  3.350300000e-16
  0.000000000e+00
  1.579400000e-16
  -4.656000000e-02 -7.562000000e-01 6.527000000e-01
  -4.117000000e-02 -6.514000000e-01 -7.576000000e-01
  -9.981000000e-01 6.215000000e-02 8.061000000e-04
 Node:         55
  0.1381E+03  0.1168E+03  0.4524E+03  0.1264E-01
   0.001342
  -0.01562
   0.01917
  -0.00372
   0.02266
  -0.03282
  3.518000000e-02
  -6.072000000e-03
  -4.141000000e-02
  6.639500000e-02
  -4.100700000e-03
  3.129900000e-02
  -4.266000000e-01 8.508000000e-01 3.068000000e-01
  9.030000000e-01 3.815000000e-01 1.975000000e-01
  -5.101000000e-02 -3.613000000e-01 9.311000000e-01
 Node:         56
  0.1314E+03  0.1156E+03  0.4682E+03  0.1264E-01
   0.0105
  -0.01431
   0.01246
  -0.00752
   0.009962
  -0.01999
  2.898000000e-02
  -2.793000000e-03
  -2.322000000e-02
  4.556100000e-02
  9.890000000e-04
  2.147800000e-02
  6.541000000e-01 -7.153000000e-01 -2.460000000e-01
  7.465000000e-01 6.629000000e-01 5.757000000e-02
  1.219000000e-01 -2.213000000e-01 9.676000000e-01
 Node:         57
  0.1285E+03  0.1140E+03  0.4823E+03  0.1264E-01
   0.004274
  -0.003891
   0.003458
  -0.002076
   0.001517
  -8.531E-4
  8.480000000e-03
  -5.452000000e-06
  -1.596000000e-03
  9.382400000e-03
  2.292800000e-03
  4.422900000e-03
  -7.220000000e-01 6.393000000e-01 2.646000000e-01
  6.230000000e-01 7.670000000e-01 -1.533000000e-01
  3.009000000e-01 -5.417000000e-02 9.521000000e-01
 Node:         58
  0.1478E+03  0.1179E+03  0.4523E+03  0.1264E-01
   3.053E-4
  -0.01986
   0.03978
  -0.003392
   0.01532
  -0.07424
  4.996000000e-02
  -7.850000000e-03
  -7.627000000e-02
  1.094500000e-01
  -1.138700000e-02
  5.159400000e-02
  -3.758000000e-01 9.184000000e-01 1.235000000e-01
  9.267000000e-01 3.739000000e-01 3.891000000e-02
  1.045000000e-02 -1.291000000e-01 9.916000000e-01
 Node:         59
  0.1415E+03  0.1167E+03  0.4687E+03  0.1264E-01
   0.02687
  -0.02793
   0.03118
  -0.0221
   0.02085
  -0.02487
  6.704000000e-02
  1.114000000e-03
  -3.497000000e-02
  8.959400000e-02
  1.106100000e-02
  4.223500000e-02
  -6.522000000e-01 6.902000000e-01 3.134000000e-01
  7.149000000e-01 6.975000000e-01 -4.844000000e-02
  2.521000000e-01 -1.925000000e-01 9.484000000e-01
 Node:         60
  0.1374E+03  0.1150E+03  0.4832E+03  0.1264E-01
   0.01343
  -0.01174
   0.01008
  -0.01044
   0.007387
   0.003285
  2.975000000e-02
  3.011000000e-04
  -3.249000000e-03
  3.137500000e-02
  8.934000000e-03
  1.479000000e-02
  -6.924000000e-01 5.763000000e-01 4.341000000e-01
  4.928000000e-01 8.172000000e-01 -2.989000000e-01
  -5.270000000e-01 6.966000000e-03 -8.499000000e-01
 Node:         61
  0.1548E+03  0.1224E+03  0.4523E+03  0.1264E-01
   0.02889
  -0.01516
   0.009104
   0.002427
  -0.007035
  -0.05122
  3.745000000e-02
  1.369000000e-03
  -5.203000000e-02
  7.797400000e-02
  -4.403700000e-03
  3.675700000e-02
  8.736000000e-01 -4.827000000e-01 6.222000000e-02
  4.866000000e-01 8.686000000e-01 -9.374000000e-02
  -8.792000000e-03 1.122000000e-01 9.937000000e-01
 Node:         62
  0.1488E+03  0.1204E+03  0.4692E+03  0.1264E-01
   0.0566
  -0.04524
   0.02954
  -0.02619
   0.01452
   0.006786
  9.978000000e-02
  4.579000000e-04
  -7.303000000e-03
  1.034200000e-01
  3.097800000e-02
  4.875300000e-02
  -7.709000000e-01 5.595000000e-01 3.044000000e-01
  -1.858000000e-01 -6.547000000e-01 7.327000000e-01
  6.092000000e-01 5.083000000e-01 6.087000000e-01
 Node:         63
  0.1436E+03  0.1181E+03  0.4838E+03  0.1264E-01
   0.01511
  -0.02141
   0.02348
  -0.009315
   0.01296
   0.006837
  4.737000000e-02
  8.596000000e-04
  -2.809000000e-03
  4.844900000e-02
  1.514000000e-02
  2.283900000e-02
  -5.857000000e-01 7.233000000e-01 3.659000000e-01
  -4.391000000e-01 9.637000000e-02 -8.933000000e-01
  -6.813000000e-01 -6.838000000e-01 2.611000000e-01
 Node:         64
  0.1410E+03  0.1253E+03  0.4518E+03  0.1264E-01
  -0.03628
  -0.01276
   0.04918
  -0.004314
   0.004054
  -0.02947
  5.131000000e-02
  -2.835000000e-02
  -3.952000000e-02
  8.579200000e-02
  -5.520000000e-03
  4.044300000e-02
  -1.467000000e-01 9.875000000e-01 5.739000000e-02
  -3.400000000e-01 -1.048000000e-01 9.346000000e-01
  9.289000000e-01 1.176000000e-01 3.511000000e-01
 Node:         65
  0.1339E+03  0.1229E+03  0.4680E+03  0.1264E-01
  -0.001645
  -0.02498
   0.03541
  -0.008689
   0.004123
  -0.01851
  4.885000000e-02
  -1.039000000e-02
  -2.321000000e-02
  6.658200000e-02
  5.083300000e-03
  3.138700000e-02
  4.562000000e-01 -8.827000000e-01 -1.129000000e-01
  7.158000000e-01 4.393000000e-01 -5.428000000e-01
  5.287000000e-01 1.668000000e-01 8.323000000e-01
 Node:         66
  0.1299E+03  0.1214E+03  0.4825E+03  0.1264E-01
   0.007417
  -0.008149
   0.008912
  -0.002702
   0.002146
  -9.339E-4
  1.700000000e-02
  1.489000000e-04
  -1.750000000e-03
  1.787600000e-02
  5.133000000e-03
  8.427000000e-03
  -6.666000000e-01 7.216000000e-01 1.868000000e-01
  6.638000000e-01 6.887000000e-01 -2.915000000e-01
  3.390000000e-01 7.029000000e-02 9.381000000e-01
 Node:         67
  0.1495E+03  0.1246E+03  0.4520E+03  0.1264E-01
  -0.02323
  -0.0164
   0.04596
  -0.003724
   0.004924
  -0.06751
  4.992000000e-02
  -2.676000000e-02
  -6.793000000e-02
  1.035900000e-01
  -1.492300000e-02
  4.883500000e-02
  2.209000000e-01 -9.741000000e-01 -4.785000000e-02
  9.727000000e-01 2.236000000e-01 -6.187000000e-02
  -7.097000000e-02 3.288000000e-02 -9.969000000e-01
 Node:         68
  0.1430E+03  0.1225E+03  0.4686E+03  0.1264E-01
   0.02775
  -0.03518
   0.04211
  -0.02096
   0.01067
  -0.0378
  7.499000000e-02
  1.009000000e-03
  -4.393000000e-02
  1.040100000e-01
  1.069000000e-02
  4.902900000e-02
  -6.392000000e-01 7.454000000e-01 1.893000000e-01
  7.170000000e-01 6.666000000e-01 -2.040000000e-01
  2.782000000e-01 -5.317000000e-03 9.605000000e-01
 Node:         69
  0.1379E+03  0.1205E+03  0.4830E+03  0.1264E-01
   0.01732
  -0.01392
   0.01225
  -0.009144
   0.005994
  -2.998E-4
  3.254000000e-02
  9.221000000e-04
  -4.188000000e-03
  3.445800000e-02
  9.758000000e-03
  1.624400000e-02
  -7.368000000e-01 5.986000000e-01 3.144000000e-01
  5.550000000e-01 8.010000000e-01 -2.242000000e-01
  3.861000000e-01 -9.308000000e-03 9.224000000e-01
 Node:         70
  0.1550E+03  0.1244E+03  0.4522E+03  0.1264E-01
  -0.007855
  -0.02064
   0.026
  -0.01595
   0.01256
  -0.0778
  3.863000000e-02
  -1.641000000e-02
  -8.188000000e-02
  1.044900000e-01
  -1.988700000e-02
  4.925900000e-02
  -4.450000000e-01 8.818000000e-01 1.561000000e-01
  8.753000000e-01 4.651000000e-01 -1.322000000e-01
  1.892000000e-01 -7.780000000e-02 9.789000000e-01
 Node:         71
  0.1490E+03  0.1223E+03  0.4691E+03  0.1264E-01
   0.05693
  -0.03432
   0.03401
  -0.0429
   0.02109
  -0.02999
  9.898000000e-02
  1.018000000e-02
  -4.820000000e-02
  1.283700000e-01
  2.032000000e-02
  6.051200000e-02
  -7.791000000e-01 5.235000000e-01 3.448000000e-01
  5.200000000e-01 8.469000000e-01 -1.108000000e-01
  3.500000000e-01 -9.295000000e-02 9.321000000e-01
 Node:         72
  0.1435E+03  0.1199E+03  0.4837E+03  0.1264E-01
   0.02883
  -0.01592
   0.01042
  -0.01704
   0.008421
   0.00301
  4.633000000e-02
  1.413000000e-03
  -5.482000000e-03
  4.873200000e-02
  1.408700000e-02
  2.297200000e-02
  -7.987000000e-01 4.483000000e-01 4.013000000e-01
  4.273000000e-01 8.922000000e-01 -1.464000000e-01
  4.237000000e-01 -5.456000000e-02 9.042000000e-01
 Node:         73
  0.1440E+03  0.1339E+03  0.4511E+03  0.0000E+00
   0.03661
  -0.00192
  -0.03309
  -0.004638
   0.003817
   0.01193
  3.755000000e-02
  1.135000000e-02
  -3.344000000e-02
  6.217800000e-02
  5.153300000e-03
  2.931100000e-02
  -9.824000000e-01 3.661000000e-02 1.833000000e-01
  1.856000000e-01 7.612000000e-02 9.797000000e-01
  -2.191000000e-02 -9.964000000e-01 8.158000000e-02
 Node:         74
  0.1364E+03  0.1303E+03  0.4677E+03  0.0000E+00
   0.06671
   0.01687
  -0.007469
   0.004692
   0.005694
   0.01989
  7.102000000e-02
  1.990000000e-02
  -1.179000000e-02
  7.237100000e-02
  2.637700000e-02
  3.411600000e-02
  -9.697000000e-01 -2.166000000e-01 -1.131000000e-01
  -1.409000000e-01 1.177000000e-01 9.830000000e-01
  -1.996000000e-01 9.691000000e-01 -1.446000000e-01
 Node:         75
  0.1313E+03  0.1288E+03  0.4826E+03  0.0000E+00
   0.02827
   0.006817
   8.336E-4
   0.001364
   6.97E-4
   0.002303
  2.995000000e-02
  2.267000000e-03
  -8.113000000e-04
  2.934400000e-02
  1.046900000e-02
  1.383300000e-02
  -9.720000000e-01 -2.289000000e-01 -5.372000000e-02
  -7.939000000e-02 1.045000000e-01 9.914000000e-01
  -2.213000000e-01 9.678000000e-01 -1.197000000e-01
 Node:         76
  0.1512E+03  0.1312E+03  0.4516E+03  0.0000E+00
   0.03049
  -0.005647
  -0.03638
  -0.00688
   0.00489
   0.01142
  3.340000000e-02
  9.377000000e-03
  -3.724000000e-02
  6.221000000e-02
  1.845700000e-03
  2.932600000e-02
  -9.432000000e-01 9.856000000e-02 3.172000000e-01
  3.239000000e-01 6.092000000e-02 9.441000000e-01
  -7.373000000e-02 -9.933000000e-01 8.938000000e-02
 Node:         77
  0.1444E+03  0.1282E+03  0.4683E+03  0.0000E+00
   0.08261
   0.01705
  -0.009905
   0.00426
   0.006037
   0.01323
  8.604000000e-02
  1.385000000e-02
  -1.395000000e-02
  8.939300000e-02
  2.864700000e-02
  4.214000000e-02
  -9.812000000e-01 -1.789000000e-01 -7.225000000e-02
  -1.039000000e-01 1.743000000e-01 9.792000000e-01
  -1.626000000e-01 9.683000000e-01 -1.896000000e-01
 Node:         78
  0.1384E+03  0.1261E+03  0.4829E+03  0.0000E+00
   0.03488
   0.009802
   0.001215
   0.002309
   0.00127
   0.001606
  3.771000000e-02
  1.554000000e-03
  -1.560000000e-03
  3.780900000e-02
  1.256800000e-02
  1.782300000e-02
  -9.627000000e-01 -2.610000000e-01 -7.075000000e-02
  -1.203000000e-01 1.790000000e-01 9.765000000e-01
  -2.422000000e-01 9.486000000e-01 -2.037000000e-01
 Node:         79
  0.1552E+03  0.1264E+03  0.4522E+03  0.0000E+00
   0.0196
   8.405E-4
  -0.07092
  -0.0159
   0.001911
  -0.04738
  2.318000000e-02
  -5.075000000e-02
  -7.113000000e-02
  8.595200000e-02
  -3.290000000e-02
  4.051800000e-02
  9.756000000e-01 4.252000000e-03 -2.197000000e-01
  -2.181000000e-01 -1.011000000e-01 -9.707000000e-01
  -2.633000000e-02 9.949000000e-01 -9.768000000e-02
 Node:         80
  0.1492E+03  0.1242E+03  0.4691E+03  0.0000E+00
   0.09716
   0.009536
  -0.04497
   0.01104
   0.003896
  -0.02949
  9.879000000e-02
  -2.986000000e-02
  -4.623000000e-02
  1.375700000e-01
  7.566700000e-03
  6.485000000e-02
  -9.938000000e-01 -6.829000000e-02 -8.759000000e-02
  -9.911000000e-02 1.893000000e-01 9.769000000e-01
  5.014000000e-02 -9.795000000e-01 1.949000000e-01
 Node:         81
  0.1433E+03  0.1217E+03  0.4836E+03  0.0000E+00
   0.04084
   0.008566
  -0.00393
   0.01092
   0.003076
   7.496E-5
  4.525000000e-02
  -2.418000000e-03
  -5.843000000e-03
  4.947000000e-02
  1.233000000e-02
  2.332000000e-02
  -9.531000000e-01 -1.812000000e-01 -2.426000000e-01
  -2.847000000e-01 2.629000000e-01 9.219000000e-01
  1.032000000e-01 -9.477000000e-01 3.021000000e-01
 Node:         82
  0.1267E+03  0.1148E+03  0.4557E+03  0.1622E-01
   0.01681
  -0.01497
  -0.001776
  -0.004319
   0.002191
  -0.007988
  2.582000000e-02
  -8.657000000e-03
  -1.012000000e-02
  3.523100000e-02
  2.347700000e-03
  1.660800000e-02
  -8.654000000e-01 4.805000000e-01 1.417000000e-01
  6.180000000e-02 -1.783000000e-01 9.820000000e-01
  4.972000000e-01 8.587000000e-01 1.246000000e-01
 Node:         83
  0.1234E+03  0.1129E+03  0.4717E+03  0.1622E-01
   0.001327
  -0.009998
  -0.003163
  -0.004472
   0.002342
  -0.001941
  1.120000000e-02
  -3.700000000e-03
  -1.128000000e-02
  1.980900000e-02
  -1.260000000e-03
  9.338200000e-03
  7.397000000e-01 -5.725000000e-01 -3.537000000e-01
  -2.005000000e-01 3.142000000e-01 -9.279000000e-01
  6.424000000e-01 7.573000000e-01 1.177000000e-01
 Node:         84
  0.1187E+03  0.1123E+03  0.4849E+03  0.1622E-01
  -1.568E-4
  -7.893E-4
  -3.805E-4
  -6.538E-4
   3.62E-5
   1.11E-4
  9.046000000e-04
  -1.264000000e-04
  -1.204000000e-03
  1.826200000e-03
  -1.419300000e-04
  8.609000000e-04
  -6.844000000e-01 4.368000000e-01 5.838000000e-01
  2.355000000e-01 -6.253000000e-01 7.440000000e-01
  -6.900000000e-01 -6.467000000e-01 -3.251000000e-01
 Node:         85
  0.1302E+03  0.1161E+03  0.4544E+03  0.1622E-01
   0.01705
  -0.01657
  -3.718E-4
  -0.004052
   0.002929
  -0.01211
  2.769000000e-02
  -1.031000000e-02
  -1.280000000e-02
  3.930400000e-02
  1.526700000e-03
  1.852800000e-02
  -8.486000000e-01 5.142000000e-01 1.242000000e-01
  5.287000000e-01 8.326000000e-01 1.654000000e-01
  1.840000000e-02 -2.060000000e-01 9.784000000e-01
 Node:         86
  0.1252E+03  0.1138E+03  0.4700E+03  0.1622E-01
  -0.01606
  -0.006926
   0.03292
  -0.01143
   0.01
  -0.002672
  3.733000000e-02
  -5.114000000e-04
  -2.264000000e-02
  5.252600000e-02
  4.726200000e-03
  2.476100000e-02
  -1.835000000e-01 9.400000000e-01 2.875000000e-01
  -4.537000000e-01 -3.405000000e-01 8.236000000e-01
  8.721000000e-01 2.068000000e-02 4.889000000e-01
 Node:         87
  0.1217E+03  0.1126E+03  0.4833E+03  0.1622E-01
   8.004E-4
  -6.898E-4
   7.292E-6
  -0.001845
   1.217E-4
   0.001336
  3.031000000e-03
  1.165000000e-04
  -1.004000000e-03
  3.607700000e-03
  7.145000000e-04
  1.700700000e-03
  -6.593000000e-01 1.798000000e-01 7.301000000e-01
  2.128000000e-01 -8.867000000e-01 4.105000000e-01
  7.212000000e-01 4.260000000e-01 5.463000000e-01
 Node:         88
  0.1338E+03  0.1169E+03  0.4527E+03  0.1622E-01
   9.261E-4
  -0.01844
   0.005585
  -0.003972
   0.01146
  -2.928E-4
  2.661000000e-02
  -3.481000000e-03
  -1.691000000e-02
  3.859900000e-02
  2.073000000e-03
  1.819600000e-02
  -5.759000000e-01 7.180000000e-01 3.908000000e-01
  5.032000000e-01 -6.533000000e-02 8.617000000e-01
  -6.442000000e-01 -6.929000000e-01 3.237000000e-01
 Node:         89
  0.1270E+03  0.1150E+03  0.4683E+03  0.1622E-01
   0.008044
  -0.01164
   0.002232
  -0.007404
   0.003049
  -0.001043
  1.999000000e-02
  -2.857000000e-03
  -7.898000000e-03
  2.574000000e-02
  3.078300000e-03
  1.213400000e-02
  -7.560000000e-01 5.552000000e-01 3.466000000e-01
  -2.284000000e-02 -5.516000000e-01 8.338000000e-01
  6.541000000e-01 6.224000000e-01 4.297000000e-01
 Node:         90
  0.1248E+03  0.1132E+03  0.4822E+03  0.1622E-01
   0.002518
  -0.002266
   0.001169
  -0.001492
   7.166E-4
   4.482E-4
  4.816000000e-03
  9.588000000e-06
  -6.896000000e-04
  5.191400000e-03
  1.378700000e-03
  2.447300000e-03
  -7.632000000e-01 5.431000000e-01 3.499000000e-01
  -3.878000000e-02 -5.791000000e-01 8.143000000e-01
  6.449000000e-01 6.079000000e-01 4.631000000e-01
 Node:         91
  0.1258E+03  0.1259E+03  0.4542E+03  0.1622E-01
  -0.03685
  -0.01945
   0.03765
  -0.01053
   0.007418
  -0.01077
  4.417000000e-02
  -1.027000000e-02
  -4.386000000e-02
  7.694600000e-02
  -3.320000000e-03
  3.627300000e-02
  2.515000000e-01 -9.516000000e-01 -1.767000000e-01
  -2.073000000e-01 -2.313000000e-01 9.505000000e-01
  -9.454000000e-01 -2.024000000e-01 -2.554000000e-01
 Node:         92
  0.1208E+03  0.1231E+03  0.4723E+03  0.1622E-01
  -8.628E-4
  -0.01629
   0.005855
  -0.01306
   0.004534
   0.001397
  2.527000000e-02
  -1.283000000e-03
  -1.760000000e-02
  3.747800000e-02
  2.129000000e-03
  1.766700000e-02
  -6.238000000e-01 6.311000000e-01 4.611000000e-01
  5.742000000e-02 6.253000000e-01 -7.782000000e-01
  7.795000000e-01 4.590000000e-01 4.263000000e-01
 Node:         93
  0.1159E+03  0.1217E+03  0.4876E+03  0.1622E-01
   0.004042
  -2.679E-4
  -6.705E-4
  -0.005725
  -0.001647
   0.00377
  9.722000000e-03
  1.694000000e-04
  -2.750000000e-03
  1.129900000e-02
  2.380500000e-03
  5.326300000e-03
  -7.046000000e-01 -9.332000000e-02 7.035000000e-01
  -4.536000000e-01 8.216000000e-01 -3.453000000e-01
  -5.458000000e-01 -5.623000000e-01 -6.212000000e-01
 Node:         94
  0.1312E+03  0.1261E+03  0.4532E+03  0.1622E-01
  -0.04599
  -0.01926
   0.04385
  -0.009873
   0.004428
  -0.01323
  4.846000000e-02
  -1.187000000e-02
  -5.195000000e-02
  8.754500000e-02
  -5.120000000e-03
  4.126900000e-02
  -2.091000000e-01 9.724000000e-01 1.033000000e-01
  -1.984000000e-01 -1.456000000e-01 9.693000000e-01
  -9.576000000e-01 -1.822000000e-01 -2.233000000e-01
 Node:         95
  0.1249E+03  0.1233E+03  0.4703E+03  0.1622E-01
   0.005095
  -0.01531
   0.01665
  -0.01573
   0.004455
  -0.01061
  3.131000000e-02
  7.449000000e-04
  -2.092000000e-02
  4.545100000e-02
  3.711600000e-03
  2.142600000e-02
