 Group name: actual_strain_L2A2
 #Fields=  17
 1) coordinates, coordinate, rectangular cartesian, #Components=3
   x.  Value index= 1, #Derivatives=0
   y.  Value index= 2, #Derivatives=0
   z.  Value index= 3, #Derivatives=0
 2) dummy, field, rectangular cartesian, #Components=1
   Tensor_1.  Value index= 4, #Derivatives=0
 3) Tensor_1, field, rectangular cartesian, #Components=1
   Tensor_1.  Value index= 5, #Derivatives=0
 4) Tensor_2, field, rectangular cartesian, #Components=1
   Tensor_2.  Value index= 6, #Derivatives=0
 5) Tensor_3, field, rectangular cartesian, #Components=1
   Tensor_3.  Value index= 7, #Derivatives=0
 6) Tensor_4, field, rectangular cartesian, #Components=1
   Tensor_4.  Value index= 8, #Derivatives=0
 7) Tensor_5, field, rectangular cartesian, #Components=1
   Tensor_5.  Value index= 9, #Derivatives=0
 8) Tensor_6, field, rectangular cartesian, #Components=1
   Tensor_6.  Value index= 10, #Derivatives=0
 9) Principal_1, field, rectangular cartesian, #Components=1
   Principal_1.  Value index= 11, #Derivatives=0
 10) Principal_2, field, rectangular cartesian, #Components=1
   Principal_2.  Value index= 12, #Derivatives=0
 11) Principal_3, field, rectangular cartesian, #Components=1
   Principal_3.  Value index= 13, #Derivatives=0
 12) VonMises, field, rectangular cartesian, #Components=1
   VonMises.  Value index= 14, #Derivatives=0
 13) Hydrostatic, field, rectangular cartesian, #Components=1
   VonMises.  Value index= 15, #Derivatives=0
 14) Octahedral, field, rectangular cartesian, #Components=1
   VonMises.  Value index= 16, #Derivatives=0
 15) PrincipalVector1, field, rectangular cartesian, #Components=3
   x.  Value index= 17, #Derivatives=0
   y.  Value index= 18, #Derivatives=0
   z.  Value index= 19, #Derivatives=0
 16) PrincipalVector2, field, rectangular cartesian, #Components=3
   x.  Value index= 20, #Derivatives=0
   y.  Value index= 21, #Derivatives=0
   z.  Value index= 22, #Derivatives=0
 17) PrincipalVector3, field, rectangular cartesian, #Components=3
   x.  Value index= 23, #Derivatives=0
   y.  Value index= 24, #Derivatives=0
   z.  Value index= 25, #Derivatives=0
 Node:          1
  0.1287E+03  0.1133E+03  0.4908E+03 -0.2244E-04
  -1.11E-16
  -8.327E-17
  -2.22E-16
  -2.776E-17
  -4.163E-17
  -3.331E-16
  -6.637000000e-17
  -2.400000000e-16
  -3.598000000e-16
  2.555400000e-16
  -2.220600000e-16
  1.204600000e-16
  8.837000000e-01 -4.676000000e-01 -1.897000000e-02
  4.046000000e-01 7.837000000e-01 -4.712000000e-01
  2.352000000e-01 4.088000000e-01 8.818000000e-01
 Node:          2
  0.1292E+03  0.1137E+03  0.5052E+03 -0.2244E-04
  -5.551E-17
  -1.11E-16
  -1.665E-16
  -5.551E-17
   1.943E-16
  -2.776E-16
  8.603000000e-17
  -1.600000000e-16
  -4.256000000e-16
  4.431900000e-16
  -1.665200000e-16
  2.089200000e-16
  -6.554000000e-01 6.199000000e-01 4.313000000e-01
  7.522000000e-01 4.849000000e-01 4.462000000e-01
  -6.744000000e-02 -6.169000000e-01 7.841000000e-01
 Node:          3
  0.1289E+03  0.1155E+03  0.5194E+03 -0.2244E-04
   2.22E-16
   1.388E-16
   3.331E-16
   1.11E-16
   5.551E-17
   2.22E-16
  4.753000000e-16
  2.118000000e-16
  9.006000000e-17
  3.410700000e-16
  2.590500000e-16
  1.607800000e-16
  -5.696000000e-01 -7.144000000e-01 -4.063000000e-01
  2.395000000e-01 -6.172000000e-01 7.494000000e-01
  -7.862000000e-01 3.296000000e-01 5.227000000e-01
 Node:          4
  0.1361E+03  0.1141E+03  0.4915E+03 -0.2244E-04
   0.0
  -2.776E-17
  -1.11E-16
  -2.776E-17
  -8.327E-17
   2.22E-16
  2.435000000e-16
  6.328000000e-18
  -1.388000000e-16
  3.342600000e-16
  3.700900000e-17
  1.575700000e-16
  -8.549000000e-02 -2.215000000e-01 9.714000000e-01
  9.681000000e-01 -2.491000000e-01 2.840000000e-02
  2.357000000e-01 9.428000000e-01 2.357000000e-01
 Node:          5
  0.1341E+03  0.1144E+03  0.5054E+03 -0.2244E-04
   3.331E-16
   1.388E-16
   3.331E-16
   5.551E-17
  -6.939E-17
   4.441E-16
  4.814000000e-16
  4.627000000e-16
  1.662000000e-16
  3.062800000e-16
  3.701000000e-16
  1.443800000e-16
  -3.480000000e-01 -6.443000000e-01 6.810000000e-01
  -6.589000000e-01 -3.487000000e-01 -6.665000000e-01
  6.669000000e-01 -6.807000000e-01 -3.032000000e-01
 Node:          6
  0.1323E+03  0.1162E+03  0.5191E+03 -0.2244E-04
   2.22E-16
   5.551E-17
   2.22E-16
  -5.551E-17
  -2.776E-17
   0.0
  2.897000000e-16
  1.685000000e-16
  -1.402000000e-17
  2.648100000e-16
  1.480600000e-16
  1.248300000e-16
  -7.150000000e-01 -6.696000000e-01 2.012000000e-01
  6.656000000e-01 -7.399000000e-01 -9.741000000e-02
  -2.141000000e-01 -6.426000000e-02 -9.747000000e-01
 Node:          7
  0.1408E+03  0.1171E+03  0.4920E+03 -0.2244E-04
   3.331E-16
   2.22E-16
   2.22E-16
  -8.327E-17
  -1.11E-16
   0.0
  5.398000000e-16
  6.158000000e-17
  -4.631000000e-17
  5.403100000e-16
  1.850200000e-16
  2.547000000e-16
  -7.537000000e-01 -6.111000000e-01 2.419000000e-01
  -6.560000000e-01 6.770000000e-01 -3.335000000e-01
  -4.004000000e-02 4.101000000e-01 9.112000000e-01
 Node:          8
  0.1367E+03  0.1169E+03  0.5055E+03 -0.2244E-04
   2.22E-16
   1.943E-16
   2.22E-16
  -4.025E-16
  -2.359E-16
  -2.22E-16
  6.547000000e-16
  4.477000000e-17
  -4.775000000e-16
  9.814900000e-16
  7.399000000e-17
  4.626800000e-16
  -6.847000000e-01 -5.611000000e-01 4.652000000e-01
  5.685000000e-01 -8.105000000e-01 -1.409000000e-01
  -4.561000000e-01 -1.681000000e-01 -8.739000000e-01
 Node:          9
  0.1339E+03  0.1180E+03  0.5191E+03 -0.2244E-04
   2.22E-16
   1.665E-16
   0.0
  -3.955E-16
  -2.776E-16
   6.661E-16
  1.002000000e-15
  -9.379000000e-18
  -1.046000000e-16
  1.062200000e-15
  2.960100000e-16
  5.007200000e-16
  -4.817000000e-01 -3.073000000e-01 8.207000000e-01
  -8.565000000e-01 -3.292000000e-02 -5.150000000e-01
  -1.853000000e-01 9.510000000e-01 2.474000000e-01
 Node:         10
  0.1294E+03  0.1212E+03  0.4911E+03 -0.2244E-04
   0.0
   2.776E-17
   1.11E-16
  -1.388E-17
   1.249E-16
   1.11E-16
  2.363000000e-16
  2.303000000e-17
  -3.732000000e-17
  2.489900000e-16
  7.400300000e-17
  1.173800000e-16
  4.210000000e-02 7.100000000e-01 7.030000000e-01
  -7.813000000e-01 -4.152000000e-01 4.661000000e-01
  -6.228000000e-01 5.688000000e-01 -5.372000000e-01
 Node:         11
  0.1295E+03  0.1214E+03  0.5055E+03 -0.2244E-04
  -2.22E-16
  -2.776E-17
  -2.22E-16
  -4.163E-17
   1.388E-17
  -1.665E-16
  -1.365000000e-16
  -2.183000000e-16
  -2.558000000e-16
  1.056600000e-16
  -2.035300000e-16
  4.981100000e-17
  -4.935000000e-01 2.929000000e-01 8.189000000e-01
  3.541000000e-01 -7.924000000e-01 4.968000000e-01
  -7.944000000e-01 -5.351000000e-01 -2.873000000e-01
 Node:         12
  0.1295E+03  0.1217E+03  0.5196E+03 -0.2244E-04
   1.11E-16
   0.0
   1.11E-16
   7.633E-17
   2.776E-17
   2.22E-16
  2.649000000e-16
  1.110000000e-16
  6.816000000e-17
  1.792000000e-16
  1.480200000e-16
  8.447700000e-17
  -4.387000000e-01 -1.595000000e-01 -8.844000000e-01
  3.417000000e-01 -9.398000000e-01 -2.255000000e-17
  8.311000000e-01 3.022000000e-01 -4.668000000e-01
 Node:         13
  0.1361E+03  0.1199E+03  0.4914E+03 -0.2244E-04
   1.11E-16
  -1.388E-16
   0.0
  -9.714E-17
   2.776E-17
  -1.665E-16
  2.285000000e-16
  -8.520000000e-17
  -1.988000000e-16
  3.833400000e-16
  -1.850000000e-17
  1.807100000e-16
  8.171000000e-01 -5.252000000e-01 -2.378000000e-01
  4.648000000e-01 8.442000000e-01 -2.671000000e-01
  3.410000000e-01 1.077000000e-01 9.339000000e-01
 Node:         14
  0.1342E+03  0.1198E+03  0.5054E+03 -0.2244E-04
  -5.551E-17
   2.776E-17
   0.0
   5.551E-17
  -9.021E-17
   1.11E-16
  1.672000000e-16
  -4.940000000e-18
  -1.068000000e-16
  2.398800000e-16
  1.848700000e-17
  1.130800000e-16
  1.634000000e-01 -4.472000000e-01 8.794000000e-01
  -6.569000000e-01 -7.144000000e-01 -2.412000000e-01
  -7.361000000e-01 5.382000000e-01 4.105000000e-01
 Node:         15
  0.1330E+03  0.1205E+03  0.5193E+03 -0.2244E-04
   2.22E-16
  -8.327E-17
  -5.551E-17
   1.388E-17
   4.857E-17
   0.0
  2.451000000e-16
  2.471000000e-17
  -1.033000000e-16
  3.052400000e-16
  5.550300000e-17
  1.438900000e-16
  -9.638000000e-01 2.667000000e-01 -1.723000000e-03
  1.157000000e-01 4.239000000e-01 8.983000000e-01
  2.403000000e-01 8.656000000e-01 -4.394000000e-01
 Node:         16
  0.1404E+03  0.1188E+03  0.4918E+03 -0.2244E-04
   2.22E-16
   5.551E-17
   2.22E-16
  -8.327E-17
  -1.457E-16
   4.441E-16
  5.466000000e-16
  1.950000000e-16
  1.465000000e-16
  3.781900000e-16
  2.960300000e-16
  1.782800000e-16
  -2.927000000e-01 -4.328000000e-01 8.526000000e-01
  -9.222000000e-01 -1.077000000e-01 -3.713000000e-01
  -2.526000000e-01 8.950000000e-01 3.676000000e-01
 Node:         17
  0.1365E+03  0.1184E+03  0.5055E+03 -0.2244E-04
  -1.11E-16
   2.776E-17
  -1.11E-16
   9.714E-17
   1.7E-16
   0.0
  1.573000000e-16
  -1.341000000e-16
  -2.452000000e-16
  3.600400000e-16
  -7.400000000e-17
  1.697300000e-16
  3.368000000e-01 5.285000000e-01 7.792000000e-01
  8.927000000e-01 -4.425000000e-01 -8.566000000e-02
  -2.996000000e-01 -7.244000000e-01 6.209000000e-01
 Node:         18
  0.1341E+03  0.1191E+03  0.5192E+03 -0.2244E-04
   0.0
   0.0
   0.0
   2.645E-17
   1.065E-16
   4.441E-16
  4.697000000e-16
  -1.672000000e-33
  -2.562000000e-17
  4.830200000e-16
  1.480300000e-16
  2.277000000e-16
  -5.484000000e-02 -2.207000000e-01 -9.738000000e-01
  9.705000000e-01 -2.411000000e-01 -6.210000000e-17
  -2.348000000e-01 -9.451000000e-01 2.274000000e-01
 Node:         19
  0.1301E+03  0.1291E+03  0.4914E+03  0.0000E+00
   1.11E-16
   0.0
   1.11E-16
   2.101E-19
   1.001E-17
  -2.22E-16
  1.113000000e-16
  1.110000000e-16
  -2.223000000e-16
  3.334500000e-16
  0.000000000e+00
  1.571900000e-16
  -2.096000000e-02 -9.993000000e-01 -3.003000000e-02
  9.998000000e-01 -2.097000000e-02 1.345000000e-19
  6.298000000e-04 3.003000000e-02 -9.995000000e-01
 Node:         20
  0.1299E+03  0.1291E+03  0.5058E+03  0.0000E+00
   2.22E-16
   0.0
   0.0
   1.041E-17
   1.924E-17
  -5.551E-17
  2.224000000e-16
  5.975000000e-18
  -6.188000000e-17
  2.571600000e-16
  5.549800000e-17
  1.212200000e-16
  -9.993000000e-01 -3.257000000e-03 -3.765000000e-02
  1.428000000e-02 -9.549000000e-01 -2.965000000e-01
  -3.498000000e-02 -2.968000000e-01 9.543000000e-01
 Node:         21
  0.1301E+03  0.1280E+03  0.5197E+03  0.0000E+00
   1.11E-16
   0.0
   0.0
   4.163E-17
   1.475E-17
   1.11E-16
  1.534000000e-16
  7.089000000e-17
  -2.220000000e-18
  1.348500000e-16
  7.402300000e-17
  6.357000000e-17
  -6.994000000e-01 -6.840000000e-02 -7.114000000e-01
  -7.126000000e-01 1.429000000e-01 6.869000000e-01
  -5.465000000e-02 -9.874000000e-01 1.487000000e-01
 Node:         22
  0.1360E+03  0.1256E+03  0.4913E+03  0.0000E+00
  -2.22E-16
   1.388E-17
  -1.11E-16
  -1.388E-17
   1.006E-16
   1.11E-16
  1.500000000e-16
  -1.456000000e-16
  -2.264000000e-16
  3.432100000e-16
  -7.400000000e-17
  1.617900000e-16
  -2.144000000e-02 3.586000000e-01 9.332000000e-01
  2.280000000e-01 9.106000000e-01 -3.447000000e-01
  -9.734000000e-01 2.054000000e-01 -1.013000000e-01
 Node:         23
  0.1343E+03  0.1253E+03  0.5054E+03  0.0000E+00
   0.0
   2.082E-17
  -4.441E-16
   0.0
   1.314E-16
  -1.665E-16
  1.265000000e-18
  -1.147000000e-16
  -4.972000000e-16
  4.517900000e-16
  -2.035400000e-16
  2.129700000e-16
  9.970000000e-01 6.061000000e-02 4.746000000e-02
  6.644000000e-02 -3.661000000e-01 -9.282000000e-01
  3.888000000e-02 -9.286000000e-01 3.690000000e-01
 Node:         24
  0.1336E+03  0.1248E+03  0.5194E+03  0.0000E+00
  -2.22E-16
   1.214E-17
   0.0
   1.388E-17
   8.674E-19
  -1.665E-16
  6.779000000e-19
  -1.633000000e-16
  -2.259000000e-16
  2.026600000e-16
  -1.295100000e-16
  9.553700000e-17
  -5.504000000e-02 -9.984000000e-01 -9.747000000e-03
  2.257000000e-01 -2.195000000e-02 9.740000000e-01
  -9.726000000e-01 5.141000000e-02 2.265000000e-01
 Node:         25
  0.1400E+03  0.1206E+03  0.4917E+03  0.0000E+00
   0.0
   2.671E-16
  -1.11E-16
  -8.327E-17
  -1.301E-16
   2.22E-16
  3.681000000e-16
  7.580000000e-17
  -3.329000000e-16
  6.098700000e-16
  3.700000000e-17
  2.874900000e-16
  5.089000000e-01 4.781000000e-01 -7.159000000e-01
  6.086000000e-01 3.883000000e-01 6.920000000e-01
  6.088000000e-01 -7.878000000e-01 -9.334000000e-02
 Node:         26
  0.1363E+03  0.1200E+03  0.5055E+03  0.0000E+00
   2.22E-16
   1.076E-16
  -6.106E-16
   2.776E-17
  -1.124E-15
  -5.551E-17
  8.281000000e-16
  2.248000000e-16
  -1.497000000e-15
  2.089800000e-15
  -1.480300000e-16
  9.851500000e-16
  7.371000000e-02 6.174000000e-01 -7.832000000e-01
  9.955000000e-01 1.018000000e-03 9.449000000e-02
  -5.914000000e-02 7.866000000e-01 6.146000000e-01
 Node:         27
  0.1343E+03  0.1203E+03  0.5192E+03  0.0000E+00
   2.22E-16
  -1.943E-16
   2.22E-16
  -1.041E-16
   1.313E-15
   0.0
  1.466000000e-15
  1.875000000e-16
  -1.209000000e-15
  2.317400000e-15
  1.481700000e-16
  1.092400000e-15
  -1.693000000e-01 7.280000000e-01 6.643000000e-01
  9.848000000e-01 9.849000000e-02 1.431000000e-01
  3.876000000e-02 6.785000000e-01 -7.336000000e-01
 Node:         28
  0.1155E+03  0.1124E+03  0.4931E+03 -0.1326E-03
  -2.22E-16
   3.816E-17
   2.22E-16
  -5.551E-17
   5.551E-17
   1.11E-16
  2.455000000e-16
  1.014000000e-16
  -2.359000000e-16
  4.279500000e-16
  3.700000000e-17
  2.017400000e-16
  3.184000000e-02 9.284000000e-01 3.701000000e-01
  1.988000000e-01 3.571000000e-01 -9.127000000e-01
  9.795000000e-01 -1.026000000e-01 1.732000000e-01
 Node:         29
  0.1119E+03  0.1139E+03  0.5068E+03 -0.1326E-03
  -2.22E-16
  -2.082E-17
   0.0
   5.551E-17
   6.939E-18
  -3.331E-16
  1.944000000e-18
  -2.004000000e-16
  -3.566000000e-16
  3.113600000e-16
  -1.850200000e-16
  1.467800000e-16
  -9.118000000e-02 9.958000000e-01 5.517000000e-03
  -9.179000000e-01 -8.189000000e-02 -3.884000000e-01
  -3.863000000e-01 -4.048000000e-02 9.215000000e-01
 Node:         30
  0.1113E+03  0.1159E+03  0.5206E+03 -0.1326E-03
   2.22E-16
   1.249E-16
   2.22E-16
   0.0
  -2.776E-17
   1.11E-16
  3.486000000e-16
  1.238000000e-16
  8.277000000e-17
  2.478800000e-16
  1.850600000e-16
  1.168500000e-16
  -7.001000000e-01 -7.092000000e-01 8.287000000e-02
  -4.685000000e-01 3.686000000e-01 -8.029000000e-01
  -5.389000000e-01 6.009000000e-01 5.903000000e-01
 Node:         31
  0.1203E+03  0.1126E+03  0.4920E+03 -0.1326E-03
  -5.551E-17
   9.714E-17
  -1.11E-16
   2.776E-17
   4.163E-17
  -5.551E-17
  4.114000000e-17
  -7.661000000e-17
  -1.866000000e-16
  1.972700000e-16
  -7.402300000e-17
  9.299200000e-17
  -6.956000000e-01 -5.654000000e-01 -4.433000000e-01
  4.358000000e-01 1.585000000e-01 -8.860000000e-01
  5.712000000e-01 -8.095000000e-01 1.362000000e-01
 Node:         32
  0.1188E+03  0.1134E+03  0.5062E+03 -0.1326E-03
   2.22E-16
  -1.388E-17
  -1.11E-16
  -2.776E-17
   9.714E-17
  -5.551E-17
  2.266000000e-16
  1.331000000e-17
  -1.844000000e-16
  3.560200000e-16
  1.850300000e-17
  1.678300000e-16
  -9.894000000e-01 7.624000000e-02 1.236000000e-01
  1.445000000e-01 5.992000000e-01 7.875000000e-01
  1.402000000e-02 -7.970000000e-01 6.038000000e-01
 Node:         33
  0.1183E+03  0.1150E+03  0.5201E+03 -0.1326E-03
   1.11E-16
   5.551E-17
   0.0
   8.327E-17
   0.0
   0.0
  1.700000000e-16
  0.000000000e+00
  -5.893000000e-17
  2.058900000e-16
  3.702300000e-17
  9.705800000e-17
  -8.617000000e-01 -2.815000000e-01 -4.222000000e-01
  0.000000000e+00 -8.321000000e-01 5.547000000e-01
  -5.074000000e-01 4.780000000e-01 7.170000000e-01
 Node:         34
  0.1255E+03  0.1129E+03  0.4909E+03 -0.1326E-03
   0.0
   0.0
   0.0
   5.551E-17
   9.714E-17
   0.0
  1.119000000e-16
  3.387000000e-33
  -1.119000000e-16
  1.938200000e-16
  0.000000000e+00
  9.136600000e-17
  -3.508000000e-01 -6.139000000e-01 -7.071000000e-01
  8.682000000e-01 -4.961000000e-01 -4.855000000e-17
  -3.508000000e-01 -6.139000000e-01 7.071000000e-01
 Node:         35
  0.1260E+03  0.1135E+03  0.5054E+03 -0.1326E-03
   0.0
   1.11E-16
  -1.11E-16
   1.11E-16
   2.498E-16
  -1.11E-16
  2.410000000e-16
  -1.023000000e-16
  -3.608000000e-16
  5.229000000e-16
  -7.403300000e-17
  2.465000000e-16
  5.458000000e-01 5.925000000e-01 5.925000000e-01
  8.379000000e-01 -3.859000000e-01 -3.859000000e-01
  -4.975000000e-17 -7.071000000e-01 7.071000000e-01
 Node:         36
  0.1257E+03  0.1153E+03  0.5196E+03 -0.1326E-03
   0.0
  -5.551E-17
   0.0
  -5.551E-17
   8.327E-17
   0.0
  1.305000000e-16
  -4.723000000e-17
  -8.327000000e-17
  1.982200000e-16
  0.000000000e+00
  9.344300000e-17
  -5.155000000e-01 6.059000000e-01 6.059000000e-01
  8.569000000e-01 3.645000000e-01 3.645000000e-01
  -1.256000000e-16 7.071000000e-01 -7.071000000e-01
 Node:         37
  0.1132E+03  0.1210E+03  0.4959E+03 -0.1326E-03
  -2.22E-16
   1.388E-16
  -2.22E-16
  -8.327E-17
   1.804E-16
  -2.776E-16
  -4.482000000e-17
  -1.622000000e-16
  -5.146000000e-16
  4.234700000e-16
  -2.405400000e-16
  1.996300000e-16
  3.971000000e-01 7.887000000e-01 4.693000000e-01
  -7.874000000e-01 3.010000000e-02 6.157000000e-01
  4.715000000e-01 -6.140000000e-01 6.330000000e-01
 Node:         38
  0.1111E+03  0.1204E+03  0.5085E+03 -0.1326E-03
  -1.665E-16
   9.714E-17
   0.0
  -2.776E-17
  -8.327E-17
  -2.22E-16
  7.071000000e-17
  -2.091000000e-16
  -2.502000000e-16
  3.024600000e-16
  -1.295300000e-16
  1.425800000e-16
  -3.916000000e-01 -8.746000000e-01 2.859000000e-01
  9.154000000e-01 -3.389000000e-01 2.170000000e-01
  9.287000000e-02 -3.467000000e-01 -9.334000000e-01
 Node:         39
  0.1119E+03  0.1201E+03  0.5207E+03 -0.1326E-03
  -5.551E-17
  -9.714E-17
  -3.331E-16
  -8.327E-17
  -7.633E-17
  -1.11E-16
  8.934000000e-18
  -1.105000000e-16
  -3.981000000e-16
  3.623900000e-16
  -1.665600000e-16
  1.708300000e-16
  8.510000000e-01 -1.281000000e-01 -5.092000000e-01
  4.076000000e-01 -4.503000000e-01 7.944000000e-01
  -3.311000000e-01 -8.836000000e-01 -3.310000000e-01
 Node:         40
  0.1191E+03  0.1220E+03  0.4937E+03 -0.1326E-03
   0.0
   8.327E-17
  -2.22E-16
   8.327E-17
  -1.388E-17
  -2.22E-16
  4.872000000e-17
  -2.082000000e-16
  -2.846000000e-16
  3.024500000e-16
  -1.480300000e-16
  1.425700000e-16
  -9.240000000e-01 -2.703000000e-01 -2.703000000e-01
  0.000000000e+00 -7.071000000e-01 7.071000000e-01
  3.823000000e-01 -6.534000000e-01 -6.534000000e-01
 Node:         41
  0.1182E+03  0.1217E+03  0.5073E+03 -0.1326E-03
   0.0
  -2.776E-17
  -5.551E-17
   5.551E-17
   9.714E-17
   1.11E-16
  1.653000000e-16
  1.073000000e-17
  -1.206000000e-16
  2.478700000e-16
  1.847700000e-17
  1.168500000e-16
  2.406000000e-01 3.653000000e-01 8.993000000e-01
  -8.901000000e-01 4.526000000e-01 5.428000000e-02
  -3.871000000e-01 -8.135000000e-01 4.340000000e-01
 Node:         42
  0.1187E+03  0.1212E+03  0.5204E+03 -0.1326E-03
   0.0
  -5.551E-17
  -1.11E-16
   0.0
   5.551E-17
   1.11E-16
  1.256000000e-16
  1.887000000e-17
  -1.444000000e-16
  2.355300000e-16
  2.333300000e-20
  1.110300000e-16
  1.113000000e-01 -2.517000000e-01 -9.614000000e-01
  9.295000000e-01 -3.159000000e-01 1.903000000e-01
  -3.516000000e-01 -9.148000000e-01 1.988000000e-01
 Node:         43
  0.1258E+03  0.1217E+03  0.4915E+03 -0.1326E-03
   2.22E-16
   1.11E-16
   1.11E-16
  -1.388E-17
   0.0
  -5.551E-17
  2.911000000e-16
  4.294000000e-17
  -5.645000000e-17
  3.100400000e-16
  9.253000000e-17
  1.461600000e-16
  -8.507000000e-01 -5.246000000e-01 3.406000000e-02
  -5.213000000e-01 8.502000000e-01 7.348000000e-02
  6.751000000e-02 -4.475000000e-02 9.967000000e-01
 Node:         44
  0.1259E+03  0.1220E+03  0.5059E+03 -0.1326E-03
  -2.22E-16
   1.388E-16
  -2.22E-16
   9.714E-17
   1.11E-16
  -1.11E-16
  5.081000000e-17
  -2.445000000e-16
  -3.614000000e-16
  3.679600000e-16
  -1.850300000e-16
  1.734600000e-16
  -5.113000000e-01 -5.340000000e-01 -6.733000000e-01
  -5.198000000e-01 -4.318000000e-01 7.372000000e-01
  -6.844000000e-01 7.269000000e-01 -5.679000000e-02
 Node:         45
  0.1261E+03  0.1221E+03  0.5198E+03 -0.1326E-03
  -5.551E-17
  -8.327E-17
  -2.776E-16
   2.776E-17
  -6.939E-18
   1.11E-16
  1.167000000e-16
  -3.339000000e-17
  -3.053000000e-16
  3.705000000e-16
  -7.399700000e-17
  1.746600000e-16
  1.854000000e-01 -5.643000000e-02 9.810000000e-01
  9.302000000e-01 -3.117000000e-01 -1.938000000e-01
  -3.167000000e-01 -9.485000000e-01 5.308000000e-03
 Node:         46
  0.1117E+03  0.1296E+03  0.4959E+03  0.0000E+00
  -5.551E-17
   2.776E-17
  -1.665E-16
   6.939E-18
  -2.602E-17
   0.0
  4.101000000e-18
  -4.897000000e-17
  -1.772000000e-16
  1.614500000e-16
  -7.402300000e-17
  7.610600000e-17
  4.856000000e-02 -1.429000000e-01 9.886000000e-01
  9.724000000e-01 2.327000000e-01 -1.414000000e-02
  -2.280000000e-01 9.620000000e-01 1.502000000e-01
 Node:         47
  0.1107E+03  0.1269E+03  0.5087E+03  0.0000E+00
  -1.665E-16
  -3.123E-17
   1.11E-16
  -2.776E-17
   3.99E-17
   0.0
  1.289000000e-16
  -1.114000000e-17
  -1.732000000e-16
  2.618600000e-16
  -1.848000000e-17
  1.234400000e-16
  -1.292000000e-01 9.390000000e-01 3.186000000e-01
  -1.008000000e-01 -3.321000000e-01 9.379000000e-01
  -9.865000000e-01 -8.906000000e-02 -1.376000000e-01
 Node:         48
  0.1125E+03  0.1242E+03  0.5208E+03  0.0000E+00
   1.11E-16
   3.469E-18
   1.11E-16
   0.0
  -1.735E-18
   1.11E-16
  1.149000000e-16
  1.110000000e-16
  1.071000000e-16
  6.755000000e-18
  1.110000000e-16
  3.184300000e-18
  -6.325000000e-01 -7.071000000e-01 3.162000000e-01
  4.472000000e-01 -4.455000000e-15 8.944000000e-01
  -6.325000000e-01 7.071000000e-01 3.162000000e-01
 Node:         49
  0.1186E+03  0.1311E+03  0.4938E+03  0.0000E+00
  -1.665E-16
  -2.082E-17
   0.0
  -4.163E-17
  -6.072E-18
  -5.551E-17
  2.581000000e-18
  -4.165000000e-17
  -1.830000000e-16
  1.678900000e-16
  -7.402300000e-17
  7.914600000e-17
  1.174000000e-01 -9.929000000e-01 1.965000000e-02
  -3.135000000e-01 -1.827000000e-02 9.494000000e-01
  -9.423000000e-01 -1.176000000e-01 -3.134000000e-01
 Node:         50
  0.1180E+03  0.1298E+03  0.5075E+03  0.0000E+00
   0.0
  -1.301E-17
   3.331E-16
  -4.163E-17
   1.247E-17
   2.22E-16
  3.354000000e-16
  2.276000000e-16
  -7.879000000e-18
  3.040700000e-16
  1.850400000e-16
  1.433400000e-16
  5.441000000e-02 -9.902000000e-01 -1.289000000e-01
  -1.707000000e-01 -1.364000000e-01 9.758000000e-01
  9.838000000e-01 3.109000000e-02 1.765000000e-01
 Node:         51
  0.1192E+03  0.1275E+03  0.5206E+03  0.0000E+00
   0.0
  -3.469E-18
  -5.551E-17
   0.0
   1.475E-17
   1.11E-16
  1.123000000e-16
  2.087000000e-19
  -5.702000000e-17
  1.491800000e-16
  1.849600000e-17
  7.032400000e-17
  -2.705000000e-03 8.758000000e-02 9.962000000e-01
  9.982000000e-01 -6.004000000e-02 7.989000000e-03
  -6.051000000e-02 -9.943000000e-01 8.725000000e-02
 Node:         52
  0.1262E+03  0.1305E+03  0.4920E+03  0.0000E+00
   1.11E-16
  -1.388E-17
   1.11E-16
   1.301E-18
   4.906E-18
   0.0
  1.250000000e-16
  9.734000000e-17
  -2.497000000e-19
  1.139700000e-16
  7.403000000e-17
  5.372400000e-17
  -7.047000000e-01 7.092000000e-01 2.051000000e-02
  7.093000000e-01 7.034000000e-01 4.493000000e-02
  -1.744000000e-02 -4.621000000e-02 9.988000000e-01
 Node:         53
  0.1258E+03  0.1304E+03  0.5063E+03  0.0000E+00
  -1.665E-16
  -1.735E-18
  -1.11E-16
   2.776E-17
   3.383E-17
  -2.22E-16
  -1.010000000e-16
  -1.572000000e-16
  -2.414000000e-16
  1.223900000e-16
  -1.665300000e-16
  5.769700000e-17
  9.684000000e-02 9.526000000e-01 2.883000000e-01
  -9.346000000e-01 1.866000000e-01 -3.027000000e-01
  -3.422000000e-01 -2.402000000e-01 9.084000000e-01
 Node:         54
  0.1265E+03  0.1288E+03  0.5200E+03  0.0000E+00
  -2.22E-16
   2.082E-17
   1.11E-16
   0.0
  -4.337E-18
   1.11E-16
  1.160000000e-16
  1.073000000e-16
  -2.233000000e-16
  3.350300000e-16
  0.000000000e+00
  1.579400000e-16
  -4.656000000e-02 -7.562000000e-01 6.527000000e-01
  -4.117000000e-02 -6.514000000e-01 -7.576000000e-01
  -9.981000000e-01 6.215000000e-02 8.061000000e-04
 Node:         55
  0.1382E+03  0.1167E+03  0.4531E+03  0.2360E-02
  -0.003944
  -0.003322
   0.006424
  -4.499E-4
   0.004947
  -0.003748
  9.235000000e-03
  -4.297000000e-03
  -6.207000000e-03
  1.458100000e-02
  -4.230000000e-04
  6.873600000e-03
  -2.400000000e-01 9.044000000e-01 3.529000000e-01
  8.480000000e-01 1.836000000e-02 5.296000000e-01
  4.725000000e-01 4.264000000e-01 -7.713000000e-01
 Node:         56
  0.1314E+03  0.1156E+03  0.4685E+03  0.2360E-02
  -0.002521
  -0.002348
   0.004077
  -2.712E-4
   0.001791
  -0.003116
  5.212000000e-03
  -3.083000000e-03
  -3.688000000e-03
  8.613500000e-03
  -5.196700000e-04
  4.060400000e-03
  -2.908000000e-01 9.334000000e-01 2.102000000e-01
  8.278000000e-01 1.352000000e-01 5.444000000e-01
  4.797000000e-01 3.323000000e-01 -8.120000000e-01
 Node:         57
  0.1285E+03  0.1140E+03  0.4823E+03  0.2360E-02
  -1.827E-4
  -2.602E-4
   5.583E-4
  -2.976E-5
   3.849E-5
  -2.508E-4
  6.429000000e-04
  -2.413000000e-04
  -2.768000000e-04
  9.024700000e-04
  4.160000000e-05
  4.254300000e-04
  3.019000000e-01 -9.520000000e-01 -5.105000000e-02
  -5.382000000e-01 -2.144000000e-01 8.151000000e-01
  7.869000000e-01 2.186000000e-01 5.771000000e-01
 Node:         58
  0.1480E+03  0.1174E+03  0.4537E+03  0.2360E-02
  -0.004437
  -0.005246
   0.01174
  -9.138E-4
   0.003605
  -0.01288
  1.381000000e-02
  -5.987000000e-03
  -1.340000000e-02
  2.436500000e-02
  -1.859000000e-03
  1.148600000e-02
  -2.801000000e-01 9.500000000e-01 1.379000000e-01
  9.598000000e-01 2.801000000e-01 1.929000000e-02
  -2.031000000e-02 1.378000000e-01 -9.903000000e-01
 Node:         59
  0.1416E+03  0.1164E+03  0.4695E+03  0.2360E-02
   1.787E-4
  -0.006265
   0.009255
  -0.003428
   0.004014
  -0.004691
  1.388000000e-02
  -2.623000000e-03
  -6.513000000e-03
  1.875300000e-02
  1.581300000e-03
  8.840300000e-03
  4.553000000e-01 -8.492000000e-01 -2.676000000e-01
  7.961000000e-01 5.228000000e-01 -3.048000000e-01
  3.987000000e-01 -7.428000000e-02 9.140000000e-01
 Node:         60
  0.1375E+03  0.1150E+03  0.4832E+03  0.2360E-02
   0.001453
  -0.002263
   0.002416
  -0.001437
   0.001192
   3.583E-4
  4.979000000e-03
  -3.420000000e-05
  -7.163000000e-04
  5.386700000e-03
  1.409500000e-03
  2.539300000e-03
  -6.041000000e-01 7.058000000e-01 3.701000000e-01
  -3.667000000e-01 -6.585000000e-01 6.572000000e-01
  7.075000000e-01 2.613000000e-01 6.566000000e-01
 Node:         61
  0.1550E+03  0.1214E+03  0.4543E+03  0.2360E-02
   0.002799
  -0.004725
   0.002352
  -9.38E-4
   4.147E-4
  -0.01341
  7.350000000e-03
  -2.144000000e-03
  -1.347000000e-02
  1.805400000e-02
  -2.754700000e-03
  8.510700000e-03
  7.240000000e-01 -6.882000000e-01 -4.645000000e-02
  6.876000000e-01 7.254000000e-01 -3.054000000e-02
  5.471000000e-02 -9.831000000e-03 9.985000000e-01
 Node:         62
  0.1490E+03  0.1199E+03  0.4703E+03  0.2360E-02
   0.008357
  -0.01062
   0.007118
  -0.0046
   0.003661
  -0.003208
  1.986000000e-02
  -2.779000000e-03
  -4.816000000e-03
  2.372300000e-02
  4.088300000e-03
  1.118300000e-02
  -7.087000000e-01 6.612000000e-01 2.463000000e-01
  6.187000000e-01 7.501000000e-01 -2.334000000e-01
  3.391000000e-01 1.307000000e-02 9.407000000e-01
 Node:         63
  0.1436E+03  0.1181E+03  0.4839E+03  0.2360E-02
   0.002947
  -0.004408
   0.004766
  -0.001353
   0.0021
   3.352E-4
  9.064000000e-03
  -2.080000000e-04
  -8.082000000e-04
  9.586200000e-03
  2.682600000e-03
  4.519000000e-03
  -6.014000000e-01 7.506000000e-01 2.738000000e-01
  -5.543000000e-01 -1.451000000e-01 -8.196000000e-01
  -5.754000000e-01 -6.447000000e-01 5.033000000e-01
 Node:         64
  0.1412E+03  0.1253E+03  0.4529E+03  0.2360E-02
  -0.009258
  -0.001671
   0.01089
  -0.001421
   0.001146
  -0.005752
  1.112000000e-02
  -5.409000000e-03
  -9.832000000e-03
  1.912800000e-02
  -1.373700000e-03
  9.017000000e-03
  8.667000000e-02 -9.934000000e-01 -7.477000000e-02
  -3.070000000e-01 -9.803000000e-02 9.467000000e-01
  -9.478000000e-01 -5.909000000e-02 -3.135000000e-01
 Node:         65
  0.1340E+03  0.1229E+03  0.4685E+03  0.2360E-02
  -0.002255
  -0.00422
   0.008329
  -0.001672
   8.309E-4
  -0.003671
  9.938000000e-03
  -2.470000000e-03
  -5.066000000e-03
  1.388900000e-02
  8.006700000e-04
  6.547400000e-03
  3.375000000e-01 -9.361000000e-01 -9.863000000e-02
  -6.513000000e-01 -3.079000000e-01 6.936000000e-01
  6.797000000e-01 1.699000000e-01 7.136000000e-01
 Node:         66
  0.1299E+03  0.1214E+03  0.4825E+03  0.2360E-02
   0.001094
  -0.001453
   0.001972
  -3.62E-4
   2.967E-4
  -2.53E-4
  3.112000000e-03
  4.980000000e-05
  -3.492000000e-04
  3.280000000e-03
  9.375300000e-04
  1.546200000e-03
  -5.946000000e-01 7.928000000e-01 1.339000000e-01
  7.406000000e-01 6.049000000e-01 -2.926000000e-01
  3.130000000e-01 7.487000000e-02 9.468000000e-01
 Node:         67
  0.1497E+03  0.1241E+03  0.4536E+03  0.2360E-02
  -0.007148
  -0.004009
   0.009717
  -0.001223
   0.00116
  -0.01184
  1.071000000e-02
  -7.838000000e-03
  -1.214000000e-02
  2.103200000e-02
  -3.089300000e-03
  9.914400000e-03
  -2.227000000e-01 9.729000000e-01 6.214000000e-02
  9.471000000e-01 2.310000000e-01 -2.226000000e-01
  2.309000000e-01 -9.289000000e-03 9.729000000e-01
 Node:         68
  0.1431E+03  0.1222E+03  0.4694E+03  0.2360E-02
   0.002601
  -0.007843
   0.009383
  -0.004227
   0.002268
  -0.006336
  1.537000000e-02
  -1.648000000e-03
  -8.071000000e-03
  2.098000000e-02
  1.883700000e-03
  9.890200000e-03
  5.593000000e-01 -8.062000000e-01 -1.932000000e-01
  -7.213000000e-01 -5.881000000e-01 3.660000000e-01
  -4.086000000e-01 -6.535000000e-02 -9.104000000e-01
 Node:         69
  0.1379E+03  0.1205E+03  0.4831E+03  0.2360E-02
   0.002829
  -0.002943
   0.002873
  -0.001612
   0.001153
  -4.185E-5
  6.389000000e-03
  5.366000000e-05
  -7.821000000e-04
  6.791900000e-03
  1.886900000e-03
  3.201700000e-03
  -6.844000000e-01 6.684000000e-01 2.914000000e-01
  5.494000000e-01 7.355000000e-01 -3.966000000e-01
  4.794000000e-01 1.114000000e-01 8.705000000e-01
 Node:         70
  0.1553E+03  0.1235E+03  0.4542E+03  0.2360E-02
  -0.003922
  -0.005061
   0.002926
  -0.004047
   0.002969
  -0.01112
  6.777000000e-03
  -5.925000000e-03
  -1.297000000e-02
  1.733400000e-02
  -4.039300000e-03
  8.171200000e-03
  -4.896000000e-01 8.356000000e-01 2.493000000e-01
  -7.826000000e-01 -5.471000000e-01 2.969000000e-01
  -3.845000000e-01 4.975000000e-02 -9.218000000e-01
 Node:         71
  0.1492E+03  0.1218E+03  0.4702E+03  0.2360E-02
   0.007892
  -0.008538
   0.006296
  -0.008959
   0.004828
  -0.003705
  1.986000000e-02
  -7.940000000e-04
  -8.581000000e-03
  2.545700000e-02
  3.495000000e-03
  1.200100000e-02
  -7.102000000e-01 5.860000000e-01 3.901000000e-01
  5.228000000e-01 8.102000000e-01 -2.652000000e-01
  4.715000000e-01 -1.560000000e-02 8.817000000e-01
 Node:         72
  0.1435E+03  0.1199E+03  0.4838E+03  0.2360E-02
   0.004977
  -0.003674
   0.00242
  -0.003208
   0.001744
   6.593E-4
  9.142000000e-03
  -1.180000000e-05
  -1.074000000e-03
  9.728500000e-03
  2.685400000e-03
  4.586100000e-03
  -7.598000000e-01 5.174000000e-01 3.938000000e-01
  3.809000000e-01 8.450000000e-01 -3.754000000e-01
  -5.269000000e-01 -1.352000000e-01 -8.391000000e-01
 Node:         73
  0.1442E+03  0.1339E+03  0.4528E+03  0.0000E+00
   0.00698
  -8.534E-4
  -0.008472
  -6.109E-4
   3.565E-4
   0.004247
  7.163000000e-03
  4.119000000e-03
  -8.527000000e-03
  1.441100000e-02
  9.183300000e-04
  6.793500000e-03
  9.757000000e-01 -5.807000000e-02 -2.115000000e-01
  2.126000000e-01 1.325000000e-02 9.771000000e-01
  5.394000000e-02 9.982000000e-01 -2.528000000e-02
 Node:         74
  0.1365E+03  0.1303E+03  0.4685E+03  0.0000E+00
   0.01326
   0.002284
  -0.00282
   9.055E-4
   5.018E-4
   0.004737
  1.368000000e-02
  4.650000000e-03
  -3.156000000e-03
  1.459300000e-02
  5.058000000e-03
  6.879300000e-03
  -9.844000000e-01 -1.395000000e-01 -1.075000000e-01
  -1.130000000e-01 3.216000000e-02 9.931000000e-01
  -1.351000000e-01 9.897000000e-01 -4.742000000e-02
 Node:         75
  0.1313E+03  0.1288E+03  0.4826E+03  0.0000E+00
   0.005574
   9.365E-4
  -4.598E-5
   4.599E-5
   2.329E-5
   4.755E-4
  5.726000000e-03
  4.754000000e-04
  -1.983000000e-04
  5.617800000e-03
  2.001000000e-03
  2.648300000e-03
  -9.870000000e-01 -1.602000000e-01 -9.356000000e-03
  -1.295000000e-02 2.139000000e-02 9.997000000e-01
  -1.599000000e-01 9.869000000e-01 -2.319000000e-02
 Node:         76
  0.1515E+03  0.1308E+03  0.4535E+03  0.0000E+00
   0.005839
  -0.00171
  -0.01014
  -0.001274
   0.001391
   0.004805
  6.978000000e-03
  3.950000000e-03
  -1.043000000e-02
  1.610900000e-02
  1.660000000e-04
  7.593800000e-03
  8.181000000e-01 -1.273000000e-01 -5.609000000e-01
  -5.668000000e-01 -1.253000000e-02 -8.238000000e-01
  -9.783000000e-02 -9.918000000e-01 8.239000000e-02
 Node:         77
  0.1445E+03  0.1280E+03  0.4693E+03  0.0000E+00
   0.01685
   0.002937
  -0.003692
   5.924E-4
   0.001577
   0.003497
  1.731000000e-02
  3.729000000e-03
  -4.382000000e-03
  1.898400000e-02
  5.552300000e-03
  8.949100000e-03
  -9.880000000e-01 -1.426000000e-01 -5.865000000e-02
  -8.354000000e-02 1.754000000e-01 9.809000000e-01
  -1.296000000e-01 9.741000000e-01 -1.852000000e-01
 Node:         78
  0.1384E+03  0.1261E+03  0.4830E+03  0.0000E+00
   0.007299
   0.001812
   7.132E-5
   2.218E-4
   2.069E-4
   3.054E-4
  7.737000000e-03
  3.290000000e-04
  -3.902000000e-04
  7.792500000e-03
  2.558600000e-03
  3.673400000e-03
  -9.724000000e-01 -2.307000000e-01 -3.544000000e-02
  -8.305000000e-02 2.000000000e-01 9.763000000e-01
  -2.182000000e-01 9.522000000e-01 -2.137000000e-01
 Node:         79
  0.1555E+03  0.1256E+03  0.4542E+03  0.0000E+00
   0.003942
   0.001574
  -0.01096
  -0.002122
   3.854E-4
  -0.01363
  4.345000000e-03
  -1.100000000e-02
  -1.399000000e-02
  1.703800000e-02
  -6.881700000e-03
  8.031800000e-03
  9.885000000e-01 9.874000000e-02 -1.146000000e-01
  7.398000000e-02 -9.764000000e-01 -2.031000000e-01
  -1.319000000e-01 1.923000000e-01 -9.724000000e-01
 Node:         80
  0.1493E+03  0.1237E+03  0.4702E+03  0.0000E+00
   0.01949
   0.003365
  -0.007064
   0.002098
   7.17E-4
  -0.00946
  2.007000000e-02
  -7.393000000e-03
  -9.711000000e-03
  2.869200000e-02
  9.886700000e-04
  1.352600000e-02
  -9.895000000e-01 -1.247000000e-01 -7.332000000e-02
  -1.369000000e-01 9.707000000e-01 1.977000000e-01
  -4.653000000e-02 -2.056000000e-01 9.775000000e-01
 Node:         81
  0.1433E+03  0.1217E+03  0.4837E+03  0.0000E+00
   0.00847
   0.00186
  -6.105E-4
   0.001773
   5.303E-4
  -6.03E-4
  9.183000000e-03
  -7.881000000e-04
  -1.139000000e-03
  1.015100000e-02
  2.418600000e-03
  4.785300000e-03
  -9.636000000e-01 -1.930000000e-01 -1.851000000e-01
  -2.666000000e-01 6.399000000e-01 7.207000000e-01
  2.070000000e-02 -7.438000000e-01 6.681000000e-01
 Node:         82
  0.1267E+03  0.1148E+03  0.4561E+03  0.1566E-02
   0.001573
  -0.002811
   6.205E-4
  -4.384E-4
   0.0012
  -0.001158
  4.181000000e-03
  -9.255000000e-04
  -2.220000000e-03
  5.861900000e-03
  3.451700000e-04
  2.763300000e-03
  -7.331000000e-01 6.482000000e-01 2.059000000e-01
  5.218000000e-01 3.418000000e-01 7.816000000e-01
  -4.362000000e-01 -6.805000000e-01 5.888000000e-01
 Node:         83
  0.1234E+03  0.1129E+03  0.4718E+03  0.1566E-02
  -0.001522
  -0.001629
  -1.252E-4
   7.779E-4
   7.795E-4
  -0.001335
  9.738000000e-04
  -7.384000000e-04
  -3.218000000e-03
  3.650400000e-03
  -9.942000000e-04
  1.720800000e-03
  -5.186000000e-01 8.477000000e-01 1.115000000e-01
  -4.790000000e-01 -1.800000000e-01 -8.592000000e-01
  7.083000000e-01 4.990000000e-01 -4.994000000e-01
 Node:         84
  0.1187E+03  0.1123E+03  0.4849E+03  0.1566E-02
  -2.664E-4
  -8.994E-5
  -3.547E-5
   4.612E-4
  -1.808E-5
  -9.837E-4
  5.086000000e-05
  -1.267000000e-04
  -1.210000000e-03
  1.182100000e-03
  -4.286100000e-04
  5.572600000e-04
  -6.306000000e-01 7.184000000e-01 -2.937000000e-01
  6.389000000e-01 6.953000000e-01 3.292000000e-01
  4.407000000e-01 1.993000000e-02 -8.975000000e-01
 Node:         85
  0.1302E+03  0.1161E+03  0.4549E+03  0.1566E-02
   0.001345
  -0.003067
   0.001145
  -2.976E-4
   0.00175
  -0.001466
  4.657000000e-03
  -7.947000000e-04
  -2.839000000e-03
  6.711600000e-03
  3.411000000e-04
  3.163900000e-03
  -6.718000000e-01 7.030000000e-01 2.335000000e-01
  6.257000000e-01 3.698000000e-01 6.869000000e-01
  3.965000000e-01 6.076000000e-01 -6.883000000e-01
 Node:         86
  0.1252E+03  0.1138E+03  0.4702E+03  0.1566E-02
  -0.004218
  -6.553E-4
   0.007821
   8.568E-4
   0.002868
  -0.001247
  8.664000000e-03
  -1.682000000e-03
  -4.626000000e-03
  1.209000000e-02
  7.853300000e-04
  5.699200000e-03
  -3.056000000e-02 9.608000000e-01 2.754000000e-01
  -3.665000000e-01 2.456000000e-01 -8.974000000e-01
  9.299000000e-01 1.284000000e-01 -3.447000000e-01
 Node:         87
  0.1217E+03  0.1126E+03  0.4833E+03  0.1566E-02
  -3.258E-4
  -9.71E-5
   9.556E-5
   4.239E-4
  -8.978E-5
  -6.976E-4
  1.727000000e-04
  -1.255000000e-04
  -9.750000000e-04
  1.031500000e-03
  -3.092700000e-04
  4.862300000e-04
  -4.155000000e-01 8.617000000e-01 -2.913000000e-01
  7.287000000e-01 5.070000000e-01 4.604000000e-01
  5.444000000e-01 -2.095000000e-02 -8.386000000e-01
 Node:         88
  0.1338E+03  0.1169E+03  0.4532E+03  0.1566E-02
  -0.002773
  -0.003711
   0.001855
  -3.06E-4
   0.003572
   0.001838
  6.377000000e-03
  -2.581000000e-04
  -5.199000000e-03
  1.006100000e-02
  3.066300000e-04
  4.742700000e-03
  -3.179000000e-01 7.345000000e-01 5.995000000e-01
  5.041000000e-01 -4.046000000e-01 7.630000000e-01
  8.030000000e-01 5.448000000e-01 -2.417000000e-01
 Node:         89
  0.1270E+03  0.1150E+03  0.4685E+03  0.1566E-02
  -0.002075
  -0.001745
   0.001051
   1.239E-4
   0.001085
  -3.75E-4
  2.184000000e-03
  -6.012000000e-04
  -2.982000000e-03
  4.478500000e-03
  -4.664000000e-04
  2.111200000e-03
  -3.461000000e-01 8.697000000e-01 3.519000000e-01
  3.479000000e-01 -2.293000000e-01 9.090000000e-01
  -8.713000000e-01 -4.370000000e-01 2.233000000e-01
 Node:         90
  0.1248E+03  0.1132E+03  0.4822E+03  0.1566E-02
  -3.622E-4
   3.797E-5
   2.148E-5
   1.362E-4
  -7.883E-5
  -1.411E-4
  5.420000000e-05
  -9.862000000e-05
  -4.374000000e-04
  4.357700000e-04
  -1.606100000e-04
  2.054300000e-04
  4.839000000e-02 -9.141000000e-01 4.027000000e-01
  4.675000000e-01 3.770000000e-01 7.996000000e-01
  -8.826000000e-01 1.496000000e-01 4.456000000e-01
 Node:         91
  0.1258E+03  0.1261E+03  0.4549E+03  0.1566E-02
  -0.008398
  -0.002408
   0.008719
  -0.001992
   0.002416
  -0.001776
  9.679000000e-03
  -2.016000000e-03
  -9.119000000e-03
  1.644100000e-02
  -4.853300000e-04
  7.750200000e-03
  -1.533000000e-01 9.612000000e-01 2.294000000e-01
  -1.981000000e-01 -2.573000000e-01 9.458000000e-01
  9.681000000e-01 9.957000000e-02 2.298000000e-01
 Node:         92
  0.1209E+03  0.1233E+03  0.4726E+03  0.1566E-02
  -0.002061
  -0.002598
   0.002334
  -0.001923
   0.001624
   9.169E-4
  4.896000000e-03
  -1.392000000e-04
  -3.566000000e-03
  7.372300000e-03
  3.969300000e-04
  3.475300000e-03
  -4.211000000e-01 7.502000000e-01 5.097000000e-01
  -3.816000000e-02 -5.761000000e-01 8.165000000e-01
  9.062000000e-01 3.243000000e-01 2.712000000e-01
 Node:         93
  0.1159E+03  0.1217E+03  0.4877E+03  0.1566E-02
   4.222E-4
  -1.323E-4
  -3.979E-6
  -7.276E-4
  -4.357E-5
   5.51E-4
  1.220000000e-03
  4.844000000e-05
  -2.989000000e-04
  1.378500000e-03
  3.231800000e-04
  6.498100000e-04
  -6.775000000e-01 4.712000000e-02 7.340000000e-01
  2.635000000e-01 -9.162000000e-01 3.020000000e-01
  6.868000000e-01 3.980000000e-01 6.083000000e-01
 Node:         94
  0.1313E+03  0.1263E+03  0.4540E+03  0.1566E-02
  -0.01045
  -0.002469
   0.009989
  -0.002379
   0.001768
  -0.001353
  1.064000000e-02
  -1.226000000e-03
  -1.122000000e-02
  1.895400000e-02
  -6.020000000e-04
  8.935200000e-03
  -1.336000000e-01 9.763000000e-01 1.705000000e-01
  -1.958000000e-01 -1.947000000e-01 9.611000000e-01
  -9.715000000e-01 -9.498000000e-02 -2.172000000e-01
 Node:         95
