 Group name: actual_strain_L5A1
 #Fields=  16
 1) coordinates, coordinate, rectangular cartesian, #Components=3
   x.  Value index= 1, #Derivatives=0
   y.  Value index= 2, #Derivatives=0
   z.  Value index= 3, #Derivatives=0
 2) Tensor_1, field, rectangular cartesian, #Components=1
   Tensor_1.  Value index= 4, #Derivatives=0
 3) Tensor_2, field, rectangular cartesian, #Components=1
   Tensor_2.  Value index= 5, #Derivatives=0
 4) Tensor_3, field, rectangular cartesian, #Components=1
   Tensor_3.  Value index= 6, #Derivatives=0
 5) Tensor_4, field, rectangular cartesian, #Components=1
   Tensor_4.  Value index= 7, #Derivatives=0
 6) Tensor_5, field, rectangular cartesian, #Components=1
   Tensor_5.  Value index= 8, #Derivatives=0
 7) Tensor_6, field, rectangular cartesian, #Components=1
   Tensor_6.  Value index= 9, #Derivatives=0
 8) Principal_1, field, rectangular cartesian, #Components=1
   Principal_1.  Value index= 10, #Derivatives=0
 9) Principal_2, field, rectangular cartesian, #Components=1
   Principal_2.  Value index= 11, #Derivatives=0
 10) Principal_3, field, rectangular cartesian, #Components=1
   Principal_3.  Value index= 12, #Derivatives=0
 11) VonMises, field, rectangular cartesian, #Components=1
   VonMises.  Value index= 13, #Derivatives=0
 12) Hydrostatic, field, rectangular cartesian, #Components=1
   VonMises.  Value index= 14, #Derivatives=0
 13) Octahedral, field, rectangular cartesian, #Components=1
   VonMises.  Value index= 15, #Derivatives=0
 14) PrincipalVector1, field, rectangular cartesian, #Components=3
   x.  Value index= 16, #Derivatives=0
   y.  Value index= 17, #Derivatives=0
   z.  Value index= 18, #Derivatives=0
 15) PrincipalVector2, field, rectangular cartesian, #Components=3
   x.  Value index= 19, #Derivatives=0
   y.  Value index= 20, #Derivatives=0
   z.  Value index= 21, #Derivatives=0
 16) PrincipalVector3, field, rectangular cartesian, #Components=3
   x.  Value index= 22, #Derivatives=0
   y.  Value index= 23, #Derivatives=0
   z.  Value index= 24, #Derivatives=0
 Node:          1
  0.1287E+03  0.1133E+03  0.4908E+03 -0.3432E-04
  -1.11E-16
  -8.327E-17
  -2.22E-16
  -2.776E-17
  -4.163E-17
  -3.331E-16
  -6.637000000e-17
  -2.400000000e-16
  -3.598000000e-16
  2.555400000e-16
  -2.220600000e-16
  1.204600000e-16
  8.837000000e-01 -4.676000000e-01 -1.897000000e-02
  4.046000000e-01 7.837000000e-01 -4.712000000e-01
  2.352000000e-01 4.088000000e-01 8.818000000e-01
 Node:          2
  0.1292E+03  0.1137E+03  0.5052E+03 -0.3432E-04
  -5.551E-17
  -1.11E-16
  -1.665E-16
  -5.551E-17
   1.943E-16
  -2.776E-16
  8.603000000e-17
  -1.600000000e-16
  -4.256000000e-16
  4.431900000e-16
  -1.665200000e-16
  2.089200000e-16
  -6.554000000e-01 6.199000000e-01 4.313000000e-01
  7.522000000e-01 4.849000000e-01 4.462000000e-01
  -6.744000000e-02 -6.169000000e-01 7.841000000e-01
 Node:          3
  0.1289E+03  0.1155E+03  0.5194E+03 -0.3432E-04
   2.22E-16
   1.388E-16
   3.331E-16
   1.11E-16
   5.551E-17
   2.22E-16
  4.753000000e-16
  2.118000000e-16
  9.006000000e-17
  3.410700000e-16
  2.590500000e-16
  1.607800000e-16
  -5.696000000e-01 -7.144000000e-01 -4.063000000e-01
  2.395000000e-01 -6.172000000e-01 7.494000000e-01
  -7.862000000e-01 3.296000000e-01 5.227000000e-01
 Node:          4
  0.1361E+03  0.1141E+03  0.4915E+03 -0.3432E-04
   0.0
  -2.776E-17
  -1.11E-16
  -2.776E-17
  -8.327E-17
   2.22E-16
  2.435000000e-16
  6.328000000e-18
  -1.388000000e-16
  3.342600000e-16
  3.700900000e-17
  1.575700000e-16
  -8.549000000e-02 -2.215000000e-01 9.714000000e-01
  9.681000000e-01 -2.491000000e-01 2.840000000e-02
  2.357000000e-01 9.428000000e-01 2.357000000e-01
 Node:          5
  0.1341E+03  0.1144E+03  0.5054E+03 -0.3432E-04
   3.331E-16
   1.388E-16
   3.331E-16
   5.551E-17
  -6.939E-17
   4.441E-16
  4.814000000e-16
  4.627000000e-16
  1.662000000e-16
  3.062800000e-16
  3.701000000e-16
  1.443800000e-16
  -3.480000000e-01 -6.443000000e-01 6.810000000e-01
  -6.589000000e-01 -3.487000000e-01 -6.665000000e-01
  6.669000000e-01 -6.807000000e-01 -3.032000000e-01
 Node:          6
  0.1323E+03  0.1162E+03  0.5191E+03 -0.3432E-04
   2.22E-16
   5.551E-17
   2.22E-16
  -5.551E-17
  -2.776E-17
   0.0
  2.897000000e-16
  1.685000000e-16
  -1.402000000e-17
  2.648100000e-16
  1.480600000e-16
  1.248300000e-16
  -7.150000000e-01 -6.696000000e-01 2.012000000e-01
  6.656000000e-01 -7.399000000e-01 -9.741000000e-02
  -2.141000000e-01 -6.426000000e-02 -9.747000000e-01
 Node:          7
  0.1408E+03  0.1171E+03  0.4920E+03 -0.3432E-04
   3.331E-16
   2.22E-16
   2.22E-16
  -8.327E-17
  -1.11E-16
   0.0
  5.398000000e-16
  6.158000000e-17
  -4.631000000e-17
  5.403100000e-16
  1.850200000e-16
  2.547000000e-16
  -7.537000000e-01 -6.111000000e-01 2.419000000e-01
  -6.560000000e-01 6.770000000e-01 -3.335000000e-01
  -4.004000000e-02 4.101000000e-01 9.112000000e-01
 Node:          8
  0.1367E+03  0.1169E+03  0.5055E+03 -0.3432E-04
   2.22E-16
   1.943E-16
   2.22E-16
  -4.025E-16
  -2.359E-16
  -2.22E-16
  6.547000000e-16
  4.477000000e-17
  -4.775000000e-16
  9.814900000e-16
  7.399000000e-17
  4.626800000e-16
  -6.847000000e-01 -5.611000000e-01 4.652000000e-01
  5.685000000e-01 -8.105000000e-01 -1.409000000e-01
  -4.561000000e-01 -1.681000000e-01 -8.739000000e-01
 Node:          9
  0.1339E+03  0.1180E+03  0.5191E+03 -0.3432E-04
   2.22E-16
   1.665E-16
   0.0
  -3.955E-16
  -2.776E-16
   6.661E-16
  1.002000000e-15
  -9.379000000e-18
  -1.046000000e-16
  1.062200000e-15
  2.960100000e-16
  5.007200000e-16
  -4.817000000e-01 -3.073000000e-01 8.207000000e-01
  -8.565000000e-01 -3.292000000e-02 -5.150000000e-01
  -1.853000000e-01 9.510000000e-01 2.474000000e-01
 Node:         10
  0.1294E+03  0.1212E+03  0.4911E+03 -0.3432E-04
   0.0
   2.776E-17
   1.11E-16
  -1.388E-17
   1.249E-16
   1.11E-16
  2.363000000e-16
  2.303000000e-17
  -3.732000000e-17
  2.489900000e-16
  7.400300000e-17
  1.173800000e-16
  4.210000000e-02 7.100000000e-01 7.030000000e-01
  -7.813000000e-01 -4.152000000e-01 4.661000000e-01
  -6.228000000e-01 5.688000000e-01 -5.372000000e-01
 Node:         11
  0.1295E+03  0.1214E+03  0.5055E+03 -0.3432E-04
  -2.22E-16
  -2.776E-17
  -2.22E-16
  -4.163E-17
   1.388E-17
  -1.665E-16
  -1.365000000e-16
  -2.183000000e-16
  -2.558000000e-16
  1.056600000e-16
  -2.035300000e-16
  4.981100000e-17
  -4.935000000e-01 2.929000000e-01 8.189000000e-01
  3.541000000e-01 -7.924000000e-01 4.968000000e-01
  -7.944000000e-01 -5.351000000e-01 -2.873000000e-01
 Node:         12
  0.1295E+03  0.1217E+03  0.5196E+03 -0.3432E-04
   1.11E-16
   0.0
   1.11E-16
   7.633E-17
   2.776E-17
   2.22E-16
  2.649000000e-16
  1.110000000e-16
  6.816000000e-17
  1.792000000e-16
  1.480200000e-16
  8.447700000e-17
  -4.387000000e-01 -1.595000000e-01 -8.844000000e-01
  3.417000000e-01 -9.398000000e-01 -2.255000000e-17
  8.311000000e-01 3.022000000e-01 -4.668000000e-01
 Node:         13
  0.1361E+03  0.1199E+03  0.4914E+03 -0.3432E-04
   1.11E-16
  -1.388E-16
   0.0
  -9.714E-17
   2.776E-17
  -1.665E-16
  2.285000000e-16
  -8.520000000e-17
  -1.988000000e-16
  3.833400000e-16
  -1.850000000e-17
  1.807100000e-16
  8.171000000e-01 -5.252000000e-01 -2.378000000e-01
  4.648000000e-01 8.442000000e-01 -2.671000000e-01
  3.410000000e-01 1.077000000e-01 9.339000000e-01
 Node:         14
  0.1342E+03  0.1198E+03  0.5054E+03 -0.3432E-04
  -5.551E-17
   2.776E-17
   0.0
   5.551E-17
  -9.021E-17
   1.11E-16
  1.672000000e-16
  -4.940000000e-18
  -1.068000000e-16
  2.398800000e-16
  1.848700000e-17
  1.130800000e-16
  1.634000000e-01 -4.472000000e-01 8.794000000e-01
  -6.569000000e-01 -7.144000000e-01 -2.412000000e-01
  -7.361000000e-01 5.382000000e-01 4.105000000e-01
 Node:         15
  0.1330E+03  0.1205E+03  0.5193E+03 -0.3432E-04
   2.22E-16
  -8.327E-17
  -5.551E-17
   1.388E-17
   4.857E-17
   0.0
  2.451000000e-16
  2.471000000e-17
  -1.033000000e-16
  3.052400000e-16
  5.550300000e-17
  1.438900000e-16
  -9.638000000e-01 2.667000000e-01 -1.723000000e-03
  1.157000000e-01 4.239000000e-01 8.983000000e-01
  2.403000000e-01 8.656000000e-01 -4.394000000e-01
 Node:         16
  0.1404E+03  0.1188E+03  0.4918E+03 -0.3432E-04
   2.22E-16
   5.551E-17
   2.22E-16
  -8.327E-17
  -1.457E-16
   4.441E-16
  5.466000000e-16
  1.950000000e-16
  1.465000000e-16
  3.781900000e-16
  2.960300000e-16
  1.782800000e-16
  -2.927000000e-01 -4.328000000e-01 8.526000000e-01
  -9.222000000e-01 -1.077000000e-01 -3.713000000e-01
  -2.526000000e-01 8.950000000e-01 3.676000000e-01
 Node:         17
  0.1365E+03  0.1184E+03  0.5055E+03 -0.3432E-04
  -1.11E-16
   2.776E-17
  -1.11E-16
   9.714E-17
   1.7E-16
   0.0
  1.573000000e-16
  -1.341000000e-16
  -2.452000000e-16
  3.600400000e-16
  -7.400000000e-17
  1.697300000e-16
  3.368000000e-01 5.285000000e-01 7.792000000e-01
  8.927000000e-01 -4.425000000e-01 -8.566000000e-02
  -2.996000000e-01 -7.244000000e-01 6.209000000e-01
 Node:         18
  0.1341E+03  0.1191E+03  0.5192E+03 -0.3432E-04
   0.0
   0.0
   0.0
   2.645E-17
   1.065E-16
   4.441E-16
  4.697000000e-16
  -1.672000000e-33
  -2.562000000e-17
  4.830200000e-16
  1.480300000e-16
  2.277000000e-16
  -5.484000000e-02 -2.207000000e-01 -9.738000000e-01
  9.705000000e-01 -2.411000000e-01 -6.210000000e-17
  -2.348000000e-01 -9.451000000e-01 2.274000000e-01
 Node:         19
  0.1301E+03  0.1291E+03  0.4914E+03  0.0000E+00
   1.11E-16
   0.0
   1.11E-16
   2.101E-19
   1.001E-17
  -2.22E-16
  1.113000000e-16
  1.110000000e-16
  -2.223000000e-16
  3.334500000e-16
  0.000000000e+00
  1.571900000e-16
  -2.096000000e-02 -9.993000000e-01 -3.003000000e-02
  9.998000000e-01 -2.097000000e-02 1.345000000e-19
  6.298000000e-04 3.003000000e-02 -9.995000000e-01
 Node:         20
  0.1299E+03  0.1291E+03  0.5058E+03  0.0000E+00
   2.22E-16
   0.0
   0.0
   1.041E-17
   1.924E-17
  -5.551E-17
  2.224000000e-16
  5.975000000e-18
  -6.188000000e-17
  2.571600000e-16
  5.549800000e-17
  1.212200000e-16
  -9.993000000e-01 -3.257000000e-03 -3.765000000e-02
  1.428000000e-02 -9.549000000e-01 -2.965000000e-01
  -3.498000000e-02 -2.968000000e-01 9.543000000e-01
 Node:         21
  0.1301E+03  0.1280E+03  0.5197E+03  0.0000E+00
   1.11E-16
   0.0
   0.0
   4.163E-17
   1.475E-17
   1.11E-16
  1.534000000e-16
  7.089000000e-17
  -2.220000000e-18
  1.348500000e-16
  7.402300000e-17
  6.357000000e-17
  -6.994000000e-01 -6.840000000e-02 -7.114000000e-01
  -7.126000000e-01 1.429000000e-01 6.869000000e-01
  -5.465000000e-02 -9.874000000e-01 1.487000000e-01
 Node:         22
  0.1360E+03  0.1256E+03  0.4913E+03  0.0000E+00
  -2.22E-16
   1.388E-17
  -1.11E-16
  -1.388E-17
   1.006E-16
   1.11E-16
  1.500000000e-16
  -1.456000000e-16
  -2.264000000e-16
  3.432100000e-16
  -7.400000000e-17
  1.617900000e-16
  -2.144000000e-02 3.586000000e-01 9.332000000e-01
  2.280000000e-01 9.106000000e-01 -3.447000000e-01
  -9.734000000e-01 2.054000000e-01 -1.013000000e-01
 Node:         23
  0.1343E+03  0.1253E+03  0.5054E+03  0.0000E+00
   0.0
   2.082E-17
  -4.441E-16
   0.0
   1.314E-16
  -1.665E-16
  1.265000000e-18
  -1.147000000e-16
  -4.972000000e-16
  4.517900000e-16
  -2.035400000e-16
  2.129700000e-16
  9.970000000e-01 6.061000000e-02 4.746000000e-02
  6.644000000e-02 -3.661000000e-01 -9.282000000e-01
  3.888000000e-02 -9.286000000e-01 3.690000000e-01
 Node:         24
  0.1336E+03  0.1248E+03  0.5194E+03  0.0000E+00
  -2.22E-16
   1.214E-17
   0.0
   1.388E-17
   8.674E-19
  -1.665E-16
  6.779000000e-19
  -1.633000000e-16
  -2.259000000e-16
  2.026600000e-16
  -1.295100000e-16
  9.553700000e-17
  -5.504000000e-02 -9.984000000e-01 -9.747000000e-03
  2.257000000e-01 -2.195000000e-02 9.740000000e-01
  -9.726000000e-01 5.141000000e-02 2.265000000e-01
 Node:         25
  0.1400E+03  0.1206E+03  0.4917E+03  0.0000E+00
   0.0
   2.671E-16
  -1.11E-16
  -8.327E-17
  -1.301E-16
   2.22E-16
  3.681000000e-16
  7.580000000e-17
  -3.329000000e-16
  6.098700000e-16
  3.700000000e-17
  2.874900000e-16
  5.089000000e-01 4.781000000e-01 -7.159000000e-01
  6.086000000e-01 3.883000000e-01 6.920000000e-01
  6.088000000e-01 -7.878000000e-01 -9.334000000e-02
 Node:         26
  0.1363E+03  0.1200E+03  0.5055E+03  0.0000E+00
   2.22E-16
   1.076E-16
  -6.106E-16
   2.776E-17
  -1.124E-15
  -5.551E-17
  8.281000000e-16
  2.248000000e-16
  -1.497000000e-15
  2.089800000e-15
  -1.480300000e-16
  9.851500000e-16
  7.371000000e-02 6.174000000e-01 -7.832000000e-01
  9.955000000e-01 1.018000000e-03 9.449000000e-02
  -5.914000000e-02 7.866000000e-01 6.146000000e-01
 Node:         27
  0.1343E+03  0.1203E+03  0.5192E+03  0.0000E+00
   2.22E-16
  -1.943E-16
   2.22E-16
  -1.041E-16
   1.313E-15
   0.0
  1.466000000e-15
  1.875000000e-16
  -1.209000000e-15
  2.317400000e-15
  1.481700000e-16
  1.092400000e-15
  -1.693000000e-01 7.280000000e-01 6.643000000e-01
  9.848000000e-01 9.849000000e-02 1.431000000e-01
  3.876000000e-02 6.785000000e-01 -7.336000000e-01
 Node:         28
  0.1155E+03  0.1124E+03  0.4931E+03 -0.2028E-03
  -2.22E-16
   3.816E-17
   2.22E-16
  -5.551E-17
   5.551E-17
   1.11E-16
  2.455000000e-16
  1.014000000e-16
  -2.359000000e-16
  4.279500000e-16
  3.700000000e-17
  2.017400000e-16
  3.184000000e-02 9.284000000e-01 3.701000000e-01
  1.988000000e-01 3.571000000e-01 -9.127000000e-01
  9.795000000e-01 -1.026000000e-01 1.732000000e-01
 Node:         29
  0.1119E+03  0.1139E+03  0.5068E+03 -0.2028E-03
  -2.22E-16
  -2.082E-17
   0.0
   5.551E-17
   6.939E-18
  -3.331E-16
  1.944000000e-18
  -2.004000000e-16
  -3.566000000e-16
  3.113600000e-16
  -1.850200000e-16
  1.467800000e-16
  -9.118000000e-02 9.958000000e-01 5.517000000e-03
  -9.179000000e-01 -8.189000000e-02 -3.884000000e-01
  -3.863000000e-01 -4.048000000e-02 9.215000000e-01
 Node:         30
  0.1113E+03  0.1159E+03  0.5206E+03 -0.2028E-03
   2.22E-16
   1.249E-16
   2.22E-16
   0.0
  -2.776E-17
   1.11E-16
  3.486000000e-16
  1.238000000e-16
  8.277000000e-17
  2.478800000e-16
  1.850600000e-16
  1.168500000e-16
  -7.001000000e-01 -7.092000000e-01 8.287000000e-02
  -4.685000000e-01 3.686000000e-01 -8.029000000e-01
  -5.389000000e-01 6.009000000e-01 5.903000000e-01
 Node:         31
  0.1203E+03  0.1126E+03  0.4920E+03 -0.2028E-03
  -5.551E-17
   9.714E-17
  -1.11E-16
   2.776E-17
   4.163E-17
  -5.551E-17
  4.114000000e-17
  -7.661000000e-17
  -1.866000000e-16
  1.972700000e-16
  -7.402300000e-17
  9.299200000e-17
  -6.956000000e-01 -5.654000000e-01 -4.433000000e-01
  4.358000000e-01 1.585000000e-01 -8.860000000e-01
  5.712000000e-01 -8.095000000e-01 1.362000000e-01
 Node:         32
  0.1188E+03  0.1134E+03  0.5062E+03 -0.2028E-03
   2.22E-16
  -1.388E-17
  -1.11E-16
  -2.776E-17
   9.714E-17
  -5.551E-17
  2.266000000e-16
  1.331000000e-17
  -1.844000000e-16
  3.560200000e-16
  1.850300000e-17
  1.678300000e-16
  -9.894000000e-01 7.624000000e-02 1.236000000e-01
  1.445000000e-01 5.992000000e-01 7.875000000e-01
  1.402000000e-02 -7.970000000e-01 6.038000000e-01
 Node:         33
  0.1183E+03  0.1150E+03  0.5201E+03 -0.2028E-03
   1.11E-16
   5.551E-17
   0.0
   8.327E-17
   0.0
   0.0
  1.700000000e-16
  0.000000000e+00
  -5.893000000e-17
  2.058900000e-16
  3.702300000e-17
  9.705800000e-17
  -8.617000000e-01 -2.815000000e-01 -4.222000000e-01
  0.000000000e+00 -8.321000000e-01 5.547000000e-01
  -5.074000000e-01 4.780000000e-01 7.170000000e-01
 Node:         34
  0.1255E+03  0.1129E+03  0.4909E+03 -0.2028E-03
   0.0
   0.0
   0.0
   5.551E-17
   9.714E-17
   0.0
  1.119000000e-16
  3.387000000e-33
  -1.119000000e-16
  1.938200000e-16
  0.000000000e+00
  9.136600000e-17
  -3.508000000e-01 -6.139000000e-01 -7.071000000e-01
  8.682000000e-01 -4.961000000e-01 -4.855000000e-17
  -3.508000000e-01 -6.139000000e-01 7.071000000e-01
 Node:         35
  0.1260E+03  0.1135E+03  0.5054E+03 -0.2028E-03
   0.0
   1.11E-16
  -1.11E-16
   1.11E-16
   2.498E-16
  -1.11E-16
  2.410000000e-16
  -1.023000000e-16
  -3.608000000e-16
  5.229000000e-16
  -7.403300000e-17
  2.465000000e-16
  5.458000000e-01 5.925000000e-01 5.925000000e-01
  8.379000000e-01 -3.859000000e-01 -3.859000000e-01
  -4.975000000e-17 -7.071000000e-01 7.071000000e-01
 Node:         36
  0.1257E+03  0.1153E+03  0.5196E+03 -0.2028E-03
   0.0
  -5.551E-17
   0.0
  -5.551E-17
   8.327E-17
   0.0
  1.305000000e-16
  -4.723000000e-17
  -8.327000000e-17
  1.982200000e-16
  0.000000000e+00
  9.344300000e-17
  -5.155000000e-01 6.059000000e-01 6.059000000e-01
  8.569000000e-01 3.645000000e-01 3.645000000e-01
  -1.256000000e-16 7.071000000e-01 -7.071000000e-01
 Node:         37
  0.1132E+03  0.1210E+03  0.4959E+03 -0.2028E-03
  -2.22E-16
   1.388E-16
  -2.22E-16
  -8.327E-17
   1.804E-16
  -2.776E-16
  -4.482000000e-17
  -1.622000000e-16
  -5.146000000e-16
  4.234700000e-16
  -2.405400000e-16
  1.996300000e-16
  3.971000000e-01 7.887000000e-01 4.693000000e-01
  -7.874000000e-01 3.010000000e-02 6.157000000e-01
  4.715000000e-01 -6.140000000e-01 6.330000000e-01
 Node:         38
  0.1111E+03  0.1204E+03  0.5085E+03 -0.2028E-03
  -1.665E-16
   9.714E-17
   0.0
  -2.776E-17
  -8.327E-17
  -2.22E-16
  7.071000000e-17
  -2.091000000e-16
  -2.502000000e-16
  3.024600000e-16
  -1.295300000e-16
  1.425800000e-16
  -3.916000000e-01 -8.746000000e-01 2.859000000e-01
  9.154000000e-01 -3.389000000e-01 2.170000000e-01
  9.287000000e-02 -3.467000000e-01 -9.334000000e-01
 Node:         39
  0.1119E+03  0.1201E+03  0.5207E+03 -0.2028E-03
  -5.551E-17
  -9.714E-17
  -3.331E-16
  -8.327E-17
  -7.633E-17
  -1.11E-16
  8.934000000e-18
  -1.105000000e-16
  -3.981000000e-16
  3.623900000e-16
  -1.665600000e-16
  1.708300000e-16
  8.510000000e-01 -1.281000000e-01 -5.092000000e-01
  4.076000000e-01 -4.503000000e-01 7.944000000e-01
  -3.311000000e-01 -8.836000000e-01 -3.310000000e-01
 Node:         40
  0.1191E+03  0.1220E+03  0.4937E+03 -0.2028E-03
   0.0
   8.327E-17
  -2.22E-16
   8.327E-17
  -1.388E-17
  -2.22E-16
  4.872000000e-17
  -2.082000000e-16
  -2.846000000e-16
  3.024500000e-16
  -1.480300000e-16
  1.425700000e-16
  -9.240000000e-01 -2.703000000e-01 -2.703000000e-01
  0.000000000e+00 -7.071000000e-01 7.071000000e-01
  3.823000000e-01 -6.534000000e-01 -6.534000000e-01
 Node:         41
  0.1182E+03  0.1217E+03  0.5073E+03 -0.2028E-03
   0.0
  -2.776E-17
  -5.551E-17
   5.551E-17
   9.714E-17
   1.11E-16
  1.653000000e-16
  1.073000000e-17
  -1.206000000e-16
  2.478700000e-16
  1.847700000e-17
  1.168500000e-16
  2.406000000e-01 3.653000000e-01 8.993000000e-01
  -8.901000000e-01 4.526000000e-01 5.428000000e-02
  -3.871000000e-01 -8.135000000e-01 4.340000000e-01
 Node:         42
  0.1187E+03  0.1212E+03  0.5204E+03 -0.2028E-03
   0.0
  -5.551E-17
  -1.11E-16
   0.0
   5.551E-17
   1.11E-16
  1.256000000e-16
  1.887000000e-17
  -1.444000000e-16
  2.355300000e-16
  2.333300000e-20
  1.110300000e-16
  1.113000000e-01 -2.517000000e-01 -9.614000000e-01
  9.295000000e-01 -3.159000000e-01 1.903000000e-01
  -3.516000000e-01 -9.148000000e-01 1.988000000e-01
 Node:         43
  0.1258E+03  0.1217E+03  0.4915E+03 -0.2028E-03
   2.22E-16
   1.11E-16
   1.11E-16
  -1.388E-17
   0.0
  -5.551E-17
  2.911000000e-16
  4.294000000e-17
  -5.645000000e-17
  3.100400000e-16
  9.253000000e-17
  1.461600000e-16
  -8.507000000e-01 -5.246000000e-01 3.406000000e-02
  -5.213000000e-01 8.502000000e-01 7.348000000e-02
  6.751000000e-02 -4.475000000e-02 9.967000000e-01
 Node:         44
  0.1259E+03  0.1220E+03  0.5059E+03 -0.2028E-03
  -2.22E-16
   1.388E-16
  -2.22E-16
   9.714E-17
   1.11E-16
  -1.11E-16
  5.081000000e-17
  -2.445000000e-16
  -3.614000000e-16
  3.679600000e-16
  -1.850300000e-16
  1.734600000e-16
  -5.113000000e-01 -5.340000000e-01 -6.733000000e-01
  -5.198000000e-01 -4.318000000e-01 7.372000000e-01
  -6.844000000e-01 7.269000000e-01 -5.679000000e-02
 Node:         45
  0.1261E+03  0.1221E+03  0.5198E+03 -0.2028E-03
  -5.551E-17
  -8.327E-17
  -2.776E-16
   2.776E-17
  -6.939E-18
   1.11E-16
  1.167000000e-16
  -3.339000000e-17
  -3.053000000e-16
  3.705000000e-16
  -7.399700000e-17
  1.746600000e-16
  1.854000000e-01 -5.643000000e-02 9.810000000e-01
  9.302000000e-01 -3.117000000e-01 -1.938000000e-01
  -3.167000000e-01 -9.485000000e-01 5.308000000e-03
 Node:         46
  0.1117E+03  0.1296E+03  0.4959E+03  0.0000E+00
  -5.551E-17
   2.776E-17
  -1.665E-16
   6.939E-18
  -2.602E-17
   0.0
  4.101000000e-18
  -4.897000000e-17
  -1.772000000e-16
  1.614500000e-16
  -7.402300000e-17
  7.610600000e-17
  4.856000000e-02 -1.429000000e-01 9.886000000e-01
  9.724000000e-01 2.327000000e-01 -1.414000000e-02
  -2.280000000e-01 9.620000000e-01 1.502000000e-01
 Node:         47
  0.1107E+03  0.1269E+03  0.5087E+03  0.0000E+00
  -1.665E-16
  -3.123E-17
   1.11E-16
  -2.776E-17
   3.99E-17
   0.0
  1.289000000e-16
  -1.114000000e-17
  -1.732000000e-16
  2.618600000e-16
  -1.848000000e-17
  1.234400000e-16
  -1.292000000e-01 9.390000000e-01 3.186000000e-01
  -1.008000000e-01 -3.321000000e-01 9.379000000e-01
  -9.865000000e-01 -8.906000000e-02 -1.376000000e-01
 Node:         48
  0.1125E+03  0.1242E+03  0.5208E+03  0.0000E+00
   1.11E-16
   3.469E-18
   1.11E-16
   0.0
  -1.735E-18
   1.11E-16
  1.149000000e-16
  1.110000000e-16
  1.071000000e-16
  6.755000000e-18
  1.110000000e-16
  3.184300000e-18
  -6.325000000e-01 -7.071000000e-01 3.162000000e-01
  4.472000000e-01 -4.455000000e-15 8.944000000e-01
  -6.325000000e-01 7.071000000e-01 3.162000000e-01
 Node:         49
  0.1186E+03  0.1311E+03  0.4938E+03  0.0000E+00
  -1.665E-16
  -2.082E-17
   0.0
  -4.163E-17
  -6.072E-18
  -5.551E-17
  2.581000000e-18
  -4.165000000e-17
  -1.830000000e-16
  1.678900000e-16
  -7.402300000e-17
  7.914600000e-17
  1.174000000e-01 -9.929000000e-01 1.965000000e-02
  -3.135000000e-01 -1.827000000e-02 9.494000000e-01
  -9.423000000e-01 -1.176000000e-01 -3.134000000e-01
 Node:         50
  0.1180E+03  0.1298E+03  0.5075E+03  0.0000E+00
   0.0
  -1.301E-17
   3.331E-16
  -4.163E-17
   1.247E-17
   2.22E-16
  3.354000000e-16
  2.276000000e-16
  -7.879000000e-18
  3.040700000e-16
  1.850400000e-16
  1.433400000e-16
  5.441000000e-02 -9.902000000e-01 -1.289000000e-01
  -1.707000000e-01 -1.364000000e-01 9.758000000e-01
  9.838000000e-01 3.109000000e-02 1.765000000e-01
 Node:         51
  0.1192E+03  0.1275E+03  0.5206E+03  0.0000E+00
   0.0
  -3.469E-18
  -5.551E-17
   0.0
   1.475E-17
   1.11E-16
  1.123000000e-16
  2.087000000e-19
  -5.702000000e-17
  1.491800000e-16
  1.849600000e-17
  7.032400000e-17
  -2.705000000e-03 8.758000000e-02 9.962000000e-01
  9.982000000e-01 -6.004000000e-02 7.989000000e-03
  -6.051000000e-02 -9.943000000e-01 8.725000000e-02
 Node:         52
  0.1262E+03  0.1305E+03  0.4920E+03  0.0000E+00
   1.11E-16
  -1.388E-17
   1.11E-16
   1.301E-18
   4.906E-18
   0.0
  1.250000000e-16
  9.734000000e-17
  -2.497000000e-19
  1.139700000e-16
  7.403000000e-17
  5.372400000e-17
  -7.047000000e-01 7.092000000e-01 2.051000000e-02
  7.093000000e-01 7.034000000e-01 4.493000000e-02
  -1.744000000e-02 -4.621000000e-02 9.988000000e-01
 Node:         53
  0.1258E+03  0.1304E+03  0.5063E+03  0.0000E+00
  -1.665E-16
  -1.735E-18
  -1.11E-16
   2.776E-17
   3.383E-17
  -2.22E-16
  -1.010000000e-16
  -1.572000000e-16
  -2.414000000e-16
  1.223900000e-16
  -1.665300000e-16
  5.769700000e-17
  9.684000000e-02 9.526000000e-01 2.883000000e-01
  -9.346000000e-01 1.866000000e-01 -3.027000000e-01
  -3.422000000e-01 -2.402000000e-01 9.084000000e-01
 Node:         54
  0.1265E+03  0.1288E+03  0.5200E+03  0.0000E+00
  -2.22E-16
   2.082E-17
   1.11E-16
   0.0
  -4.337E-18
   1.11E-16
  1.160000000e-16
  1.073000000e-16
  -2.233000000e-16
  3.350300000e-16
  0.000000000e+00
  1.579400000e-16
  -4.656000000e-02 -7.562000000e-01 6.527000000e-01
  -4.117000000e-02 -6.514000000e-01 -7.576000000e-01
  -9.981000000e-01 6.215000000e-02 8.061000000e-04
 Node:         55
  0.1381E+03  0.1168E+03  0.4523E+03  0.1040E-01
   0.02033
  -0.008715
  -2.842E-4
  -0.00326
   0.01282
  -0.03554
  2.452000000e-02
  -3.020000000e-04
  -3.971000000e-02
  5.610100000e-02
  -5.164000000e-03
  2.644600000e-02
  9.117000000e-01 -3.888000000e-01 -1.325000000e-01
  4.107000000e-01 8.684000000e-01 2.780000000e-01
  6.973000000e-03 -3.078000000e-01 9.514000000e-01
 Node:         56
  0.1314E+03  0.1156E+03  0.4681E+03  0.1040E-01
   0.02887
  -0.01248
   0.001784
  -0.01135
   0.007655
  -0.01627
  3.710000000e-02
  -2.603000000e-03
  -2.011000000e-02
  5.077300000e-02
  4.795700000e-03
  2.393500000e-02
  -8.967000000e-01 3.696000000e-01 2.437000000e-01
  4.130000000e-01 8.967000000e-01 1.594000000e-01
  1.596000000e-01 -2.435000000e-01 9.567000000e-01
 Node:         57
  0.1285E+03  0.1140E+03  0.4823E+03  0.1040E-01
   0.008118
  -0.005443
   0.003384
  -0.003462
   0.002402
   5.236E-5
  1.305000000e-02
  -1.744000000e-04
  -1.322000000e-03
  1.383400000e-02
  3.851200000e-03
  6.521400000e-03
  -7.942000000e-01 5.237000000e-01 3.083000000e-01
  5.717000000e-01 8.158000000e-01 8.691000000e-02
  2.060000000e-01 -2.453000000e-01 9.473000000e-01
 Node:         58
  0.1476E+03  0.1177E+03  0.4526E+03  0.1040E-01
   0.01883
  -0.007247
   0.005227
  -0.001033
   0.008284
  -0.06169
  2.219000000e-02
  2.879000000e-03
  -6.270000000e-02
  7.707100000e-02
  -1.254400000e-02
  3.633200000e-02
  9.089000000e-01 -4.138000000e-01 -5.207000000e-02
  4.171000000e-01 9.023000000e-01 1.091000000e-01
  1.837000000e-03 -1.209000000e-01 9.927000000e-01
 Node:         59
  0.1414E+03  0.1166E+03  0.4688E+03  0.1040E-01
   0.03996
  -0.01655
   0.005833
  -0.02048
   0.01494
  -0.0161
  5.523000000e-02
  4.046000000e-04
  -2.594000000e-02
  7.172300000e-02
  9.898200000e-03
  3.381100000e-02
  -8.612000000e-01 3.879000000e-01 3.285000000e-01
  4.654000000e-01 8.616000000e-01 2.026000000e-01
  2.044000000e-01 -3.273000000e-01 9.225000000e-01
 Node:         60
  0.1374E+03  0.1150E+03  0.4832E+03  0.1040E-01
   0.01463
  -0.009087
   0.005691
  -0.01011
   0.006482
   0.003845
  2.662000000e-02
  4.214000000e-05
  -2.497000000e-03
  2.793400000e-02
  8.055000000e-03
  1.316800000e-02
  -7.495000000e-01 4.698000000e-01 4.664000000e-01
  5.517000000e-01 8.326000000e-01 4.790000000e-02
  3.659000000e-01 -2.933000000e-01 8.833000000e-01
 Node:         61
  0.1546E+03  0.1220E+03  0.4530E+03  0.1040E-01
   0.03048
  -0.005648
  -0.007977
   0.009443
  -0.0152
  -0.01992
  3.397000000e-02
  -7.353000000e-04
  -3.065000000e-02
  5.601400000e-02
  8.615700000e-04
  2.640500000e-02
  -9.512000000e-01 2.100000000e-01 -2.259000000e-01
  2.981000000e-01 8.141000000e-01 -4.985000000e-01
  -7.926000000e-02 5.415000000e-01 8.370000000e-01
 Node:         62
  0.1487E+03  0.1201E+03  0.4695E+03  0.1040E-01
   0.04536
  -0.0266
   0.007263
  -0.01965
   0.007643
   0.02531
  6.909000000e-02
  1.544000000e-02
  -6.592000000e-03
  6.742200000e-02
  2.597900000e-02
  3.178300000e-02
  -8.076000000e-01 4.009000000e-01 4.325000000e-01
  -3.431000000e-01 2.770000000e-01 -8.975000000e-01
  -4.796000000e-01 -8.732000000e-01 -8.616000000e-02
 Node:         63
  0.1436E+03  0.1181E+03  0.4838E+03  0.1040E-01
   0.01035
  -0.01461
   0.01576
  -0.008149
   0.01117
   0.008761
  3.514000000e-02
  1.712000000e-03
  -1.977000000e-03
  3.541700000e-02
  1.162500000e-02
  1.669600000e-02
  -5.580000000e-01 6.881000000e-01 4.639000000e-01
  -4.574000000e-01 2.114000000e-01 -8.638000000e-01
  -6.924000000e-01 -6.941000000e-01 1.968000000e-01
 Node:         64
  0.1410E+03  0.1253E+03  0.4521E+03  0.1040E-01
  -0.01805
  -0.01407
   0.02423
   2.899E-4
   3.368E-4
  -0.02102
  2.848000000e-02
  -2.091000000e-02
  -2.240000000e-02
  5.015200000e-02
  -4.943300000e-03
  2.364200000e-02
  -2.894000000e-01 9.572000000e-01 4.819000000e-03
  -2.514000000e-01 -7.113000000e-02 -9.653000000e-01
  9.236000000e-01 2.805000000e-01 -2.612000000e-01
 Node:         65
  0.1338E+03  0.1229E+03  0.4681E+03  0.1040E-01
   0.009174
  -0.02169
   0.01544
  -0.005926
   0.001988
  -0.01296
  3.483000000e-02
  -7.865000000e-03
  -1.532000000e-02
  4.686900000e-02
  3.881700000e-03
  2.209400000e-02
  6.566000000e-01 -7.459000000e-01 -1.124000000e-01
  -6.210000000e-01 -6.191000000e-01 4.806000000e-01
  -4.281000000e-01 -2.457000000e-01 -8.697000000e-01
 Node:         66
  0.1299E+03  0.1214E+03  0.4825E+03  0.1040E-01
   0.007402
  -0.006725
   0.005248
  -0.002924
   0.002249
  -2.115E-4
  1.409000000e-02
  -4.413000000e-04
  -1.206000000e-03
  1.492800000e-02
  4.147600000e-03
  7.037300000e-03
  -7.389000000e-01 6.258000000e-01 2.496000000e-01
  5.813000000e-01 7.795000000e-01 -2.334000000e-01
  3.406000000e-01 2.740000000e-02 9.398000000e-01
 Node:         67
  0.1494E+03  0.1243E+03  0.4526E+03  0.1040E-01
  -0.007192
  -0.009017
   0.02323
   5.418E-4
   0.002464
  -0.05543
  2.576000000e-02
  -9.634000000e-03
  -5.552000000e-02
  7.058600000e-02
  -1.313100000e-02
  3.327400000e-02
  -2.634000000e-01 9.643000000e-01 2.751000000e-02
  9.645000000e-01 2.627000000e-01 2.555000000e-02
  -1.741000000e-02 -3.326000000e-02 9.993000000e-01
 Node:         68
  0.1429E+03  0.1223E+03  0.4688E+03  0.1040E-01
   0.03184
  -0.02073
   0.01956
  -0.01515
   0.006189
  -0.03029
  5.044000000e-02
  4.499000000e-03
  -3.383000000e-02
  7.307900000e-02
  7.036300000e-03
  3.445000000e-02
  -7.962000000e-01 5.732000000e-01 1.934000000e-01
  5.651000000e-01 8.189000000e-01 -1.005000000e-01
  2.160000000e-01 -2.929000000e-02 9.760000000e-01
 Node:         69
  0.1379E+03  0.1205E+03  0.4831E+03  0.1040E-01
   0.01487
  -0.009097
   0.006382
  -0.007625
   0.004453
   2.477E-5
  2.392000000e-02
  6.124000000e-04
  -3.260000000e-03
  2.546600000e-02
  7.090800000e-03
  1.200500000e-02
  -7.939000000e-01 4.997000000e-01 3.464000000e-01
  5.072000000e-01 8.585000000e-01 -7.596000000e-02
  3.354000000e-01 -1.154000000e-01 9.350000000e-01
 Node:         70
  0.1549E+03  0.1240E+03  0.4530E+03  0.1040E-01
   0.002117
  -0.01186
   0.01904
  -0.006529
   0.005272
  -0.07591
  2.573000000e-02
  -3.838000000e-03
  -7.665000000e-02
  9.126200000e-02
  -1.825300000e-02
  4.302100000e-02
  4.643000000e-01 -8.825000000e-01 -7.560000000e-02
  -8.825000000e-01 -4.682000000e-01 4.569000000e-02
  7.571000000e-02 -4.550000000e-02 9.961000000e-01
 Node:         71
  0.1489E+03  0.1220E+03  0.4695E+03  0.1040E-01
   0.04939
  -0.01682
   0.0178
  -0.02827
   0.01074
  -0.02843
  6.630000000e-02
  1.055000000e-02
  -3.810000000e-02
  9.048300000e-02
  1.291700000e-02
  4.265400000e-02
  -8.773000000e-01 3.715000000e-01 3.039000000e-01
  -3.830000000e-01 -9.235000000e-01 2.318000000e-02
  2.892000000e-01 -9.605000000e-02 9.524000000e-01
 Node:         72
  0.1434E+03  0.1199E+03  0.4837E+03  0.1040E-01
   0.02267
  -0.009084
   0.005207
  -0.01286
   0.005615
   0.002215
  3.294000000e-02
  1.341000000e-03
  -4.193000000e-03
  3.469900000e-02
  1.002900000e-02
  1.635700000e-02
  -8.363000000e-01 3.580000000e-01 4.153000000e-01
  4.012000000e-01 9.158000000e-01 1.850000000e-02
  3.737000000e-01 -1.821000000e-01 9.095000000e-01
 Node:         73
  0.1438E+03  0.1339E+03  0.4517E+03  0.0000E+00
   0.02504
   9.203E-4
  -0.01626
  -0.005367
   0.00423
  -0.001026
  2.610000000e-02
  -8.705000000e-04
  -1.747000000e-02
  3.808700000e-02
  2.586500000e-03
  1.795500000e-02
  -9.810000000e-01 -1.962000000e-03 1.938000000e-01
  -1.860000000e-01 -2.708000000e-01 -9.445000000e-01
  -5.433000000e-02 9.626000000e-01 -2.653000000e-01
 Node:         74
  0.1363E+03  0.1303E+03  0.4680E+03  0.0000E+00
   0.04314
   0.01698
  -3.623E-4
   0.003534
   0.007138
   0.009485
  4.979000000e-02
  1.052000000e-02
  -8.053000000e-03
  5.115100000e-02
  1.741900000e-02
  2.411300000e-02
  -9.314000000e-01 -3.354000000e-01 -1.411000000e-01
  -2.331000000e-01 2.522000000e-01 9.392000000e-01
  -2.795000000e-01 9.077000000e-01 -3.131000000e-01
 Node:         75
  0.1313E+03  0.1288E+03  0.4826E+03  0.0000E+00
   0.01954
   0.006983
   0.001606
   0.002132
   0.001117
   0.001508
  2.221000000e-02
  1.297000000e-03
  -8.548000000e-04
  2.206800000e-02
  7.550700000e-03
  1.040300000e-02
  -9.390000000e-01 -3.244000000e-01 -1.142000000e-01
  -1.621000000e-01 1.247000000e-01 9.789000000e-01
  -3.033000000e-01 9.377000000e-01 -1.696000000e-01
 Node:         76
  0.1512E+03  0.1310E+03  0.4524E+03  0.0000E+00
   0.0191
  -0.00121
  -0.0143
  -0.005462
  -4.0E-4
  -0.008846
  2.017000000e-02
  -9.792000000e-03
  -1.442000000e-02
  3.252400000e-02
  -1.347300000e-03
  1.533200000e-02
  -9.823000000e-01 3.234000000e-02 1.845000000e-01
  1.786000000e-01 -1.344000000e-01 9.747000000e-01
  -5.631000000e-02 -9.904000000e-01 -1.263000000e-01
 Node:         77
  0.1443E+03  0.1281E+03  0.4687E+03  0.0000E+00
   0.05089
   0.01517
   2.459E-5
   0.00477
   0.00218
   0.002449
  5.557000000e-02
  2.055000000e-03
  -4.268000000e-03
  5.694000000e-02
  1.778600000e-02
  2.684200000e-02
  -9.591000000e-01 -2.658000000e-01 -9.702000000e-02
  -1.281000000e-01 1.020000000e-01 9.865000000e-01
  -2.523000000e-01 9.586000000e-01 -1.319000000e-01
 Node:         78
  0.1384E+03  0.1261E+03  0.4829E+03  0.0000E+00
   0.02214
   0.00801
   0.001753
   0.002903
   0.001232
   0.001041
  2.532000000e-02
  6.603000000e-04
  -1.045000000e-03
  2.555500000e-02
  8.311800000e-03
  1.204700000e-02
  -9.369000000e-01 -3.252000000e-01 -1.285000000e-01
  -1.618000000e-01 7.743000000e-02 9.838000000e-01
  -3.100000000e-01 9.425000000e-01 -1.252000000e-01
 Node:         79
  0.1551E+03  0.1260E+03  0.4530E+03  0.0000E+00
   0.009547
  -0.006527
  -0.06675
  -0.01573
   7.718E-4
  -2.928E-4
  2.148000000e-02
  -1.167000000e-02
  -6.731000000e-02
  7.771200000e-02
  -1.916700000e-02
  3.663400000e-02
  8.078000000e-01 -6.488000000e-02 -5.859000000e-01
  5.831000000e-01 -5.774000000e-02 8.103000000e-01
  -8.640000000e-02 -9.962000000e-01 -8.806000000e-03
 Node:         80
  0.1491E+03  0.1239E+03  0.4695E+03  0.0000E+00
   0.06114
   0.001262
  -0.04164
   0.009219
   0.004187
   0.008407
  6.274000000e-02
  7.156000000e-03
  -4.199000000e-02
  9.075600000e-02
  9.302000000e-03
  4.278300000e-02
  -9.855000000e-01 -1.868000000e-02 -1.687000000e-01
  -1.696000000e-01 7.990000000e-02 9.823000000e-01
  4.870000000e-03 -9.966000000e-01 8.191000000e-02
 Node:         81
  0.1433E+03  0.1217E+03  0.4837E+03  0.0000E+00
   0.02633
   0.005684
  -0.003581
   0.009554
   0.002806
   0.004236
  3.104000000e-02
  7.519000000e-04
  -4.803000000e-03
  3.341400000e-02
  8.996300000e-03
  1.575100000e-02
  -9.206000000e-01 -1.793000000e-01 -3.469000000e-01
  -3.695000000e-01 1.126000000e-01 9.224000000e-01
  1.263000000e-01 -9.773000000e-01 1.699000000e-01
 Node:         82
  0.1267E+03  0.1148E+03  0.4555E+03  0.1916E-01
   0.01981
  -0.0108
  -0.006789
  -0.00472
  -0.002257
  -0.007309
  2.408000000e-02
  -5.233000000e-03
  -1.314000000e-02
  3.396400000e-02
  1.902300000e-03
  1.601100000e-02
  -9.399000000e-01 3.202000000e-01 1.183000000e-01
  -8.971000000e-02 -5.661000000e-01 8.195000000e-01
  3.294000000e-01 7.596000000e-01 5.608000000e-01
 Node:         83
  0.1234E+03  0.1129E+03  0.4716E+03  0.1916E-01
   0.009105
  -0.008877
  -0.005043
  -0.01168
   2.567E-4
   0.004923
  2.085000000e-02
  -5.359000000e-04
  -1.133000000e-02
  2.836700000e-02
  2.994700000e-03
  1.337300000e-02
  -7.741000000e-01 2.711000000e-01 5.721000000e-01
  3.270000000e-01 -6.026000000e-01 7.280000000e-01
  5.421000000e-01 7.506000000e-01 3.778000000e-01
 Node:         84
  0.1187E+03  0.1123E+03  0.4849E+03  0.1916E-01
   0.001014
  -9.01E-4
  -4.801E-4
  -0.003502
   1.787E-4
   0.005527
  7.480000000e-03
  1.810000000e-05
  -1.437000000e-03
  8.285800000e-03
  2.020400000e-03
  3.906000000e-03
  -4.829000000e-01 7.425000000e-02 8.725000000e-01
  -5.056000000e-01 7.899000000e-01 -3.471000000e-01
  -7.150000000e-01 -6.087000000e-01 -3.439000000e-01
 Node:         85
  0.1302E+03  0.1161E+03  0.4542E+03  0.1916E-01
   0.02291
  -0.01228
  -0.006876
  -0.004621
  -0.00399
  -0.01427
  2.754000000e-02
  -7.350000000e-03
  -1.842000000e-02
  4.154600000e-02
  5.900000000e-04
  1.958500000e-02
  -9.420000000e-01 3.278000000e-01 7.283000000e-02
  2.229000000e-01 7.726000000e-01 -5.945000000e-01
  2.511000000e-01 5.438000000e-01 8.008000000e-01
 Node:         86
  0.1252E+03  0.1138E+03  0.4699E+03  0.1916E-01
  -0.006119
  -0.009639
   0.01487
  -0.02417
   0.00147
   9.055E-4
  2.675000000e-02
  1.089000000e-02
  -2.799000000e-02
  4.878400000e-02
  3.216700000e-03
  2.299700000e-02
  -5.927000000e-01 5.529000000e-01 5.856000000e-01
  2.605000000e-01 8.197000000e-01 -5.102000000e-01
  7.621000000e-01 1.498000000e-01 6.299000000e-01
 Node:         87
  0.1217E+03  0.1126E+03  0.4833E+03  0.1916E-01
   0.002954
  -7.07E-4
  -4.444E-4
  -0.005307
   7.037E-4
   0.005966
  1.007000000e-02
  -5.023000000e-04
  -1.092000000e-03
  1.087900000e-02
  2.825200000e-03
  5.128500000e-03
  -6.012000000e-01 9.354000000e-02 7.936000000e-01
  1.393000000e-01 -9.657000000e-01 2.193000000e-01
  7.869000000e-01 2.424000000e-01 5.675000000e-01
 Node:         88
  0.1338E+03  0.1169E+03  0.4525E+03  0.1916E-01
   0.0154
  -0.01192
  -0.001339
  -0.004754
   0.001102
  -0.008811
  2.231000000e-02
  -6.970000000e-03
  -1.009000000e-02
  3.095800000e-02
  1.750000000e-03
  1.459400000e-02
  -8.800000000e-01 4.505000000e-01 1.504000000e-01
  3.559000000e-01 8.353000000e-01 -4.191000000e-01
  3.144000000e-01 3.153000000e-01 8.954000000e-01
 Node:         89
  0.1270E+03  0.1150E+03  0.4681E+03  0.1916E-01
   0.02347
  -0.01119
  -0.001456
  -0.0128
   2.8E-4
   7.345E-4
  3.241000000e-02
  -6.864000000e-04
  -8.977000000e-03
  3.792700000e-02
  7.582200000e-03
  1.787900000e-02
  -8.849000000e-01 2.954000000e-01 3.601000000e-01
  6.536000000e-02 -6.868000000e-01 7.239000000e-01
  4.611000000e-01 6.641000000e-01 5.884000000e-01
 Node:         90
  0.1248E+03  0.1132E+03  0.4821E+03  0.1916E-01
   0.00611
  -0.00414
   0.001994
  -0.003268
   0.001716
   0.001557
  1.024000000e-02
  8.417000000e-05
  -6.610000000e-04
  1.054800000e-02
  3.221100000e-03
  4.972500000e-03
  -7.874000000e-01 4.768000000e-01 3.907000000e-01
  1.322000000e-01 -4.885000000e-01 8.625000000e-01
  6.021000000e-01 7.308000000e-01 3.216000000e-01
 Node:         91
  0.1257E+03  0.1258E+03  0.4543E+03  0.1916E-01
  -0.0211
  -0.02146
   0.01662
  -0.007664
  -8.543E-4
  -0.008429
  2.650000000e-02
  -6.399000000e-03
  -3.301000000e-02
  5.163300000e-02
  -4.303000000e-03
  2.434000000e-02
  -4.193000000e-01 9.051000000e-01 6.987000000e-02
  -2.329000000e-01 -1.816000000e-01 9.554000000e-01
  -8.775000000e-01 -3.844000000e-01 -2.869000000e-01
 Node:         92
  0.1208E+03  0.1231E+03  0.4723E+03  0.1916E-01
   0.009874
  -0.01431
  -0.003203
  -0.01247
  -0.001508
  -0.001957
  2.310000000e-02
  -9.959000000e-04
  -1.739000000e-02
  3.527600000e-02
  1.571400000e-03
  1.662900000e-02
  -8.205000000e-01 4.246000000e-01 3.827000000e-01
  1.969000000e-02 -6.481000000e-01 7.613000000e-01
  5.713000000e-01 6.322000000e-01 5.234000000e-01
 Node:         93
  0.1159E+03  0.1217E+03  0.4876E+03  0.1916E-01
   0.004784
   2.949E-4
  -0.001175
  -0.006099
  -0.002733
   0.003955
  1.085000000e-02
  1.284000000e-04
  -3.415000000e-03
  1.286500000e-02
  2.521100000e-03
  6.064500000e-03
  -7.024000000e-01 -1.741000000e-01 6.902000000e-01
  5.726000000e-01 -7.142000000e-01 4.025000000e-01
  -4.229000000e-01 -6.779000000e-01 -6.013000000e-01
 Node:         94
  0.1311E+03  0.1261E+03  0.4533E+03  0.1916E-01
  -0.02732
  -0.02113
   0.02059
  -0.004355
  -0.002698
  -0.01514
  2.860000000e-02
  -1.397000000e-02
  -3.649000000e-02
  5.725400000e-02
  -7.286700000e-03
  2.699000000e-02
  -3.519000000e-01 9.358000000e-01 -2.268000000e-02
  -2.225000000e-01 -6.007000000e-02 9.731000000e-01
  -9.092000000e-01 -3.474000000e-01 -2.293000000e-01
 Node:         95
  0.1248E+03  0.1233E+03  0.4703E+03  0.1916E-01
   0.0182
  -0.01283
   0.004586
  -0.01382
   4.271E-6
  -0.01578
  2.915000000e-02
  -6.468000000e-04
  -2.150000000e-02
  4.409200000e-02
  2.334400000e-03
  2.078500000e-02
