 Group name: actual_strain_L4A2
 #Fields=  17
 1) coordinates, coordinate, rectangular cartesian, #Components=3
   x.  Value index= 1, #Derivatives=0
   y.  Value index= 2, #Derivatives=0
   z.  Value index= 3, #Derivatives=0
 2) dummy, field, rectangular cartesian, #Components=1
   Tensor_1.  Value index= 4, #Derivatives=0
 3) Tensor_1, field, rectangular cartesian, #Components=1
   Tensor_1.  Value index= 5, #Derivatives=0
 4) Tensor_2, field, rectangular cartesian, #Components=1
   Tensor_2.  Value index= 6, #Derivatives=0
 5) Tensor_3, field, rectangular cartesian, #Components=1
   Tensor_3.  Value index= 7, #Derivatives=0
 6) Tensor_4, field, rectangular cartesian, #Components=1
   Tensor_4.  Value index= 8, #Derivatives=0
 7) Tensor_5, field, rectangular cartesian, #Components=1
   Tensor_5.  Value index= 9, #Derivatives=0
 8) Tensor_6, field, rectangular cartesian, #Components=1
   Tensor_6.  Value index= 10, #Derivatives=0
 9) Principal_1, field, rectangular cartesian, #Components=1
   Principal_1.  Value index= 11, #Derivatives=0
 10) Principal_2, field, rectangular cartesian, #Components=1
   Principal_2.  Value index= 12, #Derivatives=0
 11) Principal_3, field, rectangular cartesian, #Components=1
   Principal_3.  Value index= 13, #Derivatives=0
 12) VonMises, field, rectangular cartesian, #Components=1
   VonMises.  Value index= 14, #Derivatives=0
 13) Hydrostatic, field, rectangular cartesian, #Components=1
   VonMises.  Value index= 15, #Derivatives=0
 14) Octahedral, field, rectangular cartesian, #Components=1
   VonMises.  Value index= 16, #Derivatives=0
 15) PrincipalVector1, field, rectangular cartesian, #Components=3
   x.  Value index= 17, #Derivatives=0
   y.  Value index= 18, #Derivatives=0
   z.  Value index= 19, #Derivatives=0
 16) PrincipalVector2, field, rectangular cartesian, #Components=3
   x.  Value index= 20, #Derivatives=0
   y.  Value index= 21, #Derivatives=0
   z.  Value index= 22, #Derivatives=0
 17) PrincipalVector3, field, rectangular cartesian, #Components=3
   x.  Value index= 23, #Derivatives=0
   y.  Value index= 24, #Derivatives=0
   z.  Value index= 25, #Derivatives=0
 Node:          1
  0.1287E+03  0.1133E+03  0.4908E+03 -0.3598E-04
  -1.11E-16
  -8.327E-17
  -2.22E-16
  -2.776E-17
  -4.163E-17
  -3.331E-16
  -6.637000000e-17
  -2.400000000e-16
  -3.598000000e-16
  2.555400000e-16
  -2.220600000e-16
  1.204600000e-16
  8.837000000e-01 -4.676000000e-01 -1.897000000e-02
  4.046000000e-01 7.837000000e-01 -4.712000000e-01
  2.352000000e-01 4.088000000e-01 8.818000000e-01
 Node:          2
  0.1292E+03  0.1137E+03  0.5052E+03 -0.3598E-04
  -5.551E-17
  -1.11E-16
  -1.665E-16
  -5.551E-17
   1.943E-16
  -2.776E-16
  8.603000000e-17
  -1.600000000e-16
  -4.256000000e-16
  4.431900000e-16
  -1.665200000e-16
  2.089200000e-16
  -6.554000000e-01 6.199000000e-01 4.313000000e-01
  7.522000000e-01 4.849000000e-01 4.462000000e-01
  -6.744000000e-02 -6.169000000e-01 7.841000000e-01
 Node:          3
  0.1289E+03  0.1155E+03  0.5194E+03 -0.3598E-04
   2.22E-16
   1.388E-16
   3.331E-16
   1.11E-16
   5.551E-17
   2.22E-16
  4.753000000e-16
  2.118000000e-16
  9.006000000e-17
  3.410700000e-16
  2.590500000e-16
  1.607800000e-16
  -5.696000000e-01 -7.144000000e-01 -4.063000000e-01
  2.395000000e-01 -6.172000000e-01 7.494000000e-01
  -7.862000000e-01 3.296000000e-01 5.227000000e-01
 Node:          4
  0.1361E+03  0.1141E+03  0.4915E+03 -0.3598E-04
   0.0
  -2.776E-17
  -1.11E-16
  -2.776E-17
  -8.327E-17
   2.22E-16
  2.435000000e-16
  6.328000000e-18
  -1.388000000e-16
  3.342600000e-16
  3.700900000e-17
  1.575700000e-16
  -8.549000000e-02 -2.215000000e-01 9.714000000e-01
  9.681000000e-01 -2.491000000e-01 2.840000000e-02
  2.357000000e-01 9.428000000e-01 2.357000000e-01
 Node:          5
  0.1341E+03  0.1144E+03  0.5054E+03 -0.3598E-04
   3.331E-16
   1.388E-16
   3.331E-16
   5.551E-17
  -6.939E-17
   4.441E-16
  4.814000000e-16
  4.627000000e-16
  1.662000000e-16
  3.062800000e-16
  3.701000000e-16
  1.443800000e-16
  -3.480000000e-01 -6.443000000e-01 6.810000000e-01
  -6.589000000e-01 -3.487000000e-01 -6.665000000e-01
  6.669000000e-01 -6.807000000e-01 -3.032000000e-01
 Node:          6
  0.1323E+03  0.1162E+03  0.5191E+03 -0.3598E-04
   2.22E-16
   5.551E-17
   2.22E-16
  -5.551E-17
  -2.776E-17
   0.0
  2.897000000e-16
  1.685000000e-16
  -1.402000000e-17
  2.648100000e-16
  1.480600000e-16
  1.248300000e-16
  -7.150000000e-01 -6.696000000e-01 2.012000000e-01
  6.656000000e-01 -7.399000000e-01 -9.741000000e-02
  -2.141000000e-01 -6.426000000e-02 -9.747000000e-01
 Node:          7
  0.1408E+03  0.1171E+03  0.4920E+03 -0.3598E-04
   3.331E-16
   2.22E-16
   2.22E-16
  -8.327E-17
  -1.11E-16
   0.0
  5.398000000e-16
  6.158000000e-17
  -4.631000000e-17
  5.403100000e-16
  1.850200000e-16
  2.547000000e-16
  -7.537000000e-01 -6.111000000e-01 2.419000000e-01
  -6.560000000e-01 6.770000000e-01 -3.335000000e-01
  -4.004000000e-02 4.101000000e-01 9.112000000e-01
 Node:          8
  0.1367E+03  0.1169E+03  0.5055E+03 -0.3598E-04
   2.22E-16
   1.943E-16
   2.22E-16
  -4.025E-16
  -2.359E-16
  -2.22E-16
  6.547000000e-16
  4.477000000e-17
  -4.775000000e-16
  9.814900000e-16
  7.399000000e-17
  4.626800000e-16
  -6.847000000e-01 -5.611000000e-01 4.652000000e-01
  5.685000000e-01 -8.105000000e-01 -1.409000000e-01
  -4.561000000e-01 -1.681000000e-01 -8.739000000e-01
 Node:          9
  0.1339E+03  0.1180E+03  0.5191E+03 -0.3598E-04
   2.22E-16
   1.665E-16
   0.0
  -3.955E-16
  -2.776E-16
   6.661E-16
  1.002000000e-15
  -9.379000000e-18
  -1.046000000e-16
  1.062200000e-15
  2.960100000e-16
  5.007200000e-16
  -4.817000000e-01 -3.073000000e-01 8.207000000e-01
  -8.565000000e-01 -3.292000000e-02 -5.150000000e-01
  -1.853000000e-01 9.510000000e-01 2.474000000e-01
 Node:         10
  0.1294E+03  0.1212E+03  0.4911E+03 -0.3598E-04
   0.0
   2.776E-17
   1.11E-16
  -1.388E-17
   1.249E-16
   1.11E-16
  2.363000000e-16
  2.303000000e-17
  -3.732000000e-17
  2.489900000e-16
  7.400300000e-17
  1.173800000e-16
  4.210000000e-02 7.100000000e-01 7.030000000e-01
  -7.813000000e-01 -4.152000000e-01 4.661000000e-01
  -6.228000000e-01 5.688000000e-01 -5.372000000e-01
 Node:         11
  0.1295E+03  0.1214E+03  0.5055E+03 -0.3598E-04
  -2.22E-16
  -2.776E-17
  -2.22E-16
  -4.163E-17
   1.388E-17
  -1.665E-16
  -1.365000000e-16
  -2.183000000e-16
  -2.558000000e-16
  1.056600000e-16
  -2.035300000e-16
  4.981100000e-17
  -4.935000000e-01 2.929000000e-01 8.189000000e-01
  3.541000000e-01 -7.924000000e-01 4.968000000e-01
  -7.944000000e-01 -5.351000000e-01 -2.873000000e-01
 Node:         12
  0.1295E+03  0.1217E+03  0.5196E+03 -0.3598E-04
   1.11E-16
   0.0
   1.11E-16
   7.633E-17
   2.776E-17
   2.22E-16
  2.649000000e-16
  1.110000000e-16
  6.816000000e-17
  1.792000000e-16
  1.480200000e-16
  8.447700000e-17
  -4.387000000e-01 -1.595000000e-01 -8.844000000e-01
  3.417000000e-01 -9.398000000e-01 -2.255000000e-17
  8.311000000e-01 3.022000000e-01 -4.668000000e-01
 Node:         13
  0.1361E+03  0.1199E+03  0.4914E+03 -0.3598E-04
   1.11E-16
  -1.388E-16
   0.0
  -9.714E-17
   2.776E-17
  -1.665E-16
  2.285000000e-16
  -8.520000000e-17
  -1.988000000e-16
  3.833400000e-16
  -1.850000000e-17
  1.807100000e-16
  8.171000000e-01 -5.252000000e-01 -2.378000000e-01
  4.648000000e-01 8.442000000e-01 -2.671000000e-01
  3.410000000e-01 1.077000000e-01 9.339000000e-01
 Node:         14
  0.1342E+03  0.1198E+03  0.5054E+03 -0.3598E-04
  -5.551E-17
   2.776E-17
   0.0
   5.551E-17
  -9.021E-17
   1.11E-16
  1.672000000e-16
  -4.940000000e-18
  -1.068000000e-16
  2.398800000e-16
  1.848700000e-17
  1.130800000e-16
  1.634000000e-01 -4.472000000e-01 8.794000000e-01
  -6.569000000e-01 -7.144000000e-01 -2.412000000e-01
  -7.361000000e-01 5.382000000e-01 4.105000000e-01
 Node:         15
  0.1330E+03  0.1205E+03  0.5193E+03 -0.3598E-04
   2.22E-16
  -8.327E-17
  -5.551E-17
   1.388E-17
   4.857E-17
   0.0
  2.451000000e-16
  2.471000000e-17
  -1.033000000e-16
  3.052400000e-16
  5.550300000e-17
  1.438900000e-16
  -9.638000000e-01 2.667000000e-01 -1.723000000e-03
  1.157000000e-01 4.239000000e-01 8.983000000e-01
  2.403000000e-01 8.656000000e-01 -4.394000000e-01
 Node:         16
  0.1404E+03  0.1188E+03  0.4918E+03 -0.3598E-04
   2.22E-16
   5.551E-17
   2.22E-16
  -8.327E-17
  -1.457E-16
   4.441E-16
  5.466000000e-16
  1.950000000e-16
  1.465000000e-16
  3.781900000e-16
  2.960300000e-16
  1.782800000e-16
  -2.927000000e-01 -4.328000000e-01 8.526000000e-01
  -9.222000000e-01 -1.077000000e-01 -3.713000000e-01
  -2.526000000e-01 8.950000000e-01 3.676000000e-01
 Node:         17
  0.1365E+03  0.1184E+03  0.5055E+03 -0.3598E-04
  -1.11E-16
   2.776E-17
  -1.11E-16
   9.714E-17
   1.7E-16
   0.0
  1.573000000e-16
  -1.341000000e-16
  -2.452000000e-16
  3.600400000e-16
  -7.400000000e-17
  1.697300000e-16
  3.368000000e-01 5.285000000e-01 7.792000000e-01
  8.927000000e-01 -4.425000000e-01 -8.566000000e-02
  -2.996000000e-01 -7.244000000e-01 6.209000000e-01
 Node:         18
  0.1341E+03  0.1191E+03  0.5192E+03 -0.3598E-04
   0.0
   0.0
   0.0
   2.645E-17
   1.065E-16
   4.441E-16
  4.697000000e-16
  -1.672000000e-33
  -2.562000000e-17
  4.830200000e-16
  1.480300000e-16
  2.277000000e-16
  -5.484000000e-02 -2.207000000e-01 -9.738000000e-01
  9.705000000e-01 -2.411000000e-01 -6.210000000e-17
  -2.348000000e-01 -9.451000000e-01 2.274000000e-01
 Node:         19
  0.1301E+03  0.1291E+03  0.4914E+03  0.0000E+00
   1.11E-16
   0.0
   1.11E-16
   2.101E-19
   1.001E-17
  -2.22E-16
  1.113000000e-16
  1.110000000e-16
  -2.223000000e-16
  3.334500000e-16
  0.000000000e+00
  1.571900000e-16
  -2.096000000e-02 -9.993000000e-01 -3.003000000e-02
  9.998000000e-01 -2.097000000e-02 1.345000000e-19
  6.298000000e-04 3.003000000e-02 -9.995000000e-01
 Node:         20
  0.1299E+03  0.1291E+03  0.5058E+03  0.0000E+00
   2.22E-16
   0.0
   0.0
   1.041E-17
   1.924E-17
  -5.551E-17
  2.224000000e-16
  5.975000000e-18
  -6.188000000e-17
  2.571600000e-16
  5.549800000e-17
  1.212200000e-16
  -9.993000000e-01 -3.257000000e-03 -3.765000000e-02
  1.428000000e-02 -9.549000000e-01 -2.965000000e-01
  -3.498000000e-02 -2.968000000e-01 9.543000000e-01
 Node:         21
  0.1301E+03  0.1280E+03  0.5197E+03  0.0000E+00
   1.11E-16
   0.0
   0.0
   4.163E-17
   1.475E-17
   1.11E-16
  1.534000000e-16
  7.089000000e-17
  -2.220000000e-18
  1.348500000e-16
  7.402300000e-17
  6.357000000e-17
  -6.994000000e-01 -6.840000000e-02 -7.114000000e-01
  -7.126000000e-01 1.429000000e-01 6.869000000e-01
  -5.465000000e-02 -9.874000000e-01 1.487000000e-01
 Node:         22
  0.1360E+03  0.1256E+03  0.4913E+03  0.0000E+00
  -2.22E-16
   1.388E-17
  -1.11E-16
  -1.388E-17
   1.006E-16
   1.11E-16
  1.500000000e-16
  -1.456000000e-16
  -2.264000000e-16
  3.432100000e-16
  -7.400000000e-17
  1.617900000e-16
  -2.144000000e-02 3.586000000e-01 9.332000000e-01
  2.280000000e-01 9.106000000e-01 -3.447000000e-01
  -9.734000000e-01 2.054000000e-01 -1.013000000e-01
 Node:         23
  0.1343E+03  0.1253E+03  0.5054E+03  0.0000E+00
   0.0
   2.082E-17
  -4.441E-16
   0.0
   1.314E-16
  -1.665E-16
  1.265000000e-18
  -1.147000000e-16
  -4.972000000e-16
  4.517900000e-16
  -2.035400000e-16
  2.129700000e-16
  9.970000000e-01 6.061000000e-02 4.746000000e-02
  6.644000000e-02 -3.661000000e-01 -9.282000000e-01
  3.888000000e-02 -9.286000000e-01 3.690000000e-01
 Node:         24
  0.1336E+03  0.1248E+03  0.5194E+03  0.0000E+00
  -2.22E-16
   1.214E-17
   0.0
   1.388E-17
   8.674E-19
  -1.665E-16
  6.779000000e-19
  -1.633000000e-16
  -2.259000000e-16
  2.026600000e-16
  -1.295100000e-16
  9.553700000e-17
  -5.504000000e-02 -9.984000000e-01 -9.747000000e-03
  2.257000000e-01 -2.195000000e-02 9.740000000e-01
  -9.726000000e-01 5.141000000e-02 2.265000000e-01
 Node:         25
  0.1400E+03  0.1206E+03  0.4917E+03  0.0000E+00
   0.0
   2.671E-16
  -1.11E-16
  -8.327E-17
  -1.301E-16
   2.22E-16
  3.681000000e-16
  7.580000000e-17
  -3.329000000e-16
  6.098700000e-16
  3.700000000e-17
  2.874900000e-16
  5.089000000e-01 4.781000000e-01 -7.159000000e-01
  6.086000000e-01 3.883000000e-01 6.920000000e-01
  6.088000000e-01 -7.878000000e-01 -9.334000000e-02
 Node:         26
  0.1363E+03  0.1200E+03  0.5055E+03  0.0000E+00
   2.22E-16
   1.076E-16
  -6.106E-16
   2.776E-17
  -1.124E-15
  -5.551E-17
  8.281000000e-16
  2.248000000e-16
  -1.497000000e-15
  2.089800000e-15
  -1.480300000e-16
  9.851500000e-16
  7.371000000e-02 6.174000000e-01 -7.832000000e-01
  9.955000000e-01 1.018000000e-03 9.449000000e-02
  -5.914000000e-02 7.866000000e-01 6.146000000e-01
 Node:         27
  0.1343E+03  0.1203E+03  0.5192E+03  0.0000E+00
   2.22E-16
  -1.943E-16
   2.22E-16
  -1.041E-16
   1.313E-15
   0.0
  1.466000000e-15
  1.875000000e-16
  -1.209000000e-15
  2.317400000e-15
  1.481700000e-16
  1.092400000e-15
  -1.693000000e-01 7.280000000e-01 6.643000000e-01
  9.848000000e-01 9.849000000e-02 1.431000000e-01
  3.876000000e-02 6.785000000e-01 -7.336000000e-01
 Node:         28
  0.1155E+03  0.1124E+03  0.4931E+03 -0.2126E-03
  -2.22E-16
   3.816E-17
   2.22E-16
  -5.551E-17
   5.551E-17
   1.11E-16
  2.455000000e-16
  1.014000000e-16
  -2.359000000e-16
  4.279500000e-16
  3.700000000e-17
  2.017400000e-16
  3.184000000e-02 9.284000000e-01 3.701000000e-01
  1.988000000e-01 3.571000000e-01 -9.127000000e-01
  9.795000000e-01 -1.026000000e-01 1.732000000e-01
 Node:         29
  0.1119E+03  0.1139E+03  0.5068E+03 -0.2126E-03
  -2.22E-16
  -2.082E-17
   0.0
   5.551E-17
   6.939E-18
  -3.331E-16
  1.944000000e-18
  -2.004000000e-16
  -3.566000000e-16
  3.113600000e-16
  -1.850200000e-16
  1.467800000e-16
  -9.118000000e-02 9.958000000e-01 5.517000000e-03
  -9.179000000e-01 -8.189000000e-02 -3.884000000e-01
  -3.863000000e-01 -4.048000000e-02 9.215000000e-01
 Node:         30
  0.1113E+03  0.1159E+03  0.5206E+03 -0.2126E-03
   2.22E-16
   1.249E-16
   2.22E-16
   0.0
  -2.776E-17
   1.11E-16
  3.486000000e-16
  1.238000000e-16
  8.277000000e-17
  2.478800000e-16
  1.850600000e-16
  1.168500000e-16
  -7.001000000e-01 -7.092000000e-01 8.287000000e-02
  -4.685000000e-01 3.686000000e-01 -8.029000000e-01
  -5.389000000e-01 6.009000000e-01 5.903000000e-01
 Node:         31
  0.1203E+03  0.1126E+03  0.4920E+03 -0.2126E-03
  -5.551E-17
   9.714E-17
  -1.11E-16
   2.776E-17
   4.163E-17
  -5.551E-17
  4.114000000e-17
  -7.661000000e-17
  -1.866000000e-16
  1.972700000e-16
  -7.402300000e-17
  9.299200000e-17
  -6.956000000e-01 -5.654000000e-01 -4.433000000e-01
  4.358000000e-01 1.585000000e-01 -8.860000000e-01
  5.712000000e-01 -8.095000000e-01 1.362000000e-01
 Node:         32
  0.1188E+03  0.1134E+03  0.5062E+03 -0.2126E-03
   2.22E-16
  -1.388E-17
  -1.11E-16
  -2.776E-17
   9.714E-17
  -5.551E-17
  2.266000000e-16
  1.331000000e-17
  -1.844000000e-16
  3.560200000e-16
  1.850300000e-17
  1.678300000e-16
  -9.894000000e-01 7.624000000e-02 1.236000000e-01
  1.445000000e-01 5.992000000e-01 7.875000000e-01
  1.402000000e-02 -7.970000000e-01 6.038000000e-01
 Node:         33
  0.1183E+03  0.1150E+03  0.5201E+03 -0.2126E-03
   1.11E-16
   5.551E-17
   0.0
   8.327E-17
   0.0
   0.0
  1.700000000e-16
  0.000000000e+00
  -5.893000000e-17
  2.058900000e-16
  3.702300000e-17
  9.705800000e-17
  -8.617000000e-01 -2.815000000e-01 -4.222000000e-01
  0.000000000e+00 -8.321000000e-01 5.547000000e-01
  -5.074000000e-01 4.780000000e-01 7.170000000e-01
 Node:         34
  0.1255E+03  0.1129E+03  0.4909E+03 -0.2126E-03
   0.0
   0.0
   0.0
   5.551E-17
   9.714E-17
   0.0
  1.119000000e-16
  3.387000000e-33
  -1.119000000e-16
  1.938200000e-16
  0.000000000e+00
  9.136600000e-17
  -3.508000000e-01 -6.139000000e-01 -7.071000000e-01
  8.682000000e-01 -4.961000000e-01 -4.855000000e-17
  -3.508000000e-01 -6.139000000e-01 7.071000000e-01
 Node:         35
  0.1260E+03  0.1135E+03  0.5054E+03 -0.2126E-03
   0.0
   1.11E-16
  -1.11E-16
   1.11E-16
   2.498E-16
  -1.11E-16
  2.410000000e-16
  -1.023000000e-16
  -3.608000000e-16
  5.229000000e-16
  -7.403300000e-17
  2.465000000e-16
  5.458000000e-01 5.925000000e-01 5.925000000e-01
  8.379000000e-01 -3.859000000e-01 -3.859000000e-01
  -4.975000000e-17 -7.071000000e-01 7.071000000e-01
 Node:         36
  0.1257E+03  0.1153E+03  0.5196E+03 -0.2126E-03
   0.0
  -5.551E-17
   0.0
  -5.551E-17
   8.327E-17
   0.0
  1.305000000e-16
  -4.723000000e-17
  -8.327000000e-17
  1.982200000e-16
  0.000000000e+00
  9.344300000e-17
  -5.155000000e-01 6.059000000e-01 6.059000000e-01
  8.569000000e-01 3.645000000e-01 3.645000000e-01
  -1.256000000e-16 7.071000000e-01 -7.071000000e-01
 Node:         37
  0.1132E+03  0.1210E+03  0.4959E+03 -0.2126E-03
  -2.22E-16
   1.388E-16
  -2.22E-16
  -8.327E-17
   1.804E-16
  -2.776E-16
  -4.482000000e-17
  -1.622000000e-16
  -5.146000000e-16
  4.234700000e-16
  -2.405400000e-16
  1.996300000e-16
  3.971000000e-01 7.887000000e-01 4.693000000e-01
  -7.874000000e-01 3.010000000e-02 6.157000000e-01
  4.715000000e-01 -6.140000000e-01 6.330000000e-01
 Node:         38
  0.1111E+03  0.1204E+03  0.5085E+03 -0.2126E-03
  -1.665E-16
   9.714E-17
   0.0
  -2.776E-17
  -8.327E-17
  -2.22E-16
  7.071000000e-17
  -2.091000000e-16
  -2.502000000e-16
  3.024600000e-16
  -1.295300000e-16
  1.425800000e-16
  -3.916000000e-01 -8.746000000e-01 2.859000000e-01
  9.154000000e-01 -3.389000000e-01 2.170000000e-01
  9.287000000e-02 -3.467000000e-01 -9.334000000e-01
 Node:         39
  0.1119E+03  0.1201E+03  0.5207E+03 -0.2126E-03
  -5.551E-17
  -9.714E-17
  -3.331E-16
  -8.327E-17
  -7.633E-17
  -1.11E-16
  8.934000000e-18
  -1.105000000e-16
  -3.981000000e-16
  3.623900000e-16
  -1.665600000e-16
  1.708300000e-16
  8.510000000e-01 -1.281000000e-01 -5.092000000e-01
  4.076000000e-01 -4.503000000e-01 7.944000000e-01
  -3.311000000e-01 -8.836000000e-01 -3.310000000e-01
 Node:         40
  0.1191E+03  0.1220E+03  0.4937E+03 -0.2126E-03
   0.0
   8.327E-17
  -2.22E-16
   8.327E-17
  -1.388E-17
  -2.22E-16
  4.872000000e-17
  -2.082000000e-16
  -2.846000000e-16
  3.024500000e-16
  -1.480300000e-16
  1.425700000e-16
  -9.240000000e-01 -2.703000000e-01 -2.703000000e-01
  0.000000000e+00 -7.071000000e-01 7.071000000e-01
  3.823000000e-01 -6.534000000e-01 -6.534000000e-01
 Node:         41
  0.1182E+03  0.1217E+03  0.5073E+03 -0.2126E-03
   0.0
  -2.776E-17
  -5.551E-17
   5.551E-17
   9.714E-17
   1.11E-16
  1.653000000e-16
  1.073000000e-17
  -1.206000000e-16
  2.478700000e-16
  1.847700000e-17
  1.168500000e-16
  2.406000000e-01 3.653000000e-01 8.993000000e-01
  -8.901000000e-01 4.526000000e-01 5.428000000e-02
  -3.871000000e-01 -8.135000000e-01 4.340000000e-01
 Node:         42
  0.1187E+03  0.1212E+03  0.5204E+03 -0.2126E-03
   0.0
  -5.551E-17
  -1.11E-16
   0.0
   5.551E-17
   1.11E-16
  1.256000000e-16
  1.887000000e-17
  -1.444000000e-16
  2.355300000e-16
  2.333300000e-20
  1.110300000e-16
  1.113000000e-01 -2.517000000e-01 -9.614000000e-01
  9.295000000e-01 -3.159000000e-01 1.903000000e-01
  -3.516000000e-01 -9.148000000e-01 1.988000000e-01
 Node:         43
  0.1258E+03  0.1217E+03  0.4915E+03 -0.2126E-03
   2.22E-16
   1.11E-16
   1.11E-16
  -1.388E-17
   0.0
  -5.551E-17
  2.911000000e-16
  4.294000000e-17
  -5.645000000e-17
  3.100400000e-16
  9.253000000e-17
  1.461600000e-16
  -8.507000000e-01 -5.246000000e-01 3.406000000e-02
  -5.213000000e-01 8.502000000e-01 7.348000000e-02
  6.751000000e-02 -4.475000000e-02 9.967000000e-01
 Node:         44
  0.1259E+03  0.1220E+03  0.5059E+03 -0.2126E-03
  -2.22E-16
   1.388E-16
  -2.22E-16
   9.714E-17
   1.11E-16
  -1.11E-16
  5.081000000e-17
  -2.445000000e-16
  -3.614000000e-16
  3.679600000e-16
  -1.850300000e-16
  1.734600000e-16
  -5.113000000e-01 -5.340000000e-01 -6.733000000e-01
  -5.198000000e-01 -4.318000000e-01 7.372000000e-01
  -6.844000000e-01 7.269000000e-01 -5.679000000e-02
 Node:         45
  0.1261E+03  0.1221E+03  0.5198E+03 -0.2126E-03
  -5.551E-17
  -8.327E-17
  -2.776E-16
   2.776E-17
  -6.939E-18
   1.11E-16
  1.167000000e-16
  -3.339000000e-17
  -3.053000000e-16
  3.705000000e-16
  -7.399700000e-17
  1.746600000e-16
  1.854000000e-01 -5.643000000e-02 9.810000000e-01
  9.302000000e-01 -3.117000000e-01 -1.938000000e-01
  -3.167000000e-01 -9.485000000e-01 5.308000000e-03
 Node:         46
  0.1117E+03  0.1296E+03  0.4959E+03  0.0000E+00
  -5.551E-17
   2.776E-17
  -1.665E-16
   6.939E-18
  -2.602E-17
   0.0
  4.101000000e-18
  -4.897000000e-17
  -1.772000000e-16
  1.614500000e-16
  -7.402300000e-17
  7.610600000e-17
  4.856000000e-02 -1.429000000e-01 9.886000000e-01
  9.724000000e-01 2.327000000e-01 -1.414000000e-02
  -2.280000000e-01 9.620000000e-01 1.502000000e-01
 Node:         47
  0.1107E+03  0.1269E+03  0.5087E+03  0.0000E+00
  -1.665E-16
  -3.123E-17
   1.11E-16
  -2.776E-17
   3.99E-17
   0.0
  1.289000000e-16
  -1.114000000e-17
  -1.732000000e-16
  2.618600000e-16
  -1.848000000e-17
  1.234400000e-16
  -1.292000000e-01 9.390000000e-01 3.186000000e-01
  -1.008000000e-01 -3.321000000e-01 9.379000000e-01
  -9.865000000e-01 -8.906000000e-02 -1.376000000e-01
 Node:         48
  0.1125E+03  0.1242E+03  0.5208E+03  0.0000E+00
   1.11E-16
   3.469E-18
   1.11E-16
   0.0
  -1.735E-18
   1.11E-16
  1.149000000e-16
  1.110000000e-16
  1.071000000e-16
  6.755000000e-18
  1.110000000e-16
  3.184300000e-18
  -6.325000000e-01 -7.071000000e-01 3.162000000e-01
  4.472000000e-01 -4.455000000e-15 8.944000000e-01
  -6.325000000e-01 7.071000000e-01 3.162000000e-01
 Node:         49
  0.1186E+03  0.1311E+03  0.4938E+03  0.0000E+00
  -1.665E-16
  -2.082E-17
   0.0
  -4.163E-17
  -6.072E-18
  -5.551E-17
  2.581000000e-18
  -4.165000000e-17
  -1.830000000e-16
  1.678900000e-16
  -7.402300000e-17
  7.914600000e-17
  1.174000000e-01 -9.929000000e-01 1.965000000e-02
  -3.135000000e-01 -1.827000000e-02 9.494000000e-01
  -9.423000000e-01 -1.176000000e-01 -3.134000000e-01
 Node:         50
  0.1180E+03  0.1298E+03  0.5075E+03  0.0000E+00
   0.0
  -1.301E-17
   3.331E-16
  -4.163E-17
   1.247E-17
   2.22E-16
  3.354000000e-16
  2.276000000e-16
  -7.879000000e-18
  3.040700000e-16
  1.850400000e-16
  1.433400000e-16
  5.441000000e-02 -9.902000000e-01 -1.289000000e-01
  -1.707000000e-01 -1.364000000e-01 9.758000000e-01
  9.838000000e-01 3.109000000e-02 1.765000000e-01
 Node:         51
  0.1192E+03  0.1275E+03  0.5206E+03  0.0000E+00
   0.0
  -3.469E-18
  -5.551E-17
   0.0
   1.475E-17
   1.11E-16
  1.123000000e-16
  2.087000000e-19
  -5.702000000e-17
  1.491800000e-16
  1.849600000e-17
  7.032400000e-17
  -2.705000000e-03 8.758000000e-02 9.962000000e-01
  9.982000000e-01 -6.004000000e-02 7.989000000e-03
  -6.051000000e-02 -9.943000000e-01 8.725000000e-02
 Node:         52
  0.1262E+03  0.1305E+03  0.4920E+03  0.0000E+00
   1.11E-16
  -1.388E-17
   1.11E-16
   1.301E-18
   4.906E-18
   0.0
  1.250000000e-16
  9.734000000e-17
  -2.497000000e-19
  1.139700000e-16
  7.403000000e-17
  5.372400000e-17
  -7.047000000e-01 7.092000000e-01 2.051000000e-02
  7.093000000e-01 7.034000000e-01 4.493000000e-02
  -1.744000000e-02 -4.621000000e-02 9.988000000e-01
 Node:         53
  0.1258E+03  0.1304E+03  0.5063E+03  0.0000E+00
  -1.665E-16
  -1.735E-18
  -1.11E-16
   2.776E-17
   3.383E-17
  -2.22E-16
  -1.010000000e-16
  -1.572000000e-16
  -2.414000000e-16
  1.223900000e-16
  -1.665300000e-16
  5.769700000e-17
  9.684000000e-02 9.526000000e-01 2.883000000e-01
  -9.346000000e-01 1.866000000e-01 -3.027000000e-01
  -3.422000000e-01 -2.402000000e-01 9.084000000e-01
 Node:         54
  0.1265E+03  0.1288E+03  0.5200E+03  0.0000E+00
  -2.22E-16
   2.082E-17
   1.11E-16
   0.0
  -4.337E-18
   1.11E-16
  1.160000000e-16
  1.073000000e-16
  -2.233000000e-16
  3.350300000e-16
  0.000000000e+00
  1.579400000e-16
  -4.656000000e-02 -7.562000000e-01 6.527000000e-01
  -4.117000000e-02 -6.514000000e-01 -7.576000000e-01
  -9.981000000e-01 6.215000000e-02 8.061000000e-04
 Node:         55
  0.1381E+03  0.1168E+03  0.4526E+03  0.7636E-02
   0.008028
  -0.007432
   0.004708
  -0.002243
   0.01088
  -0.02256
  1.603000000e-02
  5.147000000e-04
  -2.637000000e-02
  3.715700000e-02
  -3.275100000e-03
  1.751600000e-02
  -6.960000000e-01 6.796000000e-01 2.320000000e-01
  7.180000000e-01 6.539000000e-01 2.385000000e-01
  -1.037000000e-02 -3.326000000e-01 9.430000000e-01
 Node:         56
  0.1314E+03  0.1156E+03  0.4683E+03  0.7636E-02
   0.0138
  -0.008738
   0.004053
  -0.006545
   0.005643
  -0.01131
  2.117000000e-02
  -9.063000000e-04
  -1.371000000e-02
  3.056100000e-02
  2.184600000e-03
  1.440600000e-02
  -8.249000000e-01 5.050000000e-01 2.540000000e-01
  5.433000000e-01 8.323000000e-01 1.097000000e-01
  1.560000000e-01 -2.285000000e-01 9.610000000e-01
 Node:         57
  0.1285E+03  0.1140E+03  0.4823E+03  0.7636E-02
   0.004355
  -0.003219
   0.002298
  -0.001945
   0.001367
  -1.531E-4
  7.449000000e-03
  -5.092000000e-05
  -8.983000000e-04
  7.957500000e-03
  2.166600000e-03
  3.751200000e-03
  -7.718000000e-01 5.615000000e-01 2.984000000e-01
  5.760000000e-01 8.162000000e-01 -4.587000000e-02
  2.693000000e-01 -1.365000000e-01 9.533000000e-01
 Node:         58
  0.1478E+03  0.1176E+03  0.4530E+03  0.7636E-02
   0.006859
  -0.008108
   0.01167
  -0.001341
   0.007332
  -0.04393
  1.844000000e-02
  1.036000000e-03
  -4.488000000e-02
  5.666000000e-02
  -8.468000000e-03
  2.671000000e-02
  -5.785000000e-01 8.086000000e-01 1.075000000e-01
  8.157000000e-01 5.743000000e-01 6.933000000e-02
  5.682000000e-03 -1.278000000e-01 9.918000000e-01
 Node:         59
  0.1415E+03  0.1165E+03  0.4691E+03  0.7636E-02
   0.02192
  -0.01393
   0.01015
  -0.01399
   0.01139
  -0.01237
  3.762000000e-02
  1.039000000e-03
  -1.896000000e-02
  4.969600000e-02
  6.566300000e-03
  2.342700000e-02
  -7.752000000e-01 5.334000000e-01 3.385000000e-01
  5.867000000e-01 8.065000000e-01 7.267000000e-02
  2.343000000e-01 -2.549000000e-01 9.381000000e-01
 Node:         60
  0.1374E+03  0.1150E+03  0.4832E+03  0.7636E-02
   0.009199
  -0.006736
   0.004963
  -0.006693
   0.0045
   0.002411
  1.825000000e-02
  6.799000000e-05
  -1.741000000e-03
  1.915100000e-02
  5.525700000e-03
  9.027700000e-03
  -7.233000000e-01 5.206000000e-01 4.537000000e-01
  5.169000000e-01 8.438000000e-01 -1.441000000e-01
  4.578000000e-01 -1.303000000e-01 8.794000000e-01
 Node:         61
  0.1548E+03  0.1218E+03  0.4534E+03  0.7636E-02
   0.01889
  -0.006789
  -0.003036
   0.004337
  -0.008076
  -0.02169
  2.179000000e-02
  -2.860000000e-03
  -2.477000000e-02
  4.034500000e-02
  -1.946700000e-03
  1.901900000e-02
  9.400000000e-01 -3.060000000e-01 1.506000000e-01
  3.386000000e-01 8.905000000e-01 -3.040000000e-01
  -4.109000000e-02 3.367000000e-01 9.407000000e-01
 Node:         62
  0.1488E+03  0.1201E+03  0.4698E+03  0.7636E-02
   0.03113
  -0.02291
   0.00933
  -0.01436
   0.007099
   0.01117
  5.185000000e-02
  5.164000000e-03
  -5.386000000e-03
  5.275800000e-02
  1.720900000e-02
  2.487000000e-02
  -7.927000000e-01 4.882000000e-01 3.651000000e-01
  2.270000000e-01 -3.195000000e-01 9.200000000e-01
  5.657000000e-01 8.122000000e-01 1.425000000e-01
 Node:         63
  0.1436E+03  0.1181E+03  0.4838E+03  0.7636E-02
   0.007932
  -0.01141
   0.01233
  -0.00556
   0.00779
   0.005105
  2.610000000e-02
  9.181000000e-04
  -1.649000000e-03
  2.655900000e-02
  8.456400000e-03
  1.252000000e-02
  -5.717000000e-01 7.082000000e-01 4.142000000e-01
  -4.468000000e-01 1.547000000e-01 -8.812000000e-01
  -6.881000000e-01 -6.888000000e-01 2.281000000e-01
 Node:         64
  0.1411E+03  0.1253E+03  0.4524E+03  0.7636E-02
  -0.01712
  -0.009126
   0.02165
  -9.114E-4
   0.00108
  -0.01601
  2.373000000e-02
  -1.592000000e-02
  -1.930000000e-02
  4.144400000e-02
  -3.830000000e-03
  1.953700000e-02
  -2.186000000e-01 9.753000000e-01 3.152000000e-02
  -1.860000000e-01 -7.336000000e-02 9.798000000e-01
  9.579000000e-01 2.083000000e-01 1.975000000e-01
 Node:         65
  0.1339E+03  0.1229E+03  0.4683E+03  0.7636E-02
   0.003398
  -0.01528
   0.01477
  -0.004573
   0.001764
  -0.009941
  2.585000000e-02
  -5.653000000e-03
  -1.197000000e-02
  3.509100000e-02
  2.742300000e-03
  1.654200000e-02
  5.747000000e-01 -8.105000000e-01 -1.134000000e-01
  -6.749000000e-01 -5.477000000e-01 4.944000000e-01
  -4.628000000e-01 -2.076000000e-01 -8.618000000e-01
 Node:         66
  0.1299E+03  0.1214E+03  0.4825E+03  0.7636E-02
   0.004966
  -0.004848
   0.004388
  -0.001909
   0.001482
  -3.006E-4
  1.009000000e-02
  -1.125000000e-04
  -9.249000000e-04
  1.063200000e-02
  3.017500000e-03
  5.012000000e-03
  -7.125000000e-01 6.644000000e-01 2.256000000e-01
  6.059000000e-01 7.448000000e-01 -2.796000000e-01
  3.538000000e-01 6.252000000e-02 9.332000000e-01
 Node:         67
  0.1495E+03  0.1243E+03  0.4529E+03  0.7636E-02
  -0.009521
  -0.008117
   0.02016
  -6.864E-4
   0.002236
  -0.0397
  2.232000000e-02
  -1.160000000e-02
  -3.978000000e-02
  5.385700000e-02
  -9.686700000e-03
  2.538800000e-02
  -2.476000000e-01 9.681000000e-01 3.765000000e-02
  9.688000000e-01 2.479000000e-01 -3.935000000e-03
  1.314000000e-02 -3.550000000e-02 9.993000000e-01
 Node:         68
  0.1429E+03  0.1223E+03  0.4690E+03  0.7636E-02
   0.01948
  -0.01748
   0.01782
  -0.01171
   0.005195
  -0.02153
  3.859000000e-02
  1.826000000e-03
  -2.465000000e-02
  5.500800000e-02
  5.255300000e-03
  2.593100000e-02
  -7.250000000e-01 6.596000000e-01 1.982000000e-01
  6.415000000e-01 7.514000000e-01 -1.544000000e-01
  2.508000000e-01 -1.518000000e-02 9.679000000e-01
 Node:         69
  0.1379E+03  0.1205E+03  0.4831E+03  0.7636E-02
   0.01042
  -0.007269
   0.005675
  -0.005466
   0.003351
  -4.553E-6
  1.797000000e-02
  4.778000000e-04
  -2.358000000e-03
  1.906900000e-02
  5.363300000e-03
  8.989200000e-03
  -7.680000000e-01 5.456000000e-01 3.353000000e-01
  5.262000000e-01 8.361000000e-01 -1.551000000e-01
  3.650000000e-01 -5.730000000e-02 9.292000000e-01
 Node:         70
  0.1551E+03  0.1239E+03  0.4534E+03  0.7636E-02
  -0.002021
  -0.01048
   0.01251
  -0.006744
   0.005252
  -0.05023
  1.887000000e-02
  -7.230000000e-03
  -5.139000000e-02
  6.151300000e-02
  -1.325000000e-02
  2.899800000e-02
  4.742000000e-01 -8.732000000e-01 -1.126000000e-01
  8.719000000e-01 4.835000000e-01 -7.768000000e-02
  -1.223000000e-01 6.137000000e-02 -9.906000000e-01
 Node:         71
  0.1490E+03  0.1220E+03  0.4697E+03  0.7636E-02
   0.03309
  -0.01581
   0.01442
  -0.02261
   0.009632
  -0.01822
  5.077000000e-02
  5.600000000e-03
  -2.708000000e-02
  6.770900000e-02
  9.763300000e-03
  3.191800000e-02
  -8.287000000e-01 4.489000000e-01 3.343000000e-01
  4.529000000e-01 8.887000000e-01 -7.061000000e-02
  3.288000000e-01 -9.290000000e-02 9.398000000e-01
 Node:         72
  0.1435E+03  0.1199E+03  0.4838E+03  0.7636E-02
   0.01635
  -0.007793
   0.004671
  -0.009579
   0.004429
   0.001764
  2.503000000e-02
  7.947000000e-04
  -3.041000000e-03
  2.636300000e-02
  7.594600000e-03
  1.242800000e-02
  -8.170000000e-01 4.025000000e-01 4.130000000e-01
  4.130000000e-01 9.082000000e-01 -6.817000000e-02
  4.025000000e-01 -1.149000000e-01 9.082000000e-01
 Node:         73
  0.1440E+03  0.1339E+03  0.4521E+03  0.0000E+00
   0.01915
  -1.182E-4
  -0.01558
  -0.003446
   0.002635
   0.002878
  1.986000000e-02
  2.540000000e-03
  -1.595000000e-02
  3.101800000e-02
  2.150000000e-03
  1.462200000e-02
  -9.793000000e-01 1.825000000e-02 2.015000000e-01
  2.021000000e-01 1.397000000e-01 9.694000000e-01
  1.046000000e-02 -9.900000000e-01 1.405000000e-01
 Node:         74
  0.1364E+03  0.1303E+03  0.4682E+03  0.0000E+00
   0.03391
   0.01119
  -0.002404
   0.002677
   0.00437
   0.009096
  3.759000000e-02
  9.390000000e-03
  -6.374000000e-03
  3.857800000e-02
  1.353500000e-02
  1.818600000e-02
  -9.507000000e-01 -2.806000000e-01 -1.324000000e-01
  -1.875000000e-01 1.798000000e-01 9.657000000e-01
  -2.471000000e-01 9.428000000e-01 -2.236000000e-01
 Node:         75
  0.1313E+03  0.1288E+03  0.4826E+03  0.0000E+00
   0.01507
   0.004608
   8.607E-4
   0.001231
   6.403E-4
   0.001219
  1.655000000e-02
  1.140000000e-03
  -5.452000000e-04
  1.631800000e-02
  5.714900000e-03
  7.692400000e-03
  -9.547000000e-01 -2.840000000e-01 -8.851000000e-02
  -1.290000000e-01 1.270000000e-01 9.835000000e-01
  -2.680000000e-01 9.504000000e-01 -1.579000000e-01
 Node:         76
  0.1513E+03  0.1309E+03  0.4527E+03  0.0000E+00
   0.01501
  -0.00197
  -0.01574
  -0.004044
   8.319E-4
  -0.001072
  1.611000000e-02
  -2.023000000e-03
  -1.589000000e-02
  2.779500000e-02
  -6.010000000e-04
  1.310300000e-02
  -9.705000000e-01 6.610000000e-02 2.317000000e-01
  2.338000000e-01 2.536000000e-02 9.720000000e-01
  -5.837000000e-02 -9.975000000e-01 4.006000000e-02
 Node:         77
  0.1444E+03  0.1281E+03  0.4689E+03  0.0000E+00
   0.04095
   0.01069
  -0.002851
   0.003145
   0.002408
   0.004267
  4.374000000e-02
  4.216000000e-03
  -5.599000000e-03
  4.523700000e-02
  1.411900000e-02
  2.132500000e-02
  -9.696000000e-01 -2.271000000e-01 -9.111000000e-02
  -1.259000000e-01 1.440000000e-01 9.815000000e-01
  -2.098000000e-01 9.632000000e-01 -1.682000000e-01
 Node:         78
  0.1384E+03  0.1261E+03  0.4829E+03  0.0000E+00
   0.0178
   0.005851
   0.001032
   0.001811
   8.471E-4
   8.417E-4
  1.985000000e-02
  6.817000000e-04
  -8.540000000e-04
  1.998000000e-02
  6.559200000e-03
  9.418900000e-03
  -9.484000000e-01 -2.995000000e-01 -1.037000000e-01
  -1.499000000e-01 1.355000000e-01 9.794000000e-01
  -2.793000000e-01 9.444000000e-01 -1.735000000e-01
 Node:         79
  0.1553E+03  0.1259E+03  0.4534E+03  0.0000E+00
   0.008247
  -0.002348
  -0.04574
  -0.01036
   8.243E-4
  -0.01012
  1.301000000e-02
  -1.478000000e-02
  -4.585000000e-02
  5.100100000e-02
  -1.587300000e-02
  2.404200000e-02
  9.113000000e-01 -4.216000000e-02 -4.095000000e-01
  4.096000000e-01 -6.767000000e-03 9.122000000e-01
  -4.123000000e-02 -9.991000000e-01 1.110000000e-02
 Node:         80
  0.1492E+03  0.1239E+03  0.4697E+03  0.0000E+00
   0.04859
   0.003446
  -0.02858
   0.006676
   0.002931
  -0.002114
  4.964000000e-02
  -2.746000000e-03
  -2.900000000e-02
  6.934600000e-02
  5.964700000e-03
  3.269000000e-02
  -9.903000000e-01 -4.852000000e-02 -1.305000000e-01
  -1.346000000e-01 9.396000000e-02 9.864000000e-01
  3.560000000e-02 -9.944000000e-01 9.958000000e-02
 Node:         81
  0.1433E+03  0.1217E+03  0.4837E+03  0.0000E+00
   0.021
   0.004567
  -0.002435
   0.006685
   0.001942
   0.001989
  2.403000000e-02
  -6.168000000e-05
  -3.422000000e-03
  2.593600000e-02
  6.848800000e-03
  1.222600000e-02
  -9.361000000e-01 -1.835000000e-01 -3.001000000e-01
  -3.266000000e-01 1.369000000e-01 9.352000000e-01
  1.306000000e-01 -9.734000000e-01 1.881000000e-01
 Node:         82
  0.1267E+03  0.1148E+03  0.4557E+03  0.1185E-01
   0.01208
  -0.008183
  -0.003307
  -0.002976
  -3.247E-4
  -0.004939
  1.595000000e-02
  -4.387000000e-03
  -7.722000000e-03
  2.219300000e-02
  1.280300000e-03
  1.046200000e-02
  -9.140000000e-01 3.863000000e-01 1.242000000e-01
  -1.017000000e-01 -5.145000000e-01 8.515000000e-01
  3.929000000e-01 7.656000000e-01 5.095000000e-01
 Node:         83
  0.1234E+03  0.1129E+03  0.4717E+03  0.1185E-01
   0.003911
  -0.006163
  -0.002927
  -0.005864
   7.095E-4
   0.001643
  1.084000000e-02
  -8.632000000e-04
  -7.351000000e-03
  1.596800000e-02
  8.752700000e-04
  7.527500000e-03
  -7.697000000e-01 3.713000000e-01 5.194000000e-01
  2.734000000e-01 -5.434000000e-01 7.937000000e-01
  5.769000000e-01 7.529000000e-01 3.168000000e-01
 Node:         84
  0.1187E+03  0.1123E+03  0.4849E+03  0.1185E-01
   3.669E-4
  -5.684E-4
  -2.966E-4
  -0.001594
   8.135E-5
   0.002308
  3.239000000e-03
  3.369000000e-05
  -8.946000000e-04
  3.756500000e-03
  7.927000000e-04
  1.770800000e-03
  -4.980000000e-01 9.988000000e-02 8.614000000e-01
  -5.047000000e-01 7.744000000e-01 -3.815000000e-01
  -7.052000000e-01 -6.247000000e-01 -3.352000000e-01
 Node:         85
  0.1302E+03  0.1161E+03  0.4545E+03  0.1185E-01
   0.01343
  -0.009217
  -0.002929
  -0.002861
  -8.13E-4
  -0.008894
  1.777000000e-02
  -5.924000000e-03
  -1.024000000e-02
  2.612100000e-02
  5.353300000e-04
  1.231300000e-02
  -9.114000000e-01 4.026000000e-01 8.551000000e-02
  3.058000000e-01 8.015000000e-01 -5.139000000e-01
  2.754000000e-01 4.422000000e-01 8.536000000e-01
 Node:         86
  0.1252E+03  0.1138E+03  0.4700E+03  0.1185E-01
  -0.006628
  -0.005987
   0.01388
  -0.01285
   0.002768
  -6.434E-4
  1.816000000e-02
  5.571000000e-03
  -1.713000000e-02
  3.097700000e-02
  2.200300000e-03
  1.460300000e-02
  4.051000000e-01 -8.231000000e-01 -3.980000000e-01
  -4.555000000e-01 -5.591000000e-01 6.928000000e-01
  7.928000000e-01 9.940000000e-02 6.014000000e-01
 Node:         87
  0.1217E+03  0.1126E+03  0.4833E+03  0.1185E-01
   0.001388
  -4.671E-4
  -1.762E-4
  -0.002623
   3.243E-4
   0.00278
  4.856000000e-03
  -1.705000000e-04
  -6.935000000e-04
  5.307400000e-03
  1.330700000e-03
  2.501900000e-03
  -6.089000000e-01 1.072000000e-01 7.860000000e-01
  2.155000000e-01 -9.312000000e-01 2.939000000e-01
  7.634000000e-01 3.484000000e-01 5.439000000e-01
 Node:         88
  0.1338E+03  0.1169E+03  0.4528E+03  0.1185E-01
   0.006147
  -0.009521
   6.957E-4
  -0.002884
   0.003386
  -0.003457
  1.438000000e-02
  -4.137000000e-03
  -6.861000000e-03
  2.001800000e-02
  1.127300000e-03
  9.436800000e-03
  -7.691000000e-01 5.936000000e-01 2.370000000e-01
  -4.026000000e-01 -1.619000000e-01 -9.009000000e-01
  -4.964000000e-01 -7.883000000e-01 3.635000000e-01
 Node:         89
  0.1270E+03  0.1150E+03  0.4683E+03  0.1185E-01
   0.01116
  -0.007591
   2.134E-6
  -0.006973
   0.00103
   1.941E-4
  1.760000000e-02
  -9.147000000e-04
  -5.334000000e-03
  2.107500000e-02
  3.783800000e-03
  9.934700000e-03
  -8.479000000e-01 3.869000000e-01 3.625000000e-01
  2.304000000e-02 -6.562000000e-01 7.542000000e-01
  5.297000000e-01 6.478000000e-01 5.475000000e-01
 Node:         90
  0.1248E+03  0.1132E+03  0.4822E+03  0.1185E-01
   0.003101
  -0.00227
   0.001125
  -0.001708
   8.967E-4
   7.625E-4
  5.387000000e-03
  3.878000000e-05
  -4.367000000e-04
  5.601100000e-03
  1.663000000e-03
  2.640400000e-03
  -7.791000000e-01 4.957000000e-01 3.839000000e-01
  8.299000000e-02 -5.254000000e-01 8.468000000e-01
  6.214000000e-01 6.916000000e-01 3.682000000e-01
 Node:         91
  0.1258E+03  0.1259E+03  0.4545E+03  0.1185E-01
  -0.01822
  -0.01375
   0.01591
  -0.005724
   0.001422
  -0.006094
  2.116000000e-02
  -5.147000000e-03
  -2.441000000e-02
  3.962200000e-02
  -2.799000000e-03
  1.867800000e-02
  -3.429000000e-01 9.316000000e-01 1.206000000e-01
  -2.081000000e-01 -2.006000000e-01 9.573000000e-01
  -9.160000000e-01 -3.031000000e-01 -2.627000000e-01
 Node:         92
  0.1208E+03  0.1232E+03  0.4724E+03  0.1185E-01
   0.003822
  -0.009961
  -1.451E-5
  -0.008331
   4.661E-4
  -4.522E-4
  1.515000000e-02
  -7.303000000e-04
  -1.106000000e-02
  2.286800000e-02
  1.119900000e-03
  1.078000000e-02
  -7.535000000e-01 5.078000000e-01 4.175000000e-01
  -1.052000000e-02 -6.443000000e-01 7.647000000e-01
  6.573000000e-01 5.718000000e-01 4.909000000e-01
 Node:         93
  0.1159E+03  0.1217E+03  0.4876E+03  0.1185E-01
   0.002977
   6.412E-5
  -6.594E-4
  -0.003943
  -0.001546
   0.002619
  6.913000000e-03
  8.684000000e-05
  -2.063000000e-03
  8.117500000e-03
  1.645600000e-03
  3.826600000e-03
  -7.012000000e-01 -1.484000000e-01 6.974000000e-01
  5.402000000e-01 -7.489000000e-01 3.838000000e-01
  -4.654000000e-01 -6.458000000e-01 -6.053000000e-01
 Node:         94
  0.1312E+03  0.1262E+03  0.4536E+03  0.1185E-01
  -0.02316
  -0.01361
   0.01901
  -0.004205
  -1.065E-4
  -0.009467
  2.306000000e-02
  -8.614000000e-03
  -2.806000000e-02
  4.469100000e-02
  -4.538000000e-03
  2.106800000e-02
  -2.851000000e-01 9.579000000e-01 3.372000000e-02
  -1.956000000e-01 -9.257000000e-02 9.763000000e-01
  -9.383000000e-01 -2.717000000e-01 -2.138000000e-01
 Node:         95
  0.1249E+03  0.1234E+03  0.4704E+03  0.1185E-01
   0.008683
  -0.009078
   0.005959
  -0.009527
