 Group name: gastroc_stress
 #Fields=  16
 1) coordinates, coordinate, rectangular cartesian, #Components=3
   x.  Value index= 1, #Derivatives=0
   y.  Value index= 2, #Derivatives=0
   z.  Value index= 3, #Derivatives=0
 2) Tensor_1, field, rectangular cartesian, #Components=1
   Tensor_1.  Value index= 4, #Derivatives=0
 3) Tensor_2, field, rectangular cartesian, #Components=1
   Tensor_2.  Value index= 5, #Derivatives=0
 4) Tensor_3, field, rectangular cartesian, #Components=1
   Tensor_3.  Value index= 6, #Derivatives=0
 5) Tensor_4, field, rectangular cartesian, #Components=1
   Tensor_4.  Value index= 7, #Derivatives=0
 6) Tensor_5, field, rectangular cartesian, #Components=1
   Tensor_5.  Value index= 8, #Derivatives=0
 7) Tensor_6, field, rectangular cartesian, #Components=1
   Tensor_6.  Value index= 9, #Derivatives=0
 8) Principal_1, field, rectangular cartesian, #Components=1
   Principal_1.  Value index= 10, #Derivatives=0
 9) Principal_2, field, rectangular cartesian, #Components=1
   Principal_2.  Value index= 11, #Derivatives=0
 10) Principal_3, field, rectangular cartesian, #Components=1
   Principal_3.  Value index= 12, #Derivatives=0
 11) VonMises, field, rectangular cartesian, #Components=1
   VonMises.  Value index= 13, #Derivatives=0
 12) Hydrostatic, field, rectangular cartesian, #Components=1
   VonMises.  Value index= 14, #Derivatives=0
 13) Octahedral, field, rectangular cartesian, #Components=1
   VonMises.  Value index= 15, #Derivatives=0
 14) PrincipalVector1, field, rectangular cartesian, #Components=3
   x.  Value index= 16, #Derivatives=0
   y.  Value index= 17, #Derivatives=0
   z.  Value index= 18, #Derivatives=0
 15) PrincipalVector2, field, rectangular cartesian, #Components=3
   x.  Value index= 19, #Derivatives=0
   y.  Value index= 20, #Derivatives=0
   z.  Value index= 21, #Derivatives=0
 16) PrincipalVector3, field, rectangular cartesian, #Components=3
   x.  Value index= 22, #Derivatives=0
   y.  Value index= 23, #Derivatives=0
   z.  Value index= 24, #Derivatives=0
 Node:          1
  0.1287E+03  0.1133E+03  0.4908E+03 -0.1245E-04
  -2.489E-5
  -1.439E-16
  -2.489E-5
  -4.797E-17
  -7.196E-17
  -2.489E-5
   -2.489E-5
   -2.489E-5
   -2.489E-5
   0.0
   -2.489E-5
   0.0
   0.966    -0.2571    -0.02712
   0.2489    0.9532    -0.1718
   0.07002    0.1592    0.9848
 Node:          2
  0.1292E+03  0.1137E+03  0.5052E+03 -0.1245E-04
  -2.489E-5
  -1.919E-16
  -2.489E-5
  -9.595E-17
   3.358E-16
  -2.489E-5
   -2.489E-5
   -2.489E-5
   -2.489E-5
   0.0
   -2.489E-5
   0.0
   0.895    -0.3984    -0.2008
   0.4461    0.7982    0.4048
   -9.591E-4    -0.4518    0.8921
 Node:          3
  0.1289E+03  0.1155E+03  0.5194E+03 -0.1245E-04
  -2.489E-5
   2.399E-16
  -2.489E-5
   1.919E-16
   9.595E-17
  -2.489E-5
   -2.489E-5
   -2.489E-5
   -2.489E-5
   0.0
   -2.489E-5
   0.0
   -0.4092    -0.8757    -0.2565
   0.496    -0.4494    0.743
   0.7659    -0.1767    -0.6182
 Node:          4
  0.1361E+03  0.1141E+03  0.4915E+03 -0.1245E-04
  -2.489E-5
  -4.797E-17
  -2.489E-5
  -4.797E-17
  -1.439E-16
  -2.489E-5
   -2.489E-5
   -2.489E-5
   -2.489E-5
   0.0
   -2.489E-5
   0.0
   -0.04308    -0.0943    0.9946
   -0.9939    0.1055    -0.03304
   -0.1018    -0.9899    -0.09827
 Node:          5
  0.1341E+03  0.1144E+03  0.5054E+03 -0.1245E-04
  -2.489E-5
   2.399E-16
  -2.489E-5
   9.595E-17
  -1.199E-16
  -2.489E-5
   -2.489E-5
   -2.489E-5
   -2.489E-5
   0.0
   -2.489E-5
   0.0
   0.09699    -0.1794    0.979
   0.7185    0.6933    0.05584
   -0.6888    0.698    0.1961
 Node:          6
  0.1323E+03  0.1162E+03  0.5191E+03 -0.1245E-04
  -2.489E-5
   9.595E-17
  -2.489E-5
  -9.595E-17
  -4.797E-17
  -2.489E-5
   -2.489E-5
   -2.489E-5
   -2.489E-5
   0.0
   -2.489E-5
   0.0
   -0.715    -0.6929    0.09323
   0.693    -0.72    -0.03581
   0.09193    0.03901    0.995
 Node:          7
  0.1408E+03  0.1171E+03  0.4920E+03 -0.1245E-04
  -2.489E-5
   3.838E-16
  -2.489E-5
  -1.439E-16
  -1.919E-16
  -2.489E-5
   -2.489E-5
   -2.489E-5
   -2.489E-5
   0.0
   -2.489E-5
   0.0
   0.8641    0.487    -0.1268
   -0.5006    0.8577    -0.1173
   0.05165    0.1648    0.985
 Node:          8
  0.1367E+03  0.1169E+03  0.5055E+03 -0.1245E-04
  -2.489E-5
   3.358E-16
  -2.489E-5
  -6.956E-16
  -4.078E-16
  -2.489E-5
   -2.489E-5
   -2.489E-5
   -2.489E-5
   0.0
   -2.489E-5
   0.0
   -0.7205    -0.6269    0.2965
   0.6359    -0.7678    -0.0782
   0.2767    0.1322    0.9518
 Node:          9
  0.1339E+03  0.1180E+03  0.5191E+03 -0.1245E-04
  -2.489E-5
   2.878E-16
  -2.489E-5
  -6.836E-16
  -4.797E-16
  -2.489E-5
   -2.489E-5
   -2.489E-5
   -2.489E-5
   0.0
   -2.489E-5
   0.0
   0.3025    0.1645    -0.9389
   0.9346    0.1424    0.326
   -0.1873    0.976    0.1107
 Node:         10
  0.1294E+03  0.1212E+03  0.4911E+03 -0.1245E-04
  -2.489E-5
   4.797E-17
  -2.489E-5
  -2.399E-17
   2.159E-16
  -2.489E-5
   -2.489E-5
   -2.489E-5
   -2.489E-5
   0.0
   -2.489E-5
   0.0
   0.02409    0.7089    0.7049
   0.1744    0.6913    -0.7012
   -0.9844    0.1398    -0.107
 Node:         11
  0.1295E+03  0.1214E+03  0.5055E+03 -0.1245E-04
  -2.489E-5
  -4.797E-17
  -2.489E-5
  -7.196E-17
   2.399E-17
  -2.489E-5
   -2.489E-5
   -2.489E-5
   -2.489E-5
   0.0
   -2.489E-5
   0.0
   -0.2763    0.1332    0.9518
   -0.5867    0.761    -0.2768
   0.7612    0.6349    0.1322
 Node:         12
  0.1295E+03  0.1217E+03  0.5196E+03 -0.1245E-04
  -2.489E-5
  -2.109E-37
  -2.489E-5
   1.319E-16
   4.797E-17
  -2.489E-5
   -2.489E-5
   -2.489E-5
   -2.489E-5
   0.0
   -2.489E-5
   0.0
   -0.2404    -0.08742    -0.9667
   -0.3418    0.9398    1.221E-5
   0.9085    0.3304    -0.2558
 Node:         13
  0.1361E+03  0.1199E+03  0.4914E+03 -0.1245E-04
  -2.489E-5
  -2.399E-16
  -2.489E-5
  -1.679E-16
   4.797E-17
  -2.489E-5
   -2.489E-5
   -2.489E-5
   -2.489E-5
   0.0
   -2.489E-5
   0.0
   0.9203    -0.37    -0.1273
   0.3697    0.9288    -0.02722
   0.1283    -0.02201    0.9915
 Node:         14
  0.1342E+03  0.1198E+03  0.5054E+03 -0.1245E-04
  -2.489E-5
   4.797E-17
  -2.489E-5
   9.595E-17
  -1.559E-16
  -2.489E-5
   -2.489E-5
   -2.489E-5
   -2.489E-5
   0.0
   -2.489E-5
   0.0
   0.09998    -0.2648    0.9591
   -0.2953    -0.9284    -0.2256
   -0.9502    0.2607    0.171
 Node:         15
  0.1330E+03  0.1205E+03  0.5193E+03 -0.1245E-04
  -2.489E-5
  -1.439E-16
  -2.489E-5
   2.399E-17
   8.395E-17
  -2.489E-5
   -2.489E-5
   -2.489E-5
   -2.489E-5
   0.0
   -2.489E-5
   0.0
   0.9934    -0.1134    0.01425
   -0.01885    -0.2856    -0.9582
   0.1127    0.9516    -0.2858
 Node:         16
  0.1404E+03  0.1188E+03  0.4918E+03 -0.1245E-04
  -2.489E-5
   9.595E-17
  -2.489E-5
  -1.439E-16
  -2.519E-16
  -2.489E-5
   -2.489E-5
   -2.489E-5
   -2.489E-5
   0.0
   -2.489E-5
   0.0
   -0.1502    -0.2388    0.9594
   -0.794    -0.549    -0.2609
   0.589    -0.801    -0.1072
 Node:         17
  0.1365E+03  0.1184E+03  0.5055E+03 -0.1245E-04
  -2.489E-5
   4.797E-17
  -2.489E-5
   1.679E-16
   2.938E-16
  -2.489E-5
   -2.489E-5
   -2.489E-5
   -2.489E-5
   0.0
   -2.489E-5
   0.0
   0.248    0.4017    0.8815
   0.9357    -0.3351    -0.1106
   -0.251    -0.8523    0.459
 Node:         18
  0.1341E+03  0.1191E+03  0.5192E+03 -0.1245E-04
  -2.489E-5
  -2.804E-37
  -2.489E-5
   4.573E-17
   1.84E-16
  -2.489E-5
   -2.489E-5
   -2.489E-5
   -2.489E-5
   0.0
   -2.489E-5
   0.0
   0.02286    0.09199    0.9955
   0.9707    -0.2403    -8.963E-5
   -0.2392    -0.9663    0.09479
 Node:         19
  0.1301E+03  0.1291E+03  0.4914E+03  0.0000E+00
   4.934E-16
   0.0
   4.934E-16
   3.631E-19
   1.731E-17
  -9.869E-16
   4.936E-16
   4.934E-16
   -9.871E-16
   1.4806000101310279E-15
   -3.3333333333314155E-20
   6.979615382590138E-16
   -0.02097    -0.9997    -0.01169
   -0.9998    0.02097    -8.123E-17
   2.452E-4    0.01169    -0.9999
 Node:         20
  0.1299E+03  0.1291E+03  0.5058E+03  0.0000E+00
   9.869E-16
   0.0
   0.0
   1.799E-17
   3.326E-17
  -2.467E-16
   9.871E-16
   4.4E-18
   -2.514E-16
   1.1324785163525177E-15
   2.467E-16
   5.338554923072971E-16
   -0.9999    -4.917E-4    -0.01459
   0.002401    -0.9914    -0.1311
   -0.0144    -0.1312    0.9913
 Node:         21
  0.1301E+03  0.1280E+03  0.5197E+03  0.0000E+00
   4.934E-16
   0.0
   0.0
   7.196E-17
   2.549E-17
   4.934E-16
   5.66E-16
   4.222E-16
   -1.341E-18
   5.108528305500519E-16
   3.28953E-16
   2.408183337801893E-16
   -0.7039    -0.03195    -0.7096
   -0.7102    0.04241    0.7027
   -0.007642    -0.9986    0.05255
 Node:         22
  0.1360E+03  0.1256E+03  0.4913E+03  0.0000E+00
  -9.869E-16
   2.399E-17
  -4.934E-16
  -2.399E-17
   1.739E-16
   4.934E-16
   5.234E-16
   -5.215E-16
   -9.888E-16
   1.3410693755358072E-15
   -3.2896666666666662E-16
   6.321861663219854E-16
   -0.01298    0.1683    0.9857
   0.05935    0.9841    -0.1672
   -0.9982    0.05633    -0.02276
 Node:         23
  0.1343E+03  0.1253E+03  0.5054E+03  0.0000E+00
   0.0
   3.598E-17
  -1.974E-15
   0.0
   2.271E-16
  -7.401E-16
   6.796E-19
   -6.997E-16
   -2.015E-15
   1.7724996366646057E-15
   -9.046734666666666E-16
   8.355643418241562E-16
   0.9998    0.01889    0.00579
   -0.009011    0.1753    0.9845
   0.01758    -0.9843    0.1754
 Node:         24
  0.1336E+03  0.1248E+03  0.5194E+03  0.0000E+00
  -9.869E-16
   2.099E-17
   0.0
   2.399E-17
   1.499E-18
  -7.401E-16
   4.516E-19
   -7.379E-16
   -9.896E-16
   8.912682384908372E-16
   -5.756827999999999E-16
   4.2014787686204007E-16
   -0.02132    -0.9998    -0.002714
   0.09549    -0.004739    0.9954
   -0.9952    0.02096    0.09557
 Node:         25
  0.1400E+03  0.1206E+03  0.4917E+03  0.0000E+00
   0.0
   4.617E-16
  -4.934E-16
  -1.439E-16
  -2.249E-16
   9.869E-16
   1.067E-15
   2.05E-16
   -7.785E-16
   1.5994040296310373E-15
   1.6449999999999999E-16
   7.539662901394642E-16
   -0.2161    -0.2016    0.9553
   0.839    0.4621    0.2874
   -0.4994    0.8636    0.06929
 Node:         26
  0.1363E+03  0.1200E+03  0.5055E+03  0.0000E+00
   9.869E-16
   1.859E-16
  -2.714E-15
   4.797E-17
  -1.943E-15
  -2.467E-16
   1.006E-15
   8.09E-16
   -3.789E-15
   4.699597748744035E-15
   -6.579999999999999E-16
   2.215411624657293E-15
   0.968    0.1526    -0.1995
   0.2481    -0.4578    0.8538
   -0.03892    0.8759    0.4809
 Node:         27
  0.1343E+03  0.1203E+03  0.5192E+03  0.0000E+00
   9.869E-16
  -3.358E-16
   9.869E-16
  -1.799E-16
   2.27E-15
   0.0
   2.89E-15
   9.15E-16
   -1.831E-15
   4.1066398673367985E-15
   6.58E-16
   1.9358885987232494E-15
   -0.1931    0.7658    0.6135
   0.9808    0.1345    0.1409
   0.02534    0.6289    -0.7771
 Node:         28
  0.1155E+03  0.1124E+03  0.4931E+03 -0.7355E-04
  -1.471E-4
   6.597E-17
  -1.471E-4
  -9.596E-17
   9.596E-17
  -1.471E-4
   -1.471E-4
   -1.471E-4
   -1.471E-4
   0.0
   -1.471E-4
   0.0
   0.02393    0.9835    0.1795
   0.07203    0.1774    -0.9815
   -0.9971    0.03642    -0.06659
 Node:         29
  0.1119E+03  0.1139E+03  0.5068E+03 -0.7355E-04
  -1.471E-4
  -3.599E-17
  -1.471E-4
   9.596E-17
   1.2E-17
  -1.471E-4
   -1.471E-4
   -1.471E-4
   -1.471E-4
   0.0
   -1.471E-4
   0.0
   -0.03582    0.9993    0.005845
   -0.9821    -0.03411    -0.1855
   -0.1851    -0.01238    0.9826
 Node:         30
  0.1113E+03  0.1159E+03  0.5206E+03 -0.7355E-04
  -1.471E-4
   2.159E-16
  -1.471E-4
   2.04E-36
  -4.798E-17
  -1.471E-4
   -1.471E-4
   -1.471E-4
   -1.471E-4
   0.0
   -1.471E-4
   0.0
   0.7037    0.7089    -0.04781
   -0.7087    0.6955    -0.1186
   -0.0508    0.1173    0.9918
 Node:         31
  0.1203E+03  0.1126E+03  0.4920E+03 -0.7355E-04
  -1.471E-4
   1.679E-16
  -1.471E-4
   4.798E-17
   7.197E-17
  -1.471E-4
   -1.471E-4
   -1.471E-4
   -1.471E-4
   0.0
   -1.471E-4
   0.0
   -0.7438    -0.4293    -0.5123
   0.5143    0.1219    -0.8489
   0.4269    -0.8949    0.1301
 Node:         32
  0.1188E+03  0.1134E+03  0.5062E+03 -0.7355E-04
  -1.471E-4
  -2.399E-17
  -1.471E-4
  -4.798E-17
   1.679E-16
  -1.471E-4
   -1.471E-4
   -1.471E-4
   -1.471E-4
   0.0
   -1.471E-4
   0.0
   0.9989    -0.02089    -0.04163
   0.04657    0.4512    0.8912
   1.668E-4    -0.8922    0.4517
 Node:         33
  0.1183E+03  0.1150E+03  0.5201E+03 -0.7355E-04
  -1.471E-4
   9.596E-17
  -1.471E-4
   1.439E-16
  -2.72E-36
  -1.471E-4
   -1.471E-4
   -1.471E-4
   -1.471E-4
   0.0
   -1.471E-4
   0.0
   0.9536    0.1669    0.2505
   1.756E-4    0.8318    -0.5551
   -0.301    0.5294    0.7932
 Node:         34
  0.1255E+03  0.1129E+03  0.4909E+03 -0.7355E-04
  -1.471E-4
  -3.173E-36
  -1.471E-4
   9.596E-17
   1.679E-16
  -1.471E-4
   -1.471E-4
   -1.471E-4
   -1.471E-4
   0.0
   -1.471E-4
   0.0
   0.3509    0.6138    0.7071
   0.8682    -0.4962    -1.688E-4
   -0.3508    -0.614    0.7071
 Node:         35
  0.1260E+03  0.1135E+03  0.5054E+03 -0.7355E-04
  -1.471E-4
   1.919E-16
  -1.471E-4
   1.919E-16
   4.318E-16
  -1.471E-4
   -1.471E-4
   -1.471E-4
   -1.471E-4
   0.0
   -1.471E-4
   0.0
   0.7459    0.4709    0.4709
   -0.666    0.5275    0.5275
   2.108E-5    -0.7071    0.7071
 Node:         36
  0.1257E+03  0.1153E+03  0.5196E+03 -0.7355E-04
  -1.471E-4
  -9.596E-17
  -1.471E-4
  -9.596E-17
   1.439E-16
  -1.471E-4
   -1.471E-4
   -1.471E-4
   -1.471E-4
   0.0
   -1.471E-4
   0.0
   -0.5155    0.606    0.6059
   0.8569    0.3643    0.3646
   -1.988E-4    -0.7072    0.7071
 Node:         37
  0.1132E+03  0.1210E+03  0.4959E+03 -0.7355E-04
  -1.471E-4
   2.399E-16
  -1.471E-4
  -1.439E-16
   3.119E-16
  -1.471E-4
   -1.471E-4
   -1.471E-4
   -1.471E-4
   0.0
   -1.471E-4
   0.0
   -0.5072    -0.7958    -0.3308
   0.7558    -0.2263    -0.6144
   0.4141    -0.5617    0.7163
 Node:         38
  0.1111E+03  0.1204E+03  0.5085E+03 -0.7355E-04
  -1.471E-4
   1.679E-16
  -1.471E-4
  -4.798E-17
  -1.439E-16
  -1.471E-4
   -1.471E-4
   -1.471E-4
   -1.471E-4
   0.0
   -1.471E-4
   0.0
   0.2119    0.9668    -0.1429
   0.9723    -0.2233    -0.06853
   0.09816    0.1244    0.9874
 Node:         39
  0.1119E+03  0.1201E+03  0.5207E+03 -0.7355E-04
  -1.471E-4
  -1.679E-16
  -1.471E-4
  -1.439E-16
  -1.319E-16
  -1.471E-4
   -1.471E-4
   -1.471E-4
   -1.471E-4
   0.0
   -1.471E-4
   0.0
   0.9213    -0.07989    -0.3805
   0.3608    -0.1892    0.9133
   -0.1449    -0.9787    -0.1454
 Node:         40
  0.1191E+03  0.1220E+03  0.4937E+03 -0.7355E-04
  -1.471E-4
   1.439E-16
  -1.471E-4
   1.439E-16
  -2.399E-17
  -1.471E-4
   -1.471E-4
   -1.471E-4
   -1.471E-4
   0.0
   -1.471E-4
   0.0
   -0.9817    -0.1345    -0.1345
   0.0    -0.7071    0.7071
   0.1902    -0.6942    -0.6942
 Node:         41
  0.1182E+03  0.1217E+03  0.5073E+03 -0.7355E-04
  -1.471E-4
  -4.798E-17
  -1.471E-4
   9.596E-17
   1.679E-16
  -1.471E-4
   -1.471E-4
   -1.471E-4
   -1.471E-4
   0.0
   -1.471E-4
   0.0
   -0.1538    -0.1966    -0.9684
   -0.962    0.2534    0.1013
   0.2254    0.9472    -0.2281
 Node:         42
  0.1187E+03  0.1212E+03  0.5204E+03 -0.7355E-04
  -1.471E-4
  -9.596E-17
  -1.471E-4
   1.813E-36
   9.596E-17
  -1.471E-4
   -1.471E-4
   -1.471E-4
   -1.471E-4
   0.0
   -1.471E-4
   0.0
   -0.01862    0.09767    0.995
   -0.9834    0.178    -0.03587
   -0.1806    -0.9792    0.09274
 Node:         43
  0.1258E+03  0.1217E+03  0.4915E+03 -0.7355E-04
  -1.471E-4
   1.919E-16
  -1.471E-4
  -2.399E-17
   9.066E-37
  -1.471E-4
   -1.471E-4
   -1.471E-4
   -1.471E-4
   0.0
   -1.471E-4
   0.0
   0.9458    0.3242    -0.01746
   -0.324    0.946    0.01157
   0.02026    -0.005284    0.9998
 Node:         44
  0.1259E+03  0.1220E+03  0.5059E+03 -0.7355E-04
  -1.471E-4
   2.399E-16
  -1.471E-4
   1.679E-16
   1.919E-16
  -1.471E-4
   -1.471E-4
   -1.471E-4
   -1.471E-4
   0.0
   -1.471E-4
   0.0
   -0.3605    -0.3834    -0.8503
   -0.6209    -0.5816    0.5255
   0.6961    -0.7174    0.0284
 Node:         45
  0.1261E+03  0.1221E+03  0.5198E+03 -0.7355E-04
  -1.471E-4
  -1.439E-16
  -1.471E-4
   4.798E-17
  -1.2E-17
  -1.471E-4
   -1.471E-4
   -1.471E-4
   -1.471E-4
   0.0
   -1.471E-4
   0.0
   0.0668    -0.01249    0.9977
   -0.9877    0.1408    0.06789
   -0.1413    -0.99    -0.002933
 Node:         46
  0.1117E+03  0.1296E+03  0.4959E+03  0.0000E+00
  -2.467E-16
   4.797E-17
  -7.401E-16
   1.199E-17
  -4.497E-17
   0.0
   3.057E-18
   -2.423E-16
   -7.476E-16
   6.629532710146319E-16
   -3.2894766666666664E-16
   3.125191690294995E-16
   0.03676    -0.058    0.9976
   0.9946    0.09864    -0.03092
   -0.09662    0.9934    0.06131
 Node:         47
  0.1107E+03  0.1269E+03  0.5087E+03  0.0000E+00
  -7.401E-16
  -5.397E-17
   4.934E-16
  -4.797E-17
   6.896E-17
   0.0
   5.058E-16
   -7.273E-18
   -7.452E-16
   1.0892155802819752E-15
   -8.222433333333333E-17
   5.1346114866095E-16
   -0.04821    0.9891    0.1394
   -0.05424    -0.142    0.9884
   -0.9974    -0.04009    -0.06049
 Node:         48
  0.1125E+03  0.1242E+03  0.5208E+03  0.0000E+00
   4.934E-16
   5.997E-18
   4.934E-16
   0.0
  -2.998E-18
   4.934E-16
   5.001E-16
   4.934E-16
   4.867E-16
   1.1604740410711462E-17
   4.934E-16
   5.470527092215756E-18
   -0.6325    -0.7071    0.3162
   0.4472    -2.276E-15    0.8944
   0.6325    -0.7071    -0.3162
 Node:         49
  0.1186E+03  0.1311E+03  0.4938E+03  0.0000E+00
  -7.401E-16
  -3.598E-17
   0.0
  -7.196E-17
  -1.049E-17
  -2.467E-16
   1.947E-18
   -2.366E-16
   -7.523E-16
   6.677348643803167E-16
   -3.2898433333333336E-16
   3.1477323375866775E-16
   0.04561    -0.9985    0.02894
   -0.143    0.02215    0.9895
   -0.9887    -0.04926    -0.1418
 Node:         50
  0.1180E+03  0.1298E+03  0.5075E+03  0.0000E+00
   0.0
  -2.249E-17
   1.48E-15
  -7.196E-17
   2.155E-17
   9.869E-16
   1.482E-15
   9.91E-16
   -5.513E-18
   1.3127859849072886E-15
   8.224956666666666E-16
   6.188532481164029E-16
   0.01739    -0.9988    -0.04603
   -0.07128    -0.04716    0.9963
   0.9973    0.01405    0.07201
 Node:         51
  0.1192E+03  0.1275E+03  0.5206E+03  0.0000E+00
   0.0
  -5.997E-18
  -2.467E-16
   0.0
   2.549E-17
   4.934E-16
   4.943E-16
   1.449E-19
   -2.477E-16
   6.54286006770747E-16
   8.22483E-17
   3.0843338148204166E-16
   -4.17E-4    0.03438    0.9994
   0.9997    -0.02416    0.001248
   0.02418    0.9991    -0.03436
 Node:         52
  0.1262E+03  0.1305E+03  0.4920E+03  0.0000E+00
   4.934E-16
  -2.399E-17
   4.934E-16
   2.249E-18
   8.48E-18
   0.0
   5.175E-16
   4.696E-16
   -1.6E-19
   4.95449666061044E-16
   3.2898E-16
   2.335572124055831E-16
   -0.7061    0.708    0.008534
   0.7081    0.706    0.01614
   -0.005403    -0.01744    0.9998
 Node:         53
  0.1258E+03  0.1304E+03  0.5063E+03  0.0000E+00
  -7.401E-16
  -2.998E-18
  -4.934E-16
   4.797E-17
   5.847E-17
  -9.869E-16
   -4.866E-16
   -7.314E-16
   -1.002E-15
   4.465358664206045E-16
   -7.399999999999999E-16
   2.104990261260132E-16
   0.0104    0.9931    0.1171
   -0.9836    0.03123    -0.1776
   -0.18    -0.1133    0.9771
 Node:         54
  0.1265E+03  0.1288E+03  0.5200E+03  0.0000E+00
  -9.869E-16
   3.598E-17
   4.934E-16
   0.0
  -7.496E-18
   4.934E-16
   5.014E-16
   4.864E-16
   -9.877E-16
   1.4816569474746847E-15
   3.3333333333314155E-20
   6.984597833010066E-16
   0.01758    0.7272    -0.6862
   0.01675    0.686    0.7274
   -0.9997    0.02428    1.229E-4
 Node:         55
  0.1382E+03  0.1167E+03  0.4532E+03  0.4410E-02
   0.0264
  -0.01461
   0.01354
  -8.662E-4
   0.02265
   0.008576
   0.04413
   0.01933
   -0.01375
   0.05029622649861518
   0.01657
   0.023709868550176882
   -0.5805    0.6718    0.4601
   0.78    0.2967    0.551
   -0.2336    -0.6787    0.6963
 Node:         56
  0.1314E+03  0.1156E+03  0.4686E+03  0.4410E-02
   0.02687
  -0.006731
   0.01153
   0.004454
   0.006202
   0.007669
   0.02926
   0.01598
   8.541E-4
   0.024617538520534502
   0.0153647
   0.01160481894932733
   -0.9373    0.3363    -0.09139
   0.1963    0.7261    0.6589
   0.288    0.5997    -0.7466
 Node:         57
  0.1285E+03  0.1140E+03  0.4823E+03  0.4410E-02
   0.02975
   0.001434
   0.008975
   0.001686
  -0.001072
   0.008638
   0.0299
   0.009937
   0.007509
   0.021281135237576028
   0.015782
   0.010032023358558665
   -0.995    -0.06494    -0.07628
   4.023E-4    -0.764    0.6452
   -0.1002    0.6419    0.7602
 Node:         58
  0.1481E+03  0.1176E+03  0.4535E+03  0.4410E-02
   0.02613
  -0.02725
   0.0175
  -0.004623
   0.01667
   0.004088
   0.05663
   0.006508
   -0.01258
   0.06191361210590123
   0.016852666666666665
   0.029186356645224187
   -0.6914    0.6655    0.2812
   0.5837    0.2852    0.7602
   -0.4257    -0.6898    0.5856
 Node:         59
  0.1417E+03  0.1165E+03  0.4694E+03  0.4410E-02
   0.02812
  -0.02833
   0.01526
  -0.008812
   0.01546
   0.006554
   0.05869
   0.004207
   -0.01061
   0.0632077162140826
   0.017428999999999997
   0.029796403172195132
   -0.7196    0.6203    0.312
   0.5232    0.189    0.831
   -0.4565    -0.7612    0.4606
 Node:         60
  0.1375E+03  0.1150E+03  0.4832E+03  0.4410E-02
   0.03052
  -0.008138
   0.01011
  -0.002997
   0.003407
   0.008817
   0.0341
   0.009928
   0.005449
   0.026694819965678736
   0.016492333333333335
   0.012584058813523648
   -0.9262    0.3426    0.1577
   0.3348    0.5548    0.7616
   -0.1734    -0.7582    0.6286
 Node:         61
  0.1551E+03  0.1218E+03  0.4537E+03  0.4410E-02
   0.03046
  -0.02408
   0.01186
  -0.01075
   0.01134
   0.001069
   0.05486
   -9.027E-4
   -0.007233
   0.05918231179322078
   0.015574766666666665
   0.027898809330188665
   -0.7854    0.5541    0.276
   0.5388    0.3924    0.7454
   -0.3048    -0.7341    0.6068
 Node:         62
  0.1491E+03  0.1201E+03  0.4700E+03  0.4410E-02
   0.03387
  -0.04955
   0.01394
  -0.01735
   0.01714
   0.005165
   0.08825
   -0.00217
   -0.02603
   0.10441502382320277
   0.020016666666666665
   0.04922171426876105
   -0.7508    0.5968    0.2831
   0.2786    -0.1024    0.9549
   0.5989    0.7959    -0.08942
 Node:         63
  0.1436E+03  0.1181E+03  0.4838E+03  0.4410E-02
   0.0319
  -0.018
   0.01116
  -0.003806
   0.006302
   0.008539
   0.04432
   0.008692
   -7.459E-4
   0.041166513595518386
   0.017422033333333333
   0.019406080614132834
   -0.845    0.5033    0.1808
   -0.3481    -0.261    -0.9004
   -0.406    -0.8238    0.3958
 Node:         64
  0.1412E+03  0.1253E+03  0.4526E+03  0.4410E-02
   0.0251
  -0.001827
   0.01534
  -0.008588
   0.006689
   0.006239
   0.02925
   0.01697
   6.847E-4
   0.024819203856892753
   0.0156349
   0.011699884900573455
   0.8384    -0.3567    -0.412
   -0.4627    -0.8654    -0.1923
   -0.288    0.3518    -0.8907
 Node:         65
  0.1340E+03  0.1229E+03  0.4684E+03  0.4410E-02
   0.02816
  -0.01288
   0.01392
  -0.006607
   0.003958
   0.007136
   0.03801
   0.006398
   0.005074
   0.032294361860857386
   0.016494
   0.015223708177269646
   -0.8265    0.5087    0.2411
   0.5226    0.8526    -0.007431
   0.2093    -0.1198    0.9705
 Node:         66
  0.1299E+03  0.1214E+03  0.4825E+03  0.4410E-02
   0.0307
  -0.00477
   0.00985
  -4.636E-4
   4.503E-4
   0.008656
   0.03175
   0.009067
   0.00834
   0.023055098329870554
   0.016385666666666666
   0.010868277579982743
   -0.9761    0.2161    0.02399
   0.1903    0.7953    0.5755
   -0.1053    -0.5663    0.8174
 Node:         67
  0.1498E+03  0.1242E+03  0.4531E+03  0.4410E-02
   0.02589
  -0.01827
   0.01463
  -0.007533
   0.005625
   0.004431
   0.04306
   0.002005
   0.001162
   0.04148292466786786
   0.015409
   0.019555238224066716
   -0.7717    0.59    0.2373
   0.2135    -0.1111    0.9706
   0.5991    0.7997    -0.04018
 Node:         68
  0.1431E+03  0.1223E+03  0.4691E+03  0.4410E-02
   0.03029
  -0.03612
   0.01457
  -0.01614
   0.01012
   0.006388
   0.06875
   6.075E-4
   -0.01449
   0.07681221391321827
   0.018289166666666665
   0.03620962489065887
   -0.7556    0.5865    0.2916
   0.1464    -0.2827    0.948
   0.6385    0.759    0.1278
 Node:         69
  0.1379E+03  0.1205E+03  0.4831E+03  0.4410E-02
   0.0315
  -0.0123
   0.01042
  -0.005166
   0.004244
   0.008779
   0.03901
   0.008063
   0.003915
   0.033215822569974095
   0.016996
   0.01565808892127857
   -0.8832    0.4186    0.2113
   0.3609    0.3191    0.8763
   -0.2994    -0.8503    0.4329
 Node:         70
  0.1554E+03  0.1239E+03  0.4536E+03  0.4410E-02
   0.02757
  -0.02291
   0.01007
  -0.02095
   0.01511
   0.006155
   0.05933
   -0.005462
   -0.007152
   0.06565331555984055
   0.015572
   0.030949269759829017
   -0.7367    0.5101    0.4439
   0.662    0.6781    0.3194
   0.1381    -0.5291    0.8372
 Node:         71
  0.1492E+03  0.1220E+03  0.4699E+03  0.4410E-02
   0.03323
  -0.04274
   0.01253
  -0.03892
   0.02335
   0.007964
   0.09782
   -0.01271
   -0.02307
   0.1160573190281423
   0.02068
   0.054709944860753305
   -0.7256    0.5179    0.453
   0.008237    -0.6518    0.7583
   0.688    0.554    0.4687
 Node:         72
  0.1435E+03  0.1199E+03  0.4838E+03  0.4410E-02
   0.0326
  -0.01664
   0.01019
  -0.01183
   0.007102
   0.009114
   0.04759
   0.004104
   0.001161
   0.045029687351790484
   0.017618333333333337
   0.021227198187440774
   -0.8301    0.4424    0.3395
   0.4    0.04798    0.9153
   -0.3886    -0.8955    0.2168
 Node:         73
  0.1443E+03  0.1339E+03  0.4523E+03  0.0000E+00
   0.02542
  -0.005637
  -0.005081
  -5.152E-4
  -2.01E-4
   0.00327
   0.02711
   0.00334
   -0.005782
   0.029411795660924885
   0.008222666666666666
   0.01386485343914204
   -0.9852    0.1704    0.02046
   0.01481    -0.03437    0.9993
   0.171    0.9848    0.03133
 Node:         74
  0.1366E+03  0.1304E+03  0.4683E+03  0.0000E+00
   0.02939
   0.004059
  -0.002004
   0.003403
  -9.661E-4
   0.002928
   0.03114
   0.002859
   -0.002731
   0.03145081638050116
   0.010422666666666669
   0.014826057024336876
   -0.9864    -0.1159    -0.1163
   -0.08298    -0.2597    0.9621
   -0.1417    0.9587    0.2465
 Node:         75
  0.1313E+03  0.1288E+03  0.4826E+03  0.0000E+00
   0.02462
   0.001612
  -1.453E-4
  -8.246E-4
  -4.663E-4
   2.493E-4
   0.02506
   4.537E-4
   -4.822E-4
   0.025087346305857062
   0.008343833333333333
   0.011826288463231208
   -0.9973    -0.06435    0.0344
   -0.06204    0.4997    -0.864
   -0.03841    0.8638    0.5023
 Node:         76
  0.1515E+03  0.1309E+03  0.4528E+03  0.0000E+00
   0.02499
  -0.009635
  -0.006412
  -0.004535
   0.009091
   0.004427
   0.03051
   0.00614
   -0.01202
   0.03696270688139601
   0.00821
   0.017424387124563855
   -0.9115    0.3059    0.2749
   0.3759    0.3485    0.8587
   -0.1669    -0.886    0.4326
 Node:         77
  0.1445E+03  0.1281E+03  0.4690E+03  0.0000E+00
   0.03202
   0.008536
  -0.002699
   7.595E-4
   0.008204
   0.002514
   0.03563
   0.00719
   -0.009189
   0.039280071295760145
   0.011210333333333336
   0.01851680318581537
   -0.9695    -0.2317    -0.07994
   -0.1925    0.5182    0.8333
   -0.1516    0.8233    -0.547
 Node:         78
  0.1384E+03  0.1261E+03  0.4829E+03  0.0000E+00
   0.02585
   0.006108
  -7.295E-5
  -2.015E-4
   5.211E-4
   1.598E-4
   0.02773
   3.264E-4
   -0.00158
   0.02840482136821142
   0.008825466666666667
   0.013390161205236562
   -0.9767    -0.2144    0.003035
   -0.06109    0.2919    0.9545
   -0.2055    0.9321    -0.2982
 Node:         79
  0.1556E+03  0.1259E+03  0.4535E+03  0.0000E+00
   0.02421
   0.01377
  -0.003123
  -0.004155
   0.001675
  -0.01123
   0.03278
   -0.00679
   -0.01318
   0.043121564210960625
   0.004269999999999999
   0.020327700312627595
   -0.9265    -0.3689    0.07431
   0.2563    -0.7631    -0.5933
   -0.2756    0.5306    -0.8016
 Node:         80
  0.1494E+03  0.1239E+03  0.4698E+03  0.0000E+00
   0.03362
   0.01877
  -0.002224
   0.00741
   0.001408
  -0.008587
   0.04687
   -0.007879
   -0.01119
   0.056477337587743995
   0.009267
   0.02662367226110378
   -0.9196    -0.3695    -0.1339
   0.1111    -0.5713    0.8132
   -0.3769    0.7329    0.5664
 Node:         81
  0.1433E+03  0.1217E+03  0.4837E+03  0.0000E+00
   0.0265
   0.007627
  -2.068E-4
   0.005334
   0.001515
  -8.544E-4
   0.03035
   -0.001801
   -0.002211
   0.03235794818896897
   0.008779333333333332
   0.015253683059801947
   -0.9528    -0.2479    -0.1752
   0.2223    -0.1768    -0.9588
   -0.2067    0.9525    -0.2236
 Node:         82
  0.1267E+03  0.1148E+03  0.4562E+03 -0.8080E-03
   0.01975
  -0.01093
  -6.187E-4
  -1.15E-4
   0.008481
  -0.001945
   0.02521
   0.003911
   -0.01157
   0.03198497430044302
   0.005850333333333333
   0.015077861482613803
   -0.8932    0.4271    0.1405
   0.3743    0.5333    0.7586
   -0.2491    -0.7302    0.6362
 Node:         83
  0.1234E+03  0.1129E+03  0.4719E+03 -0.8080E-03
   0.01814
  -0.004731
  -0.001337
   0.01077
   0.004445
  -0.002958
   0.02312
   0.002055
   -0.01105
   0.029858534374613905
   0.004708333333333334
   0.014075448088387415
   -0.926    0.1099    -0.3611
   -0.1052    0.8436    0.5266
   0.3625    0.5256    -0.7696
 Node:         84
  0.1187E+03  0.1123E+03  0.4849E+03 -0.8080E-03
   0.0197
  -4.025E-5
  -0.001608
   0.00456
  -1.93E-4
  -0.00274
   0.0207
   -0.001602
   -0.003628
   0.023380926671113786
   0.005156666666666667
   0.011021874533046644
   -0.9817    0.00351    -0.1905
   0.02053    0.996    -0.08744
   0.1894    -0.08975    -0.9778
 Node:         85
  0.1302E+03  0.1161E+03  0.4550E+03 -0.8080E-03
   0.01941
  -0.01148
  -2.118E-4
   8.76E-4
   0.01266
  -0.001729
   0.02582
   0.00775
   -0.01559
   0.035958786130791454
   0.005993333333333334
   0.016951134344212943
   0.8548    -0.4794    -0.1985
   0.4576    0.5161    0.724
   -0.2446    -0.7098    0.6606
 Node:         86
  0.1252E+03  0.1138E+03  0.4703E+03 -0.8080E-03
   0.01722
   0.002431
   0.003598
   0.01839
   0.0166
  -0.00255
   0.03306
   0.00678
   -0.0205
   0.0463870154245776
   0.0064466666666666665
   0.021867048777149196
   -0.7253    -0.4043    -0.5572
   0.6    -0.7682    -0.2236
   0.3376    0.4964    -0.7997
 Node:         87
  0.1217E+03  0.1126E+03  0.4834E+03 -0.8080E-03
   0.01951
  -1.721E-4
  -0.001514
   0.005297
  -9.139E-4
  -0.002553
   0.02081
   -0.00124
   -0.004029
   0.023568590772466647
   0.005180333333333333
   0.01111034023881457
   -0.9751    0.01706    -0.2211
   0.08691    0.9467    -0.3103
   0.204    -0.3218    -0.9246
 Node:         88
  0.1338E+03  0.1169E+03  0.4534E+03 -0.8080E-03
   0.01679
  -0.01533
  -3.87E-5
   7.21E-4
   0.02096
   4.129E-4
   0.03118
   0.01072
   -0.0237
   0.04803728968207928
   0.006066666666666667
   0.022644995522680553
   -0.6527    0.6267    0.4257
   0.706    0.2994    0.6418
   0.2748    0.7194    -0.6379
 Node:         89
  0.1270E+03  0.1150E+03  0.4686E+03 -0.8080E-03
   0.01679
  -0.003858
  -7.336E-4
   0.007293
   0.005891
  -0.001962
   0.0193
   0.00444
   -0.009702
   0.02511903429672407
   0.004679333333333333
   0.0118412263253807
   -0.9505    0.09031    -0.2973
   -0.114    0.7888    0.604
   0.2891    0.608    -0.7394
 Node:         90
  0.1248E+03  0.1132E+03  0.4822E+03 -0.8080E-03
   0.01926
   0.002463
  -0.001745
   0.002532
  -0.001408
  -0.001833
   0.0198
   -3.824E-4
   -0.003741
   0.022054343616621196
   0.005225533333333333
   0.010396517283954064
   -0.9885    -0.1054    -0.1085
   2.467E-4    -0.7183    0.6958
   -0.1513    0.6877    0.71
 Node:         91
  0.1259E+03  0.1261E+03  0.4548E+03 -0.8080E-03
   0.01504
  -0.002233
   0.004164
  -0.007578
   0.01514
  -0.002359
   0.02274
   0.009581
   -0.01521
   0.03337630493329062
   0.005703666666666667
   0.015733741032853212
   -0.648    0.5482    0.5287
   0.7471    0.5922    0.3017
   0.1477    -0.5906    0.7934
 Node:         92
  0.1209E+03  0.1233E+03  0.4725E+03 -0.8080E-03
   0.01768
  -0.007442
   4.513E-4
  -0.004687
   0.01052
  -7.683E-4
   0.02347
   0.004707
   -0.01078
   0.02970656356766969
   0.005799000000000001
   0.01400380836296565
   -0.8267    0.4381    0.3531
   0.5585    0.5634    0.6088
   -0.0678    -0.7005    0.7104
 Node:         93
  0.1159E+03  0.1217E+03  0.4877E+03 -0.8080E-03
   0.01997
  -9.477E-4
  -0.001535
  -9.689E-4
   0.001231
  -0.001485
   0.02004
   -3.696E-4
   -0.002738
   0.02169099323129303
   0.005644133333333332
   0.010225232269679202
   -0.9978    0.04657    0.04754
   0.06655    0.699    0.712
   7.604E-5    -0.7136    0.7006
 Node:         94
  0.1313E+03  0.1263E+03  0.4539E+03 -0.8080E-03
   0.0139
  -0.00265
   0.00495
  -0.01178
   0.01243
  -0.001569
   0.02446
   0.006537
   -0.01348
   0.03287368109901902
   0.005839
   0.015496801885120254
   -0.6958    0.4743    0.5393
   0.6563    0.7248    0.2094
   0.2916    -0.4997    0.8157
 Node:         95
  0.1250E+03  0.1235E+03  0.4706E+03 -0.8080E-03
   0.01727
  -0.008055
   0.001578
  -0.007511
   0.007558
  -7.811E-4
   0.02456
   7.339E-4
   -0.007274
   0.028681118001395972
   0.006006633333333333
   0.0135204086871991
   -0.8279    0.4206    0.371
   0.5603    0.6499    0.5135
   0.02511    -0.633    0.7738
 Node:         96
  0.1205E+03  0.1222E+03  0.4852E+03 -0.8080E-03
   0.02006
  -0.001462
  -0.001408
  -0.001137
   0.001731
  -0.001663
   0.02023
   3.045E-5
   -0.003264
   0.022032286048036413
   0.005665483333333335
   0.01038611924640554
   -0.9958    0.07198    0.05738
   0.09177    0.7268    0.6807
   -0.007292    -0.6831    0.7303
 Node:         97
  0.1368E+03  0.1260E+03  0.4527E+03 -0.8080E-03
   0.01322
  -0.003134
   0.005082
  -0.01125
   0.01321
  -0.001981
   0.02447
   0.006217
   -0.01407
   0.033392109681779615
   0.005539
   0.01574119146274089
   -0.6638    0.5169    0.5405
   0.6988    0.6863    0.2018
   0.2666    -0.5117    0.8168
 Node:         98
  0.1296E+03  0.1233E+03  0.4685E+03 -0.8080E-03
   0.01719
  -0.009997
   0.002792
  -0.005163
   0.007463
  -0.001749
   0.0248
   9.166E-4
   -0.007472
   0.029002304990465844
   0.006081533333333333
   0.013671817685865896
   -0.8226    0.4849    0.2971
   0.5579    0.5871    0.5866
   -0.11    -0.6483    0.7534
 Node:         99
  0.1260E+03  0.1218E+03  0.4827E+03 -0.8080E-03
   0.0201
  -0.002975
  -9.043E-4
  -3.168E-4
   9.522E-4
  -0.001735
   0.0205
   -6.07E-4
   -0.002449
   0.022085685567806133
   0.005814666666666667
   0.010411292021433054
   -0.9902    0.1385    0.0201
   0.1209    0.7741    0.6214
   -0.07049    -0.6177    0.7832
 Node:        100
  0.1251E+03  0.1374E+03  0.4534E+03  0.0000E+00
   0.02531
   0.00264
   4.102E-4
  -0.00418
  -0.001451
   3.277E-4
   0.02666
   8.866E-4
   -0.001135
   0.026841358377697654
   0.008803866666666667
   0.012653137683418905
   -0.981    -0.1079    0.1615
   -0.1845    0.7769    -0.6019
   0.06054    0.6203    0.782
 Node:        101
  0.1188E+03  0.1337E+03  0.4717E+03  0.0000E+00
   0.02589
   0.00602
   0.001435
   1.569E-4
   2.033E-4
   4.432E-4
   0.0276
   4.88E-4
   -2.316E-5
   0.027371159976617727
   0.009354946666666666
   0.012902888552272146
   -0.9746    -0.224    -0.007294
   -0.0808    0.3208    0.9437
   -0.2091    0.9203    -0.3307
 Node:        102
  0.1139E+03  0.1312E+03  0.4875E+03  0.0000E+00
   0.02311
   0.003454
   1.23E-4
   0.00217
   2.133E-4
   9.847E-5
   0.02398
   -6.691E-5
   -4.158E-4
   0.024223239486288784
   0.00783243
   0.01141894460204036
   -0.9855    -0.1435    -0.09083
   -0.04048    -0.321    0.9462
   -0.1649    0.9362    0.3105
 Node:        103
  0.1324E+03  0.1365E+03  0.4528E+03  0.0000E+00
   0.0256
  -3.966E-4
  -4.316E-4
  -0.004791
  -0.00217
  -1.973E-4
   0.027
   0.001462
   -0.002916
   0.02798502621045762
   0.008515333333333333
   0.013192267870065236
   -0.9848    -1.232E-4    0.1737
   0.1138    -0.7561    0.6445
   0.1313    0.6545    0.7446
 Node:        104
  0.1251E+03  0.1331E+03  0.4701E+03  0.0000E+00
   0.02679
   0.005876
  -4.943E-5
  -2.8E-4
  -1.527E-4
   6.914E-4
   0.02857
   6.8E-4
   -0.001252
   0.028904466852028254
   0.009332666666666668
   0.01362569634510064
   -0.9796    -0.2006    0.01096
   0.0201    -0.04358    0.9988
   -0.1999    0.9787    0.04672
 Node:        105
  0.1201E+03  0.1317E+03  0.4853E+03  0.0000E+00
   0.02345
   0.002869
  -1.616E-4
   0.001688
   3.635E-5
   1.024E-4
   0.02413
   3.359E-5
   -5.5E-4
   0.024393441251453225
   0.007871196666666667
   0.011499178483585492
   -0.9907    -0.1171    -0.06983
   -0.03211    -0.2975    0.9542
   -0.1325    0.9475    0.291
 Node:        106
  0.1398E+03  0.1351E+03  0.4523E+03  0.0000E+00
   0.02559
  -0.001295
  -0.002891
  -0.00211
  -0.005212
   8.356E-4
   0.02648
   0.004439
   -0.006539
   0.029125388632600252
   0.008126666666666667
   0.013729839871203483
   -0.9966    0.02948    0.07698
   0.04511    -0.5865    0.8087
   0.06899    0.8094    0.5832
 Node:        107
  0.1322E+03  0.1316E+03  0.4685E+03  0.0000E+00
   0.02841
   0.005519
  -9.813E-4
   0.001489
  -0.004234
   0.001487
   0.03019
   0.004413
   -0.004835
   0.03143827172412631
   0.009922666666666668
   0.014820143416610006
   -0.9852    -0.1697    -0.02613
   0.07497    -0.5622    0.8236
   -0.1544    0.8094    0.5665
 Node:        108
  0.1273E+03  0.1304E+03  0.4831E+03  0.0000E+00
   0.02408
   0.002019
  -1.39E-4
  -2.741E-4
  -6.002E-4
   1.434E-4
   0.02451
   5.285E-4
   -6.924E-4
   0.024614669455631535
   0.008115366666666667
   0.011603466459161627
   -0.9966    -0.0819    0.01327
   0.05724    -0.5629    0.8246
   0.06006    -0.8225    -0.5656
 Node:        109
  0.1018E+03  0.1092E+03  0.4946E+03 -0.1630E-04
  -3.261E-5
   2.399E-16
  -3.261E-5
   9.595E-17
  -2.399E-17
  -3.261E-5
   -3.261E-5
   -3.261E-5
   -3.261E-5
   0.0
   -3.261E-5
   0.0
   -0.3792    -0.925    -0.024
   0.4801    -0.2189    0.8495
   0.791    -0.3106    -0.5271
 Node:        110
  0.1058E+03  0.1118E+03  0.5081E+03 -0.1630E-04
  -3.261E-5
   4.797E-17
  -3.261E-5
  -2.399E-17
  -8.995E-17
  -3.261E-5
   -3.261E-5
   -3.261E-5
   -3.261E-5
   0.0
   -3.261E-5
   0.0
   -0.02838    -0.09126    0.9954
   0.7347    0.6733    0.08267
   -0.6778    0.7337    0.04794
 Node:        111
  0.1108E+03  0.1137E+03  0.5210E+03 -0.1630E-04
  -3.261E-5
   9.595E-17
  -3.261E-5
  -4.797E-17
   5.637E-16
  -3.261E-5
   -3.261E-5
   -3.261E-5
   -3.261E-5
   0.0
   -3.261E-5
   0.0
   0.9393    0.3169    0.1319
   0.3364    -0.7738    -0.5367
   -0.06803    0.5485    -0.8334
 Node:        112
  0.1072E+03  0.1111E+03  0.4942E+03 -0.1630E-04
  -3.261E-5
   2.399E-16
  -3.261E-5
  -2.512E-37
   2.399E-17
  -3.261E-5
   -3.261E-5
   -3.261E-5
   -3.261E-5
   0.0
   -3.261E-5
   0.0
   0.3759    0.9265    0.0167
   0.9266    -0.3757    -0.01402
   0.006715    -0.02075    0.9998
 Node:        113
  0.1071E+03  0.1139E+03  0.5077E+03 -0.1630E-04
  -3.261E-5
   3.316E-36
  -3.261E-5
   2.878E-16
  -2.639E-16
  -3.261E-5
   -3.261E-5
   -3.261E-5
   -3.261E-5
   0.0
   -3.261E-5
   0.0
   -0.1654    0.6537    -0.7384
   -0.2298    -0.7537    -0.6157
   -0.9591    0.06785    0.2749
 Node:        114
  0.1093E+03  0.1164E+03  0.5209E+03 -0.1630E-04
  -3.261E-5
   1.919E-16
  -3.261E-5
  -4.797E-17
   9.595E-17
  -3.261E-5
   -3.261E-5
   -3.261E-5
   -3.261E-5
   0.0
   -3.261E-5
   0.0
   -0.6573    -0.7285    -0.1932
   -0.4203    0.1416    0.8963
   0.6256    -0.6703    0.3993
 Node:        115
  0.1129E+03  0.1120E+03  0.4932E+03 -0.1630E-04
  -3.261E-5
  -3.014E-37
  -3.261E-5
  -1.439E-16
  -4.797E-17
  -3.261E-5
   -3.261E-5
   -3.261E-5
   -3.261E-5
   0.0
   -3.261E-5
   0.0
   0.6708    0.2236    -0.7071
   0.3162    -0.9487    -1.8E-5
   -0.6709    -0.2236    -0.7071
 Node:        116
  0.1092E+03  0.1143E+03  0.5068E+03 -0.1630E-04
  -3.261E-5
   8.995E-17
  -3.261E-5
   2.878E-16
   3.598E-17
  -3.261E-5
   -3.261E-5
   -3.261E-5
   -3.261E-5
   0.0
   -3.261E-5
   0.0
   -0.223    -0.9699    -0.09797
   0.8805    -0.2435    0.4067
   -0.4183    0.004425    0.9083
 Node:        117
  0.1089E+03  0.1172E+03  0.5207E+03 -0.1630E-04
  -3.261E-5
  -1.199E-16
  -3.261E-5
  -2.399E-16
  -2.878E-16
  -3.261E-5
   -3.261E-5
   -3.261E-5
   -3.261E-5
   0.0
   -3.261E-5
   0.0
   -0.232    -0.2201    0.9475
   -0.8739    0.475    -0.1036
   -0.4272    -0.852    -0.3026
 Node:        118
