 Group name: gastroc_Strain
 #Fields=  16
 1) coordinates, coordinate, rectangular cartesian, #Components=3
   x.  Value index= 1, #Derivatives=0
   y.  Value index= 2, #Derivatives=0
   z.  Value index= 3, #Derivatives=0
 2) Tensor_1, field, rectangular cartesian, #Components=1
   Tensor_1.  Value index= 4, #Derivatives=0
 3) Tensor_2, field, rectangular cartesian, #Components=1
   Tensor_2.  Value index= 5, #Derivatives=0
 4) Tensor_3, field, rectangular cartesian, #Components=1
   Tensor_3.  Value index= 6, #Derivatives=0
 5) Tensor_4, field, rectangular cartesian, #Components=1
   Tensor_4.  Value index= 7, #Derivatives=0
 6) Tensor_5, field, rectangular cartesian, #Components=1
   Tensor_5.  Value index= 8, #Derivatives=0
 7) Tensor_6, field, rectangular cartesian, #Components=1
   Tensor_6.  Value index= 9, #Derivatives=0
 8) Principal_1, field, rectangular cartesian, #Components=1
   Principal_1.  Value index= 10, #Derivatives=0
 9) Principal_2, field, rectangular cartesian, #Components=1
   Principal_2.  Value index= 11, #Derivatives=0
 10) Principal_3, field, rectangular cartesian, #Components=1
   Principal_3.  Value index= 12, #Derivatives=0
 11) VonMises, field, rectangular cartesian, #Components=1
   VonMises.  Value index= 13, #Derivatives=0
 12) Hydrostatic, field, rectangular cartesian, #Components=1
   VonMises.  Value index= 14, #Derivatives=0
 13) Octahedral, field, rectangular cartesian, #Components=1
   VonMises.  Value index= 15, #Derivatives=0
 14) PrincipalVector1, field, rectangular cartesian, #Components=3
   x.  Value index= 16, #Derivatives=0
   y.  Value index= 17, #Derivatives=0
   z.  Value index= 18, #Derivatives=0
 15) PrincipalVector2, field, rectangular cartesian, #Components=3
   x.  Value index= 19, #Derivatives=0
   y.  Value index= 20, #Derivatives=0
   z.  Value index= 21, #Derivatives=0
 16) PrincipalVector3, field, rectangular cartesian, #Components=3
   x.  Value index= 22, #Derivatives=0
   y.  Value index= 23, #Derivatives=0
   z.  Value index= 24, #Derivatives=0
 Node:          1
  0.1287E+03  0.1133E+03  0.4908E+03 -0.2021E-05
  -1.11E-16
  -8.327E-17
  -2.22E-16
  -2.776E-17
  -4.163E-17
  -3.331E-16
   -6.637E-17
   -2.4E-16
   -3.598E-16
   2.5553921597281306E-16
   -2.2205666666666663E-16
   1.204623416489799E-16
   0.8837    -0.4676    -0.01897
   0.4046    0.7837    -0.4712
   0.2352    0.4088    0.8818
 Node:          2
  0.1292E+03  0.1137E+03  0.5052E+03 -0.2021E-05
  -5.551E-17
  -1.11E-16
  -1.665E-16
  -5.551E-17
   1.943E-16
  -2.776E-16
   8.603E-17
   -1.6E-16
   -4.256E-16
   4.4319260925696854E-16
   -1.6652333333333334E-16
   2.089229995849082E-16
   -0.6554    0.6199    0.4313
   0.7522    0.4849    0.4462
   -0.06744    -0.6169    0.7841
 Node:          3
  0.1289E+03  0.1155E+03  0.5194E+03 -0.2021E-05
   2.22E-16
   1.388E-16
   3.331E-16
   1.11E-16
   5.551E-17
   2.22E-16
   4.753E-16
   2.118E-16
   9.006E-17
   3.4107384479024473E-16
   2.590533333333333E-16
   1.6078375235770005E-16
   -0.5696    -0.7144    -0.4063
   0.2395    -0.6172    0.7494
   -0.7862    0.3296    0.5227
 Node:          4
  0.1361E+03  0.1141E+03  0.4915E+03 -0.2021E-05
   0.0
  -2.776E-17
  -1.11E-16
  -2.776E-17
  -8.327E-17
   2.22E-16
   2.435E-16
   6.328E-18
   -1.388E-16
   3.3426485304919515E-16
   3.700933333333334E-17
   1.5757396286894045E-16
   -0.08549    -0.2215    0.9714
   0.9681    -0.2491    0.0284
   0.2357    0.9428    0.2357
 Node:          5
  0.1341E+03  0.1144E+03  0.5054E+03 -0.2021E-05
   3.331E-16
   1.388E-16
   3.331E-16
   5.551E-17
  -6.939E-17
   4.441E-16
   4.814E-16
   4.627E-16
   1.662E-16
   3.062784517395894E-16
   3.7010000000000004E-16
   1.4438104677092028E-16
   -0.348    -0.6443    0.681
   -0.6589    -0.3487    -0.6665
   0.6669    -0.6807    -0.3032
 Node:          6
  0.1323E+03  0.1162E+03  0.5191E+03 -0.2021E-05
   2.22E-16
   5.551E-17
   2.22E-16
  -5.551E-17
  -2.776E-17
   0.0
   2.897E-16
   1.685E-16
   -1.402E-17
   2.648101478418076E-16
   1.4806E-16
   1.2483270084396958E-16
   -0.715    -0.6696    0.2012
   0.6656    -0.7399    -0.09741
   -0.2141    -0.06426    -0.9747
 Node:          7
  0.1408E+03  0.1171E+03  0.4920E+03 -0.2021E-05
   3.331E-16
   2.22E-16
   2.22E-16
  -8.327E-17
  -1.11E-16
   0.0
   5.398E-16
   6.158E-17
   -4.631E-17
   5.403052621435404E-16
   1.8502333333333335E-16
   2.5470234318164845E-16
   -0.7537    -0.6111    0.2419
   -0.656    0.677    -0.3335
   -0.04004    0.4101    0.9112
 Node:          8
  0.1367E+03  0.1169E+03  0.5055E+03 -0.2021E-05
   2.22E-16
   1.943E-16
   2.22E-16
  -4.025E-16
  -2.359E-16
  -2.22E-16
   6.547E-16
   4.477E-17
   -4.775E-16
   9.814930967154074E-16
   7.399000000000001E-17
   4.626802829168323E-16
   -0.6847    -0.5611    0.4652
   0.5685    -0.8105    -0.1409
   -0.4561    -0.1681    -0.8739
 Node:          9
  0.1339E+03  0.1180E+03  0.5191E+03 -0.2021E-05
   2.22E-16
   1.665E-16
   0.0
  -3.955E-16
  -2.776E-16
   6.661E-16
   1.002E-15
   -9.379E-18
   -1.046E-16
   1.062195387036208E-15
   2.96007E-16
   5.007237074122481E-16
   -0.4817    -0.3073    0.8207
   -0.8565    -0.03292    -0.515
   -0.1853    0.951    0.2474
 Node:         10
  0.1294E+03  0.1212E+03  0.4911E+03 -0.2021E-05
   0.0
   2.776E-17
   1.11E-16
  -1.388E-17
   1.249E-16
   1.11E-16
   2.363E-16
   2.303E-17
   -3.732E-17
   2.48992088026909E-16
   7.400333333333333E-17
   1.173759959370834E-16
   0.0421    0.71    0.703
   -0.7813    -0.4152    0.4661
   -0.6228    0.5688    -0.5372
 Node:         11
  0.1295E+03  0.1214E+03  0.5055E+03 -0.2021E-05
  -2.22E-16
  -2.776E-17
  -2.22E-16
  -4.163E-17
   1.388E-17
  -1.665E-16
   -1.365E-16
   -2.183E-16
   -2.558E-16
   1.0566451627675205E-16
   -2.035333333333333E-16
   4.9810730660058464E-17
   -0.4935    0.2929    0.8189
   0.3541    -0.7924    0.4968
   -0.7944    -0.5351    -0.2873
 Node:         12
  0.1295E+03  0.1217E+03  0.5196E+03 -0.2021E-05
   1.11E-16
   0.0
   1.11E-16
   7.633E-17
   2.776E-17
   2.22E-16
   2.649E-16
   1.11E-16
   6.816E-17
   1.792025435087348E-16
   1.4801999999999999E-16
   8.447688914726913E-17
   -0.4387    -0.1595    -0.8844
   0.3417    -0.9398    -2.255E-17
   0.8311    0.3022    -0.4668
 Node:         13
  0.1361E+03  0.1199E+03  0.4914E+03 -0.2021E-05
   1.11E-16
  -1.388E-16
   0.0
  -9.714E-17
   2.776E-17
  -1.665E-16
   2.285E-16
   -8.52E-17
   -1.988E-16
   3.833392361864358E-16
   -1.849999999999999E-17
   1.807078489348669E-16
   0.8171    -0.5252    -0.2378
   0.4648    0.8442    -0.2671
   0.341    0.1077    0.9339
 Node:         14
  0.1342E+03  0.1198E+03  0.5054E+03 -0.2021E-05
  -5.551E-17
   2.776E-17
   0.0
   5.551E-17
  -9.021E-17
   1.11E-16
   1.672E-16
   -4.94E-18
   -1.068E-16
   2.398787602102362E-16
   1.8486666666666665E-17
   1.130799320048532E-16
   0.1634    -0.4472    0.8794
   -0.6569    -0.7144    -0.2412
   -0.7361    0.5382    0.4105
 Node:         15
  0.1330E+03  0.1205E+03  0.5193E+03 -0.2021E-05
   2.22E-16
  -8.327E-17
  -5.551E-17
   1.388E-17
   4.857E-17
   0.0
   2.451E-16
   2.471E-17
   -1.033E-16
   3.0523832672192397E-16
   5.550333333333333E-17
   1.438907271354049E-16
   -0.9638    0.2667    -0.001723
   0.1157    0.4239    0.8983
   0.2403    0.8656    -0.4394
 Node:         16
  0.1404E+03  0.1188E+03  0.4918E+03 -0.2021E-05
   2.22E-16
   5.551E-17
   2.22E-16
  -8.327E-17
  -1.457E-16
   4.441E-16
   5.466E-16
   1.95E-16
   1.465E-16
   3.7818964819254375E-16
   2.9603333333333337E-16
   1.7828030987433498E-16
   -0.2927    -0.4328    0.8526
   -0.9222    -0.1077    -0.3713
   -0.2526    0.895    0.3676
 Node:         17
  0.1365E+03  0.1184E+03  0.5055E+03 -0.2021E-05
  -1.11E-16
   2.776E-17
  -1.11E-16
   9.714E-17
   1.7E-16
   0.0
   1.573E-16
   -1.341E-16
   -2.452E-16
   3.600440389730123E-16
   -7.400000000000001E-17
   1.697263876557404E-16
   0.3368    0.5285    0.7792
   0.8927    -0.4425    -0.08566
   -0.2996    -0.7244    0.6209
 Node:         18
  0.1341E+03  0.1191E+03  0.5192E+03 -0.2021E-05
   0.0
   0.0
   0.0
   2.645E-17
   1.065E-16
   4.441E-16
   4.697E-16
   -1.672E-33
   -2.562E-17
   4.830198633596759E-16
   1.4802666666666666E-16
   2.2769774721961763E-16
   -0.05484    -0.2207    -0.9738
   0.9705    -0.2411    -6.21E-17
   -0.2348    -0.9451    0.2274
 Node:         19
  0.1301E+03  0.1291E+03  0.4914E+03  0.0000E+00
   1.11E-16
   0.0
   1.11E-16
   2.101E-19
   1.001E-17
  -2.22E-16
   1.113E-16
   1.11E-16
   -2.223E-16
   3.3345010121455954E-16
   0.0
   1.5718988517077046E-16
   -0.02096    -0.9993    -0.03003
   0.9998    -0.02097    1.345E-19
   6.298E-4    0.03003    -0.9995
 Node:         20
  0.1299E+03  0.1291E+03  0.5058E+03  0.0000E+00
   2.22E-16
   0.0
   0.0
   1.041E-17
   1.924E-17
  -5.551E-17
   2.224E-16
   5.975E-18
   -6.188E-17
   2.5715676157744715E-16
   5.549833333333335E-17
   1.2122485995959007E-16
   -0.9993    -0.003257    -0.03765
   0.01428    -0.9549    -0.2965
   -0.03498    -0.2968    0.9543
 Node:         21
  0.1301E+03  0.1280E+03  0.5197E+03  0.0000E+00
   1.11E-16
   0.0
   0.0
   4.163E-17
   1.475E-17
   1.11E-16
   1.534E-16
   7.089E-17
   -2.22E-18
   1.3485280234388901E-16
   7.402333333333333E-17
   6.357022066624871E-17
   -0.6994    -0.0684    -0.7114
   -0.7126    0.1429    0.6869
   -0.05465    -0.9874    0.1487
 Node:         22
  0.1360E+03  0.1256E+03  0.4913E+03  0.0000E+00
  -2.22E-16
   1.388E-17
  -1.11E-16
  -1.388E-17
   1.006E-16
   1.11E-16
   1.5E-16
   -1.456E-16
   -2.264E-16
   3.432090907886911E-16
   -7.4E-17
   1.617903169743686E-16
   -0.02144    0.3586    0.9332
   0.228    0.9106    -0.3447
   -0.9734    0.2054    -0.1013
 Node:         23
  0.1343E+03  0.1253E+03  0.5054E+03  0.0000E+00
   0.0
   2.082E-17
  -4.441E-16
   0.0
   1.314E-16
  -1.665E-16
   1.265E-18
   -1.147E-16
   -4.972E-16
   4.517861703560657E-16
   -2.0354499999999996E-16
   2.1297404313671653E-16
   0.997    0.06061    0.04746
   0.06644    -0.3661    -0.9282
   0.03888    -0.9286    0.369
 Node:         24
  0.1336E+03  0.1248E+03  0.5194E+03  0.0000E+00
  -2.22E-16
   1.214E-17
   0.0
   1.388E-17
   8.674E-19
  -1.665E-16
   6.779E-19
   -1.633E-16
   -2.259E-16
   2.026635838733984E-16
   -1.2950736666666666E-16
   9.553652963763242E-17
   -0.05504    -0.9984    -0.009747
   0.2257    -0.02195    0.974
   -0.9726    0.05141    0.2265
 Node:         25
  0.1400E+03  0.1206E+03  0.4917E+03  0.0000E+00
   0.0
   2.671E-16
  -1.11E-16
  -8.327E-17
  -1.301E-16
   2.22E-16
   3.681E-16
   7.58E-17
   -3.329E-16
   6.098671904603493E-16
   3.699999999999999E-17
   2.8749415066513385E-16
   0.5089    0.4781    -0.7159
   0.6086    0.3883    0.692
   0.6088    -0.7878    -0.09334
 Node:         26
  0.1363E+03  0.1200E+03  0.5055E+03  0.0000E+00
   2.22E-16
   1.076E-16
  -6.106E-16
   2.776E-17
  -1.124E-15
  -5.551E-17
   8.281E-16
   2.248E-16
   -1.497E-15
   2.089815319591662E-15
   -1.4803333333333336E-16
   9.851483892738641E-16
   0.07371    0.6174    -0.7832
   0.9955    0.001018    0.09449
   -0.05914    0.7866    0.6146
 Node:         27
  0.1343E+03  0.1203E+03  0.5192E+03  0.0000E+00
   2.22E-16
  -1.943E-16
   2.22E-16
  -1.041E-16
   1.313E-15
   0.0
   1.466E-15
   1.875E-16
   -1.209E-15
   2.3173691440942246E-15
   1.4816666666666667E-16
   1.0924182908676612E-15
   -0.1693    0.728    0.6643
   0.9848    0.09849    0.1431
   0.03876    0.6785    -0.7336
 Node:         28
  0.1155E+03  0.1124E+03  0.4931E+03 -0.1195E-04
  -2.22E-16
   3.816E-17
   2.22E-16
  -5.551E-17
   5.551E-17
   1.11E-16
   2.455E-16
   1.014E-16
   -2.359E-16
   4.279497984577163E-16
   3.699999999999999E-17
   2.0173746966457835E-16
   0.03184    0.9284    0.3701
   0.1988    0.3571    -0.9127
   0.9795    -0.1026    0.1732
 Node:         29
  0.1119E+03  0.1139E+03  0.5068E+03 -0.1195E-04
  -2.22E-16
  -2.082E-17
   0.0
   5.551E-17
   6.939E-18
  -3.331E-16
   1.944E-18
   -2.004E-16
   -3.566E-16
   3.113642033631998E-16
   -1.8501866666666668E-16
   1.4677849307791052E-16
   -0.09118    0.9958    0.005517
   -0.9179    -0.08189    -0.3884
   -0.3863    -0.04048    0.9215
 Node:         30
  0.1113E+03  0.1159E+03  0.5206E+03 -0.1195E-04
   2.22E-16
   1.249E-16
   2.22E-16
   0.0
  -2.776E-17
   1.11E-16
   3.486E-16
   1.238E-16
   8.277E-17
   2.4787505905193444E-16
   1.8505666666666664E-16
   1.1684942342842583E-16
   -0.7001    -0.7092    0.08287
   -0.4685    0.3686    -0.8029
   -0.5389    0.6009    0.5903
 Node:         31
  0.1203E+03  0.1126E+03  0.4920E+03 -0.1195E-04
  -5.551E-17
   9.714E-17
  -1.11E-16
   2.776E-17
   4.163E-17
  -5.551E-17
   4.114E-17
   -7.661E-17
   -1.866E-16
   1.9726678661143135E-16
   -7.402333333333333E-17
   9.29924550105485E-17
   -0.6956    -0.5654    -0.4433
   0.4358    0.1585    -0.886
   0.5712    -0.8095    0.1362
 Node:         32
  0.1188E+03  0.1134E+03  0.5062E+03 -0.1195E-04
   2.22E-16
  -1.388E-17
  -1.11E-16
  -2.776E-17
   9.714E-17
  -5.551E-17
   2.266E-16
   1.331E-17
   -1.844E-16
   3.5602167644681415E-16
   1.8503333333333345E-17
   1.6783022777663014E-16
   -0.9894    0.07624    0.1236
   0.1445    0.5992    0.7875
   0.01402    -0.797    0.6038
 Node:         33
  0.1183E+03  0.1150E+03  0.5201E+03 -0.1195E-04
   1.11E-16
   5.551E-17
   0.0
   8.327E-17
   0.0
   0.0
   1.7E-16
   0.0
   -5.893E-17
   2.0589037107159722E-16
   3.702333333333333E-17
   9.705765171049398E-17
   -0.8617    -0.2815    -0.4222
   0.0    -0.8321    0.5547
   -0.5074    0.478    0.717
 Node:         34
  0.1255E+03  0.1129E+03  0.4909E+03 -0.1195E-04
   0.0
   0.0
   0.0
   5.551E-17
   9.714E-17
   0.0
   1.119E-16
   3.387E-33
   -1.119E-16
   1.9381648536695736E-16
   0.0
   9.136596740581255E-17
   -0.3508    -0.6139    -0.7071
   0.8682    -0.4961    -4.855E-17
   -0.3508    -0.6139    0.7071
 Node:         35
  0.1260E+03  0.1135E+03  0.5054E+03 -0.1195E-04
   0.0
   1.11E-16
  -1.11E-16
   1.11E-16
   2.498E-16
  -1.11E-16
   2.41E-16
   -1.023E-16
   -3.608E-16
   5.228959647960578E-16
   -7.403333333333333E-17
   2.4649552170824977E-16
   0.5458    0.5925    0.5925
   0.8379    -0.3859    -0.3859
   -4.975E-17    -0.7071    0.7071
 Node:         36
  0.1257E+03  0.1153E+03  0.5196E+03 -0.1195E-04
   0.0
  -5.551E-17
   0.0
  -5.551E-17
   8.327E-17
   0.0
   1.305E-16
   -4.723E-17
   -8.327E-17
   1.982226619234037E-16
   0.0
   9.344305895392481E-17
   -0.5155    0.6059    0.6059
   0.8569    0.3645    0.3645
   -1.256E-16    0.7071    -0.7071
 Node:         37
  0.1132E+03  0.1210E+03  0.4959E+03 -0.1195E-04
  -2.22E-16
   1.388E-16
  -2.22E-16
  -8.327E-17
   1.804E-16
  -2.776E-16
   -4.482E-17
   -1.622E-16
   -5.146E-16
   4.2347200190803645E-16
   -2.4054E-16
   1.9962661612787678E-16
   0.3971    0.7887    0.4693
   -0.7874    0.0301    0.6157
   0.4715    -0.614    0.633
 Node:         38
  0.1111E+03  0.1204E+03  0.5085E+03 -0.1195E-04
  -1.665E-16
   9.714E-17
   0.0
  -2.776E-17
  -8.327E-17
  -2.22E-16
   7.071E-17
   -2.091E-16
   -2.502E-16
   3.0246162913665597E-16
   -1.2953E-16
   1.4258177934084005E-16
   -0.3916    -0.8746    0.2859
   0.9154    -0.3389    0.217
   0.09287    -0.3467    -0.9334
 Node:         39
  0.1119E+03  0.1201E+03  0.5207E+03 -0.1195E-04
  -5.551E-17
  -9.714E-17
  -3.331E-16
  -8.327E-17
  -7.633E-17
  -1.11E-16
   8.934E-18
   -1.105E-16
   -3.981E-16
   3.6239130612640252E-16
   -1.6655533333333335E-16
   1.7083290000335286E-16
   0.851    -0.1281    -0.5092
   0.4076    -0.4503    0.7944
   -0.3311    -0.8836    -0.331
 Node:         40
  0.1191E+03  0.1220E+03  0.4937E+03 -0.1195E-04
   0.0
   8.327E-17
  -2.22E-16
   8.327E-17
  -1.388E-17
  -2.22E-16
   4.872E-17
   -2.082E-16
   -2.846E-16
   3.0244591979393603E-16
   -1.4802666666666666E-16
   1.4257437388566321E-16
   -0.924    -0.2703    -0.2703
   0.0    -0.7071    0.7071
   0.3823    -0.6534    -0.6534
 Node:         41
  0.1182E+03  0.1217E+03  0.5073E+03 -0.1195E-04
   0.0
  -2.776E-17
  -5.551E-17
   5.551E-17
   9.714E-17
   1.11E-16
   1.653E-16
   1.073E-17
   -1.206E-16
   2.478691830381502E-16
   1.8476666666666666E-17
   1.168466534489637E-16
   0.2406    0.3653    0.8993
   -0.8901    0.4526    0.05428
   -0.3871    -0.8135    0.434
 Node:         42
  0.1187E+03  0.1212E+03  0.5204E+03 -0.1195E-04
   0.0
  -5.551E-17
  -1.11E-16
   0.0
   5.551E-17
   1.11E-16
   1.256E-16
   1.887E-17
   -1.444E-16
   2.3552960089975954E-16
   2.3333333333339628E-20
   1.1102971864425409E-16
   0.1113    -0.2517    -0.9614
   0.9295    -0.3159    0.1903
   -0.3516    -0.9148    0.1988
 Node:         43
  0.1258E+03  0.1217E+03  0.4915E+03 -0.1195E-04
   2.22E-16
   1.11E-16
   1.11E-16
  -1.388E-17
   0.0
  -5.551E-17
   2.911E-16
   4.294E-17
   -5.645E-17
   3.1004254562882173E-16
   9.253E-17
   1.4615545764698628E-16
   -0.8507    -0.5246    0.03406
   -0.5213    0.8502    0.07348
   0.06751    -0.04475    0.9967
 Node:         44
  0.1259E+03  0.1220E+03  0.5059E+03 -0.1195E-04
  -2.22E-16
   1.388E-16
  -2.22E-16
   9.714E-17
   1.11E-16
  -1.11E-16
   5.081E-17
   -2.445E-16
   -3.614E-16
   3.679610646522265E-16
   -1.8503E-16
   1.7345850935214064E-16
   -0.5113    -0.534    -0.6733
   -0.5198    -0.4318    0.7372
   -0.6844    0.7269    -0.05679
 Node:         45
  0.1261E+03  0.1221E+03  0.5198E+03 -0.1195E-04
  -5.551E-17
  -8.327E-17
  -2.776E-16
   2.776E-17
  -6.939E-18
   1.11E-16
   1.167E-16
   -3.339E-17
   -3.053E-16
   3.7050374910383835E-16
   -7.399666666666666E-17
   1.7465714229757554E-16
   0.1854    -0.05643    0.981
   0.9302    -0.3117    -0.1938
   -0.3167    -0.9485    0.005308
 Node:         46
  0.1117E+03  0.1296E+03  0.4959E+03  0.0000E+00
  -5.551E-17
   2.776E-17
  -1.665E-16
   6.939E-18
  -2.602E-17
   0.0
   4.101E-18
   -4.897E-17
   -1.772E-16
   1.6144583695778595E-16
   -7.402300000000001E-17
   7.610629740479211E-17
   0.04856    -0.1429    0.9886
   0.9724    0.2327    -0.01414
   -0.228    0.962    0.1502
 Node:         47
  0.1107E+03  0.1269E+03  0.5087E+03  0.0000E+00
  -1.665E-16
  -3.123E-17
   1.11E-16
  -2.776E-17
   3.99E-17
   0.0
   1.289E-16
   -1.114E-17
   -1.732E-16
   2.6185783853075704E-16
   -1.8479999999999997E-17
   1.2344096888796688E-16
   -0.1292    0.939    0.3186
   -0.1008    -0.3321    0.9379
   -0.9865    -0.08906    -0.1376
 Node:         48
  0.1125E+03  0.1242E+03  0.5208E+03  0.0000E+00
   1.11E-16
   3.469E-18
   1.11E-16
   0.0
  -1.735E-18
   1.11E-16
   1.149E-16
   1.11E-16
   1.071E-16
   6.75499814951862E-18
   1.1099999999999999E-16
   3.1843366656181307E-18
   -0.6325    -0.7071    0.3162
   0.4472    -4.455E-15    0.8944
   -0.6325    0.7071    0.3162
 Node:         49
  0.1186E+03  0.1311E+03  0.4938E+03  0.0000E+00
  -1.665E-16
  -2.082E-17
   0.0
  -4.163E-17
  -6.072E-18
  -5.551E-17
   2.581E-18
   -4.165E-17
   -1.83E-16
   1.6789358448433935E-16
   -7.402300000000001E-17
   7.914579473772858E-17
   0.1174    -0.9929    0.01965
   -0.3135    -0.01827    0.9494
   -0.9423    -0.1176    -0.3134
 Node:         50
  0.1180E+03  0.1298E+03  0.5075E+03  0.0000E+00
   0.0
  -1.301E-17
   3.331E-16
  -4.163E-17
   1.247E-17
   2.22E-16
   3.354E-16
   2.276E-16
   -7.879E-18
   3.040655120874448E-16
   1.8504033333333332E-16
   1.4333785701466156E-16
   0.05441    -0.9902    -0.1289
   -0.1707    -0.1364    0.9758
   0.9838    0.03109    0.1765
 Node:         51
  0.1192E+03  0.1275E+03  0.5206E+03  0.0000E+00
   0.0
  -3.469E-18
  -5.551E-17
   0.0
   1.475E-17
   1.11E-16
   1.123E-16
   2.087E-19
   -5.702E-17
   1.491791641607165E-16
   1.849623333333333E-17
   7.03237323931892E-17
   -0.002705    0.08758    0.9962
   0.9982    -0.06004    0.007989
   -0.06051    -0.9943    0.08725
 Node:         52
  0.1262E+03  0.1305E+03  0.4920E+03  0.0000E+00
   1.11E-16
  -1.388E-17
   1.11E-16
   1.301E-18
   4.906E-18
   0.0
   1.25E-16
   9.734E-17
   -2.497E-19
   1.1396559238686912E-16
   7.403009999999999E-17
   5.372389546579809E-17
   -0.7047    0.7092    0.02051
   0.7093    0.7034    0.04493
   -0.01744    -0.04621    0.9988
 Node:         53
  0.1258E+03  0.1304E+03  0.5063E+03  0.0000E+00
  -1.665E-16
  -1.735E-18
  -1.11E-16
   2.776E-17
   3.383E-17
  -2.22E-16
   -1.01E-16
   -1.572E-16
   -2.414E-16
   1.2239330047024632E-16
   -1.6653333333333332E-16
   5.769675515620921E-17
   0.09684    0.9526    0.2883
   -0.9346    0.1866    -0.3027
   -0.3422    -0.2402    0.9084
 Node:         54
  0.1265E+03  0.1288E+03  0.5200E+03  0.0000E+00
  -2.22E-16
   2.082E-17
   1.11E-16
   0.0
  -4.337E-18
   1.11E-16
   1.16E-16
   1.073E-16
   -2.233E-16
   3.350347295430729E-16
   0.0
   1.5793688612860518E-16
   -0.04656    -0.7562    0.6527
   -0.04117    -0.6514    -0.7576
   -0.9981    0.06215    8.061E-4
 Node:         55
  0.1384E+03  0.1167E+03  0.4563E+03 -0.3199E-01
  -0.1673
  -0.006364
   0.1795
   0.01988
   0.03542
   0.1646
   0.2084
   0.1371
   -0.1687
   0.34698828510484325
   0.058933333333333345
   0.1635718462599505
   0.02049    0.7727    0.6345
   -0.06358    0.6343    -0.7704
   0.9978    0.02456    -0.06212
 Node:         56
  0.1315E+03  0.1156E+03  0.4706E+03 -0.3199E-01
  -0.1785
   0.02587
   0.0837
   0.06256
  -0.01748
   0.0261
   0.08891
   0.04162
   -0.1992
   0.267617253367566
   -0.022889999999999994
   0.12615598307914952
   -0.04014    -0.9722    0.2305
   0.2901    0.2095    0.9338
   -0.9562    0.1044    0.2736
 Node:         57
  0.1285E+03  0.1140E+03  0.4825E+03 -0.3199E-01
  -0.0506
   0.02611
  -0.008256
   0.02002
  -0.01464
  -0.006265
   0.007866
   -8.859E-4
   -0.0721
   0.07596908893892304
   -0.021706633333333333
   0.03581217196618428
   -0.1392    -0.7797    0.6104
   0.5293    0.4624    0.7114
   -0.8369    0.4221    0.3483
 Node:         58
  0.1502E+03  0.1178E+03  0.4558E+03 -0.3199E-01
  -0.2113
  -0.07158
   0.3218
  -0.006129
   0.03847
   0.1172
   0.3381
   0.1103
   -0.2207
   0.4866781688138476
   0.07590000000000001
   0.22942228894914865
   0.1292    -0.9763    -0.1736
   0.01963    -0.1725    0.9848
   -0.9914    -0.1306    -0.003114
 Node:         59
  0.1430E+03  0.1168E+03  0.4711E+03 -0.3199E-01
  -0.2073
  -0.05513
   0.206
   0.04434
  -0.006657
  -0.01621
   0.2139
   -0.007907
   -0.2235
   0.3788122535623683
   -0.005835666666666665
   0.178573808860339
   -0.1352    0.9893    -0.05468
   0.195    0.08068    0.9775
   -0.9714    -0.1215    0.2039
 Node:         60
  0.1376E+03  0.1150E+03  0.4834E+03 -0.3199E-01
  -0.05253
  -0.001932
   0.02272
   0.02739
  -0.01272
  -0.01625
   0.0279
   -0.00651
   -0.06746
   0.08364352993507627
   -0.01535666666666667
   0.039429938146314944
   -0.1431    0.9239    -0.355
   -0.4614    -0.3796    -0.8019
   -0.8756    0.04906    0.4806
 Node:         61
  0.1573E+03  0.1223E+03  0.4536E+03 -0.3199E-01
  -0.1666
  -0.1029
   0.2846
  -0.08312
   0.1095
  -0.1761
   0.3376
   -0.1409
   -0.2548
   0.5444599250633604
   -0.01936666666666667
   0.25666087006441446
   -0.2317    0.9431    0.2385
   0.7034    0.3318    -0.6286
   0.6719    -0.02211    0.7403
 Node:         62
  0.1506E+03  0.1207E+03  0.4703E+03 -0.3199E-01
  -0.1055
  -0.1121
   0.1918
  -0.03885
   0.04254
  -0.2302
   0.2354
   -0.1376
   -0.2416
   0.43443871834816933
   -0.047933333333333335
   0.20479637583598875
   -0.322    0.94    0.1128
   0.9127    0.3399    -0.2269
   0.2516    -0.02986    0.9674
 Node:         63
  0.1438E+03  0.1181E+03  0.4839E+03 -0.3199E-01
   0.009085
  -0.02412
   0.01994
   0.009306
  -0.01619
  -0.04821
   0.04298
   -0.01003
   -0.05214
   0.08255642494682046
   -0.0063966666666666686
   0.03891747194027667
   -0.6039    0.7719    -0.1987
   0.7939    0.6048    -0.06301
   -0.07153    0.1958    0.978
 Node:         64
  0.1421E+03  0.1251E+03  0.4530E+03 -0.3199E-01
  -0.1219
   0.04585
   0.1433
  -0.03954
   0.03257
   0.01042
   0.1557
   0.01877
   -0.1426
   0.25862423687659286
   0.010623333333333337
   0.12191663444975652
   0.135    0.9741    0.1816
   0.3082    0.1329    -0.942
   -0.9417    0.1831    -0.2823
 Node:         65
  0.1347E+03  0.1229E+03  0.4688E+03 -0.3199E-01
  -0.1191
   0.02678
   0.1202
  -0.002863
   0.01394
   0.003761
   0.1246
   0.002396
   -0.1222
   0.21373841586387787
   0.001598666666666665
   0.10075725550494559
   -0.1072    -0.988    -0.1114
   -0.04694    -0.1069    0.9932
   -0.9931    0.1117    -0.03492
 Node:         66
  0.1299E+03  0.1214E+03  0.4825E+03 -0.3199E-01
  -0.0182
   0.004436
   0.01514
   0.008971
  -0.006723
  -0.004199
   0.01732
   -7.487E-4
   -0.02384
   0.035733959026254
   -0.002422900000000001
   0.01684514983073763
   -0.04928    -0.959    0.2791
   0.4896    0.2203    0.8436
   -0.8705    0.1782    0.4587
 Node:         67
  0.1513E+03  0.1243E+03  0.4524E+03 -0.3199E-01
  -0.1442
  -0.03727
   0.1503
  -0.02912
   0.02856
   0.1527
   0.1867
   0.1231
   -0.151
   0.3108191274680501
   0.05293333333333334
   0.14652154183676278
   0.1404    -0.6958    -0.7044
   0.02207    -0.7091    0.7048
   -0.9899    -0.1145    -0.08416
 Node:         68
  0.1443E+03  0.1225E+03  0.4691E+03 -0.3199E-01
  -0.1252
  -0.07355
   0.1377
   0.001898
   0.02033
   0.07137
   0.161
   0.06748
   -0.1446
   0.27121511462306075
   0.027960000000000002
   0.1278520311401687
   0.2421    -0.9473    -0.2097
   0.08401    -0.1949    0.9772
   -0.9666    -0.2542    0.03242
 Node:         69
  0.1380E+03  0.1205E+03  0.4831E+03 -0.3199E-01
  -0.01651
  -0.01969
   0.03238
   0.007723
  -3.817E-4
  -3.37E-4
   0.03955
   0.001489
   -0.0255
   0.05660630857952142
   0.005179666666666667
   0.02668446976967856
   -0.3396    0.9376    -0.07474
   0.2347    0.1614    0.9586
   0.9108    0.308    -0.2749
 Node:         70
  0.1576E+03  0.1244E+03  0.4526E+03 -0.3199E-01
  -0.1234
  -0.02539
   0.09916
  -0.06923
   0.0578
   0.2525
   0.2851
   0.07983
   -0.1367
   0.365332898737576
   0.07607666666666668
   0.17221958005858554
   0.1776    -0.3141    -0.9326
   0.009076    -0.9471    0.3207
   -0.9841    -0.06542    -0.1653
 Node:         71
  0.1509E+03  0.1226E+03  0.4698E+03 -0.3199E-01
  -0.08401
  -0.101
   0.1367
  -0.04948
   0.06282
   0.09161
   0.2215
   0.04878
   -0.126
   0.3009455904312273
   0.04809333333333334
   0.1418671118414068
   0.3433    -0.7876    -0.5117
   0.07775    -0.5191    0.8512
   -0.936    -0.332    -0.117
 Node:         72
  0.1436E+03  0.1199E+03  0.4838E+03 -0.3199E-01
  -0.005695
  -0.03688
   0.03574
   1.997E-4
   0.007828
   4.754E-4
   0.05809
   3.154E-4
   -0.02789
   0.07591445644381577
   0.0101718
   0.035786417961008614
   -0.4969    0.8601    0.1151
   0.1847    -0.02479    0.9825
   0.8479    0.5095    -0.1466
 Node:         73
  0.1459E+03  0.1338E+03  0.4517E+03  0.0000E+00
   0.02634
  -0.03705
  -0.08
   0.01743
  -0.02687
   0.1135
   0.1226
   0.03089
   -0.09369
   0.18803226398679562
   0.01993333333333334
   0.08863925929794815
   -0.2387    0.1704    -0.956
   0.9298    -0.2439    -0.2756
   -0.2801    -0.9547    -0.1003
 Node:         74
  0.1379E+03  0.1304E+03  0.4681E+03  0.0000E+00
   0.0836
  -0.05177
  -0.05302
   0.00424
  -0.03184
   0.05242
   0.1052
   0.05473
   -0.0769
   0.1628405474689888
   0.027676666666666672
   0.07676377024496792
   0.8934    -0.3492    0.2826
   -0.3394    -0.1128    0.9338
   -0.2943    -0.9302    -0.2193
 Node:         75
  0.1314E+03  0.1289E+03  0.4826E+03  0.0000E+00
   0.02609
  -0.01998
  -0.01012
  -0.008269
  -0.005158
   0.00191
   0.03586
   0.003806
   -0.02178
   0.05002235456273526
   0.005961999999999999
   0.02358076408148529
   -0.9113    0.3775    0.1646
   0.01583    -0.3673    0.93
   0.4115    0.8501    0.3287
 Node:         76
  0.1523E+03  0.1311E+03  0.4507E+03  0.0000E+00
   0.03721
  -0.05282
  -0.1296
  -0.004796
   0.04398
   0.1092
   0.1198
   0.04843
   -0.1514
   0.24349039590916108
   0.005609999999999994
   0.11478247340077664
   -0.1896    0.2093    0.9593
   0.9461    -0.2225    0.2355
   -0.2627    -0.9522    0.1558
 Node:         77
  0.1454E+03  0.1283E+03  0.4680E+03  0.0000E+00
   0.1414
  -0.02754
  -0.08476
  -0.009917
   0.03271
   0.02281
   0.1462
   0.0295
   -0.09634
   0.21009551066122284
   0.026453333333333332
   0.09903997352360083
   -0.9844    0.1336    0.1145
   0.1442    0.2401    0.96
   0.1007    0.9615    -0.2556
 Node:         78
  0.1385E+03  0.1261E+03  0.4829E+03  0.0000E+00
   0.05911
  -0.00491
  -0.00924
  -0.005264
  -5.339E-4
  -9.002E-4
   0.05991
   -0.001249
   -0.009689
   0.06578631195773176
   0.016324
   0.03101196486304385
   -0.9939    0.0699    0.08542
   0.07714    -0.1136    0.9905
   0.07894    0.9911    0.1075
 Node:         79
  0.1574E+03  0.1264E+03  0.4517E+03  0.0000E+00
   0.05946
   0.1231
   0.3141
  -0.001843
  -0.04917
   0.2932
   0.3869
   0.2712
   0.008676
   0.33567747522882735
   0.2222586666666667
   0.15823987935058875
   -0.3172    -0.8372    0.4454
   0.2201    0.3919    0.8933
   0.9225    -0.3814    -0.05995
 Node:         80
  0.1508E+03  0.1244E+03  0.4692E+03  0.0000E+00
   0.1531
   0.06934
   0.1396
   0.06282
   0.03364
  -0.4307
   0.2233
   0.07721
   -0.4386
   0.6022930574894584
   -0.046029999999999995
   0.28392367014158343
   0.7447    0.6591    0.1054
   -0.6599    0.7507    -0.03191
   -0.1002    -0.04581    0.9939
 Node:         81
  0.1434E+03  0.1218E+03  0.4836E+03  0.0000E+00
   0.06149
   0.006358
   0.006727
  -0.006979
   0.0115
  -0.1309
   0.06239
   0.007076
   -0.1321
   0.17357413066468172
   -0.020877999999999997
   0.0818236298877042
   -0.9938    -0.1074    0.0295
   -0.1045    0.9906    0.08787
   0.03866    -0.08424    0.9957
 Node:         82
  0.1268E+03  0.1149E+03  0.4595E+03 -0.1262E+00
  -0.09242
  -0.003079
   0.06788
   0.0273
   0.05468
   0.02676
   0.1066
   -0.004549
   -0.09984
   0.17895802368432662
   7.370000000000015E-4
   0.08436162139662008
   0.06688    0.8124    0.5792
   -0.2611    0.5746    -0.7757
   -0.963    -0.09936    0.2505
 Node:         83
  0.1234E+03  0.1130E+03  0.4736E+03 -0.1262E+00
  -0.08683
   0.01523
   0.0305
   0.08221
   0.0202
  -0.04625
   0.05036
   -0.001719
   -0.1512
   0.18122254992411957
   -0.03418633333333333
   0.08542912930350839
   0.3793    0.7866    0.4872
   -0.4865    0.6174    -0.6181
   -0.7871    -0.002642    0.6169
 Node:         84
  0.1187E+03  0.1123E+03  0.4850E+03 -0.1262E+00
  -0.01237
   0.003243
   0.00226
   0.03055
  -9.654E-4
  -0.05126
   0.005955
   7.78E-4
   -0.06811
   0.07161697458703489
   -0.020459
   0.03376056558570468
   -0.741    -0.5493    -0.3863
   0.4678    -0.8349    0.29
   0.4819    -0.03422    -0.8756
 Node:         85
  0.1303E+03  0.1162E+03  0.4583E+03 -0.1262E+00
  -0.07909
   0.001899
   0.08672
   0.03846
   0.07135
   0.02345
   0.1356
   -0.00963
   -0.09487
   0.2018341291754197
   0.010366666666666668
   0.09514552094321392
   -0.1076    -0.8217    -0.5597
   0.3922    -0.5524    0.7356
   0.9136    0.1404    -0.3817
 Node:         86
  0.1252E+03  0.1139E+03  0.4720E+03 -0.1262E+00
  -0.01744
   0.07694
   0.1216
   0.1563
   0.05527
  -0.01851
   0.2241
   0.03669
   -0.1752
   0.3460204980922373
   0.02852999999999999
   0.16311562708704522
   -0.5399    -0.6758    -0.5018
   0.4416    -0.735    0.5146
   0.7166    -0.05629    -0.6952
 Node:         87
  0.1217E+03  0.1126E+03  0.4835E+03 -0.1262E+00
  -0.02419
   0.002536
   0.004729
   0.03981
  -0.006794
  -0.0481
   0.007383
   0.003356
   -0.0783
   0.08374215053961774
   -0.022520333333333333
   0.03947642834513893
   -0.5413    0.6949    -0.4735
   0.5961    0.7142    0.3669
   0.5931    -0.08364    -0.8008
 Node:         88
  0.1338E+03  0.1169E+03  0.4566E+03 -0.1262E+00
  -0.116
  -0.003676
   0.05246
   0.02622
   0.08246
   0.11
   0.1699
   -0.003229
   -0.1201
   0.25271770939330707
   0.015523666666666663
   0.11913227069195913
   0.06762    0.572    0.8175
   -0.1562    0.8153    -0.5576
   -0.9854    -0.09002    0.1445
 Node:         89
  0.1271E+03  0.1150E+03  0.4705E+03 -0.1262E+00
  -0.1412
   0.03375
   0.02636
   0.07269
   0.01771
  -0.0152
   0.05398
   -0.00688
   -0.1771
   0.207456928541806
   -0.043333333333333335
   0.09779613398402937
   0.337    0.7643    0.5498
   0.2387    -0.6342    0.7354
   -0.9107    0.1166    0.3962
 Node:         90
  0.1248E+03  0.1132E+03  0.4823E+03 -0.1262E+00
  -0.04221
   0.02534
  -0.01228
   0.02205
  -0.01236
  -0.01268
   0.002189
   -0.001176
   -0.06819
   0.06875828336280655
   -0.022392333333333334
   0.032412965619057786
   0.5132    0.8569    0.0487
   0.3333    -0.2513    0.9087
   -0.7909    0.4501    0.4146
 Node:         91
  0.1265E+03  0.1273E+03  0.4562E+03 -0.1262E+00
  -0.0494
   0.07087
   0.1147
   0.004747
   0.06497
   0.0265
   0.1689
   0.002506
   -0.07951
   0.21922718306815875
   0.030632000000000003
   0.10334468517861316
   -0.2903    -0.8669    -0.4053
   -0.3347    -0.3048    0.8917
   -0.8965    0.3945    -0.2016
 Node:         92
  0.1212E+03  0.1241E+03  0.4733E+03 -0.1262E+00
  -0.09313
   0.02543
   0.07536
   0.02578
   0.044
   0.04554
   0.1131
   0.01431
   -0.09963
   0.18438524968120415
   0.00926
   0.08692004026690277
   -0.1708    -0.7945    -0.5827
   0.05049    -0.5977    0.8002
   -0.984    0.1073    0.1422
 Node:         93
  0.1160E+03  0.1218E+03  0.4877E+03 -0.1262E+00
  -0.01855
  -0.005023
   0.006916
   0.01937
   0.01486
  -0.009032
   0.01707
   3.961E-6
   -0.03774
   0.04857979198761066
   -0.006888679666666668
   0.022900733562047606
   0.2175    0.7701    0.5997
   -0.6631    0.5674    -0.4881
   -0.7162    -0.2915    0.6341
 Node:         94
  0.1321E+03  0.1273E+03  0.4553E+03 -0.1262E+00
  -0.04921
   0.06944
   0.1278
  -0.02636
   0.06722
   0.07411
   0.1821
   0.05846
   -0.08789
   0.23409375493592305
   0.05089
   0.110352854365742
   0.2011    0.853    0.4817
   0.4355    0.3626    -0.8239
   0.8774    -0.3755    0.2986
 Node:         95
  0.1255E+03  0.1242E+03  0.4714E+03 -0.1262E+00
  -0.1313
   0.02047
   0.08075
   0.01349
   0.03208
   0.1031
   0.1279
   0.05835
   -0.1338
   0.23478257494967553
   0.01748333333333334
   0.11067756723423627
   0.08819    0.5861    0.8054
   -0.0449    -0.8054    0.591
   -0.9951    0.08829    0.04472
 Node:         96
  0.1206E+03  0.1223E+03  0.4852E+03 -0.1262E+00
  -0.03295
  -0.003435
   0.006385
   0.02292
   0.009308
  -0.004024
   0.01449
   0.001582
   -0.04667
   0.05583644673508514
   -0.010199333333333335
   0.026321553415826777
   0.2835    0.6689    0.6872
   -0.427    0.7297    -0.5341
   -0.8587    -0.142    0.4925
 Node:         97
  0.1377E+03  0.1264E+03  0.4537E+03 -0.1262E+00
  -0.1312
   0.04821
   0.1302
  -0.01794
   0.07281
   0.09347
   0.1893
   0.0472
   -0.144
   0.28968840156278264
   0.030833333333333334
   0.1365604221174235
   0.08732    0.8011    0.5921
   0.2316    0.5618    -0.7942
   0.9689    -0.2065    0.1365
 Node:         98
  0.1302E+03  0.1236E+03  0.4693E+03 -0.1262E+00
  -0.1306
   0.03534
   0.09726
   0.02708
   0.0429
   0.07038
   0.1362
   0.03887
   -0.1381
   0.24086510726960847
   0.012323333333333334
   0.11354490046771022
   0.1645    0.794    0.5852
   0.004718    -0.5939    0.8045
   -0.9864    0.1296    0.1015
 Node:         99
  0.1260E+03  0.1218E+03  0.4828E+03 -0.1262E+00
  -0.02604
   0.008723
   0.01012
   0.01414
  -0.001657
  -0.003323
   0.01233
   0.002899
   -0.03448
   0.04287953767241433
   -0.006416999999999999
   0.020213607908205467
   0.269    0.9526    0.1422
   -0.3676    0.238    -0.899
   -0.8902    0.1895    0.4142
 Node:        100
  0.1260E+03  0.1389E+03  0.4535E+03  0.0000E+00
   0.006611
   5.88E-4
   0.05808
  -0.003707
   0.001683
  -0.09048
   0.0581
   0.006747
   -0.09064
   0.13085286771408564
   -0.008597666666666665
   0.061684633398890805
   -0.01062    -0.9999    -0.01106
   0.9992    -0.01019    -0.03828
   -0.03816    0.01146    -0.9992
 Node:        101
  0.1193E+03  0.1346E+03  0.4717E+03  0.0000E+00
   0.03459
  -0.001337
   0.05611
  -0.02516
  -0.01193
  -0.108
   0.05698
   0.03888
   -0.1132
   0.1618906556908088
   -0.005779999999999998
   0.07631598696647161
   -0.0259    -0.9968    0.07601
   0.9854    -0.03824    -0.1657
   -0.1681    -0.07061    -0.9832
 Node:        102
  0.1139E+03  0.1313E+03  0.4875E+03  0.0000E+00
   0.01552
  -0.005605
  -0.008138
  -0.009607
  -0.01363
  -0.01646
   0.01833
   0.001867
   -0.02928
   0.041880055384395085
   -0.003027666666666667
   0.01974244743918263
   0.9685    -0.08442    -0.2343
   0.06724    -0.8173    0.5723
   0.2398    0.5701    0.7858
 Node:        103
  0.1337E+03  0.1377E+03  0.4529E+03  0.0000E+00
   0.0174
  -0.01044
   0.07793
  -0.004982
  -0.005995
  -0.1044
   0.07982
   0.01594
   -0.1049
   0.16248759706512986
   -0.003046666666666665
   0.07659738782897378
   -0.1628    0.9863    -0.02769
   0.9857    0.1613    -0.04883
   0.0437    0.03524    0.9984
 Node:        104
  0.1259E+03  0.1339E+03  0.4703E+03  0.0000E+00
   0.04206
  -0.01082
   0.03526
  -0.03092
  -0.02135
  -0.1017
   0.0515
   0.03583
   -0.1117
   0.15595654811517212
   -0.008123333333333335
   0.07351862182845618
   0.8912    -0.4378    -0.1189
   -0.4045    -0.8855    0.2285
   0.2053    0.1555    0.9663
 Node:        105
  0.1201E+03  0.1317E+03  0.4854E+03  0.0000E+00
   0.01122
  -0.009677
  -0.01305
  -0.0146
  -0.01411
  -0.0152
   0.0181
   -3.34E-4
   -0.0348
   0.04650874924140618
   -0.005677999999999999
   0.02192443464873534
   0.9271    -0.1287    -0.3519
   0.1256    -0.7782    0.6153
   0.353    0.6146    0.7054
 Node:        106
  0.1415E+03  0.1355E+03  0.4521E+03  0.0000E+00
   0.02616
  -0.01095
   0.05626
   0.008258
  -0.02874
  -0.03959
   0.06812
   0.02261
   -0.04789
   0.10124161743077795
   0.014280000000000001
   0.04772575614906483
   -0.2923    0.9182    -0.2674
   0.9538    0.3001    -0.01202
   0.06922    -0.2586    -0.9635
 Node:        107
  0.1333E+03  0.1320E+03  0.4686E+03  0.0000E+00
   0.06402
  -0.03123
   0.03387
  -0.01691
  -0.04489
  -0.04372
   0.08457
   0.04001
   -0.07041
   0.13819726914812752
   0.018056666666666665
   0.06514681743740229
   -0.8062    0.5834    -0.09789
   0.5523    0.6831    -0.4777
   -0.2119    -0.4393    -0.873
 Node:        108
  0.1274E+03  0.1304E+03  0.4831E+03  0.0000E+00
   0.01461
  -0.0151
  -0.008
  -0.01385
  -0.009309
  -0.005718
   0.02483
   0.002515
   -0.02646
   0.04454309121513683
   2.950000000000001E-4
   0.020997814568822788
   -0.8948    0.3246    0.3066
   0.0105    -0.6712    0.7412
   -0.4464    -0.6664    -0.5972
 Node:        109
  0.1018E+03  0.1092E+03  0.4946E+03 -0.2648E-05
   0.0
   1.388E-16
   1.11E-16
   5.551E-17
  -1.388E-17
   0.0
   2.069E-16
   2.266E-17
   -1.186E-16
   2.827092280064448E-16
   3.698666666666666E-17
   1.3327040815158061E-16
   -0.5724    -0.814    -0.09897
   0.2904    -0.3141    0.9039
   0.7668    -0.4887    -0.4162
 Node:        110
  0.1058E+03  0.1118E+03  0.5081E+03 -0.2648E-05
   0.0
   2.776E-17
   0.0
  -1.388E-17
  -5.204E-17
   2.22E-16
   2.353E-16
   1.788E-17
   -3.112E-17
   2.456135916434593E-16
   7.402E-17
   1.157833574684491E-16
   -0.08376    -0.2246    0.9708
   0.7726    0.6007    0.2056
   0.6293    -0.7673    -0.1232
 Node:        111
  0.1108E+03  0.1137E+03  0.5210E+03 -0.2648E-05
   0.0
   5.551E-17
  -1.11E-16
  -2.776E-17
   3.261E-16
  -2.22E-16
   1.68E-16
   2.779E-18
   -5.038E-16
   6.063148942925615E-16
   -1.1100700000000001E-16
   2.8581958219244996E-16
   0.1486    0.7638    0.6281
   0.9825    -0.0417    -0.1818
   0.1126    -0.6441    0.7566
 Node:        112
  0.1072E+03  0.1111E+03  0.4942E+03 -0.2648E-05
   0.0
   1.388E-16
   1.11E-16
   0.0
   1.388E-17
  -1.665E-16
   2.053E-16
   -9.314E-17
   -1.677E-16
   3.4187324200644896E-16
   -1.851333333333333E-17
   1.6116059181932647E-16
   0.5597    0.8281    0.0309
   0.8258    -0.5542    -0.1048
   0.06965    -0.08417    0.994
 Node:        113
