 Group name: gastroc_stress
 #Fields=  16
 1) coordinates, coordinate, rectangular cartesian, #Components=3
   x.  Value index= 1, #Derivatives=0
   y.  Value index= 2, #Derivatives=0
   z.  Value index= 3, #Derivatives=0
 2) Tensor_1, field, rectangular cartesian, #Components=1
   Tensor_1.  Value index= 4, #Derivatives=0
 3) Tensor_2, field, rectangular cartesian, #Components=1
   Tensor_2.  Value index= 5, #Derivatives=0
 4) Tensor_3, field, rectangular cartesian, #Components=1
   Tensor_3.  Value index= 6, #Derivatives=0
 5) Tensor_4, field, rectangular cartesian, #Components=1
   Tensor_4.  Value index= 7, #Derivatives=0
 6) Tensor_5, field, rectangular cartesian, #Components=1
   Tensor_5.  Value index= 8, #Derivatives=0
 7) Tensor_6, field, rectangular cartesian, #Components=1
   Tensor_6.  Value index= 9, #Derivatives=0
 8) Principal_1, field, rectangular cartesian, #Components=1
   Principal_1.  Value index= 10, #Derivatives=0
 9) Principal_2, field, rectangular cartesian, #Components=1
   Principal_2.  Value index= 11, #Derivatives=0
 10) Principal_3, field, rectangular cartesian, #Components=1
   Principal_3.  Value index= 12, #Derivatives=0
 11) VonMises, field, rectangular cartesian, #Components=1
   VonMises.  Value index= 13, #Derivatives=0
 12) Hydrostatic, field, rectangular cartesian, #Components=1
   VonMises.  Value index= 14, #Derivatives=0
 13) Octahedral, field, rectangular cartesian, #Components=1
   VonMises.  Value index= 15, #Derivatives=0
 14) PrincipalVector1, field, rectangular cartesian, #Components=3
   x.  Value index= 16, #Derivatives=0
   y.  Value index= 17, #Derivatives=0
   z.  Value index= 18, #Derivatives=0
 15) PrincipalVector2, field, rectangular cartesian, #Components=3
   x.  Value index= 19, #Derivatives=0
   y.  Value index= 20, #Derivatives=0
   z.  Value index= 21, #Derivatives=0
 16) PrincipalVector3, field, rectangular cartesian, #Components=3
   x.  Value index= 22, #Derivatives=0
   y.  Value index= 23, #Derivatives=0
   z.  Value index= 24, #Derivatives=0
 Node:          1
  0.1287E+03  0.1133E+03  0.4908E+03 -0.3079E-04
  -6.159E-5
  -1.439E-16
  -6.159E-5
  -4.798E-17
  -7.196E-17
  -6.159E-5
   -6.159E-5
   -6.159E-5
   -6.159E-5
   0.0
   -6.159E-5
   0.0
   0.966    -0.2571    -0.02713
   0.2489    0.9532    -0.1718
   0.07003    0.1592    0.9848
 Node:          2
  0.1292E+03  0.1137E+03  0.5052E+03 -0.3079E-04
  -6.159E-5
  -1.919E-16
  -6.159E-5
  -9.595E-17
   3.358E-16
  -6.159E-5
   -6.159E-5
   -6.159E-5
   -6.159E-5
   0.0
   -6.159E-5
   0.0
   0.895    -0.3984    -0.2008
   0.4461    0.7982    0.4048
   -9.608E-4    -0.4519    0.8921
 Node:          3
  0.1289E+03  0.1155E+03  0.5194E+03 -0.3079E-04
  -6.159E-5
   2.399E-16
  -6.159E-5
   1.919E-16
   9.595E-17
  -6.159E-5
   -6.159E-5
   -6.159E-5
   -6.159E-5
   0.0
   -6.159E-5
   0.0
   -0.4092    -0.8757    -0.2565
   0.496    -0.4494    0.743
   0.7659    -0.1768    -0.6182
 Node:          4
  0.1361E+03  0.1141E+03  0.4915E+03 -0.3079E-04
  -6.159E-5
  -4.798E-17
  -6.159E-5
  -4.798E-17
  -1.439E-16
  -6.159E-5
   -6.159E-5
   -6.159E-5
   -6.159E-5
   0.0
   -6.159E-5
   0.0
   -0.04307    -0.09429    0.9946
   -0.9939    0.1055    -0.03304
   -0.1018    -0.9899    -0.09826
 Node:          5
  0.1341E+03  0.1144E+03  0.5054E+03 -0.3079E-04
  -6.159E-5
   2.399E-16
  -6.159E-5
   9.595E-17
  -1.199E-16
  -6.159E-5
   -6.159E-5
   -6.159E-5
   -6.159E-5
   0.0
   -6.159E-5
   0.0
   0.09701    -0.1793    0.979
   0.7184    0.6933    0.05582
   -0.6888    0.6979    0.1961
 Node:          6
  0.1323E+03  0.1162E+03  0.5191E+03 -0.3079E-04
  -6.159E-5
   9.595E-17
  -6.159E-5
  -9.595E-17
  -4.798E-17
  -6.159E-5
   -6.159E-5
   -6.159E-5
   -6.159E-5
   0.0
   -6.159E-5
   0.0
   -0.715    -0.6928    0.09322
   0.693    -0.72    -0.0358
   0.09192    0.039    0.995
 Node:          7
  0.1408E+03  0.1171E+03  0.4920E+03 -0.3079E-04
  -6.159E-5
   3.838E-16
  -6.159E-5
  -1.439E-16
  -1.919E-16
  -6.159E-5
   -6.159E-5
   -6.159E-5
   -6.159E-5
   0.0
   -6.159E-5
   0.0
   0.8642    0.487    -0.1268
   -0.5006    0.8577    -0.1173
   0.05166    0.1648    0.985
 Node:          8
  0.1367E+03  0.1169E+03  0.5055E+03 -0.3079E-04
  -6.159E-5
   3.358E-16
  -6.159E-5
  -6.957E-16
  -4.078E-16
  -6.159E-5
   -6.159E-5
   -6.159E-5
   -6.159E-5
   0.0
   -6.159E-5
   0.0
   -0.7206    -0.6268    0.2964
   0.6358    -0.7679    -0.07816
   0.2766    0.1321    0.9518
 Node:          9
  0.1339E+03  0.1180E+03  0.5191E+03 -0.3079E-04
  -6.159E-5
   2.879E-16
  -6.159E-5
  -6.837E-16
  -4.798E-16
  -6.159E-5
   -6.159E-5
   -6.159E-5
   -6.159E-5
   0.0
   -6.159E-5
   0.0
   0.3024    0.1644    -0.9389
   0.9345    0.1427    0.326
   -0.1876    0.976    0.1104
 Node:         10
  0.1294E+03  0.1212E+03  0.4911E+03 -0.3079E-04
  -6.159E-5
   4.798E-17
  -6.159E-5
  -2.399E-17
   2.159E-16
  -6.159E-5
   -6.159E-5
   -6.159E-5
   -6.159E-5
   0.0
   -6.159E-5
   0.0
   0.02408    0.7089    0.7049
   0.1744    0.6913    -0.7012
   -0.9844    0.1398    -0.107
 Node:         11
  0.1295E+03  0.1214E+03  0.5055E+03 -0.3079E-04
  -6.159E-5
  -4.798E-17
  -6.159E-5
  -7.196E-17
   2.399E-17
  -6.159E-5
   -6.159E-5
   -6.159E-5
   -6.159E-5
   0.0
   -6.159E-5
   0.0
   -0.2763    0.1331    0.9518
   -0.5867    0.7611    -0.2768
   0.7612    0.6349    0.1322
 Node:         12
  0.1295E+03  0.1217E+03  0.5196E+03 -0.3079E-04
  -6.159E-5
  -5.219E-37
  -6.159E-5
   1.319E-16
   4.798E-17
  -6.159E-5
   -6.159E-5
   -6.159E-5
   -6.159E-5
   0.0
   -6.159E-5
   0.0
   -0.2404    -0.08745    -0.9667
   -0.3421    0.9397    6.287E-5
   0.9084    0.3307    -0.2558
 Node:         13
  0.1361E+03  0.1199E+03  0.4914E+03 -0.3079E-04
  -6.159E-5
  -2.399E-16
  -6.159E-5
  -1.679E-16
   4.798E-17
  -6.159E-5
   -6.159E-5
   -6.159E-5
   -6.159E-5
   0.0
   -6.159E-5
   0.0
   0.9203    -0.37    -0.1273
   0.3696    0.9288    -0.02725
   0.1283    -0.02198    0.9915
 Node:         14
  0.1342E+03  0.1198E+03  0.5054E+03 -0.3079E-04
  -6.159E-5
   4.798E-17
  -6.159E-5
   9.595E-17
  -1.559E-16
  -6.159E-5
   -6.159E-5
   -6.159E-5
   -6.159E-5
   0.0
   -6.159E-5
   0.0
   0.09997    -0.2649    0.9591
   -0.2953    -0.9284    -0.2256
   -0.9502    0.2607    0.171
 Node:         15
  0.1330E+03  0.1205E+03  0.5193E+03 -0.3079E-04
  -6.159E-5
  -1.439E-16
  -6.159E-5
   2.399E-17
   8.396E-17
  -6.159E-5
   -6.159E-5
   -6.159E-5
   -6.159E-5
   0.0
   -6.159E-5
   0.0
   0.9934    -0.1134    0.01425
   -0.01886    -0.2856    -0.9582
   0.1127    0.9516    -0.2859
 Node:         16
  0.1404E+03  0.1188E+03  0.4918E+03 -0.3079E-04
  -6.159E-5
   9.595E-17
  -6.159E-5
  -1.439E-16
  -2.519E-16
  -6.159E-5
   -6.159E-5
   -6.159E-5
   -6.159E-5
   0.0
   -6.159E-5
   0.0
   -0.1502    -0.2388    0.9594
   -0.7941    -0.5489    -0.2609
   0.589    -0.801    -0.1072
 Node:         17
  0.1365E+03  0.1184E+03  0.5055E+03 -0.3079E-04
  -6.159E-5
   4.798E-17
  -6.159E-5
   1.679E-16
   2.939E-16
  -6.159E-5
   -6.159E-5
   -6.159E-5
   -6.159E-5
   0.0
   -6.159E-5
   0.0
   0.2481    0.4018    0.8815
   0.9357    -0.3351    -0.1106
   -0.251    -0.8522    0.459
 Node:         18
  0.1341E+03  0.1191E+03  0.5192E+03 -0.3079E-04
  -6.159E-5
  -6.939E-37
  -6.159E-5
   4.573E-17
   1.84E-16
  -6.159E-5
   -6.159E-5
   -6.159E-5
   -6.159E-5
   0.0
   -6.159E-5
   0.0
   0.02287    0.09203    0.9955
   0.971    -0.239    -2.201E-4
   -0.2379    -0.9667    0.09483
 Node:         19
  0.1301E+03  0.1291E+03  0.4914E+03  0.0000E+00
   4.934E-16
   0.0
   4.934E-16
   3.631E-19
   1.731E-17
  -9.869E-16
   4.936E-16
   4.934E-16
   -9.871E-16
   1.4806000101310279E-15
   -3.3333333333314155E-20
   6.979615382590138E-16
   -0.02097    -0.9997    -0.01169
   -0.9998    0.02097    -8.123E-17
   2.452E-4    0.01169    -0.9999
 Node:         20
  0.1299E+03  0.1291E+03  0.5058E+03  0.0000E+00
   9.869E-16
   0.0
   0.0
   1.799E-17
   3.326E-17
  -2.467E-16
   9.871E-16
   4.4E-18
   -2.514E-16
   1.1324785163525177E-15
   2.467E-16
   5.338554923072971E-16
   -0.9999    -4.917E-4    -0.01459
   0.002401    -0.9914    -0.1311
   -0.0144    -0.1312    0.9913
 Node:         21
  0.1301E+03  0.1280E+03  0.5197E+03  0.0000E+00
   4.934E-16
   0.0
   0.0
   7.196E-17
   2.549E-17
   4.934E-16
   5.66E-16
   4.222E-16
   -1.341E-18
   5.108528305500519E-16
   3.28953E-16
   2.408183337801893E-16
   -0.7039    -0.03195    -0.7096
   -0.7102    0.04241    0.7027
   -0.007642    -0.9986    0.05255
 Node:         22
  0.1360E+03  0.1256E+03  0.4913E+03  0.0000E+00
  -9.869E-16
   2.399E-17
  -4.934E-16
  -2.399E-17
   1.739E-16
   4.934E-16
   5.234E-16
   -5.215E-16
   -9.888E-16
   1.3410693755358072E-15
   -3.2896666666666662E-16
   6.321861663219854E-16
   -0.01298    0.1683    0.9857
   0.05935    0.9841    -0.1672
   -0.9982    0.05633    -0.02276
 Node:         23
  0.1343E+03  0.1253E+03  0.5054E+03  0.0000E+00
   0.0
   3.598E-17
  -1.974E-15
   0.0
   2.271E-16
  -7.401E-16
   6.796E-19
   -6.997E-16
   -2.015E-15
   1.7724996366646057E-15
   -9.046734666666666E-16
   8.355643418241562E-16
   0.9998    0.01889    0.00579
   -0.009011    0.1753    0.9845
   0.01758    -0.9843    0.1754
 Node:         24
  0.1336E+03  0.1248E+03  0.5194E+03  0.0000E+00
  -9.869E-16
   2.099E-17
   0.0
   2.399E-17
   1.499E-18
  -7.401E-16
   4.516E-19
   -7.379E-16
   -9.896E-16
   8.912682384908372E-16
   -5.756827999999999E-16
   4.2014787686204007E-16
   -0.02132    -0.9998    -0.002714
   0.09549    -0.004739    0.9954
   -0.9952    0.02096    0.09557
 Node:         25
  0.1400E+03  0.1206E+03  0.4917E+03  0.0000E+00
   0.0
   4.617E-16
  -4.934E-16
  -1.439E-16
  -2.249E-16
   9.869E-16
   1.067E-15
   2.05E-16
   -7.785E-16
   1.5994040296310373E-15
   1.6449999999999999E-16
   7.539662901394642E-16
   -0.2161    -0.2016    0.9553
   0.839    0.4621    0.2874
   -0.4994    0.8636    0.06929
 Node:         26
  0.1363E+03  0.1200E+03  0.5055E+03  0.0000E+00
   9.869E-16
   1.859E-16
  -2.714E-15
   4.797E-17
  -1.943E-15
  -2.467E-16
   1.006E-15
   8.09E-16
   -3.789E-15
   4.699597748744035E-15
   -6.579999999999999E-16
   2.215411624657293E-15
   0.968    0.1526    -0.1995
   0.2481    -0.4578    0.8538
   -0.03892    0.8759    0.4809
 Node:         27
  0.1343E+03  0.1203E+03  0.5192E+03  0.0000E+00
   9.869E-16
  -3.358E-16
   9.869E-16
  -1.799E-16
   2.27E-15
   0.0
   2.89E-15
   9.15E-16
   -1.831E-15
   4.1066398673367985E-15
   6.58E-16
   1.9358885987232494E-15
   -0.1931    0.7658    0.6135
   0.9808    0.1345    0.1409
   0.02534    0.6289    -0.7771
 Node:         28
  0.1155E+03  0.1124E+03  0.4931E+03 -0.1820E-03
  -3.64E-4
   6.599E-17
  -3.64E-4
  -9.599E-17
   9.599E-17
  -3.64E-4
   -3.64E-4
   -3.64E-4
   -3.64E-4
   0.0
   -3.64E-4
   0.0
   0.02396    0.9835    0.1794
   0.07203    0.1773    -0.9815
   -0.9971    0.03644    -0.0666
 Node:         29
  0.1119E+03  0.1139E+03  0.5068E+03 -0.1820E-03
  -3.64E-4
  -3.599E-17
  -3.64E-4
   9.599E-17
   1.2E-17
  -3.64E-4
   -3.64E-4
   -3.64E-4
   -3.64E-4
   0.0
   -3.64E-4
   0.0
   -0.03581    0.9993    0.005777
   -0.9821    -0.03412    -0.1855
   -0.1852    -0.01232    0.9826
 Node:         30
  0.1113E+03  0.1159E+03  0.5206E+03 -0.1820E-03
  -3.64E-4
   2.16E-16
  -3.64E-4
   5.047E-36
  -4.799E-17
  -3.64E-4
   -3.64E-4
   -3.64E-4
   -3.64E-4
   0.0
   -3.64E-4
   0.0
   0.7037    0.7089    -0.04778
   -0.7086    0.6955    -0.1187
   -0.05091    0.1174    0.9918
 Node:         31
  0.1203E+03  0.1126E+03  0.4920E+03 -0.1820E-03
  -3.64E-4
   1.68E-16
  -3.64E-4
   4.799E-17
   7.199E-17
  -3.64E-4
   -3.64E-4
   -3.64E-4
   -3.64E-4
   0.0
   -3.64E-4
   0.0
   -0.7439    -0.4293    -0.5123
   0.5143    0.1219    -0.8489
   0.4268    -0.8949    0.1301
 Node:         32
  0.1188E+03  0.1134E+03  0.5062E+03 -0.1820E-03
  -3.64E-4
  -2.4E-17
  -3.64E-4
  -4.799E-17
   1.68E-16
  -3.64E-4
   -3.64E-4
   -3.64E-4
   -3.64E-4
   0.0
   -3.64E-4
   0.0
   0.9989    -0.02091    -0.04166
   0.04661    0.4512    0.8912
   1.597E-4    -0.8922    0.4517
 Node:         33
  0.1183E+03  0.1150E+03  0.5201E+03 -0.1820E-03
  -3.64E-4
   9.599E-17
  -3.64E-4
   1.44E-16
  -6.73E-36
  -3.64E-4
   -3.64E-4
   -3.64E-4
   -3.64E-4
   0.0
   -3.64E-4
   0.0
   0.9536    0.1668    0.2505
   9.542E-4    0.8306    -0.5568
   -0.301    0.5312    0.792
 Node:         34
  0.1255E+03  0.1129E+03  0.4909E+03 -0.1820E-03
  -3.64E-4
  -7.851E-36
  -3.64E-4
   9.599E-17
   1.68E-16
  -3.64E-4
   -3.64E-4
   -3.64E-4
   -3.64E-4
   0.0
   -3.64E-4
   0.0
   0.3511    0.6139    0.707
   0.8682    -0.4963    -1.12E-4
   -0.3508    -0.6138    0.7072
 Node:         35
  0.1260E+03  0.1135E+03  0.5054E+03 -0.1820E-03
  -3.64E-4
   1.92E-16
  -3.64E-4
   1.92E-16
   4.319E-16
  -3.64E-4
   -3.64E-4
   -3.64E-4
   -3.64E-4
   0.0
   -3.64E-4
   0.0
   0.7459    0.4709    0.471
   -0.666    0.5273    0.5276
   8.528E-5    -0.7072    0.707
 Node:         36
  0.1257E+03  0.1153E+03  0.5196E+03 -0.1820E-03
  -3.64E-4
  -9.599E-17
  -3.64E-4
  -9.599E-17
   1.44E-16
  -3.64E-4
   -3.64E-4
   -3.64E-4
   -3.64E-4
   0.0
   -3.64E-4
   0.0
   -0.5155    0.6061    0.6058
   0.8569    0.3644    0.3647
   -2.883E-4    -0.7071    0.7072
 Node:         37
  0.1132E+03  0.1210E+03  0.4959E+03 -0.1820E-03
  -3.64E-4
   2.4E-16
  -3.64E-4
  -1.44E-16
   3.12E-16
  -3.64E-4
   -3.64E-4
   -3.64E-4
   -3.64E-4
   0.0
   -3.64E-4
   0.0
   -0.5076    -0.7956    -0.3308
   0.7555    -0.2265    -0.6147
   0.4142    -0.562    0.716
 Node:         38
  0.1111E+03  0.1204E+03  0.5085E+03 -0.1820E-03
  -3.64E-4
   1.68E-16
  -3.64E-4
  -4.799E-17
  -1.44E-16
  -3.64E-4
   -3.64E-4
   -3.64E-4
   -3.64E-4
   0.0
   -3.64E-4
   0.0
   0.2119    0.9668    -0.1429
   0.9724    -0.2232    -0.06844
   0.09806    0.1245    0.9874
 Node:         39
  0.1119E+03  0.1201E+03  0.5207E+03 -0.1820E-03
  -3.64E-4
  -1.68E-16
  -3.64E-4
  -1.44E-16
  -1.32E-16
  -3.64E-4
   -3.64E-4
   -3.64E-4
   -3.64E-4
   0.0
   -3.64E-4
   0.0
   0.9214    -0.07984    -0.3804
   0.3607    -0.1892    0.9133
   -0.1449    -0.9787    -0.1455
 Node:         40
  0.1191E+03  0.1220E+03  0.4937E+03 -0.1820E-03
  -3.64E-4
   1.44E-16
  -3.64E-4
   1.44E-16
  -2.4E-17
  -3.64E-4
   -3.64E-4
   -3.64E-4
   -3.64E-4
   0.0
   -3.64E-4
   0.0
   0.9817    0.1345    0.1345
   1.265E-4    0.7067    -0.7075
   -0.1902    0.6946    0.6938
 Node:         41
  0.1182E+03  0.1217E+03  0.5073E+03 -0.1820E-03
  -3.64E-4
  -4.799E-17
  -3.64E-4
   9.599E-17
   1.68E-16
  -3.64E-4
   -3.64E-4
   -3.64E-4
   -3.64E-4
   0.0
   -3.64E-4
   0.0
   -0.1538    -0.1966    -0.9683
   -0.9621    0.2533    0.1014
   0.2253    0.9472    -0.2281
 Node:         42
  0.1187E+03  0.1212E+03  0.5204E+03 -0.1820E-03
  -3.64E-4
  -9.599E-17
  -3.64E-4
   4.486E-36
   9.599E-17
  -3.64E-4
   -3.64E-4
   -3.64E-4
   -3.64E-4
   0.0
   -3.64E-4
   0.0
   -0.0186    0.09772    0.995
   -0.9834    0.178    -0.03586
   -0.1806    -0.9792    0.09279
 Node:         43
  0.1258E+03  0.1217E+03  0.4915E+03 -0.1820E-03
  -3.64E-4
   1.92E-16
  -3.64E-4
  -2.4E-17
   2.243E-36
  -3.64E-4
   -3.64E-4
   -3.64E-4
   -3.64E-4
   0.0
   -3.64E-4
   0.0
   0.9458    0.3243    -0.01747
   -0.3241    0.946    0.01161
   0.02029    -0.005324    0.9998
 Node:         44
  0.1259E+03  0.1220E+03  0.5059E+03 -0.1820E-03
  -3.64E-4
   2.4E-16
  -3.64E-4
   1.68E-16
   1.92E-16
  -3.64E-4
   -3.64E-4
   -3.64E-4
   -3.64E-4
   0.0
   -3.64E-4
   0.0
   -0.3604    -0.3833    -0.8504
   -0.6212    -0.5815    0.5254
   0.6959    -0.7176    0.02852
 Node:         45
  0.1261E+03  0.1221E+03  0.5198E+03 -0.1820E-03
  -3.64E-4
  -1.44E-16
  -3.64E-4
   4.799E-17
  -1.2E-17
  -3.64E-4
   -3.64E-4
   -3.64E-4
   -3.64E-4
   0.0
   -3.64E-4
   0.0
   0.06681    -0.01248    0.9977
   -0.9877    0.1408    0.0679
   -0.1413    -0.99    -0.00292
 Node:         46
  0.1117E+03  0.1296E+03  0.4959E+03  0.0000E+00
  -2.467E-16
   4.797E-17
  -7.401E-16
   1.199E-17
  -4.497E-17
   0.0
   3.057E-18
   -2.423E-16
   -7.476E-16
   6.629532710146319E-16
   -3.2894766666666664E-16
   3.125191690294995E-16
   0.03676    -0.058    0.9976
   0.9946    0.09864    -0.03092
   -0.09662    0.9934    0.06131
 Node:         47
  0.1107E+03  0.1269E+03  0.5087E+03  0.0000E+00
  -7.401E-16
  -5.397E-17
   4.934E-16
  -4.797E-17
   6.896E-17
   0.0
   5.058E-16
   -7.273E-18
   -7.452E-16
   1.0892155802819752E-15
   -8.222433333333333E-17
   5.1346114866095E-16
   -0.04821    0.9891    0.1394
   -0.05424    -0.142    0.9884
   -0.9974    -0.04009    -0.06049
 Node:         48
  0.1125E+03  0.1242E+03  0.5208E+03  0.0000E+00
   4.934E-16
   5.997E-18
   4.934E-16
   0.0
  -2.998E-18
   4.934E-16
   5.001E-16
   4.934E-16
   4.867E-16
   1.1604740410711462E-17
   4.934E-16
   5.470527092215756E-18
   -0.6325    -0.7071    0.3162
   0.4472    -2.276E-15    0.8944
   0.6325    -0.7071    -0.3162
 Node:         49
  0.1186E+03  0.1311E+03  0.4938E+03  0.0000E+00
  -7.401E-16
  -3.598E-17
   0.0
  -7.196E-17
  -1.049E-17
  -2.467E-16
   1.947E-18
   -2.366E-16
   -7.523E-16
   6.677348643803167E-16
   -3.2898433333333336E-16
   3.1477323375866775E-16
   0.04561    -0.9985    0.02894
   -0.143    0.02215    0.9895
   -0.9887    -0.04926    -0.1418
 Node:         50
  0.1180E+03  0.1298E+03  0.5075E+03  0.0000E+00
   0.0
  -2.249E-17
   1.48E-15
  -7.196E-17
   2.155E-17
   9.869E-16
   1.482E-15
   9.91E-16
   -5.513E-18
   1.3127859849072886E-15
   8.224956666666666E-16
   6.188532481164029E-16
   0.01739    -0.9988    -0.04603
   -0.07128    -0.04716    0.9963
   0.9973    0.01405    0.07201
 Node:         51
  0.1192E+03  0.1275E+03  0.5206E+03  0.0000E+00
   0.0
  -5.997E-18
  -2.467E-16
   0.0
   2.549E-17
   4.934E-16
   4.943E-16
   1.449E-19
   -2.477E-16
   6.54286006770747E-16
   8.22483E-17
   3.0843338148204166E-16
   -4.17E-4    0.03438    0.9994
   0.9997    -0.02416    0.001248
   0.02418    0.9991    -0.03436
 Node:         52
  0.1262E+03  0.1305E+03  0.4920E+03  0.0000E+00
   4.934E-16
  -2.399E-17
   4.934E-16
   2.249E-18
   8.48E-18
   0.0
   5.175E-16
   4.696E-16
   -1.6E-19
   4.95449666061044E-16
   3.2898E-16
   2.335572124055831E-16
   -0.7061    0.708    0.008534
   0.7081    0.706    0.01614
   -0.005403    -0.01744    0.9998
 Node:         53
  0.1258E+03  0.1304E+03  0.5063E+03  0.0000E+00
  -7.401E-16
  -2.998E-18
  -4.934E-16
   4.797E-17
   5.847E-17
  -9.869E-16
   -4.866E-16
   -7.314E-16
   -1.002E-15
   4.465358664206045E-16
   -7.399999999999999E-16
   2.104990261260132E-16
   0.0104    0.9931    0.1171
   -0.9836    0.03123    -0.1776
   -0.18    -0.1133    0.9771
 Node:         54
  0.1265E+03  0.1288E+03  0.5200E+03  0.0000E+00
  -9.869E-16
   3.598E-17
   4.934E-16
   0.0
  -7.496E-18
   4.934E-16
   5.014E-16
   4.864E-16
   -9.877E-16
   1.4816569474746847E-15
   3.3333333333314155E-20
   6.984597833010066E-16
   0.01758    0.7272    -0.6862
   0.01675    0.686    0.7274
   -0.9997    0.02428    1.229E-4
 Node:         55
  0.1382E+03  0.1168E+03  0.4534E+03  0.5590E-02
   0.05184
  -0.02576
   0.02239
   3.589E-4
   0.04367
   0.01379
   0.08182
   0.03816
   -0.02945
   0.09710386346587864
   0.030176666666666668
   0.04577520022409029
   -0.546    0.6872    0.4792
   0.8091    0.2844    0.5142
   -0.2171    -0.6685    0.7113
 Node:         56
  0.1314E+03  0.1156E+03  0.4688E+03  0.5590E-02
   0.05232
  -0.006734
   0.01704
   0.01652
   0.008649
   0.01001
   0.05571
   0.02425
   -0.001535
   0.04965676112071749
   0.02614166666666667
   0.023408421680146563
   -0.9439    0.08898    -0.3179
   -0.07861    0.8747    0.4783
   0.3206    0.4764    -0.8187
 Node:         57
  0.1285E+03  0.1140E+03  0.4823E+03  0.5590E-02
   0.06022
   0.006404
   0.01126
   0.005756
  -0.003819
   0.01079
   0.06131
   0.01505
   0.005852
   0.051479027613194096
   0.027403999999999998
   0.024267446342786048
   -0.9873    -0.1195    -0.1043
   0.01417    -0.7212    0.6926
   -0.158    0.6824    0.7137
 Node:         58
  0.1483E+03  0.1178E+03  0.4534E+03  0.5590E-02
   0.05087
  -0.05821
   0.03254
  -0.009391
   0.03283
   0.006155
   0.1191
   0.009482
   -0.0288
   0.13295869179560996
   0.03326066666666667
   0.06267732839091199
   -0.6881    0.6723    0.273
   0.5628    0.257    0.7856
   -0.4581    -0.6942    0.5552
 Node:         59
  0.1419E+03  0.1167E+03  0.4694E+03  0.5590E-02
   0.05396
  -0.05466
   0.02592
  -0.006838
   0.02505
   0.007578
   0.108
   0.01076
   -0.02441
   0.1187959481632265
   0.03145
   0.05600094701580203
   -0.7432    0.6306    0.2236
   0.4707    0.2554    0.8445
   -0.4755    -0.7329    0.4866
 Node:         60
  0.1375E+03  0.1150E+03  0.4832E+03  0.5590E-02
   0.06146
  -0.01241
   0.01352
  -4.572E-4
   0.003435
   0.01089
   0.06417
   0.01395
   0.007427
   0.05377901997061679
   0.028515666666666672
   0.025351673137859933
   -0.9693    0.2446    0.02521
   0.1885    0.6732    0.7151
   -0.1579    -0.6979    0.6986
 Node:         61
  0.1554E+03  0.1222E+03  0.4530E+03  0.5590E-02
   0.05941
  -0.05287
   0.02098
  -0.03205
   0.03783
  -0.003793
   0.1319
   -0.007235
   -0.03051
   0.15211390789470894
   0.031384999999999996
   0.07170718385675641
   -0.7495    0.5671    0.3416
   0.6401    0.4891    0.5925
   -0.1689    -0.6627    0.7296
 Node:         62
  0.1492E+03  0.1204E+03  0.4697E+03  0.5590E-02
   0.06665
  -0.09869
   0.02361
  -0.02872
   0.03486
   0.001481
   0.1833
   -0.008238
   -0.05563
   0.21911224521692071
   0.03981066666666667
   0.10329050295592952
   -0.769    0.5921    0.2411
   0.3022    0.004355    0.9532
   0.5633    0.8059    -0.1822
 Node:         63
  0.1436E+03  0.1181E+03  0.4838E+03  0.5590E-02
   0.06499
  -0.0313
   0.0152
  -0.004127
   0.007271
   0.009974
   0.08317
   0.01095
   -0.00186
   0.0794037952493456
   0.03075333333333333
   0.03743130804850696
   -0.8954    0.4349    0.09582
   -0.2523    -0.318    -0.9139
   -0.367    -0.8425    0.3944
 Node:         64
  0.1413E+03  0.1253E+03  0.4523E+03  0.5590E-02
   0.05154
   0.00441
   0.02459
  -0.01967
   0.01523
   0.007262
   0.05563
   0.03581
   -0.007675
   0.05608609743064675
   0.027921666666666664
   0.026439239882333144
   -0.9179    0.09582    0.3851
   0.2418    0.9045    0.3512
   -0.3147    0.4155    -0.8534
 Node:         65
  0.1341E+03  0.1229E+03  0.4683E+03  0.5590E-02
   0.05643
  -0.01584
   0.02174
  -0.01115
   0.008037
   0.008556
   0.06462
   0.01723
   0.004328
   0.05498817585626932
   0.028725999999999998
   0.02592167468869762
   -0.8829    0.4085    0.2315
   0.4586    0.8561    0.2381
   0.1009    -0.3164    0.9432
 Node:         66
  0.1299E+03  0.1214E+03  0.4825E+03  0.5590E-02
   0.06246
  -0.006742
   0.01304
   7.114E-4
  -4.09E-4
   0.01084
   0.0631
   0.01229
   0.01065
   0.05164953145963669
   0.02868
   0.024347822626811347
   -0.9906    0.1361    -0.01464
   0.1364    0.9715    -0.1936
   0.01214    0.1938    0.981
 Node:         67
  0.1500E+03  0.1245E+03  0.4525E+03  0.5590E-02
   0.05239
  -0.03551
   0.02325
  -0.01756
   0.01218
   0.006608
   0.08536
   6.224E-4
   -6.658E-4
   0.08538898810338486
   0.02843886666666667
   0.04025275501770725
   -0.7835    0.5627    0.2637
   -0.3616    -0.06774    -0.9299
   -0.5054    -0.8239    0.2565
 Node:         68
  0.1433E+03  0.1224E+03  0.4689E+03  0.5590E-02
   0.05962
  -0.07146
   0.02319
  -0.02623
   0.01973
   0.008415
   0.1348
   -8.103E-4
   -0.03103
   0.15297544351002876
   0.03431989999999999
   0.07211331564064065
   -0.7724    0.5817    0.2549
   0.2043    -0.1524    0.967
   0.6013    0.799    -0.001123
 Node:         69
  0.1380E+03  0.1205E+03  0.4831E+03  0.5590E-02
   0.06378
  -0.02219
   0.01421
  -0.006783
   0.006652
   0.01109
   0.0745
   0.01186
   0.003459
   0.06723529609513146
   0.029939666666666667
   0.03169502253596857
   -0.9214    0.3631    0.1386
   0.2999    0.4375    0.8477
   -0.2471    -0.8227    0.512
 Node:         70
  0.1556E+03  0.1243E+03  0.4528E+03  0.5590E-02
   0.05514
  -0.04463
   0.01309
  -0.047
   0.03227
   0.0117
   0.1245
   -0.0139
   -0.02026
   0.14168709750714778
   0.030113333333333336
   0.06679193830262918
   -0.7438    0.4782    0.467
   0.6481    0.6868    0.329
   0.1634    -0.5474    0.8208
 Node:         71
  0.1494E+03  0.1223E+03  0.4695E+03  0.5590E-02
   0.06505
  -0.09072
   0.01872
  -0.07432
   0.04798
   0.01158
   0.2056
   -0.02972
   -0.04925
   0.24566791182407197
   0.042210000000000004
   0.11580896424716008
   -0.7436    0.5178    0.423
   0.1712    -0.464    0.8691
   0.6463    0.7187    0.2564
 Node:         72
  0.1435E+03  0.1199E+03  0.4837E+03  0.5590E-02
   0.06578
  -0.03192
   0.01383
  -0.01868
   0.01233
   0.01165
   0.09063
   0.00611
   -0.002449
   0.08910832486922868
   0.03143033333333334
   0.04200606718347032
   -0.8671    0.4161    0.2737
   0.389    0.2227    0.8939
   -0.311    -0.8816    0.355
 Node:         73
  0.1445E+03  0.1339E+03  0.4517E+03  0.0000E+00
   0.0581
  -0.01392
  -0.009929
   0.00217
  -0.003403
   0.007571
   0.06366
   0.008237
   -0.0118
   0.06770303500582525
   0.02003233333333333
   0.031915516773019494
   -0.9817    0.1832    -0.05236
   -0.07742    -0.1324    0.9882
   0.1741    0.9741    0.1442
 Node:         74
  0.1368E+03  0.1304E+03  0.4680E+03  0.0000E+00
   0.06638
  -0.001595
  -0.004368
   0.006058
  -0.006439
   0.00596
   0.07047
   0.008222
   -0.00685
   0.0709942289485561
   0.023947333333333338
   0.03346700047642288
   -0.9947    0.03002    -0.09882
   0.1019    0.4397    -0.8923
   -0.01666    0.8976    0.4404
 Node:         75
  0.1313E+03  0.1288E+03  0.4826E+03  0.0000E+00
   0.05674
  -6.687E-4
  -4.447E-4
  -0.002691
  -0.001625
   4.447E-4
   0.05813
   0.001601
   -0.001724
   0.05826270154223884
   0.019335666666666664
   0.02746530090051
   -0.9989    0.00995    0.04641
   0.03012    -0.6229    0.7817
   0.03669    0.7822    0.6219
 Node:         76
  0.1516E+03  0.1312E+03  0.4519E+03  0.0000E+00
   0.05767
  -0.02241
  -0.0129
  -0.007595
   0.02195
   0.01094
   0.07113
   0.0179
   -0.02593
   0.08418772297669061
   0.02103333333333333
   0.039686473206314965
   -0.9179    0.3094    0.2486
   0.3593    0.3815    0.8517
   -0.1687    -0.871    0.4614
 Node:         77
  0.1446E+03  0.1283E+03  0.4685E+03  0.0000E+00
   0.07262
   0.009002
  -0.006011
  -6.319E-4
   0.01752
   0.005456
   0.07955
   0.01712
   -0.01737
   0.08508980961313757
   0.026433333333333333
   0.04011172092488124
   -0.9942    -0.1063    -0.01688
   -0.07579    0.5802    0.811
   -0.0764    0.8075    -0.5848
 Node:         78
  0.1384E+03  0.1261E+03  0.4829E+03  0.0000E+00
   0.05956
   0.008748
  -3.07E-4
  -0.001449
   5.24E-4
   2.963E-4
   0.06289
   5.032E-4
   -0.001748
   0.06354231566318622
   0.020548399999999998
   0.029954134865156763
   -0.9904    -0.1367    0.02178
   -0.02473    0.3296    0.9438
   -0.1362    0.9342    -0.3298
 Node:         79
  0.1558E+03  0.1264E+03  0.4526E+03  0.0000E+00
   0.05678
   0.04132
  -1.051E-4
  -3.254E-4
   0.002285
  -0.02867
   0.0957
   -0.02213
   -0.02619
   0.11991156032676749
   0.01579333333333333
   0.05652685163314472
   -0.8941    -0.4478    -0.006451
   0.324    -0.6369    -0.6996
   -0.3092    0.6276    -0.7145
 Node:         80
  0.1496E+03  0.1242E+03  0.4694E+03  0.0000E+00
   0.0758
   0.04356
  -0.001067
   0.0129
   5.416E-4
  -0.02285
   0.1186
   -0.01615
   -0.02497
   0.1393694726258229
   0.025826666666666664
   0.06569939945607485
   -0.9223    -0.3767    -0.08667
   0.1866    -0.6302    0.7537
   -0.3386    0.679    0.6515
 Node:         81
  0.1433E+03  0.1217E+03  0.4836E+03  0.0000E+00
   0.0607
   0.01314
  -1.545E-4
   0.006886
   0.00162
  -0.002614
   0.06756
   -0.002724
   -0.003277
   0.07056212523018279
   0.020519666666666662
   0.03326330483013109
   -0.9758    -0.1943    -0.1004
   -0.2175    0.9102    0.3524
   -0.02289    -0.3657    0.9305
 Node:         82
  0.1267E+03  0.1148E+03  0.4566E+03 -0.9377E-02
   0.02943
  -0.01916
  -0.01544
   0.002704
   0.02219
  -0.01871
   0.03707
   8.4E-4
   -0.04173
   0.06831638822420284
   -0.0012733333333333346
   0.03220465425300442
   -0.9178    0.3802    0.1146
   0.3407    0.6056    0.7192
   -0.204    -0.6991    0.6853
 Node:         83
  0.1234E+03  0.1129E+03  0.4722E+03 -0.9377E-02
   0.02659
  -0.005294
  -0.01757
   0.03161
   0.01007
  -0.02244
   0.0429
   -0.01297
   -0.04189
   0.07465643776661193
   -0.003986666666666666
   0.03519338226933518
   -0.9055    -0.002241    -0.4244
   -0.1797    0.9079    0.3787
   0.3844    0.4192    -0.8225
 Node:         84
  0.1187E+03  0.1123E+03  0.4849E+03 -0.9377E-02
   0.03157
   4.43E-4
  -0.01869
   0.01234
  -5.146E-4
  -0.02204
   0.03478
   -0.01893
   -0.02444
   0.05666627127313036
   -0.0028633333333333336
   0.026712736454524624
   -0.9781    -0.005784    -0.2078
   -0.01641    -0.9943    0.1049
   -0.2073    0.106    0.9725
 Node:         85
  0.1302E+03  0.1161E+03  0.4554E+03 -0.9377E-02
   0.02867
  -0.0188
  -0.01433
   0.005959
   0.03292
  -0.01786
   0.0367
   0.01285
   -0.05123
   0.07876151915751753
   -5.59999999999998E-4
   0.03712853619522321
   -0.8753    0.4461    0.1866
   0.4406    0.5769    0.6877
   -0.1991    -0.6842    0.7016
 Node:         86
  0.1252E+03  0.1138E+03  0.4705E+03 -0.9377E-02
   0.02621
   0.01401
  -0.00648
   0.05814
   0.03585
  -0.02127
   0.08136
   -0.01041
   -0.06364
   0.12704362597155358
   0.0024366666666666655
   0.059888939620675284
   -0.7482    -0.3862    -0.5395
   0.5258    -0.8411    -0.127
   0.4047    0.3787    -0.8324
 Node:         87
  0.1217E+03  0.1126E+03  0.4834E+03 -0.9377E-02
   0.03091
   7.058E-5
  -0.01846
   0.01511
  -0.002493
  -0.02162
   0.03539
   -0.01801
   -0.02605
   0.057840622403290236
   -0.0028900000000000015
   0.027266330886278042
   -0.9679    0.0116    -0.2512
   0.08837    0.9509    -0.2965
   0.2355    -0.3092    -0.9214
 Node:         88
  0.1338E+03  0.1169E+03  0.4537E+03 -0.9377E-02
   0.02262
  -0.02642
  -0.01453
   0.004766
   0.04908
  -0.0125
   0.04939
   0.0164
   -0.06614
   0.10307369354010751
   -1.166666666666677E-4
   0.04858940510943604
   -0.5568    0.6608    0.5034
   0.8006    0.2652    0.5374
   0.2216    0.7022    -0.6766
 Node:         89
  0.1270E+03  0.1150E+03  0.4688E+03 -0.9377E-02
   0.02194
  -0.001169
  -0.01645
   0.02399
   0.0129
  -0.0196
   0.03304
   -0.01013
   -0.03762
   0.06169353531773001
   -0.004903333333333333
   0.029082611452359103
   -0.9022    -0.1019    -0.4192
   -0.2964    0.8523    0.4309
   -0.3134    -0.513    0.7991
 Node:         90
  0.1248E+03  0.1132E+03  0.4822E+03 -0.9377E-02
   0.02994
   0.008065
  -0.01927
   0.007619
  -0.004202
  -0.01944
   0.03218
   -0.01536
   -0.02573
   0.05348437435363716
   -0.002969999999999999
   0.025212775861984473
   -0.9818    -0.1387    -0.1297
   0.006883    -0.7086    0.7056
   -0.1898    0.6919    0.6966
 Node:         91
  0.1260E+03  0.1263E+03  0.4548E+03 -0.9377E-02
   0.02176
   0.008456
  -0.005203
  -0.01196
   0.03607
  -0.01976
   0.02666
   0.02273
   -0.0513
   0.07607117522425955
   -6.36666666666665E-4
   0.035860295902602674
   -0.2183    0.738    0.6386
   0.9592    0.2828    0.001109
   0.1797    -0.6127    0.7696
 Node:         92
  0.1209E+03  0.1234E+03  0.4726E+03 -0.9377E-02
   0.02556
  -0.007779
  -0.01313
  -0.003282
   0.02499
  -0.01636
   0.02819
   0.007158
   -0.03981
   0.06030065525348792
   -0.0014873333333333336
   0.02842600149315568
   0.9072    -0.3338    -0.2562
   0.4185    0.6519    0.6323
   -0.04404    -0.6809    0.7311
 Node:         93
  0.1159E+03  0.1217E+03  0.4877E+03 -0.9377E-02
   0.03194
  -0.002319
  -0.01844
   0.001382
   0.004394
  -0.01876
   0.032
   -0.01431
   -0.02304
   0.05123587903022647
   -0.0017833333333333336
   0.02415282500155118
   -0.9988    0.04275    -0.02273
   0.01482    0.7168    0.6971
   0.0461    0.696    -0.7166
 Node:         94
  0.1314E+03  0.1264E+03  0.4538E+03 -0.9377E-02
   0.01939
   0.007601
  -0.003437
  -0.02399
   0.03164
  -0.01717
   0.03335
   0.0161
   -0.04946
   0.07567421027007813
   -3.333333333334354E-6
   0.03567316482860595
   0.7021    -0.4185    -0.5761
   0.6469    0.7129    0.2705
   0.2975    -0.5627    0.7713
 Node:         95
  0.1250E+03  0.1235E+03  0.4706E+03 -0.9377E-02
   0.02371
  -0.009975
  -0.01096
  -0.009148
   0.0178
  -0.01507
   0.02981
   -0.002196
   -0.03128
   0.05292566103507825
   -0.0012220000000000009
   0.024949395877789642
   0.8775    -0.3592    -0.3177
   0.4795    0.6584    0.5801
   8.113E-4    -0.6615    0.75
 Node:         96
  0.1205E+03  0.1222E+03  0.4852E+03 -0.9377E-02
   0.03177
  -0.002941
  -0.01823
   0.001687
   0.004297
  -0.01895
   0.03188
   -0.0144
   -0.02302
   0.05113781770861952
   -0.0018466666666666666
   0.02410659845123092
   -0.9981    0.05473    -0.02752
   0.02109    0.7289    0.6843
   0.05751    0.6825    -0.7286
 Node:         97
  0.1369E+03  0.1260E+03  0.4525E+03 -0.9377E-02
   0.01621
   0.003703
  -0.003221
  -0.02178
   0.03309
  -0.0176
   0.03387
   0.01218
   -0.04957
   0.07498583932983614
   -0.0011733333333333363
   0.0353486636553947
   0.5862    -0.5498    -0.5951
   0.7676    0.6119    0.1908
   0.2592    -0.5686    0.7807
 Node:         98
  0.1297E+03  0.1233E+03  0.4685E+03 -0.9377E-02
   0.02387
  -0.01002
  -0.008311
  -0.004532
   0.01826
  -0.01758
   0.02788
   9.717E-4
   -0.03205
   0.051990836595404
   -0.0010661000000000015
   0.024508715410781257
   0.8958    -0.3738    -0.2406
   0.4416    0.6861    0.5782
   -0.05105    -0.6242    0.7796
 Node:         99
  0.1260E+03  0.1218E+03  0.4827E+03 -0.9377E-02
   0.03203
  -0.003446
  -0.01723
   0.001666
   0.001178
  -0.01906
   0.03214
   -0.01686
   -0.01974
   0.05050162769654064
   -0.0014866666666666663
   0.02380669560345483
   -0.9973    0.06734    -0.03002
   0.04286    0.8608    0.5072
   0.06    0.5045    -0.8613
 Node:        100
  0.1253E+03  0.1376E+03  0.4530E+03  0.0000E+00
   0.05736
   0.004573
   0.001926
  -0.006899
  -0.001924
  -6.882E-4
   0.05977
   0.002026
   -0.00196
   0.059836655287540924
   0.019945333333333332
   0.02820726981156138
   -0.9899    -0.08288    0.1147
   -0.1182    0.9299    -0.3482
   0.0778    0.3583    0.9304
 Node:        101
  0.1189E+03  0.1338E+03  0.4715E+03  0.0000E+00
   0.05924
   0.009302
   0.003299
  -0.003586
  -0.001931
  -0.001029
   0.06243
   0.00225
   -0.001685
   0.06224086218072497
   0.02099833333333333
   0.029340623809925304
   -0.9856    -0.1584    0.05985
   -0.1693    0.9221    -0.348
   6.671E-5    0.3531    0.9356
 Node:        102
  0.1139E+03  0.1312E+03  0.4875E+03  0.0000E+00
   0.05409
   0.004373
  -3.259E-5
   0.00187
  -0.001903
  -1.406E-4
   0.05521
   0.001742
   -0.002303
   0.05560096320208851
   0.018216333333333334
   0.02621054541380032
   -0.9965    -0.07775    -0.03086
   0.03155    -0.691    0.7221
   -0.07747    0.7186    0.691
 Node:        103
  0.1327E+03  0.1367E+03  0.4524E+03  0.0000E+00
   0.05811
  -0.002142
   0.001002
  -0.008027
  -0.003701
  -0.002062
   0.06117
   0.003306
   -0.005316
   0.06262175970060248
   0.01972
   0.02952018062275365
   -0.992    0.02721    0.1235
   0.04118    -0.8539    0.5187
   0.1196    0.5197    0.846
 Node:        104
  0.1252E+03  0.1332E+03  0.4699E+03  0.0000E+00
   0.06093
   0.007589
   5.634E-4
  -0.005075
  -0.003829
  -6.549E-4
   0.06478
   0.002352
   -0.003784
   0.06571121584630739
   0.021116
   0.030976564216624588
   -0.9889    -0.1228    0.08387
   -0.1474    0.7366    -0.6601
   -0.01928    0.6651    0.7465
 Node:        105
  0.1201E+03  0.1317E+03  0.4853E+03  0.0000E+00
   0.05454
   0.002843
  -5.52E-4
   3.991E-4
  -0.002202
  -1.152E-4
   0.0556
   0.001812
   -0.002604
   0.056126444818819586
   0.018269333333333332
   0.02645825982351993
   -0.9987    -0.05035    -0.005081
   0.02945    -0.66    0.7507
   -0.04115    0.7496    0.6607
 Node:        106
  0.1401E+03  0.1351E+03  0.4517E+03  0.0000E+00
   0.05834
  -0.003103
  -0.003743
  -0.00152
  -0.0128
   6.952E-4
   0.06099
   0.01135
   -0.01402
   0.06608428935836415
   0.019440000000000002
   0.031152432756795526
   -0.9989    0.0442    0.01577
   -0.01668    -0.6485    0.761
   0.04387    0.7599    0.6486
 Node:        107
  0.1323E+03  0.1316E+03  0.4683E+03  0.0000E+00
   0.06422
   0.004041
  -0.001103
  -4.472E-5
  -0.01386
   0.001724
   0.06744
   0.01367
   -0.01288
   0.07087812709150827
   0.022743333333333334
   0.0334122695361383
   -0.998    -0.06149    0.01396
   0.05169    -0.6709    0.7397
   -0.03612    0.739    0.6728
 Node:        108
  0.1273E+03  0.1304E+03  0.4831E+03  0.0000E+00
   0.05561
   6.718E-4
  -4.034E-4
  -0.002564
  -0.002406
   1.339E-4
   0.0568
   0.002151
   -0.002529
   0.05713294076975209
   0.018807333333333332
   0.02693272656494738
   -0.9988    -0.01387    0.0459
   -0.04321    0.6755    -0.7361
   0.0208    0.7373    0.6753
 Node:        109
  0.1018E+03  0.1092E+03  0.4946E+03 -0.4034E-04
  -8.067E-5
   2.399E-16
  -8.067E-5
   9.595E-17
  -2.399E-17
  -8.067E-5
   -8.067E-5
   -8.067E-5
   -8.067E-5
   0.0
   -8.067E-5
   0.0
   -0.3792    -0.925    -0.02398
   0.4801    -0.2188    0.8495
   0.791    -0.3106    -0.527
 Node:        110
  0.1058E+03  0.1118E+03  0.5081E+03 -0.4034E-04
  -8.067E-5
   4.798E-17
  -8.067E-5
  -2.399E-17
  -8.996E-17
  -8.067E-5
   -8.067E-5
   -8.067E-5
   -8.067E-5
   0.0
   -8.067E-5
   0.0
   -0.02839    -0.09125    0.9954
   0.7347    0.6734    0.08268
   -0.6778    0.7336    0.04792
 Node:        111
  0.1108E+03  0.1137E+03  0.5210E+03 -0.4034E-04
  -8.067E-5
   9.595E-17
  -8.067E-5
  -4.798E-17
   5.637E-16
  -8.067E-5
   -8.067E-5
   -8.067E-5
   -8.067E-5
   0.0
   -8.067E-5
   0.0
   0.9393    0.3169    0.1318
   0.3364    -0.7738    -0.5367
   -0.06807    0.5484    -0.8334
 Node:        112
  0.1072E+03  0.1111E+03  0.4942E+03 -0.4034E-04
  -8.067E-5
   2.399E-16
  -8.067E-5
  -6.215E-37
   2.399E-17
  -8.067E-5
   -8.067E-5
   -8.067E-5
   -8.067E-5
   0.0
   -8.067E-5
   0.0
   0.3759    0.9265    0.01671
   0.9266    -0.3757    -0.01402
   0.006712    -0.02076    0.9998
 Node:        113
  0.1071E+03  0.1139E+03  0.5077E+03 -0.4034E-04
  -8.067E-5
   8.204E-36
  -8.067E-5
   2.879E-16
  -2.639E-16
  -8.067E-5
   -8.067E-5
   -8.067E-5
   -8.067E-5
   0.0
   -8.067E-5
   0.0
   -0.1654    0.6537    -0.7385
   -0.2298    -0.7537    -0.6157
   -0.9591    0.06787    0.2748
 Node:        114
  0.1093E+03  0.1164E+03  0.5209E+03 -0.4034E-04
  -8.067E-5
   1.919E-16
  -8.067E-5
  -4.798E-17
   9.595E-17
  -8.067E-5
   -8.067E-5
   -8.067E-5
   -8.067E-5
   0.0
   -8.067E-5
   0.0
   -0.6573    -0.7285    -0.1932
   -0.4203    0.1416    0.8963
   0.6256    -0.6703    0.3993
 Node:        115
  0.1129E+03  0.1120E+03  0.4932E+03 -0.4034E-04
  -8.067E-5
  -7.458E-37
  -8.067E-5
  -1.439E-16
  -4.798E-17
  -8.067E-5
   -8.067E-5
   -8.067E-5
   -8.067E-5
   0.0
   -8.067E-5
   0.0
   -0.6708    -0.2234    0.7072
   0.316    -0.9488    -4.108E-5
   -0.671    -0.2234    -0.707
 Node:        116
  0.1092E+03  0.1143E+03  0.5068E+03 -0.4034E-04
  -8.067E-5
   8.996E-17
  -8.067E-5
   2.879E-16
   3.598E-17
  -8.067E-5
   -8.067E-5
   -8.067E-5
   -8.067E-5
   0.0
   -8.067E-5
   0.0
   -0.223    -0.9699    -0.09797
   0.8805    -0.2435    0.4067
   -0.4183    0.004415    0.9083
 Node:        117
  0.1089E+03  0.1172E+03  0.5207E+03 -0.4034E-04
  -8.067E-5
  -1.199E-16
  -8.067E-5
  -2.399E-16
  -2.879E-16
  -8.067E-5
   -8.067E-5
   -8.067E-5
   -8.067E-5
   0.0
   -8.067E-5
   0.0
   -0.232    -0.2201    0.9475
   -0.8739    0.4749    -0.1036
   -0.4272    -0.852    -0.3026
 Node:        118
  0.1017E+03  0.1094E+03  0.4948E+03 -0.4034E-04
  -8.067E-5
   1.439E-16
  -8.067E-5
  -2.399E-16
  -3.119E-16
  -8.067E-5
   -8.067E-5
   -8.067E-5
   -8.067E-5
   0.0
