 Group name: gastroc_Strain
 #Fields=  16
 1) coordinates, coordinate, rectangular cartesian, #Components=3
   x.  Value index= 1, #Derivatives=0
   y.  Value index= 2, #Derivatives=0
   z.  Value index= 3, #Derivatives=0
 2) Tensor_1, field, rectangular cartesian, #Components=1
   Tensor_1.  Value index= 4, #Derivatives=0
 3) Tensor_2, field, rectangular cartesian, #Components=1
   Tensor_2.  Value index= 5, #Derivatives=0
 4) Tensor_3, field, rectangular cartesian, #Components=1
   Tensor_3.  Value index= 6, #Derivatives=0
 5) Tensor_4, field, rectangular cartesian, #Components=1
   Tensor_4.  Value index= 7, #Derivatives=0
 6) Tensor_5, field, rectangular cartesian, #Components=1
   Tensor_5.  Value index= 8, #Derivatives=0
 7) Tensor_6, field, rectangular cartesian, #Components=1
   Tensor_6.  Value index= 9, #Derivatives=0
 8) Principal_1, field, rectangular cartesian, #Components=1
   Principal_1.  Value index= 10, #Derivatives=0
 9) Principal_2, field, rectangular cartesian, #Components=1
   Principal_2.  Value index= 11, #Derivatives=0
 10) Principal_3, field, rectangular cartesian, #Components=1
   Principal_3.  Value index= 12, #Derivatives=0
 11) VonMises, field, rectangular cartesian, #Components=1
   VonMises.  Value index= 13, #Derivatives=0
 12) Hydrostatic, field, rectangular cartesian, #Components=1
   VonMises.  Value index= 14, #Derivatives=0
 13) Octahedral, field, rectangular cartesian, #Components=1
   VonMises.  Value index= 15, #Derivatives=0
 14) PrincipalVector1, field, rectangular cartesian, #Components=3
   x.  Value index= 16, #Derivatives=0
   y.  Value index= 17, #Derivatives=0
   z.  Value index= 18, #Derivatives=0
 15) PrincipalVector2, field, rectangular cartesian, #Components=3
   x.  Value index= 19, #Derivatives=0
   y.  Value index= 20, #Derivatives=0
   z.  Value index= 21, #Derivatives=0
 16) PrincipalVector3, field, rectangular cartesian, #Components=3
   x.  Value index= 22, #Derivatives=0
   y.  Value index= 23, #Derivatives=0
   z.  Value index= 24, #Derivatives=0
 Node:          1
  0.1287E+03  0.1133E+03  0.4908E+03 -0.3797E-04
  -1.11E-16
  -8.327E-17
  -2.22E-16
  -2.776E-17
  -4.163E-17
  -3.331E-16
   -6.637E-17
   -2.4E-16
   -3.598E-16
   2.5553921597281306E-16
   -2.2205666666666663E-16
   1.204623416489799E-16
   0.8837    -0.4676    -0.01897
   0.4046    0.7837    -0.4712
   0.2352    0.4088    0.8818
 Node:          2
  0.1292E+03  0.1137E+03  0.5052E+03 -0.3797E-04
  -5.551E-17
  -1.11E-16
  -1.665E-16
  -5.551E-17
   1.943E-16
  -2.776E-16
   8.603E-17
   -1.6E-16
   -4.256E-16
   4.4319260925696854E-16
   -1.6652333333333334E-16
   2.089229995849082E-16
   -0.6554    0.6199    0.4313
   0.7522    0.4849    0.4462
   -0.06744    -0.6169    0.7841
 Node:          3
  0.1289E+03  0.1155E+03  0.5194E+03 -0.3797E-04
   2.22E-16
   1.388E-16
   3.331E-16
   1.11E-16
   5.551E-17
   2.22E-16
   4.753E-16
   2.118E-16
   9.006E-17
   3.4107384479024473E-16
   2.590533333333333E-16
   1.6078375235770005E-16
   -0.5696    -0.7144    -0.4063
   0.2395    -0.6172    0.7494
   -0.7862    0.3296    0.5227
 Node:          4
  0.1361E+03  0.1141E+03  0.4915E+03 -0.3797E-04
   0.0
  -2.776E-17
  -1.11E-16
  -2.776E-17
  -8.327E-17
   2.22E-16
   2.435E-16
   6.328E-18
   -1.388E-16
   3.3426485304919515E-16
   3.700933333333334E-17
   1.5757396286894045E-16
   -0.08549    -0.2215    0.9714
   0.9681    -0.2491    0.0284
   0.2357    0.9428    0.2357
 Node:          5
  0.1341E+03  0.1144E+03  0.5054E+03 -0.3797E-04
   3.331E-16
   1.388E-16
   3.331E-16
   5.551E-17
  -6.939E-17
   4.441E-16
   4.814E-16
   4.627E-16
   1.662E-16
   3.062784517395894E-16
   3.7010000000000004E-16
   1.4438104677092028E-16
   -0.348    -0.6443    0.681
   -0.6589    -0.3487    -0.6665
   0.6669    -0.6807    -0.3032
 Node:          6
  0.1323E+03  0.1162E+03  0.5191E+03 -0.3797E-04
   2.22E-16
   5.551E-17
   2.22E-16
  -5.551E-17
  -2.776E-17
   0.0
   2.897E-16
   1.685E-16
   -1.402E-17
   2.648101478418076E-16
   1.4806E-16
   1.2483270084396958E-16
   -0.715    -0.6696    0.2012
   0.6656    -0.7399    -0.09741
   -0.2141    -0.06426    -0.9747
 Node:          7
  0.1408E+03  0.1171E+03  0.4920E+03 -0.3797E-04
   3.331E-16
   2.22E-16
   2.22E-16
  -8.327E-17
  -1.11E-16
   0.0
   5.398E-16
   6.158E-17
   -4.631E-17
   5.403052621435404E-16
   1.8502333333333335E-16
   2.5470234318164845E-16
   -0.7537    -0.6111    0.2419
   -0.656    0.677    -0.3335
   -0.04004    0.4101    0.9112
 Node:          8
  0.1367E+03  0.1169E+03  0.5055E+03 -0.3797E-04
   2.22E-16
   1.943E-16
   2.22E-16
  -4.025E-16
  -2.359E-16
  -2.22E-16
   6.547E-16
   4.477E-17
   -4.775E-16
   9.814930967154074E-16
   7.399000000000001E-17
   4.626802829168323E-16
   -0.6847    -0.5611    0.4652
   0.5685    -0.8105    -0.1409
   -0.4561    -0.1681    -0.8739
 Node:          9
  0.1339E+03  0.1180E+03  0.5191E+03 -0.3797E-04
   2.22E-16
   1.665E-16
   0.0
  -3.955E-16
  -2.776E-16
   6.661E-16
   1.002E-15
   -9.379E-18
   -1.046E-16
   1.062195387036208E-15
   2.96007E-16
   5.007237074122481E-16
   -0.4817    -0.3073    0.8207
   -0.8565    -0.03292    -0.515
   -0.1853    0.951    0.2474
 Node:         10
  0.1294E+03  0.1212E+03  0.4911E+03 -0.3797E-04
   0.0
   2.776E-17
   1.11E-16
  -1.388E-17
   1.249E-16
   1.11E-16
   2.363E-16
   2.303E-17
   -3.732E-17
   2.48992088026909E-16
   7.400333333333333E-17
   1.173759959370834E-16
   0.0421    0.71    0.703
   -0.7813    -0.4152    0.4661
   -0.6228    0.5688    -0.5372
 Node:         11
  0.1295E+03  0.1214E+03  0.5055E+03 -0.3797E-04
  -2.22E-16
  -2.776E-17
  -2.22E-16
  -4.163E-17
   1.388E-17
  -1.665E-16
   -1.365E-16
   -2.183E-16
   -2.558E-16
   1.0566451627675205E-16
   -2.035333333333333E-16
   4.9810730660058464E-17
   -0.4935    0.2929    0.8189
   0.3541    -0.7924    0.4968
   -0.7944    -0.5351    -0.2873
 Node:         12
  0.1295E+03  0.1217E+03  0.5196E+03 -0.3797E-04
   1.11E-16
   0.0
   1.11E-16
   7.633E-17
   2.776E-17
   2.22E-16
   2.649E-16
   1.11E-16
   6.816E-17
   1.792025435087348E-16
   1.4801999999999999E-16
   8.447688914726913E-17
   -0.4387    -0.1595    -0.8844
   0.3417    -0.9398    -2.255E-17
   0.8311    0.3022    -0.4668
 Node:         13
  0.1361E+03  0.1199E+03  0.4914E+03 -0.3797E-04
   1.11E-16
  -1.388E-16
   0.0
  -9.714E-17
   2.776E-17
  -1.665E-16
   2.285E-16
   -8.52E-17
   -1.988E-16
   3.833392361864358E-16
   -1.849999999999999E-17
   1.807078489348669E-16
   0.8171    -0.5252    -0.2378
   0.4648    0.8442    -0.2671
   0.341    0.1077    0.9339
 Node:         14
  0.1342E+03  0.1198E+03  0.5054E+03 -0.3797E-04
  -5.551E-17
   2.776E-17
   0.0
   5.551E-17
  -9.021E-17
   1.11E-16
   1.672E-16
   -4.94E-18
   -1.068E-16
   2.398787602102362E-16
   1.8486666666666665E-17
   1.130799320048532E-16
   0.1634    -0.4472    0.8794
   -0.6569    -0.7144    -0.2412
   -0.7361    0.5382    0.4105
 Node:         15
  0.1330E+03  0.1205E+03  0.5193E+03 -0.3797E-04
   2.22E-16
  -8.327E-17
  -5.551E-17
   1.388E-17
   4.857E-17
   0.0
   2.451E-16
   2.471E-17
   -1.033E-16
   3.0523832672192397E-16
   5.550333333333333E-17
   1.438907271354049E-16
   -0.9638    0.2667    -0.001723
   0.1157    0.4239    0.8983
   0.2403    0.8656    -0.4394
 Node:         16
  0.1404E+03  0.1188E+03  0.4918E+03 -0.3797E-04
   2.22E-16
   5.551E-17
   2.22E-16
  -8.327E-17
  -1.457E-16
   4.441E-16
   5.466E-16
   1.95E-16
   1.465E-16
   3.7818964819254375E-16
   2.9603333333333337E-16
   1.7828030987433498E-16
   -0.2927    -0.4328    0.8526
   -0.9222    -0.1077    -0.3713
   -0.2526    0.895    0.3676
 Node:         17
  0.1365E+03  0.1184E+03  0.5055E+03 -0.3797E-04
  -1.11E-16
   2.776E-17
  -1.11E-16
   9.714E-17
   1.7E-16
   0.0
   1.573E-16
   -1.341E-16
   -2.452E-16
   3.600440389730123E-16
   -7.400000000000001E-17
   1.697263876557404E-16
   0.3368    0.5285    0.7792
   0.8927    -0.4425    -0.08566
   -0.2996    -0.7244    0.6209
 Node:         18
  0.1341E+03  0.1191E+03  0.5192E+03 -0.3797E-04
   0.0
   0.0
   0.0
   2.645E-17
   1.065E-16
   4.441E-16
   4.697E-16
   -1.672E-33
   -2.562E-17
   4.830198633596759E-16
   1.4802666666666666E-16
   2.2769774721961763E-16
   -0.05484    -0.2207    -0.9738
   0.9705    -0.2411    -6.21E-17
   -0.2348    -0.9451    0.2274
 Node:         19
  0.1301E+03  0.1291E+03  0.4914E+03  0.0000E+00
   1.11E-16
   0.0
   1.11E-16
   2.101E-19
   1.001E-17
  -2.22E-16
   1.113E-16
   1.11E-16
   -2.223E-16
   3.3345010121455954E-16
   0.0
   1.5718988517077046E-16
   -0.02096    -0.9993    -0.03003
   0.9998    -0.02097    1.345E-19
   6.298E-4    0.03003    -0.9995
 Node:         20
  0.1299E+03  0.1291E+03  0.5058E+03  0.0000E+00
   2.22E-16
   0.0
   0.0
   1.041E-17
   1.924E-17
  -5.551E-17
   2.224E-16
   5.975E-18
   -6.188E-17
   2.5715676157744715E-16
   5.549833333333335E-17
   1.2122485995959007E-16
   -0.9993    -0.003257    -0.03765
   0.01428    -0.9549    -0.2965
   -0.03498    -0.2968    0.9543
 Node:         21
  0.1301E+03  0.1280E+03  0.5197E+03  0.0000E+00
   1.11E-16
   0.0
   0.0
   4.163E-17
   1.475E-17
   1.11E-16
   1.534E-16
   7.089E-17
   -2.22E-18
   1.3485280234388901E-16
   7.402333333333333E-17
   6.357022066624871E-17
   -0.6994    -0.0684    -0.7114
   -0.7126    0.1429    0.6869
   -0.05465    -0.9874    0.1487
 Node:         22
  0.1360E+03  0.1256E+03  0.4913E+03  0.0000E+00
  -2.22E-16
   1.388E-17
  -1.11E-16
  -1.388E-17
   1.006E-16
   1.11E-16
   1.5E-16
   -1.456E-16
   -2.264E-16
   3.432090907886911E-16
   -7.4E-17
   1.617903169743686E-16
   -0.02144    0.3586    0.9332
   0.228    0.9106    -0.3447
   -0.9734    0.2054    -0.1013
 Node:         23
  0.1343E+03  0.1253E+03  0.5054E+03  0.0000E+00
   0.0
   2.082E-17
  -4.441E-16
   0.0
   1.314E-16
  -1.665E-16
   1.265E-18
   -1.147E-16
   -4.972E-16
   4.517861703560657E-16
   -2.0354499999999996E-16
   2.1297404313671653E-16
   0.997    0.06061    0.04746
   0.06644    -0.3661    -0.9282
   0.03888    -0.9286    0.369
 Node:         24
  0.1336E+03  0.1248E+03  0.5194E+03  0.0000E+00
  -2.22E-16
   1.214E-17
   0.0
   1.388E-17
   8.674E-19
  -1.665E-16
   6.779E-19
   -1.633E-16
   -2.259E-16
   2.026635838733984E-16
   -1.2950736666666666E-16
   9.553652963763242E-17
   -0.05504    -0.9984    -0.009747
   0.2257    -0.02195    0.974
   -0.9726    0.05141    0.2265
 Node:         25
  0.1400E+03  0.1206E+03  0.4917E+03  0.0000E+00
   0.0
   2.671E-16
  -1.11E-16
  -8.327E-17
  -1.301E-16
   2.22E-16
   3.681E-16
   7.58E-17
   -3.329E-16
   6.098671904603493E-16
   3.699999999999999E-17
   2.8749415066513385E-16
   0.5089    0.4781    -0.7159
   0.6086    0.3883    0.692
   0.6088    -0.7878    -0.09334
 Node:         26
  0.1363E+03  0.1200E+03  0.5055E+03  0.0000E+00
   2.22E-16
   1.076E-16
  -6.106E-16
   2.776E-17
  -1.124E-15
  -5.551E-17
   8.281E-16
   2.248E-16
   -1.497E-15
   2.089815319591662E-15
   -1.4803333333333336E-16
   9.851483892738641E-16
   0.07371    0.6174    -0.7832
   0.9955    0.001018    0.09449
   -0.05914    0.7866    0.6146
 Node:         27
  0.1343E+03  0.1203E+03  0.5192E+03  0.0000E+00
   2.22E-16
  -1.943E-16
   2.22E-16
  -1.041E-16
   1.313E-15
   0.0
   1.466E-15
   1.875E-16
   -1.209E-15
   2.3173691440942246E-15
   1.4816666666666667E-16
   1.0924182908676612E-15
   -0.1693    0.728    0.6643
   0.9848    0.09849    0.1431
   0.03876    0.6785    -0.7336
 Node:         28
  0.1155E+03  0.1124E+03  0.4931E+03 -0.2244E-03
  -2.22E-16
   3.816E-17
   2.22E-16
  -5.551E-17
   5.551E-17
   1.11E-16
   2.455E-16
   1.014E-16
   -2.359E-16
   4.279497984577163E-16
   3.699999999999999E-17
   2.0173746966457835E-16
   0.03184    0.9284    0.3701
   0.1988    0.3571    -0.9127
   0.9795    -0.1026    0.1732
 Node:         29
  0.1119E+03  0.1139E+03  0.5068E+03 -0.2244E-03
  -2.22E-16
  -2.082E-17
   0.0
   5.551E-17
   6.939E-18
  -3.331E-16
   1.944E-18
   -2.004E-16
   -3.566E-16
   3.113642033631998E-16
   -1.8501866666666668E-16
   1.4677849307791052E-16
   -0.09118    0.9958    0.005517
   -0.9179    -0.08189    -0.3884
   -0.3863    -0.04048    0.9215
 Node:         30
  0.1113E+03  0.1159E+03  0.5206E+03 -0.2244E-03
   2.22E-16
   1.249E-16
   2.22E-16
   0.0
  -2.776E-17
   1.11E-16
   3.486E-16
   1.238E-16
   8.277E-17
   2.4787505905193444E-16
   1.8505666666666664E-16
   1.1684942342842583E-16
   -0.7001    -0.7092    0.08287
   -0.4685    0.3686    -0.8029
   -0.5389    0.6009    0.5903
 Node:         31
  0.1203E+03  0.1126E+03  0.4920E+03 -0.2244E-03
  -5.551E-17
   9.714E-17
  -1.11E-16
   2.776E-17
   4.163E-17
  -5.551E-17
   4.114E-17
   -7.661E-17
   -1.866E-16
   1.9726678661143135E-16
   -7.402333333333333E-17
   9.29924550105485E-17
   -0.6956    -0.5654    -0.4433
   0.4358    0.1585    -0.886
   0.5712    -0.8095    0.1362
 Node:         32
  0.1188E+03  0.1134E+03  0.5062E+03 -0.2244E-03
   2.22E-16
  -1.388E-17
  -1.11E-16
  -2.776E-17
   9.714E-17
  -5.551E-17
   2.266E-16
   1.331E-17
   -1.844E-16
   3.5602167644681415E-16
   1.8503333333333345E-17
   1.6783022777663014E-16
   -0.9894    0.07624    0.1236
   0.1445    0.5992    0.7875
   0.01402    -0.797    0.6038
 Node:         33
  0.1183E+03  0.1150E+03  0.5201E+03 -0.2244E-03
   1.11E-16
   5.551E-17
   0.0
   8.327E-17
   0.0
   0.0
   1.7E-16
   0.0
   -5.893E-17
   2.0589037107159722E-16
   3.702333333333333E-17
   9.705765171049398E-17
   -0.8617    -0.2815    -0.4222
   0.0    -0.8321    0.5547
   -0.5074    0.478    0.717
 Node:         34
  0.1255E+03  0.1129E+03  0.4909E+03 -0.2244E-03
   0.0
   0.0
   0.0
   5.551E-17
   9.714E-17
   0.0
   1.119E-16
   3.387E-33
   -1.119E-16
   1.9381648536695736E-16
   0.0
   9.136596740581255E-17
   -0.3508    -0.6139    -0.7071
   0.8682    -0.4961    -4.855E-17
   -0.3508    -0.6139    0.7071
 Node:         35
  0.1260E+03  0.1135E+03  0.5054E+03 -0.2244E-03
   0.0
   1.11E-16
  -1.11E-16
   1.11E-16
   2.498E-16
  -1.11E-16
   2.41E-16
   -1.023E-16
   -3.608E-16
   5.228959647960578E-16
   -7.403333333333333E-17
   2.4649552170824977E-16
   0.5458    0.5925    0.5925
   0.8379    -0.3859    -0.3859
   -4.975E-17    -0.7071    0.7071
 Node:         36
  0.1257E+03  0.1153E+03  0.5196E+03 -0.2244E-03
   0.0
  -5.551E-17
   0.0
  -5.551E-17
   8.327E-17
   0.0
   1.305E-16
   -4.723E-17
   -8.327E-17
   1.982226619234037E-16
   0.0
   9.344305895392481E-17
   -0.5155    0.6059    0.6059
   0.8569    0.3645    0.3645
   -1.256E-16    0.7071    -0.7071
 Node:         37
  0.1132E+03  0.1210E+03  0.4959E+03 -0.2244E-03
  -2.22E-16
   1.388E-16
  -2.22E-16
  -8.327E-17
   1.804E-16
  -2.776E-16
   -4.482E-17
   -1.622E-16
   -5.146E-16
   4.2347200190803645E-16
   -2.4054E-16
   1.9962661612787678E-16
   0.3971    0.7887    0.4693
   -0.7874    0.0301    0.6157
   0.4715    -0.614    0.633
 Node:         38
  0.1111E+03  0.1204E+03  0.5085E+03 -0.2244E-03
  -1.665E-16
   9.714E-17
   0.0
  -2.776E-17
  -8.327E-17
  -2.22E-16
   7.071E-17
   -2.091E-16
   -2.502E-16
   3.0246162913665597E-16
   -1.2953E-16
   1.4258177934084005E-16
   -0.3916    -0.8746    0.2859
   0.9154    -0.3389    0.217
   0.09287    -0.3467    -0.9334
 Node:         39
  0.1119E+03  0.1201E+03  0.5207E+03 -0.2244E-03
  -5.551E-17
  -9.714E-17
  -3.331E-16
  -8.327E-17
  -7.633E-17
  -1.11E-16
   8.934E-18
   -1.105E-16
   -3.981E-16
   3.6239130612640252E-16
   -1.6655533333333335E-16
   1.7083290000335286E-16
   0.851    -0.1281    -0.5092
   0.4076    -0.4503    0.7944
   -0.3311    -0.8836    -0.331
 Node:         40
  0.1191E+03  0.1220E+03  0.4937E+03 -0.2244E-03
   0.0
   8.327E-17
  -2.22E-16
   8.327E-17
  -1.388E-17
  -2.22E-16
   4.872E-17
   -2.082E-16
   -2.846E-16
   3.0244591979393603E-16
   -1.4802666666666666E-16
   1.4257437388566321E-16
   -0.924    -0.2703    -0.2703
   0.0    -0.7071    0.7071
   0.3823    -0.6534    -0.6534
 Node:         41
  0.1182E+03  0.1217E+03  0.5073E+03 -0.2244E-03
   0.0
  -2.776E-17
  -5.551E-17
   5.551E-17
   9.714E-17
   1.11E-16
   1.653E-16
   1.073E-17
   -1.206E-16
   2.478691830381502E-16
   1.8476666666666666E-17
   1.168466534489637E-16
   0.2406    0.3653    0.8993
   -0.8901    0.4526    0.05428
   -0.3871    -0.8135    0.434
 Node:         42
  0.1187E+03  0.1212E+03  0.5204E+03 -0.2244E-03
   0.0
  -5.551E-17
  -1.11E-16
   0.0
   5.551E-17
   1.11E-16
   1.256E-16
   1.887E-17
   -1.444E-16
   2.3552960089975954E-16
   2.3333333333339628E-20
   1.1102971864425409E-16
   0.1113    -0.2517    -0.9614
   0.9295    -0.3159    0.1903
   -0.3516    -0.9148    0.1988
 Node:         43
  0.1258E+03  0.1217E+03  0.4915E+03 -0.2244E-03
   2.22E-16
   1.11E-16
   1.11E-16
  -1.388E-17
   0.0
  -5.551E-17
   2.911E-16
   4.294E-17
   -5.645E-17
   3.1004254562882173E-16
   9.253E-17
   1.4615545764698628E-16
   -0.8507    -0.5246    0.03406
   -0.5213    0.8502    0.07348
   0.06751    -0.04475    0.9967
 Node:         44
  0.1259E+03  0.1220E+03  0.5059E+03 -0.2244E-03
  -2.22E-16
   1.388E-16
  -2.22E-16
   9.714E-17
   1.11E-16
  -1.11E-16
   5.081E-17
   -2.445E-16
   -3.614E-16
   3.679610646522265E-16
   -1.8503E-16
   1.7345850935214064E-16
   -0.5113    -0.534    -0.6733
   -0.5198    -0.4318    0.7372
   -0.6844    0.7269    -0.05679
 Node:         45
  0.1261E+03  0.1221E+03  0.5198E+03 -0.2244E-03
  -5.551E-17
  -8.327E-17
  -2.776E-16
   2.776E-17
  -6.939E-18
   1.11E-16
   1.167E-16
   -3.339E-17
   -3.053E-16
   3.7050374910383835E-16
   -7.399666666666666E-17
   1.7465714229757554E-16
   0.1854    -0.05643    0.981
   0.9302    -0.3117    -0.1938
   -0.3167    -0.9485    0.005308
 Node:         46
  0.1117E+03  0.1296E+03  0.4959E+03  0.0000E+00
  -5.551E-17
   2.776E-17
  -1.665E-16
   6.939E-18
  -2.602E-17
   0.0
   4.101E-18
   -4.897E-17
   -1.772E-16
   1.6144583695778595E-16
   -7.402300000000001E-17
   7.610629740479211E-17
   0.04856    -0.1429    0.9886
   0.9724    0.2327    -0.01414
   -0.228    0.962    0.1502
 Node:         47
  0.1107E+03  0.1269E+03  0.5087E+03  0.0000E+00
  -1.665E-16
  -3.123E-17
   1.11E-16
  -2.776E-17
   3.99E-17
   0.0
   1.289E-16
   -1.114E-17
   -1.732E-16
   2.6185783853075704E-16
   -1.8479999999999997E-17
   1.2344096888796688E-16
   -0.1292    0.939    0.3186
   -0.1008    -0.3321    0.9379
   -0.9865    -0.08906    -0.1376
 Node:         48
  0.1125E+03  0.1242E+03  0.5208E+03  0.0000E+00
   1.11E-16
   3.469E-18
   1.11E-16
   0.0
  -1.735E-18
   1.11E-16
   1.149E-16
   1.11E-16
   1.071E-16
   6.75499814951862E-18
   1.1099999999999999E-16
   3.1843366656181307E-18
   -0.6325    -0.7071    0.3162
   0.4472    -4.455E-15    0.8944
   -0.6325    0.7071    0.3162
 Node:         49
  0.1186E+03  0.1311E+03  0.4938E+03  0.0000E+00
  -1.665E-16
  -2.082E-17
   0.0
  -4.163E-17
  -6.072E-18
  -5.551E-17
   2.581E-18
   -4.165E-17
   -1.83E-16
   1.6789358448433935E-16
   -7.402300000000001E-17
   7.914579473772858E-17
   0.1174    -0.9929    0.01965
   -0.3135    -0.01827    0.9494
   -0.9423    -0.1176    -0.3134
 Node:         50
  0.1180E+03  0.1298E+03  0.5075E+03  0.0000E+00
   0.0
  -1.301E-17
   3.331E-16
  -4.163E-17
   1.247E-17
   2.22E-16
   3.354E-16
   2.276E-16
   -7.879E-18
   3.040655120874448E-16
   1.8504033333333332E-16
   1.4333785701466156E-16
   0.05441    -0.9902    -0.1289
   -0.1707    -0.1364    0.9758
   0.9838    0.03109    0.1765
 Node:         51
  0.1192E+03  0.1275E+03  0.5206E+03  0.0000E+00
   0.0
  -3.469E-18
  -5.551E-17
   0.0
   1.475E-17
   1.11E-16
   1.123E-16
   2.087E-19
   -5.702E-17
   1.491791641607165E-16
   1.849623333333333E-17
   7.03237323931892E-17
   -0.002705    0.08758    0.9962
   0.9982    -0.06004    0.007989
   -0.06051    -0.9943    0.08725
 Node:         52
  0.1262E+03  0.1305E+03  0.4920E+03  0.0000E+00
   1.11E-16
  -1.388E-17
   1.11E-16
   1.301E-18
   4.906E-18
   0.0
   1.25E-16
   9.734E-17
   -2.497E-19
   1.1396559238686912E-16
   7.403009999999999E-17
   5.372389546579809E-17
   -0.7047    0.7092    0.02051
   0.7093    0.7034    0.04493
   -0.01744    -0.04621    0.9988
 Node:         53
  0.1258E+03  0.1304E+03  0.5063E+03  0.0000E+00
  -1.665E-16
  -1.735E-18
  -1.11E-16
   2.776E-17
   3.383E-17
  -2.22E-16
   -1.01E-16
   -1.572E-16
   -2.414E-16
   1.2239330047024632E-16
   -1.6653333333333332E-16
   5.769675515620921E-17
   0.09684    0.9526    0.2883
   -0.9346    0.1866    -0.3027
   -0.3422    -0.2402    0.9084
 Node:         54
  0.1265E+03  0.1288E+03  0.5200E+03  0.0000E+00
  -2.22E-16
   2.082E-17
   1.11E-16
   0.0
  -4.337E-18
   1.11E-16
   1.16E-16
   1.073E-16
   -2.233E-16
   3.350347295430729E-16
   0.0
   1.5793688612860518E-16
   -0.04656    -0.7562    0.6527
   -0.04117    -0.6514    -0.7576
   -0.9981    0.06215    8.061E-4
 Node:         55
  0.1382E+03  0.1168E+03  0.4529E+03  0.7131E-02
  -0.01278
  -0.01062
   0.02115
  -0.001558
   0.01588
  -0.01104
   0.0302
   -0.01367
   -0.01919
   0.04687440346287086
   -8.866666666666653E-4
   0.022096805701780117
   -0.2363    0.9038    0.3569
   0.8138    -0.01656    0.5809
   0.5309    0.4277    -0.7316
 Node:         56
  0.1314E+03  0.1156E+03  0.4685E+03  0.7131E-02
  -0.008414
  -0.007215
   0.01284
  -6.499E-4
   0.005631
  -0.009935
   0.01624
   -0.009838
   -0.01192
   0.02717887422245447
   -0.0018393333333333328
   0.012812244178475873
   -0.2797    0.9372    0.2085
   0.7908    0.1017    0.6036
   0.5445    0.3338    -0.7695
 Node:         57
  0.1285E+03  0.1140E+03  0.4823E+03  0.7131E-02
  -7.833E-4
  -6.692E-4
   0.001626
   8.526E-6
   5.831E-5
  -8.581E-4
   0.0018
   -8.541E-4
   -9.618E-4
   0.0027095558067698105
   -5.300000000000003E-6
   0.0012772968566468798
   -0.2506    0.9679    0.02043
   -0.2156    -0.03522    -0.9759
   0.9438    0.249    -0.2175
 Node:         58
  0.1480E+03  0.1177E+03  0.4531E+03  0.7131E-02
  -0.01415
  -0.0168
   0.03915
  -0.002977
   0.01137
  -0.03922
   0.04563
   -0.019
   -0.04085
   0.07788854151927611
   -0.00474
   0.03671701059000673
   0.2744    -0.9518    -0.1372
   0.9613    0.2752    0.0132
   0.02518    -0.1355    0.9905
 Node:         59
  0.1416E+03  0.1166E+03  0.4692E+03  0.7131E-02
   4.144E-4
  -0.0197
   0.03003
  -0.01051
   0.01266
  -0.01516
   0.04421
   -0.008277
   -0.02065
   0.05964392633789295
   0.005094333333333333
   0.028116416513410018
   0.4475    -0.8552    -0.2616
   0.808    0.512    -0.2917
   0.3834    -0.08085    0.9201
 Node:         60
  0.1375E+03  0.1150E+03  0.4832E+03  0.7131E-02
   0.004502
  -0.006935
   0.007446
  -0.004461
   0.003685
   0.001037
   0.01533
   -1.046E-4
   -0.002238
   0.016604410509259277
   0.004329133333333333
   0.007827394179134941
   -0.6045    0.7052    0.3705
   -0.3883    -0.667    0.6359
   0.6956    0.2405    0.677
 Node:         61
  0.1550E+03  0.1220E+03  0.4533E+03  0.7131E-02
   0.008674
  -0.01434
   0.01196
  -0.003681
   0.002272
  -0.04277
   0.02501
   -0.004079
   -0.04306
   0.059157472824656734
   -0.007376333333333333
   0.02788710012811579
   -0.6663    0.7432    0.0611
   0.7429    0.6687    -0.03142
   0.0642    -0.02445    0.9976
 Node:         62
  0.1490E+03  0.1202E+03  0.4697E+03  0.7131E-02
   0.02756
  -0.03294
   0.02527
  -0.01495
   0.01148
  -0.01074
   0.06407
   -0.006095
   -0.01588
   0.07553434963644023
   0.014031666666666666
   0.03560723389362835
   -0.7028    0.6686    0.243
   0.6354    0.7436    -0.2082
   0.3199    -0.008078    0.9474
 Node:         63
  0.1436E+03  0.1181E+03  0.4838E+03  0.7131E-02
   0.009353
  -0.01375
   0.01504
  -0.004424
   0.006577
   0.001133
   0.02852
   -7.17E-4
   -0.002274
   0.030045772198430847
   0.008509666666666667
   0.014163712844997796
   -0.6016    0.7492    0.2771
   -0.5568    -0.1445    -0.818
   -0.5728    -0.6464    0.5041
 Node:         64
  0.1412E+03  0.1253E+03  0.4524E+03  0.7131E-02
  -0.02875
  -0.004869
   0.03577
  -0.004718
   0.003895
  -0.01794
   0.03646
   -0.01671
   -0.03068
   0.061359552638525654
   -0.003643333333333333
   0.02892517050751627
   0.07983    -0.9937    -0.07807
   -0.3277    -0.1001    0.9395
   -0.9414    -0.04942    -0.3336
 Node:         65
  0.1340E+03  0.1229E+03  0.4683E+03  0.7131E-02
  -0.007671
  -0.01303
   0.02718
  -0.005351
   0.002846
  -0.01146
   0.03196
   -0.007797
   -0.01611
   0.04449971863955996
   0.002684333333333335
   0.020977368540617505
   0.323    -0.9409    -0.1015
   -0.6418    -0.2966    0.7072
   0.6955    0.1633    0.6997
 Node:         66
  0.1299E+03  0.1214E+03  0.4825E+03  0.7131E-02
   0.003305
  -0.0045
   0.006204
  -0.001061
   8.715E-4
  -8.338E-4
   0.00965
   1.299E-4
   -0.001106
   0.010194392792609083
   0.0028913000000000007
   0.004805682849155431
   -0.5877    0.7992    0.1259
   0.7498    0.5965    -0.2862
   0.3038    0.07377    0.9499
 Node:         67
  0.1497E+03  0.1243E+03  0.4527E+03  0.7131E-02
  -0.02216
  -0.01243
   0.03251
  -0.00417
   0.003781
  -0.03596
   0.0355
   -0.02398
   -0.03712
   0.06702310944741373
   -0.008533333333333335
   0.03159499679098294
   -0.2147    0.9746    0.06409
   0.9402    0.224    -0.2566
   0.2644    -0.005173    0.9644
 Node:         68
  0.1431E+03  0.1224E+03  0.4689E+03  0.7131E-02
   0.008052
  -0.02484
   0.03108
  -0.01305
   0.007364
  -0.01988
   0.0495
   -0.005089
   -0.02516
   0.06692129542230933
   0.0064170000000000026
   0.031547001199268794
   0.548    -0.8147    -0.1896
   -0.7333    -0.5769    0.3598
   -0.4025    -0.05816    -0.9136
 Node:         69
  0.1379E+03  0.1205E+03  0.4831E+03  0.7131E-02
   0.00891
  -0.009233
   0.009082
  -0.004966
   0.003591
  -2.032E-4
   0.02004
   1.785E-4
   -0.002429
   0.02128537290605922
   0.005929833333333333
   0.010034021014639257
   -0.6842    0.6705    0.2868
   0.5608    0.7351    -0.3808
   0.4662    0.09971    0.8791
 Node:         70
  0.1553E+03  0.1240E+03  0.4532E+03  0.7131E-02
  -0.01212
  -0.01554
   0.01145
  -0.01322
   0.009877
  -0.03315
   0.02311
   -0.0173
   -0.03964
   0.05508904700573427
   -0.011276666666666666
   0.025969225804572782
   -0.4694    0.8443    0.2585
   -0.7828    -0.5334    0.3205
   -0.4085    0.05189    -0.9113
 Node:         71
  0.1492E+03  0.1221E+03  0.4697E+03  0.7131E-02
   0.02595
  -0.02695
   0.02195
  -0.0284
   0.01563
  -0.01182
   0.06415
   -0.0010
   -0.02707
   0.08137952998143944
   0.012026666666666666
   0.03836267833309985
   -0.7059    0.5938    0.3861
   0.5385    0.8041    -0.2519
   0.46    -0.03011    0.8874
 Node:         72
  0.1435E+03  0.1199E+03  0.4837E+03  0.7131E-02
   0.01589
  -0.01151
   0.007737
  -0.01005
   0.005468
   0.001983
   0.02884
   1.073E-4
   -0.003339
   0.030601740750976894
   0.0085361
   0.014425798934085651
   -0.762    0.5167    0.3903
   0.3967    0.8489    -0.3492
   -0.5118    -0.1113    -0.8519
 Node:         73
  0.1442E+03  0.1339E+03  0.4519E+03  0.0000E+00
   0.02244
  -0.002808
  -0.02639
  -0.001715
   0.001109
   0.01382
   0.02295
   0.0135
   -0.02658
   0.04554629403145771
   0.0032900000000000013
   0.021470728911706746
   0.9797    -0.06006    -0.1915
   0.1926    0.01373    0.9812
   0.0563    0.9981    -0.02501
 Node:         74
  0.1365E+03  0.1304E+03  0.4681E+03  0.0000E+00
   0.04269
   0.006963
  -0.008706
   0.002864
   0.001444
   0.01532
   0.04394
   0.01504
   -0.009677
   0.04648076364475953
   0.016434333333333332
   0.021911242111959075
   -0.9855    -0.1332    -0.1053
   -0.11    0.02815    0.9935
   -0.1294    0.9907    -0.04239
 Node:         75
  0.1313E+03  0.1288E+03  0.4826E+03  0.0000E+00
   0.01767
   0.002824
  -1.815E-4
   1.283E-4
   4.298E-5
   0.001515
   0.01811
   0.001514
   -6.177E-4
   0.0177580701116422
   0.006335433333333335
   0.008371234531152233
   -0.9883    -0.1526    -0.008037
   -0.009582    0.009393    0.9999
   -0.1525    0.9882    -0.01074
 Node:         76
  0.1514E+03  0.1310E+03  0.4524E+03  0.0000E+00
   0.01923
  -0.005576
  -0.03158
  -0.004024
   0.004996
   0.01675
   0.02321
   0.01379
   -0.03261
   0.051756974409252324
   0.001463333333333335
   0.02439847171898728
   0.7913    -0.1349    -0.5964
   -0.6033    -0.01365    -0.7974
   -0.09942    -0.9908    0.09219
 Node:         77
  0.1445E+03  0.1281E+03  0.4688E+03  0.0000E+00
   0.05458
   0.008823
  -0.01163
   0.001728
   0.005112
   0.01187
   0.05587
   0.01266
   -0.01371
   0.060843477053830516
   0.018273333333333336
   0.02868189014382111
   -0.9896    -0.1335    -0.05437
   -0.07792    0.1781    0.9809
   -0.1212    0.9749    -0.1867
 Node:         78
  0.1384E+03  0.1261E+03  0.4829E+03  0.0000E+00
   0.02322
   0.00556
   1.658E-4
   6.958E-4
   6.229E-4
   0.001023
   0.02452
   0.001088
   -0.001198
   0.024654613604759658
   0.008136666666666665
   0.011622296311639779
   -0.9741    -0.2232    -0.03476
   -0.07829    0.1892    0.9788
   -0.2119    0.9562    -0.2018
 Node:         79
  0.1555E+03  0.1261E+03  0.4531E+03  0.0000E+00
   0.01353
   0.005739
  -0.03232
  -0.006651
   0.001321
  -0.04877
   0.01489
   -0.03276
   -0.04969
   0.057998809470539994
   -0.02252
   0.027340900984910255
   0.988    0.1173    -0.1008
   -0.1044    0.9867    0.1248
   0.1141    -0.1128    0.987
 Node:         80
  0.1494E+03  0.1240E+03  0.4696E+03  0.0000E+00
   0.06318
   0.01056
  -0.02116
   0.00643
   0.001925
  -0.035
   0.06492
   -0.02237
   -0.03554
   0.09456533350017861
   0.0023366666666666674
   0.04457852572209579
   -0.9902    -0.123    -0.06609
   -0.1284    0.9881    0.08521
   -0.05482    -0.09286    0.9942
 Node:         81
  0.1433E+03  0.1217E+03  0.4837E+03  0.0000E+00
   0.02688
   0.005726
  -0.00186
   0.005589
   0.00157
  -0.002482
   0.02904
   -0.002689
   -0.003814
   0.03230619431316539
   0.007512333333333333
   0.015229286048779685
   -0.9654    -0.1881    -0.1805
   -0.2535    0.8387    0.482
   -0.06076    -0.5111    0.8574
 Node:         82
  0.1267E+03  0.1148E+03  0.4561E+03  0.4574E-02
   0.004473
  -0.009041
   0.002409
  -0.001425
   0.004049
  -0.003459
   0.01339
   -0.002849
   -0.007119
   0.018742426497121444
   0.0011406666666666672
   0.008835264581336669
   -0.7116    0.6671    0.2205
   -0.5317    -0.3062    -0.7896
   -0.4593    -0.6791    0.5726
 Node:         83
  0.1234E+03  0.1129E+03  0.4719E+03  0.4574E-02
  -0.005003
  -0.005042
  -2.002E-4
   0.002789
   0.00249
  -0.004644
   0.003042
   -0.002375
   -0.01051
   0.011814796189524388
   -0.0032810000000000005
   0.0055695483359664505
   -0.5049    0.858    0.09482
   -0.5026    -0.2029    -0.8404
   -0.7018    -0.4719    0.5336
 Node:         84
  0.1187E+03  0.1123E+03  0.4849E+03  0.4574E-02
  -8.734E-4
  -2.676E-4
  -1.002E-4
   0.001582
  -6.615E-5
  -0.003369
   1.669E-4
   -3.723E-4
   -0.004137
   0.004061234907020278
   -0.0014474666666666666
   0.0019144844951637042
   -0.6364    0.7114    -0.2981
   0.6355    0.7026    0.3201
   0.4372    0.01424    -0.8993
 Node:         85
  0.1302E+03  0.1161E+03  0.4548E+03  0.4574E-02
   0.003525
  -0.009757
   0.004112
  -9.38E-4
   0.00591
  -0.004106
   0.01488
   -0.002331
   -0.009019
   0.021355445043360722
   0.0011766666666666672
   0.010067053336944675
   -0.642    0.7225    0.2566
   -0.6347    -0.313    -0.7066
   -0.4302    -0.6165    0.6595
 Node:         86
  0.1252E+03  0.1138E+03  0.4702E+03  0.4574E-02
  -0.01319
  -0.001422
   0.02548
   0.003363
   0.00935
  -0.003898
   0.02821
   -0.005014
   -0.0148
   0.03904779169172054
   0.002798666666666666
   0.01840730553038355
   -0.01035    0.9603    0.2786
   -0.4054    0.2507    -0.8791
   0.9141    0.122    -0.3867
 Node:         87
  0.1217E+03  0.1126E+03  0.4833E+03  0.4574E-02
  -0.001109
  -2.907E-4
   3.138E-4
   0.001494
  -3.173E-4
  -0.002414
   5.661E-4
   -3.801E-4
   -0.003394
   0.0035819882509578395
   -0.0010693333333333334
   0.0016885654549218861
   -0.4168    0.8579    -0.3003
   0.728    0.5129    0.4549
   0.5443    -0.02907    -0.8384
 Node:         88
  0.1338E+03  0.1169E+03  0.4531E+03  0.4574E-02
  -0.009224
  -0.01178
   0.006451
  -9.585E-4
   0.01169
   0.006111
   0.02091
   -8.816E-4
   -0.01669
   0.0326996891508161
   0.0011128000000000006
   0.015414781294156162
   -0.3071    0.737    0.6021
   0.4979    -0.4147    0.7616
   0.811    0.5337    -0.2396
 Node:         89
  0.1270E+03  0.1150E+03  0.4685E+03  0.4574E-02
  -0.007013
  -0.005263
   0.003384
   5.609E-4
   0.003359
  -0.001266
   0.00666
   -0.001922
   -0.009632
   0.014116020827414501
   -0.0016313333333333334
   0.0066543560336235555
   -0.3241    0.8791    0.3496
   0.3433    -0.2351    0.9093
   -0.8816    -0.4147    0.2256
 Node:         90
  0.1248E+03  0.1132E+03  0.4822E+03  0.4574E-02
  -0.001314
   2.441E-4
  -1.209E-5
   5.228E-4
  -3.177E-4
  -5.062E-4
   1.434E-4
   -3.251E-4
   -0.00165
   0.0016110766307038285
   -6.105666666666666E-4
   7.594688070545682E-4
   0.01004    -0.8951    0.4458
   0.5039    0.3896    0.7709
   -0.8637    0.2169    0.4549
 Node:         91
  0.1259E+03  0.1261E+03  0.4546E+03  0.4574E-02
  -0.02611
  -0.007091
   0.02861
  -0.006238
   0.00816
  -0.00563
   0.03166
   -0.006523
   -0.02827
   0.05254749469765423
   -0.0010443333333333335
   0.024771126556716972
   -0.1433    0.9615    0.2344
   -0.206    -0.2606    0.9432
   0.968    0.08691    0.2354
 Node:         92
  0.1209E+03  0.1232E+03  0.4725E+03  0.4574E-02
  -0.006975
  -0.008081
   0.007944
  -0.005933
   0.00551
   0.002981
   0.01589
   -5.563E-4
   -0.01138
   0.02378325214704667
   0.001317900000000001
   0.01121153258123081
   -0.4012    0.7613    0.5094
   -0.0404    -0.5703    0.8205
   0.9151    0.3086    0.2596
 Node:         93
  0.1159E+03  0.1217E+03  0.4877E+03  0.4574E-02
   0.001245
  -4.517E-4
   2.696E-5
  -0.002202
  -4.649E-5
   0.001619
   0.003662
   1.49E-4
   -9.198E-4
   0.0041518907548248425
   9.637333333333332E-4
   0.0019572200716549194
   -0.6791    0.07504    0.7302
   0.2199    -0.9283    0.2999
   0.7003    0.3642    0.6139
 Node:         94
  0.1313E+03  0.1263E+03  0.4537E+03  0.4574E-02
  -0.0323
  -0.007199
   0.03269
  -0.007648
   0.006189
  -0.004024
   0.03476
   -0.003702
   -0.03469
   0.060261447410429825
   -0.0012106666666666665
   0.028407518738687628
   0.1253    -0.9756    -0.1804
   -0.2049    -0.2033    0.9574
   -0.9707    -0.08301    -0.2253
 Node:         95
  0.1249E+03  0.1234E+03  0.4705E+03  0.4574E-02
  -0.006239
  -0.007982
   0.01467
  -0.007861
   0.004295
  -8.856E-4
   0.01963
   4.667E-4
   -0.01255
   0.028037643854111567
   0.002515566666666667
   0.013217072065157077
   -0.3674    0.872    0.3234
   -0.3886    -0.4598    0.7985
   0.845    0.1677    0.5078
 Node:         96
  0.1205E+03  0.1222E+03  0.4852E+03  0.4574E-02
   0.002769
  -9.808E-4
   8.846E-4
  -0.002598
   8.029E-4
   7.737E-5
   0.004757
   4.918E-4
   -0.001517
   0.005549337099149771
   0.0012439333333333332
   0.002615982595932592
   -0.8081    0.3087    0.5017
   -0.307    -0.9476    0.08863
   0.5027    -0.08238    0.8605
 Node:         97
  0.1367E+03  0.1260E+03  0.4525E+03  0.4574E-02
  -0.03282
  -0.006383
   0.03379
  -0.007689
   0.00669
  -0.007199
   0.03569
   -0.006683
   -0.03523
   0.061806345701715774
   -0.002074333333333333
   0.029135790777362166
   0.1106    -0.9788    -0.1725
   -0.2329    -0.1943    0.9529
   -0.9662    -0.06517    -0.2495
 Node:         98
  0.1296E+03  0.1232E+03  0.4684E+03  0.4574E-02
  -0.008352
  -0.01114
   0.02135
  -0.006001
   0.003995
  -0.004564
   0.02614
   -0.003428
   -0.01427
   0.03622694914010839
   0.002814
   0.01707754759911387
   -0.3311    0.9253    0.1851
   -0.3709    -0.308    0.8761
   0.8676    0.2214    0.4452
 Node:         99
  0.1260E+03  0.1218E+03  0.4827E+03  0.4574E-02
   0.002546
  -0.003159
   0.003859
  -0.001264
   9.619E-4
  -4.848E-4
   0.006759
   1.185E-4
   -9.569E-4
   0.007238364394668177
   0.001973533333333333
   0.003412197698779418
   -0.626    0.7513    0.209
   0.6675    0.6548    -0.3544
   0.4031    0.08235    0.9114
 Node:        100
  0.1251E+03  0.1374E+03  0.4531E+03  0.0000E+00
   0.02357
   0.002535
  -0.001436
  -0.003553
  -0.001454
   0.005581
   0.02454
   0.005037
   -0.001863
   0.023718088223969484
   0.009238
   0.011180814013299747
   -0.9759    -0.1059    0.191
   -0.2046    0.1375    -0.9691
   -0.07639    0.9848    0.1558
 Node:        101
  0.1187E+03  0.1336E+03  0.4716E+03  0.0000E+00
   0.0246
   0.005485
   0.005932
   0.001825
   0.001336
   0.008865
   0.02635
   0.00876
   0.004289
   0.02020007007413588
   0.013133
   0.009522404353243284
   -0.9568    -0.2649    -0.1201
   -0.1628    0.1454    0.9759
   -0.2411    0.9532    -0.1822
 Node:        102
  0.1139E+03  0.1312E+03  0.4875E+03  0.0000E+00
   0.008467
   0.003504
   0.001664
   0.002622
   0.001273
   0.001732
   0.01088
   8.365E-4
   1.501E-4
   0.010403696247488197
   0.003955533333333334
   0.004904349444002629
   -0.8759    -0.3751    -0.3034
   0.3573    -0.08165    -0.9304
   -0.3242    0.9234    -0.2055
 Node:        103
  0.1324E+03  0.1364E+03  0.4525E+03  0.0000E+00
   0.02451
   4.958E-4
  -0.007869
  -0.004151
  -0.001869
   0.00373
   0.02533
   0.003205
   -0.008164
   0.029500998474627935
   0.006790333333333333
   0.013906904048788938
   -0.9813    -0.02539    0.1908
   -0.1924    0.1549    -0.969
   0.004952    0.9876    0.1569
 Node:        104
  0.1250E+03  0.1330E+03  0.4700E+03  0.0000E+00
   0.02971
   0.006062
  -0.002436
   0.001699
   0.001495
   0.01036
   0.031
   0.01028
   -0.003639
   0.03019037331667166
   0.012546999999999997
   0.014231878465847954
   -0.9789    -0.1817    -0.09375
   -0.1072    0.06553    0.9921
   -0.1741    0.9812    -0.08361
 Node:        105
  0.1200E+03  0.1317E+03  0.4853E+03  0.0000E+00
   0.01106
   0.003319
   4.416E-5
   0.00252
   0.001107
   0.001671
   0.01266
   0.001069
   -9.533E-4
   0.012723264423488178
   0.004258566666666666
   0.005997804368452027
   -0.9332    -0.2666    -0.2408
   0.2802    -0.1207    -0.9523
   -0.2248    0.9562    -0.1874
 Node:        106
  0.1397E+03  0.1351E+03  0.4519E+03  0.0000E+00
   0.02366
  -3.805E-4
  -0.02084
  -0.00276
  -0.002726
   0.006735
   0.0241
   0.006573
   -0.02112
   0.03949016572515238
   0.003184333333333333
   0.018615842649623883
   -0.9876    -0.001172    0.1572
   0.1565    -0.09987    0.9826
   -0.01455    -0.995    -0.09881
 Node:        107
  0.1321E+03  0.1315E+03  0.4683E+03  0.0000E+00
   0.03809
   0.007062
  -0.007318
   0.002375
  -5.497E-4
   0.0117
   0.03935
   0.01156
   -0.008432
   0.04156370825612172
   0.014159333333333335
   0.019593319972775306
   -0.9856    -0.1482    -0.08171
   -0.07402    -0.0567    0.9956
   -0.1522    0.9873    0.04491
 Node:        108
  0.1273E+03  0.1303E+03  0.4831E+03  0.0000E+00
   0.01493
   0.00294
  -1.98E-4
   8.403E-4
   1.803E-4
   0.00128
   0.01553
   0.001228
   -7.496E-4
   0.015386414168349948
   0.005336133333333334
   0.0072532251977233475
   -0.9811    -0.1841    -0.06017
   -0.06122    -1.533E-5    0.9981
   -0.1837    0.9829    -0.01125
 Node:        109
  0.1018E+03  0.1092E+03  0.4946E+03 -0.4973E-04
   0.0
   1.388E-16
   1.11E-16
   5.551E-17
  -1.388E-17
   0.0
   2.069E-16
   2.266E-17
   -1.186E-16
   2.827092280064448E-16
   3.698666666666666E-17
   1.3327040815158061E-16
   -0.5724    -0.814    -0.09897
   0.2904    -0.3141    0.9039
   0.7668    -0.4887    -0.4162
 Node:        110
  0.1058E+03  0.1118E+03  0.5081E+03 -0.4973E-04
   0.0
   2.776E-17
   0.0
  -1.388E-17
  -5.204E-17
   2.22E-16
   2.353E-16
   1.788E-17
   -3.112E-17
   2.456135916434593E-16
   7.402E-17
   1.157833574684491E-16
   -0.08376    -0.2246    0.9708
   0.7726    0.6007    0.2056
   0.6293    -0.7673    -0.1232
 Node:        111
  0.1108E+03  0.1137E+03  0.5210E+03 -0.4973E-04
   0.0
   5.551E-17
  -1.11E-16
  -2.776E-17
   3.261E-16
  -2.22E-16
   1.68E-16
   2.779E-18
   -5.038E-16
   6.063148942925615E-16
   -1.1100700000000001E-16
   2.8581958219244996E-16
