 Group name: gastroc_stress
 #Fields=  16
 1) coordinates, coordinate, rectangular cartesian, #Components=3
   x.  Value index= 1, #Derivatives=0
   y.  Value index= 2, #Derivatives=0
   z.  Value index= 3, #Derivatives=0
 2) Tensor_1, field, rectangular cartesian, #Components=1
   Tensor_1.  Value index= 4, #Derivatives=0
 3) Tensor_2, field, rectangular cartesian, #Components=1
   Tensor_2.  Value index= 5, #Derivatives=0
 4) Tensor_3, field, rectangular cartesian, #Components=1
   Tensor_3.  Value index= 6, #Derivatives=0
 5) Tensor_4, field, rectangular cartesian, #Components=1
   Tensor_4.  Value index= 7, #Derivatives=0
 6) Tensor_5, field, rectangular cartesian, #Components=1
   Tensor_5.  Value index= 8, #Derivatives=0
 7) Tensor_6, field, rectangular cartesian, #Components=1
   Tensor_6.  Value index= 9, #Derivatives=0
 8) Principal_1, field, rectangular cartesian, #Components=1
   Principal_1.  Value index= 10, #Derivatives=0
 9) Principal_2, field, rectangular cartesian, #Components=1
   Principal_2.  Value index= 11, #Derivatives=0
 10) Principal_3, field, rectangular cartesian, #Components=1
   Principal_3.  Value index= 12, #Derivatives=0
 11) VonMises, field, rectangular cartesian, #Components=1
   VonMises.  Value index= 13, #Derivatives=0
 12) Hydrostatic, field, rectangular cartesian, #Components=1
   VonMises.  Value index= 14, #Derivatives=0
 13) Octahedral, field, rectangular cartesian, #Components=1
   VonMises.  Value index= 15, #Derivatives=0
 14) PrincipalVector1, field, rectangular cartesian, #Components=3
   x.  Value index= 16, #Derivatives=0
   y.  Value index= 17, #Derivatives=0
   z.  Value index= 18, #Derivatives=0
 15) PrincipalVector2, field, rectangular cartesian, #Components=3
   x.  Value index= 19, #Derivatives=0
   y.  Value index= 20, #Derivatives=0
   z.  Value index= 21, #Derivatives=0
 16) PrincipalVector3, field, rectangular cartesian, #Components=3
   x.  Value index= 22, #Derivatives=0
   y.  Value index= 23, #Derivatives=0
   z.  Value index= 24, #Derivatives=0
 Node:          1
  0.1287E+03  0.1133E+03  0.4908E+03 -0.3797E-04
  -7.593E-5
  -1.439E-16
  -7.593E-5
  -4.798E-17
  -7.197E-17
  -7.593E-5
   -7.593E-5
   -7.593E-5
   -7.593E-5
   0.0
   -7.593E-5
   0.0
   0.966    -0.2571    -0.02713
   0.2489    0.9532    -0.1718
   0.07003    0.1592    0.9848
 Node:          2
  0.1292E+03  0.1137E+03  0.5052E+03 -0.3797E-04
  -7.593E-5
  -1.919E-16
  -7.593E-5
  -9.595E-17
   3.358E-16
  -7.593E-5
   -7.593E-5
   -7.593E-5
   -7.593E-5
   0.0
   -7.593E-5
   0.0
   0.895    -0.3984    -0.2008
   0.4461    0.7982    0.4048
   -9.561E-4    -0.4518    0.8921
 Node:          3
  0.1289E+03  0.1155E+03  0.5194E+03 -0.3797E-04
  -7.593E-5
   2.399E-16
  -7.593E-5
   1.919E-16
   9.595E-17
  -7.593E-5
   -7.593E-5
   -7.593E-5
   -7.593E-5
   0.0
   -7.593E-5
   0.0
   -0.4091    -0.8757    -0.2565
   0.496    -0.4494    0.743
   0.7659    -0.1767    -0.6182
 Node:          4
  0.1361E+03  0.1141E+03  0.4915E+03 -0.3797E-04
  -7.593E-5
  -4.798E-17
  -7.593E-5
  -4.798E-17
  -1.439E-16
  -7.593E-5
   -7.593E-5
   -7.593E-5
   -7.593E-5
   0.0
   -7.593E-5
   0.0
   -0.04307    -0.09429    0.9946
   -0.9939    0.1055    -0.03303
   -0.1018    -0.9899    -0.09826
 Node:          5
  0.1341E+03  0.1144E+03  0.5054E+03 -0.3797E-04
  -7.593E-5
   2.399E-16
  -7.593E-5
   9.595E-17
  -1.199E-16
  -7.593E-5
   -7.593E-5
   -7.593E-5
   -7.593E-5
   0.0
   -7.593E-5
   0.0
   0.09701    -0.1793    0.979
   0.7184    0.6934    0.05583
   -0.6888    0.6979    0.1961
 Node:          6
  0.1323E+03  0.1162E+03  0.5191E+03 -0.3797E-04
  -7.593E-5
   9.595E-17
  -7.593E-5
  -9.595E-17
  -4.798E-17
  -7.593E-5
   -7.593E-5
   -7.593E-5
   -7.593E-5
   0.0
   -7.593E-5
   0.0
   -0.715    -0.6928    0.09322
   0.693    -0.72    -0.0358
   0.09192    0.039    0.995
 Node:          7
  0.1408E+03  0.1171E+03  0.4920E+03 -0.3797E-04
  -7.593E-5
   3.838E-16
  -7.593E-5
  -1.439E-16
  -1.919E-16
  -7.593E-5
   -7.593E-5
   -7.593E-5
   -7.593E-5
   0.0
   -7.593E-5
   0.0
   0.8642    0.487    -0.1268
   -0.5005    0.8577    -0.1173
   0.05166    0.1648    0.985
 Node:          8
  0.1367E+03  0.1169E+03  0.5055E+03 -0.3797E-04
  -7.593E-5
   3.358E-16
  -7.593E-5
  -6.957E-16
  -4.078E-16
  -7.593E-5
   -7.593E-5
   -7.593E-5
   -7.593E-5
   0.0
   -7.593E-5
   0.0
   -0.7207    -0.6267    0.2964
   0.6357    -0.768    -0.07815
   0.2766    0.1321    0.9519
 Node:          9
  0.1339E+03  0.1180E+03  0.5191E+03 -0.3797E-04
  -7.593E-5
   2.879E-16
  -7.593E-5
  -6.837E-16
  -4.798E-16
  -7.593E-5
   -7.593E-5
   -7.593E-5
   -7.593E-5
   0.0
   -7.593E-5
   0.0
   0.3024    0.1643    -0.9389
   0.9345    0.1429    0.326
   -0.1877    0.976    0.1103
 Node:         10
  0.1294E+03  0.1212E+03  0.4911E+03 -0.3797E-04
  -7.593E-5
   4.798E-17
  -7.593E-5
  -2.399E-17
   2.159E-16
  -7.593E-5
   -7.593E-5
   -7.593E-5
   -7.593E-5
   0.0
   -7.593E-5
   0.0
   0.02408    0.709    0.7048
   0.1744    0.6913    -0.7013
   -0.9844    0.1398    -0.107
 Node:         11
  0.1295E+03  0.1214E+03  0.5055E+03 -0.3797E-04
  -7.593E-5
  -4.798E-17
  -7.593E-5
  -7.197E-17
   2.399E-17
  -7.593E-5
   -7.593E-5
   -7.593E-5
   -7.593E-5
   0.0
   -7.593E-5
   0.0
   -0.2763    0.1331    0.9518
   -0.5867    0.7611    -0.2768
   0.7612    0.6349    0.1322
 Node:         12
  0.1295E+03  0.1217E+03  0.5196E+03 -0.3797E-04
  -7.593E-5
  -6.434E-37
  -7.593E-5
   1.319E-16
   4.798E-17
  -7.593E-5
   -7.593E-5
   -7.593E-5
   -7.593E-5
   0.0
   -7.593E-5
   0.0
   -0.2404    -0.08741    -0.9667
   -0.3417    0.9398    7.862E-6
   0.9085    0.3304    -0.2558
 Node:         13
  0.1361E+03  0.1199E+03  0.4914E+03 -0.3797E-04
  -7.593E-5
  -2.399E-16
  -7.593E-5
  -1.679E-16
   4.798E-17
  -7.593E-5
   -7.593E-5
   -7.593E-5
   -7.593E-5
   0.0
   -7.593E-5
   0.0
   0.9203    -0.37    -0.1273
   0.3697    0.9288    -0.02721
   0.1283    -0.02202    0.9915
 Node:         14
  0.1342E+03  0.1198E+03  0.5054E+03 -0.3797E-04
  -7.593E-5
   4.798E-17
  -7.593E-5
   9.595E-17
  -1.559E-16
  -7.593E-5
   -7.593E-5
   -7.593E-5
   -7.593E-5
   0.0
   -7.593E-5
   0.0
   0.09996    -0.2649    0.9591
   -0.2953    -0.9284    -0.2256
   -0.9502    0.2607    0.171
 Node:         15
  0.1330E+03  0.1205E+03  0.5193E+03 -0.3797E-04
  -7.593E-5
  -1.439E-16
  -7.593E-5
   2.399E-17
   8.396E-17
  -7.593E-5
   -7.593E-5
   -7.593E-5
   -7.593E-5
   0.0
   -7.593E-5
   0.0
   0.9934    -0.1134    0.01425
   -0.01885    -0.2856    -0.9582
   0.1127    0.9516    -0.2858
 Node:         16
  0.1404E+03  0.1188E+03  0.4918E+03 -0.3797E-04
  -7.593E-5
   9.595E-17
  -7.593E-5
  -1.439E-16
  -2.519E-16
  -7.593E-5
   -7.593E-5
   -7.593E-5
   -7.593E-5
   0.0
   -7.593E-5
   0.0
   -0.1502    -0.2388    0.9594
   -0.7941    -0.5489    -0.2609
   0.589    -0.801    -0.1072
 Node:         17
  0.1365E+03  0.1184E+03  0.5055E+03 -0.3797E-04
  -7.593E-5
   4.798E-17
  -7.593E-5
   1.679E-16
   2.939E-16
  -7.593E-5
   -7.593E-5
   -7.593E-5
   -7.593E-5
   0.0
   -7.593E-5
   0.0
   0.2481    0.4018    0.8815
   0.9357    -0.3351    -0.1106
   -0.251    -0.8522    0.4591
 Node:         18
  0.1341E+03  0.1191E+03  0.5192E+03 -0.3797E-04
  -7.593E-5
  -8.555E-37
  -7.593E-5
   4.573E-17
   1.84E-16
  -7.593E-5
   -7.593E-5
   -7.593E-5
   -7.593E-5
   0.0
   -7.593E-5
   0.0
   0.02288    0.09203    0.9955
   0.9712    -0.2382    -3.027E-4
   -0.2371    -0.9669    0.09484
 Node:         19
  0.1301E+03  0.1291E+03  0.4914E+03  0.0000E+00
   4.934E-16
   0.0
   4.934E-16
   3.631E-19
   1.731E-17
  -9.869E-16
   4.936E-16
   4.934E-16
   -9.871E-16
   1.4806000101310279E-15
   -3.3333333333314155E-20
   6.979615382590138E-16
   -0.02097    -0.9997    -0.01169
   -0.9998    0.02097    -8.123E-17
   2.452E-4    0.01169    -0.9999
 Node:         20
  0.1299E+03  0.1291E+03  0.5058E+03  0.0000E+00
   9.869E-16
   0.0
   0.0
   1.799E-17
   3.326E-17
  -2.467E-16
   9.871E-16
   4.4E-18
   -2.514E-16
   1.1324785163525177E-15
   2.467E-16
   5.338554923072971E-16
   -0.9999    -4.917E-4    -0.01459
   0.002401    -0.9914    -0.1311
   -0.0144    -0.1312    0.9913
 Node:         21
  0.1301E+03  0.1280E+03  0.5197E+03  0.0000E+00
   4.934E-16
   0.0
   0.0
   7.196E-17
   2.549E-17
   4.934E-16
   5.66E-16
   4.222E-16
   -1.341E-18
   5.108528305500519E-16
   3.28953E-16
   2.408183337801893E-16
   -0.7039    -0.03195    -0.7096
   -0.7102    0.04241    0.7027
   -0.007642    -0.9986    0.05255
 Node:         22
  0.1360E+03  0.1256E+03  0.4913E+03  0.0000E+00
  -9.869E-16
   2.399E-17
  -4.934E-16
  -2.399E-17
   1.739E-16
   4.934E-16
   5.234E-16
   -5.215E-16
   -9.888E-16
   1.3410693755358072E-15
   -3.2896666666666662E-16
   6.321861663219854E-16
   -0.01298    0.1683    0.9857
   0.05935    0.9841    -0.1672
   -0.9982    0.05633    -0.02276
 Node:         23
  0.1343E+03  0.1253E+03  0.5054E+03  0.0000E+00
   0.0
   3.598E-17
  -1.974E-15
   0.0
   2.271E-16
  -7.401E-16
   6.796E-19
   -6.997E-16
   -2.015E-15
   1.7724996366646057E-15
   -9.046734666666666E-16
   8.355643418241562E-16
   0.9998    0.01889    0.00579
   -0.009011    0.1753    0.9845
   0.01758    -0.9843    0.1754
 Node:         24
  0.1336E+03  0.1248E+03  0.5194E+03  0.0000E+00
  -9.869E-16
   2.099E-17
   0.0
   2.399E-17
   1.499E-18
  -7.401E-16
   4.516E-19
   -7.379E-16
   -9.896E-16
   8.912682384908372E-16
   -5.756827999999999E-16
   4.2014787686204007E-16
   -0.02132    -0.9998    -0.002714
   0.09549    -0.004739    0.9954
   -0.9952    0.02096    0.09557
 Node:         25
  0.1400E+03  0.1206E+03  0.4917E+03  0.0000E+00
   0.0
   4.617E-16
  -4.934E-16
  -1.439E-16
  -2.249E-16
   9.869E-16
   1.067E-15
   2.05E-16
   -7.785E-16
   1.5994040296310373E-15
   1.6449999999999999E-16
   7.539662901394642E-16
   -0.2161    -0.2016    0.9553
   0.839    0.4621    0.2874
   -0.4994    0.8636    0.06929
 Node:         26
  0.1363E+03  0.1200E+03  0.5055E+03  0.0000E+00
   9.869E-16
   1.859E-16
  -2.714E-15
   4.797E-17
  -1.943E-15
  -2.467E-16
   1.006E-15
   8.09E-16
   -3.789E-15
   4.699597748744035E-15
   -6.579999999999999E-16
   2.215411624657293E-15
   0.968    0.1526    -0.1995
   0.2481    -0.4578    0.8538
   -0.03892    0.8759    0.4809
 Node:         27
  0.1343E+03  0.1203E+03  0.5192E+03  0.0000E+00
   9.869E-16
  -3.358E-16
   9.869E-16
  -1.799E-16
   2.27E-15
   0.0
   2.89E-15
   9.15E-16
   -1.831E-15
   4.1066398673367985E-15
   6.58E-16
   1.9358885987232494E-15
   -0.1931    0.7658    0.6135
   0.9808    0.1345    0.1409
   0.02534    0.6289    -0.7771
 Node:         28
  0.1155E+03  0.1124E+03  0.4931E+03 -0.2244E-03
  -4.487E-4
   6.6E-17
  -4.487E-4
  -9.6E-17
   9.6E-17
  -4.487E-4
   -4.487E-4
   -4.487E-4
   -4.487E-4
   0.0
   -4.487E-4
   0.0
   0.02397    0.9835    0.1795
   0.07204    0.1774    -0.9815
   -0.9971    0.03646    -0.06659
 Node:         29
  0.1119E+03  0.1139E+03  0.5068E+03 -0.2244E-03
  -4.487E-4
  -3.6E-17
  -4.487E-4
   9.6E-17
   1.2E-17
  -4.487E-4
   -4.487E-4
   -4.487E-4
   -4.487E-4
   0.0
   -4.487E-4
   0.0
   -0.03581    0.9993    0.005789
   -0.9821    -0.03411    -0.1855
   -0.1852    -0.01233    0.9826
 Node:         30
  0.1113E+03  0.1159E+03  0.5206E+03 -0.2244E-03
  -4.487E-4
   2.16E-16
  -4.487E-4
   6.222E-36
  -4.8E-17
  -4.487E-4
   -4.487E-4
   -4.487E-4
   -4.487E-4
   0.0
   -4.487E-4
   0.0
   0.7042    0.7084    -0.04776
   -0.7082    0.6959    -0.1189
   -0.05103    0.1176    0.9918
 Node:         31
  0.1203E+03  0.1126E+03  0.4920E+03 -0.2244E-03
  -4.487E-4
   1.68E-16
  -4.487E-4
   4.8E-17
   7.2E-17
  -4.487E-4
   -4.487E-4
   -4.487E-4
   -4.487E-4
   0.0
   -4.487E-4
   0.0
   -0.7437    -0.4293    -0.5125
   0.5144    0.1221    -0.8488
   0.4269    -0.8949    0.13
 Node:         32
  0.1188E+03  0.1134E+03  0.5062E+03 -0.2244E-03
  -4.487E-4
  -2.4E-17
  -4.487E-4
  -4.8E-17
   1.68E-16
  -4.487E-4
   -4.487E-4
   -4.487E-4
   -4.487E-4
   0.0
   -4.487E-4
   0.0
   0.9989    -0.02092    -0.04167
   0.04663    0.4512    0.8912
   1.564E-4    -0.8922    0.4517
 Node:         33
  0.1183E+03  0.1150E+03  0.5201E+03 -0.2244E-03
  -4.487E-4
   9.6E-17
  -4.487E-4
   1.44E-16
  -8.297E-36
  -4.487E-4
   -4.487E-4
   -4.487E-4
   -4.487E-4
   0.0
   -4.487E-4
   0.0
   0.9536    0.1669    0.2506
   0.001083    0.8304    -0.5571
   -0.3011    0.5315    0.7917
 Node:         34
  0.1255E+03  0.1129E+03  0.4909E+03 -0.2244E-03
  -4.487E-4
  -9.679E-36
  -4.487E-4
   9.6E-17
   1.68E-16
  -4.487E-4
   -4.487E-4
   -4.487E-4
   -4.487E-4
   0.0
   -4.487E-4
   0.0
   0.3511    0.6138    0.7071
   -0.868    0.4966    1.605E-5
   -0.3511    -0.6138    0.7071
 Node:         35
  0.1260E+03  0.1135E+03  0.5054E+03 -0.2244E-03
  -4.487E-4
   1.92E-16
  -4.487E-4
   1.92E-16
   4.32E-16
  -4.487E-4
   -4.487E-4
   -4.487E-4
   -4.487E-4
   0.0
   -4.487E-4
   0.0
   0.746    0.4709    0.471
   -0.666    0.5273    0.5276
   1.206E-4    -0.7073    0.707
 Node:         36
  0.1257E+03  0.1153E+03  0.5196E+03 -0.2244E-03
  -4.487E-4
  -9.6E-17
  -4.487E-4
  -9.6E-17
   1.44E-16
  -4.487E-4
   -4.487E-4
   -4.487E-4
   -4.487E-4
   0.0
   -4.487E-4
   0.0
   -0.5153    0.6063    0.6057
   -0.857    -0.3646    -0.3642
   0.0    -0.7068    0.7074
 Node:         37
  0.1132E+03  0.1210E+03  0.4959E+03 -0.2244E-03
  -4.487E-4
   2.4E-16
  -4.487E-4
  -1.44E-16
   3.12E-16
  -4.487E-4
   -4.487E-4
   -4.487E-4
   -4.487E-4
   0.0
   -4.487E-4
   0.0
   -0.5077    -0.7957    -0.3304
   0.7554    -0.2267    -0.6148
   0.4142    -0.5617    0.7162
 Node:         38
  0.1111E+03  0.1204E+03  0.5085E+03 -0.2244E-03
  -4.487E-4
   1.68E-16
  -4.487E-4
  -4.8E-17
  -1.44E-16
  -4.487E-4
   -4.487E-4
   -4.487E-4
   -4.487E-4
   0.0
   -4.487E-4
   0.0
   0.2119    0.9668    -0.1429
   0.9724    -0.2233    -0.06835
   0.09799    0.1245    0.9874
 Node:         39
  0.1119E+03  0.1201E+03  0.5207E+03 -0.2244E-03
  -4.487E-4
  -1.68E-16
  -4.487E-4
  -1.44E-16
  -1.32E-16
  -4.487E-4
   -4.487E-4
   -4.487E-4
   -4.487E-4
   0.0
   -4.487E-4
   0.0
   0.9214    -0.07988    -0.3804
   0.3607    -0.1892    0.9133
   -0.1449    -0.9787    -0.1455
 Node:         40
  0.1191E+03  0.1220E+03  0.4937E+03 -0.2244E-03
  -4.487E-4
   1.44E-16
  -4.487E-4
   1.44E-16
  -2.4E-17
  -4.487E-4
   -4.487E-4
   -4.487E-4
   -4.487E-4
   0.0
   -4.487E-4
   0.0
   -0.9817    -0.1345    -0.1345
   0.0    -0.7072    0.707
   0.1902    -0.6941    -0.6943
 Node:         41
  0.1182E+03  0.1217E+03  0.5073E+03 -0.2244E-03
  -4.487E-4
  -4.8E-17
  -4.487E-4
   9.6E-17
   1.68E-16
  -4.487E-4
   -4.487E-4
   -4.487E-4
   -4.487E-4
   0.0
   -4.487E-4
   0.0
   -0.1538    -0.1965    -0.9684
   -0.9621    0.2531    0.1014
   0.2252    0.9473    -0.228
 Node:         42
  0.1187E+03  0.1212E+03  0.5204E+03 -0.2244E-03
  -4.487E-4
  -9.6E-17
  -4.487E-4
   5.531E-36
   9.6E-17
  -4.487E-4
   -4.487E-4
   -4.487E-4
   -4.487E-4
   0.0
   -4.487E-4
   0.0
   -0.01858    0.09773    0.995
   -0.9834    0.1779    -0.03584
   -0.1806    -0.9792    0.0928
 Node:         43
  0.1258E+03  0.1217E+03  0.4915E+03 -0.2244E-03
  -4.487E-4
   1.92E-16
  -4.487E-4
  -2.4E-17
   2.766E-36
  -4.487E-4
   -4.487E-4
   -4.487E-4
   -4.487E-4
   0.0
   -4.487E-4
   0.0
   0.9458    0.3242    -0.01747
   -0.3241    0.946    0.01163
   0.02029    -0.005336    0.9998
 Node:         44
  0.1259E+03  0.1220E+03  0.5059E+03 -0.2244E-03
  -4.487E-4
   2.4E-16
  -4.487E-4
   1.68E-16
   1.92E-16
  -4.487E-4
   -4.487E-4
   -4.487E-4
   -4.487E-4
   0.0
   -4.487E-4
   0.0
   -0.3604    -0.3834    -0.8504
   -0.6211    -0.5816    0.5254
   0.696    -0.7175    0.02852
 Node:         45
  0.1261E+03  0.1221E+03  0.5198E+03 -0.2244E-03
  -4.487E-4
  -1.44E-16
  -4.487E-4
   4.8E-17
  -1.2E-17
  -4.487E-4
   -4.487E-4
   -4.487E-4
   -4.487E-4
   0.0
   -4.487E-4
   0.0
   0.06682    -0.01253    0.9977
   -0.9877    0.1408    0.06792
   -0.1413    -0.99    -0.002966
 Node:         46
  0.1117E+03  0.1296E+03  0.4959E+03  0.0000E+00
  -2.467E-16
   4.797E-17
  -7.401E-16
   1.199E-17
  -4.497E-17
   0.0
   3.057E-18
   -2.423E-16
   -7.476E-16
   6.629532710146319E-16
   -3.2894766666666664E-16
   3.125191690294995E-16
   0.03676    -0.058    0.9976
   0.9946    0.09864    -0.03092
   -0.09662    0.9934    0.06131
 Node:         47
  0.1107E+03  0.1269E+03  0.5087E+03  0.0000E+00
  -7.401E-16
  -5.397E-17
   4.934E-16
  -4.797E-17
   6.896E-17
   0.0
   5.058E-16
   -7.273E-18
   -7.452E-16
   1.0892155802819752E-15
   -8.222433333333333E-17
   5.1346114866095E-16
   -0.04821    0.9891    0.1394
   -0.05424    -0.142    0.9884
   -0.9974    -0.04009    -0.06049
 Node:         48
  0.1125E+03  0.1242E+03  0.5208E+03  0.0000E+00
   4.934E-16
   5.997E-18
   4.934E-16
   0.0
  -2.998E-18
   4.934E-16
   5.001E-16
   4.934E-16
   4.867E-16
   1.1604740410711462E-17
   4.934E-16
   5.470527092215756E-18
   -0.6325    -0.7071    0.3162
   0.4472    -2.276E-15    0.8944
   0.6325    -0.7071    -0.3162
 Node:         49
  0.1186E+03  0.1311E+03  0.4938E+03  0.0000E+00
  -7.401E-16
  -3.598E-17
   0.0
  -7.196E-17
  -1.049E-17
  -2.467E-16
   1.947E-18
   -2.366E-16
   -7.523E-16
   6.677348643803167E-16
   -3.2898433333333336E-16
   3.1477323375866775E-16
   0.04561    -0.9985    0.02894
   -0.143    0.02215    0.9895
   -0.9887    -0.04926    -0.1418
 Node:         50
  0.1180E+03  0.1298E+03  0.5075E+03  0.0000E+00
   0.0
  -2.249E-17
   1.48E-15
  -7.196E-17
   2.155E-17
   9.869E-16
   1.482E-15
   9.91E-16
   -5.513E-18
   1.3127859849072886E-15
   8.224956666666666E-16
   6.188532481164029E-16
   0.01739    -0.9988    -0.04603
   -0.07128    -0.04716    0.9963
   0.9973    0.01405    0.07201
 Node:         51
  0.1192E+03  0.1275E+03  0.5206E+03  0.0000E+00
   0.0
  -5.997E-18
  -2.467E-16
   0.0
   2.549E-17
   4.934E-16
   4.943E-16
   1.449E-19
   -2.477E-16
   6.54286006770747E-16
   8.22483E-17
   3.0843338148204166E-16
   -4.17E-4    0.03438    0.9994
   0.9997    -0.02416    0.001248
   0.02418    0.9991    -0.03436
 Node:         52
  0.1262E+03  0.1305E+03  0.4920E+03  0.0000E+00
   4.934E-16
  -2.399E-17
   4.934E-16
   2.249E-18
   8.48E-18
   0.0
   5.175E-16
   4.696E-16
   -1.6E-19
   4.95449666061044E-16
   3.2898E-16
   2.335572124055831E-16
   -0.7061    0.708    0.008534
   0.7081    0.706    0.01614
   -0.005403    -0.01744    0.9998
 Node:         53
  0.1258E+03  0.1304E+03  0.5063E+03  0.0000E+00
  -7.401E-16
  -2.998E-18
  -4.934E-16
   4.797E-17
   5.847E-17
  -9.869E-16
   -4.866E-16
   -7.314E-16
   -1.002E-15
   4.465358664206045E-16
   -7.399999999999999E-16
   2.104990261260132E-16
   0.0104    0.9931    0.1171
   -0.9836    0.03123    -0.1776
   -0.18    -0.1133    0.9771
 Node:         54
  0.1265E+03  0.1288E+03  0.5200E+03  0.0000E+00
  -9.869E-16
   3.598E-17
   4.934E-16
   0.0
  -7.496E-18
   4.934E-16
   5.014E-16
   4.864E-16
   -9.877E-16
   1.4816569474746847E-15
   3.3333333333314155E-20
   6.984597833010066E-16
   0.01758    0.7272    -0.6862
   0.01675    0.686    0.7274
   -0.9997    0.02428    1.229E-4
 Node:         55
  0.1382E+03  0.1168E+03  0.4529E+03  0.7131E-02
   0.03327
  -0.01862
   0.01857
  -0.002668
   0.02825
   0.01215
   0.05818
   0.02348
   -0.01513
   0.06351841543993364
   0.022176666666666667
   0.029942868191867585
   -0.5844    0.6685    0.46
   0.7797    0.3056    0.5465
   -0.2248    -0.678    0.6998
 Node:         56
  0.1314E+03  0.1156E+03  0.4685E+03  0.7131E-02
   0.03415
  -0.01252
   0.01682
  -0.001108
   0.009728
   0.01235
   0.04244
   0.0187
   0.002757
   0.034586900251395755
   0.021299
   0.01630442113865643
   -0.833    0.5145    0.2035
   0.4919    0.5203    0.6981
   -0.2533    -0.6816    0.6865
 Node:         57
  0.1285E+03  0.1140E+03  0.4823E+03  0.7131E-02
   0.0357
  -0.00114
   0.01458
   1.449E-5
   9.914E-5
   0.0141
   0.03571
   0.01458
   0.01405
   0.02139992289705736
   0.02144666666666667
   0.010088020398252353
   -0.9985    0.05495    -4.164E-4
   0.05381    0.9793    0.1951
   -0.01113    -0.1948    0.9808
 Node:         58
  0.1480E+03  0.1177E+03  0.4531E+03  0.7131E-02
   0.033
  -0.02999
   0.02255
  -0.005105
   0.01996
   0.00677
   0.06807
   0.01079
   -0.01203
   0.07147643247952433
   0.022276666666666667
   0.0336943134008627
   -0.6927    0.6636    0.2824
   0.6072    0.3252    0.725
   -0.3893    -0.6737    0.6282
 Node:         59
  0.1416E+03  0.1166E+03  0.4692E+03  0.7131E-02
   0.03597
  -0.03547
   0.0205
  -0.01841
   0.02234
   0.01136
   0.08145
   0.001838
   -0.01079
   0.08661915067697211
   0.024166000000000003
   0.04083265921620421
   -0.705    0.5981    0.381
   0.5676    0.1539    0.8088
   -0.4251    -0.7865    0.448
 Node:         60
  0.1375E+03  0.1150E+03  0.4832E+03  0.7131E-02
   0.03679
  -0.01203
   0.01573
  -0.007682
   0.006333
   0.01447
   0.04584
   0.01322
   0.008219
   0.035386537284679324
   0.022426333333333336
   0.016681373651138233
   -0.8585    0.4172    0.2982
   0.4838    0.4661    0.7407
   -0.17    -0.7802    0.602
 Node:         61
  0.1550E+03  0.1220E+03  0.4533E+03  0.7131E-02
   0.03767
  -0.02541
   0.01665
  -0.006317
   0.003885
   0.006094
   0.05976
   0.004692
   -3.639E-4
   0.05776214201369267
   0.0213627
   0.02722933487582831
   -0.8279    0.5439    0.137
   0.08449    -0.1205    0.9891
   0.5545    0.8304    0.05383
 Node:         62
  0.1490E+03  0.1202E+03  0.4697E+03  0.7131E-02
   0.04185
  -0.06166
   0.0195
  -0.02655
   0.02019
   0.01221
   0.1141
   3.191E-4
   -0.03047
   0.1318987239961403
   0.027983033333333334
   0.06217765477834907
   -0.7484    0.5842    0.314
   0.2208    -0.2269    0.9486
   0.6254    0.7792    0.04086
 Node:         63
  0.1436E+03  0.1181E+03  0.4838E+03  0.7131E-02
   0.03781
  -0.02433
   0.01729
  -0.007624
   0.0114
   0.01449
   0.05926
   0.01262
   -0.001043
   0.05476503892995969
   0.023612333333333332
   0.025816486932879842
   -0.7877    0.5495    0.2785
   0.441    0.1873    0.8778
   -0.4302    -0.8142    0.3898
 Node:         64
  0.1412E+03  0.1253E+03  0.4524E+03  0.7131E-02
   0.03005
  -0.008394
   0.02176
  -0.008116
   0.0067
   0.01081
   0.03955
   0.01714
   0.006631
   0.029123081413202145
   0.021107
   0.013728752237548757
   -0.7453    0.5714    0.3436
   0.6255    0.7777    0.06348
   0.2309    -0.2622    0.937
 Node:         65
  0.1340E+03  0.1229E+03  0.4683E+03  0.7131E-02
   0.03431
  -0.023
   0.01986
  -0.009231
   0.004883
   0.01205
   0.0553
   0.009562
   0.002631
   0.04956827093010205
   0.022497666666666666
   0.023366707004244782
   -0.7832    0.5768    0.232
   0.04942    -0.3142    0.9481
   0.6197    0.754    0.2176
 Node:         66
  0.1299E+03  0.1214E+03  0.4825E+03  0.7131E-02
   0.03654
  -0.007749
   0.01548
  -0.00181
   0.001486
   0.0141
   0.03944
   0.01428
   0.01239
   0.02615626311230257
   0.022036666666666666
   0.012330180678139131
   -0.9442    0.3177    0.08699
   0.2372    0.4726    0.8487
   -0.2285    -0.822    0.5216
 Node:         67
  0.1497E+03  0.1243E+03  0.4527E+03  0.7131E-02
   0.03138
  -0.02189
   0.02104
  -0.00716
   0.006498
   0.007379
   0.05353
   0.005227
   0.003564
   0.04915560260031404
   0.020773666666666666
   0.023172173287995427
   -0.7527    0.6252    0.2062
   -0.3905    -0.172    -0.9044
   -0.53    -0.7613    0.3736
 Node:         68
  0.1431E+03  0.1224E+03  0.4689E+03  0.7131E-02
   0.03756
  -0.0454
   0.02074
  -0.02303
   0.0128
   0.01045
   0.09033
   0.002341
   -0.01758
   0.09945722312129975
   0.02503033333333333
   0.046884584604703024
   -0.7497    0.5848    0.3097
   0.0988    -0.3639    0.9262
   0.6544    0.7249    0.215
 Node:         69
  0.1379E+03  0.1205E+03  0.4831E+03  0.7131E-02
   0.03771
  -0.01612
   0.01606
  -0.008565
   0.00617
   0.01422
   0.05038
   0.01131
   0.006911
   0.04144496387982501
   0.022867
   0.019537343336970527
   -0.8433    0.4584    0.2806
   0.3868    0.1551    0.909
   -0.3732    -0.8751    0.3082
 Node:         70
  0.1553E+03  0.1240E+03  0.4532E+03  0.7131E-02
   0.03342
  -0.02763
   0.01655
  -0.02331
   0.01727
   0.007925
   0.07261
   -0.003941
   -0.005855
   0.07752572225397193
   0.020938
   0.03654597594811226
   -0.7324    0.5398    0.415
   0.6045    0.796    0.0313
   0.3135    -0.2738    0.9093
 Node:         71
  0.1492E+03  0.1221E+03  0.4697E+03  0.7131E-02
   0.0415
  -0.04958
   0.01877
  -0.05242
   0.02783
   0.01204
   0.1248
   -0.01114
   -0.02839
   0.14533482411314916
   0.02842333333333333
   0.06851149311530795
   -0.7296    0.5017    0.4647
   -0.1359    -0.7723    0.6205
   0.6703    0.3896    0.6317
 Node:         72
  0.1435E+03  0.1199E+03  0.4837E+03  0.7131E-02
   0.03921
  -0.02024
   0.0158
  -0.01759
   0.00945
   0.01466
   0.0616
   0.005809
   0.003852
   0.056794793044785366
   0.023753666666666663
   0.026773322198702865
   -0.8022    0.4482    0.3944
   0.1858    -0.4404    0.8784
   0.5674    0.7779    0.2701
 Node:         73
  0.1442E+03  0.1339E+03  0.4519E+03  0.0000E+00
   0.02699
  -0.004891
  -0.005865
  -0.002978
   0.001923
   0.003144
   0.02913
   0.003003
   -0.006399
   0.031885165626039956
   0.008578
   0.015030811222286042
   -0.9815    0.1432    0.1271
   0.1465    0.1348    0.98
   0.1232    0.9805    -0.1533
 Node:         74
  0.1365E+03  0.1304E+03  0.4681E+03  0.0000E+00
   0.03219
   0.01227
  -0.001935
   0.00499
   0.002505
   0.003493
   0.03833
   0.002623
   -0.005604
   0.04045287217244284
   0.011783000000000002
   0.019069666821071276
   -0.9428    -0.2936    -0.1577
   -0.179    0.04704    0.9827
   -0.2811    0.9548    -0.09691
 Node:         75
  0.1313E+03  0.1288E+03  0.4826E+03  0.0000E+00
   0.02581
   0.004919
  -4.033E-5
   2.219E-4
   7.43E-5
   3.375E-4
   0.02717
   3.31E-4
   -9.27E-4
   0.027489597068709463
   0.008858
   0.012958720332913535
   -0.9841    -0.1777    -0.008638
   -0.01307    0.0238    0.9996
   -0.1774    0.9838    -0.02575
 Node:         76
  0.1514E+03  0.1310E+03  0.4524E+03  0.0000E+00
   0.02619
  -0.009789
  -0.007018
  -0.007033
   0.008757
   0.003828
   0.03315
   0.003837
   -0.01197
   0.03965430378912231
   0.008339
   0.018693218075013195
   -0.9037    0.2904    0.3146
   0.4041    0.3354    0.851
   -0.1416    -0.8962    0.4205
 Node:         77
  0.1445E+03  0.1281E+03  0.4688E+03  0.0000E+00
   0.03542
   0.01563
  -0.002585
   0.003001
   0.008963
   0.002691
   0.04395
   0.005541
   -0.01125
   0.049011370935732865
   0.012747
   0.02310418182927065
   -0.9305    -0.3379    -0.1416
   0.2789    -0.4029    -0.8717
   -0.2375    0.8506    -0.4691
 Node:         78
  0.1384E+03  0.1261E+03  0.4829E+03  0.0000E+00
   0.02718
   0.00976
   3.687E-5
   0.001205
   0.001079
   2.277E-4
   0.03113
   2.763E-4
   -0.003153
   0.032703478340843195
   0.009417766666666666
   0.015416567535465072
   -0.9526    -0.3005    -0.04776
   -0.102    0.1674    0.9806
   -0.2867    0.939    -0.1901
 Node:         79
  0.1555E+03  0.1261E+03  0.4531E+03  0.0000E+00
   0.0248
   0.01008
  -0.007182
  -0.01171
   0.002292
  -0.01084
   0.03356
   -0.006278
   -0.01705
   0.04617615362933557
   0.0034106666666666673
   0.02176764757360999
   -0.9425    -0.2285    0.2438
   -0.05004    0.8179    0.5731
   -0.3304    0.528    -0.7823
 Node:         80
  0.1494E+03  0.1240E+03  0.4696E+03  0.0000E+00
   0.03783
   0.01881
  -0.004703
   0.01132
   0.003345
  -0.007778
   0.05291
   -0.009218
   -0.01175
   0.06343191234701978
   0.010647333333333333
   0.029902090242805584
   -0.9255    -0.325    -0.1945
   -0.04313    -0.4197    0.9066
   -0.3763    0.8475    0.3744
 Node:         81
  0.1433E+03  0.1217E+03  0.4837E+03  0.0000E+00
   0.0281
   0.01006
  -4.134E-4
   0.009812
   0.002726
  -5.515E-4
   0.03543
   -0.003117
   -0.003821
   0.03890377761863236
   0.009497333333333333
   0.018339416645272253
   -0.9202    -0.2807    -0.2729
   9.832E-5    -0.6972    0.7168
   -0.3914    0.6596    0.6416
 Node:         82
  0.1267E+03  0.1148E+03  0.4561E+03  0.4574E-02
   0.03171
  -0.01586
   0.009645
  -0.002448
   0.007004
   0.008443
   0.04179
   0.01024
   -0.001425
   0.03872344864549128
   0.016868333333333332
   0.01825440875210394
   -0.8654    0.4726    0.1666
   0.3637    0.3635    0.8577
   -0.3448    -0.8028    0.4864
 Node:         83
  0.1234E+03  0.1129E+03  0.4719E+03  0.4574E-02
   0.02968
  -0.008745
   0.009108
   0.004805
   0.004288
   0.008202
   0.03354
   0.01269
   0.001123
   0.028455051203608826
   0.015784333333333334
   0.013413839776721488
   -0.9396    0.3193    -0.1235
   0.1199    0.6449    0.7548
   0.3207    0.6944    -0.6442
 Node:         84
  0.1187E+03  0.1123E+03  0.4849E+03  0.4574E-02
   0.03056
  -4.579E-4
   0.009127
   0.002718
  -1.131E-4
   0.008461
   0.031
   0.009158
   0.008103
   0.022388150861560676
   0.016087
   0.010553875528291333
   -0.9924    0.02177    -0.1209
   0.02816    0.9983    -0.05139
   0.1195    -0.05441    -0.9913
 Node:         85
  0.1302E+03  0.1161E+03  0.4548E+03  0.4574E-02
   0.0315
  -0.01715
   0.009998
  -0.00161
   0.01028
   0.008312
   0.04323
   0.01242
   -0.004851
   0.042186052801844356
   0.016933
   0.0198866960051186
   -0.8406    0.5061    0.193
   0.4289    0.4041    0.8079
   -0.3309    -0.7619    0.5568
 Node:         86
  0.1252E+03  0.1138E+03  0.4702E+03  0.4574E-02
   0.02793
  -0.002441
   0.01462
   0.005803
   0.01643
   0.008357
   0.03052
   0.02687
   -0.006211
   0.03504883323307639
   0.017059666666666664
   0.016522178434523162
   0.5765    0.5754    0.5802
   -0.7985    0.5475    0.2504
   0.1735    0.6076    -0.775
 Node:         87
  0.1217E+03  0.1126E+03  0.4833E+03  0.4574E-02
   0.03051
  -4.975E-4
   0.009212
   0.002566
  -5.431E-4
   0.008656
   0.03087
   0.009447
   0.008126
   0.022113112693603314
   0.016147666666666668
   0.010424221292526152
   -0.9929    0.02625    -0.1164
   0.0707    0.9152    -0.3967
   0.09609    -0.4021    -0.9105
 Node:         88
  0.1338E+03  0.1169E+03  0.4531E+03  0.4574E-02
   0.02878
  -0.02082
   0.01049
  -0.001649
   0.02067
   0.01041
   0.04869
   0.01718
   -0.01464
   0.05484560784602537
   0.017076666666666667
   0.025854467484148436
   -0.698    0.6093    0.3761
   0.6379    0.2905    0.7132
   -0.3253    -0.7378    0.5915
 Node:         89
  0.1270E+03  0.1150E+03  0.4685E+03  0.4574E-02
   0.02925
  -0.009135
   0.009844
   9.599E-4
   0.005798
   0.00889
   0.03299
   0.0135
   0.001632
   0.027422925518624013
   0.016040666666666665
   0.012927291062795105
   -0.9206    0.3859    0.05994
   0.2857    0.5609    0.777
   0.2662    0.7324    -0.6266
 Node:         90
  0.1248E+03  0.1132E+03  0.4822E+03  0.4574E-02
   0.03046
   4.177E-4
   0.009145
   8.953E-4
  -5.438E-4
   0.009044
   0.03049
   0.009656
   0.008512
   0.021428914764868516
   0.016219333333333332
   0.010101687295804707
   -0.999    -0.01866    -0.04168
   -0.01362    -0.7494    0.662
   -0.04358    0.6619    0.7484
 Node:         91
  0.1259E+03  0.1261E+03  0.4546E+03  0.4574E-02
   0.02518
  -0.01237
   0.01533
  -0.01085
   0.01429
   0.008004
   0.04324
   0.009222
   -0.003137
   0.041598048836453856
   0.016441666666666667
   0.019609508277590462
   -0.6735    0.5845    0.4526
   0.7375    0.5722    0.3586
   0.04935    -0.5753    0.8164
 Node:         92
  0.1209E+03  0.1232E+03  0.4725E+03  0.4574E-02
   0.02926
  -0.01414
   0.0108
  -0.01032
   0.009575
   0.009761
   0.04328
   0.006774
   3.194E-4
   0.04012457507264096
   0.016791133333333333
   0.018914906084062086
   -0.7912    0.4742    0.3862
   0.5895    0.4234    0.6879
   -0.1626    -0.772    0.6145
 Node:         93
  0.1159E+03  0.1217E+03  0.4877E+03  0.4574E-02
   0.03101
  -7.734E-4
   0.009153
  -0.003789
  -7.948E-5
   0.009479
   0.03172
   0.009216
   0.008708
   0.02276225190968591
   0.016548
   0.010730228453610234
   -0.985    0.03339    0.1695
   0.05126    -0.8805    0.4712
   0.165    0.4728    0.8656
 Node:         94
  0.1313E+03  0.1263E+03  0.4537E+03  0.4574E-02
   0.02387
  -0.01257
   0.01627
  -0.01336
   0.01078
   0.008331
   0.04273
   0.006998
   -4.628E-4
   0.039987856484687945
   0.01642173333333333
   0.01885045632362487
   -0.6901    0.5664    0.4504
   0.6492    0.7596    0.03942
   0.3198    -0.3196    0.8919
 Node:         95
  0.1249E+03  0.1234E+03  0.4705E+03  0.4574E-02
   0.02942
  -0.01397
   0.01223
  -0.01374
   0.007439
   0.00897
   0.04483
   0.004441
   0.001971
   0.041678928141208244
   0.017080666666666668
   0.019647635147490117
   -0.7973    0.451    0.4012
   0.4561    0.8855    -0.08886
   0.3953    -0.1122    0.9117
 Node:         96
  0.1205E+03  0.1222E+03  0.4852E+03  0.4574E-02
   0.03134
  -0.001682
   0.009328
  -0.004476
   0.001376
   0.009164
   0.03249
   0.009824
   0.007576
   0.02386952508953624
   0.01663
   0.011252202036342336
   -0.9774    0.08391    0.1942
   0.1755    0.8339    0.5233
   0.118    -0.5455    0.8297
 Node:         97
  0.1367E+03  0.1260E+03  0.4525E+03  0.4574E-02
   0.02376
  -0.01112
   0.01652
  -0.01343
   0.01167
   0.007685
   0.04206
   0.008639
   -0.00184
   0.039711350279233774
   0.016286333333333333
   0.018720110048346998
   -0.679    0.5696    0.4632
   0.6707    0.7379    0.0758
   0.2986    -0.3621    0.883
 Node:         98
  0.1296E+03  0.1232E+03  0.4684E+03  0.4574E-02
   0.02897
  -0.01967
   0.0137
  -0.01044
   0.006913
   0.008219
   0.04748
   0.004051
   2.226E-4
   0.045464252673501626
   0.0172512
   0.021432054244674415
   -0.7832    0.5419    0.305
   0.2229    -0.2132    0.9512
   0.5805    0.8129    0.04622
 Node:         99
  0.1260E+03  0.1218E+03  0.4827E+03  0.4574E-02
   0.03129
  -0.005451
   0.009941
  -0.002169
   0.00165
   0.009049
   0.03295
   0.009764
   0.007579
   0.024352129906847982
   0.016764333333333336
   0.011479704128978625
   -0.9652    0.2395    0.105
   0.2401    0.6525    0.7187
   -0.1036    -0.7189    0.6873
 Node:        100
  0.1251E+03  0.1374E+03  0.4531E+03  0.0000E+00
   0.02727
   0.004413
  -3.191E-4
  -0.006203
  -0.002523
   0.001252
   0.03008
   8.925E-4
   -0.002117
   0.030802711370105065
   0.0096185
   0.01452053739248884
   -0.9623    -0.1581    0.2214
   -0.272    0.5812    -0.7669
   0.007459    0.7982    0.6023
 Node:        101
  0.1187E+03  0.1336E+03  0.4716E+03  0.0000E+00
   0.02753
   0.009627
   0.001331
   0.00317
   0.002318
   0.0020
   0.03156
   0.001869
   -0.00215
   0.03189100141105638
   0.010426333333333334
   0.015033562237725147
   -0.9432    -0.3079    -0.125
   0.2086    -0.2559    -0.9439
   -0.2586    0.9164    -0.3056
 Node:        102
  0.1139E+03  0.1312E+03  0.4875E+03  0.0000E+00
   0.02358
   0.006116
   3.707E-4
   0.004566
   0.002208
   3.859E-4
   0.0263
   2.064E-4
   -0.001904
   0.027210249586506922
   0.0082008
   0.012827034666931664
   -0.952    -0.2411    -0.1885
   -0.2943    0.5519    0.7803
   0.08411    -0.7983    0.5964
 Node:        103
  0.1324E+03  0.1364E+03  0.4525E+03  0.0000E+00
   0.0275
   8.582E-4
  -0.001749
  -0.007259
  -0.003248
   8.34E-4
   0.03032
   0.001506
   -0.004256
   0.032085409581303466
   0.00919
   0.015125207128058336
   -0.9679    -0.05184    0.246
   -0.2183    0.6586    -0.7201
   0.1247    0.7507    0.6488
 Node:        104
  0.1250E+03  0.1330E+03  0.4700E+03  0.0000E+00
   0.02882
   0.01066
  -5.413E-4
   0.00295
   0.002594
   0.002343
   0.03345
   0.002256
   -0.004201
   0.034873745755223944
   0.010501666666666668
   0.016439641405929618
   -0.946    -0.3028    -0.1156
   0.18    -0.1943    -0.9643
   -0.2696    0.933    -0.2383
 Node:        105
  0.1200E+03  0.1317E+03  0.4853E+03  0.0000E+00
   0.02421
   0.005791
   9.814E-6
   0.004387
   0.001919
   3.723E-4
   0.0267
   8.482E-5
   -0.001844
   0.027630129288738408
   0.008313606666666667
   0.013024967856751979
   -0.9592    -0.2211    -0.1763
   -0.2657    0.4919    0.8291
   0.0966    -0.8421    0.5306
 Node:        106
  0.1397E+03  0.1351E+03  0.4519E+03  0.0000E+00
   0.02729
  -6.584E-4
  -0.004632
  -0.004807
  -0.004748
   0.001514
   0.02927
   0.003456
   -0.007158
   0.032450106132337994
   0.008522666666666666
   0.01529712673093291
   -0.9844    -0.006739    0.1755
   0.154    -0.5142    0.8438
   -0.08457    -0.8577    -0.5072
 Node:        107
  0.1321E+03  0.1315E+03  0.4683E+03  0.0000E+00
   0.03098
   0.01245
  -0.001626
   0.004132
  -9.516E-4
   0.002652
   0.03676
   0.002766
   -0.006071
   0.03916745566155657
   0.011151666666666666
   0.018463715666740058
   -0.9475    -0.3012    -0.1074
   -0.02286    -0.2711    0.9623
   -0.3189    0.9142    0.25
 Node:        108
  0.1273E+03  0.1303E+03  0.4831E+03  0.0000E+00
   0.02514
   0.005124
  -4.4E-5
   0.001456
   3.118E-4
   2.85E-4
   0.02662
   1.975E-4
   -0.001029
   0.02705660741390169
   0.008596166666666667
   0.012754607052181401
   -0.9804    -0.1888    -0.05649
   -0.05947    0.01013    0.9982
   -0.1879    0.982    -0.02116
 Node:        109
  0.1018E+03  0.1092E+03  0.4946E+03 -0.4973E-04
  -9.946E-5
   2.399E-16
  -9.946E-5
   9.596E-17
  -2.399E-17
  -9.946E-5
   -9.946E-5
   -9.946E-5
   -9.946E-5
   0.0
   -9.946E-5
   0.0
   -0.3792    -0.925    -0.02397
   0.48    -0.2188    0.8495
   0.7911    -0.3106    -0.527
 Node:        110
  0.1058E+03  0.1118E+03  0.5081E+03 -0.4973E-04
  -9.946E-5
   4.798E-17
  -9.946E-5
  -2.399E-17
  -8.996E-17
  -9.946E-5
   -9.946E-5
   -9.946E-5
   -9.946E-5
   0.0
   -9.946E-5
   0.0
   -0.02839    -0.09123    0.9954
   0.7347    0.6734    0.08267
   -0.6778    0.7337    0.04791
 Node:        111
  0.1108E+03  0.1137E+03  0.5210E+03 -0.4973E-04
  -9.946E-5
   9.596E-17
  -9.946E-5
  -4.798E-17
   5.637E-16
  -9.946E-5
   -9.946E-5
   -9.946E-5
   -9.946E-5
   0.0
   -9.946E-5
   0.0
   0.9393    0.3169    0.1318
   0.3364    -0.7738    -0.5367
   -0.06809    0.5484    -0.8334
 Node:        112
  0.1072E+03  0.1111E+03  0.4942E+03 -0.4973E-04
  -9.946E-5
   2.399E-16
  -9.946E-5
  -7.662E-37
   2.399E-17
  -9.946E-5
   -9.946E-5
   -9.946E-5
   -9.946E-5
   0.0
   -9.946E-5
   0.0
   0.3759    0.9265    0.01672
   0.9266    -0.3757    -0.01402
   0.006711    -0.02077    0.9998
 Node:        113
  0.1071E+03  0.1139E+03  0.5077E+03 -0.4973E-04
  -9.946E-5
   1.011E-35
  -9.946E-5
   2.879E-16
  -2.639E-16
  -9.946E-5
   -9.946E-5
   -9.946E-5
   -9.946E-5
   0.0
   -9.946E-5
   0.0
   -0.1653    0.6537    -0.7384
   -0.2298    -0.7537    -0.6158
   -0.9591    0.06787    0.2748
 Node:        114
  0.1093E+03  0.1164E+03  0.5209E+03 -0.4973E-04
  -9.946E-5
   1.919E-16
  -9.946E-5
  -4.798E-17
   9.596E-17
  -9.946E-5
   -9.946E-5
   -9.946E-5
   -9.946E-5
   0.0
   -9.946E-5
   0.0
   -0.6573    -0.7285    -0.1931
   -0.4203    0.1416    0.8963
   0.6256    -0.6702    0.3993
 Node:        115
  0.1129E+03  0.1120E+03  0.4932E+03 -0.4973E-04
  -9.946E-5
  -9.195E-37
  -9.946E-5
  -1.439E-16
  -4.798E-17
  -9.946E-5
   -9.946E-5
   -9.946E-5
   -9.946E-5
   0.0
   -9.946E-5
   0.0
   0.6708    0.2235    -0.7072
   0.3161    -0.9487    4.198E-6
   -0.6709    -0.2236    -0.707
 Node:        116
  0.1092E+03  0.1143E+03  0.5068E+03 -0.4973E-04
  -9.946E-5
   8.996E-17
  -9.946E-5
   2.879E-16
   3.598E-17
  -9.946E-5
   -9.946E-5
   -9.946E-5
   -9.946E-5
   0.0
   -9.946E-5
   0.0
   -0.223    -0.9699    -0.09798
   0.8805    -0.2435    0.4067
   -0.4183    0.004395    0.9083
 Node:        117
  0.1089E+03  0.1172E+03  0.5207E+03 -0.4973E-04
  -9.946E-5
  -1.199E-16
  -9.946E-5
  -2.399E-16
  -2.879E-16
  -9.946E-5
   -9.946E-5
   -9.946E-5
   -9.946E-5
   0.0
   -9.946E-5
   0.0
   -0.232    -0.2201    0.9475
   -0.8739    0.4749    -0.1036
   -0.4272    -0.852    -0.3026
 Node:        118
  0.1017E+03  0.1094E+03  0.4948E+03 -0.4973E-04
  -9.946E-5
   1.439E-16
  -9.946E-5
  -2.399E-16
  -3.119E-16
  -9.946E-5
   -9.946E-5
   -9.946E-5
   -9.946E-5
   0.0
   -9.946E-5
   0.0
