 Group name: gastroc_Strain
 #Fields=  16
 1) coordinates, coordinate, rectangular cartesian, #Components=3
   x.  Value index= 1, #Derivatives=0
   y.  Value index= 2, #Derivatives=0
   z.  Value index= 3, #Derivatives=0
 2) Tensor_1, field, rectangular cartesian, #Components=1
   Tensor_1.  Value index= 4, #Derivatives=0
 3) Tensor_2, field, rectangular cartesian, #Components=1
   Tensor_2.  Value index= 5, #Derivatives=0
 4) Tensor_3, field, rectangular cartesian, #Components=1
   Tensor_3.  Value index= 6, #Derivatives=0
 5) Tensor_4, field, rectangular cartesian, #Components=1
   Tensor_4.  Value index= 7, #Derivatives=0
 6) Tensor_5, field, rectangular cartesian, #Components=1
   Tensor_5.  Value index= 8, #Derivatives=0
 7) Tensor_6, field, rectangular cartesian, #Components=1
   Tensor_6.  Value index= 9, #Derivatives=0
 8) Principal_1, field, rectangular cartesian, #Components=1
   Principal_1.  Value index= 10, #Derivatives=0
 9) Principal_2, field, rectangular cartesian, #Components=1
   Principal_2.  Value index= 11, #Derivatives=0
 10) Principal_3, field, rectangular cartesian, #Components=1
   Principal_3.  Value index= 12, #Derivatives=0
 11) VonMises, field, rectangular cartesian, #Components=1
   VonMises.  Value index= 13, #Derivatives=0
 12) Hydrostatic, field, rectangular cartesian, #Components=1
   VonMises.  Value index= 14, #Derivatives=0
 13) Octahedral, field, rectangular cartesian, #Components=1
   VonMises.  Value index= 15, #Derivatives=0
 14) PrincipalVector1, field, rectangular cartesian, #Components=3
   x.  Value index= 16, #Derivatives=0
   y.  Value index= 17, #Derivatives=0
   z.  Value index= 18, #Derivatives=0
 15) PrincipalVector2, field, rectangular cartesian, #Components=3
   x.  Value index= 19, #Derivatives=0
   y.  Value index= 20, #Derivatives=0
   z.  Value index= 21, #Derivatives=0
 16) PrincipalVector3, field, rectangular cartesian, #Components=3
   x.  Value index= 22, #Derivatives=0
   y.  Value index= 23, #Derivatives=0
   z.  Value index= 24, #Derivatives=0
 Node:          1
  0.1287E+03  0.1133E+03  0.4908E+03 -0.8006E-05
  -1.11E-16
  -8.327E-17
  -2.22E-16
  -2.776E-17
  -4.163E-17
  -3.331E-16
   -6.637E-17
   -2.4E-16
   -3.598E-16
   2.5553921597281306E-16
   -2.2205666666666663E-16
   1.204623416489799E-16
   0.8837    -0.4676    -0.01897
   0.4046    0.7837    -0.4712
   0.2352    0.4088    0.8818
 Node:          2
  0.1292E+03  0.1137E+03  0.5052E+03 -0.8006E-05
  -5.551E-17
  -1.11E-16
  -1.665E-16
  -5.551E-17
   1.943E-16
  -2.776E-16
   8.603E-17
   -1.6E-16
   -4.256E-16
   4.4319260925696854E-16
   -1.6652333333333334E-16
   2.089229995849082E-16
   -0.6554    0.6199    0.4313
   0.7522    0.4849    0.4462
   -0.06744    -0.6169    0.7841
 Node:          3
  0.1289E+03  0.1155E+03  0.5194E+03 -0.8006E-05
   2.22E-16
   1.388E-16
   3.331E-16
   1.11E-16
   5.551E-17
   2.22E-16
   4.753E-16
   2.118E-16
   9.006E-17
   3.4107384479024473E-16
   2.590533333333333E-16
   1.6078375235770005E-16
   -0.5696    -0.7144    -0.4063
   0.2395    -0.6172    0.7494
   -0.7862    0.3296    0.5227
 Node:          4
  0.1361E+03  0.1141E+03  0.4915E+03 -0.8006E-05
   0.0
  -2.776E-17
  -1.11E-16
  -2.776E-17
  -8.327E-17
   2.22E-16
   2.435E-16
   6.328E-18
   -1.388E-16
   3.3426485304919515E-16
   3.700933333333334E-17
   1.5757396286894045E-16
   -0.08549    -0.2215    0.9714
   0.9681    -0.2491    0.0284
   0.2357    0.9428    0.2357
 Node:          5
  0.1341E+03  0.1144E+03  0.5054E+03 -0.8006E-05
   3.331E-16
   1.388E-16
   3.331E-16
   5.551E-17
  -6.939E-17
   4.441E-16
   4.814E-16
   4.627E-16
   1.662E-16
   3.062784517395894E-16
   3.7010000000000004E-16
   1.4438104677092028E-16
   -0.348    -0.6443    0.681
   -0.6589    -0.3487    -0.6665
   0.6669    -0.6807    -0.3032
 Node:          6
  0.1323E+03  0.1162E+03  0.5191E+03 -0.8006E-05
   2.22E-16
   5.551E-17
   2.22E-16
  -5.551E-17
  -2.776E-17
   0.0
   2.897E-16
   1.685E-16
   -1.402E-17
   2.648101478418076E-16
   1.4806E-16
   1.2483270084396958E-16
   -0.715    -0.6696    0.2012
   0.6656    -0.7399    -0.09741
   -0.2141    -0.06426    -0.9747
 Node:          7
  0.1408E+03  0.1171E+03  0.4920E+03 -0.8006E-05
   3.331E-16
   2.22E-16
   2.22E-16
  -8.327E-17
  -1.11E-16
   0.0
   5.398E-16
   6.158E-17
   -4.631E-17
   5.403052621435404E-16
   1.8502333333333335E-16
   2.5470234318164845E-16
   -0.7537    -0.6111    0.2419
   -0.656    0.677    -0.3335
   -0.04004    0.4101    0.9112
 Node:          8
  0.1367E+03  0.1169E+03  0.5055E+03 -0.8006E-05
   2.22E-16
   1.943E-16
   2.22E-16
  -4.025E-16
  -2.359E-16
  -2.22E-16
   6.547E-16
   4.477E-17
   -4.775E-16
   9.814930967154074E-16
   7.399000000000001E-17
   4.626802829168323E-16
   -0.6847    -0.5611    0.4652
   0.5685    -0.8105    -0.1409
   -0.4561    -0.1681    -0.8739
 Node:          9
  0.1339E+03  0.1180E+03  0.5191E+03 -0.8006E-05
   2.22E-16
   1.665E-16
   0.0
  -3.955E-16
  -2.776E-16
   6.661E-16
   1.002E-15
   -9.379E-18
   -1.046E-16
   1.062195387036208E-15
   2.96007E-16
   5.007237074122481E-16
   -0.4817    -0.3073    0.8207
   -0.8565    -0.03292    -0.515
   -0.1853    0.951    0.2474
 Node:         10
  0.1294E+03  0.1212E+03  0.4911E+03 -0.8006E-05
   0.0
   2.776E-17
   1.11E-16
  -1.388E-17
   1.249E-16
   1.11E-16
   2.363E-16
   2.303E-17
   -3.732E-17
   2.48992088026909E-16
   7.400333333333333E-17
   1.173759959370834E-16
   0.0421    0.71    0.703
   -0.7813    -0.4152    0.4661
   -0.6228    0.5688    -0.5372
 Node:         11
  0.1295E+03  0.1214E+03  0.5055E+03 -0.8006E-05
  -2.22E-16
  -2.776E-17
  -2.22E-16
  -4.163E-17
   1.388E-17
  -1.665E-16
   -1.365E-16
   -2.183E-16
   -2.558E-16
   1.0566451627675205E-16
   -2.035333333333333E-16
   4.9810730660058464E-17
   -0.4935    0.2929    0.8189
   0.3541    -0.7924    0.4968
   -0.7944    -0.5351    -0.2873
 Node:         12
  0.1295E+03  0.1217E+03  0.5196E+03 -0.8006E-05
   1.11E-16
   0.0
   1.11E-16
   7.633E-17
   2.776E-17
   2.22E-16
   2.649E-16
   1.11E-16
   6.816E-17
   1.792025435087348E-16
   1.4801999999999999E-16
   8.447688914726913E-17
   -0.4387    -0.1595    -0.8844
   0.3417    -0.9398    -2.255E-17
   0.8311    0.3022    -0.4668
 Node:         13
  0.1361E+03  0.1199E+03  0.4914E+03 -0.8006E-05
   1.11E-16
  -1.388E-16
   0.0
  -9.714E-17
   2.776E-17
  -1.665E-16
   2.285E-16
   -8.52E-17
   -1.988E-16
   3.833392361864358E-16
   -1.849999999999999E-17
   1.807078489348669E-16
   0.8171    -0.5252    -0.2378
   0.4648    0.8442    -0.2671
   0.341    0.1077    0.9339
 Node:         14
  0.1342E+03  0.1198E+03  0.5054E+03 -0.8006E-05
  -5.551E-17
   2.776E-17
   0.0
   5.551E-17
  -9.021E-17
   1.11E-16
   1.672E-16
   -4.94E-18
   -1.068E-16
   2.398787602102362E-16
   1.8486666666666665E-17
   1.130799320048532E-16
   0.1634    -0.4472    0.8794
   -0.6569    -0.7144    -0.2412
   -0.7361    0.5382    0.4105
 Node:         15
  0.1330E+03  0.1205E+03  0.5193E+03 -0.8006E-05
   2.22E-16
  -8.327E-17
  -5.551E-17
   1.388E-17
   4.857E-17
   0.0
   2.451E-16
   2.471E-17
   -1.033E-16
   3.0523832672192397E-16
   5.550333333333333E-17
   1.438907271354049E-16
   -0.9638    0.2667    -0.001723
   0.1157    0.4239    0.8983
   0.2403    0.8656    -0.4394
 Node:         16
  0.1404E+03  0.1188E+03  0.4918E+03 -0.8006E-05
   2.22E-16
   5.551E-17
   2.22E-16
  -8.327E-17
  -1.457E-16
   4.441E-16
   5.466E-16
   1.95E-16
   1.465E-16
   3.7818964819254375E-16
   2.9603333333333337E-16
   1.7828030987433498E-16
   -0.2927    -0.4328    0.8526
   -0.9222    -0.1077    -0.3713
   -0.2526    0.895    0.3676
 Node:         17
  0.1365E+03  0.1184E+03  0.5055E+03 -0.8006E-05
  -1.11E-16
   2.776E-17
  -1.11E-16
   9.714E-17
   1.7E-16
   0.0
   1.573E-16
   -1.341E-16
   -2.452E-16
   3.600440389730123E-16
   -7.400000000000001E-17
   1.697263876557404E-16
   0.3368    0.5285    0.7792
   0.8927    -0.4425    -0.08566
   -0.2996    -0.7244    0.6209
 Node:         18
  0.1341E+03  0.1191E+03  0.5192E+03 -0.8006E-05
   0.0
   0.0
   0.0
   2.645E-17
   1.065E-16
   4.441E-16
   4.697E-16
   -1.672E-33
   -2.562E-17
   4.830198633596759E-16
   1.4802666666666666E-16
   2.2769774721961763E-16
   -0.05484    -0.2207    -0.9738
   0.9705    -0.2411    -6.21E-17
   -0.2348    -0.9451    0.2274
 Node:         19
  0.1301E+03  0.1291E+03  0.4914E+03  0.0000E+00
   1.11E-16
   0.0
   1.11E-16
   2.101E-19
   1.001E-17
  -2.22E-16
   1.113E-16
   1.11E-16
   -2.223E-16
   3.3345010121455954E-16
   0.0
   1.5718988517077046E-16
   -0.02096    -0.9993    -0.03003
   0.9998    -0.02097    1.345E-19
   6.298E-4    0.03003    -0.9995
 Node:         20
  0.1299E+03  0.1291E+03  0.5058E+03  0.0000E+00
   2.22E-16
   0.0
   0.0
   1.041E-17
   1.924E-17
  -5.551E-17
   2.224E-16
   5.975E-18
   -6.188E-17
   2.5715676157744715E-16
   5.549833333333335E-17
   1.2122485995959007E-16
   -0.9993    -0.003257    -0.03765
   0.01428    -0.9549    -0.2965
   -0.03498    -0.2968    0.9543
 Node:         21
  0.1301E+03  0.1280E+03  0.5197E+03  0.0000E+00
   1.11E-16
   0.0
   0.0
   4.163E-17
   1.475E-17
   1.11E-16
   1.534E-16
   7.089E-17
   -2.22E-18
   1.3485280234388901E-16
   7.402333333333333E-17
   6.357022066624871E-17
   -0.6994    -0.0684    -0.7114
   -0.7126    0.1429    0.6869
   -0.05465    -0.9874    0.1487
 Node:         22
  0.1360E+03  0.1256E+03  0.4913E+03  0.0000E+00
  -2.22E-16
   1.388E-17
  -1.11E-16
  -1.388E-17
   1.006E-16
   1.11E-16
   1.5E-16
   -1.456E-16
   -2.264E-16
   3.432090907886911E-16
   -7.4E-17
   1.617903169743686E-16
   -0.02144    0.3586    0.9332
   0.228    0.9106    -0.3447
   -0.9734    0.2054    -0.1013
 Node:         23
  0.1343E+03  0.1253E+03  0.5054E+03  0.0000E+00
   0.0
   2.082E-17
  -4.441E-16
   0.0
   1.314E-16
  -1.665E-16
   1.265E-18
   -1.147E-16
   -4.972E-16
   4.517861703560657E-16
   -2.0354499999999996E-16
   2.1297404313671653E-16
   0.997    0.06061    0.04746
   0.06644    -0.3661    -0.9282
   0.03888    -0.9286    0.369
 Node:         24
  0.1336E+03  0.1248E+03  0.5194E+03  0.0000E+00
  -2.22E-16
   1.214E-17
   0.0
   1.388E-17
   8.674E-19
  -1.665E-16
   6.779E-19
   -1.633E-16
   -2.259E-16
   2.026635838733984E-16
   -1.2950736666666666E-16
   9.553652963763242E-17
   -0.05504    -0.9984    -0.009747
   0.2257    -0.02195    0.974
   -0.9726    0.05141    0.2265
 Node:         25
  0.1400E+03  0.1206E+03  0.4917E+03  0.0000E+00
   0.0
   2.671E-16
  -1.11E-16
  -8.327E-17
  -1.301E-16
   2.22E-16
   3.681E-16
   7.58E-17
   -3.329E-16
   6.098671904603493E-16
   3.699999999999999E-17
   2.8749415066513385E-16
   0.5089    0.4781    -0.7159
   0.6086    0.3883    0.692
   0.6088    -0.7878    -0.09334
 Node:         26
  0.1363E+03  0.1200E+03  0.5055E+03  0.0000E+00
   2.22E-16
   1.076E-16
  -6.106E-16
   2.776E-17
  -1.124E-15
  -5.551E-17
   8.281E-16
   2.248E-16
   -1.497E-15
   2.089815319591662E-15
   -1.4803333333333336E-16
   9.851483892738641E-16
   0.07371    0.6174    -0.7832
   0.9955    0.001018    0.09449
   -0.05914    0.7866    0.6146
 Node:         27
  0.1343E+03  0.1203E+03  0.5192E+03  0.0000E+00
   2.22E-16
  -1.943E-16
   2.22E-16
  -1.041E-16
   1.313E-15
   0.0
   1.466E-15
   1.875E-16
   -1.209E-15
   2.3173691440942246E-15
   1.4816666666666667E-16
   1.0924182908676612E-15
   -0.1693    0.728    0.6643
   0.9848    0.09849    0.1431
   0.03876    0.6785    -0.7336
 Node:         28
  0.1155E+03  0.1124E+03  0.4931E+03 -0.4732E-04
  -2.22E-16
   3.816E-17
   2.22E-16
  -5.551E-17
   5.551E-17
   1.11E-16
   2.455E-16
   1.014E-16
   -2.359E-16
   4.279497984577163E-16
   3.699999999999999E-17
   2.0173746966457835E-16
   0.03184    0.9284    0.3701
   0.1988    0.3571    -0.9127
   0.9795    -0.1026    0.1732
 Node:         29
  0.1119E+03  0.1139E+03  0.5068E+03 -0.4732E-04
  -2.22E-16
  -2.082E-17
   0.0
   5.551E-17
   6.939E-18
  -3.331E-16
   1.944E-18
   -2.004E-16
   -3.566E-16
   3.113642033631998E-16
   -1.8501866666666668E-16
   1.4677849307791052E-16
   -0.09118    0.9958    0.005517
   -0.9179    -0.08189    -0.3884
   -0.3863    -0.04048    0.9215
 Node:         30
  0.1113E+03  0.1159E+03  0.5206E+03 -0.4732E-04
   2.22E-16
   1.249E-16
   2.22E-16
   0.0
  -2.776E-17
   1.11E-16
   3.486E-16
   1.238E-16
   8.277E-17
   2.4787505905193444E-16
   1.8505666666666664E-16
   1.1684942342842583E-16
   -0.7001    -0.7092    0.08287
   -0.4685    0.3686    -0.8029
   -0.5389    0.6009    0.5903
 Node:         31
  0.1203E+03  0.1126E+03  0.4920E+03 -0.4732E-04
  -5.551E-17
   9.714E-17
  -1.11E-16
   2.776E-17
   4.163E-17
  -5.551E-17
   4.114E-17
   -7.661E-17
   -1.866E-16
   1.9726678661143135E-16
   -7.402333333333333E-17
   9.29924550105485E-17
   -0.6956    -0.5654    -0.4433
   0.4358    0.1585    -0.886
   0.5712    -0.8095    0.1362
 Node:         32
  0.1188E+03  0.1134E+03  0.5062E+03 -0.4732E-04
   2.22E-16
  -1.388E-17
  -1.11E-16
  -2.776E-17
   9.714E-17
  -5.551E-17
   2.266E-16
   1.331E-17
   -1.844E-16
   3.5602167644681415E-16
   1.8503333333333345E-17
   1.6783022777663014E-16
   -0.9894    0.07624    0.1236
   0.1445    0.5992    0.7875
   0.01402    -0.797    0.6038
 Node:         33
  0.1183E+03  0.1150E+03  0.5201E+03 -0.4732E-04
   1.11E-16
   5.551E-17
   0.0
   8.327E-17
   0.0
   0.0
   1.7E-16
   0.0
   -5.893E-17
   2.0589037107159722E-16
   3.702333333333333E-17
   9.705765171049398E-17
   -0.8617    -0.2815    -0.4222
   0.0    -0.8321    0.5547
   -0.5074    0.478    0.717
 Node:         34
  0.1255E+03  0.1129E+03  0.4909E+03 -0.4732E-04
   0.0
   0.0
   0.0
   5.551E-17
   9.714E-17
   0.0
   1.119E-16
   3.387E-33
   -1.119E-16
   1.9381648536695736E-16
   0.0
   9.136596740581255E-17
   -0.3508    -0.6139    -0.7071
   0.8682    -0.4961    -4.855E-17
   -0.3508    -0.6139    0.7071
 Node:         35
  0.1260E+03  0.1135E+03  0.5054E+03 -0.4732E-04
   0.0
   1.11E-16
  -1.11E-16
   1.11E-16
   2.498E-16
  -1.11E-16
   2.41E-16
   -1.023E-16
   -3.608E-16
   5.228959647960578E-16
   -7.403333333333333E-17
   2.4649552170824977E-16
   0.5458    0.5925    0.5925
   0.8379    -0.3859    -0.3859
   -4.975E-17    -0.7071    0.7071
 Node:         36
  0.1257E+03  0.1153E+03  0.5196E+03 -0.4732E-04
   0.0
  -5.551E-17
   0.0
  -5.551E-17
   8.327E-17
   0.0
   1.305E-16
   -4.723E-17
   -8.327E-17
   1.982226619234037E-16
   0.0
   9.344305895392481E-17
   -0.5155    0.6059    0.6059
   0.8569    0.3645    0.3645
   -1.256E-16    0.7071    -0.7071
 Node:         37
  0.1132E+03  0.1210E+03  0.4959E+03 -0.4732E-04
  -2.22E-16
   1.388E-16
  -2.22E-16
  -8.327E-17
   1.804E-16
  -2.776E-16
   -4.482E-17
   -1.622E-16
   -5.146E-16
   4.2347200190803645E-16
   -2.4054E-16
   1.9962661612787678E-16
   0.3971    0.7887    0.4693
   -0.7874    0.0301    0.6157
   0.4715    -0.614    0.633
 Node:         38
  0.1111E+03  0.1204E+03  0.5085E+03 -0.4732E-04
  -1.665E-16
   9.714E-17
   0.0
  -2.776E-17
  -8.327E-17
  -2.22E-16
   7.071E-17
   -2.091E-16
   -2.502E-16
   3.0246162913665597E-16
   -1.2953E-16
   1.4258177934084005E-16
   -0.3916    -0.8746    0.2859
   0.9154    -0.3389    0.217
   0.09287    -0.3467    -0.9334
 Node:         39
  0.1119E+03  0.1201E+03  0.5207E+03 -0.4732E-04
  -5.551E-17
  -9.714E-17
  -3.331E-16
  -8.327E-17
  -7.633E-17
  -1.11E-16
   8.934E-18
   -1.105E-16
   -3.981E-16
   3.6239130612640252E-16
   -1.6655533333333335E-16
   1.7083290000335286E-16
   0.851    -0.1281    -0.5092
   0.4076    -0.4503    0.7944
   -0.3311    -0.8836    -0.331
 Node:         40
  0.1191E+03  0.1220E+03  0.4937E+03 -0.4732E-04
   0.0
   8.327E-17
  -2.22E-16
   8.327E-17
  -1.388E-17
  -2.22E-16
   4.872E-17
   -2.082E-16
   -2.846E-16
   3.0244591979393603E-16
   -1.4802666666666666E-16
   1.4257437388566321E-16
   -0.924    -0.2703    -0.2703
   0.0    -0.7071    0.7071
   0.3823    -0.6534    -0.6534
 Node:         41
  0.1182E+03  0.1217E+03  0.5073E+03 -0.4732E-04
   0.0
  -2.776E-17
  -5.551E-17
   5.551E-17
   9.714E-17
   1.11E-16
   1.653E-16
   1.073E-17
   -1.206E-16
   2.478691830381502E-16
   1.8476666666666666E-17
   1.168466534489637E-16
   0.2406    0.3653    0.8993
   -0.8901    0.4526    0.05428
   -0.3871    -0.8135    0.434
 Node:         42
  0.1187E+03  0.1212E+03  0.5204E+03 -0.4732E-04
   0.0
  -5.551E-17
  -1.11E-16
   0.0
   5.551E-17
   1.11E-16
   1.256E-16
   1.887E-17
   -1.444E-16
   2.3552960089975954E-16
   2.3333333333339628E-20
   1.1102971864425409E-16
   0.1113    -0.2517    -0.9614
   0.9295    -0.3159    0.1903
   -0.3516    -0.9148    0.1988
 Node:         43
  0.1258E+03  0.1217E+03  0.4915E+03 -0.4732E-04
   2.22E-16
   1.11E-16
   1.11E-16
  -1.388E-17
   0.0
  -5.551E-17
   2.911E-16
   4.294E-17
   -5.645E-17
   3.1004254562882173E-16
   9.253E-17
   1.4615545764698628E-16
   -0.8507    -0.5246    0.03406
   -0.5213    0.8502    0.07348
   0.06751    -0.04475    0.9967
 Node:         44
  0.1259E+03  0.1220E+03  0.5059E+03 -0.4732E-04
  -2.22E-16
   1.388E-16
  -2.22E-16
   9.714E-17
   1.11E-16
  -1.11E-16
   5.081E-17
   -2.445E-16
   -3.614E-16
   3.679610646522265E-16
   -1.8503E-16
   1.7345850935214064E-16
   -0.5113    -0.534    -0.6733
   -0.5198    -0.4318    0.7372
   -0.6844    0.7269    -0.05679
 Node:         45
  0.1261E+03  0.1221E+03  0.5198E+03 -0.4732E-04
  -5.551E-17
  -8.327E-17
  -2.776E-16
   2.776E-17
  -6.939E-18
   1.11E-16
   1.167E-16
   -3.339E-17
   -3.053E-16
   3.7050374910383835E-16
   -7.399666666666666E-17
   1.7465714229757554E-16
   0.1854    -0.05643    0.981
   0.9302    -0.3117    -0.1938
   -0.3167    -0.9485    0.005308
 Node:         46
  0.1117E+03  0.1296E+03  0.4959E+03  0.0000E+00
  -5.551E-17
   2.776E-17
  -1.665E-16
   6.939E-18
  -2.602E-17
   0.0
   4.101E-18
   -4.897E-17
   -1.772E-16
   1.6144583695778595E-16
   -7.402300000000001E-17
   7.610629740479211E-17
   0.04856    -0.1429    0.9886
   0.9724    0.2327    -0.01414
   -0.228    0.962    0.1502
 Node:         47
  0.1107E+03  0.1269E+03  0.5087E+03  0.0000E+00
  -1.665E-16
  -3.123E-17
   1.11E-16
  -2.776E-17
   3.99E-17
   0.0
   1.289E-16
   -1.114E-17
   -1.732E-16
   2.6185783853075704E-16
   -1.8479999999999997E-17
   1.2344096888796688E-16
   -0.1292    0.939    0.3186
   -0.1008    -0.3321    0.9379
   -0.9865    -0.08906    -0.1376
 Node:         48
  0.1125E+03  0.1242E+03  0.5208E+03  0.0000E+00
   1.11E-16
   3.469E-18
   1.11E-16
   0.0
  -1.735E-18
   1.11E-16
   1.149E-16
   1.11E-16
   1.071E-16
   6.75499814951862E-18
   1.1099999999999999E-16
   3.1843366656181307E-18
   -0.6325    -0.7071    0.3162
   0.4472    -4.455E-15    0.8944
   -0.6325    0.7071    0.3162
 Node:         49
  0.1186E+03  0.1311E+03  0.4938E+03  0.0000E+00
  -1.665E-16
  -2.082E-17
   0.0
  -4.163E-17
  -6.072E-18
  -5.551E-17
   2.581E-18
   -4.165E-17
   -1.83E-16
   1.6789358448433935E-16
   -7.402300000000001E-17
   7.914579473772858E-17
   0.1174    -0.9929    0.01965
   -0.3135    -0.01827    0.9494
   -0.9423    -0.1176    -0.3134
 Node:         50
  0.1180E+03  0.1298E+03  0.5075E+03  0.0000E+00
   0.0
  -1.301E-17
   3.331E-16
  -4.163E-17
   1.247E-17
   2.22E-16
   3.354E-16
   2.276E-16
   -7.879E-18
   3.040655120874448E-16
   1.8504033333333332E-16
   1.4333785701466156E-16
   0.05441    -0.9902    -0.1289
   -0.1707    -0.1364    0.9758
   0.9838    0.03109    0.1765
 Node:         51
  0.1192E+03  0.1275E+03  0.5206E+03  0.0000E+00
   0.0
  -3.469E-18
  -5.551E-17
   0.0
   1.475E-17
   1.11E-16
   1.123E-16
   2.087E-19
   -5.702E-17
   1.491791641607165E-16
   1.849623333333333E-17
   7.03237323931892E-17
   -0.002705    0.08758    0.9962
   0.9982    -0.06004    0.007989
   -0.06051    -0.9943    0.08725
 Node:         52
  0.1262E+03  0.1305E+03  0.4920E+03  0.0000E+00
   1.11E-16
  -1.388E-17
   1.11E-16
   1.301E-18
   4.906E-18
   0.0
   1.25E-16
   9.734E-17
   -2.497E-19
   1.1396559238686912E-16
   7.403009999999999E-17
   5.372389546579809E-17
   -0.7047    0.7092    0.02051
   0.7093    0.7034    0.04493
   -0.01744    -0.04621    0.9988
 Node:         53
  0.1258E+03  0.1304E+03  0.5063E+03  0.0000E+00
  -1.665E-16
  -1.735E-18
  -1.11E-16
   2.776E-17
   3.383E-17
  -2.22E-16
   -1.01E-16
   -1.572E-16
   -2.414E-16
   1.2239330047024632E-16
   -1.6653333333333332E-16
   5.769675515620921E-17
   0.09684    0.9526    0.2883
   -0.9346    0.1866    -0.3027
   -0.3422    -0.2402    0.9084
 Node:         54
  0.1265E+03  0.1288E+03  0.5200E+03  0.0000E+00
  -2.22E-16
   2.082E-17
   1.11E-16
   0.0
  -4.337E-18
   1.11E-16
   1.16E-16
   1.073E-16
   -2.233E-16
   3.350347295430729E-16
   0.0
   1.5793688612860518E-16
   -0.04656    -0.7562    0.6527
   -0.04117    -0.6514    -0.7576
   -0.9981    0.06215    8.061E-4
 Node:         55
  0.1383E+03  0.1168E+03  0.4547E+03 -0.3045E-02
  -0.1255
  -0.01844
   0.1355
   0.00787
   0.04508
   0.08984
   0.1637
   0.06354
   -0.1274
   0.2561535859596738
   0.03328
   0.12075195843822438
   -0.04042    0.8547    0.5176
   -0.08561    0.5131    -0.854
   0.9955    0.07883    -0.05242
 Node:         56
  0.1315E+03  0.1156E+03  0.4697E+03 -0.3045E-02
  -0.1286
   0.006191
   0.06735
   0.03569
   6.893E-4
   0.009228
   0.0676
   0.01783
   -0.1375
   0.18529769534454552
   -0.017356666666666673
   0.08735017127757806
   -0.03786    -0.9987    -0.03494
   0.2348    -0.04288    0.9711
   -0.9713    0.02857    0.2361
 Node:         57
  0.1285E+03  0.1140E+03  0.4824E+03 -0.3045E-02
  -0.03173
   0.0147
  -0.002777
   0.01183
  -0.008302
  -0.004454
   0.005254
   -0.001137
   -0.04307
   0.04546663802174073
   -0.012984333333333332
   0.02143317870861799
   -0.171    -0.842    0.5116
   0.4867    0.3793    0.7869
   -0.8567    0.3836    0.3449
 Node:         58
  0.1494E+03  0.1181E+03  0.4540E+03 -0.3045E-02
  -0.1572
  -0.06902
   0.2401
  -0.00792
   0.0374
   0.04178
   0.2585
   0.03506
   -0.1688
   0.3701821330102251
   0.04158666666666666
   0.17450553101708713
   0.1645    -0.971    -0.1736
   0.02134    -0.1724    0.9848
   -0.9861    -0.1657    -0.007651
 Node:         59
  0.1425E+03  0.1169E+03  0.4699E+03 -0.3045E-02
  -0.1392
  -0.05908
   0.1612
   0.0145
   0.01526
  -0.01594
   0.1732
   -0.0146
   -0.1526
   0.2832476654802295
   0.0019999999999999927
   0.13352423001088604
   -0.1825    0.981    0.06515
   0.1345    -0.04073    0.9901
   0.974    0.1894    -0.1245
 Node:         60
  0.1375E+03  0.1150E+03  0.4833E+03 -0.3045E-02
  -0.02697
  -0.009004
   0.02234
   0.01126
  -0.002952
  -0.007812
   0.02471
   -0.004087
   -0.03307
   0.05003903425327071
   -0.004149000000000001
   0.0235886269630091
   -0.2028    0.9664    -0.158
   -0.3583    -0.2234    -0.9065
   -0.9113    -0.1272    0.3916
 Node:         61
  0.1565E+03  0.1230E+03  0.4523E+03 -0.3045E-02
  -0.1067
  -0.08098
   0.1966
  -0.0528
   0.07352
  -0.126
   0.2365
   -0.1025
   -0.1701
   0.3773687321440397
   -0.012033333333333332
   0.17789332633788024
   -0.2567    0.9392    0.2279
   0.7363    0.3428    -0.5835
   0.6261    -0.01801    0.7795
 Node:         62
  0.1500E+03  0.1209E+03  0.4695E+03 -0.3045E-02
  -0.02247
  -0.1057
   0.165
  -0.02165
   0.04132
  -0.135
   0.2187
   -0.06993
   -0.1412
   0.3300868823506926
   0.0025233333333333405
   0.1556044485939339
   -0.4079    0.9037    0.1305
   0.9087    0.4157    -0.03833
   -0.0889    0.103    -0.9907
 Node:         63
  0.1437E+03  0.1181E+03  0.4838E+03 -0.3045E-02
   0.01794
  -0.02964
   0.03241
   0.00288
  -0.002168
  -0.02527
   0.05584
   -0.005298
   -0.02546
   0.07332820496916585
   0.008360666666666667
   0.03456724732395618
   0.6176    -0.7853    0.04293
   0.784    0.619    0.04587
   -0.0626    0.00533    0.998
 Node:         64
  0.1417E+03  0.1252E+03  0.4519E+03 -0.3045E-02
  -0.1082
   0.02104
   0.1293
  -0.02942
   0.02461
  -0.01731
   0.1344
   -0.01073
   -0.1199
   0.2209630012015586
   0.0012566666666666605
   0.1041629576939689
   0.06775    0.9868    0.1469
   0.3103    0.1191    -0.9431
   -0.9482    0.1095    -0.2982
 Node:         65
  0.1344E+03  0.1229E+03  0.4683E+03 -0.3045E-02
  -0.079
  -0.002123
   0.1061
  -0.009266
   0.01208
  -0.01293
   0.1074
   -0.01291
   -0.08028
   0.16467694951024567
   0.0047366666666666625
   0.07762945846920628
   0.01636    -0.9947    -0.1012
   -0.1349    -0.1024    0.9855
   0.9907    0.002476    0.1359
 Node:         66
  0.1299E+03  0.1214E+03  0.4825E+03 -0.3045E-02
  -0.005708
  -0.003775
   0.0172
   0.003856
  -0.00282
  -0.003577
   0.01834
   -0.001713
   -0.008715
   0.024322045946013667
   0.002637333333333333
   0.011465522413838027
   -0.1776    0.9716    -0.1563
   -0.5546    -0.23    -0.7997
   -0.8129    -0.05535    0.5797
 Node:         67
  0.1506E+03  0.1246E+03  0.4515E+03 -0.3045E-02
  -0.1173
  -0.04132
   0.1237
  -0.02409
   0.02299
   0.04175
   0.1381
   0.03668
   -0.1266
   0.2313141422395094
   0.01606
   0.10904253237460447
   0.1786    -0.946    -0.2705
   -0.0725    -0.2868    0.9552
   -0.9812    -0.151    -0.1198
 Node:         68
  0.1438E+03  0.1226E+03  0.4685E+03 -0.3045E-02
  -0.06916
  -0.0789
   0.1181
  -0.0186
   0.02581
   0.01637
   0.1537
   0.0102
   -0.09864
   0.21921892162858572
   0.02175333333333333
   0.10334079069865017
   0.3418    -0.9141    -0.218
   0.00197    -0.2313    0.9729
   -0.9398    -0.3329    -0.07726
 Node:         69
  0.1380E+03  0.1205E+03  0.4830E+03 -0.3045E-02
   0.002629
  -0.02357
   0.02971
  -0.001963
   0.004834
  -3.209E-4
   0.04396
   -8.732E-4
   -0.01106
   0.050700035091112115
   0.0106756
   0.0239002257462142
   -0.4962    0.8604    0.1159
   0.1191    -0.06483    0.9908
   0.86    0.5054    -0.0703
 Node:         70
  0.1564E+03  0.1249E+03  0.4516E+03 -0.3045E-02
  -0.116
  -0.06032
   0.002934
  -0.06945
   0.04258
   0.1354
   0.1728
   -5.477E-4
   -0.1499
   0.2797238143335136
   0.007450766666666664
   0.1318630706497295
   -0.285    0.327    0.901
   0.2275    -0.8901    0.395
   0.9312    0.3175    0.1793
 Node:         71
  0.1501E+03  0.1227E+03  0.4690E+03 -0.3045E-02
  -0.03835
  -0.1174
   0.06023
  -0.07552
   0.05681
   0.05665
   0.1964
   0.005135
   -0.123
   0.2784036982961972
   0.02617833333333333
   0.13124076198176982
   -0.5086    0.6661    0.5455
   0.1261    -0.5692    0.8125
   0.8517    0.482    0.2055
 Node:         72
  0.1435E+03  0.1200E+03  0.4837E+03 -0.3045E-02
   0.0153
  -0.03749
   0.02579
  -0.01414
   0.01192
   0.003926
   0.06397
   -0.00118
   -0.01778
   0.0748436537055748
   0.015003333333333332
   0.035281636709326415
   -0.6354    0.715    0.2916
   0.06439    -0.3273    0.9427
   0.7695    0.6178    0.1619
 Node:         73
  0.1451E+03  0.1339E+03  0.4506E+03  0.0000E+00
   0.04231
  -0.02428
  -0.09038
   0.009541
  -0.01383
   0.07297
   0.07821
   0.04222
   -0.09553
   0.15883313602646018
   0.008300000000000002
   0.0748746583742902
   0.3326    -0.1246    0.9348
   -0.9279    0.1336    0.348
   -0.1682    -0.9832    -0.07115
 Node:         74
  0.1373E+03  0.1304E+03  0.4676E+03  0.0000E+00
   0.1046
  -0.02081
  -0.04667
   0.008288
  -0.01745
   0.04917
   0.1094
   0.04987
   -0.05208
   0.1414450667220317
   0.03573
   0.06667784389635485
   -0.9727    0.1496    -0.1773
   -0.1975    -0.1329    0.9712
   0.1217    0.9798    0.1589
 Node:         75
  0.1314E+03  0.1289E+03  0.4826E+03  0.0000E+00
   0.03857
  -0.007765
  -0.006353
  -0.004374
  -0.00311
   0.003084
   0.04026
   0.003924
   -0.008889
   0.04415938216279752
   0.011765
   0.020816932386881596
   -0.9823    0.1568    0.1025
   0.04725    -0.3219    0.9456
   0.1812    0.9337    0.3088
 Node:         76
  0.1518E+03  0.1314E+03  0.4501E+03  0.0000E+00
   0.04445
  -0.03753
  -0.1224
  -0.008943
   0.0352
   0.1343
   0.1412
   0.04963
   -0.1344
   0.24311259305103877
   0.018810000000000004
   0.11460437542549003
   0.1493    -0.1518    -0.9771
   0.9688    -0.1755    0.1752
   -0.198    -0.9727    0.1208
 Node:         77
  0.1450E+03  0.1284E+03  0.4676E+03  0.0000E+00
   0.156
  -0.004346
  -0.06831
  -0.004518
   0.02841
   0.06748
   0.1564
   0.07284
   -0.07406
   0.2020812895841671
   0.051726666666666664
   0.09526203347725799
   -0.9979    0.02679    0.05925
   0.06335    0.195    0.9787
   -0.01466    -0.9804    0.1963
 Node:         78
  0.1385E+03  0.1261E+03  0.4829E+03  0.0000E+00
   0.0652
   0.005141
  -0.005366
  -0.002182
   5.058E-4
   0.004126
   0.06564
   0.004096
   -0.005783
   0.06703172199041287
   0.02131766666666667
   0.03159905678268824
   -0.9968    -0.07192    0.03477
   0.02977    0.06948    0.9971
   -0.07413    0.995    -0.06711
 Node:         79
  0.1564E+03  0.1269E+03  0.4509E+03  0.0000E+00
   0.04899
   0.08544
   0.1138
   0.03347
  -0.00317
   0.2706
   0.2762
   0.1702
   -0.01304
   0.2534488855765596
   0.14445333333333335
   0.1194769504502391
   0.1714    0.071    0.9826
   0.5405    0.8271    -0.1541
   0.8237    -0.5575    -0.1034
 Node:         80
  0.1501E+03  0.1246E+03  0.4686E+03  0.0000E+00
   0.1716
   0.06795
   0.04616
  -0.005239
  -0.001067
   0.1404
   0.2018
   0.1399
   0.0164
   0.16348856229106673
   0.11936666666666668
   0.07706924736163505
   0.9129    0.3992    -0.08483
   0.07407    0.04233    0.9964
   0.4013    -0.9159    0.009078
 Node:         81
  0.1434E+03  0.1218E+03  0.4836E+03  0.0000E+00
   0.07008
   0.01259
   0.00204
   6.278E-4
  -8.461E-5
   0.007137
   0.07234
   0.007136
   -2.189E-4
   0.06917532124688687
   0.026419033333333338
   0.03260955916295438
   -0.9843    -0.1762    -0.009249
   -0.004452    -0.02759    0.9996
   -0.1764    0.984    0.02638
 Node:         82
  0.1267E+03  0.1149E+03  0.4581E+03 -0.5700E-01
  -0.05451
  -0.01764
   0.04352
   0.01163
   0.03864
   0.01294
   0.07033
   -0.005649
   -0.06272
   0.11561187218880248
   6.536666666666682E-4
   0.054499959206916436
   -0.06676    0.8338    0.548
   -0.3654    0.4906    -0.7911
   0.9285    0.253    -0.2719
 Node:         83
  0.1234E+03  0.1130E+03  0.4730E+03 -0.5700E-01
  -0.06039
   0.001547
   0.01723
   0.05266
   0.0149
  -0.03449
   0.02607
   -0.001511
   -0.1022
   0.11694481429717181
   -0.025880333333333335
   0.055128314142754466
   -0.2975    -0.8344    -0.464
   0.55    -0.547    0.6311
   -0.7804    -0.06743    0.6216
 Node:         84
  0.1187E+03  0.1123E+03  0.4850E+03 -0.5700E-01
  -0.008529
   0.00152
   0.001133
   0.02025
  -7.694E-4
  -0.03536
   0.002898
   6.23E-4
   -0.04628
   0.048080883508937314
   -0.014253000000000002
   0.022665545849740013
   -0.7736    -0.4918    -0.3996
   0.4212    -0.8702    0.2557
   0.4735    -0.02947    -0.8803
 Node:         85
  0.1303E+03  0.1162E+03  0.4568E+03 -0.5700E-01
  -0.0506
  -0.01474
   0.05688
   0.01989
   0.05245
   0.01446
   0.09225
   -0.006908
   -0.06461
   0.13741704655536738
   0.0069106666666666665
   0.06477901697995185
   -0.008023    0.8301    0.5576
   -0.4925    0.482    -0.7246
   0.8703    0.2805    -0.405
 Node:         86
  0.1252E+03  0.1139E+03  0.4713E+03 -0.5700E-01
  -0.03413
   0.03884
   0.1062
   0.0962
   0.04253
  -0.02211
   0.1478
   0.02659
   -0.1245
   0.23629149603826202
   0.016629999999999995
   0.11138887945691288
   -0.3996    -0.8101    -0.4289
   0.557    -0.5862    0.5883
   0.728    0.00381    -0.6855
 Node:         87
  0.1217E+03  0.1126E+03  0.4834E+03 -0.5700E-01
  -0.01602
   9.421E-4
   0.003287
   0.02571
  -0.004301
  -0.03209
   0.005048
   0.001411
   -0.05129
   0.05461040841268265
   -0.014943666666666668
   0.025743593407983188
   -0.4784    0.7709    -0.4204
   0.6515    0.6326    0.4187
   0.5887    -0.07361    -0.805
 Node:         88
  0.1338E+03  0.1169E+03  0.4550E+03 -0.5700E-01
  -0.08886
  -0.01888
   0.04272
   0.01349
   0.06635
   0.07512
   0.1272
   -0.003109
   -0.09513
   0.19349280196172675
   0.009653666666666666
   0.09121338158528179
   -0.004951    0.6182    0.786
   -0.261    0.758    -0.5978
   0.9653    0.2081    -0.1576
 Node:         89
  0.1270E+03  0.1150E+03  0.4697E+03 -0.5700E-01
  -0.1024
   0.01213
   0.02199
   0.04446
   0.01694
  -0.00747
   0.03722
   -0.004941
   -0.1201
   0.1410473814042643
   -0.029273666666666667
   0.06649037323970708
   0.2436    0.8015    0.5461
   -0.2704    0.5969    -0.7554
   -0.9314    0.03632    0.3621
 Node:         90
  0.1248E+03  0.1132E+03  0.4823E+03 -0.5700E-01
  -0.02729
   0.01527
  -0.007064
   0.01373
  -0.007577
  -0.00799
   0.001154
   -9.018E-4
   -0.0426
   0.04276317757650851
   -0.014115933333333332
   0.020158755232955784
   0.444    0.893    -0.07358
   0.4003    -0.1242    0.9079
   -0.8016    0.4325    0.4126
 Node:         91
  0.1263E+03  0.1267E+03  0.4551E+03 -0.5700E-01
  -0.06354
   0.03368
   0.1074
  -0.005821
   0.0506
   0.005328
   0.1326
   -0.009947
   -0.07341
   0.18273932209297483
   0.016414333333333333
   0.08614414256091679
   0.1476    0.9213    0.3597
   -0.2914    -0.307    0.906
   0.9452    -0.2385    0.2231
 Node:         92
  0.1211E+03  0.1237E+03  0.4728E+03 -0.5700E-01
  -0.06483
   0.00426
   0.05611
   0.00736
   0.03481
   0.02856
   0.08018
   0.005096
   -0.06543
   0.12612255117939852
   0.006615333333333334
   0.05945474079966673
   -0.05282    -0.8244    -0.5635
   0.05215    -0.5658    0.8229
   -0.9972    0.01408    0.07288
 Node:         93
  0.1160E+03  0.1217E+03  0.4877E+03 -0.5700E-01
  -0.008914
  -0.003553
   0.004147
   0.007947
   0.008722
  -0.003181
   0.01008
   -4.596E-4
   -0.01757
   0.02416993438468545
   -0.0026498666666666657
   0.011393816336163326
   0.09466    0.8047    0.586
   -0.701    0.4719    -0.5347
   0.7069    0.3602    -0.6088
 Node:         94
  0.1317E+03  0.1268E+03  0.4541E+03 -0.5700E-01
  -0.07278
   0.03232
   0.1187
  -0.02615
   0.04944
   0.03625
   0.1435
   0.02675
   -0.08804
   0.20052191675724623
   0.02740333333333333
   0.09452693807704882
   0.0881    0.9126    0.3993
   0.3424    0.3487    -0.8725
   0.9354    -0.2136    0.2817
 Node:         95
  0.1252E+03  0.1238E+03  0.4708E+03 -0.5700E-01
  -0.08667
   8.089E-4
   0.06715
  -0.001419
   0.02577
   0.0561
   0.08799
   0.03529
   -0.08669
   0.15519264286685758
   0.012196666666666666
   0.07315851344094472
   -0.001507    0.7777    0.6287
   0.01322    0.6286    -0.7776
   -0.9999    0.007138    -0.01123
 Node:         96
  0.1205E+03  0.1222E+03  0.4852E+03 -0.5700E-01
  -0.01486
  -0.003453
   0.004946
   0.009407
   0.006639
  -0.002184
   0.009114
   1.42E-4
   -0.02135
   0.02711510781833626
   -0.004031333333333334
   0.012782184407299961
   0.105    0.8167    0.5674
   -0.5352    0.5273    -0.6599
   -0.8382    -0.2344    0.4925
 Node:         97
  0.1373E+03  0.1262E+03  0.4526E+03 -0.5700E-01
  -0.1178
   0.02269
   0.1206
  -0.0217
   0.05068
   0.03969
   0.1454
   0.02145
   -0.1244
   0.2339100949082788
   0.014150000000000001
   0.1102662761984219
   0.04293    0.9043    0.4246
   0.2052    0.408    -0.8896
   0.9778    -0.1253    0.168
 Node:         98
  0.1300E+03  0.1234E+03  0.4686E+03 -0.5700E-01
  -0.08632
   0.006395
   0.08578
   0.006726
   0.02874
   0.0324
   0.09871
   0.01999
   -0.08684
   0.16130450985635833
   0.01062
   0.07603967517026884
   -0.0462    -0.9148    -0.4012
   0.03364    -0.4028    0.9147
   -0.9984    0.02877    0.04939
 Node:         99
  0.1260E+03  0.1218E+03  0.4827E+03 -0.5700E-01
  -0.01107
   4.841E-4
   0.01128
   0.006259
   2.651E-4
  -0.002552
   0.01131
   7.38E-4
   -0.01439
   0.022373126379654676
   -7.806666666666662E-4
   0.010546792919598301
   -0.03085    -0.999    -0.03304
   0.4663    -0.04362    0.8835
   0.8841    -0.01185    -0.4672
 Node:        100
  0.1257E+03  0.1383E+03  0.4526E+03  0.0000E+00
   0.03205
   0.005111
   0.03318
  -0.006605
  -0.001074
  -0.03469
   0.03814
   0.02774
   -0.03534
   0.06887146288558128
   0.010179999999999996
   0.032466318957754765
   -0.6864    -0.7235    0.07293
   0.7207    -0.6903    -0.06436
   0.09691    0.008377    0.9953
 Node:        101
  0.1191E+03  0.1342E+03  0.4713E+03  0.0000E+00
   0.05434
   0.007546
   0.03901
  -0.01234
  -0.005615
  -0.04429
   0.0592
   0.03592
   -0.04607
   0.09577601839709145
   0.016350000000000003
   0.04514924805575393
   -0.9164    -0.3785    0.1298
   -0.3825    0.9239    -0.005852
   -0.1177    -0.055    -0.9915
 Node:        102
  0.1139E+03  0.1312E+03  0.4875E+03  0.0000E+00
   0.02156
   0.001551
  -0.003109
  -0.002162
  -0.006395
  -0.006776
   0.0219
   0.001391
   -0.01161
   0.029262306658908485
   0.0038936666666666664
   0.013794383647782972
   -0.9919    -0.08552    0.09387
   -0.1246    0.7969    -0.5911
   0.02426    0.598    0.8011
 Node:        103
  0.1333E+03  0.1372E+03  0.4518E+03  0.0000E+00
   0.0394
  -0.005247
   0.04008
  -0.008835
  -0.004742
  -0.05005
   0.04507
   0.03557
   -0.05121
   0.09189901196422082
   0.009809999999999998
   0.0433216096961628
   0.703    -0.7105    -0.02987
   0.7041    0.7013    -0.1115
   0.1002    0.05735    0.9933
 Node:        104
  0.1256E+03  0.1335E+03  0.4697E+03  0.0000E+00
   0.065
   0.002902
   0.0183
  -0.01624
  -0.01125
  -0.04099
   0.06786
   0.01968
   -0.04523
   0.09829539307617625
   0.014103333333333336
   0.04633689266904096
   -0.9833    -0.09308    0.1563
   -0.1169    0.9816    -0.1508
   -0.1394    -0.1665    -0.9761
 Node:        105
  0.1201E+03  0.1317E+03  0.4853E+03  0.0000E+00
   0.02225
  -9.574E-4
  -0.007711
  -0.005142
  -0.006873
  -0.006196
   0.02316
   -4.631E-4
   -0.01435
   0.03284735107447783
   0.0027822999999999997
   0.015484389792519003
   -0.9846    -0.0083    0.1744
   0.1317    -0.6912    0.7105
   0.1147    0.7226    0.6817
 Node:        106
  0.1408E+03  0.1353E+03  0.4510E+03  0.0000E+00
   0.04371
  -0.004673
  -0.00235
   0.002037
  -0.02242
  -0.01591
   0.04454
   0.01348
   -0.03257
   0.06719850519170796
   0.008483333333333334
   0.031677679137770746
   -0.9867    0.1389    -0.08475
   0.162    0.7899    -0.5914
   0.01518    0.5973    0.8019
 Node:        107
  0.1329E+03  0.1318E+03  0.4680E+03  0.0000E+00
   0.08803
  -0.007214
   0.006667
  -0.00605
  -0.02882
  -0.008618
   0.08881
   0.02877
   -0.0315
   0.1041915797941465
   0.028693333333333335
   0.04911638174332018
   -0.9965    0.07342    0.04016
   -0.0334    -0.789    0.6135
   0.07673    0.61    0.7887
 Node:        108
  0.1273E+03  0.1304E+03  0.4831E+03  0.0000E+00
   0.02876
  -0.004756
  -0.005094
  -0.006749
  -0.005269
  -0.001432
   0.03057
   0.002081
   -0.01041
   0.03637999863936226
   0.007413666666666666
   0.017149695824966952
   -0.9766    0.1023    0.1891
   0.08465    -0.6256    0.7755
   0.1977    0.7734    0.6023
 Node:        109
  0.1018E+03  0.1092E+03  0.4946E+03 -0.1049E-04
   0.0
   1.388E-16
   1.11E-16
   5.551E-17
  -1.388E-17
   0.0
   2.069E-16
   2.266E-17
   -1.186E-16
   2.827092280064448E-16
   3.698666666666666E-17
   1.3327040815158061E-16
   -0.5724    -0.814    -0.09897
   0.2904    -0.3141    0.9039
   0.7668    -0.4887    -0.4162
 Node:        110
  0.1058E+03  0.1118E+03  0.5081E+03 -0.1049E-04
   0.0
   2.776E-17
   0.0
  -1.388E-17
  -5.204E-17
   2.22E-16
   2.353E-16
   1.788E-17
   -3.112E-17
   2.456135916434593E-16
   7.402E-17
   1.157833574684491E-16
   -0.08376    -0.2246    0.9708
   0.7726    0.6007    0.2056
   0.6293    -0.7673    -0.1232
 Node:        111
  0.1108E+03  0.1137E+03  0.5210E+03 -0.1049E-04
   0.0
   5.551E-17
  -1.11E-16
  -2.776E-17
   3.261E-16
  -2.22E-16
   1.68E-16
   2.779E-18
   -5.038E-16
   6.063148942925615E-16
   -1.1100700000000001E-16
   2.8581958219244996E-16
   0.1486    0.7638    0.6281
   0.9825    -0.0417    -0.1818
   0.1126    -0.6441    0.7566
 Node:        112
  0.1072E+03  0.1111E+03  0.4942E+03 -0.1049E-04
   0.0
   1.388E-16
   1.11E-16
   0.0
   1.388E-17
  -1.665E-16
   2.053E-16
   -9.314E-17
   -1.677E-16
   3.4187324200644896E-16
   -1.851333333333333E-17
   1.6116059181932647E-16
   0.5597    0.8281    0.0309
