 Group name: gastroc_Strain
 #Fields=  16
 1) coordinates, coordinate, rectangular cartesian, #Components=3
   x.  Value index= 1, #Derivatives=0
   y.  Value index= 2, #Derivatives=0
   z.  Value index= 3, #Derivatives=0
 2) Tensor_1, field, rectangular cartesian, #Components=1
   Tensor_1.  Value index= 4, #Derivatives=0
 3) Tensor_2, field, rectangular cartesian, #Components=1
   Tensor_2.  Value index= 5, #Derivatives=0
 4) Tensor_3, field, rectangular cartesian, #Components=1
   Tensor_3.  Value index= 6, #Derivatives=0
 5) Tensor_4, field, rectangular cartesian, #Components=1
   Tensor_4.  Value index= 7, #Derivatives=0
 6) Tensor_5, field, rectangular cartesian, #Components=1
   Tensor_5.  Value index= 8, #Derivatives=0
 7) Tensor_6, field, rectangular cartesian, #Components=1
   Tensor_6.  Value index= 9, #Derivatives=0
 8) Principal_1, field, rectangular cartesian, #Components=1
   Principal_1.  Value index= 10, #Derivatives=0
 9) Principal_2, field, rectangular cartesian, #Components=1
   Principal_2.  Value index= 11, #Derivatives=0
 10) Principal_3, field, rectangular cartesian, #Components=1
   Principal_3.  Value index= 12, #Derivatives=0
 11) VonMises, field, rectangular cartesian, #Components=1
   VonMises.  Value index= 13, #Derivatives=0
 12) Hydrostatic, field, rectangular cartesian, #Components=1
   VonMises.  Value index= 14, #Derivatives=0
 13) Octahedral, field, rectangular cartesian, #Components=1
   VonMises.  Value index= 15, #Derivatives=0
 14) PrincipalVector1, field, rectangular cartesian, #Components=3
   x.  Value index= 16, #Derivatives=0
   y.  Value index= 17, #Derivatives=0
   z.  Value index= 18, #Derivatives=0
 15) PrincipalVector2, field, rectangular cartesian, #Components=3
   x.  Value index= 19, #Derivatives=0
   y.  Value index= 20, #Derivatives=0
   z.  Value index= 21, #Derivatives=0
 16) PrincipalVector3, field, rectangular cartesian, #Components=3
   x.  Value index= 22, #Derivatives=0
   y.  Value index= 23, #Derivatives=0
   z.  Value index= 24, #Derivatives=0
 Node:          1
  0.1287E+03  0.1133E+03  0.4908E+03 -0.2072E-04
  -1.11E-16
  -8.327E-17
  -2.22E-16
  -2.776E-17
  -4.163E-17
  -3.331E-16
   -6.637E-17
   -2.4E-16
   -3.598E-16
   2.5553921597281306E-16
   -2.2205666666666663E-16
   1.204623416489799E-16
   0.8837    -0.4676    -0.01897
   0.4046    0.7837    -0.4712
   0.2352    0.4088    0.8818
 Node:          2
  0.1292E+03  0.1137E+03  0.5052E+03 -0.2072E-04
  -5.551E-17
  -1.11E-16
  -1.665E-16
  -5.551E-17
   1.943E-16
  -2.776E-16
   8.603E-17
   -1.6E-16
   -4.256E-16
   4.4319260925696854E-16
   -1.6652333333333334E-16
   2.089229995849082E-16
   -0.6554    0.6199    0.4313
   0.7522    0.4849    0.4462
   -0.06744    -0.6169    0.7841
 Node:          3
  0.1289E+03  0.1155E+03  0.5194E+03 -0.2072E-04
   2.22E-16
   1.388E-16
   3.331E-16
   1.11E-16
   5.551E-17
   2.22E-16
   4.753E-16
   2.118E-16
   9.006E-17
   3.4107384479024473E-16
   2.590533333333333E-16
   1.6078375235770005E-16
   -0.5696    -0.7144    -0.4063
   0.2395    -0.6172    0.7494
   -0.7862    0.3296    0.5227
 Node:          4
  0.1361E+03  0.1141E+03  0.4915E+03 -0.2072E-04
   0.0
  -2.776E-17
  -1.11E-16
  -2.776E-17
  -8.327E-17
   2.22E-16
   2.435E-16
   6.328E-18
   -1.388E-16
   3.3426485304919515E-16
   3.700933333333334E-17
   1.5757396286894045E-16
   -0.08549    -0.2215    0.9714
   0.9681    -0.2491    0.0284
   0.2357    0.9428    0.2357
 Node:          5
  0.1341E+03  0.1144E+03  0.5054E+03 -0.2072E-04
   3.331E-16
   1.388E-16
   3.331E-16
   5.551E-17
  -6.939E-17
   4.441E-16
   4.814E-16
   4.627E-16
   1.662E-16
   3.062784517395894E-16
   3.7010000000000004E-16
   1.4438104677092028E-16
   -0.348    -0.6443    0.681
   -0.6589    -0.3487    -0.6665
   0.6669    -0.6807    -0.3032
 Node:          6
  0.1323E+03  0.1162E+03  0.5191E+03 -0.2072E-04
   2.22E-16
   5.551E-17
   2.22E-16
  -5.551E-17
  -2.776E-17
   0.0
   2.897E-16
   1.685E-16
   -1.402E-17
   2.648101478418076E-16
   1.4806E-16
   1.2483270084396958E-16
   -0.715    -0.6696    0.2012
   0.6656    -0.7399    -0.09741
   -0.2141    -0.06426    -0.9747
 Node:          7
  0.1408E+03  0.1171E+03  0.4920E+03 -0.2072E-04
   3.331E-16
   2.22E-16
   2.22E-16
  -8.327E-17
  -1.11E-16
   0.0
   5.398E-16
   6.158E-17
   -4.631E-17
   5.403052621435404E-16
   1.8502333333333335E-16
   2.5470234318164845E-16
   -0.7537    -0.6111    0.2419
   -0.656    0.677    -0.3335
   -0.04004    0.4101    0.9112
 Node:          8
  0.1367E+03  0.1169E+03  0.5055E+03 -0.2072E-04
   2.22E-16
   1.943E-16
   2.22E-16
  -4.025E-16
  -2.359E-16
  -2.22E-16
   6.547E-16
   4.477E-17
   -4.775E-16
   9.814930967154074E-16
   7.399000000000001E-17
   4.626802829168323E-16
   -0.6847    -0.5611    0.4652
   0.5685    -0.8105    -0.1409
   -0.4561    -0.1681    -0.8739
 Node:          9
  0.1339E+03  0.1180E+03  0.5191E+03 -0.2072E-04
   2.22E-16
   1.665E-16
   0.0
  -3.955E-16
  -2.776E-16
   6.661E-16
   1.002E-15
   -9.379E-18
   -1.046E-16
   1.062195387036208E-15
   2.96007E-16
   5.007237074122481E-16
   -0.4817    -0.3073    0.8207
   -0.8565    -0.03292    -0.515
   -0.1853    0.951    0.2474
 Node:         10
  0.1294E+03  0.1212E+03  0.4911E+03 -0.2072E-04
   0.0
   2.776E-17
   1.11E-16
  -1.388E-17
   1.249E-16
   1.11E-16
   2.363E-16
   2.303E-17
   -3.732E-17
   2.48992088026909E-16
   7.400333333333333E-17
   1.173759959370834E-16
   0.0421    0.71    0.703
   -0.7813    -0.4152    0.4661
   -0.6228    0.5688    -0.5372
 Node:         11
  0.1295E+03  0.1214E+03  0.5055E+03 -0.2072E-04
  -2.22E-16
  -2.776E-17
  -2.22E-16
  -4.163E-17
   1.388E-17
  -1.665E-16
   -1.365E-16
   -2.183E-16
   -2.558E-16
   1.0566451627675205E-16
   -2.035333333333333E-16
   4.9810730660058464E-17
   -0.4935    0.2929    0.8189
   0.3541    -0.7924    0.4968
   -0.7944    -0.5351    -0.2873
 Node:         12
  0.1295E+03  0.1217E+03  0.5196E+03 -0.2072E-04
   1.11E-16
   0.0
   1.11E-16
   7.633E-17
   2.776E-17
   2.22E-16
   2.649E-16
   1.11E-16
   6.816E-17
   1.792025435087348E-16
   1.4801999999999999E-16
   8.447688914726913E-17
   -0.4387    -0.1595    -0.8844
   0.3417    -0.9398    -2.255E-17
   0.8311    0.3022    -0.4668
 Node:         13
  0.1361E+03  0.1199E+03  0.4914E+03 -0.2072E-04
   1.11E-16
  -1.388E-16
   0.0
  -9.714E-17
   2.776E-17
  -1.665E-16
   2.285E-16
   -8.52E-17
   -1.988E-16
   3.833392361864358E-16
   -1.849999999999999E-17
   1.807078489348669E-16
   0.8171    -0.5252    -0.2378
   0.4648    0.8442    -0.2671
   0.341    0.1077    0.9339
 Node:         14
  0.1342E+03  0.1198E+03  0.5054E+03 -0.2072E-04
  -5.551E-17
   2.776E-17
   0.0
   5.551E-17
  -9.021E-17
   1.11E-16
   1.672E-16
   -4.94E-18
   -1.068E-16
   2.398787602102362E-16
   1.8486666666666665E-17
   1.130799320048532E-16
   0.1634    -0.4472    0.8794
   -0.6569    -0.7144    -0.2412
   -0.7361    0.5382    0.4105
 Node:         15
  0.1330E+03  0.1205E+03  0.5193E+03 -0.2072E-04
   2.22E-16
  -8.327E-17
  -5.551E-17
   1.388E-17
   4.857E-17
   0.0
   2.451E-16
   2.471E-17
   -1.033E-16
   3.0523832672192397E-16
   5.550333333333333E-17
   1.438907271354049E-16
   -0.9638    0.2667    -0.001723
   0.1157    0.4239    0.8983
   0.2403    0.8656    -0.4394
 Node:         16
  0.1404E+03  0.1188E+03  0.4918E+03 -0.2072E-04
   2.22E-16
   5.551E-17
   2.22E-16
  -8.327E-17
  -1.457E-16
   4.441E-16
   5.466E-16
   1.95E-16
   1.465E-16
   3.7818964819254375E-16
   2.9603333333333337E-16
   1.7828030987433498E-16
   -0.2927    -0.4328    0.8526
   -0.9222    -0.1077    -0.3713
   -0.2526    0.895    0.3676
 Node:         17
  0.1365E+03  0.1184E+03  0.5055E+03 -0.2072E-04
  -1.11E-16
   2.776E-17
  -1.11E-16
   9.714E-17
   1.7E-16
   0.0
   1.573E-16
   -1.341E-16
   -2.452E-16
   3.600440389730123E-16
   -7.400000000000001E-17
   1.697263876557404E-16
   0.3368    0.5285    0.7792
   0.8927    -0.4425    -0.08566
   -0.2996    -0.7244    0.6209
 Node:         18
  0.1341E+03  0.1191E+03  0.5192E+03 -0.2072E-04
   0.0
   0.0
   0.0
   2.645E-17
   1.065E-16
   4.441E-16
   4.697E-16
   -1.672E-33
   -2.562E-17
   4.830198633596759E-16
   1.4802666666666666E-16
   2.2769774721961763E-16
   -0.05484    -0.2207    -0.9738
   0.9705    -0.2411    -6.21E-17
   -0.2348    -0.9451    0.2274
 Node:         19
  0.1301E+03  0.1291E+03  0.4914E+03  0.0000E+00
   1.11E-16
   0.0
   1.11E-16
   2.101E-19
   1.001E-17
  -2.22E-16
   1.113E-16
   1.11E-16
   -2.223E-16
   3.3345010121455954E-16
   0.0
   1.5718988517077046E-16
   -0.02096    -0.9993    -0.03003
   0.9998    -0.02097    1.345E-19
   6.298E-4    0.03003    -0.9995
 Node:         20
  0.1299E+03  0.1291E+03  0.5058E+03  0.0000E+00
   2.22E-16
   0.0
   0.0
   1.041E-17
   1.924E-17
  -5.551E-17
   2.224E-16
   5.975E-18
   -6.188E-17
   2.5715676157744715E-16
   5.549833333333335E-17
   1.2122485995959007E-16
   -0.9993    -0.003257    -0.03765
   0.01428    -0.9549    -0.2965
   -0.03498    -0.2968    0.9543
 Node:         21
  0.1301E+03  0.1280E+03  0.5197E+03  0.0000E+00
   1.11E-16
   0.0
   0.0
   4.163E-17
   1.475E-17
   1.11E-16
   1.534E-16
   7.089E-17
   -2.22E-18
   1.3485280234388901E-16
   7.402333333333333E-17
   6.357022066624871E-17
   -0.6994    -0.0684    -0.7114
   -0.7126    0.1429    0.6869
   -0.05465    -0.9874    0.1487
 Node:         22
  0.1360E+03  0.1256E+03  0.4913E+03  0.0000E+00
  -2.22E-16
   1.388E-17
  -1.11E-16
  -1.388E-17
   1.006E-16
   1.11E-16
   1.5E-16
   -1.456E-16
   -2.264E-16
   3.432090907886911E-16
   -7.4E-17
   1.617903169743686E-16
   -0.02144    0.3586    0.9332
   0.228    0.9106    -0.3447
   -0.9734    0.2054    -0.1013
 Node:         23
  0.1343E+03  0.1253E+03  0.5054E+03  0.0000E+00
   0.0
   2.082E-17
  -4.441E-16
   0.0
   1.314E-16
  -1.665E-16
   1.265E-18
   -1.147E-16
   -4.972E-16
   4.517861703560657E-16
   -2.0354499999999996E-16
   2.1297404313671653E-16
   0.997    0.06061    0.04746
   0.06644    -0.3661    -0.9282
   0.03888    -0.9286    0.369
 Node:         24
  0.1336E+03  0.1248E+03  0.5194E+03  0.0000E+00
  -2.22E-16
   1.214E-17
   0.0
   1.388E-17
   8.674E-19
  -1.665E-16
   6.779E-19
   -1.633E-16
   -2.259E-16
   2.026635838733984E-16
   -1.2950736666666666E-16
   9.553652963763242E-17
   -0.05504    -0.9984    -0.009747
   0.2257    -0.02195    0.974
   -0.9726    0.05141    0.2265
 Node:         25
  0.1400E+03  0.1206E+03  0.4917E+03  0.0000E+00
   0.0
   2.671E-16
  -1.11E-16
  -8.327E-17
  -1.301E-16
   2.22E-16
   3.681E-16
   7.58E-17
   -3.329E-16
   6.098671904603493E-16
   3.699999999999999E-17
   2.8749415066513385E-16
   0.5089    0.4781    -0.7159
   0.6086    0.3883    0.692
   0.6088    -0.7878    -0.09334
 Node:         26
  0.1363E+03  0.1200E+03  0.5055E+03  0.0000E+00
   2.22E-16
   1.076E-16
  -6.106E-16
   2.776E-17
  -1.124E-15
  -5.551E-17
   8.281E-16
   2.248E-16
   -1.497E-15
   2.089815319591662E-15
   -1.4803333333333336E-16
   9.851483892738641E-16
   0.07371    0.6174    -0.7832
   0.9955    0.001018    0.09449
   -0.05914    0.7866    0.6146
 Node:         27
  0.1343E+03  0.1203E+03  0.5192E+03  0.0000E+00
   2.22E-16
  -1.943E-16
   2.22E-16
  -1.041E-16
   1.313E-15
   0.0
   1.466E-15
   1.875E-16
   -1.209E-15
   2.3173691440942246E-15
   1.4816666666666667E-16
   1.0924182908676612E-15
   -0.1693    0.728    0.6643
   0.9848    0.09849    0.1431
   0.03876    0.6785    -0.7336
 Node:         28
  0.1155E+03  0.1124E+03  0.4931E+03 -0.1225E-03
  -2.22E-16
   3.816E-17
   2.22E-16
  -5.551E-17
   5.551E-17
   1.11E-16
   2.455E-16
   1.014E-16
   -2.359E-16
   4.279497984577163E-16
   3.699999999999999E-17
   2.0173746966457835E-16
   0.03184    0.9284    0.3701
   0.1988    0.3571    -0.9127
   0.9795    -0.1026    0.1732
 Node:         29
  0.1119E+03  0.1139E+03  0.5068E+03 -0.1225E-03
  -2.22E-16
  -2.082E-17
   0.0
   5.551E-17
   6.939E-18
  -3.331E-16
   1.944E-18
   -2.004E-16
   -3.566E-16
   3.113642033631998E-16
   -1.8501866666666668E-16
   1.4677849307791052E-16
   -0.09118    0.9958    0.005517
   -0.9179    -0.08189    -0.3884
   -0.3863    -0.04048    0.9215
 Node:         30
  0.1113E+03  0.1159E+03  0.5206E+03 -0.1225E-03
   2.22E-16
   1.249E-16
   2.22E-16
   0.0
  -2.776E-17
   1.11E-16
   3.486E-16
   1.238E-16
   8.277E-17
   2.4787505905193444E-16
   1.8505666666666664E-16
   1.1684942342842583E-16
   -0.7001    -0.7092    0.08287
   -0.4685    0.3686    -0.8029
   -0.5389    0.6009    0.5903
 Node:         31
  0.1203E+03  0.1126E+03  0.4920E+03 -0.1225E-03
  -5.551E-17
   9.714E-17
  -1.11E-16
   2.776E-17
   4.163E-17
  -5.551E-17
   4.114E-17
   -7.661E-17
   -1.866E-16
   1.9726678661143135E-16
   -7.402333333333333E-17
   9.29924550105485E-17
   -0.6956    -0.5654    -0.4433
   0.4358    0.1585    -0.886
   0.5712    -0.8095    0.1362
 Node:         32
  0.1188E+03  0.1134E+03  0.5062E+03 -0.1225E-03
   2.22E-16
  -1.388E-17
  -1.11E-16
  -2.776E-17
   9.714E-17
  -5.551E-17
   2.266E-16
   1.331E-17
   -1.844E-16
   3.5602167644681415E-16
   1.8503333333333345E-17
   1.6783022777663014E-16
   -0.9894    0.07624    0.1236
   0.1445    0.5992    0.7875
   0.01402    -0.797    0.6038
 Node:         33
  0.1183E+03  0.1150E+03  0.5201E+03 -0.1225E-03
   1.11E-16
   5.551E-17
   0.0
   8.327E-17
   0.0
   0.0
   1.7E-16
   0.0
   -5.893E-17
   2.0589037107159722E-16
   3.702333333333333E-17
   9.705765171049398E-17
   -0.8617    -0.2815    -0.4222
   0.0    -0.8321    0.5547
   -0.5074    0.478    0.717
 Node:         34
  0.1255E+03  0.1129E+03  0.4909E+03 -0.1225E-03
   0.0
   0.0
   0.0
   5.551E-17
   9.714E-17
   0.0
   1.119E-16
   3.387E-33
   -1.119E-16
   1.9381648536695736E-16
   0.0
   9.136596740581255E-17
   -0.3508    -0.6139    -0.7071
   0.8682    -0.4961    -4.855E-17
   -0.3508    -0.6139    0.7071
 Node:         35
  0.1260E+03  0.1135E+03  0.5054E+03 -0.1225E-03
   0.0
   1.11E-16
  -1.11E-16
   1.11E-16
   2.498E-16
  -1.11E-16
   2.41E-16
   -1.023E-16
   -3.608E-16
   5.228959647960578E-16
   -7.403333333333333E-17
   2.4649552170824977E-16
   0.5458    0.5925    0.5925
   0.8379    -0.3859    -0.3859
   -4.975E-17    -0.7071    0.7071
 Node:         36
  0.1257E+03  0.1153E+03  0.5196E+03 -0.1225E-03
   0.0
  -5.551E-17
   0.0
  -5.551E-17
   8.327E-17
   0.0
   1.305E-16
   -4.723E-17
   -8.327E-17
   1.982226619234037E-16
   0.0
   9.344305895392481E-17
   -0.5155    0.6059    0.6059
   0.8569    0.3645    0.3645
   -1.256E-16    0.7071    -0.7071
 Node:         37
  0.1132E+03  0.1210E+03  0.4959E+03 -0.1225E-03
  -2.22E-16
   1.388E-16
  -2.22E-16
  -8.327E-17
   1.804E-16
  -2.776E-16
   -4.482E-17
   -1.622E-16
   -5.146E-16
   4.2347200190803645E-16
   -2.4054E-16
   1.9962661612787678E-16
   0.3971    0.7887    0.4693
   -0.7874    0.0301    0.6157
   0.4715    -0.614    0.633
 Node:         38
  0.1111E+03  0.1204E+03  0.5085E+03 -0.1225E-03
  -1.665E-16
   9.714E-17
   0.0
  -2.776E-17
  -8.327E-17
  -2.22E-16
   7.071E-17
   -2.091E-16
   -2.502E-16
   3.0246162913665597E-16
   -1.2953E-16
   1.4258177934084005E-16
   -0.3916    -0.8746    0.2859
   0.9154    -0.3389    0.217
   0.09287    -0.3467    -0.9334
 Node:         39
  0.1119E+03  0.1201E+03  0.5207E+03 -0.1225E-03
  -5.551E-17
  -9.714E-17
  -3.331E-16
  -8.327E-17
  -7.633E-17
  -1.11E-16
   8.934E-18
   -1.105E-16
   -3.981E-16
   3.6239130612640252E-16
   -1.6655533333333335E-16
   1.7083290000335286E-16
   0.851    -0.1281    -0.5092
   0.4076    -0.4503    0.7944
   -0.3311    -0.8836    -0.331
 Node:         40
  0.1191E+03  0.1220E+03  0.4937E+03 -0.1225E-03
   0.0
   8.327E-17
  -2.22E-16
   8.327E-17
  -1.388E-17
  -2.22E-16
   4.872E-17
   -2.082E-16
   -2.846E-16
   3.0244591979393603E-16
   -1.4802666666666666E-16
   1.4257437388566321E-16
   -0.924    -0.2703    -0.2703
   0.0    -0.7071    0.7071
   0.3823    -0.6534    -0.6534
 Node:         41
  0.1182E+03  0.1217E+03  0.5073E+03 -0.1225E-03
   0.0
  -2.776E-17
  -5.551E-17
   5.551E-17
   9.714E-17
   1.11E-16
   1.653E-16
   1.073E-17
   -1.206E-16
   2.478691830381502E-16
   1.8476666666666666E-17
   1.168466534489637E-16
   0.2406    0.3653    0.8993
   -0.8901    0.4526    0.05428
   -0.3871    -0.8135    0.434
 Node:         42
  0.1187E+03  0.1212E+03  0.5204E+03 -0.1225E-03
   0.0
  -5.551E-17
  -1.11E-16
   0.0
   5.551E-17
   1.11E-16
   1.256E-16
   1.887E-17
   -1.444E-16
   2.3552960089975954E-16
   2.3333333333339628E-20
   1.1102971864425409E-16
   0.1113    -0.2517    -0.9614
   0.9295    -0.3159    0.1903
   -0.3516    -0.9148    0.1988
 Node:         43
  0.1258E+03  0.1217E+03  0.4915E+03 -0.1225E-03
   2.22E-16
   1.11E-16
   1.11E-16
  -1.388E-17
   0.0
  -5.551E-17
   2.911E-16
   4.294E-17
   -5.645E-17
   3.1004254562882173E-16
   9.253E-17
   1.4615545764698628E-16
   -0.8507    -0.5246    0.03406
   -0.5213    0.8502    0.07348
   0.06751    -0.04475    0.9967
 Node:         44
  0.1259E+03  0.1220E+03  0.5059E+03 -0.1225E-03
  -2.22E-16
   1.388E-16
  -2.22E-16
   9.714E-17
   1.11E-16
  -1.11E-16
   5.081E-17
   -2.445E-16
   -3.614E-16
   3.679610646522265E-16
   -1.8503E-16
   1.7345850935214064E-16
   -0.5113    -0.534    -0.6733
   -0.5198    -0.4318    0.7372
   -0.6844    0.7269    -0.05679
 Node:         45
  0.1261E+03  0.1221E+03  0.5198E+03 -0.1225E-03
  -5.551E-17
  -8.327E-17
  -2.776E-16
   2.776E-17
  -6.939E-18
   1.11E-16
   1.167E-16
   -3.339E-17
   -3.053E-16
   3.7050374910383835E-16
   -7.399666666666666E-17
   1.7465714229757554E-16
   0.1854    -0.05643    0.981
   0.9302    -0.3117    -0.1938
   -0.3167    -0.9485    0.005308
 Node:         46
  0.1117E+03  0.1296E+03  0.4959E+03  0.0000E+00
  -5.551E-17
   2.776E-17
  -1.665E-16
   6.939E-18
  -2.602E-17
   0.0
   4.101E-18
   -4.897E-17
   -1.772E-16
   1.6144583695778595E-16
   -7.402300000000001E-17
   7.610629740479211E-17
   0.04856    -0.1429    0.9886
   0.9724    0.2327    -0.01414
   -0.228    0.962    0.1502
 Node:         47
  0.1107E+03  0.1269E+03  0.5087E+03  0.0000E+00
  -1.665E-16
  -3.123E-17
   1.11E-16
  -2.776E-17
   3.99E-17
   0.0
   1.289E-16
   -1.114E-17
   -1.732E-16
   2.6185783853075704E-16
   -1.8479999999999997E-17
   1.2344096888796688E-16
   -0.1292    0.939    0.3186
   -0.1008    -0.3321    0.9379
   -0.9865    -0.08906    -0.1376
 Node:         48
  0.1125E+03  0.1242E+03  0.5208E+03  0.0000E+00
   1.11E-16
   3.469E-18
   1.11E-16
   0.0
  -1.735E-18
   1.11E-16
   1.149E-16
   1.11E-16
   1.071E-16
   6.75499814951862E-18
   1.1099999999999999E-16
   3.1843366656181307E-18
   -0.6325    -0.7071    0.3162
   0.4472    -4.455E-15    0.8944
   -0.6325    0.7071    0.3162
 Node:         49
  0.1186E+03  0.1311E+03  0.4938E+03  0.0000E+00
  -1.665E-16
  -2.082E-17
   0.0
  -4.163E-17
  -6.072E-18
  -5.551E-17
   2.581E-18
   -4.165E-17
   -1.83E-16
   1.6789358448433935E-16
   -7.402300000000001E-17
   7.914579473772858E-17
   0.1174    -0.9929    0.01965
   -0.3135    -0.01827    0.9494
   -0.9423    -0.1176    -0.3134
 Node:         50
  0.1180E+03  0.1298E+03  0.5075E+03  0.0000E+00
   0.0
  -1.301E-17
   3.331E-16
  -4.163E-17
   1.247E-17
   2.22E-16
   3.354E-16
   2.276E-16
   -7.879E-18
   3.040655120874448E-16
   1.8504033333333332E-16
   1.4333785701466156E-16
   0.05441    -0.9902    -0.1289
   -0.1707    -0.1364    0.9758
   0.9838    0.03109    0.1765
 Node:         51
  0.1192E+03  0.1275E+03  0.5206E+03  0.0000E+00
   0.0
  -3.469E-18
  -5.551E-17
   0.0
   1.475E-17
   1.11E-16
   1.123E-16
   2.087E-19
   -5.702E-17
   1.491791641607165E-16
   1.849623333333333E-17
   7.03237323931892E-17
   -0.002705    0.08758    0.9962
   0.9982    -0.06004    0.007989
   -0.06051    -0.9943    0.08725
 Node:         52
  0.1262E+03  0.1305E+03  0.4920E+03  0.0000E+00
   1.11E-16
  -1.388E-17
   1.11E-16
   1.301E-18
   4.906E-18
   0.0
   1.25E-16
   9.734E-17
   -2.497E-19
   1.1396559238686912E-16
   7.403009999999999E-17
   5.372389546579809E-17
   -0.7047    0.7092    0.02051
   0.7093    0.7034    0.04493
   -0.01744    -0.04621    0.9988
 Node:         53
  0.1258E+03  0.1304E+03  0.5063E+03  0.0000E+00
  -1.665E-16
  -1.735E-18
  -1.11E-16
   2.776E-17
   3.383E-17
  -2.22E-16
   -1.01E-16
   -1.572E-16
   -2.414E-16
   1.2239330047024632E-16
   -1.6653333333333332E-16
   5.769675515620921E-17
   0.09684    0.9526    0.2883
   -0.9346    0.1866    -0.3027
   -0.3422    -0.2402    0.9084
 Node:         54
  0.1265E+03  0.1288E+03  0.5200E+03  0.0000E+00
  -2.22E-16
   2.082E-17
   1.11E-16
   0.0
  -4.337E-18
   1.11E-16
   1.16E-16
   1.073E-16
   -2.233E-16
   3.350347295430729E-16
   0.0
   1.5793688612860518E-16
   -0.04656    -0.7562    0.6527
   -0.04117    -0.6514    -0.7576
   -0.9981    0.06215    8.061E-4
 Node:         55
  0.1381E+03  0.1168E+03  0.4524E+03  0.1264E-01
   0.001342
  -0.01562
   0.01917
  -0.00372
   0.02266
  -0.03282
   0.03518
   -0.006072
   -0.04141
   0.06639476578767337
   -0.0041006666666666665
   0.031298792749170946
   -0.4266    0.8508    0.3068
   0.903    0.3815    0.1975
   -0.05101    -0.3613    0.9311
 Node:         56
  0.1314E+03  0.1156E+03  0.4682E+03  0.1264E-01
   0.0105
  -0.01431
   0.01246
  -0.00752
   0.009962
  -0.01999
   0.02898
   -0.002793
   -0.02322
   0.04556109007695053
   9.889999999999992E-4
   0.02147770383444189
   0.6541    -0.7153    -0.246
   0.7465    0.6629    0.05757
   0.1219    -0.2213    0.9676
 Node:         57
  0.1285E+03  0.1140E+03  0.4823E+03  0.1264E-01
   0.004274
  -0.003891
   0.003458
  -0.002076
   0.001517
  -8.531E-4
   0.00848
   -5.452E-6
   -0.001596
   0.009382390808973158
   0.002292849333333333
   0.004422901443178172
   -0.722    0.6393    0.2646
   0.623    0.767    -0.1533
   0.3009    -0.05417    0.9521
 Node:         58
  0.1478E+03  0.1179E+03  0.4523E+03  0.1264E-01
   3.053E-4
  -0.01986
   0.03978
  -0.003392
   0.01532
  -0.07424
   0.04996
   -0.00785
   -0.07627
   0.10944703148098628
   -0.01138666666666667
   0.05159382542729529
   -0.3758    0.9184    0.1235
   0.9267    0.3739    0.03891
   0.01045    -0.1291    0.9916
 Node:         59
  0.1415E+03  0.1167E+03  0.4687E+03  0.1264E-01
   0.02687
  -0.02793
   0.03118
  -0.0221
   0.02085
  -0.02487
   0.06704
   0.001114
   -0.03497
   0.08959445471679596
   0.011061333333333334
   0.04223523099130499
   -0.6522    0.6902    0.3134
   0.7149    0.6975    -0.04844
   0.2521    -0.1925    0.9484
 Node:         60
  0.1374E+03  0.1150E+03  0.4832E+03  0.1264E-01
   0.01343
  -0.01174
   0.01008
  -0.01044
   0.007387
   0.003285
   0.02975
   3.011E-4
   -0.003249
   0.03137494957940172
   0.008934033333333332
   0.014790293071320647
   -0.6924    0.5763    0.4341
   0.4928    0.8172    -0.2989
   -0.527    0.006966    -0.8499
 Node:         61
  0.1548E+03  0.1224E+03  0.4523E+03  0.1264E-01
   0.02889
  -0.01516
   0.009104
   0.002427
  -0.007035
  -0.05122
   0.03745
   0.001369
   -0.05203
   0.07797423344284957
   -0.004403666666666667
   0.03675740615017454
   0.8736    -0.4827    0.06222
   0.4866    0.8686    -0.09374
   -0.008792    0.1122    0.9937
 Node:         62
  0.1488E+03  0.1204E+03  0.4692E+03  0.1264E-01
   0.0566
  -0.04524
   0.02954
  -0.02619
   0.01452
   0.006786
   0.09978
   4.579E-4
   -0.007303
   0.10342117773024052
   0.030978299999999997
   0.04875321072756816
   -0.7709    0.5595    0.3044
   -0.1858    -0.6547    0.7327
   0.6092    0.5083    0.6087
 Node:         63
  0.1436E+03  0.1181E+03  0.4838E+03  0.1264E-01
   0.01511
  -0.02141
   0.02348
  -0.009315
   0.01296
   0.006837
   0.04737
   8.596E-4
   -0.002809
   0.04844898334908587
   0.015140200000000001
   0.0228390697784885
   -0.5857    0.7233    0.3659
   -0.4391    0.09637    -0.8933
   -0.6813    -0.6838    0.2611
 Node:         64
  0.1410E+03  0.1253E+03  0.4518E+03  0.1264E-01
  -0.03628
  -0.01276
   0.04918
  -0.004314
   0.004054
  -0.02947
   0.05131
   -0.02835
   -0.03952
   0.08579211327389015
   -0.00552
   0.040442790045528094
   -0.1467    0.9875    0.05739
   -0.34    -0.1048    0.9346
   0.9289    0.1176    0.3511
 Node:         65
  0.1339E+03  0.1229E+03  0.4680E+03  0.1264E-01
  -0.001645
  -0.02498
   0.03541
  -0.008689
   0.004123
  -0.01851
   0.04885
   -0.01039
   -0.02321
   0.06658218079937003
   0.005083333333333331
   0.031387141032948866
   0.4562    -0.8827    -0.1129
   0.7158    0.4393    -0.5428
   0.5287    0.1668    0.8323
 Node:         66
  0.1299E+03  0.1214E+03  0.4825E+03  0.1264E-01
   0.007417
  -0.008149
   0.008912
  -0.002702
   0.002146
  -9.339E-4
   0.017
   1.489E-4
   -0.00175
   0.0178763515911385
   0.005132966666666667
   0.008426992955312641
   -0.6666    0.7216    0.1868
   0.6638    0.6887    -0.2915
   0.339    0.07029    0.9381
 Node:         67
  0.1495E+03  0.1246E+03  0.4520E+03  0.1264E-01
  -0.02323
  -0.0164
   0.04596
  -0.003724
   0.004924
  -0.06751
   0.04992
   -0.02676
   -0.06793
   0.10359395204354356
   -0.014923333333333335
   0.04883465731993577
   0.2209    -0.9741    -0.04785
   0.9727    0.2236    -0.06187
   -0.07097    0.03288    -0.9969
 Node:         68
  0.1430E+03  0.1225E+03  0.4686E+03  0.1264E-01
   0.02775
  -0.03518
   0.04211
  -0.02096
   0.01067
  -0.0378
   0.07499
   0.001009
   -0.04393
   0.10400641442238069
   0.010689666666666667
   0.049029093949975816
   -0.6392    0.7454    0.1893
   0.717    0.6666    -0.204
   0.2782    -0.005317    0.9605
 Node:         69
  0.1379E+03  0.1205E+03  0.4830E+03  0.1264E-01
   0.01732
  -0.01392
   0.01225
  -0.009144
   0.005994
  -2.998E-4
   0.03254
   9.221E-4
   -0.004188
   0.03445831326704776
   0.009758033333333334
   0.0162438046529199
   -0.7368    0.5986    0.3144
   0.555    0.801    -0.2242
   0.3861    -0.009308    0.9224
 Node:         70
  0.1550E+03  0.1244E+03  0.4522E+03  0.1264E-01
  -0.007855
  -0.02064
   0.026
  -0.01595
   0.01256
  -0.0778
   0.03863
   -0.01641
   -0.08188
   0.10449493432698065
   -0.019886666666666667
   0.04925938444150064
   -0.445    0.8818    0.1561
   0.8753    0.4651    -0.1322
   0.1892    -0.0778    0.9789
 Node:         71
  0.1490E+03  0.1223E+03  0.4691E+03  0.1264E-01
   0.05693
  -0.03432
   0.03401
  -0.0429
   0.02109
  -0.02999
   0.09898
   0.01018
   -0.0482
   0.12836591603692937
   0.020319999999999998
   0.0605122731352905
   -0.7791    0.5235    0.3448
   0.52    0.8469    -0.1108
   0.35    -0.09295    0.9321
 Node:         72
  0.1435E+03  0.1199E+03  0.4837E+03  0.1264E-01
   0.02883
  -0.01592
   0.01042
  -0.01704
   0.008421
   0.00301
   0.04633
   0.001413
   -0.005482
   0.04873172097309924
   0.014087
   0.022972353572646115
   -0.7987    0.4483    0.4013
   0.4273    0.8922    -0.1464
   0.4237    -0.05456    0.9042
 Node:         73
  0.1440E+03  0.1339E+03  0.4511E+03  0.0000E+00
   0.03661
  -0.00192
  -0.03309
  -0.004638
   0.003817
   0.01193
   0.03755
   0.01135
   -0.03344
   0.062177826433544615
   0.0051533333333333336
   0.02931090847373304
   -0.9824    0.03661    0.1833
   0.1856    0.07612    0.9797
   -0.02191    -0.9964    0.08158
 Node:         74
  0.1364E+03  0.1303E+03  0.4677E+03  0.0000E+00
   0.06671
   0.01687
  -0.007469
   0.004692
   0.005694
   0.01989
   0.07102
   0.0199
   -0.01179
   0.07237059692996874
   0.02637666666666667
   0.03411582656513282
   -0.9697    -0.2166    -0.1131
   -0.1409    0.1177    0.983
   -0.1996    0.9691    -0.1446
 Node:         75
  0.1313E+03  0.1288E+03  0.4826E+03  0.0000E+00
   0.02827
   0.006817
   8.336E-4
   0.001364
   6.97E-4
   0.002303
   0.02995
   0.002267
   -8.113E-4
   0.029343500111438648
   0.010468566666666667
   0.013832658608364322
   -0.972    -0.2289    -0.05372
   -0.07939    0.1045    0.9914
   -0.2213    0.9678    -0.1197
 Node:         76
  0.1512E+03  0.1312E+03  0.4516E+03  0.0000E+00
   0.03049
  -0.005647
  -0.03638
  -0.00688
   0.00489
   0.01142
   0.0334
   0.009377
   -0.03724
   0.062210364160644495
   0.0018456666666666645
   0.029326246905384188
   -0.9432    0.09856    0.3172
   0.3239    0.06092    0.9441
   -0.07373    -0.9933    0.08938
 Node:         77
  0.1444E+03  0.1282E+03  0.4683E+03  0.0000E+00
   0.08261
   0.01705
  -0.009905
   0.00426
   0.006037
   0.01323
   0.08604
   0.01385
   -0.01395
   0.08939305398072045
   0.028646666666666668
   0.04214028977382835
   -0.9812    -0.1789    -0.07225
   -0.1039    0.1743    0.9792
   -0.1626    0.9683    -0.1896
 Node:         78
  0.1384E+03  0.1261E+03  0.4829E+03  0.0000E+00
   0.03488
   0.009802
   0.001215
   0.002309
   0.00127
   0.001606
   0.03771
   0.001554
   -0.00156
   0.037809299332307124
   0.012568000000000001
   0.017823474633190915
   -0.9627    -0.261    -0.07075
   -0.1203    0.179    0.9765
   -0.2422    0.9486    -0.2037
 Node:         79
  0.1552E+03  0.1264E+03  0.4522E+03  0.0000E+00
   0.0196
   8.405E-4
  -0.07092
  -0.0159
   0.001911
  -0.04738
   0.02318
   -0.05075
   -0.07113
   0.08595163000199589
   -0.032900000000000006
   0.04051798695229893
   0.9756    0.004252    -0.2197
   -0.2181    -0.1011    -0.9707
   -0.02633    0.9949    -0.09768
 Node:         80
  0.1492E+03  0.1242E+03  0.4691E+03  0.0000E+00
   0.09716
   0.009536
  -0.04497
   0.01104
   0.003896
  -0.02949
   0.09879
   -0.02986
   -0.04623
   0.13756743764423326
   0.007566666666666669
   0.06484991201912992
   -0.9938    -0.06829    -0.08759
   -0.09911    0.1893    0.9769
   0.05014    -0.9795    0.1949
 Node:         81
  0.1433E+03  0.1217E+03  0.4836E+03  0.0000E+00
   0.04084
   0.008566
  -0.00393
   0.01092
   0.003076
   7.496E-5
   0.04525
   -0.002418
   -0.005843
   0.04946950322168194
   0.012329666666666664
   0.023320147459987377
   -0.9531    -0.1812    -0.2426
   -0.2847    0.2629    0.9219
   0.1032    -0.9477    0.3021
 Node:         82
  0.1267E+03  0.1148E+03  0.4557E+03  0.1622E-01
   0.01681
  -0.01497
  -0.001776
  -0.004319
   0.002191
  -0.007988
   0.02582
   -0.008657
   -0.01012
   0.03523128934626151
   0.002347666666666666
   0.016608189071124588
   -0.8654    0.4805    0.1417
   0.0618    -0.1783    0.982
   0.4972    0.8587    0.1246
 Node:         83
  0.1234E+03  0.1129E+03  0.4717E+03  0.1622E-01
   0.001327
  -0.009998
  -0.003163
  -0.004472
   0.002342
  -0.001941
   0.0112
   -0.0037
   -0.01128
   0.019809300845814826
   -0.00126
   0.009338193972426717
   0.7397    -0.5725    -0.3537
   -0.2005    0.3142    -0.9279
   0.6424    0.7573    0.1177
 Node:         84
  0.1187E+03  0.1123E+03  0.4849E+03  0.1622E-01
  -1.568E-4
  -7.893E-4
  -3.805E-4
  -6.538E-4
   3.62E-5
   1.11E-4
   9.046E-4
   -1.264E-4
   -0.001204
   0.0018262498076659721
   -1.4193333333333336E-4
   8.609024154274913E-4
   -0.6844    0.4368    0.5838
   0.2355    -0.6253    0.744
   -0.69    -0.6467    -0.3251
 Node:         85
  0.1302E+03  0.1161E+03  0.4544E+03  0.1622E-01
   0.01705
  -0.01657
  -3.718E-4
  -0.004052
   0.002929
  -0.01211
   0.02769
   -0.01031
   -0.0128
   0.039304199521170764
   0.0015266666666666664
   0.0185281773403526
   -0.8486    0.5142    0.1242
   0.5287    0.8326    0.1654
   0.0184    -0.206    0.9784
 Node:         86
  0.1252E+03  0.1138E+03  0.4700E+03  0.1622E-01
  -0.01606
  -0.006926
   0.03292
  -0.01143
   0.01
  -0.002672
   0.03733
   -5.114E-4
   -0.02264
   0.052526409509502936
   0.0047262
   0.02476118690370072
   -0.1835    0.94    0.2875
   -0.4537    -0.3405    0.8236
   0.8721    0.02068    0.4889
 Node:         87
  0.1217E+03  0.1126E+03  0.4833E+03  0.1622E-01
   8.004E-4
  -6.898E-4
   7.292E-6
  -0.001845
   1.217E-4
   0.001336
   0.003031
   1.165E-4
   -0.001004
   0.0036077039443391137
   7.144999999999999E-4
   0.0017006879490370948
   -0.6593    0.1798    0.7301
   0.2128    -0.8867    0.4105
   0.7212    0.426    0.5463
 Node:         88
  0.1338E+03  0.1169E+03  0.4527E+03  0.1622E-01
   9.261E-4
  -0.01844
   0.005585
  -0.003972
   0.01146
  -2.928E-4
   0.02661
   -0.003481
   -0.01691
   0.03859920155909964
   0.0020729999999999998
   0.018195838113883808
   -0.5759    0.718    0.3908
   0.5032    -0.06533    0.8617
   -0.6442    -0.6929    0.3237
 Node:         89
  0.1270E+03  0.1150E+03  0.4683E+03  0.1622E-01
   0.008044
  -0.01164
   0.002232
  -0.007404
   0.003049
  -0.001043
   0.01999
   -0.002857
   -0.007898
   0.025740412137337663
   0.003078333333333334
   0.012134146648565316
   -0.756    0.5552    0.3466
   -0.02284    -0.5516    0.8338
   0.6541    0.6224    0.4297
 Node:         90
  0.1248E+03  0.1132E+03  0.4822E+03  0.1622E-01
   0.002518
  -0.002266
   0.001169
  -0.001492
   7.166E-4
   4.482E-4
   0.004816
   9.588E-6
   -6.896E-4
   0.00519143966222704
   0.0013786626666666664
   0.0024472681261876934
   -0.7632    0.5431    0.3499
   -0.03878    -0.5791    0.8143
   0.6449    0.6079    0.4631
 Node:         91
  0.1258E+03  0.1259E+03  0.4542E+03  0.1622E-01
  -0.03685
  -0.01945
   0.03765
  -0.01053
   0.007418
  -0.01077
   0.04417
   -0.01027
   -0.04386
   0.07694570358376093
   -0.0033200000000000013
   0.03627255252483159
   0.2515    -0.9516    -0.1767
   -0.2073    -0.2313    0.9505
   -0.9454    -0.2024    -0.2554
 Node:         92
  0.1208E+03  0.1231E+03  0.4723E+03  0.1622E-01
  -8.628E-4
  -0.01629
   0.005855
  -0.01306
   0.004534
   0.001397
   0.02527
   -0.001283
   -0.0176
   0.037477614638607944
   0.0021290000000000002
   0.01766711696910393
   -0.6238    0.6311    0.4611
   0.05742    0.6253    -0.7782
   0.7795    0.459    0.4263
 Node:         93
  0.1159E+03  0.1217E+03  0.4876E+03  0.1622E-01
   0.004042
  -2.679E-4
  -6.705E-4
  -0.005725
  -0.001647
   0.00377
   0.009722
   1.694E-4
   -0.00275
   0.011298801863914599
   0.0023804666666666667
   0.0053263062781714774
   -0.7046    -0.09332    0.7035
   -0.4536    0.8216    -0.3453
   -0.5458    -0.5623    -0.6212
 Node:         94
  0.1312E+03  0.1261E+03  0.4532E+03  0.1622E-01
  -0.04599
  -0.01926
   0.04385
  -0.009873
   0.004428
  -0.01323
   0.04846
   -0.01187
   -0.05195
   0.08754508381399838
   -0.0051199999999999996
   0.04126914828294861
   -0.2091    0.9724    0.1033
   -0.1984    -0.1456    0.9693
   -0.9576    -0.1822    -0.2233
 Node:         95
  0.1249E+03  0.1233E+03  0.4703E+03  0.1622E-01
   0.005095
  -0.01531
   0.01665
  -0.01573
   0.004455
  -0.01061
   0.03131
   7.449E-4
   -0.02092
   0.0454508862950988
   0.003711633333333332
   0.021425753273468722
   -0.6104    0.7304    0.3066
   0.5501    0.6694    -0.4993
   -0.5699    -0.1361    -0.8104
 Node:         96
  0.1205E+03  0.1222E+03  0.4851E+03  0.1622E-01
   0.007968
  -0.001295
   8.142E-4
  -0.006704
   4.19E-4
   5.685E-4
   0.01208
   6.79E-4
   -0.003411
   0.013904711108110085
   0.0031160000000000007
   0.006554743676656371
   -0.8564    0.1171    0.5029
   -0.06392    -0.9905    0.1218
   0.5124    0.07219    0.8557
 Node:         97
  0.1366E+03  0.1259E+03  0.4519E+03  0.1622E-01
  -0.04099
  -0.01604
   0.04635
  -0.01072
   0.005102
  -0.01929
   0.0499
   -0.01659
   -0.04724
   0.08601314492564494
   -0.004643333333333333
   0.04054698536540321
   0.1844    -0.9777    -0.1007
   -0.31    -0.155    0.938
   -0.9327    -0.1417    -0.3317
 Node:         98
  0.1295E+03  0.1232E+03  0.4682E+03  0.1622E-01
  -9.192E-4
  -0.02274
   0.02714
  -0.01277
   0.003569
  -0.01312
   0.04148
   -0.004901
   -0.02348
   0.057949020707860115
   0.004366333333333333
   0.027317430337098367
   0.5056    -0.8451    -0.1735
   -0.5662    -0.4768    0.6724
   0.651    0.2418    0.7195
 Node:         99
  0.1260E+03  0.1218E+03  0.4827E+03  0.1622E-01
   0.006808
  -0.006215
   0.005443
  -0.003529
   0.001823
  -4.55E-4
   0.01345
   3.599E-4
   -0.002011
   0.014422454815668518
   0.003932966666666667
   0.006798810401010525
   -0.7305    0.6282    0.2678
   0.4905    0.7555    -0.4342
   0.4751    0.1858    0.8601
 Node:        100
  0.1250E+03  0.1371E+03  0.4525E+03  0.0000E+00
   0.04111
   0.004758
  -0.008137
  -0.006062
  -0.002784
   0.01381
   0.04293
   0.01267
   -0.008813
   0.04502513152673738
   0.015595666666666667
   0.02122505055091481
   -0.9719    -0.1021    0.2121
   -0.2205    0.07965    -0.9721
   -0.08237    0.9916    0.09993
 Node:        101
  0.1187E+03  0.1335E+03  0.4713E+03  0.0000E+00
   0.0392
   0.009836
   0.005231
   0.005592
   0.003894
   0.02338
   0.04386
   0.02163
   0.002322
   0.036002619404704436
   0.022604000000000003
   0.016971797547696593
   -0.9167    -0.2637    -0.3004
   -0.3198    0.03301    0.9469
   -0.2397    0.9641    -0.1146
 Node:        102
  0.1139E+03  0.1312E+03  0.4875E+03  0.0000E+00
   0.01283
   0.006716
   0.003995
   0.005617
   0.003727
   0.004505
   0.01947
   0.001726
   1.385E-4
   0.018588660313481446
   0.0071115
   0.008762778507223989
   -0.7966    -0.4445    -0.4097
   -0.5189    0.155    0.8407
   0.3101    -0.8823    0.3541
 Node:        103
  0.1323E+03  0.1363E+03  0.4518E+03  0.0000E+00
   0.04159
   0.002066
  -0.02052
  -0.00714
  -0.003165
   0.0132
   0.0434
   0.01172
   -0.02085
   0.05564391161663601
   0.011423333333333334
   0.02623079149057882
   -0.9713    -0.04298    0.2341
   -0.2369    0.07988    -0.9682
   -0.02291    0.9959    0.08776
 Node:        104
  0.1250E+03  0.1329E+03  0.4697E+03  0.0000E+00
   0.04759
   0.01184
  -0.007408
   0.005764
   0.004854
   0.02572
   0.05173
   0.02438
   -0.01021
   0.05376362245980082
   0.021966666666666666
   0.025344414681652355
   -0.9456    -0.2097    -0.2487
   -0.2641    0.04872    0.9633
   -0.1899    0.9765    -0.1015
 Node:        105
  0.1200E+03  0.1317E+03  0.4853E+03  0.0000E+00
   0.0179
   0.006827
   0.001575
   0.005866
   0.003417
   0.004251
   0.02279
   0.002252
   -0.001321
   0.022537924638262503
   0.007907
   0.010624479563724523
   -0.8779    -0.3372    -0.3399
   -0.4214    0.2069    0.883
   0.2274    -0.9184    0.3238
 Node:        106
  0.1395E+03  0.1350E+03  0.4511E+03  0.0000E+00
   0.039
   3.256E-4
  -0.03757
  -0.005993
  -0.002023
   0.01269
   0.0403
   0.01147
   -0.03765
   0.06826472661631336
   0.004706666666666667
   0.032180300737493985
   -0.9771    -0.009611    0.2128
   -0.213    0.03886    -0.9763
   -0.001116    0.9992    0.04001
 Node:        107
  0.1320E+03  0.1314E+03  0.4680E+03  0.0000E+00
   0.06036
   0.01536
  -0.0137
   0.005602
   0.003501
   0.02223
   0.06432
   0.02146
   -0.0169
   0.07037456074463272
   0.022959999999999998
   0.033174886083702934
   -0.9695    -0.1974    -0.1454
   -0.1544    0.03088    0.9875
   -0.1904    0.9798    -0.06041
 Node:        108
  0.1273E+03  0.1303E+03  0.4831E+03  0.0000E+00
   0.02446
   0.006683
   6.423E-4
   0.002961
   0.001289
   0.002598
   0.02663
   0.002247
   -0.001178
   0.026263531540902874
   0.009233
   0.012380747500319464
   -0.9585    -0.253    -0.1317
   0.1632    -0.1078    -0.9807
   -0.234    0.9614    -0.1446
 Node:        109
  0.1018E+03  0.1092E+03  0.4946E+03 -0.2715E-04
   0.0
   1.388E-16
   1.11E-16
   5.551E-17
  -1.388E-17
   0.0
   2.069E-16
   2.266E-17
   -1.186E-16
   2.827092280064448E-16
   3.698666666666666E-17
   1.3327040815158061E-16
   -0.5724    -0.814    -0.09897
   0.2904    -0.3141    0.9039
   0.7668    -0.4887    -0.4162
 Node:        110
  0.1058E+03  0.1118E+03  0.5081E+03 -0.2715E-04
   0.0
   2.776E-17
   0.0
  -1.388E-17
  -5.204E-17
   2.22E-16
   2.353E-16
   1.788E-17
   -3.112E-17
   2.456135916434593E-16
   7.402E-17
   1.157833574684491E-16
   -0.08376    -0.2246    0.9708
   0.7726    0.6007    0.2056
   0.6293    -0.7673    -0.1232
 Node:        111
  0.1108E+03  0.1137E+03  0.5210E+03 -0.2715E-04
   0.0
   5.551E-17
  -1.11E-16
  -2.776E-17
   3.261E-16
  -2.22E-16
   1.68E-16
   2.779E-18
   -5.038E-16
   6.063148942925615E-16
   -1.1100700000000001E-16
   2.8581958219244996E-16
   0.1486    0.7638    0.6281
   0.9825    -0.0417    -0.1818
   0.1126    -0.6441    0.7566
 Node:        112
  0.1072E+03  0.1111E+03  0.4942E+03 -0.2715E-04
   0.0
