 Group name: gastroc_stress
 #Fields=  16
 1) coordinates, coordinate, rectangular cartesian, #Components=3
   x.  Value index= 1, #Derivatives=0
   y.  Value index= 2, #Derivatives=0
   z.  Value index= 3, #Derivatives=0
 2) Tensor_1, field, rectangular cartesian, #Components=1
   Tensor_1.  Value index= 4, #Derivatives=0
 3) Tensor_2, field, rectangular cartesian, #Components=1
   Tensor_2.  Value index= 5, #Derivatives=0
 4) Tensor_3, field, rectangular cartesian, #Components=1
   Tensor_3.  Value index= 6, #Derivatives=0
 5) Tensor_4, field, rectangular cartesian, #Components=1
   Tensor_4.  Value index= 7, #Derivatives=0
 6) Tensor_5, field, rectangular cartesian, #Components=1
   Tensor_5.  Value index= 8, #Derivatives=0
 7) Tensor_6, field, rectangular cartesian, #Components=1
   Tensor_6.  Value index= 9, #Derivatives=0
 8) Principal_1, field, rectangular cartesian, #Components=1
   Principal_1.  Value index= 10, #Derivatives=0
 9) Principal_2, field, rectangular cartesian, #Components=1
   Principal_2.  Value index= 11, #Derivatives=0
 10) Principal_3, field, rectangular cartesian, #Components=1
   Principal_3.  Value index= 12, #Derivatives=0
 11) VonMises, field, rectangular cartesian, #Components=1
   VonMises.  Value index= 13, #Derivatives=0
 12) Hydrostatic, field, rectangular cartesian, #Components=1
   VonMises.  Value index= 14, #Derivatives=0
 13) Octahedral, field, rectangular cartesian, #Components=1
   VonMises.  Value index= 15, #Derivatives=0
 14) PrincipalVector1, field, rectangular cartesian, #Components=3
   x.  Value index= 16, #Derivatives=0
   y.  Value index= 17, #Derivatives=0
   z.  Value index= 18, #Derivatives=0
 15) PrincipalVector2, field, rectangular cartesian, #Components=3
   x.  Value index= 19, #Derivatives=0
   y.  Value index= 20, #Derivatives=0
   z.  Value index= 21, #Derivatives=0
 16) PrincipalVector3, field, rectangular cartesian, #Components=3
   x.  Value index= 22, #Derivatives=0
   y.  Value index= 23, #Derivatives=0
   z.  Value index= 24, #Derivatives=0
 Node:          1
  0.1287E+03  0.1133E+03  0.4908E+03 -0.2072E-04
  -4.145E-5
  -1.439E-16
  -4.145E-5
  -4.797E-17
  -7.196E-17
  -4.145E-5
   -4.145E-5
   -4.145E-5
   -4.145E-5
   0.0
   -4.145E-5
   0.0
   0.966    -0.2571    -0.02712
   0.2489    0.9532    -0.1718
   0.07003    0.1592    0.9848
 Node:          2
  0.1292E+03  0.1137E+03  0.5052E+03 -0.2072E-04
  -4.145E-5
  -1.919E-16
  -4.145E-5
  -9.595E-17
   3.358E-16
  -4.145E-5
   -4.145E-5
   -4.145E-5
   -4.145E-5
   0.0
   -4.145E-5
   0.0
   0.895    -0.3984    -0.2008
   0.4461    0.7982    0.4048
   -9.618E-4    -0.4519    0.8921
 Node:          3
  0.1289E+03  0.1155E+03  0.5194E+03 -0.2072E-04
  -4.145E-5
   2.399E-16
  -4.145E-5
   1.919E-16
   9.595E-17
  -4.145E-5
   -4.145E-5
   -4.145E-5
   -4.145E-5
   0.0
   -4.145E-5
   0.0
   -0.4092    -0.8757    -0.2565
   0.496    -0.4494    0.7429
   0.7659    -0.1767    -0.6182
 Node:          4
  0.1361E+03  0.1141E+03  0.4915E+03 -0.2072E-04
  -4.145E-5
  -4.797E-17
  -4.145E-5
  -4.797E-17
  -1.439E-16
  -4.145E-5
   -4.145E-5
   -4.145E-5
   -4.145E-5
   0.0
   -4.145E-5
   0.0
   -0.04307    -0.0943    0.9946
   -0.9939    0.1055    -0.03304
   -0.1018    -0.9899    -0.09826
 Node:          5
  0.1341E+03  0.1144E+03  0.5054E+03 -0.2072E-04
  -4.145E-5
   2.399E-16
  -4.145E-5
   9.595E-17
  -1.199E-16
  -4.145E-5
   -4.145E-5
   -4.145E-5
   -4.145E-5
   0.0
   -4.145E-5
   0.0
   0.09699    -0.1794    0.979
   0.7185    0.6933    0.05584
   -0.6888    0.698    0.1961
 Node:          6
  0.1323E+03  0.1162E+03  0.5191E+03 -0.2072E-04
  -4.145E-5
   9.595E-17
  -4.145E-5
  -9.595E-17
  -4.797E-17
  -4.145E-5
   -4.145E-5
   -4.145E-5
   -4.145E-5
   0.0
   -4.145E-5
   0.0
   -0.7151    -0.6928    0.09322
   0.693    -0.7201    -0.0358
   0.09193    0.039    0.995
 Node:          7
  0.1408E+03  0.1171E+03  0.4920E+03 -0.2072E-04
  -4.145E-5
   3.838E-16
  -4.145E-5
  -1.439E-16
  -1.919E-16
  -4.145E-5
   -4.145E-5
   -4.145E-5
   -4.145E-5
   0.0
   -4.145E-5
   0.0
   0.8641    0.487    -0.1268
   -0.5006    0.8577    -0.1173
   0.05166    0.1648    0.985
 Node:          8
  0.1367E+03  0.1169E+03  0.5055E+03 -0.2072E-04
  -4.145E-5
   3.358E-16
  -4.145E-5
  -6.956E-16
  -4.078E-16
  -4.145E-5
   -4.145E-5
   -4.145E-5
   -4.145E-5
   0.0
   -4.145E-5
   0.0
   -0.7205    -0.6269    0.2965
   0.6359    -0.7678    -0.07818
   0.2766    0.1322    0.9518
 Node:          9
  0.1339E+03  0.1180E+03  0.5191E+03 -0.2072E-04
  -4.145E-5
   2.878E-16
  -4.145E-5
  -6.836E-16
  -4.797E-16
  -4.145E-5
   -4.145E-5
   -4.145E-5
   -4.145E-5
   0.0
   -4.145E-5
   0.0
   0.3025    0.1644    -0.9389
   0.9346    0.1425    0.326
   -0.1874    0.976    0.1106
 Node:         10
  0.1294E+03  0.1212E+03  0.4911E+03 -0.2072E-04
  -4.145E-5
   4.797E-17
  -4.145E-5
  -2.399E-17
   2.159E-16
  -4.145E-5
   -4.145E-5
   -4.145E-5
   -4.145E-5
   0.0
   -4.145E-5
   0.0
   0.02409    0.7089    0.7049
   0.1744    0.6913    -0.7012
   -0.9844    0.1398    -0.107
 Node:         11
  0.1295E+03  0.1214E+03  0.5055E+03 -0.2072E-04
  -4.145E-5
  -4.797E-17
  -4.145E-5
  -7.196E-17
   2.399E-17
  -4.145E-5
   -4.145E-5
   -4.145E-5
   -4.145E-5
   0.0
   -4.145E-5
   0.0
   -0.2763    0.1332    0.9518
   -0.5867    0.761    -0.2768
   0.7612    0.6349    0.1322
 Node:         12
  0.1295E+03  0.1217E+03  0.5196E+03 -0.2072E-04
  -4.145E-5
  -3.512E-37
  -4.145E-5
   1.319E-16
   4.797E-17
  -4.145E-5
   -4.145E-5
   -4.145E-5
   -4.145E-5
   0.0
   -4.145E-5
   0.0
   -0.2404    -0.08742    -0.9667
   -0.3418    0.9398    2.286E-7
   0.9085    0.3304    -0.2558
 Node:         13
  0.1361E+03  0.1199E+03  0.4914E+03 -0.2072E-04
  -4.145E-5
  -2.399E-16
  -4.145E-5
  -1.679E-16
   4.797E-17
  -4.145E-5
   -4.145E-5
   -4.145E-5
   -4.145E-5
   0.0
   -4.145E-5
   0.0
   0.9203    -0.37    -0.1273
   0.3697    0.9288    -0.02722
   0.1283    -0.02201    0.9915
 Node:         14
  0.1342E+03  0.1198E+03  0.5054E+03 -0.2072E-04
  -4.145E-5
   4.797E-17
  -4.145E-5
   9.595E-17
  -1.559E-16
  -4.145E-5
   -4.145E-5
   -4.145E-5
   -4.145E-5
   0.0
   -4.145E-5
   0.0
   0.09998    -0.2649    0.9591
   -0.2954    -0.9284    -0.2256
   -0.9501    0.2607    0.171
 Node:         15
  0.1330E+03  0.1205E+03  0.5193E+03 -0.2072E-04
  -4.145E-5
  -1.439E-16
  -4.145E-5
   2.399E-17
   8.396E-17
  -4.145E-5
   -4.145E-5
   -4.145E-5
   -4.145E-5
   0.0
   -4.145E-5
   0.0
   0.9934    -0.1134    0.01425
   -0.01885    -0.2856    -0.9582
   0.1127    0.9516    -0.2858
 Node:         16
  0.1404E+03  0.1188E+03  0.4918E+03 -0.2072E-04
  -4.145E-5
   9.595E-17
  -4.145E-5
  -1.439E-16
  -2.519E-16
  -4.145E-5
   -4.145E-5
   -4.145E-5
   -4.145E-5
   0.0
   -4.145E-5
   0.0
   -0.1502    -0.2388    0.9594
   -0.794    -0.549    -0.261
   0.5891    -0.801    -0.1072
 Node:         17
  0.1365E+03  0.1184E+03  0.5055E+03 -0.2072E-04
  -4.145E-5
   4.797E-17
  -4.145E-5
   1.679E-16
   2.938E-16
  -4.145E-5
   -4.145E-5
   -4.145E-5
   -4.145E-5
   0.0
   -4.145E-5
   0.0
   0.248    0.4017    0.8815
   0.9357    -0.3351    -0.1106
   -0.251    -0.8522    0.459
 Node:         18
  0.1341E+03  0.1191E+03  0.5192E+03 -0.2072E-04
  -4.145E-5
  -4.67E-37
  -4.145E-5
   4.573E-17
   1.84E-16
  -4.145E-5
   -4.145E-5
   -4.145E-5
   -4.145E-5
   0.0
   -4.145E-5
   0.0
   0.02287    0.092    0.9955
   0.9709    -0.2396    -1.621E-4
   -0.2385    -0.9665    0.0948
 Node:         19
  0.1301E+03  0.1291E+03  0.4914E+03  0.0000E+00
   4.934E-16
   0.0
   4.934E-16
   3.631E-19
   1.731E-17
  -9.869E-16
   4.936E-16
   4.934E-16
   -9.871E-16
   1.4806000101310279E-15
   -3.3333333333314155E-20
   6.979615382590138E-16
   -0.02097    -0.9997    -0.01169
   -0.9998    0.02097    -8.123E-17
   2.452E-4    0.01169    -0.9999
 Node:         20
  0.1299E+03  0.1291E+03  0.5058E+03  0.0000E+00
   9.869E-16
   0.0
   0.0
   1.799E-17
   3.326E-17
  -2.467E-16
   9.871E-16
   4.4E-18
   -2.514E-16
   1.1324785163525177E-15
   2.467E-16
   5.338554923072971E-16
   -0.9999    -4.917E-4    -0.01459
   0.002401    -0.9914    -0.1311
   -0.0144    -0.1312    0.9913
 Node:         21
  0.1301E+03  0.1280E+03  0.5197E+03  0.0000E+00
   4.934E-16
   0.0
   0.0
   7.196E-17
   2.549E-17
   4.934E-16
   5.66E-16
   4.222E-16
   -1.341E-18
   5.108528305500519E-16
   3.28953E-16
   2.408183337801893E-16
   -0.7039    -0.03195    -0.7096
   -0.7102    0.04241    0.7027
   -0.007642    -0.9986    0.05255
 Node:         22
  0.1360E+03  0.1256E+03  0.4913E+03  0.0000E+00
  -9.869E-16
   2.399E-17
  -4.934E-16
  -2.399E-17
   1.739E-16
   4.934E-16
   5.234E-16
   -5.215E-16
   -9.888E-16
   1.3410693755358072E-15
   -3.2896666666666662E-16
   6.321861663219854E-16
   -0.01298    0.1683    0.9857
   0.05935    0.9841    -0.1672
   -0.9982    0.05633    -0.02276
 Node:         23
  0.1343E+03  0.1253E+03  0.5054E+03  0.0000E+00
   0.0
   3.598E-17
  -1.974E-15
   0.0
   2.271E-16
  -7.401E-16
   6.796E-19
   -6.997E-16
   -2.015E-15
   1.7724996366646057E-15
   -9.046734666666666E-16
   8.355643418241562E-16
   0.9998    0.01889    0.00579
   -0.009011    0.1753    0.9845
   0.01758    -0.9843    0.1754
 Node:         24
  0.1336E+03  0.1248E+03  0.5194E+03  0.0000E+00
  -9.869E-16
   2.099E-17
   0.0
   2.399E-17
   1.499E-18
  -7.401E-16
   4.516E-19
   -7.379E-16
   -9.896E-16
   8.912682384908372E-16
   -5.756827999999999E-16
   4.2014787686204007E-16
   -0.02132    -0.9998    -0.002714
   0.09549    -0.004739    0.9954
   -0.9952    0.02096    0.09557
 Node:         25
  0.1400E+03  0.1206E+03  0.4917E+03  0.0000E+00
   0.0
   4.617E-16
  -4.934E-16
  -1.439E-16
  -2.249E-16
   9.869E-16
   1.067E-15
   2.05E-16
   -7.785E-16
   1.5994040296310373E-15
   1.6449999999999999E-16
   7.539662901394642E-16
   -0.2161    -0.2016    0.9553
   0.839    0.4621    0.2874
   -0.4994    0.8636    0.06929
 Node:         26
  0.1363E+03  0.1200E+03  0.5055E+03  0.0000E+00
   9.869E-16
   1.859E-16
  -2.714E-15
   4.797E-17
  -1.943E-15
  -2.467E-16
   1.006E-15
   8.09E-16
   -3.789E-15
   4.699597748744035E-15
   -6.579999999999999E-16
   2.215411624657293E-15
   0.968    0.1526    -0.1995
   0.2481    -0.4578    0.8538
   -0.03892    0.8759    0.4809
 Node:         27
  0.1343E+03  0.1203E+03  0.5192E+03  0.0000E+00
   9.869E-16
  -3.358E-16
   9.869E-16
  -1.799E-16
   2.27E-15
   0.0
   2.89E-15
   9.15E-16
   -1.831E-15
   4.1066398673367985E-15
   6.58E-16
   1.9358885987232494E-15
   -0.1931    0.7658    0.6135
   0.9808    0.1345    0.1409
   0.02534    0.6289    -0.7771
 Node:         28
  0.1155E+03  0.1124E+03  0.4931E+03 -0.1225E-03
  -2.45E-4
   6.598E-17
  -2.45E-4
  -9.597E-17
   9.597E-17
  -2.45E-4
   -2.45E-4
   -2.45E-4
   -2.45E-4
   0.0
   -2.45E-4
   0.0
   0.02395    0.9835    0.1794
   0.07203    0.1773    -0.9815
   -0.9971    0.03643    -0.06659
 Node:         29
  0.1119E+03  0.1139E+03  0.5068E+03 -0.1225E-03
  -2.45E-4
  -3.599E-17
  -2.45E-4
   9.597E-17
   1.2E-17
  -2.45E-4
   -2.45E-4
   -2.45E-4
   -2.45E-4
   0.0
   -2.45E-4
   0.0
   -0.03581    0.9993    0.005836
   -0.9821    -0.03411    -0.1854
   -0.1851    -0.01237    0.9826
 Node:         30
  0.1113E+03  0.1159E+03  0.5206E+03 -0.1225E-03
  -2.45E-4
   2.159E-16
  -2.45E-4
   3.397E-36
  -4.799E-17
  -2.45E-4
   -2.45E-4
   -2.45E-4
   -2.45E-4
   0.0
   -2.45E-4
   0.0
   0.7038    0.7088    -0.0478
   -0.7086    0.6956    -0.1187
   -0.05088    0.1174    0.9918
 Node:         31
  0.1203E+03  0.1126E+03  0.4920E+03 -0.1225E-03
  -2.45E-4
   1.68E-16
  -2.45E-4
   4.799E-17
   7.198E-17
  -2.45E-4
   -2.45E-4
   -2.45E-4
   -2.45E-4
   0.0
   -2.45E-4
   0.0
   -0.7438    -0.4293    -0.5124
   0.5144    0.122    -0.8488
   0.4269    -0.8949    0.13
 Node:         32
  0.1188E+03  0.1134E+03  0.5062E+03 -0.1225E-03
  -2.45E-4
  -2.399E-17
  -2.45E-4
  -4.799E-17
   1.68E-16
  -2.45E-4
   -2.45E-4
   -2.45E-4
   -2.45E-4
   0.0
   -2.45E-4
   0.0
   0.9989    -0.0209    -0.04165
   0.04659    0.4512    0.8912
   1.629E-4    -0.8922    0.4517
 Node:         33
  0.1183E+03  0.1150E+03  0.5201E+03 -0.1225E-03
  -2.45E-4
   9.597E-17
  -2.45E-4
   1.44E-16
  -4.529E-36
  -2.45E-4
   -2.45E-4
   -2.45E-4
   -2.45E-4
   0.0
   -2.45E-4
   0.0
   0.9536    0.1668    0.2505
   0.001057    0.8304    -0.5571
   -0.301    0.5316    0.7918
 Node:         34
  0.1255E+03  0.1129E+03  0.4909E+03 -0.1225E-03
  -2.45E-4
  -5.284E-36
  -2.45E-4
   9.597E-17
   1.68E-16
  -2.45E-4
   -2.45E-4
   -2.45E-4
   -2.45E-4
   0.0
   -2.45E-4
   0.0
   -0.3511    -0.6137    -0.7072
   -0.8679    0.4967    -1.96E-4
   0.3514    0.6137    -0.707
 Node:         35
  0.1260E+03  0.1135E+03  0.5054E+03 -0.1225E-03
  -2.45E-4
   1.919E-16
  -2.45E-4
   1.919E-16
   4.319E-16
  -2.45E-4
   -2.45E-4
   -2.45E-4
   -2.45E-4
   0.0
   -2.45E-4
   0.0
   0.7459    0.471    0.4709
   -0.666    0.5274    0.5275
   4.205E-5    -0.7071    0.7071
 Node:         36
  0.1257E+03  0.1153E+03  0.5196E+03 -0.1225E-03
  -2.45E-4
  -9.597E-17
  -2.45E-4
  -9.597E-17
   1.44E-16
  -2.45E-4
   -2.45E-4
   -2.45E-4
   -2.45E-4
   0.0
   -2.45E-4
   0.0
   -0.5158    0.6057    0.6059
   0.8567    0.364    0.3655
   -8.378E-4    -0.7076    0.7067
 Node:         37
  0.1132E+03  0.1210E+03  0.4959E+03 -0.1225E-03
  -2.45E-4
   2.399E-16
  -2.45E-4
  -1.44E-16
   3.119E-16
  -2.45E-4
   -2.45E-4
   -2.45E-4
   -2.45E-4
   0.0
   -2.45E-4
   0.0
   -0.5075    -0.7957    -0.3307
   0.7556    -0.2265    -0.6146
   0.4141    -0.5618    0.7162
 Node:         38
  0.1111E+03  0.1204E+03  0.5085E+03 -0.1225E-03
  -2.45E-4
   1.68E-16
  -2.45E-4
  -4.799E-17
  -1.44E-16
  -2.45E-4
   -2.45E-4
   -2.45E-4
   -2.45E-4
   0.0
   -2.45E-4
   0.0
   0.212    0.9668    -0.1429
   0.9723    -0.2233    -0.06848
   0.09811    0.1244    0.9874
 Node:         39
  0.1119E+03  0.1201E+03  0.5207E+03 -0.1225E-03
  -2.45E-4
  -1.68E-16
  -2.45E-4
  -1.44E-16
  -1.32E-16
  -2.45E-4
   -2.45E-4
   -2.45E-4
   -2.45E-4
   0.0
   -2.45E-4
   0.0
   0.9213    -0.07988    -0.3804
   0.3607    -0.1892    0.9133
   -0.1449    -0.9787    -0.1455
 Node:         40
  0.1191E+03  0.1220E+03  0.4937E+03 -0.1225E-03
  -2.45E-4
   1.44E-16
  -2.45E-4
   1.44E-16
  -2.399E-17
  -2.45E-4
   -2.45E-4
   -2.45E-4
   -2.45E-4
   0.0
   -2.45E-4
   0.0
   0.9817    0.1345    0.1345
   -1.343E-4    0.7076    -0.7066
   -0.1902    0.6937    0.6947
 Node:         41
  0.1182E+03  0.1217E+03  0.5073E+03 -0.1225E-03
  -2.45E-4
  -4.799E-17
  -2.45E-4
   9.597E-17
   1.68E-16
  -2.45E-4
   -2.45E-4
   -2.45E-4
   -2.45E-4
   0.0
   -2.45E-4
   0.0
   -0.1538    -0.1966    -0.9684
   -0.9621    0.2533    0.1013
   0.2253    0.9472    -0.2281
 Node:         42
  0.1187E+03  0.1212E+03  0.5204E+03 -0.1225E-03
  -2.45E-4
  -9.597E-17
  -2.45E-4
   3.019E-36
   9.597E-17
  -2.45E-4
   -2.45E-4
   -2.45E-4
   -2.45E-4
   0.0
   -2.45E-4
   0.0
   -0.01861    0.09771    0.995
   -0.9834    0.1781    -0.03588
   -0.1807    -0.9792    0.09277
 Node:         43
  0.1258E+03  0.1217E+03  0.4915E+03 -0.1225E-03
  -2.45E-4
   1.919E-16
  -2.45E-4
  -2.399E-17
   1.51E-36
  -2.45E-4
   -2.45E-4
   -2.45E-4
   -2.45E-4
   0.0
   -2.45E-4
   0.0
   0.9458    0.3242    -0.01746
   -0.324    0.946    0.01158
   0.02027    -0.005296    0.9998
 Node:         44
  0.1259E+03  0.1220E+03  0.5059E+03 -0.1225E-03
  -2.45E-4
   2.399E-16
  -2.45E-4
   1.68E-16
   1.919E-16
  -2.45E-4
   -2.45E-4
   -2.45E-4
   -2.45E-4
   0.0
   -2.45E-4
   0.0
   -0.3605    -0.3835    -0.8503
   -0.6209    -0.5816    0.5256
   0.6961    -0.7174    0.02848
 Node:         45
  0.1261E+03  0.1221E+03  0.5198E+03 -0.1225E-03
  -2.45E-4
  -1.44E-16
  -2.45E-4
   4.799E-17
  -1.2E-17
  -2.45E-4
   -2.45E-4
   -2.45E-4
   -2.45E-4
   0.0
   -2.45E-4
   0.0
   0.06681    -0.01251    0.9977
   -0.9877    0.1408    0.0679
   -0.1413    -0.99    -0.002952
 Node:         46
  0.1117E+03  0.1296E+03  0.4959E+03  0.0000E+00
  -2.467E-16
   4.797E-17
  -7.401E-16
   1.199E-17
  -4.497E-17
   0.0
   3.057E-18
   -2.423E-16
   -7.476E-16
   6.629532710146319E-16
   -3.2894766666666664E-16
   3.125191690294995E-16
   0.03676    -0.058    0.9976
   0.9946    0.09864    -0.03092
   -0.09662    0.9934    0.06131
 Node:         47
  0.1107E+03  0.1269E+03  0.5087E+03  0.0000E+00
  -7.401E-16
  -5.397E-17
   4.934E-16
  -4.797E-17
   6.896E-17
   0.0
   5.058E-16
   -7.273E-18
   -7.452E-16
   1.0892155802819752E-15
   -8.222433333333333E-17
   5.1346114866095E-16
   -0.04821    0.9891    0.1394
   -0.05424    -0.142    0.9884
   -0.9974    -0.04009    -0.06049
 Node:         48
  0.1125E+03  0.1242E+03  0.5208E+03  0.0000E+00
   4.934E-16
   5.997E-18
   4.934E-16
   0.0
  -2.998E-18
   4.934E-16
   5.001E-16
   4.934E-16
   4.867E-16
   1.1604740410711462E-17
   4.934E-16
   5.470527092215756E-18
   -0.6325    -0.7071    0.3162
   0.4472    -2.276E-15    0.8944
   0.6325    -0.7071    -0.3162
 Node:         49
  0.1186E+03  0.1311E+03  0.4938E+03  0.0000E+00
  -7.401E-16
  -3.598E-17
   0.0
  -7.196E-17
  -1.049E-17
  -2.467E-16
   1.947E-18
   -2.366E-16
   -7.523E-16
   6.677348643803167E-16
   -3.2898433333333336E-16
   3.1477323375866775E-16
   0.04561    -0.9985    0.02894
   -0.143    0.02215    0.9895
   -0.9887    -0.04926    -0.1418
 Node:         50
  0.1180E+03  0.1298E+03  0.5075E+03  0.0000E+00
   0.0
  -2.249E-17
   1.48E-15
  -7.196E-17
   2.155E-17
   9.869E-16
   1.482E-15
   9.91E-16
   -5.513E-18
   1.3127859849072886E-15
   8.224956666666666E-16
   6.188532481164029E-16
   0.01739    -0.9988    -0.04603
   -0.07128    -0.04716    0.9963
   0.9973    0.01405    0.07201
 Node:         51
  0.1192E+03  0.1275E+03  0.5206E+03  0.0000E+00
   0.0
  -5.997E-18
  -2.467E-16
   0.0
   2.549E-17
   4.934E-16
   4.943E-16
   1.449E-19
   -2.477E-16
   6.54286006770747E-16
   8.22483E-17
   3.0843338148204166E-16
   -4.17E-4    0.03438    0.9994
   0.9997    -0.02416    0.001248
   0.02418    0.9991    -0.03436
 Node:         52
  0.1262E+03  0.1305E+03  0.4920E+03  0.0000E+00
   4.934E-16
  -2.399E-17
   4.934E-16
   2.249E-18
   8.48E-18
   0.0
   5.175E-16
   4.696E-16
   -1.6E-19
   4.95449666061044E-16
   3.2898E-16
   2.335572124055831E-16
   -0.7061    0.708    0.008534
   0.7081    0.706    0.01614
   -0.005403    -0.01744    0.9998
 Node:         53
  0.1258E+03  0.1304E+03  0.5063E+03  0.0000E+00
  -7.401E-16
  -2.998E-18
  -4.934E-16
   4.797E-17
   5.847E-17
  -9.869E-16
   -4.866E-16
   -7.314E-16
   -1.002E-15
   4.465358664206045E-16
   -7.399999999999999E-16
   2.104990261260132E-16
   0.0104    0.9931    0.1171
   -0.9836    0.03123    -0.1776
   -0.18    -0.1133    0.9771
 Node:         54
  0.1265E+03  0.1288E+03  0.5200E+03  0.0000E+00
  -9.869E-16
   3.598E-17
   4.934E-16
   0.0
  -7.496E-18
   4.934E-16
   5.014E-16
   4.864E-16
   -9.877E-16
   1.4816569474746847E-15
   3.3333333333314155E-20
   6.984597833010066E-16
   0.01758    0.7272    -0.6862
   0.01675    0.686    0.7274
   -0.9997    0.02428    1.229E-4
 Node:         55
  0.1381E+03  0.1168E+03  0.4524E+03  0.1264E-01
   0.04714
  -0.02746
   0.02881
  -0.006332
   0.04056
   0.01981
   0.08925
   0.03213
   -0.01864
   0.09348940956065559
   0.03424666666666666
   0.04407133031297734
   -0.5942    0.6641    0.4538
   0.7741    0.3191    0.5467
   -0.2183    -0.6762    0.7037
 Node:         56
  0.1314E+03  0.1156E+03  0.4682E+03  0.1264E-01
   0.04885
  -0.02507
   0.02752
  -0.0129
   0.0172
   0.0219
   0.07733
   0.01877
   0.005337
   0.06630501918407082
   0.033812333333333326
   0.03125648579450707
   -0.7592    0.5475    0.3519
   0.5987    0.3755    0.7075
   -0.2552    -0.7478    0.6129
 Node:         57
  0.1285E+03  0.1140E+03  0.4823E+03  0.1264E-01
   0.04765
  -0.006605
   0.02587
  -0.003506
   0.002558
   0.02513
   0.05051
   0.0256
   0.02257
   0.026554967520221146
   0.03289333333333333
   0.012518131738491261
   -0.9462    0.2799    0.1624
   0.3062    0.6121    0.7291
   -0.1047    -0.7396    0.6649
 Node:         58
  0.1478E+03  0.1179E+03  0.4523E+03  0.1264E-01
   0.04696
  -0.03537
   0.03293
  -0.00575
   0.0268
   0.01321
   0.09276
   0.02074
   -0.01086
   0.09198517489247927
   0.03421333333333333
   0.043362227290068424
   -0.6981    0.6596    0.2784
   0.6289    0.3791    0.6788
   -0.3422    -0.649    0.6795
 Node:         59
  0.1415E+03  0.1167E+03  0.4687E+03  0.1264E-01
   0.05219
  -0.05101
   0.0312
  -0.03959
   0.03722
   0.02116
   0.1345
   -0.005058
   -0.01218
   0.1432518423057798
   0.039087333333333335
   0.06752956607458856
   -0.7013    0.5658    0.4337
   0.6237    0.1925    0.7575
   -0.3451    -0.8018    0.4879
 Node:         60
  0.1374E+03  0.1150E+03  0.4832E+03  0.1264E-01
   0.04941
  -0.02041
   0.02707
  -0.01808
   0.01268
   0.02586
   0.07428
   0.0162
   0.01327
   0.05959904109966871
   0.034583333333333334
   0.02809525740919433
   -0.7763    0.4697    0.4204
   0.6159    0.4229    0.6647
   -0.1345    -0.7749    0.6176
 Node:         61
  0.1548E+03  0.1224E+03  0.4523E+03  0.1264E-01
   0.05252
  -0.02663
   0.0269
   0.004106
  -0.01202
   0.01678
   0.07757
   0.02
   0.004198
   0.06688594205062824
   0.033922666666666663
   0.03153033546003312
   -0.8331    0.5291    -0.1613
   0.4449    0.4677    -0.7638
   0.3287    0.708    0.625
 Node:         62
  0.1488E+03  0.1204E+03  0.4692E+03  0.1264E-01
   0.05889
  -0.08703
   0.03095
  -0.0476
   0.02554
   0.02654
   0.1705
   0.006446
   -0.04142
   0.1925031886385262
   0.045175333333333345
   0.09074687339089
   -0.7531    0.5565    0.351
   0.1455    -0.3794    0.9137
   0.6416    0.7392    0.2048
 Node:         63
  0.1436E+03  0.1181E+03  0.4838E+03  0.1264E-01
   0.04976
  -0.03832
   0.02962
  -0.0161
   0.02264
   0.02649
   0.09456
   0.0177
   -0.002912
   0.088975010334363
   0.036449333333333334
   0.041943222109047475
   -0.7186    0.5863    0.374
   0.5158    0.08861    0.8521
   -0.4664    -0.8052    0.3661
 Node:         64
  0.1410E+03  0.1253E+03  0.4518E+03  0.1264E-01
   0.04043
  -0.02223
   0.03492
  -0.007302
   0.006894
   0.02031
   0.0658
   0.01721
   0.01542
   0.04950927488865091
   0.03281
   0.02333889600359594
   -0.6925    0.6876    0.2183
   0.1638    -0.1448    0.9758
   0.7026    0.7115    -0.01236
 Node:         65
  0.1339E+03  0.1229E+03  0.4680E+03  0.1264E-01
   0.04664
  -0.04515
   0.03202
  -0.01494
   0.007028
   0.02214
   0.09468
   0.01816
   -0.006921
   0.09167096094729235
   0.035306333333333335
   0.04321410541581173
   -0.7544    0.6199    0.216
   0.05737    -0.2655    0.9624
   0.6539    0.7384    0.1647
 Node:         66
  0.1299E+03  0.1214E+03  0.4825E+03  0.1264E-01
   0.04825
  -0.01401
   0.02685
  -0.004573
   0.003627
   0.02511
   0.05704
   0.02395
   0.01937
   0.03560163900721426
   0.033453333333333335
   0.01678277357557114
   -0.8776    0.4446    0.179
   -0.2755    -0.1624    -0.9475
   -0.3922    -0.8809    0.265
 Node:         67
  0.1495E+03  0.1246E+03  0.4520E+03  0.1264E-01
   0.04273
  -0.0289
   0.03422
  -0.006284
   0.008371
   0.01422
   0.07668
   0.01265
   0.008281
   0.06632251601831765
   0.032536999999999996
   0.03126473388127055
   -0.7233    0.6708    0.1643
   0.49    0.3308    0.8065
   -0.4866    -0.6638    0.5679
 Node:         68
  0.1430E+03  0.1225E+03  0.4686E+03  0.1264E-01
   0.05241
  -0.06564
   0.03348
  -0.03737
   0.01853
   0.019
   0.1387
   0.00616
   -0.02554
   0.15090811641525448
   0.03977333333333333
   0.07113876830221026
   -0.7474    0.5818    0.3206
   0.05177    -0.4301    0.9013
   0.6623    0.6903    0.2914
 Node:         69
  0.1379E+03  0.1205E+03  0.4830E+03  0.1264E-01
   0.05018
  -0.02437
   0.02747
  -0.01578
   0.01025
   0.02523
   0.07562
   0.01721
   0.01163
   0.06139049030590976
   0.034820000000000004
   0.02893975466378387
   -0.7927    0.4966    0.3535
   0.3117    -0.1681    0.9352
   0.5239    0.8515    -0.02157
 Node:         70
  0.1550E+03  0.1244E+03  0.4522E+03  0.1264E-01
   0.04552
  -0.03681
   0.03012
  -0.02788
   0.02181
   0.0127
   0.1025
   3.245E-4
   -0.003013
   0.10388446677800295
   0.0332705
   0.048971607279116335
   -0.7237    0.583    0.3694
   0.5677    0.8072    -0.1617
   0.3924    -0.09269    0.9151
 Node:         71
  0.1490E+03  0.1223E+03  0.4691E+03  0.1264E-01
   0.059
  -0.06399
   0.0318
  -0.08175
   0.03774
   0.02045
   0.1858
   -0.006556
   -0.04134
   0.21190013802732643
   0.04596799999999999
   0.09989068302232529
   -0.7408    0.4789    0.471
   -0.2132    -0.8326    0.5112
   0.637    0.2782    0.7189
 Node:         72
  0.1435E+03  0.1199E+03  0.4837E+03  0.1264E-01
   0.05254
  -0.02805
   0.02714
  -0.0301
   0.01451
   0.02583
   0.09261
   0.01177
   0.004724
   0.08458339290901021
   0.036368000000000004
   0.03987299380115151
   -0.7714    0.4496    0.4503
   -0.1289    -0.8034    0.5813
   0.6231    0.3904    0.6778
 Node:         73
  0.1440E+03  0.1339E+03  0.4511E+03  0.0000E+00
   0.03059
  -0.003336
  -0.007353
  -0.008121
   0.006668
   0.002705
   0.03541
   0.00322
   -0.00998
   0.04043938797756464
   0.00955
   0.01906331031064647
   -0.9554    0.1186    0.2706
   0.2946    0.4492    0.8435
   0.02154    -0.8855    0.4641
 Node:         74
  0.1364E+03  0.1303E+03  0.4677E+03  0.0000E+00
   0.03884
   0.03058
  -0.00166
   0.008216
   0.009999
   0.004571
   0.06074
   0.002884
   -0.01758
   0.07035664301258268
   0.015348
   0.03316643958381223
   -0.867    -0.4526    -0.2086
   -0.2841    0.1051    0.953
   -0.4094    0.8855    -0.2197
 Node:         75
  0.1313E+03  0.1288E+03  0.4826E+03  0.0000E+00
   0.02845
   0.01201
   1.855E-4
   0.002366
   0.001207
   5.137E-4
   0.03397
   3.137E-4
   -0.004119
   0.03607746720586134
   0.0100549
   0.017007081139533222
   -0.9386    -0.3358    -0.07856
   -0.09703    0.03855    0.9945
   -0.331    0.9411    -0.06877
 Node:         76
  0.1512E+03  0.1312E+03  0.4516E+03  0.0000E+00
   0.02902
  -0.009915
  -0.008084
  -0.01212
   0.008567
   0.002587
   0.03935
   -5.314E-4
   -0.01223
   0.04683951167508048
   0.008862866666666669
   0.022080357555277246
   -0.8938    0.2565    0.368
   0.4418    0.3617    0.821
   -0.07751    -0.8963    0.4366
 Node:         77
  0.1444E+03  0.1282E+03  0.4683E+03  0.0000E+00
   0.04355
   0.03091
  -0.002201
   0.007452
   0.01061
   0.003006
   0.06542
   0.002425
   -0.01779
   0.07516954286810584
   0.016685000000000002
   0.03543526233382035
   -0.8851    -0.4297    -0.179
   -0.279    0.1818    0.9429
   -0.3726    0.8845    -0.2807
 Node:         78
  0.1384E+03  0.1261E+03  0.4829E+03  0.0000E+00
   0.03014
   0.01741
   2.706E-4
   0.004017
   0.002202
   3.578E-4
   0.04004
   -1.675E-4
   -0.007464
   0.04430864466726555
   0.010802833333333333
   0.02088729540627242
   -0.9078    -0.4035    -0.1144
   -0.1212    -0.008628    0.9926
   -0.4015    0.9149    -0.04108
 Node:         79
  0.1552E+03  0.1264E+03  0.4522E+03  0.0000E+00
   0.02628
   0.001456
  -0.01576
  -0.02873
   0.003321
  -0.01053
   0.04838
   -0.01409
   -0.02749
   0.07013671577711633
   0.002266666666666667
   0.033062764890768315
   -0.8871    0.005703    0.4615
   0.1275    0.964    0.2332
   -0.4435    0.2657    -0.856
 Node:         80
  0.1492E+03  0.1242E+03  0.4691E+03  0.0000E+00
   0.04809
   0.01693
  -0.009993
   0.01968
   0.006807
  -0.006554
   0.06881
   -0.0116
   -0.01388
   0.08157390085070101
   0.01444333333333333
   0.03845430563957984
   -0.9325    -0.233    -0.2759
   -0.3563    0.4686    0.8084
   0.05906    -0.8521    0.52
 Node:         81
  0.1433E+03  0.1217E+03  0.4836E+03  0.0000E+00
   0.0317
   0.01516
  -8.732E-4
   0.01945
   0.005362
   1.666E-5
   0.0486
   -0.005352
   -0.009571
   0.056180439238225965
   0.011225666666666667
   0.026483713036925583
   -0.8694    -0.3108    -0.384
   0.09427    -0.8674    0.4886
   -0.485    0.3886    0.7834
 Node:         82
  0.1267E+03  0.1148E+03  0.4557E+03  0.1622E-01
   0.05701
  -0.02603
   0.03219
  -0.007284
   0.003673
   0.03119
   0.07831
   0.02903
   0.0153
   0.05739029273317919
   0.04088
   0.027054043443941366
   -0.8429    0.5088    0.175
   0.1205    -0.1386    0.983
   0.5244    0.8497    0.05549
 Node:         83
  0.1234E+03  0.1129E+03  0.4717E+03  0.1622E-01
   0.05427
  -0.01712
   0.03196
  -0.007539
   0.003927
   0.03214
   0.06735
   0.02989
   0.02228
   0.04178796836411169
   0.039839999999999993
   0.019699037201514863
   -0.8541    0.4587    0.2453
   0.2053    -0.1362    0.9692
   0.4779    0.8781    0.0222
 Node:         84
  0.1187E+03  0.1123E+03  0.4849E+03  0.1622E-01
   0.05401
  -0.001316
   0.03238
  -0.00109
   6.03E-5
   0.03246
   0.05417
   0.03242
   0.03228
   0.02182033684432942
   0.03962333333333334
   0.010286205433600005
   -0.9967    0.06265    0.05222
   -0.04807    0.06607    -0.9967
   -0.06589    -0.9958    -0.06284
 Node:         85
  0.1302E+03  0.1161E+03  0.4544E+03  0.1622E-01
   0.05706
  -0.02897
   0.03242
  -0.006829
   0.004918
   0.03056
   0.08171
   0.02823
   0.01293
   0.06254953556981858
   0.04095666666666667
   0.029486133840991923
   -0.8317    0.5296    0.1666
   0.1525    -0.07065    0.9858
   0.5339    0.8453    -0.02202
 Node:         86
  0.1252E+03  0.1138E+03  0.4700E+03  0.1622E-01
   0.0514
  -0.01178
   0.03819
  -0.01964
   0.01718
   0.03205
   0.07583
   0.03205
   0.01484
   0.05446399085634471
   0.04090666666666667
   0.025674571510002308
   -0.6773    0.5226    0.5179
   0.6633    0.7382    0.1226
   0.3183    -0.4265    0.8466
 Node:         87
  0.1217E+03  0.1126E+03  0.4833E+03  0.1622E-01
   0.05417
  -0.00115
   0.03244
  -0.003086
   2.027E-4
   0.03265
   0.0547
   0.03232
   0.03219
   0.022445282355096356
   0.03973666666666667
   0.010580807572623597
   -0.988    0.05422    0.1443
   0.09333    0.9554    0.2801
   -0.1227    0.2902    -0.9491
 Node:         88
  0.1338E+03  0.1169E+03  0.4527E+03  0.1622E-01
   0.05423
  -0.03239
   0.03339
  -0.006711
   0.01972
   0.03241
   0.08745
   0.032
   0.003792
   0.07371924690336981
   0.04108066666666667
   0.03475158625955879
   -0.7357    0.5957    0.3222
   0.5162    0.1852    0.8362
   -0.4385    -0.7816    0.4438
 Node:         89
  0.1270E+03  0.1150E+03  0.4683E+03  0.1622E-01
   0.05543
  -0.02005
   0.03281
  -0.0126
   0.005128
   0.03228
   0.07391
   0.02773
   0.02015
   0.05039933729723041
   0.04059666666666667
   0.02375847544678647
   -0.828    0.4622    0.3175
   0.1406    -0.3771    0.9155
   0.5428    0.8026    0.2472
 Node:         90
  0.1248E+03  0.1132E+03  0.4822E+03  0.1622E-01
   0.05446
  -0.003796
   0.03262
  -0.002494
   0.001195
   0.03251
   0.05558
   0.03275
   0.0312
   0.023643136424763952
   0.039843333333333335
   0.011145481396312837
   -0.9775    0.1742    0.1187
   0.2037    0.636    0.7443
   -0.05414    -0.7518    0.6572
 Node:         91
  0.1258E+03  0.1259E+03  0.4542E+03  0.1622E-01
   0.04812
  -0.03426
   0.03914
  -0.01801
   0.01266
   0.03078
   0.09142
   0.0224
   0.008448
   0.07695054089478513
   0.040756
   0.03627483285511687
   -0.695    0.6272    0.3516
   0.1332    -0.3683    0.9201
   0.7066    0.6863    0.1724
 Node:         92
  0.1208E+03  0.1231E+03  0.4723E+03  0.1622E-01
   0.05395
  -0.02843
   0.03341
  -0.02257
   0.007674
   0.03268
   0.08768
   0.02534
   0.009908
   0.07131937397369666
   0.040976
   0.033620275311186845
   -0.7749    0.4882    0.4016
   0.05164    -0.5842    0.8099
   0.63    0.6483    0.4275
 Node:         93
  0.1159E+03  0.1217E+03  0.4876E+03  0.1622E-01
   0.05472
  -4.448E-4
   0.03233
  -0.009688
  -0.002753
   0.03304
   0.05894
   0.03376
   0.02744
   0.02886368652823128
   0.04004666666666667
   0.013606472316103424
   -0.9307    -0.025    0.3648
   0.2089    -0.8552    0.4743
   -0.3001    -0.5177    -0.8012
 Node:         94
  0.1312E+03  0.1261E+03  0.4532E+03  0.1622E-01
   0.04669
  -0.03388
   0.04038
  -0.01683
   0.007503
   0.0304
   0.0878
   0.02661
   0.007386
   0.07273303813261206
   0.04059866666666667
   0.034286682986579824
   -0.6993    0.6494    0.2989
   -0.01633    -0.4325    0.9015
   0.7146    0.6255    0.313
 Node:         95
  0.1249E+03  0.1233E+03  0.4703E+03  0.1622E-01
   0.05496
  -0.02667
   0.03523
  -0.02738
   0.007541
   0.03082
   0.09063
   0.02548
   0.008239
   0.0752663652038545
   0.04144966666666667
   0.03548090482060582
   -0.7785    0.4669    0.4195
   -0.1095    -0.7591    0.6417
   0.6181    0.4536    0.6421
 Node:         96
  0.1205E+03  0.1222E+03  0.4851E+03  0.1622E-01
   0.0554
  -0.002164
   0.03257
  -0.01138
   6.991E-4
   0.03253
   0.06114
   0.03214
   0.0274
   0.03163743984585352
   0.04022666666666667
   0.01491403216958967
   -0.9218    0.08191    0.3788
   -0.05994    -0.9958    0.06944
   0.3829    0.04131    0.9229
 Node:         97
  0.1366E+03  0.1259E+03  0.4519E+03  0.1622E-01
   0.04745
  -0.02796
   0.04087
  -0.01831
   0.008653
   0.02947
   0.08387
   0.02543
   0.01229
   0.06599844543623735
   0.040530000000000004
   0.031111965543822524
   -0.6944    0.6341    0.3403
   -0.1493    -0.5895    0.7938
   0.704    0.5004    0.504
 Node:         98
  0.1295E+03  0.1232E+03  0.4682E+03  0.1622E-01
   0.05397
  -0.04051
   0.03715
  -0.02204
   0.00604
   0.03042
   0.09927
   0.0262
   6.955E-4
   0.08861894963973563
   0.042055166666666664
   0.04177537348792414
   -0.7635    0.5737    0.2965
   -0.008604    -0.4681    0.8836
   0.6458    0.6721    0.3623
 Node:         99
  0.1260E+03  0.1218E+03  0.4827E+03  0.1622E-01
   0.0552
  -0.01054
   0.03331
  -0.005935
   0.003052
   0.03237
   0.06175
   0.03055
   0.02862
   0.03220839797319947
   0.040306666666666664
   0.015183184412002934
   -0.9001    0.3728    0.2256
   0.3157    0.2011    0.9273
   -0.3003    -0.9059    0.2987
 Node:        100
  0.1250E+03  0.1371E+03  0.4525E+03  0.0000E+00
   0.03177
   0.008334
  -0.001808
  -0.01066
  -0.004849
   0.003141
   0.03892
   4.2E-4
   -0.004623
   0.0412533313685089
   0.011572333333333332
   0.019447006904805577
   -0.9242    -0.2251    0.3085
   -0.3757    0.3901    -0.8407
   -0.06885    0.8928    0.4451
 Node:        101
  0.1187E+03  0.1335E+03  0.4713E+03  0.0000E+00
   0.03127
   0.01748
   0.001173
   0.009818
   0.006803
   0.005406
   0.0437
   0.002116
   -0.006873
   0.04673146427194423
   0.012981000000000001
   0.022029423520979086
   -0.8691    -0.3982    -0.2935
   0.3521    -0.08111    -0.9325
   -0.3475    0.9137    -0.2107
 Node:        102
  0.1139E+03  0.1312E+03  0.4875E+03  0.0000E+00
   0.02463
   0.01183
   8.938E-4
   0.009861
   0.006509
   0.001009
   0.03423
   -0.001372
   -0.005613
   0.03790087818243793
   0.009081666666666667
   0.01786664531715142
   -0.866    -0.3748    -0.3311
   -0.4873    0.4835    0.7272
   0.1125    -0.7911    0.6013
 Node:        103
  0.1323E+03  0.1363E+03  0.4518E+03  0.0000E+00
   0.0319
   0.003591
  -0.004561
  -0.01259
  -0.005519
   0.002999
   0.03919
   7.62E-4
   -0.007291
   0.04302351307134275
   0.010887
   0.020281478562143015
   -0.929    -0.1218    0.3494
   -0.3562    0.5496    -0.7557
   0.1    0.8265    0.554
 Node:        104
  0.1250E+03  0.1329E+03  0.4697E+03  0.0000E+00
   0.0335
   0.02115
  -0.001646
   0.01012
   0.008505
   0.00597
   0.04883
   0.00272
   -0.0114
   0.05455803973751256
   0.013383333333333332
   0.025718906577760173
   -0.8672    -0.406    -0.2884
   0.3503    -0.08569    -0.9327
   -0.3539    0.9099    -0.2165
 Node:        105
  0.1200E+03  0.1317E+03  0.4853E+03  0.0000E+00
   0.02586
   0.01203
   3.509E-4
   0.01031
   0.005962
   9.513E-4
   0.0355
   -0.001995
   -0.005416
   0.03931728196353353
   0.009363
   0.0185343444628254
   -0.8763    -0.3568    -0.3237
   -0.4614    0.4282    0.777
   0.1387    -0.8303    0.5399
 Node:        106
  0.1395E+03  0.1350E+03  0.4511E+03  0.0000E+00
   0.03122
   5.633E-4
  -0.008348
  -0.01053
  -0.003516
   0.002882
   0.03713
   5.142E-4
   -0.008797
   0.04205178108047268
   0.009615733333333334
   0.0198233997086496
   -0.9504    -0.03696    0.3089
   -0.302    0.3477    -0.8876
   0.0746    0.9369    0.3416
 Node:        107
  0.1320E+03  0.1314E+03  0.4680E+03  0.0000E+00
   0.03703
   0.02772
  -0.003044
   0.009835
   0.00611
   0.005128
   0.05645
   0.002391
   -0.0158
   0.06508974751064872
   0.014346999999999999
   0.030683601233666605
   -0.8776    -0.4249    -0.222
   -0.2188    -0.05701    0.9741
   -0.4265    0.9034    -0.04295
 Node:        108
  0.1273E+03  0.1303E+03  0.4831E+03  0.0000E+00
   0.02749
   0.01177
   1.429E-4
   0.005161
   0.002235
   5.799E-4
   0.03364
   -3.668E-4
   -0.004127
   0.03603434361328093
   0.0097154
   0.01698675248303807
   -0.9267    -0.3365    -0.1676
   -0.1831    0.01454    0.983
   -0.3283    0.9416    -0.07507
 Node:        109
  0.1018E+03  0.1092E+03  0.4946E+03 -0.2715E-04
  -5.429E-5
   2.399E-16
  -5.429E-5
   9.595E-17
  -2.399E-17
  -5.429E-5
   -5.429E-5
   -5.429E-5
   -5.429E-5
   0.0
   -5.429E-5
   0.0
   -0.3792    -0.925    -0.02399
   0.48    -0.2188    0.8495
   0.791    -0.3106    -0.527
 Node:        110
  0.1058E+03  0.1118E+03  0.5081E+03 -0.2715E-04
  -5.429E-5
   4.798E-17
  -5.429E-5
  -2.399E-17
  -8.995E-17
  -5.429E-5
   -5.429E-5
   -5.429E-5
   -5.429E-5
   0.0
   -5.429E-5
   0.0
   -0.02838    -0.09126    0.9954
   0.7346    0.6734    0.08269
   -0.6779    0.7336    0.04793
 Node:        111
  0.1108E+03  0.1137E+03  0.5210E+03 -0.2715E-04
  -5.429E-5
   9.595E-17
  -5.429E-5
  -4.798E-17
   5.637E-16
  -5.429E-5
   -5.429E-5
   -5.429E-5
   -5.429E-5
   0.0
   -5.429E-5
   0.0
   0.9393    0.3169    0.1318
   0.3364    -0.7738    -0.5367
   -0.06805    0.5485    -0.8334
 Node:        112
  0.1072E+03  0.1111E+03  0.4942E+03 -0.2715E-04
  -5.429E-5
   2.399E-16
  -5.429E-5
  -4.183E-37
   2.399E-17
  -5.429E-5
   -5.429E-5
   -5.429E-5
   -5.429E-5
   0.0
   -5.429E-5
   0.0
   0.3759    0.9265    0.01671
   0.9266    -0.3757    -0.01402
   0.006713    -0.02075    0.9998
 Node:        113
  0.1071E+03  0.1139E+03  0.5077E+03 -0.2715E-04
  -5.429E-5
   5.521E-36
  -5.429E-5
   2.879E-16
  -2.639E-16
  -5.429E-5
   -5.429E-5
   -5.429E-5
   -5.429E-5
   0.0
   -5.429E-5
   0.0
   -0.1654    0.6537    -0.7384
   -0.2298    -0.7537    -0.6158
   -0.9591    0.06785    0.2749
 Node:        114
  0.1093E+03  0.1164E+03  0.5209E+03 -0.2715E-04
  -5.429E-5
   1.919E-16
  -5.429E-5
  -4.798E-17
   9.595E-17
  -5.429E-5
   -5.429E-5
   -5.429E-5
   -5.429E-5
   0.0
   -5.429E-5
   0.0
   -0.6573    -0.7285    -0.1932
   -0.4203    0.1416    0.8963
   0.6256    -0.6703    0.3993
 Node:        115
  0.1129E+03  0.1120E+03  0.4932E+03 -0.2715E-04
  -5.429E-5
  -5.019E-37
  -5.429E-5
  -1.439E-16
  -4.798E-17
  -5.429E-5
   -5.429E-5
   -5.429E-5
   -5.429E-5
   0.0
   -5.429E-5
   0.0
   0.6708    0.2236    -0.7072
   0.3162    -0.9487    -1.536E-5
   -0.6709    -0.2236    -0.707
 Node:        116
  0.1092E+03  0.1143E+03  0.5068E+03 -0.2715E-04
  -5.429E-5
   8.995E-17
  -5.429E-5
   2.879E-16
   3.598E-17
  -5.429E-5
   -5.429E-5
   -5.429E-5
   -5.429E-5
   0.0
   -5.429E-5
   0.0
   -0.223    -0.9699    -0.09799
   0.8805    -0.2435    0.4067
   -0.4183    0.004412    0.9083
 Node:        117
  0.1089E+03  0.1172E+03  0.5207E+03 -0.2715E-04
  -5.429E-5
  -1.199E-16
  -5.429E-5
  -2.399E-16
  -2.879E-16
  -5.429E-5
   -5.429E-5
   -5.429E-5
   -5.429E-5
   0.0
   -5.429E-5
   0.0
   -0.232    -0.2201    0.9475
   -0.8739    0.475    -0.1036
   -0.4272    -0.852    -0.3026
 Node:        118
  0.1017E+03  0.1094E+03  0.4948E+03 -0.2715E-04
  -5.429E-5
   1.439E-16
  -5.429E-5
  -2.399E-16
  -3.118E-16
  -5.429E-5
   -5.429E-5
   -5.429E-5
   -5.429E-5
   0.0
   -5.429E-5
   0.0
   -0.276    -0.4258    0.8617
   0.1261    0.8727    0.4716
   0.9529    -0.2389    0.1871
 Node:        119
  0.1058E+03  0.1120E+03  0.5082E+03 -0.2715E-04
  -5.429E-5
