 Group name: gastroc_Strain
 #Fields=  16
 1) coordinates, coordinate, rectangular cartesian, #Components=3
   x.  Value index= 1, #Derivatives=0
   y.  Value index= 2, #Derivatives=0
   z.  Value index= 3, #Derivatives=0
 2) Tensor_1, field, rectangular cartesian, #Components=1
   Tensor_1.  Value index= 4, #Derivatives=0
 3) Tensor_2, field, rectangular cartesian, #Components=1
   Tensor_2.  Value index= 5, #Derivatives=0
 4) Tensor_3, field, rectangular cartesian, #Components=1
   Tensor_3.  Value index= 6, #Derivatives=0
 5) Tensor_4, field, rectangular cartesian, #Components=1
   Tensor_4.  Value index= 7, #Derivatives=0
 6) Tensor_5, field, rectangular cartesian, #Components=1
   Tensor_5.  Value index= 8, #Derivatives=0
 7) Tensor_6, field, rectangular cartesian, #Components=1
   Tensor_6.  Value index= 9, #Derivatives=0
 8) Principal_1, field, rectangular cartesian, #Components=1
   Principal_1.  Value index= 10, #Derivatives=0
 9) Principal_2, field, rectangular cartesian, #Components=1
   Principal_2.  Value index= 11, #Derivatives=0
 10) Principal_3, field, rectangular cartesian, #Components=1
   Principal_3.  Value index= 12, #Derivatives=0
 11) VonMises, field, rectangular cartesian, #Components=1
   VonMises.  Value index= 13, #Derivatives=0
 12) Hydrostatic, field, rectangular cartesian, #Components=1
   VonMises.  Value index= 14, #Derivatives=0
 13) Octahedral, field, rectangular cartesian, #Components=1
   VonMises.  Value index= 15, #Derivatives=0
 14) PrincipalVector1, field, rectangular cartesian, #Components=3
   x.  Value index= 16, #Derivatives=0
   y.  Value index= 17, #Derivatives=0
   z.  Value index= 18, #Derivatives=0
 15) PrincipalVector2, field, rectangular cartesian, #Components=3
   x.  Value index= 19, #Derivatives=0
   y.  Value index= 20, #Derivatives=0
   z.  Value index= 21, #Derivatives=0
 16) PrincipalVector3, field, rectangular cartesian, #Components=3
   x.  Value index= 22, #Derivatives=0
   y.  Value index= 23, #Derivatives=0
   z.  Value index= 24, #Derivatives=0
 Node:          1
  0.1287E+03  0.1133E+03  0.4908E+03 -0.3663E-04
  -1.11E-16
  -8.327E-17
  -2.22E-16
  -2.776E-17
  -4.163E-17
  -3.331E-16
   -6.637E-17
   -2.4E-16
   -3.598E-16
   2.5553921597281306E-16
   -2.2205666666666663E-16
   1.204623416489799E-16
   0.8837    -0.4676    -0.01897
   0.4046    0.7837    -0.4712
   0.2352    0.4088    0.8818
 Node:          2
  0.1292E+03  0.1137E+03  0.5052E+03 -0.3663E-04
  -5.551E-17
  -1.11E-16
  -1.665E-16
  -5.551E-17
   1.943E-16
  -2.776E-16
   8.603E-17
   -1.6E-16
   -4.256E-16
   4.4319260925696854E-16
   -1.6652333333333334E-16
   2.089229995849082E-16
   -0.6554    0.6199    0.4313
   0.7522    0.4849    0.4462
   -0.06744    -0.6169    0.7841
 Node:          3
  0.1289E+03  0.1155E+03  0.5194E+03 -0.3663E-04
   2.22E-16
   1.388E-16
   3.331E-16
   1.11E-16
   5.551E-17
   2.22E-16
   4.753E-16
   2.118E-16
   9.006E-17
   3.4107384479024473E-16
   2.590533333333333E-16
   1.6078375235770005E-16
   -0.5696    -0.7144    -0.4063
   0.2395    -0.6172    0.7494
   -0.7862    0.3296    0.5227
 Node:          4
  0.1361E+03  0.1141E+03  0.4915E+03 -0.3663E-04
   0.0
  -2.776E-17
  -1.11E-16
  -2.776E-17
  -8.327E-17
   2.22E-16
   2.435E-16
   6.328E-18
   -1.388E-16
   3.3426485304919515E-16
   3.700933333333334E-17
   1.5757396286894045E-16
   -0.08549    -0.2215    0.9714
   0.9681    -0.2491    0.0284
   0.2357    0.9428    0.2357
 Node:          5
  0.1341E+03  0.1144E+03  0.5054E+03 -0.3663E-04
   3.331E-16
   1.388E-16
   3.331E-16
   5.551E-17
  -6.939E-17
   4.441E-16
   4.814E-16
   4.627E-16
   1.662E-16
   3.062784517395894E-16
   3.7010000000000004E-16
   1.4438104677092028E-16
   -0.348    -0.6443    0.681
   -0.6589    -0.3487    -0.6665
   0.6669    -0.6807    -0.3032
 Node:          6
  0.1323E+03  0.1162E+03  0.5191E+03 -0.3663E-04
   2.22E-16
   5.551E-17
   2.22E-16
  -5.551E-17
  -2.776E-17
   0.0
   2.897E-16
   1.685E-16
   -1.402E-17
   2.648101478418076E-16
   1.4806E-16
   1.2483270084396958E-16
   -0.715    -0.6696    0.2012
   0.6656    -0.7399    -0.09741
   -0.2141    -0.06426    -0.9747
 Node:          7
  0.1408E+03  0.1171E+03  0.4920E+03 -0.3663E-04
   3.331E-16
   2.22E-16
   2.22E-16
  -8.327E-17
  -1.11E-16
   0.0
   5.398E-16
   6.158E-17
   -4.631E-17
   5.403052621435404E-16
   1.8502333333333335E-16
   2.5470234318164845E-16
   -0.7537    -0.6111    0.2419
   -0.656    0.677    -0.3335
   -0.04004    0.4101    0.9112
 Node:          8
  0.1367E+03  0.1169E+03  0.5055E+03 -0.3663E-04
   2.22E-16
   1.943E-16
   2.22E-16
  -4.025E-16
  -2.359E-16
  -2.22E-16
   6.547E-16
   4.477E-17
   -4.775E-16
   9.814930967154074E-16
   7.399000000000001E-17
   4.626802829168323E-16
   -0.6847    -0.5611    0.4652
   0.5685    -0.8105    -0.1409
   -0.4561    -0.1681    -0.8739
 Node:          9
  0.1339E+03  0.1180E+03  0.5191E+03 -0.3663E-04
   2.22E-16
   1.665E-16
   0.0
  -3.955E-16
  -2.776E-16
   6.661E-16
   1.002E-15
   -9.379E-18
   -1.046E-16
   1.062195387036208E-15
   2.96007E-16
   5.007237074122481E-16
   -0.4817    -0.3073    0.8207
   -0.8565    -0.03292    -0.515
   -0.1853    0.951    0.2474
 Node:         10
  0.1294E+03  0.1212E+03  0.4911E+03 -0.3663E-04
   0.0
   2.776E-17
   1.11E-16
  -1.388E-17
   1.249E-16
   1.11E-16
   2.363E-16
   2.303E-17
   -3.732E-17
   2.48992088026909E-16
   7.400333333333333E-17
   1.173759959370834E-16
   0.0421    0.71    0.703
   -0.7813    -0.4152    0.4661
   -0.6228    0.5688    -0.5372
 Node:         11
  0.1295E+03  0.1214E+03  0.5055E+03 -0.3663E-04
  -2.22E-16
  -2.776E-17
  -2.22E-16
  -4.163E-17
   1.388E-17
  -1.665E-16
   -1.365E-16
   -2.183E-16
   -2.558E-16
   1.0566451627675205E-16
   -2.035333333333333E-16
   4.9810730660058464E-17
   -0.4935    0.2929    0.8189
   0.3541    -0.7924    0.4968
   -0.7944    -0.5351    -0.2873
 Node:         12
  0.1295E+03  0.1217E+03  0.5196E+03 -0.3663E-04
   1.11E-16
   0.0
   1.11E-16
   7.633E-17
   2.776E-17
   2.22E-16
   2.649E-16
   1.11E-16
   6.816E-17
   1.792025435087348E-16
   1.4801999999999999E-16
   8.447688914726913E-17
   -0.4387    -0.1595    -0.8844
   0.3417    -0.9398    -2.255E-17
   0.8311    0.3022    -0.4668
 Node:         13
  0.1361E+03  0.1199E+03  0.4914E+03 -0.3663E-04
   1.11E-16
  -1.388E-16
   0.0
  -9.714E-17
   2.776E-17
  -1.665E-16
   2.285E-16
   -8.52E-17
   -1.988E-16
   3.833392361864358E-16
   -1.849999999999999E-17
   1.807078489348669E-16
   0.8171    -0.5252    -0.2378
   0.4648    0.8442    -0.2671
   0.341    0.1077    0.9339
 Node:         14
  0.1342E+03  0.1198E+03  0.5054E+03 -0.3663E-04
  -5.551E-17
   2.776E-17
   0.0
   5.551E-17
  -9.021E-17
   1.11E-16
   1.672E-16
   -4.94E-18
   -1.068E-16
   2.398787602102362E-16
   1.8486666666666665E-17
   1.130799320048532E-16
   0.1634    -0.4472    0.8794
   -0.6569    -0.7144    -0.2412
   -0.7361    0.5382    0.4105
 Node:         15
  0.1330E+03  0.1205E+03  0.5193E+03 -0.3663E-04
   2.22E-16
  -8.327E-17
  -5.551E-17
   1.388E-17
   4.857E-17
   0.0
   2.451E-16
   2.471E-17
   -1.033E-16
   3.0523832672192397E-16
   5.550333333333333E-17
   1.438907271354049E-16
   -0.9638    0.2667    -0.001723
   0.1157    0.4239    0.8983
   0.2403    0.8656    -0.4394
 Node:         16
  0.1404E+03  0.1188E+03  0.4918E+03 -0.3663E-04
   2.22E-16
   5.551E-17
   2.22E-16
  -8.327E-17
  -1.457E-16
   4.441E-16
   5.466E-16
   1.95E-16
   1.465E-16
   3.7818964819254375E-16
   2.9603333333333337E-16
   1.7828030987433498E-16
   -0.2927    -0.4328    0.8526
   -0.9222    -0.1077    -0.3713
   -0.2526    0.895    0.3676
 Node:         17
  0.1365E+03  0.1184E+03  0.5055E+03 -0.3663E-04
  -1.11E-16
   2.776E-17
  -1.11E-16
   9.714E-17
   1.7E-16
   0.0
   1.573E-16
   -1.341E-16
   -2.452E-16
   3.600440389730123E-16
   -7.400000000000001E-17
   1.697263876557404E-16
   0.3368    0.5285    0.7792
   0.8927    -0.4425    -0.08566
   -0.2996    -0.7244    0.6209
 Node:         18
  0.1341E+03  0.1191E+03  0.5192E+03 -0.3663E-04
   0.0
   0.0
   0.0
   2.645E-17
   1.065E-16
   4.441E-16
   4.697E-16
   -1.672E-33
   -2.562E-17
   4.830198633596759E-16
   1.4802666666666666E-16
   2.2769774721961763E-16
   -0.05484    -0.2207    -0.9738
   0.9705    -0.2411    -6.21E-17
   -0.2348    -0.9451    0.2274
 Node:         19
  0.1301E+03  0.1291E+03  0.4914E+03  0.0000E+00
   1.11E-16
   0.0
   1.11E-16
   2.101E-19
   1.001E-17
  -2.22E-16
   1.113E-16
   1.11E-16
   -2.223E-16
   3.3345010121455954E-16
   0.0
   1.5718988517077046E-16
   -0.02096    -0.9993    -0.03003
   0.9998    -0.02097    1.345E-19
   6.298E-4    0.03003    -0.9995
 Node:         20
  0.1299E+03  0.1291E+03  0.5058E+03  0.0000E+00
   2.22E-16
   0.0
   0.0
   1.041E-17
   1.924E-17
  -5.551E-17
   2.224E-16
   5.975E-18
   -6.188E-17
   2.5715676157744715E-16
   5.549833333333335E-17
   1.2122485995959007E-16
   -0.9993    -0.003257    -0.03765
   0.01428    -0.9549    -0.2965
   -0.03498    -0.2968    0.9543
 Node:         21
  0.1301E+03  0.1280E+03  0.5197E+03  0.0000E+00
   1.11E-16
   0.0
   0.0
   4.163E-17
   1.475E-17
   1.11E-16
   1.534E-16
   7.089E-17
   -2.22E-18
   1.3485280234388901E-16
   7.402333333333333E-17
   6.357022066624871E-17
   -0.6994    -0.0684    -0.7114
   -0.7126    0.1429    0.6869
   -0.05465    -0.9874    0.1487
 Node:         22
  0.1360E+03  0.1256E+03  0.4913E+03  0.0000E+00
  -2.22E-16
   1.388E-17
  -1.11E-16
  -1.388E-17
   1.006E-16
   1.11E-16
   1.5E-16
   -1.456E-16
   -2.264E-16
   3.432090907886911E-16
   -7.4E-17
   1.617903169743686E-16
   -0.02144    0.3586    0.9332
   0.228    0.9106    -0.3447
   -0.9734    0.2054    -0.1013
 Node:         23
  0.1343E+03  0.1253E+03  0.5054E+03  0.0000E+00
   0.0
   2.082E-17
  -4.441E-16
   0.0
   1.314E-16
  -1.665E-16
   1.265E-18
   -1.147E-16
   -4.972E-16
   4.517861703560657E-16
   -2.0354499999999996E-16
   2.1297404313671653E-16
   0.997    0.06061    0.04746
   0.06644    -0.3661    -0.9282
   0.03888    -0.9286    0.369
 Node:         24
  0.1336E+03  0.1248E+03  0.5194E+03  0.0000E+00
  -2.22E-16
   1.214E-17
   0.0
   1.388E-17
   8.674E-19
  -1.665E-16
   6.779E-19
   -1.633E-16
   -2.259E-16
   2.026635838733984E-16
   -1.2950736666666666E-16
   9.553652963763242E-17
   -0.05504    -0.9984    -0.009747
   0.2257    -0.02195    0.974
   -0.9726    0.05141    0.2265
 Node:         25
  0.1400E+03  0.1206E+03  0.4917E+03  0.0000E+00
   0.0
   2.671E-16
  -1.11E-16
  -8.327E-17
  -1.301E-16
   2.22E-16
   3.681E-16
   7.58E-17
   -3.329E-16
   6.098671904603493E-16
   3.699999999999999E-17
   2.8749415066513385E-16
   0.5089    0.4781    -0.7159
   0.6086    0.3883    0.692
   0.6088    -0.7878    -0.09334
 Node:         26
  0.1363E+03  0.1200E+03  0.5055E+03  0.0000E+00
   2.22E-16
   1.076E-16
  -6.106E-16
   2.776E-17
  -1.124E-15
  -5.551E-17
   8.281E-16
   2.248E-16
   -1.497E-15
   2.089815319591662E-15
   -1.4803333333333336E-16
   9.851483892738641E-16
   0.07371    0.6174    -0.7832
   0.9955    0.001018    0.09449
   -0.05914    0.7866    0.6146
 Node:         27
  0.1343E+03  0.1203E+03  0.5192E+03  0.0000E+00
   2.22E-16
  -1.943E-16
   2.22E-16
  -1.041E-16
   1.313E-15
   0.0
   1.466E-15
   1.875E-16
   -1.209E-15
   2.3173691440942246E-15
   1.4816666666666667E-16
   1.0924182908676612E-15
   -0.1693    0.728    0.6643
   0.9848    0.09849    0.1431
   0.03876    0.6785    -0.7336
 Node:         28
  0.1155E+03  0.1124E+03  0.4931E+03 -0.2165E-03
  -2.22E-16
   3.816E-17
   2.22E-16
  -5.551E-17
   5.551E-17
   1.11E-16
   2.455E-16
   1.014E-16
   -2.359E-16
   4.279497984577163E-16
   3.699999999999999E-17
   2.0173746966457835E-16
   0.03184    0.9284    0.3701
   0.1988    0.3571    -0.9127
   0.9795    -0.1026    0.1732
 Node:         29
  0.1119E+03  0.1139E+03  0.5068E+03 -0.2165E-03
  -2.22E-16
  -2.082E-17
   0.0
   5.551E-17
   6.939E-18
  -3.331E-16
   1.944E-18
   -2.004E-16
   -3.566E-16
   3.113642033631998E-16
   -1.8501866666666668E-16
   1.4677849307791052E-16
   -0.09118    0.9958    0.005517
   -0.9179    -0.08189    -0.3884
   -0.3863    -0.04048    0.9215
 Node:         30
  0.1113E+03  0.1159E+03  0.5206E+03 -0.2165E-03
   2.22E-16
   1.249E-16
   2.22E-16
   0.0
  -2.776E-17
   1.11E-16
   3.486E-16
   1.238E-16
   8.277E-17
   2.4787505905193444E-16
   1.8505666666666664E-16
   1.1684942342842583E-16
   -0.7001    -0.7092    0.08287
   -0.4685    0.3686    -0.8029
   -0.5389    0.6009    0.5903
 Node:         31
  0.1203E+03  0.1126E+03  0.4920E+03 -0.2165E-03
  -5.551E-17
   9.714E-17
  -1.11E-16
   2.776E-17
   4.163E-17
  -5.551E-17
   4.114E-17
   -7.661E-17
   -1.866E-16
   1.9726678661143135E-16
   -7.402333333333333E-17
   9.29924550105485E-17
   -0.6956    -0.5654    -0.4433
   0.4358    0.1585    -0.886
   0.5712    -0.8095    0.1362
 Node:         32
  0.1188E+03  0.1134E+03  0.5062E+03 -0.2165E-03
   2.22E-16
  -1.388E-17
  -1.11E-16
  -2.776E-17
   9.714E-17
  -5.551E-17
   2.266E-16
   1.331E-17
   -1.844E-16
   3.5602167644681415E-16
   1.8503333333333345E-17
   1.6783022777663014E-16
   -0.9894    0.07624    0.1236
   0.1445    0.5992    0.7875
   0.01402    -0.797    0.6038
 Node:         33
  0.1183E+03  0.1150E+03  0.5201E+03 -0.2165E-03
   1.11E-16
   5.551E-17
   0.0
   8.327E-17
   0.0
   0.0
   1.7E-16
   0.0
   -5.893E-17
   2.0589037107159722E-16
   3.702333333333333E-17
   9.705765171049398E-17
   -0.8617    -0.2815    -0.4222
   0.0    -0.8321    0.5547
   -0.5074    0.478    0.717
 Node:         34
  0.1255E+03  0.1129E+03  0.4909E+03 -0.2165E-03
   0.0
   0.0
   0.0
   5.551E-17
   9.714E-17
   0.0
   1.119E-16
   3.387E-33
   -1.119E-16
   1.9381648536695736E-16
   0.0
   9.136596740581255E-17
   -0.3508    -0.6139    -0.7071
   0.8682    -0.4961    -4.855E-17
   -0.3508    -0.6139    0.7071
 Node:         35
  0.1260E+03  0.1135E+03  0.5054E+03 -0.2165E-03
   0.0
   1.11E-16
  -1.11E-16
   1.11E-16
   2.498E-16
  -1.11E-16
   2.41E-16
   -1.023E-16
   -3.608E-16
   5.228959647960578E-16
   -7.403333333333333E-17
   2.4649552170824977E-16
   0.5458    0.5925    0.5925
   0.8379    -0.3859    -0.3859
   -4.975E-17    -0.7071    0.7071
 Node:         36
  0.1257E+03  0.1153E+03  0.5196E+03 -0.2165E-03
   0.0
  -5.551E-17
   0.0
  -5.551E-17
   8.327E-17
   0.0
   1.305E-16
   -4.723E-17
   -8.327E-17
   1.982226619234037E-16
   0.0
   9.344305895392481E-17
   -0.5155    0.6059    0.6059
   0.8569    0.3645    0.3645
   -1.256E-16    0.7071    -0.7071
 Node:         37
  0.1132E+03  0.1210E+03  0.4959E+03 -0.2165E-03
  -2.22E-16
   1.388E-16
  -2.22E-16
  -8.327E-17
   1.804E-16
  -2.776E-16
   -4.482E-17
   -1.622E-16
   -5.146E-16
   4.2347200190803645E-16
   -2.4054E-16
   1.9962661612787678E-16
   0.3971    0.7887    0.4693
   -0.7874    0.0301    0.6157
   0.4715    -0.614    0.633
 Node:         38
  0.1111E+03  0.1204E+03  0.5085E+03 -0.2165E-03
  -1.665E-16
   9.714E-17
   0.0
  -2.776E-17
  -8.327E-17
  -2.22E-16
   7.071E-17
   -2.091E-16
   -2.502E-16
   3.0246162913665597E-16
   -1.2953E-16
   1.4258177934084005E-16
   -0.3916    -0.8746    0.2859
   0.9154    -0.3389    0.217
   0.09287    -0.3467    -0.9334
 Node:         39
  0.1119E+03  0.1201E+03  0.5207E+03 -0.2165E-03
  -5.551E-17
  -9.714E-17
  -3.331E-16
  -8.327E-17
  -7.633E-17
  -1.11E-16
   8.934E-18
   -1.105E-16
   -3.981E-16
   3.6239130612640252E-16
   -1.6655533333333335E-16
   1.7083290000335286E-16
   0.851    -0.1281    -0.5092
   0.4076    -0.4503    0.7944
   -0.3311    -0.8836    -0.331
 Node:         40
  0.1191E+03  0.1220E+03  0.4937E+03 -0.2165E-03
   0.0
   8.327E-17
  -2.22E-16
   8.327E-17
  -1.388E-17
  -2.22E-16
   4.872E-17
   -2.082E-16
   -2.846E-16
   3.0244591979393603E-16
   -1.4802666666666666E-16
   1.4257437388566321E-16
   -0.924    -0.2703    -0.2703
   0.0    -0.7071    0.7071
   0.3823    -0.6534    -0.6534
 Node:         41
  0.1182E+03  0.1217E+03  0.5073E+03 -0.2165E-03
   0.0
  -2.776E-17
  -5.551E-17
   5.551E-17
   9.714E-17
   1.11E-16
   1.653E-16
   1.073E-17
   -1.206E-16
   2.478691830381502E-16
   1.8476666666666666E-17
   1.168466534489637E-16
   0.2406    0.3653    0.8993
   -0.8901    0.4526    0.05428
   -0.3871    -0.8135    0.434
 Node:         42
  0.1187E+03  0.1212E+03  0.5204E+03 -0.2165E-03
   0.0
  -5.551E-17
  -1.11E-16
   0.0
   5.551E-17
   1.11E-16
   1.256E-16
   1.887E-17
   -1.444E-16
   2.3552960089975954E-16
   2.3333333333339628E-20
   1.1102971864425409E-16
   0.1113    -0.2517    -0.9614
   0.9295    -0.3159    0.1903
   -0.3516    -0.9148    0.1988
 Node:         43
  0.1258E+03  0.1217E+03  0.4915E+03 -0.2165E-03
   2.22E-16
   1.11E-16
   1.11E-16
  -1.388E-17
   0.0
  -5.551E-17
   2.911E-16
   4.294E-17
   -5.645E-17
   3.1004254562882173E-16
   9.253E-17
   1.4615545764698628E-16
   -0.8507    -0.5246    0.03406
   -0.5213    0.8502    0.07348
   0.06751    -0.04475    0.9967
 Node:         44
  0.1259E+03  0.1220E+03  0.5059E+03 -0.2165E-03
  -2.22E-16
   1.388E-16
  -2.22E-16
   9.714E-17
   1.11E-16
  -1.11E-16
   5.081E-17
   -2.445E-16
   -3.614E-16
   3.679610646522265E-16
   -1.8503E-16
   1.7345850935214064E-16
   -0.5113    -0.534    -0.6733
   -0.5198    -0.4318    0.7372
   -0.6844    0.7269    -0.05679
 Node:         45
  0.1261E+03  0.1221E+03  0.5198E+03 -0.2165E-03
  -5.551E-17
  -8.327E-17
  -2.776E-16
   2.776E-17
  -6.939E-18
   1.11E-16
   1.167E-16
   -3.339E-17
   -3.053E-16
   3.7050374910383835E-16
   -7.399666666666666E-17
   1.7465714229757554E-16
   0.1854    -0.05643    0.981
   0.9302    -0.3117    -0.1938
   -0.3167    -0.9485    0.005308
 Node:         46
  0.1117E+03  0.1296E+03  0.4959E+03  0.0000E+00
  -5.551E-17
   2.776E-17
  -1.665E-16
   6.939E-18
  -2.602E-17
   0.0
   4.101E-18
   -4.897E-17
   -1.772E-16
   1.6144583695778595E-16
   -7.402300000000001E-17
   7.610629740479211E-17
   0.04856    -0.1429    0.9886
   0.9724    0.2327    -0.01414
   -0.228    0.962    0.1502
 Node:         47
  0.1107E+03  0.1269E+03  0.5087E+03  0.0000E+00
  -1.665E-16
  -3.123E-17
   1.11E-16
  -2.776E-17
   3.99E-17
   0.0
   1.289E-16
   -1.114E-17
   -1.732E-16
   2.6185783853075704E-16
   -1.8479999999999997E-17
   1.2344096888796688E-16
   -0.1292    0.939    0.3186
   -0.1008    -0.3321    0.9379
   -0.9865    -0.08906    -0.1376
 Node:         48
  0.1125E+03  0.1242E+03  0.5208E+03  0.0000E+00
   1.11E-16
   3.469E-18
   1.11E-16
   0.0
  -1.735E-18
   1.11E-16
   1.149E-16
   1.11E-16
   1.071E-16
   6.75499814951862E-18
   1.1099999999999999E-16
   3.1843366656181307E-18
   -0.6325    -0.7071    0.3162
   0.4472    -4.455E-15    0.8944
   -0.6325    0.7071    0.3162
 Node:         49
  0.1186E+03  0.1311E+03  0.4938E+03  0.0000E+00
  -1.665E-16
  -2.082E-17
   0.0
  -4.163E-17
  -6.072E-18
  -5.551E-17
   2.581E-18
   -4.165E-17
   -1.83E-16
   1.6789358448433935E-16
   -7.402300000000001E-17
   7.914579473772858E-17
   0.1174    -0.9929    0.01965
   -0.3135    -0.01827    0.9494
   -0.9423    -0.1176    -0.3134
 Node:         50
  0.1180E+03  0.1298E+03  0.5075E+03  0.0000E+00
   0.0
  -1.301E-17
   3.331E-16
  -4.163E-17
   1.247E-17
   2.22E-16
   3.354E-16
   2.276E-16
   -7.879E-18
   3.040655120874448E-16
   1.8504033333333332E-16
   1.4333785701466156E-16
   0.05441    -0.9902    -0.1289
   -0.1707    -0.1364    0.9758
   0.9838    0.03109    0.1765
 Node:         51
  0.1192E+03  0.1275E+03  0.5206E+03  0.0000E+00
   0.0
  -3.469E-18
  -5.551E-17
   0.0
   1.475E-17
   1.11E-16
   1.123E-16
   2.087E-19
   -5.702E-17
   1.491791641607165E-16
   1.849623333333333E-17
   7.03237323931892E-17
   -0.002705    0.08758    0.9962
   0.9982    -0.06004    0.007989
   -0.06051    -0.9943    0.08725
 Node:         52
  0.1262E+03  0.1305E+03  0.4920E+03  0.0000E+00
   1.11E-16
  -1.388E-17
   1.11E-16
   1.301E-18
   4.906E-18
   0.0
   1.25E-16
   9.734E-17
   -2.497E-19
   1.1396559238686912E-16
   7.403009999999999E-17
   5.372389546579809E-17
   -0.7047    0.7092    0.02051
   0.7093    0.7034    0.04493
   -0.01744    -0.04621    0.9988
 Node:         53
  0.1258E+03  0.1304E+03  0.5063E+03  0.0000E+00
  -1.665E-16
  -1.735E-18
  -1.11E-16
   2.776E-17
   3.383E-17
  -2.22E-16
   -1.01E-16
   -1.572E-16
   -2.414E-16
   1.2239330047024632E-16
   -1.6653333333333332E-16
   5.769675515620921E-17
   0.09684    0.9526    0.2883
   -0.9346    0.1866    -0.3027
   -0.3422    -0.2402    0.9084
 Node:         54
  0.1265E+03  0.1288E+03  0.5200E+03  0.0000E+00
  -2.22E-16
   2.082E-17
   1.11E-16
   0.0
  -4.337E-18
   1.11E-16
   1.16E-16
   1.073E-16
   -2.233E-16
   3.350347295430729E-16
   0.0
   1.5793688612860518E-16
   -0.04656    -0.7562    0.6527
   -0.04117    -0.6514    -0.7576
   -0.9981    0.06215    8.061E-4
 Node:         55
  0.1381E+03  0.1167E+03  0.4529E+03  0.4974E-02
   0.00174
  -0.005315
   0.00558
  -0.001337
   0.00782
  -0.01283
   0.0115
   -0.001286
   -0.01572
   0.02358760852651239
   -0.001835333333333334
   0.011119305294047026
   -0.488    0.8228    0.2913
   0.8721    0.446    0.2012
   -0.03561    -0.3522    0.9352
 Node:         56
  0.1314E+03  0.1156E+03  0.4684E+03  0.4974E-02
   0.005281
  -0.005469
   0.004078
  -0.003348
   0.003675
  -0.006997
   0.0115
   -7.934E-4
   -0.00835
   0.017352988029731363
   7.855333333333334E-4
   0.008180277006448022
   0.7124    -0.6525    -0.2585
   0.6859    0.7253    0.05948
   0.1487    -0.2197    0.9642
 Node:         57
  0.1285E+03  0.1140E+03  0.4823E+03  0.4974E-02
   0.002024
  -0.001707
   0.001412
  -9.67E-4
   6.889E-4
  -1.921E-4
   0.003803
   -1.945E-6
   -5.573E-4
   0.004110854030432727
   0.0010812516666666666
   0.001937875174258021
   -0.7397    0.6099    0.2842
   0.5932    0.7905    -0.1526
   0.3177    -0.05571    0.9465
 Node:         58
  0.1479E+03  0.1175E+03  0.4533E+03  0.4974E-02
   8.551E-4
  -0.006676
   0.01158
  -0.001149
   0.005431
  -0.02791
   0.01545
   -0.002283
   -0.02865
   0.03843493188494029
   -0.005161
   0.018118400646856225
   -0.4208    0.8987    0.1237
   0.9071    0.4181    0.04791
   0.008661    -0.1324    0.9912
 Node:         59
  0.1416E+03  0.1165E+03  0.4693E+03  0.4974E-02
   0.01048
  -0.01001
   0.009626
  -0.008591
   0.007615
  -0.00829
   0.02413
   5.001E-5
   -0.01236
   0.03213545056942722
   0.003940003333333333
   0.015148796676084722
   -0.6849    0.6477    0.3336
   0.6791    0.7335    -0.02983
   0.264    -0.2061    0.9422
 Node:         60
  0.1375E+03  0.1150E+03  0.4832E+03  0.4974E-02
   0.005191
  -0.004444
   0.00366
  -0.003983
   0.0028
   0.001362
   0.0113
   5.113E-5
   -0.001142
   0.011890416297880407
   0.003403043333333333
   0.005605195996908186
   -0.6976    0.5663    0.4389
   0.481    0.8242    -0.2989
   -0.531    0.002604    -0.8474
 Node:         61
  0.1549E+03  0.1216E+03  0.4538E+03  0.4974E-02
   0.0104
  -0.005852
  -6.213E-4
   0.001553
  -0.003711
  -0.01762
   0.01321
   -0.002647
   -0.0184
   0.027375112401595722
   -0.0026123333333333333
   0.012904751743274859
   0.9073    -0.4096    0.09503
   0.4203    0.89    -0.177
   -0.01207    0.2006    0.9796
 Node:         62
  0.1489E+03  0.1200E+03  0.4700E+03  0.4974E-02
   0.01903
  -0.01672
   0.008028
  -0.00931
   0.005416
   0.003558
   0.03481
   1.266E-4
   -0.004316
   0.037104708638662026
   0.010206866666666667
   0.017491327394899326
   -0.7714    0.5472    0.3247
   0.1199    -0.3762    0.9188
   0.6249    0.7477    0.2246
 Node:         63
  0.1436E+03  0.1181E+03  0.4839E+03  0.4974E-02
   0.005339
  -0.007811
   0.008434
  -0.003386
   0.004862
   0.002623
   0.01724
   3.667E-4
   -0.001209
   0.017713789605558715
   0.0054659
   0.008350360500401563
   -0.5809    0.7225    0.3749
   -0.4524    0.09638    -0.8866
   -0.6767    -0.6847    0.2708
 Node:         64
  0.1411E+03  0.1253E+03  0.4527E+03  0.4974E-02
  -0.01319
  -0.005347
   0.01598
  -0.001156
   0.0011
  -0.01073
   0.01699
   -0.01054
   -0.01438
   0.029637167543474865
   -0.002643333333333333
   0.013971094763435285
   -0.176    0.9833    0.04638
   -0.242    -0.0889    0.9662
   0.9542    0.1588    0.2536
 Node:         65
  0.1339E+03  0.1229E+03  0.4684E+03  0.4974E-02
   5.342E-4
  -0.00964
   0.01134
  -0.003081
   0.001276
  -0.0067
   0.01728
   -0.003846
   -0.008266
   0.023647858169398767
   0.0017226666666666664
   0.01114770724807971
   0.511    -0.8524    -0.111
   0.6938    0.4853    -0.5321
   0.5074    0.1949    0.8394
 Node:         66
  0.1299E+03  0.1214E+03  0.4825E+03  0.4974E-02
   0.003003
  -0.003119
   0.003139
  -0.001125
   8.802E-4
  -2.69E-4
   0.006488
   1.018E-5
   -6.249E-4
   0.0068175811314864455
   0.00195776
   0.003213838566242348
   -0.6887    0.6954    0.2053
   0.633    0.7147    -0.2975
   0.3536    0.07492    0.9324
 Node:         67
  0.1496E+03  0.1242E+03  0.4532E+03  0.4974E-02
  -0.008435
  -0.006068
   0.01461
  -9.681E-4
   0.001681
  -0.02533
   0.01619
   -0.009917
   -0.02543
   0.036431120062386226
   -0.006385666666666667
   0.017173794694889718
   0.2406    -0.9696    -0.04485
   0.9696    0.2422    -0.03448
   -0.0443    0.03519    -0.9984
 Node:         68
  0.1430E+03  0.1223E+03  0.4692E+03  0.4974E-02
   0.01071
  -0.01256
   0.0133
  -0.007926
   0.003698
  -0.01362
   0.02627
   9.052E-5
   -0.01598
   0.03693703619770271
   0.0034601733333333336
   0.017412285848219036
   -0.6749    0.7103    0.1999
   0.6806    0.7039    -0.2035
   0.2853    0.001304    0.9584
 Node:         69
  0.1379E+03  0.1205E+03  0.4831E+03  0.4974E-02
   0.006527
  -0.005051
   0.004216
  -0.003499
   0.002226
  -8.723E-6
   0.01197
   2.893E-4
   -0.001529
   0.012687946413427196
   0.003576766666666666
   0.005981155298843937
   -0.7469    0.5797    0.3258
   0.537    0.8147    -0.2187
   0.3922    -0.01163    0.9198
 Node:         70
  0.1552E+03  0.1237E+03  0.4538E+03  0.4974E-02
  -0.003211
  -0.007777
   0.00722
  -0.005389
   0.004078
  -0.02998
   0.01227
   -0.007037
   -0.03121
   0.03773330477177953
   -0.008659
   0.01778765045380268
   -0.4841    0.8629    0.145
   0.8584    0.5005    -0.1126
   0.1698    -0.06996    0.983
 Node:         71
  0.1491E+03  0.1219E+03  0.4700E+03  0.4974E-02
   0.01984
  -0.01211
   0.009949
  -0.01568
   0.00715
  -0.01051
   0.03444
   0.002144
   -0.01731
   0.04527445323800167
   0.006424666666666666
   0.02134258193273615
   -0.7926    0.4956    0.3553
   0.4885    0.8648    -0.1166
   0.365    -0.08113    0.9275
 Node:         72
  0.1435E+03  0.1199E+03  0.4838E+03  0.4974E-02
   0.01048
  -0.005676
   0.003484
  -0.006316
   0.003049
   0.001221
   0.0168
   3.758E-4
   -0.001988
   0.017724712128550917
   0.0050625999999999996
   0.008355509427118532
   -0.8013    0.4355    0.4101
   0.4144    0.8986    -0.1445
   0.4315    -0.05413    0.9005
 Node:         73
  0.1441E+03  0.1339E+03  0.4525E+03  0.0000E+00
   0.01283
  -4.925E-4
  -0.01204
  -0.00201
   0.001459
   0.003675
   0.01328
   0.003367
   -0.01218
   0.022228229551630962
   0.0014890000000000007
   0.010478487899819642
   -0.9774    0.03107    0.2093
   0.2112    0.08542    0.9737
   -0.01237    -0.9959    0.09005
 Node:         74
  0.1365E+03  0.1303E+03  0.4683E+03  0.0000E+00
   0.02319
   0.006637
  -0.002681
   0.001786
   0.002399
   0.00695
   0.02509
   0.006977
   -0.004606
   0.025923918241654752
   0.009153666666666666
   0.012220652255733143
   -0.9622    -0.2409    -0.1266
   -0.1617    0.1318    0.978
   -0.2189    0.9616    -0.1657
 Node:         75
  0.1313E+03  0.1288E+03  0.4826E+03  0.0000E+00
   0.01019
   0.002739
   3.977E-4
   6.327E-4
   3.27E-4
   8.462E-4
   0.01095
   8.199E-4
   -3.379E-4
   0.010755838257895105
   0.0038106666666666666
   0.005070350779668887
   -0.9651    -0.2526    -0.06862
   -0.1003    0.1148    0.9883
   -0.2418    0.9607    -0.1361
 Node:         76
  0.1514E+03  0.1308E+03  0.4531E+03  0.0000E+00
   0.0102
  -0.001849
  -0.01299
  -0.002649
   0.001076
   0.00191
   0.01116
   0.001154
   -0.01318
   0.021189846530826974
   -2.8866666666666683E-4
   0.009988989449499995
   -0.9551    0.08578    0.2837
   0.2874    0.03528    0.9571
   -0.0721    -0.9957    0.05835
 Node:         77
  0.1444E+03  0.1280E+03  0.4691E+03  0.0000E+00
   0.02844
   0.006753
  -0.003346
   0.001873
   0.00198
   0.00391
   0.03
   0.003999
   -0.005001
   0.03148112134279845
   0.009666000000000001
   0.014840342920566222
   -0.9755    -0.2026    -0.0854
   -0.1182    0.1557    0.9807
   -0.1854    0.9668    -0.1758
 Node:         78
  0.1384E+03  0.1261E+03  0.4829E+03  0.0000E+00
   0.0124
   0.003805
   5.429E-4
   0.001015
   5.252E-4
   5.768E-4
   0.01361
   5.233E-4
   -6.162E-4
   0.01369205871262609
   0.0045057000000000005
   0.006454498376068173
   -0.9557    -0.2817    -0.0858
   -0.1357    0.1629    0.9773
   -0.2613    0.9456    -0.1939
 Node:         79
  0.1554E+03  0.1257E+03  0.4538E+03  0.0000E+00
   0.005924
  -2.784E-4
  -0.02801
  -0.006124
   6.234E-4
  -0.01159
   0.007859
   -0.0135
   -0.02803
   0.03126777975808324
   -0.011223666666666667
   0.014739772733058749
   0.9536    -0.01263    -0.3007
   0.301    0.03517    0.953
   -0.001459    -0.9993    0.03734
 Node:         80
  0.1493E+03  0.1238E+03  0.4700E+03  0.0000E+00
   0.03347
   0.003543
  -0.01757
   0.004347
   0.001855
  -0.005551
   0.03421
   -0.005854
   -0.01802
   0.04733449351160314
   0.003445333333333333
   0.022313694230723477
   -0.9911    -0.07181    -0.1117
   -0.1198    0.1198    0.9856
   0.05739    -0.9902    0.1273
 Node:         81
  0.1433E+03  0.1217E+03  0.4837E+03  0.0000E+00
   0.01454
   0.00319
  -0.001491
   0.004182
   0.001217
   7.114E-4
   0.01635
   -4.003E-4
   -0.002193
   0.017714812620798447
   0.0045855666666666664
   0.008350842754410413
   -0.9453    -0.1872    -0.2673
   -0.2994    0.1716    0.9386
   0.1298    -0.9672    0.2183
 Node:         82
  0.1267E+03  0.1148E+03  0.4559E+03  0.6575E-02
   0.006616
  -0.005448
  -0.001311
  -0.001676
   4.737E-4
  -0.002977
   0.009621
   -0.003095
   -0.004198
   0.013301842466365326
   7.759999999999995E-4
   0.006270548673494741
   -0.8846    0.4466    0.1344
   -0.03112    -0.3441    0.9384
   0.4654    0.8259    0.3183
 Node:         83
  0.1234E+03  0.1129E+03  0.4718E+03  0.6575E-02
   0.001114
  -0.003843
  -0.001513
  -0.002459
   7.413E-4
   1.342E-4
   0.005076
   -9.029E-4
   -0.004438
   0.008329476970974829
   -8.830000000000007E-5
   0.003926553099942323
   -0.7502    0.4878    0.4465
   0.2365    -0.4326    0.87
   0.6175    0.7582    0.2092
 Node:         84
  0.1187E+03  0.1123E+03  0.4849E+03  0.6575E-02
   4.378E-5
  -3.237E-4
  -1.645E-4
  -5.447E-4
   2.962E-5
   6.296E-4
   9.885E-4
   2.279E-5
   -5.024E-4
   0.0013098097476733023
   1.6963000000000001E-4
   6.174502364293552E-4
   -0.5355    0.1716    0.8269
   0.4752    -0.7482    0.463
   0.6982    0.6409    0.3192
 Node:         85
  0.1302E+03  0.1161E+03  0.4547E+03  0.6575E-02
   0.007124
  -0.006083
  -8.401E-4
  -0.001549
   5.338E-4
  -0.005054
   0.01058
   -0.004067
   -0.005282
   0.015290746842453446
   4.1033333333333346E-4
   0.007208127187803747
   -0.8759    0.4714    0.1029
   0.4415    0.8691    -0.2229
   0.1945    0.1498    0.9694
 Node:         86
  0.1252E+03  0.1138E+03  0.4701E+03  0.6575E-02
  -0.00539
  -0.003331
   0.01062
  -0.005883
   0.002695
  -0.001051
   0.01248
   0.001264
   -0.009566
   0.019093371519980435
   0.0013926666666666664
   0.00900070165166151
   0.2692    -0.9154    -0.2993
   -0.488    -0.3976    0.7771
   0.8303    0.06308    0.5537
 Node:         87
  0.1217E+03  0.1126E+03  0.4833E+03  0.6575E-02
   5.084E-4
  -2.786E-4
  -3.729E-5
  -0.001064
   1.143E-4
   0.001006
   0.001886
   -8.255E-6
   -4.009E-4
   0.002118051428914086
   4.922816666666667E-4
   9.984590188580045E-4
   -0.6227    0.136    0.7706
   0.239    -0.9046    0.3528
   0.745    0.4039    0.5308
 Node:         88
  0.1338E+03  0.1169E+03  0.4530E+03  0.6575E-02
   0.001462
  -0.006552
   0.001266
  -0.001553
   0.0035
  -6.879E-4
   0.009216
   -0.001502
   -0.005675
   0.013304723484537363
   6.796666666666666E-4
   0.006271906798485521
   -0.6454    0.6827    0.3425
   0.4728    0.004935    0.8812
   -0.5999    -0.7307    0.326
 Node:         89
  0.1270E+03  0.1150E+03  0.4684E+03  0.6575E-02
   0.004258
  -0.004619
   5.423E-4
  -0.003317
   0.001092
  -4.356E-5
   0.008684
   -8.781E-4
   -0.003049
   0.010812258141110025
   0.0015856333333333337
   0.005096947367678902
   -0.7891    0.4962    0.362
   0.0196    -0.5687    0.8223
   0.6139    0.656    0.439
 Node:         90
  0.1248E+03  0.1132E+03  0.4822E+03  0.6575E-02
   0.001323
  -0.001091
   5.639E-4
  -7.648E-4
   4.018E-4
   3.049E-4
   0.002442
   1.305E-5
   -2.638E-4
   0.0025785458755856953
   7.304166666666669E-4
   0.001215538182818166
   -0.7656    0.5244    0.3725
   0.03039    -0.549    0.8353
   0.6426    0.6508    0.4044
 Node:         91
  0.1258E+03  0.1260E+03  0.4547E+03  0.6575E-02
  -0.01323
  -0.007957
   0.01216
  -0.003784
   0.001919
  -0.003873
   0.0149
   -0.003533
   -0.01631
   0.027176196551394017
   -0.001647666666666667
   0.012810981912232787
   -0.2882    0.945    0.1547
   -0.1957    -0.2163    0.9565
   -0.9374    -0.2453    -0.2473
 Node:         92
  0.1208E+03  0.1232E+03  0.4725E+03  0.6575E-02
   8.068E-4
  -0.006195
   0.001147
  -0.005027
   0.001056
   2.346E-4
   0.00931
   -4.358E-4
   -0.006686
   0.013962765372231964
   7.294000000000002E-4
   0.00658211071921462
   -0.6841    0.577    0.4461
   -0.02998    -0.6334    0.7732
   0.7287    0.5156    0.4507
 Node:         93
  0.1159E+03  0.1217E+03  0.4877E+03  0.6575E-02
   0.00167
  -3.368E-5
  -3.268E-4
  -0.002299
  -7.801E-4
   0.001571
   0.003984
   5.979E-5
   -0.00113
   0.004635084700854991
   9.712633333333331E-4
   0.002184999882232389
   -0.6986    -0.1221    0.705
   0.5055    -0.7816    0.3655
   -0.5064    -0.6117    -0.6078
 Node:         94
  0.1312E+03  0.1262E+03  0.4538E+03  0.6575E-02
  -0.01669
  -0.00792
   0.01428
  -0.003244
   8.432E-4
  -0.005305
   0.01631
   -0.00479
   -0.01923
   0.030958158859983907
   -0.0025699999999999994
   0.014593816041963345
   -0.2396    0.9681    0.07373
   -0.1858    -0.1203    0.9752
   -0.9529    -0.22    -0.2087
 Node:         95
  0.1249E+03  0.1234E+03  0.4705E+03  0.6575E-02
   0.003313
  -0.005733
   0.005181
  -0.005905
   0.001065
  -0.00469
   0.01148
   4.155E-4
   -0.008095
   0.017000476397736625
   0.0012668333333333334
   0.008014101429494278
   -0.682    0.67    0.2931
   0.52    0.7261    -0.4499
   0.5143    0.1544    0.8436
 Node:         96
  0.1205E+03  0.1222E+03  0.4852E+03  0.6575E-02
   0.003265
  -4.31E-4
   2.3E-4
  -0.002716
   4.008E-5
   3.338E-4
   0.004918
   2.204E-4
   -0.00131
   0.005621278943443386
   0.0012761333333333332
   0.0026498963065666463
   -0.857    0.08315    0.5085
   -0.008434    -0.989    0.1475
   0.5152    0.1221    0.8483
 Node:         97
  0.1367E+03  0.1259E+03  0.4527E+03  0.6575E-02
  -0.0147
  -0.006588
   0.01513
  -0.003534
   0.001115
  -0.007724
   0.01666
   -0.006751
   -0.0172
   0.030031284704454455
   -0.002430333333333333
   0.01415688337484239
   -0.2131    0.9741    0.07544
   -0.3035    -0.1394    0.9426
   -0.9287    -0.178    -0.3254
 Node:         98
  0.1295E+03  0.1232E+03  0.4685E+03  0.6575E-02
   8.432E-4
  -0.008829
   0.008639
  -0.00468
   8.141E-4
  -0.005391
   0.01492
   -0.00195
   -0.008883
   0.021204317932911682
   0.0013623333333333328
   0.00999581133386491
   0.5623    -0.8109    -0.162
   -0.5632    -0.519    0.643
   0.6055    0.2703    0.7485
 Node:         99
  0.1260E+03  0.1218E+03  0.4827E+03  0.6575E-02
   0.002803
  -0.00241
   0.001898
  -0.001458
   7.088E-4
  -9.687E-5
   0.005268
   1.028E-4
   -7.658E-4
   0.005649800856667428
   0.0015350000000000001
   0.0026633416654020694
   -0.751    0.5967    0.2829
   0.4381    0.7708    -0.4626
   -0.4941    -0.2235    -0.8402
 Node:        100
  0.1250E+03  0.1373E+03  0.4534E+03  0.0000E+00
   0.01486
   0.001541
  -0.00388
  -0.002211
  -0.001034
   0.005831
   0.01552
   0.005364
   -0.004081
   0.016978686079906186
   0.005600999999999999
   0.008003829375159534
   -0.969    -0.08922    0.2306
   -0.237    0.06895    -0.9691
   -0.07056    0.9936    0.08796
 Node:        101
  0.1187E+03  0.1336E+03  0.4717E+03  0.0000E+00
   0.01367
   0.003543
   0.001359
   0.002266
   0.001655
   0.009391
   0.01571
   0.008415
   2.929E-4
   0.013358003327967842
   0.0081393
   0.006297023157545687
   -0.8843    -0.2628    -0.386
   -0.4031    0.01223    0.9151
   -0.2358    0.9648    -0.1168
 Node:        102
  0.1139E+03  0.1312E+03  0.4875E+03  0.0000E+00
   0.004441
   0.002558
   0.001656
   0.002128
   0.001528
   0.001783
   0.007216
   6.154E-4
   4.796E-5
   0.006901836927775098
   0.0026264533333333335
   0.0032535571295156662
   -0.7676    -0.4722    -0.4334
   0.5468    -0.1295    -0.8272
   -0.3344    0.8719    -0.3576
 Node:        103
  0.1323E+03  0.1364E+03  0.4528E+03  0.0000E+00
   0.01487
   7.337E-4
  -0.008388
  -0.00259
  -0.00118
   0.005904
   0.01561
   0.005275
   -0.008497
   0.02094788364011983
   0.004129333333333334
   0.009874927048956981
   -0.964    -0.04237    0.2624
   -0.2648    0.06882    -0.9618
   -0.02269    0.9967    0.07757
 Node:        104
  0.1249E+03  0.1330E+03  0.4701E+03  0.0000E+00
   0.01665
   0.004338
  -0.002743
   0.002369
   0.002052
   0.0103
   0.01851
   0.00954
   -0.003835
   0.0194762746694536
   0.008071666666666666
   0.009181203927348282
   -0.9214    -0.2191    -0.3209
   -0.3367    0.03824    0.9408
   -0.1938    0.975    -0.109
 Node:        105
  0.1200E+03  0.1317E+03  0.4853E+03  0.0000E+00
   0.006393
   0.002645
   8.241E-4
   0.002281
   0.001411
   0.001696
   0.008482
   8.414E-4
   -4.096E-4
   0.008336795545052067
   0.0029712666666666665
   0.003930003108848078
   -0.8577    -0.3633    -0.3638
   -0.4582    0.2189    0.8615
   0.2334    -0.9056    0.3542
 Node:        106
  0.1396E+03  0.1350E+03  0.4524E+03  0.0000E+00
   0.01377
   1.401E-4
  -0.01431
  -0.002364
  -5.568E-4
   0.005173
   0.01438
   0.00458
   -0.01433
   0.025277383171523116
   0.0015433333333333334
   0.011915872700823144
   0.9684    0.009561    -0.2491
   -0.2493    0.02669    -0.9681
   -0.002608    0.9996    0.02823
 Node:        107
  0.1320E+03  0.1315E+03  0.4685E+03  0.0000E+00
   0.02107
   0.005844
  -0.005125
   0.002249
   0.001699
   0.008564
   0.02277
   0.0082
   -0.006466
   0.025319164204214952
   0.008168
   0.011935568468517394
   -0.961    -0.2121    -0.1774
   -0.1903    0.04159    0.9808
   -0.2007    0.9764    -0.08033
 Node:        108
  0.1273E+03  0.1303E+03  0.4831E+03  0.0000E+00
   0.008836
   0.002638
   3.724E-4
   0.001238
   5.799E-4
   0.001016
   0.009799
   8.458E-4
   -4.202E-4
   0.009648694079511487
   0.0034082
   0.004548438008811376
   -0.9493    -0.2751    -0.1519
   0.1918    -0.124    -0.9736
   -0.249    0.9534    -0.1705
 Node:        109
  0.1018E+03  0.1092E+03  0.4946E+03 -0.4798E-04
   0.0
   1.388E-16
   1.11E-16
   5.551E-17
  -1.388E-17
   0.0
   2.069E-16
   2.266E-17
   -1.186E-16
   2.827092280064448E-16
   3.698666666666666E-17
   1.3327040815158061E-16
   -0.5724    -0.814    -0.09897
   0.2904    -0.3141    0.9039
   0.7668    -0.4887    -0.4162
 Node:        110
  0.1058E+03  0.1118E+03  0.5081E+03 -0.4798E-04
   0.0
   2.776E-17
   0.0
  -1.388E-17
  -5.204E-17
   2.22E-16
   2.353E-16
   1.788E-17
   -3.112E-17
   2.456135916434593E-16
   7.402E-17
   1.157833574684491E-16
   -0.08376    -0.2246    0.9708
   0.7726    0.6007    0.2056
   0.6293    -0.7673    -0.1232
 Node:        111
  0.1108E+03  0.1137E+03  0.5210E+03 -0.4798E-04
   0.0
   5.551E-17
  -1.11E-16
  -2.776E-17
   3.261E-16
  -2.22E-16
   1.68E-16
   2.779E-18
   -5.038E-16
   6.063148942925615E-16
   -1.1100700000000001E-16
   2.8581958219244996E-16
