 Group name: gastroc_stress
 #Fields=  16
 1) coordinates, coordinate, rectangular cartesian, #Components=3
   x.  Value index= 1, #Derivatives=0
   y.  Value index= 2, #Derivatives=0
   z.  Value index= 3, #Derivatives=0
 2) Tensor_1, field, rectangular cartesian, #Components=1
   Tensor_1.  Value index= 4, #Derivatives=0
 3) Tensor_2, field, rectangular cartesian, #Components=1
   Tensor_2.  Value index= 5, #Derivatives=0
 4) Tensor_3, field, rectangular cartesian, #Components=1
   Tensor_3.  Value index= 6, #Derivatives=0
 5) Tensor_4, field, rectangular cartesian, #Components=1
   Tensor_4.  Value index= 7, #Derivatives=0
 6) Tensor_5, field, rectangular cartesian, #Components=1
   Tensor_5.  Value index= 8, #Derivatives=0
 7) Tensor_6, field, rectangular cartesian, #Components=1
   Tensor_6.  Value index= 9, #Derivatives=0
 8) Principal_1, field, rectangular cartesian, #Components=1
   Principal_1.  Value index= 10, #Derivatives=0
 9) Principal_2, field, rectangular cartesian, #Components=1
   Principal_2.  Value index= 11, #Derivatives=0
 10) Principal_3, field, rectangular cartesian, #Components=1
   Principal_3.  Value index= 12, #Derivatives=0
 11) VonMises, field, rectangular cartesian, #Components=1
   VonMises.  Value index= 13, #Derivatives=0
 12) Hydrostatic, field, rectangular cartesian, #Components=1
   VonMises.  Value index= 14, #Derivatives=0
 13) Octahedral, field, rectangular cartesian, #Components=1
   VonMises.  Value index= 15, #Derivatives=0
 14) PrincipalVector1, field, rectangular cartesian, #Components=3
   x.  Value index= 16, #Derivatives=0
   y.  Value index= 17, #Derivatives=0
   z.  Value index= 18, #Derivatives=0
 15) PrincipalVector2, field, rectangular cartesian, #Components=3
   x.  Value index= 19, #Derivatives=0
   y.  Value index= 20, #Derivatives=0
   z.  Value index= 21, #Derivatives=0
 16) PrincipalVector3, field, rectangular cartesian, #Components=3
   x.  Value index= 22, #Derivatives=0
   y.  Value index= 23, #Derivatives=0
   z.  Value index= 24, #Derivatives=0
 Node:          1
  0.1287E+03  0.1133E+03  0.4908E+03 -0.3663E-04
  -7.325E-5
  -1.439E-16
  -7.325E-5
  -4.798E-17
  -7.196E-17
  -7.325E-5
   -7.325E-5
   -7.325E-5
   -7.325E-5
   0.0
   -7.325E-5
   0.0
   0.966    -0.2571    -0.02713
   0.2489    0.9532    -0.1718
   0.07003    0.1592    0.9848
 Node:          2
  0.1292E+03  0.1137E+03  0.5052E+03 -0.3663E-04
  -7.325E-5
  -1.919E-16
  -7.325E-5
  -9.595E-17
   3.358E-16
  -7.325E-5
   -7.325E-5
   -7.325E-5
   -7.325E-5
   0.0
   -7.325E-5
   0.0
   0.895    -0.3984    -0.2008
   0.4461    0.7982    0.4048
   -9.578E-4    -0.4518    0.8921
 Node:          3
  0.1289E+03  0.1155E+03  0.5194E+03 -0.3663E-04
  -7.325E-5
   2.399E-16
  -7.325E-5
   1.919E-16
   9.595E-17
  -7.325E-5
   -7.325E-5
   -7.325E-5
   -7.325E-5
   0.0
   -7.325E-5
   0.0
   -0.4091    -0.8757    -0.2565
   0.496    -0.4494    0.7429
   0.7659    -0.1767    -0.6182
 Node:          4
  0.1361E+03  0.1141E+03  0.4915E+03 -0.3663E-04
  -7.325E-5
  -4.798E-17
  -7.325E-5
  -4.798E-17
  -1.439E-16
  -7.325E-5
   -7.325E-5
   -7.325E-5
   -7.325E-5
   0.0
   -7.325E-5
   0.0
   -0.04307    -0.09429    0.9946
   -0.9939    0.1055    -0.03303
   -0.1018    -0.9899    -0.09826
 Node:          5
  0.1341E+03  0.1144E+03  0.5054E+03 -0.3663E-04
  -7.325E-5
   2.399E-16
  -7.325E-5
   9.595E-17
  -1.199E-16
  -7.325E-5
   -7.325E-5
   -7.325E-5
   -7.325E-5
   0.0
   -7.325E-5
   0.0
   0.09701    -0.1794    0.979
   0.7184    0.6934    0.05584
   -0.6888    0.6979    0.1961
 Node:          6
  0.1323E+03  0.1162E+03  0.5191E+03 -0.3663E-04
  -7.325E-5
   9.595E-17
  -7.325E-5
  -9.595E-17
  -4.798E-17
  -7.325E-5
   -7.325E-5
   -7.325E-5
   -7.325E-5
   0.0
   -7.325E-5
   0.0
   -0.7151    -0.6928    0.09322
   0.693    -0.7201    -0.03579
   0.09192    0.03901    0.995
 Node:          7
  0.1408E+03  0.1171E+03  0.4920E+03 -0.3663E-04
  -7.325E-5
   3.838E-16
  -7.325E-5
  -1.439E-16
  -1.919E-16
  -7.325E-5
   -7.325E-5
   -7.325E-5
   -7.325E-5
   0.0
   -7.325E-5
   0.0
   0.8642    0.487    -0.1268
   -0.5006    0.8577    -0.1173
   0.05166    0.1648    0.985
 Node:          8
  0.1367E+03  0.1169E+03  0.5055E+03 -0.3663E-04
  -7.325E-5
   3.358E-16
  -7.325E-5
  -6.957E-16
  -4.078E-16
  -7.325E-5
   -7.325E-5
   -7.325E-5
   -7.325E-5
   0.0
   -7.325E-5
   0.0
   -0.7206    -0.6267    0.2964
   0.6357    -0.7679    -0.07816
   0.2766    0.1321    0.9519
 Node:          9
  0.1339E+03  0.1180E+03  0.5191E+03 -0.3663E-04
  -7.325E-5
   2.879E-16
  -7.325E-5
  -6.837E-16
  -4.798E-16
  -7.325E-5
   -7.325E-5
   -7.325E-5
   -7.325E-5
   0.0
   -7.325E-5
   0.0
   0.3024    0.1643    -0.9389
   0.9345    0.1428    0.326
   -0.1877    0.976    0.1104
 Node:         10
  0.1294E+03  0.1212E+03  0.4911E+03 -0.3663E-04
  -7.325E-5
   4.798E-17
  -7.325E-5
  -2.399E-17
   2.159E-16
  -7.325E-5
   -7.325E-5
   -7.325E-5
   -7.325E-5
   0.0
   -7.325E-5
   0.0
   0.02408    0.7089    0.7049
   0.1744    0.6913    -0.7012
   -0.9844    0.1398    -0.107
 Node:         11
  0.1295E+03  0.1214E+03  0.5055E+03 -0.3663E-04
  -7.325E-5
  -4.798E-17
  -7.325E-5
  -7.196E-17
   2.399E-17
  -7.325E-5
   -7.325E-5
   -7.325E-5
   -7.325E-5
   0.0
   -7.325E-5
   0.0
   -0.2763    0.1331    0.9518
   -0.5865    0.7612    -0.2768
   0.7613    0.6347    0.1323
 Node:         12
  0.1295E+03  0.1217E+03  0.5196E+03 -0.3663E-04
  -7.325E-5
  -6.208E-37
  -7.325E-5
   1.319E-16
   4.798E-17
  -7.325E-5
   -7.325E-5
   -7.325E-5
   -7.325E-5
   0.0
   -7.325E-5
   0.0
   -0.2404    -0.08746    -0.9667
   -0.3422    0.9396    7.924E-5
   0.9084    0.3308    -0.2558
 Node:         13
  0.1361E+03  0.1199E+03  0.4914E+03 -0.3663E-04
  -7.325E-5
  -2.399E-16
  -7.325E-5
  -1.679E-16
   4.798E-17
  -7.325E-5
   -7.325E-5
   -7.325E-5
   -7.325E-5
   0.0
   -7.325E-5
   0.0
   0.9203    -0.37    -0.1273
   0.3697    0.9288    -0.02721
   0.1283    -0.02202    0.9915
 Node:         14
  0.1342E+03  0.1198E+03  0.5054E+03 -0.3663E-04
  -7.325E-5
   4.798E-17
  -7.325E-5
   9.595E-17
  -1.559E-16
  -7.325E-5
   -7.325E-5
   -7.325E-5
   -7.325E-5
   0.0
   -7.325E-5
   0.0
   0.09998    -0.2649    0.9591
   -0.2953    -0.9284    -0.2256
   -0.9502    0.2606    0.171
 Node:         15
  0.1330E+03  0.1205E+03  0.5193E+03 -0.3663E-04
  -7.325E-5
  -1.439E-16
  -7.325E-5
   2.399E-17
   8.396E-17
  -7.325E-5
   -7.325E-5
   -7.325E-5
   -7.325E-5
   0.0
   -7.325E-5
   0.0
   0.9934    -0.1134    0.01425
   -0.01885    -0.2856    -0.9582
   0.1127    0.9516    -0.2858
 Node:         16
  0.1404E+03  0.1188E+03  0.4918E+03 -0.3663E-04
  -7.325E-5
   9.595E-17
  -7.325E-5
  -1.439E-16
  -2.519E-16
  -7.325E-5
   -7.325E-5
   -7.325E-5
   -7.325E-5
   0.0
   -7.325E-5
   0.0
   -0.1502    -0.2388    0.9594
   -0.7941    -0.5489    -0.2609
   0.589    -0.801    -0.1072
 Node:         17
  0.1365E+03  0.1184E+03  0.5055E+03 -0.3663E-04
  -7.325E-5
   4.798E-17
  -7.325E-5
   1.679E-16
   2.939E-16
  -7.325E-5
   -7.325E-5
   -7.325E-5
   -7.325E-5
   0.0
   -7.325E-5
   0.0
   0.2481    0.4018    0.8815
   0.9356    -0.3352    -0.1105
   -0.2511    -0.8522    0.4591
 Node:         18
  0.1341E+03  0.1191E+03  0.5192E+03 -0.3663E-04
  -7.325E-5
  -8.253E-37
  -7.325E-5
   4.573E-17
   1.84E-16
  -7.325E-5
   -7.325E-5
   -7.325E-5
   -7.325E-5
   0.0
   -7.325E-5
   0.0
   0.02288    0.09203    0.9955
   0.9712    -0.2383    -2.909E-4
   -0.2372    -0.9668    0.09483
 Node:         19
  0.1301E+03  0.1291E+03  0.4914E+03  0.0000E+00
   4.934E-16
   0.0
   4.934E-16
   3.631E-19
   1.731E-17
  -9.869E-16
   4.936E-16
   4.934E-16
   -9.871E-16
   1.4806000101310279E-15
   -3.3333333333314155E-20
   6.979615382590138E-16
   -0.02097    -0.9997    -0.01169
   -0.9998    0.02097    -8.123E-17
   2.452E-4    0.01169    -0.9999
 Node:         20
  0.1299E+03  0.1291E+03  0.5058E+03  0.0000E+00
   9.869E-16
   0.0
   0.0
   1.799E-17
   3.326E-17
  -2.467E-16
   9.871E-16
   4.4E-18
   -2.514E-16
   1.1324785163525177E-15
   2.467E-16
   5.338554923072971E-16
   -0.9999    -4.917E-4    -0.01459
   0.002401    -0.9914    -0.1311
   -0.0144    -0.1312    0.9913
 Node:         21
  0.1301E+03  0.1280E+03  0.5197E+03  0.0000E+00
   4.934E-16
   0.0
   0.0
   7.196E-17
   2.549E-17
   4.934E-16
   5.66E-16
   4.222E-16
   -1.341E-18
   5.108528305500519E-16
   3.28953E-16
   2.408183337801893E-16
   -0.7039    -0.03195    -0.7096
   -0.7102    0.04241    0.7027
   -0.007642    -0.9986    0.05255
 Node:         22
  0.1360E+03  0.1256E+03  0.4913E+03  0.0000E+00
  -9.869E-16
   2.399E-17
  -4.934E-16
  -2.399E-17
   1.739E-16
   4.934E-16
   5.234E-16
   -5.215E-16
   -9.888E-16
   1.3410693755358072E-15
   -3.2896666666666662E-16
   6.321861663219854E-16
   -0.01298    0.1683    0.9857
   0.05935    0.9841    -0.1672
   -0.9982    0.05633    -0.02276
 Node:         23
  0.1343E+03  0.1253E+03  0.5054E+03  0.0000E+00
   0.0
   3.598E-17
  -1.974E-15
   0.0
   2.271E-16
  -7.401E-16
   6.796E-19
   -6.997E-16
   -2.015E-15
   1.7724996366646057E-15
   -9.046734666666666E-16
   8.355643418241562E-16
   0.9998    0.01889    0.00579
   -0.009011    0.1753    0.9845
   0.01758    -0.9843    0.1754
 Node:         24
  0.1336E+03  0.1248E+03  0.5194E+03  0.0000E+00
  -9.869E-16
   2.099E-17
   0.0
   2.399E-17
   1.499E-18
  -7.401E-16
   4.516E-19
   -7.379E-16
   -9.896E-16
   8.912682384908372E-16
   -5.756827999999999E-16
   4.2014787686204007E-16
   -0.02132    -0.9998    -0.002714
   0.09549    -0.004739    0.9954
   -0.9952    0.02096    0.09557
 Node:         25
  0.1400E+03  0.1206E+03  0.4917E+03  0.0000E+00
   0.0
   4.617E-16
  -4.934E-16
  -1.439E-16
  -2.249E-16
   9.869E-16
   1.067E-15
   2.05E-16
   -7.785E-16
   1.5994040296310373E-15
   1.6449999999999999E-16
   7.539662901394642E-16
   -0.2161    -0.2016    0.9553
   0.839    0.4621    0.2874
   -0.4994    0.8636    0.06929
 Node:         26
  0.1363E+03  0.1200E+03  0.5055E+03  0.0000E+00
   9.869E-16
   1.859E-16
  -2.714E-15
   4.797E-17
  -1.943E-15
  -2.467E-16
   1.006E-15
   8.09E-16
   -3.789E-15
   4.699597748744035E-15
   -6.579999999999999E-16
   2.215411624657293E-15
   0.968    0.1526    -0.1995
   0.2481    -0.4578    0.8538
   -0.03892    0.8759    0.4809
 Node:         27
  0.1343E+03  0.1203E+03  0.5192E+03  0.0000E+00
   9.869E-16
  -3.358E-16
   9.869E-16
  -1.799E-16
   2.27E-15
   0.0
   2.89E-15
   9.15E-16
   -1.831E-15
   4.1066398673367985E-15
   6.58E-16
   1.9358885987232494E-15
   -0.1931    0.7658    0.6135
   0.9808    0.1345    0.1409
   0.02534    0.6289    -0.7771
 Node:         28
  0.1155E+03  0.1124E+03  0.4931E+03 -0.2165E-03
  -4.329E-4
   6.6E-17
  -4.329E-4
  -9.599E-17
   9.599E-17
  -4.329E-4
   -4.329E-4
   -4.329E-4
   -4.329E-4
   0.0
   -4.329E-4
   0.0
   0.02396    0.9834    0.1797
   0.07205    0.1776    -0.9815
   -0.9971    0.03646    -0.0666
 Node:         29
  0.1119E+03  0.1139E+03  0.5068E+03 -0.2165E-03
  -4.329E-4
  -3.6E-17
  -4.329E-4
   9.599E-17
   1.2E-17
  -4.329E-4
   -4.329E-4
   -4.329E-4
   -4.329E-4
   0.0
   -4.329E-4
   0.0
   -0.03581    0.9993    0.005784
   -0.9821    -0.03412    -0.1855
   -0.1852    -0.01232    0.9826
 Node:         30
  0.1113E+03  0.1159E+03  0.5206E+03 -0.2165E-03
  -4.329E-4
   2.16E-16
  -4.329E-4
   6.003E-36
  -4.8E-17
  -4.329E-4
   -4.329E-4
   -4.329E-4
   -4.329E-4
   0.0
   -4.329E-4
   0.0
   0.704    0.7086    -0.04776
   -0.7084    0.6958    -0.1189
   -0.05099    0.1175    0.9918
 Node:         31
  0.1203E+03  0.1126E+03  0.4920E+03 -0.2165E-03
  -4.329E-4
   1.68E-16
  -4.329E-4
   4.8E-17
   7.199E-17
  -4.329E-4
   -4.329E-4
   -4.329E-4
   -4.329E-4
   0.0
   -4.329E-4
   0.0
   -0.7438    -0.4293    -0.5124
   0.5143    0.1221    -0.8489
   0.427    -0.8949    0.13
 Node:         32
  0.1188E+03  0.1134E+03  0.5062E+03 -0.2165E-03
  -4.329E-4
  -2.4E-17
  -4.329E-4
  -4.8E-17
   1.68E-16
  -4.329E-4
   -4.329E-4
   -4.329E-4
   -4.329E-4
   0.0
   -4.329E-4
   0.0
   0.9989    -0.02093    -0.04168
   0.04663    0.4514    0.8911
   1.662E-4    -0.8921    0.4519
 Node:         33
  0.1183E+03  0.1150E+03  0.5201E+03 -0.2165E-03
  -4.329E-4
   9.599E-17
  -4.329E-4
   1.44E-16
  -8.004E-36
  -4.329E-4
   -4.329E-4
   -4.329E-4
   -4.329E-4
   0.0
   -4.329E-4
   0.0
   0.9536    0.1669    0.2506
   7.415E-4    0.831    -0.5563
   -0.3011    0.5307    0.7923
 Node:         34
  0.1255E+03  0.1129E+03  0.4909E+03 -0.2165E-03
  -4.329E-4
  -9.338E-36
  -4.329E-4
   9.599E-17
   1.68E-16
  -4.329E-4
   -4.329E-4
   -4.329E-4
   -4.329E-4
   0.0
   -4.329E-4
   0.0
   0.3511    0.6138    0.7071
   -0.8678    0.4968    -3.65E-4
   -0.3515    -0.6135    0.7071
 Node:         35
  0.1260E+03  0.1135E+03  0.5054E+03 -0.2165E-03
  -4.329E-4
   1.92E-16
  -4.329E-4
   1.92E-16
   4.32E-16
  -4.329E-4
   -4.329E-4
   -4.329E-4
   -4.329E-4
   0.0
   -4.329E-4
   0.0
   0.746    0.4709    0.471
   -0.666    0.5273    0.5277
   1.215E-4    -0.7073    0.7069
 Node:         36
  0.1257E+03  0.1153E+03  0.5196E+03 -0.2165E-03
  -4.329E-4
  -9.599E-17
  -4.329E-4
  -9.599E-17
   1.44E-16
  -4.329E-4
   -4.329E-4
   -4.329E-4
   -4.329E-4
   0.0
   -4.329E-4
   0.0
   -0.5153    0.6062    0.6057
   -0.857    -0.3646    -0.3642
   0.0    -0.7068    0.7074
 Node:         37
  0.1132E+03  0.1210E+03  0.4959E+03 -0.2165E-03
  -4.329E-4
   2.4E-16
  -4.329E-4
  -1.44E-16
   3.12E-16
  -4.329E-4
   -4.329E-4
   -4.329E-4
   -4.329E-4
   0.0
   -4.329E-4
   0.0
   -0.5076    -0.7957    -0.3305
   0.7555    -0.2266    -0.6148
   0.4143    -0.5618    0.7161
 Node:         38
  0.1111E+03  0.1204E+03  0.5085E+03 -0.2165E-03
  -4.329E-4
   1.68E-16
  -4.329E-4
  -4.8E-17
  -1.44E-16
  -4.329E-4
   -4.329E-4
   -4.329E-4
   -4.329E-4
   0.0
   -4.329E-4
   0.0
   0.2119    0.9668    -0.1429
   0.9724    -0.2232    -0.06838
   0.098    0.1245    0.9874
 Node:         39
  0.1119E+03  0.1201E+03  0.5207E+03 -0.2165E-03
  -4.329E-4
  -1.68E-16
  -4.329E-4
  -1.44E-16
  -1.32E-16
  -4.329E-4
   -4.329E-4
   -4.329E-4
   -4.329E-4
   0.0
   -4.329E-4
   0.0
   0.9213    -0.07987    -0.3805
   0.3607    -0.1892    0.9133
   -0.1449    -0.9787    -0.1455
 Node:         40
  0.1191E+03  0.1220E+03  0.4937E+03 -0.2165E-03
  -4.329E-4
   1.44E-16
  -4.329E-4
   1.44E-16
  -2.4E-17
  -4.329E-4
   -4.329E-4
   -4.329E-4
   -4.329E-4
   0.0
   -4.329E-4
   0.0
   -0.9817    -0.1345    -0.1345
   0.0    -0.7072    0.707
   0.1902    -0.6941    -0.6943
 Node:         41
  0.1182E+03  0.1217E+03  0.5073E+03 -0.2165E-03
  -4.329E-4
  -4.8E-17
  -4.329E-4
   9.599E-17
   1.68E-16
  -4.329E-4
   -4.329E-4
   -4.329E-4
   -4.329E-4
   0.0
   -4.329E-4
   0.0
   -0.1538    -0.1964    -0.9684
   -0.962    0.2534    0.1014
   0.2254    0.9472    -0.228
 Node:         42
  0.1187E+03  0.1212E+03  0.5204E+03 -0.2165E-03
  -4.329E-4
  -9.599E-17
  -4.329E-4
   5.336E-36
   9.599E-17
  -4.329E-4
   -4.329E-4
   -4.329E-4
   -4.329E-4
   0.0
   -4.329E-4
   0.0
   -0.01859    0.09775    0.995
   -0.9834    0.178    -0.03586
   -0.1806    -0.9792    0.09281
 Node:         43
  0.1258E+03  0.1217E+03  0.4915E+03 -0.2165E-03
  -4.329E-4
   1.92E-16
  -4.329E-4
  -2.4E-17
   2.668E-36
  -4.329E-4
   -4.329E-4
   -4.329E-4
   -4.329E-4
   0.0
   -4.329E-4
   0.0
   0.9459    0.3241    -0.01746
   -0.324    0.946    0.01165
   0.0203    -0.005364    0.9998
 Node:         44
  0.1259E+03  0.1220E+03  0.5059E+03 -0.2165E-03
  -4.329E-4
   2.4E-16
  -4.329E-4
   1.68E-16
   1.92E-16
  -4.329E-4
   -4.329E-4
   -4.329E-4
   -4.329E-4
   0.0
   -4.329E-4
   0.0
   -0.3604    -0.3833    -0.8504
   -0.6211    -0.5816    0.5254
   0.6959    -0.7175    0.02845
 Node:         45
  0.1261E+03  0.1221E+03  0.5198E+03 -0.2165E-03
  -4.329E-4
  -1.44E-16
  -4.329E-4
   4.8E-17
  -1.2E-17
  -4.329E-4
   -4.329E-4
   -4.329E-4
   -4.329E-4
   0.0
   -4.329E-4
   0.0
   0.06682    -0.01253    0.9977
   -0.9877    0.1408    0.06792
   -0.1413    -0.99    -0.00297
 Node:         46
  0.1117E+03  0.1296E+03  0.4959E+03  0.0000E+00
  -2.467E-16
   4.797E-17
  -7.401E-16
   1.199E-17
  -4.497E-17
   0.0
   3.057E-18
   -2.423E-16
   -7.476E-16
   6.629532710146319E-16
   -3.2894766666666664E-16
   3.125191690294995E-16
   0.03676    -0.058    0.9976
   0.9946    0.09864    -0.03092
   -0.09662    0.9934    0.06131
 Node:         47
  0.1107E+03  0.1269E+03  0.5087E+03  0.0000E+00
  -7.401E-16
  -5.397E-17
   4.934E-16
  -4.797E-17
   6.896E-17
   0.0
   5.058E-16
   -7.273E-18
   -7.452E-16
   1.0892155802819752E-15
   -8.222433333333333E-17
   5.1346114866095E-16
   -0.04821    0.9891    0.1394
   -0.05424    -0.142    0.9884
   -0.9974    -0.04009    -0.06049
 Node:         48
  0.1125E+03  0.1242E+03  0.5208E+03  0.0000E+00
   4.934E-16
   5.997E-18
   4.934E-16
   0.0
  -2.998E-18
   4.934E-16
   5.001E-16
   4.934E-16
   4.867E-16
   1.1604740410711462E-17
   4.934E-16
   5.470527092215756E-18
   -0.6325    -0.7071    0.3162
   0.4472    -2.276E-15    0.8944
   0.6325    -0.7071    -0.3162
 Node:         49
  0.1186E+03  0.1311E+03  0.4938E+03  0.0000E+00
  -7.401E-16
  -3.598E-17
   0.0
  -7.196E-17
  -1.049E-17
  -2.467E-16
   1.947E-18
   -2.366E-16
   -7.523E-16
   6.677348643803167E-16
   -3.2898433333333336E-16
   3.1477323375866775E-16
   0.04561    -0.9985    0.02894
   -0.143    0.02215    0.9895
   -0.9887    -0.04926    -0.1418
 Node:         50
  0.1180E+03  0.1298E+03  0.5075E+03  0.0000E+00
   0.0
  -2.249E-17
   1.48E-15
  -7.196E-17
   2.155E-17
   9.869E-16
   1.482E-15
   9.91E-16
   -5.513E-18
   1.3127859849072886E-15
   8.224956666666666E-16
   6.188532481164029E-16
   0.01739    -0.9988    -0.04603
   -0.07128    -0.04716    0.9963
   0.9973    0.01405    0.07201
 Node:         51
  0.1192E+03  0.1275E+03  0.5206E+03  0.0000E+00
   0.0
  -5.997E-18
  -2.467E-16
   0.0
   2.549E-17
   4.934E-16
   4.943E-16
   1.449E-19
   -2.477E-16
   6.54286006770747E-16
   8.22483E-17
   3.0843338148204166E-16
   -4.17E-4    0.03438    0.9994
   0.9997    -0.02416    0.001248
   0.02418    0.9991    -0.03436
 Node:         52
  0.1262E+03  0.1305E+03  0.4920E+03  0.0000E+00
   4.934E-16
  -2.399E-17
   4.934E-16
   2.249E-18
   8.48E-18
   0.0
   5.175E-16
   4.696E-16
   -1.6E-19
   4.95449666061044E-16
   3.2898E-16
   2.335572124055831E-16
   -0.7061    0.708    0.008534
   0.7081    0.706    0.01614
   -0.005403    -0.01744    0.9998
 Node:         53
  0.1258E+03  0.1304E+03  0.5063E+03  0.0000E+00
  -7.401E-16
  -2.998E-18
  -4.934E-16
   4.797E-17
   5.847E-17
  -9.869E-16
   -4.866E-16
   -7.314E-16
   -1.002E-15
   4.465358664206045E-16
   -7.399999999999999E-16
   2.104990261260132E-16
   0.0104    0.9931    0.1171
   -0.9836    0.03123    -0.1776
   -0.18    -0.1133    0.9771
 Node:         54
  0.1265E+03  0.1288E+03  0.5200E+03  0.0000E+00
  -9.869E-16
   3.598E-17
   4.934E-16
   0.0
  -7.496E-18
   4.934E-16
   5.014E-16
   4.864E-16
   -9.877E-16
   1.4816569474746847E-15
   3.3333333333314155E-20
   6.984597833010066E-16
   0.01758    0.7272    -0.6862
   0.01675    0.686    0.7274
   -0.9997    0.02428    1.229E-4
 Node:         55
  0.1381E+03  0.1167E+03  0.4529E+03  0.4974E-02
   0.01671
  -0.009219
   0.01109
  -0.002294
   0.01366
   0.007362
   0.02981
   0.01159
   -0.005408
   0.030505802136642793
   0.011997333333333332
   0.014380573037570126
   -0.5857    0.6628    0.4665
   0.7821    0.3111    0.5399
   -0.2127    -0.6811    0.7006
 Node:         56
  0.1314E+03  0.1156E+03  0.4684E+03  0.4974E-02
   0.01744
  -0.009493
   0.01078
  -0.005774
   0.006344
   0.008535
   0.02839
   0.006128
   0.002696
   0.024161507651634655
   0.012404666666666666
   0.01138984393610768
   -0.7342    0.5541    0.3924
   0.6234    0.3212    0.7129
   -0.2689    -0.768    0.5812
 Node:         57
  0.1285E+03  0.1140E+03  0.4823E+03  0.4974E-02
   0.01676
  -0.002931
   0.01023
  -0.001657
   0.001179
   0.009908
   0.01841
   0.009768
   0.008727
   0.009206745733428287
   0.012301666666666667
   0.004340101560511638
   -0.9041    0.3614    0.2279
   0.3901    0.4803    0.7856
   -0.1745    -0.7992    0.5752
 Node:         58
  0.1479E+03  0.1175E+03  0.4533E+03  0.4974E-02
   0.01652
  -0.01163
   0.01235
  -0.00197
   0.009419
   0.004334
   0.02988
   0.007875
   -0.003387
   0.02930653474909649
   0.011456
   0.013815232969443548
   -0.6849    0.6642    0.2996
   0.6622    0.3958    0.6363
   -0.304    -0.6342    0.7109
 Node:         59
  0.1416E+03  0.1165E+03  0.4693E+03  0.4974E-02
   0.01855
  -0.0176
   0.01194
  -0.01504
   0.0133
   0.008278
   0.04586
   -0.002173
   -0.003261
   0.04858613729244176
   0.013475333333333332
   0.022903724767430782
   -0.679    0.5621    0.4722
   0.7209    0.3893    0.5733
   -0.1385    -0.7297    0.6696
 Node:         60
  0.1375E+03  0.1150E+03  0.4832E+03  0.4974E-02
   0.01742
  -0.007691
   0.01069
  -0.006883
   0.004823
   0.01022
   0.02706
   0.006011
   0.005473
   0.021323090934477585
   0.012848
   0.010051801463750997
   -0.7459    0.4918    0.4492
   0.6008    0.2058    0.7724
   -0.2875    -0.846    0.449
 Node:         61
  0.1549E+03  0.1216E+03  0.4538E+03  0.4974E-02
   0.01853
  -0.01017
   0.009823
   0.002665
  -0.006405
   0.006396
   0.02776
   0.007684
   9.508E-5
   0.024758688185895474
   0.01184636
   0.011671357539686634
   -0.7847    0.5597    -0.2665
   0.5383    0.4021    -0.7406
   0.3073    0.7246    0.6168
 Node:         62
  0.1489E+03  0.1200E+03  0.4700E+03  0.4974E-02
   0.02042
  -0.02997
   0.01161
  -0.01634
   0.009404
   0.01068
   0.05626
   0.003308
   -0.01436
   0.0636524034424467
   0.015069333333333332
   0.030006030741984
   -0.7236    0.5755    0.3811
   0.1725    -0.3839    0.9071
   0.6683    0.7221    0.1786
 Node:         63
  0.1436E+03  0.1181E+03  0.4839E+03  0.4974E-02
   0.01746
  -0.01365
   0.01169
  -0.005843
   0.008425
   0.01048
   0.03345
   0.007079
   -4.507E-4
   0.030833289506473356
   0.013359433333333335
   0.014534952064210217
   -0.6909    0.6019    0.4004
   0.532    0.0482    0.8454
   -0.4896    -0.7971    0.3535
 Node:         64
  0.1411E+03  0.1253E+03  0.4527E+03  0.4974E-02
   0.01365
  -0.009275
   0.01329
  -0.00198
   0.001886
   0.007782
   0.02374
   0.007204
   0.004191
   0.01823020660881275
   0.011711666666666667
   0.008593801810348873
   -0.6931    0.7005    0.1699
   0.1059    -0.1343    0.9853
   0.713    0.7009    0.0189
 Node:         65
  0.1339E+03  0.1229E+03  0.4684E+03  0.4974E-02
   0.01646
  -0.01693
   0.0123
  -0.005309
   0.002189
   0.008594
   0.03349
   0.007564
   -0.00297
   0.03249964793655463
   0.012694666666666667
   0.015320480961408778
   -0.742    0.6353    0.2143
   0.04465    -0.2722    0.9612
   0.669    0.7227    0.1736
 Node:         66
  0.1299E+03  0.1214E+03  0.4825E+03  0.4974E-02
   0.01697
  -0.005377
   0.01059
  -0.001928
   0.001508
   0.009893
   0.02071
   0.009342
   0.007424
   0.012438407132748146
   0.012491999999999998
   0.00586352135381689
   -0.8445    0.4883    0.22
   0.2792    0.05092    0.9589
   0.4571    0.8712    -0.1793
 Node:         67
  0.1496E+03  0.1242E+03  0.4532E+03  0.4974E-02
   0.01462
  -0.01055
   0.01299
  -0.001657
   0.002885
   0.004849
   0.02581
   0.004811
   0.002672
   0.022146109884130894
   0.011097666666666665
   0.010439776317314254
   -0.7143    0.6832    0.1514
   -0.4613    -0.297    -0.836
   -0.5262    -0.6671    0.5274
 Node:         68
  0.1430E+03  0.1223E+03  0.4692E+03  0.4974E-02
   0.0186
  -0.02224
   0.01272
  -0.01385
   0.006388
   0.007202
   0.04571
   0.002927
   -0.00831
   0.049370110684502214
   0.013442333333333334
   0.02327329336862796
   -0.7287    0.5839    0.3579
   0.01535    -0.5085    0.8609
   0.6847    0.6328    0.3615
 Node:         69
  0.1379E+03  0.1205E+03  0.4831E+03  0.4974E-02
   0.01771
  -0.008756
   0.01081
  -0.006038
   0.003828
   0.009946
   0.02706
   0.006832
   0.004774
   0.021331586251378494
   0.012888666666666666
   0.010055806194543639
   -0.7666    0.5125    0.3869
   0.2598    -0.3035    0.9167
   0.5873    0.8033    0.09949
 Node:         70
  0.1552E+03  0.1237E+03  0.4538E+03  0.4974E-02
   0.01569
  -0.01358
   0.01143
  -0.009342
   0.007046
   0.00392
   0.03355
   2.059E-4
   -0.001275
   0.03410866967956974
   0.010826966666666668
   0.016078981085117166
   -0.7129    0.5969    0.3682
   0.4043    0.7788    -0.4796
   -0.573    -0.1931    -0.7965
 Node:         71
  0.1491E+03  0.1219E+03  0.4700E+03  0.4974E-02
   0.0206
  -0.02143
   0.01201
  -0.02802
   0.01247
   0.007837
   0.05913
   -7.785E-4
   -0.01465
   0.06791515031456531
   0.014567166666666667
   0.032015508888488545
   -0.7153    0.4811    0.5069
   -0.2275    -0.8461    0.482
   0.6608    0.2294    0.7147
 Node:         72
  0.1435E+03  0.1199E+03  0.4838E+03  0.4974E-02
   0.01855
  -0.009858
   0.01066
  -0.01099
   0.005255
   0.0102
   0.0325
   0.00525
   0.002102
   0.02895264070857786
   0.013283999999999999
   0.013648405718862062
   -0.7475    0.4603    0.4789
   -0.142    -0.815    0.5617
   0.6489    0.3519    0.6746
 Node:         73
  0.1441E+03  0.1339E+03  0.4525E+03  0.0000E+00
   0.00935
  -8.525E-4
  -0.002676
  -0.003494
   0.002531
   8.217E-4
   0.01104
   7.558E-4
   -0.003977
   0.013298015913661707
   0.002606266666666666
   0.006268744819251211
   -0.9278    0.1237    0.352
   0.3651    0.4954    0.7882
   0.0769    -0.8598    0.5048
 Node:         74
  0.1365E+03  0.1303E+03  0.4683E+03  0.0000E+00
   0.01182
   0.01169
  -5.958E-4
   0.003103
   0.004174
   0.001562
   0.02045
   7.431E-4
   -0.007815
   0.025104911951847192
   0.0044593666666666665
   0.011834568988161568
   -0.8261    -0.5061    -0.248
   -0.3243    0.06701    0.9436
   -0.4609    0.8599    -0.2195
 Node:         75
  0.1313E+03  0.1288E+03  0.4826E+03  0.0000E+00
   0.008731
   0.00477
   8.844E-5
   0.001095
   5.657E-4
   1.883E-4
   0.01109
   5.009E-5
   -0.002006
   0.012198613341199892
   0.003044696666666666
   0.005750481476423421
   -0.9097    -0.3998    -0.1121
   -0.1166    -0.01327    0.9931
   -0.3985    0.9165    -0.03454
 Node:         76
  0.1514E+03  0.1308E+03  0.4531E+03  0.0000E+00
   0.008735
  -0.003212
  -0.002886
  -0.004613
   0.001866
   4.259E-4
   0.01198
   -0.001568
   -0.003794
   0.014787198111880425
   0.0022059999999999996
   0.00697075203977304
   -0.885    0.2421    0.3976
   0.4418    0.1681    0.8812
   -0.1466    -0.9556    0.2557
 Node:         77
  0.1444E+03  0.1280E+03  0.4691E+03  0.0000E+00
   0.01311
   0.01189
  -7.435E-4
   0.003254
   0.00344
   8.746E-4
   0.02146
   7.911E-5
   -0.007566
   0.02605857670810323
   0.004657703333333333
   0.012284130865579742
   -0.847    -0.4862    -0.2152
   -0.2689    0.04253    0.9622
   -0.4586    0.8728    -0.1668
 Node:         78
  0.1384E+03  0.1261E+03  0.4829E+03  0.0000E+00
   0.009248
   0.006646
   1.208E-4
   0.00176
   9.091E-4
   1.283E-4
   0.01321
   -1.732E-4
   -0.003333
   0.015211266010427929
   0.0032345999999999994
   0.007170659564270686
   -0.8774    -0.4558    -0.1497
   -0.1303    -0.07387    0.9887
   -0.4617    0.887    0.005421
 Node:         79
  0.1554E+03  0.1257E+03  0.4538E+03  0.0000E+00
   0.007746
  -4.815E-4
  -0.006224
  -0.01077
   0.001079
  -0.002575
   0.01528
   -0.006008
   -0.009569
   0.023273724089625195
   -9.900000000000013E-5
   0.010971338751492454
   -0.8485    0.0467    0.5271
   -0.1354    -0.9821    -0.1309
   0.5115    -0.1825    0.8397
 Node:         80
  0.1493E+03  0.1238E+03  0.4700E+03  0.0000E+00
   0.01436
   0.006184
  -0.003905
   0.007605
   0.003222
  -0.001234
   0.02047
   -0.00406
   -0.005918
   0.025509798195987362
   0.0034973333333333328
   0.012025434194055344
   -0.8915    -0.2766    -0.3587
   -0.4372    0.3182    0.8412
   0.1186    -0.9068    0.4046
 Node:         81
  0.1433E+03  0.1217E+03  0.4837E+03  0.0000E+00
   0.009752
   0.005562
  -3.313E-4
   0.007314
   0.00211
   1.583E-4
   0.01612
   -0.002112
   -0.004075
   0.019288561610446744
   0.003311
   0.009092715142720939
   -0.8372    -0.3391    -0.4291
   0.08461    -0.8554    0.511
   -0.5404    0.3914    0.7448
 Node:         82
  0.1267E+03  0.1148E+03  0.4559E+03  0.6575E-02
   0.02088
  -0.009419
   0.01289
  -0.002866
   8.077E-4
   0.01257
   0.02811
   0.01208
   0.006446
   0.019468330077333288
   0.015545333333333335
   0.009177458810706928
   -0.8284    0.5296    0.1821
   0.0639    -0.2337    0.9702
   0.5564    0.8154    0.1598
 Node:         83
  0.1234E+03  0.1129E+03  0.4718E+03  0.6575E-02
   0.01977
  -0.006613
   0.01285
  -0.004215
   0.001265
   0.01318
   0.02554
   0.012
   0.008431
   0.015633093775705435
   0.015323666666666668
   0.00736951107981768
   -0.8193    0.4666    0.3332
   0.1177    -0.432    0.8942
   0.5612    0.7718    0.299
 Node:         84
  0.1187E+03  0.1123E+03  0.4849E+03  0.6575E-02
   0.01956
  -5.515E-4
   0.01312
  -9.285E-4
   5.042E-5
   0.01327
   0.01974
   0.01315
   0.01305
   0.00664056473502066
   0.015313333333333333
   0.003130392236694238
   -0.9859    0.08432    0.1447
   0.1126    -0.306    0.9453
   -0.124    -0.9483    -0.2922
 Node:         85
  0.1302E+03  0.1161E+03  0.4547E+03  0.6575E-02
   0.02099
  -0.01054
   0.01299
  -0.002648
   9.103E-4
   0.01216
   0.02926
   0.01168
   0.005574
   0.021299838403142875
   0.015504666666666668
   0.01004084011535998
   -0.8204    0.5497    0.1576
   0.06104    -0.1899    0.9799
   0.5685    0.8135    0.1223
 Node:         86
  0.1252E+03  0.1138E+03  0.4701E+03  0.6575E-02
   0.01848
  -0.005725
   0.01528
  -0.01018
   0.004625
   0.01295
   0.03026
   0.01167
   0.005053
   0.022635874602055916
   0.015660999999999998
   0.010670653619468054
   -0.705    0.4594    0.5403
   -0.3779    -0.888    0.2619
   0.6001    -0.01957    0.7997
 Node:         87
  0.1217E+03  0.1126E+03  0.4833E+03  0.6575E-02
   0.01965
  -4.745E-4
   0.01314
  -0.001817
   1.946E-4
   0.01335
   0.02019
   0.0131
   0.01284
   0.007223510227029514
   0.015376666666666669
   0.0034051953770019646
   -0.9623    0.07299    0.262
   -0.134    -0.9655    -0.2232
   0.2367    -0.2499    0.9389
 Node:         88
  0.1338E+03  0.1169E+03  0.4530E+03  0.6575E-02
   0.01984
  -0.01136
   0.0134
  -0.002657
   0.006018
   0.01302
   0.03087
   0.01227
   0.003507
   0.02420210670582212
   0.015549
   0.011408982513791492
   -0.7334    0.6006    0.3183
   -0.4722    -0.1134    -0.8742
   -0.4889    -0.7914    0.3668
 Node:         89
  0.1270E+03  0.1150E+03  0.4684E+03  0.6575E-02
   0.0204
  -0.007966
   0.01326
  -0.005699
   0.001866
   0.01314
   0.02822
   0.01138
   0.007402
   0.01914156743843095
   0.01566733333333333
   0.009023421425502758
   -0.7987    0.478    0.3656
   0.08163    -0.5159    0.8528
   0.5962    0.7109    0.373
 Node:         90
  0.1248E+03  0.1132E+03  0.4822E+03  0.6575E-02
   0.01981
  -0.001863
   0.01326
  -0.001305
   6.847E-4
   0.01321
   0.02063
   0.01315
   0.01249
   0.007830887561445381
   0.015423333333333332
   0.003691515798271611
   -0.9459    0.2609    0.1929
   0.3104    0.5544    0.7722
   -0.09447    -0.7903    0.6054
 Node:         91
  0.1258E+03  0.1260E+03  0.4547E+03  0.6575E-02
   0.01693
  -0.01385
   0.0156
  -0.006507
   0.003286
   0.01239
   0.03324
   0.01047
   0.00186
   0.028082996634974693
   0.01519
   0.0132384515710864
   -0.6966    0.6406    0.323
   0.06135    -0.3954    0.9164
   0.7148    0.6582    0.2362
 Node:         92
  0.1208E+03  0.1232E+03  0.4725E+03  0.6575E-02
   0.01971
  -0.01073
   0.01338
  -0.00868
   0.001805
   0.0132
   0.0319
   0.01147
   0.003337
   0.025488973674904995
   0.015569
   0.01201561742067381
   -0.7671    0.4935    0.4098
   0.02393    -0.6164    0.7871
   0.6411    0.6136    0.461
 Node:         93
  0.1159E+03  0.1217E+03  0.4877E+03  0.6575E-02
   0.01988
  -5.725E-5
   0.01309
  -0.003939
  -0.001331
   0.01346
   0.02187
   0.01371
   0.01084
   0.009911695112340774
   0.015473333333333334
   0.004672417884659813
   -0.8974    -0.06214    0.4369
   -0.2656    0.8667    -0.4222
   -0.3525    -0.4949    -0.7943
 Node:         94
  0.1312E+03  0.1262E+03  0.4538E+03  0.6575E-02
   0.01625
  -0.01379
   0.01604
  -0.005569
   0.00144
   0.01211
   0.03192
   0.01169
   0.001472
   0.02683971989421648
   0.015027333333333332
   0.012652365294898639
   -0.699    0.671    0.2474
   -0.03496    -0.3776    0.9253
   0.7143    0.6381    0.2874
 Node:         95
  0.1249E+03  0.1234E+03  0.4705E+03  0.6575E-02
   0.02022
  -0.009921
   0.01418
  -0.01022
   0.00182
   0.01223
   0.03268
   0.01142
   0.002999
   0.026493986128931224
   0.015699666666666667
   0.012489384834953064
   -0.7718    0.4695    0.4289
   -0.09213    -0.7498    0.6552
   0.6292    0.4661    0.622
 Node:         96
  0.1205E+03  0.1222E+03  0.4852E+03  0.6575E-02
   0.0202
  -7.346E-4
   0.01319
  -0.004659
   6.828E-5
   0.01322
   0.02272
   0.01313
   0.01079
   0.01094916891823302
   0.015546666666666667
   0.005161487726959696
   -0.8934    0.07291    0.4433
   -0.01324    -0.9906    0.1362
   0.449    0.1159    0.886
 Node:         97
  0.1367E+03  0.1259E+03  0.4527E+03  0.6575E-02
   0.01664
  -0.01142
   0.01621
  -0.006071
   0.001906
   0.01164
   0.03028
   0.01111
   0.003678
   0.02377382939284288
   0.015022666666666669
   0.011207090652300841
   -0.6971    0.6534    0.2951
   -0.09635    -0.4932    0.8645
   0.7105    0.5743    0.4068
 Node:         98
  0.1295E+03  0.1232E+03  0.4685E+03  0.6575E-02
   0.01972
  -0.01541
   0.01488
  -0.008071
   0.001391
   0.0121
   0.0359
   0.01144
   3.377E-5
   0.03173940876281252
   0.015791256666666666
   0.014962100778024305
   -0.753    0.5906    0.2903
   -0.02994    -0.4714    0.8814
   0.6573    0.655    0.3726
 Node:         99
  0.1260E+03  0.1218E+03  0.4827E+03  0.6575E-02
   0.02011
  -0.004131
   0.01352
  -0.002492
   0.001209
   0.01313
   0.02301
   0.01227
   0.01148
   0.011155998386518347
   0.015586666666666665
   0.005258988073342204
   -0.8664    0.4186    0.2721
   0.2456    -0.1173    0.9623
   0.4347    0.9006    -0.001181
 Node:        100
  0.1250E+03  0.1373E+03  0.4534E+03  0.0000E+00
   0.009826
   0.002674
  -8.623E-4
  -0.003846
  -0.001793
   0.001308
   0.01223
   1.038E-4
   -0.00186
   0.013217967636516592
   0.003491266666666666
   0.0062310096995234696
   -0.904    -0.2335    0.3582
   -0.4228    0.3627    -0.8305
   -0.06397    0.9022    0.4266
 Node:        101
  0.1187E+03  0.1336E+03  0.4717E+03  0.0000E+00
   0.009546
   0.006184
   3.027E-4
   0.003941
   0.002874
   0.00212
   0.0146
   4.229E-4
   -0.002908
   0.016103029578622776
   0.004038300000000001
   0.007591040941794479
   -0.8285    -0.4286    -0.3604
   0.4181    -0.04536    -0.9072
   -0.3725    0.9024    -0.2168
 Node:        102
  0.1139E+03  0.1312E+03  0.4875E+03  0.0000E+00
   0.007407
   0.004452
   3.689E-4
   0.0037
   0.002652
   3.974E-4
   0.01147
   -8.688E-4
   -0.002334
   0.013132844560109587
   0.002755733333333333
   0.006190882296481568
   -0.8246    -0.422    -0.3768
   -0.5461    0.4198    0.7249
   0.1478    -0.8035    0.5766
 Node:        103
  0.1323E+03  0.1364E+03  0.4528E+03  0.0000E+00
   0.009831
   0.001271
  -0.001864
  -0.00451
  -0.002046
   0.001325
   0.01228
   1.736E-4
   -0.002875
   0.013884035939164086
   0.0031928666666666667
   0.006544997308547108
   -0.9047    -0.1401    0.4023
   -0.4148    0.5048    -0.7571
   0.09706    0.8518    0.5148
 Node:        104
  0.1249E+03  0.1330E+03  0.4701E+03  0.0000E+00
   0.01025
   0.00759
  -6.096E-4
   0.004122
   0.003567
   0.00233
   0.01635
   5.841E-4
   -0.004667
   0.0189453416836435
   0.004089033333333333
   0.008930919717600324
   -0.8239    -0.4412    -0.3557
   0.4166    -0.04586    -0.9079
   -0.3843    0.8962    -0.2216
 Node:        105
  0.1200E+03  0.1317E+03  0.4853E+03  0.0000E+00
   0.007854
   0.004606
   1.834E-4
   0.003967
   0.002449
   3.779E-4
   0.01198
   -0.001172
   -0.002264
   0.013730606395931681
   0.002848
   0.0064726699282444495
   -0.8356    -0.4046    -0.3715
   -0.5152    0.3426    0.7856
   0.1906    -0.8479    0.4948
 Node:        106
  0.1396E+03  0.1350E+03  0.4524E+03  0.0000E+00
   0.009571
   2.422E-4
  -0.00318
  -0.004113
  -9.639E-4
   0.00116
   0.01154
   -2.977E-4
   -0.00332
   0.01360303345912227
   0.002640766666666667
   0.006412531469101903
   -0.9256    -0.0403    0.3764
   -0.3727    0.2709    -0.8875
   0.06621    0.9618    0.2658
 Node:        107
  0.1320E+03  0.1315E+03  0.4685E+03  0.0000E+00
   0.01131
   0.01027
  -0.001139
   0.003911
   0.00295
   0.001931
   0.01881
   5.569E-4
   -0.006753
   0.022804355577608418
   0.004204633333333333
   0.010750076313010786
   -0.8379    -0.4698    -0.2777
   -0.2821    -0.06269    0.9573
   -0.4672    0.8805    -0.08
 Node:        108
  0.1273E+03  0.1303E+03  0.4831E+03  0.0000E+00
   0.008418
   0.004594
   8.281E-5
   0.002147
   0.001004
   2.261E-4
   0.01107
   -2.923E-4
   -0.001933
   0.01226523067006895
   0.002948233333333333
   0.005781885186415318
   -0.8943    -0.3933    -0.2135
   -0.2067    -0.0601    0.9766
   -0.3969    0.9175    -0.02752
 Node:        109
  0.1018E+03  0.1092E+03  0.4946E+03 -0.4798E-04
  -9.595E-5
   2.399E-16
  -9.595E-5
   9.596E-17
  -2.399E-17
  -9.595E-5
   -9.595E-5
   -9.595E-5
   -9.595E-5
   0.0
   -9.594999999999999E-5
   0.0
   -0.3792    -0.925    -0.02397
   0.48    -0.2188    0.8495
   0.7911    -0.3106    -0.527
 Node:        110
  0.1058E+03  0.1118E+03  0.5081E+03 -0.4798E-04
  -9.595E-5
   4.798E-17
  -9.595E-5
  -2.399E-17
  -8.996E-17
  -9.595E-5
   -9.595E-5
   -9.595E-5
   -9.595E-5
   0.0
   -9.594999999999999E-5
   0.0
   -0.02839    -0.09122    0.9954
   0.7349    0.6731    0.08264
   -0.6775    0.7339    0.04793
 Node:        111
  0.1108E+03  0.1137E+03  0.5210E+03 -0.4798E-04
  -9.595E-5
   9.596E-17
  -9.595E-5
  -4.798E-17
   5.637E-16
  -9.595E-5
   -9.595E-5
   -9.595E-5
   -9.595E-5
   0.0
   -9.594999999999999E-5
   0.0
   0.9393    0.3169    0.1318
   0.3364    -0.7738    -0.5367
   -0.06809    0.5484    -0.8334
 Node:        112
  0.1072E+03  0.1111E+03  0.4942E+03 -0.4798E-04
  -9.595E-5
   2.399E-16
  -9.595E-5
  -7.392E-37
   2.399E-17
  -9.595E-5
   -9.595E-5
   -9.595E-5
   -9.595E-5
   0.0
   -9.594999999999999E-5
   0.0
   0.3759    0.9265    0.01672
   0.9266    -0.3757    -0.01402
   0.006711    -0.02076    0.9998
 Node:        113
  0.1071E+03  0.1139E+03  0.5077E+03 -0.4798E-04
  -9.595E-5
   9.757E-36
  -9.595E-5
   2.879E-16
  -2.639E-16
  -9.595E-5
   -9.595E-5
   -9.595E-5
   -9.595E-5
   0.0
   -9.594999999999999E-5
   0.0
   -0.1653    0.6537    -0.7384
   -0.2298    -0.7537    -0.6158
   -0.9591    0.06789    0.2749
 Node:        114
  0.1093E+03  0.1164E+03  0.5209E+03 -0.4798E-04
  -9.595E-5
   1.919E-16
  -9.595E-5
  -4.798E-17
   9.596E-17
  -9.595E-5
   -9.595E-5
   -9.595E-5
   -9.595E-5
   0.0
   -9.594999999999999E-5
   0.0
   -0.6573    -0.7285    -0.1931
   -0.4203    0.1416    0.8962
   0.6256    -0.6702    0.3993
 Node:        115
  0.1129E+03  0.1120E+03  0.4932E+03 -0.4798E-04
  -9.595E-5
  -8.87E-37
  -9.595E-5
  -1.439E-16
  -4.798E-17
  -9.595E-5
   -9.595E-5
   -9.595E-5
   -9.595E-5
   0.0
   -9.594999999999999E-5
   0.0
   0.6708    0.2235    -0.7072
   0.3161    -0.9487    9.042E-6
   -0.6709    -0.2236    -0.707
 Node:        116
  0.1092E+03  0.1143E+03  0.5068E+03 -0.4798E-04
  -9.595E-5
   8.996E-17
  -9.595E-5
   2.879E-16
   3.598E-17
  -9.595E-5
   -9.595E-5
   -9.595E-5
   -9.595E-5
   0.0
   -9.594999999999999E-5
   0.0
   -0.223    -0.9699    -0.09799
   0.8805    -0.2435    0.4067
   -0.4183    0.004401    0.9083
 Node:        117
  0.1089E+03  0.1172E+03  0.5207E+03 -0.4798E-04
  -9.595E-5
  -1.199E-16
  -9.595E-5
  -2.399E-16
  -2.879E-16
  -9.595E-5
   -9.595E-5
   -9.595E-5
   -9.595E-5
   0.0
   -9.594999999999999E-5
   0.0
