 Group name: gastroc_Strain
 #Fields=  16
 1) coordinates, coordinate, rectangular cartesian, #Components=3
   x.  Value index= 1, #Derivatives=0
   y.  Value index= 2, #Derivatives=0
   z.  Value index= 3, #Derivatives=0
 2) Tensor_1, field, rectangular cartesian, #Components=1
   Tensor_1.  Value index= 4, #Derivatives=0
 3) Tensor_2, field, rectangular cartesian, #Components=1
   Tensor_2.  Value index= 5, #Derivatives=0
 4) Tensor_3, field, rectangular cartesian, #Components=1
   Tensor_3.  Value index= 6, #Derivatives=0
 5) Tensor_4, field, rectangular cartesian, #Components=1
   Tensor_4.  Value index= 7, #Derivatives=0
 6) Tensor_5, field, rectangular cartesian, #Components=1
   Tensor_5.  Value index= 8, #Derivatives=0
 7) Tensor_6, field, rectangular cartesian, #Components=1
   Tensor_6.  Value index= 9, #Derivatives=0
 8) Principal_1, field, rectangular cartesian, #Components=1
   Principal_1.  Value index= 10, #Derivatives=0
 9) Principal_2, field, rectangular cartesian, #Components=1
   Principal_2.  Value index= 11, #Derivatives=0
 10) Principal_3, field, rectangular cartesian, #Components=1
   Principal_3.  Value index= 12, #Derivatives=0
 11) VonMises, field, rectangular cartesian, #Components=1
   VonMises.  Value index= 13, #Derivatives=0
 12) Hydrostatic, field, rectangular cartesian, #Components=1
   VonMises.  Value index= 14, #Derivatives=0
 13) Octahedral, field, rectangular cartesian, #Components=1
   VonMises.  Value index= 15, #Derivatives=0
 14) PrincipalVector1, field, rectangular cartesian, #Components=3
   x.  Value index= 16, #Derivatives=0
   y.  Value index= 17, #Derivatives=0
   z.  Value index= 18, #Derivatives=0
 15) PrincipalVector2, field, rectangular cartesian, #Components=3
   x.  Value index= 19, #Derivatives=0
   y.  Value index= 20, #Derivatives=0
   z.  Value index= 21, #Derivatives=0
 16) PrincipalVector3, field, rectangular cartesian, #Components=3
   x.  Value index= 22, #Derivatives=0
   y.  Value index= 23, #Derivatives=0
   z.  Value index= 24, #Derivatives=0
 Node:          1
  0.1287E+03  0.1133E+03  0.4908E+03 -0.1624E-05
  -1.11E-16
  -8.327E-17
  -2.22E-16
  -2.776E-17
  -4.163E-17
  -3.331E-16
   -6.637E-17
   -2.4E-16
   -3.598E-16
   2.5553921597281306E-16
   -2.2205666666666663E-16
   1.204623416489799E-16
   0.8837    -0.4676    -0.01897
   0.4046    0.7837    -0.4712
   0.2352    0.4088    0.8818
 Node:          2
  0.1292E+03  0.1137E+03  0.5052E+03 -0.1624E-05
  -5.551E-17
  -1.11E-16
  -1.665E-16
  -5.551E-17
   1.943E-16
  -2.776E-16
   8.603E-17
   -1.6E-16
   -4.256E-16
   4.4319260925696854E-16
   -1.6652333333333334E-16
   2.089229995849082E-16
   -0.6554    0.6199    0.4313
   0.7522    0.4849    0.4462
   -0.06744    -0.6169    0.7841
 Node:          3
  0.1289E+03  0.1155E+03  0.5194E+03 -0.1624E-05
   2.22E-16
   1.388E-16
   3.331E-16
   1.11E-16
   5.551E-17
   2.22E-16
   4.753E-16
   2.118E-16
   9.006E-17
   3.4107384479024473E-16
   2.590533333333333E-16
   1.6078375235770005E-16
   -0.5696    -0.7144    -0.4063
   0.2395    -0.6172    0.7494
   -0.7862    0.3296    0.5227
 Node:          4
  0.1361E+03  0.1141E+03  0.4915E+03 -0.1624E-05
   0.0
  -2.776E-17
  -1.11E-16
  -2.776E-17
  -8.327E-17
   2.22E-16
   2.435E-16
   6.328E-18
   -1.388E-16
   3.3426485304919515E-16
   3.700933333333334E-17
   1.5757396286894045E-16
   -0.08549    -0.2215    0.9714
   0.9681    -0.2491    0.0284
   0.2357    0.9428    0.2357
 Node:          5
  0.1341E+03  0.1144E+03  0.5054E+03 -0.1624E-05
   3.331E-16
   1.388E-16
   3.331E-16
   5.551E-17
  -6.939E-17
   4.441E-16
   4.814E-16
   4.627E-16
   1.662E-16
   3.062784517395894E-16
   3.7010000000000004E-16
   1.4438104677092028E-16
   -0.348    -0.6443    0.681
   -0.6589    -0.3487    -0.6665
   0.6669    -0.6807    -0.3032
 Node:          6
  0.1323E+03  0.1162E+03  0.5191E+03 -0.1624E-05
   2.22E-16
   5.551E-17
   2.22E-16
  -5.551E-17
  -2.776E-17
   0.0
   2.897E-16
   1.685E-16
   -1.402E-17
   2.648101478418076E-16
   1.4806E-16
   1.2483270084396958E-16
   -0.715    -0.6696    0.2012
   0.6656    -0.7399    -0.09741
   -0.2141    -0.06426    -0.9747
 Node:          7
  0.1408E+03  0.1171E+03  0.4920E+03 -0.1624E-05
   3.331E-16
   2.22E-16
   2.22E-16
  -8.327E-17
  -1.11E-16
   0.0
   5.398E-16
   6.158E-17
   -4.631E-17
   5.403052621435404E-16
   1.8502333333333335E-16
   2.5470234318164845E-16
   -0.7537    -0.6111    0.2419
   -0.656    0.677    -0.3335
   -0.04004    0.4101    0.9112
 Node:          8
  0.1367E+03  0.1169E+03  0.5055E+03 -0.1624E-05
   2.22E-16
   1.943E-16
   2.22E-16
  -4.025E-16
  -2.359E-16
  -2.22E-16
   6.547E-16
   4.477E-17
   -4.775E-16
   9.814930967154074E-16
   7.399000000000001E-17
   4.626802829168323E-16
   -0.6847    -0.5611    0.4652
   0.5685    -0.8105    -0.1409
   -0.4561    -0.1681    -0.8739
 Node:          9
  0.1339E+03  0.1180E+03  0.5191E+03 -0.1624E-05
   2.22E-16
   1.665E-16
   0.0
  -3.955E-16
  -2.776E-16
   6.661E-16
   1.002E-15
   -9.379E-18
   -1.046E-16
   1.062195387036208E-15
   2.96007E-16
   5.007237074122481E-16
   -0.4817    -0.3073    0.8207
   -0.8565    -0.03292    -0.515
   -0.1853    0.951    0.2474
 Node:         10
  0.1294E+03  0.1212E+03  0.4911E+03 -0.1624E-05
   0.0
   2.776E-17
   1.11E-16
  -1.388E-17
   1.249E-16
   1.11E-16
   2.363E-16
   2.303E-17
   -3.732E-17
   2.48992088026909E-16
   7.400333333333333E-17
   1.173759959370834E-16
   0.0421    0.71    0.703
   -0.7813    -0.4152    0.4661
   -0.6228    0.5688    -0.5372
 Node:         11
  0.1295E+03  0.1214E+03  0.5055E+03 -0.1624E-05
  -2.22E-16
  -2.776E-17
  -2.22E-16
  -4.163E-17
   1.388E-17
  -1.665E-16
   -1.365E-16
   -2.183E-16
   -2.558E-16
   1.0566451627675205E-16
   -2.035333333333333E-16
   4.9810730660058464E-17
   -0.4935    0.2929    0.8189
   0.3541    -0.7924    0.4968
   -0.7944    -0.5351    -0.2873
 Node:         12
  0.1295E+03  0.1217E+03  0.5196E+03 -0.1624E-05
   1.11E-16
   0.0
   1.11E-16
   7.633E-17
   2.776E-17
   2.22E-16
   2.649E-16
   1.11E-16
   6.816E-17
   1.792025435087348E-16
   1.4801999999999999E-16
   8.447688914726913E-17
   -0.4387    -0.1595    -0.8844
   0.3417    -0.9398    -2.255E-17
   0.8311    0.3022    -0.4668
 Node:         13
  0.1361E+03  0.1199E+03  0.4914E+03 -0.1624E-05
   1.11E-16
  -1.388E-16
   0.0
  -9.714E-17
   2.776E-17
  -1.665E-16
   2.285E-16
   -8.52E-17
   -1.988E-16
   3.833392361864358E-16
   -1.849999999999999E-17
   1.807078489348669E-16
   0.8171    -0.5252    -0.2378
   0.4648    0.8442    -0.2671
   0.341    0.1077    0.9339
 Node:         14
  0.1342E+03  0.1198E+03  0.5054E+03 -0.1624E-05
  -5.551E-17
   2.776E-17
   0.0
   5.551E-17
  -9.021E-17
   1.11E-16
   1.672E-16
   -4.94E-18
   -1.068E-16
   2.398787602102362E-16
   1.8486666666666665E-17
   1.130799320048532E-16
   0.1634    -0.4472    0.8794
   -0.6569    -0.7144    -0.2412
   -0.7361    0.5382    0.4105
 Node:         15
  0.1330E+03  0.1205E+03  0.5193E+03 -0.1624E-05
   2.22E-16
  -8.327E-17
  -5.551E-17
   1.388E-17
   4.857E-17
   0.0
   2.451E-16
   2.471E-17
   -1.033E-16
   3.0523832672192397E-16
   5.550333333333333E-17
   1.438907271354049E-16
   -0.9638    0.2667    -0.001723
   0.1157    0.4239    0.8983
   0.2403    0.8656    -0.4394
 Node:         16
  0.1404E+03  0.1188E+03  0.4918E+03 -0.1624E-05
   2.22E-16
   5.551E-17
   2.22E-16
  -8.327E-17
  -1.457E-16
   4.441E-16
   5.466E-16
   1.95E-16
   1.465E-16
   3.7818964819254375E-16
   2.9603333333333337E-16
   1.7828030987433498E-16
   -0.2927    -0.4328    0.8526
   -0.9222    -0.1077    -0.3713
   -0.2526    0.895    0.3676
 Node:         17
  0.1365E+03  0.1184E+03  0.5055E+03 -0.1624E-05
  -1.11E-16
   2.776E-17
  -1.11E-16
   9.714E-17
   1.7E-16
   0.0
   1.573E-16
   -1.341E-16
   -2.452E-16
   3.600440389730123E-16
   -7.400000000000001E-17
   1.697263876557404E-16
   0.3368    0.5285    0.7792
   0.8927    -0.4425    -0.08566
   -0.2996    -0.7244    0.6209
emacs con      Node:         18
  0.1341E+03  0.1191E+03  0.5192E+03 -0.1624E-05
   0.0
   0.0
   0.0
   2.645E-17
   1.065E-16
   4.441E-16
   4.697E-16
   -1.672E-33
   -2.562E-17
   4.830198633596759E-16
   1.4802666666666666E-16
   2.2769774721961763E-16
   -0.05484    -0.2207    -0.9738
   0.9705    -0.2411    -6.21E-17
   -0.2348    -0.9451    0.2274
 Node:         19
  0.1301E+03  0.1291E+03  0.4914E+03  0.0000E+00
   1.11E-16
   0.0
   1.11E-16
   2.101E-19
   1.001E-17
  -2.22E-16
   1.113E-16
   1.11E-16
   -2.223E-16
   3.3345010121455954E-16
   0.0
   1.5718988517077046E-16
   -0.02096    -0.9993    -0.03003
   0.9998    -0.02097    1.345E-19
   6.298E-4    0.03003    -0.9995
 Node:         20
  0.1299E+03  0.1291E+03  0.5058E+03  0.0000E+00
   2.22E-16
   0.0
   0.0
   1.041E-17
   1.924E-17
  -5.551E-17
   2.224E-16
   5.975E-18
   -6.188E-17
   2.5715676157744715E-16
   5.549833333333335E-17
   1.2122485995959007E-16
   -0.9993    -0.003257    -0.03765
   0.01428    -0.9549    -0.2965
   -0.03498    -0.2968    0.9543
 Node:         21
  0.1301E+03  0.1280E+03  0.5197E+03  0.0000E+00
   1.11E-16
   0.0
   0.0
   4.163E-17
   1.475E-17
   1.11E-16
   1.534E-16
   7.089E-17
   -2.22E-18
   1.3485280234388901E-16
   7.402333333333333E-17
   6.357022066624871E-17
   -0.6994    -0.0684    -0.7114
   -0.7126    0.1429    0.6869
   -0.05465    -0.9874    0.1487
 Node:         22
  0.1360E+03  0.1256E+03  0.4913E+03  0.0000E+00
  -2.22E-16
   1.388E-17
  -1.11E-16
  -1.388E-17
   1.006E-16
   1.11E-16
   1.5E-16
   -1.456E-16
   -2.264E-16
   3.432090907886911E-16
   -7.4E-17
   1.617903169743686E-16
   -0.02144    0.3586    0.9332
   0.228    0.9106    -0.3447
   -0.9734    0.2054    -0.1013
 Node:         23
  0.1343E+03  0.1253E+03  0.5054E+03  0.0000E+00
   0.0
   2.082E-17
  -4.441E-16
   0.0
   1.314E-16
  -1.665E-16
   1.265E-18
   -1.147E-16
   -4.972E-16
   4.517861703560657E-16
   -2.0354499999999996E-16
   2.1297404313671653E-16
   0.997    0.06061    0.04746
   0.06644    -0.3661    -0.9282
   0.03888    -0.9286    0.369
 Node:         24
  0.1336E+03  0.1248E+03  0.5194E+03  0.0000E+00
  -2.22E-16
   1.214E-17
   0.0
   1.388E-17
   8.674E-19
  -1.665E-16
   6.779E-19
   -1.633E-16
   -2.259E-16
   2.026635838733984E-16
   -1.2950736666666666E-16
   9.553652963763242E-17
   -0.05504    -0.9984    -0.009747
   0.2257    -0.02195    0.974
   -0.9726    0.05141    0.2265
 Node:         25
  0.1400E+03  0.1206E+03  0.4917E+03  0.0000E+00
   0.0
   2.671E-16
  -1.11E-16
  -8.327E-17
  -1.301E-16
   2.22E-16
   3.681E-16
   7.58E-17
   -3.329E-16
   6.098671904603493E-16
   3.699999999999999E-17
   2.8749415066513385E-16
   0.5089    0.4781    -0.7159
   0.6086    0.3883    0.692
   0.6088    -0.7878    -0.09334
 Node:         26
  0.1363E+03  0.1200E+03  0.5055E+03  0.0000E+00
   2.22E-16
   1.076E-16
  -6.106E-16
   2.776E-17
  -1.124E-15
  -5.551E-17
   8.281E-16
   2.248E-16
   -1.497E-15
   2.089815319591662E-15
   -1.4803333333333336E-16
   9.851483892738641E-16
   0.07371    0.6174    -0.7832
   0.9955    0.001018    0.09449
   -0.05914    0.7866    0.6146
 Node:         27
  0.1343E+03  0.1203E+03  0.5192E+03  0.0000E+00
   2.22E-16
  -1.943E-16
   2.22E-16
  -1.041E-16
   1.313E-15
   0.0
   1.466E-15
   1.875E-16
   -1.209E-15
   2.3173691440942246E-15
   1.4816666666666667E-16
   1.0924182908676612E-15
   -0.1693    0.728    0.6643
   0.9848    0.09849    0.1431
   0.03876    0.6785    -0.7336
 Node:         28
  0.1155E+03  0.1124E+03  0.4931E+03 -0.9595E-05
  -2.22E-16
   3.816E-17
   2.22E-16
  -5.551E-17
   5.551E-17
   1.11E-16
   2.455E-16
   1.014E-16
   -2.359E-16
   4.279497984577163E-16
   3.699999999999999E-17
   2.0173746966457835E-16
   0.03184    0.9284    0.3701
   0.1988    0.3571    -0.9127
   0.9795    -0.1026    0.1732
 Node:         29
  0.1119E+03  0.1139E+03  0.5068E+03 -0.9595E-05
  -2.22E-16
  -2.082E-17
   0.0
   5.551E-17
   6.939E-18
  -3.331E-16
   1.944E-18
   -2.004E-16
   -3.566E-16
   3.113642033631998E-16
   -1.8501866666666668E-16
   1.4677849307791052E-16
   -0.09118    0.9958    0.005517
   -0.9179    -0.08189    -0.3884
   -0.3863    -0.04048    0.9215
 Node:         30
  0.1113E+03  0.1159E+03  0.5206E+03 -0.9595E-05
   2.22E-16
   1.249E-16
   2.22E-16
   0.0
  -2.776E-17
   1.11E-16
   3.486E-16
   1.238E-16
   8.277E-17
   2.4787505905193444E-16
   1.8505666666666664E-16
   1.1684942342842583E-16
   -0.7001    -0.7092    0.08287
   -0.4685    0.3686    -0.8029
   -0.5389    0.6009    0.5903
 Node:         31
  0.1203E+03  0.1126E+03  0.4920E+03 -0.9595E-05
  -5.551E-17
   9.714E-17
  -1.11E-16
   2.776E-17
   4.163E-17
  -5.551E-17
   4.114E-17
   -7.661E-17
   -1.866E-16
   1.9726678661143135E-16
   -7.402333333333333E-17
   9.29924550105485E-17
   -0.6956    -0.5654    -0.4433
   0.4358    0.1585    -0.886
   0.5712    -0.8095    0.1362
 Node:         32
  0.1188E+03  0.1134E+03  0.5062E+03 -0.9595E-05
   2.22E-16
  -1.388E-17
  -1.11E-16
  -2.776E-17
   9.714E-17
  -5.551E-17
   2.266E-16
   1.331E-17
   -1.844E-16
   3.5602167644681415E-16
   1.8503333333333345E-17
   1.6783022777663014E-16
   -0.9894    0.07624    0.1236
   0.1445    0.5992    0.7875
   0.01402    -0.797    0.6038
 Node:         33
  0.1183E+03  0.1150E+03  0.5201E+03 -0.9595E-05
   1.11E-16
   5.551E-17
   0.0
   8.327E-17
   0.0
   0.0
   1.7E-16
   0.0
   -5.893E-17
   2.0589037107159722E-16
   3.702333333333333E-17
   9.705765171049398E-17
   -0.8617    -0.2815    -0.4222
   0.0    -0.8321    0.5547
   -0.5074    0.478    0.717
 Node:         34
  0.1255E+03  0.1129E+03  0.4909E+03 -0.9595E-05
   0.0
   0.0
   0.0
   5.551E-17
   9.714E-17
   0.0
   1.119E-16
   3.387E-33
   -1.119E-16
   1.9381648536695736E-16
   0.0
   9.136596740581255E-17
   -0.3508    -0.6139    -0.7071
   0.8682    -0.4961    -4.855E-17
   -0.3508    -0.6139    0.7071
 Node:         35
  0.1260E+03  0.1135E+03  0.5054E+03 -0.9595E-05
   0.0
   1.11E-16
  -1.11E-16
   1.11E-16
   2.498E-16
  -1.11E-16
   2.41E-16
   -1.023E-16
   -3.608E-16
   5.228959647960578E-16
   -7.403333333333333E-17
   2.4649552170824977E-16
   0.5458    0.5925    0.5925
   0.8379    -0.3859    -0.3859
   -4.975E-17    -0.7071    0.7071
 Node:         36
  0.1257E+03  0.1153E+03  0.5196E+03 -0.9595E-05
   0.0
  -5.551E-17
   0.0
  -5.551E-17
   8.327E-17
   0.0
   1.305E-16
   -4.723E-17
   -8.327E-17
   1.982226619234037E-16
   0.0
   9.344305895392481E-17
   -0.5155    0.6059    0.6059
   0.8569    0.3645    0.3645
   -1.256E-16    0.7071    -0.7071
 Node:         37
  0.1132E+03  0.1210E+03  0.4959E+03 -0.9595E-05
  -2.22E-16
   1.388E-16
  -2.22E-16
  -8.327E-17
   1.804E-16
  -2.776E-16
   -4.482E-17
   -1.622E-16
   -5.146E-16
   4.2347200190803645E-16
   -2.4054E-16
   1.9962661612787678E-16
   0.3971    0.7887    0.4693
   -0.7874    0.0301    0.6157
   0.4715    -0.614    0.633
 Node:         38
  0.1111E+03  0.1204E+03  0.5085E+03 -0.9595E-05
  -1.665E-16
   9.714E-17
   0.0
  -2.776E-17
  -8.327E-17
  -2.22E-16
   7.071E-17
   -2.091E-16
   -2.502E-16
   3.0246162913665597E-16
   -1.2953E-16
   1.4258177934084005E-16
   -0.3916    -0.8746    0.2859
   0.9154    -0.3389    0.217
   0.09287    -0.3467    -0.9334
 Node:         39
  0.1119E+03  0.1201E+03  0.5207E+03 -0.9595E-05
  -5.551E-17
  -9.714E-17
  -3.331E-16
  -8.327E-17
  -7.633E-17
  -1.11E-16
   8.934E-18
   -1.105E-16
   -3.981E-16
   3.6239130612640252E-16
   -1.6655533333333335E-16
   1.7083290000335286E-16
   0.851    -0.1281    -0.5092
   0.4076    -0.4503    0.7944
   -0.3311    -0.8836    -0.331
 Node:         40
  0.1191E+03  0.1220E+03  0.4937E+03 -0.9595E-05
   0.0
   8.327E-17
  -2.22E-16
   8.327E-17
  -1.388E-17
  -2.22E-16
   4.872E-17
   -2.082E-16
   -2.846E-16
   3.0244591979393603E-16
   -1.4802666666666666E-16
   1.4257437388566321E-16
   -0.924    -0.2703    -0.2703
   0.0    -0.7071    0.7071
   0.3823    -0.6534    -0.6534
 Node:         41
  0.1182E+03  0.1217E+03  0.5073E+03 -0.9595E-05
   0.0
  -2.776E-17
  -5.551E-17
   5.551E-17
   9.714E-17
   1.11E-16
   1.653E-16
   1.073E-17
   -1.206E-16
   2.478691830381502E-16
   1.8476666666666666E-17
   1.168466534489637E-16
   0.2406    0.3653    0.8993
   -0.8901    0.4526    0.05428
   -0.3871    -0.8135    0.434
 Node:         42
  0.1187E+03  0.1212E+03  0.5204E+03 -0.9595E-05
   0.0
  -5.551E-17
  -1.11E-16
   0.0
   5.551E-17
   1.11E-16
   1.256E-16
   1.887E-17
   -1.444E-16
   2.3552960089975954E-16
   2.3333333333339628E-20
   1.1102971864425409E-16
   0.1113    -0.2517    -0.9614
   0.9295    -0.3159    0.1903
   -0.3516    -0.9148    0.1988
 Node:         43
  0.1258E+03  0.1217E+03  0.4915E+03 -0.9595E-05
   2.22E-16
   1.11E-16
   1.11E-16
  -1.388E-17
   0.0
  -5.551E-17
   2.911E-16
   4.294E-17
   -5.645E-17
   3.1004254562882173E-16
   9.253E-17
   1.4615545764698628E-16
   -0.8507    -0.5246    0.03406
   -0.5213    0.8502    0.07348
   0.06751    -0.04475    0.9967
 Node:         44
  0.1259E+03  0.1220E+03  0.5059E+03 -0.9595E-05
  -2.22E-16
   1.388E-16
  -2.22E-16
   9.714E-17
   1.11E-16
  -1.11E-16
   5.081E-17
   -2.445E-16
   -3.614E-16
   3.679610646522265E-16
   -1.8503E-16
   1.7345850935214064E-16
   -0.5113    -0.534    -0.6733
   -0.5198    -0.4318    0.7372
   -0.6844    0.7269    -0.05679
 Node:         45
  0.1261E+03  0.1221E+03  0.5198E+03 -0.9595E-05
  -5.551E-17
  -8.327E-17
  -2.776E-16
   2.776E-17
  -6.939E-18
   1.11E-16
   1.167E-16
   -3.339E-17
   -3.053E-16
   3.7050374910383835E-16
   -7.399666666666666E-17
   1.7465714229757554E-16
   0.1854    -0.05643    0.981
   0.9302    -0.3117    -0.1938
   -0.3167    -0.9485    0.005308
 Node:         46
  0.1117E+03  0.1296E+03  0.4959E+03  0.0000E+00
  -5.551E-17
   2.776E-17
  -1.665E-16
   6.939E-18
  -2.602E-17
   0.0
   4.101E-18
   -4.897E-17
   -1.772E-16
   1.6144583695778595E-16
   -7.402300000000001E-17
   7.610629740479211E-17
   0.04856    -0.1429    0.9886
   0.9724    0.2327    -0.01414
   -0.228    0.962    0.1502
 Node:         47
  0.1107E+03  0.1269E+03  0.5087E+03  0.0000E+00
  -1.665E-16
  -3.123E-17
   1.11E-16
  -2.776E-17
   3.99E-17
   0.0
   1.289E-16
   -1.114E-17
   -1.732E-16
   2.6185783853075704E-16
   -1.8479999999999997E-17
   1.2344096888796688E-16
   -0.1292    0.939    0.3186
   -0.1008    -0.3321    0.9379
   -0.9865    -0.08906    -0.1376
 Node:         48
  0.1125E+03  0.1242E+03  0.5208E+03  0.0000E+00
   1.11E-16
   3.469E-18
   1.11E-16
   0.0
  -1.735E-18
   1.11E-16
   1.149E-16
   1.11E-16
   1.071E-16
   6.75499814951862E-18
   1.1099999999999999E-16
   3.1843366656181307E-18
   -0.6325    -0.7071    0.3162
   0.4472    -4.455E-15    0.8944
   -0.6325    0.7071    0.3162
 Node:         49
  0.1186E+03  0.1311E+03  0.4938E+03  0.0000E+00
  -1.665E-16
  -2.082E-17
   0.0
  -4.163E-17
  -6.072E-18
  -5.551E-17
   2.581E-18
   -4.165E-17
   -1.83E-16
   1.6789358448433935E-16
   -7.402300000000001E-17
   7.914579473772858E-17
   0.1174    -0.9929    0.01965
   -0.3135    -0.01827    0.9494
   -0.9423    -0.1176    -0.3134
 Node:         50
  0.1180E+03  0.1298E+03  0.5075E+03  0.0000E+00
   0.0
  -1.301E-17
   3.331E-16
  -4.163E-17
   1.247E-17
   2.22E-16
   3.354E-16
   2.276E-16
   -7.879E-18
   3.040655120874448E-16
   1.8504033333333332E-16
   1.4333785701466156E-16
   0.05441    -0.9902    -0.1289
   -0.1707    -0.1364    0.9758
   0.9838    0.03109    0.1765
 Node:         51
  0.1192E+03  0.1275E+03  0.5206E+03  0.0000E+00
   0.0
  -3.469E-18
  -5.551E-17
   0.0
   1.475E-17
   1.11E-16
   1.123E-16
   2.087E-19
   -5.702E-17
   1.491791641607165E-16
   1.849623333333333E-17
   7.03237323931892E-17
   -0.002705    0.08758    0.9962
   0.9982    -0.06004    0.007989
   -0.06051    -0.9943    0.08725
 Node:         52
  0.1262E+03  0.1305E+03  0.4920E+03  0.0000E+00
   1.11E-16
  -1.388E-17
   1.11E-16
   1.301E-18
   4.906E-18
   0.0
   1.25E-16
   9.734E-17
   -2.497E-19
   1.1396559238686912E-16
   7.403009999999999E-17
   5.372389546579809E-17
   -0.7047    0.7092    0.02051
   0.7093    0.7034    0.04493
   -0.01744    -0.04621    0.9988
 Node:         53
  0.1258E+03  0.1304E+03  0.5063E+03  0.0000E+00
  -1.665E-16
  -1.735E-18
  -1.11E-16
   2.776E-17
   3.383E-17
  -2.22E-16
   -1.01E-16
   -1.572E-16
   -2.414E-16
   1.2239330047024632E-16
   -1.6653333333333332E-16
   5.769675515620921E-17
   0.09684    0.9526    0.2883
   -0.9346    0.1866    -0.3027
   -0.3422    -0.2402    0.9084
 Node:         54
  0.1265E+03  0.1288E+03  0.5200E+03  0.0000E+00
  -2.22E-16
   2.082E-17
   1.11E-16
   0.0
  -4.337E-18
   1.11E-16
   1.16E-16
   1.073E-16
   -2.233E-16
   3.350347295430729E-16
   0.0
   1.5793688612860518E-16
   -0.04656    -0.7562    0.6527
   -0.04117    -0.6514    -0.7576
   -0.9981    0.06215    8.061E-4
 Node:         55
  0.1383E+03  0.1168E+03  0.4544E+03  0.3312E-03
  -0.1185
  -0.02424
   0.1307
   0.007355
   0.05113
   0.07458
   0.162
   0.04639
   -0.1216
   0.2469972390533951
   0.028930000000000008
   0.11643561511267363
   -0.06154    0.8638    0.5001
   -0.1109    0.4921    -0.8635
   -0.9919    -0.1086    0.06548
 Node:         56
  0.1315E+03  0.1156E+03  0.4695E+03  0.3312E-03
  -0.1201
   0.001271
   0.06444
   0.03331
   0.004406
   0.002532
   0.06483
   0.01061
   -0.1286
   0.17282129122304346
   -0.01772
   0.08146873797148614
   -0.02162    -0.9964    -0.08203
   0.2453    -0.08483    0.9657
   -0.9692    7.63E-4    0.2462
 Node:         57
  0.1285E+03  0.1140E+03  0.4824E+03  0.3312E-03
  -0.02909
   0.01306
  -0.002228
   0.01098
  -0.007489
  -0.004572
   0.004675
   -0.001282
   -0.03928
   0.04129997504841861
   -0.011962333333333333
   0.01946899494638134
   -0.1722    -0.8555    0.4883
   0.4837    0.3584    0.7985
   -0.8581    0.3737    0.3521
 Node:         58
  0.1492E+03  0.1181E+03  0.4535E+03  0.3312E-03
  -0.1509
  -0.07306
   0.2369
  -0.003475
   0.04159
   0.02532
   0.2576
   0.01798
   -0.1643
   0.36649921746164754
   0.03709333333333333
   0.17276938797779606
   0.1748    -0.9687    -0.1761
   0.05301    -0.1693    0.9841
   -0.9832    -0.1813    0.02176
 Node:         59
  0.1424E+03  0.1169E+03  0.4697E+03  0.3312E-03
  -0.1234
  -0.06304
   0.1595
   0.01048
   0.02105
  -0.01845
   0.1747
   -0.01841
   -0.1386
   0.2737644956892694
   0.005896666666666661
   0.1290538208999985
   0.2028    -0.9746    -0.0952
   0.1392    -0.06754    0.988
   -0.9693    -0.2136    0.122
 Node:         60
  0.1375E+03  0.1150E+03  0.4833E+03  0.3312E-03
  -0.02011
  -0.01116
   0.0227
   0.007957
  -0.001043
  -0.006312
   0.02571
   -0.003682
   -0.02575
   0.04471586903997282
   -0.0012406666666666666
   0.021079262816542918
   0.2509    -0.9635    0.09374
   0.3296    0.1761    0.9276
   0.9102    0.2018    -0.3617
 Node:         61
  0.1564E+03  0.1231E+03  0.4518E+03  0.3312E-03
  -0.1202
  -0.06678
   0.2405
  -0.06349
   0.07579
  -0.1178
   0.2716
   -0.08658
   -0.1826
   0.41461451542366434
   8.066666666666685E-4
   0.1954511569562983
   -0.1982    0.9555    0.2183
   0.681    0.2944    -0.6705
   0.705    -0.01574    0.7091
 Node:         62
  0.1500E+03  0.1209E+03  0.4692E+03  0.3312E-03
  -0.01971
  -0.1007
   0.2056
  -0.03875
   0.04367
  -0.1129
   0.2523
   -0.05217
   -0.1271
   0.3480379618662309
   0.024343333333333345
   0.16406666863063793
   0.362    -0.9203    -0.1484
   0.8774    0.3901    -0.2791
   0.3148    -0.0292    0.9487
 Node:         63
  0.1437E+03  0.1181E+03  0.4838E+03  0.3312E-03
   0.02136
  -0.03262
   0.03834
  -0.001523
   4.605E-4
  -0.02028
   0.06358
   -0.003802
   -0.02035
   0.07700134780638583
   0.013142666666666665
   0.036298783462932874
   -0.6116    0.791    0.01545
   0.7893    0.6114    -0.05585
   0.05362    0.02196    0.9983
 Node:         64
  0.1416E+03  0.1252E+03  0.4516E+03  0.3312E-03
  -0.1119
   0.01778
   0.1389
  -0.02972
   0.02592
  -0.02018
   0.1437
   -0.01387
   -0.123
   0.23223538899142826
   0.0022766666666666677
   0.10947681225822307
   0.05163    0.9878    0.1469
   0.3085    0.1241    -0.9431
   0.9498    -0.09401    0.2983
 Node:         65
  0.1344E+03  0.1229E+03  0.4681E+03  0.3312E-03
  -0.07641
  -0.007872
   0.1111
  -0.01109
   0.01324
  -0.01421
   0.113
   -0.01394
   -0.07849
   0.16874372017944844
   0.006856666666666668
   0.07954655254768885
   0.04758    -0.9931    -0.1075
   -0.1597    -0.1138    0.9806
   -0.986    -0.02948    -0.164
 Node:         66
  0.1299E+03  0.1214E+03  0.4825E+03  0.3312E-03
  -0.003502
  -0.00562
   0.0184
   0.003031
  -0.002215
  -0.003452
   0.02011
   -0.001866
   -0.006798
   0.024812392710095495
   0.0038153333333333333
   0.011696674095181455
   -0.2446    0.9619    -0.1219
   -0.5847    -0.2466    -0.7729
   -0.7735    -0.1178    0.6228
 Node:         67
  0.1505E+03  0.1247E+03  0.4511E+03  0.3312E-03
  -0.1096
  -0.0367
   0.1364
  -0.02401
   0.0217
   0.02073
   0.1468
   0.01885
   -0.1181
   0.22945426014785605
   0.015850000000000006
   0.1081657755484608
   0.1569    -0.9679    -0.1965
   -0.1193    -0.2161    0.969
   -0.9804    -0.1286    -0.1494
 Node:         68
  0.1437E+03  0.1226E+03  0.4683E+03  0.3312E-03
  -0.05203
  -0.07938
   0.1289
  -0.02131
   0.0262
   0.004185
   0.1652
   -8.269E-4
   -0.08329
   0.2192172147496861
   0.027027700000000005
   0.10333998606822047
   -0.3535    0.9147    0.1957
   -0.05142    -0.2278    0.9723
   0.934    0.3337    0.1276
 Node:         69
  0.1380E+03  0.1205E+03  0.4830E+03  0.3312E-03
   0.008407
  -0.02557
   0.03146
  -0.003517
   0.005658
  -6.206E-4
   0.04888
   -0.001515
   -0.008111
   0.05399600597266431
   0.013084666666666666
   0.025453961320173506
   -0.5376    0.8326    0.1334
   0.08704    -0.1025    0.9909
   0.8387    0.5443    -0.01735
 Node:         70
  0.1563E+03  0.1251E+03  0.4511E+03  0.3312E-03
  -0.1135
  -0.05863
   0.01678
  -0.07506
   0.03631
   0.1128
   0.1557
   0.009802
   -0.1494
   0.2643080713939701
   0.005367333333333335
   0.12459601973667628
   0.3229    -0.3645    -0.8734
   0.1606    -0.8884    0.4301
   -0.9327    -0.2791    -0.2283
 Node:         71
  0.1500E+03  0.1228E+03  0.4687E+03  0.3312E-03
  -0.01864
  -0.1204
   0.06879
  -0.08363
   0.05531
   0.04677
   0.2085
   0.002033
   -0.1136
   0.2826199062150435
   0.032311
   0.13322830145530892
   -0.5419    0.6687    0.5091
   0.05529    -0.5761    0.8155
   0.8386    0.4701    0.2752
 Node:         72
  0.1435E+03  0.1200E+03  0.4837E+03  0.3312E-03
   0.0234
  -0.03961
   0.0273
  -0.01706
   0.013
   0.004129
   0.07166
   -0.001685
   -0.01515
   0.080922096333449
   0.018275
   0.03814704204347523
   -0.6663    0.6828    0.2998
   0.02227    -0.3836    0.9232
   0.7454    0.6218    0.2404
 Node:         73
  0.1450E+03  0.1339E+03  0.4502E+03  0.0000E+00
   0.04993
  -0.02315
  -0.08694
   0.009406
  -0.009756
   0.07399
   0.07904
   0.04908
   -0.09115
   0.15736373565723458
   0.012323333333333339
   0.07418197639738525
   0.3818    -0.1072    0.918
   0.9106    -0.1267    -0.3935
   0.1585    0.9861    0.04923
 Node:         74
  0.1372E+03  0.1304E+03  0.4674E+03  0.0000E+00
   0.1173
  -0.01508
  -0.04097
   0.009916
  -0.0132
   0.05468
   0.1206
   0.0543
   -0.04392
   0.14336960765796913
   0.04366
   0.06758508119400317
   -0.9801    0.1052    -0.1684
   -0.1796    -0.1071    0.9779
   0.08486    0.9887    0.1238
 Node:         75
  0.1314E+03  0.1289E+03  0.4826E+03  0.0000E+00
   0.04405
  -0.005522
  -0.005401
  -0.003631
  -0.002598
   0.003792
   0.04492
   0.004373
   -0.006861
   0.04717803475135436
   0.014144000000000002
   0.022239938863824842
   -0.9912    0.1046    0.08089
   0.04844    -0.282    0.9582
   0.123    0.9537    0.2745
 Node:         76
  0.1518E+03  0.1315E+03  0.4497E+03  0.0000E+00
   0.05226
  -0.0354
  -0.1132
  -0.008115
   0.03927
   0.1527
   0.1601
   0.05708
   -0.1254
   0.25042196469159805
   0.030593333333333323
   0.11805004626099146
   0.1253    -0.157    -0.9796
   0.9742    -0.1676    0.1515
   -0.1879    -0.9733    0.132
 Node:         77
  0.1450E+03  0.1285E+03  0.4675E+03  0.0000E+00
   0.1705
  -0.001782
  -0.06006
  -0.003058
   0.03146
   0.08629
   0.1707
   0.09262
   -0.06654
   0.20941729823488794
   0.06559333333333334
   0.0987202611197699
   -0.9991    0.01333    0.04118
   0.04302    0.2011    0.9786
   -0.004763    -0.9795    0.2015
 Node:         78
  0.1385E+03  0.1261E+03  0.4828E+03  0.0000E+00
   0.07035
   0.006291
  -0.004557
  -0.00208
   7.47E-4
   0.005767
   0.07094
   0.005782
   -0.005159
   0.07126123857329453
   0.023854333333333335
   0.03359287002061929
   -0.9961    -0.0827    0.03085
   0.02367    0.08637    0.996
   -0.08503    0.9928    -0.08408
 Node:         79
  0.1563E+03  0.1271E+03  0.4505E+03  0.0000E+00
   0.05287
   0.07705
   0.07786
   0.04659
  -0.04
   0.7963
   0.8009
   0.1434
   -0.01732
   0.750873203943249
   0.3089933333333333
   0.35396502287969384
   0.05705    -0.04909    0.9972
   -0.6482    -0.7615    -4.064E-4
   -0.7594    0.6463    0.07526
 Node:         80
  0.1501E+03  0.1247E+03  0.4684E+03  0.0000E+00
   0.1896
   0.06348
   0.03061
   0.01644
  -0.02979
   0.4626
   0.4652
   0.2117
   0.005908
   0.39847317257752746
   0.2276026666666667
   0.18784205496699138
   0.04526    -0.06174    0.9971
   0.9423    0.334    -0.0221
   -0.3316    0.9406    0.07329
 Node:         81
  0.1434E+03  0.1218E+03  0.4836E+03  0.0000E+00
   0.07709
   0.01313
   0.001255
   0.005144
  -0.002366
   0.03434
   0.07978
   0.03415
   -0.001241
   0.07035276192872601
   0.037563
   0.03316461002333663
   -0.9816    -0.161    -0.1027
   -0.08635    -0.1057    0.9906
   -0.1704    0.9813    0.08989
 Node:         82
  0.1267E+03  0.1149E+03  0.4579E+03 -0.4951E-01
  -0.04933
  -0.02175
   0.0419
   0.009855
   0.03811
   0.01043
   0.0688
   -0.006023
   -0.05978
   0.11185059851873838
   9.989999999999999E-4
   0.052726877794915944
   -0.1105    0.8406    0.5302
   -0.4065    0.4486    -0.796
   -0.907    -0.3035    0.2921
 Node:         83
  0.1234E+03  0.1130E+03  0.4729E+03 -0.4951E-01
  -0.05771
  -0.001287
   0.01571
   0.04952
   0.0149
  -0.03413
   0.02313
   -0.001505
   -0.09776
   0.11064876942379431
   -0.025378333333333333
   0.052160330126341116
   0.2609    0.855    0.4482
   -0.5749    0.5106    -0.6393
   -0.7755    -0.09087    0.6248
 Node:         84
  0.1187E+03  0.1123E+03  0.4850E+03 -0.4951E-01
  -0.008187
   0.001238
   9.757E-4
   0.01925
  -7.341E-4
  -0.03398
   0.002467
   6.269E-4
   -0.04428
   0.04585464886257445
   -0.013728700000000002
   0.021616088773102934
   -0.7909    -0.4556    -0.4085
   0.3906    -0.8898    0.2361
   0.4711    -0.02719    -0.8817
 Node:         85
  0.1302E+03  0.1162E+03  0.4566E+03 -0.4951E-01
  -0.04604
  -0.01973
   0.05573
   0.01853
   0.05201
   0.01013
   0.09003
   -0.006524
   -0.06369
   0.13457426364650857
   0.006605333333333334
   0.06343891626508832
   -0.04903    0.8422    0.5369
   -0.5498    0.426    -0.7185
   0.8339    0.3304    -0.4421
 Node:         86
  0.1252E+03  0.1139E+03  0.4712E+03 -0.4951E-01
  -0.03765
   0.03537
   0.1128
   0.08938
   0.04343
  -0.02297
   0.1481
   0.02414
   -0.12
   0.23240054991329087
   0.017413333333333336
   0.10955466986344713
   -0.3533    -0.8459    -0.3994
   0.5825    -0.533    0.6137
   0.732    0.01584    -0.6811
 Node:         87
  0.1217E+03  0.1126E+03  0.4834E+03 -0.4951E-01
  -0.01515
   6.807E-4
   0.003151
   0.02412
  -0.004038
  -0.03037
   0.004857
   0.001085
   -0.04831
   0.05138493893155853
   -0.014122666666666665
   0.024223092512907777
   -0.4672    0.7835    -0.4097
   0.6606    0.6174    0.4272
   0.5876    -0.07103    -0.806
 Node:         88
  0.1338E+03  0.1169E+03  0.4548E+03 -0.4951E-01
  -0.08544
  -0.02306
   0.04319
   0.01132
   0.06694
   0.07222
   0.1264
   -0.003185
   -0.0932
   0.19120556013097528
   0.010005000000000005
   0.0901351654461232
   -0.02731    0.6314    0.775
   -0.2905    0.7368    -0.6105
   0.9565    0.2418    -0.1633
 Node:         89
  0.1270E+03  0.1150E+03  0.4696E+03 -0.4951E-01
  -0.09722
   0.008639
   0.02132
   0.04028
   0.01703
  -0.006178
   0.03517
   -0.004729
   -0.1125
   0.13231203184518028
   -0.027353000000000002
   0.062372489966864925
   0.219    0.8085    0.5463
   -0.276    0.5883    -0.76
   -0.9359    0.01563    0.352
 Node:         90
  0.1248E+03  0.1132E+03  0.4823E+03 -0.4951E-01
  -0.02555
   0.01407
  -0.006529
   0.01272
  -0.007057
  -0.007455
   9.719E-4
   -9.045E-4
   -0.0396
   0.03966699929929159
   -0.013177533333333333
   0.018699202795900743
   0.4198    0.8997    -0.1195
   -0.4222    0.0771    -0.9032
   -0.8034    0.4296    0.4123
 Node:         91
  0.1262E+03  0.1266E+03  0.4549E+03 -0.4951E-01
  -0.07024
   0.02772
   0.1136
  -0.007731
   0.05101
   0.001921
   0.136
   -0.01299
   -0.07772
   0.189821273043882
   0.01509666666666667
   0.08948260625519477
   0.1121    0.9309    0.3477
   -0.2722    -0.3078    0.9117
   0.9557    -0.1969    0.2189
 Node:         92
  0.1211E+03  0.1236E+03  0.4727E+03 -0.4951E-01
  -0.06274
  -3.014E-4
   0.05553
   0.004076
   0.0352
   0.02713
   0.07932
   0.003563
   -0.06296
   0.12330456394229697
   0.0066409999999999985
   0.05812632887656563
   0.01431    0.8284    0.5599
   -0.05337    0.5598    -0.8269
   -0.9985    -0.01805    0.05222
 Node:         93
  0.1160E+03  0.1217E+03  0.4877E+03 -0.4951E-01
  -0.007452
  -0.003489
   0.003786
   0.006066
   0.007991
  -0.002121
   0.009378
   -6.152E-4
   -0.01455
   0.020815761831842715
   -0.001929066666666667
   0.009812644231240062
   -0.04314    -0.8096    -0.5854
   0.7114    -0.4363    0.5509
   0.7014    0.3927    -0.5948
 Node:         94
  0.1317E+03  0.1268E+03  0.4538E+03 -0.4951E-01
  -0.08004
   0.026
   0.1249
  -0.02705
   0.04933
   0.03123
   0.1469
   0.02197
   -0.09277
   0.20762283280024862
   0.025366666666666662
   0.09787434200147771
   0.06053    0.9232    0.3795
   0.3214    0.3419    -0.8831
   0.945    -0.1754    0.276
 Node:         95
  0.1252E+03  0.1238E+03  0.4707E+03 -0.4951E-01
  -0.0811
  -0.003549
   0.06748
  -0.005138
   0.02681
   0.05044
   0.0873
   0.03086
   -0.08134
   0.1486838309971868
   0.012273333333333336
   0.07009023010060358
   0.03502    -0.8059    -0.5911
   -0.01822    -0.5918    0.8059
   -0.9992    -0.01745    -0.03541
 Node:         96
  0.1205E+03  0.1222E+03  0.4852E+03 -0.4951E-01
  -0.01199
  -0.003621
   0.004854
   0.007135
   0.006464
  -0.001851
   0.008806
   -3.372E-4
   -0.01746
   0.023094275720186592
   -0.0029970666666666664
   0.010886745978890519
   0.0372    0.8432    0.5363
   -0.5632    0.4611    -0.6858
   -0.8255    -0.2765    0.492
 Node:         97
  0.1372E+03  0.1261E+03  0.4523E+03 -0.4951E-01
  -0.1213
   0.01801
   0.1282
  -0.02322
   0.0502
   0.03264
   0.1499
   0.01695
   -0.1273
   0.24012872068955018
   0.013183333333333333
   0.1131977645048209
   0.02787    0.9209    0.3888
   0.2009    0.3758    -0.9047
   0.9792    -0.1033    0.1746
 Node:         98
  0.1299E+03  0.1234E+03  0.4685E+03 -0.4951E-01
  -0.08231
   3.632E-4
   0.0886
   0.0028
   0.02885
   0.02792
   0.1001
   0.01645
   -0.08239
   0.1582233677432003
   0.011386666666666661
   0.07458721084892651
   -0.007546    -0.9285    -0.3713
   0.02495    -0.3713    0.9282
   -0.9997    -0.002258    0.02597
 Node:         99
  0.1260E+03  0.1218E+03  0.4827E+03 -0.4951E-01
  -0.008706
  -0.001119
   0.01194
   0.004974
   7.158E-4
  -0.002457
   0.01202
   2.918E-4
   -0.01153
   0.020394951954834314
   2.605999999999997E-4
   0.009614272552824784
   -0.04581    0.9984    0.03362
   -0.4845    0.007229    -0.8748
   0.8736    0.05637    -0.4834
 Node:        100
  0.1257E+03  0.1382E+03  0.4523E+03  0.0000E+00
   0.04056
   0.006947
   0.02897
  -0.007442
  -0.001889
  -0.02877
   0.04459
   0.02575
   -0.02958
   0.06677403462424597
   0.013586666666666669
   0.03147758179332643
   0.9042    0.4146    -0.1024
   -0.4144    0.9098    0.02503
   0.1036    0.0198    0.9944
 Node:        101
  0.1191E+03  0.1341E+03  0.4712E+03  0.0000E+00
   0.06253
   0.01032
   0.03756
  -0.01015
  -0.004411
  -0.03548
   0.06743
   0.03386
   -0.03667
   0.09202781047053113
   0.021540000000000004
   0.04338232589430862
   -0.9348    -0.3387    0.1067
   -0.3416    0.9398    -0.009782
   0.09699    0.04561    0.9942
 Node:        102
  0.1139E+03  0.1312E+03  0.4875E+03  0.0000E+00
   0.02423
   0.003305
  -0.002092
  -5.789E-4
  -0.005135
  -0.005246
   0.02469
   0.001313
   -0.00911
   0.029979685271863676
   0.005631
   0.014132559169048847
   -0.9906    -0.1302    0.0415
   -0.1287    0.7863    -0.6043
   -0.04605    0.6039    0.7957
 Node:        103
  0.1332E+03  0.1371E+03  0.4515E+03  0.0000E+00
   0.04765
  -0.003876
   0.03387
  -0.01105
  -0.005217
  -0.04335
   0.04964
   0.0336
   -0.04507
   0.08779588429989187
   0.012723333333333331
   0.04138737676581539
   0.9733    -0.2047    -0.1041
   -0.1952    -0.9762    0.09422
   -0.1209    -0.07138    -0.9901
 Node:        104
  0.1256E+03  0.1334E+03  0.4696E+03  0.0000E+00
   0.07461
   0.006626
   0.01551
  -0.01476
  -0.00952
  -0.03112
   0.07764
   0.01597
   -0.03461
   0.09736936838657216
   0.019666666666666666
   0.04590036044399748
   -0.9814    -0.1268    0.1443
   -0.1485    0.9773    -0.151
   -0.1219    -0.1696    -0.9779
 Node:        105
  0.1201E+03  0.1317E+03  0.4853E+03  0.0000E+00
   0.02607
   0.001003
  -0.006929
  -0.003485
  -0.005681
  -0.004707
   0.02654
   -4.442E-4
   -0.01166
   0.034008684326801
   0.004811933333333334
   0.016031847537809094
   -0.9916    -0.05002    0.1197
   -0.1237    0.643    -0.7558
   0.03914    0.7642    0.6438
 Node:        106
  0.1407E+03  0.1353E+03  0.4506E+03  0.0000E+00
   0.0514
  -0.004317
  -0.01313
  -4.345E-4
  -0.02342
  -0.01153
   0.05171
   0.01092
   -0.0359
   0.07593236661661482
   0.008909999999999996
   0.035794860897434236
   -0.9971    0.07378    -0.02047
   -0.06586    -0.69    0.7208
   0.03906    0.72    0.6928
 Node:        107
  0.1328E+03  0.1317E+03  0.4678E+03  0.0000E+00
   0.09976
  -0.002455
   0.002411
  -0.005231
  -0.02765
  -0.00114
   0.1
   0.0283
   -0.02731
   0.11054681858832484
   0.03366333333333333
   0.05211227004160238
   -0.9988    0.01137    0.04852
   0.02482    -0.7309    0.6821
   0.04322    0.6824    0.7297
 Node:        108
  0.1273E+03  0.1304E+03  0.4831E+03  0.0000E+00
   0.03383
  -0.002674
  -0.004633
  -0.005702
  -0.004736
  -5.394E-4
   0.03484
   0.002258
   -0.008443
   0.03904815113420865
   0.009551666666666668
   0.018407474973197408
   -0.9871    0.04857    0.1526
   0.09511    -0.5887    0.8028
   0.1288    0.8069    0.5764
 Node:        109
  0.1018E+03  0.1092E+03  0.4946E+03 -0.2127E-05
   0.0
   1.388E-16
   1.11E-16
   5.551E-17
  -1.388E-17
   0.0
   2.069E-16
   2.266E-17
   -1.186E-16
   2.827092280064448E-16
   3.698666666666666E-17
   1.3327040815158061E-16
   -0.5724    -0.814    -0.09897
   0.2904    -0.3141    0.9039
   0.7668    -0.4887    -0.4162
 Node:        110
  0.1058E+03  0.1118E+03  0.5081E+03 -0.2127E-05
   0.0
   2.776E-17
   0.0
  -1.388E-17
  -5.204E-17
   2.22E-16
   2.353E-16
   1.788E-17
   -3.112E-17
   2.456135916434593E-16
   7.402E-17
   1.157833574684491E-16
   -0.08376    -0.2246    0.9708
   0.7726    0.6007    0.2056
   0.6293    -0.7673    -0.1232
 Node:        111
  0.1108E+03  0.1137E+03  0.5210E+03 -0.2127E-05
   0.0
   5.551E-17
  -1.11E-16
  -2.776E-17
   3.261E-16
  -2.22E-16
   1.68E-16
   2.779E-18
   -5.038E-16
   6.063148942925615E-16
   -1.1100700000000001E-16
   2.8581958219244996E-16
   0.1486    0.7638    0.6281
   0.9825    -0.0417    -0.1818
   0.1126    -0.6441    0.7566
 Node:        112
  0.1072E+03  0.1111E+03  0.4942E+03 -0.2127E-05
   0.0
   1.388E-16
   1.11E-16
   0.0
   1.388E-17
  -1.665E-16
   2.053E-16
   -9.314E-17
   -1.677E-16
   3.4187324200644896E-16
   -1.851333333333333E-17
