 Group name: gastroc_Strain
 #Fields=  16
 1) coordinates, coordinate, rectangular cartesian, #Components=3
   x.  Value index= 1, #Derivatives=0
   y.  Value index= 2, #Derivatives=0
   z.  Value index= 3, #Derivatives=0
 2) Tensor_1, field, rectangular cartesian, #Components=1
   Tensor_1.  Value index= 4, #Derivatives=0
 3) Tensor_2, field, rectangular cartesian, #Components=1
   Tensor_2.  Value index= 5, #Derivatives=0
 4) Tensor_3, field, rectangular cartesian, #Components=1
   Tensor_3.  Value index= 6, #Derivatives=0
 5) Tensor_4, field, rectangular cartesian, #Components=1
   Tensor_4.  Value index= 7, #Derivatives=0
 6) Tensor_5, field, rectangular cartesian, #Components=1
   Tensor_5.  Value index= 8, #Derivatives=0
 7) Tensor_6, field, rectangular cartesian, #Components=1
   Tensor_6.  Value index= 9, #Derivatives=0
 8) Principal_1, field, rectangular cartesian, #Components=1
   Principal_1.  Value index= 10, #Derivatives=0
 9) Principal_2, field, rectangular cartesian, #Components=1
   Principal_2.  Value index= 11, #Derivatives=0
 10) Principal_3, field, rectangular cartesian, #Components=1
   Principal_3.  Value index= 12, #Derivatives=0
 11) VonMises, field, rectangular cartesian, #Components=1
   VonMises.  Value index= 13, #Derivatives=0
 12) Hydrostatic, field, rectangular cartesian, #Components=1
   VonMises.  Value index= 14, #Derivatives=0
 13) Octahedral, field, rectangular cartesian, #Components=1
   VonMises.  Value index= 15, #Derivatives=0
 14) PrincipalVector1, field, rectangular cartesian, #Components=3
   x.  Value index= 16, #Derivatives=0
   y.  Value index= 17, #Derivatives=0
   z.  Value index= 18, #Derivatives=0
 15) PrincipalVector2, field, rectangular cartesian, #Components=3
   x.  Value index= 19, #Derivatives=0
   y.  Value index= 20, #Derivatives=0
   z.  Value index= 21, #Derivatives=0
 16) PrincipalVector3, field, rectangular cartesian, #Components=3
   x.  Value index= 22, #Derivatives=0
   y.  Value index= 23, #Derivatives=0
   z.  Value index= 24, #Derivatives=0
 Node:          1
  0.1287E+03  0.1133E+03  0.4908E+03 -0.2244E-04
  -1.11E-16
  -8.327E-17
  -2.22E-16
  -2.776E-17
  -4.163E-17
  -3.331E-16
   -6.637E-17
   -2.4E-16
   -3.598E-16
   2.5553921597281306E-16
   -2.2205666666666663E-16
   1.204623416489799E-16
   0.8837    -0.4676    -0.01897
   0.4046    0.7837    -0.4712
   0.2352    0.4088    0.8818
 Node:          2
  0.1292E+03  0.1137E+03  0.5052E+03 -0.2244E-04
  -5.551E-17
  -1.11E-16
  -1.665E-16
  -5.551E-17
   1.943E-16
  -2.776E-16
   8.603E-17
   -1.6E-16
   -4.256E-16
   4.4319260925696854E-16
   -1.6652333333333334E-16
   2.089229995849082E-16
   -0.6554    0.6199    0.4313
   0.7522    0.4849    0.4462
   -0.06744    -0.6169    0.7841
 Node:          3
  0.1289E+03  0.1155E+03  0.5194E+03 -0.2244E-04
   2.22E-16
   1.388E-16
   3.331E-16
   1.11E-16
   5.551E-17
   2.22E-16
   4.753E-16
   2.118E-16
   9.006E-17
   3.4107384479024473E-16
   2.590533333333333E-16
   1.6078375235770005E-16
   -0.5696    -0.7144    -0.4063
   0.2395    -0.6172    0.7494
   -0.7862    0.3296    0.5227
 Node:          4
  0.1361E+03  0.1141E+03  0.4915E+03 -0.2244E-04
   0.0
  -2.776E-17
  -1.11E-16
  -2.776E-17
  -8.327E-17
   2.22E-16
   2.435E-16
   6.328E-18
   -1.388E-16
   3.3426485304919515E-16
   3.700933333333334E-17
   1.5757396286894045E-16
   -0.08549    -0.2215    0.9714
   0.9681    -0.2491    0.0284
   0.2357    0.9428    0.2357
 Node:          5
  0.1341E+03  0.1144E+03  0.5054E+03 -0.2244E-04
   3.331E-16
   1.388E-16
   3.331E-16
   5.551E-17
  -6.939E-17
   4.441E-16
   4.814E-16
   4.627E-16
   1.662E-16
   3.062784517395894E-16
   3.7010000000000004E-16
   1.4438104677092028E-16
   -0.348    -0.6443    0.681
   -0.6589    -0.3487    -0.6665
   0.6669    -0.6807    -0.3032
 Node:          6
  0.1323E+03  0.1162E+03  0.5191E+03 -0.2244E-04
   2.22E-16
   5.551E-17
   2.22E-16
  -5.551E-17
  -2.776E-17
   0.0
   2.897E-16
   1.685E-16
   -1.402E-17
   2.648101478418076E-16
   1.4806E-16
   1.2483270084396958E-16
   -0.715    -0.6696    0.2012
   0.6656    -0.7399    -0.09741
   -0.2141    -0.06426    -0.9747
 Node:          7
  0.1408E+03  0.1171E+03  0.4920E+03 -0.2244E-04
   3.331E-16
   2.22E-16
   2.22E-16
  -8.327E-17
  -1.11E-16
   0.0
   5.398E-16
   6.158E-17
   -4.631E-17
   5.403052621435404E-16
   1.8502333333333335E-16
   2.5470234318164845E-16
   -0.7537    -0.6111    0.2419
   -0.656    0.677    -0.3335
   -0.04004    0.4101    0.9112
 Node:          8
  0.1367E+03  0.1169E+03  0.5055E+03 -0.2244E-04
   2.22E-16
   1.943E-16
   2.22E-16
  -4.025E-16
  -2.359E-16
  -2.22E-16
   6.547E-16
   4.477E-17
   -4.775E-16
   9.814930967154074E-16
   7.399000000000001E-17
   4.626802829168323E-16
   -0.6847    -0.5611    0.4652
   0.5685    -0.8105    -0.1409
   -0.4561    -0.1681    -0.8739
 Node:          9
  0.1339E+03  0.1180E+03  0.5191E+03 -0.2244E-04
   2.22E-16
   1.665E-16
   0.0
  -3.955E-16
  -2.776E-16
   6.661E-16
   1.002E-15
   -9.379E-18
   -1.046E-16
   1.062195387036208E-15
   2.96007E-16
   5.007237074122481E-16
   -0.4817    -0.3073    0.8207
   -0.8565    -0.03292    -0.515
   -0.1853    0.951    0.2474
 Node:         10
  0.1294E+03  0.1212E+03  0.4911E+03 -0.2244E-04
   0.0
   2.776E-17
   1.11E-16
  -1.388E-17
   1.249E-16
   1.11E-16
   2.363E-16
   2.303E-17
   -3.732E-17
   2.48992088026909E-16
   7.400333333333333E-17
   1.173759959370834E-16
   0.0421    0.71    0.703
   -0.7813    -0.4152    0.4661
   -0.6228    0.5688    -0.5372
 Node:         11
  0.1295E+03  0.1214E+03  0.5055E+03 -0.2244E-04
  -2.22E-16
  -2.776E-17
  -2.22E-16
  -4.163E-17
   1.388E-17
  -1.665E-16
   -1.365E-16
   -2.183E-16
   -2.558E-16
   1.0566451627675205E-16
   -2.035333333333333E-16
   4.9810730660058464E-17
   -0.4935    0.2929    0.8189
   0.3541    -0.7924    0.4968
   -0.7944    -0.5351    -0.2873
 Node:         12
  0.1295E+03  0.1217E+03  0.5196E+03 -0.2244E-04
   1.11E-16
   0.0
   1.11E-16
   7.633E-17
   2.776E-17
   2.22E-16
   2.649E-16
   1.11E-16
   6.816E-17
   1.792025435087348E-16
   1.4801999999999999E-16
   8.447688914726913E-17
   -0.4387    -0.1595    -0.8844
   0.3417    -0.9398    -2.255E-17
   0.8311    0.3022    -0.4668
 Node:         13
  0.1361E+03  0.1199E+03  0.4914E+03 -0.2244E-04
   1.11E-16
  -1.388E-16
   0.0
  -9.714E-17
   2.776E-17
  -1.665E-16
   2.285E-16
   -8.52E-17
   -1.988E-16
   3.833392361864358E-16
   -1.849999999999999E-17
   1.807078489348669E-16
   0.8171    -0.5252    -0.2378
   0.4648    0.8442    -0.2671
   0.341    0.1077    0.9339
 Node:         14
  0.1342E+03  0.1198E+03  0.5054E+03 -0.2244E-04
  -5.551E-17
   2.776E-17
   0.0
   5.551E-17
  -9.021E-17
   1.11E-16
   1.672E-16
   -4.94E-18
   -1.068E-16
   2.398787602102362E-16
   1.8486666666666665E-17
   1.130799320048532E-16
   0.1634    -0.4472    0.8794
   -0.6569    -0.7144    -0.2412
   -0.7361    0.5382    0.4105
 Node:         15
  0.1330E+03  0.1205E+03  0.5193E+03 -0.2244E-04
   2.22E-16
  -8.327E-17
  -5.551E-17
   1.388E-17
   4.857E-17
   0.0
   2.451E-16
   2.471E-17
   -1.033E-16
   3.0523832672192397E-16
   5.550333333333333E-17
   1.438907271354049E-16
   -0.9638    0.2667    -0.001723
   0.1157    0.4239    0.8983
   0.2403    0.8656    -0.4394
 Node:         16
  0.1404E+03  0.1188E+03  0.4918E+03 -0.2244E-04
   2.22E-16
   5.551E-17
   2.22E-16
  -8.327E-17
  -1.457E-16
   4.441E-16
   5.466E-16
   1.95E-16
   1.465E-16
   3.7818964819254375E-16
   2.9603333333333337E-16
   1.7828030987433498E-16
   -0.2927    -0.4328    0.8526
   -0.9222    -0.1077    -0.3713
   -0.2526    0.895    0.3676
 Node:         17
  0.1365E+03  0.1184E+03  0.5055E+03 -0.2244E-04
  -1.11E-16
   2.776E-17
  -1.11E-16
   9.714E-17
   1.7E-16
   0.0
   1.573E-16
   -1.341E-16
   -2.452E-16
   3.600440389730123E-16
   -7.400000000000001E-17
   1.697263876557404E-16
   0.3368    0.5285    0.7792
   0.8927    -0.4425    -0.08566
   -0.2996    -0.7244    0.6209
 Node:         18
  0.1341E+03  0.1191E+03  0.5192E+03 -0.2244E-04
   0.0
   0.0
   0.0
   2.645E-17
   1.065E-16
   4.441E-16
   4.697E-16
   -1.672E-33
   -2.562E-17
   4.830198633596759E-16
   1.4802666666666666E-16
   2.2769774721961763E-16
   -0.05484    -0.2207    -0.9738
   0.9705    -0.2411    -6.21E-17
   -0.2348    -0.9451    0.2274
 Node:         19
  0.1301E+03  0.1291E+03  0.4914E+03  0.0000E+00
   1.11E-16
   0.0
   1.11E-16
   2.101E-19
   1.001E-17
  -2.22E-16
   1.113E-16
   1.11E-16
   -2.223E-16
   3.3345010121455954E-16
   0.0
   1.5718988517077046E-16
   -0.02096    -0.9993    -0.03003
   0.9998    -0.02097    1.345E-19
   6.298E-4    0.03003    -0.9995
 Node:         20
  0.1299E+03  0.1291E+03  0.5058E+03  0.0000E+00
   2.22E-16
   0.0
   0.0
   1.041E-17
   1.924E-17
  -5.551E-17
   2.224E-16
   5.975E-18
   -6.188E-17
   2.5715676157744715E-16
   5.549833333333335E-17
   1.2122485995959007E-16
   -0.9993    -0.003257    -0.03765
   0.01428    -0.9549    -0.2965
   -0.03498    -0.2968    0.9543
 Node:         21
  0.1301E+03  0.1280E+03  0.5197E+03  0.0000E+00
   1.11E-16
   0.0
   0.0
   4.163E-17
   1.475E-17
   1.11E-16
   1.534E-16
   7.089E-17
   -2.22E-18
   1.3485280234388901E-16
   7.402333333333333E-17
   6.357022066624871E-17
   -0.6994    -0.0684    -0.7114
   -0.7126    0.1429    0.6869
   -0.05465    -0.9874    0.1487
 Node:         22
  0.1360E+03  0.1256E+03  0.4913E+03  0.0000E+00
  -2.22E-16
   1.388E-17
  -1.11E-16
  -1.388E-17
   1.006E-16
   1.11E-16
   1.5E-16
   -1.456E-16
   -2.264E-16
   3.432090907886911E-16
   -7.4E-17
   1.617903169743686E-16
   -0.02144    0.3586    0.9332
   0.228    0.9106    -0.3447
   -0.9734    0.2054    -0.1013
 Node:         23
  0.1343E+03  0.1253E+03  0.5054E+03  0.0000E+00
   0.0
   2.082E-17
  -4.441E-16
   0.0
   1.314E-16
  -1.665E-16
   1.265E-18
   -1.147E-16
   -4.972E-16
   4.517861703560657E-16
   -2.0354499999999996E-16
   2.1297404313671653E-16
   0.997    0.06061    0.04746
   0.06644    -0.3661    -0.9282
   0.03888    -0.9286    0.369
 Node:         24
  0.1336E+03  0.1248E+03  0.5194E+03  0.0000E+00
  -2.22E-16
   1.214E-17
   0.0
   1.388E-17
   8.674E-19
  -1.665E-16
   6.779E-19
   -1.633E-16
   -2.259E-16
   2.026635838733984E-16
   -1.2950736666666666E-16
   9.553652963763242E-17
   -0.05504    -0.9984    -0.009747
   0.2257    -0.02195    0.974
   -0.9726    0.05141    0.2265
 Node:         25
  0.1400E+03  0.1206E+03  0.4917E+03  0.0000E+00
   0.0
   2.671E-16
  -1.11E-16
  -8.327E-17
  -1.301E-16
   2.22E-16
   3.681E-16
   7.58E-17
   -3.329E-16
   6.098671904603493E-16
   3.699999999999999E-17
   2.8749415066513385E-16
   0.5089    0.4781    -0.7159
   0.6086    0.3883    0.692
   0.6088    -0.7878    -0.09334
 Node:         26
  0.1363E+03  0.1200E+03  0.5055E+03  0.0000E+00
   2.22E-16
   1.076E-16
  -6.106E-16
   2.776E-17
  -1.124E-15
  -5.551E-17
   8.281E-16
   2.248E-16
   -1.497E-15
   2.089815319591662E-15
   -1.4803333333333336E-16
   9.851483892738641E-16
   0.07371    0.6174    -0.7832
   0.9955    0.001018    0.09449
   -0.05914    0.7866    0.6146
 Node:         27
  0.1343E+03  0.1203E+03  0.5192E+03  0.0000E+00
   2.22E-16
  -1.943E-16
   2.22E-16
  -1.041E-16
   1.313E-15
   0.0
   1.466E-15
   1.875E-16
   -1.209E-15
   2.3173691440942246E-15
   1.4816666666666667E-16
   1.0924182908676612E-15
   -0.1693    0.728    0.6643
   0.9848    0.09849    0.1431
   0.03876    0.6785    -0.7336
 Node:         28
  0.1155E+03  0.1124E+03  0.4931E+03 -0.1326E-03
  -2.22E-16
   3.816E-17
   2.22E-16
  -5.551E-17
   5.551E-17
   1.11E-16
   2.455E-16
   1.014E-16
   -2.359E-16
   4.279497984577163E-16
   3.699999999999999E-17
   2.0173746966457835E-16
   0.03184    0.9284    0.3701
   0.1988    0.3571    -0.9127
   0.9795    -0.1026    0.1732
 Node:         29
  0.1119E+03  0.1139E+03  0.5068E+03 -0.1326E-03
  -2.22E-16
  -2.082E-17
   0.0
   5.551E-17
   6.939E-18
  -3.331E-16
   1.944E-18
   -2.004E-16
   -3.566E-16
   3.113642033631998E-16
   -1.8501866666666668E-16
   1.4677849307791052E-16
   -0.09118    0.9958    0.005517
   -0.9179    -0.08189    -0.3884
   -0.3863    -0.04048    0.9215
 Node:         30
  0.1113E+03  0.1159E+03  0.5206E+03 -0.1326E-03
   2.22E-16
   1.249E-16
   2.22E-16
   0.0
  -2.776E-17
   1.11E-16
   3.486E-16
   1.238E-16
   8.277E-17
   2.4787505905193444E-16
   1.8505666666666664E-16
   1.1684942342842583E-16
   -0.7001    -0.7092    0.08287
   -0.4685    0.3686    -0.8029
   -0.5389    0.6009    0.5903
 Node:         31
  0.1203E+03  0.1126E+03  0.4920E+03 -0.1326E-03
  -5.551E-17
   9.714E-17
  -1.11E-16
   2.776E-17
   4.163E-17
  -5.551E-17
   4.114E-17
   -7.661E-17
   -1.866E-16
   1.9726678661143135E-16
   -7.402333333333333E-17
   9.29924550105485E-17
   -0.6956    -0.5654    -0.4433
   0.4358    0.1585    -0.886
   0.5712    -0.8095    0.1362
 Node:         32
  0.1188E+03  0.1134E+03  0.5062E+03 -0.1326E-03
   2.22E-16
  -1.388E-17
  -1.11E-16
  -2.776E-17
   9.714E-17
  -5.551E-17
   2.266E-16
   1.331E-17
   -1.844E-16
   3.5602167644681415E-16
   1.8503333333333345E-17
   1.6783022777663014E-16
   -0.9894    0.07624    0.1236
   0.1445    0.5992    0.7875
   0.01402    -0.797    0.6038
 Node:         33
  0.1183E+03  0.1150E+03  0.5201E+03 -0.1326E-03
   1.11E-16
   5.551E-17
   0.0
   8.327E-17
   0.0
   0.0
   1.7E-16
   0.0
   -5.893E-17
   2.0589037107159722E-16
   3.702333333333333E-17
   9.705765171049398E-17
   -0.8617    -0.2815    -0.4222
   0.0    -0.8321    0.5547
   -0.5074    0.478    0.717
 Node:         34
  0.1255E+03  0.1129E+03  0.4909E+03 -0.1326E-03
   0.0
   0.0
   0.0
   5.551E-17
   9.714E-17
   0.0
   1.119E-16
   3.387E-33
   -1.119E-16
   1.9381648536695736E-16
   0.0
   9.136596740581255E-17
   -0.3508    -0.6139    -0.7071
   0.8682    -0.4961    -4.855E-17
   -0.3508    -0.6139    0.7071
 Node:         35
  0.1260E+03  0.1135E+03  0.5054E+03 -0.1326E-03
   0.0
   1.11E-16
  -1.11E-16
   1.11E-16
   2.498E-16
  -1.11E-16
   2.41E-16
   -1.023E-16
   -3.608E-16
   5.228959647960578E-16
   -7.403333333333333E-17
   2.4649552170824977E-16
   0.5458    0.5925    0.5925
   0.8379    -0.3859    -0.3859
   -4.975E-17    -0.7071    0.7071
 Node:         36
  0.1257E+03  0.1153E+03  0.5196E+03 -0.1326E-03
   0.0
  -5.551E-17
   0.0
  -5.551E-17
   8.327E-17
   0.0
   1.305E-16
   -4.723E-17
   -8.327E-17
   1.982226619234037E-16
   0.0
   9.344305895392481E-17
   -0.5155    0.6059    0.6059
   0.8569    0.3645    0.3645
   -1.256E-16    0.7071    -0.7071
 Node:         37
  0.1132E+03  0.1210E+03  0.4959E+03 -0.1326E-03
  -2.22E-16
   1.388E-16
  -2.22E-16
  -8.327E-17
   1.804E-16
  -2.776E-16
   -4.482E-17
   -1.622E-16
   -5.146E-16
   4.2347200190803645E-16
   -2.4054E-16
   1.9962661612787678E-16
   0.3971    0.7887    0.4693
   -0.7874    0.0301    0.6157
   0.4715    -0.614    0.633
 Node:         38
  0.1111E+03  0.1204E+03  0.5085E+03 -0.1326E-03
  -1.665E-16
   9.714E-17
   0.0
  -2.776E-17
  -8.327E-17
  -2.22E-16
   7.071E-17
   -2.091E-16
   -2.502E-16
   3.0246162913665597E-16
   -1.2953E-16
   1.4258177934084005E-16
   -0.3916    -0.8746    0.2859
   0.9154    -0.3389    0.217
   0.09287    -0.3467    -0.9334
 Node:         39
  0.1119E+03  0.1201E+03  0.5207E+03 -0.1326E-03
  -5.551E-17
  -9.714E-17
  -3.331E-16
  -8.327E-17
  -7.633E-17
  -1.11E-16
   8.934E-18
   -1.105E-16
   -3.981E-16
   3.6239130612640252E-16
   -1.6655533333333335E-16
   1.7083290000335286E-16
   0.851    -0.1281    -0.5092
   0.4076    -0.4503    0.7944
   -0.3311    -0.8836    -0.331
 Node:         40
  0.1191E+03  0.1220E+03  0.4937E+03 -0.1326E-03
   0.0
   8.327E-17
  -2.22E-16
   8.327E-17
  -1.388E-17
  -2.22E-16
   4.872E-17
   -2.082E-16
   -2.846E-16
   3.0244591979393603E-16
   -1.4802666666666666E-16
   1.4257437388566321E-16
   -0.924    -0.2703    -0.2703
   0.0    -0.7071    0.7071
   0.3823    -0.6534    -0.6534
 Node:         41
  0.1182E+03  0.1217E+03  0.5073E+03 -0.1326E-03
   0.0
  -2.776E-17
  -5.551E-17
   5.551E-17
   9.714E-17
   1.11E-16
   1.653E-16
   1.073E-17
   -1.206E-16
   2.478691830381502E-16
   1.8476666666666666E-17
   1.168466534489637E-16
   0.2406    0.3653    0.8993
   -0.8901    0.4526    0.05428
   -0.3871    -0.8135    0.434
 Node:         42
  0.1187E+03  0.1212E+03  0.5204E+03 -0.1326E-03
   0.0
  -5.551E-17
  -1.11E-16
   0.0
   5.551E-17
   1.11E-16
   1.256E-16
   1.887E-17
   -1.444E-16
   2.3552960089975954E-16
   2.3333333333339628E-20
   1.1102971864425409E-16
   0.1113    -0.2517    -0.9614
   0.9295    -0.3159    0.1903
   -0.3516    -0.9148    0.1988
 Node:         43
  0.1258E+03  0.1217E+03  0.4915E+03 -0.1326E-03
   2.22E-16
   1.11E-16
   1.11E-16
  -1.388E-17
   0.0
  -5.551E-17
   2.911E-16
   4.294E-17
   -5.645E-17
   3.1004254562882173E-16
   9.253E-17
   1.4615545764698628E-16
   -0.8507    -0.5246    0.03406
   -0.5213    0.8502    0.07348
   0.06751    -0.04475    0.9967
 Node:         44
  0.1259E+03  0.1220E+03  0.5059E+03 -0.1326E-03
  -2.22E-16
   1.388E-16
  -2.22E-16
   9.714E-17
   1.11E-16
  -1.11E-16
   5.081E-17
   -2.445E-16
   -3.614E-16
   3.679610646522265E-16
   -1.8503E-16
   1.7345850935214064E-16
   -0.5113    -0.534    -0.6733
   -0.5198    -0.4318    0.7372
   -0.6844    0.7269    -0.05679
 Node:         45
  0.1261E+03  0.1221E+03  0.5198E+03 -0.1326E-03
  -5.551E-17
  -8.327E-17
  -2.776E-16
   2.776E-17
  -6.939E-18
   1.11E-16
   1.167E-16
   -3.339E-17
   -3.053E-16
   3.7050374910383835E-16
   -7.399666666666666E-17
   1.7465714229757554E-16
   0.1854    -0.05643    0.981
   0.9302    -0.3117    -0.1938
   -0.3167    -0.9485    0.005308
 Node:         46
  0.1117E+03  0.1296E+03  0.4959E+03  0.0000E+00
  -5.551E-17
   2.776E-17
  -1.665E-16
   6.939E-18
  -2.602E-17
   0.0
   4.101E-18
   -4.897E-17
   -1.772E-16
   1.6144583695778595E-16
   -7.402300000000001E-17
   7.610629740479211E-17
   0.04856    -0.1429    0.9886
   0.9724    0.2327    -0.01414
   -0.228    0.962    0.1502
 Node:         47
  0.1107E+03  0.1269E+03  0.5087E+03  0.0000E+00
  -1.665E-16
  -3.123E-17
   1.11E-16
  -2.776E-17
   3.99E-17
   0.0
   1.289E-16
   -1.114E-17
   -1.732E-16
   2.6185783853075704E-16
   -1.8479999999999997E-17
   1.2344096888796688E-16
   -0.1292    0.939    0.3186
   -0.1008    -0.3321    0.9379
   -0.9865    -0.08906    -0.1376
 Node:         48
  0.1125E+03  0.1242E+03  0.5208E+03  0.0000E+00
   1.11E-16
   3.469E-18
   1.11E-16
   0.0
  -1.735E-18
   1.11E-16
   1.149E-16
   1.11E-16
   1.071E-16
   6.75499814951862E-18
   1.1099999999999999E-16
   3.1843366656181307E-18
   -0.6325    -0.7071    0.3162
   0.4472    -4.455E-15    0.8944
   -0.6325    0.7071    0.3162
 Node:         49
  0.1186E+03  0.1311E+03  0.4938E+03  0.0000E+00
  -1.665E-16
  -2.082E-17
   0.0
  -4.163E-17
  -6.072E-18
  -5.551E-17
   2.581E-18
   -4.165E-17
   -1.83E-16
   1.6789358448433935E-16
   -7.402300000000001E-17
   7.914579473772858E-17
   0.1174    -0.9929    0.01965
   -0.3135    -0.01827    0.9494
   -0.9423    -0.1176    -0.3134
 Node:         50
  0.1180E+03  0.1298E+03  0.5075E+03  0.0000E+00
   0.0
  -1.301E-17
   3.331E-16
  -4.163E-17
   1.247E-17
   2.22E-16
   3.354E-16
   2.276E-16
   -7.879E-18
   3.040655120874448E-16
   1.8504033333333332E-16
   1.4333785701466156E-16
   0.05441    -0.9902    -0.1289
   -0.1707    -0.1364    0.9758
   0.9838    0.03109    0.1765
 Node:         51
  0.1192E+03  0.1275E+03  0.5206E+03  0.0000E+00
   0.0
  -3.469E-18
  -5.551E-17
   0.0
   1.475E-17
   1.11E-16
   1.123E-16
   2.087E-19
   -5.702E-17
   1.491791641607165E-16
   1.849623333333333E-17
   7.03237323931892E-17
   -0.002705    0.08758    0.9962
   0.9982    -0.06004    0.007989
   -0.06051    -0.9943    0.08725
 Node:         52
  0.1262E+03  0.1305E+03  0.4920E+03  0.0000E+00
   1.11E-16
  -1.388E-17
   1.11E-16
   1.301E-18
   4.906E-18
   0.0
   1.25E-16
   9.734E-17
   -2.497E-19
   1.1396559238686912E-16
   7.403009999999999E-17
   5.372389546579809E-17
   -0.7047    0.7092    0.02051
   0.7093    0.7034    0.04493
   -0.01744    -0.04621    0.9988
 Node:         53
  0.1258E+03  0.1304E+03  0.5063E+03  0.0000E+00
  -1.665E-16
  -1.735E-18
  -1.11E-16
   2.776E-17
   3.383E-17
  -2.22E-16
   -1.01E-16
   -1.572E-16
   -2.414E-16
   1.2239330047024632E-16
   -1.6653333333333332E-16
   5.769675515620921E-17
   0.09684    0.9526    0.2883
   -0.9346    0.1866    -0.3027
   -0.3422    -0.2402    0.9084
 Node:         54
  0.1265E+03  0.1288E+03  0.5200E+03  0.0000E+00
  -2.22E-16
   2.082E-17
   1.11E-16
   0.0
  -4.337E-18
   1.11E-16
   1.16E-16
   1.073E-16
   -2.233E-16
   3.350347295430729E-16
   0.0
   1.5793688612860518E-16
   -0.04656    -0.7562    0.6527
   -0.04117    -0.6514    -0.7576
   -0.9981    0.06215    8.061E-4
 Node:         55
  0.1381E+03  0.1167E+03  0.4530E+03  0.2473E-02
   0.001321
  -0.002478
   0.002263
  -6.613E-4
   0.003659
  -0.006482
   0.005253
   -3.34E-4
   -0.007817
   0.011358581733649672
   -9.659999999999998E-4
   0.005354486779016889
   -0.5452    0.7911    0.2774
   0.8379    0.5039    0.2097
   -0.02616    -0.3468    0.9376
 Node:         56
  0.1314E+03  0.1156E+03  0.4685E+03  0.2473E-02
   0.003102
  -0.002715
   0.00177
  -0.00181
   0.001793
  -0.003351
   0.005923
   -3.387E-4
   -0.004063
   0.008740694863110141
   5.071000000000002E-4
   0.004120403073325068
   0.7513    -0.605    -0.2636
   0.6405    0.7648    0.07035
   0.159    -0.2217    0.9621
 Node:         57
  0.1285E+03  0.1140E+03  0.4823E+03  0.2473E-02
   0.00113
  -9.104E-4
   7.167E-4
  -5.309E-4
   3.751E-4
  -6.358E-5
   0.002055
   -5.194E-6
   -2.675E-4
   0.0022030898762047816
   5.94102E-4
   0.0010385465273518883
   -0.7505    0.5924    0.2929
   0.5817    0.8025    -0.1328
   0.3137    -0.07072    0.9469
 Node:         58
  0.1479E+03  0.1173E+03  0.4537E+03  0.2473E-02
   8.137E-4
  -0.003035
   0.004784
  -5.271E-4
   0.002552
  -0.01368
   0.006732
   -7.869E-4
   -0.01402
   0.018197448953356073
   -0.0026916333333333333
   0.00857835970347608
   -0.4615    0.8787    0.1218
   0.8871    0.4583    0.05448
   0.007961    -0.1332    0.9911
 Node:         59
  0.1416E+03  0.1164E+03  0.4694E+03  0.2473E-02
   0.005484
  -0.00474
   0.004104
  -0.004301
   0.003678
  -0.003842
   0.01165
   4.023E-6
   -0.005909
   0.015474351396473102
   0.001915007666666667
   0.007294679204606434
   -0.711    0.6138    0.3431
   0.6522    0.758    -0.004463
   0.2628    -0.2206    0.9393
 Node:         60
  0.1375E+03  0.1149E+03  0.4832E+03  0.2473E-02
   0.002631
  -0.002173
   0.00173
  -0.001991
   0.001385
   7.059E-4
   0.005597
   1.303E-5
   -5.435E-4
   0.005882014402047993
   0.0016888433333333336
   0.0027728081804833803
   -0.7041    0.5545    0.4436
   0.4842    0.8318    -0.2713
   -0.5194    0.02382    -0.8542
 Node:         61
  0.1550E+03  0.1214E+03  0.4543E+03  0.2473E-02
   0.005125
  -0.002775
  -0.001023
   9.429E-4
  -0.002095
  -0.008093
   0.006381
   -0.001702
   -0.00867
   0.013046465306741133
   -0.0013303333333333333
   0.006150162725941124
   0.9191    -0.377    0.1145
   0.3937    0.8891    -0.2334
   -0.01377    0.2596    0.9656
 Node:         62
  0.1489E+03  0.1198E+03  0.4703E+03  0.2473E-02
   0.009009
  -0.007984
   0.003311
  -0.004484
   0.002596
   0.002185
   0.0165
   3.942E-4
   -0.002388
   0.017662021040639717
   0.004835400000000001
   0.008325956564863884
   -0.7736    0.5351    0.3394
   0.1839    -0.323    0.9284
   0.6064    0.7806    0.1515
 Node:         63
  0.1436E+03  0.1181E+03  0.4839E+03  0.2473E-02
   0.002538
  -0.003748
   0.00403
  -0.001662
   0.002396
   0.001351
   0.00832
   2.022E-4
   -6.024E-4
   0.008548546068191946
   0.0026399333333333333
   0.004029823262736082
   -0.5774    0.7198    0.3853
   -0.4537    0.1095    -0.8844
   -0.6788    -0.6855    0.2633
 Node:         64
  0.1412E+03  0.1253E+03  0.4529E+03  0.2473E-02
  -0.006208
  -0.002765
   0.007254
  -4.401E-4
   4.391E-4
  -0.005158
   0.007821
   -0.005106
   -0.006827
   0.013867823801880381
   -0.0013706666666666667
   0.006537354833739884
   -0.1945    0.9801    0.03975
   -0.1942    -0.07819    0.9778
   0.9615    0.1824    0.2055
 Node:         65
  0.1339E+03  0.1229E+03  0.4685E+03  0.2473E-02
   6.043E-4
  -0.004795
   0.005075
  -0.001473
   5.749E-4
  -0.003209
   0.008273
   -0.001871
   -0.003932
   0.011316149565996378
   8.233333333333336E-4
   0.005334484063358164
   0.5421    -0.8329    -0.1112
   0.6786    0.512    -0.5267
   0.4956    0.21    0.8428
 Node:         66
  0.1299E+03  0.1214E+03  0.4825E+03  0.2473E-02
   0.001531
  -0.001543
   0.001478
  -5.806E-4
   4.514E-4
  -1.107E-4
   0.003208
   -1.26E-5
   -2.982E-4
   0.0033724820355340666
   9.657333333333334E-4
   0.0015898032778372997
   -0.7004    0.6806    0.2151
   0.6169    0.7288    -0.2973
   0.3591    0.07554    0.9302
 Node:         67
  0.1497E+03  0.1240E+03  0.4536E+03  0.2473E-02
  -0.003897
  -0.002893
   0.006596
  -3.691E-4
   7.779E-4
  -0.01239
   0.007377
   -0.004638
   -0.01243
   0.017282834518677775
   -0.0032303333333333333
   0.008147206324187996
   -0.2497    0.9674    0.04273
   0.9678    0.2507    -0.02093
   0.03096    -0.03613    0.9989
 Node:         68
  0.1430E+03  0.1222E+03  0.4694E+03  0.2473E-02
   0.005449
  -0.005943
   0.00595
  -0.003873
   0.001741
  -0.006583
   0.01247
   6.774E-5
   -0.007722
   0.017638210883975734
   0.0016052466666666668
   0.00831473234937174
   -0.6957    0.6887    0.2043
   0.6605    0.7251    -0.1949
   0.2824    5.911E-4    0.9593
 Node:         69
  0.1379E+03  0.1205E+03  0.4831E+03  0.2473E-02
   0.003225
  -0.002416
   0.001952
  -0.00173
   0.001082
   1.497E-5
   0.005801
   1.32E-4
   -7.401E-4
   0.006151589575873865
   0.0017309666666666668
   0.002899887136117925
   -0.7543    0.5667    0.3315
   0.5292    0.8236    -0.204
   0.3887    -0.02151    0.9211
 Node:         70
  0.1552E+03  0.1235E+03  0.4543E+03  0.2473E-02
  -0.001484
  -0.003737
   0.003198
  -0.002473
   0.001838
  -0.01499
   0.005651
   -0.003422
   -0.0155
   0.01837882224191746
   -0.004423666666666667
   0.008663859891654656
   -0.4962    0.8575    0.1358
   0.854    0.5102    -0.1016
   0.1564    -0.0656    0.9855
 Node:         71
  0.1491E+03  0.1218E+03  0.4702E+03  0.2473E-02
   0.009586
  -0.005643
   0.004359
  -0.007541
   0.0033
  -0.005105
   0.0163
   8.967E-4
   -0.008354
   0.02157147210298824
   0.0029475666666666663
   0.01016888946946628
   -0.8027    0.478    0.3566
   0.4715    0.8748    -0.1114
   0.3652    -0.07869    0.9276
 Node:         72
  0.1435E+03  0.1199E+03  0.4838E+03  0.2473E-02
   0.00509
  -0.002673
   0.001593
  -0.003072
   0.001458
   6.08E-4
   0.00808
   1.708E-4
   -9.595E-4
   0.008530697010795778
   0.0024304333333333337
   0.0040214091363876695
   -0.8051    0.4248    0.4139
   0.4101    0.9029    -0.129
   -0.4285    0.06589    -0.9011
 Node:         73
  0.1442E+03  0.1339E+03  0.4529E+03  0.0000E+00
   0.006096
  -1.685E-4
  -0.005675
  -0.001049
   7.401E-4
   0.001538
   0.006334
   0.001375
   -0.00575
   0.010520940119590075
   6.530000000000003E-4
   0.004959618735346499
   -0.9757    0.02709    0.2175
   0.2192    0.09669    0.9709
   -0.005271    -0.9949    0.1003
 Node:         74
  0.1365E+03  0.1303E+03  0.4685E+03  0.0000E+00
   0.01096
   0.003362
  -0.001192
   8.807E-4
   0.001258
   0.003258
   0.01198
   0.003285
   -0.002244
   0.012419642547191122
   0.004340333333333333
   0.005854675643354539
   -0.9571    -0.257    -0.1337
   -0.1744    0.1428    0.9743
   -0.2313    0.9558    -0.1815
 Node:         75
  0.1313E+03  0.1288E+03  0.4826E+03  0.0000E+00
   0.00489
   0.001396
   2.241E-4
   3.465E-4
   1.79E-4
   4.091E-4
   0.005305
   3.91E-4
   -1.732E-4
   0.005219022555996477
   0.0018409333333333333
   0.0024602708270071044
   -0.9607    -0.2666    -0.07775
   -0.1125    0.1176    0.9867
   -0.2539    0.9566    -0.143
 Node:         76
  0.1514E+03  0.1307E+03  0.4536E+03  0.0000E+00
   0.004754
  -8.151E-4
  -0.006007
  -0.001312
   3.619E-4
   3.46E-4
   0.005185
   -1.197E-5
   -0.006079
   0.009764605629563336
   -3.0199E-4
   0.004603079237517714
   -0.9607    0.07858    0.2663
   0.2687    0.0216    0.963
   -0.06992    -0.9967    0.04187
 Node:         77
  0.1444E+03  0.1280E+03  0.4693E+03  0.0000E+00
   0.01335
   0.003386
  -0.001446
   9.853E-4
   8.882E-4
   0.001671
   0.0142
   0.001676
   -0.002296
   0.014912165771610775
   0.0045266666666666676
   0.0070296623595226026
   -0.9722    -0.2156    -0.09175
   -0.1246    0.1441    0.9817
   -0.1985    0.9658    -0.167
 Node:         78
  0.1384E+03  0.1261E+03  0.4830E+03  0.0000E+00
   0.005891
   0.001886
   2.92E-4
   5.408E-4
   2.682E-4
   2.792E-4
   0.006524
   2.407E-4
   -3.027E-4
   0.006571870941368219
   0.002154
   0.0030980096718161917
   -0.9516    -0.2922    -0.09496
   -0.1431    0.1482    0.9785
   -0.2718    0.9448    -0.1828
 Node:         79
  0.1555E+03  0.1255E+03  0.4542E+03  0.0000E+00
   0.002622
  -3.125E-4
  -0.01407
  -0.003077
   2.928E-4
  -0.00432
   0.003799
   -0.005485
   -0.01408
   0.015487500153349475
   -0.005255333333333334
   0.007300877588040738
   0.9346    -0.02217    -0.3551
   0.3555    0.01894    0.9345
   -0.01399    -0.9996    0.02559
 Node:         80
  0.1493E+03  0.1237E+03  0.4702E+03  0.0000E+00
   0.01574
   0.001641
  -0.008788
   0.002163
   9.877E-4
  -0.001531
   0.01613
   -0.001714
   -0.008995
   0.02239070032401845
   0.0018069999999999996
   0.010555077356419515
   -0.9897    -0.07014    -0.1252
   -0.1322    0.1069    0.9854
   0.05573    -0.9918    0.1151
 Node:         81
  0.1433E+03  0.1217E+03  0.4837E+03  0.0000E+00
   0.006911
   0.001537
  -7.381E-4
   0.002081
   6.079E-4
   5.039E-4
   0.007844
   -9.135E-5
   -0.001075
   0.008470121248984573
   0.0022258833333333333
   0.003992853448419508
   -0.9406    -0.1885    -0.2823
   -0.3108    0.1443    0.9394
   0.1363    -0.9714    0.1943
 Node:         82
  0.1267E+03  0.1148E+03  0.4560E+03  0.3397E-02
   0.003377
  -0.002644
  -8.154E-4
  -8.537E-4
   1.247E-4
  -0.00147
   0.004764
   -0.001472
   -0.0022
   0.006630044343743109
   3.639999999999999E-4
   0.003125432876685511
   -0.8947    0.4269    0.1311
   -0.05552    -0.3975    0.9159
   0.4431    0.8122    0.3794
 Node:         83
  0.1234E+03  0.1129E+03  0.4718E+03  0.3397E-02
   7.75E-4
  -0.001913
  -8.307E-4
  -0.001449
   3.144E-4
   2.803E-4
   0.002816
   -3.487E-4
   -0.002243
   0.004427029454385864
   7.476666666666658E-5
   0.0020869216984725505
   -0.7559    0.4385    0.4861
   0.2589    -0.4818    0.8372
   0.6013    0.7587    0.2507
 Node:         84
  0.1187E+03  0.1123E+03  0.4849E+03  0.3397E-02
   5.616E-5
  -1.672E-4
  -8.686E-5
  -3.591E-4
   1.883E-5
   4.797E-4
   6.977E-4
   1.265E-5
   -2.614E-4
   8.556487933141728E-4
   1.4965E-4
   4.033567093776921E-4
   -0.5097    0.129    0.8506
   0.4995    -0.7606    0.4147
   0.7005    0.6362    0.3233
 Node:         85
  0.1302E+03  0.1161E+03  0.4548E+03  0.3397E-02
   0.003709
  -0.00296
  -6.082E-4
  -7.922E-4
   9.438E-5
  -0.002605
   0.005285
   -0.002002
   -0.002787
   0.007709532346387814
   1.653333333333333E-4
   0.0036343084012719056
   -0.889    0.4481    0.09462
   0.3853    0.8434    -0.3744
   0.2476    0.2964    0.9224
 Node:         86
  0.1252E+03  0.1138E+03  0.4701E+03  0.3397E-02
  -0.002432
  -0.001803
   0.004766
  -0.003369
   0.001047
  -4.847E-4
   0.005808
   0.001077
   -0.005036
   0.009416566943424763
   6.163333333333333E-4
   0.00443901222746182
   0.3262    -0.8886    -0.3225
   -0.487    -0.4504    0.7483
   0.8102    0.08706    0.5797
 Node:         87
  0.1217E+03  0.1126E+03  0.4833E+03  0.3397E-02
   3.176E-4
  -1.42E-4
  -3.175E-5
  -6.389E-4
   7.581E-5
   6.465E-4
   0.00116
   -2.244E-5
   -2.051E-4
   0.0012835550317769784
   3.1082E-4
   6.05073644663744E-4
   -0.6128    0.1227    0.7807
   0.2355    -0.9147    0.3285
   0.7543    0.3851    0.5316
 Node:         88
  0.1338E+03  0.1169E+03  0.4532E+03  0.3397E-02
   0.001083
  -0.003127
   4.25E-4
  -7.963E-4
   0.001486
  -5.493E-4
   0.00441
   -8.637E-4
   -0.002588
   0.006314947592023231
   3.194333333333332E-4
   0.0029768948434381903
   -0.6897    0.6557    0.3072
   -0.4453    -0.04951    -0.894
   -0.571    -0.7534    0.3261
 Node:         89
  0.1270E+03  0.1150E+03  0.4684E+03  0.3397E-02
   0.002527
  -0.002335
   1.716E-4
  -0.001817
   4.964E-4
   6.206E-5
   0.00468
   -3.754E-4
   -0.001543
   0.005729139897052611
   9.205333333333334E-4
   0.0027007424477148664
   -0.8086    0.4593    0.3676
   0.03455    -0.5867    0.8091
   0.5873    0.667    0.4585
 Node:         90
  0.1248E+03  0.1132E+03  0.4822E+03  0.3397E-02
   7.694E-4
  -6.079E-4
   3.118E-4
  -4.386E-4
   2.35E-4
   1.893E-4
   0.001394
   9.175E-6
   -1.322E-4
   0.001460652869652814
   4.236583333333333E-4
   6.8855836606073E-4
   -0.7685    0.5145    0.3803
   0.06133    -0.5324    0.8442
   0.6369    0.6721    0.3776
 Node:         91
  0.1258E+03  0.1261E+03  0.4549E+03  0.3397E-02
  -0.006263
  -0.004091
   0.00549
  -0.001813
   7.196E-4
  -0.001879
   0.006948
   -0.001668
   -0.007932
   0.012940006800616452
   -8.839999999999999E-4
   0.006099977704877289
   0.3104    -0.9402    -0.1404
   -0.1939    -0.2072    0.9589
   0.9306    0.2704    0.2466
 Node:         92
  0.1209E+03  0.1233E+03  0.4725E+03  0.3397E-02
   7.189E-4
  -0.003078
   2.938E-4
  -0.002512
   3.538E-4
   1.636E-5
   0.004598
   -2.191E-4
   -0.00335
   0.006934612145606991
   3.429666666666666E-4
   0.0032690075153715315
   -0.7154    0.5472    0.4345
   -0.01712    -0.6353    0.772
   0.6985    0.5449    0.4639
 Node:         93
  0.1159E+03  0.1217E+03  0.4877E+03  0.3397E-02
   8.666E-4
   8.349E-7
  -1.815E-4
  -0.001175
  -4.281E-4
   8.069E-4
   0.002053
   2.849E-5
   -5.891E-4
   0.002393820226980297
   4.974633333333333E-4
   0.0011284576769595256
   -0.6973    -0.1351    0.7039
   0.5266    -0.7628    0.3752
   -0.4863    -0.6323    -0.6031
 Node:         94
  0.1312E+03  0.1263E+03  0.4540E+03  0.3397E-02
  -0.007929
  -0.004072
   0.006482
  -0.001463
   2.103E-4
  -0.002728
   0.007586
   -0.002477
   -0.009284
   0.014700274113090545
   -0.001391666666666667
   0.006929775673778257
   -0.2584    0.9644    0.05632
   -0.183    -0.1061    0.9774
   -0.9485    -0.2423    -0.2039
 Node:         95
  0.1249E+03  0.1235E+03  0.4706E+03  0.3397E-02
   0.002058
  -0.002823
   0.002251
  -0.002914
   3.903E-4
  -0.002531
   0.005672
   1.967E-4
   -0.00409
   0.008475002978760538
   5.929E-4
   0.003995154717905178
   -0.7226    0.6291    0.2867
   0.4952    0.7603    -0.4204
   0.4824    0.1618    0.8609
 Node:         96
  0.1205E+03  0.1222E+03  0.4852E+03  0.3397E-02
   0.001685
  -1.971E-4
   9.101E-5
  -0.001392
  -1.171E-5
   1.906E-4
   0.002529
   9.676E-5
   -6.588E-4
   0.0028851976683756005
   6.556533333333334E-4
   0.0013600952242480019
   -0.8575    0.06686    0.5102
   0.0192    -0.9867    0.1616
   0.5142    0.1483    0.8447
 Node:         97
  0.1367E+03  0.1260E+03  0.4530E+03  0.3397E-02
  -0.006877
  -0.003379
   0.006886
  -0.001608
   3.401E-4
  -0.003934
   0.007712
   -0.003451
   -0.008187
   0.014138961524807966
   -0.0013086666666666665
   0.006665170382084935
   -0.2315    0.971    0.06032
   -0.3109    -0.1326    0.9411
   -0.9218    -0.1991    -0.3326
 Node:         98
  0.1295E+03  0.1233E+03  0.4686E+03  0.3397E-02
   7.84E-4
  -0.004416
   0.003848
  -0.002299
   2.747E-4
  -0.002771
   0.00724
   -9.654E-4
   -0.004414
   0.010369116334577407
   6.201999999999999E-4
   0.0048880483167279215
   0.5952    -0.7878    -0.1583
   -0.5567    -0.5464    0.6257
   0.5794    0.2843    0.7638
 Node:         99
  0.1260E+03  0.1218E+03  0.4827E+03  0.3397E-02
   0.001446
  -0.001204
   8.893E-4
  -7.54E-4
   3.536E-4
  -2.885E-5
   0.002649
   3.929E-5
   -3.823E-4
   0.0028440379834137235
   7.686633333333333E-4
   0.0013406923626826384
   -0.7615    0.5792    0.2908
   0.4078    0.777    -0.4796
   -0.5038    -0.2467    -0.8279
 Node:        100
  0.1250E+03  0.1373E+03  0.4537E+03  0.0000E+00
   0.007178
   7.293E-4
  -0.002104
  -0.001072
  -5.099E-4
   0.003012
   0.00751
   0.002773
   -0.002196
   0.008406442945741081
   0.002695666666666667
   0.003962835208394223
   -0.9669    -0.0861    0.2403
   -0.2461    0.06432    -0.9671
   -0.06781    0.9942    0.08337
 Node:        101
  0.1187E+03  0.1337E+03  0.4718E+03  0.0000E+00
   0.006481
   0.001721
   4.95E-4
   0.001167
   8.63E-4
   0.004802
   0.007601
   0.004204
   -2.654E-5
   0.0066187779892968165
   0.003926153333333333
   0.003120121866266694
   -0.8596    -0.2615    -0.4391
   0.4541    0.003381    -0.8909
   -0.2344    0.9652    -0.1158
 Node:        102
  0.1139E+03  0.1312E+03  0.4875E+03  0.0000E+00
   0.002093
   0.001268
   8.496E-4
   0.00106
   7.892E-4
   9.073E-4
   0.003542
   2.903E-4
   1.72E-5
   0.00339649462976169
   0.0012831666666666666
   0.0016011229233121222
   -0.7514    -0.485    -0.4474
   0.5592    -0.1082    -0.8219
   -0.3502    0.8678    -0.3525
 Node:        103
  0.1323E+03  0.1364E+03  0.4531E+03  0.0000E+00
   0.007144
   3.72E-4
  -0.004297
  -0.001258
  -5.791E-4
   0.003121
   0.007528
   0.002788
   -0.004348
   0.010354454886665932
   0.0019893333333333334
   0.00488113684390111
   -0.9591    -0.04386    0.2796
   -0.282    0.06344    -0.9573
   -0.02425    0.997    0.07322
 Node:        104
  0.1250E+03  0.1330E+03  0.4702E+03  0.0000E+00
   0.00791
   0.002132
  -0.00138
   0.001227
   0.00107
   0.00525
   0.008937
   0.004777
   -0.001934
   0.009500572666950135
   0.003926666666666667
   0.004478612905304003
   -0.9032    -0.2246    -0.3658
   -0.3813    0.02858    0.924
   -0.197    0.974    -0.1114
 Node:        105
  0.1200E+03  0.1317E+03  0.4854E+03  0.0000E+00
   0.003065
   0.001325
   4.621E-4
   0.001149
   7.318E-4
   8.644E-4
   0.004168
   4.086E-4
   -1.859E-4
   0.004089190862505687
   0.0014635666666666667
   0.0019276630589625586
   -0.8457    -0.377    -0.3776
   -0.4782    0.2215    0.8499
   0.2367    -0.8993    0.3676
 Node:        106
  0.1397E+03  0.1350E+03  0.4527E+03  0.0000E+00
   0.006568
   8.956E-5
  -0.007044
  -0.001195
  -2.13E-4
   0.00261
   0.006903
   0.002281
   -0.007049
   0.012309957107967517
   7.116666666666672E-4
   0.005802969431439581
   0.9632    0.01029    -0.2687
   -0.2688    0.01941    -0.963
   -0.004692    0.9998    0.02146
 Node:        107
  0.1321E+03  0.1315E+03  0.4687E+03  0.0000E+00
   0.009985
   0.002922
  -0.002506
   0.001145
   9.492E-4
   0.004262
   0.0109
   0.004059
   -0.003218
   0.012228489972191987
   0.003913666666666667
   0.0057645654553391
   -0.955    -0.2221    -0.1965
   -0.2117    0.04691    0.9762
   -0.2076    0.9739    -0.09182
 Node:        108
  0.1273E+03  0.1303E+03  0.4831E+03  0.0000E+00
   0.004255
   0.001336
   2.186E-4
   6.469E-4
   3.125E-4
   5.097E-4
   0.004775
   4.125E-4
   -2.043E-4
   0.004701344327955569
   0.0016610666666666664
   0.0022162349699935296
   -0.9435    -0.2879    -0.1642
   0.2081    -0.129    -0.9696
   -0.2579    0.9489    -0.1817
 Node:        109
  0.1018E+03  0.1092E+03  0.4946E+03 -0.2939E-04
   0.0
   1.388E-16
   1.11E-16
   5.551E-17
  -1.388E-17
   0.0
   2.069E-16
   2.266E-17
   -1.186E-16
   2.827092280064448E-16
   3.698666666666666E-17
   1.3327040815158061E-16
   -0.5724    -0.814    -0.09897
   0.2904    -0.3141    0.9039
   0.7668    -0.4887    -0.4162
 Node:        110
  0.1058E+03  0.1118E+03  0.5081E+03 -0.2939E-04
   0.0
   2.776E-17
   0.0
  -1.388E-17
  -5.204E-17
   2.22E-16
   2.353E-16
   1.788E-17
   -3.112E-17
   2.456135916434593E-16
   7.402E-17
   1.157833574684491E-16
   -0.08376    -0.2246    0.9708
   0.7726    0.6007    0.2056
   0.6293    -0.7673    -0.1232
 Node:        111
  0.1108E+03  0.1137E+03  0.5210E+03 -0.2939E-04
   0.0
   5.551E-17
  -1.11E-16
  -2.776E-17
