 Group name: gastroc_Strain
 #Fields=  16
 1) coordinates, coordinate, rectangular cartesian, #Components=3
   x.  Value index= 1, #Derivatives=0
   y.  Value index= 2, #Derivatives=0
   z.  Value index= 3, #Derivatives=0
 2) Tensor_1, field, rectangular cartesian, #Components=1
   Tensor_1.  Value index= 4, #Derivatives=0
 3) Tensor_2, field, rectangular cartesian, #Components=1
   Tensor_2.  Value index= 5, #Derivatives=0
 4) Tensor_3, field, rectangular cartesian, #Components=1
   Tensor_3.  Value index= 6, #Derivatives=0
 5) Tensor_4, field, rectangular cartesian, #Components=1
   Tensor_4.  Value index= 7, #Derivatives=0
 6) Tensor_5, field, rectangular cartesian, #Components=1
   Tensor_5.  Value index= 8, #Derivatives=0
 7) Tensor_6, field, rectangular cartesian, #Components=1
   Tensor_6.  Value index= 9, #Derivatives=0
 8) Principal_1, field, rectangular cartesian, #Components=1
   Principal_1.  Value index= 10, #Derivatives=0
 9) Principal_2, field, rectangular cartesian, #Components=1
   Principal_2.  Value index= 11, #Derivatives=0
 10) Principal_3, field, rectangular cartesian, #Components=1
   Principal_3.  Value index= 12, #Derivatives=0
 11) VonMises, field, rectangular cartesian, #Components=1
   VonMises.  Value index= 13, #Derivatives=0
 12) Hydrostatic, field, rectangular cartesian, #Components=1
   VonMises.  Value index= 14, #Derivatives=0
 13) Octahedral, field, rectangular cartesian, #Components=1
   VonMises.  Value index= 15, #Derivatives=0
 14) PrincipalVector1, field, rectangular cartesian, #Components=3
   x.  Value index= 16, #Derivatives=0
   y.  Value index= 17, #Derivatives=0
   z.  Value index= 18, #Derivatives=0
 15) PrincipalVector2, field, rectangular cartesian, #Components=3
   x.  Value index= 19, #Derivatives=0
   y.  Value index= 20, #Derivatives=0
   z.  Value index= 21, #Derivatives=0
 16) PrincipalVector3, field, rectangular cartesian, #Components=3
   x.  Value index= 22, #Derivatives=0
   y.  Value index= 23, #Derivatives=0
   z.  Value index= 24, #Derivatives=0
 Node:          1
  0.1287E+03  0.1133E+03  0.4908E+03 -0.1386E-08
  -1.11E-16
  -8.327E-17
  -2.22E-16
  -2.776E-17
  -4.163E-17
  -3.331E-16
   -6.637E-17
   -2.4E-16
   -3.598E-16
   2.5553921597281306E-16
   -2.2205666666666663E-16
   1.204623416489799E-16
   0.8837    -0.4676    -0.01897
   0.4046    0.7837    -0.4712
   0.2352    0.4088    0.8818
 Node:          2
  0.1292E+03  0.1137E+03  0.5052E+03 -0.1386E-08
  -5.551E-17
  -1.11E-16
  -1.665E-16
  -5.551E-17
   1.943E-16
  -2.776E-16
   8.603E-17
   -1.6E-16
   -4.256E-16
   4.4319260925696854E-16
   -1.6652333333333334E-16
   2.089229995849082E-16
   -0.6554    0.6199    0.4313
   0.7522    0.4849    0.4462
   -0.06744    -0.6169    0.7841
 Node:          3
  0.1289E+03  0.1155E+03  0.5194E+03 -0.1386E-08
   2.22E-16
   1.388E-16
   3.331E-16
   1.11E-16
   5.551E-17
   2.22E-16
   4.753E-16
   2.118E-16
   9.006E-17
   3.4107384479024473E-16
   2.590533333333333E-16
   1.6078375235770005E-16
   -0.5696    -0.7144    -0.4063
   0.2395    -0.6172    0.7494
   -0.7862    0.3296    0.5227
 Node:          4
  0.1361E+03  0.1141E+03  0.4915E+03 -0.1386E-08
   0.0
  -2.776E-17
  -1.11E-16
  -2.776E-17
  -8.327E-17
   2.22E-16
   2.435E-16
   6.328E-18
   -1.388E-16
   3.3426485304919515E-16
   3.700933333333334E-17
   1.5757396286894045E-16
   -0.08549    -0.2215    0.9714
   0.9681    -0.2491    0.0284
   0.2357    0.9428    0.2357
 Node:          5
  0.1341E+03  0.1144E+03  0.5054E+03 -0.1386E-08
   3.331E-16
   1.388E-16
   3.331E-16
   5.551E-17
  -6.939E-17
   4.441E-16
   4.814E-16
   4.627E-16
   1.662E-16
   3.062784517395894E-16
   3.7010000000000004E-16
   1.4438104677092028E-16
   -0.348    -0.6443    0.681
   -0.6589    -0.3487    -0.6665
   0.6669    -0.6807    -0.3032
 Node:          6
  0.1323E+03  0.1162E+03  0.5191E+03 -0.1386E-08
   2.22E-16
   5.551E-17
   2.22E-16
  -5.551E-17
  -2.776E-17
   0.0
   2.897E-16
   1.685E-16
   -1.402E-17
   2.648101478418076E-16
   1.4806E-16
   1.2483270084396958E-16
   -0.715    -0.6696    0.2012
   0.6656    -0.7399    -0.09741
   -0.2141    -0.06426    -0.9747
 Node:          7
  0.1408E+03  0.1171E+03  0.4920E+03 -0.1386E-08
   3.331E-16
   2.22E-16
   2.22E-16
  -8.327E-17
  -1.11E-16
   0.0
   5.398E-16
   6.158E-17
   -4.631E-17
   5.403052621435404E-16
   1.8502333333333335E-16
   2.5470234318164845E-16
   -0.7537    -0.6111    0.2419
   -0.656    0.677    -0.3335
   -0.04004    0.4101    0.9112
 Node:          8
  0.1367E+03  0.1169E+03  0.5055E+03 -0.1386E-08
   2.22E-16
   1.943E-16
   2.22E-16
  -4.025E-16
  -2.359E-16
  -2.22E-16
   6.547E-16
   4.477E-17
   -4.775E-16
   9.814930967154074E-16
   7.399000000000001E-17
   4.626802829168323E-16
   -0.6847    -0.5611    0.4652
   0.5685    -0.8105    -0.1409
   -0.4561    -0.1681    -0.8739
 Node:          9
  0.1339E+03  0.1180E+03  0.5191E+03 -0.1386E-08
   2.22E-16
   1.665E-16
   0.0
  -3.955E-16
  -2.776E-16
   6.661E-16
   1.002E-15
   -9.379E-18
   -1.046E-16
   1.062195387036208E-15
   2.96007E-16
   5.007237074122481E-16
   -0.4817    -0.3073    0.8207
   -0.8565    -0.03292    -0.515
   -0.1853    0.951    0.2474
 Node:         10
  0.1294E+03  0.1212E+03  0.4911E+03 -0.1386E-08
   0.0
   2.776E-17
   1.11E-16
  -1.388E-17
   1.249E-16
   1.11E-16
   2.363E-16
   2.303E-17
   -3.732E-17
   2.48992088026909E-16
   7.400333333333333E-17
   1.173759959370834E-16
   0.0421    0.71    0.703
   -0.7813    -0.4152    0.4661
   -0.6228    0.5688    -0.5372
 Node:         11
  0.1295E+03  0.1214E+03  0.5055E+03 -0.1386E-08
  -2.22E-16
  -2.776E-17
  -2.22E-16
  -4.163E-17
   1.388E-17
  -1.665E-16
   -1.365E-16
   -2.183E-16
   -2.558E-16
   1.0566451627675205E-16
   -2.035333333333333E-16
   4.9810730660058464E-17
   -0.4935    0.2929    0.8189
   0.3541    -0.7924    0.4968
   -0.7944    -0.5351    -0.2873
 Node:         12
  0.1295E+03  0.1217E+03  0.5196E+03 -0.1386E-08
   1.11E-16
   0.0
   1.11E-16
   7.633E-17
   2.776E-17
   2.22E-16
   2.649E-16
   1.11E-16
   6.816E-17
   1.792025435087348E-16
   1.4801999999999999E-16
   8.447688914726913E-17
   -0.4387    -0.1595    -0.8844
   0.3417    -0.9398    -2.255E-17
   0.8311    0.3022    -0.4668
 Node:         13
  0.1361E+03  0.1199E+03  0.4914E+03 -0.1386E-08
   1.11E-16
  -1.388E-16
   0.0
  -9.714E-17
   2.776E-17
  -1.665E-16
   2.285E-16
   -8.52E-17
   -1.988E-16
   3.833392361864358E-16
   -1.849999999999999E-17
   1.807078489348669E-16
   0.8171    -0.5252    -0.2378
   0.4648    0.8442    -0.2671
   0.341    0.1077    0.9339
 Node:         14
  0.1342E+03  0.1198E+03  0.5054E+03 -0.1386E-08
  -5.551E-17
   2.776E-17
   0.0
   5.551E-17
  -9.021E-17
   1.11E-16
   1.672E-16
   -4.94E-18
   -1.068E-16
   2.398787602102362E-16
   1.8486666666666665E-17
   1.130799320048532E-16
   0.1634    -0.4472    0.8794
   -0.6569    -0.7144    -0.2412
   -0.7361    0.5382    0.4105
 Node:         15
  0.1330E+03  0.1205E+03  0.5193E+03 -0.1386E-08
   2.22E-16
  -8.327E-17
  -5.551E-17
   1.388E-17
   4.857E-17
   0.0
   2.451E-16
   2.471E-17
   -1.033E-16
   3.0523832672192397E-16
   5.550333333333333E-17
   1.438907271354049E-16
   -0.9638    0.2667    -0.001723
   0.1157    0.4239    0.8983
   0.2403    0.8656    -0.4394
 Node:         16
  0.1404E+03  0.1188E+03  0.4918E+03 -0.1386E-08
   2.22E-16
   5.551E-17
   2.22E-16
  -8.327E-17
  -1.457E-16
   4.441E-16
   5.466E-16
   1.95E-16
   1.465E-16
   3.7818964819254375E-16
   2.9603333333333337E-16
   1.7828030987433498E-16
   -0.2927    -0.4328    0.8526
   -0.9222    -0.1077    -0.3713
   -0.2526    0.895    0.3676
 Node:         17
  0.1365E+03  0.1184E+03  0.5055E+03 -0.1386E-08
  -1.11E-16
   2.776E-17
  -1.11E-16
   9.714E-17
   1.7E-16
   0.0
   1.573E-16
   -1.341E-16
   -2.452E-16
   3.600440389730123E-16
   -7.400000000000001E-17
   1.697263876557404E-16
   0.3368    0.5285    0.7792
   0.8927    -0.4425    -0.08566
   -0.2996    -0.7244    0.6209
 Node:         18
  0.1341E+03  0.1191E+03  0.5192E+03 -0.1386E-08
   0.0
   0.0
   0.0
   2.645E-17
   1.065E-16
   4.441E-16
   4.697E-16
   -1.672E-33
   -2.562E-17
   4.830198633596759E-16
   1.4802666666666666E-16
   2.2769774721961763E-16
   -0.05484    -0.2207    -0.9738
   0.9705    -0.2411    -6.21E-17
   -0.2348    -0.9451    0.2274
 Node:         19
  0.1301E+03  0.1291E+03  0.4914E+03  0.0000E+00
   1.11E-16
   0.0
   1.11E-16
   2.101E-19
   1.001E-17
  -2.22E-16
   1.113E-16
   1.11E-16
   -2.223E-16
   3.3345010121455954E-16
   0.0
   1.5718988517077046E-16
   -0.02096    -0.9993    -0.03003
   0.9998    -0.02097    1.345E-19
   6.298E-4    0.03003    -0.9995
 Node:         20
  0.1299E+03  0.1291E+03  0.5058E+03  0.0000E+00
   2.22E-16
   0.0
   0.0
   1.041E-17
   1.924E-17
  -5.551E-17
   2.224E-16
   5.975E-18
   -6.188E-17
   2.5715676157744715E-16
   5.549833333333335E-17
   1.2122485995959007E-16
   -0.9993    -0.003257    -0.03765
   0.01428    -0.9549    -0.2965
   -0.03498    -0.2968    0.9543
 Node:         21
  0.1301E+03  0.1280E+03  0.5197E+03  0.0000E+00
   1.11E-16
   0.0
   0.0
   4.163E-17
   1.475E-17
   1.11E-16
   1.534E-16
   7.089E-17
   -2.22E-18
   1.3485280234388901E-16
   7.402333333333333E-17
   6.357022066624871E-17
   -0.6994    -0.0684    -0.7114
   -0.7126    0.1429    0.6869
   -0.05465    -0.9874    0.1487
 Node:         22
  0.1360E+03  0.1256E+03  0.4913E+03  0.0000E+00
  -2.22E-16
   1.388E-17
  -1.11E-16
  -1.388E-17
   1.006E-16
   1.11E-16
   1.5E-16
   -1.456E-16
   -2.264E-16
   3.432090907886911E-16
   -7.4E-17
   1.617903169743686E-16
   -0.02144    0.3586    0.9332
   0.228    0.9106    -0.3447
   -0.9734    0.2054    -0.1013
 Node:         23
  0.1343E+03  0.1253E+03  0.5054E+03  0.0000E+00
   0.0
   2.082E-17
  -4.441E-16
   0.0
   1.314E-16
  -1.665E-16
   1.265E-18
   -1.147E-16
   -4.972E-16
   4.517861703560657E-16
   -2.0354499999999996E-16
   2.1297404313671653E-16
   0.997    0.06061    0.04746
   0.06644    -0.3661    -0.9282
   0.03888    -0.9286    0.369
 Node:         24
  0.1336E+03  0.1248E+03  0.5194E+03  0.0000E+00
  -2.22E-16
   1.214E-17
   0.0
   1.388E-17
   8.674E-19
  -1.665E-16
   6.779E-19
   -1.633E-16
   -2.259E-16
   2.026635838733984E-16
   -1.2950736666666666E-16
   9.553652963763242E-17
   -0.05504    -0.9984    -0.009747
   0.2257    -0.02195    0.974
   -0.9726    0.05141    0.2265
 Node:         25
  0.1400E+03  0.1206E+03  0.4917E+03  0.0000E+00
   0.0
   2.671E-16
  -1.11E-16
  -8.327E-17
  -1.301E-16
   2.22E-16
   3.681E-16
   7.58E-17
   -3.329E-16
   6.098671904603493E-16
   3.699999999999999E-17
   2.8749415066513385E-16
   0.5089    0.4781    -0.7159
   0.6086    0.3883    0.692
   0.6088    -0.7878    -0.09334
 Node:         26
  0.1363E+03  0.1200E+03  0.5055E+03  0.0000E+00
   2.22E-16
   1.076E-16
  -6.106E-16
   2.776E-17
  -1.124E-15
  -5.551E-17
   8.281E-16
   2.248E-16
   -1.497E-15
   2.089815319591662E-15
   -1.4803333333333336E-16
   9.851483892738641E-16
   0.07371    0.6174    -0.7832
   0.9955    0.001018    0.09449
   -0.05914    0.7866    0.6146
 Node:         27
  0.1343E+03  0.1203E+03  0.5192E+03  0.0000E+00
   2.22E-16
  -1.943E-16
   2.22E-16
  -1.041E-16
   1.313E-15
   0.0
   1.466E-15
   1.875E-16
   -1.209E-15
   2.3173691440942246E-15
   1.4816666666666667E-16
   1.0924182908676612E-15
   -0.1693    0.728    0.6643
   0.9848    0.09849    0.1431
   0.03876    0.6785    -0.7336
 Node:         28
  0.1155E+03  0.1124E+03  0.4931E+03 -0.8193E-08
  -2.22E-16
   3.816E-17
   2.22E-16
  -5.551E-17
   5.551E-17
   1.11E-16
   2.455E-16
   1.014E-16
   -2.359E-16
   4.279497984577163E-16
   3.699999999999999E-17
   2.0173746966457835E-16
   0.03184    0.9284    0.3701
   0.1988    0.3571    -0.9127
   0.9795    -0.1026    0.1732
 Node:         29
  0.1119E+03  0.1139E+03  0.5068E+03 -0.8193E-08
  -2.22E-16
  -2.082E-17
   0.0
   5.551E-17
   6.939E-18
  -3.331E-16
   1.944E-18
   -2.004E-16
   -3.566E-16
   3.113642033631998E-16
   -1.8501866666666668E-16
   1.4677849307791052E-16
   -0.09118    0.9958    0.005517
   -0.9179    -0.08189    -0.3884
   -0.3863    -0.04048    0.9215
 Node:         30
  0.1113E+03  0.1159E+03  0.5206E+03 -0.8193E-08
   2.22E-16
   1.249E-16
   2.22E-16
   0.0
  -2.776E-17
   1.11E-16
   3.486E-16
   1.238E-16
   8.277E-17
   2.4787505905193444E-16
   1.8505666666666664E-16
   1.1684942342842583E-16
   -0.7001    -0.7092    0.08287
   -0.4685    0.3686    -0.8029
   -0.5389    0.6009    0.5903
 Node:         31
  0.1203E+03  0.1126E+03  0.4920E+03 -0.8193E-08
  -5.551E-17
   9.714E-17
  -1.11E-16
   2.776E-17
   4.163E-17
  -5.551E-17
   4.114E-17
   -7.661E-17
   -1.866E-16
   1.9726678661143135E-16
   -7.402333333333333E-17
   9.29924550105485E-17
   -0.6956    -0.5654    -0.4433
   0.4358    0.1585    -0.886
   0.5712    -0.8095    0.1362
 Node:         32
  0.1188E+03  0.1134E+03  0.5062E+03 -0.8193E-08
   2.22E-16
  -1.388E-17
  -1.11E-16
  -2.776E-17
   9.714E-17
  -5.551E-17
   2.266E-16
   1.331E-17
   -1.844E-16
   3.5602167644681415E-16
   1.8503333333333345E-17
   1.6783022777663014E-16
   -0.9894    0.07624    0.1236
   0.1445    0.5992    0.7875
   0.01402    -0.797    0.6038
 Node:         33
  0.1183E+03  0.1150E+03  0.5201E+03 -0.8193E-08
   1.11E-16
   5.551E-17
   0.0
   8.327E-17
   0.0
   0.0
   1.7E-16
   0.0
   -5.893E-17
   2.0589037107159722E-16
   3.702333333333333E-17
   9.705765171049398E-17
   -0.8617    -0.2815    -0.4222
   0.0    -0.8321    0.5547
   -0.5074    0.478    0.717
 Node:         34
  0.1255E+03  0.1129E+03  0.4909E+03 -0.8193E-08
   0.0
   0.0
   0.0
   5.551E-17
   9.714E-17
   0.0
   1.119E-16
   3.387E-33
   -1.119E-16
   1.9381648536695736E-16
   0.0
   9.136596740581255E-17
   -0.3508    -0.6139    -0.7071
   0.8682    -0.4961    -4.855E-17
   -0.3508    -0.6139    0.7071
 Node:         35
  0.1260E+03  0.1135E+03  0.5054E+03 -0.8193E-08
   0.0
   1.11E-16
  -1.11E-16
   1.11E-16
   2.498E-16
  -1.11E-16
   2.41E-16
   -1.023E-16
   -3.608E-16
   5.228959647960578E-16
   -7.403333333333333E-17
   2.4649552170824977E-16
   0.5458    0.5925    0.5925
   0.8379    -0.3859    -0.3859
   -4.975E-17    -0.7071    0.7071
 Node:         36
  0.1257E+03  0.1153E+03  0.5196E+03 -0.8193E-08
   0.0
  -5.551E-17
   0.0
  -5.551E-17
   8.327E-17
   0.0
   1.305E-16
   -4.723E-17
   -8.327E-17
   1.982226619234037E-16
   0.0
   9.344305895392481E-17
   -0.5155    0.6059    0.6059
   0.8569    0.3645    0.3645
   -1.256E-16    0.7071    -0.7071
 Node:         37
  0.1132E+03  0.1210E+03  0.4959E+03 -0.8193E-08
  -2.22E-16
   1.388E-16
  -2.22E-16
  -8.327E-17
   1.804E-16
  -2.776E-16
   -4.482E-17
   -1.622E-16
   -5.146E-16
   4.2347200190803645E-16
   -2.4054E-16
   1.9962661612787678E-16
   0.3971    0.7887    0.4693
   -0.7874    0.0301    0.6157
   0.4715    -0.614    0.633
 Node:         38
  0.1111E+03  0.1204E+03  0.5085E+03 -0.8193E-08
  -1.665E-16
   9.714E-17
   0.0
  -2.776E-17
  -8.327E-17
  -2.22E-16
   7.071E-17
   -2.091E-16
   -2.502E-16
   3.0246162913665597E-16
   -1.2953E-16
   1.4258177934084005E-16
   -0.3916    -0.8746    0.2859
   0.9154    -0.3389    0.217
   0.09287    -0.3467    -0.9334
 Node:         39
  0.1119E+03  0.1201E+03  0.5207E+03 -0.8193E-08
  -5.551E-17
  -9.714E-17
  -3.331E-16
  -8.327E-17
  -7.633E-17
  -1.11E-16
   8.934E-18
   -1.105E-16
   -3.981E-16
   3.6239130612640252E-16
   -1.6655533333333335E-16
   1.7083290000335286E-16
   0.851    -0.1281    -0.5092
   0.4076    -0.4503    0.7944
   -0.3311    -0.8836    -0.331
 Node:         40
  0.1191E+03  0.1220E+03  0.4937E+03 -0.8193E-08
   0.0
   8.327E-17
  -2.22E-16
   8.327E-17
  -1.388E-17
  -2.22E-16
   4.872E-17
   -2.082E-16
   -2.846E-16
   3.0244591979393603E-16
   -1.4802666666666666E-16
   1.4257437388566321E-16
   -0.924    -0.2703    -0.2703
   0.0    -0.7071    0.7071
   0.3823    -0.6534    -0.6534
 Node:         41
  0.1182E+03  0.1217E+03  0.5073E+03 -0.8193E-08
   0.0
  -2.776E-17
  -5.551E-17
   5.551E-17
   9.714E-17
   1.11E-16
   1.653E-16
   1.073E-17
   -1.206E-16
   2.478691830381502E-16
   1.8476666666666666E-17
   1.168466534489637E-16
   0.2406    0.3653    0.8993
   -0.8901    0.4526    0.05428
   -0.3871    -0.8135    0.434
 Node:         42
  0.1187E+03  0.1212E+03  0.5204E+03 -0.8193E-08
   0.0
  -5.551E-17
  -1.11E-16
   0.0
   5.551E-17
   1.11E-16
   1.256E-16
   1.887E-17
   -1.444E-16
   2.3552960089975954E-16
   2.3333333333339628E-20
   1.1102971864425409E-16
   0.1113    -0.2517    -0.9614
   0.9295    -0.3159    0.1903
   -0.3516    -0.9148    0.1988
 Node:         43
  0.1258E+03  0.1217E+03  0.4915E+03 -0.8193E-08
   2.22E-16
   1.11E-16
   1.11E-16
  -1.388E-17
   0.0
  -5.551E-17
   2.911E-16
   4.294E-17
   -5.645E-17
   3.1004254562882173E-16
   9.253E-17
   1.4615545764698628E-16
   -0.8507    -0.5246    0.03406
   -0.5213    0.8502    0.07348
   0.06751    -0.04475    0.9967
 Node:         44
  0.1259E+03  0.1220E+03  0.5059E+03 -0.8193E-08
  -2.22E-16
   1.388E-16
  -2.22E-16
   9.714E-17
   1.11E-16
  -1.11E-16
   5.081E-17
   -2.445E-16
   -3.614E-16
   3.679610646522265E-16
   -1.8503E-16
   1.7345850935214064E-16
   -0.5113    -0.534    -0.6733
   -0.5198    -0.4318    0.7372
   -0.6844    0.7269    -0.05679
 Node:         45
  0.1261E+03  0.1221E+03  0.5198E+03 -0.8193E-08
  -5.551E-17
  -8.327E-17
  -2.776E-16
   2.776E-17
  -6.939E-18
   1.11E-16
   1.167E-16
   -3.339E-17
   -3.053E-16
   3.7050374910383835E-16
   -7.399666666666666E-17
   1.7465714229757554E-16
   0.1854    -0.05643    0.981
   0.9302    -0.3117    -0.1938
   -0.3167    -0.9485    0.005308
 Node:         46
  0.1117E+03  0.1296E+03  0.4959E+03  0.0000E+00
  -5.551E-17
   2.776E-17
  -1.665E-16
   6.939E-18
  -2.602E-17
   0.0
   4.101E-18
   -4.897E-17
   -1.772E-16
   1.6144583695778595E-16
   -7.402300000000001E-17
   7.610629740479211E-17
   0.04856    -0.1429    0.9886
   0.9724    0.2327    -0.01414
   -0.228    0.962    0.1502
 Node:         47
  0.1107E+03  0.1269E+03  0.5087E+03  0.0000E+00
  -1.665E-16
  -3.123E-17
   1.11E-16
  -2.776E-17
   3.99E-17
   0.0
   1.289E-16
   -1.114E-17
   -1.732E-16
   2.6185783853075704E-16
   -1.8479999999999997E-17
   1.2344096888796688E-16
   -0.1292    0.939    0.3186
   -0.1008    -0.3321    0.9379
   -0.9865    -0.08906    -0.1376
 Node:         48
  0.1125E+03  0.1242E+03  0.5208E+03  0.0000E+00
   1.11E-16
   3.469E-18
   1.11E-16
   0.0
  -1.735E-18
   1.11E-16
   1.149E-16
   1.11E-16
   1.071E-16
   6.75499814951862E-18
   1.1099999999999999E-16
   3.1843366656181307E-18
   -0.6325    -0.7071    0.3162
   0.4472    -4.455E-15    0.8944
   -0.6325    0.7071    0.3162
 Node:         49
  0.1186E+03  0.1311E+03  0.4938E+03  0.0000E+00
  -1.665E-16
  -2.082E-17
   0.0
  -4.163E-17
  -6.072E-18
  -5.551E-17
   2.581E-18
   -4.165E-17
   -1.83E-16
   1.6789358448433935E-16
   -7.402300000000001E-17
   7.914579473772858E-17
   0.1174    -0.9929    0.01965
   -0.3135    -0.01827    0.9494
   -0.9423    -0.1176    -0.3134
 Node:         50
  0.1180E+03  0.1298E+03  0.5075E+03  0.0000E+00
   0.0
  -1.301E-17
   3.331E-16
  -4.163E-17
   1.247E-17
   2.22E-16
   3.354E-16
   2.276E-16
   -7.879E-18
   3.040655120874448E-16
   1.8504033333333332E-16
   1.4333785701466156E-16
   0.05441    -0.9902    -0.1289
   -0.1707    -0.1364    0.9758
   0.9838    0.03109    0.1765
 Node:         51
  0.1192E+03  0.1275E+03  0.5206E+03  0.0000E+00
   0.0
  -3.469E-18
  -5.551E-17
   0.0
   1.475E-17
   1.11E-16
   1.123E-16
   2.087E-19
   -5.702E-17
   1.491791641607165E-16
   1.849623333333333E-17
   7.03237323931892E-17
   -0.002705    0.08758    0.9962
   0.9982    -0.06004    0.007989
   -0.06051    -0.9943    0.08725
 Node:         52
  0.1262E+03  0.1305E+03  0.4920E+03  0.0000E+00
   1.11E-16
  -1.388E-17
   1.11E-16
   1.301E-18
   4.906E-18
   0.0
   1.25E-16
   9.734E-17
   -2.497E-19
   1.1396559238686912E-16
   7.403009999999999E-17
   5.372389546579809E-17
   -0.7047    0.7092    0.02051
   0.7093    0.7034    0.04493
   -0.01744    -0.04621    0.9988
 Node:         53
  0.1258E+03  0.1304E+03  0.5063E+03  0.0000E+00
  -1.665E-16
  -1.735E-18
  -1.11E-16
   2.776E-17
   3.383E-17
  -2.22E-16
   -1.01E-16
   -1.572E-16
   -2.414E-16
   1.2239330047024632E-16
   -1.6653333333333332E-16
   5.769675515620921E-17
   0.09684    0.9526    0.2883
   -0.9346    0.1866    -0.3027
   -0.3422    -0.2402    0.9084
 Node:         54
  0.1265E+03  0.1288E+03  0.5200E+03  0.0000E+00
  -2.22E-16
   2.082E-17
   1.11E-16
   0.0
  -4.337E-18
   1.11E-16
   1.16E-16
   1.073E-16
   -2.233E-16
   3.350347295430729E-16
   0.0
   1.5793688612860518E-16
   -0.04656    -0.7562    0.6527
   -0.04117    -0.6514    -0.7576
   -0.9981    0.06215    8.061E-4
 Node:         55
  0.1382E+03  0.1167E+03  0.4532E+03 -0.7884E-04
  -0.003879
  -6.285E-4
   0.003068
   1.711E-4
   9.553E-4
   0.001972
   0.00365
   0.001458
   -0.003947
   0.006772492081944429
   3.869999999999999E-4
   0.00319258338445007
   -0.06152    0.8701    0.4891
   -0.08489    0.4837    -0.8711
   -0.9945    -0.09511    0.04411
 Node:         56
  0.1314E+03  0.1156E+03  0.4686E+03 -0.7884E-04
  -0.004134
   2.636E-4
   0.001728
   0.001146
  -2.842E-6
   1.454E-4
   0.001742
   4.302E-4
   -0.004432
   0.005633830139434451
   -7.532666666666667E-4
   0.0026558129970981684
   -0.05167    -0.998    -0.03533
   0.2407    -0.04678    0.9695
   -0.9692    0.04158    0.2427
 Node:         57
  0.1285E+03  0.1140E+03  0.4823E+03 -0.7884E-04
  -9.689E-4
   4.792E-4
  -1.122E-4
   3.704E-4
  -2.495E-4
  -1.399E-4
   1.444E-4
   -2.08E-5
   -0.001345
   0.0014140560526372354
   -4.071333333333334E-4
   6.665924158651139E-4
   -0.2086    -0.8536    0.4773
   0.4846    0.3337    0.8086
   -0.8495    0.4    0.3441
 Node:         58
  0.1480E+03  0.1172E+03  0.4540E+03 -0.7884E-04
  -0.003864
  -0.001635
   0.005123
  -2.75E-4
   7.893E-4
   4.683E-4
   0.005546
   3.381E-4
   -0.004156
   0.00840975508620792
   5.760333333333333E-4
   0.0039643965663837865
   0.1735    -0.9717    -0.1605
   -0.001092    -0.1631    0.9866
   -0.9848    -0.171    -0.02937
 Node:         59
  0.1417E+03  0.1164E+03  0.4696E+03 -0.7884E-04
  -0.003871
  -0.001149
   0.003831
   6.376E-4
   2.5E-4
  -6.621E-4
   0.004004
   -5.402E-4
   -0.004165
   0.007089481281447888
   -2.3373333333333358E-4
   0.0033420135261379314
   -0.1416    0.9893    0.03364
   0.1901    -0.006171    0.9817
   -0.9715    -0.1454    0.1872
 Node:         60
  0.1375E+03  0.1149E+03  0.4832E+03 -0.7884E-04
  -8.638E-4
  -8.098E-5
   5.25E-4
   4.048E-4
  -1.382E-4
  -2.56E-4
   5.663E-4
   -9.487E-5
   -0.001066
   0.001422083425084478
   -1.9819E-4
   6.703765555268175E-4
   -0.1173    0.9683    -0.2205
   -0.4304    -0.2497    -0.8674
   -0.895    -0.006799    0.446
 Node:         61
  0.1551E+03  0.1212E+03  0.4547E+03 -0.7884E-04
  -0.00165
  -0.001461
   0.002361
  -0.001341
   0.001812
  -0.003928
   0.003463
   -0.001952
   -0.004728
   0.007215292163176762
   -0.0010723333333333333
   0.0034013213445496277
   -0.331    0.9008    0.2809
   0.8862    0.399    -0.2354
   0.3241    -0.171    0.9304
 Node:         62
  0.1490E+03  0.1198E+03  0.4705E+03 -0.7884E-04
  -4.102E-4
  -0.001977
   0.002733
  -7.749E-5
   7.728E-4
  -0.003937
   0.003756
   -0.001338
   -0.004032
   0.006850526111182994
   -5.38E-4
   0.0032293689786086696
   -0.4281    0.8988    0.0946
   0.9024    0.4196    0.09786
   -0.04826    -0.1273    0.9907
 Node:         63
  0.1436E+03  0.1180E+03  0.4839E+03 -0.7884E-04
   3.189E-4
  -5.089E-4
   5.578E-4
   2.344E-4
  -2.153E-4
  -7.543E-4
   0.001017
   -8.113E-5
   -8.134E-4
   0.001595693111127575
   4.0823333333333285E-5
   7.52216946380645E-4
   -0.6177    0.7667    -0.1749
   0.7698    0.635    0.06497
   0.1609    -0.09453    -0.9824
 Node:         64
  0.1412E+03  0.1253E+03  0.4532E+03 -0.7884E-04
  -0.002288
   8.075E-4
   0.00269
  -7.273E-4
   5.185E-4
  -4.664E-4
   0.002867
   -2.267E-4
   -0.002705
   0.004835293919711604
   -2.1566666666666522E-5
   0.0022793794131054377
   0.1366    0.9829    0.1231
   0.3553    0.06739    -0.9323
   -0.9247    0.1711    -0.34
 Node:         65
  0.1340E+03  0.1229E+03  0.4686E+03 -0.7884E-04
  -0.002122
   4.2E-4
   0.00243
  -1.466E-4
   1.816E-4
  -3.629E-4
   0.002478
   -3.582E-4
   -0.002175
   0.00406172387540069
   -1.8399999999999868E-5
   0.0019147149970687545
   -0.0889    -0.9943    -0.05897
   -0.0947    -0.0505    0.9942
   -0.9915    0.09397    -0.08967
 Node:         66
  0.1299E+03  0.1214E+03  0.4825E+03 -0.7884E-04
  -3.252E-4
   6.53E-5
   3.758E-4
   1.62E-4
  -1.141E-4
  -1.07E-4
   4.026E-4
   -3.194E-5
   -4.27E-4
   7.18725808358097E-4
   -1.8780000000000017E-5
   3.388105952691956E-4
   -0.04197    -0.9777    0.2056
   0.504    0.157    0.8493
   0.8627    -0.1393    -0.4862
 Node:         67
  0.1498E+03  0.1239E+03  0.4539E+03 -0.7884E-04
  -0.002426
  -8.344E-4
   0.002293
  -6.207E-4
   2.829E-4
   2.996E-4
   0.002504
   3.387E-4
   -0.002677
   0.004506979674904248
   5.523333333333332E-5
   0.002124610593863157
   -0.1858    0.9666    0.1763
   -0.1548    -0.206    0.9662
   -0.9703    -0.1522    -0.1879
 Node:         68
  0.1431E+03  0.1222E+03  0.4695E+03 -0.7884E-04
  -0.002083
  -0.001418
   0.00255
  -2.668E-4
   3.819E-4
   1.39E-4
   0.003017
   8.076E-5
   -0.002492
   0.004774394221008567
   2.019200000000001E-4
   0.0022506710198220144
   0.2721    -0.9503    -0.1513
   -0.01577    -0.1616    0.9867
   -0.9621    -0.2661    -0.05896
 Node:         69
  0.1379E+03  0.1205E+03  0.4831E+03 -0.7884E-04
  -2.938E-4
  -3.996E-4
   6.978E-4
   8.348E-5
   5.487E-5
  -4.319E-5
   8.395E-4
   -2.113E-5
   -4.575E-4
   0.001143090498123399
   1.2029E-4
   5.388580284886425E-4
   -0.3307    0.9434    0.02738
   0.2242    0.05034    0.9732
   0.9167    0.3279    -0.2281
 Node:         70
  0.1553E+03  0.1233E+03  0.4546E+03 -0.7884E-04
  -0.001783
  -9.981E-4
  -2.126E-4
  -0.001148
   8.2E-4
   0.002716
   0.003304
   -2.151E-4
   -0.002369
   0.004960155190112503
   2.3996666666666663E-4
   0.002338239580444133
   -0.2645    0.2896    0.9199
   0.2962    -0.8834    0.3632
   0.9178    0.3685    0.1479
 Node:         71
  0.1492E+03  0.1217E+03  0.4705E+03 -0.7884E-04
  -0.001226
  -0.002165
   0.00143
  -0.00104
   0.00113
   9.706E-4
   0.003523
   1.314E-4
   -0.00248
   0.005213365972191095
   3.914666666666666E-4
   0.002457604287829014
   -0.4469    0.7364    0.5079
   0.1449    -0.5006    0.8535
   0.8828    0.455    0.117
 Node:         72
  0.1435E+03  0.1199E+03  0.4838E+03 -0.7884E-04
  -8.06E-5
  -7.588E-4
   6.251E-4
  -1.062E-4
   2.187E-4
   3.663E-5
   0.001161
   -1.386E-5
   -5.66E-4
   0.0015276916572397716
   1.9371333333333327E-4
   7.201607535975716E-4
   -0.5229    0.8261    0.21
   0.1548    -0.1503    0.9764
   0.8382    0.5431    -0.04933
 Node:         73
  0.1443E+03  0.1338E+03  0.4532E+03  0.0000E+00
   6.653E-4
  -5.071E-4
  -0.002086
   3.212E-4
  -2.831E-4
   0.001972
   0.002084
   6.555E-4
   -0.002188
   0.0037667020389194573
   1.838333333333333E-4
   0.0017756403696194288
   0.2523    -0.09604    0.9629
   -0.9528    0.1489    0.2645
   -0.1688    -0.9842    -0.05394
 Node:         74
  0.1366E+03  0.1303E+03  0.4687E+03  0.0000E+00
   0.001721
  -7.966E-4
  -0.001212
   1.394E-5
  -5.621E-4
   0.001057
   0.001952
   0.001142
   -0.001528
   0.003153997463537344
   5.22E-4
   0.0014868086628749512
   0.9448    -0.2707    0.1847
   -0.2312    -0.1512    0.9611
   -0.2322    -0.9507    -0.2055
 Node:         75
  0.1313E+03  0.1288E+03  0.4827E+03  0.0000E+00
   5.152E-4
  -3.405E-4
  -2.009E-4
  -2.267E-4
  -1.158E-4
   4.616E-5
   6.968E-4
   8.395E-5
   -4.204E-4
   9.69043313015471E-4
   1.2011666666666667E-4
   4.568113985978118E-4
   -0.913    0.3124    0.2625
   0.09258    -0.468    0.8789
   0.3974    0.8267    0.3983
 Node:         76
  0.1515E+03  0.1306E+03  0.4539E+03  0.0000E+00
   7.988E-4
  -6.57E-4
  -0.003093
   3.678E-5
   7.491E-4
   0.003251
   0.003339
   9.039E-4
   -0.003286
   0.005804119184682547
   3.189666666666667E-4
   0.00273608802286931
   -0.01595    0.1173    0.993
   0.9872    -0.1559    0.03427
   0.1588    0.9808    -0.1133
 Node:         77
  0.1445E+03  0.1279E+03  0.4695E+03  0.0000E+00
   0.002597
  -3.222E-4
  -0.001666
  -2.969E-4
   5.085E-4
   0.001303
   0.002704
   0.001298
   -0.001767
   0.00395985492158488
   7.449999999999999E-4
   0.0018666935117117288
   -0.9655    0.09918    0.2407
   0.2528    0.1368    0.9578
   -0.06206    -0.9856    0.1572
 Node:         78
  0.1384E+03  0.1261E+03  0.4830E+03  0.0000E+00
   0.001055
  -5.458E-5
  -1.632E-4
  -2.442E-4
  -4.617E-5
   1.278E-5
   0.00111
   -1.933E-5
   -1.869E-4
   0.0012217642087980808
   3.012566666666667E-4
   5.759451713680932E-4
   -0.9759    0.03401    0.2156
   0.1888    -0.3644    0.9119
   -0.1096    -0.9306    -0.3492
 Node:         79
  0.1556E+03  0.1254E+03  0.4546E+03  0.0000E+00
   9.608E-4
   0.001352
   0.002215
   7.064E-4
   5.573E-5
  -0.006772
   0.003097
   1.433E-4
   -0.006837
   0.008835533028063445
   -0.0011989000000000001
   0.004165110213027582
   0.5446    0.8376    0.04371
   -0.8337    0.5463    -0.08076
   -0.09152    0.00754    0.9958
 Node:         80
  0.1494E+03  0.1236E+03  0.4704E+03  0.0000E+00
   0.00279
   0.001251
   0.00123
  -4.159E-5
  -2.008E-4
  -0.005765
   0.003486
   5.391E-4
   -0.005771
   0.008191264573312231
   -5.819666666666666E-4
   0.0038613991508548062
   0.8739    0.4859    -0.01448
   -0.4861    0.8736    -0.02462
   6.836E-4    0.02855    0.9996
 Node:         81
  0.1433E+03  0.1217E+03  0.4837E+03  0.0000E+00
   0.001174
   2.467E-4
   8.887E-5
  -2.341E-4
  -5.168E-5
  -8.143E-4
   0.001256
   3.545E-5
   -8.421E-4
   0.0018250835480875937
   1.497833333333333E-4
   8.603526353898279E-4
   -0.9708    -0.2103    0.115
   -0.2119    0.9773    -0.001072
   0.1122    0.02541    0.9934
 Node:         82
  0.1267E+03  0.1148E+03  0.4561E+03 -0.1353E-02
  -0.001299
  -1.09E-4
   0.001055
   3.144E-4
   7.851E-4
   2.146E-4
   0.001527
   -1.627E-4
   -0.001394
   0.0025400223207680678
   -9.900000000000042E-6
   0.0011973780049201951
   0.02459    0.8553    0.5176
   -0.2748    0.5036    -0.8191
   0.9612    0.1221    -0.2474
 Node:         83
  0.1234E+03  0.1129E+03  0.4718E+03 -0.1353E-02
  -0.001703
   2.098E-4
   5.237E-4
   0.001646
   3.47E-4
  -0.001188
   8.007E-4
   -5.527E-5
   -0.003112
   0.003562688887890718
   -7.888566666666667E-4
   0.0016794676479236572
   0.3584    0.8232    0.4403
   -0.5446    0.5675    -0.6176
   -0.7583    -0.01843    0.6517
 Node:         84
  0.1187E+03  0.1123E+03  0.4849E+03 -0.1353E-02
  -2.399E-4
   5.718E-5
   3.834E-5
   6.075E-4
  -2.695E-5
  -0.001082
   1.018E-4
   1.652E-5
   -0.001402
   0.0014630253088719963
   -4.2789333333333337E-4
   6.896767446339545E-4
   -0.7617    -0.5256    -0.3789
   0.4519    -0.85    0.2708
   0.4644    -0.035    -0.8849
 Node:         85
  0.1302E+03  0.1161E+03  0.4549E+03 -0.1353E-02
  -0.001693
  -6.935E-5
   0.001284
   3.709E-4
   0.001206
   8.131E-4
   0.002286
   -1.123E-4
   -0.00177
   0.003532063715450218
   1.3456666666666656E-4
   0.001665030803185201
   0.04629    0.767    0.6399
   -0.2029    0.6345    -0.7458
   0.9781    0.09531    -0.185
 Node:         86
  0.1252E+03  0.1138E+03  0.4702E+03 -0.1353E-02
  -0.001334
   8.476E-4
   0.002274
   0.003139
   0.001378
  -5.425E-4
   0.003849
   6.637E-4
   -0.004115
   0.006942888656027834
   1.3256666666666665E-4
   0.003272909099800291
   -0.4448    -0.7133    -0.5417
   0.5023    -0.6994    0.5085
   0.7415    0.04594    -0.6693
 Node:         87
  0.1217E+03  0.1126E+03  0.4833E+03 -0.1353E-02
  -4.766E-4
   3.324E-5
   9.457E-5
   7.874E-4
  -1.229E-4
  -9.963E-4
   1.432E-4
   5.27E-5
   -0.001574
   0.001673785974968126
   -4.593666666666667E-4
   7.890302754365992E-4
   -0.5092    0.7443    -0.4321
   0.6332    0.664    0.3976
   0.5829    -0.07122    -0.8094
 Node:         88
  0.1338E+03  0.1169E+03  0.4534E+03 -0.1353E-02
  -0.002823
  -4.306E-4
   0.001043
   3.628E-4
   0.001532
   0.001754
   0.002972
   -5.941E-5
   -0.002938
   0.0051187804688323955
   -8.47000000000015E-6
   0.002413016253944428
   0.002831    0.6217    0.7832
   -0.1995    0.7678    -0.6088
   0.9799    0.1546    -0.1262
 Node:         89
  0.1270E+03  0.1150E+03  0.4685E+03 -0.1353E-02
  -0.003381
   4.349E-4
   6.537E-4
   0.001437
   4.332E-4
  -3.405E-4
   0.001052
   -1.541E-4
   -0.003965
   0.004535853007979866
   -0.0010223666666666666
   0.0021382216136053085
   0.2463    0.8239    0.5104
   -0.2712    0.5642    -0.7798
   -0.9305    0.05362    0.3624
 Node:         90
  0.1248E+03  0.1132E+03  0.4822E+03 -0.1353E-02
  -8.363E-4
   4.778E-4
  -2.141E-4
   4.257E-4
  -2.327E-4
  -2.458E-4
   4.494E-5
   -2.577E-5
   -0.001315
   0.0013259997550150603
   -4.3194333333333333E-4
   6.250822790819E-4
   0.469    0.883    -0.02005
   0.3734    -0.1777    0.9105
   -0.8004    0.4345    0.4131
 Node:         91
  0.1258E+03  0.1261E+03  0.4551E+03 -0.1353E-02
  -0.001607
   0.001234
   0.002376
  -1.457E-4
   0.001243
   7.646E-5
   0.003166
   -2.394E-4
   -0.002081
   0.004610816018884293
   2.818666666666667E-4
   0.0021735595158377625
   -0.2239    -0.9078    -0.3547
   -0.3387    -0.2688    0.9017
   -0.9139    0.322    -0.2473
 Node:         92
  0.1209E+03  0.1233E+03  0.4726E+03 -0.1353E-02
  -0.002052
   3.546E-4
   0.001507
   4.255E-4
   9.294E-4
   6.756E-4
   0.002176
   8.519E-5
   -0.00213
   0.003729623921536862
   4.373000000000007E-5
   0.0017581615774628528
   -0.1245    -0.8273    -0.5477
   0.07198    -0.5581    0.8266
   -0.9896    0.06349    0.129
 Node:         93
  0.1159E+03  0.1217E+03  0.4877E+03 -0.1353E-02
  -3.284E-4
  -9.863E-5
   1.316E-4
   3.305E-4
   2.838E-4
  -1.882E-4
   3.116E-4
   -1.669E-5
   -6.799E-4
   8.748411507811003E-4
   -1.2832999999999999E-4
   4.1240407345223925E-4
   0.17    0.8045    0.5692
   -0.6977    0.5061    -0.507
   -0.6959    -0.3109    0.6473
 Node:         94
  0.1313E+03  0.1263E+03  0.4542E+03 -0.1353E-02
  -0.001912
   0.001171
   0.002592
  -6.87E-4
   0.001135
   0.001016
   0.003294
   8.643E-4
   -0.002463
   0.005005867376389431
   5.651000000000001E-4
   0.0023597885117103185
   0.1496    0.9024    0.4042
   0.3562    0.3322    -0.8734
   0.9224    -0.2746    0.2718
 Node:         95
  0.1249E+03  0.1235E+03  0.4707E+03 -0.1353E-02
  -0.002878
   1.928E-4
   0.001682
   2.941E-4
   5.986E-4
   0.00159
   0.002259
   0.001038
   -0.002903
   0.004672716875651681
   1.3133333333333343E-4
   0.002202739859558747
   0.06636    0.7291    0.6812
   0.02114    -0.6836    0.7296
   -0.9976    0.03401    0.06077
 Node:         96
  0.1205E+03  0.1222E+03  0.4852E+03 -0.1353E-02
  -5.612E-4
  -8.023E-5
   1.353E-4
   3.941E-4
   1.836E-4
  -1.098E-4
   2.598E-4
   2.198E-5
   -8.175E-4
   9.802704506410463E-4
   -1.785733333333333E-4
   4.6210392203005105E-4
   0.2192    0.7603    0.6115
   -0.4936    0.627    -0.6027
   -0.8416    -0.1697    0.5127
 Node:         97
  0.1368E+03  0.1260E+03  0.4532E+03 -0.1353E-02
  -0.00275
   8.846E-4
   0.002532
  -5.811E-4
   0.001179
   0.001079
   0.003233
   6.713E-4
   -0.003043
   0.005465643026213842
   2.8710000000000004E-4
   0.0025765288315871804
   0.08588    0.8835    0.4606
   0.2576    0.4269    -0.8668
   -0.9624    0.1931    -0.1909
 Node:         98
  0.1295E+03  0.1233E+03  0.4687E+03 -0.1353E-02
  -0.002436
   5.854E-4
   0.002013
   3.077E-4
   6.364E-4
   8.528E-4
   0.002384
   5.723E-4
   -0.002527
   0.004301501969080103
   1.4309999999999987E-4
   0.0020277474744158854
   0.1357    0.9049    0.4034
   0.0138    -0.4088    0.9125
   -0.9907    0.1182    0.06794
 Node:         99
  0.1260E+03  0.1218E+03  0.4827E+03 -0.1353E-02
  -4.393E-4
   1.323E-4
   2.506E-4
   2.443E-4
  -2.923E-5
  -8.869E-5
   2.76E-4
   3.192E-5
   -5.853E-4
   7.688866186896479E-4
   -9.245999999999999E-5
   3.6245662802603015E-4
   -0.1999    -0.9783    -0.05547
   0.4252    -0.1376    0.8946
   -0.8828    0.1552    0.4434
 Node:        100
  0.1250E+03  0.1374E+03  0.4539E+03  0.0000E+00
   1.904E-4
  -4.1E-5
   0.00106
  -3.245E-5
   3.946E-5
  -7.87E-4
   0.001063
   1.895E-4
   -7.888E-4
   0.0016045616815816087
   1.5456666666666664E-4
   7.563976305856303E-4
   0.04775    -0.9986    -0.02214
   -0.9983    -0.04843    0.03122
   0.03225    -0.02061    0.9993
 Node:        101
  0.1187E+03  0.1337E+03  0.4719E+03  0.0000E+00
   8.421E-4
  -3.389E-5
   9.838E-4
  -4.017E-4
  -2.973E-4
  -0.001396
   0.001022
   9.093E-4
   -0.001501
   0.0024685801971983815
   1.4343333333333334E-4
   0.0011636998648945336
   -0.1339    -0.9806    0.1428
   0.9764    -0.1552    -0.1502
   -0.1694    -0.1194    -0.9783
 Node:        102
  0.1139E+03  0.1312E+03  0.4875E+03  0.0000E+00
   3.898E-4
  -1.087E-4
  -2.066E-4
  -1.641E-4
  -2.685E-4
  -2.534E-4
   4.328E-4
   3.728E-5
   -5.403E-4
   8.476315050775306E-4
   -2.3406666666666654E-5
   3.9957732345845433E-4
   -0.9761    0.08125    0.2017
   0.07254    -0.7527    0.6544
   -0.205    -0.6534    -0.7288
 Node:        103
  0.1323E+03  0.1365E+03  0.4534E+03  0.0000E+00
   4.203E-4
  -1.949E-4
   0.001137
  -1.458E-5
  -4.802E-6
  -0.001208
   0.001186
   3.708E-4
   -0.001208
   0.002108126713459132
   1.1626666666666667E-4
   9.937804631249747E-4
   -0.2466    0.9691    -4.427E-4
   0.9691    0.2465    -0.009696
   0.009288    0.00282    1.0
 Node:        104
  0.1250E+03  0.1331E+03  0.4704E+03  0.0000E+00
   9.768E-4
  -2.0E-4
   4.658E-4
  -4.612E-4
  -4.039E-4
  -0.001339
   0.001092
   5.347E-4
   -0.001522
   0.0023847006290098555
   3.4900000000000035E-5
   0.0011241586572484626
   -0.9658    0.2132    0.1478
   -0.1725    -0.9533    0.248
   -0.1938    -0.214    -0.9574
 Node:        105
  0.1200E+03  0.1317E+03  0.4854E+03  0.0000E+00
   2.948E-4
  -1.936E-4
  -3.013E-4
  -2.457E-4
  -2.657E-4
  -2.335E-4
   4.035E-4
   -6.153E-6
   -6.374E-4
   9.082293667950844E-4
   -8.001766666666667E-5
   4.281434294223789E-4
   0.942    -0.1445    -0.303
   0.1165    -0.7057    0.6988
   0.3149    0.6936    0.6479
 Node:        106
  0.1398E+03  0.1351E+03  0.4531E+03  0.0000E+00
   6.205E-4
  -1.932E-4
   1.31E-4
   2.259E-4
  -4.3E-4
  -2.201E-4
   8.268E-4
   2.197E-4
   -5.151E-4
   0.0011638722137760657
   1.7713333333333337E-4
   5.486546231971034E-4
   -0.8168    0.45    -0.3611
   0.5719    0.7138    -0.4042
   -0.07583    0.5367    0.8404
 Node:        107
  0.1321E+03  0.1316E+03  0.4688E+03  0.0000E+00
   0.00138
  -5.228E-4
   6.743E-5
  -2.612E-4
  -7.741E-4
  -3.673E-4
   0.001563
   5.853E-4
   -0.001068
   0.002303416937942412
   3.600999999999999E-4
   0.0010858411578126884
   0.943    -0.3326    0.005779
   -0.2561    -0.7146    0.651
   -0.2124    -0.6154    -0.7591
 Node:        108
  0.1273E+03  0.1304E+03  0.4831E+03  0.0000E+00
   3.36E-4
  -2.835E-4
  -1.976E-4
  -2.715E-4
  -1.785E-4
  -7.198E-5
   5.214E-4
   4.961E-5
   -5.046E-4
   8.89497197353651E-4
   2.2136666666666644E-5
   4.1931300006346365E-4
   -0.9031    0.274    0.3307
   0.08299    -0.6442    0.7603
   0.4214    0.7141    0.559
 Node:        109
  0.1018E+03  0.1092E+03  0.4946E+03 -0.1816E-08
   0.0
   1.388E-16
   1.11E-16
   5.551E-17
  -1.388E-17
   0.0
   2.069E-16
   2.266E-17
   -1.186E-16
   2.827092280064448E-16
   3.698666666666666E-17
   1.3327040815158061E-16
   -0.5724    -0.814    -0.09897
   0.2904    -0.3141    0.9039
   0.7668    -0.4887    -0.4162
 Node:        110
  0.1058E+03  0.1118E+03  0.5081E+03 -0.1816E-08
   0.0
   2.776E-17
   0.0
  -1.388E-17
  -5.204E-17
   2.22E-16
   2.353E-16
   1.788E-17
   -3.112E-17
   2.456135916434593E-16
   7.402E-17
   1.157833574684491E-16
   -0.08376    -0.2246    0.9708
   0.7726    0.6007    0.2056
   0.6293    -0.7673    -0.1232
 Node:        111
