 Group name: gastroc_Strain
 #Fields=  16
 1) coordinates, coordinate, rectangular cartesian, #Components=3
   x.  Value index= 1, #Derivatives=0
   y.  Value index= 2, #Derivatives=0
   z.  Value index= 3, #Derivatives=0
 2) Tensor_1, field, rectangular cartesian, #Components=1
   Tensor_1.  Value index= 4, #Derivatives=0
 3) Tensor_2, field, rectangular cartesian, #Components=1
   Tensor_2.  Value index= 5, #Derivatives=0
 4) Tensor_3, field, rectangular cartesian, #Components=1
   Tensor_3.  Value index= 6, #Derivatives=0
 5) Tensor_4, field, rectangular cartesian, #Components=1
   Tensor_4.  Value index= 7, #Derivatives=0
 6) Tensor_5, field, rectangular cartesian, #Components=1
   Tensor_5.  Value index= 8, #Derivatives=0
 7) Tensor_6, field, rectangular cartesian, #Components=1
   Tensor_6.  Value index= 9, #Derivatives=0
 8) Principal_1, field, rectangular cartesian, #Components=1
   Principal_1.  Value index= 10, #Derivatives=0
 9) Principal_2, field, rectangular cartesian, #Components=1
   Principal_2.  Value index= 11, #Derivatives=0
 10) Principal_3, field, rectangular cartesian, #Components=1
   Principal_3.  Value index= 12, #Derivatives=0
 11) VonMises, field, rectangular cartesian, #Components=1
   VonMises.  Value index= 13, #Derivatives=0
 12) Hydrostatic, field, rectangular cartesian, #Components=1
   VonMises.  Value index= 14, #Derivatives=0
 13) Octahedral, field, rectangular cartesian, #Components=1
   VonMises.  Value index= 15, #Derivatives=0
 14) PrincipalVector1, field, rectangular cartesian, #Components=3
   x.  Value index= 16, #Derivatives=0
   y.  Value index= 17, #Derivatives=0
   z.  Value index= 18, #Derivatives=0
 15) PrincipalVector2, field, rectangular cartesian, #Components=3
   x.  Value index= 19, #Derivatives=0
   y.  Value index= 20, #Derivatives=0
   z.  Value index= 21, #Derivatives=0
 16) PrincipalVector3, field, rectangular cartesian, #Components=3
   x.  Value index= 22, #Derivatives=0
   y.  Value index= 23, #Derivatives=0
   z.  Value index= 24, #Derivatives=0
 Node:          1
  0.1287E+03  0.1133E+03  0.4908E+03 -0.1079E-04
  -1.11E-16
  -8.327E-17
  -2.22E-16
  -2.776E-17
  -4.163E-17
  -3.331E-16
   -6.637E-17
   -2.4E-16
   -3.598E-16
   2.5553921597281306E-16
   -2.2205666666666663E-16
   1.204623416489799E-16
   0.8837    -0.4676    -0.01897
   0.4046    0.7837    -0.4712
   0.2352    0.4088    0.8818
 Node:          2
  0.1292E+03  0.1137E+03  0.5052E+03 -0.1079E-04
  -5.551E-17
  -1.11E-16
  -1.665E-16
  -5.551E-17
   1.943E-16
  -2.776E-16
   8.603E-17
   -1.6E-16
   -4.256E-16
   4.4319260925696854E-16
   -1.6652333333333334E-16
   2.089229995849082E-16
   -0.6554    0.6199    0.4313
   0.7522    0.4849    0.4462
   -0.06744    -0.6169    0.7841
 Node:          3
  0.1289E+03  0.1155E+03  0.5194E+03 -0.1079E-04
   2.22E-16
   1.388E-16
   3.331E-16
   1.11E-16
   5.551E-17
   2.22E-16
   4.753E-16
   2.118E-16
   9.006E-17
   3.4107384479024473E-16
   2.590533333333333E-16
   1.6078375235770005E-16
   -0.5696    -0.7144    -0.4063
   0.2395    -0.6172    0.7494
   -0.7862    0.3296    0.5227
 Node:          4
  0.1361E+03  0.1141E+03  0.4915E+03 -0.1079E-04
   0.0
  -2.776E-17
  -1.11E-16
  -2.776E-17
  -8.327E-17
   2.22E-16
   2.435E-16
   6.328E-18
   -1.388E-16
   3.3426485304919515E-16
   3.700933333333334E-17
   1.5757396286894045E-16
   -0.08549    -0.2215    0.9714
   0.9681    -0.2491    0.0284
   0.2357    0.9428    0.2357
 Node:          5
  0.1341E+03  0.1144E+03  0.5054E+03 -0.1079E-04
   3.331E-16
   1.388E-16
   3.331E-16
   5.551E-17
  -6.939E-17
   4.441E-16
   4.814E-16
   4.627E-16
   1.662E-16
   3.062784517395894E-16
   3.7010000000000004E-16
   1.4438104677092028E-16
   -0.348    -0.6443    0.681
   -0.6589    -0.3487    -0.6665
   0.6669    -0.6807    -0.3032
 Node:          6
  0.1323E+03  0.1162E+03  0.5191E+03 -0.1079E-04
   2.22E-16
   5.551E-17
   2.22E-16
  -5.551E-17
  -2.776E-17
   0.0
   2.897E-16
   1.685E-16
   -1.402E-17
   2.648101478418076E-16
   1.4806E-16
   1.2483270084396958E-16
   -0.715    -0.6696    0.2012
   0.6656    -0.7399    -0.09741
   -0.2141    -0.06426    -0.9747
 Node:          7
  0.1408E+03  0.1171E+03  0.4920E+03 -0.1079E-04
   3.331E-16
   2.22E-16
   2.22E-16
  -8.327E-17
  -1.11E-16
   0.0
   5.398E-16
   6.158E-17
   -4.631E-17
   5.403052621435404E-16
   1.8502333333333335E-16
   2.5470234318164845E-16
   -0.7537    -0.6111    0.2419
   -0.656    0.677    -0.3335
   -0.04004    0.4101    0.9112
 Node:          8
  0.1367E+03  0.1169E+03  0.5055E+03 -0.1079E-04
   2.22E-16
   1.943E-16
   2.22E-16
  -4.025E-16
  -2.359E-16
  -2.22E-16
   6.547E-16
   4.477E-17
   -4.775E-16
   9.814930967154074E-16
   7.399000000000001E-17
   4.626802829168323E-16
   -0.6847    -0.5611    0.4652
   0.5685    -0.8105    -0.1409
   -0.4561    -0.1681    -0.8739
 Node:          9
  0.1339E+03  0.1180E+03  0.5191E+03 -0.1079E-04
   2.22E-16
   1.665E-16
   0.0
  -3.955E-16
  -2.776E-16
   6.661E-16
   1.002E-15
   -9.379E-18
   -1.046E-16
   1.062195387036208E-15
   2.96007E-16
   5.007237074122481E-16
   -0.4817    -0.3073    0.8207
   -0.8565    -0.03292    -0.515
   -0.1853    0.951    0.2474
 Node:         10
  0.1294E+03  0.1212E+03  0.4911E+03 -0.1079E-04
   0.0
   2.776E-17
   1.11E-16
  -1.388E-17
   1.249E-16
   1.11E-16
   2.363E-16
   2.303E-17
   -3.732E-17
   2.48992088026909E-16
   7.400333333333333E-17
   1.173759959370834E-16
   0.0421    0.71    0.703
   -0.7813    -0.4152    0.4661
   -0.6228    0.5688    -0.5372
 Node:         11
  0.1295E+03  0.1214E+03  0.5055E+03 -0.1079E-04
  -2.22E-16
  -2.776E-17
  -2.22E-16
  -4.163E-17
   1.388E-17
  -1.665E-16
   -1.365E-16
   -2.183E-16
   -2.558E-16
   1.0566451627675205E-16
   -2.035333333333333E-16
   4.9810730660058464E-17
   -0.4935    0.2929    0.8189
   0.3541    -0.7924    0.4968
   -0.7944    -0.5351    -0.2873
 Node:         12
  0.1295E+03  0.1217E+03  0.5196E+03 -0.1079E-04
   1.11E-16
   0.0
   1.11E-16
   7.633E-17
   2.776E-17
   2.22E-16
   2.649E-16
   1.11E-16
   6.816E-17
   1.792025435087348E-16
   1.4801999999999999E-16
   8.447688914726913E-17
   -0.4387    -0.1595    -0.8844
   0.3417    -0.9398    -2.255E-17
   0.8311    0.3022    -0.4668
 Node:         13
  0.1361E+03  0.1199E+03  0.4914E+03 -0.1079E-04
   1.11E-16
  -1.388E-16
   0.0
  -9.714E-17
   2.776E-17
  -1.665E-16
   2.285E-16
   -8.52E-17
   -1.988E-16
   3.833392361864358E-16
   -1.849999999999999E-17
   1.807078489348669E-16
   0.8171    -0.5252    -0.2378
   0.4648    0.8442    -0.2671
   0.341    0.1077    0.9339
 Node:         14
  0.1342E+03  0.1198E+03  0.5054E+03 -0.1079E-04
  -5.551E-17
   2.776E-17
   0.0
   5.551E-17
  -9.021E-17
   1.11E-16
   1.672E-16
   -4.94E-18
   -1.068E-16
   2.398787602102362E-16
   1.8486666666666665E-17
   1.130799320048532E-16
   0.1634    -0.4472    0.8794
   -0.6569    -0.7144    -0.2412
   -0.7361    0.5382    0.4105
 Node:         15
  0.1330E+03  0.1205E+03  0.5193E+03 -0.1079E-04
   2.22E-16
  -8.327E-17
  -5.551E-17
   1.388E-17
   4.857E-17
   0.0
   2.451E-16
   2.471E-17
   -1.033E-16
   3.0523832672192397E-16
   5.550333333333333E-17
   1.438907271354049E-16
   -0.9638    0.2667    -0.001723
   0.1157    0.4239    0.8983
   0.2403    0.8656    -0.4394
 Node:         16
  0.1404E+03  0.1188E+03  0.4918E+03 -0.1079E-04
   2.22E-16
   5.551E-17
   2.22E-16
  -8.327E-17
  -1.457E-16
   4.441E-16
   5.466E-16
   1.95E-16
   1.465E-16
   3.7818964819254375E-16
   2.9603333333333337E-16
   1.7828030987433498E-16
   -0.2927    -0.4328    0.8526
   -0.9222    -0.1077    -0.3713
   -0.2526    0.895    0.3676
 Node:         17
  0.1365E+03  0.1184E+03  0.5055E+03 -0.1079E-04
  -1.11E-16
   2.776E-17
  -1.11E-16
   9.714E-17
   1.7E-16
   0.0
   1.573E-16
   -1.341E-16
   -2.452E-16
   3.600440389730123E-16
   -7.400000000000001E-17
   1.697263876557404E-16
   0.3368    0.5285    0.7792
   0.8927    -0.4425    -0.08566
   -0.2996    -0.7244    0.6209
 Node:         18
  0.1341E+03  0.1191E+03  0.5192E+03 -0.1079E-04
   0.0
   0.0
   0.0
   2.645E-17
   1.065E-16
   4.441E-16
   4.697E-16
   -1.672E-33
   -2.562E-17
   4.830198633596759E-16
   1.4802666666666666E-16
   2.2769774721961763E-16
   -0.05484    -0.2207    -0.9738
   0.9705    -0.2411    -6.21E-17
   -0.2348    -0.9451    0.2274
 Node:         19
  0.1301E+03  0.1291E+03  0.4914E+03  0.0000E+00
   1.11E-16
   0.0
   1.11E-16
   2.101E-19
   1.001E-17
  -2.22E-16
   1.113E-16
   1.11E-16
   -2.223E-16
   3.3345010121455954E-16
   0.0
   1.5718988517077046E-16
   -0.02096    -0.9993    -0.03003
   0.9998    -0.02097    1.345E-19
   6.298E-4    0.03003    -0.9995
 Node:         20
  0.1299E+03  0.1291E+03  0.5058E+03  0.0000E+00
   2.22E-16
   0.0
   0.0
   1.041E-17
   1.924E-17
  -5.551E-17
   2.224E-16
   5.975E-18
   -6.188E-17
   2.5715676157744715E-16
   5.549833333333335E-17
   1.2122485995959007E-16
   -0.9993    -0.003257    -0.03765
   0.01428    -0.9549    -0.2965
   -0.03498    -0.2968    0.9543
 Node:         21
  0.1301E+03  0.1280E+03  0.5197E+03  0.0000E+00
   1.11E-16
   0.0
   0.0
   4.163E-17
   1.475E-17
   1.11E-16
   1.534E-16
   7.089E-17
   -2.22E-18
   1.3485280234388901E-16
   7.402333333333333E-17
   6.357022066624871E-17
   -0.6994    -0.0684    -0.7114
   -0.7126    0.1429    0.6869
   -0.05465    -0.9874    0.1487
 Node:         22
  0.1360E+03  0.1256E+03  0.4913E+03  0.0000E+00
  -2.22E-16
   1.388E-17
  -1.11E-16
  -1.388E-17
   1.006E-16
   1.11E-16
   1.5E-16
   -1.456E-16
   -2.264E-16
   3.432090907886911E-16
   -7.4E-17
   1.617903169743686E-16
   -0.02144    0.3586    0.9332
   0.228    0.9106    -0.3447
   -0.9734    0.2054    -0.1013
 Node:         23
  0.1343E+03  0.1253E+03  0.5054E+03  0.0000E+00
   0.0
   2.082E-17
  -4.441E-16
   0.0
   1.314E-16
  -1.665E-16
   1.265E-18
   -1.147E-16
   -4.972E-16
   4.517861703560657E-16
   -2.0354499999999996E-16
   2.1297404313671653E-16
   0.997    0.06061    0.04746
   0.06644    -0.3661    -0.9282
   0.03888    -0.9286    0.369
 Node:         24
  0.1336E+03  0.1248E+03  0.5194E+03  0.0000E+00
  -2.22E-16
   1.214E-17
   0.0
   1.388E-17
   8.674E-19
  -1.665E-16
   6.779E-19
   -1.633E-16
   -2.259E-16
   2.026635838733984E-16
   -1.2950736666666666E-16
   9.553652963763242E-17
   -0.05504    -0.9984    -0.009747
   0.2257    -0.02195    0.974
   -0.9726    0.05141    0.2265
 Node:         25
  0.1400E+03  0.1206E+03  0.4917E+03  0.0000E+00
   0.0
   2.671E-16
  -1.11E-16
  -8.327E-17
  -1.301E-16
   2.22E-16
   3.681E-16
   7.58E-17
   -3.329E-16
   6.098671904603493E-16
   3.699999999999999E-17
   2.8749415066513385E-16
   0.5089    0.4781    -0.7159
   0.6086    0.3883    0.692
   0.6088    -0.7878    -0.09334
 Node:         26
  0.1363E+03  0.1200E+03  0.5055E+03  0.0000E+00
   2.22E-16
   1.076E-16
  -6.106E-16
   2.776E-17
  -1.124E-15
  -5.551E-17
   8.281E-16
   2.248E-16
   -1.497E-15
   2.089815319591662E-15
   -1.4803333333333336E-16
   9.851483892738641E-16
   0.07371    0.6174    -0.7832
   0.9955    0.001018    0.09449
   -0.05914    0.7866    0.6146
 Node:         27
  0.1343E+03  0.1203E+03  0.5192E+03  0.0000E+00
   2.22E-16
  -1.943E-16
   2.22E-16
  -1.041E-16
   1.313E-15
   0.0
   1.466E-15
   1.875E-16
   -1.209E-15
   2.3173691440942246E-15
   1.4816666666666667E-16
   1.0924182908676612E-15
   -0.1693    0.728    0.6643
   0.9848    0.09849    0.1431
   0.03876    0.6785    -0.7336
 Node:         28
  0.1155E+03  0.1124E+03  0.4931E+03 -0.6374E-04
  -2.22E-16
   3.816E-17
   2.22E-16
  -5.551E-17
   5.551E-17
   1.11E-16
   2.455E-16
   1.014E-16
   -2.359E-16
   4.279497984577163E-16
   3.699999999999999E-17
   2.0173746966457835E-16
   0.03184    0.9284    0.3701
   0.1988    0.3571    -0.9127
   0.9795    -0.1026    0.1732
 Node:         29
  0.1119E+03  0.1139E+03  0.5068E+03 -0.6374E-04
  -2.22E-16
  -2.082E-17
   0.0
   5.551E-17
   6.939E-18
  -3.331E-16
   1.944E-18
   -2.004E-16
   -3.566E-16
   3.113642033631998E-16
   -1.8501866666666668E-16
   1.4677849307791052E-16
   -0.09118    0.9958    0.005517
   -0.9179    -0.08189    -0.3884
   -0.3863    -0.04048    0.9215
 Node:         30
  0.1113E+03  0.1159E+03  0.5206E+03 -0.6374E-04
   2.22E-16
   1.249E-16
   2.22E-16
   0.0
  -2.776E-17
   1.11E-16
   3.486E-16
   1.238E-16
   8.277E-17
   2.4787505905193444E-16
   1.8505666666666664E-16
   1.1684942342842583E-16
   -0.7001    -0.7092    0.08287
   -0.4685    0.3686    -0.8029
   -0.5389    0.6009    0.5903
 Node:         31
  0.1203E+03  0.1126E+03  0.4920E+03 -0.6374E-04
  -5.551E-17
   9.714E-17
  -1.11E-16
   2.776E-17
   4.163E-17
  -5.551E-17
   4.114E-17
   -7.661E-17
   -1.866E-16
   1.9726678661143135E-16
   -7.402333333333333E-17
   9.29924550105485E-17
   -0.6956    -0.5654    -0.4433
   0.4358    0.1585    -0.886
   0.5712    -0.8095    0.1362
 Node:         32
  0.1188E+03  0.1134E+03  0.5062E+03 -0.6374E-04
   2.22E-16
  -1.388E-17
  -1.11E-16
  -2.776E-17
   9.714E-17
  -5.551E-17
   2.266E-16
   1.331E-17
   -1.844E-16
   3.5602167644681415E-16
   1.8503333333333345E-17
   1.6783022777663014E-16
   -0.9894    0.07624    0.1236
   0.1445    0.5992    0.7875
   0.01402    -0.797    0.6038
 Node:         33
  0.1183E+03  0.1150E+03  0.5201E+03 -0.6374E-04
   1.11E-16
   5.551E-17
   0.0
   8.327E-17
   0.0
   0.0
   1.7E-16
   0.0
   -5.893E-17
   2.0589037107159722E-16
   3.702333333333333E-17
   9.705765171049398E-17
   -0.8617    -0.2815    -0.4222
   0.0    -0.8321    0.5547
   -0.5074    0.478    0.717
 Node:         34
  0.1255E+03  0.1129E+03  0.4909E+03 -0.6374E-04
   0.0
   0.0
   0.0
   5.551E-17
   9.714E-17
   0.0
   1.119E-16
   3.387E-33
   -1.119E-16
   1.9381648536695736E-16
   0.0
   9.136596740581255E-17
   -0.3508    -0.6139    -0.7071
   0.8682    -0.4961    -4.855E-17
   -0.3508    -0.6139    0.7071
 Node:         35
  0.1260E+03  0.1135E+03  0.5054E+03 -0.6374E-04
   0.0
   1.11E-16
  -1.11E-16
   1.11E-16
   2.498E-16
  -1.11E-16
   2.41E-16
   -1.023E-16
   -3.608E-16
   5.228959647960578E-16
   -7.403333333333333E-17
   2.4649552170824977E-16
   0.5458    0.5925    0.5925
   0.8379    -0.3859    -0.3859
   -4.975E-17    -0.7071    0.7071
 Node:         36
  0.1257E+03  0.1153E+03  0.5196E+03 -0.6374E-04
   0.0
  -5.551E-17
   0.0
  -5.551E-17
   8.327E-17
   0.0
   1.305E-16
   -4.723E-17
   -8.327E-17
   1.982226619234037E-16
   0.0
   9.344305895392481E-17
   -0.5155    0.6059    0.6059
   0.8569    0.3645    0.3645
   -1.256E-16    0.7071    -0.7071
 Node:         37
  0.1132E+03  0.1210E+03  0.4959E+03 -0.6374E-04
  -2.22E-16
   1.388E-16
  -2.22E-16
  -8.327E-17
   1.804E-16
  -2.776E-16
   -4.482E-17
   -1.622E-16
   -5.146E-16
   4.2347200190803645E-16
   -2.4054E-16
   1.9962661612787678E-16
   0.3971    0.7887    0.4693
   -0.7874    0.0301    0.6157
   0.4715    -0.614    0.633
 Node:         38
  0.1111E+03  0.1204E+03  0.5085E+03 -0.6374E-04
  -1.665E-16
   9.714E-17
   0.0
  -2.776E-17
  -8.327E-17
  -2.22E-16
   7.071E-17
   -2.091E-16
   -2.502E-16
   3.0246162913665597E-16
   -1.2953E-16
   1.4258177934084005E-16
   -0.3916    -0.8746    0.2859
   0.9154    -0.3389    0.217
   0.09287    -0.3467    -0.9334
 Node:         39
  0.1119E+03  0.1201E+03  0.5207E+03 -0.6374E-04
  -5.551E-17
  -9.714E-17
  -3.331E-16
  -8.327E-17
  -7.633E-17
  -1.11E-16
   8.934E-18
   -1.105E-16
   -3.981E-16
   3.6239130612640252E-16
   -1.6655533333333335E-16
   1.7083290000335286E-16
   0.851    -0.1281    -0.5092
   0.4076    -0.4503    0.7944
   -0.3311    -0.8836    -0.331
 Node:         40
  0.1191E+03  0.1220E+03  0.4937E+03 -0.6374E-04
   0.0
   8.327E-17
  -2.22E-16
   8.327E-17
  -1.388E-17
  -2.22E-16
   4.872E-17
   -2.082E-16
   -2.846E-16
   3.0244591979393603E-16
   -1.4802666666666666E-16
   1.4257437388566321E-16
   -0.924    -0.2703    -0.2703
   0.0    -0.7071    0.7071
   0.3823    -0.6534    -0.6534
 Node:         41
  0.1182E+03  0.1217E+03  0.5073E+03 -0.6374E-04
   0.0
  -2.776E-17
  -5.551E-17
   5.551E-17
   9.714E-17
   1.11E-16
   1.653E-16
   1.073E-17
   -1.206E-16
   2.478691830381502E-16
   1.8476666666666666E-17
   1.168466534489637E-16
   0.2406    0.3653    0.8993
   -0.8901    0.4526    0.05428
   -0.3871    -0.8135    0.434
 Node:         42
  0.1187E+03  0.1212E+03  0.5204E+03 -0.6374E-04
   0.0
  -5.551E-17
  -1.11E-16
   0.0
   5.551E-17
   1.11E-16
   1.256E-16
   1.887E-17
   -1.444E-16
   2.3552960089975954E-16
   2.3333333333339628E-20
   1.1102971864425409E-16
   0.1113    -0.2517    -0.9614
   0.9295    -0.3159    0.1903
   -0.3516    -0.9148    0.1988
 Node:         43
  0.1258E+03  0.1217E+03  0.4915E+03 -0.6374E-04
   2.22E-16
   1.11E-16
   1.11E-16
  -1.388E-17
   0.0
  -5.551E-17
   2.911E-16
   4.294E-17
   -5.645E-17
   3.1004254562882173E-16
   9.253E-17
   1.4615545764698628E-16
   -0.8507    -0.5246    0.03406
   -0.5213    0.8502    0.07348
   0.06751    -0.04475    0.9967
 Node:         44
  0.1259E+03  0.1220E+03  0.5059E+03 -0.6374E-04
  -2.22E-16
   1.388E-16
  -2.22E-16
   9.714E-17
   1.11E-16
  -1.11E-16
   5.081E-17
   -2.445E-16
   -3.614E-16
   3.679610646522265E-16
   -1.8503E-16
   1.7345850935214064E-16
   -0.5113    -0.534    -0.6733
   -0.5198    -0.4318    0.7372
   -0.6844    0.7269    -0.05679
 Node:         45
  0.1261E+03  0.1221E+03  0.5198E+03 -0.6374E-04
  -5.551E-17
  -8.327E-17
  -2.776E-16
   2.776E-17
  -6.939E-18
   1.11E-16
   1.167E-16
   -3.339E-17
   -3.053E-16
   3.7050374910383835E-16
   -7.399666666666666E-17
   1.7465714229757554E-16
   0.1854    -0.05643    0.981
   0.9302    -0.3117    -0.1938
   -0.3167    -0.9485    0.005308
 Node:         46
  0.1117E+03  0.1296E+03  0.4959E+03  0.0000E+00
  -5.551E-17
   2.776E-17
  -1.665E-16
   6.939E-18
  -2.602E-17
   0.0
   4.101E-18
   -4.897E-17
   -1.772E-16
   1.6144583695778595E-16
   -7.402300000000001E-17
   7.610629740479211E-17
   0.04856    -0.1429    0.9886
   0.9724    0.2327    -0.01414
   -0.228    0.962    0.1502
 Node:         47
  0.1107E+03  0.1269E+03  0.5087E+03  0.0000E+00
  -1.665E-16
  -3.123E-17
   1.11E-16
  -2.776E-17
   3.99E-17
   0.0
   1.289E-16
   -1.114E-17
   -1.732E-16
   2.6185783853075704E-16
   -1.8479999999999997E-17
   1.2344096888796688E-16
   -0.1292    0.939    0.3186
   -0.1008    -0.3321    0.9379
   -0.9865    -0.08906    -0.1376
 Node:         48
  0.1125E+03  0.1242E+03  0.5208E+03  0.0000E+00
   1.11E-16
   3.469E-18
   1.11E-16
   0.0
  -1.735E-18
   1.11E-16
   1.149E-16
   1.11E-16
   1.071E-16
   6.75499814951862E-18
   1.1099999999999999E-16
   3.1843366656181307E-18
   -0.6325    -0.7071    0.3162
   0.4472    -4.455E-15    0.8944
   -0.6325    0.7071    0.3162
 Node:         49
  0.1186E+03  0.1311E+03  0.4938E+03  0.0000E+00
  -1.665E-16
  -2.082E-17
   0.0
  -4.163E-17
  -6.072E-18
  -5.551E-17
   2.581E-18
   -4.165E-17
   -1.83E-16
   1.6789358448433935E-16
   -7.402300000000001E-17
   7.914579473772858E-17
   0.1174    -0.9929    0.01965
   -0.3135    -0.01827    0.9494
   -0.9423    -0.1176    -0.3134
 Node:         50
  0.1180E+03  0.1298E+03  0.5075E+03  0.0000E+00
   0.0
  -1.301E-17
   3.331E-16
  -4.163E-17
   1.247E-17
   2.22E-16
   3.354E-16
   2.276E-16
   -7.879E-18
   3.040655120874448E-16
   1.8504033333333332E-16
   1.4333785701466156E-16
   0.05441    -0.9902    -0.1289
   -0.1707    -0.1364    0.9758
   0.9838    0.03109    0.1765
 Node:         51
  0.1192E+03  0.1275E+03  0.5206E+03  0.0000E+00
   0.0
  -3.469E-18
  -5.551E-17
   0.0
   1.475E-17
   1.11E-16
   1.123E-16
   2.087E-19
   -5.702E-17
   1.491791641607165E-16
   1.849623333333333E-17
   7.03237323931892E-17
   -0.002705    0.08758    0.9962
   0.9982    -0.06004    0.007989
   -0.06051    -0.9943    0.08725
 Node:         52
  0.1262E+03  0.1305E+03  0.4920E+03  0.0000E+00
   1.11E-16
  -1.388E-17
   1.11E-16
   1.301E-18
   4.906E-18
   0.0
   1.25E-16
   9.734E-17
   -2.497E-19
   1.1396559238686912E-16
   7.403009999999999E-17
   5.372389546579809E-17
   -0.7047    0.7092    0.02051
   0.7093    0.7034    0.04493
   -0.01744    -0.04621    0.9988
 Node:         53
  0.1258E+03  0.1304E+03  0.5063E+03  0.0000E+00
  -1.665E-16
  -1.735E-18
  -1.11E-16
   2.776E-17
   3.383E-17
  -2.22E-16
   -1.01E-16
   -1.572E-16
   -2.414E-16
   1.2239330047024632E-16
   -1.6653333333333332E-16
   5.769675515620921E-17
   0.09684    0.9526    0.2883
   -0.9346    0.1866    -0.3027
   -0.3422    -0.2402    0.9084
 Node:         54
  0.1265E+03  0.1288E+03  0.5200E+03  0.0000E+00
  -2.22E-16
   2.082E-17
   1.11E-16
   0.0
  -4.337E-18
   1.11E-16
   1.16E-16
   1.073E-16
   -2.233E-16
   3.350347295430729E-16
   0.0
   1.5793688612860518E-16
   -0.04656    -0.7562    0.6527
   -0.04117    -0.6514    -0.7576
   -0.9981    0.06215    8.061E-4
 Node:         55
  0.1382E+03  0.1167E+03  0.4541E+03 -0.2791E-02
  -0.06081
  -0.00755
   0.05212
   0.00382
   0.01469
   0.03882
   0.06175
   0.02993
   -0.06155
   0.11086927617694634
   0.010043333333333333
   0.052264278006641934
   -0.03533    0.8441    0.535
   -0.07971    0.5312    -0.8435
   -0.9962    -0.07244    0.04852
 Node:         56
  0.1314E+03  0.1156E+03  0.4691E+03 -0.2791E-02
  -0.06423
   0.005546
   0.02752
   0.01862
  -0.001328
   0.004793
   0.02786
   0.009495
   -0.06927
   0.08937403244231513
   -0.010638333333333333
   0.04213132293463168
   -0.05796    -0.9983    0.01067
   0.2446    -0.003838    0.9696
   -0.9679    0.05881    0.2444
 Node:         57
  0.1285E+03  0.1140E+03  0.4824E+03 -0.2791E-02
  -0.01574
   0.007858
  -0.002046
   0.006034
  -0.004164
  -0.002134
   0.002337
   -3.025E-4
   -0.02195
   0.023080723401791375
   -0.0066384999999999994
   0.010880357354731814
   -0.1876    -0.8321    0.5219
   0.4976    0.3776    0.7809
   -0.8469    0.4062    0.3432
 Node:         58
  0.1486E+03  0.1175E+03  0.4544E+03 -0.2791E-02
  -0.06548
  -0.02589
   0.08862
  -0.003973
   0.01272
   0.01748
   0.09509
   0.01528
   -0.06976
   0.14278823515962372
   0.013536666666666664
   0.06731101957001956
   0.1609    -0.9726    -0.1676
   0.005643    -0.1689    0.9856
   -0.9869    -0.1596    -0.02169
 Node:         59
  0.1420E+03  0.1165E+03  0.4700E+03 -0.2791E-02
  -0.06486
  -0.01848
   0.06299
   0.01127
   0.002638
  -0.008315
   0.06562
   -0.006161
   -0.06965
   0.11722059968708572
   -0.003397000000000002
   0.055258320622328
   -0.139    0.9902    0.01412
   0.185    0.01196    0.9827
   -0.9729    -0.1392    0.1848
 Node:         60
  0.1375E+03  0.1150E+03  0.4833E+03 -0.2791E-02
  -0.01477
  -0.001056
   0.008051
   0.007159
  -0.002733
  -0.004387
   0.008934
   -0.001614
   -0.01842
   0.023895012617699114
   -0.0036999999999999997
   0.011264216972342105
   -0.1218    0.9574    -0.2619
   -0.4397    -0.2886    -0.8505
   -0.8899    0.01158    0.4561
 Node:         61
  0.1557E+03  0.1217E+03  0.4542E+03 -0.2791E-02
  -0.03458
  -0.02587
   0.05299
  -0.0227
   0.03124
  -0.05959
   0.07024
   -0.03655
   -0.07487
   0.13024868252692617
   -0.01372666666666667
   0.06139981777026885
   -0.2856    0.9192    0.2711
   0.8618    0.3701    -0.347
   0.4193    -0.1345    0.8978
 Node:         62
  0.1495E+03  0.1201E+03  0.4704E+03 -0.2791E-02
  -0.01154
  -0.03206
   0.04974
  -0.002037
   0.0129
  -0.06509
   0.06469
   -0.025
   -0.06657
   0.11619283239511806
   -0.008960000000000003
   0.054773826474573295
   -0.3881    0.9165    0.0972
   0.921    0.382    0.07613
   -0.03264    -0.1191    0.9923
 Node:         63
  0.1437E+03  0.1181E+03  0.4839E+03 -0.2791E-02
   0.004789
  -0.007843
   0.008484
   0.003812
  -0.003917
  -0.01274
   0.01573
   -0.001398
   -0.0138
   0.025682668163568987
   1.7733333333333373E-4
   0.012106925878282325
   -0.6145    0.7663    -0.1877
   0.7744    0.6313    0.04219
   0.1508    -0.1194    -0.9813
 Node:         64
  0.1415E+03  0.1253E+03  0.4531E+03 -0.2791E-02
  -0.03726
   0.01312
   0.0435
  -0.01187
   0.008311
  -0.00478
   0.0464
   -0.001196
   -0.04374
   0.0781043876872484
   4.879999999999977E-4
   0.036818761449384285
   0.136    0.9824    0.128
   0.3365    0.07573    -0.9386
   -0.9318    0.1707    -0.3203
 Node:         65
  0.1342E+03  0.1229E+03  0.4687E+03 -0.2791E-02
  -0.0349
   0.007003
   0.03859
  -0.00199
   0.002848
  -0.004208
   0.03942
   -0.004208
   -0.03572
   0.06535452596415951
   -1.6933333333333614E-4
   0.030808418993659655
   -0.09204    -0.9939    -0.06069
   -0.07681    -0.05368    0.9956
   -0.9928    0.0963    -0.0714
 Node:         66
  0.1299E+03  0.1214E+03  0.4825E+03 -0.2791E-02
  -0.005277
   0.0011
   0.005673
   0.002685
  -0.001991
  -0.001652
   0.006194
   -4.553E-4
   -0.006996
   0.011423004135953029
   -4.190999999999998E-4
   0.00538485579070291
   -0.03854    -0.9716    0.2333
   0.5097    0.1817    0.841
   0.8595    -0.1513    -0.4882
 Node:         67
  0.1502E+03  0.1242E+03  0.4534E+03 -0.2791E-02
  -0.04104
  -0.01347
   0.03904
  -0.009868
   0.005579
   0.01654
   0.0432
   0.01588
   -0.04454
   0.07776653007560516
   0.004846666666666666
   0.036659493843872
   -0.1825    0.9466    0.2657
   -0.09748    -0.2863    0.9532
   -0.9784    -0.1481    -0.1445
 Node:         68
  0.1434E+03  0.1223E+03  0.4694E+03 -0.2791E-02
  -0.03536
  -0.02336
   0.04169
  -0.003067
   0.006403
   0.007457
   0.04938
   0.006322
   -0.04192
   0.0791105932476808
   0.004594000000000001
   0.03729309129941719
   0.2676    -0.9494    -0.1646
   0.02005    -0.1653    0.986
   -0.9633    -0.2672    -0.02519
 Node:         69
  0.1380E+03  0.1205E+03  0.4831E+03 -0.2791E-02
  -0.004709
  -0.006428
   0.01097
   0.001654
   6.485E-4
  -5.486E-4
   0.01327
   -9.265E-5
   -0.007463
   0.018203567825360503
   0.0019047833333333335
   0.00858124416740111
   -0.3363    0.9417    0.003937
   0.2356    0.08008    0.9686
   0.9118    0.3267    -0.2488
 Node:         70
  0.1559E+03  0.1238E+03  0.4540E+03 -0.2791E-02
  -0.03414
  -0.01646
  -0.003066
  -0.02135
   0.01422
   0.05443
   0.064
   -0.003323
   -0.04345
   0.09404271624639518
   0.005742333333333333
   0.04433216158601889
   0.2465    -0.2585    -0.934
   0.2633    -0.9096    0.3213
   -0.9327    -0.3252    -0.1562
 Node:         71
  0.1496E+03  0.1220E+03  0.4702E+03 -0.2791E-02
  -0.02308
  -0.03585
   0.02395
  -0.01821
   0.01888
   0.01943
   0.05945
   0.004179
   -0.04333
   0.08909466011495863
   0.006766333333333335
   0.04199962555653192
   -0.4329    0.7233    0.5381
   0.1448    -0.5334    0.8334
   0.8898    0.4387    0.1261
 Node:         72
  0.1435E+03  0.1199E+03  0.4838E+03 -0.2791E-02
  -0.001408
  -0.01219
   0.01002
  -0.001418
   0.003306
   4.764E-4
   0.01847
   -1.884E-4
   -0.009195
   0.024439792952478136
   0.0030288666666666675
   0.01152102888499499
   -0.5229    0.8301    0.1937
   0.1569    -0.1296    0.9791
   0.8379    0.5423    -0.06248
 Node:         73
  0.1448E+03  0.1339E+03  0.4527E+03  0.0000E+00
   0.01001
  -0.009176
  -0.03334
   0.00524
  -0.005485
   0.0319
   0.03393
   0.01013
   -0.03548
   0.06109198065212815
   0.0028600000000000014
   0.02879903586349145
   -0.2538    0.113    -0.9606
   0.9484    -0.1661    -0.2701
   0.1901    0.9796    0.06496
 Node:         74
  0.1370E+03  0.1304E+03  0.4685E+03  0.0000E+00
   0.02726
  -0.01395
  -0.01961
   7.113E-4
  -0.009353
   0.01714
   0.03185
   0.01823
   -0.0253
   0.05170342251727636
   0.00826
   0.0243732271150129
   0.9275    -0.2935    0.2314
   -0.2792    -0.1321    0.9511
   -0.2486    -0.9468    -0.2045
 Node:         75
  0.1313E+03  0.1289E+03  0.4826E+03  0.0000E+00
   0.008265
  -0.005733
  -0.003273
  -0.00328
  -0.001796
   7.541E-4
   0.01118
   0.001368
   -0.006807
   0.015598688053807604
   0.0019136666666666668
   0.0073532920669739646
   -0.9141    0.3339    0.23
   0.06831    -0.4323    0.8991
   0.3997    0.8376    0.3724
 Node:         76
  0.1518E+03  0.1310E+03  0.4530E+03  0.0000E+00
   0.0123
  -0.01229
  -0.04883
  -2.606E-5
   0.01277
   0.05075
   0.05242
   0.01452
   -0.05272
   0.09222810634508334
   0.0047399999999999986
   0.04347674627506832
   0.04042    -0.1299    -0.9907
   0.982    -0.1777    0.06336
   0.1843    0.9755    -0.1204
 Node:         77
  0.1448E+03  0.1282E+03  0.4691E+03  0.0000E+00
   0.04286
  -0.006197
  -0.02745
  -0.00428
   0.008653
   0.01952
   0.04445
   0.01987
   -0.02939
   0.06512706656989857
   0.011643333333333334
   0.030701193606908653
   -0.9728    0.1085    0.2047
   0.2194    0.1476    0.9644
   0.0744    0.9831    -0.1674
 Node:         78
  0.1385E+03  0.1261E+03  0.4829E+03  0.0000E+00
   0.0176
  -9.785E-4
  -0.002738
  -0.003306
  -6.201E-4
   2.649E-4
   0.01824
   -1.118E-4
   -0.003005
   0.019956317226382227
   0.005041066666666667
   0.009407498158856524
   -0.9829    0.04054    0.1794
   0.1608    -0.2832    0.9455
   -0.08913    -0.9582    -0.2718
 Node:         79
  0.1561E+03  0.1259E+03  0.4537E+03  0.0000E+00
   0.01584
   0.02716
   0.05262
   0.01135
  -5.734E-4
  -0.1367
   0.06715
   0.00219
   -0.1376
   0.18122307827647116
   -0.022753333333333334
   0.08542937837119552
   0.4719    0.8813    0.02379
   0.8784    -0.4723    0.0737
   -0.07619    0.01388    0.997
 Node:         80
  0.1498E+03  0.1240E+03  0.4700E+03  0.0000E+00
   0.04614
   0.02159
   0.02683
   0.00183
  -0.003493
  -0.1149
   0.06014
   0.01295
   -0.115
   0.15695878153196782
   -0.013970000000000002
   0.07399107919202152
   0.839    0.5441    -0.002088
   -0.5439    0.8386    -0.03069
   -0.01495    0.02689    0.9995
 Node:         81
  0.1433E+03  0.1217E+03  0.4837E+03  0.0000E+00
   0.0192
   0.003566
   0.00176
  -0.003344
  -8.514E-4
  -0.01616
   0.02023
   0.001061
   -0.01649
   0.03181074159776852
   0.0016003333333333332
   0.014995727398903405
   -0.9767    -0.193    0.09429
   -0.1948    0.9808    -0.01066
   0.09042    0.02878    0.9955
 Node:         82
  0.1267E+03  0.1149E+03  0.4571E+03 -0.2542E-01
  -0.0241
  -0.001835
   0.01778
   0.005547
   0.0138
   0.005514
   0.02679
   -0.002013
   -0.02559
   0.04543760632999939
   -2.710000000000004E-4
   0.021419493037884912
   0.02976    0.8351    0.5493
   -0.247    0.5387    -0.8055
   0.9686    0.1117    -0.2223
 Node:         83
  0.1234E+03  0.1130E+03  0.4724E+03 -0.2542E-01
  -0.02742
   0.003712
   0.00858
   0.02579
   0.005654
  -0.01716
   0.0134
   -8.083E-4
   -0.04859
   0.05624822994450581
   -0.011999433333333332
   0.026515669882333517
   0.3619    0.8131    0.4559
   -0.5226    0.5819    -0.6231
   -0.7719    -0.01274    0.6356
 Node:         84
  0.1187E+03  0.1123E+03  0.4849E+03 -0.2542E-01
  -0.003837
   9.365E-4
   6.296E-4
   0.009585
  -4.031E-4
  -0.01677
   0.001663
   2.535E-4
   -0.0219
   0.0228908193551476
   -0.006661166666666666
   0.010790835728627428
   -0.7542    -0.5353    -0.3804
   0.4587    -0.8439    0.2782
   0.4699    -0.03532    -0.882
 Node:         85
  0.1302E+03  0.1162E+03  0.4559E+03 -0.2542E-01
  -0.0271
  -3.765E-4
   0.02174
   0.007418
   0.02018
   0.01293
   0.03828
   -0.001916
   -0.0288
   0.058473046234996176
   0.0025213333333333338
   0.02756445833960021
   0.06742    0.7709    0.6333
   -0.2281    0.6299    -0.7424
   -0.9713    -0.09441    0.2183
 Node:         86
  0.1252E+03  0.1138E+03  0.4707E+03 -0.2542E-01
  -0.0161
   0.01672
   0.03558
   0.04905
   0.01977
  -0.008145
   0.06222
   0.01046
   -0.06134
   0.10747420899918268
   0.0037799999999999986
   0.05066382799065489
   -0.4816    -0.6968    -0.5315
   0.4806    -0.7171    0.5047
   0.7329    0.01239    -0.6803
 Node:         87
  0.1217E+03  0.1126E+03  0.4834E+03 -0.2542E-01
  -0.007554
   6.096E-4
   0.001479
   0.01246
  -0.002021
  -0.01558
   0.002275
   8.812E-4
   -0.02481
   0.026415692882072957
   -0.0072179333333333325
   0.012452477044436668
   -0.5182    0.7308    -0.4444
   0.6234    0.6784    0.3887
   0.5855    -0.07561    -0.8071
 Node:         88
  0.1338E+03  0.1169E+03  0.4543E+03 -0.2542E-01
  -0.04305
  -0.00489
   0.01678
   0.00639
   0.02487
   0.03049
   0.04948
   -7.412E-4
   -0.04452
   0.08147009346649849
   0.0014062666666666696
   0.03840537036937528
   0.02321    0.603    0.7974
   -0.1801    0.7871    -0.5899
   0.9834    0.1299    -0.1268
 Node:         89
  0.1270E+03  0.1150E+03  0.4691E+03 -0.2542E-01
  -0.05141
   0.008265
   0.009686
   0.02257
   0.0064
  -0.004615
   0.01672
   -0.002134
   -0.06092
   0.07013999113202112
   -0.015444666666666667
   0.03306430890787763
   0.2729    0.8031    0.5297
   -0.2519    0.591    -0.7663
   -0.9285    0.07573    0.3636
 Node:         90
  0.1248E+03  0.1132E+03  0.4822E+03 -0.2542E-01
  -0.01333
   0.007728
  -0.003574
   0.006792
  -0.003762
  -0.003907
   6.872E-4
   -4.003E-4
   -0.0211
   0.021264316591181574
   -0.006937700000000001
   0.010024094972614734
   0.4785    0.878    -0.01151
   0.3665    -0.1878    0.9113
   -0.7979    0.4403    0.4116
 Node:         91
  0.1261E+03  0.1265E+03  0.4554E+03 -0.2542E-01
  -0.02147
   0.02039
   0.03706
  -0.00139
   0.0199
   0.003297
   0.05082
   -0.00219
   -0.02975
   0.07092650632873439
   0.006293333333333334
   0.033435075727279114
   -0.2458    -0.8966    -0.3683
   -0.3517    -0.2716    0.8959
   -0.9033    0.3497    -0.2486
 Node:         92
  0.1210E+03  0.1235E+03  0.4728E+03 -0.2542E-01
  -0.03098
   0.006536
   0.02367
   0.006973
   0.01428
   0.01167
   0.03448
   0.002319
   -0.03243
   0.05796020627119955
   0.0014563333333333327
   0.027322703262224173
   -0.141    -0.8192    -0.5559
   0.06054    -0.5676    0.8211
   -0.9882    0.08213    0.1296
 Node:         93
  0.1159E+03  0.1217E+03  0.4877E+03 -0.2542E-01
  -0.00535
  -0.001531
   0.002098
   0.005461
   0.004474
  -0.002992
   0.00497
   -1.875E-4
   -0.01103
   0.014144956919340547
   -0.0020825
   0.006667996638171518
   0.1862    0.7966    0.5752
   -0.6874    0.5239    -0.503
   -0.702    -0.3018    0.6451
 Node:         94
  0.1315E+03  0.1266E+03  0.4545E+03 -0.2542E-01
  -0.02598
   0.01956
   0.04104
  -0.01035
   0.019
   0.01819
   0.05376
   0.01516
   -0.03567
   0.07768968335628612
   0.011083333333333336
   0.03662326795297705
   0.1626    0.8892    0.4277
   0.3796    0.3437    -0.8589
   0.9108    -0.302    0.2816
 Node:         95
  0.1251E+03  0.1237E+03  0.4709E+03 -0.2542E-01
  -0.04443
   0.004097
   0.02633
   0.004549
   0.009424
   0.02723
   0.03667
   0.01734
   -0.04489
   0.07381820710366786
   0.003040000000000001
   0.03479823654535768
   0.07523    0.6876    0.7221
   0.00273    -0.7243    0.6894
   -0.9972    0.0499    0.05637
 Node:         96
  0.1205E+03  0.1222E+03  0.4852E+03 -0.2542E-01
  -0.009293
  -0.001196
   0.002096
   0.006542
   0.002857
  -0.001701
   0.004146
   4.118E-4
   -0.01346
   0.016067705512611313
   -0.0029674
   0.007574389017383955
   0.2412    0.7378    0.6304
   -0.4757    0.6561    -0.5858
   -0.8459    -0.1586    0.5093
 Node:         97
  0.1371E+03  0.1261E+03  0.4533E+03 -0.2542E-01
  -0.04357
   0.01452
   0.04072
  -0.008364
   0.01964
   0.02033
   0.05336
   0.01216
   -0.04804
   0.08832734570901583
   0.005826666666666665
   0.0416379100767024
   0.08722    0.8658    0.4927
   0.2479    0.4602    -0.8525
   -0.9649    0.1965    -0.1745
 Node:         98
  0.1298E+03  0.1234E+03  0.4688E+03 -0.2542E-01
  -0.03958
   0.009821
   0.03171
   0.005861
   0.01062
   0.01579
   0.03868
   0.01049
   -0.04125
   0.07021576959629511
   0.0026399999999999987
   0.033100031218514986
   0.1443    0.8831    0.4465
   0.01545    -0.4532    0.8913
   -0.9894    0.1217    0.07901
 Node:         99
  0.1260E+03  0.1218E+03  0.4827E+03 -0.2542E-01
  -0.007278
   0.002271
   0.003743
   0.004054
  -5.656E-4
  -0.001357
   0.004205
   6.266E-4
   -0.009724
   0.012529104276044638
   -0.0016308
   0.0059062763971896885
   -0.2126    -0.9755    -0.05574
   0.4189    -0.1425    0.8968
   -0.8828    0.1673    0.439
 Node:        100
  0.1254E+03  0.1379E+03  0.4538E+03  0.0000E+00
   0.00307
  -5.678E-4
   0.0177
  -6.876E-4
   6.223E-4
  -0.01616
   0.01774
   0.003071
   -0.0162
   0.029482830613765696
   0.0015370000000000002
   0.013898339637045377
   0.03957    -0.999    -0.01914
   0.9986    0.04021    -0.0344
   0.03513    -0.01775    0.9992
 Node:        101
  0.1189E+03  0.1340E+03  0.4718E+03  0.0000E+00
   0.01243
  -7.877E-4
   0.01628
  -0.00687
  -0.004458
  -0.02487
   0.01676
   0.01365
   -0.02657
   0.041861733122268124
   0.0012799999999999999
   0.019733810241984864
   -0.01616    0.9945    -0.1038
   0.9845    -0.002305    -0.1753
   0.1746    0.1051    0.979
 Node:        102
  0.1139E+03  0.1312E+03  0.4875E+03  0.0000E+00
   0.005616
  -0.001845
  -0.003115
  -0.00275
  -0.004274
  -0.004276
   0.006395
   5.898E-4
   -0.008761
   0.013244662013052654
   -5.920666666666668E-4
   0.006243593549302266
   -0.9725    0.09268    0.2135
   0.06665    -0.768    0.6369
   -0.223    -0.6337    -0.7408
 Node:        103
  0.1328E+03  0.1369E+03  0.4532E+03  0.0000E+00
   0.00663
  -0.003484
   0.02076
  -5.272E-4
  -3.383E-4
  -0.02281
   0.02158
   0.00583
   -0.02283
   0.03899811662119082
   0.0015266666666666658
   0.018383888477565228
   -0.2269    0.9739    -0.004729
   0.9737    0.2267    -0.0206
   0.01899    0.009278    0.9998
 Node:        104
  0.1253E+03  0.1333E+03  0.4703E+03  0.0000E+00
   0.01482
  -0.003681
   0.008772
  -0.008043
  -0.006462
  -0.02388
   0.01719
   0.009415
   -0.02688
   0.04074274505970357
   -9.166666666666698E-5
   0.019206314210580736
   -0.9418    0.3075    0.1361
   -0.2686    -0.9314    0.2457
   -0.2023    -0.1948    -0.9598
 Node:        105
  0.1201E+03  0.1317E+03  0.4854E+03  0.0000E+00
   0.004246
  -0.003171
  -0.004625
  -0.004066
  -0.004265
  -0.003939
   0.006123
   -9.764E-5
   -0.01034
   0.01439848376356344
   -0.0014382133333333336
   0.006787510338680074
   0.9371    -0.1518    -0.3143
   0.1121    -0.7219    0.6828
   0.3305    0.6751    0.6595
 Node:        106
  0.1403E+03  0.1352E+03  0.4527E+03  0.0000E+00
   0.009597
  -0.003132
   0.005158
   0.003545
  -0.007735
  -0.006135
   0.01382
   0.005031
   -0.01023
   0.02107779805862083
   0.0028736666666666667
   0.00993616929315429
   -0.7311    0.5822    -0.3556
   0.676    0.6886    -0.2624
   -0.09212    0.4322    0.897
 Node:        107
  0.1325E+03  0.1317E+03  0.4687E+03  0.0000E+00
   0.02158
  -0.008985
   0.00318
  -0.004312
  -0.013
  -0.007574
   0.02527
   0.01008
   -0.01816
   0.03817327992195588
   0.00573
   0.017995056728631522
   0.9183    -0.3944    0.03559
   -0.3324    -0.7187    0.6107
   -0.2153    -0.5726    -0.791
 Node:        108
  0.1273E+03  0.1304E+03  0.4831E+03  0.0000E+00
   0.00514
  -0.00467
  -0.003035
  -0.00426
  -0.002851
  -0.001264
   0.00817
   7.964E-4
   -0.008125
   0.01413308847916831
   2.8046666666666636E-4
   0.006662401801819588
   -0.9012    0.2947    0.3179
   0.05977    -0.6418    0.7645
   0.4293    0.708    0.5608
 Node:        109
  0.1018E+03  0.1092E+03  0.4946E+03 -0.1413E-04
   0.0
   1.388E-16
   1.11E-16
   5.551E-17
  -1.388E-17
   0.0
   2.069E-16
   2.266E-17
   -1.186E-16
   2.827092280064448E-16
   3.698666666666666E-17
   1.3327040815158061E-16
   -0.5724    -0.814    -0.09897
   0.2904    -0.3141    0.9039
   0.7668    -0.4887    -0.4162
 Node:        110
  0.1058E+03  0.1118E+03  0.5081E+03 -0.1413E-04
   0.0
   2.776E-17
   0.0
  -1.388E-17
  -5.204E-17
   2.22E-16
   2.353E-16
   1.788E-17
   -3.112E-17
   2.456135916434593E-16
   7.402E-17
   1.157833574684491E-16
   -0.08376    -0.2246    0.9708
   0.7726    0.6007    0.2056
   0.6293    -0.7673    -0.1232
 Node:        111
  0.1108E+03  0.1137E+03  0.5210E+03 -0.1413E-04
   0.0
   5.551E-17
  -1.11E-16
  -2.776E-17
   3.261E-16
  -2.22E-16
   1.68E-16
   2.779E-18
   -5.038E-16
   6.063148942925615E-16
   -1.1100700000000001E-16
   2.8581958219244996E-16
   0.1486    0.7638    0.6281
   0.9825    -0.0417    -0.1818
   0.1126    -0.6441    0.7566
 Node:        112
