 Group name: gastroc_Strain
 #Fields=  16
 1) coordinates, coordinate, rectangular cartesian, #Components=3
   x.  Value index= 1, #Derivatives=0
   y.  Value index= 2, #Derivatives=0
   z.  Value index= 3, #Derivatives=0
 2) Tensor_1, field, rectangular cartesian, #Components=1
   Tensor_1.  Value index= 4, #Derivatives=0
 3) Tensor_2, field, rectangular cartesian, #Components=1
   Tensor_2.  Value index= 5, #Derivatives=0
 4) Tensor_3, field, rectangular cartesian, #Components=1
   Tensor_3.  Value index= 6, #Derivatives=0
 5) Tensor_4, field, rectangular cartesian, #Components=1
   Tensor_4.  Value index= 7, #Derivatives=0
 6) Tensor_5, field, rectangular cartesian, #Components=1
   Tensor_5.  Value index= 8, #Derivatives=0
 7) Tensor_6, field, rectangular cartesian, #Components=1
   Tensor_6.  Value index= 9, #Derivatives=0
 8) Principal_1, field, rectangular cartesian, #Components=1
   Principal_1.  Value index= 10, #Derivatives=0
 9) Principal_2, field, rectangular cartesian, #Components=1
   Principal_2.  Value index= 11, #Derivatives=0
 10) Principal_3, field, rectangular cartesian, #Components=1
   Principal_3.  Value index= 12, #Derivatives=0
 11) VonMises, field, rectangular cartesian, #Components=1
   VonMises.  Value index= 13, #Derivatives=0
 12) Hydrostatic, field, rectangular cartesian, #Components=1
   VonMises.  Value index= 14, #Derivatives=0
 13) Octahedral, field, rectangular cartesian, #Components=1
   VonMises.  Value index= 15, #Derivatives=0
 14) PrincipalVector1, field, rectangular cartesian, #Components=3
   x.  Value index= 16, #Derivatives=0
   y.  Value index= 17, #Derivatives=0
   z.  Value index= 18, #Derivatives=0
 15) PrincipalVector2, field, rectangular cartesian, #Components=3
   x.  Value index= 19, #Derivatives=0
   y.  Value index= 20, #Derivatives=0
   z.  Value index= 21, #Derivatives=0
 16) PrincipalVector3, field, rectangular cartesian, #Components=3
   x.  Value index= 22, #Derivatives=0
   y.  Value index= 23, #Derivatives=0
   z.  Value index= 24, #Derivatives=0
 Node:          1
  0.1287E+03  0.1133E+03  0.4908E+03 -0.1669E-04
  -1.11E-16
  -8.327E-17
  -2.22E-16
  -2.776E-17
  -4.163E-17
  -3.331E-16
   -6.637E-17
   -2.4E-16
   -3.598E-16
   2.5553921597281306E-16
   -2.2205666666666663E-16
   1.204623416489799E-16
   0.8837    -0.4676    -0.01897
   0.4046    0.7837    -0.4712
   0.2352    0.4088    0.8818
 Node:          2
  0.1292E+03  0.1137E+03  0.5052E+03 -0.1669E-04
  -5.551E-17
  -1.11E-16
  -1.665E-16
  -5.551E-17
   1.943E-16
  -2.776E-16
   8.603E-17
   -1.6E-16
   -4.256E-16
   4.4319260925696854E-16
   -1.6652333333333334E-16
   2.089229995849082E-16
   -0.6554    0.6199    0.4313
   0.7522    0.4849    0.4462
   -0.06744    -0.6169    0.7841
 Node:          3
  0.1289E+03  0.1155E+03  0.5194E+03 -0.1669E-04
   2.22E-16
   1.388E-16
   3.331E-16
   1.11E-16
   5.551E-17
   2.22E-16
   4.753E-16
   2.118E-16
   9.006E-17
   3.4107384479024473E-16
   2.590533333333333E-16
   1.6078375235770005E-16
   -0.5696    -0.7144    -0.4063
   0.2395    -0.6172    0.7494
   -0.7862    0.3296    0.5227
 Node:          4
  0.1361E+03  0.1141E+03  0.4915E+03 -0.1669E-04
   0.0
  -2.776E-17
  -1.11E-16
  -2.776E-17
  -8.327E-17
   2.22E-16
   2.435E-16
   6.328E-18
   -1.388E-16
   3.3426485304919515E-16
   3.700933333333334E-17
   1.5757396286894045E-16
   -0.08549    -0.2215    0.9714
   0.9681    -0.2491    0.0284
   0.2357    0.9428    0.2357
 Node:          5
  0.1341E+03  0.1144E+03  0.5054E+03 -0.1669E-04
   3.331E-16
   1.388E-16
   3.331E-16
   5.551E-17
  -6.939E-17
   4.441E-16
   4.814E-16
   4.627E-16
   1.662E-16
   3.062784517395894E-16
   3.7010000000000004E-16
   1.4438104677092028E-16
   -0.348    -0.6443    0.681
   -0.6589    -0.3487    -0.6665
   0.6669    -0.6807    -0.3032
 Node:          6
  0.1323E+03  0.1162E+03  0.5191E+03 -0.1669E-04
   2.22E-16
   5.551E-17
   2.22E-16
  -5.551E-17
  -2.776E-17
   0.0
   2.897E-16
   1.685E-16
   -1.402E-17
   2.648101478418076E-16
   1.4806E-16
   1.2483270084396958E-16
   -0.715    -0.6696    0.2012
   0.6656    -0.7399    -0.09741
   -0.2141    -0.06426    -0.9747
 Node:          7
  0.1408E+03  0.1171E+03  0.4920E+03 -0.1669E-04
   3.331E-16
   2.22E-16
   2.22E-16
  -8.327E-17
  -1.11E-16
   0.0
   5.398E-16
   6.158E-17
   -4.631E-17
   5.403052621435404E-16
   1.8502333333333335E-16
   2.5470234318164845E-16
   -0.7537    -0.6111    0.2419
   -0.656    0.677    -0.3335
   -0.04004    0.4101    0.9112
 Node:          8
  0.1367E+03  0.1169E+03  0.5055E+03 -0.1669E-04
   2.22E-16
   1.943E-16
   2.22E-16
  -4.025E-16
  -2.359E-16
  -2.22E-16
   6.547E-16
   4.477E-17
   -4.775E-16
   9.814930967154074E-16
   7.399000000000001E-17
   4.626802829168323E-16
   -0.6847    -0.5611    0.4652
   0.5685    -0.8105    -0.1409
   -0.4561    -0.1681    -0.8739
 Node:          9
  0.1339E+03  0.1180E+03  0.5191E+03 -0.1669E-04
   2.22E-16
   1.665E-16
   0.0
  -3.955E-16
  -2.776E-16
   6.661E-16
   1.002E-15
   -9.379E-18
   -1.046E-16
   1.062195387036208E-15
   2.96007E-16
   5.007237074122481E-16
   -0.4817    -0.3073    0.8207
   -0.8565    -0.03292    -0.515
   -0.1853    0.951    0.2474
 Node:         10
  0.1294E+03  0.1212E+03  0.4911E+03 -0.1669E-04
   0.0
   2.776E-17
   1.11E-16
  -1.388E-17
   1.249E-16
   1.11E-16
   2.363E-16
   2.303E-17
   -3.732E-17
   2.48992088026909E-16
   7.400333333333333E-17
   1.173759959370834E-16
   0.0421    0.71    0.703
   -0.7813    -0.4152    0.4661
   -0.6228    0.5688    -0.5372
 Node:         11
  0.1295E+03  0.1214E+03  0.5055E+03 -0.1669E-04
  -2.22E-16
  -2.776E-17
  -2.22E-16
  -4.163E-17
   1.388E-17
  -1.665E-16
   -1.365E-16
   -2.183E-16
   -2.558E-16
   1.0566451627675205E-16
   -2.035333333333333E-16
   4.9810730660058464E-17
   -0.4935    0.2929    0.8189
   0.3541    -0.7924    0.4968
   -0.7944    -0.5351    -0.2873
 Node:         12
  0.1295E+03  0.1217E+03  0.5196E+03 -0.1669E-04
   1.11E-16
   0.0
   1.11E-16
   7.633E-17
   2.776E-17
   2.22E-16
   2.649E-16
   1.11E-16
   6.816E-17
   1.792025435087348E-16
   1.4801999999999999E-16
   8.447688914726913E-17
   -0.4387    -0.1595    -0.8844
   0.3417    -0.9398    -2.255E-17
   0.8311    0.3022    -0.4668
 Node:         13
  0.1361E+03  0.1199E+03  0.4914E+03 -0.1669E-04
   1.11E-16
  -1.388E-16
   0.0
  -9.714E-17
   2.776E-17
  -1.665E-16
   2.285E-16
   -8.52E-17
   -1.988E-16
   3.833392361864358E-16
   -1.849999999999999E-17
   1.807078489348669E-16
   0.8171    -0.5252    -0.2378
   0.4648    0.8442    -0.2671
   0.341    0.1077    0.9339
 Node:         14
  0.1342E+03  0.1198E+03  0.5054E+03 -0.1669E-04
  -5.551E-17
   2.776E-17
   0.0
   5.551E-17
  -9.021E-17
   1.11E-16
   1.672E-16
   -4.94E-18
   -1.068E-16
   2.398787602102362E-16
   1.8486666666666665E-17
   1.130799320048532E-16
   0.1634    -0.4472    0.8794
   -0.6569    -0.7144    -0.2412
   -0.7361    0.5382    0.4105
 Node:         15
  0.1330E+03  0.1205E+03  0.5193E+03 -0.1669E-04
   2.22E-16
  -8.327E-17
  -5.551E-17
   1.388E-17
   4.857E-17
   0.0
   2.451E-16
   2.471E-17
   -1.033E-16
   3.0523832672192397E-16
   5.550333333333333E-17
   1.438907271354049E-16
   -0.9638    0.2667    -0.001723
   0.1157    0.4239    0.8983
   0.2403    0.8656    -0.4394
 Node:         16
  0.1404E+03  0.1188E+03  0.4918E+03 -0.1669E-04
   2.22E-16
   5.551E-17
   2.22E-16
  -8.327E-17
  -1.457E-16
   4.441E-16
   5.466E-16
   1.95E-16
   1.465E-16
   3.7818964819254375E-16
   2.9603333333333337E-16
   1.7828030987433498E-16
   -0.2927    -0.4328    0.8526
   -0.9222    -0.1077    -0.3713
   -0.2526    0.895    0.3676
 Node:         17
  0.1365E+03  0.1184E+03  0.5055E+03 -0.1669E-04
  -1.11E-16
   2.776E-17
  -1.11E-16
   9.714E-17
   1.7E-16
   0.0
   1.573E-16
   -1.341E-16
   -2.452E-16
   3.600440389730123E-16
   -7.400000000000001E-17
   1.697263876557404E-16
   0.3368    0.5285    0.7792
   0.8927    -0.4425    -0.08566
   -0.2996    -0.7244    0.6209
 Node:         18
  0.1341E+03  0.1191E+03  0.5192E+03 -0.1669E-04
   0.0
   0.0
   0.0
   2.645E-17
   1.065E-16
   4.441E-16
   4.697E-16
   -1.672E-33
   -2.562E-17
   4.830198633596759E-16
   1.4802666666666666E-16
   2.2769774721961763E-16
   -0.05484    -0.2207    -0.9738
   0.9705    -0.2411    -6.21E-17
   -0.2348    -0.9451    0.2274
 Node:         19
  0.1301E+03  0.1291E+03  0.4914E+03  0.0000E+00
   1.11E-16
   0.0
   1.11E-16
   2.101E-19
   1.001E-17
  -2.22E-16
   1.113E-16
   1.11E-16
   -2.223E-16
   3.3345010121455954E-16
   0.0
   1.5718988517077046E-16
   -0.02096    -0.9993    -0.03003
   0.9998    -0.02097    1.345E-19
   6.298E-4    0.03003    -0.9995
 Node:         20
  0.1299E+03  0.1291E+03  0.5058E+03  0.0000E+00
   2.22E-16
   0.0
   0.0
   1.041E-17
   1.924E-17
  -5.551E-17
   2.224E-16
   5.975E-18
   -6.188E-17
   2.5715676157744715E-16
   5.549833333333335E-17
   1.2122485995959007E-16
   -0.9993    -0.003257    -0.03765
   0.01428    -0.9549    -0.2965
   -0.03498    -0.2968    0.9543
 Node:         21
  0.1301E+03  0.1280E+03  0.5197E+03  0.0000E+00
   1.11E-16
   0.0
   0.0
   4.163E-17
   1.475E-17
   1.11E-16
   1.534E-16
   7.089E-17
   -2.22E-18
   1.3485280234388901E-16
   7.402333333333333E-17
   6.357022066624871E-17
   -0.6994    -0.0684    -0.7114
   -0.7126    0.1429    0.6869
   -0.05465    -0.9874    0.1487
 Node:         22
  0.1360E+03  0.1256E+03  0.4913E+03  0.0000E+00
  -2.22E-16
   1.388E-17
  -1.11E-16
  -1.388E-17
   1.006E-16
   1.11E-16
   1.5E-16
   -1.456E-16
   -2.264E-16
   3.432090907886911E-16
   -7.4E-17
   1.617903169743686E-16
   -0.02144    0.3586    0.9332
   0.228    0.9106    -0.3447
   -0.9734    0.2054    -0.1013
 Node:         23
  0.1343E+03  0.1253E+03  0.5054E+03  0.0000E+00
   0.0
   2.082E-17
  -4.441E-16
   0.0
   1.314E-16
  -1.665E-16
   1.265E-18
   -1.147E-16
   -4.972E-16
   4.517861703560657E-16
   -2.0354499999999996E-16
   2.1297404313671653E-16
   0.997    0.06061    0.04746
   0.06644    -0.3661    -0.9282
   0.03888    -0.9286    0.369
 Node:         24
  0.1336E+03  0.1248E+03  0.5194E+03  0.0000E+00
  -2.22E-16
   1.214E-17
   0.0
   1.388E-17
   8.674E-19
  -1.665E-16
   6.779E-19
   -1.633E-16
   -2.259E-16
   2.026635838733984E-16
   -1.2950736666666666E-16
   9.553652963763242E-17
   -0.05504    -0.9984    -0.009747
   0.2257    -0.02195    0.974
   -0.9726    0.05141    0.2265
 Node:         25
  0.1400E+03  0.1206E+03  0.4917E+03  0.0000E+00
   0.0
   2.671E-16
  -1.11E-16
  -8.327E-17
  -1.301E-16
   2.22E-16
   3.681E-16
   7.58E-17
   -3.329E-16
   6.098671904603493E-16
   3.699999999999999E-17
   2.8749415066513385E-16
   0.5089    0.4781    -0.7159
   0.6086    0.3883    0.692
   0.6088    -0.7878    -0.09334
 Node:         26
  0.1363E+03  0.1200E+03  0.5055E+03  0.0000E+00
   2.22E-16
   1.076E-16
  -6.106E-16
   2.776E-17
  -1.124E-15
  -5.551E-17
   8.281E-16
   2.248E-16
   -1.497E-15
   2.089815319591662E-15
   -1.4803333333333336E-16
   9.851483892738641E-16
   0.07371    0.6174    -0.7832
   0.9955    0.001018    0.09449
   -0.05914    0.7866    0.6146
 Node:         27
  0.1343E+03  0.1203E+03  0.5192E+03  0.0000E+00
   2.22E-16
  -1.943E-16
   2.22E-16
  -1.041E-16
   1.313E-15
   0.0
   1.466E-15
   1.875E-16
   -1.209E-15
   2.3173691440942246E-15
   1.4816666666666667E-16
   1.0924182908676612E-15
   -0.1693    0.728    0.6643
   0.9848    0.09849    0.1431
   0.03876    0.6785    -0.7336
 Node:         28
  0.1155E+03  0.1124E+03  0.4931E+03 -0.9866E-04
  -2.22E-16
   3.816E-17
   2.22E-16
  -5.551E-17
   5.551E-17
   1.11E-16
   2.455E-16
   1.014E-16
   -2.359E-16
   4.279497984577163E-16
   3.699999999999999E-17
   2.0173746966457835E-16
   0.03184    0.9284    0.3701
   0.1988    0.3571    -0.9127
   0.9795    -0.1026    0.1732
 Node:         29
  0.1119E+03  0.1139E+03  0.5068E+03 -0.9866E-04
  -2.22E-16
  -2.082E-17
   0.0
   5.551E-17
   6.939E-18
  -3.331E-16
   1.944E-18
   -2.004E-16
   -3.566E-16
   3.113642033631998E-16
   -1.8501866666666668E-16
   1.4677849307791052E-16
   -0.09118    0.9958    0.005517
   -0.9179    -0.08189    -0.3884
   -0.3863    -0.04048    0.9215
 Node:         30
  0.1113E+03  0.1159E+03  0.5206E+03 -0.9866E-04
   2.22E-16
   1.249E-16
   2.22E-16
   0.0
  -2.776E-17
   1.11E-16
   3.486E-16
   1.238E-16
   8.277E-17
   2.4787505905193444E-16
   1.8505666666666664E-16
   1.1684942342842583E-16
   -0.7001    -0.7092    0.08287
   -0.4685    0.3686    -0.8029
   -0.5389    0.6009    0.5903
 Node:         31
  0.1203E+03  0.1126E+03  0.4920E+03 -0.9866E-04
  -5.551E-17
   9.714E-17
  -1.11E-16
   2.776E-17
   4.163E-17
  -5.551E-17
   4.114E-17
   -7.661E-17
   -1.866E-16
   1.9726678661143135E-16
   -7.402333333333333E-17
   9.29924550105485E-17
   -0.6956    -0.5654    -0.4433
   0.4358    0.1585    -0.886
   0.5712    -0.8095    0.1362
 Node:         32
  0.1188E+03  0.1134E+03  0.5062E+03 -0.9866E-04
   2.22E-16
  -1.388E-17
  -1.11E-16
  -2.776E-17
   9.714E-17
  -5.551E-17
   2.266E-16
   1.331E-17
   -1.844E-16
   3.5602167644681415E-16
   1.8503333333333345E-17
   1.6783022777663014E-16
   -0.9894    0.07624    0.1236
   0.1445    0.5992    0.7875
   0.01402    -0.797    0.6038
 Node:         33
  0.1183E+03  0.1150E+03  0.5201E+03 -0.9866E-04
   1.11E-16
   5.551E-17
   0.0
   8.327E-17
   0.0
   0.0
   1.7E-16
   0.0
   -5.893E-17
   2.0589037107159722E-16
   3.702333333333333E-17
   9.705765171049398E-17
   -0.8617    -0.2815    -0.4222
   0.0    -0.8321    0.5547
   -0.5074    0.478    0.717
 Node:         34
  0.1255E+03  0.1129E+03  0.4909E+03 -0.9866E-04
   0.0
   0.0
   0.0
   5.551E-17
   9.714E-17
   0.0
   1.119E-16
   3.387E-33
   -1.119E-16
   1.9381648536695736E-16
   0.0
   9.136596740581255E-17
   -0.3508    -0.6139    -0.7071
   0.8682    -0.4961    -4.855E-17
   -0.3508    -0.6139    0.7071
 Node:         35
  0.1260E+03  0.1135E+03  0.5054E+03 -0.9866E-04
   0.0
   1.11E-16
  -1.11E-16
   1.11E-16
   2.498E-16
  -1.11E-16
   2.41E-16
   -1.023E-16
   -3.608E-16
   5.228959647960578E-16
   -7.403333333333333E-17
   2.4649552170824977E-16
   0.5458    0.5925    0.5925
   0.8379    -0.3859    -0.3859
   -4.975E-17    -0.7071    0.7071
 Node:         36
  0.1257E+03  0.1153E+03  0.5196E+03 -0.9866E-04
   0.0
  -5.551E-17
   0.0
  -5.551E-17
   8.327E-17
   0.0
   1.305E-16
   -4.723E-17
   -8.327E-17
   1.982226619234037E-16
   0.0
   9.344305895392481E-17
   -0.5155    0.6059    0.6059
   0.8569    0.3645    0.3645
   -1.256E-16    0.7071    -0.7071
 Node:         37
  0.1132E+03  0.1210E+03  0.4959E+03 -0.9866E-04
  -2.22E-16
   1.388E-16
  -2.22E-16
  -8.327E-17
   1.804E-16
  -2.776E-16
   -4.482E-17
   -1.622E-16
   -5.146E-16
   4.2347200190803645E-16
   -2.4054E-16
   1.9962661612787678E-16
   0.3971    0.7887    0.4693
   -0.7874    0.0301    0.6157
   0.4715    -0.614    0.633
 Node:         38
  0.1111E+03  0.1204E+03  0.5085E+03 -0.9866E-04
  -1.665E-16
   9.714E-17
   0.0
  -2.776E-17
  -8.327E-17
  -2.22E-16
   7.071E-17
   -2.091E-16
   -2.502E-16
   3.0246162913665597E-16
   -1.2953E-16
   1.4258177934084005E-16
   -0.3916    -0.8746    0.2859
   0.9154    -0.3389    0.217
   0.09287    -0.3467    -0.9334
 Node:         39
  0.1119E+03  0.1201E+03  0.5207E+03 -0.9866E-04
  -5.551E-17
  -9.714E-17
  -3.331E-16
  -8.327E-17
  -7.633E-17
  -1.11E-16
   8.934E-18
   -1.105E-16
   -3.981E-16
   3.6239130612640252E-16
   -1.6655533333333335E-16
   1.7083290000335286E-16
   0.851    -0.1281    -0.5092
   0.4076    -0.4503    0.7944
   -0.3311    -0.8836    -0.331
 Node:         40
  0.1191E+03  0.1220E+03  0.4937E+03 -0.9866E-04
   0.0
   8.327E-17
  -2.22E-16
   8.327E-17
  -1.388E-17
  -2.22E-16
   4.872E-17
   -2.082E-16
   -2.846E-16
   3.0244591979393603E-16
   -1.4802666666666666E-16
   1.4257437388566321E-16
   -0.924    -0.2703    -0.2703
   0.0    -0.7071    0.7071
   0.3823    -0.6534    -0.6534
 Node:         41
  0.1182E+03  0.1217E+03  0.5073E+03 -0.9866E-04
   0.0
  -2.776E-17
  -5.551E-17
   5.551E-17
   9.714E-17
   1.11E-16
   1.653E-16
   1.073E-17
   -1.206E-16
   2.478691830381502E-16
   1.8476666666666666E-17
   1.168466534489637E-16
   0.2406    0.3653    0.8993
   -0.8901    0.4526    0.05428
   -0.3871    -0.8135    0.434
 Node:         42
  0.1187E+03  0.1212E+03  0.5204E+03 -0.9866E-04
   0.0
  -5.551E-17
  -1.11E-16
   0.0
   5.551E-17
   1.11E-16
   1.256E-16
   1.887E-17
   -1.444E-16
   2.3552960089975954E-16
   2.3333333333339628E-20
   1.1102971864425409E-16
   0.1113    -0.2517    -0.9614
   0.9295    -0.3159    0.1903
   -0.3516    -0.9148    0.1988
 Node:         43
  0.1258E+03  0.1217E+03  0.4915E+03 -0.9866E-04
   2.22E-16
   1.11E-16
   1.11E-16
  -1.388E-17
   0.0
  -5.551E-17
   2.911E-16
   4.294E-17
   -5.645E-17
   3.1004254562882173E-16
   9.253E-17
   1.4615545764698628E-16
   -0.8507    -0.5246    0.03406
   -0.5213    0.8502    0.07348
   0.06751    -0.04475    0.9967
 Node:         44
  0.1259E+03  0.1220E+03  0.5059E+03 -0.9866E-04
  -2.22E-16
   1.388E-16
  -2.22E-16
   9.714E-17
   1.11E-16
  -1.11E-16
   5.081E-17
   -2.445E-16
   -3.614E-16
   3.679610646522265E-16
   -1.8503E-16
   1.7345850935214064E-16
   -0.5113    -0.534    -0.6733
   -0.5198    -0.4318    0.7372
   -0.6844    0.7269    -0.05679
 Node:         45
  0.1261E+03  0.1221E+03  0.5198E+03 -0.9866E-04
  -5.551E-17
  -8.327E-17
  -2.776E-16
   2.776E-17
  -6.939E-18
   1.11E-16
   1.167E-16
   -3.339E-17
   -3.053E-16
   3.7050374910383835E-16
   -7.399666666666666E-17
   1.7465714229757554E-16
   0.1854    -0.05643    0.981
   0.9302    -0.3117    -0.1938
   -0.3167    -0.9485    0.005308
 Node:         46
  0.1117E+03  0.1296E+03  0.4959E+03  0.0000E+00
  -5.551E-17
   2.776E-17
  -1.665E-16
   6.939E-18
  -2.602E-17
   0.0
   4.101E-18
   -4.897E-17
   -1.772E-16
   1.6144583695778595E-16
   -7.402300000000001E-17
   7.610629740479211E-17
   0.04856    -0.1429    0.9886
   0.9724    0.2327    -0.01414
   -0.228    0.962    0.1502
 Node:         47
  0.1107E+03  0.1269E+03  0.5087E+03  0.0000E+00
  -1.665E-16
  -3.123E-17
   1.11E-16
  -2.776E-17
   3.99E-17
   0.0
   1.289E-16
   -1.114E-17
   -1.732E-16
   2.6185783853075704E-16
   -1.8479999999999997E-17
   1.2344096888796688E-16
   -0.1292    0.939    0.3186
   -0.1008    -0.3321    0.9379
   -0.9865    -0.08906    -0.1376
 Node:         48
  0.1125E+03  0.1242E+03  0.5208E+03  0.0000E+00
   1.11E-16
   3.469E-18
   1.11E-16
   0.0
  -1.735E-18
   1.11E-16
   1.149E-16
   1.11E-16
   1.071E-16
   6.75499814951862E-18
   1.1099999999999999E-16
   3.1843366656181307E-18
   -0.6325    -0.7071    0.3162
   0.4472    -4.455E-15    0.8944
   -0.6325    0.7071    0.3162
 Node:         49
  0.1186E+03  0.1311E+03  0.4938E+03  0.0000E+00
  -1.665E-16
  -2.082E-17
   0.0
  -4.163E-17
  -6.072E-18
  -5.551E-17
   2.581E-18
   -4.165E-17
   -1.83E-16
   1.6789358448433935E-16
   -7.402300000000001E-17
   7.914579473772858E-17
   0.1174    -0.9929    0.01965
   -0.3135    -0.01827    0.9494
   -0.9423    -0.1176    -0.3134
 Node:         50
  0.1180E+03  0.1298E+03  0.5075E+03  0.0000E+00
   0.0
  -1.301E-17
   3.331E-16
  -4.163E-17
   1.247E-17
   2.22E-16
   3.354E-16
   2.276E-16
   -7.879E-18
   3.040655120874448E-16
   1.8504033333333332E-16
   1.4333785701466156E-16
   0.05441    -0.9902    -0.1289
   -0.1707    -0.1364    0.9758
   0.9838    0.03109    0.1765
 Node:         51
  0.1192E+03  0.1275E+03  0.5206E+03  0.0000E+00
   0.0
  -3.469E-18
  -5.551E-17
   0.0
   1.475E-17
   1.11E-16
   1.123E-16
   2.087E-19
   -5.702E-17
   1.491791641607165E-16
   1.849623333333333E-17
   7.03237323931892E-17
   -0.002705    0.08758    0.9962
   0.9982    -0.06004    0.007989
   -0.06051    -0.9943    0.08725
 Node:         52
  0.1262E+03  0.1305E+03  0.4920E+03  0.0000E+00
   1.11E-16
  -1.388E-17
   1.11E-16
   1.301E-18
   4.906E-18
   0.0
   1.25E-16
   9.734E-17
   -2.497E-19
   1.1396559238686912E-16
   7.403009999999999E-17
   5.372389546579809E-17
   -0.7047    0.7092    0.02051
   0.7093    0.7034    0.04493
   -0.01744    -0.04621    0.9988
 Node:         53
  0.1258E+03  0.1304E+03  0.5063E+03  0.0000E+00
  -1.665E-16
  -1.735E-18
  -1.11E-16
   2.776E-17
   3.383E-17
  -2.22E-16
   -1.01E-16
   -1.572E-16
   -2.414E-16
   1.2239330047024632E-16
   -1.6653333333333332E-16
   5.769675515620921E-17
   0.09684    0.9526    0.2883
   -0.9346    0.1866    -0.3027
   -0.3422    -0.2402    0.9084
 Node:         54
  0.1265E+03  0.1288E+03  0.5200E+03  0.0000E+00
  -2.22E-16
   2.082E-17
   1.11E-16
   0.0
  -4.337E-18
   1.11E-16
   1.16E-16
   1.073E-16
   -2.233E-16
   3.350347295430729E-16
   0.0
   1.5793688612860518E-16
   -0.04656    -0.7562    0.6527
   -0.04117    -0.6514    -0.7576
   -0.9981    0.06215    8.061E-4
 Node:         55
  0.1382E+03  0.1168E+03  0.4541E+03  0.1732E-02
  -0.0895
  -0.01672
   0.09063
   0.003691
   0.03297
   0.05067
   0.11
   0.03314
   -0.09137
   0.17601147206929438
   0.01725666666666666
   0.08297260364454978
   0.06435    -0.874    -0.4816
   0.09115    -0.4754    0.875
   -0.9938    -0.1002    0.04908
 Node:         56
  0.1314E+03  0.1156E+03  0.4693E+03  0.1732E-02
  -0.09025
   0.001754
   0.04674
   0.02312
   0.002526
   0.001846
   0.04695
   0.00712
   -0.09574
   0.12752851563473952
   -0.013890000000000001
   0.060117518799985975
   -0.02426    -0.9974    -0.06829
   0.2292    -0.07204    0.9707
   -0.9731    0.007895    0.2304
 Node:         57
  0.1285E+03  0.1140E+03  0.4824E+03  0.1732E-02
  -0.02123
   0.009615
  -0.00145
   0.007805
  -0.005394
  -0.003259
   0.003563
   -9.565E-4
   -0.02854
   0.030098820255119636
   -0.0086445
   0.014188719938740069
   -0.1875    -0.8635    0.4682
   0.4736    0.3381    0.8133
   -0.8606    0.3742    0.3455
 Node:         58
  0.1488E+03  0.1179E+03  0.4538E+03  0.1732E-02
  -0.1036
  -0.04907
   0.1584
  -0.007571
   0.02717
   0.003354
   0.1719
   -0.001265
   -0.1125
   0.24823648246178479
   0.019378333333333334
   0.117019800057749
   0.1773    -0.9703    -0.1644
   0.006566    -0.1658    0.9861
   -0.9841    -0.176    -0.02304
 Node:         59
  0.1422E+03  0.1168E+03  0.4697E+03  0.1732E-02
  -0.09016
  -0.0421
   0.1099
   0.006137
   0.01416
  -0.01927
   0.1196
   -0.01945
   -0.09963
   0.19212694735512764
   1.7333333333333553E-4
   0.09056951154898772
   0.1934    -0.9769    -0.09112
   0.126    -0.06737    0.9897
   -0.973    -0.2029    0.1101
 Node:         60
  0.1375E+03  0.1150E+03  0.4833E+03  0.1732E-02
  -0.01623
  -0.007186
   0.01633
   0.005992
  -7.708E-4
  -0.004939
   0.01802
   -0.002933
   -0.01993
   0.03292513263450885
   -0.0016143333333333329
   0.015521056371551803
   -0.2195    0.9715    -0.0899
   0.3318    0.161    0.9295
   -0.9174    -0.1742    0.3577
 Node:         61
  0.1559E+03  0.1225E+03  0.4528E+03  0.1732E-02
  -0.05142
  -0.05024
   0.1027
  -0.03706
   0.04674
  -0.1161
   0.1302
   -0.05966
   -0.1354
   0.236988108562434
   -0.02161999999999999
   0.11171726575004719
   -0.3017    0.9274    0.2213
   0.8886    0.3576    -0.2872
   0.3455    -0.1101    0.932
 Node:         62
  0.1496E+03  0.1206E+03  0.4696E+03  0.1732E-02
   3.771E-4
  -0.07249
   0.09904
  -0.01805
   0.02986
  -0.102
   0.1424
   -0.03792
   -0.107
   0.22303330334279678
   -8.400000000000027E-4
   0.10513890748275191
   0.4644    -0.8743    -0.1412
   0.8809    0.4724    -0.02806
   0.09122    -0.1113    0.9896
 Node:         63
  0.1437E+03  0.1181E+03  0.4838E+03  0.1732E-02
   0.01391
  -0.0219
   0.02412
   4.621E-4
   5.597E-4
  -0.01639
   0.0415
   -0.003428
   -0.01643
   0.05264723206399364
   0.007214000000000001
   0.02481814320210116
   0.6216    -0.7833    -0.002611
   0.7822    0.6206    0.05468
   -0.04121    -0.03603    0.9985
 Node:         64
  0.1415E+03  0.1252E+03  0.4522E+03  0.1732E-02
  -0.07585
   0.01258
   0.0899
  -0.01994
   0.01541
  -0.01887
   0.09262
   -0.01369
   -0.08374
   0.15380453211788006
   -0.0016033333333333316
   0.07250415175851808
   0.05901    0.9902    0.1264
   0.3224    0.1009    -0.9412
   -0.9448    0.09628    -0.3133
 Node:         65
  0.1343E+03  0.1229E+03  0.4683E+03  0.1732E-02
  -0.05268
  -0.003476
   0.07414
  -0.007469
   0.007268
  -0.01334
   0.07487
   -0.01266
   -0.05409
   0.1140364577668037
   0.0027066666666666697
   0.053757301726266825
   0.03211    -0.9959    -0.08478
   -0.1753    -0.08912    0.9805
   0.984    0.01662    0.1774
 Node:         66
  0.1299E+03  0.1214E+03  0.4825E+03  0.1732E-02
  -0.003285
  -0.003062
   0.01253
   0.002389
  -0.001775
  -0.002707
   0.0134
   -0.001383
   -0.005481
   0.0172020762409658
   0.002178666666666667
   0.008109136506983274
   -0.1976    0.9708    -0.1363
   -0.5966    -0.2294    -0.7691
   -0.7778    -0.07067    0.6245
 Node:         67
  0.1503E+03  0.1245E+03  0.4521E+03  0.1732E-02
  -0.07749
  -0.0289
   0.0839
  -0.01743
   0.01262
   0.007131
   0.09177
   0.006762
   -0.08499
   0.1531157848949611
   0.004514000000000004
   0.07217947320395184
   0.1837    -0.966    -0.1819
   -0.1295    -0.2072    0.9697
   -0.9744    -0.1546    -0.1632
 Node:         68
  0.1435E+03  0.1225E+03  0.4688E+03  0.1732E-02
  -0.04212
  -0.05455
   0.08321
  -0.01581
   0.01642
   2.644E-4
   0.1077
   -0.002496
   -0.06387
   0.15057587986128457
   0.013778000000000004
   0.07098215048869681
   -0.3536    0.9155    0.1919
   -0.06993    -0.2305    0.9706
   0.9328    0.3297    0.1455
 Node:         69
  0.1380E+03  0.1205E+03  0.4831E+03  0.1732E-02
   0.002749
  -0.01685
   0.02172
  -0.002279
   0.003928
  -5.272E-4
   0.03221
   -0.001157
   -0.007106
   0.036704871243473935
   0.007982333333333334
   0.01730284223922635
   -0.4999    0.8551    0.1374
   0.07148    -0.1174    0.9905
   0.8631    0.505    -0.00244
 Node:         70
  0.1561E+03  0.1246E+03  0.4524E+03  0.1732E-02
  -0.06562
  -0.03525
   0.0123
  -0.04426
   0.0292
   0.05999
   0.09317
   -2.884E-6
   -0.08651
   0.15564313321106543
   0.002219038666666668
   0.073370876625777
   -0.3307    0.4447    0.8324
   0.1193    -0.8552    0.5043
   0.9362    0.2661    0.2298
 Node:         71
  0.1498E+03  0.1225E+03  0.4694E+03  0.1732E-02
  -0.0126
  -0.07209
   0.05564
  -0.05364
   0.04029
   0.02291
   0.1367
   -0.004033
   -0.06677
   0.18047402771313106
   0.02196566666666666
   0.08507627254933592
   -0.5154    0.7021    0.4913
   -0.04182    -0.5933    0.8039
   0.8559    0.3938    0.3351
 Node:         72
  0.1435E+03  0.1199E+03  0.4837E+03  0.1732E-02
   0.01314
  -0.0259
   0.01985
  -0.01097
   0.00894
   0.002535
   0.04701
   -0.001252
   -0.01023
   0.05332092801142906
   0.011842666666666668
   0.025135726517360815
   -0.639    0.7083    0.3
   1.716E-5    -0.39    0.9208
   0.7692    0.5884    0.2492
 Node:         73
  0.1449E+03  0.1339E+03  0.4513E+03  0.0000E+00
   0.03215
  -0.01563
  -0.06732
   0.00539
  -0.006984
   0.05615
   0.05817
   0.03283
   -0.07002
   0.11758595621926965
   0.006993333333333333
   0.05543055134330004
   0.2508    -0.08491    0.9643
   0.9566    -0.1312    -0.2603
   -0.1486    -0.9877    -0.04833
 Node:         74
  0.1371E+03  0.1304E+03  0.4679E+03  0.0000E+00
   0.0751
  -0.01239
  -0.03391
   0.004825
  -0.01056
   0.03861
   0.07743
   0.03899
   -0.03662
   0.10050350292402747
   0.0266
   0.04737780563372123
   -0.9801    0.1238    -0.1554
   -0.1696    -0.113    0.979
   0.1036    0.9859    0.1317
 Node:         75
  0.1314E+03  0.1289E+03  0.4826E+03  0.0000E+00
   0.02763
  -0.004824
  -0.004409
  -0.003372
  -0.002129
   0.002559
   0.0287
   0.003025
   -0.005939
   0.031140160901960673
   0.008595333333333335
   0.014679612627344392
   -0.9839    0.1359    0.1159
   0.06795    -0.3151    0.9466
   0.1652    0.9393    0.3008
 Node:         76
  0.1517E+03  0.1313E+03  0.4512E+03  0.0000E+00
   0.0326
  -0.02354
  -0.0909
  -0.005582
   0.02215
   0.07927
   0.08362
   0.03504
   -0.09769
   0.16255858236340523
   0.0069900000000000006
   0.0766308506194905
   -0.1744    0.1471    0.9736
   0.9696    -0.1468    0.1959
   -0.1717    -0.9782    0.117
 Node:         77
  0.1448E+03  0.1283E+03  0.4682E+03  0.0000E+00
   0.1089
  -7.09E-4
  -0.04765
  -0.002497
   0.01641
   0.03553
   0.109
   0.03856
   -0.05077
   0.13868686924146784
   0.03226333333333333
   0.06537761713478261
   -0.9993    0.008271    0.0358
   0.03672    0.1866    0.9818
   -0.001441    -0.9824    0.1868
 Node:         78
  0.1385E+03  0.1261E+03  0.4829E+03  0.0000E+00
   0.04558
   0.004166
  -0.0035
  -0.002131
   3.044E-5
   0.001646
   0.04604
   0.001553
   -0.003859
   0.047425167970182244
   0.014577999999999999
   0.022356438580417946
   -0.9953    -0.08367    0.04772
   0.04428    0.04252    0.9981
   -0.08555    0.9956    -0.03862
 Node:         79
  0.1561E+03  0.1266E+03  0.4520E+03  0.0000E+00
   0.03331
   0.04985
   0.05924
   0.007478
  -0.002229
  -0.2868
   0.0978
   -0.005043
   -0.287
   0.3450706250160972
   -0.06474766666666666
   0.1626678526247751
   0.6121    0.7908    0.007318
   0.7904    -0.612    0.02582
   -0.0249    0.01002    0.9996
 Node:         80
  0.1499E+03  0.1244E+03  0.4691E+03  0.0000E+00
   0.121
   0.0422
   0.02359
   0.01379
  -0.001304
  -0.2356
   0.1372
   0.00801
   -0.2361
   0.3283539539886797
   -0.030296666666666677
   0.15478753832987402
   0.937    0.3477    0.03344
   -0.347    0.9375    -0.02466
   -0.03993    0.0115    0.9991
 Node:         81
  0.1433E+03  0.1218E+03  0.4836E+03  0.0000E+00
   0.05015
   0.009285
   0.001069
   0.002416
   4.66E-4
  -0.03087
   0.05192
   -6.29E-4
   -0.03094
   0.07261519717662412
   0.006783666666666668
   0.03423113222719277
   -0.9833    -0.1798    -0.02971
   -0.1799    0.9837    7.862E-4
   -0.02908    -0.006117    0.9996
 Node:         82
  0.1267E+03  0.1149E+03  0.4574E+03 -0.3181E-01
  -0.03249
  -0.01239
   0.02708
   0.006283
   0.02404
   0.006566
   0.04361
   -0.004316
   -0.03813
   0.07113970646551755
   3.880000000000018E-4
   0.033535579235591965
   -0.09334    0.8423    0.5308
   -0.3818    0.4621    -0.8004
   -0.9195    -0.2774    0.2785
 Node:         83
  0.1234E+03  0.1130E+03  0.4726E+03 -0.3181E-01
  -0.04053
   1.46E-4
   0.01101
   0.03535
   0.00983
  -0.02471
   0.01622
   -0.001142
   -0.06931
   0.07830611779420557
   -0.018077333333333334
   0.03691385793378355
   -0.2801    -0.8501    -0.4461
   0.569    -0.5212    0.6361
   -0.7732    -0.07566    0.6297
 Node:         84
  0.1187E+03  0.1123E+03  0.4849E+03 -0.3181E-01
  -0.005742
   9.569E-4
   7.157E-4
   0.01366
  -5.592E-4
  -0.02421
   0.001824
   4.291E-4
   -0.03149
   0.03263891302433339
   -0.009745633333333331
   0.015386131153376045
   -0.7837    -0.4745    -0.4009
   0.407    -0.8798    0.2456
   0.4692    -0.02927    -0.8826
 Node:         85
  0.1302E+03  0.1162E+03  0.4561E+03 -0.3181E-01
  -0.03376
  -0.01053
   0.03501
   0.01067
   0.03394
   0.01199
   0.0594
   -0.004791
   -0.04137
   0.08835468471450736
   0.004413000000000003
   0.041650797807485034
   -0.02597    0.8156    0.578
   -0.454    0.5055    -0.7337
   0.8906    0.2815    -0.3571
 Node:         86
  0.1252E+03  0.1138E+03  0.4709E+03 -0.3181E-01
  -0.02836
   0.02255
   0.07056
   0.06472
   0.03089
  -0.01536
   0.09735
   0.0165
   -0.08701
   0.16006194457146897
   0.008946666666666667
   0.07545392427759401
   -0.3723    -0.8183    -0.438
   0.5655    -0.5742    0.592
   0.7359    0.02731    -0.6765
 Node:         87
  0.1217E+03  0.1126E+03  0.4834E+03 -0.3181E-01
  -0.01073
   5.407E-4
   0.002197
   0.01726
  -0.002874
  -0.02186
   0.003395
   8.326E-4
   -0.03462
   0.036800767420802516
   -0.0101308
   0.017348048130745624
   -0.4753    0.7767    -0.4133
   0.657    0.6258    0.4205
   0.5852    -0.07165    -0.8077
 Node:         88
  0.1338E+03  0.1169E+03  0.4544E+03 -0.3181E-01
  -0.0633
  -0.01566
   0.02842
   0.007797
   0.04453
   0.04884
   0.08441
   -0.002269
   -0.06818
   0.13255417206184045
   0.004653666666666663
   0.062486635959663854
   -0.02531    0.6266    0.7789
   -0.2692    0.7461    -0.609
   0.9627    0.2251    -0.1498
 Node:         89
  0.1270E+03  0.1150E+03  0.4693E+03 -0.3181E-01
  -0.07181
   0.006562
   0.01507
   0.0293
   0.01168
  -0.005136
   0.02453
   -0.003513
   -0.0829
   0.0965140158681629
   -0.020627666666666666
   0.04549714339994936
   0.2188    0.8148    0.537
   -0.2736    0.5794    -0.7677
   -0.9366    0.02103    0.3497
 Node:         90
  0.1248E+03  0.1132E+03  0.4822E+03 -0.3181E-01
  -0.01836
   0.01016
  -0.004672
   0.009157
  -0.005072
  -0.005372
   7.515E-4
   -6.553E-4
   -0.02851
   0.028584075816615095
   -0.009471266666666667
   0.013474662562585957
   0.4267    0.8982    -0.1057
   0.4157    -0.09098    0.9049
   -0.8032    0.4301    0.4122
 Node:         91
  0.1261E+03  0.1265E+03  0.4551E+03 -0.3181E-01
  -0.04811
   0.02069
   0.07484
  -0.00616
   0.03402
   7.237E-4
   0.09021
   -0.008414
   -0.05435
   0.12793436417163295
   0.009148666666666664
   0.06030883763503397
   0.1238    0.9303    0.3452
   -0.2959    -0.2974    0.9077
   0.9472    -0.2145    0.2385
 Node:         92
  0.1210E+03  0.1235E+03  0.4727E+03 -0.3181E-01
  -0.04476
   0.00137
   0.0381
   0.003688
   0.02377
   0.01829
   0.05404
   0.002558
   -0.04498
   0.08577650659708635
   0.0038726666666666653
   0.04043543298752827
   -0.03226    -0.8308    -0.5556
   0.04853    -0.5565    0.8294
   -0.9983    -2.048E-4    0.05827
 Node:         93
  0.1159E+03  0.1217E+03  0.4877E+03 -0.3181E-01
  -0.005656
  -0.002389
   0.002736
   0.00487
   0.005725
  -0.002073
   0.006591
   -4.241E-4
   -0.01116
   0.015484979461077757
   -0.0016643666666666668
   0.007299689322308327
   -0.0709    -0.8134    -0.5773
   0.7102    -0.4476    0.5434
   0.7004    0.3715    -0.6094
 Node:         94
  0.1316E+03  0.1267E+03  0.4540E+03 -0.3181E-01
  -0.05734
   0.01985
   0.08336
  -0.01949
   0.03215
   0.0215
   0.0978
   0.01659
   -0.06688
   0.14262154009826145
   0.015836666666666666
   0.06723243876449984
   0.07174    0.9256    0.3716
   0.3226    0.331    -0.8868
   0.9438    -0.1835    0.2749
 Node:         95
  0.1251E+03  0.1237E+03  0.4708E+03 -0.3181E-01
  -0.06037
  -0.001335
   0.04703
  -0.001697
   0.017
   0.0354
   0.05921
   0.02325
   -0.06041
   0.10630395477121253
   0.007350000000000002
   0.05011216485711495
   -0.01733    0.8133    0.5816
   -0.007213    -0.5818    0.8133
   -0.9998    -0.009899    -0.01595
 Node:         96
  0.1205E+03  0.1222E+03  0.4852E+03 -0.3181E-01
  -0.009293
  -0.002452
   0.003453
   0.005837
   0.004473
  -0.001725
   0.006086
   -7.175E-5
   -0.01358
   0.017423292730207457
   -0.0025219166666666667
   0.008213418960085312
   0.06812    0.843    0.5336
   -0.5573    0.4758    -0.6805
   -0.8275    -0.251    0.5022
 Node:         97
  0.1371E+03  0.1261E+03  0.4527E+03 -0.3181E-01
  -0.08558
   0.0134
   0.08423
  -0.0163
   0.03337
   0.02291
   0.09906
   0.01245
   -0.08996
   0.1638866385645883
   0.007183333333333333
   0.07725690231659275
   0.03171    0.918    0.3954
   0.2022    0.3815    -0.902
   0.9788    -0.1085    0.1735
 Node:         98
  0.1298E+03  0.1233E+03  0.4686E+03 -0.3181E-01
  -0.05868
   0.002166
   0.05994
   0.003092
   0.0187
   0.01857
   0.06722
   0.01143
   -0.05882
   0.1093930258288891
   0.00661
   0.05156836691874842
   -0.02489    -0.9326    -0.3601
   0.02997    -0.3607    0.9322
   -0.9992    0.01241    0.03693
 Node:         99
  0.1260E+03  0.1218E+03  0.4827E+03 -0.3181E-01
  -0.006824
  -1.759E-4
   0.008153
   0.00396
   2.432E-4
  -0.001959
   0.00816
   2.536E-4
   -0.009044
   0.014915330078814884
   -2.1013333333333323E-4
   0.007031154028243791
   -0.006006    0.9997    0.02168
   -0.4885    0.01598    -0.8724
   0.8725    0.01583    -0.4883
 Node:        100
  0.1255E+03  0.1380E+03  0.4529E+03  0.0000E+00
   0.02492
   0.002837
   0.02182
  -0.00454
  -6.343E-4
  -0.0178
   0.027
   0.02021
   -0.01828
   0.04229575983476357
   0.009643333333333334
   0.019938412396399288
   -0.8684    -0.4866    0.09489
   -0.4848    0.8736    0.04332
   -0.104    -0.008376    -0.9945
 Node:        101
  0.1190E+03  0.1340E+03  0.4715E+03  0.0000E+00
   0.03928
   0.005056
   0.02635
  -0.007585
  -0.003927
  -0.02491
   0.04209
   0.02464
   -0.02601
   0.061267997355879025
   0.013573333333333333
   0.02888201093337435
   0.935    0.3317    -0.1253
   -0.337    0.9412    -0.02301
   0.1103    0.06374    0.9919
 Node:        102
  0.1139E+03  0.1312E+03  0.4875E+03  0.0000E+00
   0.01539
   0.00123
  -0.00219
  -0.001095
  -0.004176
  -0.003991
   0.01558
   9.934E-4
   -0.007362
   0.02011115328269366
   0.003070466666666666
   0.009480488575783189
   -0.9935    -0.08612    0.07394
   -0.1134    0.7737    -0.6233
   0.003534    0.6277    0.7785
 Node:        103
  0.1330E+03  0.1369E+03  0.4523E+03  0.0000E+00
   0.03007
  -0.0037
   0.023
  -0.005514
  -0.002756
  -0.02934
   0.03192
   0.02183
   -0.03003
   0.0575719992704787
   0.007906666666666664
   0.027139700727081637
   0.9288    -0.3644    -0.06721
   -0.3582    -0.9294    0.08866
   -0.09477    -0.05827    -0.9938
 Node:        104
  0.1254E+03  0.1333E+03  0.4699E+03  0.0000E+00
   0.04705
   0.001892
   0.01072
  -0.009705
  -0.007055
  -0.02293
   0.04859
   0.01177
   -0.02551
   0.06417289458953834
   0.011616666666666664
   0.030251392621754716
   -0.9871    -0.07567    0.1414
   -0.09969    0.9801    -0.1714
   -0.1256    -0.1833    -0.975
 Node:        105
  0.1201E+03  0.1317E+03  0.4853E+03  0.0000E+00
   0.01613
  -5.454E-4
  -0.005487
  -0.002962
  -0.004421
  -0.003635
   0.01657
   -2.69E-4
   -0.009288
   0.02273247067522578
   0.002337666666666668
   0.010716189445050988
   -0.9893    -0.004825    0.1461
   0.1142    -0.6491    0.752
   0.09121    0.7606    0.6427
 Node:        106
  0.1405E+03  0.1352E+03  0.4515E+03  0.0000E+00
   0.03294
  -0.003707
  -0.007651
   0.001381
  -0.01377
  -0.004315
   0.03348
   0.007409
   -0.01992
   0.0462500339567443
   0.0069896666666666675
   0.021802475093947987
   -0.9902    0.1154    -0.07823
   0.1349    0.6503    -0.7476
   0.03543    0.7509    0.6595
 Node:        107
  0.1326E+03  0.1317E+03  0.4682E+03  0.0000E+00
   0.06349
  -0.004425
   7.075E-4
  -0.003456
  -0.01789
   1.364E-4
   0.06388
   0.0183
   -0.01785
   0.07093712638668134
   0.02144333333333333
   0.033440082070606364
   -0.9975    0.05927    0.03746
   -0.01584    -0.7109    0.7031
   0.0683    0.7008    0.7101
 Node:        108
  0.1273E+03  0.1304E+03  0.4831E+03  0.0000E+00
   0.02091
  -0.003032
  -0.003744
  -0.004464
  -0.003432
  -4.565E-4
   0.02202
   0.0015
   -0.006805
   0.02569945573353646
   0.005571666666666667
   0.012114839614658085
   -0.9793    0.0912    0.1806
   0.09451    -0.5829    0.807
   0.1788    0.8074    0.5622
 Node:        109
  0.1018E+03  0.1092E+03  0.4946E+03 -0.2187E-04
   0.0
   1.388E-16
   1.11E-16
   5.551E-17
  -1.388E-17
   0.0
   2.069E-16
   2.266E-17
   -1.186E-16
   2.827092280064448E-16
   3.698666666666666E-17
   1.3327040815158061E-16
   -0.5724    -0.814    -0.09897
   0.2904    -0.3141    0.9039
   0.7668    -0.4887    -0.4162
 Node:        110
  0.1058E+03  0.1118E+03  0.5081E+03 -0.2187E-04
   0.0
   2.776E-17
   0.0
  -1.388E-17
  -5.204E-17
   2.22E-16
   2.353E-16
   1.788E-17
   -3.112E-17
   2.456135916434593E-16
   7.402E-17
   1.157833574684491E-16
   -0.08376    -0.2246    0.9708
   0.7726    0.6007    0.2056
   0.6293    -0.7673    -0.1232
 Node:        111
  0.1108E+03  0.1137E+03  0.5210E+03 -0.2187E-04
   0.0
   5.551E-17
  -1.11E-16
  -2.776E-17
   3.261E-16
  -2.22E-16
   1.68E-16
   2.779E-18
   -5.038E-16
   6.063148942925615E-16
   -1.1100700000000001E-16
   2.8581958219244996E-16
   0.1486    0.7638    0.6281
   0.9825    -0.0417    -0.1818
   0.1126    -0.6441    0.7566
 Node:        112
  0.1072E+03  0.1111E+03  0.4942E+03 -0.2187E-04
   0.0
   1.388E-16
   1.11E-16
   0.0
