 Group name: gastroc_Strain
 #Fields=  16
 1) coordinates, coordinate, rectangular cartesian, #Components=3
   x.  Value index= 1, #Derivatives=0
   y.  Value index= 2, #Derivatives=0
   z.  Value index= 3, #Derivatives=0
 2) Tensor_1, field, rectangular cartesian, #Components=1
   Tensor_1.  Value index= 4, #Derivatives=0
 3) Tensor_2, field, rectangular cartesian, #Components=1
   Tensor_2.  Value index= 5, #Derivatives=0
 4) Tensor_3, field, rectangular cartesian, #Components=1
   Tensor_3.  Value index= 6, #Derivatives=0
 5) Tensor_4, field, rectangular cartesian, #Components=1
   Tensor_4.  Value index= 7, #Derivatives=0
 6) Tensor_5, field, rectangular cartesian, #Components=1
   Tensor_5.  Value index= 8, #Derivatives=0
 7) Tensor_6, field, rectangular cartesian, #Components=1
   Tensor_6.  Value index= 9, #Derivatives=0
 8) Principal_1, field, rectangular cartesian, #Components=1
   Principal_1.  Value index= 10, #Derivatives=0
 9) Principal_2, field, rectangular cartesian, #Components=1
   Principal_2.  Value index= 11, #Derivatives=0
 10) Principal_3, field, rectangular cartesian, #Components=1
   Principal_3.  Value index= 12, #Derivatives=0
 11) VonMises, field, rectangular cartesian, #Components=1
   VonMises.  Value index= 13, #Derivatives=0
 12) Hydrostatic, field, rectangular cartesian, #Components=1
   VonMises.  Value index= 14, #Derivatives=0
 13) Octahedral, field, rectangular cartesian, #Components=1
   VonMises.  Value index= 15, #Derivatives=0
 14) PrincipalVector1, field, rectangular cartesian, #Components=3
   x.  Value index= 16, #Derivatives=0
   y.  Value index= 17, #Derivatives=0
   z.  Value index= 18, #Derivatives=0
 15) PrincipalVector2, field, rectangular cartesian, #Components=3
   x.  Value index= 19, #Derivatives=0
   y.  Value index= 20, #Derivatives=0
   z.  Value index= 21, #Derivatives=0
 16) PrincipalVector3, field, rectangular cartesian, #Components=3
   x.  Value index= 22, #Derivatives=0
   y.  Value index= 23, #Derivatives=0
   z.  Value index= 24, #Derivatives=0
 Node:          1
  0.1287E+03  0.1133E+03  0.4908E+03 -0.1169E-04
  -1.11E-16
  -8.327E-17
  -2.22E-16
  -2.776E-17
  -4.163E-17
  -3.331E-16
   -6.637E-17
   -2.4E-16
   -3.598E-16
   2.5553921597281306E-16
   -2.2205666666666663E-16
   1.204623416489799E-16
   0.8837    -0.4676    -0.01897
   0.4046    0.7837    -0.4712
   0.2352    0.4088    0.8818
 Node:          2
  0.1292E+03  0.1137E+03  0.5052E+03 -0.1169E-04
  -5.551E-17
  -1.11E-16
  -1.665E-16
  -5.551E-17
   1.943E-16
  -2.776E-16
   8.603E-17
   -1.6E-16
   -4.256E-16
   4.4319260925696854E-16
   -1.6652333333333334E-16
   2.089229995849082E-16
   -0.6554    0.6199    0.4313
   0.7522    0.4849    0.4462
   -0.06744    -0.6169    0.7841
 Node:          3
  0.1289E+03  0.1155E+03  0.5194E+03 -0.1169E-04
   2.22E-16
   1.388E-16
   3.331E-16
   1.11E-16
   5.551E-17
   2.22E-16
   4.753E-16
   2.118E-16
   9.006E-17
   3.4107384479024473E-16
   2.590533333333333E-16
   1.6078375235770005E-16
   -0.5696    -0.7144    -0.4063
   0.2395    -0.6172    0.7494
   -0.7862    0.3296    0.5227
 Node:          4
  0.1361E+03  0.1141E+03  0.4915E+03 -0.1169E-04
   0.0
  -2.776E-17
  -1.11E-16
  -2.776E-17
  -8.327E-17
   2.22E-16
   2.435E-16
   6.328E-18
   -1.388E-16
   3.3426485304919515E-16
   3.700933333333334E-17
   1.5757396286894045E-16
   -0.08549    -0.2215    0.9714
   0.9681    -0.2491    0.0284
   0.2357    0.9428    0.2357
 Node:          5
  0.1341E+03  0.1144E+03  0.5054E+03 -0.1169E-04
   3.331E-16
   1.388E-16
   3.331E-16
   5.551E-17
  -6.939E-17
   4.441E-16
   4.814E-16
   4.627E-16
   1.662E-16
   3.062784517395894E-16
   3.7010000000000004E-16
   1.4438104677092028E-16
   -0.348    -0.6443    0.681
   -0.6589    -0.3487    -0.6665
   0.6669    -0.6807    -0.3032
 Node:          6
  0.1323E+03  0.1162E+03  0.5191E+03 -0.1169E-04
   2.22E-16
   5.551E-17
   2.22E-16
  -5.551E-17
  -2.776E-17
   0.0
   2.897E-16
   1.685E-16
   -1.402E-17
   2.648101478418076E-16
   1.4806E-16
   1.2483270084396958E-16
   -0.715    -0.6696    0.2012
   0.6656    -0.7399    -0.09741
   -0.2141    -0.06426    -0.9747
 Node:          7
  0.1408E+03  0.1171E+03  0.4920E+03 -0.1169E-04
   3.331E-16
   2.22E-16
   2.22E-16
  -8.327E-17
  -1.11E-16
   0.0
   5.398E-16
   6.158E-17
   -4.631E-17
   5.403052621435404E-16
   1.8502333333333335E-16
   2.5470234318164845E-16
   -0.7537    -0.6111    0.2419
   -0.656    0.677    -0.3335
   -0.04004    0.4101    0.9112
 Node:          8
  0.1367E+03  0.1169E+03  0.5055E+03 -0.1169E-04
   2.22E-16
   1.943E-16
   2.22E-16
  -4.025E-16
  -2.359E-16
  -2.22E-16
   6.547E-16
   4.477E-17
   -4.775E-16
   9.814930967154074E-16
   7.399000000000001E-17
   4.626802829168323E-16
   -0.6847    -0.5611    0.4652
   0.5685    -0.8105    -0.1409
   -0.4561    -0.1681    -0.8739
 Node:          9
  0.1339E+03  0.1180E+03  0.5191E+03 -0.1169E-04
   2.22E-16
   1.665E-16
   0.0
  -3.955E-16
  -2.776E-16
   6.661E-16
   1.002E-15
   -9.379E-18
   -1.046E-16
   1.062195387036208E-15
   2.96007E-16
   5.007237074122481E-16
   -0.4817    -0.3073    0.8207
   -0.8565    -0.03292    -0.515
   -0.1853    0.951    0.2474
 Node:         10
  0.1294E+03  0.1212E+03  0.4911E+03 -0.1169E-04
   0.0
   2.776E-17
   1.11E-16
  -1.388E-17
   1.249E-16
   1.11E-16
   2.363E-16
   2.303E-17
   -3.732E-17
   2.48992088026909E-16
   7.400333333333333E-17
   1.173759959370834E-16
   0.0421    0.71    0.703
   -0.7813    -0.4152    0.4661
   -0.6228    0.5688    -0.5372
 Node:         11
  0.1295E+03  0.1214E+03  0.5055E+03 -0.1169E-04
  -2.22E-16
  -2.776E-17
  -2.22E-16
  -4.163E-17
   1.388E-17
  -1.665E-16
   -1.365E-16
   -2.183E-16
   -2.558E-16
   1.0566451627675205E-16
   -2.035333333333333E-16
   4.9810730660058464E-17
   -0.4935    0.2929    0.8189
   0.3541    -0.7924    0.4968
   -0.7944    -0.5351    -0.2873
 Node:         12
  0.1295E+03  0.1217E+03  0.5196E+03 -0.1169E-04
   1.11E-16
   0.0
   1.11E-16
   7.633E-17
   2.776E-17
   2.22E-16
   2.649E-16
   1.11E-16
   6.816E-17
   1.792025435087348E-16
   1.4801999999999999E-16
   8.447688914726913E-17
   -0.4387    -0.1595    -0.8844
   0.3417    -0.9398    -2.255E-17
   0.8311    0.3022    -0.4668
 Node:         13
  0.1361E+03  0.1199E+03  0.4914E+03 -0.1169E-04
   1.11E-16
  -1.388E-16
   0.0
  -9.714E-17
   2.776E-17
  -1.665E-16
   2.285E-16
   -8.52E-17
   -1.988E-16
   3.833392361864358E-16
   -1.849999999999999E-17
   1.807078489348669E-16
   0.8171    -0.5252    -0.2378
   0.4648    0.8442    -0.2671
   0.341    0.1077    0.9339
 Node:         14
  0.1342E+03  0.1198E+03  0.5054E+03 -0.1169E-04
  -5.551E-17
   2.776E-17
   0.0
   5.551E-17
  -9.021E-17
   1.11E-16
   1.672E-16
   -4.94E-18
   -1.068E-16
   2.398787602102362E-16
   1.8486666666666665E-17
   1.130799320048532E-16
   0.1634    -0.4472    0.8794
   -0.6569    -0.7144    -0.2412
   -0.7361    0.5382    0.4105
 Node:         15
  0.1330E+03  0.1205E+03  0.5193E+03 -0.1169E-04
   2.22E-16
  -8.327E-17
  -5.551E-17
   1.388E-17
   4.857E-17
   0.0
   2.451E-16
   2.471E-17
   -1.033E-16
   3.0523832672192397E-16
   5.550333333333333E-17
   1.438907271354049E-16
   -0.9638    0.2667    -0.001723
   0.1157    0.4239    0.8983
   0.2403    0.8656    -0.4394
 Node:         16
  0.1404E+03  0.1188E+03  0.4918E+03 -0.1169E-04
   2.22E-16
   5.551E-17
   2.22E-16
  -8.327E-17
  -1.457E-16
   4.441E-16
   5.466E-16
   1.95E-16
   1.465E-16
   3.7818964819254375E-16
   2.9603333333333337E-16
   1.7828030987433498E-16
   -0.2927    -0.4328    0.8526
   -0.9222    -0.1077    -0.3713
   -0.2526    0.895    0.3676
 Node:         17
  0.1365E+03  0.1184E+03  0.5055E+03 -0.1169E-04
  -1.11E-16
   2.776E-17
  -1.11E-16
   9.714E-17
   1.7E-16
   0.0
   1.573E-16
   -1.341E-16
   -2.452E-16
   3.600440389730123E-16
   -7.400000000000001E-17
   1.697263876557404E-16
   0.3368    0.5285    0.7792
   0.8927    -0.4425    -0.08566
   -0.2996    -0.7244    0.6209
 Node:         18
  0.1341E+03  0.1191E+03  0.5192E+03 -0.1169E-04
   0.0
   0.0
   0.0
   2.645E-17
   1.065E-16
   4.441E-16
   4.697E-16
   -1.672E-33
   -2.562E-17
   4.830198633596759E-16
   1.4802666666666666E-16
   2.2769774721961763E-16
   -0.05484    -0.2207    -0.9738
   0.9705    -0.2411    -6.21E-17
   -0.2348    -0.9451    0.2274
 Node:         19
  0.1301E+03  0.1291E+03  0.4914E+03  0.0000E+00
   1.11E-16
   0.0
   1.11E-16
   2.101E-19
   1.001E-17
  -2.22E-16
   1.113E-16
   1.11E-16
   -2.223E-16
   3.3345010121455954E-16
   0.0
   1.5718988517077046E-16
   -0.02096    -0.9993    -0.03003
   0.9998    -0.02097    1.345E-19
   6.298E-4    0.03003    -0.9995
 Node:         20
  0.1299E+03  0.1291E+03  0.5058E+03  0.0000E+00
   2.22E-16
   0.0
   0.0
   1.041E-17
   1.924E-17
  -5.551E-17
   2.224E-16
   5.975E-18
   -6.188E-17
   2.5715676157744715E-16
   5.549833333333335E-17
   1.2122485995959007E-16
   -0.9993    -0.003257    -0.03765
   0.01428    -0.9549    -0.2965
   -0.03498    -0.2968    0.9543
 Node:         21
  0.1301E+03  0.1280E+03  0.5197E+03  0.0000E+00
   1.11E-16
   0.0
   0.0
   4.163E-17
   1.475E-17
   1.11E-16
   1.534E-16
   7.089E-17
   -2.22E-18
   1.3485280234388901E-16
   7.402333333333333E-17
   6.357022066624871E-17
   -0.6994    -0.0684    -0.7114
   -0.7126    0.1429    0.6869
   -0.05465    -0.9874    0.1487
 Node:         22
  0.1360E+03  0.1256E+03  0.4913E+03  0.0000E+00
  -2.22E-16
   1.388E-17
  -1.11E-16
  -1.388E-17
   1.006E-16
   1.11E-16
   1.5E-16
   -1.456E-16
   -2.264E-16
   3.432090907886911E-16
   -7.4E-17
   1.617903169743686E-16
   -0.02144    0.3586    0.9332
   0.228    0.9106    -0.3447
   -0.9734    0.2054    -0.1013
 Node:         23
  0.1343E+03  0.1253E+03  0.5054E+03  0.0000E+00
   0.0
   2.082E-17
  -4.441E-16
   0.0
   1.314E-16
  -1.665E-16
   1.265E-18
   -1.147E-16
   -4.972E-16
   4.517861703560657E-16
   -2.0354499999999996E-16
   2.1297404313671653E-16
   0.997    0.06061    0.04746
   0.06644    -0.3661    -0.9282
   0.03888    -0.9286    0.369
 Node:         24
  0.1336E+03  0.1248E+03  0.5194E+03  0.0000E+00
  -2.22E-16
   1.214E-17
   0.0
   1.388E-17
   8.674E-19
  -1.665E-16
   6.779E-19
   -1.633E-16
   -2.259E-16
   2.026635838733984E-16
   -1.2950736666666666E-16
   9.553652963763242E-17
   -0.05504    -0.9984    -0.009747
   0.2257    -0.02195    0.974
   -0.9726    0.05141    0.2265
 Node:         25
  0.1400E+03  0.1206E+03  0.4917E+03  0.0000E+00
   0.0
   2.671E-16
  -1.11E-16
  -8.327E-17
  -1.301E-16
   2.22E-16
   3.681E-16
   7.58E-17
   -3.329E-16
   6.098671904603493E-16
   3.699999999999999E-17
   2.8749415066513385E-16
   0.5089    0.4781    -0.7159
   0.6086    0.3883    0.692
   0.6088    -0.7878    -0.09334
 Node:         26
  0.1363E+03  0.1200E+03  0.5055E+03  0.0000E+00
   2.22E-16
   1.076E-16
  -6.106E-16
   2.776E-17
  -1.124E-15
  -5.551E-17
   8.281E-16
   2.248E-16
   -1.497E-15
   2.089815319591662E-15
   -1.4803333333333336E-16
   9.851483892738641E-16
   0.07371    0.6174    -0.7832
   0.9955    0.001018    0.09449
   -0.05914    0.7866    0.6146
 Node:         27
  0.1343E+03  0.1203E+03  0.5192E+03  0.0000E+00
   2.22E-16
  -1.943E-16
   2.22E-16
  -1.041E-16
   1.313E-15
   0.0
   1.466E-15
   1.875E-16
   -1.209E-15
   2.3173691440942246E-15
   1.4816666666666667E-16
   1.0924182908676612E-15
   -0.1693    0.728    0.6643
   0.9848    0.09849    0.1431
   0.03876    0.6785    -0.7336
 Node:         28
  0.1155E+03  0.1124E+03  0.4931E+03 -0.6907E-04
  -2.22E-16
   3.816E-17
   2.22E-16
  -5.551E-17
   5.551E-17
   1.11E-16
   2.455E-16
   1.014E-16
   -2.359E-16
   4.279497984577163E-16
   3.699999999999999E-17
   2.0173746966457835E-16
   0.03184    0.9284    0.3701
   0.1988    0.3571    -0.9127
   0.9795    -0.1026    0.1732
 Node:         29
  0.1119E+03  0.1139E+03  0.5068E+03 -0.6907E-04
  -2.22E-16
  -2.082E-17
   0.0
   5.551E-17
   6.939E-18
  -3.331E-16
   1.944E-18
   -2.004E-16
   -3.566E-16
   3.113642033631998E-16
   -1.8501866666666668E-16
   1.4677849307791052E-16
   -0.09118    0.9958    0.005517
   -0.9179    -0.08189    -0.3884
   -0.3863    -0.04048    0.9215
 Node:         30
  0.1113E+03  0.1159E+03  0.5206E+03 -0.6907E-04
   2.22E-16
   1.249E-16
   2.22E-16
   0.0
  -2.776E-17
   1.11E-16
   3.486E-16
   1.238E-16
   8.277E-17
   2.4787505905193444E-16
   1.8505666666666664E-16
   1.1684942342842583E-16
   -0.7001    -0.7092    0.08287
   -0.4685    0.3686    -0.8029
   -0.5389    0.6009    0.5903
 Node:         31
  0.1203E+03  0.1126E+03  0.4920E+03 -0.6907E-04
  -5.551E-17
   9.714E-17
  -1.11E-16
   2.776E-17
   4.163E-17
  -5.551E-17
   4.114E-17
   -7.661E-17
   -1.866E-16
   1.9726678661143135E-16
   -7.402333333333333E-17
   9.29924550105485E-17
   -0.6956    -0.5654    -0.4433
   0.4358    0.1585    -0.886
   0.5712    -0.8095    0.1362
 Node:         32
  0.1188E+03  0.1134E+03  0.5062E+03 -0.6907E-04
   2.22E-16
  -1.388E-17
  -1.11E-16
  -2.776E-17
   9.714E-17
  -5.551E-17
   2.266E-16
   1.331E-17
   -1.844E-16
   3.5602167644681415E-16
   1.8503333333333345E-17
   1.6783022777663014E-16
   -0.9894    0.07624    0.1236
   0.1445    0.5992    0.7875
   0.01402    -0.797    0.6038
 Node:         33
  0.1183E+03  0.1150E+03  0.5201E+03 -0.6907E-04
   1.11E-16
   5.551E-17
   0.0
   8.327E-17
   0.0
   0.0
   1.7E-16
   0.0
   -5.893E-17
   2.0589037107159722E-16
   3.702333333333333E-17
   9.705765171049398E-17
   -0.8617    -0.2815    -0.4222
   0.0    -0.8321    0.5547
   -0.5074    0.478    0.717
 Node:         34
  0.1255E+03  0.1129E+03  0.4909E+03 -0.6907E-04
   0.0
   0.0
   0.0
   5.551E-17
   9.714E-17
   0.0
   1.119E-16
   3.387E-33
   -1.119E-16
   1.9381648536695736E-16
   0.0
   9.136596740581255E-17
   -0.3508    -0.6139    -0.7071
   0.8682    -0.4961    -4.855E-17
   -0.3508    -0.6139    0.7071
 Node:         35
  0.1260E+03  0.1135E+03  0.5054E+03 -0.6907E-04
   0.0
   1.11E-16
  -1.11E-16
   1.11E-16
   2.498E-16
  -1.11E-16
   2.41E-16
   -1.023E-16
   -3.608E-16
   5.228959647960578E-16
   -7.403333333333333E-17
   2.4649552170824977E-16
   0.5458    0.5925    0.5925
   0.8379    -0.3859    -0.3859
   -4.975E-17    -0.7071    0.7071
 Node:         36
  0.1257E+03  0.1153E+03  0.5196E+03 -0.6907E-04
   0.0
  -5.551E-17
   0.0
  -5.551E-17
   8.327E-17
   0.0
   1.305E-16
   -4.723E-17
   -8.327E-17
   1.982226619234037E-16
   0.0
   9.344305895392481E-17
   -0.5155    0.6059    0.6059
   0.8569    0.3645    0.3645
   -1.256E-16    0.7071    -0.7071
 Node:         37
  0.1132E+03  0.1210E+03  0.4959E+03 -0.6907E-04
  -2.22E-16
   1.388E-16
  -2.22E-16
  -8.327E-17
   1.804E-16
  -2.776E-16
   -4.482E-17
   -1.622E-16
   -5.146E-16
   4.2347200190803645E-16
   -2.4054E-16
   1.9962661612787678E-16
   0.3971    0.7887    0.4693
   -0.7874    0.0301    0.6157
   0.4715    -0.614    0.633
 Node:         38
  0.1111E+03  0.1204E+03  0.5085E+03 -0.6907E-04
  -1.665E-16
   9.714E-17
   0.0
  -2.776E-17
  -8.327E-17
  -2.22E-16
   7.071E-17
   -2.091E-16
   -2.502E-16
   3.0246162913665597E-16
   -1.2953E-16
   1.4258177934084005E-16
   -0.3916    -0.8746    0.2859
   0.9154    -0.3389    0.217
   0.09287    -0.3467    -0.9334
 Node:         39
  0.1119E+03  0.1201E+03  0.5207E+03 -0.6907E-04
  -5.551E-17
  -9.714E-17
  -3.331E-16
  -8.327E-17
  -7.633E-17
  -1.11E-16
   8.934E-18
   -1.105E-16
   -3.981E-16
   3.6239130612640252E-16
   -1.6655533333333335E-16
   1.7083290000335286E-16
   0.851    -0.1281    -0.5092
   0.4076    -0.4503    0.7944
   -0.3311    -0.8836    -0.331
 Node:         40
  0.1191E+03  0.1220E+03  0.4937E+03 -0.6907E-04
   0.0
   8.327E-17
  -2.22E-16
   8.327E-17
  -1.388E-17
  -2.22E-16
   4.872E-17
   -2.082E-16
   -2.846E-16
   3.0244591979393603E-16
   -1.4802666666666666E-16
   1.4257437388566321E-16
   -0.924    -0.2703    -0.2703
   0.0    -0.7071    0.7071
   0.3823    -0.6534    -0.6534
 Node:         41
  0.1182E+03  0.1217E+03  0.5073E+03 -0.6907E-04
   0.0
  -2.776E-17
  -5.551E-17
   5.551E-17
   9.714E-17
   1.11E-16
   1.653E-16
   1.073E-17
   -1.206E-16
   2.478691830381502E-16
   1.8476666666666666E-17
   1.168466534489637E-16
   0.2406    0.3653    0.8993
   -0.8901    0.4526    0.05428
   -0.3871    -0.8135    0.434
 Node:         42
  0.1187E+03  0.1212E+03  0.5204E+03 -0.6907E-04
   0.0
  -5.551E-17
  -1.11E-16
   0.0
   5.551E-17
   1.11E-16
   1.256E-16
   1.887E-17
   -1.444E-16
   2.3552960089975954E-16
   2.3333333333339628E-20
   1.1102971864425409E-16
   0.1113    -0.2517    -0.9614
   0.9295    -0.3159    0.1903
   -0.3516    -0.9148    0.1988
 Node:         43
  0.1258E+03  0.1217E+03  0.4915E+03 -0.6907E-04
   2.22E-16
   1.11E-16
   1.11E-16
  -1.388E-17
   0.0
  -5.551E-17
   2.911E-16
   4.294E-17
   -5.645E-17
   3.1004254562882173E-16
   9.253E-17
   1.4615545764698628E-16
   -0.8507    -0.5246    0.03406
   -0.5213    0.8502    0.07348
   0.06751    -0.04475    0.9967
 Node:         44
  0.1259E+03  0.1220E+03  0.5059E+03 -0.6907E-04
  -2.22E-16
   1.388E-16
  -2.22E-16
   9.714E-17
   1.11E-16
  -1.11E-16
   5.081E-17
   -2.445E-16
   -3.614E-16
   3.679610646522265E-16
   -1.8503E-16
   1.7345850935214064E-16
   -0.5113    -0.534    -0.6733
   -0.5198    -0.4318    0.7372
   -0.6844    0.7269    -0.05679
 Node:         45
  0.1261E+03  0.1221E+03  0.5198E+03 -0.6907E-04
  -5.551E-17
  -8.327E-17
  -2.776E-16
   2.776E-17
  -6.939E-18
   1.11E-16
   1.167E-16
   -3.339E-17
   -3.053E-16
   3.7050374910383835E-16
   -7.399666666666666E-17
   1.7465714229757554E-16
   0.1854    -0.05643    0.981
   0.9302    -0.3117    -0.1938
   -0.3167    -0.9485    0.005308
 Node:         46
  0.1117E+03  0.1296E+03  0.4959E+03  0.0000E+00
  -5.551E-17
   2.776E-17
  -1.665E-16
   6.939E-18
  -2.602E-17
   0.0
   4.101E-18
   -4.897E-17
   -1.772E-16
   1.6144583695778595E-16
   -7.402300000000001E-17
   7.610629740479211E-17
   0.04856    -0.1429    0.9886
   0.9724    0.2327    -0.01414
   -0.228    0.962    0.1502
 Node:         47
  0.1107E+03  0.1269E+03  0.5087E+03  0.0000E+00
  -1.665E-16
  -3.123E-17
   1.11E-16
  -2.776E-17
   3.99E-17
   0.0
   1.289E-16
   -1.114E-17
   -1.732E-16
   2.6185783853075704E-16
   -1.8479999999999997E-17
   1.2344096888796688E-16
   -0.1292    0.939    0.3186
   -0.1008    -0.3321    0.9379
   -0.9865    -0.08906    -0.1376
 Node:         48
  0.1125E+03  0.1242E+03  0.5208E+03  0.0000E+00
   1.11E-16
   3.469E-18
   1.11E-16
   0.0
  -1.735E-18
   1.11E-16
   1.149E-16
   1.11E-16
   1.071E-16
   6.75499814951862E-18
   1.1099999999999999E-16
   3.1843366656181307E-18
   -0.6325    -0.7071    0.3162
   0.4472    -4.455E-15    0.8944
   -0.6325    0.7071    0.3162
 Node:         49
  0.1186E+03  0.1311E+03  0.4938E+03  0.0000E+00
  -1.665E-16
  -2.082E-17
   0.0
  -4.163E-17
  -6.072E-18
  -5.551E-17
   2.581E-18
   -4.165E-17
   -1.83E-16
   1.6789358448433935E-16
   -7.402300000000001E-17
   7.914579473772858E-17
   0.1174    -0.9929    0.01965
   -0.3135    -0.01827    0.9494
   -0.9423    -0.1176    -0.3134
 Node:         50
  0.1180E+03  0.1298E+03  0.5075E+03  0.0000E+00
   0.0
  -1.301E-17
   3.331E-16
  -4.163E-17
   1.247E-17
   2.22E-16
   3.354E-16
   2.276E-16
   -7.879E-18
   3.040655120874448E-16
   1.8504033333333332E-16
   1.4333785701466156E-16
   0.05441    -0.9902    -0.1289
   -0.1707    -0.1364    0.9758
   0.9838    0.03109    0.1765
 Node:         51
  0.1192E+03  0.1275E+03  0.5206E+03  0.0000E+00
   0.0
  -3.469E-18
  -5.551E-17
   0.0
   1.475E-17
   1.11E-16
   1.123E-16
   2.087E-19
   -5.702E-17
   1.491791641607165E-16
   1.849623333333333E-17
   7.03237323931892E-17
   -0.002705    0.08758    0.9962
   0.9982    -0.06004    0.007989
   -0.06051    -0.9943    0.08725
 Node:         52
  0.1262E+03  0.1305E+03  0.4920E+03  0.0000E+00
   1.11E-16
  -1.388E-17
   1.11E-16
   1.301E-18
   4.906E-18
   0.0
   1.25E-16
   9.734E-17
   -2.497E-19
   1.1396559238686912E-16
   7.403009999999999E-17
   5.372389546579809E-17
   -0.7047    0.7092    0.02051
   0.7093    0.7034    0.04493
   -0.01744    -0.04621    0.9988
 Node:         53
  0.1258E+03  0.1304E+03  0.5063E+03  0.0000E+00
  -1.665E-16
  -1.735E-18
  -1.11E-16
   2.776E-17
   3.383E-17
  -2.22E-16
   -1.01E-16
   -1.572E-16
   -2.414E-16
   1.2239330047024632E-16
   -1.6653333333333332E-16
   5.769675515620921E-17
   0.09684    0.9526    0.2883
   -0.9346    0.1866    -0.3027
   -0.3422    -0.2402    0.9084
 Node:         54
  0.1265E+03  0.1288E+03  0.5200E+03  0.0000E+00
  -2.22E-16
   2.082E-17
   1.11E-16
   0.0
  -4.337E-18
   1.11E-16
   1.16E-16
   1.073E-16
   -2.233E-16
   3.350347295430729E-16
   0.0
   1.5793688612860518E-16
   -0.04656    -0.7562    0.6527
   -0.04117    -0.6514    -0.7576
   -0.9981    0.06215    8.061E-4
 Node:         55
  0.1382E+03  0.1168E+03  0.4529E+03  0.1141E-01
  -0.03486
  -0.0201
   0.04841
  -0.002514
   0.03093
  -0.009004
   0.06567
   -0.02074
   -0.04039
   0.09772802617468544
   0.0015133333333333342
   0.04606943334673099
   -0.1904    0.9047    0.3811
   0.2924    -0.3183    0.9017
   0.9372    0.2831    -0.204
 Node:         56
  0.1314E+03  0.1156E+03  0.4686E+03  0.1141E-01
  -0.0281
  -0.01124
   0.0272
   0.002437
   0.009697
  -0.01559
   0.03116
   -0.01612
   -0.03154
   0.05658827086950086
   -0.005499999999999999
   0.026675966711630153
   -0.1753    0.9658    0.1912
   0.3128    -0.1295    0.941
   -0.9335    -0.2248    0.2794
 Node:         57
  0.1285E+03  0.1140E+03  0.4823E+03  0.1141E-01
  -0.00464
   5.252E-4
   0.002183
   0.001279
  -7.432E-4
  -0.001937
   0.002326
   -0.001492
   -0.005229
   0.006542947271681165
   -0.0014650000000000002
   0.003084374923167848
   -0.04528    -0.9863    0.1583
   0.3917    0.1283    0.9111
   -0.919    0.1033    0.3805
 Node:         58
  0.1481E+03  0.1180E+03  0.4526E+03  0.1141E-01
  -0.03842
  -0.03481
   0.0885
  -0.006316
   0.02223
  -0.05986
   0.1007
   -0.04732
   -0.06321
   0.1565709114107726
   -0.0032766666666666686
   0.07380823546341032
   -0.2463    0.9587    0.1424
   0.9666    0.2538    -0.03693
   -0.07154    0.1285    -0.9891
 Node:         59
  0.1417E+03  0.1168E+03  0.4689E+03  0.1141E-01
  -0.0132
  -0.03756
   0.065
  -0.01566
   0.02263
  -0.02737
   0.08647
   -0.02452
   -0.03751
   0.11802237203174659
   0.008146666666666668
   0.05563627973024637
   0.3747    -0.8982    -0.2301
   0.7293    0.4387    -0.525
   0.5725    0.02892    0.8194
 Node:         60
  0.1375E+03  0.1150E+03  0.4832E+03  0.1141E-01
   0.004819
  -0.01173
   0.01387
  -0.006214
   0.005694
   8.272E-4
   0.02475
   -7.108E-4
   -0.00452
   0.027563519743312902
   0.0065064
   0.012993567815910559
   -0.5529    0.7668    0.3261
   -0.3209    -0.5571    0.7659
   0.769    0.3188    0.5541
 Node:         61
  0.1551E+03  0.1226E+03  0.4521E+03  0.1141E-01
   0.006022
  -0.029
   0.0412
  -0.01326
   0.01237
  -0.08773
   0.05956
   -0.00994
   -0.09013
   0.1297454858559634
   -0.013503333333333332
   0.06116260858473
   -0.4952    0.8609    0.1169
   0.8609    0.5043    -0.06657
   0.1162    -0.06764    0.9909
 Node:         62
  0.1491E+03  0.1205E+03  0.4691E+03  0.1141E-01
   0.04608
  -0.06209
   0.06013
  -0.02748
   0.02284
  -0.03394
   0.1235
   -0.00859
   -0.04267
   0.15202250392622796
   0.02408
   0.07166409561279623
   -0.6564    0.7218    0.2192
   0.7091    0.6896    -0.1474
   0.2576    -0.05871    0.9645
 Node:         63
  0.1436E+03  0.1181E+03  0.4838E+03  0.1141E-01
   0.01705
  -0.0248
   0.02758
  -0.007414
   0.01056
  -3.366E-4
   0.0509
   -0.002409
   -0.004203
   0.05422826074105641
   0.014762666666666667
   0.025563447267968813
   -0.6073    0.7562    0.2437
   0.7181    0.3913    0.5754
   -0.3398    -0.5245    0.7807
 Node:         64
  0.1412E+03  0.1253E+03  0.4517E+03  0.1141E-01
  -0.05599
  -0.005453
   0.07262
  -0.01077
   0.009021
  -0.0312
   0.07371
   -0.02825
   -0.06005
   0.12103474542460937
   -0.004863333333333333
   0.05705632616595249
   0.04934    -0.9947    -0.09059
   -0.3423    -0.102    0.934
   -0.9383    -0.01507    -0.3455
 Node:         65
  0.1340E+03  0.1229E+03  0.4680E+03  0.1141E-01
  -0.02043
  -0.0211
   0.05573
  -0.009846
   0.006083
  -0.0201
   0.06204
   -0.01508
   -0.03176
   0.08667224699983264
   0.005066666666666668
   0.04085768906283804
   -0.258    0.9607    0.1021
   0.5524    0.2333    -0.8002
   -0.7926    -0.15    -0.5909
 Node:         66
  0.1299E+03  0.1214E+03  0.4825E+03  0.1141E-01
   0.0047
  -0.007588
   0.01172
  -0.001245
   0.001049
  -0.001783
   0.0167
   -2.58E-5
   -0.002037
   0.017816740443751207
   0.004879066666666667
   0.008398891990944731
   -0.5386    0.8384    0.08385
   0.8039    0.5412    -0.2467
   0.2522    0.06545    0.9655
 Node:         67
  0.1498E+03  0.1247E+03  0.4517E+03  0.1141E-01
  -0.04583
  -0.02379
   0.06708
  -0.01001
   0.008014
  -0.05453
   0.07266
   -0.04444
   -0.06149
   0.12648979207825428
   -0.011090000000000001
   0.0596278598196067
   -0.2025    0.9762    0.07746
   0.7718    0.2078    -0.6009
   0.6027    0.06193    0.7955
 Node:         68
  0.1431E+03  0.1225E+03  0.4685E+03  0.1141E-01
   0.006727
  -0.04789
   0.06413
  -0.023
   0.01467
  -0.03178
   0.09585
   -0.01354
   -0.04324
   0.12687452502374147
   0.013023333333333336
   0.05980922466940661
   0.502    -0.8443    -0.1875
   0.7086    0.5258    -0.4705
   0.4958    0.1033    0.8623
 Node:         69
  0.1380E+03  0.1205E+03  0.4830E+03  0.1141E-01
   0.01479
  -0.01711
   0.01761
  -0.008107
   0.006259
  -5.185E-4
   0.03616
   -1.108E-4
   -0.004163
   0.03845735031486179
   0.010628733333333333
   0.01812896879607025
   -0.6621    0.7006    0.2659
   0.5619    0.6989    -0.4425
   0.4959    0.1436    0.8564
 Node:         70
  0.1553E+03  0.1247E+03  0.4519E+03  0.1141E-01
  -0.0286
  -0.02943
   0.02348
  -0.02851
   0.02081
  -0.04113
   0.04775
   -0.02987
   -0.06413
   0.09928682289206359
   -0.015416666666666669
   0.04680425716629727
   0.4455    -0.8294    -0.3371
   -0.6235    -0.5576    0.548
   0.6425    0.03397    0.7656
 Node:         71
  0.1493E+03  0.1224E+03  0.4690E+03  0.1141E-01
   0.04159
  -0.05357
   0.04637
  -0.05377
   0.03148
  -0.01554
   0.1238
   -0.003492
   -0.04786
   0.1543355569659824
   0.02414933333333333
   0.0727544792725659
   -0.6696    0.6259    0.3999
   0.5309    0.7798    -0.3317
   0.5194    0.009778    0.8545
 Node:         72
  0.1435E+03  0.1199E+03  0.4837E+03  0.1141E-01
   0.0278
  -0.02192
   0.01529
  -0.01758
   0.00996
   0.003419
   0.05253
   -1.34E-5
   -0.006013
   0.05578569230869148
   0.015501200000000001
   0.02629762754977465
   -0.7499    0.5425    0.3785
   0.3848    0.8232    -0.4175
   -0.5381    -0.1674    -0.8261
 Node:         73
  0.1443E+03  0.1339E+03  0.4509E+03  0.0000E+00
   0.04128
  -0.006745
  -0.0516
  -0.001624
   8.934E-4
   0.03133
   0.04203
   0.03108
   -0.05209
   0.08915078743342651
   0.007006666666666665
   0.042026084228197556
   -0.9852    0.07245    0.1556
   0.1559    -0.002043    0.9878
   -0.07188    -0.9974    0.009281
 Node:         74
  0.1366E+03  0.1304E+03  0.4676E+03  0.0000E+00
   0.08092
   0.009228
  -0.01843
   0.005383
   6.122E-4
   0.03128
   0.08234
   0.0307
   -0.01928
   0.08800941540539853
   0.031253333333333334
   0.04148803629428073
   -0.9902    -0.09132    -0.1055
   -0.1053    -0.007378    0.9944
   -0.09159    0.9958    -0.002306
 Node:         75
  0.1313E+03  0.1288E+03  0.4826E+03  0.0000E+00
   0.03253
   0.003678
  -9.633E-4
  -2.771E-4
  -2.913E-4
   0.002863
   0.03293
   0.002876
   -0.001378
   0.03239118935760155
   0.011476000000000002
   0.015269353096971723
   -0.9941    -0.108    0.01021
   0.01673    -0.0597    0.9981
   -0.1071    0.9924    0.06115
 Node:         76
  0.1514E+03  0.1313E+03  0.4511E+03  0.0000E+00
   0.03703
  -0.01244
  -0.06308
  -0.00729
   0.01231
   0.04174
   0.0497
   0.03179
   -0.0658
   0.10766806908271365
   0.005230000000000003
   0.05075521451043232
   -0.6005    0.1519    0.785
   0.7917    -0.0246    0.6104
   0.112    0.9881    -0.1055
 Node:         77
  0.1445E+03  0.1283E+03  0.4681E+03  0.0000E+00
   0.1058
   0.01345
  -0.02548
   0.002259
   0.01072
   0.02639
   0.1073
   0.02823
   -0.02882
   0.11839641421935042
   0.035570000000000004
   0.05581260490844938
   -0.9937    -0.1041    -0.04155
   -0.06    0.181    0.9817
   -0.09464    0.978    -0.1861
 Node:         78
  0.1384E+03  0.1261E+03  0.4829E+03  0.0000E+00
   0.0441
   0.009293
  -3.253E-4
   8.603E-4
   9.459E-4
   0.002058
   0.04599
   0.002166
   -0.002323
   0.046232240190153026
   0.015277666666666669
   0.021794087031934962
   -0.9801    -0.1971    -0.02344
   -0.05643    0.1635    0.9849
   -0.1903    0.9667    -0.1714
 Node:         79
  0.1555E+03  0.1267E+03  0.4517E+03  0.0000E+00
   0.02845
   0.01778
  -0.0411
  -0.009521
   0.002654
  -0.1267
   0.0332
   -0.0451
   -0.1275
   0.13918537997936423
   -0.04646666666666666
   0.06561261735028985
   0.9716    0.2306    -0.05401
   -0.2275    0.9721    0.05814
   0.06591    -0.0442    0.9968
 Node:         80
  0.1494E+03  0.1243E+03  0.4689E+03  0.0000E+00
   0.1217
   0.02319
  -0.02908
   0.01129
   0.002571
  -0.0967
   0.1258
   -0.03255
   -0.09731
   0.19880474365567838
   -0.0013533333333333314
   0.09371745491398896
   -0.9875    -0.1487    -0.05182
   -0.1496    0.9887    0.01329
   -0.04926    -0.02088    0.9986
 Node:         81
  0.1433E+03  0.1217E+03  0.4836E+03  0.0000E+00
   0.05049
   0.01024
  -0.002676
   0.009355
   0.002302
  -0.008887
   0.05387
   -0.004529
   -0.01041
   0.06155057985916949
   0.012977
   0.029015221602921915
   -0.9715    -0.1821    -0.1515
   -0.1973    0.976    0.0921
   -0.1311    -0.1194    0.9842
 Node:         82
  0.1267E+03  0.1148E+03  0.4563E+03  0.2647E-02
   0.001373
  -0.01697
   0.008579
  -0.001674
   0.01051
  -0.004199
   0.02528
   -0.004037
   -0.01549
   0.03642012217167867
   0.0019176666666666671
   0.01716861023949101
   -0.5653    0.7663    0.3052
   0.5785    0.1046    0.8089
   -0.588    -0.6339    0.5025
 Node:         83
  0.1234E+03  0.1129E+03  0.4720E+03  0.2647E-02
  -0.01424
  -0.007993
   0.001544
   0.01013
   0.005436
  -0.01187
   0.004996
   -0.003027
   -0.02653
   0.028378232978816705
   -0.008187000000000002
   0.01337762731827534
   -0.3367    0.9363    0.09959
   -0.6091    -0.1359    -0.7813
   -0.7181    -0.3237    0.6161
 Node:         84
  0.1187E+03  0.1123E+03  0.4849E+03  0.2647E-02
  -0.002273
  -2.687E-4
  -4.484E-5
   0.004715
  -2.105E-4
  -0.009374
   3.571E-4
   -3.23E-4
   -0.01173
   0.011761806226511302
   -0.0038986333333333335
   0.005544568627845533
   -0.686    0.64    -0.3462
   -0.5748    -0.7684    -0.2815
   0.4462    -0.005864    -0.8949
 Node:         85
  0.1302E+03  0.1161E+03  0.4550E+03  0.2647E-02
  -0.001214
  -0.01771
   0.01263
  -1.727E-4
   0.01533
  -0.003506
   0.02986
   -0.00266
   -0.01929
   0.04330028752791372
   0.002636666666666667
   0.020411951292210052
   -0.461    0.8054    0.3725
   0.6773    0.04816    0.7341
   -0.5733    -0.5908    0.5677
 Node:         86
  0.1252E+03  0.1138E+03  0.4703E+03  0.2647E-02
  -0.02531
   0.001634
   0.05231
   0.01572
   0.01974
  -0.008933
   0.05857
   -0.004674
   -0.03583
   0.0833122436140091
   0.006022
   0.039273768276887645
   -0.07399    -0.9524    -0.2958
   0.5666    -0.2842    0.7734
   0.8207    0.1104    -0.5606
 Node:         87
  0.1217E+03  0.1126E+03  0.4834E+03  0.2647E-02
  -0.00347
  -3.778E-4
   8.452E-4
   0.005141
  -9.641E-4
  -0.007385
   0.00142
   -4.722E-4
   -0.01096
   0.01155073092232695
   -0.0033373999999999995
   0.005445066775225687
   -0.4199    0.8425    -0.3374
   0.7113    0.5364    0.4542
   0.5637    -0.04931    -0.8245
 Node:         88
  0.1338E+03  0.1169E+03  0.4532E+03  0.2647E-02
  -0.02562
  -0.02163
   0.01579
  -4.792E-4
   0.02617
   0.01744
   0.0463
   -0.001678
   -0.03701
   0.07242511583698019
   0.0025373333333333337
   0.03414152702436661
   -0.2211    0.7206    0.6572
   0.4552    -0.5197    0.723
   0.8625    0.459    -0.2131
 Node:         89
  0.1270E+03  0.1150E+03  0.4686E+03  0.2647E-02
  -0.02316
  -0.00738
   0.007893
   0.00543
   0.007196
  -0.002751
   0.01207
   -0.003217
   -0.02687
   0.03398146831730495
   -0.006005666666666666
   0.016019017787894767
   -0.1298    0.9098    0.3943
   -0.3591    0.3275    -0.8739
   -0.9242    -0.255    0.2842
 Node:         90
  0.1248E+03  0.1132E+03  0.4822E+03  0.2647E-02
  -0.005054
   0.00203
  -7.894E-4
   0.0023
  -0.001331
  -0.001671
   2.17E-4
   -5.946E-4
   -0.007136
   0.006982664875246413
   -0.0025045333333333334
   0.0032916597893599044
   -0.146    -0.8835    0.4451
   0.5426    0.3047    0.7828
   -0.8272    0.3558    0.4349
 Node:         91
  0.1259E+03  0.1261E+03  0.4544E+03  0.2647E-02
  -0.04834
  -0.007626
   0.05896
  -0.0108
   0.01902
  -0.009233
   0.06481
   -0.01223
   -0.05119
   0.10224735497801399
   4.6333333333333643E-4
   0.048199865375561195
   -0.08962    0.9614    0.26
   -0.2221    -0.2738    0.9358
   0.9709    0.02611    0.2381
 Node:         92
  0.1209E+03  0.1232E+03  0.4724E+03  0.2647E-02
  -0.0186
  -0.01275
   0.01935
  -0.008756
   0.0131
   0.007379
   0.03245
   -0.001029
   -0.02329
   0.04859703263574845
   0.002710333333333332
   0.022908860881521123
   0.2899    -0.803    -0.5208
   -0.01839    -0.5487    0.8358
   -0.9569    -0.2327    -0.1738
 Node:         93
  0.1159E+03  0.1217E+03  0.4876E+03  0.2647E-02
   0.001074
  -0.001134
   4.993E-4
  -0.00273
   9.067E-4
   0.00211
   0.004838
   9.461E-5
   -0.001249
   0.005538799758259907
   0.00122787
   0.002611015245799994
   -0.6176    0.3123    0.7218
   -0.03219    -0.927    0.3736
   0.7858    0.2075    0.5826
 Node:         94
  0.1313E+03  0.1263E+03  0.4533E+03  0.2647E-02
  -0.059
  -0.007749
   0.06665
  -0.01531
   0.0157
  -0.003166
   0.07093
   -0.003417
   -0.06303
   0.1162464360270886
   0.0014943333333333336
   0.05479909546901502
   0.08421    -0.9711    -0.2231
   -0.2272    -0.2368    0.9446
   -0.9702    -0.02885    -0.2406
 Node:         95
  0.1250E+03  0.1234E+03  0.4704E+03  0.2647E-02
  -0.01954
  -0.01303
   0.03115
  -0.01276
   0.01025
   0.00399
   0.03929
   0.002625
   -0.02632
   0.0569508882722649
   0.0051983333333333335
   0.026846906194610623
   -0.2754    0.892    0.3585
   -0.2496    -0.4265    0.8694
   0.9284    0.1499    0.3401
 Node:         96
  0.1205E+03  0.1222E+03  0.4852E+03  0.2647E-02
   0.002947
  -0.001981
   0.001963
  -0.003217
   0.002043
  -2.073E-4
   0.006612
   4.474E-4
   -0.002356
   0.007946268580912678
   0.0015678
   0.0037459069324619725
   -0.7056    0.5146    0.487
   0.5467    0.8327    -0.08783
   0.4508    -0.2043    0.869
 Node:         97
  0.1368E+03  0.1259E+03  0.4520E+03  0.2647E-02
  -0.06402
  -0.007562
   0.0685
  -0.01494
   0.01648
  -0.007566
   0.07273
   -0.007998
   -0.06781
   0.12215968428249968
   -0.0010259999999999991
   0.05758662742917548
   0.07726    -0.9737    -0.2143
   -0.2224    -0.2263    0.9483
   -0.9719    -0.02562    -0.234
 Node:         98
  0.1296E+03  0.1232E+03  0.4683E+03  0.2647E-02
  -0.02237
  -0.01728
   0.0441
  -0.00938
   0.009751
  -0.003962
   0.05084
   -0.004467
   -0.02861
   0.07054803752763078
   0.005921000000000002
   0.03325666382346051
   -0.25    0.945    0.2109
   -0.2298    -0.2695    0.9352
   0.9406    0.1853    0.2846
 Node:         99
  0.1260E+03  0.1218E+03  0.4827E+03  0.2647E-02
   0.002965
  -0.005045
   0.007404
  -0.001377
   0.001547
  -0.001091
   0.01104
   -2.502E-4
   -0.001514
   0.011972232926233936
   0.003091933333333333
   0.00564376472538992
   -0.5426    0.8233    0.1666
   0.7865    0.5676    -0.2435
   0.295    0.00116    0.9555
 Node:        100
  0.1252E+03  0.1374E+03  0.4524E+03  0.0000E+00
   0.04169
   0.005238
   0.001842
  -0.006409
  -0.002464
   0.005879
   0.04355
   0.005313
   5.482E-4
   0.040828459995939106
   0.0164704
   0.019246720619021482
   -0.9756    -0.1328    0.1747
   -0.21    0.3351    -0.9185
   -0.06348    0.9328    0.3548
 Node:        101
  0.1188E+03  0.1337E+03  0.4713E+03  0.0000E+00
   0.0464
   0.009957
   0.01344
   0.001709
   0.001399
   0.01043
   0.04928
   0.0114
   0.009591
   0.038816128104178546
   0.023423666666666666
   0.018298098267913586
   -0.9617    -0.2692    -0.05198
   -0.24    0.7348    0.6344
   0.1326    -0.6226    0.7712
 Node:        102
  0.1139E+03  0.1312E+03  0.4875E+03  0.0000E+00
   0.01628
   0.005795
   0.00212
   0.004077
   0.001354
   0.002169
   0.01942
   0.001108
   4.224E-5
   0.018867468974337814
   0.006856746666666667
   0.008894210170387376
   -0.9143    -0.3251    -0.2416
   -0.1972    -0.1637    0.9666
   -0.3538    0.9314    0.08556
 Node:        103
  0.1325E+03  0.1365E+03  0.4517E+03  0.0000E+00
   0.044
   5.939E-4
  -0.00816
  -0.007692
  -0.003473
   4.682E-4
   0.04535
   4.297E-4
   -0.009467
   0.05059980984144111
   0.012104233333333334
   0.023852979110421873
   -0.9851    -0.022    0.1705
   -0.167    0.3596    -0.918
   0.04113    0.9328    0.3579
 Node:        104
  0.1251E+03  0.1330E+03  0.4697E+03  0.0000E+00
   0.05579
   0.0105
  -0.002658
   0.001096
   0.001093
   0.01282
   0.05766
   0.01283
   -0.004533
   0.05558404410440104
   0.021985666666666667
   0.02620256967466274
   -0.9847    -0.172    -0.02826
   -0.03662    0.04558    0.9983
   -0.1704    0.984    -0.05118
 Node:        105
  0.1201E+03  0.1317E+03  0.4853E+03  0.0000E+00
   0.02047
   0.005257
  -9.315E-4
   0.003581
   0.00105
   0.002101
   0.02238
   0.001429
   -0.002165
   0.022959946232515443
   0.007214666666666667
   0.010823422451126795
   -0.9577    -0.2241    -0.1807
   0.189    -0.01596    -0.9818
   -0.2172    0.9744    -0.05764
 Node:        106
  0.1399E+03  0.1351E+03  0.4510E+03  0.0000E+00
   0.0432
  -7.471E-4
  -0.03348
  -0.004201
  -0.006732
   0.009507
   0.04371
   0.01005
   -0.03453
   0.06797745802837879
   0.006410000000000002
   0.03204488102646037
   -0.9925    -0.001041    0.1221
   0.1208    -0.1538    0.9807
   -0.01775    -0.9881    -0.1527
 Node:        107
  0.1322E+03  0.1315E+03  0.4679E+03  0.0000E+00
   0.07178
   0.01108
  -0.01122
   0.003191
  -0.003852
   0.01881
   0.07337
   0.01924
   -0.01323
   0.07577571444730825
   0.026459999999999997
   0.03572101435663141
   -0.9906    -0.1275    -0.04895
   -0.03134    -0.1366    0.9901
   -0.1329    0.9824    0.1313
 Node:        108
  0.1273E+03  0.1303E+03  0.4831E+03  0.0000E+00
   0.02724
   0.004237
  -9.191E-4
   6.603E-4
  -2.736E-4
   0.00198
   0.02788
   0.002003
   -0.001581
   0.02784254573490003
   0.009434
   0.013125101929762932
   -0.9891    -0.1453    -0.02368
   -0.008355    -0.1052    0.9944
   -0.147    0.9838    0.1028
 Node:        109
  0.1018E+03  0.1092E+03  0.4946E+03 -0.1531E-04
   0.0
   1.388E-16
   1.11E-16
   5.551E-17
  -1.388E-17
   0.0
   2.069E-16
   2.266E-17
   -1.186E-16
   2.827092280064448E-16
   3.698666666666666E-17
   1.3327040815158061E-16
   -0.5724    -0.814    -0.09897
   0.2904    -0.3141    0.9039
   0.7668    -0.4887    -0.4162
 Node:        110
  0.1058E+03  0.1118E+03  0.5081E+03 -0.1531E-04
   0.0
   2.776E-17
   0.0
  -1.388E-17
  -5.204E-17
   2.22E-16
   2.353E-16
   1.788E-17
   -3.112E-17
   2.456135916434593E-16
   7.402E-17
   1.157833574684491E-16
   -0.08376    -0.2246    0.9708
   0.7726    0.6007    0.2056
   0.6293    -0.7673    -0.1232
 Node:        111
  0.1108E+03  0.1137E+03  0.5210E+03 -0.1531E-04
   0.0
   5.551E-17
  -1.11E-16
  -2.776E-17
   3.261E-16
  -2.22E-16
   1.68E-16
   2.779E-18
   -5.038E-16
   6.063148942925615E-16
   -1.1100700000000001E-16
   2.8581958219244996E-16
   0.1486    0.7638    0.6281
   0.9825    -0.0417    -0.1818
   0.1126    -0.6441    0.7566
 Node:        112
  0.1072E+03  0.1111E+03  0.4942E+03 -0.1531E-04
   0.0
   1.388E-16
   1.11E-16
   0.0
   1.388E-17
