 Group name: gastroc_Strain
 #Fields=  16
 1) coordinates, coordinate, rectangular cartesian, #Components=3
   x.  Value index= 1, #Derivatives=0
   y.  Value index= 2, #Derivatives=0
   z.  Value index= 3, #Derivatives=0
 2) Tensor_1, field, rectangular cartesian, #Components=1
   Tensor_1.  Value index= 4, #Derivatives=0
 3) Tensor_2, field, rectangular cartesian, #Components=1
   Tensor_2.  Value index= 5, #Derivatives=0
 4) Tensor_3, field, rectangular cartesian, #Components=1
   Tensor_3.  Value index= 6, #Derivatives=0
 5) Tensor_4, field, rectangular cartesian, #Components=1
   Tensor_4.  Value index= 7, #Derivatives=0
 6) Tensor_5, field, rectangular cartesian, #Components=1
   Tensor_5.  Value index= 8, #Derivatives=0
 7) Tensor_6, field, rectangular cartesian, #Components=1
   Tensor_6.  Value index= 9, #Derivatives=0
 8) Principal_1, field, rectangular cartesian, #Components=1
   Principal_1.  Value index= 10, #Derivatives=0
 9) Principal_2, field, rectangular cartesian, #Components=1
   Principal_2.  Value index= 11, #Derivatives=0
 10) Principal_3, field, rectangular cartesian, #Components=1
   Principal_3.  Value index= 12, #Derivatives=0
 11) VonMises, field, rectangular cartesian, #Components=1
   VonMises.  Value index= 13, #Derivatives=0
 12) Hydrostatic, field, rectangular cartesian, #Components=1
   VonMises.  Value index= 14, #Derivatives=0
 13) Octahedral, field, rectangular cartesian, #Components=1
   VonMises.  Value index= 15, #Derivatives=0
 14) PrincipalVector1, field, rectangular cartesian, #Components=3
   x.  Value index= 16, #Derivatives=0
   y.  Value index= 17, #Derivatives=0
   z.  Value index= 18, #Derivatives=0
 15) PrincipalVector2, field, rectangular cartesian, #Components=3
   x.  Value index= 19, #Derivatives=0
   y.  Value index= 20, #Derivatives=0
   z.  Value index= 21, #Derivatives=0
 16) PrincipalVector3, field, rectangular cartesian, #Components=3
   x.  Value index= 22, #Derivatives=0
   y.  Value index= 23, #Derivatives=0
   z.  Value index= 24, #Derivatives=0
 Node:          1
  0.1287E+03  0.1133E+03  0.4908E+03 -0.1819E-04
  -1.11E-16
  -8.327E-17
  -2.22E-16
  -2.776E-17
  -4.163E-17
  -3.331E-16
   -6.637E-17
   -2.4E-16
   -3.598E-16
   2.5553921597281306E-16
   -2.2205666666666663E-16
   1.204623416489799E-16
   0.8837    -0.4676    -0.01897
   0.4046    0.7837    -0.4712
   0.2352    0.4088    0.8818
 Node:          2
  0.1292E+03  0.1137E+03  0.5052E+03 -0.1819E-04
  -5.551E-17
  -1.11E-16
  -1.665E-16
  -5.551E-17
   1.943E-16
  -2.776E-16
   8.603E-17
   -1.6E-16
   -4.256E-16
   4.4319260925696854E-16
   -1.6652333333333334E-16
   2.089229995849082E-16
   -0.6554    0.6199    0.4313
   0.7522    0.4849    0.4462
   -0.06744    -0.6169    0.7841
 Node:          3
  0.1289E+03  0.1155E+03  0.5194E+03 -0.1819E-04
   2.22E-16
   1.388E-16
   3.331E-16
   1.11E-16
   5.551E-17
   2.22E-16
   4.753E-16
   2.118E-16
   9.006E-17
   3.4107384479024473E-16
   2.590533333333333E-16
   1.6078375235770005E-16
   -0.5696    -0.7144    -0.4063
   0.2395    -0.6172    0.7494
   -0.7862    0.3296    0.5227
 Node:          4
  0.1361E+03  0.1141E+03  0.4915E+03 -0.1819E-04
   0.0
  -2.776E-17
  -1.11E-16
  -2.776E-17
  -8.327E-17
   2.22E-16
   2.435E-16
   6.328E-18
   -1.388E-16
   3.3426485304919515E-16
   3.700933333333334E-17
   1.5757396286894045E-16
   -0.08549    -0.2215    0.9714
   0.9681    -0.2491    0.0284
   0.2357    0.9428    0.2357
 Node:          5
  0.1341E+03  0.1144E+03  0.5054E+03 -0.1819E-04
   3.331E-16
   1.388E-16
   3.331E-16
   5.551E-17
  -6.939E-17
   4.441E-16
   4.814E-16
   4.627E-16
   1.662E-16
   3.062784517395894E-16
   3.7010000000000004E-16
   1.4438104677092028E-16
   -0.348    -0.6443    0.681
   -0.6589    -0.3487    -0.6665
   0.6669    -0.6807    -0.3032
 Node:          6
  0.1323E+03  0.1162E+03  0.5191E+03 -0.1819E-04
   2.22E-16
   5.551E-17
   2.22E-16
  -5.551E-17
  -2.776E-17
   0.0
   2.897E-16
   1.685E-16
   -1.402E-17
   2.648101478418076E-16
   1.4806E-16
   1.2483270084396958E-16
   -0.715    -0.6696    0.2012
   0.6656    -0.7399    -0.09741
   -0.2141    -0.06426    -0.9747
 Node:          7
  0.1408E+03  0.1171E+03  0.4920E+03 -0.1819E-04
   3.331E-16
   2.22E-16
   2.22E-16
  -8.327E-17
  -1.11E-16
   0.0
   5.398E-16
   6.158E-17
   -4.631E-17
   5.403052621435404E-16
   1.8502333333333335E-16
   2.5470234318164845E-16
   -0.7537    -0.6111    0.2419
   -0.656    0.677    -0.3335
   -0.04004    0.4101    0.9112
 Node:          8
  0.1367E+03  0.1169E+03  0.5055E+03 -0.1819E-04
   2.22E-16
   1.943E-16
   2.22E-16
  -4.025E-16
  -2.359E-16
  -2.22E-16
   6.547E-16
   4.477E-17
   -4.775E-16
   9.814930967154074E-16
   7.399000000000001E-17
   4.626802829168323E-16
   -0.6847    -0.5611    0.4652
   0.5685    -0.8105    -0.1409
   -0.4561    -0.1681    -0.8739
 Node:          9
  0.1339E+03  0.1180E+03  0.5191E+03 -0.1819E-04
   2.22E-16
   1.665E-16
   0.0
  -3.955E-16
  -2.776E-16
   6.661E-16
   1.002E-15
   -9.379E-18
   -1.046E-16
   1.062195387036208E-15
   2.96007E-16
   5.007237074122481E-16
   -0.4817    -0.3073    0.8207
   -0.8565    -0.03292    -0.515
   -0.1853    0.951    0.2474
 Node:         10
  0.1294E+03  0.1212E+03  0.4911E+03 -0.1819E-04
   0.0
   2.776E-17
   1.11E-16
  -1.388E-17
   1.249E-16
   1.11E-16
   2.363E-16
   2.303E-17
   -3.732E-17
   2.48992088026909E-16
   7.400333333333333E-17
   1.173759959370834E-16
   0.0421    0.71    0.703
   -0.7813    -0.4152    0.4661
   -0.6228    0.5688    -0.5372
 Node:         11
  0.1295E+03  0.1214E+03  0.5055E+03 -0.1819E-04
  -2.22E-16
  -2.776E-17
  -2.22E-16
  -4.163E-17
   1.388E-17
  -1.665E-16
   -1.365E-16
   -2.183E-16
   -2.558E-16
   1.0566451627675205E-16
   -2.035333333333333E-16
   4.9810730660058464E-17
   -0.4935    0.2929    0.8189
   0.3541    -0.7924    0.4968
   -0.7944    -0.5351    -0.2873
 Node:         12
  0.1295E+03  0.1217E+03  0.5196E+03 -0.1819E-04
   1.11E-16
   0.0
   1.11E-16
   7.633E-17
   2.776E-17
   2.22E-16
   2.649E-16
   1.11E-16
   6.816E-17
   1.792025435087348E-16
   1.4801999999999999E-16
   8.447688914726913E-17
   -0.4387    -0.1595    -0.8844
   0.3417    -0.9398    -2.255E-17
   0.8311    0.3022    -0.4668
 Node:         13
  0.1361E+03  0.1199E+03  0.4914E+03 -0.1819E-04
   1.11E-16
  -1.388E-16
   0.0
  -9.714E-17
   2.776E-17
  -1.665E-16
   2.285E-16
   -8.52E-17
   -1.988E-16
   3.833392361864358E-16
   -1.849999999999999E-17
   1.807078489348669E-16
   0.8171    -0.5252    -0.2378
   0.4648    0.8442    -0.2671
   0.341    0.1077    0.9339
 Node:         14
  0.1342E+03  0.1198E+03  0.5054E+03 -0.1819E-04
  -5.551E-17
   2.776E-17
   0.0
   5.551E-17
  -9.021E-17
   1.11E-16
   1.672E-16
   -4.94E-18
   -1.068E-16
   2.398787602102362E-16
   1.8486666666666665E-17
   1.130799320048532E-16
   0.1634    -0.4472    0.8794
   -0.6569    -0.7144    -0.2412
   -0.7361    0.5382    0.4105
 Node:         15
  0.1330E+03  0.1205E+03  0.5193E+03 -0.1819E-04
   2.22E-16
  -8.327E-17
  -5.551E-17
   1.388E-17
   4.857E-17
   0.0
   2.451E-16
   2.471E-17
   -1.033E-16
   3.0523832672192397E-16
   5.550333333333333E-17
   1.438907271354049E-16
   -0.9638    0.2667    -0.001723
   0.1157    0.4239    0.8983
   0.2403    0.8656    -0.4394
 Node:         16
  0.1404E+03  0.1188E+03  0.4918E+03 -0.1819E-04
   2.22E-16
   5.551E-17
   2.22E-16
  -8.327E-17
  -1.457E-16
   4.441E-16
   5.466E-16
   1.95E-16
   1.465E-16
   3.7818964819254375E-16
   2.9603333333333337E-16
   1.7828030987433498E-16
   -0.2927    -0.4328    0.8526
   -0.9222    -0.1077    -0.3713
   -0.2526    0.895    0.3676
 Node:         17
  0.1365E+03  0.1184E+03  0.5055E+03 -0.1819E-04
  -1.11E-16
   2.776E-17
  -1.11E-16
   9.714E-17
   1.7E-16
   0.0
   1.573E-16
   -1.341E-16
   -2.452E-16
   3.600440389730123E-16
   -7.400000000000001E-17
   1.697263876557404E-16
   0.3368    0.5285    0.7792
   0.8927    -0.4425    -0.08566
   -0.2996    -0.7244    0.6209
 Node:         18
  0.1341E+03  0.1191E+03  0.5192E+03 -0.1819E-04
   0.0
   0.0
   0.0
   2.645E-17
   1.065E-16
   4.441E-16
   4.697E-16
   -1.672E-33
   -2.562E-17
   4.830198633596759E-16
   1.4802666666666666E-16
   2.2769774721961763E-16
   -0.05484    -0.2207    -0.9738
   0.9705    -0.2411    -6.21E-17
   -0.2348    -0.9451    0.2274
 Node:         19
  0.1301E+03  0.1291E+03  0.4914E+03  0.0000E+00
   1.11E-16
   0.0
   1.11E-16
   2.101E-19
   1.001E-17
  -2.22E-16
   1.113E-16
   1.11E-16
   -2.223E-16
   3.3345010121455954E-16
   0.0
   1.5718988517077046E-16
   -0.02096    -0.9993    -0.03003
   0.9998    -0.02097    1.345E-19
   6.298E-4    0.03003    -0.9995
 Node:         20
  0.1299E+03  0.1291E+03  0.5058E+03  0.0000E+00
   2.22E-16
   0.0
   0.0
   1.041E-17
   1.924E-17
  -5.551E-17
   2.224E-16
   5.975E-18
   -6.188E-17
   2.5715676157744715E-16
   5.549833333333335E-17
   1.2122485995959007E-16
   -0.9993    -0.003257    -0.03765
   0.01428    -0.9549    -0.2965
   -0.03498    -0.2968    0.9543
 Node:         21
  0.1301E+03  0.1280E+03  0.5197E+03  0.0000E+00
   1.11E-16
   0.0
   0.0
   4.163E-17
   1.475E-17
   1.11E-16
   1.534E-16
   7.089E-17
   -2.22E-18
   1.3485280234388901E-16
   7.402333333333333E-17
   6.357022066624871E-17
   -0.6994    -0.0684    -0.7114
   -0.7126    0.1429    0.6869
   -0.05465    -0.9874    0.1487
 Node:         22
  0.1360E+03  0.1256E+03  0.4913E+03  0.0000E+00
  -2.22E-16
   1.388E-17
  -1.11E-16
  -1.388E-17
   1.006E-16
   1.11E-16
   1.5E-16
   -1.456E-16
   -2.264E-16
   3.432090907886911E-16
   -7.4E-17
   1.617903169743686E-16
   -0.02144    0.3586    0.9332
   0.228    0.9106    -0.3447
   -0.9734    0.2054    -0.1013
 Node:         23
  0.1343E+03  0.1253E+03  0.5054E+03  0.0000E+00
   0.0
   2.082E-17
  -4.441E-16
   0.0
   1.314E-16
  -1.665E-16
   1.265E-18
   -1.147E-16
   -4.972E-16
   4.517861703560657E-16
   -2.0354499999999996E-16
   2.1297404313671653E-16
   0.997    0.06061    0.04746
   0.06644    -0.3661    -0.9282
   0.03888    -0.9286    0.369
 Node:         24
  0.1336E+03  0.1248E+03  0.5194E+03  0.0000E+00
  -2.22E-16
   1.214E-17
   0.0
   1.388E-17
   8.674E-19
  -1.665E-16
   6.779E-19
   -1.633E-16
   -2.259E-16
   2.026635838733984E-16
   -1.2950736666666666E-16
   9.553652963763242E-17
   -0.05504    -0.9984    -0.009747
   0.2257    -0.02195    0.974
   -0.9726    0.05141    0.2265
 Node:         25
  0.1400E+03  0.1206E+03  0.4917E+03  0.0000E+00
   0.0
   2.671E-16
  -1.11E-16
  -8.327E-17
  -1.301E-16
   2.22E-16
   3.681E-16
   7.58E-17
   -3.329E-16
   6.098671904603493E-16
   3.699999999999999E-17
   2.8749415066513385E-16
   0.5089    0.4781    -0.7159
   0.6086    0.3883    0.692
   0.6088    -0.7878    -0.09334
 Node:         26
  0.1363E+03  0.1200E+03  0.5055E+03  0.0000E+00
   2.22E-16
   1.076E-16
  -6.106E-16
   2.776E-17
  -1.124E-15
  -5.551E-17
   8.281E-16
   2.248E-16
   -1.497E-15
   2.089815319591662E-15
   -1.4803333333333336E-16
   9.851483892738641E-16
   0.07371    0.6174    -0.7832
   0.9955    0.001018    0.09449
   -0.05914    0.7866    0.6146
 Node:         27
  0.1343E+03  0.1203E+03  0.5192E+03  0.0000E+00
   2.22E-16
  -1.943E-16
   2.22E-16
  -1.041E-16
   1.313E-15
   0.0
   1.466E-15
   1.875E-16
   -1.209E-15
   2.3173691440942246E-15
   1.4816666666666667E-16
   1.0924182908676612E-15
   -0.1693    0.728    0.6643
   0.9848    0.09849    0.1431
   0.03876    0.6785    -0.7336
 Node:         28
  0.1155E+03  0.1124E+03  0.4931E+03 -0.1075E-03
  -2.22E-16
   3.816E-17
   2.22E-16
  -5.551E-17
   5.551E-17
   1.11E-16
   2.455E-16
   1.014E-16
   -2.359E-16
   4.279497984577163E-16
   3.699999999999999E-17
   2.0173746966457835E-16
   0.03184    0.9284    0.3701
   0.1988    0.3571    -0.9127
   0.9795    -0.1026    0.1732
 Node:         29
  0.1119E+03  0.1139E+03  0.5068E+03 -0.1075E-03
  -2.22E-16
  -2.082E-17
   0.0
   5.551E-17
   6.939E-18
  -3.331E-16
   1.944E-18
   -2.004E-16
   -3.566E-16
   3.113642033631998E-16
   -1.8501866666666668E-16
   1.4677849307791052E-16
   -0.09118    0.9958    0.005517
   -0.9179    -0.08189    -0.3884
   -0.3863    -0.04048    0.9215
 Node:         30
  0.1113E+03  0.1159E+03  0.5206E+03 -0.1075E-03
   2.22E-16
   1.249E-16
   2.22E-16
   0.0
  -2.776E-17
   1.11E-16
   3.486E-16
   1.238E-16
   8.277E-17
   2.4787505905193444E-16
   1.8505666666666664E-16
   1.1684942342842583E-16
   -0.7001    -0.7092    0.08287
   -0.4685    0.3686    -0.8029
   -0.5389    0.6009    0.5903
 Node:         31
  0.1203E+03  0.1126E+03  0.4920E+03 -0.1075E-03
  -5.551E-17
   9.714E-17
  -1.11E-16
   2.776E-17
   4.163E-17
  -5.551E-17
   4.114E-17
   -7.661E-17
   -1.866E-16
   1.9726678661143135E-16
   -7.402333333333333E-17
   9.29924550105485E-17
   -0.6956    -0.5654    -0.4433
   0.4358    0.1585    -0.886
   0.5712    -0.8095    0.1362
 Node:         32
  0.1188E+03  0.1134E+03  0.5062E+03 -0.1075E-03
   2.22E-16
  -1.388E-17
  -1.11E-16
  -2.776E-17
   9.714E-17
  -5.551E-17
   2.266E-16
   1.331E-17
   -1.844E-16
   3.5602167644681415E-16
   1.8503333333333345E-17
   1.6783022777663014E-16
   -0.9894    0.07624    0.1236
   0.1445    0.5992    0.7875
   0.01402    -0.797    0.6038
 Node:         33
  0.1183E+03  0.1150E+03  0.5201E+03 -0.1075E-03
   1.11E-16
   5.551E-17
   0.0
   8.327E-17
   0.0
   0.0
   1.7E-16
   0.0
   -5.893E-17
   2.0589037107159722E-16
   3.702333333333333E-17
   9.705765171049398E-17
   -0.8617    -0.2815    -0.4222
   0.0    -0.8321    0.5547
   -0.5074    0.478    0.717
 Node:         34
  0.1255E+03  0.1129E+03  0.4909E+03 -0.1075E-03
   0.0
   0.0
   0.0
   5.551E-17
   9.714E-17
   0.0
   1.119E-16
   3.387E-33
   -1.119E-16
   1.9381648536695736E-16
   0.0
   9.136596740581255E-17
   -0.3508    -0.6139    -0.7071
   0.8682    -0.4961    -4.855E-17
   -0.3508    -0.6139    0.7071
 Node:         35
  0.1260E+03  0.1135E+03  0.5054E+03 -0.1075E-03
   0.0
   1.11E-16
  -1.11E-16
   1.11E-16
   2.498E-16
  -1.11E-16
   2.41E-16
   -1.023E-16
   -3.608E-16
   5.228959647960578E-16
   -7.403333333333333E-17
   2.4649552170824977E-16
   0.5458    0.5925    0.5925
   0.8379    -0.3859    -0.3859
   -4.975E-17    -0.7071    0.7071
 Node:         36
  0.1257E+03  0.1153E+03  0.5196E+03 -0.1075E-03
   0.0
  -5.551E-17
   0.0
  -5.551E-17
   8.327E-17
   0.0
   1.305E-16
   -4.723E-17
   -8.327E-17
   1.982226619234037E-16
   0.0
   9.344305895392481E-17
   -0.5155    0.6059    0.6059
   0.8569    0.3645    0.3645
   -1.256E-16    0.7071    -0.7071
 Node:         37
  0.1132E+03  0.1210E+03  0.4959E+03 -0.1075E-03
  -2.22E-16
   1.388E-16
  -2.22E-16
  -8.327E-17
   1.804E-16
  -2.776E-16
   -4.482E-17
   -1.622E-16
   -5.146E-16
   4.2347200190803645E-16
   -2.4054E-16
   1.9962661612787678E-16
   0.3971    0.7887    0.4693
   -0.7874    0.0301    0.6157
   0.4715    -0.614    0.633
 Node:         38
  0.1111E+03  0.1204E+03  0.5085E+03 -0.1075E-03
  -1.665E-16
   9.714E-17
   0.0
  -2.776E-17
  -8.327E-17
  -2.22E-16
   7.071E-17
   -2.091E-16
   -2.502E-16
   3.0246162913665597E-16
   -1.2953E-16
   1.4258177934084005E-16
   -0.3916    -0.8746    0.2859
   0.9154    -0.3389    0.217
   0.09287    -0.3467    -0.9334
 Node:         39
  0.1119E+03  0.1201E+03  0.5207E+03 -0.1075E-03
  -5.551E-17
  -9.714E-17
  -3.331E-16
  -8.327E-17
  -7.633E-17
  -1.11E-16
   8.934E-18
   -1.105E-16
   -3.981E-16
   3.6239130612640252E-16
   -1.6655533333333335E-16
   1.7083290000335286E-16
   0.851    -0.1281    -0.5092
   0.4076    -0.4503    0.7944
   -0.3311    -0.8836    -0.331
 Node:         40
  0.1191E+03  0.1220E+03  0.4937E+03 -0.1075E-03
   0.0
   8.327E-17
  -2.22E-16
   8.327E-17
  -1.388E-17
  -2.22E-16
   4.872E-17
   -2.082E-16
   -2.846E-16
   3.0244591979393603E-16
   -1.4802666666666666E-16
   1.4257437388566321E-16
   -0.924    -0.2703    -0.2703
   0.0    -0.7071    0.7071
   0.3823    -0.6534    -0.6534
 Node:         41
  0.1182E+03  0.1217E+03  0.5073E+03 -0.1075E-03
   0.0
  -2.776E-17
  -5.551E-17
   5.551E-17
   9.714E-17
   1.11E-16
   1.653E-16
   1.073E-17
   -1.206E-16
   2.478691830381502E-16
   1.8476666666666666E-17
   1.168466534489637E-16
   0.2406    0.3653    0.8993
   -0.8901    0.4526    0.05428
   -0.3871    -0.8135    0.434
 Node:         42
  0.1187E+03  0.1212E+03  0.5204E+03 -0.1075E-03
   0.0
  -5.551E-17
  -1.11E-16
   0.0
   5.551E-17
   1.11E-16
   1.256E-16
   1.887E-17
   -1.444E-16
   2.3552960089975954E-16
   2.3333333333339628E-20
   1.1102971864425409E-16
   0.1113    -0.2517    -0.9614
   0.9295    -0.3159    0.1903
   -0.3516    -0.9148    0.1988
 Node:         43
  0.1258E+03  0.1217E+03  0.4915E+03 -0.1075E-03
   2.22E-16
   1.11E-16
   1.11E-16
  -1.388E-17
   0.0
  -5.551E-17
   2.911E-16
   4.294E-17
   -5.645E-17
   3.1004254562882173E-16
   9.253E-17
   1.4615545764698628E-16
   -0.8507    -0.5246    0.03406
   -0.5213    0.8502    0.07348
   0.06751    -0.04475    0.9967
 Node:         44
  0.1259E+03  0.1220E+03  0.5059E+03 -0.1075E-03
  -2.22E-16
   1.388E-16
  -2.22E-16
   9.714E-17
   1.11E-16
  -1.11E-16
   5.081E-17
   -2.445E-16
   -3.614E-16
   3.679610646522265E-16
   -1.8503E-16
   1.7345850935214064E-16
   -0.5113    -0.534    -0.6733
   -0.5198    -0.4318    0.7372
   -0.6844    0.7269    -0.05679
 Node:         45
  0.1261E+03  0.1221E+03  0.5198E+03 -0.1075E-03
  -5.551E-17
  -8.327E-17
  -2.776E-16
   2.776E-17
  -6.939E-18
   1.11E-16
   1.167E-16
   -3.339E-17
   -3.053E-16
   3.7050374910383835E-16
   -7.399666666666666E-17
   1.7465714229757554E-16
   0.1854    -0.05643    0.981
   0.9302    -0.3117    -0.1938
   -0.3167    -0.9485    0.005308
 Node:         46
  0.1117E+03  0.1296E+03  0.4959E+03  0.0000E+00
  -5.551E-17
   2.776E-17
  -1.665E-16
   6.939E-18
  -2.602E-17
   0.0
   4.101E-18
   -4.897E-17
   -1.772E-16
   1.6144583695778595E-16
   -7.402300000000001E-17
   7.610629740479211E-17
   0.04856    -0.1429    0.9886
   0.9724    0.2327    -0.01414
   -0.228    0.962    0.1502
 Node:         47
  0.1107E+03  0.1269E+03  0.5087E+03  0.0000E+00
  -1.665E-16
  -3.123E-17
   1.11E-16
  -2.776E-17
   3.99E-17
   0.0
   1.289E-16
   -1.114E-17
   -1.732E-16
   2.6185783853075704E-16
   -1.8479999999999997E-17
   1.2344096888796688E-16
   -0.1292    0.939    0.3186
   -0.1008    -0.3321    0.9379
   -0.9865    -0.08906    -0.1376
 Node:         48
  0.1125E+03  0.1242E+03  0.5208E+03  0.0000E+00
   1.11E-16
   3.469E-18
   1.11E-16
   0.0
  -1.735E-18
   1.11E-16
   1.149E-16
   1.11E-16
   1.071E-16
   6.75499814951862E-18
   1.1099999999999999E-16
   3.1843366656181307E-18
   -0.6325    -0.7071    0.3162
   0.4472    -4.455E-15    0.8944
   -0.6325    0.7071    0.3162
 Node:         49
  0.1186E+03  0.1311E+03  0.4938E+03  0.0000E+00
  -1.665E-16
  -2.082E-17
   0.0
  -4.163E-17
  -6.072E-18
  -5.551E-17
   2.581E-18
   -4.165E-17
   -1.83E-16
   1.6789358448433935E-16
   -7.402300000000001E-17
   7.914579473772858E-17
   0.1174    -0.9929    0.01965
   -0.3135    -0.01827    0.9494
   -0.9423    -0.1176    -0.3134
 Node:         50
  0.1180E+03  0.1298E+03  0.5075E+03  0.0000E+00
   0.0
  -1.301E-17
   3.331E-16
  -4.163E-17
   1.247E-17
   2.22E-16
   3.354E-16
   2.276E-16
   -7.879E-18
   3.040655120874448E-16
   1.8504033333333332E-16
   1.4333785701466156E-16
   0.05441    -0.9902    -0.1289
   -0.1707    -0.1364    0.9758
   0.9838    0.03109    0.1765
 Node:         51
  0.1192E+03  0.1275E+03  0.5206E+03  0.0000E+00
   0.0
  -3.469E-18
  -5.551E-17
   0.0
   1.475E-17
   1.11E-16
   1.123E-16
   2.087E-19
   -5.702E-17
   1.491791641607165E-16
   1.849623333333333E-17
   7.03237323931892E-17
   -0.002705    0.08758    0.9962
   0.9982    -0.06004    0.007989
   -0.06051    -0.9943    0.08725
 Node:         52
  0.1262E+03  0.1305E+03  0.4920E+03  0.0000E+00
   1.11E-16
  -1.388E-17
   1.11E-16
   1.301E-18
   4.906E-18
   0.0
   1.25E-16
   9.734E-17
   -2.497E-19
   1.1396559238686912E-16
   7.403009999999999E-17
   5.372389546579809E-17
   -0.7047    0.7092    0.02051
   0.7093    0.7034    0.04493
   -0.01744    -0.04621    0.9988
 Node:         53
  0.1258E+03  0.1304E+03  0.5063E+03  0.0000E+00
  -1.665E-16
  -1.735E-18
  -1.11E-16
   2.776E-17
   3.383E-17
  -2.22E-16
   -1.01E-16
   -1.572E-16
   -2.414E-16
   1.2239330047024632E-16
   -1.6653333333333332E-16
   5.769675515620921E-17
   0.09684    0.9526    0.2883
   -0.9346    0.1866    -0.3027
   -0.3422    -0.2402    0.9084
 Node:         54
  0.1265E+03  0.1288E+03  0.5200E+03  0.0000E+00
  -2.22E-16
   2.082E-17
   1.11E-16
   0.0
  -4.337E-18
   1.11E-16
   1.16E-16
   1.073E-16
   -2.233E-16
   3.350347295430729E-16
   0.0
   1.5793688612860518E-16
   -0.04656    -0.7562    0.6527
   -0.04117    -0.6514    -0.7576
   -0.9981    0.06215    8.061E-4
 Node:         55
  0.1382E+03  0.1168E+03  0.4532E+03  0.8493E-02
  -0.04149
  -0.0172
   0.04945
  -0.001127
   0.02731
   0.002207
   0.06441
   -0.009236
   -0.045
   0.09662645888161274
   0.0033913333333333317
   0.045550149544820985
   0.1511    -0.9041    -0.3998
   0.1681    -0.375    0.9116
   -0.9741    -0.205    0.09534
 Node:         56
  0.1314E+03  0.1156E+03  0.4687E+03  0.8493E-02
  -0.03707
  -0.007485
   0.02749
   0.006013
   0.007305
  -0.01049
   0.02945
   -0.009962
   -0.03956
   0.059965521126727483
   -0.006690666666666667
   0.028268017750729457
   -0.09553    0.9816    0.1652
   -0.2504    0.1369    -0.9584
   -0.9634    -0.1329    0.2327
 Node:         57
  0.1285E+03  0.1140E+03  0.4823E+03  0.8493E-02
  -0.007186
   0.002158
   0.001273
   0.002336
  -0.001501
  -0.001935
   0.002047
   -0.001166
   -0.008729
   0.009582393072714144
   -0.0026160000000000003
   0.004517183414474112
   -0.1546    -0.951    0.2679
   0.4122    0.1843    0.8922
   -0.8979    0.2483    0.3635
 Node:         58
  0.1482E+03  0.1179E+03  0.4530E+03  0.8493E-02
  -0.04563
  -0.033
   0.08843
  -0.005894
   0.02021
  -0.04206
   0.09924
   -0.04503
   -0.05347
   0.1486697861032967
   2.4666666666666587E-4
   0.07008360927412977
   -0.2254    0.9631    0.1472
   -0.1003    -0.1732    0.9798
   0.9691    0.2061    0.1356
 Node:         59
  0.1418E+03  0.1167E+03  0.4692E+03  0.8493E-02
  -0.02631
  -0.03343
   0.06463
  -0.009683
   0.01828
  -0.02247
   0.07967
   -0.02554
   -0.03828
   0.11212415930565543
   0.005283333333333334
   0.052855835586579795
   -0.3112    0.9299    0.1959
   -0.2076    -0.2677    0.9409
   0.9274    0.2521    0.2764
 Node:         60
  0.1375E+03  0.1150E+03  0.4832E+03  0.8493E-02
   2.306E-4
  -0.009377
   0.01264
  -0.003145
   0.003798
  -3.283E-4
   0.0189
   -0.001291
   -0.005063
   0.022317368057188102
   0.004182
   0.010520508194315837
   0.4678    -0.8494    -0.2443
   -0.1151    -0.3326    0.936
   0.8763    0.4097    0.2533
 Node:         61
  0.1553E+03  0.1224E+03  0.4526E+03  0.8493E-02
  -0.004331
  -0.02894
   0.0425
  -0.01576
   0.0168
  -0.08231
   0.05971
   -0.01745
   -0.0864
   0.12660154066993026
   -0.014713333333333335
   0.059680538610914775
   -0.4379    0.8858    0.1533
   0.8854    0.4546    -0.09741
   0.156    -0.09311    0.9834
 Node:         62
  0.1492E+03  0.1204E+03  0.4694E+03  0.8493E-02
   0.03124
  -0.05608
   0.05736
  -0.02159
   0.02119
  -0.04213
   0.1079
   -0.01291
   -0.04852
   0.14200412775690713
   0.015489999999999997
   0.06694138779559324
   -0.6144    0.7642    0.1963
   0.7628    0.6389    -0.1
   -0.2019    0.08832    -0.9754
 Node:         63
  0.1436E+03  0.1181E+03  0.4838E+03  0.8493E-02
   0.01417
  -0.02103
   0.02332
  -0.004822
   0.007297
  -0.003317
   0.04194
   -0.002517
   -0.005257
   0.04588839318389782
   0.011388666666666667
   0.021631995998725798
   -0.6134    0.7668    0.189
   0.779    0.5481    0.3046
   -0.13    -0.3341    0.9335
 Node:         64
  0.1413E+03  0.1253E+03  0.4520E+03  0.8493E-02
  -0.05241
  -0.001385
   0.06561
  -0.01097
   0.00885
  -0.02533
   0.06652
   -0.02232
   -0.05632
   0.10985948115661207
   -0.004040000000000002
   0.05178825606898408
   0.02066    -0.9949    -0.09834
   -0.3369    -0.09953    0.9363
   0.9413    -0.01378    0.3372
 Node:         65
  0.1341E+03  0.1229E+03  0.4682E+03  0.8493E-02
  -0.0236
  -0.01497
   0.05154
  -0.00809
   0.005334
  -0.01654
   0.05505
   -0.0135
   -0.03016
   0.07822212666503002
   0.0037966666666666682
   0.03687426413578385
   -0.1955    0.9761    0.09482
   -0.4452    -0.1745    0.8783
   0.8739    0.1295    0.4686
 Node:         66
  0.1299E+03  0.1214E+03  0.4825E+03  0.8493E-02
   0.002571
  -0.005718
   0.01038
  -4.041E-4
   3.955E-4
  -0.001735
   0.01342
   -4.263E-4
   -0.001776
   0.014568118097063876
   0.0037392333333333334
   0.006867476730373553
   -0.4671    0.8835    0.03552
   0.8745    0.4675    -0.1288
   0.1304    0.0291    0.991
 Node:         67
  0.1499E+03  0.1246E+03  0.4521E+03  0.8493E-02
  -0.04557
  -0.02176
   0.06011
  -0.01003
   0.00749
  -0.0383
   0.06525
   -0.03458
   -0.05444
   0.11109938028630043
   -0.007923333333333333
   0.05237275012404405
   -0.1997    0.9757    0.08991
   -0.4541    -0.1735    0.8739
   0.8683    0.1337    0.4777
 Node:         68
  0.1432E+03  0.1225E+03  0.4687E+03  0.8493E-02
  -0.003338
  -0.04266
   0.05847
  -0.01885
   0.01289
  -0.02251
   0.08405
   -0.01497
   -0.03646
   0.1113315781797779
   0.010873333333333334
   0.05248220926074748
   0.4632    -0.8664    -0.1868
   -0.5816    -0.4561    0.6736
   0.6688    0.2034    0.7151
 Node:         69
  0.1380E+03  0.1205E+03  0.4831E+03  0.8493E-02
   0.01045
  -0.01478
   0.01609
  -0.005981
   0.005034
  -4.601E-4
   0.03025
   -6.927E-4
   -0.003475
   0.03242350614585042
   0.0086941
   0.015284587377049687
   -0.6264    0.7405    0.2434
   0.499    0.6208    -0.6047
   -0.5989    -0.2573    -0.7584
 Node:         70
  0.1555E+03  0.1245E+03  0.4524E+03  0.8493E-02
  -0.03099
  -0.02696
   0.01564
  -0.02707
   0.01935
  -0.01852
   0.0424
   -0.02216
   -0.05412
   0.08516321271535028
   -0.011293333333333334
   0.04014632347910439
   -0.4489    0.7746    0.4456
   -0.339    -0.609    0.7171
   -0.8268    -0.1709    -0.5359
 Node:         71
  0.1494E+03  0.1224E+03  0.4693E+03  0.8493E-02
   0.0256
  -0.05001
   0.03996
  -0.04628
   0.0287
  -0.006415
   0.1075
   -0.008284
   -0.04006
   0.13451691795458295
   0.019718666666666666
   0.0634118832466667
   -0.6341    0.6486    0.4211
   0.4466    0.7517    -0.4854
   -0.6313    -0.1197    -0.7662
 Node:         72
  0.1435E+03  0.1199E+03  0.4837E+03  0.8493E-02
   0.02114
  -0.01981
   0.014
  -0.01403
   0.008487
   0.002881
   0.04409
   -6.76E-4
   -0.00539
   0.047299508200403094
   0.012674666666666666
   0.022297201996862494
   -0.7262    0.5814    0.3669
   -0.3065    -0.7515    0.5842
   0.6154    0.3117    0.724
 Node:         73
  0.1444E+03  0.1339E+03  0.4513E+03  0.0000E+00
   0.03397
  -0.007324
  -0.04825
  -1.732E-4
  -5.881E-4
   0.03194
   0.03462
   0.03193
   -0.0489
   0.08220801481607495
   0.005883333333333333
   0.03875322982955385
   0.9951    -0.08763    -0.04502
   0.04419    -0.01136    0.999
   0.08805    0.9961    0.007435
 Node:         74
  0.1367E+03  0.1304E+03  0.4678E+03  0.0000E+00
   0.06857
   0.00404
  -0.01919
   0.004424
  -0.001588
   0.02852
   0.06922
   0.02813
   -0.01944
   0.07685014183461213
   0.025970000000000003
   0.036227504284268144
   -0.9934    -0.04348    -0.1063
   -0.1045    -0.04226    0.9936
   0.0477    -0.9982    -0.03744
 Node:         75
  0.1313E+03  0.1288E+03  0.4826E+03  0.0000E+00
   0.02713
   0.00161
  -0.001497
  -9.193E-4
  -6.205E-4
   0.002429
   0.02726
   0.002472
   -0.001667
   0.0270956416606066
   0.009355
   0.012773007972543769
   -0.9977    -0.05667    0.03835
   0.04578    -0.1361    0.9896
   -0.05086    0.9891    0.1384
 Node:         76
  0.1515E+03  0.1313E+03  0.4515E+03  0.0000E+00
   0.03103
  -0.01251
  -0.06072
  -0.005818
   0.01224
   0.04367
   0.04833
   0.02925
   -0.06361
   0.10372461038731358
   0.004656666666666666
   0.04889625025386802
   -0.4097    0.1481    0.9001
   -0.9038    0.06815    -0.4226
   -0.1239    -0.9866    0.1059
 Node:         77
  0.1446E+03  0.1283E+03  0.4683E+03  0.0000E+00
   0.09133
   0.009241
  -0.02641
   9.521E-4
   0.01028
   0.025
   0.0921
   0.02688
   -0.02904
   0.1050133191552386
   0.029980000000000003
   0.049503753393050916
   -0.9964    -0.07999    -0.0264
   -0.04068    0.1825    0.9824
   -0.07376    0.9799    -0.1852
 Node:         78
  0.1384E+03  0.1261E+03  0.4829E+03  0.0000E+00
   0.03824
   0.007126
  -8.646E-4
   1.351E-5
   6.246E-4
   0.001698
   0.03949
   0.001793
   -0.002219
   0.039854740207408194
   0.013021333333333334
   0.018787704708724325
   -0.9848    -0.1739    -0.003226
   -0.03003    0.1517    0.988
   -0.1713    0.973    -0.1546
 Node:         79
  0.1556E+03  0.1265E+03  0.4522E+03  0.0000E+00
   0.02509
   0.02027
  -0.02035
  -0.004722
   0.00199
  -0.1275
   0.0329
   -0.02795
   -0.1277
   0.14043707665712785
   -0.04091666666666667
   0.06620267282284674
   0.9346    0.3549    -0.02311
   -0.354    0.9346    0.03547
   0.03419    -0.02498    0.9991
 Node:         80
  0.1495E+03  0.1243E+03  0.4692E+03  0.0000E+00
   0.1042
   0.0236
  -0.01666
   0.009266
   0.001489
  -0.09947
   0.1091
   -0.02111
   -0.09989
   0.18280830478947066
   -0.0039666666666666696
   0.08617666131590128
   -0.9818    -0.1848    -0.04494
   -0.1848    0.9828    -0.003181
   -0.04475    -0.005183    0.999
 Node:         81
  0.1433E+03  0.1217E+03  0.4836E+03  0.0000E+00
   0.04349
   0.008831
  -0.00165
   0.006602
   0.001603
  -0.0103
   0.04598
   -0.003301
   -0.01113
   0.05362584405862532
   0.010516333333333334
   0.02527946532047086
   -0.9754    -0.1849    -0.1197
   -0.1913    0.9805    0.04411
   -0.1092    -0.06592    0.9918
 Node:         82
  0.1267E+03  0.1148E+03  0.4565E+03 -0.3509E-02
  -0.004848
  -0.01371
   0.01066
  -4.257E-5
   0.0114
  -0.001891
   0.02276
   -0.003051
   -0.01579
   0.03401905599807261
   0.001306333333333333
   0.016036736790534693
   -0.4114    0.827    0.3831
   -0.5888    0.07968    -0.8043
   -0.6957    -0.5565    0.4542
 Node:         83
  0.1234E+03  0.1129E+03  0.4721E+03 -0.3509E-02
  -0.01746
  -0.00543
   0.003075
   0.0137
   0.00554
  -0.01293
   0.004912
   -0.001391
   -0.03084
   0.03305432584397994
   -0.009106333333333333
   0.015581958634551975
   -0.09626    0.9691    0.227
   -0.6656    0.1069    -0.7386
   -0.7401    -0.2222    0.6348
 Node:         84
  0.1187E+03  0.1123E+03  0.4849E+03 -0.3509E-02
  -0.00264
  -3.444E-6
   1.024E-4
   0.005814
  -2.517E-4
  -0.01102
   3.852E-4
   5.631E-5
   -0.014
   0.01422360711085975
   -0.004519496666666667
   0.006705072694014751
   0.8175    -0.3885    0.4252
   0.3525    0.9213    0.164
   0.4554    -0.01577    -0.8901
 Node:         85
  0.1302E+03  0.1161E+03  0.4552E+03 -0.3509E-02
  -0.007471
  -0.01398
   0.01482
   0.001653
   0.01664
   9.521E-5
   0.02905
   -0.002182
   -0.01942
   0.042555418973381054
   0.0024826666666666664
   0.02006081688820827
   -0.2985    0.8347    0.4628
   0.6653    -0.1657    0.7279
   -0.6842    -0.5253    0.5059
 Node:         86
  0.1252E+03  0.1138E+03  0.4704E+03 -0.3509E-02
  -0.02342
   0.004699
   0.04843
   0.02316
   0.01942
  -0.009241
   0.05608
   9.628E-4
   -0.04128
   0.08456160324780981
   0.005254266666666667
   0.03986272205635513
   -0.1513    -0.9316    -0.3306
   0.6082    -0.3514    0.7117
   0.7792    0.09335    -0.6198
 Node:         87
  0.1217E+03  0.1126E+03  0.4834E+03 -0.3509E-02
  -0.004415
  -1.667E-4
   9.971E-4
   0.006797
  -0.001188
  -0.009223
   0.001603
   -1.645E-4
   -0.01408
   0.014878200252382678
   -0.004213833333333333
   0.007013650860207463
   -0.431    0.8269    -0.3613
   0.6966    0.5594    0.4493
   0.5737    -0.05801    -0.817
 Node:         88
  0.1338E+03  0.1169E+03  0.4535E+03 -0.3509E-02
  -0.03012
  -0.01792
   0.01598
   0.00115
   0.02609
   0.02068
   0.04626
   -0.001593
   -0.03813
   0.07330257184437663
   0.0021790000000000025
   0.03455516375304854
   -0.1526    0.6954    0.7023
   -0.4067    0.6035    -0.6859
   -0.9007    -0.3902    0.1907
 Node:         89
  0.1270E+03  0.1150E+03  0.4687E+03 -0.3509E-02
  -0.03015
  -0.003961
   0.008375
   0.009392
   0.007237
  -0.002904
   0.01192
   -0.002673
   -0.03393
   0.04057202360001285
   -0.008227666666666668
   0.019125835342686488
   0.01547    0.8946    0.4466
   -0.347    0.4237    -0.8367
   -0.9377    -0.142    0.317
 Node:         90
  0.1248E+03  0.1132E+03  0.4822E+03 -0.3509E-02
  -0.006952
   0.003299
  -0.001393
   0.003308
  -0.001856
  -0.002153
   2.495E-4
   -4.939E-4
   -0.01025
   0.01014824199110368
   -0.0034981333333333336
   0.004783927152687655
   -0.2538    -0.9026    0.3478
   0.5186    0.1765    0.8366
   -0.8165    0.3927    0.4233
 Node:         91
  0.1260E+03  0.1262E+03  0.4546E+03 -0.3509E-02
  -0.04267
  -0.001295
   0.05389
  -0.008643
   0.0192
  -0.006419
   0.05962
   -0.01009
   -0.04473
   0.09205524482613688
   0.0015999999999999996
   0.04339525857356615
   0.03607    -0.9583    -0.2834
   -0.2353    -0.2838    0.9296
   0.9712    -0.03316    0.2358
 Node:         92
  0.1209E+03  0.1233E+03  0.4725E+03 -0.3509E-02
  -0.02137
  -0.008452
   0.02026
  -0.005203
   0.01338
   0.008296
   0.03083
   -3.801E-4
   -0.02326
   0.04702812066211024
   0.002396633333333333
   0.022169268684424894
   0.1867    -0.8251    -0.5333
   0.00952    -0.5413    0.8408
   -0.9824    -0.1621    -0.09323
 Node:         93
  0.1159E+03  0.1217E+03  0.4877E+03 -0.3509E-02
  -3.372E-4
  -0.001222
   8.549E-4
  -9.385E-4
   0.001707
   0.001036
   0.003295
   -6.257E-4
   -0.001116
   0.004187433795297545
   5.177666666666668E-4
   0.00197397522161641
   -0.3876    0.6508    0.6528
   0.4867    -0.457    0.7445
   -0.7829    -0.6063    0.1396
 Node:         94
  0.1314E+03  0.1264E+03  0.4536E+03 -0.3509E-02
  -0.05201
  -0.001611
   0.06065
  -0.01415
   0.01643
   0.00164
   0.06515
   7.018E-4
   -0.05557
   0.10462648889855762
   0.0034272666666666667
   0.049321399861272756
   0.04462    -0.9647    -0.2595
   -0.2427    -0.2624    0.9339
   0.9691    -0.02132    0.2459
 Node:         95
  0.1250E+03  0.1235E+03  0.4705E+03 -0.3509E-02
  -0.02511
  -0.009208
   0.03003
  -0.008819
   0.01001
   0.009101
   0.03635
   0.005712
   -0.02805
   0.05579390507931847
   0.004670666666666668
   0.026301499086976432
   0.1911    -0.8997    -0.3925
   -0.1316    -0.4197    0.8981
   -0.9727    -0.12    -0.1986
 Node:         96
  0.1205E+03  0.1222E+03  0.4852E+03 -0.3509E-02
   2.723E-4
  -0.001816
   0.001995
  -0.001096
   0.002234
  -4.729E-4
   0.004402
   -8.163E-4
   -0.001792
   0.005768374180824263
   5.979E-4
   0.0027192376664548217
   0.4568    -0.7653    -0.4534
   0.8894    0.4031    0.2157
   0.01766    -0.5018    0.8648
 Node:         97
  0.1369E+03  0.1260E+03  0.4523E+03 -0.3509E-02
  -0.06003
  -0.002653
   0.06189
  -0.01336
   0.0172
  -0.001355
   0.06654
   -0.0031
   -0.06294
   0.1122399786172467
   1.6666666666666682E-4
   0.05291043333365882
   0.04705    -0.9661    -0.254
   -0.2092    -0.2582    0.9432
   -0.9767    0.008769    -0.2143
 Node:         98
  0.1296E+03  0.1233E+03  0.4684E+03 -0.3509E-02
  -0.02621
  -0.01132
   0.04109
  -0.005844
   0.009906
   3.864E-4
   0.0455
   -0.001542
   -0.0287
   0.06502363696379955
   0.005085999999999999
   0.03065243642300994
   0.1701    -0.9577    -0.2323
   -0.1116    -0.2529    0.961
   -0.9791    -0.1375    -0.1499
 Node:         99
  0.1260E+03  0.1218E+03  0.4827E+03 -0.3509E-02
   7.543E-4
  -0.003468
   0.006602
  -1.995E-4
   0.001102
  -0.001122
   0.008338
   -7.097E-4
   -0.001394
   0.00940853245145065
   0.0020781
   0.004435224731622964
   -0.4156    0.9024    0.1139
   0.8262    0.3223    0.462
   0.3802    0.2861    -0.8795
 Node:        100
  0.1253E+03  0.1375E+03  0.4527E+03  0.0000E+00
   0.03275
   0.003885
   0.005229
  -0.005147
  -0.001767
   0.001384
   0.03416
   0.00493
   2.734E-4
   0.031814921680871695
   0.013121133333333333
   0.014997697908975526
   -0.9768    -0.141    0.161
   -0.1752    0.9588    -0.2234
   0.1229    0.2465    0.9613
 Node:        101
  0.1189E+03  0.1337E+03  0.4714E+03  0.0000E+00
   0.03869
   0.007575
   0.01394
  -2.311E-4
   1.21E-4
   0.002757
   0.04083
   0.01181
   0.002753
   0.03445321159195467
   0.018464333333333333
   0.016241399700217412
   -0.9625    -0.2711    0.004981
   -0.271    0.9624    0.01979
   0.01016    -0.0177    0.9998
 Node:        102
  0.1139E+03  0.1312E+03  0.4875E+03  0.0000E+00
   0.01393
   0.004123
   9.654E-4
   0.002535
   9.959E-5
   7.335E-4
   0.01554
   7.105E-4
   -6.211E-4
   0.015538152754108194
   0.0052098000000000005
   0.007324755453028222
   -0.9489    -0.2695    -0.1642
   0.01436    -0.5568    0.8305
   -0.3152    0.7857    0.5322
 Node:        103
  0.1326E+03  0.1366E+03  0.4520E+03  0.0000E+00
   0.03532
  -3.526E-4
  -0.001699
  -0.006104
  -0.002791
  -0.004464
   0.03624
   -1.785E-4
   -0.006901
   0.04020351371149044
   0.009720166666666667
   0.018952118115280824
   -0.9889    -0.001729    0.1484
   0.07211    -0.8796    0.4702
   0.1298    0.4757    0.87
 Node:        104
  0.1252E+03  0.1331E+03  0.4698E+03  0.0000E+00
   0.04645
   0.007346
   2.735E-5
  -9.682E-4
  -5.934E-4
   0.004779
   0.04761
   0.004786
   -0.00114
   0.04607371784434158
   0.01708533333333333
   0.021719358881473052
   -0.988    -0.1528    0.02445
   0.03544    -0.06962    0.9969
   -0.1507    0.9858    0.0742
 Node:        105
  0.1201E+03  0.1317E+03  0.4853E+03  0.0000E+00
   0.01688
   0.003416
  -0.00171
   0.001861
  -1.359E-4
   7.618E-4
   0.01769
   6.391E-4
   -0.002388
   0.018748634739895062
   0.0053137
   0.008838191175046322
   -0.9794    -0.1717    -0.1063
   -0.07707    -0.1689    0.9826
   -0.1867    0.9706    0.1522
 Node:        106
  0.1400E+03  0.1351E+03  0.4514E+03  0.0000E+00
   0.03536
  -0.001264
  -0.02501
  -0.002512
  -0.00703
   0.006302
   0.03559
   0.007636
   -0.02656
   0.053913889824422793
   0.005555333333333333
   0.025415251396662508
   -0.9965    0.01118    0.0828
   0.07854    -0.2128    0.9739
   -0.02851    -0.977    -0.2112
 Node:        107
  0.1323E+03  0.1316E+03  0.4681E+03  0.0000E+00
   0.06027
   0.006611
  -0.008012
   0.001549
  -0.005906
   0.01316
   0.06092
   0.0147
   -0.0102
   0.06250741076064502
   0.02180666666666667
   0.02946627601551004
   -0.9954    -0.09369    -0.0207
   0.003465    -0.2507    0.968
   -0.09589    0.9635    0.2499
 Node:        108
  0.1273E+03  0.1304E+03  0.4831E+03  0.0000E+00
   0.02233
   0.002278
  -0.001368
  -4.315E-4
  -8.409E-4
   0.001281
   0.02256
   0.001476
   -0.001792
   0.02289361028758898
   0.0074146666666666675
   0.010792151386797516
   -0.9951    -0.09559    0.02396
   0.04714    -0.2483    0.9675
   -0.08654    0.964    0.2516
 Node:        109
  0.1018E+03  0.1092E+03  0.4946E+03 -0.2383E-04
   0.0
   1.388E-16
   1.11E-16
   5.551E-17
  -1.388E-17
   0.0
   2.069E-16
   2.266E-17
   -1.186E-16
   2.827092280064448E-16
   3.698666666666666E-17
   1.3327040815158061E-16
   -0.5724    -0.814    -0.09897
   0.2904    -0.3141    0.9039
   0.7668    -0.4887    -0.4162
 Node:        110
  0.1058E+03  0.1118E+03  0.5081E+03 -0.2383E-04
   0.0
   2.776E-17
   0.0
  -1.388E-17
  -5.204E-17
   2.22E-16
   2.353E-16
   1.788E-17
   -3.112E-17
   2.456135916434593E-16
   7.402E-17
   1.157833574684491E-16
   -0.08376    -0.2246    0.9708
   0.7726    0.6007    0.2056
   0.6293    -0.7673    -0.1232
 Node:        111
  0.1108E+03  0.1137E+03  0.5210E+03 -0.2383E-04
   0.0
   5.551E-17
  -1.11E-16
  -2.776E-17
   3.261E-16
  -2.22E-16
   1.68E-16
   2.779E-18
   -5.038E-16
   6.063148942925615E-16
   -1.1100700000000001E-16
   2.8581958219244996E-16
   0.1486    0.7638    0.6281
   0.9825    -0.0417    -0.1818
   0.1126    -0.6441    0.7566
 Node:        112
