 Group name: gastroc_Strain
 #Fields=  16
 1) coordinates, coordinate, rectangular cartesian, #Components=3
   x.  Value index= 1, #Derivatives=0
   y.  Value index= 2, #Derivatives=0
   z.  Value index= 3, #Derivatives=0
 2) Tensor_1, field, rectangular cartesian, #Components=1
   Tensor_1.  Value index= 4, #Derivatives=0
 3) Tensor_2, field, rectangular cartesian, #Components=1
   Tensor_2.  Value index= 5, #Derivatives=0
 4) Tensor_3, field, rectangular cartesian, #Components=1
   Tensor_3.  Value index= 6, #Derivatives=0
 5) Tensor_4, field, rectangular cartesian, #Components=1
   Tensor_4.  Value index= 7, #Derivatives=0
 6) Tensor_5, field, rectangular cartesian, #Components=1
   Tensor_5.  Value index= 8, #Derivatives=0
 7) Tensor_6, field, rectangular cartesian, #Components=1
   Tensor_6.  Value index= 9, #Derivatives=0
 8) Principal_1, field, rectangular cartesian, #Components=1
   Principal_1.  Value index= 10, #Derivatives=0
 9) Principal_2, field, rectangular cartesian, #Components=1
   Principal_2.  Value index= 11, #Derivatives=0
 10) Principal_3, field, rectangular cartesian, #Components=1
   Principal_3.  Value index= 12, #Derivatives=0
 11) VonMises, field, rectangular cartesian, #Components=1
   VonMises.  Value index= 13, #Derivatives=0
 12) Hydrostatic, field, rectangular cartesian, #Components=1
   VonMises.  Value index= 14, #Derivatives=0
 13) Octahedral, field, rectangular cartesian, #Components=1
   VonMises.  Value index= 15, #Derivatives=0
 14) PrincipalVector1, field, rectangular cartesian, #Components=3
   x.  Value index= 16, #Derivatives=0
   y.  Value index= 17, #Derivatives=0
   z.  Value index= 18, #Derivatives=0
 15) PrincipalVector2, field, rectangular cartesian, #Components=3
   x.  Value index= 19, #Derivatives=0
   y.  Value index= 20, #Derivatives=0
   z.  Value index= 21, #Derivatives=0
 16) PrincipalVector3, field, rectangular cartesian, #Components=3
   x.  Value index= 22, #Derivatives=0
   y.  Value index= 23, #Derivatives=0
   z.  Value index= 24, #Derivatives=0
 Node:          1
  0.1287E+03  0.1133E+03  0.4908E+03 -0.2926E-04
  -1.11E-16
  -8.327E-17
  -2.22E-16
  -2.776E-17
  -4.163E-17
  -3.331E-16
   -6.637E-17
   -2.4E-16
   -3.598E-16
   2.5553921597281306E-16
   -2.2205666666666663E-16
   1.204623416489799E-16
   0.8837    -0.4676    -0.01897
   0.4046    0.7837    -0.4712
   0.2352    0.4088    0.8818
 Node:          2
  0.1292E+03  0.1137E+03  0.5052E+03 -0.2926E-04
  -5.551E-17
  -1.11E-16
  -1.665E-16
  -5.551E-17
   1.943E-16
  -2.776E-16
   8.603E-17
   -1.6E-16
   -4.256E-16
   4.4319260925696854E-16
   -1.6652333333333334E-16
   2.089229995849082E-16
   -0.6554    0.6199    0.4313
   0.7522    0.4849    0.4462
   -0.06744    -0.6169    0.7841
 Node:          3
  0.1289E+03  0.1155E+03  0.5194E+03 -0.2926E-04
   2.22E-16
   1.388E-16
   3.331E-16
   1.11E-16
   5.551E-17
   2.22E-16
   4.753E-16
   2.118E-16
   9.006E-17
   3.4107384479024473E-16
   2.590533333333333E-16
   1.6078375235770005E-16
   -0.5696    -0.7144    -0.4063
   0.2395    -0.6172    0.7494
   -0.7862    0.3296    0.5227
 Node:          4
  0.1361E+03  0.1141E+03  0.4915E+03 -0.2926E-04
   0.0
  -2.776E-17
  -1.11E-16
  -2.776E-17
  -8.327E-17
   2.22E-16
   2.435E-16
   6.328E-18
   -1.388E-16
   3.3426485304919515E-16
   3.700933333333334E-17
   1.5757396286894045E-16
   -0.08549    -0.2215    0.9714
   0.9681    -0.2491    0.0284
   0.2357    0.9428    0.2357
 Node:          5
  0.1341E+03  0.1144E+03  0.5054E+03 -0.2926E-04
   3.331E-16
   1.388E-16
   3.331E-16
   5.551E-17
  -6.939E-17
   4.441E-16
   4.814E-16
   4.627E-16
   1.662E-16
   3.062784517395894E-16
   3.7010000000000004E-16
   1.4438104677092028E-16
   -0.348    -0.6443    0.681
   -0.6589    -0.3487    -0.6665
   0.6669    -0.6807    -0.3032
 Node:          6
  0.1323E+03  0.1162E+03  0.5191E+03 -0.2926E-04
   2.22E-16
   5.551E-17
   2.22E-16
  -5.551E-17
  -2.776E-17
   0.0
   2.897E-16
   1.685E-16
   -1.402E-17
   2.648101478418076E-16
   1.4806E-16
   1.2483270084396958E-16
   -0.715    -0.6696    0.2012
   0.6656    -0.7399    -0.09741
   -0.2141    -0.06426    -0.9747
 Node:          7
  0.1408E+03  0.1171E+03  0.4920E+03 -0.2926E-04
   3.331E-16
   2.22E-16
   2.22E-16
  -8.327E-17
  -1.11E-16
   0.0
   5.398E-16
   6.158E-17
   -4.631E-17
   5.403052621435404E-16
   1.8502333333333335E-16
   2.5470234318164845E-16
   -0.7537    -0.6111    0.2419
   -0.656    0.677    -0.3335
   -0.04004    0.4101    0.9112
 Node:          8
  0.1367E+03  0.1169E+03  0.5055E+03 -0.2926E-04
   2.22E-16
   1.943E-16
   2.22E-16
  -4.025E-16
  -2.359E-16
  -2.22E-16
   6.547E-16
   4.477E-17
   -4.775E-16
   9.814930967154074E-16
   7.399000000000001E-17
   4.626802829168323E-16
   -0.6847    -0.5611    0.4652
   0.5685    -0.8105    -0.1409
   -0.4561    -0.1681    -0.8739
 Node:          9
  0.1339E+03  0.1180E+03  0.5191E+03 -0.2926E-04
   2.22E-16
   1.665E-16
   0.0
  -3.955E-16
  -2.776E-16
   6.661E-16
   1.002E-15
   -9.379E-18
   -1.046E-16
   1.062195387036208E-15
   2.96007E-16
   5.007237074122481E-16
   -0.4817    -0.3073    0.8207
   -0.8565    -0.03292    -0.515
   -0.1853    0.951    0.2474
 Node:         10
  0.1294E+03  0.1212E+03  0.4911E+03 -0.2926E-04
   0.0
   2.776E-17
   1.11E-16
  -1.388E-17
   1.249E-16
   1.11E-16
   2.363E-16
   2.303E-17
   -3.732E-17
   2.48992088026909E-16
   7.400333333333333E-17
   1.173759959370834E-16
   0.0421    0.71    0.703
   -0.7813    -0.4152    0.4661
   -0.6228    0.5688    -0.5372
 Node:         11
  0.1295E+03  0.1214E+03  0.5055E+03 -0.2926E-04
  -2.22E-16
  -2.776E-17
  -2.22E-16
  -4.163E-17
   1.388E-17
  -1.665E-16
   -1.365E-16
   -2.183E-16
   -2.558E-16
   1.0566451627675205E-16
   -2.035333333333333E-16
   4.9810730660058464E-17
   -0.4935    0.2929    0.8189
   0.3541    -0.7924    0.4968
   -0.7944    -0.5351    -0.2873
 Node:         12
  0.1295E+03  0.1217E+03  0.5196E+03 -0.2926E-04
   1.11E-16
   0.0
   1.11E-16
   7.633E-17
   2.776E-17
   2.22E-16
   2.649E-16
   1.11E-16
   6.816E-17
   1.792025435087348E-16
   1.4801999999999999E-16
   8.447688914726913E-17
   -0.4387    -0.1595    -0.8844
   0.3417    -0.9398    -2.255E-17
   0.8311    0.3022    -0.4668
 Node:         13
  0.1361E+03  0.1199E+03  0.4914E+03 -0.2926E-04
   1.11E-16
  -1.388E-16
   0.0
  -9.714E-17
   2.776E-17
  -1.665E-16
   2.285E-16
   -8.52E-17
   -1.988E-16
   3.833392361864358E-16
   -1.849999999999999E-17
   1.807078489348669E-16
   0.8171    -0.5252    -0.2378
   0.4648    0.8442    -0.2671
   0.341    0.1077    0.9339
 Node:         14
  0.1342E+03  0.1198E+03  0.5054E+03 -0.2926E-04
  -5.551E-17
   2.776E-17
   0.0
   5.551E-17
  -9.021E-17
   1.11E-16
   1.672E-16
   -4.94E-18
   -1.068E-16
   2.398787602102362E-16
   1.8486666666666665E-17
   1.130799320048532E-16
   0.1634    -0.4472    0.8794
   -0.6569    -0.7144    -0.2412
   -0.7361    0.5382    0.4105
 Node:         15
  0.1330E+03  0.1205E+03  0.5193E+03 -0.2926E-04
   2.22E-16
  -8.327E-17
  -5.551E-17
   1.388E-17
   4.857E-17
   0.0
   2.451E-16
   2.471E-17
   -1.033E-16
   3.0523832672192397E-16
   5.550333333333333E-17
   1.438907271354049E-16
   -0.9638    0.2667    -0.001723
   0.1157    0.4239    0.8983
   0.2403    0.8656    -0.4394
 Node:         16
  0.1404E+03  0.1188E+03  0.4918E+03 -0.2926E-04
   2.22E-16
   5.551E-17
   2.22E-16
  -8.327E-17
  -1.457E-16
   4.441E-16
   5.466E-16
   1.95E-16
   1.465E-16
   3.7818964819254375E-16
   2.9603333333333337E-16
   1.7828030987433498E-16
   -0.2927    -0.4328    0.8526
   -0.9222    -0.1077    -0.3713
   -0.2526    0.895    0.3676
 Node:         17
  0.1365E+03  0.1184E+03  0.5055E+03 -0.2926E-04
  -1.11E-16
   2.776E-17
  -1.11E-16
   9.714E-17
   1.7E-16
   0.0
   1.573E-16
   -1.341E-16
   -2.452E-16
   3.600440389730123E-16
   -7.400000000000001E-17
   1.697263876557404E-16
   0.3368    0.5285    0.7792
   0.8927    -0.4425    -0.08566
   -0.2996    -0.7244    0.6209
 Node:         18
  0.1341E+03  0.1191E+03  0.5192E+03 -0.2926E-04
   0.0
   0.0
   0.0
   2.645E-17
   1.065E-16
   4.441E-16
   4.697E-16
   -1.672E-33
   -2.562E-17
   4.830198633596759E-16
   1.4802666666666666E-16
   2.2769774721961763E-16
   -0.05484    -0.2207    -0.9738
   0.9705    -0.2411    -6.21E-17
   -0.2348    -0.9451    0.2274
 Node:         19
  0.1301E+03  0.1291E+03  0.4914E+03  0.0000E+00
   1.11E-16
   0.0
   1.11E-16
   2.101E-19
   1.001E-17
  -2.22E-16
   1.113E-16
   1.11E-16
   -2.223E-16
   3.3345010121455954E-16
   0.0
   1.5718988517077046E-16
   -0.02096    -0.9993    -0.03003
   0.9998    -0.02097    1.345E-19
   6.298E-4    0.03003    -0.9995
 Node:         20
  0.1299E+03  0.1291E+03  0.5058E+03  0.0000E+00
   2.22E-16
   0.0
   0.0
   1.041E-17
   1.924E-17
  -5.551E-17
   2.224E-16
   5.975E-18
   -6.188E-17
   2.5715676157744715E-16
   5.549833333333335E-17
   1.2122485995959007E-16
   -0.9993    -0.003257    -0.03765
   0.01428    -0.9549    -0.2965
   -0.03498    -0.2968    0.9543
 Node:         21
  0.1301E+03  0.1280E+03  0.5197E+03  0.0000E+00
   1.11E-16
   0.0
   0.0
   4.163E-17
   1.475E-17
   1.11E-16
   1.534E-16
   7.089E-17
   -2.22E-18
   1.3485280234388901E-16
   7.402333333333333E-17
   6.357022066624871E-17
   -0.6994    -0.0684    -0.7114
   -0.7126    0.1429    0.6869
   -0.05465    -0.9874    0.1487
 Node:         22
  0.1360E+03  0.1256E+03  0.4913E+03  0.0000E+00
  -2.22E-16
   1.388E-17
  -1.11E-16
  -1.388E-17
   1.006E-16
   1.11E-16
   1.5E-16
   -1.456E-16
   -2.264E-16
   3.432090907886911E-16
   -7.4E-17
   1.617903169743686E-16
   -0.02144    0.3586    0.9332
   0.228    0.9106    -0.3447
   -0.9734    0.2054    -0.1013
 Node:         23
  0.1343E+03  0.1253E+03  0.5054E+03  0.0000E+00
   0.0
   2.082E-17
  -4.441E-16
   0.0
   1.314E-16
  -1.665E-16
   1.265E-18
   -1.147E-16
   -4.972E-16
   4.517861703560657E-16
   -2.0354499999999996E-16
   2.1297404313671653E-16
   0.997    0.06061    0.04746
   0.06644    -0.3661    -0.9282
   0.03888    -0.9286    0.369
 Node:         24
  0.1336E+03  0.1248E+03  0.5194E+03  0.0000E+00
  -2.22E-16
   1.214E-17
   0.0
   1.388E-17
   8.674E-19
  -1.665E-16
   6.779E-19
   -1.633E-16
   -2.259E-16
   2.026635838733984E-16
   -1.2950736666666666E-16
   9.553652963763242E-17
   -0.05504    -0.9984    -0.009747
   0.2257    -0.02195    0.974
   -0.9726    0.05141    0.2265
 Node:         25
  0.1400E+03  0.1206E+03  0.4917E+03  0.0000E+00
   0.0
   2.671E-16
  -1.11E-16
  -8.327E-17
  -1.301E-16
   2.22E-16
   3.681E-16
   7.58E-17
   -3.329E-16
   6.098671904603493E-16
   3.699999999999999E-17
   2.8749415066513385E-16
   0.5089    0.4781    -0.7159
   0.6086    0.3883    0.692
   0.6088    -0.7878    -0.09334
 Node:         26
  0.1363E+03  0.1200E+03  0.5055E+03  0.0000E+00
   2.22E-16
   1.076E-16
  -6.106E-16
   2.776E-17
  -1.124E-15
  -5.551E-17
   8.281E-16
   2.248E-16
   -1.497E-15
   2.089815319591662E-15
   -1.4803333333333336E-16
   9.851483892738641E-16
   0.07371    0.6174    -0.7832
   0.9955    0.001018    0.09449
   -0.05914    0.7866    0.6146
 Node:         27
  0.1343E+03  0.1203E+03  0.5192E+03  0.0000E+00
   2.22E-16
  -1.943E-16
   2.22E-16
  -1.041E-16
   1.313E-15
   0.0
   1.466E-15
   1.875E-16
   -1.209E-15
   2.3173691440942246E-15
   1.4816666666666667E-16
   1.0924182908676612E-15
   -0.1693    0.728    0.6643
   0.9848    0.09849    0.1431
   0.03876    0.6785    -0.7336
 Node:         28
  0.1155E+03  0.1124E+03  0.4931E+03 -0.1729E-03
  -2.22E-16
   3.816E-17
   2.22E-16
  -5.551E-17
   5.551E-17
   1.11E-16
   2.455E-16
   1.014E-16
   -2.359E-16
   4.279497984577163E-16
   3.699999999999999E-17
   2.0173746966457835E-16
   0.03184    0.9284    0.3701
   0.1988    0.3571    -0.9127
   0.9795    -0.1026    0.1732
 Node:         29
  0.1119E+03  0.1139E+03  0.5068E+03 -0.1729E-03
  -2.22E-16
  -2.082E-17
   0.0
   5.551E-17
   6.939E-18
  -3.331E-16
   1.944E-18
   -2.004E-16
   -3.566E-16
   3.113642033631998E-16
   -1.8501866666666668E-16
   1.4677849307791052E-16
   -0.09118    0.9958    0.005517
   -0.9179    -0.08189    -0.3884
   -0.3863    -0.04048    0.9215
 Node:         30
  0.1113E+03  0.1159E+03  0.5206E+03 -0.1729E-03
   2.22E-16
   1.249E-16
   2.22E-16
   0.0
  -2.776E-17
   1.11E-16
   3.486E-16
   1.238E-16
   8.277E-17
   2.4787505905193444E-16
   1.8505666666666664E-16
   1.1684942342842583E-16
   -0.7001    -0.7092    0.08287
   -0.4685    0.3686    -0.8029
   -0.5389    0.6009    0.5903
 Node:         31
  0.1203E+03  0.1126E+03  0.4920E+03 -0.1729E-03
  -5.551E-17
   9.714E-17
  -1.11E-16
   2.776E-17
   4.163E-17
  -5.551E-17
   4.114E-17
   -7.661E-17
   -1.866E-16
   1.9726678661143135E-16
   -7.402333333333333E-17
   9.29924550105485E-17
   -0.6956    -0.5654    -0.4433
   0.4358    0.1585    -0.886
   0.5712    -0.8095    0.1362
 Node:         32
  0.1188E+03  0.1134E+03  0.5062E+03 -0.1729E-03
   2.22E-16
  -1.388E-17
  -1.11E-16
  -2.776E-17
   9.714E-17
  -5.551E-17
   2.266E-16
   1.331E-17
   -1.844E-16
   3.5602167644681415E-16
   1.8503333333333345E-17
   1.6783022777663014E-16
   -0.9894    0.07624    0.1236
   0.1445    0.5992    0.7875
   0.01402    -0.797    0.6038
 Node:         33
  0.1183E+03  0.1150E+03  0.5201E+03 -0.1729E-03
   1.11E-16
   5.551E-17
   0.0
   8.327E-17
   0.0
   0.0
   1.7E-16
   0.0
   -5.893E-17
   2.0589037107159722E-16
   3.702333333333333E-17
   9.705765171049398E-17
   -0.8617    -0.2815    -0.4222
   0.0    -0.8321    0.5547
   -0.5074    0.478    0.717
 Node:         34
  0.1255E+03  0.1129E+03  0.4909E+03 -0.1729E-03
   0.0
   0.0
   0.0
   5.551E-17
   9.714E-17
   0.0
   1.119E-16
   3.387E-33
   -1.119E-16
   1.9381648536695736E-16
   0.0
   9.136596740581255E-17
   -0.3508    -0.6139    -0.7071
   0.8682    -0.4961    -4.855E-17
   -0.3508    -0.6139    0.7071
 Node:         35
  0.1260E+03  0.1135E+03  0.5054E+03 -0.1729E-03
   0.0
   1.11E-16
  -1.11E-16
   1.11E-16
   2.498E-16
  -1.11E-16
   2.41E-16
   -1.023E-16
   -3.608E-16
   5.228959647960578E-16
   -7.403333333333333E-17
   2.4649552170824977E-16
   0.5458    0.5925    0.5925
   0.8379    -0.3859    -0.3859
   -4.975E-17    -0.7071    0.7071
 Node:         36
  0.1257E+03  0.1153E+03  0.5196E+03 -0.1729E-03
   0.0
  -5.551E-17
   0.0
  -5.551E-17
   8.327E-17
   0.0
   1.305E-16
   -4.723E-17
   -8.327E-17
   1.982226619234037E-16
   0.0
   9.344305895392481E-17
   -0.5155    0.6059    0.6059
   0.8569    0.3645    0.3645
   -1.256E-16    0.7071    -0.7071
 Node:         37
  0.1132E+03  0.1210E+03  0.4959E+03 -0.1729E-03
  -2.22E-16
   1.388E-16
  -2.22E-16
  -8.327E-17
   1.804E-16
  -2.776E-16
   -4.482E-17
   -1.622E-16
   -5.146E-16
   4.2347200190803645E-16
   -2.4054E-16
   1.9962661612787678E-16
   0.3971    0.7887    0.4693
   -0.7874    0.0301    0.6157
   0.4715    -0.614    0.633
 Node:         38
  0.1111E+03  0.1204E+03  0.5085E+03 -0.1729E-03
  -1.665E-16
   9.714E-17
   0.0
  -2.776E-17
  -8.327E-17
  -2.22E-16
   7.071E-17
   -2.091E-16
   -2.502E-16
   3.0246162913665597E-16
   -1.2953E-16
   1.4258177934084005E-16
   -0.3916    -0.8746    0.2859
   0.9154    -0.3389    0.217
   0.09287    -0.3467    -0.9334
 Node:         39
  0.1119E+03  0.1201E+03  0.5207E+03 -0.1729E-03
  -5.551E-17
  -9.714E-17
  -3.331E-16
  -8.327E-17
  -7.633E-17
  -1.11E-16
   8.934E-18
   -1.105E-16
   -3.981E-16
   3.6239130612640252E-16
   -1.6655533333333335E-16
   1.7083290000335286E-16
   0.851    -0.1281    -0.5092
   0.4076    -0.4503    0.7944
   -0.3311    -0.8836    -0.331
 Node:         40
  0.1191E+03  0.1220E+03  0.4937E+03 -0.1729E-03
   0.0
   8.327E-17
  -2.22E-16
   8.327E-17
  -1.388E-17
  -2.22E-16
   4.872E-17
   -2.082E-16
   -2.846E-16
   3.0244591979393603E-16
   -1.4802666666666666E-16
   1.4257437388566321E-16
   -0.924    -0.2703    -0.2703
   0.0    -0.7071    0.7071
   0.3823    -0.6534    -0.6534
 Node:         41
  0.1182E+03  0.1217E+03  0.5073E+03 -0.1729E-03
   0.0
  -2.776E-17
  -5.551E-17
   5.551E-17
   9.714E-17
   1.11E-16
   1.653E-16
   1.073E-17
   -1.206E-16
   2.478691830381502E-16
   1.8476666666666666E-17
   1.168466534489637E-16
   0.2406    0.3653    0.8993
   -0.8901    0.4526    0.05428
   -0.3871    -0.8135    0.434
 Node:         42
  0.1187E+03  0.1212E+03  0.5204E+03 -0.1729E-03
   0.0
  -5.551E-17
  -1.11E-16
   0.0
   5.551E-17
   1.11E-16
   1.256E-16
   1.887E-17
   -1.444E-16
   2.3552960089975954E-16
   2.3333333333339628E-20
   1.1102971864425409E-16
   0.1113    -0.2517    -0.9614
   0.9295    -0.3159    0.1903
   -0.3516    -0.9148    0.1988
 Node:         43
  0.1258E+03  0.1217E+03  0.4915E+03 -0.1729E-03
   2.22E-16
   1.11E-16
   1.11E-16
  -1.388E-17
   0.0
  -5.551E-17
   2.911E-16
   4.294E-17
   -5.645E-17
   3.1004254562882173E-16
   9.253E-17
   1.4615545764698628E-16
   -0.8507    -0.5246    0.03406
   -0.5213    0.8502    0.07348
   0.06751    -0.04475    0.9967
 Node:         44
  0.1259E+03  0.1220E+03  0.5059E+03 -0.1729E-03
  -2.22E-16
   1.388E-16
  -2.22E-16
   9.714E-17
   1.11E-16
  -1.11E-16
   5.081E-17
   -2.445E-16
   -3.614E-16
   3.679610646522265E-16
   -1.8503E-16
   1.7345850935214064E-16
   -0.5113    -0.534    -0.6733
   -0.5198    -0.4318    0.7372
   -0.6844    0.7269    -0.05679
 Node:         45
  0.1261E+03  0.1221E+03  0.5198E+03 -0.1729E-03
  -5.551E-17
  -8.327E-17
  -2.776E-16
   2.776E-17
  -6.939E-18
   1.11E-16
   1.167E-16
   -3.339E-17
   -3.053E-16
   3.7050374910383835E-16
   -7.399666666666666E-17
   1.7465714229757554E-16
   0.1854    -0.05643    0.981
   0.9302    -0.3117    -0.1938
   -0.3167    -0.9485    0.005308
 Node:         46
  0.1117E+03  0.1296E+03  0.4959E+03  0.0000E+00
  -5.551E-17
   2.776E-17
  -1.665E-16
   6.939E-18
  -2.602E-17
   0.0
   4.101E-18
   -4.897E-17
   -1.772E-16
   1.6144583695778595E-16
   -7.402300000000001E-17
   7.610629740479211E-17
   0.04856    -0.1429    0.9886
   0.9724    0.2327    -0.01414
   -0.228    0.962    0.1502
 Node:         47
  0.1107E+03  0.1269E+03  0.5087E+03  0.0000E+00
  -1.665E-16
  -3.123E-17
   1.11E-16
  -2.776E-17
   3.99E-17
   0.0
   1.289E-16
   -1.114E-17
   -1.732E-16
   2.6185783853075704E-16
   -1.8479999999999997E-17
   1.2344096888796688E-16
   -0.1292    0.939    0.3186
   -0.1008    -0.3321    0.9379
   -0.9865    -0.08906    -0.1376
 Node:         48
  0.1125E+03  0.1242E+03  0.5208E+03  0.0000E+00
   1.11E-16
   3.469E-18
   1.11E-16
   0.0
  -1.735E-18
   1.11E-16
   1.149E-16
   1.11E-16
   1.071E-16
   6.75499814951862E-18
   1.1099999999999999E-16
   3.1843366656181307E-18
   -0.6325    -0.7071    0.3162
   0.4472    -4.455E-15    0.8944
   -0.6325    0.7071    0.3162
 Node:         49
  0.1186E+03  0.1311E+03  0.4938E+03  0.0000E+00
  -1.665E-16
  -2.082E-17
   0.0
  -4.163E-17
  -6.072E-18
  -5.551E-17
   2.581E-18
   -4.165E-17
   -1.83E-16
   1.6789358448433935E-16
   -7.402300000000001E-17
   7.914579473772858E-17
   0.1174    -0.9929    0.01965
   -0.3135    -0.01827    0.9494
   -0.9423    -0.1176    -0.3134
 Node:         50
  0.1180E+03  0.1298E+03  0.5075E+03  0.0000E+00
   0.0
  -1.301E-17
   3.331E-16
  -4.163E-17
   1.247E-17
   2.22E-16
   3.354E-16
   2.276E-16
   -7.879E-18
   3.040655120874448E-16
   1.8504033333333332E-16
   1.4333785701466156E-16
   0.05441    -0.9902    -0.1289
   -0.1707    -0.1364    0.9758
   0.9838    0.03109    0.1765
 Node:         51
  0.1192E+03  0.1275E+03  0.5206E+03  0.0000E+00
   0.0
  -3.469E-18
  -5.551E-17
   0.0
   1.475E-17
   1.11E-16
   1.123E-16
   2.087E-19
   -5.702E-17
   1.491791641607165E-16
   1.849623333333333E-17
   7.03237323931892E-17
   -0.002705    0.08758    0.9962
   0.9982    -0.06004    0.007989
   -0.06051    -0.9943    0.08725
 Node:         52
  0.1262E+03  0.1305E+03  0.4920E+03  0.0000E+00
   1.11E-16
  -1.388E-17
   1.11E-16
   1.301E-18
   4.906E-18
   0.0
   1.25E-16
   9.734E-17
   -2.497E-19
   1.1396559238686912E-16
   7.403009999999999E-17
   5.372389546579809E-17
   -0.7047    0.7092    0.02051
   0.7093    0.7034    0.04493
   -0.01744    -0.04621    0.9988
 Node:         53
  0.1258E+03  0.1304E+03  0.5063E+03  0.0000E+00
  -1.665E-16
  -1.735E-18
  -1.11E-16
   2.776E-17
   3.383E-17
  -2.22E-16
   -1.01E-16
   -1.572E-16
   -2.414E-16
   1.2239330047024632E-16
   -1.6653333333333332E-16
   5.769675515620921E-17
   0.09684    0.9526    0.2883
   -0.9346    0.1866    -0.3027
   -0.3422    -0.2402    0.9084
 Node:         54
  0.1265E+03  0.1288E+03  0.5200E+03  0.0000E+00
  -2.22E-16
   2.082E-17
   1.11E-16
   0.0
  -4.337E-18
   1.11E-16
   1.16E-16
   1.073E-16
   -2.233E-16
   3.350347295430729E-16
   0.0
   1.5793688612860518E-16
   -0.04656    -0.7562    0.6527
   -0.04117    -0.6514    -0.7576
   -0.9981    0.06215    8.061E-4
 Node:         55
  0.1381E+03  0.1168E+03  0.4521E+03  0.1302E-01
   0.02257
  -0.01206
   0.002922
  -0.004082
   0.01759
  -0.044
   0.03016
   0.001199
   -0.04986
   0.07017464428837528
   -0.0061670000000000015
   0.033080644562442654
   0.8591    -0.4854    -0.1624
   0.5118    0.8152    0.2711
   8.388E-4    -0.316    0.9487
 Node:         56
  0.1313E+03  0.1156E+03  0.4681E+03  0.1302E-01
   0.03321
  -0.01569
   0.003927
  -0.01326
   0.009836
  -0.02132
   0.04401
   -0.002338
   -0.02585
   0.061568542487215015
   0.005274
   0.029023689266987868
   -0.8825    0.4044    0.2401
   0.4448    0.8835    0.147
   0.1526    -0.2365    0.9596
 Node:         57
  0.1285E+03  0.1140E+03  0.4823E+03  0.1302E-01
   0.009391
  -0.006428
   0.004158
  -0.004019
   0.002803
  -1.48E-4
   0.01527
   -1.62E-4
   -0.001709
   0.016260785251641447
   0.0044663333333333334
   0.007665407679235912
   -0.7899    0.5333    0.3028
   0.5715    0.8192    0.04808
   0.2224    -0.211    0.9518
 Node:         58
  0.1476E+03  0.1179E+03  0.4522E+03  0.1302E-01
   0.02127
  -0.01093
   0.01281
  -0.001565
   0.01135
  -0.07889
   0.02932
   0.006142
   -0.08027
   0.10003554750187554
   -0.014935999999999998
   0.04715720933219012
   0.8078    -0.5849    -0.07302
   0.5895    0.8021    0.09619
   0.002304    -0.1207    0.9927
 Node:         59
  0.1414E+03  0.1167E+03  0.4686E+03  0.1302E-01
   0.04862
  -0.02228
   0.01177
  -0.02549
   0.01944
  -0.02212
   0.06987
   0.002366
   -0.03396
   0.09126071770482633
   0.012758666666666666
   0.04302071489668927
   -0.8418    0.4315    0.3245
   0.498    0.8526    0.1583
   0.2083    -0.2948    0.9326
 Node:         60
  0.1374E+03  0.1150E+03  0.4832E+03  0.1302E-01
   0.01805
  -0.01165
   0.007751
  -0.01263
   0.008189
   0.004639
   0.03349
   1.651E-4
   -0.003218
   0.03513880753255579
   0.0101457
   0.01656459272605276
   -0.7431    0.4835    0.4626
   0.5421    0.8403    -0.007394
   0.3923    -0.2453    0.8865
 Node:         61
  0.1546E+03  0.1222E+03  0.4525E+03  0.1302E-01
   0.03869
  -0.007907
  -0.005413
   0.01088
  -0.01745
  -0.02903
   0.04286
   1.451E-4
   -0.03876
   0.07071065650953892
   0.0014150333333333338
   0.03333332314669844
   -0.9529    0.2282    -0.1996
   0.2926    0.8648    -0.4081
   -0.07944    0.4473    0.8909
 Node:         62
  0.1487E+03  0.1203E+03  0.4692E+03  0.1302E-01
   0.06006
  -0.03543
   0.01356
  -0.02556
   0.0102
   0.02938
   0.09128
   0.01767
   -0.005951
   0.08783578741606407
   0.034333
   0.04140618727517261
   -0.8109    0.4228    0.4045
   0.2958    -0.3003    0.9068
   0.5049    0.855    0.1185
 Node:         63
  0.1436E+03  0.1181E+03  0.4838E+03  0.1302E-01
   0.01375
  -0.01923
   0.02087
  -0.01034
   0.01416
   0.01069
   0.04564
   0.002149
   -0.002472
   0.045976000619888636
   0.015105666666666665
   0.021673294540106778
   -0.5638    0.6939    0.448
   -0.4495    0.1972    -0.8712
   -0.6929    -0.6925    0.2008
 Node:         64
  0.1409E+03  0.1253E+03  0.4518E+03  0.1302E-01
  -0.02485
  -0.01693
   0.03493
  -5.2E-4
   0.001125
  -0.02753
   0.03941
   -0.02753
   -0.02934
   0.06786310558764608
   -0.00582
   0.03199097476893548
   0.2548    -0.9668    -0.01823
   -0.1116    -0.04815    0.9926
   0.9605    0.2509    0.1202
 Node:         65
  0.1338E+03  0.1229E+03  0.4680E+03  0.1302E-01
   0.009317
  -0.02718
   0.0231
  -0.007841
   0.002896
  -0.01707
   0.04506
   -0.009532
   -0.02018
   0.060621464713416486
   0.005116000000000002
   0.028577232522878537
   0.617    -0.7786    -0.1142
   -0.6615    -0.5917    0.4607
   -0.4263    -0.2087    -0.8802
 Node:         66
  0.1299E+03  0.1214E+03  0.4825E+03  0.1302E-01
   0.009029
  -0.008483
   0.007152
  -0.003532
   0.002739
  -4.149E-4
   0.01772
   -3.627E-4
   -0.001593
   0.01872818259175193
   0.0052547666666666664
   0.00882854993995176
   -0.7262    0.6447    0.2388
   0.5958    0.7635    -0.2493
   0.343    0.03876    0.9385
 Node:         67
  0.1494E+03  0.1245E+03  0.4521E+03  0.1302E-01
  -0.01084
  -0.01208
   0.03351
  -4.006E-5
   0.003441
  -0.07108
   0.03669
   -0.01391
   -0.07119
   0.09348650383878948
   -0.016136666666666667
   0.044069960542553493
   -0.2462    0.9687    0.03103
   0.9692    0.2458    0.01412
   -0.006049    -0.03355    0.9994
 Node:         68
  0.1428E+03  0.1224E+03  0.4686E+03  0.1302E-01
   0.03921
  -0.0279
   0.02894
  -0.01947
   0.00839
  -0.03933
   0.06637
   0.006392
   -0.04394
   0.09565293201988112
   0.00960733333333333
   0.04509122458108919
   -0.7664    0.6137    0.1898
   0.604    0.789    -0.1124
   0.2187    -0.02856    0.9754
 Node:         69
  0.1379E+03  0.1205E+03  0.4830E+03  0.1302E-01
   0.01875
  -0.01204
   0.008981
  -0.009637
   0.005753
  -9.968E-5
   0.03091
   9.395E-4
   -0.004215
   0.032852438003137606
   0.009211500000000001
   0.015486787793686162
   -0.7839    0.5195    0.34
   0.5181    0.8491    -0.103
   0.3422    -0.09541    0.9348
 Node:         70
  0.1548E+03  0.1243E+03  0.4525E+03  0.1302E-01
   0.002151
  -0.0157
   0.02669
  -0.009446
   0.007747
  -0.09516
   0.03529
   -0.005228
   -0.09639
   0.11681575443406597
   -0.02210933333333333
   0.0550674747398337
   0.4463    -0.8908    -0.08521
   -0.8906    -0.4514    0.05466
   0.08716    -0.0515    0.9949
 Node:         71
  0.1489E+03  0.1222E+03  0.4692E+03  0.1302E-01
   0.06398
  -0.02349
   0.02633
  -0.03698
   0.01511
  -0.03675
   0.08801
   0.01512
   -0.04958
   0.11922678012929813
   0.01785
   0.05620404315230948
   -0.8629    0.4032    0.3046
   0.4143    0.9096    -0.03048
   0.2893    -0.09989    0.952
 Node:         72
  0.1434E+03  0.1199E+03  0.4837E+03  0.1302E-01
   0.0292
  -0.01238
   0.007479
  -0.01657
   0.007431
   0.002754
   0.043
   0.00187
   -0.005441
   0.04523084181175495
   0.013142999999999997
   0.021322023309245302
   -0.8306    0.3755    0.4113
   0.4088    0.9126    -0.007619
   0.3782    -0.1618    0.9115
 Node:         73
  0.1438E+03  0.1339E+03  0.4513E+03  0.0000E+00
   0.03327
   6.582E-4
  -0.02233
  -0.006402
   0.005219
   5.31E-4
   0.03448
   5.292E-4
   -0.02354
   0.05048912560779796
   0.0038230666666666663
   0.0238008020623022
   -0.9825    0.005717    0.1861
   -0.1827    -0.2238    -0.9574
   -0.03619    0.9746    -0.2209
 Node:         74
  0.1363E+03  0.1303E+03  0.4678E+03  0.0000E+00
   0.0579
   0.02094
  -0.001278
   0.004458
   0.008529
   0.01311
   0.06546
   0.01425
   -0.009981
   0.06671188028379954
   0.023243
   0.031448281956253196
   -0.941    -0.312    -0.131
   -0.2106    0.237    0.9484
   -0.2648    0.9201    -0.2887
 Node:         75
  0.1313E+03  0.1288E+03  0.4826E+03  0.0000E+00
   0.02567
   0.008546
   0.001851
   0.002445
   0.001292
   0.00196
   0.02869
   0.001769
   -9.84E-4
   0.02839775982361989
   0.009825
   0.013386832361192346
   -0.9465    -0.3062    -0.1013
   -0.1493    0.1374    0.9792
   -0.2859    0.942    -0.1758
 Node:         76
  0.1511E+03  0.1311E+03  0.4519E+03  0.0000E+00
   0.02605
  -0.00215
  -0.02074
  -0.006843
   6.2E-4
  -0.007176
   0.02751
   -0.008528
   -0.02084
   0.04352037044879099
   -6.19333333333334E-4
   0.020515699376060497
   -0.9799    0.04616    0.1942
   0.1951    0.01545    0.9807
   -0.04227    -0.9988    0.02415
 Node:         77
  0.1443E+03  0.1282E+03  0.4685E+03  0.0000E+00
   0.06893
   0.01887
  -0.001243
   0.005604
   0.003358
   0.004802
   0.07425
   0.004573
   -0.006332
   0.075720743782665
   0.024163666666666663
   0.03569510093680769
   -0.9653    -0.2453    -0.08975
   -0.1288    0.1481    0.9805
   -0.2272    0.9581    -0.1746
 Node:         78
  0.1384E+03  0.1261E+03  0.4829E+03  0.0000E+00
   0.02956
   0.01007
   0.002065
   0.003368
   0.001494
   0.001338
   0.03327
   9.792E-4
   -0.001293
   0.03348476986989757
   0.0109854
   0.01578487189431704
   -0.9438    -0.3101    -0.1141
   -0.1584    0.1219    0.9798
   -0.29    0.9429    -0.1642
 Node:         79
  0.1551E+03  0.1263E+03  0.4525E+03  0.0000E+00
   0.01409
  -0.007229
  -0.08295
  -0.01947
   0.001052
  -0.009375
   0.02552
   -0.02027
   -0.08349
   0.09480683677878933
   -0.026079999999999996
   0.04469237145941874
   0.8707    -0.06276    -0.4878
   0.4861    -0.0414    0.8729
   -0.07498    -0.9972    -0.005545
 Node:         80
  0.1491E+03  0.1241E+03  0.4692E+03  0.0000E+00
   0.08256
   0.002277
  -0.05197
   0.01153
   0.004838
   0.002759
   0.08425
   0.0015
   -0.0524
   0.1192182767028613
   0.011116666666666669
   0.05620003459864495
   -0.9897    -0.02156    -0.1413
   -0.1426    0.08317    0.9863
   0.009518    -0.9963    0.0854
 Node:         81
  0.1433E+03  0.1217E+03  0.4836E+03  0.0000E+00
   0.03511
   0.007466
  -0.004531
   0.01193
   0.003517
   0.004327
   0.04068
   3.68E-4
   -0.006145
   0.04393209042374378
   0.011634333333333335
   0.02070978603355321
   -0.9296    -0.1786    -0.3224
   -0.3479    0.1359    0.9276
   0.1219    -0.9745    0.1885
 Node:         82
  0.1267E+03  0.1148E+03  0.4554E+03  0.2325E-01
   0.02444
  -0.01394
  -0.007474
  -0.005765
  -0.002153
  -0.009327
   0.03022
   -0.007034
   -0.01555
   0.04216204259757821
   0.002545333333333333
   0.019875377486282424
   -0.9336    0.3385    0.1177
   -0.1069    -0.5764    0.8101
   0.3421    0.7437    0.5743
 Node:         83
  0.1234E+03  0.1129E+03  0.4716E+03  0.2325E-01
   0.01002
  -0.01112
  -0.005815
  -0.01317
   6.672E-4
   0.004712
   0.0237
   -0.001049
   -0.01373
   0.03297215235619295
   0.002973666666666666
   0.015543221680920023
   -0.7775    0.3054    0.5497
   0.2981    -0.5908    0.7498
   0.5538    0.7468    0.3683
 Node:         84
  0.1187E+03  0.1123E+03  0.4849E+03  0.2325E-01
   0.00105
  -0.00109
  -5.687E-4
  -0.003816
   1.97E-4
   0.005833
   0.008003
   3.876E-5
   -0.001727
   0.008978305161755197
   0.00210492
   0.004232413642292854
   -0.4894    0.08219    0.8682
   -0.5031    0.7866    -0.358
   -0.7123    -0.612    -0.3436
 Node:         85
  0.1302E+03  0.1161E+03  0.4541E+03  0.2325E-01
   0.02775
  -0.01581
  -0.007422
  -0.005659
  -0.003926
  -0.01734
   0.03411
   -0.009519
   -0.0216
   0.050759453809118164
   9.970000000000003E-4
   0.023928235998501857
   -0.9342    0.3485    0.07616
   0.2456    0.7833    -0.571
   0.2587    0.5148    0.8174
 Node:         86
  0.1252E+03  0.1138E+03  0.4698E+03  0.2325E-01
  -0.009426
  -0.01116
   0.0221
  -0.02738
   0.003886
   9.742E-4
   0.03328
   0.01317
   -0.0328
   0.05866949548104194
   0.0045499999999999985
   0.02765706540229217
   0.5104    -0.6884    -0.5153
   -0.3662    -0.7162    0.5941
   0.7781    0.1145    0.6176
 Node:         87
  0.1217E+03  0.1126E+03  0.4833E+03  0.2325E-01
   0.003286
  -8.647E-4
  -4.714E-4
  -0.005943
   7.586E-4
   0.006524
   0.01117
   -5.121E-4
   -0.001323
   0.01210793269348653
   0.0031116333333333335
   0.005707734209143084
   -0.6057    0.09643    0.7898
   0.1746    -0.9523    0.2502
   0.7763    0.2894    0.56
 Node:         88
  0.1338E+03  0.1169E+03  0.4524E+03  0.2325E-01
   0.017
  -0.01584
  -3.554E-4
  -0.005796
   0.003025
  -0.009739
   0.02753
   -0.009643
   -0.01098
   0.03785921022683912
   0.0023023333333333333
   0.017847002854510022
   -0.8483    0.5006    0.1726
   0.4495    0.8531    -0.265
   0.2799    0.1472    0.9487
 Node:         89
  0.1270E+03  0.1150E+03  0.4681E+03  0.2325E-01
   0.02682
  -0.01379
  -0.00118
  -0.01495
   6.484E-4
   3.339E-4
   0.03784
   -0.001094
   -0.01077
   0.04456687913686575
   0.008658666666666667
   0.021009028302666027
   -0.8792    0.3166    0.356
   0.03797    -0.6983    0.7148
   0.4749    0.642    0.602
 Node:         90
  0.1248E+03  0.1132E+03  0.4821E+03  0.2325E-01
   0.006942
  -0.004768
   0.002299
  -0.00372
   0.001922
   0.001705
   0.01167
   8.728E-5
   -8.132E-4
   0.012058203619710524
   0.0036480266666666667
   0.005684291698950323
   -0.7876    0.4799    0.3865
   0.1055    -0.5129    0.852
   0.6071    0.7118    0.3533
 Node:         91
  0.1257E+03  0.1258E+03  0.4541E+03  0.2325E-01
  -0.02865
  -0.02607
   0.0245
  -0.01009
   4.56E-4
  -0.01092
   0.03555
   -0.008594
   -0.04203
   0.06739924047049788
   -0.005024666666666666
   0.03177230665567456
   -0.3871    0.9173    0.09307
   -0.2288    -0.1933    0.9541
   -0.8932    -0.348    -0.2847
 Node:         92
  0.1208E+03  0.1230E+03  0.4722E+03  0.2325E-01
   0.01026
  -0.01799
  -0.002188
  -0.01557
  -7.694E-4
  -0.001814
   0.02841
   -0.001213
   -0.02094
   0.043023825713202214
   0.0020856666666666675
   0.020281625942928958
   -0.7951    0.4577    0.3979
   0.003022    -0.6531    0.7573
   0.6064    0.6033    0.5179
 Node:         93
  0.1159E+03  0.1217E+03  0.4876E+03  0.2325E-01
   0.005766
   2.529E-4
  -0.001349
  -0.007447
  -0.003164
   0.004787
   0.01313
   1.597E-4
   -0.004083
   0.01553249101689745
   0.0030689
   0.0073220864845115466
   -0.7044    -0.1633    0.6908
   0.5557    -0.7324    0.3935
   -0.4416    -0.6611    -0.6066
 Node:         94
  0.1311E+03  0.1260E+03  0.4531E+03  0.2325E-01
  -0.0368
  -0.02566
   0.02992
  -0.006452
  -0.002046
  -0.01844
   0.03864
   -0.01685
   -0.04713
   0.07534092977923752
   -0.008446666666666667
   0.03551605489853223
   -0.3222    0.9467    0.002481
   -0.2166    -0.07627    0.9733
   -0.9216    -0.313    -0.2296
 Node:         95
  0.1248E+03  0.1233E+03  0.4703E+03  0.2325E-01
   0.02011
  -0.01629
   0.007906
  -0.01747
   9.22E-4
  -0.01854
   0.03566
   -7.066E-5
   -0.02612
   0.053721581224267775
   0.0031564466666666653
   0.025324596253162437
   -0.8253    0.4935    0.2745
   -0.3991    -0.8536    0.3349
   0.3996    0.1669    0.9014
 Node:         96
  0.1205E+03  0.1222E+03  0.4851E+03  0.2325E-01
   0.01083
  -8.793E-4
   1.204E-4
  -0.008685
  -5.444E-4
   0.001063
   0.01592
   2.989E-4
   -0.004211
   0.018297747460001738
   0.004002633333333334
   0.008625640872937436
   -0.8635    0.0307    0.5035
   0.07837    -0.9779    0.194
   0.4983    0.207    0.8419
 Node:         97
  0.1365E+03  0.1258E+03  0.4519E+03  0.2325E-01
  -0.02728
  -0.02081
   0.03287
  -0.007822
  -0.001417
  -0.02524
   0.03938
   -0.02055
   -0.03848
   0.07062318811835104
   -0.00655
   0.033292090151666155
   -0.2996    0.954    0.01534
   -0.4849    -0.1661    0.8586
   0.8216    0.2498    0.5124
 Node:         98
  0.1294E+03  0.1232E+03  0.4682E+03  0.2325E-01
   0.01161
  -0.0258
   0.01686
  -0.01433
  -4.084E-6
  -0.0179
   0.04177
   -0.00442
   -0.02678
   0.06054993063579842
   0.003523333333333333
   0.02854351103529876
   -0.6851    0.7096    0.1645
   0.5271    0.6388    -0.5605
   0.5028    0.2973    0.8117
 Node:         99
  0.1260E+03  0.1218E+03  0.4827E+03  0.2325E-01
   0.009011
  -0.006874
   0.004221
  -0.004745
   0.001959
  -6.428E-5
   0.01551
   3.352E-5
   -0.002376
   0.016811249445249452
   0.004389173333333334
   0.007924898988636315
   -0.7882    0.5332    0.3072
   0.3375    0.792    -0.5088
   -0.5146    -0.2974    -0.8042
 Node:        100
  0.1249E+03  0.1370E+03  0.4526E+03  0.0000E+00
   0.04038
   0.004355
  -0.01385
  -0.005882
  -0.002917
   0.01738
   0.04223
   0.01607
   -0.01438
   0.04907260029792593
   0.01464
   0.023133045627413612
   -0.967    -0.08755    0.2392
   -0.2447    0.05874    -0.9678
   -0.07068    0.9944    0.07822
 Node:        101
  0.1186E+03  0.1334E+03  0.4714E+03  0.0000E+00
   0.03444
   0.009637
   5.568E-4
   0.00777
   0.005529
   0.03008
   0.04318
   0.02425
   -0.002363
   0.0396280299661742
   0.021689
   0.018680832476096993
   -0.7826    -0.2508    -0.5697
   0.5784    0.0452    -0.8145
   -0.23    0.967    -0.1097
 Node:        102
  0.1139E+03  0.1312E+03  0.4875E+03  0.0000E+00
   0.01058
   0.007228
   0.005182
   0.006478
   0.005133
   0.005792
   0.02029
   0.001283
   -2.229E-5
   0.019692117154183803
   0.007183569999999999
   0.00928295305042887
   -0.7065    -0.506    -0.4947
   0.5945    -0.04503    -0.8029
   -0.384    0.8614    -0.3326
 Node:        103
  0.1321E+03  0.1361E+03  0.4519E+03  0.0000E+00
   0.03974
   0.002748
  -0.02685
  -0.006832
  -0.003064
   0.01962
   0.04202
   0.01761
   -0.02714
   0.06075160985521289
   0.010830000000000001
   0.028638583531080352
   -0.9533    -0.05128    0.2978
   -0.3001    0.04709    -0.9527
   -0.03484    0.9976    0.06028
 Node:        104
  0.1248E+03  0.1328E+03  0.4697E+03  0.0000E+00
   0.04228
   0.01245
  -0.009586
   0.008335
   0.007024
   0.03235
   0.05042
   0.02762
   -0.01299
   0.05563200607563958
   0.021683333333333332
   0.026225179164730644
   0.8459    0.2317    0.4803
   -0.4936    -9.655E-4    0.8697
   0.202    -0.9728    0.1136
 Node:        105
  0.1200E+03  0.1316E+03  0.4853E+03  0.0000E+00
   0.01619
   0.007725
   0.003133
   0.007157
   0.00479
   0.005429
   0.02375
   0.002053
   -0.001044
   0.023399718523948104
   0.008253
   0.011030733097426783
   -0.8121    -0.4025    -0.4225
   -0.5359    0.2277    0.813
   0.231    -0.8867    0.4006
 Node:        106
  0.1393E+03  0.1349E+03  0.4513E+03  0.0000E+00
   0.03602
   9.8E-4
  -0.03881
  -0.007037
   4.896E-4
   0.01373
   0.03806
   0.01171
   -0.03883
   0.06767823209865932
   0.003646666666666664
   0.03190382457045272
   0.9606    0.01048    -0.2776
   -0.2774    -0.01469    -0.9606
   -0.01414    0.9998    -0.01121
 Node:        107
  0.1319E+03  0.1314E+03  0.4680E+03  0.0000E+00
   0.05317
   0.01765
  -0.01437
   0.007005
   0.00758
   0.02355
   0.05958
   0.02224
   -0.01947
   0.06849416836490535
   0.020783333333333334
   0.03228846061503845
   -0.9397    -0.2483    -0.235
   -0.2602    0.07389    0.9627
   -0.2217    0.9659    -0.1341
 Node:        108
  0.1272E+03  0.1303E+03  0.4831E+03  0.0000E+00
   0.02267
   0.008057
   0.001603
   0.004339
   0.002202
   0.00291
   0.02638
   0.002067
   -0.001271
   0.026142322142457045
   0.009058666666666666
   0.012323608841929741
   -0.9262    -0.319    -0.2011
   0.2541    -0.1337    -0.9579
   -0.2787    0.9383    -0.2049
 Node:        109
  0.1018E+03  0.1092E+03  0.4946E+03 -0.3833E-04
   0.0
   1.388E-16
   1.11E-16
   5.551E-17
  -1.388E-17
   0.0
   2.069E-16
   2.266E-17
   -1.186E-16
   2.827092280064448E-16
   3.698666666666666E-17
   1.3327040815158061E-16
   -0.5724    -0.814    -0.09897
   0.2904    -0.3141    0.9039
   0.7668    -0.4887    -0.4162
 Node:        110
  0.1058E+03  0.1118E+03  0.5081E+03 -0.3833E-04
   0.0
   2.776E-17
   0.0
  -1.388E-17
  -5.204E-17
   2.22E-16
   2.353E-16
   1.788E-17
   -3.112E-17
   2.456135916434593E-16
   7.402E-17
   1.157833574684491E-16
   -0.08376    -0.2246    0.9708
   0.7726    0.6007    0.2056
   0.6293    -0.7673    -0.1232
 Node:        111
  0.1108E+03  0.1137E+03  0.5210E+03 -0.3833E-04
   0.0
   5.551E-17
  -1.11E-16
  -2.776E-17
   3.261E-16
  -2.22E-16
   1.68E-16
   2.779E-18
   -5.038E-16
   6.063148942925615E-16
   -1.1100700000000001E-16
   2.8581958219244996E-16
   0.1486    0.7638    0.6281
   0.9825    -0.0417    -0.1818
   0.1126    -0.6441    0.7566
 Node:        112
  0.1072E+03  0.1111E+03  0.4942E+03 -0.3833E-04
   0.0
   1.388E-16
   1.11E-16
   0.0
   1.388E-17
  -1.665E-16
   2.053E-16
   -9.314E-17
   -1.677E-16
