 Group name: gastroc_Strain
 #Fields=  16
 1) coordinates, coordinate, rectangular cartesian, #Components=3
   x.  Value index= 1, #Derivatives=0
   y.  Value index= 2, #Derivatives=0
   z.  Value index= 3, #Derivatives=0
 2) Tensor_1, field, rectangular cartesian, #Components=1
   Tensor_1.  Value index= 4, #Derivatives=0
 3) Tensor_2, field, rectangular cartesian, #Components=1
   Tensor_2.  Value index= 5, #Derivatives=0
 4) Tensor_3, field, rectangular cartesian, #Components=1
   Tensor_3.  Value index= 6, #Derivatives=0
 5) Tensor_4, field, rectangular cartesian, #Components=1
   Tensor_4.  Value index= 7, #Derivatives=0
 6) Tensor_5, field, rectangular cartesian, #Components=1
   Tensor_5.  Value index= 8, #Derivatives=0
 7) Tensor_6, field, rectangular cartesian, #Components=1
   Tensor_6.  Value index= 9, #Derivatives=0
 8) Principal_1, field, rectangular cartesian, #Components=1
   Principal_1.  Value index= 10, #Derivatives=0
 9) Principal_2, field, rectangular cartesian, #Components=1
   Principal_2.  Value index= 11, #Derivatives=0
 10) Principal_3, field, rectangular cartesian, #Components=1
   Principal_3.  Value index= 12, #Derivatives=0
 11) VonMises, field, rectangular cartesian, #Components=1
   VonMises.  Value index= 13, #Derivatives=0
 12) Hydrostatic, field, rectangular cartesian, #Components=1
   VonMises.  Value index= 14, #Derivatives=0
 13) Octahedral, field, rectangular cartesian, #Components=1
   VonMises.  Value index= 15, #Derivatives=0
 14) PrincipalVector1, field, rectangular cartesian, #Components=3
   x.  Value index= 16, #Derivatives=0
   y.  Value index= 17, #Derivatives=0
   z.  Value index= 18, #Derivatives=0
 15) PrincipalVector2, field, rectangular cartesian, #Components=3
   x.  Value index= 19, #Derivatives=0
   y.  Value index= 20, #Derivatives=0
   z.  Value index= 21, #Derivatives=0
 16) PrincipalVector3, field, rectangular cartesian, #Components=3
   x.  Value index= 22, #Derivatives=0
   y.  Value index= 23, #Derivatives=0
   z.  Value index= 24, #Derivatives=0
 Node:          1
  0.1287E+03  0.1133E+03  0.4908E+03 -0.3079E-04
  -1.11E-16
  -8.327E-17
  -2.22E-16
  -2.776E-17
  -4.163E-17
  -3.331E-16
   -6.637E-17
   -2.4E-16
   -3.598E-16
   2.5553921597281306E-16
   -2.2205666666666663E-16
   1.204623416489799E-16
   0.8837    -0.4676    -0.01897
   0.4046    0.7837    -0.4712
   0.2352    0.4088    0.8818
 Node:          2
  0.1292E+03  0.1137E+03  0.5052E+03 -0.3079E-04
  -5.551E-17
  -1.11E-16
  -1.665E-16
  -5.551E-17
   1.943E-16
  -2.776E-16
   8.603E-17
   -1.6E-16
   -4.256E-16
   4.4319260925696854E-16
   -1.6652333333333334E-16
   2.089229995849082E-16
   -0.6554    0.6199    0.4313
   0.7522    0.4849    0.4462
   -0.06744    -0.6169    0.7841
 Node:          3
  0.1289E+03  0.1155E+03  0.5194E+03 -0.3079E-04
   2.22E-16
   1.388E-16
   3.331E-16
   1.11E-16
   5.551E-17
   2.22E-16
   4.753E-16
   2.118E-16
   9.006E-17
   3.4107384479024473E-16
   2.590533333333333E-16
   1.6078375235770005E-16
   -0.5696    -0.7144    -0.4063
   0.2395    -0.6172    0.7494
   -0.7862    0.3296    0.5227
 Node:          4
  0.1361E+03  0.1141E+03  0.4915E+03 -0.3079E-04
   0.0
  -2.776E-17
  -1.11E-16
  -2.776E-17
  -8.327E-17
   2.22E-16
   2.435E-16
   6.328E-18
   -1.388E-16
   3.3426485304919515E-16
   3.700933333333334E-17
   1.5757396286894045E-16
   -0.08549    -0.2215    0.9714
   0.9681    -0.2491    0.0284
   0.2357    0.9428    0.2357
 Node:          5
  0.1341E+03  0.1144E+03  0.5054E+03 -0.3079E-04
   3.331E-16
   1.388E-16
   3.331E-16
   5.551E-17
  -6.939E-17
   4.441E-16
   4.814E-16
   4.627E-16
   1.662E-16
   3.062784517395894E-16
   3.7010000000000004E-16
   1.4438104677092028E-16
   -0.348    -0.6443    0.681
   -0.6589    -0.3487    -0.6665
   0.6669    -0.6807    -0.3032
 Node:          6
  0.1323E+03  0.1162E+03  0.5191E+03 -0.3079E-04
   2.22E-16
   5.551E-17
   2.22E-16
  -5.551E-17
  -2.776E-17
   0.0
   2.897E-16
   1.685E-16
   -1.402E-17
   2.648101478418076E-16
   1.4806E-16
   1.2483270084396958E-16
   -0.715    -0.6696    0.2012
   0.6656    -0.7399    -0.09741
   -0.2141    -0.06426    -0.9747
 Node:          7
  0.1408E+03  0.1171E+03  0.4920E+03 -0.3079E-04
   3.331E-16
   2.22E-16
   2.22E-16
  -8.327E-17
  -1.11E-16
   0.0
   5.398E-16
   6.158E-17
   -4.631E-17
   5.403052621435404E-16
   1.8502333333333335E-16
   2.5470234318164845E-16
   -0.7537    -0.6111    0.2419
   -0.656    0.677    -0.3335
   -0.04004    0.4101    0.9112
 Node:          8
  0.1367E+03  0.1169E+03  0.5055E+03 -0.3079E-04
   2.22E-16
   1.943E-16
   2.22E-16
  -4.025E-16
  -2.359E-16
  -2.22E-16
   6.547E-16
   4.477E-17
   -4.775E-16
   9.814930967154074E-16
   7.399000000000001E-17
   4.626802829168323E-16
   -0.6847    -0.5611    0.4652
   0.5685    -0.8105    -0.1409
   -0.4561    -0.1681    -0.8739
 Node:          9
  0.1339E+03  0.1180E+03  0.5191E+03 -0.3079E-04
   2.22E-16
   1.665E-16
   0.0
  -3.955E-16
  -2.776E-16
   6.661E-16
   1.002E-15
   -9.379E-18
   -1.046E-16
   1.062195387036208E-15
   2.96007E-16
   5.007237074122481E-16
   -0.4817    -0.3073    0.8207
   -0.8565    -0.03292    -0.515
   -0.1853    0.951    0.2474
 Node:         10
  0.1294E+03  0.1212E+03  0.4911E+03 -0.3079E-04
   0.0
   2.776E-17
   1.11E-16
  -1.388E-17
   1.249E-16
   1.11E-16
   2.363E-16
   2.303E-17
   -3.732E-17
   2.48992088026909E-16
   7.400333333333333E-17
   1.173759959370834E-16
   0.0421    0.71    0.703
   -0.7813    -0.4152    0.4661
   -0.6228    0.5688    -0.5372
 Node:         11
  0.1295E+03  0.1214E+03  0.5055E+03 -0.3079E-04
  -2.22E-16
  -2.776E-17
  -2.22E-16
  -4.163E-17
   1.388E-17
  -1.665E-16
   -1.365E-16
   -2.183E-16
   -2.558E-16
   1.0566451627675205E-16
   -2.035333333333333E-16
   4.9810730660058464E-17
   -0.4935    0.2929    0.8189
   0.3541    -0.7924    0.4968
   -0.7944    -0.5351    -0.2873
 Node:         12
  0.1295E+03  0.1217E+03  0.5196E+03 -0.3079E-04
   1.11E-16
   0.0
   1.11E-16
   7.633E-17
   2.776E-17
   2.22E-16
   2.649E-16
   1.11E-16
   6.816E-17
   1.792025435087348E-16
   1.4801999999999999E-16
   8.447688914726913E-17
   -0.4387    -0.1595    -0.8844
   0.3417    -0.9398    -2.255E-17
   0.8311    0.3022    -0.4668
 Node:         13
  0.1361E+03  0.1199E+03  0.4914E+03 -0.3079E-04
   1.11E-16
  -1.388E-16
   0.0
  -9.714E-17
   2.776E-17
  -1.665E-16
   2.285E-16
   -8.52E-17
   -1.988E-16
   3.833392361864358E-16
   -1.849999999999999E-17
   1.807078489348669E-16
   0.8171    -0.5252    -0.2378
   0.4648    0.8442    -0.2671
   0.341    0.1077    0.9339
 Node:         14
  0.1342E+03  0.1198E+03  0.5054E+03 -0.3079E-04
  -5.551E-17
   2.776E-17
   0.0
   5.551E-17
  -9.021E-17
   1.11E-16
   1.672E-16
   -4.94E-18
   -1.068E-16
   2.398787602102362E-16
   1.8486666666666665E-17
   1.130799320048532E-16
   0.1634    -0.4472    0.8794
   -0.6569    -0.7144    -0.2412
   -0.7361    0.5382    0.4105
 Node:         15
  0.1330E+03  0.1205E+03  0.5193E+03 -0.3079E-04
   2.22E-16
  -8.327E-17
  -5.551E-17
   1.388E-17
   4.857E-17
   0.0
   2.451E-16
   2.471E-17
   -1.033E-16
   3.0523832672192397E-16
   5.550333333333333E-17
   1.438907271354049E-16
   -0.9638    0.2667    -0.001723
   0.1157    0.4239    0.8983
   0.2403    0.8656    -0.4394
 Node:         16
  0.1404E+03  0.1188E+03  0.4918E+03 -0.3079E-04
   2.22E-16
   5.551E-17
   2.22E-16
  -8.327E-17
  -1.457E-16
   4.441E-16
   5.466E-16
   1.95E-16
   1.465E-16
   3.7818964819254375E-16
   2.9603333333333337E-16
   1.7828030987433498E-16
   -0.2927    -0.4328    0.8526
   -0.9222    -0.1077    -0.3713
   -0.2526    0.895    0.3676
 Node:         17
  0.1365E+03  0.1184E+03  0.5055E+03 -0.3079E-04
  -1.11E-16
   2.776E-17
  -1.11E-16
   9.714E-17
   1.7E-16
   0.0
   1.573E-16
   -1.341E-16
   -2.452E-16
   3.600440389730123E-16
   -7.400000000000001E-17
   1.697263876557404E-16
   0.3368    0.5285    0.7792
   0.8927    -0.4425    -0.08566
   -0.2996    -0.7244    0.6209
 Node:         18
  0.1341E+03  0.1191E+03  0.5192E+03 -0.3079E-04
   0.0
   0.0
   0.0
   2.645E-17
   1.065E-16
   4.441E-16
   4.697E-16
   -1.672E-33
   -2.562E-17
   4.830198633596759E-16
   1.4802666666666666E-16
   2.2769774721961763E-16
   -0.05484    -0.2207    -0.9738
   0.9705    -0.2411    -6.21E-17
   -0.2348    -0.9451    0.2274
 Node:         19
  0.1301E+03  0.1291E+03  0.4914E+03  0.0000E+00
   1.11E-16
   0.0
   1.11E-16
   2.101E-19
   1.001E-17
  -2.22E-16
   1.113E-16
   1.11E-16
   -2.223E-16
   3.3345010121455954E-16
   0.0
   1.5718988517077046E-16
   -0.02096    -0.9993    -0.03003
   0.9998    -0.02097    1.345E-19
   6.298E-4    0.03003    -0.9995
 Node:         20
  0.1299E+03  0.1291E+03  0.5058E+03  0.0000E+00
   2.22E-16
   0.0
   0.0
   1.041E-17
   1.924E-17
  -5.551E-17
   2.224E-16
   5.975E-18
   -6.188E-17
   2.5715676157744715E-16
   5.549833333333335E-17
   1.2122485995959007E-16
   -0.9993    -0.003257    -0.03765
   0.01428    -0.9549    -0.2965
   -0.03498    -0.2968    0.9543
 Node:         21
  0.1301E+03  0.1280E+03  0.5197E+03  0.0000E+00
   1.11E-16
   0.0
   0.0
   4.163E-17
   1.475E-17
   1.11E-16
   1.534E-16
   7.089E-17
   -2.22E-18
   1.3485280234388901E-16
   7.402333333333333E-17
   6.357022066624871E-17
   -0.6994    -0.0684    -0.7114
   -0.7126    0.1429    0.6869
   -0.05465    -0.9874    0.1487
 Node:         22
  0.1360E+03  0.1256E+03  0.4913E+03  0.0000E+00
  -2.22E-16
   1.388E-17
  -1.11E-16
  -1.388E-17
   1.006E-16
   1.11E-16
   1.5E-16
   -1.456E-16
   -2.264E-16
   3.432090907886911E-16
   -7.4E-17
   1.617903169743686E-16
   -0.02144    0.3586    0.9332
   0.228    0.9106    -0.3447
   -0.9734    0.2054    -0.1013
 Node:         23
  0.1343E+03  0.1253E+03  0.5054E+03  0.0000E+00
   0.0
   2.082E-17
  -4.441E-16
   0.0
   1.314E-16
  -1.665E-16
   1.265E-18
   -1.147E-16
   -4.972E-16
   4.517861703560657E-16
   -2.0354499999999996E-16
   2.1297404313671653E-16
   0.997    0.06061    0.04746
   0.06644    -0.3661    -0.9282
   0.03888    -0.9286    0.369
 Node:         24
  0.1336E+03  0.1248E+03  0.5194E+03  0.0000E+00
  -2.22E-16
   1.214E-17
   0.0
   1.388E-17
   8.674E-19
  -1.665E-16
   6.779E-19
   -1.633E-16
   -2.259E-16
   2.026635838733984E-16
   -1.2950736666666666E-16
   9.553652963763242E-17
   -0.05504    -0.9984    -0.009747
   0.2257    -0.02195    0.974
   -0.9726    0.05141    0.2265
 Node:         25
  0.1400E+03  0.1206E+03  0.4917E+03  0.0000E+00
   0.0
   2.671E-16
  -1.11E-16
  -8.327E-17
  -1.301E-16
   2.22E-16
   3.681E-16
   7.58E-17
   -3.329E-16
   6.098671904603493E-16
   3.699999999999999E-17
   2.8749415066513385E-16
   0.5089    0.4781    -0.7159
   0.6086    0.3883    0.692
   0.6088    -0.7878    -0.09334
 Node:         26
  0.1363E+03  0.1200E+03  0.5055E+03  0.0000E+00
   2.22E-16
   1.076E-16
  -6.106E-16
   2.776E-17
  -1.124E-15
  -5.551E-17
   8.281E-16
   2.248E-16
   -1.497E-15
   2.089815319591662E-15
   -1.4803333333333336E-16
   9.851483892738641E-16
   0.07371    0.6174    -0.7832
   0.9955    0.001018    0.09449
   -0.05914    0.7866    0.6146
 Node:         27
  0.1343E+03  0.1203E+03  0.5192E+03  0.0000E+00
   2.22E-16
  -1.943E-16
   2.22E-16
  -1.041E-16
   1.313E-15
   0.0
   1.466E-15
   1.875E-16
   -1.209E-15
   2.3173691440942246E-15
   1.4816666666666667E-16
   1.0924182908676612E-15
   -0.1693    0.728    0.6643
   0.9848    0.09849    0.1431
   0.03876    0.6785    -0.7336
 Node:         28
  0.1155E+03  0.1124E+03  0.4931E+03 -0.1820E-03
  -2.22E-16
   3.816E-17
   2.22E-16
  -5.551E-17
   5.551E-17
   1.11E-16
   2.455E-16
   1.014E-16
   -2.359E-16
   4.279497984577163E-16
   3.699999999999999E-17
   2.0173746966457835E-16
   0.03184    0.9284    0.3701
   0.1988    0.3571    -0.9127
   0.9795    -0.1026    0.1732
 Node:         29
  0.1119E+03  0.1139E+03  0.5068E+03 -0.1820E-03
  -2.22E-16
  -2.082E-17
   0.0
   5.551E-17
   6.939E-18
  -3.331E-16
   1.944E-18
   -2.004E-16
   -3.566E-16
   3.113642033631998E-16
   -1.8501866666666668E-16
   1.4677849307791052E-16
   -0.09118    0.9958    0.005517
   -0.9179    -0.08189    -0.3884
   -0.3863    -0.04048    0.9215
 Node:         30
  0.1113E+03  0.1159E+03  0.5206E+03 -0.1820E-03
   2.22E-16
   1.249E-16
   2.22E-16
   0.0
  -2.776E-17
   1.11E-16
   3.486E-16
   1.238E-16
   8.277E-17
   2.4787505905193444E-16
   1.8505666666666664E-16
   1.1684942342842583E-16
   -0.7001    -0.7092    0.08287
   -0.4685    0.3686    -0.8029
   -0.5389    0.6009    0.5903
 Node:         31
  0.1203E+03  0.1126E+03  0.4920E+03 -0.1820E-03
  -5.551E-17
   9.714E-17
  -1.11E-16
   2.776E-17
   4.163E-17
  -5.551E-17
   4.114E-17
   -7.661E-17
   -1.866E-16
   1.9726678661143135E-16
   -7.402333333333333E-17
   9.29924550105485E-17
   -0.6956    -0.5654    -0.4433
   0.4358    0.1585    -0.886
   0.5712    -0.8095    0.1362
 Node:         32
  0.1188E+03  0.1134E+03  0.5062E+03 -0.1820E-03
   2.22E-16
  -1.388E-17
  -1.11E-16
  -2.776E-17
   9.714E-17
  -5.551E-17
   2.266E-16
   1.331E-17
   -1.844E-16
   3.5602167644681415E-16
   1.8503333333333345E-17
   1.6783022777663014E-16
   -0.9894    0.07624    0.1236
   0.1445    0.5992    0.7875
   0.01402    -0.797    0.6038
 Node:         33
  0.1183E+03  0.1150E+03  0.5201E+03 -0.1820E-03
   1.11E-16
   5.551E-17
   0.0
   8.327E-17
   0.0
   0.0
   1.7E-16
   0.0
   -5.893E-17
   2.0589037107159722E-16
   3.702333333333333E-17
   9.705765171049398E-17
   -0.8617    -0.2815    -0.4222
   0.0    -0.8321    0.5547
   -0.5074    0.478    0.717
 Node:         34
  0.1255E+03  0.1129E+03  0.4909E+03 -0.1820E-03
   0.0
   0.0
   0.0
   5.551E-17
   9.714E-17
   0.0
   1.119E-16
   3.387E-33
   -1.119E-16
   1.9381648536695736E-16
   0.0
   9.136596740581255E-17
   -0.3508    -0.6139    -0.7071
   0.8682    -0.4961    -4.855E-17
   -0.3508    -0.6139    0.7071
 Node:         35
  0.1260E+03  0.1135E+03  0.5054E+03 -0.1820E-03
   0.0
   1.11E-16
  -1.11E-16
   1.11E-16
   2.498E-16
  -1.11E-16
   2.41E-16
   -1.023E-16
   -3.608E-16
   5.228959647960578E-16
   -7.403333333333333E-17
   2.4649552170824977E-16
   0.5458    0.5925    0.5925
   0.8379    -0.3859    -0.3859
   -4.975E-17    -0.7071    0.7071
 Node:         36
  0.1257E+03  0.1153E+03  0.5196E+03 -0.1820E-03
   0.0
  -5.551E-17
   0.0
  -5.551E-17
   8.327E-17
   0.0
   1.305E-16
   -4.723E-17
   -8.327E-17
   1.982226619234037E-16
   0.0
   9.344305895392481E-17
   -0.5155    0.6059    0.6059
   0.8569    0.3645    0.3645
   -1.256E-16    0.7071    -0.7071
 Node:         37
  0.1132E+03  0.1210E+03  0.4959E+03 -0.1820E-03
  -2.22E-16
   1.388E-16
  -2.22E-16
  -8.327E-17
   1.804E-16
  -2.776E-16
   -4.482E-17
   -1.622E-16
   -5.146E-16
   4.2347200190803645E-16
   -2.4054E-16
   1.9962661612787678E-16
   0.3971    0.7887    0.4693
   -0.7874    0.0301    0.6157
   0.4715    -0.614    0.633
 Node:         38
  0.1111E+03  0.1204E+03  0.5085E+03 -0.1820E-03
  -1.665E-16
   9.714E-17
   0.0
  -2.776E-17
  -8.327E-17
  -2.22E-16
   7.071E-17
   -2.091E-16
   -2.502E-16
   3.0246162913665597E-16
   -1.2953E-16
   1.4258177934084005E-16
   -0.3916    -0.8746    0.2859
   0.9154    -0.3389    0.217
   0.09287    -0.3467    -0.9334
 Node:         39
  0.1119E+03  0.1201E+03  0.5207E+03 -0.1820E-03
  -5.551E-17
  -9.714E-17
  -3.331E-16
  -8.327E-17
  -7.633E-17
  -1.11E-16
   8.934E-18
   -1.105E-16
   -3.981E-16
   3.6239130612640252E-16
   -1.6655533333333335E-16
   1.7083290000335286E-16
   0.851    -0.1281    -0.5092
   0.4076    -0.4503    0.7944
   -0.3311    -0.8836    -0.331
 Node:         40
  0.1191E+03  0.1220E+03  0.4937E+03 -0.1820E-03
   0.0
   8.327E-17
  -2.22E-16
   8.327E-17
  -1.388E-17
  -2.22E-16
   4.872E-17
   -2.082E-16
   -2.846E-16
   3.0244591979393603E-16
   -1.4802666666666666E-16
   1.4257437388566321E-16
   -0.924    -0.2703    -0.2703
   0.0    -0.7071    0.7071
   0.3823    -0.6534    -0.6534
 Node:         41
  0.1182E+03  0.1217E+03  0.5073E+03 -0.1820E-03
   0.0
  -2.776E-17
  -5.551E-17
   5.551E-17
   9.714E-17
   1.11E-16
   1.653E-16
   1.073E-17
   -1.206E-16
   2.478691830381502E-16
   1.8476666666666666E-17
   1.168466534489637E-16
   0.2406    0.3653    0.8993
   -0.8901    0.4526    0.05428
   -0.3871    -0.8135    0.434
 Node:         42
  0.1187E+03  0.1212E+03  0.5204E+03 -0.1820E-03
   0.0
  -5.551E-17
  -1.11E-16
   0.0
   5.551E-17
   1.11E-16
   1.256E-16
   1.887E-17
   -1.444E-16
   2.3552960089975954E-16
   2.3333333333339628E-20
   1.1102971864425409E-16
   0.1113    -0.2517    -0.9614
   0.9295    -0.3159    0.1903
   -0.3516    -0.9148    0.1988
 Node:         43
  0.1258E+03  0.1217E+03  0.4915E+03 -0.1820E-03
   2.22E-16
   1.11E-16
   1.11E-16
  -1.388E-17
   0.0
  -5.551E-17
   2.911E-16
   4.294E-17
   -5.645E-17
   3.1004254562882173E-16
   9.253E-17
   1.4615545764698628E-16
   -0.8507    -0.5246    0.03406
   -0.5213    0.8502    0.07348
   0.06751    -0.04475    0.9967
 Node:         44
  0.1259E+03  0.1220E+03  0.5059E+03 -0.1820E-03
  -2.22E-16
   1.388E-16
  -2.22E-16
   9.714E-17
   1.11E-16
  -1.11E-16
   5.081E-17
   -2.445E-16
   -3.614E-16
   3.679610646522265E-16
   -1.8503E-16
   1.7345850935214064E-16
   -0.5113    -0.534    -0.6733
   -0.5198    -0.4318    0.7372
   -0.6844    0.7269    -0.05679
 Node:         45
  0.1261E+03  0.1221E+03  0.5198E+03 -0.1820E-03
  -5.551E-17
  -8.327E-17
  -2.776E-16
   2.776E-17
  -6.939E-18
   1.11E-16
   1.167E-16
   -3.339E-17
   -3.053E-16
   3.7050374910383835E-16
   -7.399666666666666E-17
   1.7465714229757554E-16
   0.1854    -0.05643    0.981
   0.9302    -0.3117    -0.1938
   -0.3167    -0.9485    0.005308
 Node:         46
  0.1117E+03  0.1296E+03  0.4959E+03  0.0000E+00
  -5.551E-17
   2.776E-17
  -1.665E-16
   6.939E-18
  -2.602E-17
   0.0
   4.101E-18
   -4.897E-17
   -1.772E-16
   1.6144583695778595E-16
   -7.402300000000001E-17
   7.610629740479211E-17
   0.04856    -0.1429    0.9886
   0.9724    0.2327    -0.01414
   -0.228    0.962    0.1502
 Node:         47
  0.1107E+03  0.1269E+03  0.5087E+03  0.0000E+00
  -1.665E-16
  -3.123E-17
   1.11E-16
  -2.776E-17
   3.99E-17
   0.0
   1.289E-16
   -1.114E-17
   -1.732E-16
   2.6185783853075704E-16
   -1.8479999999999997E-17
   1.2344096888796688E-16
   -0.1292    0.939    0.3186
   -0.1008    -0.3321    0.9379
   -0.9865    -0.08906    -0.1376
 Node:         48
  0.1125E+03  0.1242E+03  0.5208E+03  0.0000E+00
   1.11E-16
   3.469E-18
   1.11E-16
   0.0
  -1.735E-18
   1.11E-16
   1.149E-16
   1.11E-16
   1.071E-16
   6.75499814951862E-18
   1.1099999999999999E-16
   3.1843366656181307E-18
   -0.6325    -0.7071    0.3162
   0.4472    -4.455E-15    0.8944
   -0.6325    0.7071    0.3162
 Node:         49
  0.1186E+03  0.1311E+03  0.4938E+03  0.0000E+00
  -1.665E-16
  -2.082E-17
   0.0
  -4.163E-17
  -6.072E-18
  -5.551E-17
   2.581E-18
   -4.165E-17
   -1.83E-16
   1.6789358448433935E-16
   -7.402300000000001E-17
   7.914579473772858E-17
   0.1174    -0.9929    0.01965
   -0.3135    -0.01827    0.9494
   -0.9423    -0.1176    -0.3134
 Node:         50
  0.1180E+03  0.1298E+03  0.5075E+03  0.0000E+00
   0.0
  -1.301E-17
   3.331E-16
  -4.163E-17
   1.247E-17
   2.22E-16
   3.354E-16
   2.276E-16
   -7.879E-18
   3.040655120874448E-16
   1.8504033333333332E-16
   1.4333785701466156E-16
   0.05441    -0.9902    -0.1289
   -0.1707    -0.1364    0.9758
   0.9838    0.03109    0.1765
 Node:         51
  0.1192E+03  0.1275E+03  0.5206E+03  0.0000E+00
   0.0
  -3.469E-18
  -5.551E-17
   0.0
   1.475E-17
   1.11E-16
   1.123E-16
   2.087E-19
   -5.702E-17
   1.491791641607165E-16
   1.849623333333333E-17
   7.03237323931892E-17
   -0.002705    0.08758    0.9962
   0.9982    -0.06004    0.007989
   -0.06051    -0.9943    0.08725
 Node:         52
  0.1262E+03  0.1305E+03  0.4920E+03  0.0000E+00
   1.11E-16
  -1.388E-17
   1.11E-16
   1.301E-18
   4.906E-18
   0.0
   1.25E-16
   9.734E-17
   -2.497E-19
   1.1396559238686912E-16
   7.403009999999999E-17
   5.372389546579809E-17
   -0.7047    0.7092    0.02051
   0.7093    0.7034    0.04493
   -0.01744    -0.04621    0.9988
 Node:         53
  0.1258E+03  0.1304E+03  0.5063E+03  0.0000E+00
  -1.665E-16
  -1.735E-18
  -1.11E-16
   2.776E-17
   3.383E-17
  -2.22E-16
   -1.01E-16
   -1.572E-16
   -2.414E-16
   1.2239330047024632E-16
   -1.6653333333333332E-16
   5.769675515620921E-17
   0.09684    0.9526    0.2883
   -0.9346    0.1866    -0.3027
   -0.3422    -0.2402    0.9084
 Node:         54
  0.1265E+03  0.1288E+03  0.5200E+03  0.0000E+00
  -2.22E-16
   2.082E-17
   1.11E-16
   0.0
  -4.337E-18
   1.11E-16
   1.16E-16
   1.073E-16
   -2.233E-16
   3.350347295430729E-16
   0.0
   1.5793688612860518E-16
   -0.04656    -0.7562    0.6527
   -0.04117    -0.6514    -0.7576
   -0.9981    0.06215    8.061E-4
 Node:         55
  0.1382E+03  0.1168E+03  0.4534E+03  0.5590E-02
  -0.04736
  -0.01449
   0.05036
   2.194E-4
   0.02388
   0.01262
   0.06345
   0.001869
   -0.0497
   0.0981185604816948
   0.005206333333333334
   0.0462535329845792
   0.1167    -0.8991    -0.4218
   0.1242    -0.4082    0.9044
   -0.9854    -0.158    0.064
 Node:         56
  0.1314E+03  0.1156E+03  0.4688E+03  0.5590E-02
  -0.04513
  -0.003907
   0.02767
   0.00944
   0.004997
  -0.005912
   0.02849
   -0.004251
   -0.04761
   0.06611802311775512
   -0.007790333333333332
   0.031168335003475708
   -0.03536    0.9903    0.1341
   -0.2344    0.1223    -0.9644
   -0.9715    -0.06554    0.2278
 Node:         57
  0.1285E+03  0.1140E+03  0.4823E+03  0.5590E-02
  -0.009575
   0.003716
   3.911E-4
   0.003343
  -0.002225
  -0.001957
   0.002023
   -8.897E-4
   -0.01227
   0.013082142377684168
   -0.0037122333333333333
   0.006166981058472253
   -0.1925    -0.9165    0.3507
   0.4365    0.2401    0.8671
   -0.8789    0.32    0.3538
 Node:         58
  0.1483E+03  0.1178E+03  0.4534E+03  0.5590E-02
  -0.05187
  -0.03118
   0.08847
  -0.005419
   0.01824
  -0.02537
   0.098
   -0.02821
   -0.05856
   0.1438073715078612
   0.0037433333333333346
   0.06779144505188116
   -0.2066    0.9666    0.152
   -0.01679    -0.1588    0.9872
   0.9783    0.2014    0.04903
 Node:         59
  0.1419E+03  0.1167E+03  0.4694E+03  0.5590E-02
  -0.03793
  -0.02943
   0.06428
  -0.003959
   0.01409
  -0.01814
   0.07446
   -0.02045
   -0.0458
   0.10980209059940525
   0.002736666666666667
   0.05176120190086608
   -0.2554    0.9542    0.1561
   0.03332    -0.1526    0.9877
   0.9663    0.2574    0.007192
 Node:         60
  0.1375E+03  0.1150E+03  0.4832E+03  0.5590E-02
  -0.004022
  -0.007127
   0.01144
  -2.675E-4
   0.002002
  -0.001434
   0.01447
   -0.001632
   -0.00685
   0.01924895228317635
   0.001996
   0.009074043126780182
   -0.3585    0.9255    0.1225
   0.1297    -0.08059    0.9883
   0.9245    0.3701    -0.09114
 Node:         61
  0.1554E+03  0.1222E+03  0.4530E+03  0.5590E-02
  -0.01347
  -0.02853
   0.04447
  -0.01789
   0.0209
  -0.07669
   0.06114
   -0.02394
   -0.08289
   0.12541600735153385
   -0.015230000000000002
   0.05912167284507433
   -0.3897    0.9017    0.1873
   0.8981    0.4171    -0.1393
   0.2037    -0.114    0.9724
 Node:         62
  0.1492E+03  0.1204E+03  0.4697E+03  0.5590E-02
   0.01824
  -0.04999
   0.05499
  -0.01608
   0.01932
  -0.04928
   0.09424
   -0.01653
   -0.05377
   0.13334873565204883
   0.007980000000000001
   0.06286119682814405
   -0.5665    0.806    0.172
   0.8114    0.582    -0.0549
   -0.1443    0.1084    -0.9836
 Node:         63
  0.1436E+03  0.1181E+03  0.4838E+03  0.5590E-02
   0.01152
  -0.01744
   0.01927
  -0.0024
   0.004209
  -0.006046
   0.03384
   -0.002344
   -0.006754
   0.03857850950982943
   0.008247333333333334
   0.018186083788313403
   -0.6194    0.776    0.1192
   0.7826    0.5981    0.1726
   -0.06264    -0.2002    0.9778
 Node:         64
  0.1413E+03  0.1253E+03  0.4523E+03  0.5590E-02
  -0.04868
   0.002569
   0.05925
  -0.01119
   0.008703
  -0.01975
   0.06021
   -0.01664
   -0.05275
   0.09992451200781519
   -0.0030600000000000002
   0.04710486669832181
   0.01251    0.9942    0.1065
   0.3351    0.09615    -0.9373
   0.9421    -0.0474    0.3319
 Node:         65
  0.1341E+03  0.1229E+03  0.4683E+03  0.5590E-02
  -0.02666
  -0.009046
   0.0478
  -0.006426
   0.004644
  -0.01318
   0.04935
   -0.01156
   -0.02983
   0.07180979529284288
   0.0026533333333333326
   0.033851462138124684
   0.1249    -0.9884    -0.08625
   -0.3254    -0.1229    0.9375
   -0.9373    -0.08906    -0.337
 Node:         66
  0.1299E+03  0.1214E+03  0.4825E+03  0.5590E-02
   4.939E-4
  -0.003907
   0.009111
   4.165E-4
  -2.395E-4
  -0.001702
   0.01063
   -9.014E-4
   -0.001825
   0.012019842925762384
   0.0026345333333333333
   0.005666208294402488
   -0.3606    0.9322    -0.03028
   0.8702    0.3479    0.3488
   0.3357    0.09944    -0.9367
 Node:         67
  0.1500E+03  0.1245E+03  0.4525E+03  0.5590E-02
  -0.04493
  -0.01967
   0.05387
  -0.01002
   0.006988
  -0.02304
   0.05859
   -0.02135
   -0.05133
   0.0984164884559493
   -0.004696666666666666
   0.04639397757851288
   -0.1957    0.9748    0.1075
   -0.2709    -0.159    0.9494
   0.9425    0.1567    0.2952
 Node:         68
  0.1433E+03  0.1224E+03  0.4689E+03  0.5590E-02
  -0.01257
  -0.03757
   0.05347
  -0.01474
   0.01118
  -0.01395
   0.07352
   -0.01256
   -0.03401
   0.09857121740143011
   0.008983333333333334
   0.046466917502909766
   -0.4194    0.8889    0.1843
   -0.3428    -0.3431    0.8745
   0.8406    0.3036    0.4486
 Node:         69
  0.1380E+03  0.1205E+03  0.4831E+03  0.5590E-02
   0.006318
  -0.01255
   0.01468
  -0.00393
   0.003854
  -4.407E-4
   0.02489
   -0.001092
   -0.003237
   0.027118199405565258
   0.006853666666666667
   0.012783641795496131
   -0.5775    0.789    0.2097
   -0.2867    -0.4365    0.8528
   0.7644    0.4324    0.4782
 Node:         70
  0.1556E+03  0.1243E+03  0.4528E+03  0.5590E-02
  -0.0327
  -0.0244
   0.009196
  -0.02562
   0.01795
   0.002363
   0.0409
   -0.01218
   -0.04986
   0.07897672568548282
   -0.007046666666666667
   0.03722998552540979
   -0.4321    0.6727    0.6006
   -0.07605    -0.6908    0.719
   -0.8986    -0.265    -0.3496
 Node:         71
  0.1494E+03  0.1223E+03  0.4695E+03  0.5590E-02
   0.01121
  -0.04644
   0.03463
  -0.03892
   0.02605
   0.001572
   0.09291
   -0.009322
   -0.03617
   0.11797000323811134
   0.015806000000000004
   0.05561159284417833
   -0.5933    0.6713    0.4442
   -0.2698    -0.6857    0.676
   0.7585    0.2812    0.5879
 Node:         72
  0.1435E+03  0.1199E+03  0.4837E+03  0.5590E-02
   0.01489
  -0.01777
   0.01284
  -0.01062
   0.007079
   0.002302
   0.03634
   -9.89E-4
   -0.005312
   0.0396675665626214
   0.010013
   0.018699470206398894
   -0.6944    0.6301    0.3477
   -0.1688    -0.6122    0.7725
   0.6996    0.4777    0.5314
 Node:         73
  0.1445E+03  0.1339E+03  0.4517E+03  0.0000E+00
   0.02716
  -0.007878
  -0.04468
   0.001251
  -0.001958
   0.03225
   0.03274
   0.02757
   -0.04558
   0.07586723205706136
   0.00491
   0.03576415617160101
   0.2903    -0.0537    0.9554
   0.9509    -0.09572    -0.2943
   -0.1073    -0.994    -0.02328
 Node:         74
  0.1368E+03  0.1304E+03  0.4680E+03  0.0000E+00
   0.05706
  -9.207E-4
  -0.01966
   0.003471
  -0.003687
   0.02568
   0.05746
   0.02558
   -0.01996
   0.06739466744483572
   0.021026666666666666
   0.031770150910703725
   -0.9937    0.01715    -0.1105
   0.1115    0.07848    -0.9907
   0.008314    0.9968    0.0799
 Node:         75
  0.1313E+03  0.1288E+03  0.4826E+03  0.0000E+00
   0.02201
  -3.865E-4
  -0.002001
  -0.00155
  -9.379E-4
   0.001995
   0.02213
   0.002102
   -0.002232
   0.022510124211118875
   0.007333333333333333
   0.010611374316689093
   -0.997    0.01301    0.07614
   0.07116    -0.2286    0.9709
   -0.03004    -0.9734    -0.227
 Node:         76
  0.1516E+03  0.1312E+03  0.4519E+03  0.0000E+00
   0.02554
  -0.01252
  -0.05805
  -0.004341
   0.01227
   0.04553
   0.0485
   0.02565
   -0.06114
   0.10018871243807859
   0.004336666666666665
   0.047229411975542916
   0.2574    -0.1403    -0.9561
   0.9566    -0.1031    0.2726
   0.1368    0.9847    -0.1077
 Node:         77
  0.1446E+03  0.1283E+03  0.4685E+03  0.0000E+00
   0.07785
   0.005134
  -0.02705
  -3.652E-4
   0.009859
   0.02359
   0.0781
   0.02544
   -0.02915
   0.09288623740899402
   0.02479666666666667
   0.04378699223386883
   -0.9988    -0.04897    -0.002165
   -0.01113    0.1835    0.9829
   -0.04774    0.9818    -0.1839
 Node:         78
  0.1384E+03  0.1261E+03  0.4829E+03  0.0000E+00
   0.03266
   0.004991
  -0.001382
  -8.366E-4
   3.029E-4
   0.001331
   0.03339
   0.001362
   -0.002149
   0.033920056205731734
   0.01086766666666667
   0.01599006784086783
   -0.9896    -0.1418    0.02448
   0.007019    0.1223    0.9925
   -0.1438    0.9823    -0.1201
 Node:         79
  0.1558E+03  0.1264E+03  0.4526E+03  0.0000E+00
   0.02216
   0.02244
  -4.731E-4
  -1.882E-4
   0.001317
  -0.129
   0.03598
   -0.01428
   -0.129
   0.14646696965527758
   -0.03576666666666667
   0.0690451916420607
   0.8515    0.5243    0.003214
   -0.5243    0.8514    0.01063
   0.002839    -0.01074    0.9999
 Node:         80
  0.1496E+03  0.1242E+03  0.4694E+03  0.0000E+00
   0.08796
   0.02358
  -0.004804
   0.007314
   3.131E-4
  -0.1028
   0.09387
   -0.01043
   -0.1031
   0.17068010985466348
   -0.006553333333333332
   0.08045937539459828
   0.9719    0.2324    0.03651
   -0.232    0.9726    -0.01507
   -0.03902    0.006178    0.9992
 Node:         81
  0.1433E+03  0.1217E+03  0.4836E+03  0.0000E+00
   0.03686
   0.007445
  -6.951E-4
   0.00394
   9.347E-4
  -0.01176
   0.03861
   -0.002114
   -0.01209
   0.04652125724870298
   0.008135333333333333
   0.02193033097992114
   -0.979    -0.1874    -0.08006
   -0.1893    0.9818    0.01778
   -0.07526    -0.03257    0.9966
 Node:         82
  0.1267E+03  0.1148E+03  0.4566E+03 -0.9377E-02
  -0.01049
  -0.01054
   0.01263
   0.001519
   0.01216
   2.007E-4
   0.02223
   -0.002862
   -0.01702
   0.034428330833777
   7.826666666666664E-4
   0.016229670798331746
   -0.2541    0.8541    0.4538
   0.5314    -0.2688    0.8034
   0.8081    0.4453    -0.3856
 Node:         83
  0.1234E+03  0.1129E+03  0.4722E+03 -0.9377E-02
  -0.02037
  -0.002967
   0.004561
   0.01705
   0.005611
  -0.01403
   0.006347
   -7.744E-4
   -0.03541
   0.03869099491044395
   -0.0099458
   0.018239109914686077
   0.1283    0.9234    0.3618
   -0.6436    0.3551    -0.678
   -0.7545    -0.1458    0.6399
 Node:         84
  0.1187E+03  0.1123E+03  0.4849E+03 -0.9377E-02
  -0.002979
   2.506E-4
   2.451E-4
   0.006851
  -2.909E-4
  -0.01259
   6.055E-4
   2.315E-4
   -0.01616
   0.016581663645424724
   -0.005107666666666667
   0.007816671204689514
   -0.8632    -0.2428    -0.4427
   0.2053    -0.9698    0.1317
   0.4613    -0.02277    -0.887
 Node:         85
  0.1302E+03  0.1161E+03  0.4554E+03 -0.9377E-02
  -0.01318
  -0.01035
   0.01683
   0.003335
   0.01777
   0.003513
   0.03019
   -0.002575
   -0.02046
   0.04449067851808961
   0.0023850000000000004
   0.02097310698648788
   -0.1572    0.831    0.5336
   -0.5806    0.3593    -0.7306
   0.7989    0.4247    -0.4259
 Node:         86
  0.1252E+03  0.1138E+03  0.4705E+03 -0.9377E-02
  -0.0215
   0.007794
   0.04482
   0.03024
   0.01929
  -0.00927
   0.05514
   0.005593
   -0.04669
   0.08819797672849418
   0.004681
   0.04157692495443436
   -0.2409    -0.8929    -0.3804
   0.6072    -0.4444    0.6586
   0.7572    0.07233    -0.6492
 Node:         87
  0.1217E+03  0.1126E+03  0.4834E+03 -0.9377E-02
  -0.005295
   3.944E-5
   0.001136
   0.008357
  -0.001406
  -0.01096
   0.00178
   1.271E-4
   -0.01703
   0.018040430410885433
   -0.005040966666666666
   0.008504340452707404
   -0.4475    0.8083    -0.3827
   0.6815    0.5853    0.4394
   0.5791    -0.06414    -0.8127
 Node:         88
  0.1338E+03  0.1169E+03  0.4537E+03 -0.9377E-02
  -0.0341
  -0.01436
   0.01619
   0.002662
   0.02591
   0.02359
   0.04676
   -0.001569
   -0.03952
   0.07490063097865064
   0.0018903333333333341
   0.03530849605343671
   -0.09459    0.6691    0.7371
   -0.3497    0.6709    -0.6539
   -0.9321    -0.3196    0.1705
 Node:         89
  0.1270E+03  0.1150E+03  0.4688E+03 -0.9377E-02
  -0.03644
  -6.558E-4
   0.008797
   0.01308
   0.007166
  -0.003171
   0.01274
   -0.002407
   -0.04115
   0.04813825795560118
   -0.010272333333333333
   0.022692592423275242
   0.1179    0.8655    0.4868
   -0.3196    0.4972    -0.8066
   -0.9402    -0.06044    0.3352
 Node:         90
  0.1248E+03  0.1132E+03  0.4822E+03 -0.9377E-02
  -0.008731
   0.004508
  -0.001976
   0.004262
  -0.002363
  -0.00262
   3.296E-4
   -4.333E-4
   -0.01322
   0.013184714131523672
   -0.004441233333333333
   0.00621533384693766
   0.3429    0.9099    -0.2336
   -0.4761    -0.04605    -0.8782
   -0.8098    0.4123    0.4174
 Node:         91
  0.1260E+03  0.1263E+03  0.4548E+03 -0.9377E-02
  -0.03712
   0.004723
   0.04919
  -0.006632
   0.01939
  -0.00376
   0.05559
   -0.008032
   -0.03926
   0.08372415830571246
   0.002766
   0.03946794672473686
   0.02643    0.9511    0.3078
   0.2573    0.291    -0.9214
   0.966    -0.1036    0.2371
 Node:         92
  0.1209E+03  0.1234E+03  0.4726E+03 -0.9377E-02
  -0.02401
  -0.004353
   0.02119
  -0.00185
   0.01365
   0.009183
   0.03049
   3.022E-4
   -0.02444
   0.04764863392417457
   0.0021173999999999998
   0.02246178144137281
   0.08516    -0.8356    -0.5426
   0.03311    -0.5419    0.8398
   -0.9958    -0.08948    -0.01848
 Node:         93
  0.1159E+03  0.1217E+03  0.4877E+03 -0.9377E-02
  -0.001688
  -0.001309
   0.001197
   7.808E-4
   0.002471
  -2.187E-5
   0.0032
   -4.405E-4
   -0.003272
   0.005619493593732447
   -1.708333333333333E-4
   0.0026490546846417162
   -0.121    0.8016    0.5855
   0.7252    -0.3314    0.6035
   -0.6778    -0.4977    0.5412
 Node:         94
  0.1314E+03  0.1264E+03  0.4538E+03 -0.9377E-02
  -0.04517
   0.004246
   0.05512
  -0.01308
   0.01713
   0.006182
   0.06052
   0.004585
   -0.04897
   0.0948285883845162
   0.005378333333333332
   0.044702625264692854
   0.001145    0.9538    0.3004
   0.2664    0.2892    -0.9194
   0.9639    -0.08107    0.2538
 Node:         95
  0.1250E+03  0.1235E+03  0.4706E+03 -0.9377E-02
  -0.03041
  -0.005564
   0.02902
  -0.005107
   0.009829
   0.01399
   0.03468
   0.009238
   -0.03132
   0.057655211074108474
   0.004199333333333333
   0.027178927147495886
   0.111    -0.8868    -0.4486
   -0.05049    -0.4558    0.8886
   -0.9925    -0.076    -0.09538
 Node:         96
  0.1205E+03  0.1222E+03  0.4852E+03 -0.9377E-02
  -0.0023
  -0.001658
   0.002026
   9.523E-4
   0.002417
  -7.658E-4
   0.003592
   -6.796E-4
   -0.003952
   0.006552369965134753
   -3.465333333333333E-4
   0.0030888168234598974
   -0.1742    0.8767    0.4483
   -0.6594    0.2343    -0.7144
   -0.7314    -0.4201    0.5373
 Node:         97
  0.1369E+03  0.1260E+03  0.4525E+03 -0.9377E-02
  -0.05594
   0.002075
   0.05584
  -0.01191
   0.01788
   0.004544
   0.06148
   0.001429
   -0.05846
   0.10387111851231794
   0.0014830000000000028
   0.04896531484632769
   -0.01379    0.9532    0.3022
   0.2043    0.2985    -0.9323
   0.9788    -0.04887    0.1988
 Node:         98
  0.1297E+03  0.1233E+03  0.4685E+03 -0.9377E-02
  -0.02987
  -0.005589
   0.0384
  -0.002548
   0.01007
   0.004537
   0.04169
   0.001796
   -0.03041
   0.06255864317582344
   0.004358666666666666
   0.02949042720763619
   0.08448    -0.9602    -0.2662
   -0.02989    -0.2694    0.9626
   -0.996    -0.07336    -0.05146
 Node:         99
  0.1260E+03  0.1218E+03  0.4827E+03 -0.9377E-02
  -0.001389
  -0.001941
   0.005842
   9.409E-4
   6.658E-4
  -0.00117
   0.006354
   -4.087E-4
   -0.002662
   0.008127106747791615
   0.0010944333333333335
   0.0038311548618602657
   -0.2364    0.97    0.05629
   -0.5843    -0.09562    -0.8059
   -0.7764    -0.2234    0.5894
 Node:        100
  0.1253E+03  0.1376E+03  0.4530E+03  0.0000E+00
   0.02439
   0.002626
   0.008544
  -0.003948
  -0.00111
  -0.003097
   0.0254
   0.008138
   -0.003697
   0.025344420273503986
   0.009947
   0.011947474293757657
   -0.9767    -0.1615    0.1416
   -0.1684    0.985    -0.03812
   -0.1333    -0.06108    -0.9892
 Node:        101
  0.1189E+03  0.1338E+03  0.4715E+03  0.0000E+00
   0.03145
   0.005303
   0.01449
  -0.002063
  -0.001114
  -0.004629
   0.03311
   0.01298
   -0.004782
   0.03283678735808362
   0.013769333333333333
   0.015479410008854414
   -0.959    -0.2767    0.06059
   -0.2788    0.9599    -0.02806
   0.0504    0.0438    0.9978
 Node:        102
  0.1139E+03  0.1312E+03  0.4875E+03  0.0000E+00
   0.0117
   0.002513
  -1.466E-4
   0.001079
  -0.001097
  -6.325E-4
   0.01226
   6.152E-4
   -0.00196
   0.013123288880459806
   0.0036384
   0.00618637770589543
   -0.9791    -0.1925    -0.06553
   0.09201    -0.7069    0.7013
   -0.1813    0.6806    0.7098
 Node:        103
  0.1327E+03  0.1367E+03  0.4524E+03  0.0000E+00
   0.02723
  -0.001235
   0.004475
  -0.004585
  -0.002128
  -0.00928
   0.02783
   0.004785
   -0.0102
   0.033180590335315015
   0.0074716666666666655
   0.01564148028658271
   -0.9919    0.0415    0.1202
   -0.02233    -0.9874    0.1567
   0.1251    0.1527    0.9803
 Node:        104
  0.1252E+03  0.1332E+03  0.4699E+03  0.0000E+00
   0.03769
   0.004338
   0.002525
  -0.002912
  -0.002202
  -0.002947
   0.03846
   0.002577
   -0.003768
   0.03944016162492238
   0.012423000000000002
   0.018592270490717374
   -0.9893    -0.1241    0.07619
   -0.1415    0.943    -0.3013
   0.03446    0.3088    0.9505
 Node:        105
  0.1201E+03  0.1317E+03  0.4853E+03  0.0000E+00
   0.01346
   0.001637
  -0.002484
   2.307E-4
  -0.00127
  -5.186E-4
   0.01363
   8.549E-5
   -0.003255
   0.015487347248321773
   0.00348683
   0.007300805507919428
   -0.9949    -0.1005    -0.007205
   0.0363    -0.424    0.9049
   -0.09404    0.9001    0.4255
 Node:        106
  0.1401E+03  0.1351E+03  0.4517E+03  0.0000E+00
   0.02808
  -0.001786
  -0.01684
  -8.775E-4
  -0.007257
   0.003112
   0.02816
   0.005469
   -0.01929
   0.041105912360632504
   0.004779666666666666
   0.019377512918042114
   -0.9991    0.03568    0.02466
   0.01239    -0.3102    0.9506
   0.04156    0.95    0.3094
 Node:        107
  0.1323E+03  0.1316E+03  0.4683E+03  0.0000E+00
   0.04951
   0.002323
  -0.004961
  -2.587E-5
  -0.007846
   0.007659
   0.04961
   0.01139
   -0.008794
   0.05137698644334835
   0.017402
   0.02421934367401396
   -0.999    -0.04379    0.008806
   0.02678    -0.4294    0.9027
   -0.03575    0.9021    0.4301
 Node:        108
  0.1273E+03  0.1304E+03  0.4831E+03  0.0000E+00
   0.01766
   3.883E-4
  -0.001815
  -0.001478
  -0.001387
   6.018E-4
   0.0178
   0.001096
   -0.00245
   0.018730459577917462
   0.005482
   0.00882962332152397
   -0.9958    -0.02591    0.08767
   -0.09045    0.4184    -0.9037
   0.01326    0.9079    0.419
 Node:        109
  0.1018E+03  0.1092E+03  0.4946E+03 -0.4034E-04
   0.0
   1.388E-16
   1.11E-16
   5.551E-17
  -1.388E-17
   0.0
   2.069E-16
   2.266E-17
   -1.186E-16
   2.827092280064448E-16
   3.698666666666666E-17
   1.3327040815158061E-16
   -0.5724    -0.814    -0.09897
   0.2904    -0.3141    0.9039
   0.7668    -0.4887    -0.4162
 Node:        110
  0.1058E+03  0.1118E+03  0.5081E+03 -0.4034E-04
   0.0
   2.776E-17
   0.0
  -1.388E-17
  -5.204E-17
   2.22E-16
   2.353E-16
   1.788E-17
   -3.112E-17
   2.456135916434593E-16
   7.402E-17
   1.157833574684491E-16
   -0.08376    -0.2246    0.9708
   0.7726    0.6007    0.2056
   0.6293    -0.7673    -0.1232
 Node:        111
  0.1108E+03  0.1137E+03  0.5210E+03 -0.4034E-04
   0.0
   5.551E-17
  -1.11E-16
  -2.776E-17
   3.261E-16
  -2.22E-16
   1.68E-16
   2.779E-18
   -5.038E-16
   6.063148942925615E-16
   -1.1100700000000001E-16
   2.8581958219244996E-16
   0.1486    0.7638    0.6281
   0.9825    -0.0417    -0.1818
   0.1126    -0.6441    0.7566
 Node:        112
  0.1072E+03  0.1111E+03  0.4942E+03 -0.4034E-04
   0.0
