 Group name: gastroc_Strain
 #Fields=  16
 1) coordinates, coordinate, rectangular cartesian, #Components=3
   x.  Value index= 1, #Derivatives=0
   y.  Value index= 2, #Derivatives=0
   z.  Value index= 3, #Derivatives=0
 2) Tensor_1, field, rectangular cartesian, #Components=1
   Tensor_1.  Value index= 4, #Derivatives=0
 3) Tensor_2, field, rectangular cartesian, #Components=1
   Tensor_2.  Value index= 5, #Derivatives=0
 4) Tensor_3, field, rectangular cartesian, #Components=1
   Tensor_3.  Value index= 6, #Derivatives=0
 5) Tensor_4, field, rectangular cartesian, #Components=1
   Tensor_4.  Value index= 7, #Derivatives=0
 6) Tensor_5, field, rectangular cartesian, #Components=1
   Tensor_5.  Value index= 8, #Derivatives=0
 7) Tensor_6, field, rectangular cartesian, #Components=1
   Tensor_6.  Value index= 9, #Derivatives=0
 8) Principal_1, field, rectangular cartesian, #Components=1
   Principal_1.  Value index= 10, #Derivatives=0
 9) Principal_2, field, rectangular cartesian, #Components=1
   Principal_2.  Value index= 11, #Derivatives=0
 10) Principal_3, field, rectangular cartesian, #Components=1
   Principal_3.  Value index= 12, #Derivatives=0
 11) VonMises, field, rectangular cartesian, #Components=1
   VonMises.  Value index= 13, #Derivatives=0
 12) Hydrostatic, field, rectangular cartesian, #Components=1
   VonMises.  Value index= 14, #Derivatives=0
 13) Octahedral, field, rectangular cartesian, #Components=1
   VonMises.  Value index= 15, #Derivatives=0
 14) PrincipalVector1, field, rectangular cartesian, #Components=3
   x.  Value index= 16, #Derivatives=0
   y.  Value index= 17, #Derivatives=0
   z.  Value index= 18, #Derivatives=0
 15) PrincipalVector2, field, rectangular cartesian, #Components=3
   x.  Value index= 19, #Derivatives=0
   y.  Value index= 20, #Derivatives=0
   z.  Value index= 21, #Derivatives=0
 16) PrincipalVector3, field, rectangular cartesian, #Components=3
   x.  Value index= 22, #Derivatives=0
   y.  Value index= 23, #Derivatives=0
   z.  Value index= 24, #Derivatives=0
 Node:          1
  0.1287E+03  0.1133E+03  0.4908E+03 -0.8793E-01
  -1.11E-16
  -8.327E-17
  -2.22E-16
  -2.776E-17
  -4.163E-17
  -3.331E-16
   -6.637E-17
   -2.4E-16
   -3.598E-16
   2.5553921597281306E-16
   -2.2205666666666663E-16
   1.204623416489799E-16
   0.8837    -0.4676    -0.01897
   0.4046    0.7837    -0.4712
   0.2352    0.4088    0.8818
 Node:          2
  0.1292E+03  0.1137E+03  0.5052E+03 -0.8793E-01
  -5.551E-17
  -1.11E-16
  -1.665E-16
  -5.551E-17
   1.943E-16
  -2.776E-16
   8.603E-17
   -1.6E-16
   -4.256E-16
   4.4319260925696854E-16
   -1.6652333333333334E-16
   2.089229995849082E-16
   -0.6554    0.6199    0.4313
   0.7522    0.4849    0.4462
   -0.06744    -0.6169    0.7841
 Node:          3
  0.1289E+03  0.1155E+03  0.5194E+03 -0.8793E-01
   2.22E-16
   1.388E-16
   3.331E-16
   1.11E-16
   5.551E-17
   2.22E-16
   4.753E-16
   2.118E-16
   9.006E-17
   3.4107384479024473E-16
   2.590533333333333E-16
   1.6078375235770005E-16
   -0.5696    -0.7144    -0.4063
   0.2395    -0.6172    0.7494
   -0.7862    0.3296    0.5227
 Node:          4
  0.1361E+03  0.1141E+03  0.4915E+03 -0.8793E-01
   0.0
  -2.776E-17
  -1.11E-16
  -2.776E-17
  -8.327E-17
   2.22E-16
   2.435E-16
   6.328E-18
   -1.388E-16
   3.3426485304919515E-16
   3.700933333333334E-17
   1.5757396286894045E-16
   -0.08549    -0.2215    0.9714
   0.9681    -0.2491    0.0284
   0.2357    0.9428    0.2357
 Node:          5
  0.1341E+03  0.1144E+03  0.5054E+03 -0.8793E-01
   3.331E-16
   1.388E-16
   3.331E-16
   5.551E-17
  -6.939E-17
   4.441E-16
   4.814E-16
   4.627E-16
   1.662E-16
   3.062784517395894E-16
   3.7010000000000004E-16
   1.4438104677092028E-16
   -0.348    -0.6443    0.681
   -0.6589    -0.3487    -0.6665
   0.6669    -0.6807    -0.3032
 Node:          6
  0.1323E+03  0.1162E+03  0.5191E+03 -0.8793E-01
   2.22E-16
   5.551E-17
   2.22E-16
  -5.551E-17
  -2.776E-17
   0.0
   2.897E-16
   1.685E-16
   -1.402E-17
   2.648101478418076E-16
   1.4806E-16
   1.2483270084396958E-16
   -0.715    -0.6696    0.2012
   0.6656    -0.7399    -0.09741
   -0.2141    -0.06426    -0.9747
 Node:          7
  0.1408E+03  0.1171E+03  0.4920E+03 -0.8793E-01
   3.331E-16
   2.22E-16
   2.22E-16
  -8.327E-17
  -1.11E-16
   0.0
   5.398E-16
   6.158E-17
   -4.631E-17
   5.403052621435404E-16
   1.8502333333333335E-16
   2.5470234318164845E-16
   -0.7537    -0.6111    0.2419
   -0.656    0.677    -0.3335
   -0.04004    0.4101    0.9112
 Node:          8
  0.1367E+03  0.1169E+03  0.5055E+03 -0.8793E-01
   2.22E-16
   1.943E-16
   2.22E-16
  -4.025E-16
  -2.359E-16
  -2.22E-16
   6.547E-16
   4.477E-17
   -4.775E-16
   9.814930967154074E-16
   7.399000000000001E-17
   4.626802829168323E-16
   -0.6847    -0.5611    0.4652
   0.5685    -0.8105    -0.1409
   -0.4561    -0.1681    -0.8739
 Node:          9
  0.1339E+03  0.1180E+03  0.5191E+03 -0.8793E-01
   2.22E-16
   1.665E-16
   0.0
  -3.955E-16
  -2.776E-16
   6.661E-16
   1.002E-15
   -9.379E-18
   -1.046E-16
   1.062195387036208E-15
   2.96007E-16
   5.007237074122481E-16
   -0.4817    -0.3073    0.8207
   -0.8565    -0.03292    -0.515
   -0.1853    0.951    0.2474
 Node:         10
  0.1294E+03  0.1212E+03  0.4911E+03 -0.8793E-01
   0.0
   2.776E-17
   1.11E-16
  -1.388E-17
   1.249E-16
   1.11E-16
   2.363E-16
   2.303E-17
   -3.732E-17
   2.48992088026909E-16
   7.400333333333333E-17
   1.173759959370834E-16
   0.0421    0.71    0.703
   -0.7813    -0.4152    0.4661
   -0.6228    0.5688    -0.5372
 Node:         11
  0.1295E+03  0.1214E+03  0.5055E+03 -0.8793E-01
  -2.22E-16
  -2.776E-17
  -2.22E-16
  -4.163E-17
   1.388E-17
  -1.665E-16
   -1.365E-16
   -2.183E-16
   -2.558E-16
   1.0566451627675205E-16
   -2.035333333333333E-16
   4.9810730660058464E-17
   -0.4935    0.2929    0.8189
   0.3541    -0.7924    0.4968
   -0.7944    -0.5351    -0.2873
 Node:         12
  0.1295E+03  0.1217E+03  0.5196E+03 -0.8793E-01
   1.11E-16
   0.0
   1.11E-16
   7.633E-17
   2.776E-17
   2.22E-16
   2.649E-16
   1.11E-16
   6.816E-17
   1.792025435087348E-16
   1.4801999999999999E-16
   8.447688914726913E-17
   -0.4387    -0.1595    -0.8844
   0.3417    -0.9398    -2.255E-17
   0.8311    0.3022    -0.4668
 Node:         13
  0.1361E+03  0.1199E+03  0.4914E+03 -0.8793E-01
   1.11E-16
  -1.388E-16
   0.0
  -9.714E-17
   2.776E-17
  -1.665E-16
   2.285E-16
   -8.52E-17
   -1.988E-16
   3.833392361864358E-16
   -1.849999999999999E-17
   1.807078489348669E-16
   0.8171    -0.5252    -0.2378
   0.4648    0.8442    -0.2671
   0.341    0.1077    0.9339
 Node:         14
  0.1342E+03  0.1198E+03  0.5054E+03 -0.8793E-01
  -5.551E-17
   2.776E-17
   0.0
   5.551E-17
  -9.021E-17
   1.11E-16
   1.672E-16
   -4.94E-18
   -1.068E-16
   2.398787602102362E-16
   1.8486666666666665E-17
   1.130799320048532E-16
   0.1634    -0.4472    0.8794
   -0.6569    -0.7144    -0.2412
   -0.7361    0.5382    0.4105
 Node:         15
  0.1330E+03  0.1205E+03  0.5193E+03 -0.8793E-01
   2.22E-16
  -8.327E-17
  -5.551E-17
   1.388E-17
   4.857E-17
   0.0
   2.451E-16
   2.471E-17
   -1.033E-16
   3.0523832672192397E-16
   5.550333333333333E-17
   1.438907271354049E-16
   -0.9638    0.2667    -0.001723
   0.1157    0.4239    0.8983
   0.2403    0.8656    -0.4394
 Node:         16
  0.1404E+03  0.1188E+03  0.4918E+03 -0.8793E-01
   2.22E-16
   5.551E-17
   2.22E-16
  -8.327E-17
  -1.457E-16
   4.441E-16
   5.466E-16
   1.95E-16
   1.465E-16
   3.7818964819254375E-16
   2.9603333333333337E-16
   1.7828030987433498E-16
   -0.2927    -0.4328    0.8526
   -0.9222    -0.1077    -0.3713
   -0.2526    0.895    0.3676
 Node:         17
  0.1365E+03  0.1184E+03  0.5055E+03 -0.8793E-01
  -1.11E-16
   2.776E-17
  -1.11E-16
   9.714E-17
   1.7E-16
   0.0
   1.573E-16
   -1.341E-16
   -2.452E-16
   3.600440389730123E-16
   -7.400000000000001E-17
   1.697263876557404E-16
   0.3368    0.5285    0.7792
   0.8927    -0.4425    -0.08566
   -0.2996    -0.7244    0.6209
 Node:         18
  0.1341E+03  0.1191E+03  0.5192E+03 -0.8793E-01
   0.0
   0.0
   0.0
   2.645E-17
   1.065E-16
   4.441E-16
   4.697E-16
   -1.672E-33
   -2.562E-17
   4.830198633596759E-16
   1.4802666666666666E-16
   2.2769774721961763E-16
   -0.05484    -0.2207    -0.9738
   0.9705    -0.2411    -6.21E-17
   -0.2348    -0.9451    0.2274
 Node:         19
  0.1301E+03  0.1291E+03  0.4914E+03  0.0000E+00
   1.11E-16
   0.0
   1.11E-16
   2.101E-19
   1.001E-17
  -2.22E-16
   1.113E-16
   1.11E-16
   -2.223E-16
   3.3345010121455954E-16
   0.0
   1.5718988517077046E-16
   -0.02096    -0.9993    -0.03003
   0.9998    -0.02097    1.345E-19
   6.298E-4    0.03003    -0.9995
 Node:         20
  0.1299E+03  0.1291E+03  0.5058E+03  0.0000E+00
   2.22E-16
   0.0
   0.0
   1.041E-17
   1.924E-17
  -5.551E-17
   2.224E-16
   5.975E-18
   -6.188E-17
   2.5715676157744715E-16
   5.549833333333335E-17
   1.2122485995959007E-16
   -0.9993    -0.003257    -0.03765
   0.01428    -0.9549    -0.2965
   -0.03498    -0.2968    0.9543
 Node:         21
  0.1301E+03  0.1280E+03  0.5197E+03  0.0000E+00
   1.11E-16
   0.0
   0.0
   4.163E-17
   1.475E-17
   1.11E-16
   1.534E-16
   7.089E-17
   -2.22E-18
   1.3485280234388901E-16
   7.402333333333333E-17
   6.357022066624871E-17
   -0.6994    -0.0684    -0.7114
   -0.7126    0.1429    0.6869
   -0.05465    -0.9874    0.1487
 Node:         22
  0.1360E+03  0.1256E+03  0.4913E+03  0.0000E+00
  -2.22E-16
   1.388E-17
  -1.11E-16
  -1.388E-17
   1.006E-16
   1.11E-16
   1.5E-16
   -1.456E-16
   -2.264E-16
   3.432090907886911E-16
   -7.4E-17
   1.617903169743686E-16
   -0.02144    0.3586    0.9332
   0.228    0.9106    -0.3447
   -0.9734    0.2054    -0.1013
 Node:         23
  0.1343E+03  0.1253E+03  0.5054E+03  0.0000E+00
   0.0
   2.082E-17
  -4.441E-16
   0.0
   1.314E-16
  -1.665E-16
   1.265E-18
   -1.147E-16
   -4.972E-16
   4.517861703560657E-16
   -2.0354499999999996E-16
   2.1297404313671653E-16
   0.997    0.06061    0.04746
   0.06644    -0.3661    -0.9282
   0.03888    -0.9286    0.369
 Node:         24
  0.1336E+03  0.1248E+03  0.5194E+03  0.0000E+00
  -2.22E-16
   1.214E-17
   0.0
   1.388E-17
   8.674E-19
  -1.665E-16
   6.779E-19
   -1.633E-16
   -2.259E-16
   2.026635838733984E-16
   -1.2950736666666666E-16
   9.553652963763242E-17
   -0.05504    -0.9984    -0.009747
   0.2257    -0.02195    0.974
   -0.9726    0.05141    0.2265
 Node:         25
  0.1400E+03  0.1206E+03  0.4917E+03  0.0000E+00
   0.0
   2.671E-16
  -1.11E-16
  -8.327E-17
  -1.301E-16
   2.22E-16
   3.681E-16
   7.58E-17
   -3.329E-16
   6.098671904603493E-16
   3.699999999999999E-17
   2.8749415066513385E-16
   0.5089    0.4781    -0.7159
   0.6086    0.3883    0.692
   0.6088    -0.7878    -0.09334
 Node:         26
  0.1363E+03  0.1200E+03  0.5055E+03  0.0000E+00
   2.22E-16
   1.076E-16
  -6.106E-16
   2.776E-17
  -1.124E-15
  -5.551E-17
   8.281E-16
   2.248E-16
   -1.497E-15
   2.089815319591662E-15
   -1.4803333333333336E-16
   9.851483892738641E-16
   0.07371    0.6174    -0.7832
   0.9955    0.001018    0.09449
   -0.05914    0.7866    0.6146
 Node:         27
  0.1343E+03  0.1203E+03  0.5192E+03  0.0000E+00
   2.22E-16
  -1.943E-16
   2.22E-16
  -1.041E-16
   1.313E-15
   0.0
   1.466E-15
   1.875E-16
   -1.209E-15
   2.3173691440942246E-15
   1.4816666666666667E-16
   1.0924182908676612E-15
   -0.1693    0.728    0.6643
   0.9848    0.09849    0.1431
   0.03876    0.6785    -0.7336
 Node:         28
  0.1155E+03  0.1124E+03  0.4931E+03 -0.5255E+00
  -2.22E-16
   3.816E-17
   2.22E-16
  -5.551E-17
   5.551E-17
   1.11E-16
   2.455E-16
   1.014E-16
   -2.359E-16
   4.279497984577163E-16
   3.699999999999999E-17
   2.0173746966457835E-16
   0.03184    0.9284    0.3701
   0.1988    0.3571    -0.9127
   0.9795    -0.1026    0.1732
 Node:         29
  0.1119E+03  0.1139E+03  0.5068E+03 -0.5255E+00
  -2.22E-16
  -2.082E-17
   0.0
   5.551E-17
   6.939E-18
  -3.331E-16
   1.944E-18
   -2.004E-16
   -3.566E-16
   3.113642033631998E-16
   -1.8501866666666668E-16
   1.4677849307791052E-16
   -0.09118    0.9958    0.005517
   -0.9179    -0.08189    -0.3884
   -0.3863    -0.04048    0.9215
 Node:         30
  0.1113E+03  0.1159E+03  0.5206E+03 -0.5255E+00
   2.22E-16
   1.249E-16
   2.22E-16
   0.0
  -2.776E-17
   1.11E-16
   3.486E-16
   1.238E-16
   8.277E-17
   2.4787505905193444E-16
   1.8505666666666664E-16
   1.1684942342842583E-16
   -0.7001    -0.7092    0.08287
   -0.4685    0.3686    -0.8029
   -0.5389    0.6009    0.5903
 Node:         31
  0.1203E+03  0.1126E+03  0.4920E+03 -0.5255E+00
  -5.551E-17
   9.714E-17
  -1.11E-16
   2.776E-17
   4.163E-17
  -5.551E-17
   4.114E-17
   -7.661E-17
   -1.866E-16
   1.9726678661143135E-16
   -7.402333333333333E-17
   9.29924550105485E-17
   -0.6956    -0.5654    -0.4433
   0.4358    0.1585    -0.886
   0.5712    -0.8095    0.1362
 Node:         32
  0.1188E+03  0.1134E+03  0.5062E+03 -0.5255E+00
   2.22E-16
  -1.388E-17
  -1.11E-16
  -2.776E-17
   9.714E-17
  -5.551E-17
   2.266E-16
   1.331E-17
   -1.844E-16
   3.5602167644681415E-16
   1.8503333333333345E-17
   1.6783022777663014E-16
   -0.9894    0.07624    0.1236
   0.1445    0.5992    0.7875
   0.01402    -0.797    0.6038
 Node:         33
  0.1183E+03  0.1150E+03  0.5201E+03 -0.5255E+00
   1.11E-16
   5.551E-17
   0.0
   8.327E-17
   0.0
   0.0
   1.7E-16
   0.0
   -5.893E-17
   2.0589037107159722E-16
   3.702333333333333E-17
   9.705765171049398E-17
   -0.8617    -0.2815    -0.4222
   0.0    -0.8321    0.5547
   -0.5074    0.478    0.717
 Node:         34
  0.1255E+03  0.1129E+03  0.4909E+03 -0.5255E+00
   0.0
   0.0
   0.0
   5.551E-17
   9.714E-17
   0.0
   1.119E-16
   3.387E-33
   -1.119E-16
   1.9381648536695736E-16
   0.0
   9.136596740581255E-17
   -0.3508    -0.6139    -0.7071
   0.8682    -0.4961    -4.855E-17
   -0.3508    -0.6139    0.7071
 Node:         35
  0.1260E+03  0.1135E+03  0.5054E+03 -0.5255E+00
   0.0
   1.11E-16
  -1.11E-16
   1.11E-16
   2.498E-16
  -1.11E-16
   2.41E-16
   -1.023E-16
   -3.608E-16
   5.228959647960578E-16
   -7.403333333333333E-17
   2.4649552170824977E-16
   0.5458    0.5925    0.5925
   0.8379    -0.3859    -0.3859
   -4.975E-17    -0.7071    0.7071
 Node:         36
  0.1257E+03  0.1153E+03  0.5196E+03 -0.5255E+00
   0.0
  -5.551E-17
   0.0
  -5.551E-17
   8.327E-17
   0.0
   1.305E-16
   -4.723E-17
   -8.327E-17
   1.982226619234037E-16
   0.0
   9.344305895392481E-17
   -0.5155    0.6059    0.6059
   0.8569    0.3645    0.3645
   -1.256E-16    0.7071    -0.7071
 Node:         37
  0.1132E+03  0.1210E+03  0.4959E+03 -0.5255E+00
  -2.22E-16
   1.388E-16
  -2.22E-16
  -8.327E-17
   1.804E-16
  -2.776E-16
   -4.482E-17
   -1.622E-16
   -5.146E-16
   4.2347200190803645E-16
   -2.4054E-16
   1.9962661612787678E-16
   0.3971    0.7887    0.4693
   -0.7874    0.0301    0.6157
   0.4715    -0.614    0.633
 Node:         38
  0.1111E+03  0.1204E+03  0.5085E+03 -0.5255E+00
  -1.665E-16
   9.714E-17
   0.0
  -2.776E-17
  -8.327E-17
  -2.22E-16
   7.071E-17
   -2.091E-16
   -2.502E-16
   3.0246162913665597E-16
   -1.2953E-16
   1.4258177934084005E-16
   -0.3916    -0.8746    0.2859
   0.9154    -0.3389    0.217
   0.09287    -0.3467    -0.9334
 Node:         39
  0.1119E+03  0.1201E+03  0.5207E+03 -0.5255E+00
  -5.551E-17
  -9.714E-17
  -3.331E-16
  -8.327E-17
  -7.633E-17
  -1.11E-16
   8.934E-18
   -1.105E-16
   -3.981E-16
   3.6239130612640252E-16
   -1.6655533333333335E-16
   1.7083290000335286E-16
   0.851    -0.1281    -0.5092
   0.4076    -0.4503    0.7944
   -0.3311    -0.8836    -0.331
 Node:         40
  0.1191E+03  0.1220E+03  0.4937E+03 -0.5255E+00
   0.0
   8.327E-17
  -2.22E-16
   8.327E-17
  -1.388E-17
  -2.22E-16
   4.872E-17
   -2.082E-16
   -2.846E-16
   3.0244591979393603E-16
   -1.4802666666666666E-16
   1.4257437388566321E-16
   -0.924    -0.2703    -0.2703
   0.0    -0.7071    0.7071
   0.3823    -0.6534    -0.6534
 Node:         41
  0.1182E+03  0.1217E+03  0.5073E+03 -0.5255E+00
   0.0
  -2.776E-17
  -5.551E-17
   5.551E-17
   9.714E-17
   1.11E-16
   1.653E-16
   1.073E-17
   -1.206E-16
   2.478691830381502E-16
   1.8476666666666666E-17
   1.168466534489637E-16
   0.2406    0.3653    0.8993
   -0.8901    0.4526    0.05428
   -0.3871    -0.8135    0.434
 Node:         42
  0.1187E+03  0.1212E+03  0.5204E+03 -0.5255E+00
   0.0
  -5.551E-17
  -1.11E-16
   0.0
   5.551E-17
   1.11E-16
   1.256E-16
   1.887E-17
   -1.444E-16
   2.3552960089975954E-16
   2.3333333333339628E-20
   1.1102971864425409E-16
   0.1113    -0.2517    -0.9614
   0.9295    -0.3159    0.1903
   -0.3516    -0.9148    0.1988
 Node:         43
  0.1258E+03  0.1217E+03  0.4915E+03 -0.5255E+00
   2.22E-16
   1.11E-16
   1.11E-16
  -1.388E-17
   0.0
  -5.551E-17
   2.911E-16
   4.294E-17
   -5.645E-17
   3.1004254562882173E-16
   9.253E-17
   1.4615545764698628E-16
   -0.8507    -0.5246    0.03406
   -0.5213    0.8502    0.07348
   0.06751    -0.04475    0.9967
 Node:         44
  0.1259E+03  0.1220E+03  0.5059E+03 -0.5255E+00
  -2.22E-16
   1.388E-16
  -2.22E-16
   9.714E-17
   1.11E-16
  -1.11E-16
   5.081E-17
   -2.445E-16
   -3.614E-16
   3.679610646522265E-16
   -1.8503E-16
   1.7345850935214064E-16
   -0.5113    -0.534    -0.6733
   -0.5198    -0.4318    0.7372
   -0.6844    0.7269    -0.05679
 Node:         45
  0.1261E+03  0.1221E+03  0.5198E+03 -0.5255E+00
  -5.551E-17
  -8.327E-17
  -2.776E-16
   2.776E-17
  -6.939E-18
   1.11E-16
   1.167E-16
   -3.339E-17
   -3.053E-16
   3.7050374910383835E-16
   -7.399666666666666E-17
   1.7465714229757554E-16
   0.1854    -0.05643    0.981
   0.9302    -0.3117    -0.1938
   -0.3167    -0.9485    0.005308
 Node:         46
  0.1117E+03  0.1296E+03  0.4959E+03  0.0000E+00
  -5.551E-17
   2.776E-17
  -1.665E-16
   6.939E-18
  -2.602E-17
   0.0
   4.101E-18
   -4.897E-17
   -1.772E-16
   1.6144583695778595E-16
   -7.402300000000001E-17
   7.610629740479211E-17
   0.04856    -0.1429    0.9886
   0.9724    0.2327    -0.01414
   -0.228    0.962    0.1502
 Node:         47
  0.1107E+03  0.1269E+03  0.5087E+03  0.0000E+00
  -1.665E-16
  -3.123E-17
   1.11E-16
  -2.776E-17
   3.99E-17
   0.0
   1.289E-16
   -1.114E-17
   -1.732E-16
   2.6185783853075704E-16
   -1.8479999999999997E-17
   1.2344096888796688E-16
   -0.1292    0.939    0.3186
   -0.1008    -0.3321    0.9379
   -0.9865    -0.08906    -0.1376
 Node:         48
  0.1125E+03  0.1242E+03  0.5208E+03  0.0000E+00
   1.11E-16
   3.469E-18
   1.11E-16
   0.0
  -1.735E-18
   1.11E-16
   1.149E-16
   1.11E-16
   1.071E-16
   6.75499814951862E-18
   1.1099999999999999E-16
   3.1843366656181307E-18
   -0.6325    -0.7071    0.3162
   0.4472    -4.455E-15    0.8944
   -0.6325    0.7071    0.3162
 Node:         49
  0.1186E+03  0.1311E+03  0.4938E+03  0.0000E+00
  -1.665E-16
  -2.082E-17
   0.0
  -4.163E-17
  -6.072E-18
  -5.551E-17
   2.581E-18
   -4.165E-17
   -1.83E-16
   1.6789358448433935E-16
   -7.402300000000001E-17
   7.914579473772858E-17
   0.1174    -0.9929    0.01965
   -0.3135    -0.01827    0.9494
   -0.9423    -0.1176    -0.3134
 Node:         50
  0.1180E+03  0.1298E+03  0.5075E+03  0.0000E+00
   0.0
  -1.301E-17
   3.331E-16
  -4.163E-17
   1.247E-17
   2.22E-16
   3.354E-16
   2.276E-16
   -7.879E-18
   3.040655120874448E-16
   1.8504033333333332E-16
   1.4333785701466156E-16
   0.05441    -0.9902    -0.1289
   -0.1707    -0.1364    0.9758
   0.9838    0.03109    0.1765
 Node:         51
  0.1192E+03  0.1275E+03  0.5206E+03  0.0000E+00
   0.0
  -3.469E-18
  -5.551E-17
   0.0
   1.475E-17
   1.11E-16
   1.123E-16
   2.087E-19
   -5.702E-17
   1.491791641607165E-16
   1.849623333333333E-17
   7.03237323931892E-17
   -0.002705    0.08758    0.9962
   0.9982    -0.06004    0.007989
   -0.06051    -0.9943    0.08725
 Node:         52
  0.1262E+03  0.1305E+03  0.4920E+03  0.0000E+00
   1.11E-16
  -1.388E-17
   1.11E-16
   1.301E-18
   4.906E-18
   0.0
   1.25E-16
   9.734E-17
   -2.497E-19
   1.1396559238686912E-16
   7.403009999999999E-17
   5.372389546579809E-17
   -0.7047    0.7092    0.02051
   0.7093    0.7034    0.04493
   -0.01744    -0.04621    0.9988
 Node:         53
  0.1258E+03  0.1304E+03  0.5063E+03  0.0000E+00
  -1.665E-16
  -1.735E-18
  -1.11E-16
   2.776E-17
   3.383E-17
  -2.22E-16
   -1.01E-16
   -1.572E-16
   -2.414E-16
   1.2239330047024632E-16
   -1.6653333333333332E-16
   5.769675515620921E-17
   0.09684    0.9526    0.2883
   -0.9346    0.1866    -0.3027
   -0.3422    -0.2402    0.9084
 Node:         54
  0.1265E+03  0.1288E+03  0.5200E+03  0.0000E+00
  -2.22E-16
   2.082E-17
   1.11E-16
   0.0
  -4.337E-18
   1.11E-16
   1.16E-16
   1.073E-16
   -2.233E-16
   3.350347295430729E-16
   0.0
   1.5793688612860518E-16
   -0.04656    -0.7562    0.6527
   -0.04117    -0.6514    -0.7576
   -0.9981    0.06215    8.061E-4
 Node:         55
  0.1382E+03  0.1167E+03  0.4539E+03 -0.6036E-04
  -0.05693
  -0.009669
   0.05169
   0.002688
   0.01757
   0.03092
   0.06213
   0.02153
   -0.05799
   0.10583148113864797
   0.008556666666666666
   0.04988943865076945
   -0.05986    0.8721    0.4856
   -0.08905    0.4799    -0.8728
   -0.9942    -0.09549    0.04893
 Node:         56
  0.1314E+03  0.1156E+03  0.4690E+03 -0.6036E-04
  -0.05865
   0.002625
   0.02767
   0.01576
   6.656E-4
   0.001687
   0.0278
   0.005485
   -0.06258
   0.08154553283289036
   -0.009765000000000001
   0.03844093282773802
   -0.03926    -0.998    -0.04914
   0.2361    -0.05705    0.97
   -0.9709    0.02649    0.2379
 Node:         57
  0.1285E+03  0.1140E+03  0.4824E+03 -0.6036E-04
  -0.01386
   0.006575
  -0.001276
   0.005199
  -0.003561
  -0.002062
   0.002209
   -4.647E-4
   -0.01894
   0.01994699955858023
   -0.005731899999999999
   0.009403105768131435
   -0.1973    -0.8576    0.475
   0.4801    0.3379    0.8095
   -0.8547    0.3878    0.3451
 Node:         58
  0.1485E+03  0.1176E+03  0.4541E+03 -0.6036E-04
  -0.06168
  -0.02762
   0.0886
  -0.004432
   0.01449
   0.004401
   0.09598
   0.001977
   -0.06664
   0.14140389156243188
   0.010438999999999999
   0.06665843373997521
   0.1747    -0.9712    -0.1621
   0.002556    -0.1642    0.9864
   -0.9846    -0.1727    -0.0262
 Node:         59
  0.1420E+03  0.1166E+03  0.4698E+03 -0.6036E-04
  -0.05709
  -0.02195
   0.06347
   0.006559
   0.006253
  -0.01112
   0.06766
   -0.01032
   -0.06208
   0.11312039073482728
   -0.0015800000000000005
   0.053325463586045514
   -0.1697    0.9834    0.06393
   0.1559    -0.03727    0.9871
   0.9731    0.1774    -0.147
 Node:         60
  0.1375E+03  0.1150E+03  0.4833E+03 -0.6036E-04
  -0.01152
  -0.002959
   0.009144
   0.004885
  -0.001265
  -0.003466
   0.009862
   -0.001679
   -0.01403
   0.0206950422323802
   -0.0019490000000000004
   0.009755736466305351
   -0.17    0.9732    -0.1547
   -0.3833    -0.21    -0.8994
   -0.9078    -0.09364    0.4088
 Node:         61
  0.1556E+03  0.1219E+03  0.4539E+03 -0.6036E-04
  -0.02845
  -0.02693
   0.04988
  -0.0213
   0.02812
  -0.06529
   0.06668
   -0.03353
   -0.07701
   0.1276310514725942
   -0.014619999999999996
   0.06016585465749377
   -0.3147    0.9167    0.2461
   0.8886    0.3757    -0.2633
   0.3338    -0.1359    0.9328
 Node:         62
  0.1494E+03  0.1202E+03  0.4702E+03 -0.6036E-04
  -0.002946
  -0.0379
   0.05127
  -0.006292
   0.01513
  -0.0607
   0.07276
   -0.02239
   -0.06274
   0.12050289415611562
   -0.004123333333333333
   0.05680560907359609
   -0.4524    0.8835    0.1215
   0.8914    0.452    0.0321
   -0.02655    0.1228    -0.9921
 Node:         63
  0.1437E+03  0.1181E+03  0.4839E+03 -0.6036E-04
   0.006843
  -0.01085
   0.01185
   0.001917
  -0.0014
  -0.01075
   0.02065
   -0.001743
   -0.01096
   0.028156630107312203
   0.0026490000000000003
   0.013273162722827844
   0.6224    -0.7793    0.07274
   0.7765    0.6265    0.06781
   -0.09841    0.01427    0.995
 Node:         64
  0.1415E+03  0.1253E+03  0.4528E+03 -0.6036E-04
  -0.04106
   0.009834
   0.04826
  -0.01165
   0.008437
  -0.009458
   0.05021
   -0.006052
   -0.04641
   0.0840523801209698
   -7.50666666666668E-4
   0.03962267197227141
   0.09092    0.9884    0.122
   0.3359    0.08491    -0.9381
   -0.9375    0.1263    -0.3243
 Node:         65
  0.1342E+03  0.1229E+03  0.4685E+03 -0.6036E-04
  -0.03234
   0.00197
   0.04137
  -0.003378
   0.003407
  -0.0070
   0.04165
   -0.006759
   -0.03286
   0.06548447748130849
   6.769999999999993E-4
   0.030869678726327333
   0.02344    0.9974    0.06821
   0.1355    0.06443    -0.9887
   -0.9905    0.03242    -0.1336
 Node:         66
  0.1299E+03  0.1214E+03  0.4825E+03 -0.6036E-04
  -0.003449
  -4.848E-4
   0.006755
   0.001964
  -0.001434
  -0.00166
   0.007056
   -6.848E-4
   -0.004725
   0.010369068465392636
   5.487333333333332E-4
   0.004888025750977814
   -0.07875    0.9807    -0.1791
   -0.5457    -0.1928    -0.8155
   0.8343    -0.03353    -0.5503
 Node:         67
  0.1502E+03  0.1243E+03  0.4531E+03 -0.6036E-04
  -0.04263
  -0.01552
   0.04342
  -0.009942
   0.006032
   0.00439
   0.04752
   0.00452
   -0.04685
   0.08183389823294501
   0.00173
   0.03857686958096349
   0.1859    -0.9663    -0.178
   -0.1369    -0.2049    0.9692
   -0.973    -0.1558    -0.1704
 Node:         68
  0.1434E+03  0.1224E+03  0.4692E+03 -0.6036E-04
  -0.02858
  -0.0279
   0.04517
  -0.006827
   0.007933
   0.001008
   0.05624
   -2.924E-4
   -0.03835
   0.0824365248767802
   0.005865866666666666
   0.038860950505216534
   -0.3203    0.9313    0.1734
   -0.04224    -0.1969    0.9795
   0.9464    0.3064    0.1024
 Node:         69
  0.1380E+03  0.1205E+03  0.4831E+03 -0.6036E-04
  -0.001277
  -0.008364
   0.01213
  -1.07E-4
   0.00166
  -4.893E-4
   0.01629
   -5.502E-4
   -0.005373
   0.019699458176305255
   0.0034555999999999996
   0.00928641364144415
   -0.4286    0.8988    0.09167
   0.1562    -0.02621    0.9874
   0.8899    0.4375    -0.1292
 Node:         70
  0.1558E+03  0.1240E+03  0.4536E+03 -0.6036E-04
  -0.03421
  -0.01914
   3.634E-5
  -0.02274
   0.01537
   0.03875
   0.05314
   -0.002972
   -0.04559
   0.08576847721628267
   0.0015259999999999996
   0.04043164790111825
   -0.3086    0.3655    0.8782
   0.2152    -0.8725    0.4387
   0.9265    0.3244    0.1906
 Node:         71
  0.1496E+03  0.1221E+03  0.4700E+03 -0.6036E-04
  -0.01303
  -0.03936
   0.02677
  -0.02483
   0.02114
   0.01438
   0.06892
   -0.001225
   -0.03958
   0.0952986806047177
   0.009371666666666665
   0.04492422886248454
   -0.4933    0.7115    0.5004
   0.06089    -0.5456    0.8358
   0.8677    0.4428    0.2258
 Node:         72
  0.1435E+03  0.1199E+03  0.4838E+03 -0.6036E-04
   0.003618
  -0.01397
   0.01087
  -0.004308
   0.004489
   0.001089
   0.0234
   -5.657E-4
   -0.007251
   0.027915334617195618
   0.005194433333333334
   0.013159414937940398
   -0.5941    0.7586    0.2674
   0.08749    -0.2695    0.959
   0.7996    0.5932    0.09376
 Node:         73
  0.1447E+03  0.1339E+03  0.4524E+03  0.0000E+00
   0.01522
  -0.008819
  -0.03715
   0.003971
  -0.004391
   0.03217
   0.03363
   0.01541
   -0.03878
   0.06523700100403144
   0.0034199999999999994
   0.030753017196149496
   0.2516    -0.09114    0.9635
   0.955    -0.1383    -0.2625
   -0.1572    -0.9862    -0.05223
 Node:         74
  0.1369E+03  0.1304E+03  0.4683E+03  0.0000E+00
   0.03642
  -0.009938
  -0.01982
   0.0016
  -0.007565
   0.01994
   0.03859
   0.02069
   -0.02273
   0.054616155119158655
   0.012183333333333332
   0.025746302431395637
   -0.9698    0.1856    -0.1585
   -0.1851    -0.1363    0.9732
   0.159    0.9731    0.1666
 Node:         75
  0.1313E+03  0.1289E+03  0.4826E+03  0.0000E+00
   0.01257
  -0.004062
  -0.002885
  -0.002737
  -0.001525
   0.001153
   0.01399
   0.001555
   -0.004707
   0.016483623357745107
   0.003612666666666667
   0.007770454569857688
   -0.96    0.2149    0.1792
   0.08346    -0.3913    0.9165
   0.2671    0.8948    0.3577
 Node:         76
  0.1517E+03  0.1310E+03  0.4526E+03  0.0000E+00
   0.01621
  -0.01241
  -0.05201
  -0.001437
   0.01255
   0.04904
   0.05083
   0.01801
   -0.0556
   0.09440055455345588
   0.004413333333333334
   0.044500848181679514
   0.08797    -0.1311    -0.9875
   0.982    -0.1547    0.108
   0.1669    0.9792    -0.1151
 Node:         77
  0.1447E+03  0.1282E+03  0.4689E+03  0.0000E+00
   0.05365
  -0.002611
  -0.02752
  -0.003001
   0.009035
   0.02081
   0.05407
   0.02208
   -0.0292
   0.07275606984987576
   0.015649999999999997
   0.03429754024221951
   -0.9939    0.04304    0.1014
   0.1073    0.1727    0.9791
   -0.02463    -0.984    0.1763
 Node:         78
  0.1385E+03  0.1261E+03  0.4829E+03  0.0000E+00
   0.02234
   9.269E-4
  -0.002317
  -0.002507
  -3.225E-4
   6.076E-4
   0.02266
   3.394E-4
   -0.002371
   0.023791872703929802
   0.006876133333333333
   0.011215596350717255
   -0.9928    -0.03831    0.1134
   -0.1162    0.07966    -0.99
   -0.02889    0.9961    0.08354
 Node:         79
  0.1560E+03  0.1261E+03  0.4534E+03  0.0000E+00
   0.01757
   0.02588
   0.03602
   0.007868
   1.719E-5
  -0.1337
   0.05438
   -3.685E-4
   -0.1341
   0.16793781995801302
   -0.02669616666666667
   0.07916664753999768
   0.5784    0.8154    0.02427
   0.814    -0.5789    0.04796
   -0.05316    0.007984    0.9986
 Node:         80
  0.1497E+03  0.1240E+03  0.4698E+03  0.0000E+00
   0.05897
   0.02253
   0.01694
   0.003603
  -0.002201
  -0.1106
   0.0688
   0.007249
   -0.1108
   0.15808265559826606
   -0.011583666666666664
   0.07452087850767432
   0.9173    0.398    0.01354
   -0.3975    0.9172    -0.02928
   -0.02407    0.02147    0.9995
 Node:         81
  0.1433E+03  0.1217E+03  0.4837E+03  0.0000E+00
   0.02472
   0.004808
   0.001005
  -0.001041
  -2.92E-4
  -0.01471
   0.02569
   6.755E-5
   -0.01474
   0.035428508160837084
   0.003672516666666667
   0.016701158911900563
   -0.9811    -0.1914    0.02666
   -0.1917    0.9814    -0.005891
   0.02504    0.01089    0.9996
 Node:         82
  0.1267E+03  0.1149E+03  0.4569E+03 -0.2031E-01
  -0.02007
  -0.004592
   0.01618
   0.004306
   0.01334
   0.003903
   0.02478
   -0.002531
   -0.02223
   0.040889371614149315
   6.333333333333885E-6
   0.019275434631214474
   -0.0354    0.8454    0.5329
   -0.3272    0.494    -0.8055
   0.9443    0.2029    -0.2591
 Node:         83
  0.1234E+03  0.1130E+03  0.4723E+03 -0.2031E-01
  -0.02533
   0.001615
   0.007307
   0.0231
   0.00565
  -0.01616
   0.01097
   -7.475E-4
   -0.0444
   0.05054046627456063
   -0.0113925
   0.02382500428471455
   0.3223    0.8338    0.4482
   -0.5524    0.5501    -0.6263
   -0.7688    -0.04569    0.6379
 Node:         84
  0.1187E+03  0.1123E+03  0.4849E+03 -0.2031E-01
  -0.003577
   7.218E-4
   5.081E-4
   0.008739
  -3.693E-4
  -0.01548
   0.00132
   2.558E-4
   -0.02012
   0.020928202828718954
   -0.0061814
   0.009865649425489773
   -0.7692    -0.5069    -0.3891
   0.4352    -0.8614    0.262
   0.468    -0.03218    -0.8832
 Node:         85
  0.1302E+03  0.1161E+03  0.4557E+03 -0.2031E-01
  -0.02294
  -0.003529
   0.02026
   0.006196
   0.01951
   0.009959
   0.0353
   -0.002619
   -0.02541
   0.053117719934123675
   0.0024236666666666677
   0.025039933311057805
   0.01728    0.7902    0.6126
   -0.3279    0.5832    -0.7432
   0.9446    0.188    -0.2692
 Node:         86
  0.1252E+03  0.1138E+03  0.4707E+03 -0.2031E-01
  -0.01787
   0.01383
   0.03841
   0.04318
   0.01949
  -0.008673
   0.05842
   0.01023
   -0.05678
   0.1002089222574517
   0.003956666666666668
   0.047238938975759766
   -0.4164    -0.7656    -0.4904
   0.5316    -0.6426    0.5518
   0.7376    0.03099    -0.6746
 Node:         87
  0.1217E+03  0.1126E+03  0.4834E+03 -0.2031E-01
  -0.006864
   4.292E-4
   0.001376
   0.0112
  -0.001826
  -0.01415
   0.002117
   6.504E-4
   -0.02241
   0.023827575335312656
   -0.0065475333333333335
   0.011232426732555268
   -0.4925    0.7599    -0.4243
   0.645    0.646    0.4082
   0.5843    -0.07261    -0.8083
 Node:         88
  0.1338E+03  0.1169E+03  0.4541E+03 -0.2031E-01
  -0.04049
  -0.00784
   0.01658
   0.005255
   0.02527
   0.0285
   0.04851
   -0.001173
   -0.04274
   0.07912894059065874
   0.0015323333333333324
   0.03730174031984149
   -0.008552    0.6219    0.783
   -0.2327    0.7603    -0.6064
   0.9725    0.1874    -0.1382
 Node:         89
  0.1270E+03  0.1150E+03  0.4690E+03 -0.2031E-01
  -0.04702
   0.005481
   0.009433
   0.01966
   0.006717
  -0.004039
   0.01533
   -0.002186
   -0.05477
   0.0631897828450138
   -0.013875333333333332
   0.029787949300943084
   0.2372    0.8177    0.5244
   -0.269    0.574    -0.7734
   -0.9335    0.04243    0.3562
 Node:         90
  0.1248E+03  0.1132E+03  0.4822E+03 -0.2031E-01
  -0.01192
   0.00673
  -0.003073
   0.006008
  -0.003321
  -0.0035
   5.606E-4
   -3.964E-4
   -0.01866
   0.018760415751256688
   -0.006165266666666666
   0.008843744797061681
   0.45    0.8908    -0.06287
   0.3947    -0.1352    0.9088
   -0.8011    0.4337    0.4125
 Node:         91
  0.1260E+03  0.1264E+03  0.4552E+03 -0.2031E-01
  -0.02647
   0.01554
   0.04079
  -0.00302
   0.01974
   0.001099
   0.05122
   -0.004088
   -0.03172
   0.0731489777372179
   0.005137333333333334
   0.03448275879656705
   0.1704    0.9203    0.3522
   -0.3206    -0.2863    0.9029
   0.9318    -0.2668    0.2462
 Node:         92
  0.1210E+03  0.1235E+03  0.4727E+03 -0.2031E-01
  -0.02881
   0.003159
   0.02288
   0.004228
   0.01408
   0.01088
   0.03259
   0.00168
   -0.02931
   0.05360698741768651
   0.0016533333333333341
   0.025270576214685373
   -0.08078    -0.8289    -0.5535
   0.05694    -0.5582    0.8277
   -0.9951    0.03534    0.09229
 Node:         93
  0.1159E+03  0.1217E+03  0.4877E+03 -0.2031E-01
  -0.004203
  -0.001459
   0.001818
   0.00399
   0.003847
  -0.002045
   0.004302
   -2.303E-4
   -0.008502
   0.011245114054112567
   -0.0014767666666666663
   0.00530099760191943
   0.1295    0.8098    0.5722
   -0.7027    0.4821    -0.5232
   -0.6996    -0.3343    0.6315
 Node:         94
  0.1315E+03  0.1266E+03  0.4543E+03 -0.2031E-01
  -0.03212
   0.01481
   0.04534
  -0.01118
   0.01841
   0.01446
   0.05486
   0.01176
   -0.03894
   0.08132201423968789
   0.009226666666666666
   0.03833556515242153
   0.106    0.9156    0.3879
   0.3371    0.3339    -0.8803
   0.9355    -0.2241    0.2732
 Node:         95
  0.1251E+03  0.1236E+03  0.4708E+03 -0.2031E-01
  -0.04009
   0.001105
   0.02717
   0.001581
   0.009517
   0.02306
   0.0349
   0.01538
   -0.04014
   0.06743330927664755
   0.003379999999999999
   0.031788366844911466
   0.02471    0.7775    0.6283
   0.00964    -0.6287    0.7776
   -0.9996    0.01316    0.02303
 Node:         96
  0.1205E+03  0.1222E+03  0.4852E+03 -0.2031E-01
  -0.007097
  -0.001341
   0.002076
   0.004783
   0.002721
  -0.001389
   0.003743
   1.786E-4
   -0.01033
   0.012672508637203607
   -0.0021361333333333337
   0.005973877861341175
   0.1513    0.808    0.5694
   -0.5264    0.5535    -0.6455
   -0.8367    -0.2021    0.509
 Node:         97
  0.1370E+03  0.1261E+03  0.4531E+03 -0.2031E-01
  -0.04766
   0.01067
   0.04531
  -0.009418
   0.01909
   0.01538
   0.0549
   0.009097
   -0.05097
   0.09196308008652168
   0.004342333333333333
   0.04335181169865402
   0.05514    0.9042    0.4236
   0.223    0.4023    -0.8879
   -0.9733    0.1434    -0.1794
 Node:         98
  0.1297E+03  0.1233E+03  0.4687E+03 -0.2031E-01
  -0.03657
   0.005007
   0.03373
   0.003292
   0.01042
   0.01224
   0.03842
   0.008049
   -0.03706
   0.06578164608004274
   0.0031363333333333334
   0.03100976534720779
   -0.07818    -0.9228    -0.3773
   0.02555    -0.3802    0.9245
   -0.9966    0.06264    0.0533
 Node:         99
  0.1260E+03  0.1218E+03  0.4827E+03 -0.2031E-01
  -0.005418
   9.402E-4
   0.004406
   0.003072
  -1.726E-4
  -0.001289
   0.004498
   3.273E-4
   -0.007127
   0.010200538024535764
   -7.672333333333331E-4
   0.0048085797392669796
   -0.1019    -0.9945    -0.0244
   0.4616    -0.06897    0.8844
   -0.8812    0.07882    0.466
 Node:        100
  0.1254E+03  0.1378E+03  0.4535E+03  0.0000E+00
   0.009603
   4.1E-4
   0.01479
  -0.001716
   8.473E-5
  -0.01187
   0.01482
   0.009708
   -0.01201
   0.024674409496480358
   0.004172666666666667
   0.011631628184490005
   0.07894    0.9969    -0.001912
   0.9937    -0.07884    -0.07935
   -0.07925    0.004364    -0.9968
 Node:        101
  0.1189E+03  0.1340E+03  0.4717E+03  0.0000E+00
   0.0183
   0.001128
   0.01569
  -0.005388
  -0.0034
  -0.01843
   0.01975
   0.01531
   -0.01949
   0.03721915635798318
   0.00519
   0.017545278567181542
   0.9069    0.3887    -0.1626
   -0.3981    0.9169    -0.02883
   0.1379    0.09088    0.9863
 Node:        102
  0.1139E+03  0.1312E+03  0.4875E+03  0.0000E+00
   0.007519
  -4.737E-4
  -0.00218
  -0.001567
  -0.003284
  -0.003136
   0.007744
   5.993E-4
   -0.006141
   0.012026462638282297
   7.341E-4
   0.005669328856810713
   -0.9898    6.416E-5    0.1426
   0.0915    -0.7666    0.6356
   0.1093    0.6421    0.7588
 Node:        103
  0.1328E+03  0.1368E+03  0.4530E+03  0.0000E+00
   0.01294
  -0.002801
   0.0157
  -0.001793
  -8.979E-4
  -0.01844
   0.01745
   0.01133
   -0.01858
   0.03339328824779016
   0.0034000000000000002
   0.015741747044086308
   -0.5293    0.8484    0.005223
   0.8463    0.5285    -0.0669
   0.05952    0.03099    0.9977
 Node:        104
  0.1253E+03  0.1333E+03  0.4702E+03  0.0000E+00
   0.02186
  -0.001185
   0.006903
  -0.006454
  -0.005132
  -0.01726
   0.02291
   0.007947
   -0.01935
   0.037114183124514546
   0.0038356666666666665
   0.017495793710362372
   -0.9875    0.02322    0.1557
   0.008088    -0.9803    0.1975
   0.1572    0.1963    0.9679
 Node:        105
  0.1201E+03  0.1317E+03  0.4854E+03  0.0000E+00
   0.007121
  -0.001662
  -0.003939
  -0.002735
  -0.003333
  -0.002868
   0.007878
   -1.438E-4
   -0.007421
   0.013254552351550767
   1.0439999999999987E-4
   0.006248255899582431
   -0.9717    0.0733    0.2245
   0.115    -0.6835    0.7208
   0.2063    0.7263    0.6557
 Node:        106
  0.1402E+03  0.1352E+03  0.4524E+03  0.0000E+00
   0.01524
  -0.002735
  -0.001743
   0.002161
  -0.007589
  -0.003103
   0.01633
   0.004111
   -0.01005
   0.022866375773174026
   0.003463666666666667
   0.010779312913580759
   -0.9545    0.2261    -0.1944
   0.298    0.7009    -0.648
   0.01023    0.6765    0.7364
 Node:        107
  0.1324E+03  0.1317E+03  0.4686E+03  0.0000E+00
   0.03017
  -0.005498
   6.478E-4
  -0.002965
  -0.01138
  -0.002715
   0.03118
   0.01024
   -0.01333
   0.03856921440734826
   0.009363333333333333
   0.01818170203498256
   -0.9856    0.1661    0.03043
   -0.1033    -0.7354    0.6697
   0.1336    0.6569    0.742
 Node:        108
  0.1273E+03  0.1304E+03  0.4831E+03  0.0000E+00
   0.009046
  -0.00309
  -0.002647
  -0.003394
  -0.002391
  -6.722E-4
   0.01052
   8.273E-4
   -0.005618
   0.014069921275188428
   0.0019097666666666666
   0.006632624496297743
   -0.9516    0.1778    0.2507
   0.09029    -0.6179    0.7811
   0.2938    0.7659    0.5719
 Node:        109
  0.1018E+03  0.1092E+03  0.4946E+03 -0.1181E+00
   0.0
   1.388E-16
   1.11E-16
   5.551E-17
  -1.388E-17
   0.0
   2.069E-16
   2.266E-17
   -1.186E-16
   2.827092280064448E-16
   3.698666666666666E-17
   1.3327040815158061E-16
   -0.5724    -0.814    -0.09897
   0.2904    -0.3141    0.9039
   0.7668    -0.4887    -0.4162
 Node:        110
  0.1058E+03  0.1118E+03  0.5081E+03 -0.1181E+00
   0.0
   2.776E-17
   0.0
  -1.388E-17
  -5.204E-17
   2.22E-16
   2.353E-16
   1.788E-17
   -3.112E-17
   2.456135916434593E-16
   7.402E-17
   1.157833574684491E-16
   -0.08376    -0.2246    0.9708
   0.7726    0.6007    0.2056
   0.6293    -0.7673    -0.1232
 Node:        111
  0.1108E+03  0.1137E+03  0.5210E+03 -0.1181E+00
   0.0
   5.551E-17
  -1.11E-16
  -2.776E-17
   3.261E-16
  -2.22E-16
   1.68E-16
   2.779E-18
   -5.038E-16
   6.063148942925615E-16
   -1.1100700000000001E-16
   2.8581958219244996E-16
   0.1486    0.7638    0.6281
   0.9825    -0.0417    -0.1818
   0.1126    -0.6441    0.7566
 Node:        112
