 Group name: gastroc_Strain
 #Fields=  16
 1) coordinates, coordinate, rectangular cartesian, #Components=3
   x.  Value index= 1, #Derivatives=0
   y.  Value index= 2, #Derivatives=0
   z.  Value index= 3, #Derivatives=0
 2) Tensor_1, field, rectangular cartesian, #Components=1
   Tensor_1.  Value index= 4, #Derivatives=0
 3) Tensor_2, field, rectangular cartesian, #Components=1
   Tensor_2.  Value index= 5, #Derivatives=0
 4) Tensor_3, field, rectangular cartesian, #Components=1
   Tensor_3.  Value index= 6, #Derivatives=0
 5) Tensor_4, field, rectangular cartesian, #Components=1
   Tensor_4.  Value index= 7, #Derivatives=0
 6) Tensor_5, field, rectangular cartesian, #Components=1
   Tensor_5.  Value index= 8, #Derivatives=0
 7) Tensor_6, field, rectangular cartesian, #Components=1
   Tensor_6.  Value index= 9, #Derivatives=0
 8) Principal_1, field, rectangular cartesian, #Components=1
   Principal_1.  Value index= 10, #Derivatives=0
 9) Principal_2, field, rectangular cartesian, #Components=1
   Principal_2.  Value index= 11, #Derivatives=0
 10) Principal_3, field, rectangular cartesian, #Components=1
   Principal_3.  Value index= 12, #Derivatives=0
 11) VonMises, field, rectangular cartesian, #Components=1
   VonMises.  Value index= 13, #Derivatives=0
 12) Hydrostatic, field, rectangular cartesian, #Components=1
   VonMises.  Value index= 14, #Derivatives=0
 13) Octahedral, field, rectangular cartesian, #Components=1
   VonMises.  Value index= 15, #Derivatives=0
 14) PrincipalVector1, field, rectangular cartesian, #Components=3
   x.  Value index= 16, #Derivatives=0
   y.  Value index= 17, #Derivatives=0
   z.  Value index= 18, #Derivatives=0
 15) PrincipalVector2, field, rectangular cartesian, #Components=3
   x.  Value index= 19, #Derivatives=0
   y.  Value index= 20, #Derivatives=0
   z.  Value index= 21, #Derivatives=0
 16) PrincipalVector3, field, rectangular cartesian, #Components=3
   x.  Value index= 22, #Derivatives=0
   y.  Value index= 23, #Derivatives=0
   z.  Value index= 24, #Derivatives=0
 Node:          1
  0.1287E+03  0.1133E+03  0.4908E+03 -0.3598E-04
  -1.11E-16
  -8.327E-17
  -2.22E-16
  -2.776E-17
  -4.163E-17
  -3.331E-16
   -6.637E-17
   -2.4E-16
   -3.598E-16
   2.5553921597281306E-16
   -2.2205666666666663E-16
   1.204623416489799E-16
   0.8837    -0.4676    -0.01897
   0.4046    0.7837    -0.4712
   0.2352    0.4088    0.8818
 Node:          2
  0.1292E+03  0.1137E+03  0.5052E+03 -0.3598E-04
  -5.551E-17
  -1.11E-16
  -1.665E-16
  -5.551E-17
   1.943E-16
  -2.776E-16
   8.603E-17
   -1.6E-16
   -4.256E-16
   4.4319260925696854E-16
   -1.6652333333333334E-16
   2.089229995849082E-16
   -0.6554    0.6199    0.4313
   0.7522    0.4849    0.4462
   -0.06744    -0.6169    0.7841
 Node:          3
  0.1289E+03  0.1155E+03  0.5194E+03 -0.3598E-04
   2.22E-16
   1.388E-16
   3.331E-16
   1.11E-16
   5.551E-17
   2.22E-16
   4.753E-16
   2.118E-16
   9.006E-17
   3.4107384479024473E-16
   2.590533333333333E-16
   1.6078375235770005E-16
   -0.5696    -0.7144    -0.4063
   0.2395    -0.6172    0.7494
   -0.7862    0.3296    0.5227
 Node:          4
  0.1361E+03  0.1141E+03  0.4915E+03 -0.3598E-04
   0.0
  -2.776E-17
  -1.11E-16
  -2.776E-17
  -8.327E-17
   2.22E-16
   2.435E-16
   6.328E-18
   -1.388E-16
   3.3426485304919515E-16
   3.700933333333334E-17
   1.5757396286894045E-16
   -0.08549    -0.2215    0.9714
   0.9681    -0.2491    0.0284
   0.2357    0.9428    0.2357
 Node:          5
  0.1341E+03  0.1144E+03  0.5054E+03 -0.3598E-04
   3.331E-16
   1.388E-16
   3.331E-16
   5.551E-17
  -6.939E-17
   4.441E-16
   4.814E-16
   4.627E-16
   1.662E-16
   3.062784517395894E-16
   3.7010000000000004E-16
   1.4438104677092028E-16
   -0.348    -0.6443    0.681
   -0.6589    -0.3487    -0.6665
   0.6669    -0.6807    -0.3032
 Node:          6
  0.1323E+03  0.1162E+03  0.5191E+03 -0.3598E-04
   2.22E-16
   5.551E-17
   2.22E-16
  -5.551E-17
  -2.776E-17
   0.0
   2.897E-16
   1.685E-16
   -1.402E-17
   2.648101478418076E-16
   1.4806E-16
   1.2483270084396958E-16
   -0.715    -0.6696    0.2012
   0.6656    -0.7399    -0.09741
   -0.2141    -0.06426    -0.9747
 Node:          7
  0.1408E+03  0.1171E+03  0.4920E+03 -0.3598E-04
   3.331E-16
   2.22E-16
   2.22E-16
  -8.327E-17
  -1.11E-16
   0.0
   5.398E-16
   6.158E-17
   -4.631E-17
   5.403052621435404E-16
   1.8502333333333335E-16
   2.5470234318164845E-16
   -0.7537    -0.6111    0.2419
   -0.656    0.677    -0.3335
   -0.04004    0.4101    0.9112
 Node:          8
  0.1367E+03  0.1169E+03  0.5055E+03 -0.3598E-04
   2.22E-16
   1.943E-16
   2.22E-16
  -4.025E-16
  -2.359E-16
  -2.22E-16
   6.547E-16
   4.477E-17
   -4.775E-16
   9.814930967154074E-16
   7.399000000000001E-17
   4.626802829168323E-16
   -0.6847    -0.5611    0.4652
   0.5685    -0.8105    -0.1409
   -0.4561    -0.1681    -0.8739
 Node:          9
  0.1339E+03  0.1180E+03  0.5191E+03 -0.3598E-04
   2.22E-16
   1.665E-16
   0.0
  -3.955E-16
  -2.776E-16
   6.661E-16
   1.002E-15
   -9.379E-18
   -1.046E-16
   1.062195387036208E-15
   2.96007E-16
   5.007237074122481E-16
   -0.4817    -0.3073    0.8207
   -0.8565    -0.03292    -0.515
   -0.1853    0.951    0.2474
 Node:         10
  0.1294E+03  0.1212E+03  0.4911E+03 -0.3598E-04
   0.0
   2.776E-17
   1.11E-16
  -1.388E-17
   1.249E-16
   1.11E-16
   2.363E-16
   2.303E-17
   -3.732E-17
   2.48992088026909E-16
   7.400333333333333E-17
   1.173759959370834E-16
   0.0421    0.71    0.703
   -0.7813    -0.4152    0.4661
   -0.6228    0.5688    -0.5372
 Node:         11
  0.1295E+03  0.1214E+03  0.5055E+03 -0.3598E-04
  -2.22E-16
  -2.776E-17
  -2.22E-16
  -4.163E-17
   1.388E-17
  -1.665E-16
   -1.365E-16
   -2.183E-16
   -2.558E-16
   1.0566451627675205E-16
   -2.035333333333333E-16
   4.9810730660058464E-17
   -0.4935    0.2929    0.8189
   0.3541    -0.7924    0.4968
   -0.7944    -0.5351    -0.2873
 Node:         12
  0.1295E+03  0.1217E+03  0.5196E+03 -0.3598E-04
   1.11E-16
   0.0
   1.11E-16
   7.633E-17
   2.776E-17
   2.22E-16
   2.649E-16
   1.11E-16
   6.816E-17
   1.792025435087348E-16
   1.4801999999999999E-16
   8.447688914726913E-17
   -0.4387    -0.1595    -0.8844
   0.3417    -0.9398    -2.255E-17
   0.8311    0.3022    -0.4668
 Node:         13
  0.1361E+03  0.1199E+03  0.4914E+03 -0.3598E-04
   1.11E-16
  -1.388E-16
   0.0
  -9.714E-17
   2.776E-17
  -1.665E-16
   2.285E-16
   -8.52E-17
   -1.988E-16
   3.833392361864358E-16
   -1.849999999999999E-17
   1.807078489348669E-16
   0.8171    -0.5252    -0.2378
   0.4648    0.8442    -0.2671
   0.341    0.1077    0.9339
 Node:         14
  0.1342E+03  0.1198E+03  0.5054E+03 -0.3598E-04
  -5.551E-17
   2.776E-17
   0.0
   5.551E-17
  -9.021E-17
   1.11E-16
   1.672E-16
   -4.94E-18
   -1.068E-16
   2.398787602102362E-16
   1.8486666666666665E-17
   1.130799320048532E-16
   0.1634    -0.4472    0.8794
   -0.6569    -0.7144    -0.2412
   -0.7361    0.5382    0.4105
 Node:         15
  0.1330E+03  0.1205E+03  0.5193E+03 -0.3598E-04
   2.22E-16
  -8.327E-17
  -5.551E-17
   1.388E-17
   4.857E-17
   0.0
   2.451E-16
   2.471E-17
   -1.033E-16
   3.0523832672192397E-16
   5.550333333333333E-17
   1.438907271354049E-16
   -0.9638    0.2667    -0.001723
   0.1157    0.4239    0.8983
   0.2403    0.8656    -0.4394
 Node:         16
  0.1404E+03  0.1188E+03  0.4918E+03 -0.3598E-04
   2.22E-16
   5.551E-17
   2.22E-16
  -8.327E-17
  -1.457E-16
   4.441E-16
   5.466E-16
   1.95E-16
   1.465E-16
   3.7818964819254375E-16
   2.9603333333333337E-16
   1.7828030987433498E-16
   -0.2927    -0.4328    0.8526
   -0.9222    -0.1077    -0.3713
   -0.2526    0.895    0.3676
 Node:         17
  0.1365E+03  0.1184E+03  0.5055E+03 -0.3598E-04
  -1.11E-16
   2.776E-17
  -1.11E-16
   9.714E-17
   1.7E-16
   0.0
   1.573E-16
   -1.341E-16
   -2.452E-16
   3.600440389730123E-16
   -7.400000000000001E-17
   1.697263876557404E-16
   0.3368    0.5285    0.7792
   0.8927    -0.4425    -0.08566
   -0.2996    -0.7244    0.6209
 Node:         18
  0.1341E+03  0.1191E+03  0.5192E+03 -0.3598E-04
   0.0
   0.0
   0.0
   2.645E-17
   1.065E-16
   4.441E-16
   4.697E-16
   -1.672E-33
   -2.562E-17
   4.830198633596759E-16
   1.4802666666666666E-16
   2.2769774721961763E-16
   -0.05484    -0.2207    -0.9738
   0.9705    -0.2411    -6.21E-17
   -0.2348    -0.9451    0.2274
 Node:         19
  0.1301E+03  0.1291E+03  0.4914E+03  0.0000E+00
   1.11E-16
   0.0
   1.11E-16
   2.101E-19
   1.001E-17
  -2.22E-16
   1.113E-16
   1.11E-16
   -2.223E-16
   3.3345010121455954E-16
   0.0
   1.5718988517077046E-16
   -0.02096    -0.9993    -0.03003
   0.9998    -0.02097    1.345E-19
   6.298E-4    0.03003    -0.9995
 Node:         20
  0.1299E+03  0.1291E+03  0.5058E+03  0.0000E+00
   2.22E-16
   0.0
   0.0
   1.041E-17
   1.924E-17
  -5.551E-17
   2.224E-16
   5.975E-18
   -6.188E-17
   2.5715676157744715E-16
   5.549833333333335E-17
   1.2122485995959007E-16
   -0.9993    -0.003257    -0.03765
   0.01428    -0.9549    -0.2965
   -0.03498    -0.2968    0.9543
 Node:         21
  0.1301E+03  0.1280E+03  0.5197E+03  0.0000E+00
   1.11E-16
   0.0
   0.0
   4.163E-17
   1.475E-17
   1.11E-16
   1.534E-16
   7.089E-17
   -2.22E-18
   1.3485280234388901E-16
   7.402333333333333E-17
   6.357022066624871E-17
   -0.6994    -0.0684    -0.7114
   -0.7126    0.1429    0.6869
   -0.05465    -0.9874    0.1487
 Node:         22
  0.1360E+03  0.1256E+03  0.4913E+03  0.0000E+00
  -2.22E-16
   1.388E-17
  -1.11E-16
  -1.388E-17
   1.006E-16
   1.11E-16
   1.5E-16
   -1.456E-16
   -2.264E-16
   3.432090907886911E-16
   -7.4E-17
   1.617903169743686E-16
   -0.02144    0.3586    0.9332
   0.228    0.9106    -0.3447
   -0.9734    0.2054    -0.1013
 Node:         23
  0.1343E+03  0.1253E+03  0.5054E+03  0.0000E+00
   0.0
   2.082E-17
  -4.441E-16
   0.0
   1.314E-16
  -1.665E-16
   1.265E-18
   -1.147E-16
   -4.972E-16
   4.517861703560657E-16
   -2.0354499999999996E-16
   2.1297404313671653E-16
   0.997    0.06061    0.04746
   0.06644    -0.3661    -0.9282
   0.03888    -0.9286    0.369
 Node:         24
  0.1336E+03  0.1248E+03  0.5194E+03  0.0000E+00
  -2.22E-16
   1.214E-17
   0.0
   1.388E-17
   8.674E-19
  -1.665E-16
   6.779E-19
   -1.633E-16
   -2.259E-16
   2.026635838733984E-16
   -1.2950736666666666E-16
   9.553652963763242E-17
   -0.05504    -0.9984    -0.009747
   0.2257    -0.02195    0.974
   -0.9726    0.05141    0.2265
 Node:         25
  0.1400E+03  0.1206E+03  0.4917E+03  0.0000E+00
   0.0
   2.671E-16
  -1.11E-16
  -8.327E-17
  -1.301E-16
   2.22E-16
   3.681E-16
   7.58E-17
   -3.329E-16
   6.098671904603493E-16
   3.699999999999999E-17
   2.8749415066513385E-16
   0.5089    0.4781    -0.7159
   0.6086    0.3883    0.692
   0.6088    -0.7878    -0.09334
 Node:         26
  0.1363E+03  0.1200E+03  0.5055E+03  0.0000E+00
   2.22E-16
   1.076E-16
  -6.106E-16
   2.776E-17
  -1.124E-15
  -5.551E-17
   8.281E-16
   2.248E-16
   -1.497E-15
   2.089815319591662E-15
   -1.4803333333333336E-16
   9.851483892738641E-16
   0.07371    0.6174    -0.7832
   0.9955    0.001018    0.09449
   -0.05914    0.7866    0.6146
 Node:         27
  0.1343E+03  0.1203E+03  0.5192E+03  0.0000E+00
   2.22E-16
  -1.943E-16
   2.22E-16
  -1.041E-16
   1.313E-15
   0.0
   1.466E-15
   1.875E-16
   -1.209E-15
   2.3173691440942246E-15
   1.4816666666666667E-16
   1.0924182908676612E-15
   -0.1693    0.728    0.6643
   0.9848    0.09849    0.1431
   0.03876    0.6785    -0.7336
 Node:         28
  0.1155E+03  0.1124E+03  0.4931E+03 -0.2126E-03
  -2.22E-16
   3.816E-17
   2.22E-16
  -5.551E-17
   5.551E-17
   1.11E-16
   2.455E-16
   1.014E-16
   -2.359E-16
   4.279497984577163E-16
   3.699999999999999E-17
   2.0173746966457835E-16
   0.03184    0.9284    0.3701
   0.1988    0.3571    -0.9127
   0.9795    -0.1026    0.1732
 Node:         29
  0.1119E+03  0.1139E+03  0.5068E+03 -0.2126E-03
  -2.22E-16
  -2.082E-17
   0.0
   5.551E-17
   6.939E-18
  -3.331E-16
   1.944E-18
   -2.004E-16
   -3.566E-16
   3.113642033631998E-16
   -1.8501866666666668E-16
   1.4677849307791052E-16
   -0.09118    0.9958    0.005517
   -0.9179    -0.08189    -0.3884
   -0.3863    -0.04048    0.9215
 Node:         30
  0.1113E+03  0.1159E+03  0.5206E+03 -0.2126E-03
   2.22E-16
   1.249E-16
   2.22E-16
   0.0
  -2.776E-17
   1.11E-16
   3.486E-16
   1.238E-16
   8.277E-17
   2.4787505905193444E-16
   1.8505666666666664E-16
   1.1684942342842583E-16
   -0.7001    -0.7092    0.08287
   -0.4685    0.3686    -0.8029
   -0.5389    0.6009    0.5903
 Node:         31
  0.1203E+03  0.1126E+03  0.4920E+03 -0.2126E-03
  -5.551E-17
   9.714E-17
  -1.11E-16
   2.776E-17
   4.163E-17
  -5.551E-17
   4.114E-17
   -7.661E-17
   -1.866E-16
   1.9726678661143135E-16
   -7.402333333333333E-17
   9.29924550105485E-17
   -0.6956    -0.5654    -0.4433
   0.4358    0.1585    -0.886
   0.5712    -0.8095    0.1362
 Node:         32
  0.1188E+03  0.1134E+03  0.5062E+03 -0.2126E-03
   2.22E-16
  -1.388E-17
  -1.11E-16
  -2.776E-17
   9.714E-17
  -5.551E-17
   2.266E-16
   1.331E-17
   -1.844E-16
   3.5602167644681415E-16
   1.8503333333333345E-17
   1.6783022777663014E-16
   -0.9894    0.07624    0.1236
   0.1445    0.5992    0.7875
   0.01402    -0.797    0.6038
 Node:         33
  0.1183E+03  0.1150E+03  0.5201E+03 -0.2126E-03
   1.11E-16
   5.551E-17
   0.0
   8.327E-17
   0.0
   0.0
   1.7E-16
   0.0
   -5.893E-17
   2.0589037107159722E-16
   3.702333333333333E-17
   9.705765171049398E-17
   -0.8617    -0.2815    -0.4222
   0.0    -0.8321    0.5547
   -0.5074    0.478    0.717
 Node:         34
  0.1255E+03  0.1129E+03  0.4909E+03 -0.2126E-03
   0.0
   0.0
   0.0
   5.551E-17
   9.714E-17
   0.0
   1.119E-16
   3.387E-33
   -1.119E-16
   1.9381648536695736E-16
   0.0
   9.136596740581255E-17
   -0.3508    -0.6139    -0.7071
   0.8682    -0.4961    -4.855E-17
   -0.3508    -0.6139    0.7071
 Node:         35
  0.1260E+03  0.1135E+03  0.5054E+03 -0.2126E-03
   0.0
   1.11E-16
  -1.11E-16
   1.11E-16
   2.498E-16
  -1.11E-16
   2.41E-16
   -1.023E-16
   -3.608E-16
   5.228959647960578E-16
   -7.403333333333333E-17
   2.4649552170824977E-16
   0.5458    0.5925    0.5925
   0.8379    -0.3859    -0.3859
   -4.975E-17    -0.7071    0.7071
 Node:         36
  0.1257E+03  0.1153E+03  0.5196E+03 -0.2126E-03
   0.0
  -5.551E-17
   0.0
  -5.551E-17
   8.327E-17
   0.0
   1.305E-16
   -4.723E-17
   -8.327E-17
   1.982226619234037E-16
   0.0
   9.344305895392481E-17
   -0.5155    0.6059    0.6059
   0.8569    0.3645    0.3645
   -1.256E-16    0.7071    -0.7071
 Node:         37
  0.1132E+03  0.1210E+03  0.4959E+03 -0.2126E-03
  -2.22E-16
   1.388E-16
  -2.22E-16
  -8.327E-17
   1.804E-16
  -2.776E-16
   -4.482E-17
   -1.622E-16
   -5.146E-16
   4.2347200190803645E-16
   -2.4054E-16
   1.9962661612787678E-16
   0.3971    0.7887    0.4693
   -0.7874    0.0301    0.6157
   0.4715    -0.614    0.633
 Node:         38
  0.1111E+03  0.1204E+03  0.5085E+03 -0.2126E-03
  -1.665E-16
   9.714E-17
   0.0
  -2.776E-17
  -8.327E-17
  -2.22E-16
   7.071E-17
   -2.091E-16
   -2.502E-16
   3.0246162913665597E-16
   -1.2953E-16
   1.4258177934084005E-16
   -0.3916    -0.8746    0.2859
   0.9154    -0.3389    0.217
   0.09287    -0.3467    -0.9334
 Node:         39
  0.1119E+03  0.1201E+03  0.5207E+03 -0.2126E-03
  -5.551E-17
  -9.714E-17
  -3.331E-16
  -8.327E-17
  -7.633E-17
  -1.11E-16
   8.934E-18
   -1.105E-16
   -3.981E-16
   3.6239130612640252E-16
   -1.6655533333333335E-16
   1.7083290000335286E-16
   0.851    -0.1281    -0.5092
   0.4076    -0.4503    0.7944
   -0.3311    -0.8836    -0.331
 Node:         40
  0.1191E+03  0.1220E+03  0.4937E+03 -0.2126E-03
   0.0
   8.327E-17
  -2.22E-16
   8.327E-17
  -1.388E-17
  -2.22E-16
   4.872E-17
   -2.082E-16
   -2.846E-16
   3.0244591979393603E-16
   -1.4802666666666666E-16
   1.4257437388566321E-16
   -0.924    -0.2703    -0.2703
   0.0    -0.7071    0.7071
   0.3823    -0.6534    -0.6534
 Node:         41
  0.1182E+03  0.1217E+03  0.5073E+03 -0.2126E-03
   0.0
  -2.776E-17
  -5.551E-17
   5.551E-17
   9.714E-17
   1.11E-16
   1.653E-16
   1.073E-17
   -1.206E-16
   2.478691830381502E-16
   1.8476666666666666E-17
   1.168466534489637E-16
   0.2406    0.3653    0.8993
   -0.8901    0.4526    0.05428
   -0.3871    -0.8135    0.434
 Node:         42
  0.1187E+03  0.1212E+03  0.5204E+03 -0.2126E-03
   0.0
  -5.551E-17
  -1.11E-16
   0.0
   5.551E-17
   1.11E-16
   1.256E-16
   1.887E-17
   -1.444E-16
   2.3552960089975954E-16
   2.3333333333339628E-20
   1.1102971864425409E-16
   0.1113    -0.2517    -0.9614
   0.9295    -0.3159    0.1903
   -0.3516    -0.9148    0.1988
 Node:         43
  0.1258E+03  0.1217E+03  0.4915E+03 -0.2126E-03
   2.22E-16
   1.11E-16
   1.11E-16
  -1.388E-17
   0.0
  -5.551E-17
   2.911E-16
   4.294E-17
   -5.645E-17
   3.1004254562882173E-16
   9.253E-17
   1.4615545764698628E-16
   -0.8507    -0.5246    0.03406
   -0.5213    0.8502    0.07348
   0.06751    -0.04475    0.9967
 Node:         44
  0.1259E+03  0.1220E+03  0.5059E+03 -0.2126E-03
  -2.22E-16
   1.388E-16
  -2.22E-16
   9.714E-17
   1.11E-16
  -1.11E-16
   5.081E-17
   -2.445E-16
   -3.614E-16
   3.679610646522265E-16
   -1.8503E-16
   1.7345850935214064E-16
   -0.5113    -0.534    -0.6733
   -0.5198    -0.4318    0.7372
   -0.6844    0.7269    -0.05679
 Node:         45
  0.1261E+03  0.1221E+03  0.5198E+03 -0.2126E-03
  -5.551E-17
  -8.327E-17
  -2.776E-16
   2.776E-17
  -6.939E-18
   1.11E-16
   1.167E-16
   -3.339E-17
   -3.053E-16
   3.7050374910383835E-16
   -7.399666666666666E-17
   1.7465714229757554E-16
   0.1854    -0.05643    0.981
   0.9302    -0.3117    -0.1938
   -0.3167    -0.9485    0.005308
 Node:         46
  0.1117E+03  0.1296E+03  0.4959E+03  0.0000E+00
  -5.551E-17
   2.776E-17
  -1.665E-16
   6.939E-18
  -2.602E-17
   0.0
   4.101E-18
   -4.897E-17
   -1.772E-16
   1.6144583695778595E-16
   -7.402300000000001E-17
   7.610629740479211E-17
   0.04856    -0.1429    0.9886
   0.9724    0.2327    -0.01414
   -0.228    0.962    0.1502
 Node:         47
  0.1107E+03  0.1269E+03  0.5087E+03  0.0000E+00
  -1.665E-16
  -3.123E-17
   1.11E-16
  -2.776E-17
   3.99E-17
   0.0
   1.289E-16
   -1.114E-17
   -1.732E-16
   2.6185783853075704E-16
   -1.8479999999999997E-17
   1.2344096888796688E-16
   -0.1292    0.939    0.3186
   -0.1008    -0.3321    0.9379
   -0.9865    -0.08906    -0.1376
 Node:         48
  0.1125E+03  0.1242E+03  0.5208E+03  0.0000E+00
   1.11E-16
   3.469E-18
   1.11E-16
   0.0
  -1.735E-18
   1.11E-16
   1.149E-16
   1.11E-16
   1.071E-16
   6.75499814951862E-18
   1.1099999999999999E-16
   3.1843366656181307E-18
   -0.6325    -0.7071    0.3162
   0.4472    -4.455E-15    0.8944
   -0.6325    0.7071    0.3162
 Node:         49
  0.1186E+03  0.1311E+03  0.4938E+03  0.0000E+00
  -1.665E-16
  -2.082E-17
   0.0
  -4.163E-17
  -6.072E-18
  -5.551E-17
   2.581E-18
   -4.165E-17
   -1.83E-16
   1.6789358448433935E-16
   -7.402300000000001E-17
   7.914579473772858E-17
   0.1174    -0.9929    0.01965
   -0.3135    -0.01827    0.9494
   -0.9423    -0.1176    -0.3134
 Node:         50
  0.1180E+03  0.1298E+03  0.5075E+03  0.0000E+00
   0.0
  -1.301E-17
   3.331E-16
  -4.163E-17
   1.247E-17
   2.22E-16
   3.354E-16
   2.276E-16
   -7.879E-18
   3.040655120874448E-16
   1.8504033333333332E-16
   1.4333785701466156E-16
   0.05441    -0.9902    -0.1289
   -0.1707    -0.1364    0.9758
   0.9838    0.03109    0.1765
 Node:         51
  0.1192E+03  0.1275E+03  0.5206E+03  0.0000E+00
   0.0
  -3.469E-18
  -5.551E-17
   0.0
   1.475E-17
   1.11E-16
   1.123E-16
   2.087E-19
   -5.702E-17
   1.491791641607165E-16
   1.849623333333333E-17
   7.03237323931892E-17
   -0.002705    0.08758    0.9962
   0.9982    -0.06004    0.007989
   -0.06051    -0.9943    0.08725
 Node:         52
  0.1262E+03  0.1305E+03  0.4920E+03  0.0000E+00
   1.11E-16
  -1.388E-17
   1.11E-16
   1.301E-18
   4.906E-18
   0.0
   1.25E-16
   9.734E-17
   -2.497E-19
   1.1396559238686912E-16
   7.403009999999999E-17
   5.372389546579809E-17
   -0.7047    0.7092    0.02051
   0.7093    0.7034    0.04493
   -0.01744    -0.04621    0.9988
 Node:         53
  0.1258E+03  0.1304E+03  0.5063E+03  0.0000E+00
  -1.665E-16
  -1.735E-18
  -1.11E-16
   2.776E-17
   3.383E-17
  -2.22E-16
   -1.01E-16
   -1.572E-16
   -2.414E-16
   1.2239330047024632E-16
   -1.6653333333333332E-16
   5.769675515620921E-17
   0.09684    0.9526    0.2883
   -0.9346    0.1866    -0.3027
   -0.3422    -0.2402    0.9084
 Node:         54
  0.1265E+03  0.1288E+03  0.5200E+03  0.0000E+00
  -2.22E-16
   2.082E-17
   1.11E-16
   0.0
  -4.337E-18
   1.11E-16
   1.16E-16
   1.073E-16
   -2.233E-16
   3.350347295430729E-16
   0.0
   1.5793688612860518E-16
   -0.04656    -0.7562    0.6527
   -0.04117    -0.6514    -0.7576
   -0.9981    0.06215    8.061E-4
 Node:         55
  0.1381E+03  0.1168E+03  0.4526E+03  0.7636E-02
   0.008028
  -0.007432
   0.004708
  -0.002243
   0.01088
  -0.02256
   0.01603
   5.147E-4
   -0.02637
   0.03715690802650296
   -0.003275100000000001
   0.017515934422310066
   -0.696    0.6796    0.232
   0.718    0.6539    0.2385
   -0.01037    -0.3326    0.943
 Node:         56
  0.1314E+03  0.1156E+03  0.4683E+03  0.7636E-02
   0.0138
  -0.008738
   0.004053
  -0.006545
   0.005643
  -0.01131
   0.02117
   -9.063E-4
   -0.01371
   0.030560694980481057
   0.0021845666666666674
   0.01440644977231456
   -0.8249    0.505    0.254
   0.5433    0.8323    0.1097
   0.156    -0.2285    0.961
 Node:         57
  0.1285E+03  0.1140E+03  0.4823E+03  0.7636E-02
   0.004355
  -0.003219
   0.002298
  -0.001945
   0.001367
  -1.531E-4
   0.007449
   -5.092E-5
   -8.983E-4
   0.007957520661638273
   0.0021665933333333332
   0.0037512112141843234
   -0.7718    0.5615    0.2984
   0.576    0.8162    -0.04587
   0.2693    -0.1365    0.9533
 Node:         58
  0.1478E+03  0.1176E+03  0.4530E+03  0.7636E-02
   0.006859
  -0.008108
   0.01167
  -0.001341
   0.007332
  -0.04393
   0.01844
   0.001036
   -0.04488
   0.05665951231699758
   -0.008468000000000002
   0.0267095502520478
   -0.5785    0.8086    0.1075
   0.8157    0.5743    0.06933
   0.005682    -0.1278    0.9918
 Node:         59
  0.1415E+03  0.1165E+03  0.4691E+03  0.7636E-02
   0.02192
  -0.01393
   0.01015
  -0.01399
   0.01139
  -0.01237
   0.03762
   0.001039
   -0.01896
   0.04969620690756992
   0.006566333333333333
   0.02342701660239496
   -0.7752    0.5334    0.3385
   0.5867    0.8065    0.07267
   0.2343    -0.2549    0.9381
 Node:         60
  0.1374E+03  0.1150E+03  0.4832E+03  0.7636E-02
   0.009199
  -0.006736
   0.004963
  -0.006693
   0.0045
   0.002411
   0.01825
   6.799E-5
   -0.001741
   0.01915069206922037
   0.005525663333333333
   0.00902772281770744
   -0.7233    0.5206    0.4537
   0.5169    0.8438    -0.1441
   0.4578    -0.1303    0.8794
 Node:         61
  0.1548E+03  0.1218E+03  0.4534E+03  0.7636E-02
   0.01889
  -0.006789
  -0.003036
   0.004337
  -0.008076
  -0.02169
   0.02179
   -0.00286
   -0.02477
   0.040345409900012175
   -0.001946666666666667
   0.019019008620032984
   0.94    -0.306    0.1506
   0.3386    0.8905    -0.304
   -0.04109    0.3367    0.9407
 Node:         62
  0.1488E+03  0.1201E+03  0.4698E+03  0.7636E-02
   0.03113
  -0.02291
   0.00933
  -0.01436
   0.007099
   0.01117
   0.05185
   0.005164
   -0.005386
   0.05275815004338192
   0.017209333333333333
   0.024870430439021804
   -0.7927    0.4882    0.3651
   0.227    -0.3195    0.92
   0.5657    0.8122    0.1425
 Node:         63
  0.1436E+03  0.1181E+03  0.4838E+03  0.7636E-02
   0.007932
  -0.01141
   0.01233
  -0.00556
   0.00779
   0.005105
   0.0261
   9.181E-4
   -0.001649
   0.02655866234413925
   0.008456366666666668
   0.01251987349518978
   -0.5717    0.7082    0.4142
   -0.4468    0.1547    -0.8812
   -0.6881    -0.6888    0.2281
 Node:         64
  0.1411E+03  0.1253E+03  0.4524E+03  0.7636E-02
  -0.01712
  -0.009126
   0.02165
  -9.114E-4
   0.00108
  -0.01601
   0.02373
   -0.01592
   -0.0193
   0.04144350250642433
   -0.00383
   0.019536654438942886
   -0.2186    0.9753    0.03152
   -0.186    -0.07336    0.9798
   0.9579    0.2083    0.1975
 Node:         65
  0.1339E+03  0.1229E+03  0.4683E+03  0.7636E-02
   0.003398
  -0.01528
   0.01477
  -0.004573
   0.001764
  -0.009941
   0.02585
   -0.005653
   -0.01197
   0.035090567806748296
   0.002742333333333333
   0.016541852301225384
   0.5747    -0.8105    -0.1134
   -0.6749    -0.5477    0.4944
   -0.4628    -0.2076    -0.8618
 Node:         66
  0.1299E+03  0.1214E+03  0.4825E+03  0.7636E-02
   0.004966
  -0.004848
   0.004388
  -0.001909
   0.001482
  -3.006E-4
   0.01009
   -1.125E-4
   -9.249E-4
   0.010632004091891613
   0.003017533333333334
   0.005011974793986454
   -0.7125    0.6644    0.2256
   0.6059    0.7448    -0.2796
   0.3538    0.06252    0.9332
 Node:         67
  0.1495E+03  0.1243E+03  0.4529E+03  0.7636E-02
  -0.009521
  -0.008117
   0.02016
  -6.864E-4
   0.002236
  -0.0397
   0.02232
   -0.0116
   -0.03978
   0.053856702461253604
   -0.009686666666666668
   0.025388293015132433
   -0.2476    0.9681    0.03765
   0.9688    0.2479    -0.003935
   0.01314    -0.0355    0.9993
 Node:         68
  0.1429E+03  0.1223E+03  0.4690E+03  0.7636E-02
   0.01948
  -0.01748
   0.01782
  -0.01171
   0.005195
  -0.02153
   0.03859
   0.001826
   -0.02465
   0.05500848967204971
   0.005255333333333334
   0.02593125071329101
   -0.725    0.6596    0.1982
   0.6415    0.7514    -0.1544
   0.2508    -0.01518    0.9679
 Node:         69
  0.1379E+03  0.1205E+03  0.4831E+03  0.7636E-02
   0.01042
  -0.007269
   0.005675
  -0.005466
   0.003351
  -4.553E-6
   0.01797
   4.778E-4
   -0.002358
   0.0190689067132859
   0.005363266666666667
   0.008989168831185427
   -0.768    0.5456    0.3353
   0.5262    0.8361    -0.1551
   0.365    -0.0573    0.9292
 Node:         70
  0.1551E+03  0.1239E+03  0.4534E+03  0.7636E-02
  -0.002021
  -0.01048
   0.01251
  -0.006744
   0.005252
  -0.05023
   0.01887
   -0.00723
   -0.05139
   0.06151334489360825
   -0.013249999999999998
   0.028997668871824853
   0.4742    -0.8732    -0.1126
   0.8719    0.4835    -0.07768
   -0.1223    0.06137    -0.9906
 Node:         71
  0.1490E+03  0.1220E+03  0.4697E+03  0.7636E-02
   0.03309
  -0.01581
   0.01442
  -0.02261
   0.009632
  -0.01822
   0.05077
   0.0056
   -0.02708
   0.06770869146571953
   0.009763333333333334
   0.03191818325378533
   -0.8287    0.4489    0.3343
   0.4529    0.8887    -0.07061
   0.3288    -0.0929    0.9398
 Node:         72
  0.1435E+03  0.1199E+03  0.4838E+03  0.7636E-02
   0.01635
  -0.007793
   0.004671
  -0.009579
   0.004429
   0.001764
   0.02503
   7.947E-4
   -0.003041
   0.02636326422865727
   0.007594566666666667
   0.012427761940197528
   -0.817    0.4025    0.413
   0.413    0.9082    -0.06817
   0.4025    -0.1149    0.9082
 Node:         73
  0.1440E+03  0.1339E+03  0.4521E+03  0.0000E+00
   0.01915
  -1.182E-4
  -0.01558
  -0.003446
   0.002635
   0.002878
   0.01986
   0.00254
   -0.01595
   0.031017886775214068
   0.0021500000000000004
   0.014621972051220268
   -0.9793    0.01825    0.2015
   0.2021    0.1397    0.9694
   0.01046    -0.99    0.1405
 Node:         74
  0.1364E+03  0.1303E+03  0.4682E+03  0.0000E+00
   0.03391
   0.01119
  -0.002404
   0.002677
   0.00437
   0.009096
   0.03759
   0.00939
   -0.006374
   0.03857834231793792
   0.013535333333333335
   0.0181860049732999
   -0.9507    -0.2806    -0.1324
   -0.1875    0.1798    0.9657
   -0.2471    0.9428    -0.2236
 Node:         75
  0.1313E+03  0.1288E+03  0.4826E+03  0.0000E+00
   0.01507
   0.004608
   8.607E-4
   0.001231
   6.403E-4
   0.001219
   0.01655
   0.00114
   -5.452E-4
   0.01631799408750965
   0.0057149333333333325
   0.007692376183093375
   -0.9547    -0.284    -0.08851
   -0.129    0.127    0.9835
   -0.268    0.9504    -0.1579
 Node:         76
  0.1513E+03  0.1309E+03  0.4527E+03  0.0000E+00
   0.01501
  -0.00197
  -0.01574
  -0.004044
   8.319E-4
  -0.001072
   0.01611
   -0.002023
   -0.01589
   0.027794778088698603
   -6.010000000000008E-4
   0.013102584045396033
   -0.9705    0.0661    0.2317
   0.2338    0.02536    0.972
   -0.05837    -0.9975    0.04006
 Node:         77
  0.1444E+03  0.1281E+03  0.4689E+03  0.0000E+00
   0.04095
   0.01069
  -0.002851
   0.003145
   0.002408
   0.004267
   0.04374
   0.004216
   -0.005599
   0.04523725081169279
   0.014119
   0.021325044540789748
   -0.9696    -0.2271    -0.09111
   -0.1259    0.144    0.9815
   -0.2098    0.9632    -0.1682
 Node:         78
  0.1384E+03  0.1261E+03  0.4829E+03  0.0000E+00
   0.0178
   0.005851
   0.001032
   0.001811
   8.471E-4
   8.417E-4
   0.01985
   6.817E-4
   -8.54E-4
   0.01998046189881505
   0.006559233333333333
   0.009418880066594377
   -0.9484    -0.2995    -0.1037
   -0.1499    0.1355    0.9794
   -0.2793    0.9444    -0.1735
 Node:         79
  0.1553E+03  0.1259E+03  0.4534E+03  0.0000E+00
   0.008247
  -0.002348
  -0.04574
  -0.01036
   8.243E-4
  -0.01012
   0.01301
   -0.01478
   -0.04585
   0.051000630388260894
   -0.015873333333333333
   0.024041927728218653
   0.9113    -0.04216    -0.4095
   0.4096    -0.006767    0.9122
   -0.04123    -0.9991    0.0111
 Node:         80
  0.1492E+03  0.1239E+03  0.4697E+03  0.0000E+00
   0.04859
   0.003446
  -0.02858
   0.006676
   0.002931
  -0.002114
   0.04964
   -0.002746
   -0.029
   0.06934628725461804
   0.005964666666666666
   0.03269015331190044
   -0.9903    -0.04852    -0.1305
   -0.1346    0.09396    0.9864
   0.0356    -0.9944    0.09958
 Node:         81
  0.1433E+03  0.1217E+03  0.4837E+03  0.0000E+00
   0.021
   0.004567
  -0.002435
   0.006685
   0.001942
   0.001989
   0.02403
   -6.168E-5
   -0.003422
   0.02593562318245698
   0.006848773333333332
   0.012226170017742906
   -0.9361    -0.1835    -0.3001
   -0.3266    0.1369    0.9352
   0.1306    -0.9734    0.1881
 Node:         82
  0.1267E+03  0.1148E+03  0.4557E+03  0.1185E-01
   0.01208
  -0.008183
  -0.003307
  -0.002976
  -3.247E-4
  -0.004939
   0.01595
   -0.004387
   -0.007722
   0.022193235208053826
   0.001280333333333333
   0.010461991408055267
   -0.914    0.3863    0.1242
   -0.1017    -0.5145    0.8515
   0.3929    0.7656    0.5095
 Node:         83
  0.1234E+03  0.1129E+03  0.4717E+03  0.1185E-01
   0.003911
  -0.006163
  -0.002927
  -0.005864
   7.095E-4
   0.001643
   0.01084
   -8.632E-4
   -0.007351
   0.01596823284023627
   8.75266666666667E-4
   0.007527497149931193
   -0.7697    0.3713    0.5194
   0.2734    -0.5434    0.7937
   0.5769    0.7529    0.3168
 Node:         84
  0.1187E+03  0.1123E+03  0.4849E+03  0.1185E-01
   3.669E-4
  -5.684E-4
  -2.966E-4
  -0.001594
   8.135E-5
   0.002308
   0.003239
   3.369E-5
   -8.946E-4
   0.003756486621844939
   7.926966666666667E-4
   0.001770824775828735
   -0.498    0.09988    0.8614
   -0.5047    0.7744    -0.3815
   -0.7052    -0.6247    -0.3352
 Node:         85
  0.1302E+03  0.1161E+03  0.4545E+03  0.1185E-01
   0.01343
  -0.009217
  -0.002929
  -0.002861
  -8.13E-4
  -0.008894
   0.01777
   -0.005924
   -0.01024
   0.026120811549414005
   5.353333333333338E-4
   0.012313468651124355
   -0.9114    0.4026    0.08551
   0.3058    0.8015    -0.5139
   0.2754    0.4422    0.8536
 Node:         86
  0.1252E+03  0.1138E+03  0.4700E+03  0.1185E-01
  -0.006628
  -0.005987
   0.01388
  -0.01285
   0.002768
  -6.434E-4
   0.01816
   0.005571
   -0.01713
   0.03097743067137751
   0.0022003333333333332
   0.014602900860978122
   0.4051    -0.8231    -0.398
   -0.4555    -0.5591    0.6928
   0.7928    0.0994    0.6014
 Node:         87
  0.1217E+03  0.1126E+03  0.4833E+03  0.1185E-01
   0.001388
  -4.671E-4
  -1.762E-4
  -0.002623
   3.243E-4
   0.00278
   0.004856
   -1.705E-4
   -6.935E-4
   0.005307361938854368
   0.0013306666666666668
   0.0025019144114502043
   -0.6089    0.1072    0.786
   0.2155    -0.9312    0.2939
   0.7634    0.3484    0.5439
 Node:         88
  0.1338E+03  0.1169E+03  0.4528E+03  0.1185E-01
   0.006147
  -0.009521
   6.957E-4
  -0.002884
   0.003386
  -0.003457
   0.01438
   -0.004137
   -0.006861
   0.02001848578189669
   0.0011273333333333335
   0.00943680469697709
   -0.7691    0.5936    0.237
   -0.4026    -0.1619    -0.9009
   -0.4964    -0.7883    0.3635
 Node:         89
  0.1270E+03  0.1150E+03  0.4683E+03  0.1185E-01
   0.01116
  -0.007591
   2.134E-6
  -0.006973
   0.00103
   1.941E-4
   0.0176
   -9.147E-4
   -0.005334
   0.021074779768481572
   0.003783766666666667
   0.009934746457537584
   -0.8479    0.3869    0.3625
   0.02304    -0.6562    0.7542
   0.5297    0.6478    0.5475
 Node:         90
  0.1248E+03  0.1132E+03  0.4822E+03  0.1185E-01
   0.003101
  -0.00227
   0.001125
  -0.001708
   8.967E-4
   7.625E-4
   0.005387
   3.878E-5
   -4.367E-4
   0.005601116856877743
   0.001663026666666667
   0.002640391807811022
   -0.7791    0.4957    0.3839
   0.08299    -0.5254    0.8468
   0.6214    0.6916    0.3682
 Node:         91
  0.1258E+03  0.1259E+03  0.4545E+03  0.1185E-01
  -0.01822
  -0.01375
   0.01591
  -0.005724
   0.001422
  -0.006094
   0.02116
   -0.005147
   -0.02441
   0.039621624890960744
   -0.0027989999999999994
   0.01867781309468536
   -0.3429    0.9316    0.1206
   -0.2081    -0.2006    0.9573
   -0.916    -0.3031    -0.2627
 Node:         92
  0.1208E+03  0.1232E+03  0.4724E+03  0.1185E-01
   0.003822
  -0.009961
  -1.451E-5
  -0.008331
   4.661E-4
  -4.522E-4
   0.01515
   -7.303E-4
   -0.01106
   0.022867561415463606
   0.0011199
   0.010779871830716109
   -0.7535    0.5078    0.4175
   -0.01052    -0.6443    0.7647
   0.6573    0.5718    0.4909
 Node:         93
  0.1159E+03  0.1217E+03  0.4876E+03  0.1185E-01
   0.002977
   6.412E-5
  -6.594E-4
  -0.003943
  -0.001546
   0.002619
   0.006913
   8.684E-5
   -0.002063
   0.008117476466587384
   0.0016456133333333331
   0.003826615103764102
   -0.7012    -0.1484    0.6974
   0.5402    -0.7489    0.3838
   -0.4654    -0.6458    -0.6053
 Node:         94
  0.1312E+03  0.1262E+03  0.4536E+03  0.1185E-01
  -0.02316
  -0.01361
   0.01901
  -0.004205
  -1.065E-4
  -0.009467
   0.02306
   -0.008614
   -0.02806
   0.04469140628801023
   -0.004538
   0.021067730964676762
   -0.2851    0.9579    0.03372
   -0.1956    -0.09257    0.9763
   -0.9383    -0.2717    -0.2138
 Node:         95
  0.1249E+03  0.1234E+03  0.4704E+03  0.1185E-01
   0.008683
  -0.009078
   0.005959
  -0.009527
   9.568E-4
  -0.009149
   0.01882
   3.975E-4
   -0.01373
   0.028270808818461488
   0.0018291666666666664
   0.01332698708344171
   -0.7736    0.567    0.2829
   0.4556    0.808    -0.3737
   0.4405    0.1602    0.8834
 Node:         96
  0.1205E+03  0.1222E+03  0.4852E+03  0.1185E-01
   0.005696
  -5.684E-4
   1.899E-4
  -0.00464
  -1.566E-4
   6.023E-4
   0.008462
   2.448E-4
   -0.002219
   0.009687013143379131
   0.0021626
   0.004566501788751064
   -0.8605    0.04953    0.507
   0.0467    -0.9834    0.1753
   0.5073    0.1745    0.8439
 Node:         97
  0.1366E+03  0.1259E+03  0.4525E+03  0.1185E-01
  -0.01889
  -0.01117
   0.02047
  -0.004817
   2.726E-4
  -0.01328
   0.02348
   -0.01134
   -0.02384
   0.04247272536581565
   -0.0038999999999999994
   0.02002183474776142
   -0.2591    0.965    0.04111
   -0.3768    -0.1402    0.9156
   -0.8893    -0.2218    -0.4
 Node:         98
  0.1295E+03  0.1232E+03  0.4684E+03  0.1185E-01
   0.004312
  -0.01427
   0.01103
  -0.007678
   5.06E-4
  -0.009376
   0.02318
   -0.002751
   -0.01446
   0.0333638055533238
   0.001989666666666666
   0.01572784876862977
   0.6363    -0.7543    -0.1618
   -0.5493    -0.5902    0.5915
   0.5417    0.2875    0.7899
 Node:         99
  0.1260E+03  0.1218E+03  0.4827E+03  0.1185E-01
   0.004816
  -0.003848
   0.002622
  -0.002523
   0.001115
  -6.602E-5
   0.008561
   8.123E-5
   -0.001271
   0.009230472610484253
   0.0024570766666666666
   0.004351286517620072
   -0.7744    0.5578    0.2986
   0.3755    0.785    -0.4926
   -0.5092    -0.2694    -0.8174
 Node:        100
  0.1249E+03  0.1372E+03  0.4532E+03  0.0000E+00
   0.02282
   0.002427
  -0.007165
  -0.003369
  -0.001636
   0.00971
   0.02388
   0.008957
   -0.007471
   0.02716118843128923
   0.008455333333333334
   0.012803907016566812
   -0.9667    -0.08823    0.2401
   -0.2458    0.06117    -0.9674
   -0.07067    0.9942    0.08082
 Node:        101
  0.1187E+03  0.1335E+03  0.4716E+03  0.0000E+00
   0.02013
   0.005481
   9.887E-4
   0.004004
   0.002899
   0.01607
   0.02424
   0.01362
   -6.683E-4
   0.02164905685913361
   0.012397233333333335
   0.010205463274257677
   -0.8284    -0.2573    -0.4976
   0.5094    0.0236    -0.8602
   -0.2331    0.966    -0.1115
 Node:        102
  0.1139E+03  0.1312E+03  0.4875E+03  0.0000E+00
   0.006368
   0.004053
   0.002788
   0.003497
   0.00268
   0.003059
   0.01134
   8.534E-4
   2.053E-5
   0.010926867187757889
   0.00407131
   0.005150974590392255
   -0.7322    -0.4939    -0.469
   0.5774    -0.08498    -0.812
   -0.3612    0.8654    -0.3474
 Node:        103
  0.1322E+03  0.1363E+03  0.4525E+03  0.0000E+00
   0.0226
   0.001375
  -0.01429
  -0.00395
  -0.00179
   0.01042
   0.02385
   0.009324
   -0.01445
   0.03348953382774983
   0.006241333333333335
   0.015787117645585453
   -0.9565    -0.04797    0.2877
   -0.2901    0.05552    -0.9554
   -0.02986    0.9973    0.06702
 Node:        104
  0.1249E+03  0.1329E+03  0.4700E+03  0.0000E+00
   0.02462
   0.006916
  -0.004869
   0.004247
   0.003646
   0.01742
   0.02842
   0.01546
   -0.006708
   0.030768150805662663
   0.012390666666666668
   0.014504245386169602
   -0.8804    -0.2284    -0.4156
   -0.4301    0.01558    0.9026
   -0.1997    0.9734    -0.112
 Node:        105
  0.1200E+03  0.1317E+03  0.4853E+03  0.0000E+00
   0.009487
   0.004281
   0.001595
   0.003825
   0.002494
   0.002892
   0.01332
   0.001251
   -5.941E-4
   0.013089448686251075
   0.004658966666666667
   0.006170425285360988
   -0.8313    -0.3882    -0.3979
   -0.5039    0.2242    0.8341
   0.2347    -0.8939    0.382
 Node:        106
  0.1395E+03  0.1350E+03  0.4520E+03  0.0000E+00
   0.02066
   4.305E-4
  -0.02214
  -0.003881
  -2.628E-4
   0.008041
   0.02176
   0.006944
   -0.02215
   0.038691489968725686
   0.002184666666666667
   0.01823934328739814
   0.9621    0.01106    -0.2723
   -0.2724    0.00466    -0.9622
   -0.009375    0.9999    0.007497
 Node:        107
  0.1320E+03  0.1315E+03  0.4683E+03  0.0000E+00
   0.03101
   0.009614
  -0.008031
   0.003772
   0.003577
   0.01346
   0.03423
   0.01278
   -0.01056
   0.038800787363145094
   0.01215
   0.01829086657323813
   -0.9487    -0.2339    -0.2126
   -0.2322    0.05956    0.9708
   -0.2144    0.9704    -0.1108
 Node:        108
  0.1272E+03  0.1303E+03  0.4831E+03  0.0000E+00
   0.0132
   0.004382
   7.873E-4
   0.002233
   0.001105
   0.001633
   0.01505
   0.001255
   -6.782E-4
   0.0148562371157706
   0.005208933333333333
   0.007003297338317779
   -0.9361    -0.3017    -0.1807
   0.229    -0.1328    -0.9643
   -0.267    0.9441    -0.1934
 Node:        109
  0.1018E+03  0.1092E+03  0.4946E+03 -0.4712E-04
   0.0
   1.388E-16
   1.11E-16
   5.551E-17
  -1.388E-17
   0.0
   2.069E-16
   2.266E-17
   -1.186E-16
   2.827092280064448E-16
   3.698666666666666E-17
   1.3327040815158061E-16
   -0.5724    -0.814    -0.09897
   0.2904    -0.3141    0.9039
   0.7668    -0.4887    -0.4162
 Node:        110
  0.1058E+03  0.1118E+03  0.5081E+03 -0.4712E-04
   0.0
   2.776E-17
   0.0
  -1.388E-17
  -5.204E-17
   2.22E-16
   2.353E-16
   1.788E-17
   -3.112E-17
   2.456135916434593E-16
   7.402E-17
   1.157833574684491E-16
   -0.08376    -0.2246    0.9708
   0.7726    0.6007    0.2056
   0.6293    -0.7673    -0.1232
 Node:        111
  0.1108E+03  0.1137E+03  0.5210E+03 -0.4712E-04
   0.0
   5.551E-17
  -1.11E-16
  -2.776E-17
   3.261E-16
  -2.22E-16
   1.68E-16
   2.779E-18
   -5.038E-16
   6.063148942925615E-16
   -1.1100700000000001E-16
   2.8581958219244996E-16
   0.1486    0.7638    0.6281
   0.9825    -0.0417    -0.1818
