 Group name: gastroc_Strain
 #Fields=  16
 1) coordinates, coordinate, rectangular cartesian, #Components=3
   x.  Value index= 1, #Derivatives=0
   y.  Value index= 2, #Derivatives=0
   z.  Value index= 3, #Derivatives=0
 2) Tensor_1, field, rectangular cartesian, #Components=1
   Tensor_1.  Value index= 4, #Derivatives=0
 3) Tensor_2, field, rectangular cartesian, #Components=1
   Tensor_2.  Value index= 5, #Derivatives=0
 4) Tensor_3, field, rectangular cartesian, #Components=1
   Tensor_3.  Value index= 6, #Derivatives=0
 5) Tensor_4, field, rectangular cartesian, #Components=1
   Tensor_4.  Value index= 7, #Derivatives=0
 6) Tensor_5, field, rectangular cartesian, #Components=1
   Tensor_5.  Value index= 8, #Derivatives=0
 7) Tensor_6, field, rectangular cartesian, #Components=1
   Tensor_6.  Value index= 9, #Derivatives=0
 8) Principal_1, field, rectangular cartesian, #Components=1
   Principal_1.  Value index= 10, #Derivatives=0
 9) Principal_2, field, rectangular cartesian, #Components=1
   Principal_2.  Value index= 11, #Derivatives=0
 10) Principal_3, field, rectangular cartesian, #Components=1
   Principal_3.  Value index= 12, #Derivatives=0
 11) VonMises, field, rectangular cartesian, #Components=1
   VonMises.  Value index= 13, #Derivatives=0
 12) Hydrostatic, field, rectangular cartesian, #Components=1
   VonMises.  Value index= 14, #Derivatives=0
 13) Octahedral, field, rectangular cartesian, #Components=1
   VonMises.  Value index= 15, #Derivatives=0
 14) PrincipalVector1, field, rectangular cartesian, #Components=3
   x.  Value index= 16, #Derivatives=0
   y.  Value index= 17, #Derivatives=0
   z.  Value index= 18, #Derivatives=0
 15) PrincipalVector2, field, rectangular cartesian, #Components=3
   x.  Value index= 19, #Derivatives=0
   y.  Value index= 20, #Derivatives=0
   z.  Value index= 21, #Derivatives=0
 16) PrincipalVector3, field, rectangular cartesian, #Components=3
   x.  Value index= 22, #Derivatives=0
   y.  Value index= 23, #Derivatives=0
   z.  Value index= 24, #Derivatives=0
 Node:          1
  0.1287E+03  0.1133E+03  0.4908E+03 -0.1673E-04
  -1.11E-16
  -8.327E-17
  -2.22E-16
  -2.776E-17
  -4.163E-17
  -3.331E-16
   -6.637E-17
   -2.4E-16
   -3.598E-16
   2.5553921597281306E-16
   -2.2205666666666663E-16
   1.204623416489799E-16
   0.8837    -0.4676    -0.01897
   0.4046    0.7837    -0.4712
   0.2352    0.4088    0.8818
 Node:          2
  0.1292E+03  0.1137E+03  0.5052E+03 -0.1673E-04
  -5.551E-17
  -1.11E-16
  -1.665E-16
  -5.551E-17
   1.943E-16
  -2.776E-16
   8.603E-17
   -1.6E-16
   -4.256E-16
   4.4319260925696854E-16
   -1.6652333333333334E-16
   2.089229995849082E-16
   -0.6554    0.6199    0.4313
   0.7522    0.4849    0.4462
   -0.06744    -0.6169    0.7841
 Node:          3
  0.1289E+03  0.1155E+03  0.5194E+03 -0.1673E-04
   2.22E-16
   1.388E-16
   3.331E-16
   1.11E-16
   5.551E-17
   2.22E-16
   4.753E-16
   2.118E-16
   9.006E-17
   3.4107384479024473E-16
   2.590533333333333E-16
   1.6078375235770005E-16
   -0.5696    -0.7144    -0.4063
   0.2395    -0.6172    0.7494
   -0.7862    0.3296    0.5227
 Node:          4
  0.1361E+03  0.1141E+03  0.4915E+03 -0.1673E-04
   0.0
  -2.776E-17
  -1.11E-16
  -2.776E-17
  -8.327E-17
   2.22E-16
   2.435E-16
   6.328E-18
   -1.388E-16
   3.3426485304919515E-16
   3.700933333333334E-17
   1.5757396286894045E-16
   -0.08549    -0.2215    0.9714
   0.9681    -0.2491    0.0284
   0.2357    0.9428    0.2357
 Node:          5
  0.1341E+03  0.1144E+03  0.5054E+03 -0.1673E-04
   3.331E-16
   1.388E-16
   3.331E-16
   5.551E-17
  -6.939E-17
   4.441E-16
   4.814E-16
   4.627E-16
   1.662E-16
   3.062784517395894E-16
   3.7010000000000004E-16
   1.4438104677092028E-16
   -0.348    -0.6443    0.681
   -0.6589    -0.3487    -0.6665
   0.6669    -0.6807    -0.3032
 Node:          6
  0.1323E+03  0.1162E+03  0.5191E+03 -0.1673E-04
   2.22E-16
   5.551E-17
   2.22E-16
  -5.551E-17
  -2.776E-17
   0.0
   2.897E-16
   1.685E-16
   -1.402E-17
   2.648101478418076E-16
   1.4806E-16
   1.2483270084396958E-16
   -0.715    -0.6696    0.2012
   0.6656    -0.7399    -0.09741
   -0.2141    -0.06426    -0.9747
 Node:          7
  0.1408E+03  0.1171E+03  0.4920E+03 -0.1673E-04
   3.331E-16
   2.22E-16
   2.22E-16
  -8.327E-17
  -1.11E-16
   0.0
   5.398E-16
   6.158E-17
   -4.631E-17
   5.403052621435404E-16
   1.8502333333333335E-16
   2.5470234318164845E-16
   -0.7537    -0.6111    0.2419
   -0.656    0.677    -0.3335
   -0.04004    0.4101    0.9112
 Node:          8
  0.1367E+03  0.1169E+03  0.5055E+03 -0.1673E-04
   2.22E-16
   1.943E-16
   2.22E-16
  -4.025E-16
  -2.359E-16
  -2.22E-16
   6.547E-16
   4.477E-17
   -4.775E-16
   9.814930967154074E-16
   7.399000000000001E-17
   4.626802829168323E-16
   -0.6847    -0.5611    0.4652
   0.5685    -0.8105    -0.1409
   -0.4561    -0.1681    -0.8739
 Node:          9
  0.1339E+03  0.1180E+03  0.5191E+03 -0.1673E-04
   2.22E-16
   1.665E-16
   0.0
  -3.955E-16
  -2.776E-16
   6.661E-16
   1.002E-15
   -9.379E-18
   -1.046E-16
   1.062195387036208E-15
   2.96007E-16
   5.007237074122481E-16
   -0.4817    -0.3073    0.8207
   -0.8565    -0.03292    -0.515
   -0.1853    0.951    0.2474
 Node:         10
  0.1294E+03  0.1212E+03  0.4911E+03 -0.1673E-04
   0.0
   2.776E-17
   1.11E-16
  -1.388E-17
   1.249E-16
   1.11E-16
   2.363E-16
   2.303E-17
   -3.732E-17
   2.48992088026909E-16
   7.400333333333333E-17
   1.173759959370834E-16
   0.0421    0.71    0.703
   -0.7813    -0.4152    0.4661
   -0.6228    0.5688    -0.5372
 Node:         11
  0.1295E+03  0.1214E+03  0.5055E+03 -0.1673E-04
  -2.22E-16
  -2.776E-17
  -2.22E-16
  -4.163E-17
   1.388E-17
  -1.665E-16
   -1.365E-16
   -2.183E-16
   -2.558E-16
   1.0566451627675205E-16
   -2.035333333333333E-16
   4.9810730660058464E-17
   -0.4935    0.2929    0.8189
   0.3541    -0.7924    0.4968
   -0.7944    -0.5351    -0.2873
 Node:         12
  0.1295E+03  0.1217E+03  0.5196E+03 -0.1673E-04
   1.11E-16
   0.0
   1.11E-16
   7.633E-17
   2.776E-17
   2.22E-16
   2.649E-16
   1.11E-16
   6.816E-17
   1.792025435087348E-16
   1.4801999999999999E-16
   8.447688914726913E-17
   -0.4387    -0.1595    -0.8844
   0.3417    -0.9398    -2.255E-17
   0.8311    0.3022    -0.4668
 Node:         13
  0.1361E+03  0.1199E+03  0.4914E+03 -0.1673E-04
   1.11E-16
  -1.388E-16
   0.0
  -9.714E-17
   2.776E-17
  -1.665E-16
   2.285E-16
   -8.52E-17
   -1.988E-16
   3.833392361864358E-16
   -1.849999999999999E-17
   1.807078489348669E-16
   0.8171    -0.5252    -0.2378
   0.4648    0.8442    -0.2671
   0.341    0.1077    0.9339
 Node:         14
  0.1342E+03  0.1198E+03  0.5054E+03 -0.1673E-04
  -5.551E-17
   2.776E-17
   0.0
   5.551E-17
  -9.021E-17
   1.11E-16
   1.672E-16
   -4.94E-18
   -1.068E-16
   2.398787602102362E-16
   1.8486666666666665E-17
   1.130799320048532E-16
   0.1634    -0.4472    0.8794
   -0.6569    -0.7144    -0.2412
   -0.7361    0.5382    0.4105
 Node:         15
  0.1330E+03  0.1205E+03  0.5193E+03 -0.1673E-04
   2.22E-16
  -8.327E-17
  -5.551E-17
   1.388E-17
   4.857E-17
   0.0
   2.451E-16
   2.471E-17
   -1.033E-16
   3.0523832672192397E-16
   5.550333333333333E-17
   1.438907271354049E-16
   -0.9638    0.2667    -0.001723
   0.1157    0.4239    0.8983
   0.2403    0.8656    -0.4394
 Node:         16
  0.1404E+03  0.1188E+03  0.4918E+03 -0.1673E-04
   2.22E-16
   5.551E-17
   2.22E-16
  -8.327E-17
  -1.457E-16
   4.441E-16
   5.466E-16
   1.95E-16
   1.465E-16
   3.7818964819254375E-16
   2.9603333333333337E-16
   1.7828030987433498E-16
   -0.2927    -0.4328    0.8526
   -0.9222    -0.1077    -0.3713
   -0.2526    0.895    0.3676
 Node:         17
  0.1365E+03  0.1184E+03  0.5055E+03 -0.1673E-04
  -1.11E-16
   2.776E-17
  -1.11E-16
   9.714E-17
   1.7E-16
   0.0
   1.573E-16
   -1.341E-16
   -2.452E-16
   3.600440389730123E-16
   -7.400000000000001E-17
   1.697263876557404E-16
   0.3368    0.5285    0.7792
   0.8927    -0.4425    -0.08566
   -0.2996    -0.7244    0.6209
 Node:         18
  0.1341E+03  0.1191E+03  0.5192E+03 -0.1673E-04
   0.0
   0.0
   0.0
   2.645E-17
   1.065E-16
   4.441E-16
   4.697E-16
   -1.672E-33
   -2.562E-17
   4.830198633596759E-16
   1.4802666666666666E-16
   2.2769774721961763E-16
   -0.05484    -0.2207    -0.9738
   0.9705    -0.2411    -6.21E-17
   -0.2348    -0.9451    0.2274
 Node:         19
  0.1301E+03  0.1291E+03  0.4914E+03  0.0000E+00
   1.11E-16
   0.0
   1.11E-16
   2.101E-19
   1.001E-17
  -2.22E-16
   1.113E-16
   1.11E-16
   -2.223E-16
   3.3345010121455954E-16
   0.0
   1.5718988517077046E-16
   -0.02096    -0.9993    -0.03003
   0.9998    -0.02097    1.345E-19
   6.298E-4    0.03003    -0.9995
 Node:         20
  0.1299E+03  0.1291E+03  0.5058E+03  0.0000E+00
   2.22E-16
   0.0
   0.0
   1.041E-17
   1.924E-17
  -5.551E-17
   2.224E-16
   5.975E-18
   -6.188E-17
   2.5715676157744715E-16
   5.549833333333335E-17
   1.2122485995959007E-16
   -0.9993    -0.003257    -0.03765
   0.01428    -0.9549    -0.2965
   -0.03498    -0.2968    0.9543
 Node:         21
  0.1301E+03  0.1280E+03  0.5197E+03  0.0000E+00
   1.11E-16
   0.0
   0.0
   4.163E-17
   1.475E-17
   1.11E-16
   1.534E-16
   7.089E-17
   -2.22E-18
   1.3485280234388901E-16
   7.402333333333333E-17
   6.357022066624871E-17
   -0.6994    -0.0684    -0.7114
   -0.7126    0.1429    0.6869
   -0.05465    -0.9874    0.1487
 Node:         22
  0.1360E+03  0.1256E+03  0.4913E+03  0.0000E+00
  -2.22E-16
   1.388E-17
  -1.11E-16
  -1.388E-17
   1.006E-16
   1.11E-16
   1.5E-16
   -1.456E-16
   -2.264E-16
   3.432090907886911E-16
   -7.4E-17
   1.617903169743686E-16
   -0.02144    0.3586    0.9332
   0.228    0.9106    -0.3447
   -0.9734    0.2054    -0.1013
 Node:         23
  0.1343E+03  0.1253E+03  0.5054E+03  0.0000E+00
   0.0
   2.082E-17
  -4.441E-16
   0.0
   1.314E-16
  -1.665E-16
   1.265E-18
   -1.147E-16
   -4.972E-16
   4.517861703560657E-16
   -2.0354499999999996E-16
   2.1297404313671653E-16
   0.997    0.06061    0.04746
   0.06644    -0.3661    -0.9282
   0.03888    -0.9286    0.369
 Node:         24
  0.1336E+03  0.1248E+03  0.5194E+03  0.0000E+00
  -2.22E-16
   1.214E-17
   0.0
   1.388E-17
   8.674E-19
  -1.665E-16
   6.779E-19
   -1.633E-16
   -2.259E-16
   2.026635838733984E-16
   -1.2950736666666666E-16
   9.553652963763242E-17
   -0.05504    -0.9984    -0.009747
   0.2257    -0.02195    0.974
   -0.9726    0.05141    0.2265
 Node:         25
  0.1400E+03  0.1206E+03  0.4917E+03  0.0000E+00
   0.0
   2.671E-16
  -1.11E-16
  -8.327E-17
  -1.301E-16
   2.22E-16
   3.681E-16
   7.58E-17
   -3.329E-16
   6.098671904603493E-16
   3.699999999999999E-17
   2.8749415066513385E-16
   0.5089    0.4781    -0.7159
   0.6086    0.3883    0.692
   0.6088    -0.7878    -0.09334
 Node:         26
  0.1363E+03  0.1200E+03  0.5055E+03  0.0000E+00
   2.22E-16
   1.076E-16
  -6.106E-16
   2.776E-17
  -1.124E-15
  -5.551E-17
   8.281E-16
   2.248E-16
   -1.497E-15
   2.089815319591662E-15
   -1.4803333333333336E-16
   9.851483892738641E-16
   0.07371    0.6174    -0.7832
   0.9955    0.001018    0.09449
   -0.05914    0.7866    0.6146
 Node:         27
  0.1343E+03  0.1203E+03  0.5192E+03  0.0000E+00
   2.22E-16
  -1.943E-16
   2.22E-16
  -1.041E-16
   1.313E-15
   0.0
   1.466E-15
   1.875E-16
   -1.209E-15
   2.3173691440942246E-15
   1.4816666666666667E-16
   1.0924182908676612E-15
   -0.1693    0.728    0.6643
   0.9848    0.09849    0.1431
   0.03876    0.6785    -0.7336
 Node:         28
  0.1155E+03  0.1124E+03  0.4931E+03 -0.9888E-04
  -2.22E-16
   3.816E-17
   2.22E-16
  -5.551E-17
   5.551E-17
   1.11E-16
   2.455E-16
   1.014E-16
   -2.359E-16
   4.279497984577163E-16
   3.699999999999999E-17
   2.0173746966457835E-16
   0.03184    0.9284    0.3701
   0.1988    0.3571    -0.9127
   0.9795    -0.1026    0.1732
 Node:         29
  0.1119E+03  0.1139E+03  0.5068E+03 -0.9888E-04
  -2.22E-16
  -2.082E-17
   0.0
   5.551E-17
   6.939E-18
  -3.331E-16
   1.944E-18
   -2.004E-16
   -3.566E-16
   3.113642033631998E-16
   -1.8501866666666668E-16
   1.4677849307791052E-16
   -0.09118    0.9958    0.005517
   -0.9179    -0.08189    -0.3884
   -0.3863    -0.04048    0.9215
 Node:         30
  0.1113E+03  0.1159E+03  0.5206E+03 -0.9888E-04
   2.22E-16
   1.249E-16
   2.22E-16
   0.0
  -2.776E-17
   1.11E-16
   3.486E-16
   1.238E-16
   8.277E-17
   2.4787505905193444E-16
   1.8505666666666664E-16
   1.1684942342842583E-16
   -0.7001    -0.7092    0.08287
   -0.4685    0.3686    -0.8029
   -0.5389    0.6009    0.5903
 Node:         31
  0.1203E+03  0.1126E+03  0.4920E+03 -0.9888E-04
  -5.551E-17
   9.714E-17
  -1.11E-16
   2.776E-17
   4.163E-17
  -5.551E-17
   4.114E-17
   -7.661E-17
   -1.866E-16
   1.9726678661143135E-16
   -7.402333333333333E-17
   9.29924550105485E-17
   -0.6956    -0.5654    -0.4433
   0.4358    0.1585    -0.886
   0.5712    -0.8095    0.1362
 Node:         32
  0.1188E+03  0.1134E+03  0.5062E+03 -0.9888E-04
   2.22E-16
  -1.388E-17
  -1.11E-16
  -2.776E-17
   9.714E-17
  -5.551E-17
   2.266E-16
   1.331E-17
   -1.844E-16
   3.5602167644681415E-16
   1.8503333333333345E-17
   1.6783022777663014E-16
   -0.9894    0.07624    0.1236
   0.1445    0.5992    0.7875
   0.01402    -0.797    0.6038
 Node:         33
  0.1183E+03  0.1150E+03  0.5201E+03 -0.9888E-04
   1.11E-16
   5.551E-17
   0.0
   8.327E-17
   0.0
   0.0
   1.7E-16
   0.0
   -5.893E-17
   2.0589037107159722E-16
   3.702333333333333E-17
   9.705765171049398E-17
   -0.8617    -0.2815    -0.4222
   0.0    -0.8321    0.5547
   -0.5074    0.478    0.717
 Node:         34
  0.1255E+03  0.1129E+03  0.4909E+03 -0.9888E-04
   0.0
   0.0
   0.0
   5.551E-17
   9.714E-17
   0.0
   1.119E-16
   3.387E-33
   -1.119E-16
   1.9381648536695736E-16
   0.0
   9.136596740581255E-17
   -0.3508    -0.6139    -0.7071
   0.8682    -0.4961    -4.855E-17
   -0.3508    -0.6139    0.7071
 Node:         35
  0.1260E+03  0.1135E+03  0.5054E+03 -0.9888E-04
   0.0
   1.11E-16
  -1.11E-16
   1.11E-16
   2.498E-16
  -1.11E-16
   2.41E-16
   -1.023E-16
   -3.608E-16
   5.228959647960578E-16
   -7.403333333333333E-17
   2.4649552170824977E-16
   0.5458    0.5925    0.5925
   0.8379    -0.3859    -0.3859
   -4.975E-17    -0.7071    0.7071
 Node:         36
  0.1257E+03  0.1153E+03  0.5196E+03 -0.9888E-04
   0.0
  -5.551E-17
   0.0
  -5.551E-17
   8.327E-17
   0.0
   1.305E-16
   -4.723E-17
   -8.327E-17
   1.982226619234037E-16
   0.0
   9.344305895392481E-17
   -0.5155    0.6059    0.6059
   0.8569    0.3645    0.3645
   -1.256E-16    0.7071    -0.7071
 Node:         37
  0.1132E+03  0.1210E+03  0.4959E+03 -0.9888E-04
  -2.22E-16
   1.388E-16
  -2.22E-16
  -8.327E-17
   1.804E-16
  -2.776E-16
   -4.482E-17
   -1.622E-16
   -5.146E-16
   4.2347200190803645E-16
   -2.4054E-16
   1.9962661612787678E-16
   0.3971    0.7887    0.4693
   -0.7874    0.0301    0.6157
   0.4715    -0.614    0.633
 Node:         38
  0.1111E+03  0.1204E+03  0.5085E+03 -0.9888E-04
  -1.665E-16
   9.714E-17
   0.0
  -2.776E-17
  -8.327E-17
  -2.22E-16
   7.071E-17
   -2.091E-16
   -2.502E-16
   3.0246162913665597E-16
   -1.2953E-16
   1.4258177934084005E-16
   -0.3916    -0.8746    0.2859
   0.9154    -0.3389    0.217
   0.09287    -0.3467    -0.9334
 Node:         39
  0.1119E+03  0.1201E+03  0.5207E+03 -0.9888E-04
  -5.551E-17
  -9.714E-17
  -3.331E-16
  -8.327E-17
  -7.633E-17
  -1.11E-16
   8.934E-18
   -1.105E-16
   -3.981E-16
   3.6239130612640252E-16
   -1.6655533333333335E-16
   1.7083290000335286E-16
   0.851    -0.1281    -0.5092
   0.4076    -0.4503    0.7944
   -0.3311    -0.8836    -0.331
 Node:         40
  0.1191E+03  0.1220E+03  0.4937E+03 -0.9888E-04
   0.0
   8.327E-17
  -2.22E-16
   8.327E-17
  -1.388E-17
  -2.22E-16
   4.872E-17
   -2.082E-16
   -2.846E-16
   3.0244591979393603E-16
   -1.4802666666666666E-16
   1.4257437388566321E-16
   -0.924    -0.2703    -0.2703
   0.0    -0.7071    0.7071
   0.3823    -0.6534    -0.6534
 Node:         41
  0.1182E+03  0.1217E+03  0.5073E+03 -0.9888E-04
   0.0
  -2.776E-17
  -5.551E-17
   5.551E-17
   9.714E-17
   1.11E-16
   1.653E-16
   1.073E-17
   -1.206E-16
   2.478691830381502E-16
   1.8476666666666666E-17
   1.168466534489637E-16
   0.2406    0.3653    0.8993
   -0.8901    0.4526    0.05428
   -0.3871    -0.8135    0.434
 Node:         42
  0.1187E+03  0.1212E+03  0.5204E+03 -0.9888E-04
   0.0
  -5.551E-17
  -1.11E-16
   0.0
   5.551E-17
   1.11E-16
   1.256E-16
   1.887E-17
   -1.444E-16
   2.3552960089975954E-16
   2.3333333333339628E-20
   1.1102971864425409E-16
   0.1113    -0.2517    -0.9614
   0.9295    -0.3159    0.1903
   -0.3516    -0.9148    0.1988
 Node:         43
  0.1258E+03  0.1217E+03  0.4915E+03 -0.9888E-04
   2.22E-16
   1.11E-16
   1.11E-16
  -1.388E-17
   0.0
  -5.551E-17
   2.911E-16
   4.294E-17
   -5.645E-17
   3.1004254562882173E-16
   9.253E-17
   1.4615545764698628E-16
   -0.8507    -0.5246    0.03406
   -0.5213    0.8502    0.07348
   0.06751    -0.04475    0.9967
 Node:         44
  0.1259E+03  0.1220E+03  0.5059E+03 -0.9888E-04
  -2.22E-16
   1.388E-16
  -2.22E-16
   9.714E-17
   1.11E-16
  -1.11E-16
   5.081E-17
   -2.445E-16
   -3.614E-16
   3.679610646522265E-16
   -1.8503E-16
   1.7345850935214064E-16
   -0.5113    -0.534    -0.6733
   -0.5198    -0.4318    0.7372
   -0.6844    0.7269    -0.05679
 Node:         45
  0.1261E+03  0.1221E+03  0.5198E+03 -0.9888E-04
  -5.551E-17
  -8.327E-17
  -2.776E-16
   2.776E-17
  -6.939E-18
   1.11E-16
   1.167E-16
   -3.339E-17
   -3.053E-16
   3.7050374910383835E-16
   -7.399666666666666E-17
   1.7465714229757554E-16
   0.1854    -0.05643    0.981
   0.9302    -0.3117    -0.1938
   -0.3167    -0.9485    0.005308
 Node:         46
  0.1117E+03  0.1296E+03  0.4959E+03  0.0000E+00
  -5.551E-17
   2.776E-17
  -1.665E-16
   6.939E-18
  -2.602E-17
   0.0
   4.101E-18
   -4.897E-17
   -1.772E-16
   1.6144583695778595E-16
   -7.402300000000001E-17
   7.610629740479211E-17
   0.04856    -0.1429    0.9886
   0.9724    0.2327    -0.01414
   -0.228    0.962    0.1502
 Node:         47
  0.1107E+03  0.1269E+03  0.5087E+03  0.0000E+00
  -1.665E-16
  -3.123E-17
   1.11E-16
  -2.776E-17
   3.99E-17
   0.0
   1.289E-16
   -1.114E-17
   -1.732E-16
   2.6185783853075704E-16
   -1.8479999999999997E-17
   1.2344096888796688E-16
   -0.1292    0.939    0.3186
   -0.1008    -0.3321    0.9379
   -0.9865    -0.08906    -0.1376
 Node:         48
  0.1125E+03  0.1242E+03  0.5208E+03  0.0000E+00
   1.11E-16
   3.469E-18
   1.11E-16
   0.0
  -1.735E-18
   1.11E-16
   1.149E-16
   1.11E-16
   1.071E-16
   6.75499814951862E-18
   1.1099999999999999E-16
   3.1843366656181307E-18
   -0.6325    -0.7071    0.3162
   0.4472    -4.455E-15    0.8944
   -0.6325    0.7071    0.3162
 Node:         49
  0.1186E+03  0.1311E+03  0.4938E+03  0.0000E+00
  -1.665E-16
  -2.082E-17
   0.0
  -4.163E-17
  -6.072E-18
  -5.551E-17
   2.581E-18
   -4.165E-17
   -1.83E-16
   1.6789358448433935E-16
   -7.402300000000001E-17
   7.914579473772858E-17
   0.1174    -0.9929    0.01965
   -0.3135    -0.01827    0.9494
   -0.9423    -0.1176    -0.3134
 Node:         50
  0.1180E+03  0.1298E+03  0.5075E+03  0.0000E+00
   0.0
  -1.301E-17
   3.331E-16
  -4.163E-17
   1.247E-17
   2.22E-16
   3.354E-16
   2.276E-16
   -7.879E-18
   3.040655120874448E-16
   1.8504033333333332E-16
   1.4333785701466156E-16
   0.05441    -0.9902    -0.1289
   -0.1707    -0.1364    0.9758
   0.9838    0.03109    0.1765
 Node:         51
  0.1192E+03  0.1275E+03  0.5206E+03  0.0000E+00
   0.0
  -3.469E-18
  -5.551E-17
   0.0
   1.475E-17
   1.11E-16
   1.123E-16
   2.087E-19
   -5.702E-17
   1.491791641607165E-16
   1.849623333333333E-17
   7.03237323931892E-17
   -0.002705    0.08758    0.9962
   0.9982    -0.06004    0.007989
   -0.06051    -0.9943    0.08725
 Node:         52
  0.1262E+03  0.1305E+03  0.4920E+03  0.0000E+00
   1.11E-16
  -1.388E-17
   1.11E-16
   1.301E-18
   4.906E-18
   0.0
   1.25E-16
   9.734E-17
   -2.497E-19
   1.1396559238686912E-16
   7.403009999999999E-17
   5.372389546579809E-17
   -0.7047    0.7092    0.02051
   0.7093    0.7034    0.04493
   -0.01744    -0.04621    0.9988
 Node:         53
  0.1258E+03  0.1304E+03  0.5063E+03  0.0000E+00
  -1.665E-16
  -1.735E-18
  -1.11E-16
   2.776E-17
   3.383E-17
  -2.22E-16
   -1.01E-16
   -1.572E-16
   -2.414E-16
   1.2239330047024632E-16
   -1.6653333333333332E-16
   5.769675515620921E-17
   0.09684    0.9526    0.2883
   -0.9346    0.1866    -0.3027
   -0.3422    -0.2402    0.9084
 Node:         54
  0.1265E+03  0.1288E+03  0.5200E+03  0.0000E+00
  -2.22E-16
   2.082E-17
   1.11E-16
   0.0
  -4.337E-18
   1.11E-16
   1.16E-16
   1.073E-16
   -2.233E-16
   3.350347295430729E-16
   0.0
   1.5793688612860518E-16
   -0.04656    -0.7562    0.6527
   -0.04117    -0.6514    -0.7576
   -0.9981    0.06215    8.061E-4
 Node:         55
  0.1786E+03  0.1088E+03  0.8780E+03  0.9253E+09
   417.9
   244.0
   210.0
  -725.4
  -354.3
   1728.0
   2143.0
   184.5
   28.44
   2041.009672588545
   785.3133333333334
   962.1411866364637
   -0.4042    -0.214    0.8893
   0.5309    0.7368    0.4186
   -0.7448    0.6413    -0.1842
 Node:         56
  0.1604E+03  0.1286E+03  0.9266E+03  0.9253E+09
   105.8
   236.3
   1195.0
   53.29
   139.3
   34.95
   1262.0
   67.88
   6.186
   1226.1316256079524
   445.35533333333336
   578.0039913964455
   -0.2041    -0.9717    -0.1192
   -0.8759    0.2356    -0.421
   -0.4372    -0.01845    0.8992
 Node:         57
  0.1308E+03  0.1154E+03  0.5220E+03  0.9253E+09
   54.3
  -68.04
   91.22
  -25.19
   33.13
   12.36
   155.4
   2.268
   0.2377
   154.15717771706252
   52.63523333333333
   72.67039048820978
   -0.5831    0.7628    0.2794
   0.8026    0.5942    0.05296
   0.1256    -0.2551    0.9587
 Node:         58
  0.3681E+03 -0.1983E+02  0.8326E+03  0.9253E+09
   2042.0
  -1013.0
   702.9
  -447.5
   144.0
   276.3
   2676.0
   257.6
   88.16
   2507.417430265651
   1007.2533333333332
   1182.0079121374592
   -0.8679    0.4592    0.1894
   -0.1739    -0.638    0.7502
   0.4653    0.6181    0.6335
 Node:         59
  0.2971E+03  0.1291E+03  0.1107E+04  0.9253E+09
   133.8
   120.5
   925.1
   40.06
   546.3
   427.6
   1290.0
   136.9
   59.87
   1193.4808435412779
   495.59
   562.6122651228524
   0.1059    0.8377    0.5358
   0.8839    0.1675    -0.4366
   -0.4555    0.5198    -0.7227
 Node:         60
  0.1497E+03  0.1185E+03  0.5419E+03  0.9253E+09
   183.9
  -145.6
   122.7
  -89.16
   72.19
   44.34
   345.7
   4.486
   0.6666
   343.13964265872863
   116.95086666666667
   161.75757881194383
   -0.7258    0.5888    0.3557
   0.621    0.7833    -0.02959
   0.296    -0.1994    0.9341
 Node:         61
  0.4481E+03  0.3430E+02  0.6414E+03  0.9253E+09
   38770.0
   28790.0
   24940.0
   26070.0
   23680.0
   24740.0
   82760.0
   5026.0
   654.3
   80009.47596810019
   29480.100000000002
   37716.828677483834
   -0.6617    -0.5417    -0.5184
   -0.7033    0.2088    0.6795
   0.2599    -0.8142    0.5192
 Node:         62
  0.4668E+03  0.2435E+03  0.1158E+04  0.9253E+09
   10370.0
   9536.0
   10230.0
   9675.0
   9187.0
   9770.0
   29060.0
   920.6
   387.0
   28409.958556111975
   10122.533333333333
   13392.582898837036
   -0.5878    -0.5752    -0.5688
   0.3669    -0.8162    0.4463
   -0.721    0.05363    0.6909
 Node:         63
  0.1712E+03  0.1320E+03  0.5507E+03  0.9253E+09
   248.1
  -162.3
   327.3
  -89.37
   233.2
   184.6
   596.8
   154.7
   8.529
   530.5097269051719
   253.343
   250.0846835867136
   -0.4669    0.7224    0.5099
   0.8727    0.2834    0.3976
   -0.1427    -0.6307    0.7628
 Node:         64
  0.4252E+03  0.2571E+03  0.3820E+03  0.9253E+09
   2602.0
   522.4
   2542.0
  -877.8
   2366.0
   2996.0
   5184.0
   2936.0
   20.01
   4484.601119397354
   2713.3366666666666
   2114.061241628434
   -0.1242    0.6483    0.7512
   0.9262    0.3473    -0.1466
   -0.3559    0.6775    -0.6436
 Node:         65
  0.3777E+03  0.2872E+03  0.7330E+03  0.9253E+09
   1566.0
   1159.0
   1105.0
   1133.0
   233.2
   2291.0
   3474.0
   1489.0
   -0.4999
   3019.187349867512
   1654.1667
   1423.2585658426394
   -0.6312    -0.3757    -0.6786
   -0.3502    -0.6427    0.6814
   -0.6921    0.6677    0.2741
 Node:         66
  0.1501E+03  0.1360E+03  0.5105E+03  0.9253E+09
   78.51
  -57.19
   78.74
   15.44
  -13.62
   3.43
   138.9
   21.52
   0.2367
   129.34170639391613
   53.55223333333334
   60.972265120918344
   -0.6996    0.6987    -0.1499
   0.6989    0.7127    0.05996
   -0.1487    0.06283    0.9869
 Node:         67
  0.5391E+03  0.2319E+03  0.5584E+03  0.9253E+09
   2413.0
  -920.7
   1456.0
   396.1
   2003.0
   4333.0
   5362.0
   2828.0
   12.27
   4635.143067144745
   2734.09
   2185.027396365241
   -0.0247    0.4608    0.8872
   0.9228    -0.3309    0.1975
   0.3846    0.8235    -0.417
 Node:         68
  0.5518E+03  0.3341E+03  0.9567E+03  0.9253E+09
   1285.0
   590.5
   1004.0
   1813.0
   1281.0
   2843.0
   4582.0
   545.4
   3.734
   4332.900944073843
   1710.378
   2042.5490931761387
   -0.498    -0.3639    -0.7871
   0.5183    -0.8526    0.06632
   -0.6952    -0.3749    0.6133
 Node:         69
  0.1732E+03  0.1403E+03  0.5309E+03  0.9253E+09
   264.5
  -168.7
   131.1
  -21.07
   34.71
   20.69
   383.0
   33.41
   -0.1286
   367.50886378965066
   138.76046666666664
   173.24533982121682
   -0.82    0.5633    0.1016
   0.4569    0.5372    0.709
   -0.3448    -0.6278    0.6978
 Node:         70
  0.4864E+03  0.1146E+03  0.6997E+03  0.9253E+09
   6892.0
   2466.0
   1665.0
  -2946.0
  -643.4
   2045.0
   9127.0
   1193.0
   282.9
   8425.993793612715
   3534.2999999999997
   3972.051566466209
   -0.8644    -0.3191    0.3886
   0.03927    0.7276    0.6849
   -0.5013    0.6072    -0.6164
 Node:         71
  0.5443E+03  0.2992E+03  0.1167E+04  0.9253E+09
   759.5
   359.9
   2146.0
   804.9
   528.6
   1072.0
   2611.0
   1273.0
   93.75
   2181.4470111602527
   1325.9166666666667
   1028.3439829270274
   -0.3597    -0.8085    -0.4658
   0.5371    -0.5876    0.6052
   0.763    0.03246    -0.6456
 Node:         72
  0.1783E+03  0.1380E+03  0.5506E+03  0.9253E+09
   416.6
  -233.0
   151.3
  -73.92
   54.64
   21.37
   567.4
   22.03
   -0.1156
   556.7732126919901
   196.43813333333333
   262.4654095183507
   -0.8511    0.4983    0.1651
   0.5042    0.6884    0.5214
   -0.1462    -0.527    0.8372
 Node:         73
  0.3477E+03  0.6696E+03 -0.2999E+03  0.0000E+00
   918.2
  -421.6
   11030.0
  -1905.0
   1391.0
   4040.0
   11360.0
   4620.0
   11.95
   9885.34176457749
   5330.650000000001
   4659.994797386223
   0.07687    -0.9757    -0.2054
   -0.4267    -0.2184    0.8776
   0.9011    -0.0202    0.4331
 Node:         74
  0.3667E+03  0.2297E+03  0.1280E+03  0.0000E+00
   565.0
  -1068.0
   8282.0
  -445.2
  -2588.0
   2546.0
   9357.0
   1975.0
   60.94
   8502.184460690087
   3797.646666666667
   4007.9681913685667
   0.09561    -0.9326    0.3481
   -0.4679    0.2666    0.8426
   0.8786    0.2435    0.4109
 Node:         75
  0.1514E+03  0.1303E+03  0.4602E+03  0.0000E+00
   100.7
  -27.71
   58.05
  -24.86
  -18.19
   18.04
   116.7
   60.53
   -0.3759
   101.41835118857928
   58.95136666666667
   47.80906924146877
   -0.9107    0.381    0.1592
   -0.257    -0.8248    0.5036
   0.3232    0.4177    0.8491
 Node:         76
  0.6700E+03  0.7164E+03  0.1336E+03  0.0000E+00
   2311.0
   2328.0
   7359.0
   268.9
  -1733.0
   2854.0
   8671.0
   2931.0
   921.4
   6965.7157679595275
   4174.466666666666
   3283.6699035614947
   -0.3226    -0.9111    0.2566
   0.5384    0.04633    0.8414
   0.7785    -0.4096    -0.4756
 Node:         77
  0.7594E+03  0.4728E+03  0.5639E+03  0.0000E+00
   833.5
   352.8
   4352.0
   188.5
  -1372.0
   587.1
   4818.0
   920.4
   33.76
   4408.308554718011
   1924.0533333333333
   2078.0965817358497
   -0.06968    -0.9498    0.305
   0.9359    0.04361    0.3497
   -0.3454    0.3098    0.8858
 Node:         78
  0.1925E+03  0.1517E+03  0.4977E+03  0.0000E+00
   369.7
   26.77
   32.49
   73.79
  -2.083
   17.84
   386.4
   32.42
   1.183
   370.58718789105484
   140.001
   174.69647571907873
   -0.978    -0.07281    -0.1954
   0.02208    -0.968    0.2502
   -0.2073    0.2404    0.9483
 Node:         79
  0.5640E+03  0.2032E+03  0.7287E+03  0.0000E+00
   4736.0
   370.6
   2375.0
   5265.0
  -1289.0
   43400.0
   44140.0
   4188.0
   2183.0
   40991.292843724754
   16837.0
   19323.480759600912
   -0.1321    0.02941    -0.9908
   -0.9528    -0.2793    0.1188
   0.2732    -0.9598    -0.06492
 Node:         80
  0.6500E+03  0.3383E+03  0.1147E+04  0.0000E+00
   829.9
  -300.1
   1569.0
  -1132.0
   3733.0
   15060.0
   16120.0
   740.7
   604.4
   15447.900982657806
   5821.700000000001
   7282.21035995711
   -0.07636    0.2493    0.9654
   0.9955    -0.03555    0.08792
   -0.05624    -0.9678    0.2454
 Node:         81
  0.1876E+03  0.1423E+03  0.5480E+03  0.0000E+00
   602.2
  -45.29
   14.34
   4.123
   23.72
   87.52
   605.7
   94.39
   3.994
   561.9873056181964
   234.69466666666668
   264.92335649558896
   -0.9971    0.07618    -0.004446
   0.01675    0.2753    0.9612
   0.07445    0.9583    -0.2758
 Node:         82
  0.1070E+03  0.1043E+03  0.5875E+03  0.6199E+09
   442.9
   1037.0
   2476.0
  -228.4
  -590.6
   182.4
   3051.0
   50.1
   -0.1688
   3026.347535259862
   1033.6437333333333
   1426.633909606295
   -0.377    -0.9008    0.2155
   0.4308    0.03536    0.9017
   -0.8199    0.4328    0.3747
 Node:         83
  0.1134E+03  0.1124E+03  0.5031E+03  0.6199E+09
   176.3
   376.4
   819.7
  -42.19
  -109.4
   30.02
   1007.0
   19.33
   -0.4981
   997.7318286877542
   341.94396666666665
   470.33529458051044
   -0.4147    -0.9021    0.1189
   0.4169    -0.07229    0.9061
   -0.8088    0.4253    0.4061
 Node:         84
  0.1180E+03  0.1124E+03  0.4860E+03  0.6199E+09
   0.3908
   1.452
   4.746
   0.6213
  -0.06611
   0.3402
   5.189
   0.7876
   -0.499
   5.166285199251005
   1.825866666666667
   2.4354101986227197
   -0.2924    -0.956    -0.02444
   0.56    -0.1919    0.806
   0.7752    -0.222    -0.5914
 Node:         85
  0.1161E+03  0.9686E+02  0.3934E+03  0.6199E+09
   441.2
   597.4
   860.9
   420.6
   555.5
   403.8
   1668.0
   38.29
   -0.3723
   1649.3810337439586
   568.6392333333333
   777.5256758138872
   -0.5116    -0.7109    -0.4826
   0.3526    -0.6859    0.6365
   -0.7835    0.1555    0.6016
 Node:         86
  0.1160E+03  0.1112E+03  0.4869E+03  0.6199E+09
   12700.0
   16530.0
   21530.0
   3733.0
   4847.0
   1107.0
   35320.0
   18.3
   -0.4371
   35311.07227842262
   11779.287633333333
   16645.799106027298
   -0.5995    -0.7808    -0.176
   0.3282    -0.4404    0.8357
   -0.73    0.4433    0.5203
 Node:         87
  0.1210E+03  0.1126E+03  0.4860E+03  0.6199E+09
  -0.1315
  -0.3487
   5.936
   0.8739
  -5.446
   5.094
   11.04
   0.3506
   -0.4936
   11.135525918428819
   3.632333333333333
   5.249337259333051
   -0.07592    0.7298    -0.6794
   0.5918    0.5814    0.5584
   -0.8025    0.3597    0.476
 Node:         88
  0.1400E+03  0.1034E+03  0.5787E+03  0.6199E+09
   634.4
   1115.0
   1982.0
  -1708.0
  -3069.0
   4833.0
   7405.0
   42.07
   1.877
   7383.108553152865
   2482.9823333333334
   3480.4307494471936
   -0.2884    -0.5158    0.8067
   0.6477    0.5155    0.5611
   -0.7053    0.6843    0.1854
 Node:         89
  0.1294E+03  0.1175E+03  0.7066E+03  0.6199E+09
   129.0
   533.6
   2217.0
  -290.1
  -1213.0
   666.6
   3009.0
   3.525
   -0.2915
   3007.3850662385667
   1004.0778333333334
   1417.6949159842968
   -0.2063    -0.8583    0.4699
   0.5516    0.2946    0.7803
   -0.8082    0.4202    0.4127
 Node:         90
  0.1249E+03  0.1137E+03  0.5043E+03  0.6199E+09
   6.746
  -18.18
   49.34
  -3.45
   9.45
   2.172
   57.86
   0.3576
   0.04171
   57.660993968089905
   19.41977
   27.18165322986199
   -0.3403    0.9233    0.1778
   0.1558    -0.1311    0.9791
   0.9273    0.3609    -0.09928
 Node:         91
 -0.1715E+03  0.1563E+02  0.6489E+03  0.6199E+09
   390.4
   182.4
   245.5
   523.3
  -207.4
   2056.0
   2218.0
   468.9
   4.783
   2021.5198352697407
   897.2276666666667
   952.9535892148974
   0.2674    -0.07626    0.9606
   -0.6999    -0.7006    0.1392
   -0.6623    0.7095    0.2407
 Node:         92
 -0.6465E+02  0.1032E+03  0.6973E+03  0.6199E+09
   4.298
   11.24
   58.7
   48.29
   226.8
   1386.0
   1426.0
   21.56
   2.047
   1414.2974611053362
   483.20233333333334
   666.7062169083338
   0.03479    0.1639    0.9859
   0.1645    0.9721    -0.1674
   0.9858    -0.168    -0.006861
 Node:         93
  0.1019E+03  0.1214E+03  0.5074E+03  0.6199E+09
   4.355
  -1.365
   0.673
  -23.07
   7.283
   110.3
   115.6
   0.2279
   -0.4853
   115.73034819946753
   38.44753333333333
   54.55580933394922
   -0.2035    0.06435    0.977
   -0.2222    -0.9748    0.01792
   0.9535    -0.2135    0.2127
 Node:         94
 -0.1456E+03 -0.1126E+03  0.3907E+03  0.6199E+09
   895.1
   71.01
   418.7
   1084.0
  -71.48
   1774.0
   2504.0
   452.5
   131.1
   2229.6417447652884
   1029.2
   1051.0631982267607
   -0.5584    0.009424    -0.8295
   -0.2748    -0.9456    0.1742
   -0.7828    0.3252    0.5306
 Node:         95
 -0.7018E+02  0.4662E+02  0.6478E+03  0.6199E+09
   160.0
   246.8
   428.2
   126.1
   303.0
   568.6
   897.9
   251.4
   7.471
   796.971583898071
   385.5903333333333
   375.6960075915397
   0.3304    0.6281    0.7045
   0.4761    0.5335    -0.699
   0.8149    -0.5664    0.1227
 Node:         96
  0.1052E+03  0.1183E+03  0.5042E+03  0.6199E+09
   21.13
  -7.103
   2.004
  -39.55
   12.58
   73.81
   97.18
   0.2062
   -0.4454
   97.30123635946258
   32.3136
   45.868242698407364
   -0.4672    0.15    0.8713
   0.641    -0.6213    0.4507
   -0.609    -0.7691    -0.1941
 Node:         97
  0.1174E+03 -0.1437E+02  0.3231E+03  0.6199E+09
   1498.0
  -566.1
   1549.0
  -2751.0
   1152.0
   5403.0
   7119.0
   1254.0
   76.86
   6533.590871764163
   2816.6200000000003
   3079.9642739486444
   -0.4465    0.2245    0.8662
   -0.1219    -0.9743    0.1897
   0.8864    -0.02091    0.4624
 Node:         98
  0.9222E+02  0.1018E+03  0.6928E+03  0.6199E+09
   536.3
   244.3
   116.4
  -481.4
  -115.3
   4617.0
   4677.0
   590.2
   2.021
   4410.403463770747
   1756.407
   2079.084131333955
   -0.1172    -0.03137    0.9926
   0.894    0.432    0.1192
   -0.4325    0.9013    -0.02261
 Node:         99
  0.1225E+03  0.1219E+03  0.5076E+03  0.6199E+09
   40.45
  -19.75
   12.55
  -17.67
  -0.007965
   29.26
   59.23
   23.38
   -0.3469
   51.94995330710125
   27.42103333333333
   24.489442843850536
   -0.8094    0.3424    0.4771
   0.2735    -0.4993    0.8222
   0.5197    0.7959    0.3105
 Node:        100
 -0.5287E+03  0.9287E+02  0.5892E+03  0.0000E+00
   347.8
   573.3
   1237.0
   630.9
   366.3
   5033.0
   5166.0
   1420.0
   32.33
   4599.603879563979
   2206.11
   2168.2740626744276
   0.1421    0.1124    0.9834
   0.3907    0.9065    -0.1601
   0.9095    -0.4069    -0.08493
 Node:        101
 -0.4278E+03  0.3875E+02  0.5096E+03  0.0000E+00
   409.9
   300.8
   376.2
  -330.5
  -788.6
   6934.0
   7048.0
   601.2
   71.43
   6727.347748474134
   2573.5433333333335
   3171.3021415640746
   -0.05477    -0.1196    0.9913
   -0.7742    -0.6219    -0.1178
   0.6306    -0.7739    -0.05856
 Node:        102
  0.6890E+02  0.1223E+03  0.4892E+03  0.0000E+00
   176.1
   137.6
   107.5
   15.63
   7.587
   64.42
   284.9
   63.32
   -0.2718
   259.29189048491276
   115.98273333333333
   122.23136937904097
   -0.7863    -0.613    -0.07682
   -0.02526    -0.09234    0.9954
   -0.6173    0.7846    0.05712
 Node:        103
 -0.7336E+03 -0.1742E+03  0.4318E+03  0.0000E+00
   493.1
   400.1
   1665.0
   676.8
   2017.0
   5221.0
   6238.0
   773.0
   367.9
   5678.397882325613
   2459.633333333333
   2676.8224325785145
   0.1348    0.4096    0.9022
   0.2136    0.8771    -0.4302
   0.9676    -0.2507    -0.03077
 Node:        104
 -0.5305E+03 -0.1907E+03  0.5087E+03  0.0000E+00
   813.4
  -34.31
   626.1
  -1421.0
   878.2
   5788.0
   6295.0
   658.5
   273.7
   5838.418320915349
   2409.0666666666666
   2752.2567907486796
   -0.249    0.1497    0.9569
   0.6575    0.7516    0.05348
   -0.7112    0.6424    -0.2856
 Node:        105
  0.6741E+02  0.1038E+03  0.4896E+03  0.0000E+00
   323.3
   188.4
   114.6
   4.172
   7.346
   29.74
   434.5
   30.27
   2.858
   418.6096790615334
   155.876
   197.33449515648974
   -0.8613    -0.5077    -0.0181
   -0.09435    0.1249    0.9877
   -0.4992    0.8524    -0.1554
 Node:        106
 -0.3652E+03  0.8695E+02 -0.1550E+02  0.0000E+00
   1117.0
  -3513.0
   15660.0
  -489.9
  -2665.0
   4144.0
   16950.0
   3964.0
   7.278
   15351.672119912022
   6973.7593333333325
   7236.847639028168
   0.2069    -0.9594    0.1918
   -0.3117    0.1211    0.9424
   0.9274    0.2548    0.274
 Node:        107
 -0.2493E+03 -0.1579E+03  0.3098E+03  0.0000E+00
   436.9
   1536.0
   12000.0
  -961.6
  -2713.0
   2356.0
   12950.0
   1821.0
   20.99
   12129.591431293142
   4930.663333333333
   5717.944236059747
   0.1372    0.9565    -0.2574
   0.3096    -0.2883    -0.9061
   0.9409    -0.04465    0.3357
 Node:        108
  0.9665E+02  0.1017E+03  0.4745E+03  0.0000E+00
   170.4
   155.2
   169.4
  -35.31
  -17.42
   14.38
   329.5
   25.09
   -0.3686
   317.90476693494236
   118.07379999999999
   149.8617443141511
   -0.7067    -0.6977    0.1178
   -0.4885    0.6015    0.6321
   -0.5119    0.3892    -0.7658
 Node:        109
  0.1018E+03  0.1092E+03  0.4946E+03 -0.2192E-04
   0.0
   1.388E-16
   1.11E-16
   5.551E-17
  -1.388E-17
   0.0
   2.069E-16
   2.266E-17
   -1.186E-16
   2.827092280064448E-16
   3.698666666666666E-17
   1.3327040815158061E-16
   -0.5724    -0.814    -0.09897
   0.2904    -0.3141    0.9039
   0.7668    -0.4887    -0.4162
 Node:        110
  0.1058E+03  0.1118E+03  0.5081E+03 -0.2192E-04
   0.0
   2.776E-17
   0.0
  -1.388E-17
  -5.204E-17
   2.22E-16
   2.353E-16
   1.788E-17
   -3.112E-17
   2.456135916434593E-16
   7.402E-17
   1.157833574684491E-16
   -0.08376    -0.2246    0.9708
   0.7726    0.6007    0.2056
   0.6293    -0.7673    -0.1232
 Node:        111
  0.1108E+03  0.1137E+03  0.5210E+03 -0.2192E-04
   0.0
   5.551E-17
  -1.11E-16
  -2.776E-17
   3.261E-16
  -2.22E-16
   1.68E-16
   2.779E-18
   -5.038E-16
   6.063148942925615E-16
   -1.1100700000000001E-16
   2.8581958219244996E-16
   0.1486    0.7638    0.6281
   0.9825    -0.0417    -0.1818
   0.1126    -0.6441    0.7566
 Node:        112
  0.1072E+03  0.1111E+03  0.4942E+03 -0.2192E-04
   0.0
   1.388E-16
   1.11E-16
   0.0
   1.388E-17
  -1.665E-16
   2.053E-16
   -9.314E-17
   -1.677E-16
   3.4187324200644896E-16
   -1.851333333333333E-17
   1.6116059181932647E-16
   0.5597    0.8281    0.0309
   0.8258    -0.5542    -0.1048
   0.06965    -0.08417    0.994
 Node:        113
  0.1071E+03  0.1139E+03  0.5077E+03 -0.2192E-04
   0.0
   0.0
   2.22E-16
   1.665E-16
  -1.527E-16
   2.22E-16
   4.12E-16
   1.393E-16
   -1.073E-16
   4.499162922144518E-16
   1.4800000000000001E-16
   2.1209257412743145E-16
   0.3005    -0.5974    0.7435
   0.4948    0.7641    0.414
   0.8154    -0.2435    -0.5252
 Node:        114
  0.1093E+03  0.1164E+03  0.5209E+03 -0.2192E-04
  -3.331E-16
   1.11E-16
  -3.331E-16
  -2.776E-17
   5.551E-17
  -3.331E-16
   -2.182E-16
   -3.113E-16
   -4.697E-16
   2.2023898383347126E-16
   -3.3306666666666673E-16
   1.0382165263352129E-16
   -0.6573    -0.7285    -0.1932
   -0.4203    0.1416    0.8963
   0.6255    -0.6703    0.3993
 Node:        115
  0.1129E+03  0.1120E+03  0.4932E+03 -0.2192E-04
   0.0
   0.0
   0.0
  -8.327E-17
  -2.776E-17
   0.0
   8.777E-17
   1.849E-32
   -8.777E-17
   1.5202209938032034E-16
   8.217301096052206E-33
   7.166390490802651E-17
   -0.6708    -0.2236    0.7071
   0.3162    -0.9487    1.11E-16
   0.6708    0.2236    0.7071
 Node:        116
  0.1092E+03  0.1143E+03  0.5068E+03 -0.2192E-04
  -1.11E-16
   5.204E-17
   0.0
   1.665E-16
   2.082E-17
  -2.22E-16
