 Group name: gastroc_Strain
 #Fields=  16
 1) coordinates, coordinate, rectangular cartesian, #Components=3
   x.  Value index= 1, #Derivatives=0
   y.  Value index= 2, #Derivatives=0
   z.  Value index= 3, #Derivatives=0
 2) Tensor_1, field, rectangular cartesian, #Components=1
   Tensor_1.  Value index= 4, #Derivatives=0
 3) Tensor_2, field, rectangular cartesian, #Components=1
   Tensor_2.  Value index= 5, #Derivatives=0
 4) Tensor_3, field, rectangular cartesian, #Components=1
   Tensor_3.  Value index= 6, #Derivatives=0
 5) Tensor_4, field, rectangular cartesian, #Components=1
   Tensor_4.  Value index= 7, #Derivatives=0
 6) Tensor_5, field, rectangular cartesian, #Components=1
   Tensor_5.  Value index= 8, #Derivatives=0
 7) Tensor_6, field, rectangular cartesian, #Components=1
   Tensor_6.  Value index= 9, #Derivatives=0
 8) Principal_1, field, rectangular cartesian, #Components=1
   Principal_1.  Value index= 10, #Derivatives=0
 9) Principal_2, field, rectangular cartesian, #Components=1
   Principal_2.  Value index= 11, #Derivatives=0
 10) Principal_3, field, rectangular cartesian, #Components=1
   Principal_3.  Value index= 12, #Derivatives=0
 11) VonMises, field, rectangular cartesian, #Components=1
   VonMises.  Value index= 13, #Derivatives=0
 12) Hydrostatic, field, rectangular cartesian, #Components=1
   VonMises.  Value index= 14, #Derivatives=0
 13) Octahedral, field, rectangular cartesian, #Components=1
   VonMises.  Value index= 15, #Derivatives=0
 14) PrincipalVector1, field, rectangular cartesian, #Components=3
   x.  Value index= 16, #Derivatives=0
   y.  Value index= 17, #Derivatives=0
   z.  Value index= 18, #Derivatives=0
 15) PrincipalVector2, field, rectangular cartesian, #Components=3
   x.  Value index= 19, #Derivatives=0
   y.  Value index= 20, #Derivatives=0
   z.  Value index= 21, #Derivatives=0
 16) PrincipalVector3, field, rectangular cartesian, #Components=3
   x.  Value index= 22, #Derivatives=0
   y.  Value index= 23, #Derivatives=0
   z.  Value index= 24, #Derivatives=0
 Node:          1
  0.1287E+03  0.1133E+03  0.4908E+03 -0.1602E-05
  -1.11E-16
  -8.327E-17
  -2.22E-16
  -2.776E-17
  -4.163E-17
  -3.331E-16
   -6.637E-17
   -2.4E-16
   -3.598E-16
   2.5553921597281306E-16
   -2.2205666666666663E-16
   1.204623416489799E-16
   0.8837    -0.4676    -0.01897
   0.4046    0.7837    -0.4712
   0.2352    0.4088    0.8818
 Node:          2
  0.1292E+03  0.1137E+03  0.5052E+03 -0.1602E-05
  -5.551E-17
  -1.11E-16
  -1.665E-16
  -5.551E-17
   1.943E-16
  -2.776E-16
   8.603E-17
   -1.6E-16
   -4.256E-16
   4.4319260925696854E-16
   -1.6652333333333334E-16
   2.089229995849082E-16
   -0.6554    0.6199    0.4313
   0.7522    0.4849    0.4462
   -0.06744    -0.6169    0.7841
 Node:          3
  0.1289E+03  0.1155E+03  0.5194E+03 -0.1602E-05
   2.22E-16
   1.388E-16
   3.331E-16
   1.11E-16
   5.551E-17
   2.22E-16
   4.753E-16
   2.118E-16
   9.006E-17
   3.4107384479024473E-16
   2.590533333333333E-16
   1.6078375235770005E-16
   -0.5696    -0.7144    -0.4063
   0.2395    -0.6172    0.7494
   -0.7862    0.3296    0.5227
 Node:          4
  0.1361E+03  0.1141E+03  0.4915E+03 -0.1602E-05
   0.0
  -2.776E-17
  -1.11E-16
  -2.776E-17
  -8.327E-17
   2.22E-16
   2.435E-16
   6.328E-18
   -1.388E-16
   3.3426485304919515E-16
   3.700933333333334E-17
   1.5757396286894045E-16
   -0.08549    -0.2215    0.9714
   0.9681    -0.2491    0.0284
   0.2357    0.9428    0.2357
 Node:          5
  0.1341E+03  0.1144E+03  0.5054E+03 -0.1602E-05
   3.331E-16
   1.388E-16
   3.331E-16
   5.551E-17
  -6.939E-17
   4.441E-16
   4.814E-16
   4.627E-16
   1.662E-16
   3.062784517395894E-16
   3.7010000000000004E-16
   1.4438104677092028E-16
   -0.348    -0.6443    0.681
   -0.6589    -0.3487    -0.6665
   0.6669    -0.6807    -0.3032
 Node:          6
  0.1323E+03  0.1162E+03  0.5191E+03 -0.1602E-05
   2.22E-16
   5.551E-17
   2.22E-16
  -5.551E-17
  -2.776E-17
   0.0
   2.897E-16
   1.685E-16
   -1.402E-17
   2.648101478418076E-16
   1.4806E-16
   1.2483270084396958E-16
   -0.715    -0.6696    0.2012
   0.6656    -0.7399    -0.09741
   -0.2141    -0.06426    -0.9747
 Node:          7
  0.1408E+03  0.1171E+03  0.4920E+03 -0.1602E-05
   3.331E-16
   2.22E-16
   2.22E-16
  -8.327E-17
  -1.11E-16
   0.0
   5.398E-16
   6.158E-17
   -4.631E-17
   5.403052621435404E-16
   1.8502333333333335E-16
   2.5470234318164845E-16
   -0.7537    -0.6111    0.2419
   -0.656    0.677    -0.3335
   -0.04004    0.4101    0.9112
 Node:          8
  0.1367E+03  0.1169E+03  0.5055E+03 -0.1602E-05
   2.22E-16
   1.943E-16
   2.22E-16
  -4.025E-16
  -2.359E-16
  -2.22E-16
   6.547E-16
   4.477E-17
   -4.775E-16
   9.814930967154074E-16
   7.399000000000001E-17
   4.626802829168323E-16
   -0.6847    -0.5611    0.4652
   0.5685    -0.8105    -0.1409
   -0.4561    -0.1681    -0.8739
 Node:          9
  0.1339E+03  0.1180E+03  0.5191E+03 -0.1602E-05
   2.22E-16
   1.665E-16
   0.0
  -3.955E-16
  -2.776E-16
   6.661E-16
   1.002E-15
   -9.379E-18
   -1.046E-16
   1.062195387036208E-15
   2.96007E-16
   5.007237074122481E-16
   -0.4817    -0.3073    0.8207
   -0.8565    -0.03292    -0.515
   -0.1853    0.951    0.2474
 Node:         10
  0.1294E+03  0.1212E+03  0.4911E+03 -0.1602E-05
   0.0
   2.776E-17
   1.11E-16
  -1.388E-17
   1.249E-16
   1.11E-16
   2.363E-16
   2.303E-17
   -3.732E-17
   2.48992088026909E-16
   7.400333333333333E-17
   1.173759959370834E-16
   0.0421    0.71    0.703
   -0.7813    -0.4152    0.4661
   -0.6228    0.5688    -0.5372
 Node:         11
  0.1295E+03  0.1214E+03  0.5055E+03 -0.1602E-05
  -2.22E-16
  -2.776E-17
  -2.22E-16
  -4.163E-17
   1.388E-17
  -1.665E-16
   -1.365E-16
   -2.183E-16
   -2.558E-16
   1.0566451627675205E-16
   -2.035333333333333E-16
   4.9810730660058464E-17
   -0.4935    0.2929    0.8189
   0.3541    -0.7924    0.4968
   -0.7944    -0.5351    -0.2873
 Node:         12
  0.1295E+03  0.1217E+03  0.5196E+03 -0.1602E-05
   1.11E-16
   0.0
   1.11E-16
   7.633E-17
   2.776E-17
   2.22E-16
   2.649E-16
   1.11E-16
   6.816E-17
   1.792025435087348E-16
   1.4801999999999999E-16
   8.447688914726913E-17
   -0.4387    -0.1595    -0.8844
   0.3417    -0.9398    -2.255E-17
   0.8311    0.3022    -0.4668
 Node:         13
  0.1361E+03  0.1199E+03  0.4914E+03 -0.1602E-05
   1.11E-16
  -1.388E-16
   0.0
  -9.714E-17
   2.776E-17
  -1.665E-16
   2.285E-16
   -8.52E-17
   -1.988E-16
   3.833392361864358E-16
   -1.849999999999999E-17
   1.807078489348669E-16
   0.8171    -0.5252    -0.2378
   0.4648    0.8442    -0.2671
   0.341    0.1077    0.9339
 Node:         14
  0.1342E+03  0.1198E+03  0.5054E+03 -0.1602E-05
  -5.551E-17
   2.776E-17
   0.0
   5.551E-17
  -9.021E-17
   1.11E-16
   1.672E-16
   -4.94E-18
   -1.068E-16
   2.398787602102362E-16
   1.8486666666666665E-17
   1.130799320048532E-16
   0.1634    -0.4472    0.8794
   -0.6569    -0.7144    -0.2412
   -0.7361    0.5382    0.4105
 Node:         15
  0.1330E+03  0.1205E+03  0.5193E+03 -0.1602E-05
   2.22E-16
  -8.327E-17
  -5.551E-17
   1.388E-17
   4.857E-17
   0.0
   2.451E-16
   2.471E-17
   -1.033E-16
   3.0523832672192397E-16
   5.550333333333333E-17
   1.438907271354049E-16
   -0.9638    0.2667    -0.001723
   0.1157    0.4239    0.8983
   0.2403    0.8656    -0.4394
 Node:         16
  0.1404E+03  0.1188E+03  0.4918E+03 -0.1602E-05
   2.22E-16
   5.551E-17
   2.22E-16
  -8.327E-17
  -1.457E-16
   4.441E-16
   5.466E-16
   1.95E-16
   1.465E-16
   3.7818964819254375E-16
   2.9603333333333337E-16
   1.7828030987433498E-16
   -0.2927    -0.4328    0.8526
   -0.9222    -0.1077    -0.3713
   -0.2526    0.895    0.3676
 Node:         17
  0.1365E+03  0.1184E+03  0.5055E+03 -0.1602E-05
  -1.11E-16
   2.776E-17
  -1.11E-16
   9.714E-17
   1.7E-16
   0.0
   1.573E-16
   -1.341E-16
   -2.452E-16
   3.600440389730123E-16
   -7.400000000000001E-17
   1.697263876557404E-16
   0.3368    0.5285    0.7792
   0.8927    -0.4425    -0.08566
   -0.2996    -0.7244    0.6209
 Node:         18
  0.1341E+03  0.1191E+03  0.5192E+03 -0.1602E-05
   0.0
   0.0
   0.0
   2.645E-17
   1.065E-16
   4.441E-16
   4.697E-16
   -1.672E-33
   -2.562E-17
   4.830198633596759E-16
   1.4802666666666666E-16
   2.2769774721961763E-16
   -0.05484    -0.2207    -0.9738
   0.9705    -0.2411    -6.21E-17
   -0.2348    -0.9451    0.2274
 Node:         19
  0.1301E+03  0.1291E+03  0.4914E+03  0.0000E+00
   1.11E-16
   0.0
   1.11E-16
   2.101E-19
   1.001E-17
  -2.22E-16
   1.113E-16
   1.11E-16
   -2.223E-16
   3.3345010121455954E-16
   0.0
   1.5718988517077046E-16
   -0.02096    -0.9993    -0.03003
   0.9998    -0.02097    1.345E-19
   6.298E-4    0.03003    -0.9995
 Node:         20
  0.1299E+03  0.1291E+03  0.5058E+03  0.0000E+00
   2.22E-16
   0.0
   0.0
   1.041E-17
   1.924E-17
  -5.551E-17
   2.224E-16
   5.975E-18
   -6.188E-17
   2.5715676157744715E-16
   5.549833333333335E-17
   1.2122485995959007E-16
   -0.9993    -0.003257    -0.03765
   0.01428    -0.9549    -0.2965
   -0.03498    -0.2968    0.9543
 Node:         21
  0.1301E+03  0.1280E+03  0.5197E+03  0.0000E+00
   1.11E-16
   0.0
   0.0
   4.163E-17
   1.475E-17
   1.11E-16
   1.534E-16
   7.089E-17
   -2.22E-18
   1.3485280234388901E-16
   7.402333333333333E-17
   6.357022066624871E-17
   -0.6994    -0.0684    -0.7114
   -0.7126    0.1429    0.6869
   -0.05465    -0.9874    0.1487
 Node:         22
  0.1360E+03  0.1256E+03  0.4913E+03  0.0000E+00
  -2.22E-16
   1.388E-17
  -1.11E-16
  -1.388E-17
   1.006E-16
   1.11E-16
   1.5E-16
   -1.456E-16
   -2.264E-16
   3.432090907886911E-16
   -7.4E-17
   1.617903169743686E-16
   -0.02144    0.3586    0.9332
   0.228    0.9106    -0.3447
   -0.9734    0.2054    -0.1013
 Node:         23
  0.1343E+03  0.1253E+03  0.5054E+03  0.0000E+00
   0.0
   2.082E-17
  -4.441E-16
   0.0
   1.314E-16
  -1.665E-16
   1.265E-18
   -1.147E-16
   -4.972E-16
   4.517861703560657E-16
   -2.0354499999999996E-16
   2.1297404313671653E-16
   0.997    0.06061    0.04746
   0.06644    -0.3661    -0.9282
   0.03888    -0.9286    0.369
 Node:         24
  0.1336E+03  0.1248E+03  0.5194E+03  0.0000E+00
  -2.22E-16
   1.214E-17
   0.0
   1.388E-17
   8.674E-19
  -1.665E-16
   6.779E-19
   -1.633E-16
   -2.259E-16
   2.026635838733984E-16
   -1.2950736666666666E-16
   9.553652963763242E-17
   -0.05504    -0.9984    -0.009747
   0.2257    -0.02195    0.974
   -0.9726    0.05141    0.2265
 Node:         25
  0.1400E+03  0.1206E+03  0.4917E+03  0.0000E+00
   0.0
   2.671E-16
  -1.11E-16
  -8.327E-17
  -1.301E-16
   2.22E-16
   3.681E-16
   7.58E-17
   -3.329E-16
   6.098671904603493E-16
   3.699999999999999E-17
   2.8749415066513385E-16
   0.5089    0.4781    -0.7159
   0.6086    0.3883    0.692
   0.6088    -0.7878    -0.09334
 Node:         26
  0.1363E+03  0.1200E+03  0.5055E+03  0.0000E+00
   2.22E-16
   1.076E-16
  -6.106E-16
   2.776E-17
  -1.124E-15
  -5.551E-17
   8.281E-16
   2.248E-16
   -1.497E-15
   2.089815319591662E-15
   -1.4803333333333336E-16
   9.851483892738641E-16
   0.07371    0.6174    -0.7832
   0.9955    0.001018    0.09449
   -0.05914    0.7866    0.6146
 Node:         27
  0.1343E+03  0.1203E+03  0.5192E+03  0.0000E+00
   2.22E-16
  -1.943E-16
   2.22E-16
  -1.041E-16
   1.313E-15
   0.0
   1.466E-15
   1.875E-16
   -1.209E-15
   2.3173691440942246E-15
   1.4816666666666667E-16
   1.0924182908676612E-15
   -0.1693    0.728    0.6643
   0.9848    0.09849    0.1431
   0.03876    0.6785    -0.7336
 Node:         28
  0.1155E+03  0.1124E+03  0.4931E+03 -0.9469E-05
  -2.22E-16
   3.816E-17
   2.22E-16
  -5.551E-17
   5.551E-17
   1.11E-16
   2.455E-16
   1.014E-16
   -2.359E-16
   4.279497984577163E-16
   3.699999999999999E-17
   2.0173746966457835E-16
   0.03184    0.9284    0.3701
   0.1988    0.3571    -0.9127
   0.9795    -0.1026    0.1732
 Node:         29
  0.1119E+03  0.1139E+03  0.5068E+03 -0.9469E-05
  -2.22E-16
  -2.082E-17
   0.0
   5.551E-17
   6.939E-18
  -3.331E-16
   1.944E-18
   -2.004E-16
   -3.566E-16
   3.113642033631998E-16
   -1.8501866666666668E-16
   1.4677849307791052E-16
   -0.09118    0.9958    0.005517
   -0.9179    -0.08189    -0.3884
   -0.3863    -0.04048    0.9215
 Node:         30
  0.1113E+03  0.1159E+03  0.5206E+03 -0.9469E-05
   2.22E-16
   1.249E-16
   2.22E-16
   0.0
  -2.776E-17
   1.11E-16
   3.486E-16
   1.238E-16
   8.277E-17
   2.4787505905193444E-16
   1.8505666666666664E-16
   1.1684942342842583E-16
   -0.7001    -0.7092    0.08287
   -0.4685    0.3686    -0.8029
   -0.5389    0.6009    0.5903
 Node:         31
  0.1203E+03  0.1126E+03  0.4920E+03 -0.9469E-05
  -5.551E-17
   9.714E-17
  -1.11E-16
   2.776E-17
   4.163E-17
  -5.551E-17
   4.114E-17
   -7.661E-17
   -1.866E-16
   1.9726678661143135E-16
   -7.402333333333333E-17
   9.29924550105485E-17
   -0.6956    -0.5654    -0.4433
   0.4358    0.1585    -0.886
   0.5712    -0.8095    0.1362
 Node:         32
  0.1188E+03  0.1134E+03  0.5062E+03 -0.9469E-05
   2.22E-16
  -1.388E-17
  -1.11E-16
  -2.776E-17
   9.714E-17
  -5.551E-17
   2.266E-16
   1.331E-17
   -1.844E-16
   3.5602167644681415E-16
   1.8503333333333345E-17
   1.6783022777663014E-16
   -0.9894    0.07624    0.1236
   0.1445    0.5992    0.7875
   0.01402    -0.797    0.6038
 Node:         33
  0.1183E+03  0.1150E+03  0.5201E+03 -0.9469E-05
   1.11E-16
   5.551E-17
   0.0
   8.327E-17
   0.0
   0.0
   1.7E-16
   0.0
   -5.893E-17
   2.0589037107159722E-16
   3.702333333333333E-17
   9.705765171049398E-17
   -0.8617    -0.2815    -0.4222
   0.0    -0.8321    0.5547
   -0.5074    0.478    0.717
 Node:         34
  0.1255E+03  0.1129E+03  0.4909E+03 -0.9469E-05
   0.0
   0.0
   0.0
   5.551E-17
   9.714E-17
   0.0
   1.119E-16
   3.387E-33
   -1.119E-16
   1.9381648536695736E-16
   0.0
   9.136596740581255E-17
   -0.3508    -0.6139    -0.7071
   0.8682    -0.4961    -4.855E-17
   -0.3508    -0.6139    0.7071
 Node:         35
  0.1260E+03  0.1135E+03  0.5054E+03 -0.9469E-05
   0.0
   1.11E-16
  -1.11E-16
   1.11E-16
   2.498E-16
  -1.11E-16
   2.41E-16
   -1.023E-16
   -3.608E-16
   5.228959647960578E-16
   -7.403333333333333E-17
   2.4649552170824977E-16
   0.5458    0.5925    0.5925
   0.8379    -0.3859    -0.3859
   -4.975E-17    -0.7071    0.7071
 Node:         36
  0.1257E+03  0.1153E+03  0.5196E+03 -0.9469E-05
   0.0
  -5.551E-17
   0.0
  -5.551E-17
   8.327E-17
   0.0
   1.305E-16
   -4.723E-17
   -8.327E-17
   1.982226619234037E-16
   0.0
   9.344305895392481E-17
   -0.5155    0.6059    0.6059
   0.8569    0.3645    0.3645
   -1.256E-16    0.7071    -0.7071
 Node:         37
  0.1132E+03  0.1210E+03  0.4959E+03 -0.9469E-05
  -2.22E-16
   1.388E-16
  -2.22E-16
  -8.327E-17
   1.804E-16
  -2.776E-16
   -4.482E-17
   -1.622E-16
   -5.146E-16
   4.2347200190803645E-16
   -2.4054E-16
   1.9962661612787678E-16
   0.3971    0.7887    0.4693
   -0.7874    0.0301    0.6157
   0.4715    -0.614    0.633
 Node:         38
  0.1111E+03  0.1204E+03  0.5085E+03 -0.9469E-05
  -1.665E-16
   9.714E-17
   0.0
  -2.776E-17
  -8.327E-17
  -2.22E-16
   7.071E-17
   -2.091E-16
   -2.502E-16
   3.0246162913665597E-16
   -1.2953E-16
   1.4258177934084005E-16
   -0.3916    -0.8746    0.2859
   0.9154    -0.3389    0.217
   0.09287    -0.3467    -0.9334
 Node:         39
  0.1119E+03  0.1201E+03  0.5207E+03 -0.9469E-05
  -5.551E-17
  -9.714E-17
  -3.331E-16
  -8.327E-17
  -7.633E-17
  -1.11E-16
   8.934E-18
   -1.105E-16
   -3.981E-16
   3.6239130612640252E-16
   -1.6655533333333335E-16
   1.7083290000335286E-16
   0.851    -0.1281    -0.5092
   0.4076    -0.4503    0.7944
   -0.3311    -0.8836    -0.331
 Node:         40
  0.1191E+03  0.1220E+03  0.4937E+03 -0.9469E-05
   0.0
   8.327E-17
  -2.22E-16
   8.327E-17
  -1.388E-17
  -2.22E-16
   4.872E-17
   -2.082E-16
   -2.846E-16
   3.0244591979393603E-16
   -1.4802666666666666E-16
   1.4257437388566321E-16
   -0.924    -0.2703    -0.2703
   0.0    -0.7071    0.7071
   0.3823    -0.6534    -0.6534
 Node:         41
  0.1182E+03  0.1217E+03  0.5073E+03 -0.9469E-05
   0.0
  -2.776E-17
  -5.551E-17
   5.551E-17
   9.714E-17
   1.11E-16
   1.653E-16
   1.073E-17
   -1.206E-16
   2.478691830381502E-16
   1.8476666666666666E-17
   1.168466534489637E-16
   0.2406    0.3653    0.8993
   -0.8901    0.4526    0.05428
   -0.3871    -0.8135    0.434
 Node:         42
  0.1187E+03  0.1212E+03  0.5204E+03 -0.9469E-05
   0.0
  -5.551E-17
  -1.11E-16
   0.0
   5.551E-17
   1.11E-16
   1.256E-16
   1.887E-17
   -1.444E-16
   2.3552960089975954E-16
   2.3333333333339628E-20
   1.1102971864425409E-16
   0.1113    -0.2517    -0.9614
   0.9295    -0.3159    0.1903
   -0.3516    -0.9148    0.1988
 Node:         43
  0.1258E+03  0.1217E+03  0.4915E+03 -0.9469E-05
   2.22E-16
   1.11E-16
   1.11E-16
  -1.388E-17
   0.0
  -5.551E-17
   2.911E-16
   4.294E-17
   -5.645E-17
   3.1004254562882173E-16
   9.253E-17
   1.4615545764698628E-16
   -0.8507    -0.5246    0.03406
   -0.5213    0.8502    0.07348
   0.06751    -0.04475    0.9967
 Node:         44
  0.1259E+03  0.1220E+03  0.5059E+03 -0.9469E-05
  -2.22E-16
   1.388E-16
  -2.22E-16
   9.714E-17
   1.11E-16
  -1.11E-16
   5.081E-17
   -2.445E-16
   -3.614E-16
   3.679610646522265E-16
   -1.8503E-16
   1.7345850935214064E-16
   -0.5113    -0.534    -0.6733
   -0.5198    -0.4318    0.7372
   -0.6844    0.7269    -0.05679
 Node:         45
  0.1261E+03  0.1221E+03  0.5198E+03 -0.9469E-05
  -5.551E-17
  -8.327E-17
  -2.776E-16
   2.776E-17
  -6.939E-18
   1.11E-16
   1.167E-16
   -3.339E-17
   -3.053E-16
   3.7050374910383835E-16
   -7.399666666666666E-17
   1.7465714229757554E-16
   0.1854    -0.05643    0.981
   0.9302    -0.3117    -0.1938
   -0.3167    -0.9485    0.005308
 Node:         46
  0.1117E+03  0.1296E+03  0.4959E+03  0.0000E+00
  -5.551E-17
   2.776E-17
  -1.665E-16
   6.939E-18
  -2.602E-17
   0.0
   4.101E-18
   -4.897E-17
   -1.772E-16
   1.6144583695778595E-16
   -7.402300000000001E-17
   7.610629740479211E-17
   0.04856    -0.1429    0.9886
   0.9724    0.2327    -0.01414
   -0.228    0.962    0.1502
 Node:         47
  0.1107E+03  0.1269E+03  0.5087E+03  0.0000E+00
  -1.665E-16
  -3.123E-17
   1.11E-16
  -2.776E-17
   3.99E-17
   0.0
   1.289E-16
   -1.114E-17
   -1.732E-16
   2.6185783853075704E-16
   -1.8479999999999997E-17
   1.2344096888796688E-16
   -0.1292    0.939    0.3186
   -0.1008    -0.3321    0.9379
   -0.9865    -0.08906    -0.1376
 Node:         48
  0.1125E+03  0.1242E+03  0.5208E+03  0.0000E+00
   1.11E-16
   3.469E-18
   1.11E-16
   0.0
  -1.735E-18
   1.11E-16
   1.149E-16
   1.11E-16
   1.071E-16
   6.75499814951862E-18
   1.1099999999999999E-16
   3.1843366656181307E-18
   -0.6325    -0.7071    0.3162
   0.4472    -4.455E-15    0.8944
   -0.6325    0.7071    0.3162
 Node:         49
  0.1186E+03  0.1311E+03  0.4938E+03  0.0000E+00
  -1.665E-16
  -2.082E-17
   0.0
  -4.163E-17
  -6.072E-18
  -5.551E-17
   2.581E-18
   -4.165E-17
   -1.83E-16
   1.6789358448433935E-16
   -7.402300000000001E-17
   7.914579473772858E-17
   0.1174    -0.9929    0.01965
   -0.3135    -0.01827    0.9494
   -0.9423    -0.1176    -0.3134
 Node:         50
  0.1180E+03  0.1298E+03  0.5075E+03  0.0000E+00
   0.0
  -1.301E-17
   3.331E-16
  -4.163E-17
   1.247E-17
   2.22E-16
   3.354E-16
   2.276E-16
   -7.879E-18
   3.040655120874448E-16
   1.8504033333333332E-16
   1.4333785701466156E-16
   0.05441    -0.9902    -0.1289
   -0.1707    -0.1364    0.9758
   0.9838    0.03109    0.1765
 Node:         51
  0.1192E+03  0.1275E+03  0.5206E+03  0.0000E+00
   0.0
  -3.469E-18
  -5.551E-17
   0.0
   1.475E-17
   1.11E-16
   1.123E-16
   2.087E-19
   -5.702E-17
   1.491791641607165E-16
   1.849623333333333E-17
   7.03237323931892E-17
   -0.002705    0.08758    0.9962
   0.9982    -0.06004    0.007989
   -0.06051    -0.9943    0.08725
 Node:         52
  0.1262E+03  0.1305E+03  0.4920E+03  0.0000E+00
   1.11E-16
  -1.388E-17
   1.11E-16
   1.301E-18
   4.906E-18
   0.0
   1.25E-16
   9.734E-17
   -2.497E-19
   1.1396559238686912E-16
   7.403009999999999E-17
   5.372389546579809E-17
   -0.7047    0.7092    0.02051
   0.7093    0.7034    0.04493
   -0.01744    -0.04621    0.9988
 Node:         53
  0.1258E+03  0.1304E+03  0.5063E+03  0.0000E+00
  -1.665E-16
  -1.735E-18
  -1.11E-16
   2.776E-17
   3.383E-17
  -2.22E-16
   -1.01E-16
   -1.572E-16
   -2.414E-16
   1.2239330047024632E-16
   -1.6653333333333332E-16
   5.769675515620921E-17
   0.09684    0.9526    0.2883
   -0.9346    0.1866    -0.3027
   -0.3422    -0.2402    0.9084
 Node:         54
  0.1265E+03  0.1288E+03  0.5200E+03  0.0000E+00
  -2.22E-16
   2.082E-17
   1.11E-16
   0.0
  -4.337E-18
   1.11E-16
   1.16E-16
   1.073E-16
   -2.233E-16
   3.350347295430729E-16
   0.0
   1.5793688612860518E-16
   -0.04656    -0.7562    0.6527
   -0.04117    -0.6514    -0.7576
   -0.9981    0.06215    8.061E-4
 Node:         55
  0.1382E+03  0.1168E+03  0.4536E+03  0.8171E-02
  -0.08003
  -0.02276
   0.08934
   3.452E-4
   0.04043
   0.03062
   0.1121
   0.0112
   -0.08334
   0.16928587537062859
   0.013320000000000004
   0.0798021269557815
   0.1048    -0.891    -0.4418
   0.1109    -0.4311    0.8955
   -0.9883    -0.1428    0.05365
 Node:         56
  0.1314E+03  0.1156E+03  0.4690E+03  0.8171E-02
  -0.07661
  -0.00566
   0.04655
   0.01605
   0.007776
  -0.006516
   0.04776
   -0.003817
   -0.08051
   0.11179265646275698
   -0.012189
   0.05269956364778239
   -0.02783    0.9906    0.1337
   -0.2228    0.1242    -0.9669
   -0.9745    -0.05671    0.2173
 Node:         57
  0.1285E+03  0.1140E+03  0.4824E+03  0.8171E-02
  -0.0166
   0.006517
   3.022E-4
   0.005792
  -0.003901
  -0.00318
   0.003279
   -0.001416
   -0.02135
   0.022649448359728323
   -0.006495666666666667
   0.010677052350198947
   -0.1862    -0.9059    0.3803
   0.4417    0.2686    0.856
   -0.8777    0.3273    0.3501
 Node:         58
  0.1486E+03  0.1181E+03  0.4530E+03  0.8171E-02
  -0.09295
  -0.05355
   0.1583
  -0.009154
   0.03144
  -0.02906
   0.1744
   -0.03419
   -0.104
   0.2508882063788571
   0.012070000000000003
   0.11826983470014658
   0.1991    -0.9671    -0.1584
   -0.005431    -0.1627    0.9867
   -0.98    -0.1956    -0.03765
 Node:         59
  0.1420E+03  0.1169E+03  0.4693E+03  0.8171E-02
  -0.0694
  -0.0502
   0.1107
  -0.005549
   0.02324
  -0.0272
   0.1274
   -0.03089
   -0.08246
   0.1894154278299421
   0.004683333333333335
   0.0892912889866021
   -0.2483    0.9566    0.1527
   0.04727    -0.1455    0.9882
   0.9675    0.2526    -0.009091
 Node:         60
  0.1375E+03  0.1150E+03  0.4832E+03  0.8171E-02
  -0.007843
  -0.0115
   0.01855
   2.648E-4
   0.002825
  -0.002719
   0.02311
   -0.002809
   -0.01231
   0.03175405456000855
   0.0026636666666666666
   0.014969004873033105
   -0.3458    0.9331    0.09852
   0.1569    -0.04601    0.9865
   0.9251    0.3566    -0.1305
 Node:         61
  0.1556E+03  0.1229E+03  0.4519E+03  0.8171E-02
  -0.03408
  -0.05091
   0.09818
  -0.03485
   0.03938
  -0.1318
   0.1248
   -0.04724
   -0.1452
   0.2367423950204103
   -0.02254666666666667
   0.11160143527551765
   -0.3369    0.9227    0.1874
   0.9064    0.3717    -0.2006
   0.2547    -0.1023    0.9616
 Node:         62
  0.1494E+03  0.1207E+03  0.4691E+03  0.8171E-02
   0.02536
  -0.08476
   0.1053
  -0.0293
   0.03445
  -0.09115
   0.1668
   -0.02784
   -0.09946
   0.2386509392397189
   0.013166666666666665
   0.11250113164862931
   -0.5322    0.8291    0.1712
   0.8305    0.5506    -0.08479
   -0.1645    0.09704    -0.9816
 Node:         63
  0.1437E+03  0.1181E+03  0.4838E+03  0.8171E-02
   0.01906
  -0.0288
   0.03221
  -0.004581
   0.006723
  -0.01098
   0.05615
   -0.003858
   -0.01201
   0.06447170219561447
   0.013427333333333333
   0.030392251878105746
   -0.6181    0.7769    0.12
   0.786    0.6138    0.07389
   0.01624    -0.14    0.99
 Node:         64
  0.1414E+03  0.1252E+03  0.4516E+03  0.8171E-02
  -0.08325
   0.004682
   0.1029
  -0.01952
   0.01601
  -0.03029
   0.1048
   -0.02533
   -0.09013
   0.17194557540105532
   -0.00355333333333333
   0.08105592157407268
   0.0127    0.9932    0.1159
   0.3252    0.1055    -0.9397
   0.9455    -0.04963    0.3217
 Node:         65
  0.1342E+03  0.1229E+03  0.4681E+03  0.8171E-02
  -0.04627
  -0.01562
   0.0818
  -0.01099
   0.008902
  -0.0202
   0.08467
   -0.01799
   -0.05134
   0.12278032863614594
   0.005113333333333331
   0.057879201983287755
   0.1259    -0.9873    -0.09701
   -0.2956    -0.1307    0.9463
   -0.947    -0.0905    -0.3083
 Node:         66
  0.1299E+03  0.1214E+03  0.4825E+03  0.8171E-02
   0.00107
  -0.006828
   0.0151
   7.24E-4
  -4.934E-4
  -0.002788
   0.0179
   -0.001523
   -0.002996
   0.020199820221972274
   0.004460333333333333
   0.009522286571803831
   -0.3771    0.9255    -0.03528
   0.8624    0.3647    0.3511
   0.3379    0.102    -0.9357
 Node:         67
  0.1501E+03  0.1247E+03  0.4514E+03  0.8171E-02
  -0.07905
  -0.03334
   0.09626
  -0.01812
   0.01362
  -0.02324
   0.1046
   -0.02176
   -0.08886
   0.1701411637435221
   -0.0020066666666666657
   0.08020531376134349
   0.1896    -0.9731    -0.1306
   -0.2062    -0.1695    0.9637
   -0.96    -0.1558    -0.2328
 Node:         68
  0.1434E+03  0.1226E+03  0.4684E+03  0.8171E-02
  -0.02419
  -0.06517
   0.09318
  -0.02466
   0.02026
  -0.01676
   0.1279
   -0.01697
   -0.05866
   0.16960248612564616
   0.01742333333333334
   0.07995137869702783
   -0.4129    0.8896    0.195
   -0.2531    -0.3178    0.9137
   0.8749    0.3279    0.3564
 Node:         69
  0.1380E+03  0.1205E+03  0.4830E+03  0.8171E-02
   0.01123
  -0.02132
   0.02437
  -0.006407
   0.006316
  -5.519E-4
   0.04197
   -0.001729
   -0.005187
   0.045526602190367776
   0.011684666666666668
   0.021461446088794255
   -0.5863    0.7838    0.2048
   -0.2461    -0.4131    0.8768
   0.7718    0.4636    0.4351
 Node:         70
  0.1558E+03  0.1249E+03  0.4515E+03  0.8171E-02
  -0.06318
  -0.04067
   0.02417
  -0.04766
   0.03212
   0.02062
   0.08149
   -0.009382
   -0.09048
   0.1490105480964351
   -0.006124
   0.07024424601820897
   0.3965    -0.6466    -0.6517
   -0.05804    -0.7261    0.6851
   0.9162    0.2338    0.3254
 Node:         71
  0.1496E+03  0.1226E+03  0.4689E+03  0.8171E-02
   0.01535
  -0.07952
   0.06585
  -0.06934
   0.04586
   0.008372
   0.1641
   -0.01074
   -0.06378
   0.20653275962907192
   0.029859999999999998
   0.09736047658059199
   -0.5755    0.6787    0.4562
   -0.2627    -0.6817    0.6829
   0.7745    0.2732    0.5706
 Node:         72
  0.1435E+03  0.1199E+03  0.4837E+03  0.8171E-02
   0.02579
  -0.02978
   0.02191
  -0.01784
   0.01171
   0.003798
   0.06139
   -0.001358
   -0.008534
   0.06662646717333885
   0.017166
   0.03140801782984721
   -0.6978    0.6283    0.3439
   -0.1955    -0.629    0.7524
   0.6891    0.4578    0.5618
 Node:         73
  0.1446E+03  0.1339E+03  0.4506E+03  0.0000E+00
   0.04566
  -0.01426
  -0.0753
   0.002554
  -0.004043
   0.05682
   0.05778
   0.04646
   -0.07706
   0.12955145387065328
   0.009059999999999999
   0.061071141029676757
   0.2709    -0.05822    0.9608
   0.9557    -0.1028    -0.2757
   -0.1148    -0.993    -0.02779
 Node:         74
  0.1369E+03  0.1304E+03  0.4675E+03  0.0000E+00
   0.0987
  -0.002241
  -0.03342
   0.006945
  -0.006287
   0.04571
   0.09967
   0.04527
   -0.03394
   0.11637271200758363
   0.037
   0.0548586225370877
   -0.9912    0.02285    -0.1303
   0.1316    0.07522    -0.9884
   0.01278    0.9969    0.07757
 Node:         75
  0.1313E+03  0.1289E+03  0.4826E+03  0.0000E+00
   0.03807
  -8.054E-4
  -0.003438
  -0.002056
  -0.001511
   0.003536
   0.03821
   0.003749
   -0.003787
   0.038782082370599956
   0.012724000000000001
   0.01828204895519099
   -0.9981    0.01718    0.05846
   0.05353    -0.2111    0.976
   -0.02911    -0.9773    -0.2098
 Node:         76
  0.1515E+03  0.1315E+03  0.4504E+03  0.0000E+00
   0.04376
  -0.02336
  -0.09718
  -0.008734
   0.02234
   0.07739
   0.08379
   0.0435
   -0.1033
   0.1705523265745736
   0.007996666666666671
   0.08039913777868239
   -0.2958    0.1545    0.9427
   -0.9435    0.1068    -0.3136
   -0.1492    -0.9822    0.1142
 Node:         77
  0.1447E+03  0.1284E+03  0.4678E+03  0.0000E+00
   0.1367
   0.007684
  -0.04701
   3.044E-4
   0.01723
   0.04008
   0.137
   0.04333
   -0.0506
   0.16246641776071757
   0.043243333333333335
   0.07658740380912663
   -0.999    -0.04271    -0.01073
   -0.01849    0.1858    0.9824
   -0.03997    0.9817    -0.1864
 Node:         78
  0.1385E+03  0.1261E+03  0.4829E+03  0.0000E+00
   0.05686
   0.008525
  -0.002501
  -2.775E-4
   6.671E-4
   0.002557
   0.05806
   0.002634
   -0.003778
   0.05889436927245253
   0.018972
   0.027763071924170546
   -0.9902    -0.1394    0.003276
   -0.01207    0.1091    0.994
   -0.1389    0.9842    -0.1097
 Node:         79
  0.1559E+03  0.1269E+03  0.4511E+03  0.0000E+00
   0.03936
   0.04627
   0.01771
  -0.001521
   1.146E-4
  -0.2848
   0.07606
   -0.01898
   -0.2848
   0.3239697621692494
   -0.07590666666666666
   0.1527208104861795
   0.7835    0.6213    -0.003105
   -0.6213    0.7835    0.003893
   0.004852    -0.001121    1.0
 Node:         80
  0.1497E+03  0.1245E+03  0.4687E+03  0.0000E+00
   0.1542
   0.04333
  -5.271E-4
   0.01651
   0.001673
  -0.2306
   0.1662
   -0.0118
   -0.2313
   0.3448699030069165
   -0.02563333333333334
   0.16257323136222504
   0.9669    0.2517    0.04128
   -0.2514    0.9678    -0.01157
   -0.04286    8.036E-4    0.9991
 Node:         81
  0.1433E+03  0.1218E+03  0.4836E+03  0.0000E+00
   0.06334
   0.01201
  -7.216E-4
   0.007913
   0.001591
  -0.02779
   0.06621
   -0.002898
   -0.02848
   0.08484264991146846
   0.01161066666666667
   0.03999520872415706
   -0.9803    -0.1779    -0.08554
   -0.1791    0.9838    0.005949
   -0.0831    -0.02115    0.9963
 Node:         82
  0.1267E+03  0.1149E+03  0.4571E+03 -0.1906E-01
  -0.02233
  -0.01949
   0.02354
   0.002813
   0.02292
   0.00263
   0.0419
   -0.004772
   -0.03328
   0.06573817022096066
   0.001282666666666668
   0.03098927063069123
   -0.2359    0.8465    0.4773
   0.4873    -0.3219    0.8118
   0.8408    0.4241    -0.3366
 Node:         83
  0.1234E+03  0.1129E+03  0.4724E+03 -0.1906E-01
  -0.03528
  -0.004949
   0.008091
   0.0289
   0.009781
  -0.02283
   0.01138
   -0.001313
   -0.06009
   0.06604471545097305
   -0.016674333333333333
   0.031133777437946
   0.1364    0.9161    0.3771
   -0.632    0.3736    -0.679
   -0.7629    -0.1458    0.6299
 Node:         84
  0.1187E+03  0.1123E+03  0.4849E+03 -0.1906E-01
  -0.005099
   4.426E-4
   4.27E-4
   0.01166
  -4.888E-4
  -0.02127
   0.001048
   3.965E-4
   -0.02739
   0.028117911360021036
   -0.0086485
   0.013254910530315423
   -0.8575    -0.2629    -0.4422
   0.2227    -0.9645    0.1416
   0.4637    -0.02294    -0.8857
 Node:         85
  0.1302E+03  0.1161E+03  0.4557E+03 -0.1906E-01
  -0.02415
  -0.01859
   0.03171
   0.007176
   0.03246
   0.005813
   0.05541
   -0.004139
   -0.03789
   0.08182329558872584
   0.004460333333333333
   0.03857187144654624
   -0.1481    0.8372    0.5264
   -0.5887    0.3531    -0.7272
   0.7947    0.4176    -0.4406
 Node:         86
  0.1252E+03  0.1138E+03  0.4708E+03 -0.1906E-01
  -0.03302
   0.01567
   0.07837
   0.05091
   0.03092
  -0.01652
   0.09533
   0.01029
   -0.0768
   0.1490724766682301
   0.009606666666666666
   0.07027343942691926
   -0.2535    -0.8965    -0.3633
   0.6129    -0.4394    0.6568
   0.7484    0.05611    -0.6609
 Node:         87
  0.1217E+03  0.1126E+03  0.4834E+03 -0.1906E-01
  -0.009069
   9.698E-5
   0.00195
   0.01424
  -0.00241
  -0.01853
   0.003043
   2.458E-4
   -0.02894
   0.030680185286924195
   -0.0085504
   0.014462778042962561
   -0.4456    0.8085    -0.3845
   0.6806    0.585    0.4412
   0.5816    -0.06509    -0.8109
 Node:         88
  0.1338E+03  0.1169E+03  0.4540E+03 -0.1906E-01
  -0.05743
  -0.02336
   0.02882
   0.004709
   0.04575
   0.04349
   0.08346
   -0.002499
   -0.06609
   0.12999609121431308
   0.004957000000000003
   0.06128074508359049
   -0.08458    0.6606    0.746
   -0.3455    0.6828    -0.6438
   0.9346    0.3122    -0.1705
 Node:         89
  0.1270E+03  0.1150E+03  0.4691E+03 -0.1906E-01
  -0.06138
  -3.936E-4
   0.01466
   0.02214
   0.01239
  -0.004128
   0.02208
   -0.003753
   -0.06918
   0.08147522266922626
   -0.016951000000000004
   0.038407788298729206
   0.1319    0.8485    0.5125
   -0.308    0.5265    -0.7924
   -0.9422    -0.05331    0.3308
 Node:         90
  0.1248E+03  0.1132E+03  0.4822E+03 -0.1906E-01
  -0.01497
   0.007754
  -0.003471
   0.007278
  -0.004035
  -0.004428
   5.125E-4
   -7.167E-4
   -0.02267
   0.02259299249524064
   -0.007624733333333334
   0.01065043880045429
   0.3453    0.9089    -0.2338
   -0.474    -0.04613    -0.8793
   -0.81    0.4144    0.4149
 Node:         91
  0.1261E+03  0.1264E+03  0.4546E+03 -0.1906E-01
  -0.05977
   0.009003
   0.08534
  -0.01019
   0.03412
  -0.005141
   0.09695
   -0.01322
   -0.06331
   0.14200300102462624
   0.006806666666666665
   0.06694085664890231
   0.0341    0.9489    0.3138
   0.2584    0.2949    -0.9199
   0.9654    -0.1125    0.2352
 Node:         92
  0.1210E+03  0.1234E+03  0.4725E+03 -0.1906E-01
  -0.03999
  -0.007044
   0.03683
  -0.002975
   0.02379
   0.01619
   0.05305
   6.22E-4
   -0.04064
   0.08132977292480288
   0.004343999999999998
   0.038339222631660126
   0.08061    -0.8344    -0.5452
   0.03303    -0.5444    0.8382
   -0.9962    -0.08557    -0.01632
 Node:         93
  0.1159E+03  0.1217E+03  0.4877E+03 -0.1906E-01
  -0.002888
  -0.002258
   0.002076
   0.001318
   0.004279
   6.683E-5
   0.005583
   -7.395E-4
   -0.005589
   0.009703227311054814
   -2.4849999999999986E-4
   0.004574145220694245
   -0.1209    0.7981    0.5903
   0.7234    -0.3364    0.603
   -0.6798    -0.4999    0.5366
 Node:         94
  0.1315E+03  0.1265E+03  0.4535E+03 -0.1906E-01
  -0.07135
   0.008531
   0.09521
  -0.02179
   0.03119
   0.01217
   0.1056
   0.008587
   -0.07819
   0.1592490722076584
   0.011999000000000001
   0.0750707325704676
   0.006958    0.949    0.3151
   0.2805    0.3006    -0.9116
   0.9598    -0.09474    0.2641
 Node:         95
  0.1251E+03  0.1236E+03  0.4706E+03 -0.1906E-01
  -0.05009
  -0.008904
   0.04949
  -0.009046
   0.01784
   0.02525
   0.06027
   0.01601
   -0.05164
   0.0976199728539196
   0.008213333333333335
   0.04601849652283549
   0.1093    -0.874    -0.4735
   -0.05496    -0.4809    0.875
   -0.9925    -0.06964    -0.1006
 Node:         96
  0.1205E+03  0.1222E+03  0.4852E+03 -0.1906E-01
  -0.003976
  -0.002845
   0.003421
   0.001594
   0.004199
  -0.001082
   0.006215
   -0.001119
   -0.006733
   0.01124622727851434
   -5.456666666666668E-4
   0.005301522380935081
   -0.1704    0.8697    0.4632
   -0.6512    0.2534    -0.7153
   -0.7395    -0.4235    0.5232
 Node:         97
  0.1370E+03  0.1260E+03  0.4521E+03 -0.1906E-01
  -0.09389
   0.004191
   0.09674
  -0.01925
   0.0324
   0.01089
   0.1076
   0.003951
   -0.09783
   0.17791005039345023
   0.004573666666666666
   0.08386760204963271
   -0.01082    0.9475    0.3195
   0.1962    0.3153    -0.9285
   0.9805    -0.05264    0.1893
 Node:         98
  0.1298E+03  0.1233E+03  0.4684E+03 -0.1906E-01
  -0.05124
  -0.009549
   0.06567
  -0.003596
   0.01859
   0.01011
   0.07216
   0.00447
   -0.05209
   0.10774746447132759
   0.008180000000000002
   0.0507926418555549
   0.08224    -0.9534    -0.2904
   -0.01162    -0.2923    0.9563
   -0.9965    -0.07527    -0.03512
 Node:         99
  0.1260E+03  0.1218E+03  0.4827E+03 -0.1906E-01
  -0.002354
  -0.003381
   0.009771
   0.001611
   0.001159
  -0.001852
   0.01069
   -5.975E-4
   -0.00453
   0.013684308760401455
   0.0018541666666666663
   0.006450845013553565
   -0.2437    0.9681    0.05817
   -0.5687    -0.09406    -0.8172
   -0.7856    -0.2322    0.5734
 Node:        100
  0.1255E+03  0.1378E+03  0.4523E+03  0.0000E+00
   0.04133
   0.005762
   0.01525
  -0.006998
  -0.00196
  -0.00774
   0.04357
   0.01404
   -0.008775
   0.045456265519727854
   0.016278333333333332
   0.021428289064277208
   -0.9683    -0.2067    0.14
   -0.2115    0.9772    -0.01998
   -0.1326    -0.04895    -0.99
 Node:        101
  0.1190E+03  0.1339E+03  0.4712E+03  0.0000E+00
   0.05464
   0.009958
   0.02486
  -0.003875
  -0.001496
  -0.009299
   0.05792
   0.02184
   -0.009557
   0.0584836880591503
   0.023401
   0.02756947494361593
   -0.9549    -0.2905    0.06151
   -0.2916    0.9565    -0.009685
   0.05602    0.02718    0.9981
 Node:        102
  0.1139E+03  0.1312E+03  0.4875E+03  0.0000E+00
   0.02034
   0.00455
  -8.978E-5
   0.001887
  -0.001781
  -0.001187
   0.0214
   9.622E-4
   -0.003304
   0.022871289286789234
   0.0063527333333333325
   0.010781629166111936
   -0.9773    -0.2015    -0.06574
   0.1022    -0.72    0.6864
   -0.1856    0.6641    0.7242
 Node:        103
  0.1329E+03  0.1368E+03  0.4516E+03  0.0000E+00
   0.04591
  -0.001677
   0.011
  -0.008703
  -0.004141
  -0.01938
   0.04708
   0.01155
   -0.02111
   0.059071704732469
   0.012506666666666666
   0.027846668661718865
   -0.9913    0.0314    0.1278
   -0.01378    -0.9905    0.1365
   0.1309    0.1335    0.9824
 Node:        104
  0.1253E+03  0.1332E+03  0.4696E+03  0.0000E+00
   0.06538
   0.008421
   0.005571
  -0.005787
  -0.004007
  -0.00697
   0.06708
   0.005196
   -0.008292
   0.0696149911441494
   0.021328000000000003
   0.03281682154017967
   -0.9864    -0.1406    0.0847
   -0.1572    0.9578    -0.2407
   0.04729    0.2507    0.9669
 Node:        105
  0.1201E+03  0.1317E+03  0.4853E+03  0.0000E+00
   0.02342
   0.003144
  -0.003993
   3.448E-4
  -0.002166
  -0.00102
   0.02377
   6.703E-5
   -0.005436
   0.02688033260584586
   0.0061336766666666665
   0.01267151031076231
   -0.9937    -0.1122    -0.004018
   0.04629    -0.4421    0.8958
   -0.1023    0.8899    0.4445
 Node:        106
  0.1403E+03  0.1352E+03  0.4508E+03  0.0000E+00
   0.04727
  -0.002254
  -0.02386
  -0.001963
  -0.0135
   0.002549
   0.0474
   0.008206
   -0.02965
   0.06673061093681071
   0.008651999999999998
   0.03145711167076003
   -0.999    0.02473    0.03629
   0.02381    -0.3893    0.9208
   0.0369    0.9208    0.3883
 Node:        107
  0.1325E+03  0.1316E+03  0.4678E+03  0.0000E+00
   0.08572
   0.00468
  -0.005375
  -1.875E-4
  -0.01411
   0.01195
   0.08598
   0.01975
   -0.01343
   0.08766320037507187
   0.030766666666666668
   0.04132482896381894
   -0.9985    -0.05311    0.01265
   0.03683    -0.4841    0.8742
   -0.04031    0.8734    0.4854
 Node:        108
  0.1273E+03  0.1304E+03  0.4831E+03  0.0000E+00
   0.03057
   8.286E-4
  -0.002853
  -0.002337
  -0.002347
   9.745E-4
   0.03079
   0.001877
   -0.003969
   0.03223604633015656
   0.009566
   0.015196217972464947
   -0.9963    -0.03015    0.08046
   -0.08559    0.4307    -0.8984
   0.007568    0.902    0.4317
 Node:        109
  0.1018E+03  0.1092E+03  0.4946E+03 -0.2099E-05
   0.0
   1.388E-16
   1.11E-16
   5.551E-17
  -1.388E-17
   0.0
   2.069E-16
   2.266E-17
   -1.186E-16
   2.827092280064448E-16
   3.698666666666666E-17
   1.3327040815158061E-16
   -0.5724    -0.814    -0.09897
   0.2904    -0.3141    0.9039
   0.7668    -0.4887    -0.4162
 Node:        110
  0.1058E+03  0.1118E+03  0.5081E+03 -0.2099E-05
   0.0
   2.776E-17
   0.0
  -1.388E-17
  -5.204E-17
   2.22E-16
   2.353E-16
   1.788E-17
   -3.112E-17
   2.456135916434593E-16
   7.402E-17
   1.157833574684491E-16
   -0.08376    -0.2246    0.9708
   0.7726    0.6007    0.2056
   0.6293    -0.7673    -0.1232
 Node:        111
  0.1108E+03  0.1137E+03  0.5210E+03 -0.2099E-05
   0.0
   5.551E-17
  -1.11E-16
  -2.776E-17
   3.261E-16
  -2.22E-16
   1.68E-16
   2.779E-18
   -5.038E-16
   6.063148942925615E-16
   -1.1100700000000001E-16
   2.8581958219244996E-16
   0.1486    0.7638    0.6281
   0.9825    -0.0417    -0.1818
   0.1126    -0.6441    0.7566
 Node:        112
  0.1072E+03  0.1111E+03  0.4942E+03 -0.2099E-05
   0.0
   1.388E-16
   1.11E-16
   0.0
   1.388E-17
  -1.665E-16
   2.053E-16
   -9.314E-17
