 Group name: gastroc_Strain
 #Fields=  16
 1) coordinates, coordinate, rectangular cartesian, #Components=3
   x.  Value index= 1, #Derivatives=0
   y.  Value index= 2, #Derivatives=0
   z.  Value index= 3, #Derivatives=0
 2) Tensor_1, field, rectangular cartesian, #Components=1
   Tensor_1.  Value index= 4, #Derivatives=0
 3) Tensor_2, field, rectangular cartesian, #Components=1
   Tensor_2.  Value index= 5, #Derivatives=0
 4) Tensor_3, field, rectangular cartesian, #Components=1
   Tensor_3.  Value index= 6, #Derivatives=0
 5) Tensor_4, field, rectangular cartesian, #Components=1
   Tensor_4.  Value index= 7, #Derivatives=0
 6) Tensor_5, field, rectangular cartesian, #Components=1
   Tensor_5.  Value index= 8, #Derivatives=0
 7) Tensor_6, field, rectangular cartesian, #Components=1
   Tensor_6.  Value index= 9, #Derivatives=0
 8) Principal_1, field, rectangular cartesian, #Components=1
   Principal_1.  Value index= 10, #Derivatives=0
 9) Principal_2, field, rectangular cartesian, #Components=1
   Principal_2.  Value index= 11, #Derivatives=0
 10) Principal_3, field, rectangular cartesian, #Components=1
   Principal_3.  Value index= 12, #Derivatives=0
 11) VonMises, field, rectangular cartesian, #Components=1
   VonMises.  Value index= 13, #Derivatives=0
 12) Hydrostatic, field, rectangular cartesian, #Components=1
   VonMises.  Value index= 14, #Derivatives=0
 13) Octahedral, field, rectangular cartesian, #Components=1
   VonMises.  Value index= 15, #Derivatives=0
 14) PrincipalVector1, field, rectangular cartesian, #Components=3
   x.  Value index= 16, #Derivatives=0
   y.  Value index= 17, #Derivatives=0
   z.  Value index= 18, #Derivatives=0
 15) PrincipalVector2, field, rectangular cartesian, #Components=3
   x.  Value index= 19, #Derivatives=0
   y.  Value index= 20, #Derivatives=0
   z.  Value index= 21, #Derivatives=0
 16) PrincipalVector3, field, rectangular cartesian, #Components=3
   x.  Value index= 22, #Derivatives=0
   y.  Value index= 23, #Derivatives=0
   z.  Value index= 24, #Derivatives=0
 Node:          1
  0.1287E+03  0.1133E+03  0.4908E+03 -0.1245E-04
  -1.11E-16
  -8.327E-17
  -2.22E-16
  -2.776E-17
  -4.163E-17
  -3.331E-16
   -6.637E-17
   -2.4E-16
   -3.598E-16
   2.5553921597281306E-16
   -2.2205666666666663E-16
   1.204623416489799E-16
   0.8837    -0.4676    -0.01897
   0.4046    0.7837    -0.4712
   0.2352    0.4088    0.8818
 Node:          2
  0.1292E+03  0.1137E+03  0.5052E+03 -0.1245E-04
  -5.551E-17
  -1.11E-16
  -1.665E-16
  -5.551E-17
   1.943E-16
  -2.776E-16
   8.603E-17
   -1.6E-16
   -4.256E-16
   4.4319260925696854E-16
   -1.6652333333333334E-16
   2.089229995849082E-16
   -0.6554    0.6199    0.4313
   0.7522    0.4849    0.4462
   -0.06744    -0.6169    0.7841
 Node:          3
  0.1289E+03  0.1155E+03  0.5194E+03 -0.1245E-04
   2.22E-16
   1.388E-16
   3.331E-16
   1.11E-16
   5.551E-17
   2.22E-16
   4.753E-16
   2.118E-16
   9.006E-17
   3.4107384479024473E-16
   2.590533333333333E-16
   1.6078375235770005E-16
   -0.5696    -0.7144    -0.4063
   0.2395    -0.6172    0.7494
   -0.7862    0.3296    0.5227
 Node:          4
  0.1361E+03  0.1141E+03  0.4915E+03 -0.1245E-04
   0.0
  -2.776E-17
  -1.11E-16
  -2.776E-17
  -8.327E-17
   2.22E-16
   2.435E-16
   6.328E-18
   -1.388E-16
   3.3426485304919515E-16
   3.700933333333334E-17
   1.5757396286894045E-16
   -0.08549    -0.2215    0.9714
   0.9681    -0.2491    0.0284
   0.2357    0.9428    0.2357
 Node:          5
  0.1341E+03  0.1144E+03  0.5054E+03 -0.1245E-04
   3.331E-16
   1.388E-16
   3.331E-16
   5.551E-17
  -6.939E-17
   4.441E-16
   4.814E-16
   4.627E-16
   1.662E-16
   3.062784517395894E-16
   3.7010000000000004E-16
   1.4438104677092028E-16
   -0.348    -0.6443    0.681
   -0.6589    -0.3487    -0.6665
   0.6669    -0.6807    -0.3032
 Node:          6
  0.1323E+03  0.1162E+03  0.5191E+03 -0.1245E-04
   2.22E-16
   5.551E-17
   2.22E-16
  -5.551E-17
  -2.776E-17
   0.0
   2.897E-16
   1.685E-16
   -1.402E-17
   2.648101478418076E-16
   1.4806E-16
   1.2483270084396958E-16
   -0.715    -0.6696    0.2012
   0.6656    -0.7399    -0.09741
   -0.2141    -0.06426    -0.9747
 Node:          7
  0.1408E+03  0.1171E+03  0.4920E+03 -0.1245E-04
   3.331E-16
   2.22E-16
   2.22E-16
  -8.327E-17
  -1.11E-16
   0.0
   5.398E-16
   6.158E-17
   -4.631E-17
   5.403052621435404E-16
   1.8502333333333335E-16
   2.5470234318164845E-16
   -0.7537    -0.6111    0.2419
   -0.656    0.677    -0.3335
   -0.04004    0.4101    0.9112
 Node:          8
  0.1367E+03  0.1169E+03  0.5055E+03 -0.1245E-04
   2.22E-16
   1.943E-16
   2.22E-16
  -4.025E-16
  -2.359E-16
  -2.22E-16
   6.547E-16
   4.477E-17
   -4.775E-16
   9.814930967154074E-16
   7.399000000000001E-17
   4.626802829168323E-16
   -0.6847    -0.5611    0.4652
   0.5685    -0.8105    -0.1409
   -0.4561    -0.1681    -0.8739
 Node:          9
  0.1339E+03  0.1180E+03  0.5191E+03 -0.1245E-04
   2.22E-16
   1.665E-16
   0.0
  -3.955E-16
  -2.776E-16
   6.661E-16
   1.002E-15
   -9.379E-18
   -1.046E-16
   1.062195387036208E-15
   2.96007E-16
   5.007237074122481E-16
   -0.4817    -0.3073    0.8207
   -0.8565    -0.03292    -0.515
   -0.1853    0.951    0.2474
 Node:         10
  0.1294E+03  0.1212E+03  0.4911E+03 -0.1245E-04
   0.0
   2.776E-17
   1.11E-16
  -1.388E-17
   1.249E-16
   1.11E-16
   2.363E-16
   2.303E-17
   -3.732E-17
   2.48992088026909E-16
   7.400333333333333E-17
   1.173759959370834E-16
   0.0421    0.71    0.703
   -0.7813    -0.4152    0.4661
   -0.6228    0.5688    -0.5372
 Node:         11
  0.1295E+03  0.1214E+03  0.5055E+03 -0.1245E-04
  -2.22E-16
  -2.776E-17
  -2.22E-16
  -4.163E-17
   1.388E-17
  -1.665E-16
   -1.365E-16
   -2.183E-16
   -2.558E-16
   1.0566451627675205E-16
   -2.035333333333333E-16
   4.9810730660058464E-17
   -0.4935    0.2929    0.8189
   0.3541    -0.7924    0.4968
   -0.7944    -0.5351    -0.2873
 Node:         12
  0.1295E+03  0.1217E+03  0.5196E+03 -0.1245E-04
   1.11E-16
   0.0
   1.11E-16
   7.633E-17
   2.776E-17
   2.22E-16
   2.649E-16
   1.11E-16
   6.816E-17
   1.792025435087348E-16
   1.4801999999999999E-16
   8.447688914726913E-17
   -0.4387    -0.1595    -0.8844
   0.3417    -0.9398    -2.255E-17
   0.8311    0.3022    -0.4668
 Node:         13
  0.1361E+03  0.1199E+03  0.4914E+03 -0.1245E-04
   1.11E-16
  -1.388E-16
   0.0
  -9.714E-17
   2.776E-17
  -1.665E-16
   2.285E-16
   -8.52E-17
   -1.988E-16
   3.833392361864358E-16
   -1.849999999999999E-17
   1.807078489348669E-16
   0.8171    -0.5252    -0.2378
   0.4648    0.8442    -0.2671
   0.341    0.1077    0.9339
 Node:         14
  0.1342E+03  0.1198E+03  0.5054E+03 -0.1245E-04
  -5.551E-17
   2.776E-17
   0.0
   5.551E-17
  -9.021E-17
   1.11E-16
   1.672E-16
   -4.94E-18
   -1.068E-16
   2.398787602102362E-16
   1.8486666666666665E-17
   1.130799320048532E-16
   0.1634    -0.4472    0.8794
   -0.6569    -0.7144    -0.2412
   -0.7361    0.5382    0.4105
 Node:         15
  0.1330E+03  0.1205E+03  0.5193E+03 -0.1245E-04
   2.22E-16
  -8.327E-17
  -5.551E-17
   1.388E-17
   4.857E-17
   0.0
   2.451E-16
   2.471E-17
   -1.033E-16
   3.0523832672192397E-16
   5.550333333333333E-17
   1.438907271354049E-16
   -0.9638    0.2667    -0.001723
   0.1157    0.4239    0.8983
   0.2403    0.8656    -0.4394
 Node:         16
  0.1404E+03  0.1188E+03  0.4918E+03 -0.1245E-04
   2.22E-16
   5.551E-17
   2.22E-16
  -8.327E-17
  -1.457E-16
   4.441E-16
   5.466E-16
   1.95E-16
   1.465E-16
   3.7818964819254375E-16
   2.9603333333333337E-16
   1.7828030987433498E-16
   -0.2927    -0.4328    0.8526
   -0.9222    -0.1077    -0.3713
   -0.2526    0.895    0.3676
 Node:         17
  0.1365E+03  0.1184E+03  0.5055E+03 -0.1245E-04
  -1.11E-16
   2.776E-17
  -1.11E-16
   9.714E-17
   1.7E-16
   0.0
   1.573E-16
   -1.341E-16
   -2.452E-16
   3.600440389730123E-16
   -7.400000000000001E-17
   1.697263876557404E-16
   0.3368    0.5285    0.7792
   0.8927    -0.4425    -0.08566
   -0.2996    -0.7244    0.6209
 Node:         18
  0.1341E+03  0.1191E+03  0.5192E+03 -0.1245E-04
   0.0
   0.0
   0.0
   2.645E-17
   1.065E-16
   4.441E-16
   4.697E-16
   -1.672E-33
   -2.562E-17
   4.830198633596759E-16
   1.4802666666666666E-16
   2.2769774721961763E-16
   -0.05484    -0.2207    -0.9738
   0.9705    -0.2411    -6.21E-17
   -0.2348    -0.9451    0.2274
 Node:         19
  0.1301E+03  0.1291E+03  0.4914E+03  0.0000E+00
   1.11E-16
   0.0
   1.11E-16
   2.101E-19
   1.001E-17
  -2.22E-16
   1.113E-16
   1.11E-16
   -2.223E-16
   3.3345010121455954E-16
   0.0
   1.5718988517077046E-16
   -0.02096    -0.9993    -0.03003
   0.9998    -0.02097    1.345E-19
   6.298E-4    0.03003    -0.9995
 Node:         20
  0.1299E+03  0.1291E+03  0.5058E+03  0.0000E+00
   2.22E-16
   0.0
   0.0
   1.041E-17
   1.924E-17
  -5.551E-17
   2.224E-16
   5.975E-18
   -6.188E-17
   2.5715676157744715E-16
   5.549833333333335E-17
   1.2122485995959007E-16
   -0.9993    -0.003257    -0.03765
   0.01428    -0.9549    -0.2965
   -0.03498    -0.2968    0.9543
 Node:         21
  0.1301E+03  0.1280E+03  0.5197E+03  0.0000E+00
   1.11E-16
   0.0
   0.0
   4.163E-17
   1.475E-17
   1.11E-16
   1.534E-16
   7.089E-17
   -2.22E-18
   1.3485280234388901E-16
   7.402333333333333E-17
   6.357022066624871E-17
   -0.6994    -0.0684    -0.7114
   -0.7126    0.1429    0.6869
   -0.05465    -0.9874    0.1487
 Node:         22
  0.1360E+03  0.1256E+03  0.4913E+03  0.0000E+00
  -2.22E-16
   1.388E-17
  -1.11E-16
  -1.388E-17
   1.006E-16
   1.11E-16
   1.5E-16
   -1.456E-16
   -2.264E-16
   3.432090907886911E-16
   -7.4E-17
   1.617903169743686E-16
   -0.02144    0.3586    0.9332
   0.228    0.9106    -0.3447
   -0.9734    0.2054    -0.1013
 Node:         23
  0.1343E+03  0.1253E+03  0.5054E+03  0.0000E+00
   0.0
   2.082E-17
  -4.441E-16
   0.0
   1.314E-16
  -1.665E-16
   1.265E-18
   -1.147E-16
   -4.972E-16
   4.517861703560657E-16
   -2.0354499999999996E-16
   2.1297404313671653E-16
   0.997    0.06061    0.04746
   0.06644    -0.3661    -0.9282
   0.03888    -0.9286    0.369
 Node:         24
  0.1336E+03  0.1248E+03  0.5194E+03  0.0000E+00
  -2.22E-16
   1.214E-17
   0.0
   1.388E-17
   8.674E-19
  -1.665E-16
   6.779E-19
   -1.633E-16
   -2.259E-16
   2.026635838733984E-16
   -1.2950736666666666E-16
   9.553652963763242E-17
   -0.05504    -0.9984    -0.009747
   0.2257    -0.02195    0.974
   -0.9726    0.05141    0.2265
 Node:         25
  0.1400E+03  0.1206E+03  0.4917E+03  0.0000E+00
   0.0
   2.671E-16
  -1.11E-16
  -8.327E-17
  -1.301E-16
   2.22E-16
   3.681E-16
   7.58E-17
   -3.329E-16
   6.098671904603493E-16
   3.699999999999999E-17
   2.8749415066513385E-16
   0.5089    0.4781    -0.7159
   0.6086    0.3883    0.692
   0.6088    -0.7878    -0.09334
 Node:         26
  0.1363E+03  0.1200E+03  0.5055E+03  0.0000E+00
   2.22E-16
   1.076E-16
  -6.106E-16
   2.776E-17
  -1.124E-15
  -5.551E-17
   8.281E-16
   2.248E-16
   -1.497E-15
   2.089815319591662E-15
   -1.4803333333333336E-16
   9.851483892738641E-16
   0.07371    0.6174    -0.7832
   0.9955    0.001018    0.09449
   -0.05914    0.7866    0.6146
 Node:         27
  0.1343E+03  0.1203E+03  0.5192E+03  0.0000E+00
   2.22E-16
  -1.943E-16
   2.22E-16
  -1.041E-16
   1.313E-15
   0.0
   1.466E-15
   1.875E-16
   -1.209E-15
   2.3173691440942246E-15
   1.4816666666666667E-16
   1.0924182908676612E-15
   -0.1693    0.728    0.6643
   0.9848    0.09849    0.1431
   0.03876    0.6785    -0.7336
 Node:         28
  0.1155E+03  0.1124E+03  0.4931E+03 -0.7355E-04
  -2.22E-16
   3.816E-17
   2.22E-16
  -5.551E-17
   5.551E-17
   1.11E-16
   2.455E-16
   1.014E-16
   -2.359E-16
   4.279497984577163E-16
   3.699999999999999E-17
   2.0173746966457835E-16
   0.03184    0.9284    0.3701
   0.1988    0.3571    -0.9127
   0.9795    -0.1026    0.1732
 Node:         29
  0.1119E+03  0.1139E+03  0.5068E+03 -0.7355E-04
  -2.22E-16
  -2.082E-17
   0.0
   5.551E-17
   6.939E-18
  -3.331E-16
   1.944E-18
   -2.004E-16
   -3.566E-16
   3.113642033631998E-16
   -1.8501866666666668E-16
   1.4677849307791052E-16
   -0.09118    0.9958    0.005517
   -0.9179    -0.08189    -0.3884
   -0.3863    -0.04048    0.9215
 Node:         30
  0.1113E+03  0.1159E+03  0.5206E+03 -0.7355E-04
   2.22E-16
   1.249E-16
   2.22E-16
   0.0
  -2.776E-17
   1.11E-16
   3.486E-16
   1.238E-16
   8.277E-17
   2.4787505905193444E-16
   1.8505666666666664E-16
   1.1684942342842583E-16
   -0.7001    -0.7092    0.08287
   -0.4685    0.3686    -0.8029
   -0.5389    0.6009    0.5903
 Node:         31
  0.1203E+03  0.1126E+03  0.4920E+03 -0.7355E-04
  -5.551E-17
   9.714E-17
  -1.11E-16
   2.776E-17
   4.163E-17
  -5.551E-17
   4.114E-17
   -7.661E-17
   -1.866E-16
   1.9726678661143135E-16
   -7.402333333333333E-17
   9.29924550105485E-17
   -0.6956    -0.5654    -0.4433
   0.4358    0.1585    -0.886
   0.5712    -0.8095    0.1362
 Node:         32
  0.1188E+03  0.1134E+03  0.5062E+03 -0.7355E-04
   2.22E-16
  -1.388E-17
  -1.11E-16
  -2.776E-17
   9.714E-17
  -5.551E-17
   2.266E-16
   1.331E-17
   -1.844E-16
   3.5602167644681415E-16
   1.8503333333333345E-17
   1.6783022777663014E-16
   -0.9894    0.07624    0.1236
   0.1445    0.5992    0.7875
   0.01402    -0.797    0.6038
 Node:         33
  0.1183E+03  0.1150E+03  0.5201E+03 -0.7355E-04
   1.11E-16
   5.551E-17
   0.0
   8.327E-17
   0.0
   0.0
   1.7E-16
   0.0
   -5.893E-17
   2.0589037107159722E-16
   3.702333333333333E-17
   9.705765171049398E-17
   -0.8617    -0.2815    -0.4222
   0.0    -0.8321    0.5547
   -0.5074    0.478    0.717
 Node:         34
  0.1255E+03  0.1129E+03  0.4909E+03 -0.7355E-04
   0.0
   0.0
   0.0
   5.551E-17
   9.714E-17
   0.0
   1.119E-16
   3.387E-33
   -1.119E-16
   1.9381648536695736E-16
   0.0
   9.136596740581255E-17
   -0.3508    -0.6139    -0.7071
   0.8682    -0.4961    -4.855E-17
   -0.3508    -0.6139    0.7071
 Node:         35
  0.1260E+03  0.1135E+03  0.5054E+03 -0.7355E-04
   0.0
   1.11E-16
  -1.11E-16
   1.11E-16
   2.498E-16
  -1.11E-16
   2.41E-16
   -1.023E-16
   -3.608E-16
   5.228959647960578E-16
   -7.403333333333333E-17
   2.4649552170824977E-16
   0.5458    0.5925    0.5925
   0.8379    -0.3859    -0.3859
   -4.975E-17    -0.7071    0.7071
 Node:         36
  0.1257E+03  0.1153E+03  0.5196E+03 -0.7355E-04
   0.0
  -5.551E-17
   0.0
  -5.551E-17
   8.327E-17
   0.0
   1.305E-16
   -4.723E-17
   -8.327E-17
   1.982226619234037E-16
   0.0
   9.344305895392481E-17
   -0.5155    0.6059    0.6059
   0.8569    0.3645    0.3645
   -1.256E-16    0.7071    -0.7071
 Node:         37
  0.1132E+03  0.1210E+03  0.4959E+03 -0.7355E-04
  -2.22E-16
   1.388E-16
  -2.22E-16
  -8.327E-17
   1.804E-16
  -2.776E-16
   -4.482E-17
   -1.622E-16
   -5.146E-16
   4.2347200190803645E-16
   -2.4054E-16
   1.9962661612787678E-16
   0.3971    0.7887    0.4693
   -0.7874    0.0301    0.6157
   0.4715    -0.614    0.633
 Node:         38
  0.1111E+03  0.1204E+03  0.5085E+03 -0.7355E-04
  -1.665E-16
   9.714E-17
   0.0
  -2.776E-17
  -8.327E-17
  -2.22E-16
   7.071E-17
   -2.091E-16
   -2.502E-16
   3.0246162913665597E-16
   -1.2953E-16
   1.4258177934084005E-16
   -0.3916    -0.8746    0.2859
   0.9154    -0.3389    0.217
   0.09287    -0.3467    -0.9334
 Node:         39
  0.1119E+03  0.1201E+03  0.5207E+03 -0.7355E-04
  -5.551E-17
  -9.714E-17
  -3.331E-16
  -8.327E-17
  -7.633E-17
  -1.11E-16
   8.934E-18
   -1.105E-16
   -3.981E-16
   3.6239130612640252E-16
   -1.6655533333333335E-16
   1.7083290000335286E-16
   0.851    -0.1281    -0.5092
   0.4076    -0.4503    0.7944
   -0.3311    -0.8836    -0.331
 Node:         40
  0.1191E+03  0.1220E+03  0.4937E+03 -0.7355E-04
   0.0
   8.327E-17
  -2.22E-16
   8.327E-17
  -1.388E-17
  -2.22E-16
   4.872E-17
   -2.082E-16
   -2.846E-16
   3.0244591979393603E-16
   -1.4802666666666666E-16
   1.4257437388566321E-16
   -0.924    -0.2703    -0.2703
   0.0    -0.7071    0.7071
   0.3823    -0.6534    -0.6534
 Node:         41
  0.1182E+03  0.1217E+03  0.5073E+03 -0.7355E-04
   0.0
  -2.776E-17
  -5.551E-17
   5.551E-17
   9.714E-17
   1.11E-16
   1.653E-16
   1.073E-17
   -1.206E-16
   2.478691830381502E-16
   1.8476666666666666E-17
   1.168466534489637E-16
   0.2406    0.3653    0.8993
   -0.8901    0.4526    0.05428
   -0.3871    -0.8135    0.434
 Node:         42
  0.1187E+03  0.1212E+03  0.5204E+03 -0.7355E-04
   0.0
  -5.551E-17
  -1.11E-16
   0.0
   5.551E-17
   1.11E-16
   1.256E-16
   1.887E-17
   -1.444E-16
   2.3552960089975954E-16
   2.3333333333339628E-20
   1.1102971864425409E-16
   0.1113    -0.2517    -0.9614
   0.9295    -0.3159    0.1903
   -0.3516    -0.9148    0.1988
 Node:         43
  0.1258E+03  0.1217E+03  0.4915E+03 -0.7355E-04
   2.22E-16
   1.11E-16
   1.11E-16
  -1.388E-17
   0.0
  -5.551E-17
   2.911E-16
   4.294E-17
   -5.645E-17
   3.1004254562882173E-16
   9.253E-17
   1.4615545764698628E-16
   -0.8507    -0.5246    0.03406
   -0.5213    0.8502    0.07348
   0.06751    -0.04475    0.9967
 Node:         44
  0.1259E+03  0.1220E+03  0.5059E+03 -0.7355E-04
  -2.22E-16
   1.388E-16
  -2.22E-16
   9.714E-17
   1.11E-16
  -1.11E-16
   5.081E-17
   -2.445E-16
   -3.614E-16
   3.679610646522265E-16
   -1.8503E-16
   1.7345850935214064E-16
   -0.5113    -0.534    -0.6733
   -0.5198    -0.4318    0.7372
   -0.6844    0.7269    -0.05679
 Node:         45
  0.1261E+03  0.1221E+03  0.5198E+03 -0.7355E-04
  -5.551E-17
  -8.327E-17
  -2.776E-16
   2.776E-17
  -6.939E-18
   1.11E-16
   1.167E-16
   -3.339E-17
   -3.053E-16
   3.7050374910383835E-16
   -7.399666666666666E-17
   1.7465714229757554E-16
   0.1854    -0.05643    0.981
   0.9302    -0.3117    -0.1938
   -0.3167    -0.9485    0.005308
 Node:         46
  0.1117E+03  0.1296E+03  0.4959E+03  0.0000E+00
  -5.551E-17
   2.776E-17
  -1.665E-16
   6.939E-18
  -2.602E-17
   0.0
   4.101E-18
   -4.897E-17
   -1.772E-16
   1.6144583695778595E-16
   -7.402300000000001E-17
   7.610629740479211E-17
   0.04856    -0.1429    0.9886
   0.9724    0.2327    -0.01414
   -0.228    0.962    0.1502
 Node:         47
  0.1107E+03  0.1269E+03  0.5087E+03  0.0000E+00
  -1.665E-16
  -3.123E-17
   1.11E-16
  -2.776E-17
   3.99E-17
   0.0
   1.289E-16
   -1.114E-17
   -1.732E-16
   2.6185783853075704E-16
   -1.8479999999999997E-17
   1.2344096888796688E-16
   -0.1292    0.939    0.3186
   -0.1008    -0.3321    0.9379
   -0.9865    -0.08906    -0.1376
 Node:         48
  0.1125E+03  0.1242E+03  0.5208E+03  0.0000E+00
   1.11E-16
   3.469E-18
   1.11E-16
   0.0
  -1.735E-18
   1.11E-16
   1.149E-16
   1.11E-16
   1.071E-16
   6.75499814951862E-18
   1.1099999999999999E-16
   3.1843366656181307E-18
   -0.6325    -0.7071    0.3162
   0.4472    -4.455E-15    0.8944
   -0.6325    0.7071    0.3162
 Node:         49
  0.1186E+03  0.1311E+03  0.4938E+03  0.0000E+00
  -1.665E-16
  -2.082E-17
   0.0
  -4.163E-17
  -6.072E-18
  -5.551E-17
   2.581E-18
   -4.165E-17
   -1.83E-16
   1.6789358448433935E-16
   -7.402300000000001E-17
   7.914579473772858E-17
   0.1174    -0.9929    0.01965
   -0.3135    -0.01827    0.9494
   -0.9423    -0.1176    -0.3134
 Node:         50
  0.1180E+03  0.1298E+03  0.5075E+03  0.0000E+00
   0.0
  -1.301E-17
   3.331E-16
  -4.163E-17
   1.247E-17
   2.22E-16
   3.354E-16
   2.276E-16
   -7.879E-18
   3.040655120874448E-16
   1.8504033333333332E-16
   1.4333785701466156E-16
   0.05441    -0.9902    -0.1289
   -0.1707    -0.1364    0.9758
   0.9838    0.03109    0.1765
 Node:         51
  0.1192E+03  0.1275E+03  0.5206E+03  0.0000E+00
   0.0
  -3.469E-18
  -5.551E-17
   0.0
   1.475E-17
   1.11E-16
   1.123E-16
   2.087E-19
   -5.702E-17
   1.491791641607165E-16
   1.849623333333333E-17
   7.03237323931892E-17
   -0.002705    0.08758    0.9962
   0.9982    -0.06004    0.007989
   -0.06051    -0.9943    0.08725
 Node:         52
  0.1262E+03  0.1305E+03  0.4920E+03  0.0000E+00
   1.11E-16
  -1.388E-17
   1.11E-16
   1.301E-18
   4.906E-18
   0.0
   1.25E-16
   9.734E-17
   -2.497E-19
   1.1396559238686912E-16
   7.403009999999999E-17
   5.372389546579809E-17
   -0.7047    0.7092    0.02051
   0.7093    0.7034    0.04493
   -0.01744    -0.04621    0.9988
 Node:         53
  0.1258E+03  0.1304E+03  0.5063E+03  0.0000E+00
  -1.665E-16
  -1.735E-18
  -1.11E-16
   2.776E-17
   3.383E-17
  -2.22E-16
   -1.01E-16
   -1.572E-16
   -2.414E-16
   1.2239330047024632E-16
   -1.6653333333333332E-16
   5.769675515620921E-17
   0.09684    0.9526    0.2883
   -0.9346    0.1866    -0.3027
   -0.3422    -0.2402    0.9084
 Node:         54
  0.1265E+03  0.1288E+03  0.5200E+03  0.0000E+00
  -2.22E-16
   2.082E-17
   1.11E-16
   0.0
  -4.337E-18
   1.11E-16
   1.16E-16
   1.073E-16
   -2.233E-16
   3.350347295430729E-16
   0.0
   1.5793688612860518E-16
   -0.04656    -0.7562    0.6527
   -0.04117    -0.6514    -0.7576
   -0.9981    0.06215    8.061E-4
 Node:         55
  0.1382E+03  0.1167E+03  0.4532E+03  0.4410E-02
  -0.01878
  -0.008338
   0.02205
  -5.036E-4
   0.01276
  -0.001226
   0.02898
   -0.00627
   -0.02066
   0.044236660136135954
   6.833333333333321E-4
   0.020853361572870904
   0.1626    -0.9079    -0.3864
   0.1988    -0.3534    0.9141
   -0.9665    -0.2255    0.123
 Node:         56
  0.1314E+03  0.1156E+03  0.4686E+03  0.4410E-02
  -0.01658
  -0.003892
   0.01293
   0.002586
   0.003589
  -0.005637
   0.01397
   -0.005405
   -0.01786
   0.027781887534867027
   -0.0030983333333333336
   0.013096507380044328
   0.1109    -0.9801    -0.1648
   0.2664    -0.1304    0.955
   0.9575    0.1498    -0.2466
 Node:         57
  0.1285E+03  0.1140E+03  0.4823E+03  0.4410E-02
  -0.003097
   8.363E-4
   7.546E-4
   9.83E-4
  -6.255E-4
  -8.955E-4
   0.001031
   -5.696E-4
   -0.0037
   0.004167954265584016
   -0.0010795333333333335
   0.00196479248324657
   -0.137    -0.9606    0.2419
   0.4052    0.1685    0.8986
   -0.9039    0.2211    0.3662
 Node:         58
  0.1481E+03  0.1176E+03  0.4535E+03  0.4410E-02
  -0.02007
  -0.01525
   0.03918
  -0.002681
   0.009485
  -0.02325
   0.04431
   -0.02363
   -0.02482
   0.06854274797525993
   -0.0013799999999999993
   0.032311361262977865
   0.2338    -0.9615    -0.1443
   0.9057    0.2693    -0.3273
   0.3535    -0.05416    0.9338
 Node:         59
  0.1417E+03  0.1165E+03  0.4694E+03  0.4410E-02
  -0.01078
  -0.01582
   0.02963
  -0.005077
   0.00881
  -0.01112
   0.03715
   -0.01228
   -0.01714
   0.052030513162950834
   0.002576666666666668
   0.024527419124092304
   0.3263    -0.9232    -0.2028
   -0.3462    -0.3164    0.8832
   0.8796    0.218    0.4228
 Node:         60
  0.1375E+03  0.1150E+03  0.4832E+03  0.4410E-02
   4.906E-4
  -0.004694
   0.006199
  -0.001743
   0.00198
  -1.747E-5
   0.009537
   -5.4E-4
   -0.002325
   0.011077887840197698
   0.002224
   0.005222166408685193
   0.4837    -0.8353    -0.2613
   -0.1489    -0.3728    0.9159
   0.8625    0.4041    0.3047
 Node:         61
  0.1551E+03  0.1218E+03  0.4537E+03  0.4410E-02
   1.829E-4
  -0.01354
   0.0144
  -0.006176
   0.006507
  -0.03818
   0.02382
   -0.007891
   -0.03953
   0.0548627211410444
   -0.007867
   0.025862534768786038
   -0.5195    0.8429    0.1402
   0.8455    0.5308    -0.05839
   0.1236    -0.08822    0.9884
 Node:         62
  0.1491E+03  0.1201E+03  0.4700E+03  0.4410E-02
   0.01556
  -0.02681
   0.02376
  -0.009856
   0.009742
  -0.01796
   0.04961
   -0.007371
   -0.02088
   0.06480033773831738
   0.0071196666666666665
   0.03054717215862851
   -0.6413    0.7407    0.2003
   0.7428    0.6647    -0.07984
   -0.1923    0.09761    -0.9765
 Node:         63
  0.1436E+03  0.1181E+03  0.4838E+03  0.4410E-02
   0.006804
  -0.01022
   0.01117
  -0.00221
   0.003645
  -0.00138
   0.02026
   -0.001159
   -0.002508
   0.02212436649940513
   0.005531
   0.010429526387457233
   -0.6133    0.7662    0.1917
   0.7442    0.4794    0.4652
   -0.2645    -0.428    0.8642
 Node:         64
  0.1412E+03  0.1253E+03  0.4526E+03  0.4410E-02
  -0.02488
  -0.001064
   0.03002
  -0.004954
   0.003866
  -0.01266
   0.03041
   -0.01129
   -0.02664
   0.05113323283345187
   -0.0025066666666666675
   0.024104437120349625
   0.02744    -0.9953    -0.09251
   -0.3341    -0.09635    0.9376
   0.9421    -0.005177    0.3352
 Node:         65
  0.1340E+03  0.1229E+03  0.4684E+03  0.4410E-02
  -0.01055
  -0.007371
   0.02378
  -0.003822
   0.002297
  -0.008252
   0.02557
   -0.006578
   -0.01401
   0.036436965625584135
   0.0016606666666666662
   0.017176550319807783
   -0.2082    0.974    0.08968
   -0.4844    -0.1823    0.8556
   0.8497    0.1347    0.5098
 Node:         66
  0.1299E+03  0.1214E+03  0.4825E+03  0.4410E-02
   0.001323
  -0.002766
   0.004978
  -2.708E-4
   2.63E-4
  -8.079E-4
   0.006484
   -1.453E-4
   -8.447E-4
   0.007005234562097118
   0.0018313333333333333
   0.003302299241774165
   -0.4739    0.8792    0.04931
   0.8644    0.4751    -0.1647
   0.1682    0.0354    0.9851
 Node:         67
  0.1498E+03  0.1242E+03  0.4531E+03  0.4410E-02
  -0.02117
  -0.01037
   0.0269
  -0.004353
   0.003257
  -0.02155
   0.02937
   -0.01893
   -0.02626
   0.05235129320274715
   -0.005273333333333332
   0.024678636285031818
   -0.2069    0.9751    0.08006
   0.6074    0.1922    -0.7708
   -0.767    -0.1109    -0.632
 Node:         68
  0.1431E+03  0.1223E+03  0.4691E+03  0.4410E-02
  -6.639E-4
  -0.01994
   0.02658
  -0.009193
   0.005814
  -0.01194
   0.03887
   -0.006984
   -0.01792
   0.05218855004692121
   0.004655333333333335
   0.024601918425647667
   0.4764    -0.8596    -0.1845
   -0.6317    -0.4807    0.6082
   0.6115    0.1732    0.772
 Node:         69
  0.1379E+03  0.1205E+03  0.4831E+03  0.4410E-02
   0.004999
  -0.007046
   0.007678
  -0.002994
   0.002463
  -2.081E-4
   0.0145
   -2.803E-4
   -0.001749
   0.015566700819056041
   0.0041569
   0.007338213139904473
   -0.6265    0.7379    0.2511
   0.503    0.6288    -0.593
   -0.5955    -0.2452    -0.7651
 Node:         70
  0.1554E+03  0.1239E+03  0.4536E+03  0.4410E-02
  -0.01337
  -0.01291
   0.006017
  -0.01185
   0.008619
  -0.0131
   0.01811
   -0.01303
   -0.02553
   0.038925564864237996
   -0.006816666666666666
   0.018349687251346333
   -0.4722    0.7872    0.3967
   -0.4409    -0.6006    0.667
   -0.7633    -0.1401    -0.6307
 Node:         71
  0.1492E+03  0.1220E+03  0.4699E+03  0.4410E-02
   0.0127
  -0.02336
   0.0174
  -0.0214
   0.01314
  -0.004293
   0.0495
   -0.004628
   -0.01906
   0.06260429940507281
   0.008604
   0.029511949760506622
   -0.6471    0.6403    0.4138
   0.4599    0.7608    -0.458
   -0.6081    -0.1061    -0.7868
 Node:         72
  0.1435E+03  0.1199E+03  0.4838E+03  0.4410E-02
   0.01001
  -0.009464
   0.006597
  -0.006783
   0.004102
   0.001421
   0.02105
   -3.818E-4
   -0.002649
   0.022650660565202065
   0.006006399999999999
   0.010677623789339398
   -0.7249    0.58    0.3716
   -0.2955    -0.7492    0.5928
   0.6222    0.3199    0.7145
 Node:         73
  0.1443E+03  0.1339E+03  0.4523E+03  0.0000E+00
   0.01609
  -0.003232
  -0.02286
  -2.978E-4
  -1.162E-4
   0.01436
   0.0164
   0.01432
   -0.02313
   0.03853212815301019
   0.0025299999999999997
   0.01816421940702839
   0.9869    -0.08083    -0.1395
   0.1388    -0.01516    0.9902
   0.08215    0.9966    0.003743
 Node:         74
  0.1366E+03  0.1304E+03  0.4683E+03  0.0000E+00
   0.03196
   0.002333
  -0.009019
   0.001958
  -5.581E-4
   0.01289
   0.03228
   0.01272
   -0.009172
   0.035917416165420366
   0.01194266666666667
   0.016931632355512042
   -0.9936    -0.05479    -0.0988
   -0.09692    -0.03593    0.9946
   -0.05805    0.9979    0.03039
 Node:         75
  0.1313E+03  0.1288E+03  0.4826E+03  0.0000E+00
   0.01279
   9.301E-4
  -6.539E-4
  -4.765E-4
  -2.696E-4
   0.00112
   0.01288
   0.001129
   -7.481E-4
   0.012793252421100743
   0.0044203
   0.0060307970269277015
   -0.9967    -0.06934    0.04198
   0.05033    -0.1236    0.9911
   -0.06353    0.9899    0.1267
 Node:         76
  0.1515E+03  0.1309E+03  0.4528E+03  0.0000E+00
   0.01432
  -0.005489
  -0.02886
  -0.002605
   0.005184
   0.01928
   0.02138
   0.01339
   -0.03002
   0.04790734912307296
   0.0015833333333333335
   0.022583740955730864
   -0.4368    0.1394    0.8887
   0.892    -0.06093    0.448
   0.1166    0.9884    -0.09776
 Node:         77
  0.1445E+03  0.1281E+03  0.4690E+03  0.0000E+00
   0.04204
   0.004872
  -0.01215
   4.389E-4
   0.004685
   0.0111
   0.0425
   0.01195
   -0.01345
   0.04852249478334765
   0.013666666666666669
   0.022873723400929333
   -0.9955    -0.09111    -0.02752
   -0.04382    0.1821    0.9823
   -0.08449    0.979    -0.1853
 Node:         78
  0.1384E+03  0.1261E+03  0.4829E+03  0.0000E+00
   0.01786
   0.0035
  -3.283E-4
  -1.165E-4
   3.012E-4
   7.18E-4
   0.01851
   7.753E-4
   -0.001036
   0.01870623569535036
   0.0060831
   0.008818204073770727
   -0.9832    -0.1826    0.003349
   -0.02929    0.1757    0.984
   -0.1803    0.9674    -0.1781
 Node:         79
  0.1556E+03  0.1259E+03  0.4535E+03  0.0000E+00
   0.0111
   0.007797
  -0.01405
  -0.002388
   9.667E-4
  -0.05051
   0.01339
   -0.0162
   -0.05065
   0.05551347674213893
   -0.01782
   0.026169303901072086
   0.9617    0.2722    -0.03183
   -0.2706    0.9616    0.04593
   0.0431    -0.03556    0.9984
 Node:         80
  0.1494E+03  0.1239E+03  0.4698E+03  0.0000E+00
   0.04803
   0.01054
  -0.01001
   0.004237
   8.13E-4
  -0.03864
   0.05009
   -0.01186
   -0.03885
   0.07898286586342636
   -2.066666666666675E-4
   0.03723288003305084
   -0.9837    -0.1732    -0.04855
   -0.1735    0.9848    0.002445
   -0.04739    -0.01083    0.9988
 Node:         81
  0.1433E+03  0.1217E+03  0.4837E+03  0.0000E+00
   0.02049
   0.00436
  -9.304E-4
   0.00306
   8.743E-4
  -0.003845
   0.02174
   -0.001755
   -0.004267
   0.024846420446414406
   0.005239333333333333
   0.011712714923914474
   -0.9737    -0.192    -0.123
   -0.2053    0.9729    0.1064
   -0.09925    -0.1289    0.9867
 Node:         82
  0.1267E+03  0.1148E+03  0.4562E+03 -0.8080E-03
  -9.793E-4
  -0.006204
   0.004394
  -6.654E-5
   0.004832
  -0.00146
   0.009979
   -0.001338
   -0.006686
   0.014737669727606192
   6.516666666666664E-4
   0.006947404135518692
   -0.4636    0.8152    0.3471
   0.6303    0.02816    0.7758
   -0.6227    -0.5785    0.5269
 Node:         83
  0.1234E+03  0.1129E+03  0.4719E+03 -0.8080E-03
  -0.007832
  -0.002712
   0.001237
   0.006116
   0.002549
  -0.00595
   0.002154
   -7.122E-4
   -0.01399
   0.014918843978003124
   -0.004182733333333333
   0.0070328104962067315
   -0.1423    0.9699    0.1976
   -0.6626    0.05493    -0.747
   -0.7353    -0.2373    0.6348
 Node:         84
  0.1187E+03  0.1123E+03  0.4849E+03 -0.8080E-03
  -0.001202
  -2.324E-5
   3.505E-5
   0.002614
  -1.114E-4
  -0.004984
   1.717E-4
   -1.354E-6
   -0.006321
   0.006407925816605245
   -0.002050218
   0.0030207251988412765
   0.7849    -0.4663    0.4081
   0.421    0.8845    0.2011
   0.4547    -0.01395    -0.8905
 Node:         85
  0.1302E+03  0.1161E+03  0.4550E+03 -0.8080E-03
  -0.002416
  -0.006508
   0.006169
   5.05E-4
   0.007164
  -4.979E-4
   0.01265
   -9.743E-4
   -0.008424
   0.0185099035191975
   0.0010839000000000005
   0.008725652198355529
   -0.3438    0.8301    0.439
   0.687    -0.09633    0.7202
   -0.6402    -0.5492    0.5372
 Node:         86
  0.1252E+03  0.1138E+03  0.4703E+03 -0.8080E-03
  -0.01171
   0.001399
   0.0223
   0.01032
   0.00934
  -0.004135
   0.02584
   -1.268E-5
   -0.01937
   0.03928747256292264
   0.00215244
   0.018520292176615355
   -0.1267    -0.9338    -0.3346
   0.5984    -0.341    0.725
   0.7911    0.1084    -0.602
 Node:         87
  0.1217E+03  0.1126E+03  0.4834E+03 -0.8080E-03
  -0.001978
  -9.938E-5
   4.529E-4
   0.003033
  -5.27E-4
  -0.004155
   7.303E-4
   -1.005E-4
   -0.00631
   0.006663855602427171
   -0.0018934
   0.0031413716568828125
   -0.4293    0.83    -0.3561
   0.6991    0.555    0.4509
   0.5718    -0.05538    -0.8185
 Node:         88
  0.1338E+03  0.1169E+03  0.4534E+03 -0.8080E-03
  -0.01355
  -0.008643
   0.006924
   4.155E-4
   0.01171
   0.008874
   0.0206
   -7.666E-4
   -0.01758
   0.03314313213261535
   7.511333333333342E-4
   0.01562382232048938
   -0.1688    0.7004    0.6935
   -0.4188    0.5859    -0.6938
   -0.8922    -0.4076    0.1944
 Node:         89
  0.1270E+03  0.1150E+03  0.4686E+03 -0.8080E-03
  -0.01354
  -0.002214
   0.00389
   0.004163
   0.00337
  -0.001536
   0.005506
   -0.001333
   -0.01536
   0.018424421374903473
   -0.003729
   0.008685355529088412
   -0.01208    0.9047    0.4259
   -0.3598    0.3934    -0.846
   -0.933    -0.1634    0.3207
 Node:         90
  0.1248E+03  0.1132E+03  0.4822E+03 -0.8080E-03
  -0.003065
   0.001417
  -5.724E-4
   0.001456
  -8.112E-4
  -9.632E-4
   1.213E-4
   -2.329E-4
   -0.004489
   0.004443799665826532
   -0.0015335333333333333
   0.0020948272519603034
   -0.2404    -0.9041    0.3534
   0.5215    0.1868    0.8325
   -0.8187    0.3844    0.4266
 Node:         91
  0.1259E+03  0.1261E+03  0.4548E+03 -0.8080E-03
  -0.02095
  -0.001285
   0.02462
  -0.004323
   0.008539
  -0.003291
   0.02715
   -0.004805
   -0.02196
   0.04316948082847418
   1.283333333333333E-4
   0.0203502884227445
   0.05048    -0.9597    -0.2764
   -0.2274    -0.2805    0.9325
   -0.9725    0.01577    -0.2324
 Node:         92
  0.1209E+03  0.1233E+03  0.4725E+03 -0.8080E-03
  -0.009783
  -0.004247
   0.009038
  -0.002687
   0.005973
   0.003739
   0.01398
   -1.452E-4
   -0.01085
   0.02157131101810921
   9.94933333333333E-4
   0.010168813533326075
   0.2069    -0.8207    -0.5326
   0.005494    -0.5434    0.8394
   -0.9784    -0.1766    -0.1079
 Node:         93
  0.1159E+03  0.1217E+03  0.4877E+03 -0.8080E-03
  -5.477E-5
  -5.465E-4
   3.604E-4
  -5.587E-4
   7.095E-4
   5.795E-4
   0.001564
   -2.372E-4
   -4.415E-4
   0.001911555672744061
   2.951E-4
   9.011159858752924E-4
   -0.4343    0.5956    0.6757
   -0.2037    0.6658    -0.7178
   0.8774    0.4494    0.1678
 Node:         94
  0.1313E+03  0.1263E+03  0.4539E+03 -0.8080E-03
  -0.02577
  -0.001524
   0.02782
  -0.006678
   0.007039
   2.124E-4
   0.02968
   -3.28E-5
   -0.02738
   0.049429563176706305
   7.557333333333335E-4
   0.023301319542225262
   0.056    -0.9682    -0.244
   -0.2293    -0.2503    0.9406
   -0.9717    0.003266    -0.236
 Node:         95
  0.1250E+03  0.1235E+03  0.4706E+03 -0.8080E-03
  -0.01149
  -0.004592
   0.01385
  -0.004286
   0.004313
   0.003682
   0.01664
   0.00246
   -0.01306
   0.02572967936061388
   0.0020133333333333327
   0.012129087169097085
   0.2042    -0.9066    -0.3692
   -0.1457    -0.4011    0.9043
   -0.968    -0.1309    -0.2141
 Node:         96
  0.1205E+03  0.1222E+03  0.4852E+03 -0.8080E-03
   3.226E-4
  -8.42E-4
   9.229E-4
  -6.553E-4
   9.967E-4
  -2.06E-4
   0.002126
   -2.692E-4
   -8.176E-4
   0.00271131947213898
   3.463999999999999E-4
   0.001278128256475069
   -0.5071    0.7319    0.4552
   0.836    0.5462    0.05293
   -0.2099    0.4074    -0.8888
 Node:         97
  0.1368E+03  0.1260E+03  0.4527E+03 -0.8080E-03
  -0.02867
  -0.001801
   0.02836
  -0.006381
   0.007472
  -0.001615
   0.03029
   -0.002123
   -0.0301
   0.05234628543650447
   -6.443333333333324E-4
   0.02467627560138595
   0.05539    -0.9697    -0.2381
   -0.2109    -0.2445    0.9464
   -0.9759    -0.002196    -0.2181
 Node:         98
  0.1296E+03  0.1233E+03  0.4685E+03 -0.8080E-03
  -0.01183
  -0.005683
   0.01896
  -0.002957
   0.004259
  -5.884E-4
   0.02101
   -0.001233
   -0.01323
   0.030091997756878822
   0.002182333333333333
   0.01418550378222626
   0.1853    -0.959    -0.2145
   -0.1385    -0.2416    0.9605
   -0.9729    -0.1482    -0.1775
 Node:         99
  0.1260E+03  0.1218E+03  0.4827E+03 -0.8080E-03
   5.118E-4
  -0.00171
   0.003141
  -1.828E-4
   5.49E-4
  -5.292E-4
   0.004055
   -3.096E-4
   -6.217E-4
   0.004528722913802521
   0.001041233333333333
   0.002134860454976442
   0.4364    -0.8911    -0.1241
   0.8817    0.3961    0.2562
   -0.1792    -0.2213    0.9586
 Node:        100
  0.1251E+03  0.1374E+03  0.4534E+03  0.0000E+00
   0.01564
   0.001521
   0.00184
  -0.002402
  -8.376E-4
   0.001471
   0.01622
   0.002008
   7.202E-4
   0.014897704066063331
   0.006316066666666666
   0.007022845046149189
   -0.9796    -0.1133    0.166
   -0.1827    0.8457    -0.5014
   0.08356    0.5215    0.8491
 Node:        101
  0.1188E+03  0.1337E+03  0.4717E+03  0.0000E+00
   0.018
   0.003449
   0.006387
   9.077E-5
   1.176E-4
   0.001988
   0.01895
   0.005442
   0.001984
   0.015528505787744038
   0.008792
   0.0073202078294722405
   -0.9643    -0.2649    -0.006998
   -0.265    0.9639    0.02585
   1.019E-4    -0.02678    0.9996
 Node:        102
  0.1139E+03  0.1312E+03  0.4875E+03  0.0000E+00
   0.006465
   0.001987
   5.529E-4
   0.001251
   1.234E-4
   4.428E-4
   0.007293
   3.628E-4
   -1.95E-4
   0.007225266669127168
   0.0024869333333333334
   0.003406023371747306
   -0.9431    -0.2813    -0.1773
   -0.002213    -0.528    0.8493
   -0.3325    0.8013    0.4973
 Node:        103
  0.1324E+03  0.1365E+03  0.4528E+03  0.0000E+00
   0.01683
  -2.293E-4
  -0.001942
  -0.002751
  -0.001251
  -8.877E-4
   0.01725
   -3.125E-4
   -0.002934
   0.019009307253290426
   0.004667833333333334
   0.008961073376306855
   -0.9887    0.002045    0.1498
   0.1169    -0.6152    0.7797
   -0.09375    -0.7884    -0.608
 Node:        104
  0.1251E+03  0.1331E+03  0.4701E+03  0.0000E+00
   0.02165
   0.003368
  -2.224E-4
  -1.619E-4
  -8.834E-5
   0.003095
   0.02216
   0.003095
   -7.304E-4
   0.021237682575083374
   0.008174866666666667
   0.010011539577019222
   -0.9888    -0.1488    0.00909
   0.01145    -0.015    0.9998
   -0.1487    0.9887    0.01654
 Node:        105
  0.1201E+03  0.1317E+03  0.4853E+03  0.0000E+00
   0.00791
   0.001652
  -7.274E-4
   9.739E-4
   2.103E-5
   4.603E-4
   0.008332
   3.601E-4
   -0.00105
   0.008762462428450123
   0.0025473666666666673
   0.0041306644020329495
   -0.9765    -0.1784    -0.1213
   -0.09863    -0.1308    0.9865
   -0.1918    0.9752    0.1101
 Node:        106
  0.1398E+03  0.1351E+03  0.4523E+03  0.0000E+00
   0.01679
  -7.475E-4
  -0.01301
  -0.001217
  -0.00299
   0.003737
   0.01691
   0.004164
   -0.01356
   0.02650492022247945
   0.0025046666666666676
   0.01249453921608245
   -0.996    0.01605    0.08837
   0.08423    -0.1745    0.9811
   -0.03117    -0.9845    -0.1724
 Node:        107
  0.1322E+03  0.1316E+03  0.4685E+03  0.0000E+00
   0.0281
   0.003165
  -0.004416
   8.594E-4
  -0.002433
   0.006616
   0.02842
   0.007127
   -0.00525
   0.02949788872105934
   0.010099
   0.013905438096898157
   -0.9952    -0.09379    -0.02875
   -0.008607    -0.2085    0.978
   -0.09772    0.9735    0.2067
 Node:        108
  0.1273E+03  0.1304E+03  0.4831E+03  0.0000E+00
   0.01053
   0.001164
  -6.256E-4
  -1.585E-4
  -3.469E-4
   6.446E-4
   0.01066
   7.149E-4
   -8.198E-4
   0.010794584895678017
   0.003518366666666666
   0.005088616119885205
   -0.9945    -0.1032    0.01932
   0.04142    -0.2165    0.9754
   -0.0965    0.9708    0.2195
 Node:        109
  0.1018E+03  0.1092E+03  0.4946E+03 -0.1630E-04
   0.0
   1.388E-16
   1.11E-16
   5.551E-17
  -1.388E-17
   0.0
   2.069E-16
   2.266E-17
   -1.186E-16
   2.827092280064448E-16
   3.698666666666666E-17
   1.3327040815158061E-16
   -0.5724    -0.814    -0.09897
   0.2904    -0.3141    0.9039
   0.7668    -0.4887    -0.4162
 Node:        110
  0.1058E+03  0.1118E+03  0.5081E+03 -0.1630E-04
   0.0
   2.776E-17
   0.0
  -1.388E-17
  -5.204E-17
   2.22E-16
   2.353E-16
   1.788E-17
   -3.112E-17
   2.456135916434593E-16
   7.402E-17
   1.157833574684491E-16
   -0.08376    -0.2246    0.9708
   0.7726    0.6007    0.2056
   0.6293    -0.7673    -0.1232
 Node:        111
  0.1108E+03  0.1137E+03  0.5210E+03 -0.1630E-04
   0.0
   5.551E-17
  -1.11E-16
  -2.776E-17
   3.261E-16
  -2.22E-16
   1.68E-16
   2.779E-18
   -5.038E-16
   6.063148942925615E-16
   -1.1100700000000001E-16
   2.8581958219244996E-16
   0.1486    0.7638    0.6281
   0.9825    -0.0417    -0.1818
   0.1126    -0.6441    0.7566
