 Group name: gastroc_Strain
 #Fields=  16
 1) coordinates, coordinate, rectangular cartesian, #Components=3
   x.  Value index= 1, #Derivatives=0
   y.  Value index= 2, #Derivatives=0
   z.  Value index= 3, #Derivatives=0
 2) Tensor_1, field, rectangular cartesian, #Components=1
   Tensor_1.  Value index= 4, #Derivatives=0
 3) Tensor_2, field, rectangular cartesian, #Components=1
   Tensor_2.  Value index= 5, #Derivatives=0
 4) Tensor_3, field, rectangular cartesian, #Components=1
   Tensor_3.  Value index= 6, #Derivatives=0
 5) Tensor_4, field, rectangular cartesian, #Components=1
   Tensor_4.  Value index= 7, #Derivatives=0
 6) Tensor_5, field, rectangular cartesian, #Components=1
   Tensor_5.  Value index= 8, #Derivatives=0
 7) Tensor_6, field, rectangular cartesian, #Components=1
   Tensor_6.  Value index= 9, #Derivatives=0
 8) Principal_1, field, rectangular cartesian, #Components=1
   Principal_1.  Value index= 10, #Derivatives=0
 9) Principal_2, field, rectangular cartesian, #Components=1
   Principal_2.  Value index= 11, #Derivatives=0
 10) Principal_3, field, rectangular cartesian, #Components=1
   Principal_3.  Value index= 12, #Derivatives=0
 11) VonMises, field, rectangular cartesian, #Components=1
   VonMises.  Value index= 13, #Derivatives=0
 12) Hydrostatic, field, rectangular cartesian, #Components=1
   VonMises.  Value index= 14, #Derivatives=0
 13) Octahedral, field, rectangular cartesian, #Components=1
   VonMises.  Value index= 15, #Derivatives=0
 14) PrincipalVector1, field, rectangular cartesian, #Components=3
   x.  Value index= 16, #Derivatives=0
   y.  Value index= 17, #Derivatives=0
   z.  Value index= 18, #Derivatives=0
 15) PrincipalVector2, field, rectangular cartesian, #Components=3
   x.  Value index= 19, #Derivatives=0
   y.  Value index= 20, #Derivatives=0
   z.  Value index= 21, #Derivatives=0
 16) PrincipalVector3, field, rectangular cartesian, #Components=3
   x.  Value index= 22, #Derivatives=0
   y.  Value index= 23, #Derivatives=0
   z.  Value index= 24, #Derivatives=0
 Node:          1
  0.1287E+03  0.1133E+03  0.4908E+03 -0.8215E-05
  -1.11E-16
  -8.327E-17
  -2.22E-16
  -2.776E-17
  -4.163E-17
  -3.331E-16
   -6.637E-17
   -2.4E-16
   -3.598E-16
   2.5553921597281306E-16
   -2.2205666666666663E-16
   1.204623416489799E-16
   0.8837    -0.4676    -0.01897
   0.4046    0.7837    -0.4712
   0.2352    0.4088    0.8818
 Node:          2
  0.1292E+03  0.1137E+03  0.5052E+03 -0.8215E-05
  -5.551E-17
  -1.11E-16
  -1.665E-16
  -5.551E-17
   1.943E-16
  -2.776E-16
   8.603E-17
   -1.6E-16
   -4.256E-16
   4.4319260925696854E-16
   -1.6652333333333334E-16
   2.089229995849082E-16
   -0.6554    0.6199    0.4313
   0.7522    0.4849    0.4462
   -0.06744    -0.6169    0.7841
 Node:          3
  0.1289E+03  0.1155E+03  0.5194E+03 -0.8215E-05
   2.22E-16
   1.388E-16
   3.331E-16
   1.11E-16
   5.551E-17
   2.22E-16
   4.753E-16
   2.118E-16
   9.006E-17
   3.4107384479024473E-16
   2.590533333333333E-16
   1.6078375235770005E-16
   -0.5696    -0.7144    -0.4063
   0.2395    -0.6172    0.7494
   -0.7862    0.3296    0.5227
 Node:          4
  0.1361E+03  0.1141E+03  0.4915E+03 -0.8215E-05
   0.0
  -2.776E-17
  -1.11E-16
  -2.776E-17
  -8.327E-17
   2.22E-16
   2.435E-16
   6.328E-18
   -1.388E-16
   3.3426485304919515E-16
   3.700933333333334E-17
   1.5757396286894045E-16
   -0.08549    -0.2215    0.9714
   0.9681    -0.2491    0.0284
   0.2357    0.9428    0.2357
 Node:          5
  0.1341E+03  0.1144E+03  0.5054E+03 -0.8215E-05
   3.331E-16
   1.388E-16
   3.331E-16
   5.551E-17
  -6.939E-17
   4.441E-16
   4.814E-16
   4.627E-16
   1.662E-16
   3.062784517395894E-16
   3.7010000000000004E-16
   1.4438104677092028E-16
   -0.348    -0.6443    0.681
   -0.6589    -0.3487    -0.6665
   0.6669    -0.6807    -0.3032
 Node:          6
  0.1323E+03  0.1162E+03  0.5191E+03 -0.8215E-05
   2.22E-16
   5.551E-17
   2.22E-16
  -5.551E-17
  -2.776E-17
   0.0
   2.897E-16
   1.685E-16
   -1.402E-17
   2.648101478418076E-16
   1.4806E-16
   1.2483270084396958E-16
   -0.715    -0.6696    0.2012
   0.6656    -0.7399    -0.09741
   -0.2141    -0.06426    -0.9747
 Node:          7
  0.1408E+03  0.1171E+03  0.4920E+03 -0.8215E-05
   3.331E-16
   2.22E-16
   2.22E-16
  -8.327E-17
  -1.11E-16
   0.0
   5.398E-16
   6.158E-17
   -4.631E-17
   5.403052621435404E-16
   1.8502333333333335E-16
   2.5470234318164845E-16
   -0.7537    -0.6111    0.2419
   -0.656    0.677    -0.3335
   -0.04004    0.4101    0.9112
 Node:          8
  0.1367E+03  0.1169E+03  0.5055E+03 -0.8215E-05
   2.22E-16
   1.943E-16
   2.22E-16
  -4.025E-16
  -2.359E-16
  -2.22E-16
   6.547E-16
   4.477E-17
   -4.775E-16
   9.814930967154074E-16
   7.399000000000001E-17
   4.626802829168323E-16
   -0.6847    -0.5611    0.4652
   0.5685    -0.8105    -0.1409
   -0.4561    -0.1681    -0.8739
 Node:          9
  0.1339E+03  0.1180E+03  0.5191E+03 -0.8215E-05
   2.22E-16
   1.665E-16
   0.0
  -3.955E-16
  -2.776E-16
   6.661E-16
   1.002E-15
   -9.379E-18
   -1.046E-16
   1.062195387036208E-15
   2.96007E-16
   5.007237074122481E-16
   -0.4817    -0.3073    0.8207
   -0.8565    -0.03292    -0.515
   -0.1853    0.951    0.2474
 Node:         10
  0.1294E+03  0.1212E+03  0.4911E+03 -0.8215E-05
   0.0
   2.776E-17
   1.11E-16
  -1.388E-17
   1.249E-16
   1.11E-16
   2.363E-16
   2.303E-17
   -3.732E-17
   2.48992088026909E-16
   7.400333333333333E-17
   1.173759959370834E-16
   0.0421    0.71    0.703
   -0.7813    -0.4152    0.4661
   -0.6228    0.5688    -0.5372
 Node:         11
  0.1295E+03  0.1214E+03  0.5055E+03 -0.8215E-05
  -2.22E-16
  -2.776E-17
  -2.22E-16
  -4.163E-17
   1.388E-17
  -1.665E-16
   -1.365E-16
   -2.183E-16
   -2.558E-16
   1.0566451627675205E-16
   -2.035333333333333E-16
   4.9810730660058464E-17
   -0.4935    0.2929    0.8189
   0.3541    -0.7924    0.4968
   -0.7944    -0.5351    -0.2873
 Node:         12
  0.1295E+03  0.1217E+03  0.5196E+03 -0.8215E-05
   1.11E-16
   0.0
   1.11E-16
   7.633E-17
   2.776E-17
   2.22E-16
   2.649E-16
   1.11E-16
   6.816E-17
   1.792025435087348E-16
   1.4801999999999999E-16
   8.447688914726913E-17
   -0.4387    -0.1595    -0.8844
   0.3417    -0.9398    -2.255E-17
   0.8311    0.3022    -0.4668
 Node:         13
  0.1361E+03  0.1199E+03  0.4914E+03 -0.8215E-05
   1.11E-16
  -1.388E-16
   0.0
  -9.714E-17
   2.776E-17
  -1.665E-16
   2.285E-16
   -8.52E-17
   -1.988E-16
   3.833392361864358E-16
   -1.849999999999999E-17
   1.807078489348669E-16
   0.8171    -0.5252    -0.2378
   0.4648    0.8442    -0.2671
   0.341    0.1077    0.9339
 Node:         14
  0.1342E+03  0.1198E+03  0.5054E+03 -0.8215E-05
  -5.551E-17
   2.776E-17
   0.0
   5.551E-17
  -9.021E-17
   1.11E-16
   1.672E-16
   -4.94E-18
   -1.068E-16
   2.398787602102362E-16
   1.8486666666666665E-17
   1.130799320048532E-16
   0.1634    -0.4472    0.8794
   -0.6569    -0.7144    -0.2412
   -0.7361    0.5382    0.4105
 Node:         15
  0.1330E+03  0.1205E+03  0.5193E+03 -0.8215E-05
   2.22E-16
  -8.327E-17
  -5.551E-17
   1.388E-17
   4.857E-17
   0.0
   2.451E-16
   2.471E-17
   -1.033E-16
   3.0523832672192397E-16
   5.550333333333333E-17
   1.438907271354049E-16
   -0.9638    0.2667    -0.001723
   0.1157    0.4239    0.8983
   0.2403    0.8656    -0.4394
 Node:         16
  0.1404E+03  0.1188E+03  0.4918E+03 -0.8215E-05
   2.22E-16
   5.551E-17
   2.22E-16
  -8.327E-17
  -1.457E-16
   4.441E-16
   5.466E-16
   1.95E-16
   1.465E-16
   3.7818964819254375E-16
   2.9603333333333337E-16
   1.7828030987433498E-16
   -0.2927    -0.4328    0.8526
   -0.9222    -0.1077    -0.3713
   -0.2526    0.895    0.3676
 Node:         17
  0.1365E+03  0.1184E+03  0.5055E+03 -0.8215E-05
  -1.11E-16
   2.776E-17
  -1.11E-16
   9.714E-17
   1.7E-16
   0.0
   1.573E-16
   -1.341E-16
   -2.452E-16
   3.600440389730123E-16
   -7.400000000000001E-17
   1.697263876557404E-16
   0.3368    0.5285    0.7792
   0.8927    -0.4425    -0.08566
   -0.2996    -0.7244    0.6209
 Node:         18
  0.1341E+03  0.1191E+03  0.5192E+03 -0.8215E-05
   0.0
   0.0
   0.0
   2.645E-17
   1.065E-16
   4.441E-16
   4.697E-16
   -1.672E-33
   -2.562E-17
   4.830198633596759E-16
   1.4802666666666666E-16
   2.2769774721961763E-16
   -0.05484    -0.2207    -0.9738
   0.9705    -0.2411    -6.21E-17
   -0.2348    -0.9451    0.2274
 Node:         19
  0.1301E+03  0.1291E+03  0.4914E+03  0.0000E+00
   1.11E-16
   0.0
   1.11E-16
   2.101E-19
   1.001E-17
  -2.22E-16
   1.113E-16
   1.11E-16
   -2.223E-16
   3.3345010121455954E-16
   0.0
   1.5718988517077046E-16
   -0.02096    -0.9993    -0.03003
   0.9998    -0.02097    1.345E-19
   6.298E-4    0.03003    -0.9995
 Node:         20
  0.1299E+03  0.1291E+03  0.5058E+03  0.0000E+00
   2.22E-16
   0.0
   0.0
   1.041E-17
   1.924E-17
  -5.551E-17
   2.224E-16
   5.975E-18
   -6.188E-17
   2.5715676157744715E-16
   5.549833333333335E-17
   1.2122485995959007E-16
   -0.9993    -0.003257    -0.03765
   0.01428    -0.9549    -0.2965
   -0.03498    -0.2968    0.9543
 Node:         21
  0.1301E+03  0.1280E+03  0.5197E+03  0.0000E+00
   1.11E-16
   0.0
   0.0
   4.163E-17
   1.475E-17
   1.11E-16
   1.534E-16
   7.089E-17
   -2.22E-18
   1.3485280234388901E-16
   7.402333333333333E-17
   6.357022066624871E-17
   -0.6994    -0.0684    -0.7114
   -0.7126    0.1429    0.6869
   -0.05465    -0.9874    0.1487
 Node:         22
  0.1360E+03  0.1256E+03  0.4913E+03  0.0000E+00
  -2.22E-16
   1.388E-17
  -1.11E-16
  -1.388E-17
   1.006E-16
   1.11E-16
   1.5E-16
   -1.456E-16
   -2.264E-16
   3.432090907886911E-16
   -7.4E-17
   1.617903169743686E-16
   -0.02144    0.3586    0.9332
   0.228    0.9106    -0.3447
   -0.9734    0.2054    -0.1013
 Node:         23
  0.1343E+03  0.1253E+03  0.5054E+03  0.0000E+00
   0.0
   2.082E-17
  -4.441E-16
   0.0
   1.314E-16
  -1.665E-16
   1.265E-18
   -1.147E-16
   -4.972E-16
   4.517861703560657E-16
   -2.0354499999999996E-16
   2.1297404313671653E-16
   0.997    0.06061    0.04746
   0.06644    -0.3661    -0.9282
   0.03888    -0.9286    0.369
 Node:         24
  0.1336E+03  0.1248E+03  0.5194E+03  0.0000E+00
  -2.22E-16
   1.214E-17
   0.0
   1.388E-17
   8.674E-19
  -1.665E-16
   6.779E-19
   -1.633E-16
   -2.259E-16
   2.026635838733984E-16
   -1.2950736666666666E-16
   9.553652963763242E-17
   -0.05504    -0.9984    -0.009747
   0.2257    -0.02195    0.974
   -0.9726    0.05141    0.2265
 Node:         25
  0.1400E+03  0.1206E+03  0.4917E+03  0.0000E+00
   0.0
   2.671E-16
  -1.11E-16
  -8.327E-17
  -1.301E-16
   2.22E-16
   3.681E-16
   7.58E-17
   -3.329E-16
   6.098671904603493E-16
   3.699999999999999E-17
   2.8749415066513385E-16
   0.5089    0.4781    -0.7159
   0.6086    0.3883    0.692
   0.6088    -0.7878    -0.09334
 Node:         26
  0.1363E+03  0.1200E+03  0.5055E+03  0.0000E+00
   2.22E-16
   1.076E-16
  -6.106E-16
   2.776E-17
  -1.124E-15
  -5.551E-17
   8.281E-16
   2.248E-16
   -1.497E-15
   2.089815319591662E-15
   -1.4803333333333336E-16
   9.851483892738641E-16
   0.07371    0.6174    -0.7832
   0.9955    0.001018    0.09449
   -0.05914    0.7866    0.6146
 Node:         27
  0.1343E+03  0.1203E+03  0.5192E+03  0.0000E+00
   2.22E-16
  -1.943E-16
   2.22E-16
  -1.041E-16
   1.313E-15
   0.0
   1.466E-15
   1.875E-16
   -1.209E-15
   2.3173691440942246E-15
   1.4816666666666667E-16
   1.0924182908676612E-15
   -0.1693    0.728    0.6643
   0.9848    0.09849    0.1431
   0.03876    0.6785    -0.7336
 Node:         28
  0.1155E+03  0.1124E+03  0.4931E+03 -0.4855E-04
  -2.22E-16
   3.816E-17
   2.22E-16
  -5.551E-17
   5.551E-17
   1.11E-16
   2.455E-16
   1.014E-16
   -2.359E-16
   4.279497984577163E-16
   3.699999999999999E-17
   2.0173746966457835E-16
   0.03184    0.9284    0.3701
   0.1988    0.3571    -0.9127
   0.9795    -0.1026    0.1732
 Node:         29
  0.1119E+03  0.1139E+03  0.5068E+03 -0.4855E-04
  -2.22E-16
  -2.082E-17
   0.0
   5.551E-17
   6.939E-18
  -3.331E-16
   1.944E-18
   -2.004E-16
   -3.566E-16
   3.113642033631998E-16
   -1.8501866666666668E-16
   1.4677849307791052E-16
   -0.09118    0.9958    0.005517
   -0.9179    -0.08189    -0.3884
   -0.3863    -0.04048    0.9215
 Node:         30
  0.1113E+03  0.1159E+03  0.5206E+03 -0.4855E-04
   2.22E-16
   1.249E-16
   2.22E-16
   0.0
  -2.776E-17
   1.11E-16
   3.486E-16
   1.238E-16
   8.277E-17
   2.4787505905193444E-16
   1.8505666666666664E-16
   1.1684942342842583E-16
   -0.7001    -0.7092    0.08287
   -0.4685    0.3686    -0.8029
   -0.5389    0.6009    0.5903
 Node:         31
  0.1203E+03  0.1126E+03  0.4920E+03 -0.4855E-04
  -5.551E-17
   9.714E-17
  -1.11E-16
   2.776E-17
   4.163E-17
  -5.551E-17
   4.114E-17
   -7.661E-17
   -1.866E-16
   1.9726678661143135E-16
   -7.402333333333333E-17
   9.29924550105485E-17
   -0.6956    -0.5654    -0.4433
   0.4358    0.1585    -0.886
   0.5712    -0.8095    0.1362
 Node:         32
  0.1188E+03  0.1134E+03  0.5062E+03 -0.4855E-04
   2.22E-16
  -1.388E-17
  -1.11E-16
  -2.776E-17
   9.714E-17
  -5.551E-17
   2.266E-16
   1.331E-17
   -1.844E-16
   3.5602167644681415E-16
   1.8503333333333345E-17
   1.6783022777663014E-16
   -0.9894    0.07624    0.1236
   0.1445    0.5992    0.7875
   0.01402    -0.797    0.6038
 Node:         33
  0.1183E+03  0.1150E+03  0.5201E+03 -0.4855E-04
   1.11E-16
   5.551E-17
   0.0
   8.327E-17
   0.0
   0.0
   1.7E-16
   0.0
   -5.893E-17
   2.0589037107159722E-16
   3.702333333333333E-17
   9.705765171049398E-17
   -0.8617    -0.2815    -0.4222
   0.0    -0.8321    0.5547
   -0.5074    0.478    0.717
 Node:         34
  0.1255E+03  0.1129E+03  0.4909E+03 -0.4855E-04
   0.0
   0.0
   0.0
   5.551E-17
   9.714E-17
   0.0
   1.119E-16
   3.387E-33
   -1.119E-16
   1.9381648536695736E-16
   0.0
   9.136596740581255E-17
   -0.3508    -0.6139    -0.7071
   0.8682    -0.4961    -4.855E-17
   -0.3508    -0.6139    0.7071
 Node:         35
  0.1260E+03  0.1135E+03  0.5054E+03 -0.4855E-04
   0.0
   1.11E-16
  -1.11E-16
   1.11E-16
   2.498E-16
  -1.11E-16
   2.41E-16
   -1.023E-16
   -3.608E-16
   5.228959647960578E-16
   -7.403333333333333E-17
   2.4649552170824977E-16
   0.5458    0.5925    0.5925
   0.8379    -0.3859    -0.3859
   -4.975E-17    -0.7071    0.7071
 Node:         36
  0.1257E+03  0.1153E+03  0.5196E+03 -0.4855E-04
   0.0
  -5.551E-17
   0.0
  -5.551E-17
   8.327E-17
   0.0
   1.305E-16
   -4.723E-17
   -8.327E-17
   1.982226619234037E-16
   0.0
   9.344305895392481E-17
   -0.5155    0.6059    0.6059
   0.8569    0.3645    0.3645
   -1.256E-16    0.7071    -0.7071
 Node:         37
  0.1132E+03  0.1210E+03  0.4959E+03 -0.4855E-04
  -2.22E-16
   1.388E-16
  -2.22E-16
  -8.327E-17
   1.804E-16
  -2.776E-16
   -4.482E-17
   -1.622E-16
   -5.146E-16
   4.2347200190803645E-16
   -2.4054E-16
   1.9962661612787678E-16
   0.3971    0.7887    0.4693
   -0.7874    0.0301    0.6157
   0.4715    -0.614    0.633
 Node:         38
  0.1111E+03  0.1204E+03  0.5085E+03 -0.4855E-04
  -1.665E-16
   9.714E-17
   0.0
  -2.776E-17
  -8.327E-17
  -2.22E-16
   7.071E-17
   -2.091E-16
   -2.502E-16
   3.0246162913665597E-16
   -1.2953E-16
   1.4258177934084005E-16
   -0.3916    -0.8746    0.2859
   0.9154    -0.3389    0.217
   0.09287    -0.3467    -0.9334
 Node:         39
  0.1119E+03  0.1201E+03  0.5207E+03 -0.4855E-04
  -5.551E-17
  -9.714E-17
  -3.331E-16
  -8.327E-17
  -7.633E-17
  -1.11E-16
   8.934E-18
   -1.105E-16
   -3.981E-16
   3.6239130612640252E-16
   -1.6655533333333335E-16
   1.7083290000335286E-16
   0.851    -0.1281    -0.5092
   0.4076    -0.4503    0.7944
   -0.3311    -0.8836    -0.331
 Node:         40
  0.1191E+03  0.1220E+03  0.4937E+03 -0.4855E-04
   0.0
   8.327E-17
  -2.22E-16
   8.327E-17
  -1.388E-17
  -2.22E-16
   4.872E-17
   -2.082E-16
   -2.846E-16
   3.0244591979393603E-16
   -1.4802666666666666E-16
   1.4257437388566321E-16
   -0.924    -0.2703    -0.2703
   0.0    -0.7071    0.7071
   0.3823    -0.6534    -0.6534
 Node:         41
  0.1182E+03  0.1217E+03  0.5073E+03 -0.4855E-04
   0.0
  -2.776E-17
  -5.551E-17
   5.551E-17
   9.714E-17
   1.11E-16
   1.653E-16
   1.073E-17
   -1.206E-16
   2.478691830381502E-16
   1.8476666666666666E-17
   1.168466534489637E-16
   0.2406    0.3653    0.8993
   -0.8901    0.4526    0.05428
   -0.3871    -0.8135    0.434
 Node:         42
  0.1187E+03  0.1212E+03  0.5204E+03 -0.4855E-04
   0.0
  -5.551E-17
  -1.11E-16
   0.0
   5.551E-17
   1.11E-16
   1.256E-16
   1.887E-17
   -1.444E-16
   2.3552960089975954E-16
   2.3333333333339628E-20
   1.1102971864425409E-16
   0.1113    -0.2517    -0.9614
   0.9295    -0.3159    0.1903
   -0.3516    -0.9148    0.1988
 Node:         43
  0.1258E+03  0.1217E+03  0.4915E+03 -0.4855E-04
   2.22E-16
   1.11E-16
   1.11E-16
  -1.388E-17
   0.0
  -5.551E-17
   2.911E-16
   4.294E-17
   -5.645E-17
   3.1004254562882173E-16
   9.253E-17
   1.4615545764698628E-16
   -0.8507    -0.5246    0.03406
   -0.5213    0.8502    0.07348
   0.06751    -0.04475    0.9967
 Node:         44
  0.1259E+03  0.1220E+03  0.5059E+03 -0.4855E-04
  -2.22E-16
   1.388E-16
  -2.22E-16
   9.714E-17
   1.11E-16
  -1.11E-16
   5.081E-17
   -2.445E-16
   -3.614E-16
   3.679610646522265E-16
   -1.8503E-16
   1.7345850935214064E-16
   -0.5113    -0.534    -0.6733
   -0.5198    -0.4318    0.7372
   -0.6844    0.7269    -0.05679
 Node:         45
  0.1261E+03  0.1221E+03  0.5198E+03 -0.4855E-04
  -5.551E-17
  -8.327E-17
  -2.776E-16
   2.776E-17
  -6.939E-18
   1.11E-16
   1.167E-16
   -3.339E-17
   -3.053E-16
   3.7050374910383835E-16
   -7.399666666666666E-17
   1.7465714229757554E-16
   0.1854    -0.05643    0.981
   0.9302    -0.3117    -0.1938
   -0.3167    -0.9485    0.005308
 Node:         46
  0.1117E+03  0.1296E+03  0.4959E+03  0.0000E+00
  -5.551E-17
   2.776E-17
  -1.665E-16
   6.939E-18
  -2.602E-17
   0.0
   4.101E-18
   -4.897E-17
   -1.772E-16
   1.6144583695778595E-16
   -7.402300000000001E-17
   7.610629740479211E-17
   0.04856    -0.1429    0.9886
   0.9724    0.2327    -0.01414
   -0.228    0.962    0.1502
 Node:         47
  0.1107E+03  0.1269E+03  0.5087E+03  0.0000E+00
  -1.665E-16
  -3.123E-17
   1.11E-16
  -2.776E-17
   3.99E-17
   0.0
   1.289E-16
   -1.114E-17
   -1.732E-16
   2.6185783853075704E-16
   -1.8479999999999997E-17
   1.2344096888796688E-16
   -0.1292    0.939    0.3186
   -0.1008    -0.3321    0.9379
   -0.9865    -0.08906    -0.1376
 Node:         48
  0.1125E+03  0.1242E+03  0.5208E+03  0.0000E+00
   1.11E-16
   3.469E-18
   1.11E-16
   0.0
  -1.735E-18
   1.11E-16
   1.149E-16
   1.11E-16
   1.071E-16
   6.75499814951862E-18
   1.1099999999999999E-16
   3.1843366656181307E-18
   -0.6325    -0.7071    0.3162
   0.4472    -4.455E-15    0.8944
   -0.6325    0.7071    0.3162
 Node:         49
  0.1186E+03  0.1311E+03  0.4938E+03  0.0000E+00
  -1.665E-16
  -2.082E-17
   0.0
  -4.163E-17
  -6.072E-18
  -5.551E-17
   2.581E-18
   -4.165E-17
   -1.83E-16
   1.6789358448433935E-16
   -7.402300000000001E-17
   7.914579473772858E-17
   0.1174    -0.9929    0.01965
   -0.3135    -0.01827    0.9494
   -0.9423    -0.1176    -0.3134
 Node:         50
  0.1180E+03  0.1298E+03  0.5075E+03  0.0000E+00
   0.0
  -1.301E-17
   3.331E-16
  -4.163E-17
   1.247E-17
   2.22E-16
   3.354E-16
   2.276E-16
   -7.879E-18
   3.040655120874448E-16
   1.8504033333333332E-16
   1.4333785701466156E-16
   0.05441    -0.9902    -0.1289
   -0.1707    -0.1364    0.9758
   0.9838    0.03109    0.1765
 Node:         51
  0.1192E+03  0.1275E+03  0.5206E+03  0.0000E+00
   0.0
  -3.469E-18
  -5.551E-17
   0.0
   1.475E-17
   1.11E-16
   1.123E-16
   2.087E-19
   -5.702E-17
   1.491791641607165E-16
   1.849623333333333E-17
   7.03237323931892E-17
   -0.002705    0.08758    0.9962
   0.9982    -0.06004    0.007989
   -0.06051    -0.9943    0.08725
 Node:         52
  0.1262E+03  0.1305E+03  0.4920E+03  0.0000E+00
   1.11E-16
  -1.388E-17
   1.11E-16
   1.301E-18
   4.906E-18
   0.0
   1.25E-16
   9.734E-17
   -2.497E-19
   1.1396559238686912E-16
   7.403009999999999E-17
   5.372389546579809E-17
   -0.7047    0.7092    0.02051
   0.7093    0.7034    0.04493
   -0.01744    -0.04621    0.9988
 Node:         53
  0.1258E+03  0.1304E+03  0.5063E+03  0.0000E+00
  -1.665E-16
  -1.735E-18
  -1.11E-16
   2.776E-17
   3.383E-17
  -2.22E-16
   -1.01E-16
   -1.572E-16
   -2.414E-16
   1.2239330047024632E-16
   -1.6653333333333332E-16
   5.769675515620921E-17
   0.09684    0.9526    0.2883
   -0.9346    0.1866    -0.3027
   -0.3422    -0.2402    0.9084
 Node:         54
  0.1265E+03  0.1288E+03  0.5200E+03  0.0000E+00
  -2.22E-16
   2.082E-17
   1.11E-16
   0.0
  -4.337E-18
   1.11E-16
   1.16E-16
   1.073E-16
   -2.233E-16
   3.350347295430729E-16
   0.0
   1.5793688612860518E-16
   -0.04656    -0.7562    0.6527
   -0.04117    -0.6514    -0.7576
   -0.9981    0.06215    8.061E-4
 Node:         55
  0.1382E+03  0.1168E+03  0.4537E+03  0.2733E-02
  -0.05248
  -0.01198
   0.05111
   0.001491
   0.02063
   0.0222
   0.0627
   0.01217
   -0.05405
   0.10141235575609119
   0.006940000000000002
   0.04780624296748979
   0.08666    -0.8891    -0.4495
   0.1023    -0.4409    0.8917
   -0.991    -0.1232    0.05271
 Node:         56
  0.1314E+03  0.1156E+03  0.4689E+03  0.2733E-02
  -0.05231
  -5.301E-4
   0.02772
   0.0127
   0.002777
  -0.001859
   0.02799
   9.098E-4
   -0.05534
   0.07362494866578856
   -0.0088134
   0.03470713364406037
   0.008659    0.9953    0.09629
   -0.232    0.09567    -0.968
   -0.9727    -0.01395    0.2317
 Node:         57
  0.1285E+03  0.1140E+03  0.4824E+03  0.2733E-02
  -0.0118
   0.005192
  -4.622E-4
   0.004301
  -0.002914
  -0.002001
   0.002096
   -6.58E-4
   -0.0157
   0.016591321466357042
   -0.0047539999999999995
   0.007821223945137998
   -0.2013    -0.8856    0.4186
   0.4597    0.2919    0.8387
   -0.865    0.3613    0.3483
 Node:         58
  0.1484E+03  0.1177E+03  0.4537E+03  0.2733E-02
  -0.05718
  -0.02939
   0.08854
  -0.004915
   0.01633
  -0.009864
   0.09694
   -0.0125
   -0.06294
   0.1415678664104252
   0.007166666666666668
   0.06673573222461528
   -0.1898    0.9692    0.1569
   -0.003058    -0.1604    0.987
   0.9818    0.1869    0.03341
 Node:         59
  0.1419E+03  0.1166E+03  0.4696E+03  0.2733E-02
  -0.04816
  -0.0256
   0.0639
   0.001478
   0.01007
  -0.01437
   0.07054
   -0.01511
   -0.05406
   0.11040422319820924
   4.5666666666667005E-4
   0.05204504993005793
   0.2082    -0.9717    -0.1116
   0.1135    -0.08937    0.9895
   -0.9715    -0.2187    0.09169
 Node:         60
  0.1375E+03  0.1150E+03  0.4832E+03  0.2733E-02
  -0.007941
  -0.004984
   0.01028
   0.002412
   3.123E-4
  -0.002481
   0.01156
   -0.001711
   -0.009992
   0.018830601503935025
   -4.7666666666666344E-5
   0.008876830678169372
   -0.2501    0.968    -0.02144
   0.2914    0.09637    0.9517
   0.9233    0.2318    -0.3062
 Node:         61
  0.1555E+03  0.1221E+03  0.4535E+03  0.2733E-02
  -0.02145
  -0.02783
   0.047
  -0.01971
   0.02468
  -0.071
   0.06356
   -0.02929
   -0.07972
   0.12588380713975886
   -0.015149999999999997
   0.05934219578006867
   -0.3489    0.9114    0.2182
   0.8998    0.3909    -0.194
   0.2621    -0.1287    0.9564
 Node:         62
  0.1493E+03  0.1203E+03  0.4699E+03  0.2733E-02
   0.006925
  -0.04388
   0.053
  -0.01097
   0.01728
  -0.05546
   0.08256
   -0.01959
   -0.0585
   0.12618742845466024
   0.0014899999999999983
   0.05948532424052171
   0.5122    -0.8462    -0.1467
   0.8546    0.5192    -0.01124
   0.08568    -0.1196    0.9891
 Node:         63
  0.1437E+03  0.1181E+03  0.4838E+03  0.2733E-02
   0.009083
  -0.01405
   0.01545
  -1.534E-4
   0.001307
  -0.008525
   0.0267
   -0.002064
   -0.008635
   0.032550790789165174
   0.005333666666666667
   0.015344589933335534
   -0.6232    0.7814    0.03171
   0.7795    0.6174    0.1064
   -0.06357    -0.09104    0.9938
 Node:         64
  0.1414E+03  0.1253E+03  0.4526E+03  0.2733E-02
  -0.04489
   0.006316
   0.05349
  -0.01142
   0.008566
  -0.01445
   0.0548
   -0.01121
   -0.04944
   0.0913368233518114
   -0.001949999999999998
   0.04305659144273576
   0.04974    0.9922    0.1145
   0.335    0.09146    -0.9378
   -0.9409    0.08502    -0.3279
 Node:         65
  0.1341E+03  0.1229E+03  0.4684E+03  0.2733E-02
  -0.02959
  -0.003389
   0.04442
  -0.004856
   0.004002
  -0.009996
   0.0449
   -0.009263
   -0.0308
   0.06755724586600612
   0.0016123333333333337
   0.03184679111342652
   0.05032    -0.9958    -0.07704
   -0.2179    -0.08623    0.9722
   -0.9747    -0.03213    -0.2213
 Node:         66
  0.1299E+03  0.1214E+03  0.4825E+03  0.2733E-02
  -0.001519
  -0.002158
   0.007901
   0.001207
  -8.505E-4
  -0.001677
   0.00849
   -8.948E-4
   -0.00289
   0.01052520057006041
   0.0015683999999999995
   0.004961627130958821
   -0.2219    0.9691    -0.1074
   0.6372    0.2275    0.7364
   0.7381    0.09495    -0.668
 Node:         67
  0.1501E+03  0.1244E+03  0.4528E+03  0.2733E-02
  -0.04394
  -0.01759
   0.04834
  -0.009994
   0.006502
  -0.008793
   0.05268
   -0.008012
   -0.04906
   0.0886551881392172
   -0.001464
   0.04179245648040644
   -0.1908    0.9724    0.1339
   -0.1861    -0.1698    0.9678
   0.9638    0.1598    0.2134
 Node:         68
  0.1433E+03  0.1224E+03  0.4690E+03  0.2733E-02
  -0.02099
  -0.03264
   0.04906
  -0.01073
   0.009527
  -0.006114
   0.06426
   -0.006926
   -0.03537
   0.08888938247057405
   0.0073213333333333325
   0.041902856746951704
   -0.3714    0.9109    0.1799
   -0.1496    -0.25    0.9566
   0.9163    0.3284    0.2291
 Node:         69
  0.1380E+03  0.1205E+03  0.4831E+03  0.2733E-02
   0.002402
  -0.0104
   0.01336
  -0.001969
   0.002729
  -4.515E-4
   0.02019
   -9.71E-4
   -0.003903
   0.022769027142150802
   0.005105333333333333
   0.010733422328823593
   -0.5116    0.8441    0.1604
   0.002699    -0.1851    0.9827
   0.8592    0.5032    0.09244
 Node:         70
  0.1557E+03  0.1241E+03  0.4532E+03  0.2733E-02
  -0.03375
  -0.02178
   0.004062
  -0.02416
   0.01662
   0.02145
   0.04465
   -0.005332
   -0.04756
   0.07995026081258272
   -0.002747333333333331
   0.03768891438547355
   0.38    -0.5178    -0.7665
   0.108    -0.7981    0.5927
   0.9186    0.308    0.2474
 Node:         71
  0.1495E+03  0.1222E+03  0.4698E+03  0.2733E-02
  -0.001629
  -0.04289
   0.03028
  -0.03174
   0.02353
   0.008478
   0.08006
   -0.006286
   -0.03665
   0.10487809187814204
   0.012374666666666667
   0.04944000664329334
   0.5465    -0.693    -0.4701
   -0.07246    -0.5984    0.7979
   0.8343    0.402    0.3773
 Node:         72
  0.1435E+03  0.1199E+03  0.4838E+03  0.2733E-02
   0.009048
  -0.01583
   0.01181
  -0.007375
   0.005747
   0.001702
   0.02939
   -8.943E-4
   -0.005944
   0.03309931912124477
   0.007517233333333334
   0.015603168668859824
   -0.6513    0.6896    0.3166
   -0.01949    -0.4322    0.9015
   0.7586    0.581    0.295
 Node:         73
  0.1446E+03  0.1339E+03  0.4520E+03  0.0000E+00
   0.02092
  -0.008388
  -0.04096
   0.002635
  -0.003222
   0.03231
   0.03324
   0.02122
   -0.04218
   0.07018624081684387
   0.004093333333333331
   0.03308611121838823
   0.2545    -0.07066    0.9645
   0.9583    -0.1157    -0.2614
   -0.1301    -0.9908    -0.03825
 Node:         74
  0.1368E+03  0.1304E+03  0.4682E+03  0.0000E+00
   0.04635
  -0.005595
  -0.01986
   0.002526
  -0.005677
   0.0228
   0.04719
   0.0231
   -0.02101
   0.05990517590325565
   0.01642666666666667
   0.028239570739576687
   -0.9879    0.09293    -0.124
   -0.1341    -0.1126    0.9845
   0.07753    0.9893    0.1237
 Node:         75
  0.1313E+03  0.1289E+03  0.4826E+03  0.0000E+00
   0.01715
  -0.00228
  -0.002463
  -0.002157
  -0.001239
   0.001568
   0.01766
   0.001794
   -0.003202
   0.018866809693215227
   0.005417333333333333
   0.008893899382285715
   -0.9868    0.1042    0.1242
   0.08501    -0.3202    0.9435
   0.1381    0.9416    0.3071
 Node:         76
  0.1517E+03  0.1311E+03  0.4523E+03  0.0000E+00
   0.02061
  -0.01248
  -0.05512
  -0.002876
   0.01238
   0.04731
   0.04947
   0.02177
   -0.05844
   0.09707085607946395
   0.004266666666666666
   0.045759640392914906
   -0.1556    0.1344    0.9786
   0.9762    -0.1306    0.1732
   -0.1511    -0.9823    0.1108
 Node:         77
  0.1447E+03  0.1282E+03  0.4687E+03  0.0000E+00
   0.0653
   0.001177
  -0.02741
  -0.001687
   0.009444
   0.02219
   0.06537
   0.02388
   -0.02917
   0.08207781125249382
   0.020026666666666665
   0.03869185128105859
   -0.9993    -0.008902    0.0371
   0.03486    0.1818    0.9827
   -0.01549    0.9833    -0.1813
 Node:         78
  0.1384E+03  0.1261E+03  0.4829E+03  0.0000E+00
   0.02735
   0.002921
  -0.001866
  -0.00168
  -1.348E-5
   9.658E-4
   0.02775
   8.689E-4
   -0.002163
   0.02851818300505837
   0.008818633333333332
   0.013443600393330484
   -0.9932    -0.09799    0.06234
   0.05704    0.05601    0.9968
   -0.1012    0.9936    -0.05004
 Node:         79
  0.1559E+03  0.1262E+03  0.4530E+03  0.0000E+00
   0.01966
   0.0243
   0.01834
   0.004025
   6.483E-4
  -0.1311
   0.04338
   -0.005266
   -0.1312
   0.15605124490371747
   -0.031028666666666666
   0.07356326232268086
   0.7172    0.6966    0.01913
   -0.6964    0.7174    -0.01858
   -0.02667    3.422E-7    0.9996
 Node:         80
  0.1497E+03  0.1241E+03  0.4696E+03  0.0000E+00
   0.07289
   0.02321
   0.006414
   0.005435
  -9.293E-4
  -0.1066
   0.08031
   -8.262E-4
   -0.1068
   0.1625172011463402
   -0.0091054
   0.07661134332669021
   0.9538    0.2992    0.02625
   -0.2986    0.9541    -0.02373
   -0.03215    0.0148    0.9994
 Node:         81
  0.1433E+03  0.1217E+03  0.4837E+03  0.0000E+00
   0.03061
   0.006103
   1.892E-4
   0.001389
   3.026E-4
  -0.01324
   0.03183
   -9.894E-4
   -0.01329
   0.040399456535453536
   0.005850199999999999
   0.019044486448313587
   -0.9814    -0.1896    -0.03152
   -0.1898    0.9818    0.002728
   -0.03043    -0.008659    0.9995
 Node:         82
  0.1267E+03  0.1149E+03  0.4568E+03 -0.1498E-01
  -0.01554
  -0.007498
   0.01447
   0.00297
   0.0128
   0.002126
   0.02312
   -0.00281
   -0.01926
   0.03700697096494119
   3.5000000000000076E-4
   0.017445253413655725
   -0.1271    0.8548    0.5032
   -0.4291    0.4099    -0.8049
   -0.8943    -0.3182    0.3147
 Node:         83
  0.1234E+03  0.1130E+03  0.4722E+03 -0.1498E-01
  -0.02299
  -6.162E-4
   0.005971
   0.02019
   0.005643
  -0.01511
   0.008549
   -6.948E-4
   -0.03998
   0.04463092323983451
   -0.0107086
   0.021039218982335503
   0.255    0.8687    0.4247
   -0.5936    0.4873    -0.6404
   -0.7633    -0.08881    0.6399
 Node:         84
  0.1187E+03  0.1123E+03  0.4849E+03 -0.1498E-01
  -0.00329
   4.926E-4
   3.803E-4
   0.007827
  -3.308E-4
  -0.01408
   9.617E-4
   2.544E-4
   -0.01821
   0.018828016644617668
   -0.005664633333333333
   0.00887561216380156
   -0.7981    -0.4456    -0.4055
   0.3828    -0.8948    0.2297
   0.4652    -0.02807    -0.8848
 Node:         85
  0.1302E+03  0.1161E+03  0.4556E+03 -0.1498E-01
  -0.01832
  -0.006856
   0.01863
   0.004844
   0.01871
   0.006812
   0.03249
   -0.002857
   -0.02251
   0.04827344413857374
   0.0023743333333333338
   0.022756319801076993
   -0.0541    0.8118    0.5814
   -0.4528    0.499    -0.7389
   0.89    0.3032    -0.3406
 Node:         86
  0.1252E+03  0.1138E+03  0.4706E+03 -0.1498E-01
  -0.01966
   0.01085
   0.04148
   0.03692
   0.01932
  -0.009061
   0.05593
   0.008704
   -0.05188
   0.09360478682204239
   0.004251333333333332
   0.04412571967559157
   -0.3335    -0.835    -0.4376
   0.5778    -0.5479    0.6049
   0.7449    0.05112    -0.6652
 Node:         87
  0.1217E+03  0.1126E+03  0.4834E+03 -0.1498E-01
  -0.006111
   2.388E-4
   0.001262
   0.009825
  -0.00162
  -0.01261
   0.001951
   3.992E-4
   -0.01981
   0.02102808798821234
   -0.005819933333333333
   0.009912735741234887
   -0.4686    0.7858    -0.4036
   0.6644    0.6146    0.4253
   0.5823    -0.06887    -0.8101
 Node:         88
  0.1338E+03  0.1169E+03  0.4539E+03 -0.1498E-01
  -0.03754
  -0.011
   0.01639
   0.00402
   0.02563
   0.0262
   0.04757
   -0.001448
   -0.04107
   0.0769081166327716
   0.0016840000000000004
   0.03625483386621247
   -0.04716    0.6441    0.7635
   -0.2901    0.7226    -0.6275
   0.9558    0.2511    -0.1528
 Node:         89
  0.1270E+03  0.1150E+03  0.4689E+03 -0.1498E-01
  -0.04205
   0.002503
   0.00914
   0.0165
   0.006982
  -0.003544
   0.01396
   -0.002266
   -0.04816
   0.055805182160799376
   -0.012155333333333332
   0.026306815154167856
   0.1882    0.8383    0.5117
   -0.2916    0.5452    -0.786
   -0.9378    -0.001316    0.347
 Node:         90
  0.1248E+03  0.1132E+03  0.4822E+03 -0.1498E-01
  -0.01039
   0.005655
  -0.002539
   0.005163
  -0.002853
  -0.00307
   4.38E-4
   -4.045E-4
   -0.01603
   0.016063329052534533
   -0.0053321666666666665
   0.007572325934318699
   0.4071    0.9033    -0.1356
   -0.4317    0.05947    -0.9001
   -0.8049    0.4249    0.4142
 Node:         91
  0.1260E+03  0.1263E+03  0.4550E+03 -0.1498E-01
  -0.0317
   0.01033
   0.04482
  -0.00476
   0.01957
  -0.001253
   0.05279
   -0.006038
   -0.03489
   0.07739817145126879
   0.003953999999999999
   0.036485847923087476
   -0.09609    -0.9386    -0.3314
   -0.287    -0.2927    0.9121
   -0.9531    0.1828    -0.2412
 Node:         92
  0.1210E+03  0.1234E+03  0.4726E+03 -0.1498E-01
  -0.02649
  -4.737E-4
   0.02206
   0.001294
   0.01388
   0.01005
   0.03117
   9.991E-4
   -0.02656
   0.05001269888548308
   0.0018696999999999995
   0.02357621235157731
   0.005463    0.8357    0.5492
   -0.04875    0.5488    -0.8346
   0.9988    0.02222    -0.04374
 Node:         93
  0.1159E+03  0.1217E+03  0.4877E+03 -0.1498E-01
  -0.00298
  -0.001386
   0.001518
   0.002428
   0.003182
  -0.001052
   0.003673
   -3.051E-4
   -0.005882
   0.00831339636430262
   -8.380333333333333E-4
   0.0039189726292599815
   -0.03776    -0.8197    -0.5715
   0.7196    -0.4191    0.5536
   0.6933    0.3904    -0.6057
 Node:         94
  0.1314E+03  0.1265E+03  0.4540E+03 -0.1498E-01
  -0.03852
   0.009717
   0.05002
  -0.01209
   0.01779
   0.01046
   0.05709
   0.008261
   -0.04339
   0.08702967149771393
   0.007320333333333336
   0.041026180586980744
   0.05174    0.9375    0.3442
   0.2983    0.3144    -0.9012
   0.9531    -0.1493    0.2633
 Node:         95
  0.1250E+03  0.1236E+03  0.4707E+03 -0.1498E-01
  -0.03541
  -0.00212
   0.02806
  -0.001638
   0.009657
   0.01865
   0.0342
   0.01262
   -0.03551
   0.061812933112739436
   0.0037700000000000003
   0.029138896112699028
   -0.03828    0.847    0.5302
   -0.005482    -0.5307    0.8475
   -0.9993    -0.02954    -0.02496
 Node:         96
  0.1205E+03  0.1222E+03  0.4852E+03 -0.1498E-01
  -0.004763
  -0.001498
   0.002053
   0.002917
   0.002577
  -0.001073
   0.003506
   -1.828E-4
   -0.007107
   0.009332404836911008
   -0.0012612666666666666
   0.004399337829971941
   0.01941    0.866    0.4997
   -0.5814    0.4164    -0.699
   -0.8134    -0.2769    0.5115
 Node:         97
  0.1370E+03  0.1261E+03  0.4528E+03 -0.1498E-01
  -0.0518
   0.00652
   0.05033
  -0.01059
   0.0185
   0.01013
   0.05759
   0.005517
   -0.05446
   0.09711858822594159
   0.002882333333333332
   0.04578214154255153
   0.02084    0.9331    0.359
   0.2085    0.3471    -0.9143
   0.9778    -0.09391    0.1873
 Node:         98
  0.1297E+03  0.1233E+03  0.4686E+03 -0.1498E-01
  -0.03333
  -1.368E-4
   0.03595
   4.976E-4
   0.01024
   0.008495
   0.03935
   0.005102
   -0.03334
   0.06298630393982489
   0.003704000000000001
   0.029692028425151423
   3.702E-4    0.9491    0.315
   -0.01341    0.315    -0.949
   0.9999    0.003873    -0.01284
 Node:         99
  0.1260E+03  0.1218E+03  0.4827E+03 -0.1498E-01
  -0.003452
  -4.673E-4
   0.005107
   0.002034
   2.389E-4
  -0.001226
   0.005135
   -2.127E-5
   -0.004685
   0.008507934468065676
   1.4290999999999986E-4
   0.004010678770840001
   -0.04919    0.9986    0.02177
   -0.5093    -0.006321    -0.8606
   0.8592    0.05342    -0.5089
 Node:        100
  0.1253E+03  0.1377E+03  0.4533E+03  0.0000E+00
   0.01668
   0.001469
   0.01173
  -0.002805
  -4.944E-4
  -0.007521
   0.01741
   0.01133
   -0.007847
   0.02283243064152391
   0.006964333333333333
   0.010763311025062047
   0.9595    0.2582    -0.1131
   -0.2584    0.966    0.01311
   0.1126    0.01663    0.9935
 Node:        101
  0.1189E+03  0.1339E+03  0.4716E+03  0.0000E+00
   0.02464
   0.003159
   0.01509
  -0.003786
  -0.002286
  -0.01169
   0.02608
   0.01418
   -0.01222
   0.033951877709487585
   0.009346666666666665
   0.016005068641596704
   -0.9484    -0.2961    0.113
   -0.3021    0.9524    -0.03994
   -0.09579    -0.07202    -0.9928
 Node:        102
  0.1139E+03  0.1312E+03  0.4875E+03  0.0000E+00
   0.009552
   9.812E-4
  -0.00119
  -2.91E-4
  -0.002225
  -0.001923
   0.009663
   6.013E-4
   -0.003825
   0.011908666646186717
   0.0021464333333333333
   0.005613799293605792
   -0.9941    -0.09889    0.04396
   -0.1036    0.7519    -0.6511
   -0.03132    0.6518    0.7578
 Node:        103
  0.1327E+03  0.1367E+03  0.4527E+03  0.0000E+00
   0.01978
  -0.002049
   0.01029
  -0.003145
  -0.001495
  -0.01394
   0.02043
   0.01005
   -0.01435
   0.030925335891466076
   0.005376666666666666
   0.014578343146218259
   -0.9792    0.1859    0.0815
   -0.1791    -0.9802    0.08456
   0.09561    0.0682    0.9931
 Node:        104
  0.1252E+03  0.1332E+03  0.4701E+03  0.0000E+00
   0.02948
   0.001494
   0.004839
  -0.004743
  -0.003713
  -0.0103
   0.03019
   0.005446
   -0.01161
   0.036403383579002656
   0.008008666666666666
   0.017160719591231857
   -0.9895    -0.07633    0.1229
   -0.1    0.9747    -0.1998
   -0.1046    -0.2099    -0.9721
 Node:        105
  0.1201E+03  0.1317E+03  0.4853E+03  0.0000E+00
   0.0102
  -5.703E-5
  -0.003225
  -0.001303
  -0.002336
  -0.001729
   0.01034
   -1.235E-4
   -0.004974
   0.01355600934087905
   0.0017475
   0.006390364087175838
   -0.9938    -0.01479    0.1102
   0.09695    -0.5999    0.7941
   -0.05434    -0.7999    -0.5977
 Node:        106
  0.1402E+03  0.1352E+03  0.4521E+03  0.0000E+00
   0.02138
  -0.002288
  -0.009078
   6.842E-4
  -0.007438
  -2.584E-5
   0.02163
   0.003987
   -0.01334
   0.030285320520014314
   0.004092333333333334
   0.014276637006740145
   -0.9941    0.0891    -0.06201
   0.09738    0.4795    -0.8721
   0.04798    0.873    0.4853
 Node:        107
  0.1324E+03  0.1316E+03  0.4684E+03  0.0000E+00
   0.03946
  -0.001732
  -0.002069
  -0.001534
  -0.009668
   0.002362
   0.03957
   0.01006
   -0.009881
   0.04309225558032441
   0.013249666666666667
   0.02031388409164749
   -0.9989    0.03403    0.03234
   0.004071    -0.6235    0.7818
   0.04677    0.7811    0.6227
 Node:        108
  0.1273E+03  0.1304E+03  0.4831E+03  0.0000E+00
   0.01322
  -0.001405
  -0.002242
  -0.002466
  -0.001903
  -5.008E-5
   0.01373
   9.012E-4
   -0.003706
   0.015649576628139178
   0.003641733333333333
   0.007377281170970479
   -0.9837    0.06663    0.1668
   0.1035    -0.5487    0.8296
   0.1468    0.8334    0.5329
 Node:        109
  0.1018E+03  0.1092E+03  0.4946E+03 -0.1076E-04
   0.0
   1.388E-16
   1.11E-16
   5.551E-17
  -1.388E-17
   0.0
   2.069E-16
   2.266E-17
   -1.186E-16
   2.827092280064448E-16
   3.698666666666666E-17
   1.3327040815158061E-16
   -0.5724    -0.814    -0.09897
   0.2904    -0.3141    0.9039
   0.7668    -0.4887    -0.4162
 Node:        110
  0.1058E+03  0.1118E+03  0.5081E+03 -0.1076E-04
   0.0
   2.776E-17
   0.0
  -1.388E-17
  -5.204E-17
   2.22E-16
   2.353E-16
   1.788E-17
   -3.112E-17
   2.456135916434593E-16
   7.402E-17
   1.157833574684491E-16
   -0.08376    -0.2246    0.9708
   0.7726    0.6007    0.2056
   0.6293    -0.7673    -0.1232
 Node:        111
  0.1108E+03  0.1137E+03  0.5210E+03 -0.1076E-04
   0.0
   5.551E-17
  -1.11E-16
  -2.776E-17
   3.261E-16
  -2.22E-16
   1.68E-16
   2.779E-18
   -5.038E-16
   6.063148942925615E-16
   -1.1100700000000001E-16
   2.8581958219244996E-16
   0.1486    0.7638    0.6281
   0.9825    -0.0417    -0.1818
