 Group name: test2
 #Fields=  17
 1) coordinates, coordinate, rectangular cartesian, #Components=3
   x.  Value index= 1, #Derivatives=0
   y.  Value index= 2, #Derivatives=0
   z.  Value index= 3, #Derivatives=0
 2) Tensor_1, field, rectangular cartesian, #Components=1
   Tensor_1.  Value index= 4, #Derivatives=0
 3) Tensor_1, field, rectangular cartesian, #Components=1
   Tensor_1.  Value index= 5, #Derivatives=0
 4) Tensor_2, field, rectangular cartesian, #Components=1
   Tensor_2.  Value index= 6, #Derivatives=0
 5) Tensor_3, field, rectangular cartesian, #Components=1
   Tensor_3.  Value index= 7, #Derivatives=0
 6) Tensor_4, field, rectangular cartesian, #Components=1
   Tensor_4.  Value index= 8, #Derivatives=0
 7) Tensor_5, field, rectangular cartesian, #Components=1
   Tensor_5.  Value index= 9, #Derivatives=0
 8) Tensor_6, field, rectangular cartesian, #Components=1
   Tensor_6.  Value index= 10, #Derivatives=0
 9) Principal_1, field, rectangular cartesian, #Components=1
   Principal_1.  Value index= 11, #Derivatives=0
 10) Principal_2, field, rectangular cartesian, #Components=1
   Principal_2.  Value index= 12, #Derivatives=0
 11) Principal_3, field, rectangular cartesian, #Components=1
   Principal_3.  Value index= 13, #Derivatives=0
 12) VonMises, field, rectangular cartesian, #Components=1
   VonMises.  Value index= 14, #Derivatives=0
 13) Hydrostatic, field, rectangular cartesian, #Components=1
   VonMises.  Value index= 15, #Derivatives=0
 14) Octahedral, field, rectangular cartesian, #Components=1
   VonMises.  Value index= 16, #Derivatives=0
 15) PrincipalVector1, field, rectangular cartesian, #Components=3
   x.  Value index= 17, #Derivatives=0
   y.  Value index= 18, #Derivatives=0
   z.  Value index= 19, #Derivatives=0
 16) PrincipalVector2, field, rectangular cartesian, #Components=3
   x.  Value index= 20, #Derivatives=0
   y.  Value index= 21, #Derivatives=0
   z.  Value index= 22, #Derivatives=0
 17) PrincipalVector3, field, rectangular cartesian, #Components=3
   x.  Value index= 23, #Derivatives=0
   y.  Value index= 24, #Derivatives=0
   z.  Value index= 25, #Derivatives=0
 Node:          1
  0.1287E+03  0.1133E+03  0.4908E+03 -0.3432E-04
  -1.11E-16
  -8.327E-17
  -2.22E-16
  -2.776E-17
  -4.163E-17
  -3.331E-16
   -6.637E-17
   -2.4E-16
   -3.598E-16
   2.5553921597281306E-16
   -2.2205666666666663E-16
   1.204623416489799E-16
   0.8837    -0.4676    -0.01897
   0.4046    0.7837    -0.4712
   0.2352    0.4088    0.8818
 Node:          2
  0.1292E+03  0.1137E+03  0.5052E+03 -0.3432E-04
  -5.551E-17
  -1.11E-16
  -1.665E-16
  -5.551E-17
   1.943E-16
  -2.776E-16
   8.603E-17
   -1.6E-16
   -4.256E-16
   4.4319260925696854E-16
   -1.6652333333333334E-16
   2.089229995849082E-16
   -0.6554    0.6199    0.4313
   0.7522    0.4849    0.4462
   -0.06744    -0.6169    0.7841
 Node:          3
  0.1289E+03  0.1155E+03  0.5194E+03 -0.3432E-04
   2.22E-16
   1.388E-16
   3.331E-16
   1.11E-16
   5.551E-17
   2.22E-16
   4.753E-16
   2.118E-16
   9.006E-17
   3.4107384479024473E-16
   2.590533333333333E-16
   1.6078375235770005E-16
   -0.5696    -0.7144    -0.4063
   0.2395    -0.6172    0.7494
   -0.7862    0.3296    0.5227
 Node:          4
  0.1361E+03  0.1141E+03  0.4915E+03 -0.3432E-04
   0.0
  -2.776E-17
  -1.11E-16
  -2.776E-17
  -8.327E-17
   2.22E-16
   2.435E-16
   6.328E-18
   -1.388E-16
   3.3426485304919515E-16
   3.700933333333334E-17
   1.5757396286894045E-16
   -0.08549    -0.2215    0.9714
   0.9681    -0.2491    0.0284
   0.2357    0.9428    0.2357
 Node:          5
  0.1341E+03  0.1144E+03  0.5054E+03 -0.3432E-04
   3.331E-16
   1.388E-16
   3.331E-16
   5.551E-17
  -6.939E-17
   4.441E-16
   4.814E-16
   4.627E-16
   1.662E-16
   3.062784517395894E-16
   3.7010000000000004E-16
   1.4438104677092028E-16
   -0.348    -0.6443    0.681
   -0.6589    -0.3487    -0.6665
   0.6669    -0.6807    -0.3032
 Node:          6
  0.1323E+03  0.1162E+03  0.5191E+03 -0.3432E-04
   2.22E-16
   5.551E-17
   2.22E-16
  -5.551E-17
  -2.776E-17
   0.0
   2.897E-16
   1.685E-16
   -1.402E-17
   2.648101478418076E-16
   1.4806E-16
   1.2483270084396958E-16
   -0.715    -0.6696    0.2012
   0.6656    -0.7399    -0.09741
   -0.2141    -0.06426    -0.9747
 Node:          7
  0.1408E+03  0.1171E+03  0.4920E+03 -0.3432E-04
   3.331E-16
   2.22E-16
   2.22E-16
  -8.327E-17
  -1.11E-16
   0.0
   5.398E-16
   6.158E-17
   -4.631E-17
   5.403052621435404E-16
   1.8502333333333335E-16
   2.5470234318164845E-16
   -0.7537    -0.6111    0.2419
   -0.656    0.677    -0.3335
   -0.04004    0.4101    0.9112
 Node:          8
  0.1367E+03  0.1169E+03  0.5055E+03 -0.3432E-04
   2.22E-16
   1.943E-16
   2.22E-16
  -4.025E-16
  -2.359E-16
  -2.22E-16
   6.547E-16
   4.477E-17
   -4.775E-16
   9.814930967154074E-16
   7.399000000000001E-17
   4.626802829168323E-16
   -0.6847    -0.5611    0.4652
   0.5685    -0.8105    -0.1409
   -0.4561    -0.1681    -0.8739
 Node:          9
  0.1339E+03  0.1180E+03  0.5191E+03 -0.3432E-04
   2.22E-16
   1.665E-16
   0.0
  -3.955E-16
  -2.776E-16
   6.661E-16
   1.002E-15
   -9.379E-18
   -1.046E-16
   1.062195387036208E-15
   2.96007E-16
   5.007237074122481E-16
   -0.4817    -0.3073    0.8207
   -0.8565    -0.03292    -0.515
   -0.1853    0.951    0.2474
 Node:         10
  0.1294E+03  0.1212E+03  0.4911E+03 -0.3432E-04
   0.0
   2.776E-17
   1.11E-16
  -1.388E-17
   1.249E-16
   1.11E-16
   2.363E-16
   2.303E-17
   -3.732E-17
   2.48992088026909E-16
   7.400333333333333E-17
   1.173759959370834E-16
   0.0421    0.71    0.703
   -0.7813    -0.4152    0.4661
   -0.6228    0.5688    -0.5372
 Node:         11
  0.1295E+03  0.1214E+03  0.5055E+03 -0.3432E-04
  -2.22E-16
  -2.776E-17
  -2.22E-16
  -4.163E-17
   1.388E-17
  -1.665E-16
   -1.365E-16
   -2.183E-16
   -2.558E-16
   1.0566451627675205E-16
   -2.035333333333333E-16
   4.9810730660058464E-17
   -0.4935    0.2929    0.8189
   0.3541    -0.7924    0.4968
   -0.7944    -0.5351    -0.2873
 Node:         12
  0.1295E+03  0.1217E+03  0.5196E+03 -0.3432E-04
   1.11E-16
   0.0
   1.11E-16
   7.633E-17
   2.776E-17
   2.22E-16
   2.649E-16
   1.11E-16
   6.816E-17
   1.792025435087348E-16
   1.4801999999999999E-16
   8.447688914726913E-17
   -0.4387    -0.1595    -0.8844
   0.3417    -0.9398    -2.255E-17
   0.8311    0.3022    -0.4668
 Node:         13
  0.1361E+03  0.1199E+03  0.4914E+03 -0.3432E-04
   1.11E-16
  -1.388E-16
   0.0
  -9.714E-17
   2.776E-17
  -1.665E-16
   2.285E-16
   -8.52E-17
   -1.988E-16
   3.833392361864358E-16
   -1.849999999999999E-17
   1.807078489348669E-16
   0.8171    -0.5252    -0.2378
   0.4648    0.8442    -0.2671
   0.341    0.1077    0.9339
 Node:         14
  0.1342E+03  0.1198E+03  0.5054E+03 -0.3432E-04
  -5.551E-17
   2.776E-17
   0.0
   5.551E-17
  -9.021E-17
   1.11E-16
   1.672E-16
   -4.94E-18
   -1.068E-16
   2.398787602102362E-16
   1.8486666666666665E-17
   1.130799320048532E-16
   0.1634    -0.4472    0.8794
   -0.6569    -0.7144    -0.2412
   -0.7361    0.5382    0.4105
 Node:         15
  0.1330E+03  0.1205E+03  0.5193E+03 -0.3432E-04
   2.22E-16
  -8.327E-17
  -5.551E-17
   1.388E-17
   4.857E-17
   0.0
   2.451E-16
   2.471E-17
   -1.033E-16
   3.0523832672192397E-16
   5.550333333333333E-17
   1.438907271354049E-16
   -0.9638    0.2667    -0.001723
   0.1157    0.4239    0.8983
   0.2403    0.8656    -0.4394
 Node:         16
  0.1404E+03  0.1188E+03  0.4918E+03 -0.3432E-04
   2.22E-16
   5.551E-17
   2.22E-16
  -8.327E-17
  -1.457E-16
   4.441E-16
   5.466E-16
   1.95E-16
   1.465E-16
   3.7818964819254375E-16
   2.9603333333333337E-16
   1.7828030987433498E-16
   -0.2927    -0.4328    0.8526
   -0.9222    -0.1077    -0.3713
   -0.2526    0.895    0.3676
 Node:         17
  0.1365E+03  0.1184E+03  0.5055E+03 -0.3432E-04
  -1.11E-16
   2.776E-17
  -1.11E-16
   9.714E-17
   1.7E-16
   0.0
   1.573E-16
   -1.341E-16
   -2.452E-16
   3.600440389730123E-16
   -7.400000000000001E-17
   1.697263876557404E-16
   0.3368    0.5285    0.7792
   0.8927    -0.4425    -0.08566
   -0.2996    -0.7244    0.6209
 Node:         18
  0.1341E+03  0.1191E+03  0.5192E+03 -0.3432E-04
   0.0
   0.0
   0.0
   2.645E-17
   1.065E-16
   4.441E-16
   4.697E-16
   -1.672E-33
   -2.562E-17
   4.830198633596759E-16
   1.4802666666666666E-16
   2.2769774721961763E-16
   -0.05484    -0.2207    -0.9738
   0.9705    -0.2411    -6.21E-17
   -0.2348    -0.9451    0.2274
 Node:         19
  0.1301E+03  0.1291E+03  0.4914E+03  0.0000E+00
   1.11E-16
   0.0
   1.11E-16
   2.101E-19
   1.001E-17
  -2.22E-16
   1.113E-16
   1.11E-16
   -2.223E-16
   3.3345010121455954E-16
   0.0
   1.5718988517077046E-16
   -0.02096    -0.9993    -0.03003
   0.9998    -0.02097    1.345E-19
   6.298E-4    0.03003    -0.9995
 Node:         20
  0.1299E+03  0.1291E+03  0.5058E+03  0.0000E+00
   2.22E-16
   0.0
   0.0
   1.041E-17
   1.924E-17
  -5.551E-17
   2.224E-16
   5.975E-18
   -6.188E-17
   2.5715676157744715E-16
   5.549833333333335E-17
   1.2122485995959007E-16
   -0.9993    -0.003257    -0.03765
   0.01428    -0.9549    -0.2965
   -0.03498    -0.2968    0.9543
 Node:         21
  0.1301E+03  0.1280E+03  0.5197E+03  0.0000E+00
   1.11E-16
   0.0
   0.0
   4.163E-17
   1.475E-17
   1.11E-16
   1.534E-16
   7.089E-17
   -2.22E-18
   1.3485280234388901E-16
   7.402333333333333E-17
   6.357022066624871E-17
   -0.6994    -0.0684    -0.7114
   -0.7126    0.1429    0.6869
   -0.05465    -0.9874    0.1487
 Node:         22
  0.1360E+03  0.1256E+03  0.4913E+03  0.0000E+00
  -2.22E-16
   1.388E-17
  -1.11E-16
  -1.388E-17
   1.006E-16
   1.11E-16
   1.5E-16
   -1.456E-16
   -2.264E-16
   3.432090907886911E-16
   -7.4E-17
   1.617903169743686E-16
   -0.02144    0.3586    0.9332
   0.228    0.9106    -0.3447
   -0.9734    0.2054    -0.1013
 Node:         23
  0.1343E+03  0.1253E+03  0.5054E+03  0.0000E+00
   0.0
   2.082E-17
  -4.441E-16
   0.0
   1.314E-16
  -1.665E-16
   1.265E-18
   -1.147E-16
   -4.972E-16
   4.517861703560657E-16
   -2.0354499999999996E-16
   2.1297404313671653E-16
   0.997    0.06061    0.04746
   0.06644    -0.3661    -0.9282
   0.03888    -0.9286    0.369
 Node:         24
  0.1336E+03  0.1248E+03  0.5194E+03  0.0000E+00
  -2.22E-16
   1.214E-17
   0.0
   1.388E-17
   8.674E-19
  -1.665E-16
   6.779E-19
   -1.633E-16
   -2.259E-16
   2.026635838733984E-16
   -1.2950736666666666E-16
   9.553652963763242E-17
   -0.05504    -0.9984    -0.009747
   0.2257    -0.02195    0.974
   -0.9726    0.05141    0.2265
 Node:         25
  0.1400E+03  0.1206E+03  0.4917E+03  0.0000E+00
   0.0
   2.671E-16
  -1.11E-16
  -8.327E-17
  -1.301E-16
   2.22E-16
   3.681E-16
   7.58E-17
   -3.329E-16
   6.098671904603493E-16
   3.699999999999999E-17
   2.8749415066513385E-16
   0.5089    0.4781    -0.7159
   0.6086    0.3883    0.692
   0.6088    -0.7878    -0.09334
 Node:         26
  0.1363E+03  0.1200E+03  0.5055E+03  0.0000E+00
   2.22E-16
   1.076E-16
  -6.106E-16
   2.776E-17
  -1.124E-15
  -5.551E-17
   8.281E-16
   2.248E-16
   -1.497E-15
   2.089815319591662E-15
   -1.4803333333333336E-16
   9.851483892738641E-16
   0.07371    0.6174    -0.7832
   0.9955    0.001018    0.09449
   -0.05914    0.7866    0.6146
 Node:         27
  0.1343E+03  0.1203E+03  0.5192E+03  0.0000E+00
   2.22E-16
  -1.943E-16
   2.22E-16
  -1.041E-16
   1.313E-15
   0.0
   1.466E-15
   1.875E-16
   -1.209E-15
   2.3173691440942246E-15
   1.4816666666666667E-16
   1.0924182908676612E-15
   -0.1693    0.728    0.6643
   0.9848    0.09849    0.1431
   0.03876    0.6785    -0.7336
 Node:         28
  0.1155E+03  0.1124E+03  0.4931E+03 -0.2028E-03
  -2.22E-16
   3.816E-17
   2.22E-16
  -5.551E-17
   5.551E-17
   1.11E-16
   2.455E-16
   1.014E-16
   -2.359E-16
   4.279497984577163E-16
   3.699999999999999E-17
   2.0173746966457835E-16
   0.03184    0.9284    0.3701
   0.1988    0.3571    -0.9127
   0.9795    -0.1026    0.1732
 Node:         29
  0.1119E+03  0.1139E+03  0.5068E+03 -0.2028E-03
  -2.22E-16
  -2.082E-17
   0.0
   5.551E-17
   6.939E-18
  -3.331E-16
   1.944E-18
   -2.004E-16
   -3.566E-16
   3.113642033631998E-16
   -1.8501866666666668E-16
   1.4677849307791052E-16
   -0.09118    0.9958    0.005517
   -0.9179    -0.08189    -0.3884
   -0.3863    -0.04048    0.9215
 Node:         30
  0.1113E+03  0.1159E+03  0.5206E+03 -0.2028E-03
   2.22E-16
   1.249E-16
   2.22E-16
   0.0
  -2.776E-17
   1.11E-16
   3.486E-16
   1.238E-16
   8.277E-17
   2.4787505905193444E-16
   1.8505666666666664E-16
   1.1684942342842583E-16
   -0.7001    -0.7092    0.08287
   -0.4685    0.3686    -0.8029
   -0.5389    0.6009    0.5903
 Node:         31
  0.1203E+03  0.1126E+03  0.4920E+03 -0.2028E-03
  -5.551E-17
   9.714E-17
  -1.11E-16
   2.776E-17
   4.163E-17
  -5.551E-17
   4.114E-17
   -7.661E-17
   -1.866E-16
   1.9726678661143135E-16
   -7.402333333333333E-17
   9.29924550105485E-17
   -0.6956    -0.5654    -0.4433
   0.4358    0.1585    -0.886
   0.5712    -0.8095    0.1362
 Node:         32
  0.1188E+03  0.1134E+03  0.5062E+03 -0.2028E-03
   2.22E-16
  -1.388E-17
  -1.11E-16
  -2.776E-17
   9.714E-17
  -5.551E-17
   2.266E-16
   1.331E-17
   -1.844E-16
   3.5602167644681415E-16
   1.8503333333333345E-17
   1.6783022777663014E-16
   -0.9894    0.07624    0.1236
   0.1445    0.5992    0.7875
   0.01402    -0.797    0.6038
 Node:         33
  0.1183E+03  0.1150E+03  0.5201E+03 -0.2028E-03
   1.11E-16
   5.551E-17
   0.0
   8.327E-17
   0.0
   0.0
   1.7E-16
   0.0
   -5.893E-17
   2.0589037107159722E-16
   3.702333333333333E-17
   9.705765171049398E-17
   -0.8617    -0.2815    -0.4222
   0.0    -0.8321    0.5547
   -0.5074    0.478    0.717
 Node:         34
  0.1255E+03  0.1129E+03  0.4909E+03 -0.2028E-03
   0.0
   0.0
   0.0
   5.551E-17
   9.714E-17
   0.0
   1.119E-16
   3.387E-33
   -1.119E-16
   1.9381648536695736E-16
   0.0
   9.136596740581255E-17
   -0.3508    -0.6139    -0.7071
   0.8682    -0.4961    -4.855E-17
   -0.3508    -0.6139    0.7071
 Node:         35
  0.1260E+03  0.1135E+03  0.5054E+03 -0.2028E-03
   0.0
   1.11E-16
  -1.11E-16
   1.11E-16
   2.498E-16
  -1.11E-16
   2.41E-16
   -1.023E-16
   -3.608E-16
   5.228959647960578E-16
   -7.403333333333333E-17
   2.4649552170824977E-16
   0.5458    0.5925    0.5925
   0.8379    -0.3859    -0.3859
   -4.975E-17    -0.7071    0.7071
 Node:         36
  0.1257E+03  0.1153E+03  0.5196E+03 -0.2028E-03
   0.0
  -5.551E-17
   0.0
  -5.551E-17
   8.327E-17
   0.0
   1.305E-16
   -4.723E-17
   -8.327E-17
   1.982226619234037E-16
   0.0
   9.344305895392481E-17
   -0.5155    0.6059    0.6059
   0.8569    0.3645    0.3645
   -1.256E-16    0.7071    -0.7071
 Node:         37
  0.1132E+03  0.1210E+03  0.4959E+03 -0.2028E-03
  -2.22E-16
   1.388E-16
  -2.22E-16
  -8.327E-17
   1.804E-16
  -2.776E-16
   -4.482E-17
   -1.622E-16
   -5.146E-16
   4.2347200190803645E-16
   -2.4054E-16
   1.9962661612787678E-16
   0.3971    0.7887    0.4693
   -0.7874    0.0301    0.6157
   0.4715    -0.614    0.633
 Node:         38
  0.1111E+03  0.1204E+03  0.5085E+03 -0.2028E-03
  -1.665E-16
   9.714E-17
   0.0
  -2.776E-17
  -8.327E-17
  -2.22E-16
   7.071E-17
   -2.091E-16
   -2.502E-16
   3.0246162913665597E-16
   -1.2953E-16
   1.4258177934084005E-16
   -0.3916    -0.8746    0.2859
   0.9154    -0.3389    0.217
   0.09287    -0.3467    -0.9334
 Node:         39
  0.1119E+03  0.1201E+03  0.5207E+03 -0.2028E-03
  -5.551E-17
  -9.714E-17
  -3.331E-16
  -8.327E-17
  -7.633E-17
  -1.11E-16
   8.934E-18
   -1.105E-16
   -3.981E-16
   3.6239130612640252E-16
   -1.6655533333333335E-16
   1.7083290000335286E-16
   0.851    -0.1281    -0.5092
   0.4076    -0.4503    0.7944
   -0.3311    -0.8836    -0.331
 Node:         40
  0.1191E+03  0.1220E+03  0.4937E+03 -0.2028E-03
   0.0
   8.327E-17
  -2.22E-16
   8.327E-17
  -1.388E-17
  -2.22E-16
   4.872E-17
   -2.082E-16
   -2.846E-16
   3.0244591979393603E-16
   -1.4802666666666666E-16
   1.4257437388566321E-16
   -0.924    -0.2703    -0.2703
   0.0    -0.7071    0.7071
   0.3823    -0.6534    -0.6534
 Node:         41
  0.1182E+03  0.1217E+03  0.5073E+03 -0.2028E-03
   0.0
  -2.776E-17
  -5.551E-17
   5.551E-17
   9.714E-17
   1.11E-16
   1.653E-16
   1.073E-17
   -1.206E-16
   2.478691830381502E-16
   1.8476666666666666E-17
   1.168466534489637E-16
   0.2406    0.3653    0.8993
   -0.8901    0.4526    0.05428
   -0.3871    -0.8135    0.434
 Node:         42
  0.1187E+03  0.1212E+03  0.5204E+03 -0.2028E-03
   0.0
  -5.551E-17
  -1.11E-16
   0.0
   5.551E-17
   1.11E-16
   1.256E-16
   1.887E-17
   -1.444E-16
   2.3552960089975954E-16
   2.3333333333339628E-20
   1.1102971864425409E-16
   0.1113    -0.2517    -0.9614
   0.9295    -0.3159    0.1903
   -0.3516    -0.9148    0.1988
 Node:         43
  0.1258E+03  0.1217E+03  0.4915E+03 -0.2028E-03
   2.22E-16
   1.11E-16
   1.11E-16
  -1.388E-17
   0.0
  -5.551E-17
   2.911E-16
   4.294E-17
   -5.645E-17
   3.1004254562882173E-16
   9.253E-17
   1.4615545764698628E-16
   -0.8507    -0.5246    0.03406
   -0.5213    0.8502    0.07348
   0.06751    -0.04475    0.9967
 Node:         44
  0.1259E+03  0.1220E+03  0.5059E+03 -0.2028E-03
  -2.22E-16
   1.388E-16
  -2.22E-16
   9.714E-17
   1.11E-16
  -1.11E-16
   5.081E-17
   -2.445E-16
   -3.614E-16
   3.679610646522265E-16
   -1.8503E-16
   1.7345850935214064E-16
   -0.5113    -0.534    -0.6733
   -0.5198    -0.4318    0.7372
   -0.6844    0.7269    -0.05679
 Node:         45
  0.1261E+03  0.1221E+03  0.5198E+03 -0.2028E-03
  -5.551E-17
  -8.327E-17
  -2.776E-16
   2.776E-17
  -6.939E-18
   1.11E-16
   1.167E-16
   -3.339E-17
   -3.053E-16
   3.7050374910383835E-16
   -7.399666666666666E-17
   1.7465714229757554E-16
   0.1854    -0.05643    0.981
   0.9302    -0.3117    -0.1938
   -0.3167    -0.9485    0.005308
 Node:         46
  0.1117E+03  0.1296E+03  0.4959E+03  0.0000E+00
  -5.551E-17
   2.776E-17
  -1.665E-16
   6.939E-18
  -2.602E-17
   0.0
   4.101E-18
   -4.897E-17
   -1.772E-16
   1.6144583695778595E-16
   -7.402300000000001E-17
   7.610629740479211E-17
   0.04856    -0.1429    0.9886
   0.9724    0.2327    -0.01414
   -0.228    0.962    0.1502
 Node:         47
  0.1107E+03  0.1269E+03  0.5087E+03  0.0000E+00
  -1.665E-16
  -3.123E-17
   1.11E-16
  -2.776E-17
   3.99E-17
   0.0
   1.289E-16
   -1.114E-17
   -1.732E-16
   2.6185783853075704E-16
   -1.8479999999999997E-17
   1.2344096888796688E-16
   -0.1292    0.939    0.3186
   -0.1008    -0.3321    0.9379
   -0.9865    -0.08906    -0.1376
 Node:         48
  0.1125E+03  0.1242E+03  0.5208E+03  0.0000E+00
   1.11E-16
   3.469E-18
   1.11E-16
   0.0
  -1.735E-18
   1.11E-16
   1.149E-16
   1.11E-16
   1.071E-16
   6.75499814951862E-18
   1.1099999999999999E-16
   3.1843366656181307E-18
   -0.6325    -0.7071    0.3162
   0.4472    -4.455E-15    0.8944
   -0.6325    0.7071    0.3162
 Node:         49
  0.1186E+03  0.1311E+03  0.4938E+03  0.0000E+00
  -1.665E-16
  -2.082E-17
   0.0
  -4.163E-17
  -6.072E-18
  -5.551E-17
   2.581E-18
   -4.165E-17
   -1.83E-16
   1.6789358448433935E-16
   -7.402300000000001E-17
   7.914579473772858E-17
   0.1174    -0.9929    0.01965
   -0.3135    -0.01827    0.9494
   -0.9423    -0.1176    -0.3134
 Node:         50
  0.1180E+03  0.1298E+03  0.5075E+03  0.0000E+00
   0.0
  -1.301E-17
   3.331E-16
  -4.163E-17
   1.247E-17
   2.22E-16
   3.354E-16
   2.276E-16
   -7.879E-18
   3.040655120874448E-16
   1.8504033333333332E-16
   1.4333785701466156E-16
   0.05441    -0.9902    -0.1289
   -0.1707    -0.1364    0.9758
   0.9838    0.03109    0.1765
 Node:         51
  0.1192E+03  0.1275E+03  0.5206E+03  0.0000E+00
   0.0
  -3.469E-18
  -5.551E-17
   0.0
   1.475E-17
   1.11E-16
   1.123E-16
   2.087E-19
   -5.702E-17
   1.491791641607165E-16
   1.849623333333333E-17
   7.03237323931892E-17
   -0.002705    0.08758    0.9962
   0.9982    -0.06004    0.007989
   -0.06051    -0.9943    0.08725
 Node:         52
  0.1262E+03  0.1305E+03  0.4920E+03  0.0000E+00
   1.11E-16
  -1.388E-17
   1.11E-16
   1.301E-18
   4.906E-18
   0.0
   1.25E-16
   9.734E-17
   -2.497E-19
   1.1396559238686912E-16
   7.403009999999999E-17
   5.372389546579809E-17
   -0.7047    0.7092    0.02051
   0.7093    0.7034    0.04493
   -0.01744    -0.04621    0.9988
 Node:         53
  0.1258E+03  0.1304E+03  0.5063E+03  0.0000E+00
  -1.665E-16
  -1.735E-18
  -1.11E-16
   2.776E-17
   3.383E-17
  -2.22E-16
   -1.01E-16
   -1.572E-16
   -2.414E-16
   1.2239330047024632E-16
   -1.6653333333333332E-16
   5.769675515620921E-17
   0.09684    0.9526    0.2883
   -0.9346    0.1866    -0.3027
   -0.3422    -0.2402    0.9084
 Node:         54
  0.1265E+03  0.1288E+03  0.5200E+03  0.0000E+00
  -2.22E-16
   2.082E-17
   1.11E-16
   0.0
  -4.337E-18
   1.11E-16
   1.16E-16
   1.073E-16
   -2.233E-16
   3.350347295430729E-16
   0.0
   1.5793688612860518E-16
   -0.04656    -0.7562    0.6527
   -0.04117    -0.6514    -0.7576
   -0.9981    0.06215    8.061E-4
 Node:         55
  0.1381E+03  0.1168E+03  0.4524E+03  0.1033E-01
   0.01496
  -0.009681
   0.003818
  -0.00316
   0.01413
  -0.03295
   0.02246
   0.001127
   -0.03776
   0.05288546141426772
   -0.004724333333333334
   0.024930445594805475
   0.8054    -0.5618    -0.1892
   0.5928    0.7619    0.261
   -0.00245    -0.3224    0.9466
 Node:         56
  0.1314E+03  0.1156E+03  0.4682E+03  0.1033E-01
   0.0231
  -0.01215
   0.004004
  -0.009854
   0.007697
  -0.01607
   0.03212
   -0.001549
   -0.01954
   0.04542044276534521
   0.003677000000000001
   0.021411402055914044
   -0.8631    0.4406    0.2469
   0.4806    0.8668    0.1333
   0.1552    -0.2337    0.9598
 Node:         57
  0.1285E+03  0.1140E+03  0.4823E+03  0.1033E-01
   0.006812
  -0.004794
   0.003214
  -0.002963
   0.002072
  -1.372E-4
   0.01128
   -1.075E-4
   -0.001283
   0.01201844260917362
   0.0032965000000000004
   0.005665548178832007
   -0.7834    0.5433    0.302
   0.573    0.8195    0.01202
   0.2409    -0.1824    0.9532
 Node:         58
  0.1477E+03  0.1177E+03  0.4526E+03  0.1033E-01
   0.01364
  -0.00953
   0.01206
  -0.001482
   0.009307
  -0.06093
   0.02308
   0.003791
   -0.0621
   0.07736059010245462
   -0.011743000000000002
   0.03646813190535905
   0.7147    -0.6937    -0.08946
   0.6994    0.7095    0.08602
   0.003802    -0.124    0.9923
 Node:         59
  0.1415E+03  0.1166E+03  0.4688E+03  0.1033E-01
   0.03461
  -0.01803
   0.01085
  -0.01963
   0.01533
  -0.01696
   0.05298
   0.001675
   -0.02616
   0.06953463112003974
   0.009498333333333334
   0.0327789394615235
   -0.8172    0.4707    0.3326
   0.5332    0.8365    0.1264
   0.2187    -0.2806    0.9346
 Node:         60
  0.1374E+03  0.1150E+03  0.4832E+03  0.1033E-01
   0.01348
  -0.009139
   0.006327
  -0.009576
   0.006297
   0.003504
   0.02565
   1.024E-4
   -0.002437
   0.026907322303789356
   0.0077718
   0.01268423337638766
   -0.7356    0.4977    0.4596
   0.5336    0.8436    -0.05942
   0.4173    -0.2015    0.8861
 Node:         61
  0.1547E+03  0.1220E+03  0.4529E+03  0.1033E-01
   0.02831
  -0.00749
  -0.004705
   0.007438
  -0.01267
  -0.02554
   0.03176
   -0.001949
   -0.03174
   0.05502749477306776
   -6.43E-4
   0.02594020980382901
   -0.9493    0.2576    -0.1802
   0.3083    0.8752    -0.3727
   -0.06169    0.4094    0.9103
 Node:         62
  0.1488E+03  0.1202E+03  0.4695E+03  0.1033E-01
   0.04477
  -0.02917
   0.01113
  -0.01977
   0.008696
   0.01974
   0.07069
   0.01097
   -0.006017
   0.06978180428306509
   0.02521433333333334
   0.03289545800799185
   -0.8037    0.4504    0.3888
   0.2705    -0.3055    0.913
   0.53    0.8389    0.1236
 Node:         63
  0.1436E+03  0.1181E+03  0.4838E+03  0.1033E-01
   0.01074
  -0.01522
   0.01647
  -0.007879
   0.01089
   0.007792
   0.03557
   0.001504
   -0.002073
   0.035988072565782125
   0.011666999999999999
   0.016964940102065396
   -0.5668    0.6997    0.435
   0.4479    -0.1815    0.8755
   0.6915    0.691    -0.2106
 Node:         64
  0.1410E+03  0.1253E+03  0.4521E+03  0.1033E-01
  -0.02103
  -0.01299
   0.02795
  -6.964E-4
   0.001088
  -0.02162
   0.03121
   -0.02158
   -0.02433
   0.05421733209961553
   -0.004899999999999999
   0.02555829545698748
   0.2416    -0.9701    -0.02316
   -0.1423    -0.05904    0.9881
   0.9599    0.2354    0.1524
 Node:         65
  0.1339E+03  0.1229E+03  0.4681E+03  0.1033E-01
   0.006329
  -0.02113
   0.01867
  -0.006158
   0.002301
  -0.0134
   0.03515
   -0.00759
   -0.01596
   0.0474815574723492
   0.0038666666666666676
   0.022383020846664603
   0.6031    -0.7895    -0.1139
   -0.6644    -0.5763    0.4759
   -0.4413    -0.2113    -0.8721
 Node:         66
  0.1299E+03  0.1214E+03  0.4825E+03  0.1033E-01
   0.006978
  -0.006638
   0.005724
  -0.002712
   0.002102
  -3.489E-4
   0.01384
   -2.424E-4
   -0.001247
   0.014610625926359212
   0.004116866666666667
   0.006887515113272388
   -0.722    0.651    0.2344
   0.5975    0.7575    -0.2632
   0.3489    0.05    0.9358
 Node:         67
  0.1495E+03  0.1244E+03  0.4525E+03  0.1033E-01
  -0.01035
  -0.01013
   0.02644
  -3.772E-4
   0.002824
  -0.05495
   0.02914
   -0.01295
   -0.05505
   0.07291067891605454
   -0.012953333333333336
   0.03437042365497147
   -0.2487    0.968    0.03363
   0.9686    0.2486    0.008015
   6.003E-4    -0.03456    0.9994
 Node:         68
  0.1429E+03  0.1223E+03  0.4688E+03  0.1033E-01
   0.02898
  -0.0226
   0.02301
  -0.01556
   0.006759
  -0.0301
   0.05199
   0.003867
   -0.03397
   0.07462098665254971
   0.007295666666666668
   0.03517667045389917
   -0.7511    0.631    0.1943
   0.6181    0.7754    -0.1289
   0.232    -0.02333    0.9724
 Node:         69
  0.1379E+03  0.1205E+03  0.4831E+03  0.1033E-01
   0.0145
  -0.009599
   0.00726
  -0.007513
   0.004527
  -3.351E-5
   0.02429
   6.875E-4
   -0.003254
   0.02580005198153678
   0.007241166666666667
   0.012162261140740052
   -0.7782    0.5287    0.3388
   0.5208    0.8449    -0.1223
   0.3509    -0.08123    0.9329
 Node:         70
  0.1549E+03  0.1241E+03  0.4529E+03  0.1033E-01
  -2.637E-4
  -0.01313
   0.01894
  -0.008102
   0.006481
  -0.07195
   0.02652
   -0.006658
   -0.07313
   0.08789035489745163
   -0.017756
   0.041431910632586895
   0.4615    -0.882    -0.09602
   0.8815    0.4681    -0.06293
   0.1004    -0.0556    0.9934
 Node:         71
  0.1490E+03  0.1221E+03  0.4695E+03  0.1033E-01
   0.04777
  -0.01961
   0.01984
  -0.02973
   0.01228
  -0.02693
   0.06864
   0.009857
   -0.03782
   0.09236414081774376
   0.013559000000000003
   0.04354087354046387
   -0.8492    0.4213    0.3183
   0.43    0.9017    -0.04643
   0.3066    -0.09744    0.9468
 Node:         72
  0.1434E+03  0.1199E+03  0.4837E+03  0.1033E-01
   0.02259
  -0.01003
   0.005998
  -0.013
   0.005889
   0.002279
   0.03377
   0.001285
   -0.004192
   0.03554142792573197
   0.010287666666666667
   0.016754389799558667
   -0.8253    0.3855    0.4127
   0.4106    0.9113    -0.0301
   0.3877    -0.1446    0.9104
 Node:         73
  0.1439E+03  0.1339E+03  0.4517E+03  0.0000E+00
   0.02596
   2.666E-4
  -0.01903
  -0.004913
   0.003888
   0.001838
   0.02693
   0.0016
   -0.01976
   0.04048342006303321
   0.0029233333333333333
   0.019084067234796206
   -0.981    0.0107    0.1937
   -0.1924    -0.1842    -0.9639
   -0.02537    0.9828    -0.1827
 Node:         74
  0.1364E+03  0.1303E+03  0.4680E+03  0.0000E+00
   0.04547
   0.01596
  -0.00195
   0.003571
   0.006415
   0.01116
   0.05105
   0.01182
   -0.008196
   0.052200199578162534
   0.018224666666666663
   0.024607410067339925
   -0.9445    -0.3005    -0.1329
   -0.2018    0.2115    0.9563
   -0.2593    0.93    -0.2604
 Node:         75
  0.1313E+03  0.1288E+03  0.4826E+03  0.0000E+00
   0.02023
   0.006545
   0.001345
   0.001837
   9.623E-4
   0.001591
   0.02247
   0.001454
   -7.648E-4
   0.022208683667430628
   0.0077197333333333335
   0.010469273881644746
   -0.9494    -0.2985    -0.09727
   -0.142    0.132    0.981
   -0.28    0.9452    -0.1678
 Node:         76
  0.1512E+03  0.1310E+03  0.4523E+03  0.0000E+00
   0.02028
  -0.002073
  -0.01835
  -0.005446
   6.739E-4
  -0.00411
   0.02156
   -0.005267
   -0.01847
   0.035329930922661026
   -7.256666666666673E-4
   0.016654689156177273
   -0.9765    0.05423    0.2086
   0.2098    0.01712    0.9776
   -0.04945    -0.9984    0.02809
 Node:         77
  0.1443E+03  0.1281E+03  0.4687E+03  0.0000E+00
   0.05443
   0.01473
  -0.002167
   0.004395
   0.002866
   0.004567
   0.05849
   0.004407
   -0.006067
   0.06000950680517213
   0.01894333333333333
   0.02828875279839832
   -0.9667    -0.2391    -0.09149
   -0.1279    0.1415    0.9816
   -0.2218    0.9606    -0.1673
 Node:         78
  0.1384E+03  0.1261E+03  0.4829E+03  0.0000E+00
   0.02352
   0.007944
   0.001539
   0.0026
   0.001171
   0.001097
   0.02641
   8.32E-4
   -0.001083
   0.02658727475692084
   0.008719666666666665
   0.012533361515925762
   -0.9451    -0.3071    -0.1113
   -0.1554    0.1233    0.9801
   -0.2873    0.9437    -0.1643
 Node:         79
  0.1552E+03  0.1261E+03  0.4529E+03  0.0000E+00
   0.01096
  -0.004657
  -0.0641
  -0.01481
   9.734E-4
  -0.009343
   0.01901
   -0.01711
   -0.06439
   0.07244174487131022
   -0.02083
   0.03414936602632617
   0.8843    -0.05498    -0.4637
   0.4629    -0.02753    0.886
   -0.06148    -0.9981    0.001108
 Node:         80
  0.1492E+03  0.1240E+03  0.4695E+03  0.0000E+00
   0.06494
   0.003037
  -0.04006
   0.009074
   0.003931
   7.084E-4
   0.06632
   -2.466E-4
   -0.04048
   0.09342397634205045
   0.008531133333333335
   0.04404048479791697
   -0.9897    -0.03339    -0.1389
   -0.1413    0.08659    0.9862
   0.0209    -0.9957    0.09042
 Node:         81
  0.1433E+03  0.1217E+03  0.4837E+03  0.0000E+00
   0.02785
   0.005992
  -0.003447
   0.009274
   0.002708
   0.003204
   0.03215
   1.938E-4
   -0.004739
   0.03468666570369657
   0.009201599999999999
   0.016351451023889792
   -0.9316    -0.1808    -0.3153
   -0.3407    0.1318    0.9309
   0.1267    -0.9747    0.1844
 Node:         82
  0.1267E+03  0.1148E+03  0.4556E+03  0.1741E-01
   0.01802
  -0.01102
  -0.005363
  -0.00434
  -0.001199
  -0.007054
   0.02282
   -0.00569
   -0.01153
   0.03183432267223539
   0.0018666666666666664
   0.015006843624012197
   -0.9264    0.3569    0.1202
   -0.1063    -0.5541    0.8256
   0.3613    0.7521    0.5512
 Node:         83
  0.1234E+03  0.1129E+03  0.4716E+03  0.1741E-01
   0.00688
  -0.00859
  -0.004364
  -0.009436
   6.847E-4
   0.003174
   0.0171
   -9.308E-4
   -0.01048
   0.024258538386308436
   0.0018964000000000006
   0.011435584663088576
   -0.7747    0.3273    0.541
   0.2909    -0.5753    0.7645
   0.5615    0.7496    0.3505
 Node:         84
  0.1187E+03  0.1123E+03  0.4849E+03  0.1741E-01
   7.026E-4
  -8.239E-4
  -4.316E-4
  -0.002686
   1.372E-4
   0.004045
   0.005582
   3.645E-5
   -0.001303
   0.0063225974134448895
   0.0014384833333333333
   0.0029805010038396044
   -0.4916    0.08711    0.8664
   -0.505    0.7821    -0.3652
   -0.7094    -0.6171    -0.3405
 Node:         85
  0.1302E+03  0.1161E+03  0.4543E+03  0.1741E-01
   0.02029
  -0.01246
  -0.005123
  -0.004232
  -0.002298
  -0.01299
   0.02563
   -0.007715
   -0.01573
   0.037991965268988126
   7.283333333333331E-4
   0.017909584181536865
   -0.9259    0.3694    0.07949
   0.2662    0.7871    -0.5564
   0.2681    0.494    0.8271
 Node:         86
  0.1252E+03  0.1138E+03  0.4699E+03  0.1741E-01
  -0.007964
  -0.008606
   0.01768
  -0.02003
   0.003146
   1.754E-5
   0.02522
   0.00944
   -0.02492
   0.04440516636608854
   0.003246666666666665
   0.020932796171452005
   0.4771    -0.7415    -0.4717
   -0.4018    -0.6614    0.6333
   0.7816    0.1126    0.6135
 Node:         87
  0.1217E+03  0.1126E+03  0.4833E+03  0.1741E-01
   0.002314
  -6.626E-4
  -3.21E-4
  -0.00425
   5.395E-4
   0.004621
   0.007955
   -3.39E-4
   -0.001001
   0.00864403308647069
   0.002205
   0.0040748362748295386
   -0.6062    0.09997    0.789
   0.1916    -0.9445    0.2669
   0.7719    0.313    0.5534
 Node:         88
  0.1338E+03  0.1169E+03  0.4526E+03  0.1741E-01
   0.01132
  -0.01262
   1.52E-4
  -0.004299
   0.003228
  -0.006474
   0.0206
   -0.00736
   -0.008241
   0.02841074657589976
   0.0016663333333333333
   0.01339295437492747
   -0.8207    0.5373    0.1944
   -0.3909    -0.2799    -0.8769
   -0.4167    -0.7956    0.4397
 Node:         89
  0.1270E+03  0.1150E+03  0.4682E+03  0.1741E-01
   0.01867
  -0.01065
  -5.715E-4
  -0.01085
   8.852E-4
   3.239E-4
   0.02736
   -9.985E-4
   -0.007946
   0.03239587870779244
   0.006138500000000001
   0.015271563677851284
   -0.868    0.3424    0.3596
   0.03333    -0.6824    0.7302
   0.4954    0.6459    0.5809
 Node:         90
  0.1248E+03  0.1132E+03  0.4821E+03  0.1741E-01
   0.004975
  -0.003496
   0.001705
  -0.002694
   0.001404
   0.00123
   0.008467
   6.345E-5
   -6.207E-4
   0.008765671825792933
   0.0026365833333333332
   0.004132177326449366
   -0.7842    0.4857    0.3862
   0.09987    -0.5154    0.8511
   0.6124    0.706    0.3557
 Node:         91
  0.1258E+03  0.1259E+03  0.4543E+03  0.1741E-01
  -0.02337
  -0.01979
   0.02002
  -0.007824
   9.313E-4
  -0.008443
   0.02807
   -0.006838
   -0.03303
   0.05309331091578298
   -0.003932666666666665
   0.025028426789463928
   -0.3708    0.923    0.103
   -0.2193    -0.1948    0.956
   -0.9024    -0.3319    -0.2746
 Node:         92
  0.1208E+03  0.1231E+03  0.4723E+03  0.1741E-01
   0.006976
  -0.0139
  -0.001133
  -0.01184
  -1.44E-4
  -0.001137
   0.02157
   -9.929E-4
   -0.01587
   0.032650927711322386
   0.001569033333333333
   0.015391794931138547
   -0.7812    0.4756    0.4044
   -0.001358    -0.6491    0.7607
   0.6243    0.5937    0.5077
 Node:         93
  0.1159E+03  0.1217E+03  0.4876E+03  0.1741E-01
   0.004343
   1.6E-4
  -0.001001
  -0.00566
  -0.002342
   0.003693
   0.009964
   1.207E-4
   -0.003049
   0.011753206413145308
   0.0023452333333333335
   0.005540514636946845
   -0.7029    -0.1584    0.6935
   0.5515    -0.7371    0.3906
   -0.4493    -0.657    -0.6054
 Node:         94
  0.1311E+03  0.1261E+03  0.4533E+03  0.1741E-01
  -0.02987
  -0.01952
   0.02421
  -0.005273
  -0.001073
  -0.01385
   0.03053
   -0.01264
   -0.0374
   0.05954490490377829
   -0.006503333333333333
   0.028069737361713157
   -0.3086    0.9511    0.01367
   -0.2065    -0.08103    0.9751
   -0.9285    -0.2981    -0.2214
 Node:         95
  0.1249E+03  0.1233E+03  0.4704E+03  0.1741E-01
   0.01429
  -0.0126
   0.006863
  -0.01338
   9.044E-4
  -0.01377
   0.02696
   1.888E-4
   -0.01977
   0.040612459583728736
   0.0024596000000000006
   0.019144897048212785
   -0.8085    0.5192    0.2772
   0.4193    0.8386    -0.3477
   0.413    0.1649    0.8957
 Node:         96
  0.1205E+03  0.1222E+03  0.4851E+03  0.1741E-01
   0.008219
  -7.176E-4
   1.53E-4
  -0.006631
  -3.522E-4
   8.471E-4
   0.01214
   2.706E-4
   -0.003188
   0.013924657164899967
   0.0030741999999999996
   0.006564146337999076
   -0.8622    0.03678    0.5053
   0.06838    -0.9798    0.188
   0.502    0.1966    0.8422
 Node:         97
  0.1366E+03  0.1259E+03  0.4522E+03  0.1741E-01
  -0.02309
  -0.01592
   0.02637
  -0.006243
  -5.739E-4
  -0.01913
   0.03108
   -0.01596
   -0.03097
   0.05607256102587076
   -0.0052833333333333335
   0.026432858759926483
   -0.2844    0.9584    0.02442
   -0.4364    -0.1521    0.8868
   0.8536    0.2416    0.4615
 Node:         98
  0.1294E+03  0.1232E+03  0.4683E+03  0.1741E-01
   0.007904
  -0.01993
   0.01376
  -0.01089
   2.298E-4
  -0.01355
   0.03218
   -0.003605
   -0.02046
   0.046559783343568084
   0.0027050000000000004
   0.02194849235520897
   -0.6686    0.7255    0.1629
   0.5352    0.6217    -0.5719
   0.5162    0.2952    0.804
 Node:         99
  0.1260E+03  0.1218E+03  0.4827E+03  0.1741E-01
   0.006888
  -0.005338
   0.003395
  -0.00362
   0.001532
  -5.448E-5
   0.01198
   5.46E-5
   -0.001809
   0.01295809961221166
   0.003408533333333333
   0.006108506738057091
   -0.7836    0.5414    0.3046
   0.3492    0.7894    -0.5048
   -0.5138    -0.2892    -0.8077
 Node:        100
  0.1249E+03  0.1371E+03  0.4529E+03  0.0000E+00
   0.03132
   0.003364
  -0.01049
  -0.004592
  -0.002264
   0.01357
   0.03278
   0.01254
   -0.01091
   0.037870675990797936
   0.01147
   0.01785240786747453
   -0.9664    -0.08776    0.2414
   -0.247    0.059    -0.9672
   -0.07064    0.9944    0.07869
 Node:        101
  0.1186E+03  0.1335E+03  0.4715E+03  0.0000E+00
   0.02705
   0.007511
   7.149E-4
   0.005839
   0.004191
   0.02298
   0.03344
   0.01887
   -0.00156
   0.03045217397822362
   0.016916666666666667
   0.01435529248124963
   -0.798    -0.2532    -0.5469
   0.5565    0.03866    -0.8299
   -0.2313    0.9666    -0.1101
 Node:        102
  0.1139E+03  0.1312E+03  0.4875E+03  0.0000E+00
   0.008413
   0.005611
   0.003964
   0.004947
   0.003882
   0.004396
   0.01571
   0.001071
   -4.425E-6
   0.015205262460925326
   0.005592191666666666
   0.007167829463894367
   -0.7156    -0.5024    -0.4854
   0.5884    -0.05896    -0.8064
   -0.3765    0.8626    -0.3378
 Node:        103
  0.1321E+03  0.1362E+03  0.4522E+03  0.0000E+00
   0.03088
   0.002046
  -0.02045
  -0.005365
  -0.002419
   0.015
   0.03265
   0.01344
   -0.02067
   0.046773596184172116
   0.008473333333333333
   0.022049284694872884
   -0.9537    -0.05025    0.2967
   -0.2991    0.04995    -0.9529
   -0.03307    0.9975    0.06266
 Node:        104
  0.1249E+03  0.1329E+03  0.4699E+03  0.0000E+00
   0.03315
   0.009619
  -0.007147
   0.006235
   0.005305
   0.02477
   0.03908
   0.02145
   -0.009757
   0.04283541944466051
   0.016924333333333333
   0.02019281037619303
   0.8577    0.2311    0.4593
   -0.473    0.004366    0.8811
   0.2016    -0.9729    0.1131
 Node:        105
  0.1200E+03  0.1317E+03  0.4853E+03  0.0000E+00
   0.01275
   0.005975
   0.002367
   0.005451
   0.003621
   0.004137
   0.01841
   0.00165
   -8.06E-4
   0.018113312673279838
   0.006417999999999999
   0.008538697480685604
   -0.8188    -0.3982    -0.4136
   -0.5245    0.2258    0.8209
   0.2335    -0.8891    0.3937
 Node:        106
  0.1394E+03  0.1350E+03  0.4517E+03  0.0000E+00
   0.02807
   7.118E-4
  -0.03032
  -0.005442
   8.312E-5
   0.0109
   0.02966
   0.009322
   -0.03033
   0.052842764159343525
   0.002884000000000001
   0.024910317915808836
   0.9604    0.01101    -0.2786
   -0.2785    -0.007015    -0.9604
   -0.01253    0.9999    -0.00367
 Node:        107
  0.1319E+03  0.1314E+03  0.4682E+03  0.0000E+00
   0.0417
   0.01355
  -0.01111
   0.005358
   0.005537
   0.01846
   0.0465
   0.01746
   -0.01491
   0.05320867692397547
   0.01635
   0.025082810847271483
   -0.9426    -0.2436    -0.2283
   -0.2513    0.06792    0.9655
   -0.2197    0.9675    -0.1253
 Node:        108
  0.1272E+03  0.1303E+03  0.4831E+03  0.0000E+00
   0.01781
   0.006189
   0.001198
   0.003268
   0.001646
   0.002265
   0.02058
   0.001659
   -9.639E-4
   0.02035956129954671
   0.0070917
   0.00959758923792845
   -0.9296    -0.3133    -0.1941
   0.2454    -0.1335    -0.9602
   -0.2749    0.9402    -0.201
 Node:        109
  0.1018E+03  0.1092E+03  0.4946E+03 -0.4496E-04
   0.0
   1.388E-16
   1.11E-16
   5.551E-17
  -1.388E-17
   0.0
   2.069E-16
   2.266E-17
   -1.186E-16
   2.827092280064448E-16
   3.698666666666666E-17
   1.3327040815158061E-16
   -0.5724    -0.814    -0.09897
   0.2904    -0.3141    0.9039
   0.7668    -0.4887    -0.4162
 Node:        110
  0.1058E+03  0.1118E+03  0.5081E+03 -0.4496E-04
   0.0
   2.776E-17
   0.0
  -1.388E-17
  -5.204E-17
   2.22E-16
   2.353E-16
   1.788E-17
   -3.112E-17
   2.456135916434593E-16
   7.402E-17
   1.157833574684491E-16
   -0.08376    -0.2246    0.9708
   0.7726    0.6007    0.2056
   0.6293    -0.7673    -0.1232
 Node:        111
  0.1108E+03  0.1137E+03  0.5210E+03 -0.4496E-04
   0.0
   5.551E-17
  -1.11E-16
  -2.776E-17
   3.261E-16
  -2.22E-16
   1.68E-16
   2.779E-18
   -5.038E-16
   6.063148942925615E-16
   -1.1100700000000001E-16
   2.8581958219244996E-16
   0.1486    0.7638    0.6281
   0.9825    -0.0417    -0.1818
