 Group name: gastroc_stress
 #Fields=  16
 1) coordinates, coordinate, rectangular cartesian, #Components=3
   x.  Value index= 1, #Derivatives=0
   y.  Value index= 2, #Derivatives=0
   z.  Value index= 3, #Derivatives=0
 2) Tensor_1, field, rectangular cartesian, #Components=1
   Tensor_1.  Value index= 4, #Derivatives=0
 3) Tensor_2, field, rectangular cartesian, #Components=1
   Tensor_2.  Value index= 5, #Derivatives=0
 4) Tensor_3, field, rectangular cartesian, #Components=1
   Tensor_3.  Value index= 6, #Derivatives=0
 5) Tensor_4, field, rectangular cartesian, #Components=1
   Tensor_4.  Value index= 7, #Derivatives=0
 6) Tensor_5, field, rectangular cartesian, #Components=1
   Tensor_5.  Value index= 8, #Derivatives=0
 7) Tensor_6, field, rectangular cartesian, #Components=1
   Tensor_6.  Value index= 9, #Derivatives=0
 8) Principal_1, field, rectangular cartesian, #Components=1
   Principal_1.  Value index= 10, #Derivatives=0
 9) Principal_2, field, rectangular cartesian, #Components=1
   Principal_2.  Value index= 11, #Derivatives=0
 10) Principal_3, field, rectangular cartesian, #Components=1
   Principal_3.  Value index= 12, #Derivatives=0
 11) VonMises, field, rectangular cartesian, #Components=1
   VonMises.  Value index= 13, #Derivatives=0
 12) Hydrostatic, field, rectangular cartesian, #Components=1
   VonMises.  Value index= 14, #Derivatives=0
 13) Octahedral, field, rectangular cartesian, #Components=1
   VonMises.  Value index= 15, #Derivatives=0
 14) PrincipalVector1, field, rectangular cartesian, #Components=3
   x.  Value index= 16, #Derivatives=0
   y.  Value index= 17, #Derivatives=0
   z.  Value index= 18, #Derivatives=0
 15) PrincipalVector2, field, rectangular cartesian, #Components=3
   x.  Value index= 19, #Derivatives=0
   y.  Value index= 20, #Derivatives=0
   z.  Value index= 21, #Derivatives=0
 16) PrincipalVector3, field, rectangular cartesian, #Components=3
   x.  Value index= 22, #Derivatives=0
   y.  Value index= 23, #Derivatives=0
   z.  Value index= 24, #Derivatives=0
 Node:          1
  0.1287E+03  0.1133E+03  0.4908E+03 -0.1669E-04
  -3.339E-5
  -1.439E-16
  -3.339E-5
  -4.797E-17
  -7.196E-17
  -3.339E-5
   -3.339E-5
   -3.339E-5
   -3.339E-5
   0.0
   -3.339E-5
   0.0
   0.966    -0.2571    -0.02712
   0.2489    0.9532    -0.1718
   0.07002    0.1592    0.9848
 Node:          2
  0.1292E+03  0.1137E+03  0.5052E+03 -0.1669E-04
  -3.339E-5
  -1.919E-16
  -3.339E-5
  -9.595E-17
   3.358E-16
  -3.339E-5
   -3.339E-5
   -3.339E-5
   -3.339E-5
   0.0
   -3.339E-5
   0.0
   0.895    -0.3984    -0.2008
   0.4461    0.7982    0.4048
   -9.61E-4    -0.4518    0.8921
 Node:          3
  0.1289E+03  0.1155E+03  0.5194E+03 -0.1669E-04
  -3.339E-5
   2.399E-16
  -3.339E-5
   1.919E-16
   9.595E-17
  -3.339E-5
   -3.339E-5
   -3.339E-5
   -3.339E-5
   0.0
   -3.339E-5
   0.0
   -0.4092    -0.8757    -0.2565
   0.496    -0.4494    0.743
   0.7659    -0.1768    -0.6182
 Node:          4
  0.1361E+03  0.1141E+03  0.4915E+03 -0.1669E-04
  -3.339E-5
  -4.797E-17
  -3.339E-5
  -4.797E-17
  -1.439E-16
  -3.339E-5
   -3.339E-5
   -3.339E-5
   -3.339E-5
   0.0
   -3.339E-5
   0.0
   -0.04307    -0.0943    0.9946
   -0.9939    0.1055    -0.03304
   -0.1018    -0.9899    -0.09826
 Node:          5
  0.1341E+03  0.1144E+03  0.5054E+03 -0.1669E-04
  -3.339E-5
   2.399E-16
  -3.339E-5
   9.595E-17
  -1.199E-16
  -3.339E-5
   -3.339E-5
   -3.339E-5
   -3.339E-5
   0.0
   -3.339E-5
   0.0
   0.09699    -0.1794    0.979
   0.7185    0.6933    0.05584
   -0.6888    0.698    0.1961
 Node:          6
  0.1323E+03  0.1162E+03  0.5191E+03 -0.1669E-04
  -3.339E-5
   9.595E-17
  -3.339E-5
  -9.595E-17
  -4.797E-17
  -3.339E-5
   -3.339E-5
   -3.339E-5
   -3.339E-5
   0.0
   -3.339E-5
   0.0
   -0.715    -0.6928    0.09322
   0.693    -0.72    -0.03581
   0.09193    0.039    0.995
 Node:          7
  0.1408E+03  0.1171E+03  0.4920E+03 -0.1669E-04
  -3.339E-5
   3.838E-16
  -3.339E-5
  -1.439E-16
  -1.919E-16
  -3.339E-5
   -3.339E-5
   -3.339E-5
   -3.339E-5
   0.0
   -3.339E-5
   0.0
   0.8641    0.487    -0.1268
   -0.5006    0.8577    -0.1173
   0.05166    0.1648    0.985
 Node:          8
  0.1367E+03  0.1169E+03  0.5055E+03 -0.1669E-04
  -3.339E-5
   3.358E-16
  -3.339E-5
  -6.956E-16
  -4.078E-16
  -3.339E-5
   -3.339E-5
   -3.339E-5
   -3.339E-5
   0.0
   -3.339E-5
   0.0
   -0.7205    -0.6269    0.2965
   0.6359    -0.7678    -0.07819
   0.2767    0.1322    0.9518
 Node:          9
  0.1339E+03  0.1180E+03  0.5191E+03 -0.1669E-04
  -3.339E-5
   2.878E-16
  -3.339E-5
  -6.836E-16
  -4.797E-16
  -3.339E-5
   -3.339E-5
   -3.339E-5
   -3.339E-5
   0.0
   -3.339E-5
   0.0
   0.3025    0.1645    -0.9389
   0.9346    0.1425    0.326
   -0.1874    0.976    0.1106
 Node:         10
  0.1294E+03  0.1212E+03  0.4911E+03 -0.1669E-04
  -3.339E-5
   4.797E-17
  -3.339E-5
  -2.399E-17
   2.159E-16
  -3.339E-5
   -3.339E-5
   -3.339E-5
   -3.339E-5
   0.0
   -3.339E-5
   0.0
   0.02408    0.7089    0.7049
   0.1744    0.6913    -0.7012
   -0.9844    0.1398    -0.107
 Node:         11
  0.1295E+03  0.1214E+03  0.5055E+03 -0.1669E-04
  -3.339E-5
  -4.797E-17
  -3.339E-5
  -7.196E-17
   2.399E-17
  -3.339E-5
   -3.339E-5
   -3.339E-5
   -3.339E-5
   0.0
   -3.339E-5
   0.0
   -0.2763    0.1331    0.9518
   -0.5867    0.761    -0.2768
   0.7612    0.635    0.1322
 Node:         12
  0.1295E+03  0.1217E+03  0.5196E+03 -0.1669E-04
  -3.339E-5
  -2.829E-37
  -3.339E-5
   1.319E-16
   4.797E-17
  -3.339E-5
   -3.339E-5
   -3.339E-5
   -3.339E-5
   0.0
   -3.339E-5
   0.0
   -0.2404    -0.0874    -0.9667
   -0.3417    0.9398    1.472E-6
   -0.9085    -0.3303    0.2558
 Node:         13
  0.1361E+03  0.1199E+03  0.4914E+03 -0.1669E-04
  -3.339E-5
  -2.399E-16
  -3.339E-5
  -1.679E-16
   4.797E-17
  -3.339E-5
   -3.339E-5
   -3.339E-5
   -3.339E-5
   0.0
   -3.339E-5
   0.0
   0.9203    -0.37    -0.1273
   0.3696    0.9288    -0.02723
   0.1283    -0.022    0.9915
 Node:         14
  0.1342E+03  0.1198E+03  0.5054E+03 -0.1669E-04
  -3.339E-5
   4.797E-17
  -3.339E-5
   9.595E-17
  -1.559E-16
  -3.339E-5
   -3.339E-5
   -3.339E-5
   -3.339E-5
   0.0
   -3.339E-5
   0.0
   0.09999    -0.2649    0.9591
   -0.2953    -0.9284    -0.2256
   -0.9501    0.2607    0.171
 Node:         15
  0.1330E+03  0.1205E+03  0.5193E+03 -0.1669E-04
  -3.339E-5
  -1.439E-16
  -3.339E-5
   2.399E-17
   8.396E-17
  -3.339E-5
   -3.339E-5
   -3.339E-5
   -3.339E-5
   0.0
   -3.339E-5
   0.0
   0.9934    -0.1134    0.01425
   -0.01885    -0.2856    -0.9582
   0.1127    0.9516    -0.2858
 Node:         16
  0.1404E+03  0.1188E+03  0.4918E+03 -0.1669E-04
  -3.339E-5
   9.595E-17
  -3.339E-5
  -1.439E-16
  -2.519E-16
  -3.339E-5
   -3.339E-5
   -3.339E-5
   -3.339E-5
   0.0
   -3.339E-5
   0.0
   -0.1502    -0.2388    0.9594
   -0.794    -0.549    -0.261
   0.5891    -0.8009    -0.1072
 Node:         17
  0.1365E+03  0.1184E+03  0.5055E+03 -0.1669E-04
  -3.339E-5
   4.797E-17
  -3.339E-5
   1.679E-16
   2.938E-16
  -3.339E-5
   -3.339E-5
   -3.339E-5
   -3.339E-5
   0.0
   -3.339E-5
   0.0
   0.248    0.4017    0.8815
   0.9357    -0.3351    -0.1106
   -0.251    -0.8522    0.459
 Node:         18
  0.1341E+03  0.1191E+03  0.5192E+03 -0.1669E-04
  -3.339E-5
  -3.762E-37
  -3.339E-5
   4.573E-17
   1.84E-16
  -3.339E-5
   -3.339E-5
   -3.339E-5
   -3.339E-5
   0.0
   -3.339E-5
   0.0
   0.02286    0.092    0.9955
   0.9708    -0.2397    -1.462E-4
   -0.2386    -0.9665    0.09479
 Node:         19
  0.1301E+03  0.1291E+03  0.4914E+03  0.0000E+00
   4.934E-16
   0.0
   4.934E-16
   3.631E-19
   1.731E-17
  -9.869E-16
   4.936E-16
   4.934E-16
   -9.871E-16
   1.4806000101310279E-15
   -3.3333333333314155E-20
   6.979615382590138E-16
   -0.02097    -0.9997    -0.01169
   -0.9998    0.02097    -8.123E-17
   2.452E-4    0.01169    -0.9999
 Node:         20
  0.1299E+03  0.1291E+03  0.5058E+03  0.0000E+00
   9.869E-16
   0.0
   0.0
   1.799E-17
   3.326E-17
  -2.467E-16
   9.871E-16
   4.4E-18
   -2.514E-16
   1.1324785163525177E-15
   2.467E-16
   5.338554923072971E-16
   -0.9999    -4.917E-4    -0.01459
   0.002401    -0.9914    -0.1311
   -0.0144    -0.1312    0.9913
 Node:         21
  0.1301E+03  0.1280E+03  0.5197E+03  0.0000E+00
   4.934E-16
   0.0
   0.0
   7.196E-17
   2.549E-17
   4.934E-16
   5.66E-16
   4.222E-16
   -1.341E-18
   5.108528305500519E-16
   3.28953E-16
   2.408183337801893E-16
   -0.7039    -0.03195    -0.7096
   -0.7102    0.04241    0.7027
   -0.007642    -0.9986    0.05255
 Node:         22
  0.1360E+03  0.1256E+03  0.4913E+03  0.0000E+00
  -9.869E-16
   2.399E-17
  -4.934E-16
  -2.399E-17
   1.739E-16
   4.934E-16
   5.234E-16
   -5.215E-16
   -9.888E-16
   1.3410693755358072E-15
   -3.2896666666666662E-16
   6.321861663219854E-16
   -0.01298    0.1683    0.9857
   0.05935    0.9841    -0.1672
   -0.9982    0.05633    -0.02276
 Node:         23
  0.1343E+03  0.1253E+03  0.5054E+03  0.0000E+00
   0.0
   3.598E-17
  -1.974E-15
   0.0
   2.271E-16
  -7.401E-16
   6.796E-19
   -6.997E-16
   -2.015E-15
   1.7724996366646057E-15
   -9.046734666666666E-16
   8.355643418241562E-16
   0.9998    0.01889    0.00579
   -0.009011    0.1753    0.9845
   0.01758    -0.9843    0.1754
 Node:         24
  0.1336E+03  0.1248E+03  0.5194E+03  0.0000E+00
  -9.869E-16
   2.099E-17
   0.0
   2.399E-17
   1.499E-18
  -7.401E-16
   4.516E-19
   -7.379E-16
   -9.896E-16
   8.912682384908372E-16
   -5.756827999999999E-16
   4.2014787686204007E-16
   -0.02132    -0.9998    -0.002714
   0.09549    -0.004739    0.9954
   -0.9952    0.02096    0.09557
 Node:         25
  0.1400E+03  0.1206E+03  0.4917E+03  0.0000E+00
   0.0
   4.617E-16
  -4.934E-16
  -1.439E-16
  -2.249E-16
   9.869E-16
   1.067E-15
   2.05E-16
   -7.785E-16
   1.5994040296310373E-15
   1.6449999999999999E-16
   7.539662901394642E-16
   -0.2161    -0.2016    0.9553
   0.839    0.4621    0.2874
   -0.4994    0.8636    0.06929
 Node:         26
  0.1363E+03  0.1200E+03  0.5055E+03  0.0000E+00
   9.869E-16
   1.859E-16
  -2.714E-15
   4.797E-17
  -1.943E-15
  -2.467E-16
   1.006E-15
   8.09E-16
   -3.789E-15
   4.699597748744035E-15
   -6.579999999999999E-16
   2.215411624657293E-15
   0.968    0.1526    -0.1995
   0.2481    -0.4578    0.8538
   -0.03892    0.8759    0.4809
 Node:         27
  0.1343E+03  0.1203E+03  0.5192E+03  0.0000E+00
   9.869E-16
  -3.358E-16
   9.869E-16
  -1.799E-16
   2.27E-15
   0.0
   2.89E-15
   9.15E-16
   -1.831E-15
   4.1066398673367985E-15
   6.58E-16
   1.9358885987232494E-15
   -0.1931    0.7658    0.6135
   0.9808    0.1345    0.1409
   0.02534    0.6289    -0.7771
 Node:         28
  0.1155E+03  0.1124E+03  0.4931E+03 -0.9866E-04
  -1.973E-4
   6.598E-17
  -1.973E-4
  -9.597E-17
   9.597E-17
  -1.973E-4
   -1.973E-4
   -1.973E-4
   -1.973E-4
   0.0
   -1.973E-4
   0.0
   0.02394    0.9835    0.1795
   0.07203    0.1774    -0.9815
   -0.9971    0.03642    -0.06659
 Node:         29
  0.1119E+03  0.1139E+03  0.5068E+03 -0.9866E-04
  -1.973E-4
  -3.599E-17
  -1.973E-4
   9.597E-17
   1.2E-17
  -1.973E-4
   -1.973E-4
   -1.973E-4
   -1.973E-4
   0.0
   -1.973E-4
   0.0
   -0.03581    0.9993    0.005817
   -0.9821    -0.03411    -0.1855
   -0.1851    -0.01236    0.9826
 Node:         30
  0.1113E+03  0.1159E+03  0.5206E+03 -0.9866E-04
  -1.973E-4
   2.159E-16
  -1.973E-4
   2.736E-36
  -4.798E-17
  -1.973E-4
   -1.973E-4
   -1.973E-4
   -1.973E-4
   0.0
   -1.973E-4
   0.0
   0.7038    0.7088    -0.04781
   -0.7086    0.6956    -0.1186
   -0.05083    0.1174    0.9918
 Node:         31
  0.1203E+03  0.1126E+03  0.4920E+03 -0.9866E-04
  -1.973E-4
   1.679E-16
  -1.973E-4
   4.798E-17
   7.198E-17
  -1.973E-4
   -1.973E-4
   -1.973E-4
   -1.973E-4
   0.0
   -1.973E-4
   0.0
   -0.7437    -0.4294    -0.5124
   0.5144    0.122    -0.8488
   0.427    -0.8948    0.1301
 Node:         32
  0.1188E+03  0.1134E+03  0.5062E+03 -0.9866E-04
  -1.973E-4
  -2.399E-17
  -1.973E-4
  -4.798E-17
   1.679E-16
  -1.973E-4
   -1.973E-4
   -1.973E-4
   -1.973E-4
   0.0
   -1.973E-4
   0.0
   0.9989    -0.02089    -0.04164
   0.04658    0.4512    0.8912
   1.639E-4    -0.8922    0.4516
 Node:         33
  0.1183E+03  0.1150E+03  0.5201E+03 -0.9866E-04
  -1.973E-4
   9.597E-17
  -1.973E-4
   1.44E-16
  -3.648E-36
  -1.973E-4
   -1.973E-4
   -1.973E-4
   -1.973E-4
   0.0
   -1.973E-4
   0.0
   0.9536    0.1669    0.2505
   1.805E-4    0.8318    -0.5551
   -0.301    0.5294    0.7932
 Node:         34
  0.1255E+03  0.1129E+03  0.4909E+03 -0.9866E-04
  -1.973E-4
  -4.256E-36
  -1.973E-4
   9.597E-17
   1.679E-16
  -1.973E-4
   -1.973E-4
   -1.973E-4
   -1.973E-4
   0.0
   -1.973E-4
   0.0
   0.351    0.6138    0.7071
   -0.8681    0.4964    -5.432E-5
   -0.3511    -0.6138    0.7071
 Node:         35
  0.1260E+03  0.1135E+03  0.5054E+03 -0.9866E-04
  -1.973E-4
   1.919E-16
  -1.973E-4
   1.919E-16
   4.319E-16
  -1.973E-4
   -1.973E-4
   -1.973E-4
   -1.973E-4
   0.0
   -1.973E-4
   0.0
   0.746    0.4709    0.4709
   -0.666    0.5274    0.5275
   4.329E-5    -0.7072    0.7071
 Node:         36
  0.1257E+03  0.1153E+03  0.5196E+03 -0.9866E-04
  -1.973E-4
  -9.597E-17
  -1.973E-4
  -9.597E-17
   1.44E-16
  -1.973E-4
   -1.973E-4
   -1.973E-4
   -1.973E-4
   0.0
   -1.973E-4
   0.0
   -0.5155    0.6059    0.6059
   0.8569    0.3641    0.3649
   -4.64E-4    -0.7073    0.7069
 Node:         37
  0.1132E+03  0.1210E+03  0.4959E+03 -0.9866E-04
  -1.973E-4
   2.399E-16
  -1.973E-4
  -1.44E-16
   3.119E-16
  -1.973E-4
   -1.973E-4
   -1.973E-4
   -1.973E-4
   0.0
   -1.973E-4
   0.0
   -0.5073    -0.7957    -0.3308
   0.7557    -0.2264    -0.6145
   0.4141    -0.5618    0.7162
 Node:         38
  0.1111E+03  0.1204E+03  0.5085E+03 -0.9866E-04
  -1.973E-4
   1.679E-16
  -1.973E-4
  -4.798E-17
  -1.44E-16
  -1.973E-4
   -1.973E-4
   -1.973E-4
   -1.973E-4
   0.0
   -1.973E-4
   0.0
   0.2119    0.9668    -0.1429
   0.9723    -0.2233    -0.06849
   0.09812    0.1244    0.9874
 Node:         39
  0.1119E+03  0.1201E+03  0.5207E+03 -0.9866E-04
  -1.973E-4
  -1.679E-16
  -1.973E-4
  -1.44E-16
  -1.32E-16
  -1.973E-4
   -1.973E-4
   -1.973E-4
   -1.973E-4
   0.0
   -1.973E-4
   0.0
   0.9213    -0.07988    -0.3805
   0.3607    -0.1892    0.9133
   -0.1449    -0.9787    -0.1455
 Node:         40
  0.1191E+03  0.1220E+03  0.4937E+03 -0.9866E-04
  -1.973E-4
   1.44E-16
  -1.973E-4
   1.44E-16
  -2.399E-17
  -1.973E-4
   -1.973E-4
   -1.973E-4
   -1.973E-4
   0.0
   -1.973E-4
   0.0
   0.9817    0.1345    0.1345
   -1.992E-4    0.7078    -0.7064
   -0.1903    0.6935    0.6949
 Node:         41
  0.1182E+03  0.1217E+03  0.5073E+03 -0.9866E-04
  -1.973E-4
  -4.798E-17
  -1.973E-4
   9.597E-17
   1.679E-16
  -1.973E-4
   -1.973E-4
   -1.973E-4
   -1.973E-4
   0.0
   -1.973E-4
   0.0
   -0.1538    -0.1965    -0.9684
   -0.962    0.2534    0.1014
   0.2255    0.9472    -0.228
 Node:         42
  0.1187E+03  0.1212E+03  0.5204E+03 -0.9866E-04
  -1.973E-4
  -9.597E-17
  -1.973E-4
   2.432E-36
   9.597E-17
  -1.973E-4
   -1.973E-4
   -1.973E-4
   -1.973E-4
   0.0
   -1.973E-4
   0.0
   -0.01861    0.09767    0.995
   -0.9834    0.1779    -0.03586
   -0.1805    -0.9792    0.09274
 Node:         43
  0.1258E+03  0.1217E+03  0.4915E+03 -0.9866E-04
  -1.973E-4
   1.919E-16
  -1.973E-4
  -2.399E-17
   1.216E-36
  -1.973E-4
   -1.973E-4
   -1.973E-4
   -1.973E-4
   0.0
   -1.973E-4
   0.0
   0.9459    0.3241    -0.01746
   -0.3239    0.946    0.0116
   0.02027    -0.005314    0.9998
 Node:         44
  0.1259E+03  0.1220E+03  0.5059E+03 -0.9866E-04
  -1.973E-4
   2.399E-16
  -1.973E-4
   1.679E-16
   1.919E-16
  -1.973E-4
   -1.973E-4
   -1.973E-4
   -1.973E-4
   0.0
   -1.973E-4
   0.0
   -0.3604    -0.3833    -0.8504
   -0.6209    -0.5817    0.5254
   0.6961    -0.7174    0.02833
 Node:         45
  0.1261E+03  0.1221E+03  0.5198E+03 -0.9866E-04
  -1.973E-4
  -1.44E-16
  -1.973E-4
   4.798E-17
  -1.2E-17
  -1.973E-4
   -1.973E-4
   -1.973E-4
   -1.973E-4
   0.0
   -1.973E-4
   0.0
   0.0668    -0.0125    0.9977
   -0.9877    0.1408    0.06789
   -0.1413    -0.99    -0.002943
 Node:         46
  0.1117E+03  0.1296E+03  0.4959E+03  0.0000E+00
  -2.467E-16
   4.797E-17
  -7.401E-16
   1.199E-17
  -4.497E-17
   0.0
   3.057E-18
   -2.423E-16
   -7.476E-16
   6.629532710146319E-16
   -3.2894766666666664E-16
   3.125191690294995E-16
   0.03676    -0.058    0.9976
   0.9946    0.09864    -0.03092
   -0.09662    0.9934    0.06131
 Node:         47
  0.1107E+03  0.1269E+03  0.5087E+03  0.0000E+00
  -7.401E-16
  -5.397E-17
   4.934E-16
  -4.797E-17
   6.896E-17
   0.0
   5.058E-16
   -7.273E-18
   -7.452E-16
   1.0892155802819752E-15
   -8.222433333333333E-17
   5.1346114866095E-16
   -0.04821    0.9891    0.1394
   -0.05424    -0.142    0.9884
   -0.9974    -0.04009    -0.06049
 Node:         48
  0.1125E+03  0.1242E+03  0.5208E+03  0.0000E+00
   4.934E-16
   5.997E-18
   4.934E-16
   0.0
  -2.998E-18
   4.934E-16
   5.001E-16
   4.934E-16
   4.867E-16
   1.1604740410711462E-17
   4.934E-16
   5.470527092215756E-18
   -0.6325    -0.7071    0.3162
   0.4472    -2.276E-15    0.8944
   0.6325    -0.7071    -0.3162
 Node:         49
  0.1186E+03  0.1311E+03  0.4938E+03  0.0000E+00
  -7.401E-16
  -3.598E-17
   0.0
  -7.196E-17
  -1.049E-17
  -2.467E-16
   1.947E-18
   -2.366E-16
   -7.523E-16
   6.677348643803167E-16
   -3.2898433333333336E-16
   3.1477323375866775E-16
   0.04561    -0.9985    0.02894
   -0.143    0.02215    0.9895
   -0.9887    -0.04926    -0.1418
 Node:         50
  0.1180E+03  0.1298E+03  0.5075E+03  0.0000E+00
   0.0
  -2.249E-17
   1.48E-15
  -7.196E-17
   2.155E-17
   9.869E-16
   1.482E-15
   9.91E-16
   -5.513E-18
   1.3127859849072886E-15
   8.224956666666666E-16
   6.188532481164029E-16
   0.01739    -0.9988    -0.04603
   -0.07128    -0.04716    0.9963
   0.9973    0.01405    0.07201
 Node:         51
  0.1192E+03  0.1275E+03  0.5206E+03  0.0000E+00
   0.0
  -5.997E-18
  -2.467E-16
   0.0
   2.549E-17
   4.934E-16
   4.943E-16
   1.449E-19
   -2.477E-16
   6.54286006770747E-16
   8.22483E-17
   3.0843338148204166E-16
   -4.17E-4    0.03438    0.9994
   0.9997    -0.02416    0.001248
   0.02418    0.9991    -0.03436
 Node:         52
  0.1262E+03  0.1305E+03  0.4920E+03  0.0000E+00
   4.934E-16
  -2.399E-17
   4.934E-16
   2.249E-18
   8.48E-18
   0.0
   5.175E-16
   4.696E-16
   -1.6E-19
   4.95449666061044E-16
   3.2898E-16
   2.335572124055831E-16
   -0.7061    0.708    0.008534
   0.7081    0.706    0.01614
   -0.005403    -0.01744    0.9998
 Node:         53
  0.1258E+03  0.1304E+03  0.5063E+03  0.0000E+00
  -7.401E-16
  -2.998E-18
  -4.934E-16
   4.797E-17
   5.847E-17
  -9.869E-16
   -4.866E-16
   -7.314E-16
   -1.002E-15
   4.465358664206045E-16
   -7.399999999999999E-16
   2.104990261260132E-16
   0.0104    0.9931    0.1171
   -0.9836    0.03123    -0.1776
   -0.18    -0.1133    0.9771
 Node:         54
  0.1265E+03  0.1288E+03  0.5200E+03  0.0000E+00
  -9.869E-16
   3.598E-17
   4.934E-16
   0.0
  -7.496E-18
   4.934E-16
   5.014E-16
   4.864E-16
   -9.877E-16
   1.4816569474746847E-15
   3.3333333333314155E-20
   6.984597833010066E-16
   0.01758    0.7272    -0.6862
   0.01675    0.686    0.7274
   -0.9997    0.02428    1.229E-4
 Node:         55
  0.1382E+03  0.1168E+03  0.4541E+03  0.1732E-02
   0.07958
  -0.03017
   0.02659
   0.006409
   0.06239
   0.01545
   0.108
   0.05983
   -0.04748
   0.13785828847044346
   0.04011666666666667
   0.0649870204134812
   -0.4459    0.7203    0.5313
   0.874    0.2224    0.4321
   -0.1931    -0.657    0.7287
 Node:         56
  0.1314E+03  0.1156E+03  0.4693E+03  0.1732E-02
   0.07938
   0.003034
   0.01442
   0.04247
   0.004381
   0.003873
   0.09223
   0.0166
   -0.01518
   0.09556875378490609
   0.03121666666666667
   0.04505154258056975
   -0.9037    -0.06942    -0.4225
   0.1016    -0.9934    -0.05412
   -0.416    -0.09184    0.9047
 Node:         57
  0.1285E+03  0.1140E+03  0.4824E+03  0.1732E-02
   0.09782
   0.017
   0.003154
   0.01373
  -0.009425
   0.002764
   0.1017
   0.01274
   -0.01081
   0.1027788504508588
   0.034543333333333336
   0.0484504147442402
   -0.9805    -0.1561    -0.1197
   0.0241    -0.6993    0.7144
   -0.1953    0.6976    0.6894
 Node:         58
  0.1488E+03  0.1179E+03  0.4538E+03  0.1732E-02
   0.07576
  -0.09724
   0.04992
  -0.01332
   0.05057
   0.004199
   0.1935
   0.009505
   -0.05091
   0.2204998643423619
   0.050698333333333324
   0.1039446328847986
   -0.672    0.6901    0.2687
   0.5664    0.2452    0.7868
   -0.4771    -0.6809    0.5557
 Node:         59
  0.1422E+03  0.1168E+03  0.4697E+03  0.1732E-02
   0.07942
  -0.08172
   0.03262
   0.01073
   0.02539
  -6.746E-4
   0.151
   0.01509
   -0.04348
   0.1728068913556401
   0.04087
   0.08146194980889339
   -0.7718    0.6309    0.07908
   -0.3898    -0.3712    -0.8428
   -0.5024    -0.6813    0.5324
 Node:         60
  0.1375E+03  0.1150E+03  0.4833E+03  0.1732E-02
   0.09913
  -0.01262
   0.007085
   0.01049
  -0.00133
   0.002402
   0.09998
   0.005565
   0.001268
   0.09663517832031977
   0.035604333333333335
   0.04555425992764623
   -0.9847    0.1379    -0.1066
   0.1363    0.9904    0.02221
   -0.1086    -0.007348    0.9941
 Node:         61
  0.1559E+03  0.1225E+03  0.4528E+03  0.1732E-02
   0.08989
  -0.09993
   0.03035
  -0.07081
   0.09198
  -0.02122
   0.2761
   -0.02566
   -0.08519
   0.33550959941557557
   0.05508333333333334
   0.1581607419332904
   -0.711    0.598    0.3699
   0.6866    0.477    0.5486
   -0.1516    -0.6441    0.7498
 Node:         62
  0.1496E+03  0.1206E+03  0.4696E+03  0.1732E-02
   0.1035
  -0.154
   0.02921
  -0.0327
   0.05595
  -0.01829
   0.3029
   -0.02036
   -0.09851
   0.3686017079450392
   0.06134333333333334
   0.17376051149658703
   -0.7849    0.5886    0.1934
   0.327    0.1284    0.9363
   0.5263    0.7981    -0.2933
 Node:         63
  0.1437E+03  0.1181E+03  0.4838E+03  0.1732E-02
   0.1071
  -0.04011
   0.008895
   7.964E-4
   9.649E-4
  -6.024E-5
   0.1259
   1.764E-4
   -0.005625
   0.12872238628909893
   0.04015046666666667
   0.06068031482369075
   -0.9431    0.3326    -0.003016
   0.0641    0.1907    0.9796
   0.3263    0.9236    -0.2011
 Node:         64
  0.1415E+03  0.1252E+03  0.4522E+03  0.1732E-02
   0.08329
   0.02244
   0.02637
  -0.03629
   0.02772
  -5.82E-4
   0.0903
   0.05098
   -0.03212
   0.1082550894877465
   0.03638666666666667
   0.051031938583161386
   0.9399    0.2127    -0.2671
   -0.04361    0.8506    0.524
   0.3387    -0.4808    0.8088
 Node:         65
  0.1343E+03  0.1229E+03  0.4683E+03  0.1732E-02
   0.08949
  -0.006044
   0.02178
  -0.01312
   0.01278
   5.969E-4
   0.08375
   0.02903
   -0.006249
   0.07854522977877142
   0.03551033333333333
   0.03702657640428322
   -0.974    0.1507    0.1691
   0.202    0.9157    0.3473
   0.1025    -0.3724    0.9224
 Node:         66
  0.1299E+03  0.1214E+03  0.4825E+03  0.1732E-02
   0.1025
  -0.005316
   0.006224
   0.00414
  -0.003071
   0.002882
   0.1018
   0.007676
   0.001041
   0.09761077471775337
   0.036839000000000004
   0.046014160479863876
   -0.9974    0.05783    -0.04335
   0.07171    0.8666    -0.4938
   -0.009018    0.4956    0.8685
 Node:         67
  0.1503E+03  0.1245E+03  0.4521E+03  0.1732E-02
   0.08285
  -0.05401
   0.0246
  -0.0315
   0.02254
   0.005026
   0.1288
   -0.004083
   -0.01102
   0.1364837830256767
   0.037898999999999995
   0.06433907233296628
   -0.7918    0.5304    0.303
   0.5666    0.4524    0.6887
   -0.2283    -0.717    0.6587
 Node:         68
  0.1435E+03  0.1225E+03  0.4688E+03  0.1732E-02
   0.09235
  -0.1099
   0.02442
  -0.02846
   0.02963
   0.003528
   0.199
   -0.004512
   -0.05399
   0.23223818239901894
   0.04683266666666667
   0.10947812908318973
   -0.7916    0.5731    0.212
   0.2632    0.006677    0.9647
   0.5515    0.8195    -0.1561
 Node:         69
  0.1380E+03  0.1205E+03  0.4831E+03  0.1732E-02
   0.1041
  -0.03043
   0.008332
  -0.00395
   0.006838
   0.003351
   0.1137
   0.006915
   -0.004413
   0.11287612807409722
   0.038734
   0.05321031706351692
   -0.9574    0.2839    0.05321
   0.2092    0.5544    0.8055
   -0.1992    -0.7823    0.5902
 Node:         70
  0.1561E+03  0.1246E+03  0.4524E+03  0.1732E-02
   0.08608
  -0.06708
   0.006198
  -0.08646
   0.05465
   0.01792
   0.2071
   -0.02753
   -0.04594
   0.24435569013223327
   0.04454333333333333
   0.11519037700934726
   -0.7447    0.4365    0.5048
   0.6214    0.7295    0.2859
   0.2435    -0.5266    0.8145
 Node:         71
  0.1498E+03  0.1225E+03  0.4694E+03  0.1732E-02
   0.1002
  -0.153
   0.0168
  -0.1078
   0.07788
   0.008655
   0.335
   -0.05138
   -0.08755
   0.4056761490400933
   0.06535666666666667
   0.19123757063459634
   -0.7596    0.5177    0.3938
   0.3382    -0.2027    0.919
   0.5555    0.8312    -0.02109
 Node:         72
  0.1435E+03  0.1199E+03  0.4837E+03  0.1732E-02
   0.1069
  -0.048
   0.007904
  -0.01949
   0.01579
   0.004015
   0.1358
   0.002909
   -0.0146
   0.1424548050470745
   0.041369666666666666
   0.067153839107596
   -0.9101    0.3723    0.1822
   0.3208    0.3543    0.8784
   -0.2624    -0.8578    0.4419
 Node:         73
  0.1449E+03  0.1339E+03  0.4513E+03  0.0000E+00
   0.1088
  -0.02823
  -0.01496
   0.009457
  -0.01231
   0.01375
   0.1233
   0.01638
   -0.02053
   0.12938567038122886
   0.03971666666666667
   0.060992989943289576
   -0.9723    0.2014    -0.1189
   -0.1678    -0.247    0.9544
   0.1628    0.9479    0.2739
 Node:         74
  0.1371E+03  0.1304E+03  0.4679E+03  0.0000E+00
   0.122
  -0.02217
  -0.007536
   0.008453
  -0.0188
   0.009164
   0.1362
   0.01769
   -0.01872
   0.14030415995258302
   0.04505666666666667
   0.06614001528743566
   -0.9825    0.1609    -0.09403
   0.1627    0.4947    -0.8537
   0.09081    0.8541    0.5122
 Node:         75
  0.1314E+03  0.1289E+03  0.4826E+03  0.0000E+00
   0.1075
  -0.008451
  -9.797E-4
  -0.005884
  -0.003701
   5.71E-4
   0.1118
   0.003498
   -0.004759
   0.112657671141383
   0.036846333333333335
   0.053107335477837296
   -0.9961    0.07236    0.0503
   -0.006067    -0.6257    0.78
   0.08792    0.7767    0.6237
 Node:         76
  0.1517E+03  0.1313E+03  0.4512E+03  0.0000E+00
   0.109
  -0.04348
  -0.0202
  -0.009799
   0.04075
   0.02025
   0.1368
   0.03774
   -0.0439
   0.15673299461185575
   0.04354666666666667
   0.0738846422171452
   -0.9255    0.3101    0.2176
   0.3366    0.4095    0.8479
   -0.1739    -0.858    0.4834
 Node:         77
  0.1448E+03  0.1283E+03  0.4682E+03  0.0000E+00
   0.1336
  -0.001228
  -0.01059
  -0.004347
   0.0297
   0.008389
   0.15
   0.02869
   -0.02764
   0.15723414800863075
   0.05035
   0.07412088819399472
   -0.9992    0.01539    0.03567
   0.03771    0.6044    0.7958
   0.009313    -0.7966    0.6045
 Node:         78
  0.1385E+03  0.1261E+03  0.4829E+03  0.0000E+00
   0.1128
   0.007284
  -7.777E-4
  -0.003705
   5.262E-5
   3.668E-4
   0.1187
   2.886E-4
   -0.001235
   0.11918050434513189
   0.0392512
   0.05618222853845037
   -0.9977    -0.06066    0.03132
   0.01953    0.186    0.9824
   -0.06541    0.9807    -0.1844
 Node:         79
  0.1561E+03  0.1266E+03  0.4520E+03  0.0000E+00
   0.1092
   0.09934
   0.01459
   0.0132
  -0.003877
  -0.06372
   0.2838
   -0.03608
   -0.07055
   0.33843412785946986
   0.05905666666666667
   0.15953937786292413
   -0.861    -0.508    -0.02491
   0.1125    -0.2379    0.9647
   -0.496    0.8278    0.262
 Node:         80
  0.1499E+03  0.1244E+03  0.4691E+03  0.0000E+00
   0.138
   0.08224
   0.005457
   0.02477
  -0.002262
  -0.05235
   0.2754
   -0.02692
   -0.04918
   0.3140422474763547
   0.06643333333333333
   0.14804093517972955
   -0.9193    -0.388    -0.06612
   0.1825    -0.5691    0.8018
   -0.3488    0.725    0.5939
 Node:         81
  0.1433E+03  0.1218E+03  0.4836E+03  0.0000E+00
   0.1141
   0.01647
   2.379E-4
   0.004204
   8.065E-4
  -0.006859
   0.1266
   -0.00205
   -0.006473
   0.13091754801782685
   0.039359
   0.06171512398648054
   -0.9905    -0.1336    -0.03195
   -0.1349    0.9898    0.04464
   -0.02566    -0.04853    0.9985
 Node:         82
  0.1267E+03  0.1149E+03  0.4574E+03 -0.3181E-01
   0.02304
  -0.02382
  -0.05422
   0.01198
   0.04736
  -0.06147
   0.0286
   -0.01331
   -0.1073
   0.12053916002693897
   -0.030670000000000003
   0.056822704969052645
   0.9622    -0.2701    -0.03481
   0.2184    0.689    0.6911
   -0.1627    -0.6726    0.7219
 Node:         83
  0.1234E+03  0.1130E+03  0.4726E+03 -0.3181E-01
   0.01932
   1.726E-4
  -0.05979
   0.07273
   0.01876
  -0.07284
   0.0629
   -0.06014
   -0.1106
   0.15457571478081542
   -0.03594666666666667
   0.07286769075218148
   0.8908    0.08448    0.4464
   -0.2112    0.947    0.2422
   -0.4022    -0.31    0.8614
 Node:         84
  0.1187E+03  0.1123E+03  0.4849E+03 -0.3181E-01
   0.03395
   0.001783
  -0.06337
   0.02637
  -0.001046
  -0.07229
   0.04133
   -0.06528
   -0.0763
   0.11252544023464206
   -0.03341666666666667
   0.053045001230611316
   0.9772    0.01313    0.212
   0.01234    0.9929    -0.1184
   -0.2121    0.1183    0.9701
 Node:         85
  0.1302E+03  0.1162E+03  0.4561E+03 -0.3181E-01
   0.0225
  -0.02018
  -0.05148
   0.02052
   0.06857
  -0.05971
   0.0262
   0.01446
   -0.1242
   0.1448871685139854
   -0.02784666666666667
   0.06830046624210474
   0.9858    -0.1483    0.07905
   0.05684    0.737    0.6735
   0.1581    0.6594    -0.7349
 Node:         86
  0.1252E+03  0.1138E+03  0.4709E+03 -0.3181E-01
   0.02347
   0.04376
  -0.03829
   0.1438
   0.06154
  -0.07047
   0.1732
   -0.06384
   -0.1501
   0.2899583066580435
   -0.013580000000000004
   0.136687656599514
   0.7803    0.3631    0.5092
   -0.4222    0.9065    6.977E-4
   -0.4614    -0.2156    0.8606
 Node:         87
  0.1217E+03  0.1126E+03  0.4834E+03 -0.3181E-01
   0.03192
   0.001019
  -0.06286
   0.03367
  -0.005392
  -0.07148
   0.04306
   -0.06349
   -0.08059
   0.11604877207450322
   -0.03367333333333333
   0.05470591578816885
   0.9644    -0.007007    0.2643
   0.08785    0.9513    -0.2953
   -0.2494    0.3081    0.9181
 Node:         88
  0.1338E+03  0.1169E+03  0.4544E+03 -0.3181E-01
   0.009734
  -0.03055
  -0.05406
   0.01499
   0.09233
  -0.04658
   0.05205
   0.0116
   -0.1444
   0.17967304333149145
   -0.02691666666666667
   0.084698684890748
   0.2726    -0.7216    -0.6364
   0.9489    0.09251    0.3016
   0.1587    0.6861    -0.7099
 Node:         89
  0.1270E+03  0.1150E+03  0.4693E+03 -0.3181E-01
   0.00571
   0.0124
  -0.05837
   0.0594
   0.02228
  -0.06572
   0.0448
   -0.06291
   -0.102
   0.13168088737550335
   -0.040036666666666665
   0.06207496561058697
   0.8661    0.2092    0.4539
   -0.3459    0.9065    0.2422
   -0.3608    -0.3668    0.8575
 Node:         90
  0.1248E+03  0.1132E+03  0.4822E+03 -0.3181E-01
   0.02887
   0.01944
  -0.0653
   0.01748
  -0.009575
  -0.06554
   0.03525
   -0.05752
   -0.08079
   0.10633213860352851
   -0.03435333333333334
   0.05012545084308192
   0.9773    0.1587    0.1403
   -0.012    0.7026    -0.7115
   -0.2115    0.6936    0.6886
 Node:         91
  0.1261E+03  0.1265E+03  0.4551E+03 -0.3181E-01
   0.01634
   0.0405
  -0.0367
  -0.01188
   0.06856
  -0.06364
   0.04734
   -8.357E-4
   -0.1234
   0.15247139617807007
   -0.0256319
   0.07187570544966267
   -0.7072    -0.6209    -0.3381
   0.6757    -0.4528    -0.5817
   0.2081    -0.6398    0.7398
 Node:         92
  0.1210E+03  0.1235E+03  0.4727E+03 -0.3181E-01
   0.01791
   0.002534
  -0.0502
   0.00693
   0.04664
  -0.05732
   0.01801
   -0.009306
   -0.1007
   0.10768261510568918
   -0.030665333333333333
   0.05076207157142252
   0.9692    0.1671    0.1807
   -0.245    0.7246    0.6441
   -0.02331    -0.6686    0.7433
 Node:         93
  0.1159E+03  0.1217E+03  0.4877E+03 -0.3181E-01
   0.03403
  -0.004469
  -0.06268
   0.009165
   0.01078
  -0.06436
   0.03485
   -0.05372
   -0.07462
   0.10066065716058088
   -0.031163333333333335
   0.04745188885129396
   0.9962    -0.03197    0.0816
   0.03145    -0.7387    -0.6733
   0.08181    0.6733    -0.7348
 Node:         94
  0.1316E+03  0.1267E+03  0.4540E+03 -0.3181E-01
   0.01222
   0.03889
  -0.03336
  -0.03844
   0.06433
  -0.05637
   0.03284
   0.02039
   -0.1233
   0.15030222586508826
   -0.023356666666666668
   0.07085314875775733
   0.8345    0.5405    0.1068
   0.461    -0.5789    -0.6726
   -0.3017    0.6106    -0.7323
 Node:         95
  0.1251E+03  0.1237E+03  0.4708E+03 -0.3181E-01
   0.01113
  -0.002485
  -0.04688
  -0.00317
   0.03266
  -0.05112
   0.0102
   -0.01843
   -0.08442
   0.08404552754311201
   -0.030883333333333332
   0.03961944163609017
   0.9909    -0.09544    -0.09472
   0.1344    0.7297    0.6705
   0.005125    -0.6771    0.7359
 Node:         96
  0.1205E+03  0.1222E+03  0.4852E+03 -0.3181E-01
   0.03257
  -0.004591
  -0.06242
   0.01102
   0.008399
  -0.06424
   0.03368
   -0.05608
   -0.07279
   0.09917646545425986
   -0.03173
   0.04675223417121368
   0.9944    -0.03385    0.1003
   0.04066    -0.7529    -0.6569
   0.09778    0.6573    -0.7473
 Node:         97
  0.1371E+03  0.1261E+03  0.4527E+03 -0.3181E-01
  -4.682E-4
   0.02596
  -0.03298
  -0.03202
   0.06694
  -0.05585
   0.02767
   0.01125
   -0.1235
   0.14366549307331944
   -0.028193333333333334
   0.06772456291643543
   -0.03033    0.7694    0.638
   0.9678    0.1823    -0.1738
   0.25    -0.6122    0.7501
 Node:         98
  0.1298E+03  0.1233E+03  0.4686E+03 -0.3181E-01
   0.01188
   0.004032
  -0.0421
   0.005811
   0.03612
  -0.05717
   0.01214
   -0.01578
   -0.08841
   0.08990257449038931
   -0.030683333333333337
   0.04238048004552201
   0.9699    0.1794    0.1649
   -0.2433    0.7529    0.6115
   -0.0145    -0.6332    0.7739
 Node:         99
  0.1260E+03  0.1218E+03  0.4827E+03 -0.3181E-01
   0.03356
  -3.267E-4
  -0.06077
   0.007434
   4.514E-4
  -0.06431
   0.03373
   -0.06174
   -0.06466
   0.09696298108041028
   -0.03089
   0.045708787630680675
   0.9975    -0.002809    0.06995
   0.007973    -0.9881    -0.1534
   0.06955    0.1536    -0.9857
 Node:        100
  0.1255E+03  0.1380E+03  0.4529E+03  0.0000E+00
   0.1068
   0.004942
   0.00503
  -0.007947
  -0.001098
  -0.003956
   0.11
   0.004914
   -0.004297
   0.10998116685596675
   0.03687233333333333
   0.051845619257775505
   -0.9965    -0.04895    0.06838
   -0.05403    0.9957    -0.07465
   -0.06444    -0.07808    -0.9949
 Node:        101
  0.1190E+03  0.1340E+03  0.4715E+03  0.0000E+00
   0.1109
   0.008864
   0.006124
  -0.01339
  -0.006862
  -0.005535
   0.118
   0.007582
   -0.008625
   0.1193496799283517
   0.03898566666666667
   0.05626197867318764
   -0.99    -0.08931    0.1096
   -0.1229    0.9269    -0.3547
   0.06992    0.3646    0.9285
 Node:        102
  0.1139E+03  0.1312E+03  0.4875E+03  0.0000E+00
   0.1041
   0.002132
  -4.867E-4
  -0.001898
  -0.007302
  -8.868E-4
   0.1064
   0.00649
   -0.007805
   0.10777090783230882
   0.03502833333333333
   0.05080369316190398
   -0.9996    -0.02162    0.01931
   -0.02897    0.7191    -0.6943
   -0.001128    0.6946    0.7194
 Node:        103
  0.1330E+03  0.1369E+03  0.4523E+03  0.0000E+00
   0.1082
  -0.006461
   0.005313
  -0.009679
  -0.004801
  -0.00652
   0.1137
   0.007039
   -0.008646
   0.11530640021698708
   0.03736433333333333
   0.054355958338427705
   -0.9955    0.05743    0.07565
   -0.02726    -0.9358    0.3516
   0.09098    0.3479    0.9331
 Node:        104
  0.1254E+03  0.1333E+03  0.4699E+03  0.0000E+00
   0.1132
   0.003287
   0.002426
  -0.01724
  -0.01244
  -0.005095
   0.1232
   0.009923
   -0.0144
   0.12719482508734387
   0.03957433333333333
   0.059960215567398424
   -0.9897    -0.04491    0.1358
   0.1122    -0.8326    0.5424
   -0.0887    -0.5521    -0.8291
 Node:        105
  0.1201E+03  0.1317E+03  0.4853E+03  0.0000E+00
   0.1043
  -9.441E-4
  -0.001219
  -0.005163
  -0.007737
  -8.079E-4
   0.1073
   0.006585
   -0.008694
   0.1091594409613754
   0.03506366666666667
   0.05145825395621409
   -0.9989    0.004549    0.04755
   0.03043    -0.7066    0.7069
   0.03682    0.7076    0.7057
 Node:        106
  0.1405E+03  0.1352E+03  0.4515E+03  0.0000E+00
   0.1091
  -0.006473
  -0.0017
   0.002396
  -0.02473
  -9.59E-4
   0.1146
   0.02285
   -0.02461
   0.12257638067751879
   0.03761333333333333
   0.057783059993584816
   -0.9972    0.06496    -0.03576
   0.07128    0.7069    -0.7037
   0.02043    0.7043    0.7096
 Node:        107
  0.1326E+03  0.1317E+03  0.4682E+03  0.0000E+00
   0.1183
  -0.007744
   1.574E-4
  -0.006032
  -0.03251
   3.031E-5
   0.1263
   0.03181
   -0.03001
   0.13635044664393292
   0.042699999999999995
   0.06427621695982634
   -0.9981    0.0509    0.03329
   -0.01348    -0.7189    0.695
   0.05931    0.6933    0.7182
 Node:        108
  0.1273E+03  0.1304E+03  0.4831E+03  0.0000E+00
   0.1056
  -0.005285
  -8.319E-4
  -0.007812
  -0.00599
  -1.014E-4
   0.1092
   0.00542
   -0.007015
   0.11052339989794017
   0.035868333333333335
   0.052101230365084045
   -0.9967    0.04325    0.06883
   0.01909    -0.6985    0.7154
   0.07901    0.7143    0.6953
 Node:        109
  0.1018E+03  0.1092E+03  0.4946E+03 -0.2187E-04
  -4.373E-5
   2.399E-16
  -4.373E-5
   9.595E-17
  -2.399E-17
  -4.373E-5
   -4.373E-5
   -4.373E-5
   -4.373E-5
   0.0
   -4.3729999999999996E-5
   0.0
   -0.3792    -0.925    -0.024
   0.48    -0.2189    0.8495
   0.791    -0.3106    -0.527
 Node:        110
  0.1058E+03  0.1118E+03  0.5081E+03 -0.2187E-04
  -4.373E-5
   4.798E-17
  -4.373E-5
  -2.399E-17
  -8.995E-17
  -4.373E-5
   -4.373E-5
   -4.373E-5
   -4.373E-5
   0.0
   -4.3729999999999996E-5
   0.0
   -0.02838    -0.09127    0.9954
   0.7347    0.6734    0.08269
   -0.6778    0.7337    0.04794
 Node:        111
  0.1108E+03  0.1137E+03  0.5210E+03 -0.2187E-04
  -4.373E-5
   9.595E-17
  -4.373E-5
  -4.798E-17
   5.637E-16
  -4.373E-5
   -4.373E-5
   -4.373E-5
   -4.373E-5
   0.0
   -4.3729999999999996E-5
   0.0
   0.9393    0.3169    0.1318
   0.3364    -0.7738    -0.5367
   -0.06804    0.5485    -0.8334
 Node:        112
  0.1072E+03  0.1111E+03  0.4942E+03 -0.2187E-04
  -4.373E-5
   2.399E-16
  -4.373E-5
  -3.369E-37
   2.399E-17
  -4.373E-5
   -4.373E-5
   -4.373E-5
   -4.373E-5
   0.0
   -4.3729999999999996E-5
   0.0
   0.3759    0.9265    0.0167
   0.9266    -0.3757    -0.01402
   0.006714    -0.02075    0.9998
 Node:        113
  0.1071E+03  0.1139E+03  0.5077E+03 -0.2187E-04
  -4.373E-5
   4.447E-36
  -4.373E-5
   2.879E-16
  -2.639E-16
  -4.373E-5
   -4.373E-5
   -4.373E-5
   -4.373E-5
   0.0
   -4.3729999999999996E-5
   0.0
   -0.1654    0.6537    -0.7384
   -0.2298    -0.7537    -0.6158
   -0.9591    0.06784    0.2749
 Node:        114
  0.1093E+03  0.1164E+03  0.5209E+03 -0.2187E-04
  -4.373E-5
   1.919E-16
  -4.373E-5
  -4.798E-17
   9.595E-17
  -4.373E-5
   -4.373E-5
   -4.373E-5
   -4.373E-5
   0.0
   -4.3729999999999996E-5
   0.0
   -0.6573    -0.7285    -0.1932
   -0.4203    0.1416    0.8963
   0.6255    -0.6703    0.3993
 Node:        115
  0.1129E+03  0.1120E+03  0.4932E+03 -0.2187E-04
  -4.373E-5
  -4.043E-37
  -4.373E-5
  -1.439E-16
  -4.798E-17
  -4.373E-5
   -4.373E-5
   -4.373E-5
   -4.373E-5
   0.0
   -4.3729999999999996E-5
   0.0
   0.6708    0.2236    -0.7072
   0.3162    -0.9487    -9.18E-6
   -0.6709    -0.2236    -0.7071
 Node:        116
  0.1092E+03  0.1143E+03  0.5068E+03 -0.2187E-04
  -4.373E-5
   8.995E-17
  -4.373E-5
   2.879E-16
   3.598E-17
  -4.373E-5
   -4.373E-5
   -4.373E-5
   -4.373E-5
   0.0
   -4.3729999999999996E-5
   0.0
   -0.223    -0.9699    -0.09798
   0.8805    -0.2435    0.4067
   -0.4183    0.004418    0.9083
 Node:        117
  0.1089E+03  0.1172E+03  0.5207E+03 -0.2187E-04
  -4.373E-5
  -1.199E-16
  -4.373E-5
  -2.399E-16
  -2.879E-16
  -4.373E-5
   -4.373E-5
   -4.373E-5
   -4.373E-5
   0.0
   -4.3729999999999996E-5
   0.0
   -0.232    -0.2201    0.9475
   -0.8739    0.475    -0.1036
   -0.4272    -0.852    -0.3026
 Node:        118
  0.1017E+03  0.1094E+03  0.4948E+03 -0.2187E-04
  -4.373E-5
   1.439E-16
  -4.373E-5
