 Group name: gastroc_Strain
 #Fields=  16
 1) coordinates, coordinate, rectangular cartesian, #Components=3
   x.  Value index= 1, #Derivatives=0
   y.  Value index= 2, #Derivatives=0
   z.  Value index= 3, #Derivatives=0
 2) Tensor_1, field, rectangular cartesian, #Components=1
   Tensor_1.  Value index= 4, #Derivatives=0
 3) Tensor_2, field, rectangular cartesian, #Components=1
   Tensor_2.  Value index= 5, #Derivatives=0
 4) Tensor_3, field, rectangular cartesian, #Components=1
   Tensor_3.  Value index= 6, #Derivatives=0
 5) Tensor_4, field, rectangular cartesian, #Components=1
   Tensor_4.  Value index= 7, #Derivatives=0
 6) Tensor_5, field, rectangular cartesian, #Components=1
   Tensor_5.  Value index= 8, #Derivatives=0
 7) Tensor_6, field, rectangular cartesian, #Components=1
   Tensor_6.  Value index= 9, #Derivatives=0
 8) Principal_1, field, rectangular cartesian, #Components=1
   Principal_1.  Value index= 10, #Derivatives=0
 9) Principal_2, field, rectangular cartesian, #Components=1
   Principal_2.  Value index= 11, #Derivatives=0
 10) Principal_3, field, rectangular cartesian, #Components=1
   Principal_3.  Value index= 12, #Derivatives=0
 11) VonMises, field, rectangular cartesian, #Components=1
   VonMises.  Value index= 13, #Derivatives=0
 12) Hydrostatic, field, rectangular cartesian, #Components=1
   VonMises.  Value index= 14, #Derivatives=0
 13) Octahedral, field, rectangular cartesian, #Components=1
   VonMises.  Value index= 15, #Derivatives=0
 14) PrincipalVector1, field, rectangular cartesian, #Components=3
   x.  Value index= 16, #Derivatives=0
   y.  Value index= 17, #Derivatives=0
   z.  Value index= 18, #Derivatives=0
 15) PrincipalVector2, field, rectangular cartesian, #Components=3
   x.  Value index= 19, #Derivatives=0
   y.  Value index= 20, #Derivatives=0
   z.  Value index= 21, #Derivatives=0
 16) PrincipalVector3, field, rectangular cartesian, #Components=3
   x.  Value index= 22, #Derivatives=0
   y.  Value index= 23, #Derivatives=0
   z.  Value index= 24, #Derivatives=0
 Node:          1
  0.1287E+03  0.1133E+03  0.4908E+03 -0.8000E-05
  -1.11E-16
  -8.327E-17
  -2.22E-16
  -2.776E-17
  -4.163E-17
  -3.331E-16
   -6.637E-17
   -2.4E-16
   -3.598E-16
   2.5553921597281306E-16
   -2.2205666666666663E-16
   1.204623416489799E-16
   0.8837    -0.4676    -0.01897
   0.4046    0.7837    -0.4712
   0.2352    0.4088    0.8818
 Node:          2
  0.1292E+03  0.1137E+03  0.5052E+03 -0.8000E-05
  -5.551E-17
  -1.11E-16
  -1.665E-16
  -5.551E-17
   1.943E-16
  -2.776E-16
   8.603E-17
   -1.6E-16
   -4.256E-16
   4.4319260925696854E-16
   -1.6652333333333334E-16
   2.089229995849082E-16
   -0.6554    0.6199    0.4313
   0.7522    0.4849    0.4462
   -0.06744    -0.6169    0.7841
 Node:          3
  0.1289E+03  0.1155E+03  0.5194E+03 -0.8000E-05
   2.22E-16
   1.388E-16
   3.331E-16
   1.11E-16
   5.551E-17
   2.22E-16
   4.753E-16
   2.118E-16
   9.006E-17
   3.4107384479024473E-16
   2.590533333333333E-16
   1.6078375235770005E-16
   -0.5696    -0.7144    -0.4063
   0.2395    -0.6172    0.7494
   -0.7862    0.3296    0.5227
 Node:          4
  0.1361E+03  0.1141E+03  0.4915E+03 -0.8000E-05
   0.0
  -2.776E-17
  -1.11E-16
  -2.776E-17
  -8.327E-17
   2.22E-16
   2.435E-16
   6.328E-18
   -1.388E-16
   3.3426485304919515E-16
   3.700933333333334E-17
   1.5757396286894045E-16
   -0.08549    -0.2215    0.9714
   0.9681    -0.2491    0.0284
   0.2357    0.9428    0.2357
 Node:          5
  0.1341E+03  0.1144E+03  0.5054E+03 -0.8000E-05
   3.331E-16
   1.388E-16
   3.331E-16
   5.551E-17
  -6.939E-17
   4.441E-16
   4.814E-16
   4.627E-16
   1.662E-16
   3.062784517395894E-16
   3.7010000000000004E-16
   1.4438104677092028E-16
   -0.348    -0.6443    0.681
   -0.6589    -0.3487    -0.6665
   0.6669    -0.6807    -0.3032
 Node:          6
  0.1323E+03  0.1162E+03  0.5191E+03 -0.8000E-05
   2.22E-16
   5.551E-17
   2.22E-16
  -5.551E-17
  -2.776E-17
   0.0
   2.897E-16
   1.685E-16
   -1.402E-17
   2.648101478418076E-16
   1.4806E-16
   1.2483270084396958E-16
   -0.715    -0.6696    0.2012
   0.6656    -0.7399    -0.09741
   -0.2141    -0.06426    -0.9747
 Node:          7
  0.1408E+03  0.1171E+03  0.4920E+03 -0.8000E-05
   3.331E-16
   2.22E-16
   2.22E-16
  -8.327E-17
  -1.11E-16
   0.0
   5.398E-16
   6.158E-17
   -4.631E-17
   5.403052621435404E-16
   1.8502333333333335E-16
   2.5470234318164845E-16
   -0.7537    -0.6111    0.2419
   -0.656    0.677    -0.3335
   -0.04004    0.4101    0.9112
 Node:          8
  0.1367E+03  0.1169E+03  0.5055E+03 -0.8000E-05
   2.22E-16
   1.943E-16
   2.22E-16
  -4.025E-16
  -2.359E-16
  -2.22E-16
   6.547E-16
   4.477E-17
   -4.775E-16
   9.814930967154074E-16
   7.399000000000001E-17
   4.626802829168323E-16
   -0.6847    -0.5611    0.4652
   0.5685    -0.8105    -0.1409
   -0.4561    -0.1681    -0.8739
 Node:          9
  0.1339E+03  0.1180E+03  0.5191E+03 -0.8000E-05
   2.22E-16
   1.665E-16
   0.0
  -3.955E-16
  -2.776E-16
   6.661E-16
   1.002E-15
   -9.379E-18
   -1.046E-16
   1.062195387036208E-15
   2.96007E-16
   5.007237074122481E-16
   -0.4817    -0.3073    0.8207
   -0.8565    -0.03292    -0.515
   -0.1853    0.951    0.2474
 Node:         10
  0.1294E+03  0.1212E+03  0.4911E+03 -0.8000E-05
   0.0
   2.776E-17
   1.11E-16
  -1.388E-17
   1.249E-16
   1.11E-16
   2.363E-16
   2.303E-17
   -3.732E-17
   2.48992088026909E-16
   7.400333333333333E-17
   1.173759959370834E-16
   0.0421    0.71    0.703
   -0.7813    -0.4152    0.4661
   -0.6228    0.5688    -0.5372
 Node:         11
  0.1295E+03  0.1214E+03  0.5055E+03 -0.8000E-05
  -2.22E-16
  -2.776E-17
  -2.22E-16
  -4.163E-17
   1.388E-17
  -1.665E-16
   -1.365E-16
   -2.183E-16
   -2.558E-16
   1.0566451627675205E-16
   -2.035333333333333E-16
   4.9810730660058464E-17
   -0.4935    0.2929    0.8189
   0.3541    -0.7924    0.4968
   -0.7944    -0.5351    -0.2873
 Node:         12
  0.1295E+03  0.1217E+03  0.5196E+03 -0.8000E-05
   1.11E-16
   0.0
   1.11E-16
   7.633E-17
   2.776E-17
   2.22E-16
   2.649E-16
   1.11E-16
   6.816E-17
   1.792025435087348E-16
   1.4801999999999999E-16
   8.447688914726913E-17
   -0.4387    -0.1595    -0.8844
   0.3417    -0.9398    -2.255E-17
   0.8311    0.3022    -0.4668
 Node:         13
  0.1361E+03  0.1199E+03  0.4914E+03 -0.8000E-05
   1.11E-16
  -1.388E-16
   0.0
  -9.714E-17
   2.776E-17
  -1.665E-16
   2.285E-16
   -8.52E-17
   -1.988E-16
   3.833392361864358E-16
   -1.849999999999999E-17
   1.807078489348669E-16
   0.8171    -0.5252    -0.2378
   0.4648    0.8442    -0.2671
   0.341    0.1077    0.9339
 Node:         14
  0.1342E+03  0.1198E+03  0.5054E+03 -0.8000E-05
  -5.551E-17
   2.776E-17
   0.0
   5.551E-17
  -9.021E-17
   1.11E-16
   1.672E-16
   -4.94E-18
   -1.068E-16
   2.398787602102362E-16
   1.8486666666666665E-17
   1.130799320048532E-16
   0.1634    -0.4472    0.8794
   -0.6569    -0.7144    -0.2412
   -0.7361    0.5382    0.4105
 Node:         15
  0.1330E+03  0.1205E+03  0.5193E+03 -0.8000E-05
   2.22E-16
  -8.327E-17
  -5.551E-17
   1.388E-17
   4.857E-17
   0.0
   2.451E-16
   2.471E-17
   -1.033E-16
   3.0523832672192397E-16
   5.550333333333333E-17
   1.438907271354049E-16
   -0.9638    0.2667    -0.001723
   0.1157    0.4239    0.8983
   0.2403    0.8656    -0.4394
 Node:         16
  0.1404E+03  0.1188E+03  0.4918E+03 -0.8000E-05
   2.22E-16
   5.551E-17
   2.22E-16
  -8.327E-17
  -1.457E-16
   4.441E-16
   5.466E-16
   1.95E-16
   1.465E-16
   3.7818964819254375E-16
   2.9603333333333337E-16
   1.7828030987433498E-16
   -0.2927    -0.4328    0.8526
   -0.9222    -0.1077    -0.3713
   -0.2526    0.895    0.3676
 Node:         17
  0.1365E+03  0.1184E+03  0.5055E+03 -0.8000E-05
  -1.11E-16
   2.776E-17
  -1.11E-16
   9.714E-17
   1.7E-16
   0.0
   1.573E-16
   -1.341E-16
   -2.452E-16
   3.600440389730123E-16
   -7.400000000000001E-17
   1.697263876557404E-16
   0.3368    0.5285    0.7792
   0.8927    -0.4425    -0.08566
   -0.2996    -0.7244    0.6209
 Node:         18
  0.1341E+03  0.1191E+03  0.5192E+03 -0.8000E-05
   0.0
   0.0
   0.0
   2.645E-17
   1.065E-16
   4.441E-16
   4.697E-16
   -1.672E-33
   -2.562E-17
   4.830198633596759E-16
   1.4802666666666666E-16
   2.2769774721961763E-16
   -0.05484    -0.2207    -0.9738
   0.9705    -0.2411    -6.21E-17
   -0.2348    -0.9451    0.2274
 Node:         19
  0.1301E+03  0.1291E+03  0.4914E+03  0.0000E+00
   1.11E-16
   0.0
   1.11E-16
   2.101E-19
   1.001E-17
  -2.22E-16
   1.113E-16
   1.11E-16
   -2.223E-16
   3.3345010121455954E-16
   0.0
   1.5718988517077046E-16
   -0.02096    -0.9993    -0.03003
   0.9998    -0.02097    1.345E-19
   6.298E-4    0.03003    -0.9995
 Node:         20
  0.1299E+03  0.1291E+03  0.5058E+03  0.0000E+00
   2.22E-16
   0.0
   0.0
   1.041E-17
   1.924E-17
  -5.551E-17
   2.224E-16
   5.975E-18
   -6.188E-17
   2.5715676157744715E-16
   5.549833333333335E-17
   1.2122485995959007E-16
   -0.9993    -0.003257    -0.03765
   0.01428    -0.9549    -0.2965
   -0.03498    -0.2968    0.9543
 Node:         21
  0.1301E+03  0.1280E+03  0.5197E+03  0.0000E+00
   1.11E-16
   0.0
   0.0
   4.163E-17
   1.475E-17
   1.11E-16
   1.534E-16
   7.089E-17
   -2.22E-18
   1.3485280234388901E-16
   7.402333333333333E-17
   6.357022066624871E-17
   -0.6994    -0.0684    -0.7114
   -0.7126    0.1429    0.6869
   -0.05465    -0.9874    0.1487
 Node:         22
  0.1360E+03  0.1256E+03  0.4913E+03  0.0000E+00
  -2.22E-16
   1.388E-17
  -1.11E-16
  -1.388E-17
   1.006E-16
   1.11E-16
   1.5E-16
   -1.456E-16
   -2.264E-16
   3.432090907886911E-16
   -7.4E-17
   1.617903169743686E-16
   -0.02144    0.3586    0.9332
   0.228    0.9106    -0.3447
   -0.9734    0.2054    -0.1013
 Node:         23
  0.1343E+03  0.1253E+03  0.5054E+03  0.0000E+00
   0.0
   2.082E-17
  -4.441E-16
   0.0
   1.314E-16
  -1.665E-16
   1.265E-18
   -1.147E-16
   -4.972E-16
   4.517861703560657E-16
   -2.0354499999999996E-16
   2.1297404313671653E-16
   0.997    0.06061    0.04746
   0.06644    -0.3661    -0.9282
   0.03888    -0.9286    0.369
 Node:         24
  0.1336E+03  0.1248E+03  0.5194E+03  0.0000E+00
  -2.22E-16
   1.214E-17
   0.0
   1.388E-17
   8.674E-19
  -1.665E-16
   6.779E-19
   -1.633E-16
   -2.259E-16
   2.026635838733984E-16
   -1.2950736666666666E-16
   9.553652963763242E-17
   -0.05504    -0.9984    -0.009747
   0.2257    -0.02195    0.974
   -0.9726    0.05141    0.2265
 Node:         25
  0.1400E+03  0.1206E+03  0.4917E+03  0.0000E+00
   0.0
   2.671E-16
  -1.11E-16
  -8.327E-17
  -1.301E-16
   2.22E-16
   3.681E-16
   7.58E-17
   -3.329E-16
   6.098671904603493E-16
   3.699999999999999E-17
   2.8749415066513385E-16
   0.5089    0.4781    -0.7159
   0.6086    0.3883    0.692
   0.6088    -0.7878    -0.09334
 Node:         26
  0.1363E+03  0.1200E+03  0.5055E+03  0.0000E+00
   2.22E-16
   1.076E-16
  -6.106E-16
   2.776E-17
  -1.124E-15
  -5.551E-17
   8.281E-16
   2.248E-16
   -1.497E-15
   2.089815319591662E-15
   -1.4803333333333336E-16
   9.851483892738641E-16
   0.07371    0.6174    -0.7832
   0.9955    0.001018    0.09449
   -0.05914    0.7866    0.6146
 Node:         27
  0.1343E+03  0.1203E+03  0.5192E+03  0.0000E+00
   2.22E-16
  -1.943E-16
   2.22E-16
  -1.041E-16
   1.313E-15
   0.0
   1.466E-15
   1.875E-16
   -1.209E-15
   2.3173691440942246E-15
   1.4816666666666667E-16
   1.0924182908676612E-15
   -0.1693    0.728    0.6643
   0.9848    0.09849    0.1431
   0.03876    0.6785    -0.7336
 Node:         28
  0.1155E+03  0.1124E+03  0.4931E+03 -0.4728E-04
  -2.22E-16
   3.816E-17
   2.22E-16
  -5.551E-17
   5.551E-17
   1.11E-16
   2.455E-16
   1.014E-16
   -2.359E-16
   4.279497984577163E-16
   3.699999999999999E-17
   2.0173746966457835E-16
   0.03184    0.9284    0.3701
   0.1988    0.3571    -0.9127
   0.9795    -0.1026    0.1732
 Node:         29
  0.1119E+03  0.1139E+03  0.5068E+03 -0.4728E-04
  -2.22E-16
  -2.082E-17
   0.0
   5.551E-17
   6.939E-18
  -3.331E-16
   1.944E-18
   -2.004E-16
   -3.566E-16
   3.113642033631998E-16
   -1.8501866666666668E-16
   1.4677849307791052E-16
   -0.09118    0.9958    0.005517
   -0.9179    -0.08189    -0.3884
   -0.3863    -0.04048    0.9215
 Node:         30
  0.1113E+03  0.1159E+03  0.5206E+03 -0.4728E-04
   2.22E-16
   1.249E-16
   2.22E-16
   0.0
  -2.776E-17
   1.11E-16
   3.486E-16
   1.238E-16
   8.277E-17
   2.4787505905193444E-16
   1.8505666666666664E-16
   1.1684942342842583E-16
   -0.7001    -0.7092    0.08287
   -0.4685    0.3686    -0.8029
   -0.5389    0.6009    0.5903
 Node:         31
  0.1203E+03  0.1126E+03  0.4920E+03 -0.4728E-04
  -5.551E-17
   9.714E-17
  -1.11E-16
   2.776E-17
   4.163E-17
  -5.551E-17
   4.114E-17
   -7.661E-17
   -1.866E-16
   1.9726678661143135E-16
   -7.402333333333333E-17
   9.29924550105485E-17
   -0.6956    -0.5654    -0.4433
   0.4358    0.1585    -0.886
   0.5712    -0.8095    0.1362
 Node:         32
  0.1188E+03  0.1134E+03  0.5062E+03 -0.4728E-04
   2.22E-16
  -1.388E-17
  -1.11E-16
  -2.776E-17
   9.714E-17
  -5.551E-17
   2.266E-16
   1.331E-17
   -1.844E-16
   3.5602167644681415E-16
   1.8503333333333345E-17
   1.6783022777663014E-16
   -0.9894    0.07624    0.1236
   0.1445    0.5992    0.7875
   0.01402    -0.797    0.6038
 Node:         33
  0.1183E+03  0.1150E+03  0.5201E+03 -0.4728E-04
   1.11E-16
   5.551E-17
   0.0
   8.327E-17
   0.0
   0.0
   1.7E-16
   0.0
   -5.893E-17
   2.0589037107159722E-16
   3.702333333333333E-17
   9.705765171049398E-17
   -0.8617    -0.2815    -0.4222
   0.0    -0.8321    0.5547
   -0.5074    0.478    0.717
 Node:         34
  0.1255E+03  0.1129E+03  0.4909E+03 -0.4728E-04
   0.0
   0.0
   0.0
   5.551E-17
   9.714E-17
   0.0
   1.119E-16
   3.387E-33
   -1.119E-16
   1.9381648536695736E-16
   0.0
   9.136596740581255E-17
   -0.3508    -0.6139    -0.7071
   0.8682    -0.4961    -4.855E-17
   -0.3508    -0.6139    0.7071
 Node:         35
  0.1260E+03  0.1135E+03  0.5054E+03 -0.4728E-04
   0.0
   1.11E-16
  -1.11E-16
   1.11E-16
   2.498E-16
  -1.11E-16
   2.41E-16
   -1.023E-16
   -3.608E-16
   5.228959647960578E-16
   -7.403333333333333E-17
   2.4649552170824977E-16
   0.5458    0.5925    0.5925
   0.8379    -0.3859    -0.3859
   -4.975E-17    -0.7071    0.7071
 Node:         36
  0.1257E+03  0.1153E+03  0.5196E+03 -0.4728E-04
   0.0
  -5.551E-17
   0.0
  -5.551E-17
   8.327E-17
   0.0
   1.305E-16
   -4.723E-17
   -8.327E-17
   1.982226619234037E-16
   0.0
   9.344305895392481E-17
   -0.5155    0.6059    0.6059
   0.8569    0.3645    0.3645
   -1.256E-16    0.7071    -0.7071
 Node:         37
  0.1132E+03  0.1210E+03  0.4959E+03 -0.4728E-04
  -2.22E-16
   1.388E-16
  -2.22E-16
  -8.327E-17
   1.804E-16
  -2.776E-16
   -4.482E-17
   -1.622E-16
   -5.146E-16
   4.2347200190803645E-16
   -2.4054E-16
   1.9962661612787678E-16
   0.3971    0.7887    0.4693
   -0.7874    0.0301    0.6157
   0.4715    -0.614    0.633
 Node:         38
  0.1111E+03  0.1204E+03  0.5085E+03 -0.4728E-04
  -1.665E-16
   9.714E-17
   0.0
  -2.776E-17
  -8.327E-17
  -2.22E-16
   7.071E-17
   -2.091E-16
   -2.502E-16
   3.0246162913665597E-16
   -1.2953E-16
   1.4258177934084005E-16
   -0.3916    -0.8746    0.2859
   0.9154    -0.3389    0.217
   0.09287    -0.3467    -0.9334
 Node:         39
  0.1119E+03  0.1201E+03  0.5207E+03 -0.4728E-04
  -5.551E-17
  -9.714E-17
  -3.331E-16
  -8.327E-17
  -7.633E-17
  -1.11E-16
   8.934E-18
   -1.105E-16
   -3.981E-16
   3.6239130612640252E-16
   -1.6655533333333335E-16
   1.7083290000335286E-16
   0.851    -0.1281    -0.5092
   0.4076    -0.4503    0.7944
   -0.3311    -0.8836    -0.331
 Node:         40
  0.1191E+03  0.1220E+03  0.4937E+03 -0.4728E-04
   0.0
   8.327E-17
  -2.22E-16
   8.327E-17
  -1.388E-17
  -2.22E-16
   4.872E-17
   -2.082E-16
   -2.846E-16
   3.0244591979393603E-16
   -1.4802666666666666E-16
   1.4257437388566321E-16
   -0.924    -0.2703    -0.2703
   0.0    -0.7071    0.7071
   0.3823    -0.6534    -0.6534
 Node:         41
  0.1182E+03  0.1217E+03  0.5073E+03 -0.4728E-04
   0.0
  -2.776E-17
  -5.551E-17
   5.551E-17
   9.714E-17
   1.11E-16
   1.653E-16
   1.073E-17
   -1.206E-16
   2.478691830381502E-16
   1.8476666666666666E-17
   1.168466534489637E-16
   0.2406    0.3653    0.8993
   -0.8901    0.4526    0.05428
   -0.3871    -0.8135    0.434
 Node:         42
  0.1187E+03  0.1212E+03  0.5204E+03 -0.4728E-04
   0.0
  -5.551E-17
  -1.11E-16
   0.0
   5.551E-17
   1.11E-16
   1.256E-16
   1.887E-17
   -1.444E-16
   2.3552960089975954E-16
   2.3333333333339628E-20
   1.1102971864425409E-16
   0.1113    -0.2517    -0.9614
   0.9295    -0.3159    0.1903
   -0.3516    -0.9148    0.1988
 Node:         43
  0.1258E+03  0.1217E+03  0.4915E+03 -0.4728E-04
   2.22E-16
   1.11E-16
   1.11E-16
  -1.388E-17
   0.0
  -5.551E-17
   2.911E-16
   4.294E-17
   -5.645E-17
   3.1004254562882173E-16
   9.253E-17
   1.4615545764698628E-16
   -0.8507    -0.5246    0.03406
   -0.5213    0.8502    0.07348
   0.06751    -0.04475    0.9967
 Node:         44
  0.1259E+03  0.1220E+03  0.5059E+03 -0.4728E-04
  -2.22E-16
   1.388E-16
  -2.22E-16
   9.714E-17
   1.11E-16
  -1.11E-16
   5.081E-17
   -2.445E-16
   -3.614E-16
   3.679610646522265E-16
   -1.8503E-16
   1.7345850935214064E-16
   -0.5113    -0.534    -0.6733
   -0.5198    -0.4318    0.7372
   -0.6844    0.7269    -0.05679
 Node:         45
  0.1261E+03  0.1221E+03  0.5198E+03 -0.4728E-04
  -5.551E-17
  -8.327E-17
  -2.776E-16
   2.776E-17
  -6.939E-18
   1.11E-16
   1.167E-16
   -3.339E-17
   -3.053E-16
   3.7050374910383835E-16
   -7.399666666666666E-17
   1.7465714229757554E-16
   0.1854    -0.05643    0.981
   0.9302    -0.3117    -0.1938
   -0.3167    -0.9485    0.005308
 Node:         46
  0.1117E+03  0.1296E+03  0.4959E+03  0.0000E+00
  -5.551E-17
   2.776E-17
  -1.665E-16
   6.939E-18
  -2.602E-17
   0.0
   4.101E-18
   -4.897E-17
   -1.772E-16
   1.6144583695778595E-16
   -7.402300000000001E-17
   7.610629740479211E-17
   0.04856    -0.1429    0.9886
   0.9724    0.2327    -0.01414
   -0.228    0.962    0.1502
 Node:         47
  0.1107E+03  0.1269E+03  0.5087E+03  0.0000E+00
  -1.665E-16
  -3.123E-17
   1.11E-16
  -2.776E-17
   3.99E-17
   0.0
   1.289E-16
   -1.114E-17
   -1.732E-16
   2.6185783853075704E-16
   -1.8479999999999997E-17
   1.2344096888796688E-16
   -0.1292    0.939    0.3186
   -0.1008    -0.3321    0.9379
   -0.9865    -0.08906    -0.1376
 Node:         48
  0.1125E+03  0.1242E+03  0.5208E+03  0.0000E+00
   1.11E-16
   3.469E-18
   1.11E-16
   0.0
  -1.735E-18
   1.11E-16
   1.149E-16
   1.11E-16
   1.071E-16
   6.75499814951862E-18
   1.1099999999999999E-16
   3.1843366656181307E-18
   -0.6325    -0.7071    0.3162
   0.4472    -4.455E-15    0.8944
   -0.6325    0.7071    0.3162
 Node:         49
  0.1186E+03  0.1311E+03  0.4938E+03  0.0000E+00
  -1.665E-16
  -2.082E-17
   0.0
  -4.163E-17
  -6.072E-18
  -5.551E-17
   2.581E-18
   -4.165E-17
   -1.83E-16
   1.6789358448433935E-16
   -7.402300000000001E-17
   7.914579473772858E-17
   0.1174    -0.9929    0.01965
   -0.3135    -0.01827    0.9494
   -0.9423    -0.1176    -0.3134
 Node:         50
  0.1180E+03  0.1298E+03  0.5075E+03  0.0000E+00
   0.0
  -1.301E-17
   3.331E-16
  -4.163E-17
   1.247E-17
   2.22E-16
   3.354E-16
   2.276E-16
   -7.879E-18
   3.040655120874448E-16
   1.8504033333333332E-16
   1.4333785701466156E-16
   0.05441    -0.9902    -0.1289
   -0.1707    -0.1364    0.9758
   0.9838    0.03109    0.1765
 Node:         51
  0.1192E+03  0.1275E+03  0.5206E+03  0.0000E+00
   0.0
  -3.469E-18
  -5.551E-17
   0.0
   1.475E-17
   1.11E-16
   1.123E-16
   2.087E-19
   -5.702E-17
   1.491791641607165E-16
   1.849623333333333E-17
   7.03237323931892E-17
   -0.002705    0.08758    0.9962
   0.9982    -0.06004    0.007989
   -0.06051    -0.9943    0.08725
 Node:         52
  0.1262E+03  0.1305E+03  0.4920E+03  0.0000E+00
   1.11E-16
  -1.388E-17
   1.11E-16
   1.301E-18
   4.906E-18
   0.0
   1.25E-16
   9.734E-17
   -2.497E-19
   1.1396559238686912E-16
   7.403009999999999E-17
   5.372389546579809E-17
   -0.7047    0.7092    0.02051
   0.7093    0.7034    0.04493
   -0.01744    -0.04621    0.9988
 Node:         53
  0.1258E+03  0.1304E+03  0.5063E+03  0.0000E+00
  -1.665E-16
  -1.735E-18
  -1.11E-16
   2.776E-17
   3.383E-17
  -2.22E-16
   -1.01E-16
   -1.572E-16
   -2.414E-16
   1.2239330047024632E-16
   -1.6653333333333332E-16
   5.769675515620921E-17
   0.09684    0.9526    0.2883
   -0.9346    0.1866    -0.3027
   -0.3422    -0.2402    0.9084
 Node:         54
  0.1265E+03  0.1288E+03  0.5200E+03  0.0000E+00
  -2.22E-16
   2.082E-17
   1.11E-16
   0.0
  -4.337E-18
   1.11E-16
   1.16E-16
   1.073E-16
   -2.233E-16
   3.350347295430729E-16
   0.0
   1.5793688612860518E-16
   -0.04656    -0.7562    0.6527
   -0.04117    -0.6514    -0.7576
   -0.9981    0.06215    8.061E-4
 Node:         55
  0.1382E+03  0.1168E+03  0.4539E+03  0.4935E-02
  -0.08511
  -0.01962
   0.09008
   0.002065
   0.0366
   0.04111
   0.111
   0.02266
   -0.08758
   0.17232357586819047
   0.015359999999999999
   0.08123411270314132
   0.08357    -0.8838    -0.4603
   0.09931    -0.4523    0.8863
   -0.9915    -0.1198    0.04998
 Node:         56
  0.1314E+03  0.1156E+03  0.4692E+03  0.4935E-02
  -0.08385
  -0.001838
   0.04671
   0.01968
   0.005091
  -0.002057
   0.04724
   0.001969
   -0.08841
   0.11962179897911583
   -0.013067000000000002
   0.056390256823911224
   0.001571    0.9946    0.1033
   -0.2244    0.1011    -0.9692
   -0.9745    -0.02167    0.2234
 Node:         57
  0.1285E+03  0.1140E+03  0.4824E+03  0.4935E-02
  -0.019
   0.00811
  -5.895E-4
   0.006826
  -0.004668
  -0.003208
   0.003409
   -0.001168
   -0.02504
   0.026459090252690092
   -0.007599666666666667
   0.012472934761136032
   -0.1895    -0.8837    0.428
   0.4585    0.3058    0.8344
   -0.8683    0.3543    0.3472
 Node:         58
  0.1488E+03  0.1180E+03  0.4534E+03  0.4935E-02
  -0.09872
  -0.05129
   0.1583
  -0.008348
   0.02928
  -0.0122
   0.1732
   -0.01708
   -0.1087
   0.24906657021768297
   0.01580666666666666
   0.11741110717853269
   -0.1877    0.9689    0.1615
   0.002164    -0.164    0.9865
   0.9822    0.1855    0.02869
 Node:         59
  0.1421E+03  0.1168E+03  0.4695E+03  0.4935E-02
  -0.08049
  -0.04608
   0.1103
   4.635E-4
   0.01861
  -0.02294
   0.1231
   -0.02486
   -0.09135
   0.19013401089757717
   0.0022966666666666643
   0.08963003229324917
   0.2188    -0.968    -0.1227
   0.09446    -0.1041    0.9901
   -0.9712    -0.2282    0.06866
 Node:         60
  0.1375E+03  0.1150E+03  0.4832E+03  0.4935E-02
  -0.01222
  -0.009293
   0.01743
   0.003233
   9.726E-4
  -0.003859
   0.0201
   -0.002908
   -0.01584
   0.031530051443028125
   4.5066666666666633E-4
   0.014863408791017252
   -0.2762    0.9611    0.001752
   0.2611    0.07327    0.9625
   0.925    0.2663    -0.2712
 Node:         61
  0.1558E+03  0.1227E+03  0.4524E+03  0.4935E-02
  -0.04334
  -0.05073
   0.1003
  -0.03607
   0.04322
  -0.1239
   0.1273
   -0.05417
   -0.1401
   0.23645093127327707
   -0.022323333333333334
   0.11146403794747234
   -0.3185    0.9255    0.205
   0.9002    0.3631    -0.2405
   0.297    -0.1079    0.9487
 Node:         62
  0.1495E+03  0.1207E+03  0.4694E+03  0.4935E-02
   0.01201
  -0.07865
   0.102
  -0.02345
   0.03227
  -0.09701
   0.1539
   -0.03336
   -0.1035
   0.23047851006113348
   0.0056800000000000045
   0.1086486115879996
   -0.4985    0.8527    0.1562
   0.8574    0.5115    -0.05653
   -0.1281    0.1058    -0.9861
 Node:         63
  0.1437E+03  0.1181E+03  0.4838E+03  0.4935E-02
   0.01638
  -0.02526
   0.02806
  -0.001963
   0.003551
  -0.01382
   0.04841
   -0.003661
   -0.01412
   0.05801198420154236
   0.010209666666666667
   0.027347111612664978
   -0.6205    0.7816    0.06418
   0.7842    0.6172    0.0642
   -0.01057    -0.09016    0.9959
 Node:         64
  0.1415E+03  0.1252E+03  0.4520E+03  0.4935E-02
  -0.07963
   0.00874
   0.09609
  -0.01974
   0.01571
  -0.02443
   0.09832
   -0.01938
   -0.08691
   0.1623633945814142
   -0.0026566666666666635
   0.07653883821665675
   0.03527    0.992    0.1213
   0.3232    0.1035    -0.9407
   0.9457    -0.07237    0.3169
 Node:         65
  0.1342E+03  0.1229E+03  0.4682E+03  0.4935E-02
  -0.04957
  -0.009422
   0.07779
  -0.009188
   0.008059
  -0.01668
   0.07928
   -0.01538
   -0.05236
   0.11759490975378145
   0.003846666666666667
   0.05543477207994596
   -0.07907    0.9927    0.09094
   -0.2304    -0.107    0.9672
   0.9699    0.05552    0.2372
 Node:         66
  0.1299E+03  0.1214E+03  0.4825E+03  0.4935E-02
  -0.00114
  -0.004915
   0.01378
   0.00157
  -0.001145
  -0.002742
   0.01539
   -0.001566
   -0.003922
   0.018248424808733493
   0.0033006666666666666
   0.008602389952152185
   -0.2914    0.9528    -0.08541
   0.6963    0.2725    0.664
   -0.656    -0.134    0.7428
 Node:         67
  0.1502E+03  0.1246E+03  0.4518E+03  0.4935E-02
  -0.07849
  -0.03113
   0.08975
  -0.01778
   0.01313
  -0.007487
   0.0978
   -0.007014
   -0.08702
   0.16053872902200264
   0.0012553333333333305
   0.07567868262301845
   0.1867    -0.9705    -0.1525
   -0.1613    -0.1834    0.9697
   -0.9691    -0.1565    -0.1908
 Node:         68
  0.1435E+03  0.1226E+03  0.4686E+03  0.4935E-02
  -0.0336
  -0.0598
   0.08792
  -0.0202
   0.01832
  -0.007853
   0.1173
   -0.009936
   -0.06088
   0.15895345738926223
   0.015494666666666669
   0.07493137840866283
   -0.3838    0.9028    0.1941
   -0.1426    -0.2656    0.9535
   0.9123    0.3383    0.2307
 Node:         69
  0.1380E+03  0.1205E+03  0.4830E+03  0.4935E-02
   0.006878
  -0.01905
   0.02301
  -0.004302
   0.005097
  -5.215E-4
   0.0368
   -0.00156
   -0.005878
   0.04069119319951186
   0.009787333333333334
   0.019182012430631175
   -0.5464    0.819    0.1748
   -0.05367    -0.2426    0.9686
   0.8358    0.5199    0.1765
 Node:         70
  0.1559E+03  0.1247E+03  0.4520E+03  0.4935E-02
  -0.06477
  -0.038
   0.01755
  -0.04595
   0.03064
   0.04127
   0.08575
   -0.003189
   -0.0885
   0.15091582909357124
   -0.001979666666666662
   0.07114240409363619
   -0.3676    0.5438    0.7544
   0.04653    -0.7995    0.5989
   -0.9288    -0.2553    -0.2686
 Node:         71
  0.1497E+03  0.1226E+03  0.4691E+03  0.4935E-02
   5.647E-4
  -0.07584
   0.06024
  -0.06141
   0.04303
   0.01621
   0.1497
   -0.008286
   -0.06444
   0.19231326983856314
   0.025658000000000004
   0.09065734481000422
   0.5462    -0.6907    -0.4738
   -0.1397    -0.6329    0.7615
   0.8259    0.3498    0.4422
 Node:         72
  0.1435E+03  0.1199E+03  0.4837E+03  0.4935E-02
   0.01926
  -0.02781
   0.02083
  -0.01433
   0.0103
   0.003181
   0.05384
   -0.001429
   -0.009142
   0.05950161785195424
   0.014423
   0.028049331649791582
   -0.6708    0.6665    0.3252
   -0.08923    -0.5078    0.8568
   0.7362    0.5457    0.4001
 Node:         73
  0.1447E+03  0.1339E+03  0.4510E+03  0.0000E+00
   0.03862
  -0.015
  -0.07141
   0.003985
  -0.005572
   0.05661
   0.05806
   0.03937
   -0.07361
   0.1233912180829738
   0.007940000000000003
   0.05816717803022595
   0.2525    -0.07077    0.965
   0.9587    -0.1167    -0.2594
   -0.131    -0.9906    -0.03838
 Node:         74
  0.1370E+03  0.1304E+03  0.4677E+03  0.0000E+00
   0.08651
  -0.007477
  -0.03383
   0.005883
  -0.008471
   0.04217
   0.08788
   0.04212
   -0.03514
   0.1076963453418917
   0.03162
   0.050768544066839914
   -0.9876    0.07043    -0.1402
   -0.1466    -0.09539    0.9846
   0.05598    0.9929    0.1045
 Node:         75
  0.1313E+03  0.1289E+03  0.4826E+03  0.0000E+00
   0.03273
  -0.002865
  -0.003945
  -0.002724
  -0.001826
   0.003044
   0.03317
   0.003367
   -0.004712
   0.03455817540033038
   0.010608333333333332
   0.016290880114005164
   -0.9937    0.07251    0.08544
   0.06338    -0.2651    0.9621
   0.09241    0.9615    0.2588
 Node:         76
  0.1516E+03  0.1314E+03  0.4508E+03  0.0000E+00
   0.03788
  -0.02348
  -0.09419
  -0.007162
   0.0222
   0.07835
   0.08352
   0.03916
   -0.1006
   0.16643443393721144
   0.007360000000000001
   0.07845794457329779
   0.2283    -0.1504    -0.9619
   0.9603    -0.1278    0.2479
   0.1602    0.9803    -0.1152
 Node:         77
  0.1448E+03  0.1284E+03  0.4680E+03  0.0000E+00
   0.1224
   0.00342
  -0.04749
  -0.001092
   0.01683
   0.03779
   0.1225
   0.04099
   -0.05077
   0.15014371548619676
   0.03757333333333333
   0.07077842624855558
   -0.9998    -0.01922    0.009069
   0.005315    0.1871    0.9823
   -0.02058    0.9822    -0.1869
 Node:         78
  0.1385E+03  0.1261E+03  0.4829E+03  0.0000E+00
   0.0511
   0.006321
  -0.003016
  -0.001204
   3.492E-4
   0.002102
   0.05186
   0.002115
   -0.003785
   0.052942143184801276
   0.01673
   0.02495716563768143
   -0.9932    -0.1143    0.02323
   0.01358    0.08453    0.9963
   -0.1158    0.9898    -0.0824
 Node:         79
  0.1560E+03  0.1268E+03  0.4515E+03  0.0000E+00
   0.0361
   0.04823
   0.03912
   0.003181
  -0.001115
  -0.2853
   0.08587
   -0.01061
   -0.2853
   0.3335642032652784
   -0.07001333333333333
   0.15724367339331088
   0.696    0.718    0.003809
   0.7179    -0.696    0.01114
   -0.01065    0.00502    0.9999
 Node:         80
  0.1498E+03  0.1244E+03  0.4689E+03  0.0000E+00
   0.1371
   0.04297
   0.01188
   0.01514
   2.066E-4
  -0.2327
   0.1509
   -0.001369
   -0.2334
   0.33519451317257565
   -0.027956333333333333
   0.1580122088539012
   0.9547    0.2951    0.03783
   -0.2946    0.9554    -0.01842
   -0.04158    0.006444    0.9991
 Node:         81
  0.1433E+03  0.1218E+03  0.4836E+03  0.0000E+00
   0.05658
   0.01063
   2.067E-4
   0.005113
   0.001018
  -0.0293
   0.05882
   -0.001733
   -0.02961
   0.07830599542180662
   0.009158999999999999
   0.03691380024688147
   -0.982    -0.1792    -0.05905
   -0.1797    0.9837    0.003008
   -0.05755    -0.01356    0.9983
 Node:         82
  0.1267E+03  0.1149E+03  0.4572E+03 -0.2557E-01
  -0.02768
  -0.01587
   0.02538
   0.004615
   0.02354
   0.00467
   0.04246
   -0.004568
   -0.03553
   0.06801734458209906
   7.87333333333332E-4
   0.03206368372820288
   -0.1582    0.8467    0.508
   -0.4365    0.4015    -0.8051
   -0.8857    -0.3491    0.3061
 Node:         83
  0.1234E+03  0.1130E+03  0.4725E+03 -0.2557E-01
  -0.03804
  -0.002348
   0.009586
   0.03224
   0.009824
  -0.02378
   0.01371
   -0.001157
   -0.06479
   0.07222339087165597
   -0.017412333333333332
   0.03404643296375636
   0.223    0.8787    0.422
   -0.5992    0.465    -0.6517
   -0.7689    -0.1075    0.6302
 Node:         84
  0.1187E+03  0.1123E+03  0.4849E+03 -0.2557E-01
  -0.005434
   7.054E-4
   5.748E-4
   0.01269
  -5.239E-4
  -0.02278
   0.001434
   4.241E-4
   -0.0295
   0.030441616373149436
   -0.009213966666666665
   0.014350315578488934
   -0.8107    -0.4121    -0.4159
   0.3534    -0.9107    0.2138
   0.4668    -0.02635    -0.884
 Node:         85
  0.1302E+03  0.1162E+03  0.4559E+03 -0.2557E-01
  -0.02919
  -0.01447
   0.03345
   0.009018
   0.03327
   0.008942
   0.05719
   -0.004568
   -0.03943
   0.08474914161217209
   0.004397333333333332
   0.03995112848913727
   -0.08066    0.8276    0.5555
   -0.5249    0.4385    -0.7295
   0.8473    0.3504    -0.399
 Node:         86
  0.1252E+03  0.1138E+03  0.4709E+03 -0.2557E-01
  -0.03068
   0.01914
   0.07436
   0.05801
   0.03084
  -0.01603
   0.0957
   0.01402
   -0.08207
   0.1541218404380119
   0.009216666666666665
   0.07265373233511284
   -0.3142    -0.8606    -0.4007
   0.5934    -0.5075    0.6247
   0.741    0.04147    -0.6702
 Node:         87
  0.1217E+03  0.1126E+03  0.4834E+03 -0.2557E-01
  -0.00993
   3.226E-4
   0.00208
   0.0158
  -0.002645
  -0.02024
   0.003223
   5.488E-4
   -0.03186
   0.0338252756979156
   -0.009362733333333333
   0.015945387881000434
   -0.4597    0.7934    -0.3989
   0.6693    0.6048    0.4316
   0.5837    -0.06859    -0.809
 Node:         88
  0.1338E+03  0.1169E+03  0.4542E+03 -0.2557E-01
  -0.06059
  -0.01939
   0.0286
   0.006321
   0.04517
   0.04634
   0.0839
   -0.002432
   -0.06712
   0.131234126598229
   0.004782666666666667
   0.06186436056046773
   -0.05284    0.6428    0.7642
   -0.3072    0.7177    -0.6249
   0.9502    0.2678    -0.1596
 Node:         89
  0.1270E+03  0.1150E+03  0.4692E+03 -0.2557E-01
  -0.06691
   0.003176
   0.01489
   0.02585
   0.01208
  -0.00456
   0.02326
   -0.003605
   -0.07624
   0.0891566639405042
   -0.01886166666666667
   0.042028854440200436
   0.1806    0.8298    0.528
   -0.2896    0.5579    -0.7777
   -0.94    -0.01246    0.341
 Node:         90
  0.1248E+03  0.1132E+03  0.4822E+03 -0.2557E-01
  -0.01673
   0.00899
  -0.004085
   0.008244
  -0.004563
  -0.004908
   6.255E-4
   -6.762E-4
   -0.02567
   0.025669415474256517
   -0.008573566666666666
   0.012100678500627788
   0.3914    0.9056    -0.1636
   -0.4434    0.02981    -0.8958
   -0.8064    0.4232    0.4132
 Node:         91
  0.1261E+03  0.1264E+03  0.4549E+03 -0.2557E-01
  -0.05388
   0.01504
   0.07991
  -0.008112
   0.03407
  -0.002123
   0.0931
   -0.01077
   -0.05843
   0.13420468210908293
   0.007966666666666665
   0.06326469385754498
   0.07805    0.9408    0.33
   0.2758    0.2977    -0.9139
   -0.958    0.1624    -0.2363
 Node:         92
  0.1210E+03  0.1235E+03  0.4726E+03 -0.2557E-01
  -0.04245
  -0.002721
   0.03748
   4.569E-4
   0.02379
   0.01726
   0.05326
   0.001602
   -0.04257
   0.08307557838498629
   0.004097333333333335
   0.03916220321801225
   0.02108    -0.8343    -0.551
   0.04261    -0.5498    0.8342
   -0.9989    -0.04106    0.02395
 Node:         93
  0.1159E+03  0.1217E+03  0.4877E+03 -0.2557E-01
  -0.004303
  -0.002326
   0.002416
   0.003131
   0.005025
  -0.001015
   0.006011
   -5.534E-4
   -0.008359
   0.012460249570534293
   -9.671333333333334E-4
   0.005873817977734376
   0.007911    -0.815    -0.5794
   0.7208    -0.397    0.5683
   0.6931    0.4221    -0.5843
 Node:         94
  0.1316E+03  0.1266E+03  0.4538E+03 -0.2557E-01
  -0.06426
   0.01437
   0.08905
  -0.0206
   0.03168
   0.01698
   0.1012
   0.01269
   -0.07216
   0.15014531661027594
   0.013909999999999997
   0.07077918102568485
   0.03874    0.9384    0.3434
   0.3001    0.3168    -0.8998
   0.9531    -0.1379    0.2693
 Node:         95
  0.1251E+03  0.1236E+03  0.4707E+03 -0.2557E-01
  -0.05538
  -0.005014
   0.04823
  -0.005255
   0.0174
   0.03045
   0.0593
   0.01985
   -0.05586
   0.10136600071029733
   0.007763333333333333
   0.04778439098934109
   0.06114    -0.8498    -0.5236
   -0.02437    -0.5256    0.8504
   -0.9978    -0.03923    -0.05285
 Node:         96
  0.1205E+03  0.1222E+03  0.4852E+03 -0.2557E-01
  -0.006692
  -0.002648
   0.003439
   0.003758
   0.004345
  -0.001395
   0.006007
   -5.458E-4
   -0.01011
   0.014038710739950444
   -0.0015495999999999997
   0.006617911708890249
   -0.03561    0.8697    0.4924
   -0.596    0.377    -0.709
   -0.8022    -0.3187    0.5048
 Node:         97
  0.1371E+03  0.1261E+03  0.4524E+03 -0.2557E-01
  -0.0898
   0.008935
   0.09022
  -0.01771
   0.0329
   0.01706
   0.1029
   0.008401
   -0.09378
   0.17037317887801473
   0.005840333333333336
   0.08031468674463525
   0.0106    0.9344    0.3561
   0.197    0.3472    -0.9169
   0.9804    -0.07985    0.1804
 Node:         98
  0.1298E+03  0.1233E+03  0.4685E+03 -0.2557E-01
  -0.05508
  -0.003554
   0.06268
  -1.218E-4
   0.01864
   0.01444
   0.06913
   0.008091
   -0.05519
   0.10767011396390365
   0.007343666666666665
   0.05075617847666977
   0.02739    -0.9462    -0.3225
   0.0163    -0.3221    0.9466
   -0.9995    -0.03118    0.006598
 Node:         99
  0.1260E+03  0.1218E+03  0.4827E+03 -0.2557E-01
  -0.00463
  -0.001751
   0.008947
   0.00281
   6.961E-4
  -0.001901
   0.00918
   -1.543E-4
   -0.00661
   0.013750078526684858
   8.052333333333335E-4
   0.00648184917871093
   -0.1193    0.9923    0.03209
   -0.5214    -0.03511    -0.8526
   0.8449    0.1184    -0.5216
 Node:        100
  0.1255E+03  0.1379E+03  0.4526E+03  0.0000E+00
   0.0328
   0.004241
   0.01859
  -0.005746
  -0.001277
  -0.01279
   0.0347
   0.01743
   -0.01352
   0.042316213204869835
   0.012870000000000001
   0.019948054207532793
   -0.9573    -0.2618    0.1229
   -0.2627    0.9648    0.00916
   -0.1209    -0.0235    -0.9924
 Node:        101
  0.1190E+03  0.1340E+03  0.4714E+03  0.0000E+00
   0.04673
   0.007453
   0.02561
  -0.005792
  -0.002735
  -0.01726
   0.0497
   0.02326
   -0.01788
   0.058985716915199056
   0.018359999999999998
   0.027806133615924863
   -0.948    -0.304    0.09442
   -0.3072    0.9514    -0.02033
   0.08365    0.04827    0.9953
 Node:        102
  0.1139E+03  0.1312E+03  0.4875E+03  0.0000E+00
   0.01782
   0.002858
  -0.001161
   3.505E-4
  -0.003011
  -0.002626
   0.01824
   9.705E-4
   -0.005179
   0.02102975917004282
   0.004677166666666666
   0.009913523543904838
   -0.9892    -0.1464    0.004516
   0.1149    -0.7561    0.6443
   -0.09092    0.6378    0.7648
 Node:        103
  0.1329E+03  0.1369E+03  0.4519E+03  0.0000E+00
   0.03767
  -0.002725
   0.0172
  -0.007066
  -0.003431
  -0.02443
   0.03872
   0.01727
   -0.02554
   0.05666633127351726
   0.01015
   0.026712764738978254
   -0.9886    0.1085    0.1047
   -0.09829    -0.9903    0.09814
   0.1144    0.08672    0.9896
 Node:        104
  0.1254E+03  0.1333E+03  0.4698E+03  0.0000E+00
   0.05593
   0.005077
   0.00829
  -0.007806
  -0.005572
  -0.01513
   0.05743
   0.008639
   -0.01698
   0.06547420462288947
   0.016363000000000003
   0.03086483605442716
   -0.9867    -0.115    0.115
   0.1349    -0.9736    0.1839
   -0.09079    -0.197    -0.9762
 Node:        105
  0.1201E+03  0.1317E+03  0.4853E+03  0.0000E+00
   0.01969
   0.00126
  -0.004748
  -0.001358
  -0.003327
  -0.002362
   0.01986
   -1.903E-4
   -0.007091
   0.02424861430659492
   0.004192899999999999
   0.011430906407046934
   -0.9957    -0.06042    0.06989
   -0.0919    0.5703    -0.8163
   -0.009457    0.8192    0.5735
 Node:        106
  0.1404E+03  0.1352E+03  0.4512E+03  0.0000E+00
   0.03981
  -0.003011
  -0.01556
  -2.533E-4
  -0.01365
  -9.024E-4
   0.03998
   0.007209
   -0.02384
   0.055276447253780704
   0.007783000000000001
   0.026057567128699232
   -0.9983    0.0573    -0.01295
   -0.04041    -0.5098    0.8593
   0.04264    0.8584    0.5113
 Node:        107
  0.1326E+03  0.1317E+03  0.4680E+03  0.0000E+00
   0.07424
  -1.408E-5
  -0.002252
  -0.001856
  -0.01605
   0.005942
   0.07429
   0.01838
   -0.01474
   0.07793973120302636
   0.025976666666666665
   0.03674114163834446
   -0.9996    -0.005796    0.02851
   0.02606    -0.614    0.7889
   -0.01293    -0.7893    -0.6139
 Node:        108
  0.1273E+03  0.1304E+03  0.4831E+03  0.0000E+00
   0.02563
  -0.001151
  -0.003307
  -0.003428
  -0.002903
   2.459E-4
   0.0261
   0.001638
   -0.005174
   0.028485574103394865
   0.007521333333333334
   0.013428228409668279
   -0.9914    0.02613    0.1285
   0.09626    -0.5204    0.8485
   0.08905    0.8535    0.5134
 Node:        109
  0.1018E+03  0.1092E+03  0.4946E+03 -0.1048E-04
   0.0
   1.388E-16
   1.11E-16
   5.551E-17
  -1.388E-17
   0.0
   2.069E-16
   2.266E-17
   -1.186E-16
   2.827092280064448E-16
   3.698666666666666E-17
   1.3327040815158061E-16
   -0.5724    -0.814    -0.09897
   0.2904    -0.3141    0.9039
   0.7668    -0.4887    -0.4162
 Node:        110
  0.1058E+03  0.1118E+03  0.5081E+03 -0.1048E-04
   0.0
   2.776E-17
   0.0
  -1.388E-17
  -5.204E-17
   2.22E-16
   2.353E-16
   1.788E-17
   -3.112E-17
   2.456135916434593E-16
   7.402E-17
   1.157833574684491E-16
   -0.08376    -0.2246    0.9708
   0.7726    0.6007    0.2056
   0.6293    -0.7673    -0.1232
 Node:        111
  0.1108E+03  0.1137E+03  0.5210E+03 -0.1048E-04
   0.0
   5.551E-17
  -1.11E-16
  -2.776E-17
   3.261E-16
  -2.22E-16
   1.68E-16
   2.779E-18
   -5.038E-16
   6.063148942925615E-16
   -1.1100700000000001E-16
   2.8581958219244996E-16
   0.1486    0.7638    0.6281
   0.9825    -0.0417    -0.1818
   0.1126    -0.6441    0.7566
 Node:        112
  0.1072E+03  0.1111E+03  0.4942E+03 -0.1048E-04
   0.0
   1.388E-16
   1.11E-16
