 Group name: gastroc_stress
 #Fields=  16
 1) coordinates, coordinate, rectangular cartesian, #Components=3
   x.  Value index= 1, #Derivatives=0
   y.  Value index= 2, #Derivatives=0
   z.  Value index= 3, #Derivatives=0
 2) Tensor_1, field, rectangular cartesian, #Components=1
   Tensor_1.  Value index= 4, #Derivatives=0
 3) Tensor_2, field, rectangular cartesian, #Components=1
   Tensor_2.  Value index= 5, #Derivatives=0
 4) Tensor_3, field, rectangular cartesian, #Components=1
   Tensor_3.  Value index= 6, #Derivatives=0
 5) Tensor_4, field, rectangular cartesian, #Components=1
   Tensor_4.  Value index= 7, #Derivatives=0
 6) Tensor_5, field, rectangular cartesian, #Components=1
   Tensor_5.  Value index= 8, #Derivatives=0
 7) Tensor_6, field, rectangular cartesian, #Components=1
   Tensor_6.  Value index= 9, #Derivatives=0
 8) Principal_1, field, rectangular cartesian, #Components=1
   Principal_1.  Value index= 10, #Derivatives=0
 9) Principal_2, field, rectangular cartesian, #Components=1
   Principal_2.  Value index= 11, #Derivatives=0
 10) Principal_3, field, rectangular cartesian, #Components=1
   Principal_3.  Value index= 12, #Derivatives=0
 11) VonMises, field, rectangular cartesian, #Components=1
   VonMises.  Value index= 13, #Derivatives=0
 12) Hydrostatic, field, rectangular cartesian, #Components=1
   VonMises.  Value index= 14, #Derivatives=0
 13) Octahedral, field, rectangular cartesian, #Components=1
   VonMises.  Value index= 15, #Derivatives=0
 14) PrincipalVector1, field, rectangular cartesian, #Components=3
   x.  Value index= 16, #Derivatives=0
   y.  Value index= 17, #Derivatives=0
   z.  Value index= 18, #Derivatives=0
 15) PrincipalVector2, field, rectangular cartesian, #Components=3
   x.  Value index= 19, #Derivatives=0
   y.  Value index= 20, #Derivatives=0
   z.  Value index= 21, #Derivatives=0
 16) PrincipalVector3, field, rectangular cartesian, #Components=3
   x.  Value index= 22, #Derivatives=0
   y.  Value index= 23, #Derivatives=0
   z.  Value index= 24, #Derivatives=0
 Node:          1
  0.1287E+03  0.1133E+03  0.4908E+03 -0.8000E-05
  -1.6E-5
  -1.439E-16
  -1.6E-5
  -4.797E-17
  -7.196E-17
  -1.6E-5
   -1.6E-5
   -1.6E-5
   -1.6E-5
   0.0
   -1.6E-5
   0.0
   0.966    -0.2571    -0.02712
   0.2489    0.9532    -0.1718
   0.07002    0.1592    0.9848
 Node:          2
  0.1292E+03  0.1137E+03  0.5052E+03 -0.8000E-05
  -1.6E-5
  -1.919E-16
  -1.6E-5
  -9.595E-17
   3.358E-16
  -1.6E-5
   -1.6E-5
   -1.6E-5
   -1.6E-5
   0.0
   -1.6E-5
   0.0
   0.895    -0.3984    -0.2008
   0.4461    0.7982    0.4048
   -9.597E-4    -0.4518    0.8921
 Node:          3
  0.1289E+03  0.1155E+03  0.5194E+03 -0.8000E-05
  -1.6E-5
   2.399E-16
  -1.6E-5
   1.919E-16
   9.595E-17
  -1.6E-5
   -1.6E-5
   -1.6E-5
   -1.6E-5
   0.0
   -1.6E-5
   0.0
   -0.4092    -0.8757    -0.2565
   0.496    -0.4494    0.7429
   0.7658    -0.1767    -0.6183
 Node:          4
  0.1361E+03  0.1141E+03  0.4915E+03 -0.8000E-05
  -1.6E-5
  -4.797E-17
  -1.6E-5
  -4.797E-17
  -1.439E-16
  -1.6E-5
   -1.6E-5
   -1.6E-5
   -1.6E-5
   0.0
   -1.6E-5
   0.0
   -0.04308    -0.0943    0.9946
   -0.9939    0.1055    -0.03304
   -0.1018    -0.9899    -0.09827
 Node:          5
  0.1341E+03  0.1144E+03  0.5054E+03 -0.8000E-05
  -1.6E-5
   2.399E-16
  -1.6E-5
   9.595E-17
  -1.199E-16
  -1.6E-5
   -1.6E-5
   -1.6E-5
   -1.6E-5
   0.0
   -1.6E-5
   0.0
   0.09699    -0.1794    0.979
   0.7185    0.6933    0.05584
   -0.6888    0.698    0.1961
 Node:          6
  0.1323E+03  0.1162E+03  0.5191E+03 -0.8000E-05
  -1.6E-5
   9.595E-17
  -1.6E-5
  -9.595E-17
  -4.797E-17
  -1.6E-5
   -1.6E-5
   -1.6E-5
   -1.6E-5
   0.0
   -1.6E-5
   0.0
   -0.715    -0.6928    0.09323
   0.693    -0.72    -0.03581
   0.09194    0.03901    0.995
 Node:          7
  0.1408E+03  0.1171E+03  0.4920E+03 -0.8000E-05
  -1.6E-5
   3.838E-16
  -1.6E-5
  -1.439E-16
  -1.919E-16
  -1.6E-5
   -1.6E-5
   -1.6E-5
   -1.6E-5
   0.0
   -1.6E-5
   0.0
   0.8641    0.487    -0.1268
   -0.5006    0.8577    -0.1173
   0.05165    0.1648    0.985
 Node:          8
  0.1367E+03  0.1169E+03  0.5055E+03 -0.8000E-05
  -1.6E-5
   3.358E-16
  -1.6E-5
  -6.956E-16
  -4.078E-16
  -1.6E-5
   -1.6E-5
   -1.6E-5
   -1.6E-5
   0.0
   -1.6E-5
   0.0
   -0.7204    -0.627    0.2965
   0.636    -0.7677    -0.07821
   0.2767    0.1322    0.9518
 Node:          9
  0.1339E+03  0.1180E+03  0.5191E+03 -0.8000E-05
  -1.6E-5
   2.878E-16
  -1.6E-5
  -6.836E-16
  -4.797E-16
  -1.6E-5
   -1.6E-5
   -1.6E-5
   -1.6E-5
   0.0
   -1.6E-5
   0.0
   0.3025    0.1645    -0.9388
   0.9346    0.1423    0.3261
   -0.1872    0.9761    0.1107
 Node:         10
  0.1294E+03  0.1212E+03  0.4911E+03 -0.8000E-05
  -1.6E-5
   4.797E-17
  -1.6E-5
  -2.399E-17
   2.159E-16
  -1.6E-5
   -1.6E-5
   -1.6E-5
   -1.6E-5
   0.0
   -1.6E-5
   0.0
   0.02409    0.7089    0.7049
   0.1744    0.6913    -0.7012
   -0.9844    0.1398    -0.107
 Node:         11
  0.1295E+03  0.1214E+03  0.5055E+03 -0.8000E-05
  -1.6E-5
  -4.797E-17
  -1.6E-5
  -7.196E-17
   2.399E-17
  -1.6E-5
   -1.6E-5
   -1.6E-5
   -1.6E-5
   0.0
   -1.6E-5
   0.0
   -0.2763    0.1332    0.9518
   -0.5867    0.761    -0.2768
   0.7612    0.6349    0.1322
 Node:         12
  0.1295E+03  0.1217E+03  0.5196E+03 -0.8000E-05
  -1.6E-5
  -1.356E-37
  -1.6E-5
   1.319E-16
   4.797E-17
  -1.6E-5
   -1.6E-5
   -1.6E-5
   -1.6E-5
   0.0
   -1.6E-5
   0.0
   -0.2404    -0.0874    -0.9667
   -0.3417    0.9398    5.881E-6
   0.9085    0.3304    -0.2558
 Node:         13
  0.1361E+03  0.1199E+03  0.4914E+03 -0.8000E-05
  -1.6E-5
  -2.399E-16
  -1.6E-5
  -1.679E-16
   4.797E-17
  -1.6E-5
   -1.6E-5
   -1.6E-5
   -1.6E-5
   0.0
   -1.6E-5
   0.0
   0.9203    -0.37    -0.1273
   0.3697    0.9288    -0.02722
   0.1283    -0.02201    0.9915
 Node:         14
  0.1342E+03  0.1198E+03  0.5054E+03 -0.8000E-05
  -1.6E-5
   4.797E-17
  -1.6E-5
   9.595E-17
  -1.559E-16
  -1.6E-5
   -1.6E-5
   -1.6E-5
   -1.6E-5
   0.0
   -1.6E-5
   0.0
   0.09998    -0.2649    0.9591
   -0.2953    -0.9284    -0.2256
   -0.9502    0.2607    0.171
 Node:         15
  0.1330E+03  0.1205E+03  0.5193E+03 -0.8000E-05
  -1.6E-5
  -1.439E-16
  -1.6E-5
   2.399E-17
   8.395E-17
  -1.6E-5
   -1.6E-5
   -1.6E-5
   -1.6E-5
   0.0
   -1.6E-5
   0.0
   0.9934    -0.1134    0.01426
   -0.01884    -0.2856    -0.9582
   0.1127    0.9516    -0.2858
 Node:         16
  0.1404E+03  0.1188E+03  0.4918E+03 -0.8000E-05
  -1.6E-5
   9.595E-17
  -1.6E-5
  -1.439E-16
  -2.519E-16
  -1.6E-5
   -1.6E-5
   -1.6E-5
   -1.6E-5
   0.0
   -1.6E-5
   0.0
   -0.1502    -0.2388    0.9594
   -0.794    -0.549    -0.2609
   0.589    -0.801    -0.1072
 Node:         17
  0.1365E+03  0.1184E+03  0.5055E+03 -0.8000E-05
  -1.6E-5
   4.797E-17
  -1.6E-5
   1.679E-16
   2.938E-16
  -1.6E-5
   -1.6E-5
   -1.6E-5
   -1.6E-5
   0.0
   -1.6E-5
   0.0
   0.248    0.4017    0.8816
   0.9357    -0.3351    -0.1105
   -0.251    -0.8523    0.459
 Node:         18
  0.1341E+03  0.1191E+03  0.5192E+03 -0.8000E-05
  -1.6E-5
  -1.803E-37
  -1.6E-5
   4.572E-17
   1.84E-16
  -1.6E-5
   -1.6E-5
   -1.6E-5
   -1.6E-5
   0.0
   -1.6E-5
   0.0
   0.02286    0.09198    0.9955
   0.9706    -0.2405    -6.43E-5
   -0.2394    -0.9663    0.09478
 Node:         19
  0.1301E+03  0.1291E+03  0.4914E+03  0.0000E+00
   4.934E-16
   0.0
   4.934E-16
   3.631E-19
   1.731E-17
  -9.869E-16
   4.936E-16
   4.934E-16
   -9.871E-16
   1.4806000101310279E-15
   -3.3333333333314155E-20
   6.979615382590138E-16
   -0.02097    -0.9997    -0.01169
   -0.9998    0.02097    -8.123E-17
   2.452E-4    0.01169    -0.9999
 Node:         20
  0.1299E+03  0.1291E+03  0.5058E+03  0.0000E+00
   9.869E-16
   0.0
   0.0
   1.799E-17
   3.326E-17
  -2.467E-16
   9.871E-16
   4.4E-18
   -2.514E-16
   1.1324785163525177E-15
   2.467E-16
   5.338554923072971E-16
   -0.9999    -4.917E-4    -0.01459
   0.002401    -0.9914    -0.1311
   -0.0144    -0.1312    0.9913
 Node:         21
  0.1301E+03  0.1280E+03  0.5197E+03  0.0000E+00
   4.934E-16
   0.0
   0.0
   7.196E-17
   2.549E-17
   4.934E-16
   5.66E-16
   4.222E-16
   -1.341E-18
   5.108528305500519E-16
   3.28953E-16
   2.408183337801893E-16
   -0.7039    -0.03195    -0.7096
   -0.7102    0.04241    0.7027
   -0.007642    -0.9986    0.05255
 Node:         22
  0.1360E+03  0.1256E+03  0.4913E+03  0.0000E+00
  -9.869E-16
   2.399E-17
  -4.934E-16
  -2.399E-17
   1.739E-16
   4.934E-16
   5.234E-16
   -5.215E-16
   -9.888E-16
   1.3410693755358072E-15
   -3.2896666666666662E-16
   6.321861663219854E-16
   -0.01298    0.1683    0.9857
   0.05935    0.9841    -0.1672
   -0.9982    0.05633    -0.02276
 Node:         23
  0.1343E+03  0.1253E+03  0.5054E+03  0.0000E+00
   0.0
   3.598E-17
  -1.974E-15
   0.0
   2.271E-16
  -7.401E-16
   6.796E-19
   -6.997E-16
   -2.015E-15
   1.7724996366646057E-15
   -9.046734666666666E-16
   8.355643418241562E-16
   0.9998    0.01889    0.00579
   -0.009011    0.1753    0.9845
   0.01758    -0.9843    0.1754
 Node:         24
  0.1336E+03  0.1248E+03  0.5194E+03  0.0000E+00
  -9.869E-16
   2.099E-17
   0.0
   2.399E-17
   1.499E-18
  -7.401E-16
   4.516E-19
   -7.379E-16
   -9.896E-16
   8.912682384908372E-16
   -5.756827999999999E-16
   4.2014787686204007E-16
   -0.02132    -0.9998    -0.002714
   0.09549    -0.004739    0.9954
   -0.9952    0.02096    0.09557
 Node:         25
  0.1400E+03  0.1206E+03  0.4917E+03  0.0000E+00
   0.0
   4.617E-16
  -4.934E-16
  -1.439E-16
  -2.249E-16
   9.869E-16
   1.067E-15
   2.05E-16
   -7.785E-16
   1.5994040296310373E-15
   1.6449999999999999E-16
   7.539662901394642E-16
   -0.2161    -0.2016    0.9553
   0.839    0.4621    0.2874
   -0.4994    0.8636    0.06929
 Node:         26
  0.1363E+03  0.1200E+03  0.5055E+03  0.0000E+00
   9.869E-16
   1.859E-16
  -2.714E-15
   4.797E-17
  -1.943E-15
  -2.467E-16
   1.006E-15
   8.09E-16
   -3.789E-15
   4.699597748744035E-15
   -6.579999999999999E-16
   2.215411624657293E-15
   0.968    0.1526    -0.1995
   0.2481    -0.4578    0.8538
   -0.03892    0.8759    0.4809
 Node:         27
  0.1343E+03  0.1203E+03  0.5192E+03  0.0000E+00
   9.869E-16
  -3.358E-16
   9.869E-16
  -1.799E-16
   2.27E-15
   0.0
   2.89E-15
   9.15E-16
   -1.831E-15
   4.1066398673367985E-15
   6.58E-16
   1.9358885987232494E-15
   -0.1931    0.7658    0.6135
   0.9808    0.1345    0.1409
   0.02534    0.6289    -0.7771
 Node:         28
  0.1155E+03  0.1124E+03  0.4931E+03 -0.4728E-04
  -9.455E-5
   6.597E-17
  -9.455E-5
  -9.596E-17
   9.596E-17
  -9.455E-5
   -9.455E-5
   -9.455E-5
   -9.455E-5
   0.0
   -9.455E-5
   0.0
   0.02392    0.9835    0.1796
   0.07203    0.1775    -0.9815
   -0.9971    0.03641    -0.06659
 Node:         29
  0.1119E+03  0.1139E+03  0.5068E+03 -0.4728E-04
  -9.455E-5
  -3.598E-17
  -9.455E-5
   9.596E-17
   1.199E-17
  -9.455E-5
   -9.455E-5
   -9.455E-5
   -9.455E-5
   0.0
   -9.455E-5
   0.0
   -0.03582    0.9993    0.005744
   -0.9821    -0.03413    -0.1855
   -0.1852    -0.01228    0.9826
 Node:         30
  0.1113E+03  0.1159E+03  0.5206E+03 -0.4728E-04
  -9.455E-5
   2.159E-16
  -9.455E-5
   1.311E-36
  -4.798E-17
  -9.455E-5
   -9.455E-5
   -9.455E-5
   -9.455E-5
   0.0
   -9.455E-5
   0.0
   0.7037    0.7089    -0.04782
   -0.7087    0.6955    -0.1186
   -0.05078    0.1173    0.9918
 Node:         31
  0.1203E+03  0.1126E+03  0.4920E+03 -0.4728E-04
  -9.455E-5
   1.679E-16
  -9.455E-5
   4.798E-17
   7.197E-17
  -9.455E-5
   -9.455E-5
   -9.455E-5
   -9.455E-5
   0.0
   -9.455E-5
   0.0
   -0.7438    -0.4293    -0.5123
   0.5143    0.122    -0.8489
   0.4269    -0.8949    0.1301
 Node:         32
  0.1188E+03  0.1134E+03  0.5062E+03 -0.4728E-04
  -9.455E-5
  -2.399E-17
  -9.455E-5
  -4.798E-17
   1.679E-16
  -9.455E-5
   -9.455E-5
   -9.455E-5
   -9.455E-5
   0.0
   -9.455E-5
   0.0
   0.9989    -0.02088    -0.04162
   0.04656    0.4511    0.8912
   1.655E-4    -0.8922    0.4516
 Node:         33
  0.1183E+03  0.1150E+03  0.5201E+03 -0.4728E-04
  -9.455E-5
   9.596E-17
  -9.455E-5
   1.439E-16
  -1.748E-36
  -9.455E-5
   -9.455E-5
   -9.455E-5
   -9.455E-5
   0.0
   -9.455E-5
   0.0
   0.9536    0.1669    0.2505
   8.302E-5    0.8319    -0.5549
   -0.301    0.5292    0.7933
 Node:         34
  0.1255E+03  0.1129E+03  0.4909E+03 -0.4728E-04
  -9.455E-5
  -2.04E-36
  -9.455E-5
   9.596E-17
   1.679E-16
  -9.455E-5
   -9.455E-5
   -9.455E-5
   -9.455E-5
   0.0
   -9.455E-5
   0.0
   0.3509    0.6139    0.7071
   -0.8682    0.4963    -5.227E-5
   -0.3509    -0.6139    0.7071
 Node:         35
  0.1260E+03  0.1135E+03  0.5054E+03 -0.4728E-04
  -9.455E-5
   1.919E-16
  -9.455E-5
   1.919E-16
   4.318E-16
  -9.455E-5
   -9.455E-5
   -9.455E-5
   -9.455E-5
   0.0
   -9.455E-5
   0.0
   0.746    0.4709    0.4709
   -0.666    0.5275    0.5275
   2.35E-5    -0.7071    0.7071
 Node:         36
  0.1257E+03  0.1153E+03  0.5196E+03 -0.4728E-04
  -9.455E-5
  -9.596E-17
  -9.455E-5
  -9.596E-17
   1.439E-16
  -9.455E-5
   -9.455E-5
   -9.455E-5
   -9.455E-5
   0.0
   -9.455E-5
   0.0
   -0.5155    0.6059    0.6059
   0.8569    0.3644    0.3647
   -1.608E-4    -0.7072    0.7071
 Node:         37
  0.1132E+03  0.1210E+03  0.4959E+03 -0.4728E-04
  -9.455E-5
   2.399E-16
  -9.455E-5
  -1.439E-16
   3.119E-16
  -9.455E-5
   -9.455E-5
   -9.455E-5
   -9.455E-5
   0.0
   -9.455E-5
   0.0
   -0.5072    -0.7958    -0.3309
   0.7558    -0.2263    -0.6144
   0.4141    -0.5617    0.7162
 Node:         38
  0.1111E+03  0.1204E+03  0.5085E+03 -0.4728E-04
  -9.455E-5
   1.679E-16
  -9.455E-5
  -4.798E-17
  -1.439E-16
  -9.455E-5
   -9.455E-5
   -9.455E-5
   -9.455E-5
   0.0
   -9.455E-5
   0.0
   0.2119    0.9668    -0.1429
   0.9723    -0.2233    -0.06854
   0.09816    0.1244    0.9874
 Node:         39
  0.1119E+03  0.1201E+03  0.5207E+03 -0.4728E-04
  -9.455E-5
  -1.679E-16
  -9.455E-5
  -1.439E-16
  -1.319E-16
  -9.455E-5
   -9.455E-5
   -9.455E-5
   -9.455E-5
   0.0
   -9.455E-5
   0.0
   0.9213    -0.0799    -0.3805
   0.3608    -0.1891    0.9133
   -0.1449    -0.9787    -0.1454
 Node:         40
  0.1191E+03  0.1220E+03  0.4937E+03 -0.4728E-04
  -9.455E-5
   1.439E-16
  -9.455E-5
   1.439E-16
  -2.399E-17
  -9.455E-5
   -9.455E-5
   -9.455E-5
   -9.455E-5
   0.0
   -9.455E-5
   0.0
   0.9817    0.1345    0.1345
   -1.053E-4    0.7075    -0.7067
   -0.1902    0.6938    0.6946
 Node:         41
  0.1182E+03  0.1217E+03  0.5073E+03 -0.4728E-04
  -9.455E-5
  -4.798E-17
  -9.455E-5
   9.596E-17
   1.679E-16
  -9.455E-5
   -9.455E-5
   -9.455E-5
   -9.455E-5
   0.0
   -9.455E-5
   0.0
   -0.1538    -0.1966    -0.9684
   -0.962    0.2534    0.1014
   0.2255    0.9472    -0.2281
 Node:         42
  0.1187E+03  0.1212E+03  0.5204E+03 -0.4728E-04
  -9.455E-5
  -9.596E-17
  -9.455E-5
   1.165E-36
   9.596E-17
  -9.455E-5
   -9.455E-5
   -9.455E-5
   -9.455E-5
   0.0
   -9.455E-5
   0.0
   -0.01861    0.09764    0.995
   -0.9834    0.178    -0.03586
   -0.1806    -0.9792    0.0927
 Node:         43
  0.1258E+03  0.1217E+03  0.4915E+03 -0.4728E-04
  -9.455E-5
   1.919E-16
  -9.455E-5
  -2.399E-17
   5.827E-37
  -9.455E-5
   -9.455E-5
   -9.455E-5
   -9.455E-5
   0.0
   -9.455E-5
   0.0
   0.9458    0.3243    -0.01746
   -0.3241    0.946    0.01155
   0.02026    -0.00527    0.9998
 Node:         44
  0.1259E+03  0.1220E+03  0.5059E+03 -0.4728E-04
  -9.455E-5
   2.399E-16
  -9.455E-5
   1.679E-16
   1.919E-16
  -9.455E-5
   -9.455E-5
   -9.455E-5
   -9.455E-5
   0.0
   -9.455E-5
   0.0
   -0.3605    -0.3834    -0.8503
   -0.6209    -0.5817    0.5255
   0.6961    -0.7174    0.02834
 Node:         45
  0.1261E+03  0.1221E+03  0.5198E+03 -0.4728E-04
  -9.455E-5
  -1.439E-16
  -9.455E-5
   4.798E-17
  -1.199E-17
  -9.455E-5
   -9.455E-5
   -9.455E-5
   -9.455E-5
   0.0
   -9.455E-5
   0.0
   0.06679    -0.01247    0.9977
   -0.9877    0.1408    0.06788
   -0.1413    -0.99    -0.002917
 Node:         46
  0.1117E+03  0.1296E+03  0.4959E+03  0.0000E+00
  -2.467E-16
   4.797E-17
  -7.401E-16
   1.199E-17
  -4.497E-17
   0.0
   3.057E-18
   -2.423E-16
   -7.476E-16
   6.629532710146319E-16
   -3.2894766666666664E-16
   3.125191690294995E-16
   0.03676    -0.058    0.9976
   0.9946    0.09864    -0.03092
   -0.09662    0.9934    0.06131
 Node:         47
  0.1107E+03  0.1269E+03  0.5087E+03  0.0000E+00
  -7.401E-16
  -5.397E-17
   4.934E-16
  -4.797E-17
   6.896E-17
   0.0
   5.058E-16
   -7.273E-18
   -7.452E-16
   1.0892155802819752E-15
   -8.222433333333333E-17
   5.1346114866095E-16
   -0.04821    0.9891    0.1394
   -0.05424    -0.142    0.9884
   -0.9974    -0.04009    -0.06049
 Node:         48
  0.1125E+03  0.1242E+03  0.5208E+03  0.0000E+00
   4.934E-16
   5.997E-18
   4.934E-16
   0.0
  -2.998E-18
   4.934E-16
   5.001E-16
   4.934E-16
   4.867E-16
   1.1604740410711462E-17
   4.934E-16
   5.470527092215756E-18
   -0.6325    -0.7071    0.3162
   0.4472    -2.276E-15    0.8944
   0.6325    -0.7071    -0.3162
 Node:         49
  0.1186E+03  0.1311E+03  0.4938E+03  0.0000E+00
  -7.401E-16
  -3.598E-17
   0.0
  -7.196E-17
  -1.049E-17
  -2.467E-16
   1.947E-18
   -2.366E-16
   -7.523E-16
   6.677348643803167E-16
   -3.2898433333333336E-16
   3.1477323375866775E-16
   0.04561    -0.9985    0.02894
   -0.143    0.02215    0.9895
   -0.9887    -0.04926    -0.1418
 Node:         50
  0.1180E+03  0.1298E+03  0.5075E+03  0.0000E+00
   0.0
  -2.249E-17
   1.48E-15
  -7.196E-17
   2.155E-17
   9.869E-16
   1.482E-15
   9.91E-16
   -5.513E-18
   1.3127859849072886E-15
   8.224956666666666E-16
   6.188532481164029E-16
   0.01739    -0.9988    -0.04603
   -0.07128    -0.04716    0.9963
   0.9973    0.01405    0.07201
 Node:         51
  0.1192E+03  0.1275E+03  0.5206E+03  0.0000E+00
   0.0
  -5.997E-18
  -2.467E-16
   0.0
   2.549E-17
   4.934E-16
   4.943E-16
   1.449E-19
   -2.477E-16
   6.54286006770747E-16
   8.22483E-17
   3.0843338148204166E-16
   -4.17E-4    0.03438    0.9994
   0.9997    -0.02416    0.001248
   0.02418    0.9991    -0.03436
 Node:         52
  0.1262E+03  0.1305E+03  0.4920E+03  0.0000E+00
   4.934E-16
  -2.399E-17
   4.934E-16
   2.249E-18
   8.48E-18
   0.0
   5.175E-16
   4.696E-16
   -1.6E-19
   4.95449666061044E-16
   3.2898E-16
   2.335572124055831E-16
   -0.7061    0.708    0.008534
   0.7081    0.706    0.01614
   -0.005403    -0.01744    0.9998
 Node:         53
  0.1258E+03  0.1304E+03  0.5063E+03  0.0000E+00
  -7.401E-16
  -2.998E-18
  -4.934E-16
   4.797E-17
   5.847E-17
  -9.869E-16
   -4.866E-16
   -7.314E-16
   -1.002E-15
   4.465358664206045E-16
   -7.399999999999999E-16
   2.104990261260132E-16
   0.0104    0.9931    0.1171
   -0.9836    0.03123    -0.1776
   -0.18    -0.1133    0.9771
 Node:         54
  0.1265E+03  0.1288E+03  0.5200E+03  0.0000E+00
  -9.869E-16
   3.598E-17
   4.934E-16
   0.0
  -7.496E-18
   4.934E-16
   5.014E-16
   4.864E-16
   -9.877E-16
   1.4816569474746847E-15
   3.3333333333314155E-20
   6.984597833010066E-16
   0.01758    0.7272    -0.6862
   0.01675    0.686    0.7274
   -0.9997    0.02428    1.229E-4
 Node:         55
  0.1382E+03  0.1168E+03  0.4539E+03  0.4935E-02
   0.08851
  -0.03543
   0.03189
   0.003517
   0.0696
   0.01896
   0.1266
   0.06418
   -0.04996
   0.1550768029074626
   0.04694
   0.07310390596039767
   -0.4761    0.7116    0.5167
   0.8591    0.2509    0.4461
   -0.1878    -0.6563    0.7308
 Node:         56
  0.1314E+03  0.1156E+03  0.4692E+03  0.4935E-02
   0.08883
  -0.003149
   0.02028
   0.03548
   0.008831
   0.009474
   0.09465
   0.02673
   -0.007257
   0.08987012634351862
   0.038041
   0.04236518384239587
   -0.9259    -0.01948    -0.3773
   -0.1339    0.9508    0.2794
   0.3533    0.3092    -0.8829
 Node:         57
  0.1285E+03  0.1140E+03  0.4824E+03  0.4935E-02
   0.1051
   0.01417
   0.009755
   0.01188
  -0.008079
   0.009224
   0.1075
   0.01805
   -0.001769
   0.10083107066276745
   0.04126033333333333
   0.04753222254662854
   -0.9851    -0.134    -0.108
   0.01894    -0.7081    0.7058
   -0.171    0.6933    0.7001
 Node:         58
  0.1488E+03  0.1180E+03  0.4534E+03  0.4935E-02
   0.08516
  -0.1017
   0.05485
  -0.01462
   0.05453
   0.007436
   0.2115
   0.01336
   -0.05086
   0.23687173491153393
   0.057999999999999996
   0.11166240668491194
   -0.6758    0.6864    0.2686
   0.5706    0.2563    0.7802
   -0.4667    -0.6805    0.5649
 Node:         59
  0.1421E+03  0.1168E+03  0.4695E+03  0.4935E-02
   0.08975
  -0.08993
   0.03806
   7.556E-4
   0.03357
   0.005259
   0.1743
   0.01745
   -0.04354
   0.19464836012666537
   0.049403333333333334
   0.09175811692827085
   -0.7609    0.6314    0.1494
   -0.4278    -0.3151    -0.8472
   -0.4878    -0.7085    0.5099
 Node:         60
  0.1375E+03  0.1150E+03  0.4832E+03  0.4935E-02
   0.1067
  -0.0163
   0.01353
   0.005572
   0.001666
   0.00909
   0.108
   0.01278
   0.007024
   0.09822457053100309
   0.04260133333333333
   0.0463035066010724
   -0.9836    0.1729    -0.05176
   0.1169    0.8291    0.5467
   -0.1374    -0.5317    0.8357
 Node:         61
  0.1558E+03  0.1227E+03  0.4524E+03  0.4935E-02
   0.09916
  -0.1005
   0.035
  -0.0681
   0.08361
  -0.01422
   0.2791
   -0.02119
   -0.07223
   0.32879471908776153
   0.061893333333333335
   0.1549953169901881
   -0.7283    0.5889    0.3503
   0.6616    0.4712    0.5833
   -0.1784    -0.6566    0.7328
 Node:         62
  0.1495E+03  0.1207E+03  0.4694E+03  0.4935E-02
   0.113
  -0.1694
   0.0356
  -0.04282
   0.0605
  -0.009236
   0.3405
   -0.01829
   -0.1023
   0.40734493012679074
   0.07330333333333333
   0.19202424158307607
   -0.784    0.5852    0.207
   0.3041    0.07143    0.9499
   0.5411    0.8078    -0.234
 Node:         63
  0.1437E+03  0.1181E+03  0.4838E+03  0.4935E-02
   0.1139
  -0.04643
   0.01591
  -0.003377
   0.006132
   0.00708
   0.1382
   0.008203
   -0.004265
   0.136658236594067
   0.04737933333333333
   0.06442131053377359
   -0.929    0.3677    0.0425
   0.1745    0.3337    0.9264
   0.3264    0.868    -0.3741
 Node:         64
  0.1415E+03  0.1252E+03  0.4520E+03  0.4935E-02
   0.0899
   0.0153
   0.03362
  -0.03557
   0.02809
   0.004978
   0.09295
   0.05982
   -0.02402
   0.10442395175437483
   0.04291666666666668
   0.049225922935876874
   -0.9443    -0.06789    0.322
   0.08833    0.8903    0.4467
   -0.317    0.4503    -0.8347
 Node:         65
  0.1342E+03  0.1229E+03  0.4682E+03  0.4935E-02
   0.09744
  -0.01654
   0.02836
  -0.01609
   0.01411
   0.006511
   0.09806
   0.03111
   -9.844E-4
   0.08752755618295302
   0.04272853333333334
   0.041260885678435076
   -0.9301    0.3045    0.2054
   0.3569    0.8812    0.3098
   0.08661    -0.3615    0.9283
 Node:         66
  0.1299E+03  0.1214E+03  0.4825E+03  0.4935E-02
   0.1095
  -0.008517
   0.01274
   0.002694
  -0.001964
   0.009316
   0.1092
   0.01297
   0.008316
   0.09863937872878153
   0.04349533333333333
   0.04649904906076635
   -0.9955    0.09034    -0.02871
   0.09417    0.9079    -0.4085
   0.01083    0.4093    0.9123
 Node:         67
  0.1502E+03  0.1246E+03  0.4518E+03  0.4935E-02
   0.09022
  -0.05815
   0.03179
  -0.03189
   0.02334
   0.008377
   0.1423
   -7.803E-4
   -0.007176
   0.1463829768152363
   0.04478123333333334
   0.06900559703755116
   -0.7852    0.548    0.2885
   0.5655    0.4447    0.6946
   -0.2524    -0.7085    0.659
 Node:         68
  0.1435E+03  0.1226E+03  0.4686E+03  0.4935E-02
   0.1016
  -0.1216
   0.03134
  -0.03655
   0.03306
   0.00831
   0.2288
   -0.00335
   -0.05645
   0.26275539480665283
   0.05633333333333334
   0.12386408097408852
   -0.788    0.5729    0.2256
   0.2434    -0.04686    0.9688
   0.5656    0.8183    -0.1025
 Node:         69
  0.1380E+03  0.1205E+03  0.4830E+03  0.4935E-02
   0.1115
  -0.03438
   0.01477
  -0.007446
   0.008843
   0.009767
   0.1248
   0.01274
   -2.892E-4
   0.11911026741906004
   0.04575026666666667
   0.056149118533973634
   -0.9467    0.3101    0.087
   0.2436    0.5128    0.8232
   -0.2107    -0.8005    0.5611
 Node:         70
  0.1559E+03  0.1247E+03  0.4520E+03  0.4935E-02
   0.09379
  -0.07238
   0.01364
  -0.08959
   0.05727
   0.01907
   0.2242
   -0.02573
   -0.04431
   0.2597189263415356
   0.05138666666666667
   0.12243267601239284
   -0.7475    0.4502    0.4884
   0.6122    0.7522    0.2437
   0.2577    -0.4811    0.8379
 Node:         71
  0.1497E+03  0.1226E+03  0.4691E+03  0.4935E-02
   0.1102
  -0.1619
   0.02389
  -0.1255
   0.08347
   0.01344
   0.376
   -0.05505
   -0.08842
   0.44866668909113366
   0.07751000000000001
   0.21150350556590466
   -0.7629    0.5091    0.3985
   0.2554    -0.329    0.9092
   0.594    0.7953    0.121
 Node:         72
  0.1435E+03  0.1199E+03  0.4837E+03  0.4935E-02
   0.1147
  -0.0515
   0.0143
  -0.02552
   0.01814
   0.01053
   0.1503
   0.006321
   -0.01013
   0.152869834732036
   0.04883033333333333
   0.07206353118525964
   -0.8985    0.3814    0.2174
   0.3501    0.3237    0.879
   -0.2649    -0.8659    0.4244
 Node:         73
  0.1447E+03  0.1339E+03  0.4510E+03  0.0000E+00
   0.1107
  -0.02703
  -0.01587
   0.006965
  -0.009781
   0.01387
   0.1249
   0.01627
   -0.01974
   0.13041841626089468
   0.04047666666666666
   0.061479831019792354
   -0.9787    0.1858    -0.08703
   -0.1257    -0.2077    0.9701
   0.1621    0.9604    0.2266
 Node:         74
  0.1370E+03  0.1304E+03  0.4677E+03  0.0000E+00
   0.1257
  -0.0132
  -0.007517
   0.01034
  -0.01499
   0.01007
   0.1384
   0.01605
   -0.01433
   0.14003378128151792
   0.04670666666666667
   0.0660125575595701
   -0.9906    0.09786    -0.09562
   0.131    0.4764    -0.8694
   0.03953    0.8738    0.4847
 Node:         75
  0.1313E+03  0.1289E+03  0.4826E+03  0.0000E+00
   0.109
  -0.004992
  -8.768E-4
  -0.004743
  -0.003172
   6.798E-4
   0.1131
   0.003081
   -0.003642
   0.11352989397951538
   0.037513
   0.05351850526687008
   -0.9983    0.04216    0.041
   0.005775    -0.6235    0.7818
   0.05853    0.7807    0.6222
 Node:         76
  0.1516E+03  0.1314E+03  0.4508E+03  0.0000E+00
   0.1105
  -0.04337
  -0.02093
  -0.01263
   0.04085
   0.01998
   0.1406
   0.03576
   -0.04366
   0.16007921414099957
   0.04423333333333334
   0.07546206523074285
   -0.9231    0.3057    0.2331
   0.3481    0.4069    0.8446
   -0.1634    -0.8608    0.4821
 Node:         77
  0.1448E+03  0.1284E+03  0.4680E+03  0.0000E+00
   0.1385
   0.005967
  -0.01055
  -0.001892
   0.0305
   0.008958
   0.157
   0.02965
   -0.02791
   0.16389460668368558
   0.05291333333333334
   0.07726065852395743
   -0.9994    -0.03304    0.006174
   -0.01499    0.6026    0.7979
   -0.03009    0.7974    -0.6027
 Node:         78
  0.1385E+03  0.1261E+03  0.4829E+03  0.0000E+00
   0.1144
   0.01112
  -6.703E-4
  -0.002088
   6.041E-4
   4.687E-4
   0.1216
   6.665E-4
   -0.001892
   0.12223283398600394
   0.04012483333333333
   0.05762111053010192
   -0.9958    -0.09025    0.01674
   -0.01248    0.3138    0.9494
   -0.09094    0.9452    -0.3136
 Node:         79
  0.1560E+03  0.1268E+03  0.4515E+03  0.0000E+00
   0.11
   0.09567
   0.009295
   0.005548
  -0.001934
  -0.0634
   0.2771
   -0.03833
   -0.06879
   0.3317105580170761
   0.05666000000000001
   0.15636985664336547
   -0.8725    -0.4886    -0.01071
   0.05302    -0.1164    0.9918
   -0.4858    0.8647    0.1275
 Node:         80
  0.1498E+03  0.1244E+03  0.4689E+03  0.0000E+00
   0.1442
   0.08393
   0.002694
   0.0273
   3.572E-4
  -0.05172
   0.2886
   -0.02896
   -0.04945
   0.32828493431773564
   0.07006333333333335
   0.15475500214496749
   -0.9248    -0.3731    -0.07478
   0.1448    -0.5267    0.8377
   -0.3519    0.7638    0.541
 Node:         81
  0.1433E+03  0.1218E+03  0.4836E+03  0.0000E+00
   0.1161
   0.01894
   4.595E-5
   0.008965
   0.001765
  -0.006511
   0.1308
   -0.00286
   -0.006617
   0.13557754706808942
   0.040441
   0.06391186860565623
   -0.9867    -0.1484    -0.06629
   -0.1537    0.9846    0.08368
   -0.05285    -0.09276    0.9943
 Node:         82
  0.1267E+03  0.1149E+03  0.4572E+03 -0.2557E-01
   0.03825
  -0.03035
  -0.04293
   0.008654
   0.04577
  -0.04973
   0.04783
   -0.005852
   -0.09479
   0.12476415624689648
   -0.017604
   0.05881438728746564
   -0.9342    0.3437    0.09541
   0.3089    0.6457    0.6983
   -0.1784    -0.6819    0.7094
 Node:         83
  0.1234E+03  0.1130E+03  0.4725E+03 -0.2557E-01
   0.03402
  -0.004414
  -0.04803
   0.06482
   0.01851
  -0.05925
   0.07005
   -0.04455
   -0.09415
   0.14586802254092568
   -0.02288333333333333
   0.06876284526464048
   0.9034    0.05049    0.4257
   0.2006    -0.9274    -0.3157
   0.3789    0.3706    -0.848
 Node:         84
  0.1187E+03  0.1123E+03  0.4849E+03 -0.2557E-01
   0.04671
   0.001296
  -0.05095
   0.0241
  -9.649E-4
  -0.05868
   0.05337
   -0.05237
   -0.06231
   0.11104416598813285
   -0.020436666666666665
   0.052346721854275545
   0.9799    0.009421    0.1993
   0.01358    0.9934    -0.1137
   -0.1991    0.1141    0.9733
 Node:         85
  0.1302E+03  0.1162E+03  0.4559E+03 -0.2557E-01
   0.03766
  -0.0276
  -0.0403
   0.01705
   0.06636
  -0.04845
   0.04543
   0.02076
   -0.1116
   0.1462638017419211
   -0.015136666666666668
   0.06894941736922479
   -0.911    0.3888    0.1375
   0.3739    0.6381    0.673
   -0.1739    -0.6646    0.7267
 Node:         86
  0.1252E+03  0.1138E+03  0.4709E+03 -0.2557E-01
   0.03629
   0.0364
  -0.02589
   0.1249
   0.06083
  -0.05735
   0.1623
   -0.04494
   -0.1291
   0.25975496453388525
   -0.003913333333333334
   0.12244966457918761
   0.7764    0.3743    0.5071
   -0.4655    0.8829    0.06099
   -0.4249    -0.2834    0.8597
 Node:         87
  0.1217E+03  0.1126E+03  0.4834E+03 -0.2557E-01
   0.04501
   6.006E-4
  -0.05046
   0.03026
  -0.004888
  -0.05785
   0.05453
   -0.05061
   -0.0658
   0.11349992202640494
   -0.020626666666666665
   0.05350437635267688
   0.9691    -0.00828    0.2464
   0.08544    0.9488    -0.3042
   -0.2312    0.3159    0.9202
 Node:         88
  0.1338E+03  0.1169E+03  0.4542E+03 -0.2557E-01
   0.02514
  -0.03761
  -0.04213
   0.01198
   0.09286
  -0.03599
   0.07086
   0.02155
   -0.1341
   0.18529301147102123
   -0.013896666666666663
   0.08734796327842391
   -0.4054    0.7019    0.5857
   -0.8978    -0.1852    -0.3995
   -0.172    -0.6878    0.7052
 Node:         89
  0.1270E+03  0.1150E+03  0.4692E+03 -0.2557E-01
   0.02246
   0.005831
  -0.0463
   0.05113
   0.0228
  -0.05281
   0.05095
   -0.0435
   -0.0864
   0.12170915125823531
   -0.026316666666666665
   0.0573742441247716
   0.8859    0.17    0.4317
   -0.3381    0.8738    0.3497
   -0.3177    -0.4557    0.8315
 Node:         90
  0.1248E+03  0.1132E+03  0.4822E+03 -0.2557E-01
   0.04247
   0.0169
  -0.05249
   0.01547
  -0.008479
  -0.05276
   0.04745
   -0.04534
   -0.06574
   0.10449430654346677
   -0.021210000000000003
   0.049259088501514114
   0.9813    0.1428    0.1291
   -0.009482    0.7056    -0.7085
   -0.1923    0.694    0.6938
 Node:         91
  0.1261E+03  0.1264E+03  0.4549E+03 -0.2557E-01
   0.0279
   0.02867
  -0.02388
  -0.01538
   0.06792
  -0.05205
   0.04701
   0.02019
   -0.1098
   0.14526886899814426
   -0.014199999999999996
   0.06848040157592535
   -0.6338    -0.6659    -0.3935
   0.7519    -0.4109    -0.5156
   0.1816    -0.6226    0.7611
 Node:         92
  0.1210E+03  0.1235E+03  0.4726E+03 -0.2557E-01
   0.03254
  -0.005024
  -0.03879
   8.531E-4
   0.04616
  -0.04558
   0.03009
   0.004114
   -0.08841
   0.1078834861134919
   -0.018068666666666667
   0.05085676307259657
   0.9923    -0.1091    -0.05893
   0.1204    0.7343    0.6681
   -0.02962    -0.67    0.7417
 Node:         93
  0.1159E+03  0.1217E+03  0.4877E+03 -0.2557E-01
   0.04716
  -0.004288
  -0.05036
   0.005785
   0.009321
  -0.05147
   0.04743
   -0.0422
   -0.06031
   0.09992351224811906
   -0.01836
   0.047104395407081355
   -0.998    0.03553    -0.05133
   -0.00933    0.7281    0.6854
   -0.06172    -0.6845    0.7264
 Node:         94
  0.1316E+03  0.1266E+03  0.4538E+03 -0.2557E-01
   0.02357
   0.02743
  -0.02042
  -0.04018
   0.06264
  -0.04584
   0.03932
   0.03216
   -0.1086
   0.14447312829727194
   -0.012373333333333333
   0.06810528581215672
   0.7138    -0.3967    -0.5772
   0.6404    0.7034    0.3085
   0.2836    -0.5898    0.7561
 Node:         95
  0.1251E+03  0.1236E+03  0.4707E+03 -0.2557E-01
   0.02736
  -0.009296
  -0.03505
  -0.00977
   0.03311
  -0.04113
   0.02928
   -0.01027
   -0.07316
   0.08947990891814767
   -0.01805
   0.04218123358398456
   0.9352    -0.2596    -0.2409
   0.3541    0.6983    0.6221
   0.006688    -0.6671    0.745
 Node:         96
  0.1205E+03  0.1222E+03  0.4852E+03 -0.2557E-01
   0.04627
  -0.004887
  -0.05003
   0.006957
   0.008045
  -0.0516
   0.04662
   -0.04342
   -0.05934
   0.09896506858482948
   -0.018713333333333332
   0.04665258073128312
   -0.9972    0.04135    -0.0627
   -0.01174    0.7387    0.6739
   -0.07418    -0.6728    0.7361
 Node:         97
  0.1371E+03  0.1261E+03  0.4524E+03 -0.2557E-01
   0.01282
   0.0169
  -0.01997
  -0.03438
   0.06523
  -0.0458
   0.04296
   0.01748
   -0.1093
   0.14125421480437317
   -0.016286666666666668
   0.066587875439569
   -0.3409    0.6908    0.6376
   0.9101    0.4125    0.03975
   0.2356    -0.5938    0.7693
 Node:         98
  0.1298E+03  0.1233E+03  0.4685E+03 -0.2557E-01
   0.02749
  -0.006566
  -0.02997
  -2.11E-4
   0.0356
  -0.04648
   0.02532
   -0.002845
   -0.07603
   0.0906121789551493
   -0.01785166666666667
   0.04271499079818336
   0.9817    -0.1678    -0.08985
   0.187    0.762    0.62
   -0.03556    -0.6255    0.7794
 Node:         99
  0.1260E+03  0.1218E+03  0.4827E+03 -0.2557E-01
   0.04704
  -0.00322
  -0.04822
   0.005186
   0.001277
  -0.05176
   0.04691
   -0.04848
   -0.05226
   0.09733506408278571
   -0.017943333333333335
   0.04588418924010996
   0.9983    -0.03105    0.04879
   -0.00945    -0.9199    -0.392
   0.05705    0.3909    -0.9187
 Node:        100
  0.1255E+03  0.1379E+03  0.4526E+03  0.0000E+00
   0.109
   0.007417
   0.004263
  -0.01009
  -0.002216
  -0.002843
   0.1137
   0.004014
   -0.003807
   0.11379824622110835
   0.037968999999999996
   0.05364500772672141
   -0.9938    -0.07068    0.08583
   0.08571    -0.9787    0.1865
   -0.07083    -0.1927    -0.9787
 Node:        101
  0.1190E+03  0.1340E+03  0.4714E+03  0.0000E+00
   0.1131
   0.01315
   0.005944
  -0.01017
  -0.004764
  -0.003835
   0.1205
   0.005472
   -0.005503
   0.12088971713508143
   0.040156333333333336
   0.05698795917462643
   -0.9892    -0.1205    0.08373
   -0.1411    0.9378    -0.3173
   0.04028    0.3257    0.9446
 Node:        102
  0.1139E+03  0.1312E+03  0.4875E+03  0.0000E+00
   0.1048
   0.004979
  -2.58E-4
   6.063E-4
  -0.005248
  -5.835E-4
   0.1073
   0.004677
   -0.005674
   0.10817057826876957
   0.03543433333333334
   0.0509920996124781
   -0.9989    -0.04616    -0.003144
   0.03067    -0.7116    0.7019
   -0.03464    0.7011    0.7122
 Node:        103
  0.1329E+03  0.1369E+03  0.4519E+03  0.0000E+00
   0.1104
  -0.004747
   0.003934
  -0.01246
  -0.005986
  -0.005428
   0.1172
   0.00681
   -0.009151
   0.11917483128160912
   0.03828633333333333
   0.05617955423065899
   -0.9946    0.03658    0.09713
   0.008699    -0.9032    0.4292
   0.1034    0.4277    0.898
 Node:        104
  0.1254E+03  0.1333E+03  0.4698E+03  0.0000E+00
   0.1159
   0.008901
   0.001868
  -0.01379
  -0.009781
  -0.003362
   0.126
   0.00695
   -0.01037
   0.12858783340580865
   0.04086
   0.060616885986222245
   -0.9903    -0.08294    0.1111
   -0.1317    0.8131    -0.5671
   0.04333    0.5762    0.8161
 Node:        105
  0.1201E+03  0.1317E+03  0.4853E+03  0.0000E+00
   0.1053
   0.002185
  -0.001055
  -0.002356
  -0.005803
  -5.248E-4
   0.1082
   0.004854
   -0.006429
   0.10942465317742617
   0.035541666666666666
   0.05158327619382943
   -0.9995    -0.02151    0.023
   -0.03149    0.6931    -0.7202
   4.498E-4    0.7206    0.6934
 Node:        106
  0.1404E+03  0.1352E+03  0.4512E+03  0.0000E+00
   0.1111
  -0.005249
  -0.003458
  -4.381E-4
  -0.02452
  -2.005E-4
   0.1177
   0.0224
   -0.0248
   0.12573022707368342
   0.03843333333333333
   0.05926979744261734
   -0.999    0.04481    -0.006373
   -0.0356    -0.6911    0.7219
   0.02794    0.7214    0.692
 Node:        107
  0.1326E+03  0.1317E+03  0.4680E+03  0.0000E+00
   0.1217
  -2.433E-5
  -5.004E-4
  -0.003225
  -0.02903
   0.001334
   0.1301
   0.02833
   -0.02589
   0.13716745495925772
   0.04418
   0.06466135837319431
   -0.9996    -0.006933    0.02656
   -0.02367    0.7077    -0.7061
   0.0139    0.7065    0.7076
 Node:        108
  0.1273E+03  0.1304E+03  0.4831E+03  0.0000E+00
   0.107
  -0.001996
  -7.35E-4
  -0.005981
  -0.005058
   5.468E-5
   0.1104
   0.004558
   -0.005511
   0.11121886900611783
   0.03648233333333333
   0.052429077646749506
   -0.9985    0.01494    0.05351
   0.02828    -0.6925    0.7209
   0.04783    0.7213    0.691
 Node:        109
  0.1018E+03  0.1092E+03  0.4946E+03 -0.1048E-04
  -2.096E-5
   2.399E-16
  -2.096E-5
   9.595E-17
  -2.399E-17
  -2.096E-5
   -2.096E-5
   -2.096E-5
   -2.096E-5
   0.0
   -2.096E-5
   0.0
   -0.3792    -0.925    -0.02401
   0.4801    -0.2189    0.8495
   0.791    -0.3106    -0.5271
 Node:        110
  0.1058E+03  0.1118E+03  0.5081E+03 -0.1048E-04
  -2.096E-5
   4.797E-17
  -2.096E-5
  -2.399E-17
  -8.995E-17
  -2.096E-5
   -2.096E-5
   -2.096E-5
   -2.096E-5
   0.0
   -2.096E-5
   0.0
   -0.02838    -0.09128    0.9954
   0.7346    0.6734    0.08269
   -0.6779    0.7336    0.04794
 Node:        111
  0.1108E+03  0.1137E+03  0.5210E+03 -0.1048E-04
  -2.096E-5
   9.595E-17
  -2.096E-5
  -4.797E-17
   5.637E-16
  -2.096E-5
   -2.096E-5
   -2.096E-5
   -2.096E-5
   0.0
   -2.096E-5
   0.0
   0.9393    0.3168    0.1319
   0.3364    -0.7738    -0.5367
   -0.06802    0.5485    -0.8334
 Node:        112
  0.1072E+03  0.1111E+03  0.4942E+03 -0.1048E-04
  -2.096E-5
   2.399E-16
  -2.096E-5
  -1.614E-37
   2.399E-17
  -2.096E-5
   -2.096E-5
   -2.096E-5
   -2.096E-5
   0.0
   -2.096E-5
   0.0
   0.3759    0.9265    0.0167
   0.9266    -0.3757    -0.01402
   0.006715    -0.02074    0.9998
 Node:        113
  0.1071E+03  0.1139E+03  0.5077E+03 -0.1048E-04
  -2.096E-5
   2.131E-36
  -2.096E-5
   2.878E-16
  -2.639E-16
  -2.096E-5
   -2.096E-5
   -2.096E-5
   -2.096E-5
   0.0
   -2.096E-5
   0.0
   -0.1654    0.6537    -0.7384
   -0.2298    -0.7537    -0.6157
   -0.9591    0.06784    0.2749
 Node:        114
  0.1093E+03  0.1164E+03  0.5209E+03 -0.1048E-04
  -2.096E-5
   1.919E-16
  -2.096E-5
  -4.797E-17
   9.595E-17
  -2.096E-5
   -2.096E-5
   -2.096E-5
   -2.096E-5
   0.0
   -2.096E-5
   0.0
   -0.6573    -0.7285    -0.1932
   -0.4203    0.1416    0.8963
   0.6256    -0.6703    0.3993
 Node:        115
  0.1129E+03  0.1120E+03  0.4932E+03 -0.1048E-04
  -2.096E-5
  -1.937E-37
  -2.096E-5
  -1.439E-16
  -4.797E-17
  -2.096E-5
   -2.096E-5
   -2.096E-5
   -2.096E-5
   0.0
   -2.096E-5
   0.0
   0.6708    0.2236    -0.7071
   0.3162    -0.9487    1.993E-6
   -0.6709    -0.2236    -0.7071
 Node:        116
  0.1092E+03  0.1143E+03  0.5068E+03 -0.1048E-04
  -2.096E-5
   8.995E-17
  -2.096E-5
   2.878E-16
   3.598E-17
  -2.096E-5
   -2.096E-5
   -2.096E-5
   -2.096E-5
   0.0
   -2.096E-5
   0.0
   -0.223    -0.9699    -0.09798
   0.8805    -0.2435    0.4067
   -0.4183    0.004424    0.9083
 Node:        117
  0.1089E+03  0.1172E+03  0.5207E+03 -0.1048E-04
  -2.096E-5
  -1.199E-16
  -2.096E-5
  -2.399E-16
  -2.878E-16
  -2.096E-5
   -2.096E-5
   -2.096E-5
   -2.096E-5
   0.0
   -2.096E-5
   0.0
   -0.232    -0.2201    0.9475
   -0.8739    0.475    -0.1036
   -0.4272    -0.852    -0.3026
 Node:        118
  0.1017E+03  0.1094E+03  0.4948E+03 -0.1048E-04
  -2.096E-5
   1.439E-16
  -2.096E-5
  -2.399E-16
  -3.118E-16
  -2.096E-5
   -2.096E-5
   -2.096E-5
   -2.096E-5
   0.0
   -2.096E-5
   0.0
   -0.276    -0.4258    0.8617
   0.1261    0.8727    0.4716
   0.9529    -0.2388    0.1872
 Node:        119
  0.1058E+03  0.1120E+03  0.5082E+03 -0.1048E-04
  -2.096E-5
  -5.997E-17
  -2.096E-5
   9.595E-17
  -5.097E-17
  -2.096E-5
   -2.096E-5
   -2.096E-5
