 Group name: gastroc_stress
 #Fields=  16
 1) coordinates, coordinate, rectangular cartesian, #Components=3
   x.  Value index= 1, #Derivatives=0
   y.  Value index= 2, #Derivatives=0
   z.  Value index= 3, #Derivatives=0
 2) Tensor_1, field, rectangular cartesian, #Components=1
   Tensor_1.  Value index= 4, #Derivatives=0
 3) Tensor_2, field, rectangular cartesian, #Components=1
   Tensor_2.  Value index= 5, #Derivatives=0
 4) Tensor_3, field, rectangular cartesian, #Components=1
   Tensor_3.  Value index= 6, #Derivatives=0
 5) Tensor_4, field, rectangular cartesian, #Components=1
   Tensor_4.  Value index= 7, #Derivatives=0
 6) Tensor_5, field, rectangular cartesian, #Components=1
   Tensor_5.  Value index= 8, #Derivatives=0
 7) Tensor_6, field, rectangular cartesian, #Components=1
   Tensor_6.  Value index= 9, #Derivatives=0
 8) Principal_1, field, rectangular cartesian, #Components=1
   Principal_1.  Value index= 10, #Derivatives=0
 9) Principal_2, field, rectangular cartesian, #Components=1
   Principal_2.  Value index= 11, #Derivatives=0
 10) Principal_3, field, rectangular cartesian, #Components=1
   Principal_3.  Value index= 12, #Derivatives=0
 11) VonMises, field, rectangular cartesian, #Components=1
   VonMises.  Value index= 13, #Derivatives=0
 12) Hydrostatic, field, rectangular cartesian, #Components=1
   VonMises.  Value index= 14, #Derivatives=0
 13) Octahedral, field, rectangular cartesian, #Components=1
   VonMises.  Value index= 15, #Derivatives=0
 14) PrincipalVector1, field, rectangular cartesian, #Components=3
   x.  Value index= 16, #Derivatives=0
   y.  Value index= 17, #Derivatives=0
   z.  Value index= 18, #Derivatives=0
 15) PrincipalVector2, field, rectangular cartesian, #Components=3
   x.  Value index= 19, #Derivatives=0
   y.  Value index= 20, #Derivatives=0
   z.  Value index= 21, #Derivatives=0
 16) PrincipalVector3, field, rectangular cartesian, #Components=3
   x.  Value index= 22, #Derivatives=0
   y.  Value index= 23, #Derivatives=0
   z.  Value index= 24, #Derivatives=0
 Node:          1
  0.1287E+03  0.1133E+03  0.4908E+03 -0.1838E-05
  -3.675E-6
  -1.439E-16
  -3.675E-6
  -4.797E-17
  -7.196E-17
  -3.675E-6
   -3.675E-6
   -3.675E-6
   -3.675E-6
   0.0
   -3.675E-6
   0.0
   0.966    -0.2571    -0.02712
   0.2489    0.9532    -0.1718
   0.07002    0.1592    0.9848
 Node:          2
  0.1292E+03  0.1137E+03  0.5052E+03 -0.1838E-05
  -3.675E-6
  -1.919E-16
  -3.675E-6
  -9.595E-17
   3.358E-16
  -3.675E-6
   -3.675E-6
   -3.675E-6
   -3.675E-6
   0.0
   -3.675E-6
   0.0
   0.895    -0.3984    -0.2008
   0.4461    0.7982    0.4048
   -9.607E-4    -0.4518    0.8921
 Node:          3
  0.1289E+03  0.1155E+03  0.5194E+03 -0.1838E-05
  -3.675E-6
   2.399E-16
  -3.675E-6
   1.919E-16
   9.595E-17
  -3.675E-6
   -3.675E-6
   -3.675E-6
   -3.675E-6
   0.0
   -3.675E-6
   0.0
   -0.4092    -0.8757    -0.2565
   0.496    -0.4494    0.7429
   0.7658    -0.1767    -0.6183
 Node:          4
  0.1361E+03  0.1141E+03  0.4915E+03 -0.1838E-05
  -3.675E-6
  -4.797E-17
  -3.675E-6
  -4.797E-17
  -1.439E-16
  -3.675E-6
   -3.675E-6
   -3.675E-6
   -3.675E-6
   0.0
   -3.675E-6
   0.0
   -0.04308    -0.0943    0.9946
   -0.9939    0.1055    -0.03304
   -0.1018    -0.9899    -0.09827
 Node:          5
  0.1341E+03  0.1144E+03  0.5054E+03 -0.1838E-05
  -3.675E-6
   2.399E-16
  -3.675E-6
   9.595E-17
  -1.199E-16
  -3.675E-6
   -3.675E-6
   -3.675E-6
   -3.675E-6
   0.0
   -3.675E-6
   0.0
   0.09698    -0.1794    0.979
   0.7185    0.6933    0.05584
   -0.6888    0.698    0.1961
 Node:          6
  0.1323E+03  0.1162E+03  0.5191E+03 -0.1838E-05
  -3.675E-6
   9.595E-17
  -3.675E-6
  -9.595E-17
  -4.797E-17
  -3.675E-6
   -3.675E-6
   -3.675E-6
   -3.675E-6
   0.0
   -3.675E-6
   0.0
   -0.715    -0.6928    0.09323
   0.693    -0.72    -0.03581
   0.09194    0.03901    0.995
 Node:          7
  0.1408E+03  0.1171E+03  0.4920E+03 -0.1838E-05
  -3.675E-6
   3.838E-16
  -3.675E-6
  -1.439E-16
  -1.919E-16
  -3.675E-6
   -3.675E-6
   -3.675E-6
   -3.675E-6
   0.0
   -3.675E-6
   0.0
   0.8641    0.487    -0.1268
   -0.5006    0.8577    -0.1173
   0.05165    0.1648    0.985
 Node:          8
  0.1367E+03  0.1169E+03  0.5055E+03 -0.1838E-05
  -3.675E-6
   3.358E-16
  -3.675E-6
  -6.956E-16
  -4.078E-16
  -3.675E-6
   -3.675E-6
   -3.675E-6
   -3.675E-6
   0.0
   -3.675E-6
   0.0
   -0.7204    -0.627    0.2965
   0.636    -0.7677    -0.07822
   0.2767    0.1322    0.9518
 Node:          9
  0.1339E+03  0.1180E+03  0.5191E+03 -0.1838E-05
  -3.675E-6
   2.878E-16
  -3.675E-6
  -6.836E-16
  -4.797E-16
  -3.675E-6
   -3.675E-6
   -3.675E-6
   -3.675E-6
   0.0
   -3.675E-6
   0.0
   0.3025    0.1646    -0.9388
   0.9346    0.1422    0.3261
   -0.1871    0.9761    0.1108
 Node:         10
  0.1294E+03  0.1212E+03  0.4911E+03 -0.1838E-05
  -3.675E-6
   4.797E-17
  -3.675E-6
  -2.399E-17
   2.159E-16
  -3.675E-6
   -3.675E-6
   -3.675E-6
   -3.675E-6
   0.0
   -3.675E-6
   0.0
   0.02409    0.7089    0.7049
   0.1744    0.6913    -0.7012
   -0.9844    0.1398    -0.107
 Node:         11
  0.1295E+03  0.1214E+03  0.5055E+03 -0.1838E-05
  -3.675E-6
  -4.797E-17
  -3.675E-6
  -7.196E-17
   2.399E-17
  -3.675E-6
   -3.675E-6
   -3.675E-6
   -3.675E-6
   0.0
   -3.675E-6
   0.0
   -0.2763    0.1332    0.9518
   -0.5868    0.761    -0.2768
   0.7611    0.635    0.1321
 Node:         12
  0.1295E+03  0.1217E+03  0.5196E+03 -0.1838E-05
  -3.675E-6
  -3.114E-38
  -3.675E-6
   1.319E-16
   4.797E-17
  -3.675E-6
   -3.675E-6
   -3.675E-6
   -3.675E-6
   0.0
   -3.675E-6
   0.0
   -0.2404    -0.08741    -0.9667
   -0.3417    0.9398    6.831E-7
   -0.9085    -0.3304    0.2558
 Node:         13
  0.1361E+03  0.1199E+03  0.4914E+03 -0.1838E-05
  -3.675E-6
  -2.399E-16
  -3.675E-6
  -1.679E-16
   4.797E-17
  -3.675E-6
   -3.675E-6
   -3.675E-6
   -3.675E-6
   0.0
   -3.675E-6
   0.0
   0.9203    -0.37    -0.1273
   0.3697    0.9288    -0.02722
   0.1283    -0.02201    0.9915
 Node:         14
  0.1342E+03  0.1198E+03  0.5054E+03 -0.1838E-05
  -3.675E-6
   4.797E-17
  -3.675E-6
   9.595E-17
  -1.559E-16
  -3.675E-6
   -3.675E-6
   -3.675E-6
   -3.675E-6
   0.0
   -3.675E-6
   0.0
   0.09999    -0.2648    0.9591
   -0.2953    -0.9284    -0.2256
   -0.9502    0.2607    0.171
 Node:         15
  0.1330E+03  0.1205E+03  0.5193E+03 -0.1838E-05
  -3.675E-6
  -1.439E-16
  -3.675E-6
   2.399E-17
   8.395E-17
  -3.675E-6
   -3.675E-6
   -3.675E-6
   -3.675E-6
   0.0
   -3.675E-6
   0.0
   0.9934    -0.1134    0.01426
   -0.01884    -0.2856    -0.9582
   0.1127    0.9516    -0.2858
 Node:         16
  0.1404E+03  0.1188E+03  0.4918E+03 -0.1838E-05
  -3.675E-6
   9.595E-17
  -3.675E-6
  -1.439E-16
  -2.519E-16
  -3.675E-6
   -3.675E-6
   -3.675E-6
   -3.675E-6
   0.0
   -3.675E-6
   0.0
   -0.1502    -0.2388    0.9594
   -0.794    -0.5491    -0.261
   0.5891    -0.8009    -0.1072
 Node:         17
  0.1365E+03  0.1184E+03  0.5055E+03 -0.1838E-05
  -3.675E-6
   4.797E-17
  -3.675E-6
   1.679E-16
   2.938E-16
  -3.675E-6
   -3.675E-6
   -3.675E-6
   -3.675E-6
   0.0
   -3.675E-6
   0.0
   0.248    0.4017    0.8816
   0.9357    -0.3351    -0.1105
   -0.251    -0.8523    0.4589
 Node:         18
  0.1341E+03  0.1191E+03  0.5192E+03 -0.1838E-05
  -3.675E-6
  -4.141E-38
  -3.675E-6
   4.572E-17
   1.84E-16
  -3.675E-6
   -3.675E-6
   -3.675E-6
   -3.675E-6
   0.0
   -3.675E-6
   0.0
   0.02285    0.09198    0.9955
   0.9705    -0.241    -1.48E-5
   -0.2399    -0.9662    0.09477
 Node:         19
  0.1301E+03  0.1291E+03  0.4914E+03  0.0000E+00
   4.934E-16
   0.0
   4.934E-16
   3.631E-19
   1.731E-17
  -9.869E-16
   4.936E-16
   4.934E-16
   -9.871E-16
   1.4806000101310279E-15
   -3.3333333333314155E-20
   6.979615382590138E-16
   -0.02097    -0.9997    -0.01169
   -0.9998    0.02097    -8.123E-17
   2.452E-4    0.01169    -0.9999
 Node:         20
  0.1299E+03  0.1291E+03  0.5058E+03  0.0000E+00
   9.869E-16
   0.0
   0.0
   1.799E-17
   3.326E-17
  -2.467E-16
   9.871E-16
   4.4E-18
   -2.514E-16
   1.1324785163525177E-15
   2.467E-16
   5.338554923072971E-16
   -0.9999    -4.917E-4    -0.01459
   0.002401    -0.9914    -0.1311
   -0.0144    -0.1312    0.9913
 Node:         21
  0.1301E+03  0.1280E+03  0.5197E+03  0.0000E+00
   4.934E-16
   0.0
   0.0
   7.196E-17
   2.549E-17
   4.934E-16
   5.66E-16
   4.222E-16
   -1.341E-18
   5.108528305500519E-16
   3.28953E-16
   2.408183337801893E-16
   -0.7039    -0.03195    -0.7096
   -0.7102    0.04241    0.7027
   -0.007642    -0.9986    0.05255
 Node:         22
  0.1360E+03  0.1256E+03  0.4913E+03  0.0000E+00
  -9.869E-16
   2.399E-17
  -4.934E-16
  -2.399E-17
   1.739E-16
   4.934E-16
   5.234E-16
   -5.215E-16
   -9.888E-16
   1.3410693755358072E-15
   -3.2896666666666662E-16
   6.321861663219854E-16
   -0.01298    0.1683    0.9857
   0.05935    0.9841    -0.1672
   -0.9982    0.05633    -0.02276
 Node:         23
  0.1343E+03  0.1253E+03  0.5054E+03  0.0000E+00
   0.0
   3.598E-17
  -1.974E-15
   0.0
   2.271E-16
  -7.401E-16
   6.796E-19
   -6.997E-16
   -2.015E-15
   1.7724996366646057E-15
   -9.046734666666666E-16
   8.355643418241562E-16
   0.9998    0.01889    0.00579
   -0.009011    0.1753    0.9845
   0.01758    -0.9843    0.1754
 Node:         24
  0.1336E+03  0.1248E+03  0.5194E+03  0.0000E+00
  -9.869E-16
   2.099E-17
   0.0
   2.399E-17
   1.499E-18
  -7.401E-16
   4.516E-19
   -7.379E-16
   -9.896E-16
   8.912682384908372E-16
   -5.756827999999999E-16
   4.2014787686204007E-16
   -0.02132    -0.9998    -0.002714
   0.09549    -0.004739    0.9954
   -0.9952    0.02096    0.09557
 Node:         25
  0.1400E+03  0.1206E+03  0.4917E+03  0.0000E+00
   0.0
   4.617E-16
  -4.934E-16
  -1.439E-16
  -2.249E-16
   9.869E-16
   1.067E-15
   2.05E-16
   -7.785E-16
   1.5994040296310373E-15
   1.6449999999999999E-16
   7.539662901394642E-16
   -0.2161    -0.2016    0.9553
   0.839    0.4621    0.2874
   -0.4994    0.8636    0.06929
 Node:         26
  0.1363E+03  0.1200E+03  0.5055E+03  0.0000E+00
   9.869E-16
   1.859E-16
  -2.714E-15
   4.797E-17
  -1.943E-15
  -2.467E-16
   1.006E-15
   8.09E-16
   -3.789E-15
   4.699597748744035E-15
   -6.579999999999999E-16
   2.215411624657293E-15
   0.968    0.1526    -0.1995
   0.2481    -0.4578    0.8538
   -0.03892    0.8759    0.4809
 Node:         27
  0.1343E+03  0.1203E+03  0.5192E+03  0.0000E+00
   9.869E-16
  -3.358E-16
   9.869E-16
  -1.799E-16
   2.27E-15
   0.0
   2.89E-15
   9.15E-16
   -1.831E-15
   4.1066398673367985E-15
   6.58E-16
   1.9358885987232494E-15
   -0.1931    0.7658    0.6135
   0.9808    0.1345    0.1409
   0.02534    0.6289    -0.7771
 Node:         28
  0.1155E+03  0.1124E+03  0.4931E+03 -0.1086E-04
  -2.172E-5
   6.596E-17
  -2.172E-5
  -9.595E-17
   9.595E-17
  -2.172E-5
   -2.172E-5
   -2.172E-5
   -2.172E-5
   0.0
   -2.172E-5
   0.0
   0.02391    0.9834    0.1796
   0.07203    0.1775    -0.9815
   -0.9971    0.0364    -0.06659
 Node:         29
  0.1119E+03  0.1139E+03  0.5068E+03 -0.1086E-04
  -2.172E-5
  -3.598E-17
  -2.172E-5
   9.595E-17
   1.199E-17
  -2.172E-5
   -2.172E-5
   -2.172E-5
   -2.172E-5
   0.0
   -2.172E-5
   0.0
   -0.03582    0.9993    0.005774
   -0.9821    -0.03413    -0.1855
   -0.1851    -0.01231    0.9826
 Node:         30
  0.1113E+03  0.1159E+03  0.5206E+03 -0.1086E-04
  -2.172E-5
   2.159E-16
  -2.172E-5
   3.012E-37
  -4.797E-17
  -2.172E-5
   -2.172E-5
   -2.172E-5
   -2.172E-5
   0.0
   -2.172E-5
   0.0
   0.7037    0.7089    -0.04783
   -0.7087    0.6955    -0.1185
   -0.05073    0.1173    0.9918
 Node:         31
  0.1203E+03  0.1126E+03  0.4920E+03 -0.1086E-04
  -2.172E-5
   1.679E-16
  -2.172E-5
   4.797E-17
   7.196E-17
  -2.172E-5
   -2.172E-5
   -2.172E-5
   -2.172E-5
   0.0
   -2.172E-5
   0.0
   -0.7438    -0.4294    -0.5123
   0.5143    0.1219    -0.8489
   0.4269    -0.8949    0.1302
 Node:         32
  0.1188E+03  0.1134E+03  0.5062E+03 -0.1086E-04
  -2.172E-5
  -2.399E-17
  -2.172E-5
  -4.797E-17
   1.679E-16
  -2.172E-5
   -2.172E-5
   -2.172E-5
   -2.172E-5
   0.0
   -2.172E-5
   0.0
   0.9989    -0.02087    -0.04161
   0.04655    0.4511    0.8912
   1.686E-4    -0.8922    0.4516
 Node:         33
  0.1183E+03  0.1150E+03  0.5201E+03 -0.1086E-04
  -2.172E-5
   9.595E-17
  -2.172E-5
   1.439E-16
  -4.016E-37
  -2.172E-5
   -2.172E-5
   -2.172E-5
   -2.172E-5
   0.0
   -2.172E-5
   0.0
   0.9536    0.1669    0.2504
   7.751E-5    0.8319    -0.5549
   -0.301    0.5292    0.7933
 Node:         34
  0.1255E+03  0.1129E+03  0.4909E+03 -0.1086E-04
  -2.172E-5
  -4.685E-37
  -2.172E-5
   9.595E-17
   1.679E-16
  -2.172E-5
   -2.172E-5
   -2.172E-5
   -2.172E-5
   0.0
   -2.172E-5
   0.0
   -0.3508    -0.6139    -0.7071
   -0.8682    0.4962    -9.309E-6
   0.3509    0.6139    -0.7071
 Node:         35
  0.1260E+03  0.1135E+03  0.5054E+03 -0.1086E-04
  -2.172E-5
   1.919E-16
  -2.172E-5
   1.919E-16
   4.318E-16
  -2.172E-5
   -2.172E-5
   -2.172E-5
   -2.172E-5
   0.0
   -2.172E-5
   0.0
   0.746    0.4709    0.4709
   -0.666    0.5275    0.5275
   4.799E-6    -0.7071    0.7071
 Node:         36
  0.1257E+03  0.1153E+03  0.5196E+03 -0.1086E-04
  -2.172E-5
  -9.595E-17
  -2.172E-5
  -9.595E-17
   1.439E-16
  -2.172E-5
   -2.172E-5
   -2.172E-5
   -2.172E-5
   0.0
   -2.172E-5
   0.0
   -0.5155    0.6059    0.6059
   0.8569    0.3645    0.3646
   -5.483E-5    -0.7071    0.7071
 Node:         37
  0.1132E+03  0.1210E+03  0.4959E+03 -0.1086E-04
  -2.172E-5
   2.399E-16
  -2.172E-5
  -1.439E-16
   3.118E-16
  -2.172E-5
   -2.172E-5
   -2.172E-5
   -2.172E-5
   0.0
   -2.172E-5
   0.0
   -0.5071    -0.7958    -0.331
   0.756    -0.2262    -0.6143
   0.414    -0.5617    0.7163
 Node:         38
  0.1111E+03  0.1204E+03  0.5085E+03 -0.1086E-04
  -2.172E-5
   1.679E-16
  -2.172E-5
  -4.797E-17
  -1.439E-16
  -2.172E-5
   -2.172E-5
   -2.172E-5
   -2.172E-5
   0.0
   -2.172E-5
   0.0
   0.2119    0.9668    -0.1429
   0.9723    -0.2233    -0.06857
   0.0982    0.1244    0.9874
 Node:         39
  0.1119E+03  0.1201E+03  0.5207E+03 -0.1086E-04
  -2.172E-5
  -1.679E-16
  -2.172E-5
  -1.439E-16
  -1.319E-16
  -2.172E-5
   -2.172E-5
   -2.172E-5
   -2.172E-5
   0.0
   -2.172E-5
   0.0
   0.9213    -0.07991    -0.3805
   0.3608    -0.1891    0.9133
   -0.1449    -0.9787    -0.1454
 Node:         40
  0.1191E+03  0.1220E+03  0.4937E+03 -0.1086E-04
  -2.172E-5
   1.439E-16
  -2.172E-5
   1.439E-16
  -2.399E-17
  -2.172E-5
   -2.172E-5
   -2.172E-5
   -2.172E-5
   0.0
   -2.172E-5
   0.0
   0.9817    0.1345    0.1345
   -2.586E-5    0.7072    -0.707
   -0.1902    0.6941    0.6943
 Node:         41
  0.1182E+03  0.1217E+03  0.5073E+03 -0.1086E-04
  -2.172E-5
  -4.797E-17
  -2.172E-5
   9.595E-17
   1.679E-16
  -2.172E-5
   -2.172E-5
   -2.172E-5
   -2.172E-5
   0.0
   -2.172E-5
   0.0
   -0.1538    -0.1966    -0.9683
   -0.962    0.2534    0.1013
   0.2255    0.9472    -0.2281
 Node:         42
  0.1187E+03  0.1212E+03  0.5204E+03 -0.1086E-04
  -2.172E-5
  -9.595E-17
  -2.172E-5
   2.677E-37
   9.595E-17
  -2.172E-5
   -2.172E-5
   -2.172E-5
   -2.172E-5
   0.0
   -2.172E-5
   0.0
   -0.01862    0.09763    0.995
   -0.9834    0.178    -0.03587
   -0.1806    -0.9792    0.09269
 Node:         43
  0.1258E+03  0.1217E+03  0.4915E+03 -0.1086E-04
  -2.172E-5
   1.919E-16
  -2.172E-5
  -2.399E-17
   1.339E-37
  -2.172E-5
   -2.172E-5
   -2.172E-5
   -2.172E-5
   0.0
   -2.172E-5
   0.0
   0.9458    0.3243    -0.01745
   -0.3241    0.9459    0.01153
   0.02025    -0.005251    0.9998
 Node:         44
  0.1259E+03  0.1220E+03  0.5059E+03 -0.1086E-04
  -2.172E-5
   2.399E-16
  -2.172E-5
   1.679E-16
   1.919E-16
  -2.172E-5
   -2.172E-5
   -2.172E-5
   -2.172E-5
   0.0
   -2.172E-5
   0.0
   -0.3605    -0.3834    -0.8503
   -0.6208    -0.5817    0.5255
   0.6961    -0.7174    0.02831
 Node:         45
  0.1261E+03  0.1221E+03  0.5198E+03 -0.1086E-04
  -2.172E-5
  -1.439E-16
  -2.172E-5
   4.797E-17
  -1.199E-17
  -2.172E-5
   -2.172E-5
   -2.172E-5
   -2.172E-5
   0.0
   -2.172E-5
   0.0
   0.06679    -0.01247    0.9977
   -0.9877    0.1408    0.06788
   -0.1413    -0.99    -0.002916
 Node:         46
  0.1117E+03  0.1296E+03  0.4959E+03  0.0000E+00
  -2.467E-16
   4.797E-17
  -7.401E-16
   1.199E-17
  -4.497E-17
   0.0
   3.057E-18
   -2.423E-16
   -7.476E-16
   6.629532710146319E-16
   -3.2894766666666664E-16
   3.125191690294995E-16
   0.03676    -0.058    0.9976
   0.9946    0.09864    -0.03092
   -0.09662    0.9934    0.06131
 Node:         47
  0.1107E+03  0.1269E+03  0.5087E+03  0.0000E+00
  -7.401E-16
  -5.397E-17
   4.934E-16
  -4.797E-17
   6.896E-17
   0.0
   5.058E-16
   -7.273E-18
   -7.452E-16
   1.0892155802819752E-15
   -8.222433333333333E-17
   5.1346114866095E-16
   -0.04821    0.9891    0.1394
   -0.05424    -0.142    0.9884
   -0.9974    -0.04009    -0.06049
 Node:         48
  0.1125E+03  0.1242E+03  0.5208E+03  0.0000E+00
   4.934E-16
   5.997E-18
   4.934E-16
   0.0
  -2.998E-18
   4.934E-16
   5.001E-16
   4.934E-16
   4.867E-16
   1.1604740410711462E-17
   4.934E-16
   5.470527092215756E-18
   -0.6325    -0.7071    0.3162
   0.4472    -2.276E-15    0.8944
   0.6325    -0.7071    -0.3162
 Node:         49
  0.1186E+03  0.1311E+03  0.4938E+03  0.0000E+00
  -7.401E-16
  -3.598E-17
   0.0
  -7.196E-17
  -1.049E-17
  -2.467E-16
   1.947E-18
   -2.366E-16
   -7.523E-16
   6.677348643803167E-16
   -3.2898433333333336E-16
   3.1477323375866775E-16
   0.04561    -0.9985    0.02894
   -0.143    0.02215    0.9895
   -0.9887    -0.04926    -0.1418
 Node:         50
  0.1180E+03  0.1298E+03  0.5075E+03  0.0000E+00
   0.0
  -2.249E-17
   1.48E-15
  -7.196E-17
   2.155E-17
   9.869E-16
   1.482E-15
   9.91E-16
   -5.513E-18
   1.3127859849072886E-15
   8.224956666666666E-16
   6.188532481164029E-16
   0.01739    -0.9988    -0.04603
   -0.07128    -0.04716    0.9963
   0.9973    0.01405    0.07201
 Node:         51
  0.1192E+03  0.1275E+03  0.5206E+03  0.0000E+00
   0.0
  -5.997E-18
  -2.467E-16
   0.0
   2.549E-17
   4.934E-16
   4.943E-16
   1.449E-19
   -2.477E-16
   6.54286006770747E-16
   8.22483E-17
   3.0843338148204166E-16
   -4.17E-4    0.03438    0.9994
   0.9997    -0.02416    0.001248
   0.02418    0.9991    -0.03436
 Node:         52
  0.1262E+03  0.1305E+03  0.4920E+03  0.0000E+00
   4.934E-16
  -2.399E-17
   4.934E-16
   2.249E-18
   8.48E-18
   0.0
   5.175E-16
   4.696E-16
   -1.6E-19
   4.95449666061044E-16
   3.2898E-16
   2.335572124055831E-16
   -0.7061    0.708    0.008534
   0.7081    0.706    0.01614
   -0.005403    -0.01744    0.9998
 Node:         53
  0.1258E+03  0.1304E+03  0.5063E+03  0.0000E+00
  -7.401E-16
  -2.998E-18
  -4.934E-16
   4.797E-17
   5.847E-17
  -9.869E-16
   -4.866E-16
   -7.314E-16
   -1.002E-15
   4.465358664206045E-16
   -7.399999999999999E-16
   2.104990261260132E-16
   0.0104    0.9931    0.1171
   -0.9836    0.03123    -0.1776
   -0.18    -0.1133    0.9771
 Node:         54
  0.1265E+03  0.1288E+03  0.5200E+03  0.0000E+00
  -9.869E-16
   3.598E-17
   4.934E-16
   0.0
  -7.496E-18
   4.934E-16
   5.014E-16
   4.864E-16
   -9.877E-16
   1.4816569474746847E-15
   3.3333333333314155E-20
   6.984597833010066E-16
   0.01758    0.7272    -0.6862
   0.01675    0.686    0.7274
   -0.9997    0.02428    1.229E-4
 Node:         55
  0.1383E+03  0.1167E+03  0.4556E+03 -0.1659E-01
   0.0832
  -0.01626
   0.01243
   0.02552
   0.05947
   0.005552
   0.08587
   0.06197
   -0.06117
   0.13666643918680255
   0.02889
   0.06442517727307133
   -0.2319    -0.6977    -0.6778
   0.9527    -0.3037    -0.01337
   -0.1965    -0.6488    0.7351
 Node:         56
  0.1315E+03  0.1156E+03  0.4701E+03 -0.1659E-01
   0.07849
   0.03459
  -0.01301
   0.09804
  -0.018
  -0.0282
   0.1332
   -0.003595
   -0.09255
   0.19696310130326442
   0.012351666666666677
   0.0928492963833808
   -0.883    -0.1101    -0.4562
   -0.08871    -0.9154    0.3926
   -0.4609    0.3872    0.7986
 Node:         57
  0.1285E+03  0.1140E+03  0.4824E+03 -0.1659E-01
   0.1246
   0.03775
  -0.03497
   0.02855
  -0.02021
  -0.03465
   0.1362
   -0.01577
   -0.06596
   0.18232194409889338
   0.018156666666666658
   0.08594738868762809
   -0.9743    -0.1844    -0.1295
   0.03352    -0.6869    0.7259
   -0.2228    0.7029    0.6754
 Node:         58
  0.1497E+03  0.1177E+03  0.4552E+03 -0.1659E-01
   0.06831
  -0.1257
   0.06253
  -0.009752
   0.05743
  -0.008615
   0.2283
   -4.984E-4
   -0.07225
   0.2718706516388998
   0.05185053333333334
   0.12816105425298105
   -0.6325    0.7303    0.258
   0.5886    0.2367    0.773
   -0.5034    -0.6408    0.5796
 Node:         59
  0.1427E+03  0.1168E+03  0.4706E+03 -0.1659E-01
   0.07
  -0.09146
   0.02125
   0.06603
  -0.001418
  -0.03708
   0.1629
   -0.01526
   -0.0781
   0.21653042649937213
   0.023179999999999996
   0.10207342194061424
   -0.7905    0.5715    -0.2204
   0.3093    0.683    0.6617
   0.5287    0.4549    -0.7166
 Node:         60
  0.1375E+03  0.1150E+03  0.4833E+03 -0.1659E-01
   0.1245
  -0.00353
  -0.02782
   0.03813
  -0.01594
  -0.03666
   0.1302
   -0.02085
   -0.05368
   0.16986136376468902
   0.01855666666666667
   0.08007341478640434
   -0.9754    0.05068    -0.2146
   0.1541    0.8526    -0.4993
   -0.1577    0.5201    0.8395
 Node:         61
  0.1568E+03  0.1223E+03  0.4537E+03 -0.1659E-01
   0.09113
  -0.1615
   0.03813
  -0.1213
   0.187
  -0.07421
   0.4964
   -0.06147
   -0.1988
   0.6377231004911144
   0.07871000000000002
   0.3006255525843847
   0.6577    -0.6476    -0.3849
   0.7382    0.4522    0.5007
   -0.1502    -0.6134    0.7754
 Node:         62
  0.1502E+03  0.1206E+03  0.4703E+03 -0.1659E-01
   0.1211
  -0.1742
   0.01416
  -0.01807
   0.0617
  -0.08668
   0.3508
   -0.05508
   -0.1429
   0.45617464681851844
   0.05093999999999999
   0.2150427907805018
   -0.8078    0.5751    0.1297
   -0.3587    -0.3048    -0.8823
   -0.4679    -0.7592    0.4524
 Node:         63
  0.1437E+03  0.1181E+03  0.4839E+03 -0.1659E-01
   0.1431
  -0.03397
  -0.02788
   0.01744
  -0.02085
  -0.04326
   0.1591
   -0.02215
   -0.05537
   0.19994063093828626
   0.02719333333333333
   0.09425291731411935
   -0.9758    0.1929    -0.1025
   0.2147    0.7597    -0.6138
   0.04055    0.621    0.7828
 Node:         64
  0.1419E+03  0.1252E+03  0.4530E+03 -0.1659E-01
   0.1017
   0.06692
   0.002092
  -0.05963
   0.0434
  -0.03323
   0.1339
   0.03257
   -0.09358
   0.19739394848880246
   0.02429666666666667
   0.09305239969441352
   -0.9095    -0.385    0.1569
   -0.1946    0.7277    0.6577
   -0.3674    0.5677    -0.7367
 Node:         65
  0.1346E+03  0.1229E+03  0.4688E+03 -0.1659E-01
   0.1039
   0.03603
  -0.003478
  -0.006311
   0.01601
  -0.03382
   0.1016
   -0.004971
   -0.04503
   0.13126777674280918
   0.017199666666666665
   0.06188022339074809
   -0.9465    -0.3226    -0.006849
   -0.2792    0.8079    0.519
   0.1619    -0.4932    0.8547
 Node:         66
  0.1299E+03  0.1214E+03  0.4825E+03 -0.1659E-01
   0.1343
   0.005567
  -0.02954
   0.0124
  -0.009365
  -0.03422
   0.1327
   -0.02291
   -0.04242
   0.1662259405147103
   0.02245666666666667
   0.07835965983137554
   -0.9973    -0.02767    -0.06855
   -0.02069    -0.7858    0.6182
   -0.07097    0.6179    0.783
 Node:         67
  0.1510E+03  0.1243E+03  0.4527E+03 -0.1659E-01
   0.09556
  -0.05996
   0.001765
  -0.04418
   0.03576
  -0.004987
   0.1361
   -0.01341
   -0.04198
   0.165653209144888
   0.02690333333333333
   0.07808967167444247
   -0.8    0.4699    0.373
   0.5888    0.4958    0.6384
   -0.115    -0.7304    0.6733
 Node:         68
  0.1440E+03  0.1225E+03  0.4692E+03 -0.1659E-01
   0.1017
  -0.1208
   8.391E-4
  -0.004347
   0.03006
  -0.02097
   0.1862
   -0.01559
   -0.08208
   0.2419858287173032
   0.029510000000000005
   0.11407321362470098
   -0.8281    0.5482    0.117
   -0.2981    -0.254    -0.9201
   -0.4747    -0.7968    0.3738
 Node:         69
  0.1380E+03  0.1205E+03  0.4831E+03 -0.1659E-01
   0.1348
  -0.02918
  -0.02553
   0.009417
   9.237E-4
  -0.03338
   0.1373
   -0.02983
   -0.03497
   0.1697583715166943
   0.02416666666666667
   0.0800248637750932
   -0.9842    0.1701    -0.05004
   0.1136    0.8218    0.5583
   -0.1361    -0.5438    0.8281
 Node:         70
  0.1570E+03  0.1244E+03  0.4530E+03 -0.1659E-01
   0.099
  -0.06306
  -0.02374
  -0.1265
   0.07609
   0.02771
   0.2563
   -0.03579
   -0.08703
   0.32079401069845426
   0.04449333333333333
   0.1512237468859379
   -0.7224    0.3759    0.5803
   0.635    0.6928    0.3417
   0.2736    -0.6154    0.7392
 Node:         71
  0.1504E+03  0.1225E+03  0.4699E+03 -0.1659E-01
   0.1122
  -0.1897
  -0.006452
  -0.09502
   0.0986
  -0.01554
   0.3609
   -0.06073
   -0.135
   0.4632519291918815
   0.055056666666666663
   0.21837905368621982
   -0.7646    0.5337    0.3613
   0.5036    0.1449    0.8517
   -0.4022    -0.8332    0.3796
 Node:         72
  0.1436E+03  0.1199E+03  0.4838E+03 -0.1659E-01
   0.1377
  -0.05691
  -0.02533
  -0.003532
   0.01301
  -0.0331
   0.1574
   -0.02571
   -0.0496
   0.19614918327640318
   0.027363333333333333
   0.09246561174596508
   -0.9555    0.2924    0.03993
   0.1909    0.509    0.8393
   -0.2251    -0.8096    0.5421
 Node:         73
  0.1455E+03  0.1339E+03  0.4520E+03  0.0000E+00
   0.1791
  -0.04978
  -0.01638
   0.02514
  -0.03262
   0.01973
   0.2091
   0.02803
   -0.03465
   0.21923639045559934
   0.06749333333333334
   0.10334902558267732
   -0.9531    0.2335    -0.1925
   0.274    0.3964    -0.8762
   0.1283    0.8879    0.4418
 Node:         74
  0.1376E+03  0.1304E+03  0.4682E+03  0.0000E+00
   0.1934
  -0.07329
  -0.01021
   0.00614
  -0.04411
   0.009206
   0.2419
   0.03203
   -0.04976
   0.2605768376122483
   0.07472333333333334
   0.12283709926384438
   -0.953    0.2889    -0.09166
   0.2323    0.5021    -0.833
   0.1946    0.8151    0.5456
 Node:         75
  0.1314E+03  0.1289E+03  0.4826E+03  0.0000E+00
   0.1787
  -0.02689
  -0.001786
  -0.01188
  -0.007159
   3.363E-4
   0.1899
   0.006133
   -0.01173
   0.19331846000576355
   0.06143433333333334
   0.0911311959990772
   -0.9892    0.1354    0.05645
   -0.03642    -0.5995    0.7995
   0.1421    0.7888    0.598
 Node:         76
  0.1522E+03  0.1312E+03  0.4514E+03  0.0000E+00
   0.1812
  -0.07273
  -0.02454
  -0.005185
   0.06293
   0.02888
   0.2266
   0.06577
   -0.06418
   0.2522957587832185
   0.07606333333333333
   0.11893336126681286
   -0.9406    0.302    0.1554
   0.2857    0.4563    0.8427
   0.1836    0.837    -0.5155
 Node:         77
  0.1452E+03  0.1283E+03  0.4683E+03  0.0000E+00
   0.2092
  -0.03556
  -0.01501
  -0.01406
   0.04127
   0.007415
   0.2511
   0.03221
   -0.04036
   0.26280046480171987
   0.08098333333333334
   0.12388532717351514
   -0.985    0.1471    0.09013
   0.1605    0.59    0.7913
   -0.06322    -0.7939    0.6048
 Node:         78
  0.1385E+03  0.1261E+03  0.4829E+03  0.0000E+00
   0.1867
  -0.005185
  -0.001565
  -0.009594
  -0.001741
  -4.331E-6
   0.1973
   9.541E-4
   -0.00304
   0.1983731091675734
   0.06507136666666667
   0.09351398046496695
   -0.9985    0.02541    0.04863
   0.02379    -0.5983    0.8009
   0.04945    0.8008    0.5968
 Node:         79
  0.1569E+03  0.1264E+03  0.4523E+03  0.0000E+00
   0.1854
   0.1919
   0.06376
   0.03242
  -0.04014
  -0.109
   2.843
   -0.008279
   -0.5104
   3.132667313527084
   0.7747736666666668
   1.4767535337309636
   -0.8205    -0.5716    0.001451
   0.04631    -0.06394    0.9969
   -0.5697    0.818    0.07894
 Node:         80
  0.1505E+03  0.1244E+03  0.4694E+03  0.0000E+00
   0.2128
   0.1132
   0.02385
   0.07089
  -0.01295
  -0.09851
   0.8982
   -0.01255
   -0.08905
   0.9513097221725425
   0.26553333333333334
   0.4484517037045969
   -0.9221    -0.3831    -0.05459
   0.1375    -0.4562    0.8792
   -0.3617    0.8032    0.4733
 Node:         81
  0.1434E+03  0.1218E+03  0.4837E+03  0.0000E+00
   0.1877
   0.01214
   0.00111
  -0.008678
   0.00143
  -0.01679
   0.2139
   5.67E-4
   -0.01522
   0.22164856491527302
   0.06641566666666666
   0.10448613552790416
   -0.9974    -0.06148    0.03658
   -0.05677    0.9913    0.1183
   0.04354    -0.116    0.9923
 Node:         82
  0.1267E+03  0.1149E+03  0.4587E+03 -0.8231E-01
  -0.03912
  -0.008274
  -0.1391
   0.039
   0.08683
  -0.1555
   -0.02132
   -0.0772
   -0.2366
   0.19348955113907315
   -0.11170666666666666
   0.09121184913278658
   0.9245    0.2074    0.3198
   0.3632    -0.7338    -0.5741
   0.1156    0.6469    -0.7537
 Node:         83
  0.1234E+03  0.1130E+03  0.4732E+03 -0.8231E-01
  -0.04215
   0.02224
  -0.1526
   0.1558
   0.03118
  -0.1899
   0.06896
   -0.1778
   -0.2554
   0.29336126806379875
   -0.12141333333333333
   0.13829182799026443
   0.8817    0.152    0.4467
   -0.2103    0.974    0.08377
   -0.4223    -0.1678    0.8908
 Node:         84
  0.1187E+03  0.1123E+03  0.4850E+03 -0.8231E-01
   0.001455
   0.005024
  -0.1637
   0.05165
  -0.00181
  -0.1881
   0.01547
   -0.1725
   -0.1912
   0.1979834586524844
   -0.11607666666666666
   0.09333029745062545
   0.9773    0.0203    0.2111
   0.006806    0.9919    -0.1269
   -0.2119    0.1255    0.9692
 Node:         85
  0.1303E+03  0.1162E+03  0.4574E+03 -0.8231E-01
  -0.0359
   7.974E-4
  -0.1333
   0.05586
   0.1217
  -0.1531
   0.01396
   -0.06188
   -0.2598
   0.24481479693842037
   -0.10257333333333334
   0.11540680203330977
   0.7122    0.4835    0.5089
   -0.6927    0.6013    0.3982
   -0.1135    -0.6361    0.7632
 Node:         86
  0.1252E+03  0.1139E+03  0.4716E+03 -0.8231E-01
  -0.01902
   0.1191
  -0.1178
   0.337
   0.0953
  -0.1857
   0.3804
   -0.1875
   -0.3268
   0.6488631365704174
   -0.044633333333333323
   0.30587701595394334
   0.8194    0.3289    0.4695
   -0.2846    0.9443    -0.1649
   -0.4976    0.001443    0.8674
 Node:         87
  0.1217E+03  0.1126E+03  0.4834E+03 -0.8231E-01
  -0.004732
   0.003818
  -0.1627
   0.06864
  -0.01085
  -0.1869
   0.01918
   -0.17
   -0.2012
   0.20655490408121516
   -0.11734
   0.09737091557544275
   0.9627    -0.002656    0.2706
   0.08734    0.9495    -0.3014
   -0.2561    0.3138    0.9143
 Node:         88
  0.1338E+03  0.1169E+03  0.4558E+03 -0.8231E-01
  -0.06038
  -0.01203
  -0.1447
   0.03941
   0.1447
  -0.122
   0.02144
   -0.05065
   -0.2782
   0.2708875229684823
   -0.10247
   0.127697602953227
   0.3058    0.6779    0.6686
   0.9471    -0.2882    -0.141
   -0.09712    -0.6763    0.7302
 Node:         89
  0.1270E+03  0.1150E+03  0.4700E+03 -0.8231E-01
  -0.08128
   0.05451
  -0.1536
   0.1359
   0.0288
  -0.1733
   0.0394
   -0.1966
   -0.2476
   0.2652036952985384
   -0.13493333333333332
   0.12501822089421827
   0.8558    0.2617    0.4463
   -0.2448    0.9648    -0.09636
   -0.4558    -0.02677    0.8897
 Node:         90
  0.1248E+03  0.1132E+03  0.4823E+03 -0.8231E-01
  -0.01394
   0.04223
  -0.1701
   0.03656
  -0.02012
  -0.1703
   0.002318
   -0.1585
   -0.2034
   0.1873477176909289
   -0.11986066666666667
   0.08831656107938583
   0.9738    0.1736    0.1467
   -0.01704    0.6992    -0.7147
   -0.2267    0.6935    0.6839
 Node:         91
  0.1263E+03  0.1270E+03  0.4559E+03 -0.8231E-01
  -0.02164
   0.1222
  -0.1194
   4.818E-4
   0.1119
  -0.1571
   0.08737
   -0.09561
   -0.2545
   0.2963130181075411
   -0.08757999999999999
   0.13968329630512974
   0.7771    0.5639    0.2796
   -0.574    0.4529    0.6822
   0.2581    -0.6906    0.6756
 Node:         92
  0.1212E+03  0.1239E+03  0.4731E+03 -0.8231E-01
  -0.04265
   0.03983
  -0.1342
   0.04017
   0.0739
  -0.1477
   0.003084
   -0.1105
   -0.2185
   0.19191768302061174
   -0.10863866666666666
   0.09047086339565659
   0.8386    0.4049    0.3644
   -0.5447    0.6282    0.5556
   -0.003898    -0.6644    0.7473
 Node:         93
  0.1160E+03  0.1217E+03  0.4877E+03 -0.8231E-01
  -0.001073
  -0.007941
  -0.1618
   0.03057
   0.02359
  -0.1688
   0.004402
   -0.148
   -0.19
   0.1771757703637831
   -0.11119933333333333
   0.08352145912412103
   0.9896    -0.01501    0.1427
   0.0803    -0.7663    -0.6374
   0.119    0.6423    -0.7572
 Node:         94
  0.1319E+03  0.1271E+03  0.4550E+03 -0.8231E-01
  -0.02542
   0.1185
  -0.1139
  -0.04957
   0.1134
  -0.1379
   0.06253
   -0.04682
   -0.2559
   0.2802405518478723
   -0.08006333333333333
   0.1321066630500605
   0.7989    0.5703    0.191
   -0.5139    0.4823    0.7094
   0.3124    -0.665    0.6784
 Node:         95
  0.1253E+03  0.1240E+03  0.4712E+03 -0.8231E-01
  -0.06764
   0.02951
  -0.1313
   0.0224
   0.05061
  -0.1248
   -0.03295
   -0.1081
   -0.1925
   0.13825173597463433
   -0.11118333333333334
   0.06517249334565073
   0.8748    0.358    0.3264
   -0.4835    0.6023    0.6352
   0.03085    -0.7135    0.7
 Node:         96
  0.1206E+03  0.1223E+03  0.4852E+03 -0.8231E-01
  -0.008106
  -0.005698
  -0.1619
   0.03677
   0.0147
  -0.1668
   3.35E-5
   -0.1574
   -0.1848
   0.17277078694689676
   -0.11405550000000002
   0.08144493002739131
   0.9842    -0.009204    0.1768
   0.0985    -0.8014    -0.5899
   0.1472    0.598    -0.7879
 Node:         97
  0.1375E+03  0.1263E+03  0.4535E+03 -0.8231E-01
  -0.069
   0.08405
  -0.1125
  -0.03709
   0.119
  -0.1323
   0.02157
   -0.05145
   -0.261
   0.2540560251204447
   -0.09696
   0.11976315877597753
   -0.573    -0.6924    -0.4386
   0.7807    -0.2982    -0.5491
   -0.2494    0.6571    -0.7114
 Node:         98
  0.1301E+03  0.1235E+03  0.4691E+03 -0.8231E-01
  -0.06494
   0.05751
  -0.1245
   0.03964
   0.06362
  -0.1393
   0.003168
   -0.126
   -0.208
   0.18439129107417193
   -0.11027733333333334
   0.08692288820685966
   0.8011    0.4686    0.3723
   -0.5955    0.5615    0.5746
   0.06022    -0.682    0.7289
 Node:         99
  0.1260E+03  0.1218E+03  0.4827E+03 -0.8231E-01
  -0.004554
   0.01316
  -0.1601
   0.02229
  -0.002938
  -0.1663
   -5.261E-4
   -0.1636
   -0.1719
   0.16737831469820097
   -0.1120087
   0.07890289423111592
   0.992    0.06457    0.1087
   9.326E-4    0.856    -0.517
   -0.1264    0.513    0.849
 Node:        100
  0.1258E+03  0.1386E+03  0.4536E+03  0.0000E+00
   0.1744
  -8.945E-4
   0.01078
  -0.003609
   0.002394
  -0.01253
   0.1785
   0.01211
   -0.01153
   0.17938210975456834
   0.05969333333333333
   0.08456153748733654
   -0.9998    0.006143    0.01804
   -0.007898    -0.9951    -0.09891
   0.01735    -0.09904    0.9949
 Node:        101
  0.1192E+03  0.1344E+03  0.4717E+03  0.0000E+00
   0.181
  -0.003005
   0.01013
  -0.03348
  -0.01736
  -0.01631
   0.2006
   0.0192
   -0.02608
   0.2077739887473887
   0.06457333333333333
   0.09794559759830397
   -0.9893    -0.002377    0.1456
   0.06093    -0.9149    0.3991
   0.1322    0.4037    0.9053
 Node:        102
  0.1139E+03  0.1313E+03  0.4875E+03  0.0000E+00
   0.1762
  -0.007829
  -0.001488
  -0.01275
  -0.01868
  -0.002605
   0.1834
   0.01673
   -0.02104
   0.18841599640157947
   0.05969666666666667
   0.08882015249305131
   -0.9974    0.03351    0.06446
   0.01964    -0.73    0.6832
   0.06995    0.6827    0.7274
 Node:        103
  0.1335E+03  0.1374E+03  0.4530E+03  0.0000E+00
   0.1769
  -0.01573
   0.01456
  -0.005475
  -0.004117
  -0.01558
   0.1855
   0.01535
   -0.01427
   0.1867303132863007
   0.06219333333333333
   0.08802551385188778
   -0.9947    0.1005    0.02308
   0.09584    0.9836    -0.1529
   0.03808    0.1499    0.988
 Node:        104
  0.1257E+03  0.1337E+03  0.4703E+03  0.0000E+00
   0.1829
  -0.01647
   0.00616
  -0.04207
  -0.02871
  -0.01552
   0.211
   0.02648
   -0.03915
   0.22464410720070088
   0.06611
   0.10589824770347556
   -0.9844    0.05118    0.1685
   0.04687    -0.8462    0.5308
   0.1698    0.5304    0.8306
 Node:        105
  0.1201E+03  0.1317E+03  0.4854E+03  0.0000E+00
   0.1753
  -0.01356
  -0.002328
  -0.01922
  -0.01904
  -0.002403
   0.1847
   0.0168
   -0.02324
   0.19109245824992677
   0.05942
   0.09008184870808696
   -0.9937    0.05891    0.09545
   0.02313    -0.7251    0.6883
   0.1098    0.6862    0.7191
 Node:        106
  0.1411E+03  0.1354E+03  0.4523E+03  0.0000E+00
   0.179
  -0.01395
   0.006749
   0.01289
  -0.03972
  -0.005972
   0.1865
   0.03902
   -0.03707
   0.19688014552006
   0.06281666666666667
   0.09281019065215246
   -0.9903    0.1071    -0.08879
   0.1391    0.7676    -0.6256
   -0.001146    0.6319    0.7751
 Node:        107
  0.1330E+03  0.1319E+03  0.4686E+03  0.0000E+00
   0.1885
  -0.04336
   0.00412
  -0.02198
  -0.06457
  -0.006323
   0.2147
   0.06282
   -0.06483
   0.2423830416922768
   0.07089666666666666
   0.11426046161682041
   -0.9802    0.1957    0.02919
   -0.1242    -0.7235    0.679
   0.154    0.662    0.7335
 Node:        108
  0.1273E+03  0.1304E+03  0.4831E+03  0.0000E+00
   0.1761
  -0.02084
  -0.001504
  -0.01863
  -0.01245
  -8.641E-4
   0.1857
   0.0113
   -0.01707
   0.19017871831516794
   0.05997666666666667
   0.08965110757201435
   -0.9906    0.102    0.09126
   -0.00598    -0.6985    0.7155
   0.1367    0.7083    0.6926
 Node:        109
  0.1018E+03  0.1092E+03  0.4946E+03 -0.2407E-05
  -4.814E-6
   2.399E-16
  -4.814E-6
   9.595E-17
  -2.399E-17
  -4.814E-6
   -4.814E-6
   -4.814E-6
   -4.814E-6
   0.0
   -4.814E-6
   0.0
   -0.3792    -0.925    -0.02401
   0.4801    -0.2189    0.8495
   0.791    -0.3106    -0.5271
 Node:        110
  0.1058E+03  0.1118E+03  0.5081E+03 -0.2407E-05
  -4.814E-6
   4.797E-17
  -4.814E-6
  -2.399E-17
  -8.995E-17
  -4.814E-6
   -4.814E-6
   -4.814E-6
   -4.814E-6
   0.0
   -4.814E-6
   0.0
   -0.02838    -0.09128    0.9954
   0.7346    0.6734    0.08269
   -0.6779    0.7336    0.04794
 Node:        111
  0.1108E+03  0.1137E+03  0.5210E+03 -0.2407E-05
  -4.814E-6
   9.595E-17
  -4.814E-6
  -4.797E-17
   5.637E-16
  -4.814E-6
   -4.814E-6
   -4.814E-6
   -4.814E-6
   0.0
   -4.814E-6
   0.0
   0.9393    0.3168    0.1319
   0.3364    -0.7738    -0.5367
   -0.06801    0.5485    -0.8334
 Node:        112
  0.1072E+03  0.1111E+03  0.4942E+03 -0.2407E-05
  -4.814E-6
   2.399E-16
  -4.814E-6
  -3.709E-38
   2.399E-17
  -4.814E-6
   -4.814E-6
   -4.814E-6
   -4.814E-6
   0.0
   -4.814E-6
   0.0
   0.3759    0.9265    0.01669
   0.9266    -0.3757    -0.01402
   0.006716    -0.02074    0.9998
 Node:        113
  0.1071E+03  0.1139E+03  0.5077E+03 -0.2407E-05
  -4.814E-6
   4.895E-37
  -4.814E-6
   2.878E-16
  -2.639E-16
  -4.814E-6
   -4.814E-6
   -4.814E-6
   -4.814E-6
   0.0
   -4.814E-6
   0.0
   -0.1654    0.6537    -0.7384
   -0.2298    -0.7537    -0.6157
   -0.9591    0.06783    0.2749
 Node:        114
  0.1093E+03  0.1164E+03  0.5209E+03 -0.2407E-05
  -4.814E-6
   1.919E-16
  -4.814E-6
  -4.797E-17
   9.595E-17
  -4.814E-6
   -4.814E-6
   -4.814E-6
   -4.814E-6
   0.0
   -4.814E-6
   0.0
   -0.6573    -0.7285    -0.1932
   -0.4203    0.1416    0.8963
   0.6255    -0.6703    0.3993
 Node:        115
  0.1129E+03  0.1120E+03  0.4932E+03 -0.2407E-05
  -4.814E-6
  -4.45E-38
  -4.814E-6
  -1.439E-16
  -4.797E-17
  -4.814E-6
   -4.814E-6
   -4.814E-6
   -4.814E-6
   0.0
   -4.814E-6
   0.0
   0.6708    0.2236    -0.7071
   0.3162    -0.9487    -3.104E-7
   -0.6708    -0.2236    -0.7071
 Node:        116
  0.1092E+03  0.1143E+03  0.5068E+03 -0.2407E-05
  -4.814E-6
   8.995E-17
  -4.814E-6
   2.878E-16
   3.598E-17
  -4.814E-6
   -4.814E-6
   -4.814E-6
   -4.814E-6
   0.0
   -4.814E-6
   0.0
   -0.223    -0.9699    -0.09798
   0.8805    -0.2435    0.4068
   -0.4184    0.004425    0.9083
 Node:        117
  0.1089E+03  0.1172E+03  0.5207E+03 -0.2407E-05
  -4.814E-6
  -1.199E-16
  -4.814E-6
  -2.399E-16
  -2.878E-16
  -4.814E-6
   -4.814E-6
   -4.814E-6
   -4.814E-6
   0.0
   -4.814E-6
   0.0
   -0.232    -0.2201    0.9475
   -0.8739    0.475    -0.1036
   -0.4272    -0.852    -0.3026
 Node:        118
  0.1017E+03  0.1094E+03  0.4948E+03 -0.2407E-05
  -4.814E-6
   1.439E-16
  -4.814E-6
  -2.399E-16
  -3.118E-16
  -4.814E-6
   -4.814E-6
   -4.814E-6
   -4.814E-6
   0.0
   -4.814E-6
   0.0
   -0.276    -0.4258    0.8617
   0.1261    0.8727    0.4716
   0.9529    -0.2388    0.1872
 Node:        119
  0.1058E+03  0.1120E+03  0.5082E+03 -0.2407E-05
  -4.814E-6
  -5.997E-17
