 Group name: gastroc_Strain
 #Fields=  16
 1) coordinates, coordinate, rectangular cartesian, #Components=3
   x.  Value index= 1, #Derivatives=0
   y.  Value index= 2, #Derivatives=0
   z.  Value index= 3, #Derivatives=0
 2) Tensor_1, field, rectangular cartesian, #Components=1
   Tensor_1.  Value index= 4, #Derivatives=0
 3) Tensor_2, field, rectangular cartesian, #Components=1
   Tensor_2.  Value index= 5, #Derivatives=0
 4) Tensor_3, field, rectangular cartesian, #Components=1
   Tensor_3.  Value index= 6, #Derivatives=0
 5) Tensor_4, field, rectangular cartesian, #Components=1
   Tensor_4.  Value index= 7, #Derivatives=0
 6) Tensor_5, field, rectangular cartesian, #Components=1
   Tensor_5.  Value index= 8, #Derivatives=0
 7) Tensor_6, field, rectangular cartesian, #Components=1
   Tensor_6.  Value index= 9, #Derivatives=0
 8) Principal_1, field, rectangular cartesian, #Components=1
   Principal_1.  Value index= 10, #Derivatives=0
 9) Principal_2, field, rectangular cartesian, #Components=1
   Principal_2.  Value index= 11, #Derivatives=0
 10) Principal_3, field, rectangular cartesian, #Components=1
   Principal_3.  Value index= 12, #Derivatives=0
 11) VonMises, field, rectangular cartesian, #Components=1
   VonMises.  Value index= 13, #Derivatives=0
 12) Hydrostatic, field, rectangular cartesian, #Components=1
   VonMises.  Value index= 14, #Derivatives=0
 13) Octahedral, field, rectangular cartesian, #Components=1
   VonMises.  Value index= 15, #Derivatives=0
 14) PrincipalVector1, field, rectangular cartesian, #Components=3
   x.  Value index= 16, #Derivatives=0
   y.  Value index= 17, #Derivatives=0
   z.  Value index= 18, #Derivatives=0
 15) PrincipalVector2, field, rectangular cartesian, #Components=3
   x.  Value index= 19, #Derivatives=0
   y.  Value index= 20, #Derivatives=0
   z.  Value index= 21, #Derivatives=0
 16) PrincipalVector3, field, rectangular cartesian, #Components=3
   x.  Value index= 22, #Derivatives=0
   y.  Value index= 23, #Derivatives=0
   z.  Value index= 24, #Derivatives=0
 Node:          1
  0.1287E+03  0.1133E+03  0.4908E+03 -0.1838E-05
  -1.11E-16
  -8.327E-17
  -2.22E-16
  -2.776E-17
  -4.163E-17
  -3.331E-16
   -6.637E-17
   -2.4E-16
   -3.598E-16
   2.5553921597281306E-16
   -2.2205666666666663E-16
   1.204623416489799E-16
   0.8837    -0.4676    -0.01897
   0.4046    0.7837    -0.4712
   0.2352    0.4088    0.8818
 Node:          2
  0.1292E+03  0.1137E+03  0.5052E+03 -0.1838E-05
  -5.551E-17
  -1.11E-16
  -1.665E-16
  -5.551E-17
   1.943E-16
  -2.776E-16
   8.603E-17
   -1.6E-16
   -4.256E-16
   4.4319260925696854E-16
   -1.6652333333333334E-16
   2.089229995849082E-16
   -0.6554    0.6199    0.4313
   0.7522    0.4849    0.4462
   -0.06744    -0.6169    0.7841
 Node:          3
  0.1289E+03  0.1155E+03  0.5194E+03 -0.1838E-05
   2.22E-16
   1.388E-16
   3.331E-16
   1.11E-16
   5.551E-17
   2.22E-16
   4.753E-16
   2.118E-16
   9.006E-17
   3.4107384479024473E-16
   2.590533333333333E-16
   1.6078375235770005E-16
   -0.5696    -0.7144    -0.4063
   0.2395    -0.6172    0.7494
   -0.7862    0.3296    0.5227
 Node:          4
  0.1361E+03  0.1141E+03  0.4915E+03 -0.1838E-05
   0.0
  -2.776E-17
  -1.11E-16
  -2.776E-17
  -8.327E-17
   2.22E-16
   2.435E-16
   6.328E-18
   -1.388E-16
   3.3426485304919515E-16
   3.700933333333334E-17
   1.5757396286894045E-16
   -0.08549    -0.2215    0.9714
   0.9681    -0.2491    0.0284
   0.2357    0.9428    0.2357
 Node:          5
  0.1341E+03  0.1144E+03  0.5054E+03 -0.1838E-05
   3.331E-16
   1.388E-16
   3.331E-16
   5.551E-17
  -6.939E-17
   4.441E-16
   4.814E-16
   4.627E-16
   1.662E-16
   3.062784517395894E-16
   3.7010000000000004E-16
   1.4438104677092028E-16
   -0.348    -0.6443    0.681
   -0.6589    -0.3487    -0.6665
   0.6669    -0.6807    -0.3032
 Node:          6
  0.1323E+03  0.1162E+03  0.5191E+03 -0.1838E-05
   2.22E-16
   5.551E-17
   2.22E-16
  -5.551E-17
  -2.776E-17
   0.0
   2.897E-16
   1.685E-16
   -1.402E-17
   2.648101478418076E-16
   1.4806E-16
   1.2483270084396958E-16
   -0.715    -0.6696    0.2012
   0.6656    -0.7399    -0.09741
   -0.2141    -0.06426    -0.9747
 Node:          7
  0.1408E+03  0.1171E+03  0.4920E+03 -0.1838E-05
   3.331E-16
   2.22E-16
   2.22E-16
  -8.327E-17
  -1.11E-16
   0.0
   5.398E-16
   6.158E-17
   -4.631E-17
   5.403052621435404E-16
   1.8502333333333335E-16
   2.5470234318164845E-16
   -0.7537    -0.6111    0.2419
   -0.656    0.677    -0.3335
   -0.04004    0.4101    0.9112
 Node:          8
  0.1367E+03  0.1169E+03  0.5055E+03 -0.1838E-05
   2.22E-16
   1.943E-16
   2.22E-16
  -4.025E-16
  -2.359E-16
  -2.22E-16
   6.547E-16
   4.477E-17
   -4.775E-16
   9.814930967154074E-16
   7.399000000000001E-17
   4.626802829168323E-16
   -0.6847    -0.5611    0.4652
   0.5685    -0.8105    -0.1409
   -0.4561    -0.1681    -0.8739
 Node:          9
  0.1339E+03  0.1180E+03  0.5191E+03 -0.1838E-05
   2.22E-16
   1.665E-16
   0.0
  -3.955E-16
  -2.776E-16
   6.661E-16
   1.002E-15
   -9.379E-18
   -1.046E-16
   1.062195387036208E-15
   2.96007E-16
   5.007237074122481E-16
   -0.4817    -0.3073    0.8207
   -0.8565    -0.03292    -0.515
   -0.1853    0.951    0.2474
 Node:         10
  0.1294E+03  0.1212E+03  0.4911E+03 -0.1838E-05
   0.0
   2.776E-17
   1.11E-16
  -1.388E-17
   1.249E-16
   1.11E-16
   2.363E-16
   2.303E-17
   -3.732E-17
   2.48992088026909E-16
   7.400333333333333E-17
   1.173759959370834E-16
   0.0421    0.71    0.703
   -0.7813    -0.4152    0.4661
   -0.6228    0.5688    -0.5372
 Node:         11
  0.1295E+03  0.1214E+03  0.5055E+03 -0.1838E-05
  -2.22E-16
  -2.776E-17
  -2.22E-16
  -4.163E-17
   1.388E-17
  -1.665E-16
   -1.365E-16
   -2.183E-16
   -2.558E-16
   1.0566451627675205E-16
   -2.035333333333333E-16
   4.9810730660058464E-17
   -0.4935    0.2929    0.8189
   0.3541    -0.7924    0.4968
   -0.7944    -0.5351    -0.2873
 Node:         12
  0.1295E+03  0.1217E+03  0.5196E+03 -0.1838E-05
   1.11E-16
   0.0
   1.11E-16
   7.633E-17
   2.776E-17
   2.22E-16
   2.649E-16
   1.11E-16
   6.816E-17
   1.792025435087348E-16
   1.4801999999999999E-16
   8.447688914726913E-17
   -0.4387    -0.1595    -0.8844
   0.3417    -0.9398    -2.255E-17
   0.8311    0.3022    -0.4668
 Node:         13
  0.1361E+03  0.1199E+03  0.4914E+03 -0.1838E-05
   1.11E-16
  -1.388E-16
   0.0
  -9.714E-17
   2.776E-17
  -1.665E-16
   2.285E-16
   -8.52E-17
   -1.988E-16
   3.833392361864358E-16
   -1.849999999999999E-17
   1.807078489348669E-16
   0.8171    -0.5252    -0.2378
   0.4648    0.8442    -0.2671
   0.341    0.1077    0.9339
 Node:         14
  0.1342E+03  0.1198E+03  0.5054E+03 -0.1838E-05
  -5.551E-17
   2.776E-17
   0.0
   5.551E-17
  -9.021E-17
   1.11E-16
   1.672E-16
   -4.94E-18
   -1.068E-16
   2.398787602102362E-16
   1.8486666666666665E-17
   1.130799320048532E-16
   0.1634    -0.4472    0.8794
   -0.6569    -0.7144    -0.2412
   -0.7361    0.5382    0.4105
 Node:         15
  0.1330E+03  0.1205E+03  0.5193E+03 -0.1838E-05
   2.22E-16
  -8.327E-17
  -5.551E-17
   1.388E-17
   4.857E-17
   0.0
   2.451E-16
   2.471E-17
   -1.033E-16
   3.0523832672192397E-16
   5.550333333333333E-17
   1.438907271354049E-16
   -0.9638    0.2667    -0.001723
   0.1157    0.4239    0.8983
   0.2403    0.8656    -0.4394
 Node:         16
  0.1404E+03  0.1188E+03  0.4918E+03 -0.1838E-05
   2.22E-16
   5.551E-17
   2.22E-16
  -8.327E-17
  -1.457E-16
   4.441E-16
   5.466E-16
   1.95E-16
   1.465E-16
   3.7818964819254375E-16
   2.9603333333333337E-16
   1.7828030987433498E-16
   -0.2927    -0.4328    0.8526
   -0.9222    -0.1077    -0.3713
   -0.2526    0.895    0.3676
 Node:         17
  0.1365E+03  0.1184E+03  0.5055E+03 -0.1838E-05
  -1.11E-16
   2.776E-17
  -1.11E-16
   9.714E-17
   1.7E-16
   0.0
   1.573E-16
   -1.341E-16
   -2.452E-16
   3.600440389730123E-16
   -7.400000000000001E-17
   1.697263876557404E-16
   0.3368    0.5285    0.7792
   0.8927    -0.4425    -0.08566
   -0.2996    -0.7244    0.6209
 Node:         18
  0.1341E+03  0.1191E+03  0.5192E+03 -0.1838E-05
   0.0
   0.0
   0.0
   2.645E-17
   1.065E-16
   4.441E-16
   4.697E-16
   -1.672E-33
   -2.562E-17
   4.830198633596759E-16
   1.4802666666666666E-16
   2.2769774721961763E-16
   -0.05484    -0.2207    -0.9738
   0.9705    -0.2411    -6.21E-17
   -0.2348    -0.9451    0.2274
 Node:         19
  0.1301E+03  0.1291E+03  0.4914E+03  0.0000E+00
   1.11E-16
   0.0
   1.11E-16
   2.101E-19
   1.001E-17
  -2.22E-16
   1.113E-16
   1.11E-16
   -2.223E-16
   3.3345010121455954E-16
   0.0
   1.5718988517077046E-16
   -0.02096    -0.9993    -0.03003
   0.9998    -0.02097    1.345E-19
   6.298E-4    0.03003    -0.9995
 Node:         20
  0.1299E+03  0.1291E+03  0.5058E+03  0.0000E+00
   2.22E-16
   0.0
   0.0
   1.041E-17
   1.924E-17
  -5.551E-17
   2.224E-16
   5.975E-18
   -6.188E-17
   2.5715676157744715E-16
   5.549833333333335E-17
   1.2122485995959007E-16
   -0.9993    -0.003257    -0.03765
   0.01428    -0.9549    -0.2965
   -0.03498    -0.2968    0.9543
 Node:         21
  0.1301E+03  0.1280E+03  0.5197E+03  0.0000E+00
   1.11E-16
   0.0
   0.0
   4.163E-17
   1.475E-17
   1.11E-16
   1.534E-16
   7.089E-17
   -2.22E-18
   1.3485280234388901E-16
   7.402333333333333E-17
   6.357022066624871E-17
   -0.6994    -0.0684    -0.7114
   -0.7126    0.1429    0.6869
   -0.05465    -0.9874    0.1487
 Node:         22
  0.1360E+03  0.1256E+03  0.4913E+03  0.0000E+00
  -2.22E-16
   1.388E-17
  -1.11E-16
  -1.388E-17
   1.006E-16
   1.11E-16
   1.5E-16
   -1.456E-16
   -2.264E-16
   3.432090907886911E-16
   -7.4E-17
   1.617903169743686E-16
   -0.02144    0.3586    0.9332
   0.228    0.9106    -0.3447
   -0.9734    0.2054    -0.1013
 Node:         23
  0.1343E+03  0.1253E+03  0.5054E+03  0.0000E+00
   0.0
   2.082E-17
  -4.441E-16
   0.0
   1.314E-16
  -1.665E-16
   1.265E-18
   -1.147E-16
   -4.972E-16
   4.517861703560657E-16
   -2.0354499999999996E-16
   2.1297404313671653E-16
   0.997    0.06061    0.04746
   0.06644    -0.3661    -0.9282
   0.03888    -0.9286    0.369
 Node:         24
  0.1336E+03  0.1248E+03  0.5194E+03  0.0000E+00
  -2.22E-16
   1.214E-17
   0.0
   1.388E-17
   8.674E-19
  -1.665E-16
   6.779E-19
   -1.633E-16
   -2.259E-16
   2.026635838733984E-16
   -1.2950736666666666E-16
   9.553652963763242E-17
   -0.05504    -0.9984    -0.009747
   0.2257    -0.02195    0.974
   -0.9726    0.05141    0.2265
 Node:         25
  0.1400E+03  0.1206E+03  0.4917E+03  0.0000E+00
   0.0
   2.671E-16
  -1.11E-16
  -8.327E-17
  -1.301E-16
   2.22E-16
   3.681E-16
   7.58E-17
   -3.329E-16
   6.098671904603493E-16
   3.699999999999999E-17
   2.8749415066513385E-16
   0.5089    0.4781    -0.7159
   0.6086    0.3883    0.692
   0.6088    -0.7878    -0.09334
 Node:         26
  0.1363E+03  0.1200E+03  0.5055E+03  0.0000E+00
   2.22E-16
   1.076E-16
  -6.106E-16
   2.776E-17
  -1.124E-15
  -5.551E-17
   8.281E-16
   2.248E-16
   -1.497E-15
   2.089815319591662E-15
   -1.4803333333333336E-16
   9.851483892738641E-16
   0.07371    0.6174    -0.7832
   0.9955    0.001018    0.09449
   -0.05914    0.7866    0.6146
 Node:         27
  0.1343E+03  0.1203E+03  0.5192E+03  0.0000E+00
   2.22E-16
  -1.943E-16
   2.22E-16
  -1.041E-16
   1.313E-15
   0.0
   1.466E-15
   1.875E-16
   -1.209E-15
   2.3173691440942246E-15
   1.4816666666666667E-16
   1.0924182908676612E-15
   -0.1693    0.728    0.6643
   0.9848    0.09849    0.1431
   0.03876    0.6785    -0.7336
 Node:         28
  0.1155E+03  0.1124E+03  0.4931E+03 -0.1086E-04
  -2.22E-16
   3.816E-17
   2.22E-16
  -5.551E-17
   5.551E-17
   1.11E-16
   2.455E-16
   1.014E-16
   -2.359E-16
   4.279497984577163E-16
   3.699999999999999E-17
   2.0173746966457835E-16
   0.03184    0.9284    0.3701
   0.1988    0.3571    -0.9127
   0.9795    -0.1026    0.1732
 Node:         29
  0.1119E+03  0.1139E+03  0.5068E+03 -0.1086E-04
  -2.22E-16
  -2.082E-17
   0.0
   5.551E-17
   6.939E-18
  -3.331E-16
   1.944E-18
   -2.004E-16
   -3.566E-16
   3.113642033631998E-16
   -1.8501866666666668E-16
   1.4677849307791052E-16
   -0.09118    0.9958    0.005517
   -0.9179    -0.08189    -0.3884
   -0.3863    -0.04048    0.9215
 Node:         30
  0.1113E+03  0.1159E+03  0.5206E+03 -0.1086E-04
   2.22E-16
   1.249E-16
   2.22E-16
   0.0
  -2.776E-17
   1.11E-16
   3.486E-16
   1.238E-16
   8.277E-17
   2.4787505905193444E-16
   1.8505666666666664E-16
   1.1684942342842583E-16
   -0.7001    -0.7092    0.08287
   -0.4685    0.3686    -0.8029
   -0.5389    0.6009    0.5903
 Node:         31
  0.1203E+03  0.1126E+03  0.4920E+03 -0.1086E-04
  -5.551E-17
   9.714E-17
  -1.11E-16
   2.776E-17
   4.163E-17
  -5.551E-17
   4.114E-17
   -7.661E-17
   -1.866E-16
   1.9726678661143135E-16
   -7.402333333333333E-17
   9.29924550105485E-17
   -0.6956    -0.5654    -0.4433
   0.4358    0.1585    -0.886
   0.5712    -0.8095    0.1362
 Node:         32
  0.1188E+03  0.1134E+03  0.5062E+03 -0.1086E-04
   2.22E-16
  -1.388E-17
  -1.11E-16
  -2.776E-17
   9.714E-17
  -5.551E-17
   2.266E-16
   1.331E-17
   -1.844E-16
   3.5602167644681415E-16
   1.8503333333333345E-17
   1.6783022777663014E-16
   -0.9894    0.07624    0.1236
   0.1445    0.5992    0.7875
   0.01402    -0.797    0.6038
 Node:         33
  0.1183E+03  0.1150E+03  0.5201E+03 -0.1086E-04
   1.11E-16
   5.551E-17
   0.0
   8.327E-17
   0.0
   0.0
   1.7E-16
   0.0
   -5.893E-17
   2.0589037107159722E-16
   3.702333333333333E-17
   9.705765171049398E-17
   -0.8617    -0.2815    -0.4222
   0.0    -0.8321    0.5547
   -0.5074    0.478    0.717
 Node:         34
  0.1255E+03  0.1129E+03  0.4909E+03 -0.1086E-04
   0.0
   0.0
   0.0
   5.551E-17
   9.714E-17
   0.0
   1.119E-16
   3.387E-33
   -1.119E-16
   1.9381648536695736E-16
   0.0
   9.136596740581255E-17
   -0.3508    -0.6139    -0.7071
   0.8682    -0.4961    -4.855E-17
   -0.3508    -0.6139    0.7071
 Node:         35
  0.1260E+03  0.1135E+03  0.5054E+03 -0.1086E-04
   0.0
   1.11E-16
  -1.11E-16
   1.11E-16
   2.498E-16
  -1.11E-16
   2.41E-16
   -1.023E-16
   -3.608E-16
   5.228959647960578E-16
   -7.403333333333333E-17
   2.4649552170824977E-16
   0.5458    0.5925    0.5925
   0.8379    -0.3859    -0.3859
   -4.975E-17    -0.7071    0.7071
 Node:         36
  0.1257E+03  0.1153E+03  0.5196E+03 -0.1086E-04
   0.0
  -5.551E-17
   0.0
  -5.551E-17
   8.327E-17
   0.0
   1.305E-16
   -4.723E-17
   -8.327E-17
   1.982226619234037E-16
   0.0
   9.344305895392481E-17
   -0.5155    0.6059    0.6059
   0.8569    0.3645    0.3645
   -1.256E-16    0.7071    -0.7071
 Node:         37
  0.1132E+03  0.1210E+03  0.4959E+03 -0.1086E-04
  -2.22E-16
   1.388E-16
  -2.22E-16
  -8.327E-17
   1.804E-16
  -2.776E-16
   -4.482E-17
   -1.622E-16
   -5.146E-16
   4.2347200190803645E-16
   -2.4054E-16
   1.9962661612787678E-16
   0.3971    0.7887    0.4693
   -0.7874    0.0301    0.6157
   0.4715    -0.614    0.633
 Node:         38
  0.1111E+03  0.1204E+03  0.5085E+03 -0.1086E-04
  -1.665E-16
   9.714E-17
   0.0
  -2.776E-17
  -8.327E-17
  -2.22E-16
   7.071E-17
   -2.091E-16
   -2.502E-16
   3.0246162913665597E-16
   -1.2953E-16
   1.4258177934084005E-16
   -0.3916    -0.8746    0.2859
   0.9154    -0.3389    0.217
   0.09287    -0.3467    -0.9334
 Node:         39
  0.1119E+03  0.1201E+03  0.5207E+03 -0.1086E-04
  -5.551E-17
  -9.714E-17
  -3.331E-16
  -8.327E-17
  -7.633E-17
  -1.11E-16
   8.934E-18
   -1.105E-16
   -3.981E-16
   3.6239130612640252E-16
   -1.6655533333333335E-16
   1.7083290000335286E-16
   0.851    -0.1281    -0.5092
   0.4076    -0.4503    0.7944
   -0.3311    -0.8836    -0.331
 Node:         40
  0.1191E+03  0.1220E+03  0.4937E+03 -0.1086E-04
   0.0
   8.327E-17
  -2.22E-16
   8.327E-17
  -1.388E-17
  -2.22E-16
   4.872E-17
   -2.082E-16
   -2.846E-16
   3.0244591979393603E-16
   -1.4802666666666666E-16
   1.4257437388566321E-16
   -0.924    -0.2703    -0.2703
   0.0    -0.7071    0.7071
   0.3823    -0.6534    -0.6534
 Node:         41
  0.1182E+03  0.1217E+03  0.5073E+03 -0.1086E-04
   0.0
  -2.776E-17
  -5.551E-17
   5.551E-17
   9.714E-17
   1.11E-16
   1.653E-16
   1.073E-17
   -1.206E-16
   2.478691830381502E-16
   1.8476666666666666E-17
   1.168466534489637E-16
   0.2406    0.3653    0.8993
   -0.8901    0.4526    0.05428
   -0.3871    -0.8135    0.434
 Node:         42
  0.1187E+03  0.1212E+03  0.5204E+03 -0.1086E-04
   0.0
  -5.551E-17
  -1.11E-16
   0.0
   5.551E-17
   1.11E-16
   1.256E-16
   1.887E-17
   -1.444E-16
   2.3552960089975954E-16
   2.3333333333339628E-20
   1.1102971864425409E-16
   0.1113    -0.2517    -0.9614
   0.9295    -0.3159    0.1903
   -0.3516    -0.9148    0.1988
 Node:         43
  0.1258E+03  0.1217E+03  0.4915E+03 -0.1086E-04
   2.22E-16
   1.11E-16
   1.11E-16
  -1.388E-17
   0.0
  -5.551E-17
   2.911E-16
   4.294E-17
   -5.645E-17
   3.1004254562882173E-16
   9.253E-17
   1.4615545764698628E-16
   -0.8507    -0.5246    0.03406
   -0.5213    0.8502    0.07348
   0.06751    -0.04475    0.9967
 Node:         44
  0.1259E+03  0.1220E+03  0.5059E+03 -0.1086E-04
  -2.22E-16
   1.388E-16
  -2.22E-16
   9.714E-17
   1.11E-16
  -1.11E-16
   5.081E-17
   -2.445E-16
   -3.614E-16
   3.679610646522265E-16
   -1.8503E-16
   1.7345850935214064E-16
   -0.5113    -0.534    -0.6733
   -0.5198    -0.4318    0.7372
   -0.6844    0.7269    -0.05679
 Node:         45
  0.1261E+03  0.1221E+03  0.5198E+03 -0.1086E-04
  -5.551E-17
  -8.327E-17
  -2.776E-16
   2.776E-17
  -6.939E-18
   1.11E-16
   1.167E-16
   -3.339E-17
   -3.053E-16
   3.7050374910383835E-16
   -7.399666666666666E-17
   1.7465714229757554E-16
   0.1854    -0.05643    0.981
   0.9302    -0.3117    -0.1938
   -0.3167    -0.9485    0.005308
 Node:         46
  0.1117E+03  0.1296E+03  0.4959E+03  0.0000E+00
  -5.551E-17
   2.776E-17
  -1.665E-16
   6.939E-18
  -2.602E-17
   0.0
   4.101E-18
   -4.897E-17
   -1.772E-16
   1.6144583695778595E-16
   -7.402300000000001E-17
   7.610629740479211E-17
   0.04856    -0.1429    0.9886
   0.9724    0.2327    -0.01414
   -0.228    0.962    0.1502
 Node:         47
  0.1107E+03  0.1269E+03  0.5087E+03  0.0000E+00
  -1.665E-16
  -3.123E-17
   1.11E-16
  -2.776E-17
   3.99E-17
   0.0
   1.289E-16
   -1.114E-17
   -1.732E-16
   2.6185783853075704E-16
   -1.8479999999999997E-17
   1.2344096888796688E-16
   -0.1292    0.939    0.3186
   -0.1008    -0.3321    0.9379
   -0.9865    -0.08906    -0.1376
 Node:         48
  0.1125E+03  0.1242E+03  0.5208E+03  0.0000E+00
   1.11E-16
   3.469E-18
   1.11E-16
   0.0
  -1.735E-18
   1.11E-16
   1.149E-16
   1.11E-16
   1.071E-16
   6.75499814951862E-18
   1.1099999999999999E-16
   3.1843366656181307E-18
   -0.6325    -0.7071    0.3162
   0.4472    -4.455E-15    0.8944
   -0.6325    0.7071    0.3162
 Node:         49
  0.1186E+03  0.1311E+03  0.4938E+03  0.0000E+00
  -1.665E-16
  -2.082E-17
   0.0
  -4.163E-17
  -6.072E-18
  -5.551E-17
   2.581E-18
   -4.165E-17
   -1.83E-16
   1.6789358448433935E-16
   -7.402300000000001E-17
   7.914579473772858E-17
   0.1174    -0.9929    0.01965
   -0.3135    -0.01827    0.9494
   -0.9423    -0.1176    -0.3134
 Node:         50
  0.1180E+03  0.1298E+03  0.5075E+03  0.0000E+00
   0.0
  -1.301E-17
   3.331E-16
  -4.163E-17
   1.247E-17
   2.22E-16
   3.354E-16
   2.276E-16
   -7.879E-18
   3.040655120874448E-16
   1.8504033333333332E-16
   1.4333785701466156E-16
   0.05441    -0.9902    -0.1289
   -0.1707    -0.1364    0.9758
   0.9838    0.03109    0.1765
 Node:         51
  0.1192E+03  0.1275E+03  0.5206E+03  0.0000E+00
   0.0
  -3.469E-18
  -5.551E-17
   0.0
   1.475E-17
   1.11E-16
   1.123E-16
   2.087E-19
   -5.702E-17
   1.491791641607165E-16
   1.849623333333333E-17
   7.03237323931892E-17
   -0.002705    0.08758    0.9962
   0.9982    -0.06004    0.007989
   -0.06051    -0.9943    0.08725
 Node:         52
  0.1262E+03  0.1305E+03  0.4920E+03  0.0000E+00
   1.11E-16
  -1.388E-17
   1.11E-16
   1.301E-18
   4.906E-18
   0.0
   1.25E-16
   9.734E-17
   -2.497E-19
   1.1396559238686912E-16
   7.403009999999999E-17
   5.372389546579809E-17
   -0.7047    0.7092    0.02051
   0.7093    0.7034    0.04493
   -0.01744    -0.04621    0.9988
 Node:         53
  0.1258E+03  0.1304E+03  0.5063E+03  0.0000E+00
  -1.665E-16
  -1.735E-18
  -1.11E-16
   2.776E-17
   3.383E-17
  -2.22E-16
   -1.01E-16
   -1.572E-16
   -2.414E-16
   1.2239330047024632E-16
   -1.6653333333333332E-16
   5.769675515620921E-17
   0.09684    0.9526    0.2883
   -0.9346    0.1866    -0.3027
   -0.3422    -0.2402    0.9084
 Node:         54
  0.1265E+03  0.1288E+03  0.5200E+03  0.0000E+00
  -2.22E-16
   2.082E-17
   1.11E-16
   0.0
  -4.337E-18
   1.11E-16
   1.16E-16
   1.073E-16
   -2.233E-16
   3.350347295430729E-16
   0.0
   1.5793688612860518E-16
   -0.04656    -0.7562    0.6527
   -0.04117    -0.6514    -0.7576
   -0.9981    0.06215    8.061E-4
 Node:         55
  0.1383E+03  0.1167E+03  0.4556E+03 -0.1659E-01
  -0.1362
  -0.008792
   0.1355
   0.01363
   0.03083
   0.1181
   0.1589
   0.09589
   -0.1373
   0.2702612404692911
   0.039163333333333335
   0.12740237055181597
   0.004149    0.797    0.6039
   -0.06952    0.6027    -0.795
   0.9976    0.03868    -0.05791
 Node:         56
  0.1315E+03  0.1156E+03  0.4701E+03 -0.1659E-01
  -0.1448
   0.01814
   0.06571
   0.04736
  -0.009739
   0.01839
   0.06809
   0.03055
   -0.1593
   0.21113797171517962
   -0.02022
   0.09953139437718465
   -0.05219    -0.9882    0.1439
   0.2707    0.1247    0.9546
   -0.9612    0.08877    0.261
 Node:         57
  0.1285E+03  0.1140E+03  0.4824E+03 -0.1659E-01
  -0.03893
   0.01985
  -0.005912
   0.0152
  -0.0109
  -0.004902
   0.005936
   -6.701E-4
   -0.05501
   0.0579261607791333
   -0.016581366666666666
   0.027306654063351584
   -0.1541    -0.7963    0.5849
   0.5189    0.4385    0.7338
   -0.8408    0.4166    0.3456
 Node:         58
  0.1497E+03  0.1177E+03  0.4552E+03 -0.1659E-01
  -0.1651
  -0.05935
   0.2389
  -0.005408
   0.02992
   0.07879
   0.2528
   0.07349
   -0.1737
   0.37091590839434213
   0.050863333333333344
   0.17485143605040507
   0.1407    -0.975    -0.1721
   0.02019    -0.1709    0.9851
   -0.9898    -0.1421    -0.004365
 Node:         59
  0.1427E+03  0.1168E+03  0.4706E+03 -0.1659E-01
  -0.1617
  -0.04484
   0.157
   0.03302
  -9.23E-4
  -0.01264
   0.1634
   -0.006247
   -0.1745
   0.2926308140114434
   -0.005782333333333334
   0.137947488647754
   -0.1397    0.9897    -0.03139
   0.1913    0.05809    0.9798
   -0.9715    -0.1309    0.1975
 Node:         60
  0.1375E+03  0.1150E+03  0.4833E+03 -0.1659E-01
  -0.03929
  -0.001966
   0.0183
   0.02004
  -0.008683
  -0.01175
   0.02161
   -0.004438
   -0.04991
   0.06269494193314162
   -0.010912666666666668
   0.029554679058014188
   -0.1375    0.9353    -0.326
   -0.4516    -0.3521    -0.8198
   -0.8816    0.03451    0.4708
 Node:         61
  0.1568E+03  0.1223E+03  0.4537E+03 -0.1659E-01
  -0.1155
  -0.07364
   0.1951
  -0.05673
   0.08285
  -0.1257
   0.236
   -0.104
   -0.178
   0.3824081589087764
   -0.015333333333333329
   0.1802689348969724
   -0.2372    0.9382    0.2521
   0.7278    0.3436    -0.5936
   0.6435    -0.0427    0.7643
 Node:         62
  0.1502E+03  0.1206E+03  0.4703E+03 -0.1659E-01
  -0.04603
  -0.07827
   0.1412
  -0.009796
   0.03141
  -0.1657
   0.1728
   -0.07441
   -0.1689
   0.30561416377517586
   -0.02350333333333333
   0.14406789842138865
   -0.339    0.9358    0.09664
   0.9406    0.3391    0.01574
   -0.01804    0.09623    -0.9952
 Node:         63
  0.1437E+03  0.1181E+03  0.4839E+03 -0.1659E-01
   0.01042
  -0.01806
   0.01825
   0.009469
  -0.01127
  -0.03426
   0.0359
   -0.004144
   -0.03734
   0.06352005176320309
   -0.001861333333333333
   0.029943639562054276
   0.6157    -0.7608    0.2053
   0.7762    0.6304    0.008229
   0.1357    -0.1543    -0.9787
 Node:         64
  0.1419E+03  0.1252E+03  0.4530E+03 -0.1659E-01
  -0.09427
   0.03391
   0.1092
  -0.03028
   0.02279
   5.927E-4
   0.1174
   0.008101
   -0.1101
   0.19707105038792483
   0.005133666666666666
   0.09290018406990495
   0.1344    0.9786    0.156
   0.3145    0.1072    -0.9432
   -0.9397    0.1758    -0.2934
 Node:         65
  0.1346E+03  0.1229E+03  0.4688E+03 -0.1659E-01
  -0.09006
   0.01904
   0.09348
  -0.003443
   0.008756
  -0.002187
   0.09615
   -0.00269
   -0.09222
   0.16319960692354624
   4.13333333333335E-4
   0.07693303249507905
   -0.09983    -0.9914    -0.08478
   -0.05653    -0.07942    0.9952
   -0.9934    0.1041    -0.04811
 Node:         66
  0.1299E+03  0.1214E+03  0.4825E+03 -0.1659E-01
  -0.01354
   0.003074
   0.0125
   0.006775
  -0.005148
  -0.003557
   0.01406
   -8.237E-4
   -0.01783
   0.027637934667590486
   -0.001531233333333333
   0.013028647347629334
   -0.04213    -0.9632    0.2653
   0.4987    0.2099    0.841
   0.8658    -0.1678    -0.4715
 Node:         67
  0.1510E+03  0.1243E+03  0.4527E+03 -0.1659E-01
  -0.1087
  -0.03069
   0.1081
  -0.02308
   0.01916
   0.08933
   0.1263
   0.07744
   -0.115
   0.22095943428602455
   0.02957999999999999
   0.10416127623386086
   0.1608    -0.8318    -0.5313
   -0.01522    -0.5404    0.8413
   -0.9869    -0.1272    -0.09955
 Node:         68
  0.1440E+03  0.1225E+03  0.4692E+03 -0.1659E-01
  -0.09388
  -0.05739
   0.1063
  -0.002457
   0.01617
   0.04082
   0.1248
   0.03769
   -0.1092
   0.20484240796280442
   0.01776333333333333
   0.09656363716338683
   0.2512    -0.9491    -0.1902
   0.06048    -0.1807    0.9817
   -0.966    -0.2581    0.01201
 Node:         69
  0.1380E+03  0.1205E+03  0.4831E+03 -0.1659E-01
  -0.01206
  -0.0156
   0.02599
   0.005169
   5.091E-4
  -6.899E-4
   0.03162
   6.47E-4
   -0.01902
   0.044218362803251775
   0.004415666666666668
   0.020844736127430884
   -0.3402    0.9395    -0.03962
   0.2367    0.1264    0.9633
   0.9101    0.3184    -0.2654
 Node:         70
  0.1570E+03  0.1244E+03  0.4530E+03 -0.1659E-01
  -0.0998
  -0.03211
   0.03262
  -0.05987
   0.03862
   0.172
   0.1967
   0.02434
   -0.1163
   0.2715295372514747
   0.03491333333333334
   0.12800025138864202
   0.2183    -0.2638    -0.9395
   0.1054    -0.9508    0.2915
   -0.9702    -0.1626    -0.1798
 Node:         71
  0.1504E+03  0.1225E+03  0.4699E+03 -0.1659E-01
  -0.067
  -0.08362
   0.08758
  -0.04669
   0.04861
   0.05911
   0.1633
   0.0236
   -0.1072
   0.23430213400650024
   0.02656666666666667
   0.11045108520165033
   -0.3824    0.7598    0.5258
   0.07048    -0.5434    0.8365
   0.9213    0.357    0.1543
 Node:         72
  0.1436E+03  0.1199E+03  0.4838E+03 -0.1659E-01
  -0.00421
  -0.02931
   0.02693
  -0.001971
   0.007129
   2.958E-4
   0.04567
   -6.42E-4
   -0.02201
   0.059924849469981986
   0.007672666666666669
   0.028248844947871568
   -0.5051    0.849    0.1553
   0.1588    -0.08548    0.9836
   0.8484    0.5214    -0.09166
 Node:         73
  0.1455E+03  0.1339E+03  0.4520E+03  0.0000E+00
   0.02147
  -0.02671
  -0.0737
   0.01399
  -0.01794
   0.0775
   0.08448
   0.02269
   -0.08191
   0.14567909287196978
   0.008420000000000002
   0.06867378296458311
   -0.2759    0.1542    -0.9487
   0.9312    -0.2015    -0.3036
   -0.238    -0.9673    -0.088
 Node:         74
  0.1376E+03  0.1304E+03  0.4682E+03  0.0000E+00
   0.06545
  -0.03806
  -0.04593
   0.003517
  -0.02386
   0.03877
   0.08008
   0.04063
   -0.06241
   0.12743026367390126
   0.019433333333333334
   0.060071202381470234
   0.9081    -0.3244    0.2647
   -0.3171    -0.1199    0.9408
   -0.2735    -0.9383    -0.2117
 Node:         75
  0.1314E+03  0.1289E+03  0.4826E+03  0.0000E+00
   0.02043
  -0.01492
  -0.008038
  -0.006743
  -0.004095
   0.001509
   0.02765
   0.002991
   -0.01674
   0.03852175192018141
   0.004633666666666667
   0.018159328003964123
   -0.9148    0.3618    0.1793
   0.02957    -0.3828    0.9234
   0.4027    0.85    0.3395
 Node:         76
  0.1522E+03  0.1312E+03  0.4514E+03  0.0000E+00
   0.02827
  -0.0378
  -0.1104
  -0.002975
   0.03314
   0.1072
   0.1131
   0.03632
   -0.1243
   0.20982458483218785
   0.008373333333333335
   0.09891225786299469
   0.1073    -0.1636    -0.9807
   0.9659    -0.2168    0.1419
   0.2358    0.9624    -0.1347
 Node:         77
  0.1452E+03  0.1283E+03  0.4683E+03  0.0000E+00
   0.1089
  -0.01948
  -0.06754
  -0.007956
   0.02242
   0.03162
   0.1124
   0.03462
   -0.07403
   0.1621892348462129
   0.024329999999999994
   0.07645673853014308
   -0.9837    0.1228    0.131
   0.1523    0.184    0.971
   0.09515    0.9752    -0.1998
 Node:         78
  0.1385E+03  0.1261E+03  0.4829E+03  0.0000E+00
   0.04547
  -0.002975
  -0.007042
  -0.005467
  -0.001004
  -1.949E-5
   0.04627
   -4.008E-4
   -0.00746
   0.05057128027487538
   0.012803066666666666
   0.023839530143766583
   -0.9918    0.05316    0.116
   0.1037    -0.1939    0.9755
   -0.07435    -0.9796    -0.1868
 Node:         79
  0.1569E+03  0.1264E+03  0.4523E+03  0.0000E+00
   0.04134
   0.08636
   0.1967
   0.01784
  -0.02184
  -0.4904
   0.2354
   0.004146
   -0.4919
   0.6436246330867084
   -0.08411799999999998
   0.30340756172954336
   0.4052    0.9141    -0.01754
   0.9134    -0.4039    0.05078
   -0.03933    0.0366    0.9986
 Node:         80
  0.1505E+03  0.1244E+03  0.4694E+03  0.0000E+00
   0.118
   0.0558
   0.09129
   0.03693
  -0.007338
  -0.4433
   0.163
   0.04891
   -0.4459
   0.5606303034085831
   -0.07799666666666667
   0.26428365951925387
   0.7906    0.6109    0.04077
   -0.6086    0.7914    -0.05746
   -0.06737    0.02062    0.9975
 Node:         81
  0.1434E+03  0.1218E+03  0.4837E+03  0.0000E+00
   0.04836
   0.006892
   0.004954
  -0.004952
   8.253E-4
  -0.07553
   0.04961
   0.003917
   -0.07575
   0.10988587429237663
   -0.007407666666666664
   0.05180069791250135
   -0.9877    -0.1517    0.03808
   -0.1511    0.9883    0.01968
   0.04062    -0.01369    0.9991
 Node:         82
  0.1267E+03  0.1149E+03  0.4587E+03 -0.8231E-01
  -0.06773
  -0.003724
   0.04859
   0.01779
   0.03905
   0.01871
   0.07581
   -0.003802
   -0.07244
   0.12850546309009592
   -1.440000000000006E-4
   0.06057805624701627
   0.04998    0.8171    0.5744
   -0.2513    0.5669    -0.7845
   -0.9666    -0.1051    0.2337
 Node:         83
  0.1234E+03  0.1130E+03  0.4732E+03 -0.8231E-01
  -0.06702
   0.01068
   0.02237
   0.06266
   0.01475
  -0.03728
   0.0362
   -0.001575
   -0.1166
   0.1378505372677234
   -0.027325
   0.06498336646147741
   0.372    0.7962    0.4771
   -0.497    0.605    -0.6221
   -0.784    -0.005683    0.6208
 Node:         84
  0.1187E+03  0.1123E+03  0.4850E+03 -0.8231E-01
  -0.009449
   0.002414
   0.001652
   0.02335
  -8.463E-4
  -0.03978
   0.00435
   5.988E-4
   -0.05253
   0.05510025086549062
   -0.0158604
   0.025974507354712236
   -0.7448    -0.546    -0.3837
   0.4658    -0.8371    0.2869
   0.4778    -0.035    -0.8778
 Node:         85
  0.1303E+03  0.1162E+03  0.4574E+03 -0.8231E-01
  -0.06315
   8.028E-4
   0.06062
   0.02518
   0.05304
   0.02468
   0.1001
   -0.006556
   -0.07142
   0.15000325201808126
   0.007374666666666664
   0.07071221113467994
   -0.0955    -0.799    -0.5937
   0.3215    -0.5892    0.7413
   -0.9421    -0.1201    0.3132
 Node:         86
  0.1252E+03  0.1139E+03  0.4716E+03 -0.8231E-01
  -0.02224
   0.05269
   0.09017
   0.1191
   0.0438
  -0.01651
   0.1633
   0.02681
   -0.1387
   0.26194186396985114
   0.01713666666666667
   0.12348057885981728
   -0.5221    -0.6823    -0.5118
   0.4542    -0.7303    0.5102
   0.7219    -0.03391    -0.6912
 Node:         87
  0.1217E+03  0.1126E+03  0.4834E+03 -0.8231E-01
  -0.01847
   0.001782
   0.003593
   0.03044
  -0.005128
  -0.03725
   0.00561
   0.002398
   -0.06013
   0.06419429619522284
   -0.017374
   0.030261481435426566
   -0.5337    0.7073    -0.4636
   0.6057    0.7023    0.3742
   0.5902    -0.08113    -0.8031
 Node:         88
  0.1338E+03  0.1169E+03  0.4558E+03 -0.8231E-01
  -0.09449
  -0.005291
   0.04027
   0.01805
   0.06205
   0.08261
   0.1276
   -0.001784
   -0.09744
   0.19561862308072817
   0.009458666666666662
   0.09221550327117212
   0.05255    0.5762    0.8156
   -0.156    0.8114    -0.5632
   -0.9864    -0.09761    0.1325
 Node:         89
  0.1270E+03  0.1150E+03  0.4700E+03 -0.8231E-01
  -0.1145
   0.02432
   0.02109
   0.05518
   0.01408
  -0.01041
   0.04106
   -0.004786
   -0.14
   0.16304509362749925
   -0.03457533333333334
   0.07686019422880018
   0.3161    0.7729    0.5503
   -0.2354    0.6257    -0.7437
   -0.9191    0.1055    0.3797
 Node:         90
  0.1248E+03  0.1132E+03  0.4823E+03 -0.8231E-01
  -0.03248
   0.01928
  -0.009243
   0.01677
  -0.00939
  -0.009615
   0.001649
   -9.172E-4
   -0.05207
   0.05248297481698232
   -0.017112733333333335
   0.02474071159328733
   0.5004    0.8655    0.02351
   0.3464    -0.225    0.9107
   -0.7935    0.4476    0.4124
 Node:         91
  0.1263E+03  0.1270E+03  0.4559E+03 -0.8231E-01
  -0.04162
   0.05267
   0.0886
   9.811E-4
   0.04939
   0.01604
   0.1272
   -3.552E-4
   -0.06386
   0.16853354602286158
   0.020994933333333337
   0.07944747550012035
   -0.276    -0.8775    -0.3922
   -0.3479    -0.2892    0.8918
   -0.896    0.3825    -0.2255
 Node:         92
  0.1212E+03  0.1239E+03  0.4731E+03 -0.8231E-01
  -0.07203
   0.01856
   0.05766
   0.01857
   0.03397
   0.03258
   0.08557
   0.009142
   -0.07651
   0.14044114548094513
   0.006067333333333332
   0.06620459088478851
   -0.1621    -0.804    -0.5722
   0.05112    -0.5859    0.8088
   -0.9854    0.1019    0.1361
 Node:         93
  0.1160E+03  0.1217E+03  0.4877E+03 -0.8231E-01
  -0.01375
  -0.003762
   0.005235
   0.01425
   0.01114
  -0.007084
   0.01266
   -1.626E-4
   -0.02809
   0.03608961929364177
   -0.005197533333333334
   0.01701280968864997
   0.2073    0.7804    0.59
   -0.6715    0.552    -0.4943
   -0.7114    -0.2937    0.6385
 Node:         94
  0.1319E+03  0.1271E+03  0.4550E+03 -0.8231E-01
  -0.0464
   0.05105
   0.09869
  -0.02213
   0.05015
   0.05221
   0.1366
   0.04168
   -0.07378
   0.18248364639057388
   0.034833333333333334
   0.08602361587894856
   0.1851    0.8654    0.4657
   0.418    0.3596    -0.8342
   0.8894    -0.3491    0.2952
 Node:         95
  0.1253E+03  0.1240E+03  0.4712E+03 -0.8231E-01
  -0.1032
   0.0137
   0.06237
   0.01055
   0.02408
   0.07445
   0.09466
   0.0437
   -0.1047
   0.17939327077680478
   0.011219999999999994
   0.08456679884367545
   0.0845    0.6185    0.7812
   -0.02822    -0.7822    0.6224
   -0.996    0.07464    0.04864
 Node:         96
  0.1206E+03  0.1223E+03  0.4852E+03 -0.8231E-01
  -0.0243
  -0.002694
   0.004938
   0.017
   0.007014
  -0.003546
   0.01064
   0.001145
   -0.0347
   0.041416993191201124
   -0.007638333333333334
   0.01952415782790359
   0.2715    0.693    0.6679
   -0.4436    0.7059    -0.5521
   -0.8541    -0.1464    0.4991
 Node:         97
  0.1375E+03  0.1263E+03  0.4535E+03 -0.8231E-01
  -0.1033
   0.03679
   0.1002
  -0.01643
   0.05258
   0.06254
   0.1391
   0.034
   -0.1136
   0.21987389567659008
   0.01983333333333333
   0.10364954842588024
   0.08862    0.8297    0.5511
   0.2375    0.5197    -0.8207
   0.9673    -0.2036    0.151
 Node:         98
  0.1301E+03  0.1235E+03  0.4691E+03 -0.8231E-01
  -0.09929
   0.02607
   0.0758
   0.01827
   0.02983
   0.04794
   0.09987
   0.02896
   -0.1044
   0.1796376221730849
   0.00814333333333333
   0.0846819871965435
   0.1577    0.8313    0.533
   0.009832    -0.541    0.8409
   -0.9874    0.1274    0.09351
 Node:         99
  0.1260E+03  0.1218E+03  0.4827E+03 -0.8231E-01
  -0.01913
   0.006274
   0.008214
   0.01049
  -0.001404
  -0.002862
   0.00967
   0.001986
   -0.02543
   0.03195849583444127
   -0.0045913333333333336
   0.015065379414036968
   0.2457    0.9644    0.09757
   -0.3907    0.1906    -0.9005
   -0.8871    0.1831    0.4237
 Node:        100
  0.1258E+03  0.1386E+03  0.4536E+03  0.0000E+00
   0.006176
  -5.168E-4
   0.0449
  -0.002076
   0.00138
  -0.05639
   0.04493
   0.006237
   -0.05648
   0.08864129522406586
   -0.0017710000000000017
   0.041785907297397125
   0.01408    -0.9998    -0.0139
   0.9994    0.01453    -0.0328
   -0.033    0.01343    -0.9994
 Node:        101
  0.1192E+03  0.1344E+03  0.4717E+03  0.0000E+00
   0.02764
  -0.00173
   0.0424
  -0.01839
  -0.009773
  -0.07338
   0.04323
   0.03088
   -0.07745
   0.11500342125345664
   -0.0011133333333333366
   0.05421313268531488
   -0.01482    0.9966    -0.08119
   0.9848    4.846E-4    -0.1738
   0.1731    0.08253    0.9814
 Node:        102
  0.1139E+03  0.1313E+03  0.4875E+03  0.0000E+00
   0.01235
  -0.004473
  -0.006694
  -0.00723
  -0.01049
  -0.01172
   0.01449
   0.001516
   -0.02207
   0.03210340847947457
   -0.0020213333333333333
   0.015133691890025452
   0.9687    -0.09007    -0.2312
   0.06804    -0.7996    0.5967
   0.2386    0.5937    0.7685
 Node:        103
  0.1335E+03  0.1374E+03  0.4530E+03  0.0000E+00
   0.01445
  -0.008876
   0.05912
  -0.00314
  -0.002366
  -0.07011
   0.06084
   0.0129
   -0.07029
   0.11492148754693353
   0.0011499999999999982
   0.054174508765654716
   -0.187    0.9823    -0.01326
   0.9816    0.1863    -0.04244
   0.03922    0.02096    0.999
 Node:        104
  0.1257E+03  0.1337E+03  0.4703E+03  0.0000E+00
   0.03377
  -0.009283
   0.0265
  -0.02282
  -0.01589
  -0.06985
   0.04134
   0.02667
   -0.07759
   0.11231585239849272
   -0.003193333333333335
   0.052946200577147697
   0.895    -0.4289    -0.1224
   -0.3928    -0.888    0.239
   0.2112    0.1658    0.9633
 Node:        105
  0.1201E+03  0.1317E+03  0.4854E+03  0.0000E+00
   0.009201
  -0.007676
  -0.01047
  -0.01079
  -0.01069
  -0.01081
   0.0143
   -2.036E-4
   -0.02619
   0.03553229163676331
   -0.0040312
   0.016750082911635593
   0.93    -0.1418    -0.3391
   0.1187    -0.7572    0.6423
   0.3478    0.6376    0.6874
 Node:        106
  0.1411E+03  0.1354E+03  0.4523E+03  0.0000E+00
   0.02116
  -0.007893
   0.02891
   0.007306
  -0.02162
  -0.02687
   0.0412
   0.01663
   -0.03462
   0.06700343200165197
   0.007736666666666667
   0.03158572075409322
   -0.4449    0.8387    -0.3141
   0.892    0.4463    -0.07199
   0.07981    -0.3122    -0.9466
 Node:        107
  0.1330E+03  0.1319E+03  0.4686E+03  0.0000E+00
   0.05085
  -0.02348
   0.01799
  -0.01228
  -0.03393
  -0.02845
   0.0634
   0.02812
   -0.05114
   0.10160274996278398
   0.013459999999999998
   0.04789599565725719
   0.8645    -0.498    0.06836
   -0.4547    -0.7168    0.5287
   -0.2143    -0.4881    -0.8461
 Node:        108
  0.1273E+03  0.1304E+03  0.4831E+03  0.0000E+00
   0.01189
  -0.01167
  -0.006768
  -0.01047
  -0.007064
  -0.003889
   0.01956
   0.001861
   -0.02019
   0.034493214564606765
   4.103333333333343E-4
   0.016260257282370686
   -0.8981    0.3161    0.3057
   0.02675    -0.6546    0.7555
   -0.4389    -0.6867    -0.5795
 Node:        109
  0.1018E+03  0.1092E+03  0.4946E+03 -0.2407E-05
   0.0
   1.388E-16
   1.11E-16
   5.551E-17
  -1.388E-17
   0.0
   2.069E-16
   2.266E-17
   -1.186E-16
   2.827092280064448E-16
   3.698666666666666E-17
   1.3327040815158061E-16
   -0.5724    -0.814    -0.09897
   0.2904    -0.3141    0.9039
   0.7668    -0.4887    -0.4162
 Node:        110
  0.1058E+03  0.1118E+03  0.5081E+03 -0.2407E-05
   0.0
   2.776E-17
   0.0
  -1.388E-17
  -5.204E-17
   2.22E-16
   2.353E-16
   1.788E-17
   -3.112E-17
   2.456135916434593E-16
   7.402E-17
   1.157833574684491E-16
   -0.08376    -0.2246    0.9708
   0.7726    0.6007    0.2056
   0.6293    -0.7673    -0.1232
 Node:        111
  0.1108E+03  0.1137E+03  0.5210E+03 -0.2407E-05
   0.0
   5.551E-17
  -1.11E-16
  -2.776E-17
   3.261E-16
  -2.22E-16
   1.68E-16
   2.779E-18
   -5.038E-16
   6.063148942925615E-16
   -1.1100700000000001E-16
   2.8581958219244996E-16
   0.1486    0.7638    0.6281
   0.9825    -0.0417    -0.1818
   0.1126    -0.6441    0.7566
 Node:        112
  0.1072E+03  0.1111E+03  0.4942E+03 -0.2407E-05
   0.0
   1.388E-16
   1.11E-16
   0.0
   1.388E-17
  -1.665E-16
   2.053E-16
   -9.314E-17
   -1.677E-16
   3.4187324200644896E-16
   -1.851333333333333E-17
   1.6116059181932647E-16
   0.5597    0.8281    0.0309
