 Group name: gastroc_Strain
 #Fields=  16
 1) coordinates, coordinate, rectangular cartesian, #Components=3
   x.  Value index= 1, #Derivatives=0
   y.  Value index= 2, #Derivatives=0
   z.  Value index= 3, #Derivatives=0
 2) Tensor_1, field, rectangular cartesian, #Components=1
   Tensor_1.  Value index= 4, #Derivatives=0
 3) Tensor_2, field, rectangular cartesian, #Components=1
   Tensor_2.  Value index= 5, #Derivatives=0
 4) Tensor_3, field, rectangular cartesian, #Components=1
   Tensor_3.  Value index= 6, #Derivatives=0
 5) Tensor_4, field, rectangular cartesian, #Components=1
   Tensor_4.  Value index= 7, #Derivatives=0
 6) Tensor_5, field, rectangular cartesian, #Components=1
   Tensor_5.  Value index= 8, #Derivatives=0
 7) Tensor_6, field, rectangular cartesian, #Components=1
   Tensor_6.  Value index= 9, #Derivatives=0
 8) Principal_1, field, rectangular cartesian, #Components=1
   Principal_1.  Value index= 10, #Derivatives=0
 9) Principal_2, field, rectangular cartesian, #Components=1
   Principal_2.  Value index= 11, #Derivatives=0
 10) Principal_3, field, rectangular cartesian, #Components=1
   Principal_3.  Value index= 12, #Derivatives=0
 11) VonMises, field, rectangular cartesian, #Components=1
   VonMises.  Value index= 13, #Derivatives=0
 12) Hydrostatic, field, rectangular cartesian, #Components=1
   VonMises.  Value index= 14, #Derivatives=0
 13) Octahedral, field, rectangular cartesian, #Components=1
   VonMises.  Value index= 15, #Derivatives=0
 14) PrincipalVector1, field, rectangular cartesian, #Components=3
   x.  Value index= 16, #Derivatives=0
   y.  Value index= 17, #Derivatives=0
   z.  Value index= 18, #Derivatives=0
 15) PrincipalVector2, field, rectangular cartesian, #Components=3
   x.  Value index= 19, #Derivatives=0
   y.  Value index= 20, #Derivatives=0
   z.  Value index= 21, #Derivatives=0
 16) PrincipalVector3, field, rectangular cartesian, #Components=3
   x.  Value index= 22, #Derivatives=0
   y.  Value index= 23, #Derivatives=0
   z.  Value index= 24, #Derivatives=0
 Node:          1
  0.1287E+03  0.1133E+03  0.4908E+03 -0.1784E-04
  -1.11E-16
  -8.327E-17
  -2.22E-16
  -2.776E-17
  -4.163E-17
  -3.331E-16
   -6.637E-17
   -2.4E-16
   -3.598E-16
   2.5553921597281306E-16
   -2.2205666666666663E-16
   1.204623416489799E-16
   0.8837    -0.4676    -0.01897
   0.4046    0.7837    -0.4712
   0.2352    0.4088    0.8818
 Node:          2
  0.1292E+03  0.1137E+03  0.5052E+03 -0.1784E-04
  -5.551E-17
  -1.11E-16
  -1.665E-16
  -5.551E-17
   1.943E-16
  -2.776E-16
   8.603E-17
   -1.6E-16
   -4.256E-16
   4.4319260925696854E-16
   -1.6652333333333334E-16
   2.089229995849082E-16
   -0.6554    0.6199    0.4313
   0.7522    0.4849    0.4462
   -0.06744    -0.6169    0.7841
 Node:          3
  0.1289E+03  0.1155E+03  0.5194E+03 -0.1784E-04
   2.22E-16
   1.388E-16
   3.331E-16
   1.11E-16
   5.551E-17
   2.22E-16
   4.753E-16
   2.118E-16
   9.006E-17
   3.4107384479024473E-16
   2.590533333333333E-16
   1.6078375235770005E-16
   -0.5696    -0.7144    -0.4063
   0.2395    -0.6172    0.7494
   -0.7862    0.3296    0.5227
 Node:          4
  0.1361E+03  0.1141E+03  0.4915E+03 -0.1784E-04
   0.0
  -2.776E-17
  -1.11E-16
  -2.776E-17
  -8.327E-17
   2.22E-16
   2.435E-16
   6.328E-18
   -1.388E-16
   3.3426485304919515E-16
   3.700933333333334E-17
   1.5757396286894045E-16
   -0.08549    -0.2215    0.9714
   0.9681    -0.2491    0.0284
   0.2357    0.9428    0.2357
 Node:          5
  0.1341E+03  0.1144E+03  0.5054E+03 -0.1784E-04
   3.331E-16
   1.388E-16
   3.331E-16
   5.551E-17
  -6.939E-17
   4.441E-16
   4.814E-16
   4.627E-16
   1.662E-16
   3.062784517395894E-16
   3.7010000000000004E-16
   1.4438104677092028E-16
   -0.348    -0.6443    0.681
   -0.6589    -0.3487    -0.6665
   0.6669    -0.6807    -0.3032
 Node:          6
  0.1323E+03  0.1162E+03  0.5191E+03 -0.1784E-04
   2.22E-16
   5.551E-17
   2.22E-16
  -5.551E-17
  -2.776E-17
   0.0
   2.897E-16
   1.685E-16
   -1.402E-17
   2.648101478418076E-16
   1.4806E-16
   1.2483270084396958E-16
   -0.715    -0.6696    0.2012
   0.6656    -0.7399    -0.09741
   -0.2141    -0.06426    -0.9747
 Node:          7
  0.1408E+03  0.1171E+03  0.4920E+03 -0.1784E-04
   3.331E-16
   2.22E-16
   2.22E-16
  -8.327E-17
  -1.11E-16
   0.0
   5.398E-16
   6.158E-17
   -4.631E-17
   5.403052621435404E-16
   1.8502333333333335E-16
   2.5470234318164845E-16
   -0.7537    -0.6111    0.2419
   -0.656    0.677    -0.3335
   -0.04004    0.4101    0.9112
 Node:          8
  0.1367E+03  0.1169E+03  0.5055E+03 -0.1784E-04
   2.22E-16
   1.943E-16
   2.22E-16
  -4.025E-16
  -2.359E-16
  -2.22E-16
   6.547E-16
   4.477E-17
   -4.775E-16
   9.814930967154074E-16
   7.399000000000001E-17
   4.626802829168323E-16
   -0.6847    -0.5611    0.4652
   0.5685    -0.8105    -0.1409
   -0.4561    -0.1681    -0.8739
 Node:          9
  0.1339E+03  0.1180E+03  0.5191E+03 -0.1784E-04
   2.22E-16
   1.665E-16
   0.0
  -3.955E-16
  -2.776E-16
   6.661E-16
   1.002E-15
   -9.379E-18
   -1.046E-16
   1.062195387036208E-15
   2.96007E-16
   5.007237074122481E-16
   -0.4817    -0.3073    0.8207
   -0.8565    -0.03292    -0.515
   -0.1853    0.951    0.2474
 Node:         10
  0.1294E+03  0.1212E+03  0.4911E+03 -0.1784E-04
   0.0
   2.776E-17
   1.11E-16
  -1.388E-17
   1.249E-16
   1.11E-16
   2.363E-16
   2.303E-17
   -3.732E-17
   2.48992088026909E-16
   7.400333333333333E-17
   1.173759959370834E-16
   0.0421    0.71    0.703
   -0.7813    -0.4152    0.4661
   -0.6228    0.5688    -0.5372
 Node:         11
  0.1295E+03  0.1214E+03  0.5055E+03 -0.1784E-04
  -2.22E-16
  -2.776E-17
  -2.22E-16
  -4.163E-17
   1.388E-17
  -1.665E-16
   -1.365E-16
   -2.183E-16
   -2.558E-16
   1.0566451627675205E-16
   -2.035333333333333E-16
   4.9810730660058464E-17
   -0.4935    0.2929    0.8189
   0.3541    -0.7924    0.4968
   -0.7944    -0.5351    -0.2873
 Node:         12
  0.1295E+03  0.1217E+03  0.5196E+03 -0.1784E-04
   1.11E-16
   0.0
   1.11E-16
   7.633E-17
   2.776E-17
   2.22E-16
   2.649E-16
   1.11E-16
   6.816E-17
   1.792025435087348E-16
   1.4801999999999999E-16
   8.447688914726913E-17
   -0.4387    -0.1595    -0.8844
   0.3417    -0.9398    -2.255E-17
   0.8311    0.3022    -0.4668
 Node:         13
  0.1361E+03  0.1199E+03  0.4914E+03 -0.1784E-04
   1.11E-16
  -1.388E-16
   0.0
  -9.714E-17
   2.776E-17
  -1.665E-16
   2.285E-16
   -8.52E-17
   -1.988E-16
   3.833392361864358E-16
   -1.849999999999999E-17
   1.807078489348669E-16
   0.8171    -0.5252    -0.2378
   0.4648    0.8442    -0.2671
   0.341    0.1077    0.9339
 Node:         14
  0.1342E+03  0.1198E+03  0.5054E+03 -0.1784E-04
  -5.551E-17
   2.776E-17
   0.0
   5.551E-17
  -9.021E-17
   1.11E-16
   1.672E-16
   -4.94E-18
   -1.068E-16
   2.398787602102362E-16
   1.8486666666666665E-17
   1.130799320048532E-16
   0.1634    -0.4472    0.8794
   -0.6569    -0.7144    -0.2412
   -0.7361    0.5382    0.4105
 Node:         15
  0.1330E+03  0.1205E+03  0.5193E+03 -0.1784E-04
   2.22E-16
  -8.327E-17
  -5.551E-17
   1.388E-17
   4.857E-17
   0.0
   2.451E-16
   2.471E-17
   -1.033E-16
   3.0523832672192397E-16
   5.550333333333333E-17
   1.438907271354049E-16
   -0.9638    0.2667    -0.001723
   0.1157    0.4239    0.8983
   0.2403    0.8656    -0.4394
 Node:         16
  0.1404E+03  0.1188E+03  0.4918E+03 -0.1784E-04
   2.22E-16
   5.551E-17
   2.22E-16
  -8.327E-17
  -1.457E-16
   4.441E-16
   5.466E-16
   1.95E-16
   1.465E-16
   3.7818964819254375E-16
   2.9603333333333337E-16
   1.7828030987433498E-16
   -0.2927    -0.4328    0.8526
   -0.9222    -0.1077    -0.3713
   -0.2526    0.895    0.3676
 Node:         17
  0.1365E+03  0.1184E+03  0.5055E+03 -0.1784E-04
  -1.11E-16
   2.776E-17
  -1.11E-16
   9.714E-17
   1.7E-16
   0.0
   1.573E-16
   -1.341E-16
   -2.452E-16
   3.600440389730123E-16
   -7.400000000000001E-17
   1.697263876557404E-16
   0.3368    0.5285    0.7792
   0.8927    -0.4425    -0.08566
   -0.2996    -0.7244    0.6209
 Node:         18
  0.1341E+03  0.1191E+03  0.5192E+03 -0.1784E-04
   0.0
   0.0
   0.0
   2.645E-17
   1.065E-16
   4.441E-16
   4.697E-16
   -1.672E-33
   -2.562E-17
   4.830198633596759E-16
   1.4802666666666666E-16
   2.2769774721961763E-16
   -0.05484    -0.2207    -0.9738
   0.9705    -0.2411    -6.21E-17
   -0.2348    -0.9451    0.2274
 Node:         19
  0.1301E+03  0.1291E+03  0.4914E+03  0.0000E+00
   1.11E-16
   0.0
   1.11E-16
   2.101E-19
   1.001E-17
  -2.22E-16
   1.113E-16
   1.11E-16
   -2.223E-16
   3.3345010121455954E-16
   0.0
   1.5718988517077046E-16
   -0.02096    -0.9993    -0.03003
   0.9998    -0.02097    1.345E-19
   6.298E-4    0.03003    -0.9995
 Node:         20
  0.1299E+03  0.1291E+03  0.5058E+03  0.0000E+00
   2.22E-16
   0.0
   0.0
   1.041E-17
   1.924E-17
  -5.551E-17
   2.224E-16
   5.975E-18
   -6.188E-17
   2.5715676157744715E-16
   5.549833333333335E-17
   1.2122485995959007E-16
   -0.9993    -0.003257    -0.03765
   0.01428    -0.9549    -0.2965
   -0.03498    -0.2968    0.9543
 Node:         21
  0.1301E+03  0.1280E+03  0.5197E+03  0.0000E+00
   1.11E-16
   0.0
   0.0
   4.163E-17
   1.475E-17
   1.11E-16
   1.534E-16
   7.089E-17
   -2.22E-18
   1.3485280234388901E-16
   7.402333333333333E-17
   6.357022066624871E-17
   -0.6994    -0.0684    -0.7114
   -0.7126    0.1429    0.6869
   -0.05465    -0.9874    0.1487
 Node:         22
  0.1360E+03  0.1256E+03  0.4913E+03  0.0000E+00
  -2.22E-16
   1.388E-17
  -1.11E-16
  -1.388E-17
   1.006E-16
   1.11E-16
   1.5E-16
   -1.456E-16
   -2.264E-16
   3.432090907886911E-16
   -7.4E-17
   1.617903169743686E-16
   -0.02144    0.3586    0.9332
   0.228    0.9106    -0.3447
   -0.9734    0.2054    -0.1013
 Node:         23
  0.1343E+03  0.1253E+03  0.5054E+03  0.0000E+00
   0.0
   2.082E-17
  -4.441E-16
   0.0
   1.314E-16
  -1.665E-16
   1.265E-18
   -1.147E-16
   -4.972E-16
   4.517861703560657E-16
   -2.0354499999999996E-16
   2.1297404313671653E-16
   0.997    0.06061    0.04746
   0.06644    -0.3661    -0.9282
   0.03888    -0.9286    0.369
 Node:         24
  0.1336E+03  0.1248E+03  0.5194E+03  0.0000E+00
  -2.22E-16
   1.214E-17
   0.0
   1.388E-17
   8.674E-19
  -1.665E-16
   6.779E-19
   -1.633E-16
   -2.259E-16
   2.026635838733984E-16
   -1.2950736666666666E-16
   9.553652963763242E-17
   -0.05504    -0.9984    -0.009747
   0.2257    -0.02195    0.974
   -0.9726    0.05141    0.2265
 Node:         25
  0.1400E+03  0.1206E+03  0.4917E+03  0.0000E+00
   0.0
   2.671E-16
  -1.11E-16
  -8.327E-17
  -1.301E-16
   2.22E-16
   3.681E-16
   7.58E-17
   -3.329E-16
   6.098671904603493E-16
   3.699999999999999E-17
   2.8749415066513385E-16
   0.5089    0.4781    -0.7159
   0.6086    0.3883    0.692
   0.6088    -0.7878    -0.09334
 Node:         26
  0.1363E+03  0.1200E+03  0.5055E+03  0.0000E+00
   2.22E-16
   1.076E-16
  -6.106E-16
   2.776E-17
  -1.124E-15
  -5.551E-17
   8.281E-16
   2.248E-16
   -1.497E-15
   2.089815319591662E-15
   -1.4803333333333336E-16
   9.851483892738641E-16
   0.07371    0.6174    -0.7832
   0.9955    0.001018    0.09449
   -0.05914    0.7866    0.6146
 Node:         27
  0.1343E+03  0.1203E+03  0.5192E+03  0.0000E+00
   2.22E-16
  -1.943E-16
   2.22E-16
  -1.041E-16
   1.313E-15
   0.0
   1.466E-15
   1.875E-16
   -1.209E-15
   2.3173691440942246E-15
   1.4816666666666667E-16
   1.0924182908676612E-15
   -0.1693    0.728    0.6643
   0.9848    0.09849    0.1431
   0.03876    0.6785    -0.7336
 Node:         28
  0.1155E+03  0.1124E+03  0.4931E+03 -0.1054E-03
  -2.22E-16
   3.816E-17
   2.22E-16
  -5.551E-17
   5.551E-17
   1.11E-16
   2.455E-16
   1.014E-16
   -2.359E-16
   4.279497984577163E-16
   3.699999999999999E-17
   2.0173746966457835E-16
   0.03184    0.9284    0.3701
   0.1988    0.3571    -0.9127
   0.9795    -0.1026    0.1732
 Node:         29
  0.1119E+03  0.1139E+03  0.5068E+03 -0.1054E-03
  -2.22E-16
  -2.082E-17
   0.0
   5.551E-17
   6.939E-18
  -3.331E-16
   1.944E-18
   -2.004E-16
   -3.566E-16
   3.113642033631998E-16
   -1.8501866666666668E-16
   1.4677849307791052E-16
   -0.09118    0.9958    0.005517
   -0.9179    -0.08189    -0.3884
   -0.3863    -0.04048    0.9215
 Node:         30
  0.1113E+03  0.1159E+03  0.5206E+03 -0.1054E-03
   2.22E-16
   1.249E-16
   2.22E-16
   0.0
  -2.776E-17
   1.11E-16
   3.486E-16
   1.238E-16
   8.277E-17
   2.4787505905193444E-16
   1.8505666666666664E-16
   1.1684942342842583E-16
   -0.7001    -0.7092    0.08287
   -0.4685    0.3686    -0.8029
   -0.5389    0.6009    0.5903
 Node:         31
  0.1203E+03  0.1126E+03  0.4920E+03 -0.1054E-03
  -5.551E-17
   9.714E-17
  -1.11E-16
   2.776E-17
   4.163E-17
  -5.551E-17
   4.114E-17
   -7.661E-17
   -1.866E-16
   1.9726678661143135E-16
   -7.402333333333333E-17
   9.29924550105485E-17
   -0.6956    -0.5654    -0.4433
   0.4358    0.1585    -0.886
   0.5712    -0.8095    0.1362
 Node:         32
  0.1188E+03  0.1134E+03  0.5062E+03 -0.1054E-03
   2.22E-16
  -1.388E-17
  -1.11E-16
  -2.776E-17
   9.714E-17
  -5.551E-17
   2.266E-16
   1.331E-17
   -1.844E-16
   3.5602167644681415E-16
   1.8503333333333345E-17
   1.6783022777663014E-16
   -0.9894    0.07624    0.1236
   0.1445    0.5992    0.7875
   0.01402    -0.797    0.6038
 Node:         33
  0.1183E+03  0.1150E+03  0.5201E+03 -0.1054E-03
   1.11E-16
   5.551E-17
   0.0
   8.327E-17
   0.0
   0.0
   1.7E-16
   0.0
   -5.893E-17
   2.0589037107159722E-16
   3.702333333333333E-17
   9.705765171049398E-17
   -0.8617    -0.2815    -0.4222
   0.0    -0.8321    0.5547
   -0.5074    0.478    0.717
 Node:         34
  0.1255E+03  0.1129E+03  0.4909E+03 -0.1054E-03
   0.0
   0.0
   0.0
   5.551E-17
   9.714E-17
   0.0
   1.119E-16
   3.387E-33
   -1.119E-16
   1.9381648536695736E-16
   0.0
   9.136596740581255E-17
   -0.3508    -0.6139    -0.7071
   0.8682    -0.4961    -4.855E-17
   -0.3508    -0.6139    0.7071
 Node:         35
  0.1260E+03  0.1135E+03  0.5054E+03 -0.1054E-03
   0.0
   1.11E-16
  -1.11E-16
   1.11E-16
   2.498E-16
  -1.11E-16
   2.41E-16
   -1.023E-16
   -3.608E-16
   5.228959647960578E-16
   -7.403333333333333E-17
   2.4649552170824977E-16
   0.5458    0.5925    0.5925
   0.8379    -0.3859    -0.3859
   -4.975E-17    -0.7071    0.7071
 Node:         36
  0.1257E+03  0.1153E+03  0.5196E+03 -0.1054E-03
   0.0
  -5.551E-17
   0.0
  -5.551E-17
   8.327E-17
   0.0
   1.305E-16
   -4.723E-17
   -8.327E-17
   1.982226619234037E-16
   0.0
   9.344305895392481E-17
   -0.5155    0.6059    0.6059
   0.8569    0.3645    0.3645
   -1.256E-16    0.7071    -0.7071
 Node:         37
  0.1132E+03  0.1210E+03  0.4959E+03 -0.1054E-03
  -2.22E-16
   1.388E-16
  -2.22E-16
  -8.327E-17
   1.804E-16
  -2.776E-16
   -4.482E-17
   -1.622E-16
   -5.146E-16
   4.2347200190803645E-16
   -2.4054E-16
   1.9962661612787678E-16
   0.3971    0.7887    0.4693
   -0.7874    0.0301    0.6157
   0.4715    -0.614    0.633
 Node:         38
  0.1111E+03  0.1204E+03  0.5085E+03 -0.1054E-03
  -1.665E-16
   9.714E-17
   0.0
  -2.776E-17
  -8.327E-17
  -2.22E-16
   7.071E-17
   -2.091E-16
   -2.502E-16
   3.0246162913665597E-16
   -1.2953E-16
   1.4258177934084005E-16
   -0.3916    -0.8746    0.2859
   0.9154    -0.3389    0.217
   0.09287    -0.3467    -0.9334
 Node:         39
  0.1119E+03  0.1201E+03  0.5207E+03 -0.1054E-03
  -5.551E-17
  -9.714E-17
  -3.331E-16
  -8.327E-17
  -7.633E-17
  -1.11E-16
   8.934E-18
   -1.105E-16
   -3.981E-16
   3.6239130612640252E-16
   -1.6655533333333335E-16
   1.7083290000335286E-16
   0.851    -0.1281    -0.5092
   0.4076    -0.4503    0.7944
   -0.3311    -0.8836    -0.331
 Node:         40
  0.1191E+03  0.1220E+03  0.4937E+03 -0.1054E-03
   0.0
   8.327E-17
  -2.22E-16
   8.327E-17
  -1.388E-17
  -2.22E-16
   4.872E-17
   -2.082E-16
   -2.846E-16
   3.0244591979393603E-16
   -1.4802666666666666E-16
   1.4257437388566321E-16
   -0.924    -0.2703    -0.2703
   0.0    -0.7071    0.7071
   0.3823    -0.6534    -0.6534
 Node:         41
  0.1182E+03  0.1217E+03  0.5073E+03 -0.1054E-03
   0.0
  -2.776E-17
  -5.551E-17
   5.551E-17
   9.714E-17
   1.11E-16
   1.653E-16
   1.073E-17
   -1.206E-16
   2.478691830381502E-16
   1.8476666666666666E-17
   1.168466534489637E-16
   0.2406    0.3653    0.8993
   -0.8901    0.4526    0.05428
   -0.3871    -0.8135    0.434
 Node:         42
  0.1187E+03  0.1212E+03  0.5204E+03 -0.1054E-03
   0.0
  -5.551E-17
  -1.11E-16
   0.0
   5.551E-17
   1.11E-16
   1.256E-16
   1.887E-17
   -1.444E-16
   2.3552960089975954E-16
   2.3333333333339628E-20
   1.1102971864425409E-16
   0.1113    -0.2517    -0.9614
   0.9295    -0.3159    0.1903
   -0.3516    -0.9148    0.1988
 Node:         43
  0.1258E+03  0.1217E+03  0.4915E+03 -0.1054E-03
   2.22E-16
   1.11E-16
   1.11E-16
  -1.388E-17
   0.0
  -5.551E-17
   2.911E-16
   4.294E-17
   -5.645E-17
   3.1004254562882173E-16
   9.253E-17
   1.4615545764698628E-16
   -0.8507    -0.5246    0.03406
   -0.5213    0.8502    0.07348
   0.06751    -0.04475    0.9967
 Node:         44
  0.1259E+03  0.1220E+03  0.5059E+03 -0.1054E-03
  -2.22E-16
   1.388E-16
  -2.22E-16
   9.714E-17
   1.11E-16
  -1.11E-16
   5.081E-17
   -2.445E-16
   -3.614E-16
   3.679610646522265E-16
   -1.8503E-16
   1.7345850935214064E-16
   -0.5113    -0.534    -0.6733
   -0.5198    -0.4318    0.7372
   -0.6844    0.7269    -0.05679
 Node:         45
  0.1261E+03  0.1221E+03  0.5198E+03 -0.1054E-03
  -5.551E-17
  -8.327E-17
  -2.776E-16
   2.776E-17
  -6.939E-18
   1.11E-16
   1.167E-16
   -3.339E-17
   -3.053E-16
   3.7050374910383835E-16
   -7.399666666666666E-17
   1.7465714229757554E-16
   0.1854    -0.05643    0.981
   0.9302    -0.3117    -0.1938
   -0.3167    -0.9485    0.005308
 Node:         46
  0.1117E+03  0.1296E+03  0.4959E+03  0.0000E+00
  -5.551E-17
   2.776E-17
  -1.665E-16
   6.939E-18
  -2.602E-17
   0.0
   4.101E-18
   -4.897E-17
   -1.772E-16
   1.6144583695778595E-16
   -7.402300000000001E-17
   7.610629740479211E-17
   0.04856    -0.1429    0.9886
   0.9724    0.2327    -0.01414
   -0.228    0.962    0.1502
 Node:         47
  0.1107E+03  0.1269E+03  0.5087E+03  0.0000E+00
  -1.665E-16
  -3.123E-17
   1.11E-16
  -2.776E-17
   3.99E-17
   0.0
   1.289E-16
   -1.114E-17
   -1.732E-16
   2.6185783853075704E-16
   -1.8479999999999997E-17
   1.2344096888796688E-16
   -0.1292    0.939    0.3186
   -0.1008    -0.3321    0.9379
   -0.9865    -0.08906    -0.1376
 Node:         48
  0.1125E+03  0.1242E+03  0.5208E+03  0.0000E+00
   1.11E-16
   3.469E-18
   1.11E-16
   0.0
  -1.735E-18
   1.11E-16
   1.149E-16
   1.11E-16
   1.071E-16
   6.75499814951862E-18
   1.1099999999999999E-16
   3.1843366656181307E-18
   -0.6325    -0.7071    0.3162
   0.4472    -4.455E-15    0.8944
   -0.6325    0.7071    0.3162
 Node:         49
  0.1186E+03  0.1311E+03  0.4938E+03  0.0000E+00
  -1.665E-16
  -2.082E-17
   0.0
  -4.163E-17
  -6.072E-18
  -5.551E-17
   2.581E-18
   -4.165E-17
   -1.83E-16
   1.6789358448433935E-16
   -7.402300000000001E-17
   7.914579473772858E-17
   0.1174    -0.9929    0.01965
   -0.3135    -0.01827    0.9494
   -0.9423    -0.1176    -0.3134
 Node:         50
  0.1180E+03  0.1298E+03  0.5075E+03  0.0000E+00
   0.0
  -1.301E-17
   3.331E-16
  -4.163E-17
   1.247E-17
   2.22E-16
   3.354E-16
   2.276E-16
   -7.879E-18
   3.040655120874448E-16
   1.8504033333333332E-16
   1.4333785701466156E-16
   0.05441    -0.9902    -0.1289
   -0.1707    -0.1364    0.9758
   0.9838    0.03109    0.1765
 Node:         51
  0.1192E+03  0.1275E+03  0.5206E+03  0.0000E+00
   0.0
  -3.469E-18
  -5.551E-17
   0.0
   1.475E-17
   1.11E-16
   1.123E-16
   2.087E-19
   -5.702E-17
   1.491791641607165E-16
   1.849623333333333E-17
   7.03237323931892E-17
   -0.002705    0.08758    0.9962
   0.9982    -0.06004    0.007989
   -0.06051    -0.9943    0.08725
 Node:         52
  0.1262E+03  0.1305E+03  0.4920E+03  0.0000E+00
   1.11E-16
  -1.388E-17
   1.11E-16
   1.301E-18
   4.906E-18
   0.0
   1.25E-16
   9.734E-17
   -2.497E-19
   1.1396559238686912E-16
   7.403009999999999E-17
   5.372389546579809E-17
   -0.7047    0.7092    0.02051
   0.7093    0.7034    0.04493
   -0.01744    -0.04621    0.9988
 Node:         53
  0.1258E+03  0.1304E+03  0.5063E+03  0.0000E+00
  -1.665E-16
  -1.735E-18
  -1.11E-16
   2.776E-17
   3.383E-17
  -2.22E-16
   -1.01E-16
   -1.572E-16
   -2.414E-16
   1.2239330047024632E-16
   -1.6653333333333332E-16
   5.769675515620921E-17
   0.09684    0.9526    0.2883
   -0.9346    0.1866    -0.3027
   -0.3422    -0.2402    0.9084
 Node:         54
  0.1265E+03  0.1288E+03  0.5200E+03  0.0000E+00
  -2.22E-16
   2.082E-17
   1.11E-16
   0.0
  -4.337E-18
   1.11E-16
   1.16E-16
   1.073E-16
   -2.233E-16
   3.350347295430729E-16
   0.0
   1.5793688612860518E-16
   -0.04656    -0.7562    0.6527
   -0.04117    -0.6514    -0.7576
   -0.9981    0.06215    8.061E-4
 Node:         55
 -0.5775E+03 -0.4581E+03  0.3106E+04  0.1894E+10
   84320.0
   58340.0
   43310.0
   61140.0
   29770.0
   139800.0
   200500.0
   66090.0
   785.9
   176375.16168046455
   89125.3
   83144.04857142012
   -0.5681    -0.3517    -0.7441
   -0.5405    -0.5223    0.6596
   -0.6206    0.7768    0.1066
 Node:         56
 -0.2354E+03 -0.5278E+03  0.1181E+04  0.1894E+10
   52420.0
   46250.0
   46750.0
   22060.0
   22010.0
   15620.0
   106600.0
   5325.0
   2880.0
   102519.36902361426
   38268.333333333336
   48328.094026375824
   -0.6871    -0.6503    -0.324
   -0.4844    0.07764    0.8714
   -0.5415    0.7557    -0.3683
 Node:         57
  0.1027E+03  0.5787E+02  0.5119E+03  0.1894E+10
   355.7
   120.5
   854.0
   130.8
   343.2
   206.0
   1041.0
   335.0
   39.8
   891.0612997992899
   471.93333333333334
   420.050325027318
   -0.2324    -0.8862    -0.4008
   -0.9417    0.3081    -0.1351
   -0.2432    -0.346    0.9062
 Node:         58
 -0.1831E+04 -0.1445E+04  0.2056E+03  0.1894E+10
   84350.0
   26130.0
   12840.0
   34830.0
  -1925.0
   149500.0
   165100.0
   78440.0
   3125.0
   140389.11184632516
   82221.66666666667
   66180.06199419546
   -0.4112    -0.05906    -0.9096
   0.8453    0.3486    -0.4048
   -0.341    0.9354    0.09343
 Node:         59
 -0.5509E+03 -0.2277E+04 -0.2255E+03  0.1894E+10
   3941.0
   8804.0
   46980.0
   1980.0
   547.6
   11770.0
   48730.0
   12090.0
   1869.0
   42678.5177929131
   20896.333333333332
   20118.84622823972
   -0.1939    -0.9807    -0.02491
   0.1745    -0.05947    0.9829
   0.9654    -0.1862    -0.1827
 Node:         60
  0.9902E+02 -0.1031E+03  0.4166E+03  0.1894E+10
   2965.0
  -2392.0
   2442.0
  -1065.0
   987.5
   468.2
   5526.0
   299.4
   49.1
   5356.138126486284
   1958.1666666666667
   2524.907726806841
   -0.7148    0.6426    0.2759
   0.6848    0.7231    0.08996
   0.1417    -0.2533    0.957
 Node:         61
  0.1339E+04 -0.3002E+04 -0.1262E+04  0.1894E+10
   245700.0
  -66100.0
   357900.0
   393300.0
  -72090.0
   648000.0
   905500.0
   342100.0
   4027.0
   788785.9288355745
   417209.0
   371837.25278944283
   -0.5171    0.1728    -0.8383
   -0.04343    -0.9834    -0.1759
   0.8548    0.05455    -0.516
 Node:         62
 -0.7878E+03 -0.1536E+04 -0.2274E+04  0.1894E+10
   43570.0
  -5496.0
   6628.0
   63030.0
  -40500.0
   275600.0
   297300.0
   28330.0
   180.8
   284092.4650261601
   108603.59999999999
   133922.47233599992
   -0.2416    0.1384    -0.9604
   0.962    0.164    -0.2184
   -0.1273    0.9767    0.1728
 Node:         63
  0.2934E+02  0.1843E+00  0.2327E+03  0.1894E+10
   5175.0
  -3786.0
   2908.0
  -1756.0
   1957.0
   6591.0
   9973.0
   4659.0
   42.28
   8607.319538532305
   4891.426666666667
   4057.5293423571056
   -0.6166    0.499    0.6089
   -0.5423    0.2915    -0.788
   -0.5708    -0.8161    0.09086
 Node:         64
 -0.6222E+04 -0.6549E+04  0.5833E+04  0.1894E+10
   545000.0
  -21680.0
   214200.0
   156000.0
   165700.0
   506300.0
   703000.0
   441300.0
   121100.0
   504788.3417829695
   421800.0
   237959.50635910023
   -0.6717    -0.2109    -0.7101
   0.7097    -0.4582    -0.5352
   0.2125    0.8635    -0.4575
 Node:         65
 -0.3993E+04 -0.5799E+04 -0.5732E+03  0.1894E+10
   49850.0
   95740.0
   269300.0
   83870.0
   242600.0
   384700.0
   604600.0
   85530.0
   13650.0
   558490.0633851958
   234593.33333333334
   263274.7406966511
   0.2204    0.6123    0.7593
   0.3226    0.6889    -0.6491
   0.9205    -0.3881    0.04569
 Node:         66
 -0.1868E+03 -0.3727E+03  0.2898E+03  0.1894E+10
   10380.0
  -16060.0
   25140.0
  -7974.0
   11900.0
   6759.0
   41360.0
   923.4
   2.037
   40905.06467937154
   14095.145666666665
   19282.832413105298
   -0.5009    0.7765    0.3824
   -0.06572    -0.4746    0.8777
   0.863    0.4145    0.2888
 Node:         67
 -0.7317E+03 -0.5686E+04  0.3091E+04  0.1894E+10
   139700.0
   54990.0
   195100.0
  -12430.0
   9362.0
   716200.0
   716600.0
   229000.0
   105400.0
   559730.3636573596
   350333.3333333333
   263859.4238520875
   -0.02003    0.01583    0.9997
   0.5248    0.8512    -0.002968
   0.851    -0.5245    0.02536
 Node:         68
 -0.1753E+04 -0.3955E+04 -0.6597E+03  0.1894E+10
   19930.0
  -3510.0
   7723.0
  -67290.0
   23450.0
   267600.0
   286700.0
   7052.0
   1502.0
   282463.89646112296
   98418.0
   133154.75775202326
   -0.2447    0.08427    0.9659
   -0.4917    -0.8694    -0.04874
   0.8357    -0.4869    0.2542
 Node:         69
 -0.4049E+02 -0.2001E+03  0.3258E+03  0.1894E+10
   11000.0
  -6498.0
   4300.0
  -6031.0
   3434.0
   3490.0
   18230.0
   476.4
   85.1
   17952.44864440503
   6263.833333333333
   8462.86545024136
   -0.7751    0.4667    0.426
   -0.1991    -0.8202    0.5364
   0.5997    0.3309    0.7286
 Node:         70
  0.3654E+04 -0.3337E+04 -0.4478E+03  0.1894E+10
   47560.0
   203700.0
   1014000.0
  -33050.0
   59950.0
   478600.0
   1060000.0
   478100.0
   2237.0
   917582.6308671061
   513445.6666666667
   432552.6003900823
   0.1937    0.9769    0.08978
   0.109    0.06952    -0.9916
   0.975    -0.2019    0.09303
 Node:         71
 -0.6971E+03 -0.5498E+03 -0.2355E+04  0.1894E+10
   135700.0
   165500.0
   264300.0
  -33100.0
  -82930.0
   37100.0
   398600.0
   38480.0
   2.634
   380819.36812381004
   145694.21133333334
   179519.97173834816
   -0.5389    -0.8089    0.2349
   0.7203    -0.2979    0.6264
   0.4368    -0.5068    -0.7432
 Node:         72
  0.1034E+01  0.1075E+03  0.2113E+03  0.1894E+10
   8178.0
  -1245.0
   6466.0
  -1584.0
   630.9
   475.7
   9164.0
   5816.0
   139.5
   7901.688316429597
   5039.833333333333
   3724.8915942465883
   0.8733    -0.4478    -0.1917
   -0.4511    -0.892    0.02841
   -0.1837    0.06167    -0.981
 Node:         73
 -0.8277E+04 -0.1044E+05  0.9284E+04  0.0000E+00
   577400.0
   66620.0
   428600.0
  -131300.0
   240200.0
   190300.0
   618500.0
   574000.0
   3774.0
   593728.0506056624
   398758.0
   279886.0871759557
   0.9287    -0.1187    -0.3513
   0.2759    0.8543    0.4405
   0.2479    -0.506    0.8261
 Node:         74
 -0.5668E+04 -0.8599E+04 -0.5365E+03  0.0000E+00
   209900.0
   91140.0
   308300.0
   161500.0
   246900.0
   260400.0
   610900.0
   156000.0
   11760.0
   541621.6055513296
   259553.33333333334
   255322.87341499366
   -0.4066    -0.648    -0.644
   -0.8288    0.5583    -0.03845
   -0.3844    -0.5181    0.7641
 Node:         75
 -0.3227E+03 -0.5877E+03  0.2380E+03  0.0000E+00
   73940.0
   23090.0
   9071.0
   15870.0
   5955.0
   3966.0
   84860.0
   2094.0
   17.2
   83823.69762209253
   28990.399999999998
   39514.87000847487
   -0.9317    -0.2999    -0.2049
   -0.361    0.827    0.431
   -0.04016    -0.4756    0.8788
 Node:         76
  0.1296E+04 -0.8447E+04  0.6307E+04  0.0000E+00
   380400.0
   30820.0
   1440000.0
  -115300.0
   751300.0
   500400.0
   1857000.0
   419800.0
   44080.0
   1657315.3418707014
   773626.6666666666
   781265.9445341829
   -0.0197    0.8739    0.4858
   0.9452    0.1747    -0.2759
   -0.326    0.4537    -0.8294
 Node:         77
 -0.2433E+04 -0.3978E+04 -0.2422E+03  0.0000E+00
   57450.0
   194800.0
   669700.0
   154700.0
   517800.0
   481500.0
   1158000.0
   50000.0
   535.8
   1133541.8124981716
   402845.26666666666
   534356.7349172981
   -0.2204    -0.7496    -0.6241
   -0.1177    -0.6147    0.7799
   -0.9683    0.2454    0.04723
 Node:         78
 -0.1419E+03 -0.1527E+03  0.3162E+03  0.0000E+00
   17600.0
   9309.0
   7482.0
   10540.0
   8037.0
   9117.0
   31060.0
   2915.0
   215.9
   29587.029849412054
   11396.966666666667
   13947.459627792041
   -0.7222    -0.4609    -0.5157
   -0.6909    0.5144    0.508
   -0.03116    -0.7232    0.6899
 Node:         79
  0.5824E+04 -0.3748E+04  0.2301E+03  0.0000E+00
   474500.0
   396600.0
   367700.0
   554500.0
   636400.0
   1647000.0
   2171000.0
   313700.0
   4351.0
   2029732.4925962535
   829683.6666666666
   956825.0730063231
   -0.3664    -0.3802    -0.8492
   0.7612    0.4024    -0.5086
   -0.5351    0.8328    -0.142
 Node:         80
 -0.8219E+03  0.8462E+03 -0.2561E+04  0.0000E+00
   11520.0
  -14630.0
   19610.0
   46380.0
  -77950.0
   4327000.0
   4329000.0
   28860.0
   360.7
   4314460.245453942
   1452740.2333333334
   2033856.0644801725
   0.0108    -0.01812    0.9998
   -0.6115    0.791    0.02094
   0.7912    0.6116    0.002536
 Node:         81
 -0.4683E+02  0.2576E+03  0.1793E+03  0.0000E+00
   13510.0
   369.5
   225.6
  -16820.0
  -2510.0
   51210.0
   57730.0
   7141.0
   76.04
   54466.226620187306
   21649.013333333332
   25675.62545918513
   -0.3555    -0.04304    0.9337
   -0.9329    0.07779    -0.3517
   0.05749    0.996    0.06781
 Node:         82
 -0.1270E+03  0.4246E+03  0.1200E+04 -0.2383E+12
   23070.0
  -9166.0
   37770.0
   19800.0
  -8200.0
   18360.0
   51590.0
   26830.0
   774.1
   44012.6301055731
   26398.033333333336
   20747.752803670624
   -0.5583    0.6646    -0.4966
   0.4978    0.7472    0.4404
   -0.6638    0.001334    0.7479
 Node:         83
 -0.5808E+02  0.2449E+03  0.1799E+04 -0.2383E+12
   3249.0
   2800.0
   9786.0
   3263.0
  -8763.0
   24010.0
   28310.0
   8481.0
   255.1
   24979.3122985802
   12348.699999999999
   11775.360743801722
   0.07126    -0.4178    0.9057
   0.5888    0.7506    0.2999
   0.8052    -0.5119    -0.2995
 Node:         84
  0.1044E+03  0.1207E+03  0.6077E+03 -0.2383E+12
   103.1
   34.85
   26.99
  -445.0
  -125.8
   3373.0
   3437.0
   53.71
   12.0
   3404.3366422990543
   1167.57
   1604.8196834743355
   -0.1326    -0.0379    0.9904
   -0.8606    -0.4913    -0.134
   -0.4917    0.8702    -0.03253
 Node:         85
 -0.2033E+03  0.3748E+03  0.1939E+04 -0.2383E+12
   26200.0
  -20620.0
   226500.0
   66890.0
  -257600.0
   371500.0
   574500.0
   49500.0
   185.4
   551313.971139096
   208061.80000000002
   259891.89837022623
   -0.1193    0.5952    -0.7947
   0.6013    0.6802    0.4192
   -0.79    0.4278    0.4391
 Node:         86
 -0.9961E+02  0.1711E+03  0.1146E+04 -0.2383E+12
   614000.0
   757300.0
   946400.0
   170500.0
   202000.0
   53130.0
   1601000.0
   12810.0
   147.4
   1594559.0087020171
   537985.7999999999
   751682.3253701968
   -0.6183    -0.7677    -0.1683
   0.3975    -0.4903    0.7757
   -0.678    0.4127    0.6083
 Node:         87
  0.1042E+03  0.1142E+03  0.5281E+03 -0.2383E+12
   23.01
   110.8
   668.1
  -138.0
  -979.5
   1869.0
   2430.0
   126.9
   3.053
   2367.454268852727
   853.3176666666667
   1116.028645103202
   -0.07234    -0.4881    0.8698
   0.242    0.8374    0.4901
   0.9676    -0.246    -0.05756
 Node:         88
 -0.5210E+03 -0.1328E+03  0.3701E+04 -0.2383E+12
   69350.0
   57110.0
   63030.0
   56770.0
   67430.0
   91360.0
   196600.0
   22580.0
   4540.0
   183705.53285080992
   74573.33333333333
   86599.61868019718
   -0.5335    -0.5517    -0.6411
   -0.7497    -0.04249    0.6604
   0.3916    -0.833    0.3909
 Node:         89
 -0.3053E+03 -0.1628E+03  0.1029E+04 -0.2383E+12
   48440.0
   30030.0
   26020.0
   30540.0
   21410.0
   23500.0
   90150.0
   5186.0
   2622.0
   86274.57961647799
   32652.666666666668
   40670.226860553514
   -0.7164    -0.4984    -0.4883
   0.5941    -0.8027    -0.05225
   0.3659    0.3275    -0.8711
 Node:         90
  0.9140E+02  0.8903E+02  0.4867E+03 -0.2383E+12
   206.2
   187.4
   389.4
   222.6
   344.2
   350.8
   845.7
   89.48
   11.12
   798.2896574552373
   315.43333333333334
   376.317353425123
   -0.4125    -0.6504    -0.6378
   -0.8224    0.567    -0.04622
   -0.3916    -0.5055    0.7688
 Node:         91
 -0.1764E+04  0.3536E+04 -0.5859E+04 -0.2383E+12
   373500.0
   192100.0
   128800.0
  -620900.0
  -200200.0
   1588000.0
   1887000.0
   200400.0
   2466.0
   1793776.1601593439
   696622.0
   845594.1911862924
   -0.3912    -0.1461    0.9086
   0.6462    0.6594    0.3842
   0.6553    -0.7374    0.1635
 Node:         92
 -0.8288E+03  0.1495E+04 -0.2588E+04 -0.2383E+12
   144600.0
   170600.0
   219000.0
  -213200.0
  -225600.0
   676200.0
   865100.0
   169000.0
   5654.0
   790532.906535838
   346584.6666666667
   372660.78597506817
   -0.3449    -0.3892    0.8541
   0.4741    0.7131    0.5164
   0.8101    -0.5831    0.06141
 Node:         93
  0.4992E+02  0.2061E+03  0.2785E+03 -0.2383E+12
   639.6
   303.3
   1935.0
  -2937.0
  -1858.0
   18580.0
   19250.0
   1730.0
   170.8
   18349.351177630233
   7050.266666666666
   8649.967098717132
   0.1567    0.1081    -0.9817
   0.01283    -0.9941    -0.1074
   0.9876    -0.004237    0.1572
 Node:         94
 -0.3170E+04  0.2724E+04  0.1200E+04 -0.2383E+12
   766200.0
   208500.0
   139200.0
  -811400.0
  -397400.0
   1448000.0
   2089000.0
   237200.0
   26850.0
   1965435.4460271648
   784350.0
   926515.1545801433
   -0.5349    -0.2233    0.8149
   -0.8426    0.2131    -0.4946
   0.06321    0.9512    0.3021
 Node:         95
 -0.1914E+04  0.5384E+03 -0.2054E+04 -0.2383E+12
   580600.0
   606900.0
   652800.0
  -621400.0
  -662100.0
   899100.0
   1984000.0
   139400.0
   8739.0
   1913279.5764134943
   710713.0
   901928.6418584714
   -0.5255    -0.5586    0.6417
   0.4478    0.4597    0.7669
   -0.7234    0.6904    0.008512
 Node:         96
 -0.3341E+02  0.1225E+03  0.2166E+03 -0.2383E+12
   2442.0
  -2619.0
   4342.0
  -3819.0
   3287.0
   7358.0
   11760.0
   2240.0
   136.6
   10727.490832436073
   4712.2
   5056.987675154713
   -0.4447    0.4892    0.7503
   0.05149    -0.8223    0.5667
   0.8942    0.2906    0.3405
 Node:         97
 -0.7830E+04 -0.3458E+04  0.4784E+04 -0.2383E+12
   1102000.0
   5060.0
   252600.0
  -118800.0
  -90430.0
   338300.0
   1121000.0
   381100.0
   191300.0
   850828.4609720105
   564466.6666666666
   401084.38291988167
   -0.9881    -0.02166    0.1526
   -0.1379    0.5663    -0.8126
   0.06881    0.8239    0.5626
 Node:         98
 -0.5238E+04 -0.3534E+04 -0.2355E+04 -0.2383E+12
   115200.0
   154600.0
   283300.0
  -11430.0
   46020.0
   382900.0
   414600.0
   346600.0
   20170.0
   365209.23441227496
   260456.66666666666
   172161.28413657803
   0.2761    0.5909    0.758
   0.4459    0.6199    -0.6457
   0.8514    -0.5163    0.09233
 Node:         99
 -0.2909E+03 -0.1920E+03  0.1259E+03 -0.2383E+12
   10560.0
  -15330.0
   23230.0
  -11090.0
   15150.0
   12690.0
   44540.0
   1925.0
   16.39
   43600.64715439554
   15493.796666666667
   20553.54217799669
   -0.4865    0.7111    0.5076
   -0.06044    -0.607    0.7924
   0.8716    0.3548    0.3383
 Node:        100
  0.3950E+04  0.2417E+04 -0.1014E+05  0.0000E+00
   147400.0
   208.9
   2127000.0
   292100.0
   1315000.0
   1569000.0
   3203000.0
   611500.0
   28410.0
   2926934.220835856
   1280970.0
   1379770.0237599984
   -0.06048    -0.7724    -0.6322
   0.4291    -0.592    0.6822
   0.9012    0.23    -0.3673
 Node:        101
  0.5386E+04  0.5928E+03 -0.7767E+04  0.0000E+00
   127600.0
   121800.0
   954500.0
  -117300.0
   728900.0
   1127000.0
   1775000.0
   408400.0
   26010.0
   1592605.3642067139
   736470.0
   750761.3685230925
   -0.00416    0.6639    0.7478
   0.5154    0.6423    -0.5673
   0.8569    -0.3831    0.3449
 Node:        102
  0.5874E+03  0.1411E+03 -0.1787E+03  0.0000E+00
   58090.0
   35170.0
   27100.0
   4354.0
   7190.0
   4512.0
   81780.0
   7597.0
   334.0
   78068.30206300122
   29903.666666666668
   36801.7505229786
   -0.8311    -0.5475    -0.09778
   0.4557    -0.5695    -0.6841
   -0.3189    0.6131    -0.7228
 Node:        103
  0.7738E+01  0.4681E+03 -0.3101E+03  0.0000E+00
   453700.0
  -396500.0
   1922000.0
   94490.0
  -70460.0
   844000.0
   2030000.0
   848000.0
   342300.0
   1500197.9502718966
   1073433.3333333333
   707200.0958396114
   -0.2476    0.9658    -0.07712
   -0.1249    -0.1107    -0.986
   0.9608    0.2345    -0.148
 Node:        104
  0.1216E+04 -0.8043E+03 -0.6101E+04  0.0000E+00
   26710.0
   49000.0
   1677000.0
  -11870.0
  -249800.0
   228200.0
   1720000.0
   186400.0
   25130.0
   1620265.6093677974
   643843.3333333334
   763800.5331382155
   0.02969    0.9858    -0.1653
   0.02235    -0.166    -0.9859
   0.9993    -0.02557    0.02696
 Node:        105
  0.2330E+03  0.3107E+02 -0.1700E+03  0.0000E+00
   40800.0
   27020.0
   27390.0
   7095.0
   1450.0
   3104.0
   62640.0
   8066.0
   580.3
   58676.074956407916
   23762.100000000002
   27660.16699672413
   -0.7868    -0.6076    -0.1086
   0.4897    -0.7217    0.4893
   0.3756    -0.3318    -0.8654
 Node:        106
 -0.9454E+04 -0.6962E+04  0.6445E+04  0.0000E+00
   859500.0
  -4571.0
   908000.0
  -115000.0
   135300.0
   333700.0
   950400.0
   868800.0
   282000.0
   631566.0535525955
   700400.0
   297723.09282284434
   0.3796    -0.8864    -0.2651
   0.9056    0.4146    -0.08974
   0.1895    -0.206    0.96
 Node:        107
 -0.6880E+04 -0.5683E+04 -0.4104E+04  0.0000E+00
   151100.0
  -140700.0
   536700.0
   114000.0
   127500.0
   223000.0
   604400.0
   305600.0
   855.0
   522693.7545303177
   303618.3333333333
   246400.19887482957
   -0.2305    0.9415    0.2457
   0.6229    -0.05126    0.7806
   -0.7476    -0.333    0.5747
 Node:        108
 -0.4305E+03 -0.3460E+03 -0.7815E+02  0.0000E+00
   78090.0
   27770.0
   14190.0
   15550.0
   6742.0
   3526.0
   91720.0
   4000.0
   81.22
   89743.58260225854
   31933.74
   42305.530550688054
   -0.9192    -0.3457    -0.1885
   -0.3825    0.8976    0.2191
   -0.09348    -0.2735    0.9573
 Node:        109
  0.1018E+03  0.1092E+03  0.4946E+03 -0.2337E-04
   0.0
   1.388E-16
   1.11E-16
   5.551E-17
  -1.388E-17
   0.0
   2.069E-16
   2.266E-17
   -1.186E-16
   2.827092280064448E-16
   3.698666666666666E-17
   1.3327040815158061E-16
   -0.5724    -0.814    -0.09897
   0.2904    -0.3141    0.9039
   0.7668    -0.4887    -0.4162
 Node:        110
  0.1058E+03  0.1118E+03  0.5081E+03 -0.2337E-04
   0.0
   2.776E-17
   0.0
  -1.388E-17
  -5.204E-17
   2.22E-16
   2.353E-16
   1.788E-17
   -3.112E-17
   2.456135916434593E-16
   7.402E-17
   1.157833574684491E-16
   -0.08376    -0.2246    0.9708
   0.7726    0.6007    0.2056
   0.6293    -0.7673    -0.1232
 Node:        111
  0.1108E+03  0.1137E+03  0.5210E+03 -0.2337E-04
   0.0
   5.551E-17
  -1.11E-16
  -2.776E-17
   3.261E-16
  -2.22E-16
   1.68E-16
   2.779E-18
   -5.038E-16
   6.063148942925615E-16
   -1.1100700000000001E-16
   2.8581958219244996E-16
   0.1486    0.7638    0.6281
   0.9825    -0.0417    -0.1818
   0.1126    -0.6441    0.7566
 Node:        112
  0.1072E+03  0.1111E+03  0.4942E+03 -0.2337E-04
   0.0
   1.388E-16
   1.11E-16
   0.0
   1.388E-17
  -1.665E-16
   2.053E-16
   -9.314E-17
   -1.677E-16
   3.4187324200644896E-16
   -1.851333333333333E-17
   1.6116059181932647E-16
   0.5597    0.8281    0.0309
   0.8258    -0.5542    -0.1048
   0.06965    -0.08417    0.994
 Node:        113
  0.1071E+03  0.1139E+03  0.5077E+03 -0.2337E-04
   0.0
   0.0
   2.22E-16
   1.665E-16
  -1.527E-16
   2.22E-16
   4.12E-16
   1.393E-16
   -1.073E-16
   4.499162922144518E-16
   1.4800000000000001E-16
   2.1209257412743145E-16
   0.3005    -0.5974    0.7435
   0.4948    0.7641    0.414
   0.8154    -0.2435    -0.5252
 Node:        114
  0.1093E+03  0.1164E+03  0.5209E+03 -0.2337E-04
  -3.331E-16
   1.11E-16
  -3.331E-16
