 Group name: gastroc_stress
 #Fields=  16
 1) coordinates, coordinate, rectangular cartesian, #Components=3
   x.  Value index= 1, #Derivatives=0
   y.  Value index= 2, #Derivatives=0
   z.  Value index= 3, #Derivatives=0
 2) Tensor_1, field, rectangular cartesian, #Components=1
   Tensor_1.  Value index= 4, #Derivatives=0
 3) Tensor_2, field, rectangular cartesian, #Components=1
   Tensor_2.  Value index= 5, #Derivatives=0
 4) Tensor_3, field, rectangular cartesian, #Components=1
   Tensor_3.  Value index= 6, #Derivatives=0
 5) Tensor_4, field, rectangular cartesian, #Components=1
   Tensor_4.  Value index= 7, #Derivatives=0
 6) Tensor_5, field, rectangular cartesian, #Components=1
   Tensor_5.  Value index= 8, #Derivatives=0
 7) Tensor_6, field, rectangular cartesian, #Components=1
   Tensor_6.  Value index= 9, #Derivatives=0
 8) Principal_1, field, rectangular cartesian, #Components=1
   Principal_1.  Value index= 10, #Derivatives=0
 9) Principal_2, field, rectangular cartesian, #Components=1
   Principal_2.  Value index= 11, #Derivatives=0
 10) Principal_3, field, rectangular cartesian, #Components=1
   Principal_3.  Value index= 12, #Derivatives=0
 11) VonMises, field, rectangular cartesian, #Components=1
   VonMises.  Value index= 13, #Derivatives=0
 12) Hydrostatic, field, rectangular cartesian, #Components=1
   VonMises.  Value index= 14, #Derivatives=0
 13) Octahedral, field, rectangular cartesian, #Components=1
   VonMises.  Value index= 15, #Derivatives=0
 14) PrincipalVector1, field, rectangular cartesian, #Components=3
   x.  Value index= 16, #Derivatives=0
   y.  Value index= 17, #Derivatives=0
   z.  Value index= 18, #Derivatives=0
 15) PrincipalVector2, field, rectangular cartesian, #Components=3
   x.  Value index= 19, #Derivatives=0
   y.  Value index= 20, #Derivatives=0
   z.  Value index= 21, #Derivatives=0
 16) PrincipalVector3, field, rectangular cartesian, #Components=3
   x.  Value index= 22, #Derivatives=0
   y.  Value index= 23, #Derivatives=0
   z.  Value index= 24, #Derivatives=0
 Node:          1
  0.1287E+03  0.1133E+03  0.4908E+03 -0.1602E-05
  -3.204E-6
  -1.439E-16
  -3.204E-6
  -4.797E-17
  -7.196E-17
  -3.204E-6
   -3.204E-6
   -3.204E-6
   -3.204E-6
   0.0
   -3.204E-6
   0.0
   0.966    -0.2571    -0.02712
   0.2489    0.9532    -0.1718
   0.07002    0.1592    0.9848
 Node:          2
  0.1292E+03  0.1137E+03  0.5052E+03 -0.1602E-05
  -3.204E-6
  -1.919E-16
  -3.204E-6
  -9.595E-17
   3.358E-16
  -3.204E-6
   -3.204E-6
   -3.204E-6
   -3.204E-6
   0.0
   -3.204E-6
   0.0
   0.895    -0.3984    -0.2008
   0.4461    0.7982    0.4048
   -9.608E-4    -0.4518    0.8921
 Node:          3
  0.1289E+03  0.1155E+03  0.5194E+03 -0.1602E-05
  -3.204E-6
   2.399E-16
  -3.204E-6
   1.919E-16
   9.595E-17
  -3.204E-6
   -3.204E-6
   -3.204E-6
   -3.204E-6
   0.0
   -3.204E-6
   0.0
   -0.4092    -0.8757    -0.2565
   0.496    -0.4494    0.7429
   0.7658    -0.1767    -0.6183
 Node:          4
  0.1361E+03  0.1141E+03  0.4915E+03 -0.1602E-05
  -3.204E-6
  -4.797E-17
  -3.204E-6
  -4.797E-17
  -1.439E-16
  -3.204E-6
   -3.204E-6
   -3.204E-6
   -3.204E-6
   0.0
   -3.204E-6
   0.0
   -0.04308    -0.0943    0.9946
   -0.9939    0.1055    -0.03304
   -0.1018    -0.9899    -0.09827
 Node:          5
  0.1341E+03  0.1144E+03  0.5054E+03 -0.1602E-05
  -3.204E-6
   2.399E-16
  -3.204E-6
   9.595E-17
  -1.199E-16
  -3.204E-6
   -3.204E-6
   -3.204E-6
   -3.204E-6
   0.0
   -3.204E-6
   0.0
   0.09698    -0.1794    0.979
   0.7185    0.6933    0.05585
   -0.6888    0.698    0.1961
 Node:          6
  0.1323E+03  0.1162E+03  0.5191E+03 -0.1602E-05
  -3.204E-6
   9.595E-17
  -3.204E-6
  -9.595E-17
  -4.797E-17
  -3.204E-6
   -3.204E-6
   -3.204E-6
   -3.204E-6
   0.0
   -3.204E-6
   0.0
   -0.715    -0.6928    0.09323
   0.693    -0.72    -0.03581
   0.09194    0.039    0.995
 Node:          7
  0.1408E+03  0.1171E+03  0.4920E+03 -0.1602E-05
  -3.204E-6
   3.838E-16
  -3.204E-6
  -1.439E-16
  -1.919E-16
  -3.204E-6
   -3.204E-6
   -3.204E-6
   -3.204E-6
   0.0
   -3.204E-6
   0.0
   0.8641    0.487    -0.1268
   -0.5006    0.8577    -0.1173
   0.05165    0.1648    0.985
 Node:          8
  0.1367E+03  0.1169E+03  0.5055E+03 -0.1602E-05
  -3.204E-6
   3.358E-16
  -3.204E-6
  -6.956E-16
  -4.078E-16
  -3.204E-6
   -3.204E-6
   -3.204E-6
   -3.204E-6
   0.0
   -3.204E-6
   0.0
   -0.7204    -0.627    0.2965
   0.636    -0.7677    -0.07822
   0.2767    0.1322    0.9518
 Node:          9
  0.1339E+03  0.1180E+03  0.5191E+03 -0.1602E-05
  -3.204E-6
   2.878E-16
  -3.204E-6
  -6.836E-16
  -4.797E-16
  -3.204E-6
   -3.204E-6
   -3.204E-6
   -3.204E-6
   0.0
   -3.204E-6
   0.0
   0.3025    0.1646    -0.9388
   0.9346    0.1422    0.3261
   -0.1871    0.9761    0.1108
 Node:         10
  0.1294E+03  0.1212E+03  0.4911E+03 -0.1602E-05
  -3.204E-6
   4.797E-17
  -3.204E-6
  -2.399E-17
   2.159E-16
  -3.204E-6
   -3.204E-6
   -3.204E-6
   -3.204E-6
   0.0
   -3.204E-6
   0.0
   0.02409    0.7089    0.7049
   0.1744    0.6913    -0.7012
   -0.9844    0.1398    -0.107
 Node:         11
  0.1295E+03  0.1214E+03  0.5055E+03 -0.1602E-05
  -3.204E-6
  -4.797E-17
  -3.204E-6
  -7.196E-17
   2.399E-17
  -3.204E-6
   -3.204E-6
   -3.204E-6
   -3.204E-6
   0.0
   -3.204E-6
   0.0
   -0.2763    0.1332    0.9518
   -0.5868    0.761    -0.2768
   0.7612    0.635    0.1321
 Node:         12
  0.1295E+03  0.1217E+03  0.5196E+03 -0.1602E-05
  -3.204E-6
  -2.715E-38
  -3.204E-6
   1.319E-16
   4.797E-17
  -3.204E-6
   -3.204E-6
   -3.204E-6
   -3.204E-6
   0.0
   -3.204E-6
   0.0
   -0.2404    -0.08741    -0.9667
   -0.3417    0.9398    -4.947E-7
   -0.9085    -0.3304    0.2558
 Node:         13
  0.1361E+03  0.1199E+03  0.4914E+03 -0.1602E-05
  -3.204E-6
  -2.399E-16
  -3.204E-6
  -1.679E-16
   4.797E-17
  -3.204E-6
   -3.204E-6
   -3.204E-6
   -3.204E-6
   0.0
   -3.204E-6
   0.0
   0.9203    -0.37    -0.1273
   0.3697    0.9288    -0.02722
   0.1283    -0.02201    0.9915
 Node:         14
  0.1342E+03  0.1198E+03  0.5054E+03 -0.1602E-05
  -3.204E-6
   4.797E-17
  -3.204E-6
   9.595E-17
  -1.559E-16
  -3.204E-6
   -3.204E-6
   -3.204E-6
   -3.204E-6
   0.0
   -3.204E-6
   0.0
   0.09999    -0.2648    0.9591
   -0.2953    -0.9284    -0.2256
   -0.9501    0.2607    0.171
 Node:         15
  0.1330E+03  0.1205E+03  0.5193E+03 -0.1602E-05
  -3.204E-6
  -1.439E-16
  -3.204E-6
   2.399E-17
   8.395E-17
  -3.204E-6
   -3.204E-6
   -3.204E-6
   -3.204E-6
   0.0
   -3.204E-6
   0.0
   0.9934    -0.1134    0.01426
   -0.01884    -0.2856    -0.9582
   0.1127    0.9516    -0.2858
 Node:         16
  0.1404E+03  0.1188E+03  0.4918E+03 -0.1602E-05
  -3.204E-6
   9.595E-17
  -3.204E-6
  -1.439E-16
  -2.519E-16
  -3.204E-6
   -3.204E-6
   -3.204E-6
   -3.204E-6
   0.0
   -3.204E-6
   0.0
   -0.1502    -0.2388    0.9594
   -0.794    -0.5491    -0.261
   0.5891    -0.8009    -0.1072
 Node:         17
  0.1365E+03  0.1184E+03  0.5055E+03 -0.1602E-05
  -3.204E-6
   4.797E-17
  -3.204E-6
   1.679E-16
   2.938E-16
  -3.204E-6
   -3.204E-6
   -3.204E-6
   -3.204E-6
   0.0
   -3.204E-6
   0.0
   0.248    0.4017    0.8816
   0.9357    -0.3351    -0.1105
   -0.251    -0.8523    0.4589
 Node:         18
  0.1341E+03  0.1191E+03  0.5192E+03 -0.1602E-05
  -3.204E-6
  -3.61E-38
  -3.204E-6
   4.572E-17
   1.84E-16
  -3.204E-6
   -3.204E-6
   -3.204E-6
   -3.204E-6
   0.0
   -3.204E-6
   0.0
   0.02285    0.09198    0.9955
   0.9705    -0.241    -1.288E-5
   -0.2399    -0.9662    0.09477
 Node:         19
  0.1301E+03  0.1291E+03  0.4914E+03  0.0000E+00
   4.934E-16
   0.0
   4.934E-16
   3.631E-19
   1.731E-17
  -9.869E-16
   4.936E-16
   4.934E-16
   -9.871E-16
   1.4806000101310279E-15
   -3.3333333333314155E-20
   6.979615382590138E-16
   -0.02097    -0.9997    -0.01169
   -0.9998    0.02097    -8.123E-17
   2.452E-4    0.01169    -0.9999
 Node:         20
  0.1299E+03  0.1291E+03  0.5058E+03  0.0000E+00
   9.869E-16
   0.0
   0.0
   1.799E-17
   3.326E-17
  -2.467E-16
   9.871E-16
   4.4E-18
   -2.514E-16
   1.1324785163525177E-15
   2.467E-16
   5.338554923072971E-16
   -0.9999    -4.917E-4    -0.01459
   0.002401    -0.9914    -0.1311
   -0.0144    -0.1312    0.9913
 Node:         21
  0.1301E+03  0.1280E+03  0.5197E+03  0.0000E+00
   4.934E-16
   0.0
   0.0
   7.196E-17
   2.549E-17
   4.934E-16
   5.66E-16
   4.222E-16
   -1.341E-18
   5.108528305500519E-16
   3.28953E-16
   2.408183337801893E-16
   -0.7039    -0.03195    -0.7096
   -0.7102    0.04241    0.7027
   -0.007642    -0.9986    0.05255
 Node:         22
  0.1360E+03  0.1256E+03  0.4913E+03  0.0000E+00
  -9.869E-16
   2.399E-17
  -4.934E-16
  -2.399E-17
   1.739E-16
   4.934E-16
   5.234E-16
   -5.215E-16
   -9.888E-16
   1.3410693755358072E-15
   -3.2896666666666662E-16
   6.321861663219854E-16
   -0.01298    0.1683    0.9857
   0.05935    0.9841    -0.1672
   -0.9982    0.05633    -0.02276
 Node:         23
  0.1343E+03  0.1253E+03  0.5054E+03  0.0000E+00
   0.0
   3.598E-17
  -1.974E-15
   0.0
   2.271E-16
  -7.401E-16
   6.796E-19
   -6.997E-16
   -2.015E-15
   1.7724996366646057E-15
   -9.046734666666666E-16
   8.355643418241562E-16
   0.9998    0.01889    0.00579
   -0.009011    0.1753    0.9845
   0.01758    -0.9843    0.1754
 Node:         24
  0.1336E+03  0.1248E+03  0.5194E+03  0.0000E+00
  -9.869E-16
   2.099E-17
   0.0
   2.399E-17
   1.499E-18
  -7.401E-16
   4.516E-19
   -7.379E-16
   -9.896E-16
   8.912682384908372E-16
   -5.756827999999999E-16
   4.2014787686204007E-16
   -0.02132    -0.9998    -0.002714
   0.09549    -0.004739    0.9954
   -0.9952    0.02096    0.09557
 Node:         25
  0.1400E+03  0.1206E+03  0.4917E+03  0.0000E+00
   0.0
   4.617E-16
  -4.934E-16
  -1.439E-16
  -2.249E-16
   9.869E-16
   1.067E-15
   2.05E-16
   -7.785E-16
   1.5994040296310373E-15
   1.6449999999999999E-16
   7.539662901394642E-16
   -0.2161    -0.2016    0.9553
   0.839    0.4621    0.2874
   -0.4994    0.8636    0.06929
 Node:         26
  0.1363E+03  0.1200E+03  0.5055E+03  0.0000E+00
   9.869E-16
   1.859E-16
  -2.714E-15
   4.797E-17
  -1.943E-15
  -2.467E-16
   1.006E-15
   8.09E-16
   -3.789E-15
   4.699597748744035E-15
   -6.579999999999999E-16
   2.215411624657293E-15
   0.968    0.1526    -0.1995
   0.2481    -0.4578    0.8538
   -0.03892    0.8759    0.4809
 Node:         27
  0.1343E+03  0.1203E+03  0.5192E+03  0.0000E+00
   9.869E-16
  -3.358E-16
   9.869E-16
  -1.799E-16
   2.27E-15
   0.0
   2.89E-15
   9.15E-16
   -1.831E-15
   4.1066398673367985E-15
   6.58E-16
   1.9358885987232494E-15
   -0.1931    0.7658    0.6135
   0.9808    0.1345    0.1409
   0.02534    0.6289    -0.7771
 Node:         28
  0.1155E+03  0.1124E+03  0.4931E+03 -0.9469E-05
  -1.894E-5
   6.596E-17
  -1.894E-5
  -9.595E-17
   9.595E-17
  -1.894E-5
   -1.894E-5
   -1.894E-5
   -1.894E-5
   0.0
   -1.894E-5
   0.0
   0.02391    0.9834    0.1796
   0.07203    0.1775    -0.9815
   -0.9971    0.0364    -0.06659
 Node:         29
  0.1119E+03  0.1139E+03  0.5068E+03 -0.9469E-05
  -1.894E-5
  -3.598E-17
  -1.894E-5
   9.595E-17
   1.199E-17
  -1.894E-5
   -1.894E-5
   -1.894E-5
   -1.894E-5
   0.0
   -1.894E-5
   0.0
   -0.03582    0.9993    0.005765
   -0.9821    -0.03413    -0.1855
   -0.1851    -0.01231    0.9826
 Node:         30
  0.1113E+03  0.1159E+03  0.5206E+03 -0.9469E-05
  -1.894E-5
   2.159E-16
  -1.894E-5
   2.626E-37
  -4.797E-17
  -1.894E-5
   -1.894E-5
   -1.894E-5
   -1.894E-5
   0.0
   -1.894E-5
   0.0
   0.7037    0.7089    -0.04783
   -0.7087    0.6955    -0.1185
   -0.05073    0.1173    0.9918
 Node:         31
  0.1203E+03  0.1126E+03  0.4920E+03 -0.9469E-05
  -1.894E-5
   1.679E-16
  -1.894E-5
   4.797E-17
   7.196E-17
  -1.894E-5
   -1.894E-5
   -1.894E-5
   -1.894E-5
   0.0
   -1.894E-5
   0.0
   -0.7438    -0.4294    -0.5123
   0.5143    0.1219    -0.8489
   0.4269    -0.8949    0.1302
 Node:         32
  0.1188E+03  0.1134E+03  0.5062E+03 -0.9469E-05
  -1.894E-5
  -2.399E-17
  -1.894E-5
  -4.797E-17
   1.679E-16
  -1.894E-5
   -1.894E-5
   -1.894E-5
   -1.894E-5
   0.0
   -1.894E-5
   0.0
   0.9989    -0.02087    -0.04161
   0.04655    0.4512    0.8912
   1.69E-4    -0.8922    0.4516
 Node:         33
  0.1183E+03  0.1150E+03  0.5201E+03 -0.9469E-05
  -1.894E-5
   9.595E-17
  -1.894E-5
   1.439E-16
  -3.502E-37
  -1.894E-5
   -1.894E-5
   -1.894E-5
   -1.894E-5
   0.0
   -1.894E-5
   0.0
   0.9536    0.1669    0.2504
   6.348E-5    0.832    -0.5548
   -0.301    0.5291    0.7934
 Node:         34
  0.1255E+03  0.1129E+03  0.4909E+03 -0.9469E-05
  -1.894E-5
  -4.085E-37
  -1.894E-5
   9.595E-17
   1.679E-16
  -1.894E-5
   -1.894E-5
   -1.894E-5
   -1.894E-5
   0.0
   -1.894E-5
   0.0
   0.3508    0.6139    0.7071
   0.8682    -0.4961    -1.975E-5
   -0.3508    -0.6139    0.7071
 Node:         35
  0.1260E+03  0.1135E+03  0.5054E+03 -0.9469E-05
  -1.894E-5
   1.919E-16
  -1.894E-5
   1.919E-16
   4.318E-16
  -1.894E-5
   -1.894E-5
   -1.894E-5
   -1.894E-5
   0.0
   -1.894E-5
   0.0
   0.746    0.4709    0.4709
   -0.666    0.5275    0.5275
   4.973E-6    -0.7071    0.7071
 Node:         36
  0.1257E+03  0.1153E+03  0.5196E+03 -0.9469E-05
  -1.894E-5
  -9.595E-17
  -1.894E-5
  -9.595E-17
   1.439E-16
  -1.894E-5
   -1.894E-5
   -1.894E-5
   -1.894E-5
   0.0
   -1.894E-5
   0.0
   -0.5155    0.6059    0.6059
   0.8569    0.3645    0.3646
   -3.78E-5    -0.7071    0.7071
 Node:         37
  0.1132E+03  0.1210E+03  0.4959E+03 -0.9469E-05
  -1.894E-5
   2.399E-16
  -1.894E-5
  -1.439E-16
   3.118E-16
  -1.894E-5
   -1.894E-5
   -1.894E-5
   -1.894E-5
   0.0
   -1.894E-5
   0.0
   -0.5071    -0.7958    -0.331
   0.7559    -0.2262    -0.6143
   0.414    -0.5617    0.7163
 Node:         38
  0.1111E+03  0.1204E+03  0.5085E+03 -0.9469E-05
  -1.894E-5
   1.679E-16
  -1.894E-5
  -4.797E-17
  -1.439E-16
  -1.894E-5
   -1.894E-5
   -1.894E-5
   -1.894E-5
   0.0
   -1.894E-5
   0.0
   0.2119    0.9668    -0.1429
   0.9723    -0.2233    -0.06858
   0.09821    0.1244    0.9874
 Node:         39
  0.1119E+03  0.1201E+03  0.5207E+03 -0.9469E-05
  -1.894E-5
  -1.679E-16
  -1.894E-5
  -1.439E-16
  -1.319E-16
  -1.894E-5
   -1.894E-5
   -1.894E-5
   -1.894E-5
   0.0
   -1.894E-5
   0.0
   0.9213    -0.0799    -0.3805
   0.3608    -0.1891    0.9133
   -0.1449    -0.9787    -0.1454
 Node:         40
  0.1191E+03  0.1220E+03  0.4937E+03 -0.9469E-05
  -1.894E-5
   1.439E-16
  -1.894E-5
   1.439E-16
  -2.399E-17
  -1.894E-5
   -1.894E-5
   -1.894E-5
   -1.894E-5
   0.0
   -1.894E-5
   0.0
   -0.9817    -0.1345    -0.1345
   0.0    -0.7071    0.7071
   0.1902    -0.6942    -0.6942
 Node:         41
  0.1182E+03  0.1217E+03  0.5073E+03 -0.9469E-05
  -1.894E-5
  -4.797E-17
  -1.894E-5
   9.595E-17
   1.679E-16
  -1.894E-5
   -1.894E-5
   -1.894E-5
   -1.894E-5
   0.0
   -1.894E-5
   0.0
   -0.1538    -0.1966    -0.9683
   -0.962    0.2534    0.1013
   0.2255    0.9472    -0.2281
 Node:         42
  0.1187E+03  0.1212E+03  0.5204E+03 -0.9469E-05
  -1.894E-5
  -9.595E-17
  -1.894E-5
   2.334E-37
   9.595E-17
  -1.894E-5
   -1.894E-5
   -1.894E-5
   -1.894E-5
   0.0
   -1.894E-5
   0.0
   -0.01862    0.09762    0.995
   -0.9834    0.178    -0.03587
   -0.1806    -0.9792    0.09269
 Node:         43
  0.1258E+03  0.1217E+03  0.4915E+03 -0.9469E-05
  -1.894E-5
   1.919E-16
  -1.894E-5
  -2.399E-17
   1.167E-37
  -1.894E-5
   -1.894E-5
   -1.894E-5
   -1.894E-5
   0.0
   -1.894E-5
   0.0
   0.9458    0.3243    -0.01745
   -0.3241    0.9459    0.01153
   0.02025    -0.005252    0.9998
 Node:         44
  0.1259E+03  0.1220E+03  0.5059E+03 -0.9469E-05
  -1.894E-5
   2.399E-16
  -1.894E-5
   1.679E-16
   1.919E-16
  -1.894E-5
   -1.894E-5
   -1.894E-5
   -1.894E-5
   0.0
   -1.894E-5
   0.0
   -0.3605    -0.3834    -0.8503
   -0.6208    -0.5817    0.5255
   0.6961    -0.7174    0.02831
 Node:         45
  0.1261E+03  0.1221E+03  0.5198E+03 -0.9469E-05
  -1.894E-5
  -1.439E-16
  -1.894E-5
   4.797E-17
  -1.199E-17
  -1.894E-5
   -1.894E-5
   -1.894E-5
   -1.894E-5
   0.0
   -1.894E-5
   0.0
   0.06679    -0.01247    0.9977
   -0.9877    0.1408    0.06788
   -0.1413    -0.99    -0.002917
 Node:         46
  0.1117E+03  0.1296E+03  0.4959E+03  0.0000E+00
  -2.467E-16
   4.797E-17
  -7.401E-16
   1.199E-17
  -4.497E-17
   0.0
   3.057E-18
   -2.423E-16
   -7.476E-16
   6.629532710146319E-16
   -3.2894766666666664E-16
   3.125191690294995E-16
   0.03676    -0.058    0.9976
   0.9946    0.09864    -0.03092
   -0.09662    0.9934    0.06131
 Node:         47
  0.1107E+03  0.1269E+03  0.5087E+03  0.0000E+00
  -7.401E-16
  -5.397E-17
   4.934E-16
  -4.797E-17
   6.896E-17
   0.0
   5.058E-16
   -7.273E-18
   -7.452E-16
   1.0892155802819752E-15
   -8.222433333333333E-17
   5.1346114866095E-16
   -0.04821    0.9891    0.1394
   -0.05424    -0.142    0.9884
   -0.9974    -0.04009    -0.06049
 Node:         48
  0.1125E+03  0.1242E+03  0.5208E+03  0.0000E+00
   4.934E-16
   5.997E-18
   4.934E-16
   0.0
  -2.998E-18
   4.934E-16
   5.001E-16
   4.934E-16
   4.867E-16
   1.1604740410711462E-17
   4.934E-16
   5.470527092215756E-18
   -0.6325    -0.7071    0.3162
   0.4472    -2.276E-15    0.8944
   0.6325    -0.7071    -0.3162
 Node:         49
  0.1186E+03  0.1311E+03  0.4938E+03  0.0000E+00
  -7.401E-16
  -3.598E-17
   0.0
  -7.196E-17
  -1.049E-17
  -2.467E-16
   1.947E-18
   -2.366E-16
   -7.523E-16
   6.677348643803167E-16
   -3.2898433333333336E-16
   3.1477323375866775E-16
   0.04561    -0.9985    0.02894
   -0.143    0.02215    0.9895
   -0.9887    -0.04926    -0.1418
 Node:         50
  0.1180E+03  0.1298E+03  0.5075E+03  0.0000E+00
   0.0
  -2.249E-17
   1.48E-15
  -7.196E-17
   2.155E-17
   9.869E-16
   1.482E-15
   9.91E-16
   -5.513E-18
   1.3127859849072886E-15
   8.224956666666666E-16
   6.188532481164029E-16
   0.01739    -0.9988    -0.04603
   -0.07128    -0.04716    0.9963
   0.9973    0.01405    0.07201
 Node:         51
  0.1192E+03  0.1275E+03  0.5206E+03  0.0000E+00
   0.0
  -5.997E-18
  -2.467E-16
   0.0
   2.549E-17
   4.934E-16
   4.943E-16
   1.449E-19
   -2.477E-16
   6.54286006770747E-16
   8.22483E-17
   3.0843338148204166E-16
   -4.17E-4    0.03438    0.9994
   0.9997    -0.02416    0.001248
   0.02418    0.9991    -0.03436
 Node:         52
  0.1262E+03  0.1305E+03  0.4920E+03  0.0000E+00
   4.934E-16
  -2.399E-17
   4.934E-16
   2.249E-18
   8.48E-18
   0.0
   5.175E-16
   4.696E-16
   -1.6E-19
   4.95449666061044E-16
   3.2898E-16
   2.335572124055831E-16
   -0.7061    0.708    0.008534
   0.7081    0.706    0.01614
   -0.005403    -0.01744    0.9998
 Node:         53
  0.1258E+03  0.1304E+03  0.5063E+03  0.0000E+00
  -7.401E-16
  -2.998E-18
  -4.934E-16
   4.797E-17
   5.847E-17
  -9.869E-16
   -4.866E-16
   -7.314E-16
   -1.002E-15
   4.465358664206045E-16
   -7.399999999999999E-16
   2.104990261260132E-16
   0.0104    0.9931    0.1171
   -0.9836    0.03123    -0.1776
   -0.18    -0.1133    0.9771
 Node:         54
  0.1265E+03  0.1288E+03  0.5200E+03  0.0000E+00
  -9.869E-16
   3.598E-17
   4.934E-16
   0.0
  -7.496E-18
   4.934E-16
   5.014E-16
   4.864E-16
   -9.877E-16
   1.4816569474746847E-15
   3.3333333333314155E-20
   6.984597833010066E-16
   0.01758    0.7272    -0.6862
   0.01675    0.686    0.7274
   -0.9997    0.02428    1.229E-4
 Node:         55
  0.1382E+03  0.1168E+03  0.4536E+03  0.8171E-02
   0.09752
  -0.04118
   0.03722
   5.268E-4
   0.07732
   0.02265
   0.1469
   0.06853
   -0.05278
   0.1742556676266227
   0.05421666666666667
   0.08214490949264937
   -0.4996    0.7042    0.5045
   0.8464    0.2728    0.4574
   -0.1844    -0.6555    0.7323
 Node:         56
  0.1314E+03  0.1156E+03  0.4690E+03  0.8171E-02
   0.09831
  -0.00973
   0.02616
   0.02838
   0.01349
   0.01513
   0.09871
   0.03904
   -0.002427
   0.08805882624132574
   0.045107666666666664
   0.04151132878571289
   -0.9507    0.06195    -0.3038
   -0.08882    0.8844    0.4583
   0.2971    0.4627    -0.8353
 Node:         57
  0.1285E+03  0.1140E+03  0.4824E+03  0.8171E-02
   0.1124
   0.01125
   0.0164
   0.009975
  -0.006686
   0.01574
   0.1136
   0.02333
   0.007267
   0.0992809139714175
   0.048065666666666666
   0.0468014716743917
   -0.9895    -0.1093    -0.09434
   0.0133    -0.7195    0.6944
   -0.1438    0.6858    0.7134
 Node:         58
  0.1486E+03  0.1181E+03  0.4530E+03  0.8171E-02
   0.09467
  -0.1062
   0.05981
  -0.01595
   0.05859
   0.01095
   0.2307
   0.01738
   -0.0508
   0.2543581970371704
   0.06576
   0.11990560398357812
   -0.6801    0.6826    0.2675
   0.5726    0.2669    0.7752
   -0.4577    -0.6804    0.5724
 Node:         59
  0.1420E+03  0.1169E+03  0.4693E+03  0.8171E-02
   0.1002
  -0.09858
   0.04354
  -0.009593
   0.04224
   0.01127
   0.2013
   0.01848
   -0.04426
   0.2209741767718572
   0.05850666666666667
   0.10416822590833008
   -0.752    0.6268    0.2038
   0.4586    0.2754    0.8449
   -0.4735    -0.7288    0.4946
 Node:         60
  0.1375E+03  0.1150E+03  0.4832E+03  0.8171E-02
   0.1144
  -0.02015
   0.02002
   4.47E-4
   0.004831
   0.01583
   0.1172
   0.02085
   0.011
   0.10163361894570122
   0.049683333333333336
   0.04791054743535661
   -0.9777    0.2098    0.007002
   0.1575    0.7113    0.685
   -0.1387    -0.6709    0.7285
 Node:         61
  0.1556E+03  0.1229E+03  0.4519E+03  0.8171E-02
   0.1085
  -0.1004
   0.03986
  -0.06497
   0.07477
  -0.006804
   0.2814
   -0.01616
   -0.05871
   0.3209573711569809
   0.06884333333333333
   0.15130075574460589
   -0.7457    0.5794    0.3289
   0.6331    0.4626    0.6206
   -0.2074    -0.6711    0.7118
 Node:         62
  0.1494E+03  0.1207E+03  0.4691E+03  0.8171E-02
   0.1228
  -0.1852
   0.04212
  -0.05407
   0.06464
  -1.146E-4
   0.3795
   -0.01632
   -0.1063
   0.4476446765013519
   0.08562666666666667
   0.21102172421077622
   -0.7845    0.5802    0.2189
   0.2794    0.01562    0.96
   0.5536    0.8143    -0.1744
 Node:         63
  0.1437E+03  0.1181E+03  0.4838E+03  0.8171E-02
   0.1209
  -0.05314
   0.02296
  -0.007884
   0.01164
   0.01427
   0.1521
   0.01567
   -0.00353
   0.1469736061338906
   0.054746666666666666
   0.06928402236847654
   -0.912    0.4005    0.08873
   -0.2412    -0.3485    -0.9057
   -0.3318    -0.8474    0.4144
 Node:         64
  0.1414E+03  0.1252E+03  0.4516E+03  0.8171E-02
   0.09676
   0.008024
   0.04104
  -0.03482
   0.02848
   0.01072
   0.09836
   0.06698
   -0.016
   0.10234401399202593
   0.04977999999999999
   0.04824543087174163
   -0.9155    0.1339    0.3795
   0.2743    0.8976    0.345
   -0.2945    0.4199    -0.8585
 Node:         65
  0.1342E+03  0.1229E+03  0.4681E+03  0.8171E-02
   0.1054
  -0.02773
   0.03506
  -0.01918
   0.01553
   0.01256
   0.1162
   0.03033
   0.004219
   0.10147705549039152
   0.050249666666666665
   0.04783674271473295
   -0.8867    0.4054    0.2221
   0.4572    0.84    0.2921
   0.06813    -0.3606    0.9302
 Node:         66
  0.1299E+03  0.1214E+03  0.4825E+03  0.8171E-02
   0.1165
  -0.01181
   0.01931
   0.00123
  -8.386E-4
   0.01581
   0.1171
   0.0183
   0.01533
   0.10031797894694648
   0.050243333333333334
   0.04729034879221011
   -0.9923    0.1234    -0.01321
   0.123    0.9628    -0.2407
   0.01699    0.2404    0.9705
 Node:         67
  0.1501E+03  0.1247E+03  0.4514E+03  0.8171E-02
   0.09782
  -0.06226
   0.03916
  -0.03225
   0.02411
   0.01201
   0.1568
   0.002735
   -0.003163
   0.15709705916725494
   0.052124
   0.07405626389442017
   -0.7788    0.5641    0.2741
   0.5651    0.4416    0.6968
   -0.2721    -0.6977    0.6628
 Node:         68
  0.1434E+03  0.1226E+03  0.4684E+03  0.8171E-02
   0.1109
  -0.134
   0.03843
  -0.04489
   0.03658
   0.01325
   0.261
   -0.002042
   -0.05963
   0.2960667732184752
   0.06644266666666666
   0.13956721535120234
   -0.7858    0.5721    0.2351
   0.2223    -0.09344    0.9705
   0.5772    0.8149    -0.05377
 Node:         69
  0.1380E+03  0.1205E+03  0.4830E+03  0.8171E-02
   0.119
  -0.03848
   0.02126
  -0.01108
   0.01092
   0.01624
   0.1368
   0.01813
   0.003721
   0.12649151833621097
   0.05288366666666667
   0.05962867358541154
   -0.9351    0.3339    0.1189
   0.2754    0.4732    0.8368
   -0.2232    -0.8152    0.5345
 Node:         70
  0.1558E+03  0.1249E+03  0.4515E+03  0.8171E-02
   0.1017
  -0.07753
   0.02134
  -0.09272
   0.05996
   0.02064
   0.2425
   -0.02349
   -0.04241
   0.27593690818736083
   0.05886666666666666
   0.13007790597262173
   -0.7499    0.4632    0.4723
   0.6048    0.7693    0.2058
   0.268    -0.44    0.8571
 Node:         71
  0.1496E+03  0.1226E+03  0.4689E+03  0.8171E-02
   0.1205
  -0.1709
   0.03124
  -0.1443
   0.0893
   0.01833
   0.4196
   -0.05721
   -0.09102
   0.49458248887319084
   0.09045666666666667
   0.2331484211589023
   -0.7667    0.501    0.4015
   0.156    -0.4613    0.8734
   0.6228    0.7322    0.2756
 Node:         72
  0.1435E+03  0.1199E+03  0.4837E+03  0.8171E-02
   0.1226
  -0.05511
   0.02077
  -0.03188
   0.02059
   0.0171
   0.1659
   0.009151
   -0.005727
   0.16469279130247325
   0.05644133333333332
   0.07763692636167978
   -0.8873    0.3884    0.2487
   0.375    0.2936    0.8793
   -0.2685    -0.8735    0.4061
 Node:         73
  0.1446E+03  0.1339E+03  0.4506E+03  0.0000E+00
   0.1128
  -0.02566
  -0.01673
   0.004447
  -0.007067
   0.01393
   0.1271
   0.01597
   -0.01899
   0.1321256345301698
   0.04136
   0.06228462142990568
   -0.9839    0.17    -0.05532
   -0.08301    -0.1604    0.9836
   0.1583    0.9723    0.1719
 Node:         74
  0.1369E+03  0.1304E+03  0.4675E+03  0.0000E+00
   0.1299
  -0.003898
  -0.007427
   0.01224
  -0.01106
   0.01099
   0.1427
   0.01429
   -0.01088
   0.1426700273358073
   0.04870333333333333
   0.06725529586747962
   -0.9945    0.03353    -0.09953
   0.1042    0.4313    -0.8962
   -0.01288    0.9016    0.4324
 Node:         75
  0.1313E+03  0.1289E+03  0.4826E+03  0.0000E+00
   0.1105
  -0.001395
  -7.641E-4
  -0.003575
  -0.002622
   7.903E-4
   0.1148
   0.002625
   -0.002701
   0.11493059188484152
   0.038241333333333336
   0.05417880059170335
   -0.9995    0.01115    0.03118
   0.01797    -0.6082    0.7936
   0.02781    0.7937    0.6077
 Node:         76
  0.1515E+03  0.1315E+03  0.4504E+03  0.0000E+00
   0.1122
  -0.04312
  -0.0216
  -0.01547
   0.04112
   0.0197
   0.1448
   0.03389
   -0.04349
   0.16392348306450788
   0.04506666666666667
   0.07727427098042114
   -0.9212    0.3005    0.2472
   0.3583    0.4074    0.84
   -0.1517    -0.8624    0.4829
 Node:         77
  0.1447E+03  0.1284E+03  0.4678E+03  0.0000E+00
   0.144
   0.01357
  -0.01045
   5.265E-4
   0.03126
   0.009539
   0.1659
   0.02991
   -0.02827
   0.17259806111309592
   0.05584666666666666
   0.08136350628848019
   -0.9967    -0.07838    -0.0201
   -0.06289    0.5941    0.8019
   -0.05091    0.8006    -0.5971
 Node:         78
  0.1385E+03  0.1261E+03  0.4829E+03  0.0000E+00
   0.1162
   0.01509
  -5.557E-4
  -4.8E-4
   0.001155
   5.708E-4
   0.1249
   9.425E-4
   -0.002724
   0.12583081976308505
   0.0410395
   0.059317217291159796
   -0.9929    -0.119    0.002654
   -0.03681    0.3281    0.9439
   -0.1132    0.9371    -0.3302
 Node:         79
  0.1559E+03  0.1269E+03  0.4511E+03  0.0000E+00
   0.1109
   0.09125
   0.004056
  -0.00264
   1.982E-4
  -0.0633
   0.2713
   -0.0394
   -0.06752
   0.32567178017138665
   0.05479333333333333
   0.15352314946685475
   -0.8849    -0.4658    0.006626
   -0.01514    0.04297    0.999
   -0.4656    0.8839    -0.04507
 Node:         80
  0.1497E+03  0.1245E+03  0.4687E+03  0.0000E+00
   0.1512
   0.08471
  -1.171E-4
   0.02989
   0.002905
  -0.05125
   0.3032
   -0.03067
   -0.04917
   0.3434938455052725
   0.07445333333333336
   0.16192455163508165
   -0.931    -0.3556    -0.08261
   0.1114    -0.4923    0.8633
   -0.3476    0.7945    0.4979
 Node:         81
  0.1433E+03  0.1218E+03  0.4836E+03  0.0000E+00
   0.1182
   0.02147
  -1.604E-4
   0.01398
   0.002762
  -0.006175
   0.1358
   -0.003771
   -0.007108
   0.1412690625614823
   0.041640333333333335
   0.06659487473939384
   -0.9817    -0.162    -0.09992
   -0.1705    0.9819    0.08304
   -0.08465    -0.09856    0.9915
 Node:         82
  0.1267E+03  0.1149E+03  0.4571E+03 -0.1906E-01
   0.05393
  -0.03708
  -0.03109
   0.005192
   0.04394
  -0.03742
   0.06898
   0.00107
   -0.08171
   0.13071299208571427
   -0.003886666666666668
   0.06161869539532805
   -0.9118    0.389    0.1315
   0.3608    0.606    0.709
   -0.1961    -0.6939    0.6929
 Node:         83
  0.1234E+03  0.1129E+03  0.4724E+03 -0.1906E-01
   0.04921
  -0.009123
  -0.03571
   0.0567
   0.01817
  -0.04519
   0.07817
   -0.0284
   -0.07746
   0.1378128176186816
   -0.00923
   0.06496558524839645
   -0.9178    -0.008219    -0.397
   -0.1783    0.9019    0.3935
   0.3548    0.4319    -0.8292
 Node:         84
  0.1187E+03  0.1123E+03  0.4849E+03 -0.1906E-01
   0.06
   8.009E-4
  -0.038
   0.02176
  -8.858E-4
  -0.04457
   0.06592
   -0.03895
   -0.04782
   0.10957458966384497
   -0.006949999999999998
   0.05165395693135877
   -0.9827    -0.005448    -0.1854
   -0.01506    -0.9939    0.109
   -0.1848    0.1099    0.9766
 Node:         85
  0.1302E+03  0.1161E+03  0.4557E+03 -0.1906E-01
   0.05328
  -0.03529
  -0.0286
   0.01332
   0.06383
  -0.03654
   0.06765
   0.02542
   -0.09842
   0.14949743041269972
   -0.0017833333333333312
   0.07047376454318932
   -0.8733    0.4492    0.1887
   0.4482    0.5889    0.6726
   -0.191    -0.6719    0.7156
 Node:         86
  0.1252E+03  0.1138E+03  0.4708E+03 -0.1906E-01
   0.04968
   0.0292
  -0.0131
   0.1061
   0.06036
  -0.04368
   0.1525
   -0.02415
   -0.1087
   0.23084558150417347
   0.006549999999999996
   0.10882165072570195
   -0.7714    -0.3885    -0.5039
   0.5105    -0.8506    -0.1257
   0.3798    0.3543    -0.8545
 Node:         87
  0.1217E+03  0.1126E+03  0.4834E+03 -0.1906E-01
   0.05861
   1.807E-4
  -0.03754
   0.02677
  -0.004384
  -0.04374
   0.06653
   -0.03726
   -0.05053
   0.11102139568569655
   -0.007086666666666665
   0.052335987830767296
   -0.974    0.009779    -0.2262
   0.08271    0.9454    -0.3152
   0.2108    -0.3257    -0.9217
 Node:         88
  0.1338E+03  0.1169E+03  0.4540E+03 -0.1906E-01
   0.04113
  -0.04507
  -0.02968
   0.008785
   0.09316
  -0.02493
   0.09207
   0.0305
   -0.1232
   0.19203610051237763
   -2.1000000000000185E-4
   0.09052668593661577
   -0.4984    0.6796    0.5382
   0.8467    0.2482    0.4707
   0.1863    0.6903    -0.6991
 Node:         89
  0.1270E+03  0.1150E+03  0.4691E+03 -0.1906E-01
   0.03966
  -7.613E-4
  -0.03372
   0.04268
   0.0231
  -0.03947
   0.05822
   -0.02348
   -0.07086
   0.11309597870835196
   -0.012040000000000002
   0.05331395564640338
   -0.912    -0.1133    -0.3942
   0.2982    -0.8429    -0.4478
   0.2816    0.526    -0.8026
 Node:         90
  0.1248E+03  0.1132E+03  0.4822E+03 -0.1906E-01
   0.05656
   0.01432
  -0.03917
   0.01342
  -0.007376
  -0.03946
   0.06023
   -0.03271
   -0.05024
   0.1028318175469052
   -0.007573333333333335
   0.04847538367276965
   -0.9853    -0.1251    -0.1164
   0.006738    -0.7092    0.705
   -0.1708    0.6939    0.6996
 Node:         91
  0.1261E+03  0.1264E+03  0.4546E+03 -0.1906E-01
   0.04032
   0.01668
  -0.01066
  -0.01907
   0.06724
  -0.03984
   0.05048
   0.03958
   -0.09587
   0.14121585427989308
   -0.0019366666666666653
   0.06656979211490915
   0.1435    0.7947    0.5897
   0.9773    -0.02016    -0.2107
   0.1556    -0.6066    0.7796
 Node:         92
  0.1210E+03  0.1234E+03  0.4725E+03 -0.1906E-01
   0.04765
  -0.01295
  -0.02687
  -0.005399
   0.04562
  -0.03331
   0.04956
   0.01157
   -0.07564
   0.11118422594954736
   -0.004836666666666665
   0.05241274675326816
   0.9241    -0.3048    -0.2306
   0.3804    0.6741    0.6331
   -0.03753    -0.6728    0.7389
 Node:         93
  0.1159E+03  0.1217E+03  0.4877E+03 -0.1906E-01
   0.06078
  -0.004101
  -0.03751
   0.002389
   0.007811
  -0.03811
   0.06072
   -0.03036
   -0.04554
   0.09954191679890437
   -0.0050599999999999985
   0.04692450958720826
   -0.9991    0.03803    -0.01983
   0.01351    0.7178    0.6961
   0.04071    0.6952    -0.7177
 Node:         94
  0.1315E+03  0.1265E+03  0.4535E+03 -0.1906E-01
   0.03586
   0.01584
  -0.007082
  -0.04198
   0.06087
  -0.03466
   0.05921
   0.03267
   -0.09325
   0.14107492619172268
   -4.5666666666667005E-4
   0.06650335797703918
   0.6228    -0.5162    -0.588
   0.736    0.6414    0.2165
   0.2654    -0.5676    0.7794
 Node:         95
  0.1251E+03  0.1236E+03  0.4706E+03 -0.1906E-01
   0.04393
  -0.01644
  -0.02276
  -0.01674
   0.0336
  -0.03049
   0.05215
   -0.004292
   -0.06153
   0.09845057239041324
   -0.0045573333333333325
   0.04641004489930553
   0.8859    -0.3439    -0.3114
   0.4638    0.6717    0.5777
   0.0105    -0.6562    0.7545
 Node:         96
  0.1205E+03  0.1222E+03  0.4852E+03 -0.1906E-01
   0.0604
  -0.005175
  -0.0371
   0.002891
   0.007662
  -0.03845
   0.06041
   -0.0305
   -0.04552
   0.0992758616180187
   -0.005203333333333333
   0.046799089972158876
   -0.9985    0.04849    -0.02381
   0.01908    0.7289    0.6843
   0.05054    0.6829    -0.7288
 Node:         97
  0.1370E+03  0.1260E+03  0.4521E+03 -0.1906E-01
   0.02708
   0.007757
  -0.006521
  -0.03693
   0.06343
  -0.03505
   0.06198
   0.02204
   -0.09449
   0.14081424892389263
   -0.003490000000000002
   0.06638047353451666
   0.4683    -0.6464    -0.6024
   0.8552    0.503    0.125
   0.2222    -0.5737    0.7883
 Node:         98
  0.1298E+03  0.1233E+03  0.4684E+03 -0.1906E-01
   0.04352
  -0.01766
  -0.01739
  -0.006551
   0.03508
  -0.03513
   0.04814
   0.002307
   -0.0633
   0.09701498837293132
   -0.00428433333333333
   0.0457333041034892
   0.8994    -0.3713    -0.2308
   0.4335    0.6886    0.5813
   -0.05695    -0.6228    0.7803
 Node:         99
  0.1260E+03  0.1218E+03  0.4827E+03 -0.1906E-01
   0.06096
  -0.006154
  -0.03519
   0.002922
   0.002098
  -0.03868
   0.06088
   -0.03474
   -0.03969
   0.09818862408649996
   -0.004516666666666669
   0.04628656128462726
   -0.9978    0.06055    -0.02649
   0.03852    0.8585    0.5113
   0.05371    0.5092    -0.859
 Node:        100
  0.1255E+03  0.1378E+03  0.4523E+03  0.0000E+00
   0.1115
   0.01012
   0.003477
  -0.01233
  -0.003406
  -0.00172
   0.118
   0.003244
   -0.003647
   0.11835205538139165
   0.039199
   0.05579169395169858
   -0.9904    -0.09224    0.1033
   -0.1213    0.9374    -0.3265
   0.06667    0.3359    0.9395
 Node:        101
  0.1190E+03  0.1339E+03  0.4712E+03  0.0000E+00
   0.1155
   0.0177
   0.005763
  -0.00677
  -0.002597
  -0.002066
   0.1238
   0.003283
   -0.002646
   0.123588209886704
   0.041479
   0.05826004085706315
   -0.9869    -0.1516    0.0551
   -0.1606    0.9554    -0.2479
   0.01506    0.2535    0.9672
 Node:        102
  0.1139E+03  0.1312E+03  0.4875E+03  0.0000E+00
   0.1055
   0.007965
  -1.995E-5
   0.003278
  -0.003094
  -2.637E-4
   0.1086
   0.002801
   -0.003724
   0.10920779505603069
   0.03589233333333333
   0.05148104829503335
   -0.997    -0.07225    -0.02777
   0.03023    -0.6937    0.7196
   -0.07125    0.7166    0.6938
 Node:        103
  0.1329E+03  0.1368E+03  0.4516E+03  0.0000E+00
   0.1129
  -0.002912
   0.00249
  -0.01541
  -0.00724
  -0.004307
   0.1214
   0.006662
   -0.009948
   0.1238809869350418
   0.03937133333333333
   0.058398057281233436
   -0.9928    0.01592    0.1191
   0.04561    -0.8671    0.496
   0.1112    0.4979    0.8601
 Node:        104
  0.1253E+03  0.1332E+03  0.4696E+03  0.0000E+00
   0.1189
   0.0149
   0.00125
  -0.01017
  -0.007003
  -0.001549
   0.13
   0.003959
   -0.006813
   0.13175766891152865
   0.042381999999999996
   0.06211116077378257
   -0.9892    -0.1209    0.0828
   -0.1457    0.7529    -0.6418
   -0.01524    0.6469    0.7624
 Node:        105
  0.1201E+03  0.1317E+03  0.4853E+03  0.0000E+00
   0.1063
   0.005481
  -8.873E-4
   5.965E-4
  -0.003767
  -2.266E-4
   0.1097
   0.003067
   -0.004394
   0.11055248537685618
   0.036124333333333335
   0.05211494139133443
   -0.9988    -0.04937    -0.003581
   0.03011    -0.6634    0.7477
   -0.03929    0.7466    0.6641
 Node:        106
  0.1403E+03  0.1352E+03  0.4508E+03  0.0000E+00
   0.1133
  -0.00392
  -0.005303
  -0.003412
  -0.02423
   5.688E-4
   0.1214
   0.02173
   -0.025
   0.1295198089096799
   0.039376666666666664
   0.06105622345201365
   -0.9994    0.02534    0.02322
   6.195E-5    -0.6744    0.7384
   0.03437    0.738    0.674
 Node:        107
  0.1325E+03  0.1316E+03  0.4678E+03  0.0000E+00
   0.1255
   0.008196
  -0.001194
  -3.243E-4
  -0.02538
   0.002708
   0.1357
   0.02461
   -0.02235
   0.14058099480370737
   0.045986666666666655
   0.06627051648776819
   -0.9979    -0.06241    0.01501
   -0.05371    0.6839    -0.7276
   -0.03515    0.7269    0.6859
 Node:        108
  0.1273E+03  0.1304E+03  0.4831E+03  0.0000E+00
   0.1084
   0.001435
  -6.34E-4
  -0.004065
  -0.004083
   2.169E-4
   0.1121
   0.003653
   -0.00419
   0.11257359494570653
   0.03718766666666667
   0.05306770157910449
   -0.9992    -0.01434    0.03699
   -0.03694    0.6766    -0.7355
   0.01448    0.7362    0.6766
 Node:        109
  0.1018E+03  0.1092E+03  0.4946E+03 -0.2099E-05
  -4.198E-6
   2.399E-16
  -4.198E-6
   9.595E-17
  -2.399E-17
  -4.198E-6
   -4.198E-6
   -4.198E-6
   -4.198E-6
   0.0
   -4.198E-6
   0.0
   -0.3792    -0.925    -0.02401
   0.4801    -0.2189    0.8495
   0.791    -0.3106    -0.5271
 Node:        110
  0.1058E+03  0.1118E+03  0.5081E+03 -0.2099E-05
  -4.198E-6
   4.797E-17
  -4.198E-6
  -2.399E-17
  -8.995E-17
  -4.198E-6
   -4.198E-6
   -4.198E-6
   -4.198E-6
   0.0
   -4.198E-6
   0.0
   -0.02838    -0.09128    0.9954
   0.7346    0.6734    0.08269
   -0.6779    0.7336    0.04794
 Node:        111
  0.1108E+03  0.1137E+03  0.5210E+03 -0.2099E-05
  -4.198E-6
   9.595E-17
  -4.198E-6
  -4.797E-17
   5.637E-16
  -4.198E-6
   -4.198E-6
   -4.198E-6
   -4.198E-6
   0.0
   -4.198E-6
   0.0
   0.9393    0.3168    0.1319
   0.3364    -0.7738    -0.5367
   -0.06801    0.5485    -0.8334
 Node:        112
  0.1072E+03  0.1111E+03  0.4942E+03 -0.2099E-05
  -4.198E-6
   2.399E-16
  -4.198E-6
  -3.234E-38
   2.399E-17
  -4.198E-6
   -4.198E-6
   -4.198E-6
   -4.198E-6
   0.0
   -4.198E-6
   0.0
   0.3759    0.9265    0.01669
   0.9266    -0.3757    -0.01402
   0.006716    -0.02074    0.9998
 Node:        113
  0.1071E+03  0.1139E+03  0.5077E+03 -0.2099E-05
  -4.198E-6
   4.269E-37
  -4.198E-6
   2.878E-16
  -2.639E-16
  -4.198E-6
   -4.198E-6
   -4.198E-6
   -4.198E-6
   0.0
   -4.198E-6
   0.0
   -0.1654    0.6537    -0.7384
   -0.2298    -0.7537    -0.6157
   -0.9591    0.06783    0.2749
 Node:        114
  0.1093E+03  0.1164E+03  0.5209E+03 -0.2099E-05
  -4.198E-6
   1.919E-16
  -4.198E-6
  -4.797E-17
   9.595E-17
  -4.198E-6
   -4.198E-6
   -4.198E-6
   -4.198E-6
   0.0
   -4.198E-6
   0.0
   -0.6573    -0.7285    -0.1932
   -0.4203    0.1416    0.8963
   0.6255    -0.6703    0.3993
 Node:        115
  0.1129E+03  0.1120E+03  0.4932E+03 -0.2099E-05
  -4.198E-6
  -3.88E-38
  -4.198E-6
  -1.439E-16
  -4.797E-17
  -4.198E-6
   -4.198E-6
   -4.198E-6
   -4.198E-6
   0.0
   -4.198E-6
   0.0
   0.6708    0.2236    -0.7071
   0.3162    -0.9487    -3.735E-7
   -0.6708    -0.2236    -0.7071
 Node:        116
  0.1092E+03  0.1143E+03  0.5068E+03 -0.2099E-05
  -4.198E-6
   8.995E-17
  -4.198E-6
   2.878E-16
   3.598E-17
  -4.198E-6
   -4.198E-6
   -4.198E-6
   -4.198E-6
   0.0
   -4.198E-6
   0.0
   -0.223    -0.9699    -0.09798
   0.8805    -0.2435    0.4068
   -0.4184    0.004425    0.9083
 Node:        117
  0.1089E+03  0.1172E+03  0.5207E+03 -0.2099E-05
  -4.198E-6
  -1.199E-16
  -4.198E-6
  -2.399E-16
  -2.878E-16
  -4.198E-6
   -4.198E-6
   -4.198E-6
   -4.198E-6
   0.0
   -4.198E-6
   0.0
   -0.232    -0.2201    0.9475
   -0.8739    0.475    -0.1036
   -0.4272    -0.852    -0.3026
 Node:        118
  0.1017E+03  0.1094E+03  0.4948E+03 -0.2099E-05
  -4.198E-6
   1.439E-16
  -4.198E-6
  -2.399E-16
  -3.118E-16
  -4.198E-6
   -4.198E-6
   -4.198E-6
   -4.198E-6
   0.0
   -4.198E-6
   0.0
