 Group name: gastroc_Strain
 #Fields=  16
 1) coordinates, coordinate, rectangular cartesian, #Components=3
   x.  Value index= 1, #Derivatives=0
   y.  Value index= 2, #Derivatives=0
   z.  Value index= 3, #Derivatives=0
 2) Tensor_1, field, rectangular cartesian, #Components=1
   Tensor_1.  Value index= 4, #Derivatives=0
 3) Tensor_2, field, rectangular cartesian, #Components=1
   Tensor_2.  Value index= 5, #Derivatives=0
 4) Tensor_3, field, rectangular cartesian, #Components=1
   Tensor_3.  Value index= 6, #Derivatives=0
 5) Tensor_4, field, rectangular cartesian, #Components=1
   Tensor_4.  Value index= 7, #Derivatives=0
 6) Tensor_5, field, rectangular cartesian, #Components=1
   Tensor_5.  Value index= 8, #Derivatives=0
 7) Tensor_6, field, rectangular cartesian, #Components=1
   Tensor_6.  Value index= 9, #Derivatives=0
 8) Principal_1, field, rectangular cartesian, #Components=1
   Principal_1.  Value index= 10, #Derivatives=0
 9) Principal_2, field, rectangular cartesian, #Components=1
   Principal_2.  Value index= 11, #Derivatives=0
 10) Principal_3, field, rectangular cartesian, #Components=1
   Principal_3.  Value index= 12, #Derivatives=0
 11) VonMises, field, rectangular cartesian, #Components=1
   VonMises.  Value index= 13, #Derivatives=0
 12) Hydrostatic, field, rectangular cartesian, #Components=1
   VonMises.  Value index= 14, #Derivatives=0
 13) Octahedral, field, rectangular cartesian, #Components=1
   VonMises.  Value index= 15, #Derivatives=0
 14) PrincipalVector1, field, rectangular cartesian, #Components=3
   x.  Value index= 16, #Derivatives=0
   y.  Value index= 17, #Derivatives=0
   z.  Value index= 18, #Derivatives=0
 15) PrincipalVector2, field, rectangular cartesian, #Components=3
   x.  Value index= 19, #Derivatives=0
   y.  Value index= 20, #Derivatives=0
   z.  Value index= 21, #Derivatives=0
 16) PrincipalVector3, field, rectangular cartesian, #Components=3
   x.  Value index= 22, #Derivatives=0
   y.  Value index= 23, #Derivatives=0
   z.  Value index= 24, #Derivatives=0
 Node:          1
  0.1287E+03  0.1133E+03  0.4908E+03 -0.1781E-04
  -1.11E-16
  -8.327E-17
  -2.22E-16
  -2.776E-17
  -4.163E-17
  -3.331E-16
   -6.637E-17
   -2.4E-16
   -3.598E-16
   2.5553921597281306E-16
   -2.2205666666666663E-16
   1.204623416489799E-16
   0.8837    -0.4676    -0.01897
   0.4046    0.7837    -0.4712
   0.2352    0.4088    0.8818
 Node:          2
  0.1292E+03  0.1137E+03  0.5052E+03 -0.1781E-04
  -5.551E-17
  -1.11E-16
  -1.665E-16
  -5.551E-17
   1.943E-16
  -2.776E-16
   8.603E-17
   -1.6E-16
   -4.256E-16
   4.4319260925696854E-16
   -1.6652333333333334E-16
   2.089229995849082E-16
   -0.6554    0.6199    0.4313
   0.7522    0.4849    0.4462
   -0.06744    -0.6169    0.7841
 Node:          3
  0.1289E+03  0.1155E+03  0.5194E+03 -0.1781E-04
   2.22E-16
   1.388E-16
   3.331E-16
   1.11E-16
   5.551E-17
   2.22E-16
   4.753E-16
   2.118E-16
   9.006E-17
   3.4107384479024473E-16
   2.590533333333333E-16
   1.6078375235770005E-16
   -0.5696    -0.7144    -0.4063
   0.2395    -0.6172    0.7494
   -0.7862    0.3296    0.5227
 Node:          4
  0.1361E+03  0.1141E+03  0.4915E+03 -0.1781E-04
   0.0
  -2.776E-17
  -1.11E-16
  -2.776E-17
  -8.327E-17
   2.22E-16
   2.435E-16
   6.328E-18
   -1.388E-16
   3.3426485304919515E-16
   3.700933333333334E-17
   1.5757396286894045E-16
   -0.08549    -0.2215    0.9714
   0.9681    -0.2491    0.0284
   0.2357    0.9428    0.2357
 Node:          5
  0.1341E+03  0.1144E+03  0.5054E+03 -0.1781E-04
   3.331E-16
   1.388E-16
   3.331E-16
   5.551E-17
  -6.939E-17
   4.441E-16
   4.814E-16
   4.627E-16
   1.662E-16
   3.062784517395894E-16
   3.7010000000000004E-16
   1.4438104677092028E-16
   -0.348    -0.6443    0.681
   -0.6589    -0.3487    -0.6665
   0.6669    -0.6807    -0.3032
 Node:          6
  0.1323E+03  0.1162E+03  0.5191E+03 -0.1781E-04
   2.22E-16
   5.551E-17
   2.22E-16
  -5.551E-17
  -2.776E-17
   0.0
   2.897E-16
   1.685E-16
   -1.402E-17
   2.648101478418076E-16
   1.4806E-16
   1.2483270084396958E-16
   -0.715    -0.6696    0.2012
   0.6656    -0.7399    -0.09741
   -0.2141    -0.06426    -0.9747
 Node:          7
  0.1408E+03  0.1171E+03  0.4920E+03 -0.1781E-04
   3.331E-16
   2.22E-16
   2.22E-16
  -8.327E-17
  -1.11E-16
   0.0
   5.398E-16
   6.158E-17
   -4.631E-17
   5.403052621435404E-16
   1.8502333333333335E-16
   2.5470234318164845E-16
   -0.7537    -0.6111    0.2419
   -0.656    0.677    -0.3335
   -0.04004    0.4101    0.9112
 Node:          8
  0.1367E+03  0.1169E+03  0.5055E+03 -0.1781E-04
   2.22E-16
   1.943E-16
   2.22E-16
  -4.025E-16
  -2.359E-16
  -2.22E-16
   6.547E-16
   4.477E-17
   -4.775E-16
   9.814930967154074E-16
   7.399000000000001E-17
   4.626802829168323E-16
   -0.6847    -0.5611    0.4652
   0.5685    -0.8105    -0.1409
   -0.4561    -0.1681    -0.8739
 Node:          9
  0.1339E+03  0.1180E+03  0.5191E+03 -0.1781E-04
   2.22E-16
   1.665E-16
   0.0
  -3.955E-16
  -2.776E-16
   6.661E-16
   1.002E-15
   -9.379E-18
   -1.046E-16
   1.062195387036208E-15
   2.96007E-16
   5.007237074122481E-16
   -0.4817    -0.3073    0.8207
   -0.8565    -0.03292    -0.515
   -0.1853    0.951    0.2474
 Node:         10
  0.1294E+03  0.1212E+03  0.4911E+03 -0.1781E-04
   0.0
   2.776E-17
   1.11E-16
  -1.388E-17
   1.249E-16
   1.11E-16
   2.363E-16
   2.303E-17
   -3.732E-17
   2.48992088026909E-16
   7.400333333333333E-17
   1.173759959370834E-16
   0.0421    0.71    0.703
   -0.7813    -0.4152    0.4661
   -0.6228    0.5688    -0.5372
 Node:         11
  0.1295E+03  0.1214E+03  0.5055E+03 -0.1781E-04
  -2.22E-16
  -2.776E-17
  -2.22E-16
  -4.163E-17
   1.388E-17
  -1.665E-16
   -1.365E-16
   -2.183E-16
   -2.558E-16
   1.0566451627675205E-16
   -2.035333333333333E-16
   4.9810730660058464E-17
   -0.4935    0.2929    0.8189
   0.3541    -0.7924    0.4968
   -0.7944    -0.5351    -0.2873
 Node:         12
  0.1295E+03  0.1217E+03  0.5196E+03 -0.1781E-04
   1.11E-16
   0.0
   1.11E-16
   7.633E-17
   2.776E-17
   2.22E-16
   2.649E-16
   1.11E-16
   6.816E-17
   1.792025435087348E-16
   1.4801999999999999E-16
   8.447688914726913E-17
   -0.4387    -0.1595    -0.8844
   0.3417    -0.9398    -2.255E-17
   0.8311    0.3022    -0.4668
 Node:         13
  0.1361E+03  0.1199E+03  0.4914E+03 -0.1781E-04
   1.11E-16
  -1.388E-16
   0.0
  -9.714E-17
   2.776E-17
  -1.665E-16
   2.285E-16
   -8.52E-17
   -1.988E-16
   3.833392361864358E-16
   -1.849999999999999E-17
   1.807078489348669E-16
   0.8171    -0.5252    -0.2378
   0.4648    0.8442    -0.2671
   0.341    0.1077    0.9339
 Node:         14
  0.1342E+03  0.1198E+03  0.5054E+03 -0.1781E-04
  -5.551E-17
   2.776E-17
   0.0
   5.551E-17
  -9.021E-17
   1.11E-16
   1.672E-16
   -4.94E-18
   -1.068E-16
   2.398787602102362E-16
   1.8486666666666665E-17
   1.130799320048532E-16
   0.1634    -0.4472    0.8794
   -0.6569    -0.7144    -0.2412
   -0.7361    0.5382    0.4105
 Node:         15
  0.1330E+03  0.1205E+03  0.5193E+03 -0.1781E-04
   2.22E-16
  -8.327E-17
  -5.551E-17
   1.388E-17
   4.857E-17
   0.0
   2.451E-16
   2.471E-17
   -1.033E-16
   3.0523832672192397E-16
   5.550333333333333E-17
   1.438907271354049E-16
   -0.9638    0.2667    -0.001723
   0.1157    0.4239    0.8983
   0.2403    0.8656    -0.4394
 Node:         16
  0.1404E+03  0.1188E+03  0.4918E+03 -0.1781E-04
   2.22E-16
   5.551E-17
   2.22E-16
  -8.327E-17
  -1.457E-16
   4.441E-16
   5.466E-16
   1.95E-16
   1.465E-16
   3.7818964819254375E-16
   2.9603333333333337E-16
   1.7828030987433498E-16
   -0.2927    -0.4328    0.8526
   -0.9222    -0.1077    -0.3713
   -0.2526    0.895    0.3676
 Node:         17
  0.1365E+03  0.1184E+03  0.5055E+03 -0.1781E-04
  -1.11E-16
   2.776E-17
  -1.11E-16
   9.714E-17
   1.7E-16
   0.0
   1.573E-16
   -1.341E-16
   -2.452E-16
   3.600440389730123E-16
   -7.400000000000001E-17
   1.697263876557404E-16
   0.3368    0.5285    0.7792
   0.8927    -0.4425    -0.08566
   -0.2996    -0.7244    0.6209
 Node:         18
  0.1341E+03  0.1191E+03  0.5192E+03 -0.1781E-04
   0.0
   0.0
   0.0
   2.645E-17
   1.065E-16
   4.441E-16
   4.697E-16
   -1.672E-33
   -2.562E-17
   4.830198633596759E-16
   1.4802666666666666E-16
   2.2769774721961763E-16
   -0.05484    -0.2207    -0.9738
   0.9705    -0.2411    -6.21E-17
   -0.2348    -0.9451    0.2274
 Node:         19
  0.1301E+03  0.1291E+03  0.4914E+03  0.0000E+00
   1.11E-16
   0.0
   1.11E-16
   2.101E-19
   1.001E-17
  -2.22E-16
   1.113E-16
   1.11E-16
   -2.223E-16
   3.3345010121455954E-16
   0.0
   1.5718988517077046E-16
   -0.02096    -0.9993    -0.03003
   0.9998    -0.02097    1.345E-19
   6.298E-4    0.03003    -0.9995
 Node:         20
  0.1299E+03  0.1291E+03  0.5058E+03  0.0000E+00
   2.22E-16
   0.0
   0.0
   1.041E-17
   1.924E-17
  -5.551E-17
   2.224E-16
   5.975E-18
   -6.188E-17
   2.5715676157744715E-16
   5.549833333333335E-17
   1.2122485995959007E-16
   -0.9993    -0.003257    -0.03765
   0.01428    -0.9549    -0.2965
   -0.03498    -0.2968    0.9543
 Node:         21
  0.1301E+03  0.1280E+03  0.5197E+03  0.0000E+00
   1.11E-16
   0.0
   0.0
   4.163E-17
   1.475E-17
   1.11E-16
   1.534E-16
   7.089E-17
   -2.22E-18
   1.3485280234388901E-16
   7.402333333333333E-17
   6.357022066624871E-17
   -0.6994    -0.0684    -0.7114
   -0.7126    0.1429    0.6869
   -0.05465    -0.9874    0.1487
 Node:         22
  0.1360E+03  0.1256E+03  0.4913E+03  0.0000E+00
  -2.22E-16
   1.388E-17
  -1.11E-16
  -1.388E-17
   1.006E-16
   1.11E-16
   1.5E-16
   -1.456E-16
   -2.264E-16
   3.432090907886911E-16
   -7.4E-17
   1.617903169743686E-16
   -0.02144    0.3586    0.9332
   0.228    0.9106    -0.3447
   -0.9734    0.2054    -0.1013
 Node:         23
  0.1343E+03  0.1253E+03  0.5054E+03  0.0000E+00
   0.0
   2.082E-17
  -4.441E-16
   0.0
   1.314E-16
  -1.665E-16
   1.265E-18
   -1.147E-16
   -4.972E-16
   4.517861703560657E-16
   -2.0354499999999996E-16
   2.1297404313671653E-16
   0.997    0.06061    0.04746
   0.06644    -0.3661    -0.9282
   0.03888    -0.9286    0.369
 Node:         24
  0.1336E+03  0.1248E+03  0.5194E+03  0.0000E+00
  -2.22E-16
   1.214E-17
   0.0
   1.388E-17
   8.674E-19
  -1.665E-16
   6.779E-19
   -1.633E-16
   -2.259E-16
   2.026635838733984E-16
   -1.2950736666666666E-16
   9.553652963763242E-17
   -0.05504    -0.9984    -0.009747
   0.2257    -0.02195    0.974
   -0.9726    0.05141    0.2265
 Node:         25
  0.1400E+03  0.1206E+03  0.4917E+03  0.0000E+00
   0.0
   2.671E-16
  -1.11E-16
  -8.327E-17
  -1.301E-16
   2.22E-16
   3.681E-16
   7.58E-17
   -3.329E-16
   6.098671904603493E-16
   3.699999999999999E-17
   2.8749415066513385E-16
   0.5089    0.4781    -0.7159
   0.6086    0.3883    0.692
   0.6088    -0.7878    -0.09334
 Node:         26
  0.1363E+03  0.1200E+03  0.5055E+03  0.0000E+00
   2.22E-16
   1.076E-16
  -6.106E-16
   2.776E-17
  -1.124E-15
  -5.551E-17
   8.281E-16
   2.248E-16
   -1.497E-15
   2.089815319591662E-15
   -1.4803333333333336E-16
   9.851483892738641E-16
   0.07371    0.6174    -0.7832
   0.9955    0.001018    0.09449
   -0.05914    0.7866    0.6146
 Node:         27
  0.1343E+03  0.1203E+03  0.5192E+03  0.0000E+00
   2.22E-16
  -1.943E-16
   2.22E-16
  -1.041E-16
   1.313E-15
   0.0
   1.466E-15
   1.875E-16
   -1.209E-15
   2.3173691440942246E-15
   1.4816666666666667E-16
   1.0924182908676612E-15
   -0.1693    0.728    0.6643
   0.9848    0.09849    0.1431
   0.03876    0.6785    -0.7336
 Node:         28
  0.1155E+03  0.1124E+03  0.4931E+03 -0.1052E-03
  -2.22E-16
   3.816E-17
   2.22E-16
  -5.551E-17
   5.551E-17
   1.11E-16
   2.455E-16
   1.014E-16
   -2.359E-16
   4.279497984577163E-16
   3.699999999999999E-17
   2.0173746966457835E-16
   0.03184    0.9284    0.3701
   0.1988    0.3571    -0.9127
   0.9795    -0.1026    0.1732
 Node:         29
  0.1119E+03  0.1139E+03  0.5068E+03 -0.1052E-03
  -2.22E-16
  -2.082E-17
   0.0
   5.551E-17
   6.939E-18
  -3.331E-16
   1.944E-18
   -2.004E-16
   -3.566E-16
   3.113642033631998E-16
   -1.8501866666666668E-16
   1.4677849307791052E-16
   -0.09118    0.9958    0.005517
   -0.9179    -0.08189    -0.3884
   -0.3863    -0.04048    0.9215
 Node:         30
  0.1113E+03  0.1159E+03  0.5206E+03 -0.1052E-03
   2.22E-16
   1.249E-16
   2.22E-16
   0.0
  -2.776E-17
   1.11E-16
   3.486E-16
   1.238E-16
   8.277E-17
   2.4787505905193444E-16
   1.8505666666666664E-16
   1.1684942342842583E-16
   -0.7001    -0.7092    0.08287
   -0.4685    0.3686    -0.8029
   -0.5389    0.6009    0.5903
 Node:         31
  0.1203E+03  0.1126E+03  0.4920E+03 -0.1052E-03
  -5.551E-17
   9.714E-17
  -1.11E-16
   2.776E-17
   4.163E-17
  -5.551E-17
   4.114E-17
   -7.661E-17
   -1.866E-16
   1.9726678661143135E-16
   -7.402333333333333E-17
   9.29924550105485E-17
   -0.6956    -0.5654    -0.4433
   0.4358    0.1585    -0.886
   0.5712    -0.8095    0.1362
 Node:         32
  0.1188E+03  0.1134E+03  0.5062E+03 -0.1052E-03
   2.22E-16
  -1.388E-17
  -1.11E-16
  -2.776E-17
   9.714E-17
  -5.551E-17
   2.266E-16
   1.331E-17
   -1.844E-16
   3.5602167644681415E-16
   1.8503333333333345E-17
   1.6783022777663014E-16
   -0.9894    0.07624    0.1236
   0.1445    0.5992    0.7875
   0.01402    -0.797    0.6038
 Node:         33
  0.1183E+03  0.1150E+03  0.5201E+03 -0.1052E-03
   1.11E-16
   5.551E-17
   0.0
   8.327E-17
   0.0
   0.0
   1.7E-16
   0.0
   -5.893E-17
   2.0589037107159722E-16
   3.702333333333333E-17
   9.705765171049398E-17
   -0.8617    -0.2815    -0.4222
   0.0    -0.8321    0.5547
   -0.5074    0.478    0.717
 Node:         34
  0.1255E+03  0.1129E+03  0.4909E+03 -0.1052E-03
   0.0
   0.0
   0.0
   5.551E-17
   9.714E-17
   0.0
   1.119E-16
   3.387E-33
   -1.119E-16
   1.9381648536695736E-16
   0.0
   9.136596740581255E-17
   -0.3508    -0.6139    -0.7071
   0.8682    -0.4961    -4.855E-17
   -0.3508    -0.6139    0.7071
 Node:         35
  0.1260E+03  0.1135E+03  0.5054E+03 -0.1052E-03
   0.0
   1.11E-16
  -1.11E-16
   1.11E-16
   2.498E-16
  -1.11E-16
   2.41E-16
   -1.023E-16
   -3.608E-16
   5.228959647960578E-16
   -7.403333333333333E-17
   2.4649552170824977E-16
   0.5458    0.5925    0.5925
   0.8379    -0.3859    -0.3859
   -4.975E-17    -0.7071    0.7071
 Node:         36
  0.1257E+03  0.1153E+03  0.5196E+03 -0.1052E-03
   0.0
  -5.551E-17
   0.0
  -5.551E-17
   8.327E-17
   0.0
   1.305E-16
   -4.723E-17
   -8.327E-17
   1.982226619234037E-16
   0.0
   9.344305895392481E-17
   -0.5155    0.6059    0.6059
   0.8569    0.3645    0.3645
   -1.256E-16    0.7071    -0.7071
 Node:         37
  0.1132E+03  0.1210E+03  0.4959E+03 -0.1052E-03
  -2.22E-16
   1.388E-16
  -2.22E-16
  -8.327E-17
   1.804E-16
  -2.776E-16
   -4.482E-17
   -1.622E-16
   -5.146E-16
   4.2347200190803645E-16
   -2.4054E-16
   1.9962661612787678E-16
   0.3971    0.7887    0.4693
   -0.7874    0.0301    0.6157
   0.4715    -0.614    0.633
 Node:         38
  0.1111E+03  0.1204E+03  0.5085E+03 -0.1052E-03
  -1.665E-16
   9.714E-17
   0.0
  -2.776E-17
  -8.327E-17
  -2.22E-16
   7.071E-17
   -2.091E-16
   -2.502E-16
   3.0246162913665597E-16
   -1.2953E-16
   1.4258177934084005E-16
   -0.3916    -0.8746    0.2859
   0.9154    -0.3389    0.217
   0.09287    -0.3467    -0.9334
 Node:         39
  0.1119E+03  0.1201E+03  0.5207E+03 -0.1052E-03
  -5.551E-17
  -9.714E-17
  -3.331E-16
  -8.327E-17
  -7.633E-17
  -1.11E-16
   8.934E-18
   -1.105E-16
   -3.981E-16
   3.6239130612640252E-16
   -1.6655533333333335E-16
   1.7083290000335286E-16
   0.851    -0.1281    -0.5092
   0.4076    -0.4503    0.7944
   -0.3311    -0.8836    -0.331
 Node:         40
  0.1191E+03  0.1220E+03  0.4937E+03 -0.1052E-03
   0.0
   8.327E-17
  -2.22E-16
   8.327E-17
  -1.388E-17
  -2.22E-16
   4.872E-17
   -2.082E-16
   -2.846E-16
   3.0244591979393603E-16
   -1.4802666666666666E-16
   1.4257437388566321E-16
   -0.924    -0.2703    -0.2703
   0.0    -0.7071    0.7071
   0.3823    -0.6534    -0.6534
 Node:         41
  0.1182E+03  0.1217E+03  0.5073E+03 -0.1052E-03
   0.0
  -2.776E-17
  -5.551E-17
   5.551E-17
   9.714E-17
   1.11E-16
   1.653E-16
   1.073E-17
   -1.206E-16
   2.478691830381502E-16
   1.8476666666666666E-17
   1.168466534489637E-16
   0.2406    0.3653    0.8993
   -0.8901    0.4526    0.05428
   -0.3871    -0.8135    0.434
 Node:         42
  0.1187E+03  0.1212E+03  0.5204E+03 -0.1052E-03
   0.0
  -5.551E-17
  -1.11E-16
   0.0
   5.551E-17
   1.11E-16
   1.256E-16
   1.887E-17
   -1.444E-16
   2.3552960089975954E-16
   2.3333333333339628E-20
   1.1102971864425409E-16
   0.1113    -0.2517    -0.9614
   0.9295    -0.3159    0.1903
   -0.3516    -0.9148    0.1988
 Node:         43
  0.1258E+03  0.1217E+03  0.4915E+03 -0.1052E-03
   2.22E-16
   1.11E-16
   1.11E-16
  -1.388E-17
   0.0
  -5.551E-17
   2.911E-16
   4.294E-17
   -5.645E-17
   3.1004254562882173E-16
   9.253E-17
   1.4615545764698628E-16
   -0.8507    -0.5246    0.03406
   -0.5213    0.8502    0.07348
   0.06751    -0.04475    0.9967
 Node:         44
  0.1259E+03  0.1220E+03  0.5059E+03 -0.1052E-03
  -2.22E-16
   1.388E-16
  -2.22E-16
   9.714E-17
   1.11E-16
  -1.11E-16
   5.081E-17
   -2.445E-16
   -3.614E-16
   3.679610646522265E-16
   -1.8503E-16
   1.7345850935214064E-16
   -0.5113    -0.534    -0.6733
   -0.5198    -0.4318    0.7372
   -0.6844    0.7269    -0.05679
 Node:         45
  0.1261E+03  0.1221E+03  0.5198E+03 -0.1052E-03
  -5.551E-17
  -8.327E-17
  -2.776E-16
   2.776E-17
  -6.939E-18
   1.11E-16
   1.167E-16
   -3.339E-17
   -3.053E-16
   3.7050374910383835E-16
   -7.399666666666666E-17
   1.7465714229757554E-16
   0.1854    -0.05643    0.981
   0.9302    -0.3117    -0.1938
   -0.3167    -0.9485    0.005308
 Node:         46
  0.1117E+03  0.1296E+03  0.4959E+03  0.0000E+00
  -5.551E-17
   2.776E-17
  -1.665E-16
   6.939E-18
  -2.602E-17
   0.0
   4.101E-18
   -4.897E-17
   -1.772E-16
   1.6144583695778595E-16
   -7.402300000000001E-17
   7.610629740479211E-17
   0.04856    -0.1429    0.9886
   0.9724    0.2327    -0.01414
   -0.228    0.962    0.1502
 Node:         47
  0.1107E+03  0.1269E+03  0.5087E+03  0.0000E+00
  -1.665E-16
  -3.123E-17
   1.11E-16
  -2.776E-17
   3.99E-17
   0.0
   1.289E-16
   -1.114E-17
   -1.732E-16
   2.6185783853075704E-16
   -1.8479999999999997E-17
   1.2344096888796688E-16
   -0.1292    0.939    0.3186
   -0.1008    -0.3321    0.9379
   -0.9865    -0.08906    -0.1376
 Node:         48
  0.1125E+03  0.1242E+03  0.5208E+03  0.0000E+00
   1.11E-16
   3.469E-18
   1.11E-16
   0.0
  -1.735E-18
   1.11E-16
   1.149E-16
   1.11E-16
   1.071E-16
   6.75499814951862E-18
   1.1099999999999999E-16
   3.1843366656181307E-18
   -0.6325    -0.7071    0.3162
   0.4472    -4.455E-15    0.8944
   -0.6325    0.7071    0.3162
 Node:         49
  0.1186E+03  0.1311E+03  0.4938E+03  0.0000E+00
  -1.665E-16
  -2.082E-17
   0.0
  -4.163E-17
  -6.072E-18
  -5.551E-17
   2.581E-18
   -4.165E-17
   -1.83E-16
   1.6789358448433935E-16
   -7.402300000000001E-17
   7.914579473772858E-17
   0.1174    -0.9929    0.01965
   -0.3135    -0.01827    0.9494
   -0.9423    -0.1176    -0.3134
 Node:         50
  0.1180E+03  0.1298E+03  0.5075E+03  0.0000E+00
   0.0
  -1.301E-17
   3.331E-16
  -4.163E-17
   1.247E-17
   2.22E-16
   3.354E-16
   2.276E-16
   -7.879E-18
   3.040655120874448E-16
   1.8504033333333332E-16
   1.4333785701466156E-16
   0.05441    -0.9902    -0.1289
   -0.1707    -0.1364    0.9758
   0.9838    0.03109    0.1765
 Node:         51
  0.1192E+03  0.1275E+03  0.5206E+03  0.0000E+00
   0.0
  -3.469E-18
  -5.551E-17
   0.0
   1.475E-17
   1.11E-16
   1.123E-16
   2.087E-19
   -5.702E-17
   1.491791641607165E-16
   1.849623333333333E-17
   7.03237323931892E-17
   -0.002705    0.08758    0.9962
   0.9982    -0.06004    0.007989
   -0.06051    -0.9943    0.08725
 Node:         52
  0.1262E+03  0.1305E+03  0.4920E+03  0.0000E+00
   1.11E-16
  -1.388E-17
   1.11E-16
   1.301E-18
   4.906E-18
   0.0
   1.25E-16
   9.734E-17
   -2.497E-19
   1.1396559238686912E-16
   7.403009999999999E-17
   5.372389546579809E-17
   -0.7047    0.7092    0.02051
   0.7093    0.7034    0.04493
   -0.01744    -0.04621    0.9988
 Node:         53
  0.1258E+03  0.1304E+03  0.5063E+03  0.0000E+00
  -1.665E-16
  -1.735E-18
  -1.11E-16
   2.776E-17
   3.383E-17
  -2.22E-16
   -1.01E-16
   -1.572E-16
   -2.414E-16
   1.2239330047024632E-16
   -1.6653333333333332E-16
   5.769675515620921E-17
   0.09684    0.9526    0.2883
   -0.9346    0.1866    -0.3027
   -0.3422    -0.2402    0.9084
 Node:         54
  0.1265E+03  0.1288E+03  0.5200E+03  0.0000E+00
  -2.22E-16
   2.082E-17
   1.11E-16
   0.0
  -4.337E-18
   1.11E-16
   1.16E-16
   1.073E-16
   -2.233E-16
   3.350347295430729E-16
   0.0
   1.5793688612860518E-16
   -0.04656    -0.7562    0.6527
   -0.04117    -0.6514    -0.7576
   -0.9981    0.06215    8.061E-4
 Node:         55
  0.1383E+03  0.1168E+03  0.4544E+03 -0.1415E-02
  -0.0933
  -0.01407
   0.091
   0.005215
   0.02957
   0.05931
   0.1091
   0.04261
   -0.09473
   0.18004147383311436
   0.018993333333333338
   0.08487236469481035
   -0.04682    0.8612    0.5061
   -0.08495    0.5014    -0.8611
   -0.9953    -0.08331    0.04969
 Node:         56
  0.1314E+03  0.1156E+03  0.4694E+03 -0.1415E-02
  -0.09586
   0.005091
   0.04664
   0.02634
   1.06E-4
   0.005227
   0.04686
   0.01163
   -0.1025
   0.13523168896379278
   -0.014669999999999997
   0.06374882953173859
   -0.04087    -0.9988    -0.0284
   0.2362    -0.03728    0.971
   -0.9708    0.03297    0.2374
 Node:         57
  0.1285E+03  0.1140E+03  0.4824E+03 -0.1415E-02
  -0.02327
   0.01102
  -0.002268
   0.008721
  -0.006072
  -0.003327
   0.003722
   -7.752E-4
   -0.03181
   0.033510495690753365
   -0.009621066666666666
   0.015796999162569523
   -0.183    -0.8454    0.5019
   0.4867    0.3657    0.7933
   -0.8542    0.3894    0.3446
 Node:         58
  0.1489E+03  0.1178E+03  0.4541E+03 -0.1415E-02
  -0.1076
  -0.04689
   0.1583
  -0.006846
   0.02513
   0.01754
   0.1707
   0.01319
   -0.1157
   0.2484421383340596
   0.02273
   0.11711674716566656
   0.1678    -0.9716    -0.1669
   0.009254    -0.1678    0.9858
   -0.9858    -0.167    -0.01916
 Node:         59
  0.1422E+03  0.1167E+03  0.4699E+03 -0.1415E-02
  -0.0985
  -0.03828
   0.1094
   0.01141
   0.009942
  -0.01614
   0.1167
   -0.01475
   -0.1072
   0.1948811368501323
   -0.0017500000000000016
   0.0918678489280481
   -0.1719    0.9834    0.05885
   0.1497    -0.03299    0.9882
   0.9737    0.1786    -0.1415
 Node:         60
  0.1375E+03  0.1150E+03  0.4833E+03 -0.1415E-02
  -0.01988
  -0.005192
   0.01525
   0.00853
  -0.002396
  -0.005952
   0.01662
   -0.002928
   -0.02427
   0.03542313769275669
   -0.003526
   0.016698627248968697
   -0.1776    0.9693    -0.17
   -0.3815    -0.2271    -0.8961
   -0.9072    -0.09432    0.4101
 Node:         61
  0.1560E+03  0.1224E+03  0.4532E+03 -0.1415E-02
  -0.05842
  -0.04949
   0.1054
  -0.03788
   0.04992
  -0.1085
   0.1333
   -0.06378
   -0.1311
   0.23799145867026403
   -0.020526666666666665
   0.11219024952681445
   0.2863    -0.9285    -0.2365
   0.8705    0.3552    -0.3408
   0.4004    -0.1083    0.9099
 Node:         62
  0.1497E+03  0.1205E+03  0.4699E+03 -0.1415E-02
  -0.009714
  -0.06639
   0.09627
  -0.01315
   0.02731
  -0.1061
   0.1321
   -0.04167
   -0.1099
   0.21611958009398408
   -0.00649
   0.10187974708776355
   0.4302    -0.8939    -0.1262
   0.9011    0.4337    -6.374E-5
   0.05481    -0.1137    0.992
 Node:         63
  0.1437E+03  0.1181E+03  0.4838E+03 -0.1415E-02
   0.01164
  -0.01872
   0.0204
   0.002686
  -0.002234
  -0.01869
   0.03546
   -0.003169
   -0.01893
   0.048471026716998676
   0.004453666666666667
   0.022849461121776053
   0.621    -0.7813    0.06303
   0.7803    0.6238    0.04524
   -0.07467    0.02109    0.997
 Node:         64
  0.1416E+03  0.1252E+03  0.4525E+03 -0.1415E-02
  -0.07196
   0.0162
   0.08424
  -0.02014
   0.01513
  -0.01363
   0.08762
   -0.008296
   -0.08067
   0.14621798629443644
   -4.4866666666666666E-4
   0.06892781976015845
   0.08373    0.9878    0.131
   0.3226    0.09752    -0.9415
   -0.9428    0.1211    -0.3105
 Node:         65
  0.1343E+03  0.1229E+03  0.4685E+03 -0.1415E-02
  -0.05555
   0.002158
   0.07081
  -0.005846
   0.006529
  -0.01021
   0.07135
   -0.00994
   -0.05636
   0.11196589793325466
   0.001683333333333333
   0.052781230460163475
   0.01332    0.9968    0.07884
   0.1303    0.07645    -0.9885
   0.9914    -0.02344    0.1289
 Node:         66
  0.1299E+03  0.1214E+03  0.4825E+03 -0.1415E-02
  -0.005337
  -0.00129
   0.01134
   0.003175
  -0.002379
  -0.002681
   0.01193
   -0.001149
   -0.007453
   0.017124563439690953
   0.0011093333333333328
   0.008072596622043135
   -0.1066    0.9774    -0.1823
   -0.5485    -0.2108    -0.8092
   0.8294    -0.01374    -0.5586
 Node:         67
  0.1504E+03  0.1245E+03  0.4525E+03 -0.1415E-02
  -0.07609
  -0.02669
   0.07866
  -0.01708
   0.01212
   0.02055
   0.08651
   0.01933
   -0.08272
   0.14759090046476442
   0.007706666666666667
   0.06957501770670912
   0.1806    -0.958    -0.2228
   -0.1044    -0.2439    0.9642
   -0.978    -0.1509    -0.144
 Node:         68
  0.1436E+03  0.1225E+03  0.4689E+03 -0.1415E-02
  -0.04972
  -0.04947
   0.07901
  -0.01154
   0.01458
   0.007567
   0.09918
   0.004743
   -0.06707
   0.14442042175191153
   0.012284333333333333
   0.06808043970839854
   0.3228    -0.9276    -0.1883
   -0.0205    -0.2058    0.9784
   -0.9463    -0.3119    -0.08543
 Node:         69
  0.1380E+03  0.1205E+03  0.4831E+03 -0.1415E-02
  -0.001126
  -0.01476
   0.02051
  -3.526E-4
   0.002814
  -5.655E-4
   0.02824
   -6.979E-4
   -0.008722
   0.033674750787645036
   0.006273366666666666
   0.015874429757807226
   -0.448    0.8892    0.09236
   0.1484    -0.02792    0.9885
   0.8816    0.4566    -0.1194
 Node:         70
  0.1562E+03  0.1244E+03  0.4528E+03 -0.1415E-02
  -0.06581
  -0.03244
   0.008187
  -0.04261
   0.02783
   0.07682
   0.1024
   0.001064
   -0.08426
   0.161850433227718
   0.006401333333333333
   0.07629702591553326
   0.294    -0.3625    -0.8844
   0.1648    -0.8922    0.4205
   -0.9415    -0.2694    -0.2025
 Node:         71
  0.1499E+03  0.1224E+03  0.4696E+03 -0.1415E-02
  -0.02421
  -0.06829
   0.05192
  -0.04616
   0.03765
   0.02855
   0.1251
   9.087E-4
   -0.06976
   0.17086246480046458
   0.018749566666666665
   0.08054533834043752
   -0.4832    0.7125    0.5088
   0.03002    -0.5673    0.823
   0.875    0.4129    0.2527
 Node:         72
  0.1435E+03  0.1199E+03  0.4837E+03 -0.1415E-02
   0.007455
  -0.02406
   0.01897
  -0.00779
   0.007654
   0.001877
   0.04096
   -9.602E-4
   -0.0117
   0.04819606867826462
   0.009433266666666667
   0.022719844659288987
   -0.6023    0.7522    0.2673
   0.06716    -0.286    0.9559
   0.7954    0.5937    0.1217
 Node:         73
  0.1450E+03  0.1339E+03  0.4517E+03  0.0000E+00
   0.02623
  -0.01616
  -0.06314
   0.006741
  -0.008287
   0.05553
   0.05816
   0.02683
   -0.06637
   0.11219520889948911
   0.00620666666666667
   0.05288932868631336
   0.2534    -0.0995    0.9622
   0.9527    -0.1466    -0.2661
   -0.1676    -0.9842    -0.05764
 Node:         74
  0.1371E+03  0.1304E+03  0.4681E+03  0.0000E+00
   0.06451
  -0.01694
  -0.03372
   0.003787
  -0.01254
   0.03509
   0.06841
   0.03592
   -0.03844
   0.09487342146249392
   0.021963333333333335
   0.04472375978033252
   -0.9669    0.1823    -0.1785
   -0.203    -0.1255    0.9711
   0.1546    0.9752    0.1583
 Node:         75
  0.1314E+03  0.1289E+03  0.4826E+03  0.0000E+00
   0.02281
  -0.006669
  -0.00483
  -0.003993
  -0.002418
   0.002088
   0.02484
   0.002728
   -0.007497
   0.028628418904997184
   0.006690333333333334
   0.01349556609491511
   -0.9674    0.2054    0.148
   0.06673    -0.3569    0.9317
   0.2442    0.9113    0.3316
 Node:         76
  0.1518E+03  0.1312E+03  0.4516E+03  0.0000E+00
   0.02791
  -0.02352
  -0.08746
  -0.004008
   0.02217
   0.0802
   0.084
   0.03124
   -0.0946
   0.1589296750138249
   0.0068800000000000016
   0.07492016728936653
   -0.1308    0.1448    0.9808
   0.9743    -0.1643    0.1542
   -0.1835    -0.9757    0.1196
 Node:         77
  0.1449E+03  0.1283E+03  0.4684E+03  0.0000E+00
   0.0964
  -0.004653
  -0.04757
  -0.003888
   0.01598
   0.03335
   0.09686
   0.03603
   -0.05072
   0.12846343409702232
   0.02739
   0.06055824358967709
   -0.9967    0.03997    0.07108
   0.07724    0.1831    0.9801
   -0.02616    -0.9823    0.1855
 Node:         78
  0.1385E+03  0.1261E+03  0.4829E+03  0.0000E+00
   0.04033
   0.002081
  -0.003951
  -0.003043
  -2.847E-4
   0.001201
   0.04066
   9.683E-4
   -0.004053
   0.042425799176798076
   0.012525099999999999
   0.01999971353011504
   -0.9959    -0.04695    0.07714
   -0.07835    0.02453    -0.9966
   -0.0449    0.9986    0.0281
 Node:         79
  0.1563E+03  0.1265E+03  0.4524E+03  0.0000E+00
   0.03097
   0.05112
   0.07802
   0.01135
  -0.003211
  -0.2891
   0.1108
   -0.00134
   -0.2896
   0.3577634464279435
   -0.06004666666666667
   0.16865130601991263
   0.5402    0.8415    0.008576
   0.8407    -0.54    0.03919
   -0.03761    0.01396    0.9992
 Node:         80
  0.1500E+03  0.1243E+03  0.4693E+03  0.0000E+00
   0.1062
   0.04107
   0.03455
   0.01247
  -0.002827
  -0.239
   0.1252
   0.01611
   -0.2396
   0.32432026779096
   -0.03276333333333334
   0.15288604042081658
   0.9108    0.412    0.02799
   -0.4112    0.9111    -0.03019
   -0.03794    0.01599    0.9992
 Node:         81
  0.1434E+03  0.1217E+03  0.4836E+03  0.0000E+00
   0.04407
   0.007972
   0.001866
  -1.569E-4
  -6.147E-5
  -0.03247
   0.04553
   4.103E-4
   -0.03247
   0.06782662256142495
   0.004490100000000001
   0.031973776505442704
   -0.9837    -0.1796    0.002121
   -0.1796    0.9837    -9.82E-4
   0.00191    0.001347    1.0
 Node:         82
  0.1267E+03  0.1149E+03  0.4576E+03 -0.3778E-01
  -0.03679
  -0.009079
   0.02868
   0.007819
   0.02445
   0.008313
   0.04511
   -0.003956
   -0.04095
   0.07477416663527585
   6.799999999999862E-5
   0.03524888019025096
   -0.04048    0.8362    0.547
   -0.3296    0.5056    -0.7973
   0.9432    0.2126    -0.2552
 Node:         83
  0.1234E+03  0.1130E+03  0.4726E+03 -0.3778E-01
  -0.04275
   0.002508
   0.01237
   0.03823
   0.009819
  -0.0256
   0.01876
   -0.001173
   -0.07356
   0.08414328451516496
   -0.018657666666666666
   0.03966552471465478
   0.3187    0.8296    0.4584
   -0.5441    0.5561    -0.6282
   -0.7761    -0.04919    0.6287
 Node:         84
  0.1187E+03  0.1123E+03  0.4850E+03 -0.3778E-01
  -0.006023
   0.001194
   8.493E-4
   0.01455
  -5.92E-4
  -0.02553
   0.002199
   4.274E-4
   -0.03333
   0.03467715719547956
   -0.010234533333333332
   0.01634696867013032
   -0.7675    -0.5073    -0.3919
   0.4348    -0.8612    0.2634
   0.4711    -0.03173    -0.8815
 Node:         85
  0.1302E+03  0.1162E+03  0.4563E+03 -0.3778E-01
  -0.0379
  -0.006789
   0.03641
   0.01216
   0.03449
   0.01491
   0.06182
   -0.004716
   -0.04367
   0.09239208167370189
   0.004478
   0.043554044986277296
   0.01788    0.8033    0.5953
   -0.3839    0.5552    -0.7378
   0.9232    0.2153    -0.3183
 Node:         86
  0.1252E+03  0.1139E+03  0.4710E+03 -0.3778E-01
  -0.02606
   0.02586
   0.06702
   0.07101
   0.03106
  -0.01457
   0.1001
   0.01783
   -0.09158
   0.16655347999966857
   0.008783333333333332
   0.07851406342532244
   -0.4238    -0.7732    -0.4717
   0.533    -0.634    0.5604
   0.7323    0.0139    -0.6808
 Node:         87
  0.1217E+03  0.1126E+03  0.4834E+03 -0.3778E-01
  -0.01147
   7.482E-4
   0.002303
   0.01862
  -0.003092
  -0.02337
   0.003559
   0.001096
   -0.03719
   0.03957502473783182
   -0.010845
   0.01865584557183083
   -0.4917    0.7587    -0.4272
   0.6438    0.6472    0.4083
   0.5863    -0.07428    -0.8067
 Node:         88
  0.1338E+03  0.1169E+03  0.4546E+03 -0.3778E-01
  -0.06562
  -0.01217
   0.02829
   0.009152
   0.04384
   0.051
   0.08493
   -0.001996
   -0.06927
   0.13390212946775715
   0.0045546666666666695
   0.06312206917464674
   -0.001426    0.6123    0.7906
   -0.2327    0.7687    -0.5957
   0.9725    0.1848    -0.1414
 Node:         89
  0.1270E+03  0.1150E+03  0.4694E+03 -0.3778E-01
  -0.07613
   0.009737
   0.01522
   0.03247
   0.01123
  -0.005816
   0.0258
   -0.003452
   -0.08908
   0.10340514563598856
   -0.022244000000000003
   0.048745653125860024
   0.2491    0.8033    0.541
   -0.2607    0.5936    -0.7613
   -0.9327    0.04862    0.3572
 Node:         90
  0.1248E+03  0.1132E+03  0.4822E+03 -0.3778E-01
  -0.01987
   0.01125
  -0.005226
   0.01001
  -0.005554
  -0.005814
   8.831E-4
   -6.481E-4
   -0.03115
   0.03129560650203156
   -0.010305
   0.014752890385954884
   0.4531    0.8894    -0.0603
   0.3925    -0.1383    0.9093
   -0.8004    0.4357    0.4118
 Node:         91
  0.1262E+03  0.1266E+03  0.4553E+03 -0.3778E-01
  -0.04255
   0.02594
   0.07013
  -0.004336
   0.03396
   0.003391
   0.08822
   -0.006148
   -0.0511
   0.12315856472044484
   0.010324000000000002
   0.058057504183352565
   0.1702    0.9178    0.3587
   -0.3168    -0.2938    0.9019
   0.9331    -0.2671    0.2407
 Node:         92
  0.1210E+03  0.1236E+03  0.4728E+03 -0.3778E-01
  -0.04693
   0.005186
   0.03868
   0.006713
   0.02374
   0.01926
   0.05525
   0.003463
   -0.0477
   0.08915786122939469
   0.0036710000000000007
   0.04202941884759611
   -0.07861    -0.8254    -0.559
   0.05187    -0.5634    0.8246
   -0.9956    0.03583    0.0871
 Node:         93
  0.1159E+03  0.1217E+03  0.4877E+03 -0.3778E-01
  -0.006931
  -0.00245
   0.003034
   0.006515
   0.006382
  -0.003096
   0.007228
   -3.337E-4
   -0.01389
   0.01853270758119277
   -0.0023319
   0.008736402136272498
   0.1266    0.806    0.5782
   -0.6988    0.4862    -0.5248
   -0.7041    -0.3376    0.6247
 Node:         94
  0.1316E+03  0.1267E+03  0.4543E+03 -0.3778E-01
  -0.05067
   0.02497
   0.07811
  -0.01845
   0.03257
   0.0257
   0.09525
   0.02028
   -0.0624
   0.13658331852755665
   0.01771
   0.06438599381853169
   0.1055    0.911    0.3987
   0.3474    0.3419    -0.8732
   0.9318    -0.2306    0.2804
 Node:         95
  0.1252E+03  0.1237E+03  0.4709E+03 -0.3778E-01
  -0.06502
   0.002102
   0.04591
   0.001613
   0.01665
   0.04004
   0.05994
   0.02607
   -0.06508
   0.11199441905737981
   0.006976666666666668
   0.05279467544701411
   0.02118    0.766    0.6425
   -0.001266    -0.6427    0.7661
   -0.9998    0.01704    0.01264
 Node:         96
  0.1205E+03  0.1222E+03  0.4852E+03 -0.3778E-01
  -0.01175
  -0.002266
   0.003464
   0.007807
   0.004591
  -0.002062
   0.006341
   2.915E-4
   -0.01698
   0.020961514777086125
   -0.0034491666666666664
   0.009881352828546413
   0.1482    0.8034    0.5766
   -0.5226    0.5586    -0.644
   -0.8396    -0.2059    0.5027
 Node:         97
  0.1372E+03  0.1261E+03  0.4529E+03 -0.3778E-01
  -0.08131
   0.01758
   0.07873
  -0.01504
   0.0338
   0.02843
   0.09617
   0.01607
   -0.0864
   0.1585053876055953
   0.008613333333333334
   0.07472015628701238
   0.05195    0.8982    0.4366
   0.2118    0.4173    -0.8837
   0.9759    -0.1384    0.1685
 Node:         98
  0.1299E+03  0.1234E+03  0.4687E+03 -0.3778E-01
  -0.06201
   0.007559
   0.05744
   0.006036
   0.01878
   0.02249
   0.0663
   0.01439
   -0.06277
   0.11248861853538786
   0.0059733333333333305
   0.05302764331511967
   -0.07267    -0.913    -0.4015
   0.03218    -0.4045    0.914
   -0.9968    0.0535    0.05878
 Node:         99
  0.1260E+03  0.1218E+03  0.4827E+03 -0.3778E-01
  -0.00891
   0.001324
   0.0074
   0.005052
  -1.92E-4
  -0.002024
   0.007512
   6.178E-4
   -0.01166
   0.01682022518398609
   -0.0011767333333333335
   0.007929130192454207
   -0.08857    -0.9957    -0.02688
   0.4604    -0.06485    0.8853
   -0.8833    0.06604    0.4642
 Node:        100
  0.1256E+03  0.1381E+03  0.4532E+03  0.0000E+00
   0.01765
   0.001545
   0.0249
  -0.003391
  -3.373E-5
  -0.02274
   0.02523
   0.01761
   -0.02303
   0.044937187272903495
   0.006603333333333335
   0.021183593232079922
   0.2064    0.9783    -0.01528
   -0.9749    0.207    0.08176
   0.08315    -0.001979    0.9965
 Node:        101
  0.1190E+03  0.1341E+03  0.4716E+03  0.0000E+00
   0.03233
   0.002777
   0.02705
  -0.009237
  -0.005065
  -0.03223
   0.03516
   0.02588
   -0.03387
   0.06488960548500815
   0.009056666666666666
   0.030589253377979367
   -0.9012    -0.405    0.154
   -0.4118    0.9111    -0.01395
   -0.1347    -0.076    -0.988
 Node:        102
  0.1139E+03  0.1312E+03  0.4875E+03  0.0000E+00
   0.0131
  -3.205E-4
  -0.003174
  -0.002437
  -0.005268
  -0.005274
   0.01342
   0.001012
   -0.009787
   0.02011394682800966
   0.0015483333333333332
   0.009481805465674188
   -0.9904    -0.02398    0.1358
   0.1033    -0.7817    0.615
   0.09143    0.6232    0.7767
 Node:        103
  0.1331E+03  0.1370E+03  0.4526E+03  0.0000E+00
   0.02306
  -0.004605
   0.02837
  -0.004061
  -0.002127
  -0.03411
   0.03103
   0.02078
   -0.03449
   0.06104386046114711
   0.005773333333333332
   0.02877635178792166
   0.5014    -0.8652    -0.0030
   -0.8621    -0.4998    0.08316
   0.07345    0.03911    0.9965
 Node:        104
  0.1254E+03  0.1334E+03  0.4700E+03  0.0000E+00
   0.03881
  -0.001112
   0.01286
  -0.01147
  -0.008451
  -0.03033
   0.04066
   0.01442
   -0.03374
   0.0653577967804913
   0.007113333333333335
   0.030809960871265137
   -0.987    -0.009324    0.1606
   0.03794    -0.9837    0.176
   0.1563    0.1798    0.9712
 Node:        105
  0.1201E+03  0.1317E+03  0.4853E+03  0.0000E+00
   0.01279
  -0.002256
  -0.006205
  -0.004458
  -0.005445
  -0.004834
   0.0139
   -2.593E-4
   -0.01189
   0.022370550495908678
   5.835666666666664E-4
   0.010545578636355408
   -0.9748    0.05053    0.2173
   0.1219    -0.6951    0.7085
   0.1869    0.7171    0.6714
 Node:        106
  0.1406E+03  0.1353E+03  0.4519E+03  0.0000E+00
   0.02661
  -0.004333
  -1.585E-4
   0.002917
  -0.01386
  -0.007676
   0.02815
   0.008911
   -0.01828
   0.040405658650738516
   0.006260333333333334
   0.019047410153497393
   -0.9592    0.2284    -0.1665
   0.2825    0.7599    -0.5854
   0.007188    0.6086    0.7934
 Node:        107
  0.1327E+03  0.1317E+03  0.4684E+03  0.0000E+00
   0.05353
  -0.008517
   0.003504
  -0.004975
  -0.01961
  -0.00543
   0.05499
   0.01881
   -0.0222
   0.06689210940013776
   0.017200000000000003
   0.03153324277647321
   -0.988    0.1511    0.0323
   -0.09601    -0.7641    0.6379
   0.1211    0.6272    0.7694
 Node:        108
  0.1273E+03  0.1304E+03  0.4831E+03  0.0000E+00
   0.01648
  -0.0048
  -0.004158
  -0.005438
  -0.003933
  -0.001127
   0.01861
   0.001424
   -0.008836
   0.024019878351065813
   0.0037326666666666676
   0.011323079243543055
   -0.9591    0.1621    0.232
   0.08351    -0.621    0.7794
   0.2704    0.7669    0.5821
 Node:        109
  0.1018E+03  0.1092E+03  0.4946E+03 -0.2332E-04
   0.0
   1.388E-16
   1.11E-16
   5.551E-17
  -1.388E-17
   0.0
   2.069E-16
   2.266E-17
   -1.186E-16
   2.827092280064448E-16
   3.698666666666666E-17
   1.3327040815158061E-16
   -0.5724    -0.814    -0.09897
   0.2904    -0.3141    0.9039
   0.7668    -0.4887    -0.4162
 Node:        110
  0.1058E+03  0.1118E+03  0.5081E+03 -0.2332E-04
   0.0
   2.776E-17
   0.0
  -1.388E-17
  -5.204E-17
   2.22E-16
   2.353E-16
   1.788E-17
   -3.112E-17
   2.456135916434593E-16
   7.402E-17
   1.157833574684491E-16
   -0.08376    -0.2246    0.9708
   0.7726    0.6007    0.2056
   0.6293    -0.7673    -0.1232
 Node:        111
  0.1108E+03  0.1137E+03  0.5210E+03 -0.2332E-04
   0.0
   5.551E-17
  -1.11E-16
  -2.776E-17
   3.261E-16
  -2.22E-16
   1.68E-16
   2.779E-18
   -5.038E-16
   6.063148942925615E-16
   -1.1100700000000001E-16
   2.8581958219244996E-16
   0.1486    0.7638    0.6281
   0.9825    -0.0417    -0.1818
   0.1126    -0.6441    0.7566
 Node:        112
  0.1072E+03  0.1111E+03  0.4942E+03 -0.2332E-04
   0.0
   1.388E-16
   1.11E-16
   0.0
   1.388E-17
  -1.665E-16
   2.053E-16
   -9.314E-17
   -1.677E-16
