 Group name: gastroc_Strain
 #Fields=  16
 1) coordinates, coordinate, rectangular cartesian, #Components=3
   x.  Value index= 1, #Derivatives=0
   y.  Value index= 2, #Derivatives=0
   z.  Value index= 3, #Derivatives=0
 2) Tensor_1, field, rectangular cartesian, #Components=1
   Tensor_1.  Value index= 4, #Derivatives=0
 3) Tensor_2, field, rectangular cartesian, #Components=1
   Tensor_2.  Value index= 5, #Derivatives=0
 4) Tensor_3, field, rectangular cartesian, #Components=1
   Tensor_3.  Value index= 6, #Derivatives=0
 5) Tensor_4, field, rectangular cartesian, #Components=1
   Tensor_4.  Value index= 7, #Derivatives=0
 6) Tensor_5, field, rectangular cartesian, #Components=1
   Tensor_5.  Value index= 8, #Derivatives=0
 7) Tensor_6, field, rectangular cartesian, #Components=1
   Tensor_6.  Value index= 9, #Derivatives=0
 8) Principal_1, field, rectangular cartesian, #Components=1
   Principal_1.  Value index= 10, #Derivatives=0
 9) Principal_2, field, rectangular cartesian, #Components=1
   Principal_2.  Value index= 11, #Derivatives=0
 10) Principal_3, field, rectangular cartesian, #Components=1
   Principal_3.  Value index= 12, #Derivatives=0
 11) VonMises, field, rectangular cartesian, #Components=1
   VonMises.  Value index= 13, #Derivatives=0
 12) Hydrostatic, field, rectangular cartesian, #Components=1
   VonMises.  Value index= 14, #Derivatives=0
 13) Octahedral, field, rectangular cartesian, #Components=1
   VonMises.  Value index= 15, #Derivatives=0
 14) PrincipalVector1, field, rectangular cartesian, #Components=3
   x.  Value index= 16, #Derivatives=0
   y.  Value index= 17, #Derivatives=0
   z.  Value index= 18, #Derivatives=0
 15) PrincipalVector2, field, rectangular cartesian, #Components=3
   x.  Value index= 19, #Derivatives=0
   y.  Value index= 20, #Derivatives=0
   z.  Value index= 21, #Derivatives=0
 16) PrincipalVector3, field, rectangular cartesian, #Components=3
   x.  Value index= 22, #Derivatives=0
   y.  Value index= 23, #Derivatives=0
   z.  Value index= 24, #Derivatives=0
 Node:          1
  0.1287E+03  0.1133E+03  0.4908E+03  0.1179E-04
  -1.11E-16
  -8.327E-17
  -2.22E-16
  -2.776E-17
  -4.163E-17
  -3.331E-16
   -6.637E-17
   -2.4E-16
   -3.598E-16
   2.5553921597281306E-16
   -2.2205666666666663E-16
   1.204623416489799E-16
   0.8837    -0.4676    -0.01897
   0.4046    0.7837    -0.4712
   0.2352    0.4088    0.8818
 Node:          2
  0.1292E+03  0.1137E+03  0.5052E+03  0.1179E-04
  -5.551E-17
  -1.11E-16
  -1.665E-16
  -5.551E-17
   1.943E-16
  -2.776E-16
   8.603E-17
   -1.6E-16
   -4.256E-16
   4.4319260925696854E-16
   -1.6652333333333334E-16
   2.089229995849082E-16
   -0.6554    0.6199    0.4313
   0.7522    0.4849    0.4462
   -0.06744    -0.6169    0.7841
 Node:          3
  0.1289E+03  0.1155E+03  0.5194E+03  0.1179E-04
   2.22E-16
   1.388E-16
   3.331E-16
   1.11E-16
   5.551E-17
   2.22E-16
   4.753E-16
   2.118E-16
   9.006E-17
   3.4107384479024473E-16
   2.590533333333333E-16
   1.6078375235770005E-16
   -0.5696    -0.7144    -0.4063
   0.2395    -0.6172    0.7494
   -0.7862    0.3296    0.5227
 Node:          4
  0.1361E+03  0.1141E+03  0.4915E+03  0.1179E-04
   0.0
  -2.776E-17
  -1.11E-16
  -2.776E-17
  -8.327E-17
   2.22E-16
   2.435E-16
   6.328E-18
   -1.388E-16
   3.3426485304919515E-16
   3.700933333333334E-17
   1.5757396286894045E-16
   -0.08549    -0.2215    0.9714
   0.9681    -0.2491    0.0284
   0.2357    0.9428    0.2357
 Node:          5
  0.1341E+03  0.1144E+03  0.5054E+03  0.1179E-04
   3.331E-16
   1.388E-16
   3.331E-16
   5.551E-17
  -6.939E-17
   4.441E-16
   4.814E-16
   4.627E-16
   1.662E-16
   3.062784517395894E-16
   3.7010000000000004E-16
   1.4438104677092028E-16
   -0.348    -0.6443    0.681
   -0.6589    -0.3487    -0.6665
   0.6669    -0.6807    -0.3032
 Node:          6
  0.1323E+03  0.1162E+03  0.5191E+03  0.1179E-04
   2.22E-16
   5.551E-17
   2.22E-16
  -5.551E-17
  -2.776E-17
   0.0
   2.897E-16
   1.685E-16
   -1.402E-17
   2.648101478418076E-16
   1.4806E-16
   1.2483270084396958E-16
   -0.715    -0.6696    0.2012
   0.6656    -0.7399    -0.09741
   -0.2141    -0.06426    -0.9747
 Node:          7
  0.1408E+03  0.1171E+03  0.4920E+03  0.1179E-04
   3.331E-16
   2.22E-16
   2.22E-16
  -8.327E-17
  -1.11E-16
   0.0
   5.398E-16
   6.158E-17
   -4.631E-17
   5.403052621435404E-16
   1.8502333333333335E-16
   2.5470234318164845E-16
   -0.7537    -0.6111    0.2419
   -0.656    0.677    -0.3335
   -0.04004    0.4101    0.9112
 Node:          8
  0.1367E+03  0.1169E+03  0.5055E+03  0.1179E-04
   2.22E-16
   1.943E-16
   2.22E-16
  -4.025E-16
  -2.359E-16
  -2.22E-16
   6.547E-16
   4.477E-17
   -4.775E-16
   9.814930967154074E-16
   7.399000000000001E-17
   4.626802829168323E-16
   -0.6847    -0.5611    0.4652
   0.5685    -0.8105    -0.1409
   -0.4561    -0.1681    -0.8739
 Node:          9
  0.1339E+03  0.1180E+03  0.5191E+03  0.1179E-04
   2.22E-16
   1.665E-16
   0.0
  -3.955E-16
  -2.776E-16
   6.661E-16
   1.002E-15
   -9.379E-18
   -1.046E-16
   1.062195387036208E-15
   2.96007E-16
   5.007237074122481E-16
   -0.4817    -0.3073    0.8207
   -0.8565    -0.03292    -0.515
   -0.1853    0.951    0.2474
 Node:         10
  0.1294E+03  0.1212E+03  0.4911E+03  0.1179E-04
   0.0
   2.776E-17
   1.11E-16
  -1.388E-17
   1.249E-16
   1.11E-16
   2.363E-16
   2.303E-17
   -3.732E-17
   2.48992088026909E-16
   7.400333333333333E-17
   1.173759959370834E-16
   0.0421    0.71    0.703
   -0.7813    -0.4152    0.4661
   -0.6228    0.5688    -0.5372
 Node:         11
  0.1295E+03  0.1214E+03  0.5055E+03  0.1179E-04
  -2.22E-16
  -2.776E-17
  -2.22E-16
  -4.163E-17
   1.388E-17
  -1.665E-16
   -1.365E-16
   -2.183E-16
   -2.558E-16
   1.0566451627675205E-16
   -2.035333333333333E-16
   4.9810730660058464E-17
   -0.4935    0.2929    0.8189
   0.3541    -0.7924    0.4968
   -0.7944    -0.5351    -0.2873
 Node:         12
  0.1295E+03  0.1217E+03  0.5196E+03  0.1179E-04
   1.11E-16
   0.0
   1.11E-16
   7.633E-17
   2.776E-17
   2.22E-16
   2.649E-16
   1.11E-16
   6.816E-17
   1.792025435087348E-16
   1.4801999999999999E-16
   8.447688914726913E-17
   -0.4387    -0.1595    -0.8844
   0.3417    -0.9398    -2.255E-17
   0.8311    0.3022    -0.4668
 Node:         13
  0.1361E+03  0.1199E+03  0.4914E+03  0.1179E-04
   1.11E-16
  -1.388E-16
   0.0
  -9.714E-17
   2.776E-17
  -1.665E-16
   2.285E-16
   -8.52E-17
   -1.988E-16
   3.833392361864358E-16
   -1.849999999999999E-17
   1.807078489348669E-16
   0.8171    -0.5252    -0.2378
   0.4648    0.8442    -0.2671
   0.341    0.1077    0.9339
 Node:         14
  0.1342E+03  0.1198E+03  0.5054E+03  0.1179E-04
  -5.551E-17
   2.776E-17
   0.0
   5.551E-17
  -9.021E-17
   1.11E-16
   1.672E-16
   -4.94E-18
   -1.068E-16
   2.398787602102362E-16
   1.8486666666666665E-17
   1.130799320048532E-16
   0.1634    -0.4472    0.8794
   -0.6569    -0.7144    -0.2412
   -0.7361    0.5382    0.4105
 Node:         15
  0.1330E+03  0.1205E+03  0.5193E+03  0.1179E-04
   2.22E-16
  -8.327E-17
  -5.551E-17
   1.388E-17
   4.857E-17
   0.0
   2.451E-16
   2.471E-17
   -1.033E-16
   3.0523832672192397E-16
   5.550333333333333E-17
   1.438907271354049E-16
   -0.9638    0.2667    -0.001723
   0.1157    0.4239    0.8983
   0.2403    0.8656    -0.4394
 Node:         16
  0.1404E+03  0.1188E+03  0.4918E+03  0.1179E-04
   2.22E-16
   5.551E-17
   2.22E-16
  -8.327E-17
  -1.457E-16
   4.441E-16
   5.466E-16
   1.95E-16
   1.465E-16
   3.7818964819254375E-16
   2.9603333333333337E-16
   1.7828030987433498E-16
   -0.2927    -0.4328    0.8526
   -0.9222    -0.1077    -0.3713
   -0.2526    0.895    0.3676
 Node:         17
  0.1365E+03  0.1184E+03  0.5055E+03  0.1179E-04
  -1.11E-16
   2.776E-17
  -1.11E-16
   9.714E-17
   1.7E-16
   0.0
   1.573E-16
   -1.341E-16
   -2.452E-16
   3.600440389730123E-16
   -7.400000000000001E-17
   1.697263876557404E-16
   0.3368    0.5285    0.7792
   0.8927    -0.4425    -0.08566
   -0.2996    -0.7244    0.6209
 Node:         18
  0.1341E+03  0.1191E+03  0.5192E+03  0.1179E-04
   0.0
   0.0
   0.0
   2.645E-17
   1.065E-16
   4.441E-16
   4.697E-16
   -1.672E-33
   -2.562E-17
   4.830198633596759E-16
   1.4802666666666666E-16
   2.2769774721961763E-16
   -0.05484    -0.2207    -0.9738
   0.9705    -0.2411    -6.21E-17
   -0.2348    -0.9451    0.2274
 Node:         19
  0.1301E+03  0.1291E+03  0.4914E+03  0.0000E+00
   1.11E-16
   0.0
   1.11E-16
   2.101E-19
   1.001E-17
  -2.22E-16
   1.113E-16
   1.11E-16
   -2.223E-16
   3.3345010121455954E-16
   0.0
   1.5718988517077046E-16
   -0.02096    -0.9993    -0.03003
   0.9998    -0.02097    1.345E-19
   6.298E-4    0.03003    -0.9995
 Node:         20
  0.1299E+03  0.1291E+03  0.5058E+03  0.0000E+00
   2.22E-16
   0.0
   0.0
   1.041E-17
   1.924E-17
  -5.551E-17
   2.224E-16
   5.975E-18
   -6.188E-17
   2.5715676157744715E-16
   5.549833333333335E-17
   1.2122485995959007E-16
   -0.9993    -0.003257    -0.03765
   0.01428    -0.9549    -0.2965
   -0.03498    -0.2968    0.9543
 Node:         21
  0.1301E+03  0.1280E+03  0.5197E+03  0.0000E+00
   1.11E-16
   0.0
   0.0
   4.163E-17
   1.475E-17
   1.11E-16
   1.534E-16
   7.089E-17
   -2.22E-18
   1.3485280234388901E-16
   7.402333333333333E-17
   6.357022066624871E-17
   -0.6994    -0.0684    -0.7114
   -0.7126    0.1429    0.6869
   -0.05465    -0.9874    0.1487
 Node:         22
  0.1360E+03  0.1256E+03  0.4913E+03  0.0000E+00
  -2.22E-16
   1.388E-17
  -1.11E-16
  -1.388E-17
   1.006E-16
   1.11E-16
   1.5E-16
   -1.456E-16
   -2.264E-16
   3.432090907886911E-16
   -7.4E-17
   1.617903169743686E-16
   -0.02144    0.3586    0.9332
   0.228    0.9106    -0.3447
   -0.9734    0.2054    -0.1013
 Node:         23
  0.1343E+03  0.1253E+03  0.5054E+03  0.0000E+00
   0.0
   2.082E-17
  -4.441E-16
   0.0
   1.314E-16
  -1.665E-16
   1.265E-18
   -1.147E-16
   -4.972E-16
   4.517861703560657E-16
   -2.0354499999999996E-16
   2.1297404313671653E-16
   0.997    0.06061    0.04746
   0.06644    -0.3661    -0.9282
   0.03888    -0.9286    0.369
 Node:         24
  0.1336E+03  0.1248E+03  0.5194E+03  0.0000E+00
  -2.22E-16
   1.214E-17
   0.0
   1.388E-17
   8.674E-19
  -1.665E-16
   6.779E-19
   -1.633E-16
   -2.259E-16
   2.026635838733984E-16
   -1.2950736666666666E-16
   9.553652963763242E-17
   -0.05504    -0.9984    -0.009747
   0.2257    -0.02195    0.974
   -0.9726    0.05141    0.2265
 Node:         25
  0.1400E+03  0.1206E+03  0.4917E+03  0.0000E+00
   0.0
   2.671E-16
  -1.11E-16
  -8.327E-17
  -1.301E-16
   2.22E-16
   3.681E-16
   7.58E-17
   -3.329E-16
   6.098671904603493E-16
   3.699999999999999E-17
   2.8749415066513385E-16
   0.5089    0.4781    -0.7159
   0.6086    0.3883    0.692
   0.6088    -0.7878    -0.09334
 Node:         26
  0.1363E+03  0.1200E+03  0.5055E+03  0.0000E+00
   2.22E-16
   1.076E-16
  -6.106E-16
   2.776E-17
  -1.124E-15
  -5.551E-17
   8.281E-16
   2.248E-16
   -1.497E-15
   2.089815319591662E-15
   -1.4803333333333336E-16
   9.851483892738641E-16
   0.07371    0.6174    -0.7832
   0.9955    0.001018    0.09449
   -0.05914    0.7866    0.6146
 Node:         27
  0.1343E+03  0.1203E+03  0.5192E+03  0.0000E+00
   2.22E-16
  -1.943E-16
   2.22E-16
  -1.041E-16
   1.313E-15
   0.0
   1.466E-15
   1.875E-16
   -1.209E-15
   2.3173691440942246E-15
   1.4816666666666667E-16
   1.0924182908676612E-15
   -0.1693    0.728    0.6643
   0.9848    0.09849    0.1431
   0.03876    0.6785    -0.7336
 Node:         28
  0.1155E+03  0.1124E+03  0.4931E+03  0.6966E-04
  -2.22E-16
   3.816E-17
   2.22E-16
  -5.551E-17
   5.551E-17
   1.11E-16
   2.455E-16
   1.014E-16
   -2.359E-16
   4.279497984577163E-16
   3.699999999999999E-17
   2.0173746966457835E-16
   0.03184    0.9284    0.3701
   0.1988    0.3571    -0.9127
   0.9795    -0.1026    0.1732
 Node:         29
  0.1119E+03  0.1139E+03  0.5068E+03  0.6966E-04
  -2.22E-16
  -2.082E-17
   0.0
   5.551E-17
   6.939E-18
  -3.331E-16
   1.944E-18
   -2.004E-16
   -3.566E-16
   3.113642033631998E-16
   -1.8501866666666668E-16
   1.4677849307791052E-16
   -0.09118    0.9958    0.005517
   -0.9179    -0.08189    -0.3884
   -0.3863    -0.04048    0.9215
 Node:         30
  0.1113E+03  0.1159E+03  0.5206E+03  0.6966E-04
   2.22E-16
   1.249E-16
   2.22E-16
   0.0
  -2.776E-17
   1.11E-16
   3.486E-16
   1.238E-16
   8.277E-17
   2.4787505905193444E-16
   1.8505666666666664E-16
   1.1684942342842583E-16
   -0.7001    -0.7092    0.08287
   -0.4685    0.3686    -0.8029
   -0.5389    0.6009    0.5903
 Node:         31
  0.1203E+03  0.1126E+03  0.4920E+03  0.6966E-04
  -5.551E-17
   9.714E-17
  -1.11E-16
   2.776E-17
   4.163E-17
  -5.551E-17
   4.114E-17
   -7.661E-17
   -1.866E-16
   1.9726678661143135E-16
   -7.402333333333333E-17
   9.29924550105485E-17
   -0.6956    -0.5654    -0.4433
   0.4358    0.1585    -0.886
   0.5712    -0.8095    0.1362
 Node:         32
  0.1188E+03  0.1134E+03  0.5062E+03  0.6966E-04
   2.22E-16
  -1.388E-17
  -1.11E-16
  -2.776E-17
   9.714E-17
  -5.551E-17
   2.266E-16
   1.331E-17
   -1.844E-16
   3.5602167644681415E-16
   1.8503333333333345E-17
   1.6783022777663014E-16
   -0.9894    0.07624    0.1236
   0.1445    0.5992    0.7875
   0.01402    -0.797    0.6038
 Node:         33
  0.1183E+03  0.1150E+03  0.5201E+03  0.6966E-04
   1.11E-16
   5.551E-17
   0.0
   8.327E-17
   0.0
   0.0
   1.7E-16
   0.0
   -5.893E-17
   2.0589037107159722E-16
   3.702333333333333E-17
   9.705765171049398E-17
   -0.8617    -0.2815    -0.4222
   0.0    -0.8321    0.5547
   -0.5074    0.478    0.717
 Node:         34
  0.1255E+03  0.1129E+03  0.4909E+03  0.6966E-04
   0.0
   0.0
   0.0
   5.551E-17
   9.714E-17
   0.0
   1.119E-16
   3.387E-33
   -1.119E-16
   1.9381648536695736E-16
   0.0
   9.136596740581255E-17
   -0.3508    -0.6139    -0.7071
   0.8682    -0.4961    -4.855E-17
   -0.3508    -0.6139    0.7071
 Node:         35
  0.1260E+03  0.1135E+03  0.5054E+03  0.6966E-04
   0.0
   1.11E-16
  -1.11E-16
   1.11E-16
   2.498E-16
  -1.11E-16
   2.41E-16
   -1.023E-16
   -3.608E-16
   5.228959647960578E-16
   -7.403333333333333E-17
   2.4649552170824977E-16
   0.5458    0.5925    0.5925
   0.8379    -0.3859    -0.3859
   -4.975E-17    -0.7071    0.7071
 Node:         36
  0.1257E+03  0.1153E+03  0.5196E+03  0.6966E-04
   0.0
  -5.551E-17
   0.0
  -5.551E-17
   8.327E-17
   0.0
   1.305E-16
   -4.723E-17
   -8.327E-17
   1.982226619234037E-16
   0.0
   9.344305895392481E-17
   -0.5155    0.6059    0.6059
   0.8569    0.3645    0.3645
   -1.256E-16    0.7071    -0.7071
 Node:         37
  0.1132E+03  0.1210E+03  0.4959E+03  0.6966E-04
  -2.22E-16
   1.388E-16
  -2.22E-16
  -8.327E-17
   1.804E-16
  -2.776E-16
   -4.482E-17
   -1.622E-16
   -5.146E-16
   4.2347200190803645E-16
   -2.4054E-16
   1.9962661612787678E-16
   0.3971    0.7887    0.4693
   -0.7874    0.0301    0.6157
   0.4715    -0.614    0.633
 Node:         38
  0.1111E+03  0.1204E+03  0.5085E+03  0.6966E-04
  -1.665E-16
   9.714E-17
   0.0
  -2.776E-17
  -8.327E-17
  -2.22E-16
   7.071E-17
   -2.091E-16
   -2.502E-16
   3.0246162913665597E-16
   -1.2953E-16
   1.4258177934084005E-16
   -0.3916    -0.8746    0.2859
   0.9154    -0.3389    0.217
   0.09287    -0.3467    -0.9334
 Node:         39
  0.1119E+03  0.1201E+03  0.5207E+03  0.6966E-04
  -5.551E-17
  -9.714E-17
  -3.331E-16
  -8.327E-17
  -7.633E-17
  -1.11E-16
   8.934E-18
   -1.105E-16
   -3.981E-16
   3.6239130612640252E-16
   -1.6655533333333335E-16
   1.7083290000335286E-16
   0.851    -0.1281    -0.5092
   0.4076    -0.4503    0.7944
   -0.3311    -0.8836    -0.331
 Node:         40
  0.1191E+03  0.1220E+03  0.4937E+03  0.6966E-04
   0.0
   8.327E-17
  -2.22E-16
   8.327E-17
  -1.388E-17
  -2.22E-16
   4.872E-17
   -2.082E-16
   -2.846E-16
   3.0244591979393603E-16
   -1.4802666666666666E-16
   1.4257437388566321E-16
   -0.924    -0.2703    -0.2703
   0.0    -0.7071    0.7071
   0.3823    -0.6534    -0.6534
 Node:         41
  0.1182E+03  0.1217E+03  0.5073E+03  0.6966E-04
   0.0
  -2.776E-17
  -5.551E-17
   5.551E-17
   9.714E-17
   1.11E-16
   1.653E-16
   1.073E-17
   -1.206E-16
   2.478691830381502E-16
   1.8476666666666666E-17
   1.168466534489637E-16
   0.2406    0.3653    0.8993
   -0.8901    0.4526    0.05428
   -0.3871    -0.8135    0.434
 Node:         42
  0.1187E+03  0.1212E+03  0.5204E+03  0.6966E-04
   0.0
  -5.551E-17
  -1.11E-16
   0.0
   5.551E-17
   1.11E-16
   1.256E-16
   1.887E-17
   -1.444E-16
   2.3552960089975954E-16
   2.3333333333339628E-20
   1.1102971864425409E-16
   0.1113    -0.2517    -0.9614
   0.9295    -0.3159    0.1903
   -0.3516    -0.9148    0.1988
 Node:         43
  0.1258E+03  0.1217E+03  0.4915E+03  0.6966E-04
   2.22E-16
   1.11E-16
   1.11E-16
  -1.388E-17
   0.0
  -5.551E-17
   2.911E-16
   4.294E-17
   -5.645E-17
   3.1004254562882173E-16
   9.253E-17
   1.4615545764698628E-16
   -0.8507    -0.5246    0.03406
   -0.5213    0.8502    0.07348
   0.06751    -0.04475    0.9967
 Node:         44
  0.1259E+03  0.1220E+03  0.5059E+03  0.6966E-04
  -2.22E-16
   1.388E-16
  -2.22E-16
   9.714E-17
   1.11E-16
  -1.11E-16
   5.081E-17
   -2.445E-16
   -3.614E-16
   3.679610646522265E-16
   -1.8503E-16
   1.7345850935214064E-16
   -0.5113    -0.534    -0.6733
   -0.5198    -0.4318    0.7372
   -0.6844    0.7269    -0.05679
 Node:         45
  0.1261E+03  0.1221E+03  0.5198E+03  0.6966E-04
  -5.551E-17
  -8.327E-17
  -2.776E-16
   2.776E-17
  -6.939E-18
   1.11E-16
   1.167E-16
   -3.339E-17
   -3.053E-16
   3.7050374910383835E-16
   -7.399666666666666E-17
   1.7465714229757554E-16
   0.1854    -0.05643    0.981
   0.9302    -0.3117    -0.1938
   -0.3167    -0.9485    0.005308
 Node:         46
  0.1117E+03  0.1296E+03  0.4959E+03  0.0000E+00
  -5.551E-17
   2.776E-17
  -1.665E-16
   6.939E-18
  -2.602E-17
   0.0
   4.101E-18
   -4.897E-17
   -1.772E-16
   1.6144583695778595E-16
   -7.402300000000001E-17
   7.610629740479211E-17
   0.04856    -0.1429    0.9886
   0.9724    0.2327    -0.01414
   -0.228    0.962    0.1502
 Node:         47
  0.1107E+03  0.1269E+03  0.5087E+03  0.0000E+00
  -1.665E-16
  -3.123E-17
   1.11E-16
  -2.776E-17
   3.99E-17
   0.0
   1.289E-16
   -1.114E-17
   -1.732E-16
   2.6185783853075704E-16
   -1.8479999999999997E-17
   1.2344096888796688E-16
   -0.1292    0.939    0.3186
   -0.1008    -0.3321    0.9379
   -0.9865    -0.08906    -0.1376
 Node:         48
  0.1125E+03  0.1242E+03  0.5208E+03  0.0000E+00
   1.11E-16
   3.469E-18
   1.11E-16
   0.0
  -1.735E-18
   1.11E-16
   1.149E-16
   1.11E-16
   1.071E-16
   6.75499814951862E-18
   1.1099999999999999E-16
   3.1843366656181307E-18
   -0.6325    -0.7071    0.3162
   0.4472    -4.455E-15    0.8944
   -0.6325    0.7071    0.3162
 Node:         49
  0.1186E+03  0.1311E+03  0.4938E+03  0.0000E+00
  -1.665E-16
  -2.082E-17
   0.0
  -4.163E-17
  -6.072E-18
  -5.551E-17
   2.581E-18
   -4.165E-17
   -1.83E-16
   1.6789358448433935E-16
   -7.402300000000001E-17
   7.914579473772858E-17
   0.1174    -0.9929    0.01965
   -0.3135    -0.01827    0.9494
   -0.9423    -0.1176    -0.3134
 Node:         50
  0.1180E+03  0.1298E+03  0.5075E+03  0.0000E+00
   0.0
  -1.301E-17
   3.331E-16
  -4.163E-17
   1.247E-17
   2.22E-16
   3.354E-16
   2.276E-16
   -7.879E-18
   3.040655120874448E-16
   1.8504033333333332E-16
   1.4333785701466156E-16
   0.05441    -0.9902    -0.1289
   -0.1707    -0.1364    0.9758
   0.9838    0.03109    0.1765
 Node:         51
  0.1192E+03  0.1275E+03  0.5206E+03  0.0000E+00
   0.0
  -3.469E-18
  -5.551E-17
   0.0
   1.475E-17
   1.11E-16
   1.123E-16
   2.087E-19
   -5.702E-17
   1.491791641607165E-16
   1.849623333333333E-17
   7.03237323931892E-17
   -0.002705    0.08758    0.9962
   0.9982    -0.06004    0.007989
   -0.06051    -0.9943    0.08725
 Node:         52
  0.1262E+03  0.1305E+03  0.4920E+03  0.0000E+00
   1.11E-16
  -1.388E-17
   1.11E-16
   1.301E-18
   4.906E-18
   0.0
   1.25E-16
   9.734E-17
   -2.497E-19
   1.1396559238686912E-16
   7.403009999999999E-17
   5.372389546579809E-17
   -0.7047    0.7092    0.02051
   0.7093    0.7034    0.04493
   -0.01744    -0.04621    0.9988
 Node:         53
  0.1258E+03  0.1304E+03  0.5063E+03  0.0000E+00
  -1.665E-16
  -1.735E-18
  -1.11E-16
   2.776E-17
   3.383E-17
  -2.22E-16
   -1.01E-16
   -1.572E-16
   -2.414E-16
   1.2239330047024632E-16
   -1.6653333333333332E-16
   5.769675515620921E-17
   0.09684    0.9526    0.2883
   -0.9346    0.1866    -0.3027
   -0.3422    -0.2402    0.9084
 Node:         54
  0.1265E+03  0.1288E+03  0.5200E+03  0.0000E+00
  -2.22E-16
   2.082E-17
   1.11E-16
   0.0
  -4.337E-18
   1.11E-16
   1.16E-16
   1.073E-16
   -2.233E-16
   3.350347295430729E-16
   0.0
   1.5793688612860518E-16
   -0.04656    -0.7562    0.6527
   -0.04117    -0.6514    -0.7576
   -0.9981    0.06215    8.061E-4
 Node:         55
  0.1382E+03  0.1167E+03  0.4536E+03 -0.8612E-03
  -0.02878
  -0.004206
   0.02352
   0.001474
   0.007044
   0.01618
   0.02794
   0.01219
   -0.02921
   0.05112800113440775
   0.0036399999999999996
   0.024101970873768808
   -0.05053    0.8595    0.5086
   -0.08266    0.5039    -0.8598
   -0.9953    -0.08548    0.04559
 Node:         56
  0.1314E+03  0.1156E+03  0.4688E+03 -0.8612E-03
  -0.03051
   0.002236
   0.01287
   0.008592
  -2.573E-4
   0.001592
   0.01299
   0.003737
   -0.03278
   0.04191659693963717
   -0.005350999999999999
   0.019759673293520484
   -0.05505    -0.9983    -0.01897
   0.2412    -0.03173    0.9699
   -0.9689    0.04882    0.2426
 Node:         57
  0.1285E+03  0.1140E+03  0.4823E+03 -0.8612E-03
  -0.00728
   0.003615
  -8.888E-4
   0.002785
  -0.001895
  -0.001023
   0.00108
   -1.489E-4
   -0.01012
   0.010638915133132702
   -0.0030629666666666666
   0.005015232690070876
   -0.2    -0.8448    0.4963
   0.49    0.3524    0.7973
   -0.8485    0.4027    0.3435
 Node:         58
  0.1482E+03  0.1174E+03  0.4541E+03 -0.8612E-03
  -0.02959
  -0.01217
   0.03955
  -0.002001
   0.005916
   0.005458
   0.04266
   0.004461
   -0.0317
   0.06440571062413643
   0.005140333333333333
   0.030361143152976888
   0.1683    -0.972    -0.1637
   0.001321    -0.1658    0.9862
   -0.9857    -0.1662    -0.02663
 Node:         59
  0.1418E+03  0.1164E+03  0.4698E+03 -0.8612E-03
  -0.02951
  -0.008589
   0.02893
   0.004955
   0.001617
  -0.004501
   0.03019
   -0.003555
   -0.03171
   0.05367978693139533
   -0.0016916666666666666
   0.0253048942345591
   -0.1402    0.9898    0.02612
   0.1873    6.243E-4    0.9823
   -0.9722    -0.1426    0.1855
 Node:         60
  0.1375E+03  0.1150E+03  0.4833E+03 -0.8612E-03
  -0.006634
  -5.503E-4
   0.003844
   0.003154
  -0.001134
  -0.001968
   0.004192
   -7.255E-4
   -0.008225
   0.010830655462620903
   -0.0015861666666666663
   0.0051056199482095764
   -0.1184    0.964    -0.238
   -0.4346    -0.2658    -0.8605
   -0.8928    0.0016    0.4504
 Node:         61
  0.1553E+03  0.1214E+03  0.4545E+03 -0.8612E-03
  -0.01383
  -0.01135
   0.02052
  -0.01028
   0.01399
  -0.02883
   0.02864
   -0.01555
   -0.03523
   0.056654370528671484
   -0.00738
   0.026707126389785927
   -0.3101    0.9095    0.2768
   0.8806    0.3845    -0.2771
   0.3584    -0.1579    0.9201
 Node:         62
  0.1492E+03  0.1199E+03  0.4704E+03 -0.8612E-03
  -0.004021
  -0.01483
   0.02158
  -7.316E-4
   0.005898
  -0.02983
   0.02891
   -0.01065
   -0.03054
   0.05241616258369168
   -0.004093333333333333
   0.024709216004469983
   -0.4103    0.9069    0.09615
   0.911    0.4028    0.08907
   -0.04205    -0.1241    0.9914
 Node:         63
  0.1436E+03  0.1181E+03  0.4839E+03 -0.8612E-03
   0.002316
  -0.003732
   0.004077
   0.001757
  -0.001697
  -0.005754
   0.007475
   -6.198E-4
   -0.006215
   0.011921580224114587
   2.1339999999999987E-4
   0.005619886812620577
   -0.6161    0.7668    -0.1802
   0.772    0.6332    0.05486
   0.1562    -0.1053    -0.9821
 Node:         64
  0.1414E+03  0.1253E+03  0.4531E+03 -0.8612E-03
  -0.01715
   0.006054
   0.02016
  -0.005462
   0.003846
  -0.002976
   0.02149
   -0.001234
   -0.02022
   0.03617023964532168
   1.2000000000000436E-5
   0.01705081448689964
   0.1365    0.9829    0.124
   0.3474    0.06978    -0.9351
   -0.9277    0.1707    -0.3319
 Node:         65
  0.1341E+03  0.1229E+03  0.4686E+03 -0.8612E-03
  -0.016
   0.003187
   0.01807
  -0.001025
   0.001323
  -0.002417
   0.01843
   -0.002395
   -0.01639
   0.030347759802001856
   -1.1833333333333372E-4
   0.01430607116654402
   -0.09027    -0.9942    -0.05864
   -0.0869    -0.05079    0.9949
   -0.9921    0.09491    -0.08181
 Node:         66
  0.1299E+03  0.1214E+03  0.4825E+03 -0.8612E-03
  -0.002439
   4.992E-4
   0.002733
   0.001228
  -8.882E-4
  -7.895E-4
   0.002952
   -2.282E-4
   -0.00322
   0.005345938798751815
   -1.654E-4
   0.0025200997176037833
   -0.04058    -0.9751    0.2181
   0.5075    0.1679    0.8451
   0.8607    -0.145    -0.488
 Node:         67
  0.1500E+03  0.1241E+03  0.4537E+03 -0.8612E-03
  -0.01851
  -0.006273
   0.01755
  -0.004631
   0.0023
   0.004497
   0.01926
   0.004565
   -0.02028
   0.03461667697801162
   0.0011816666666666666
   0.01631845802219751
   -0.185    0.9605    0.2077
   -0.13    -0.2334    0.9637
   -0.9741    -0.1513    -0.168
 Node:         68
  0.1432E+03  0.1222E+03  0.4695E+03 -0.8612E-03
  -0.01594
  -0.01072
   0.0192
  -0.001757
   0.002905
   0.002026
   0.02273
   0.001548
   -0.01899
   0.03613201466843498
   0.001762666666666667
   0.01703279505998812
   0.2705    -0.95    -0.1563
   3.129E-4    -0.1622    0.9868
   -0.9627    -0.267    -0.04358
 Node:         69
  0.1380E+03  0.1205E+03  0.4831E+03 -0.8612E-03
  -0.002192
  -0.002986
   0.005166
   6.876E-4
   3.643E-4
  -2.97E-4
   0.006227
   -1.104E-4
   -0.00344
   0.008505873380200295
   8.922E-4
   0.004009707164702512
   -0.3329    0.9428    0.01755
   0.2301    0.06318    0.9711
   0.9144    0.3273    -0.238
 Node:         70
  0.1556E+03  0.1235E+03  0.4544E+03 -0.8612E-03
  -0.01436
  -0.007588
  -0.001766
  -0.009148
   0.006343
   0.02245
   0.02685
   -0.001752
   -0.01878
   0.039938227852522455
   0.002105999999999999
   0.01882706116206138
   -0.2562    0.2735    0.9271
   0.2887    -0.8937    0.3434
   0.9225    0.3556    0.15
 Node:         71
  0.1494E+03  0.1219E+03  0.4704E+03 -0.8612E-03
  -0.009807
  -0.01642
   0.01074
  -0.008078
   0.008592
   0.008013
   0.02684
   0.001357
   -0.01926
   0.03999783730403433
   0.0029790000000000003
   0.01885516132698595
   -0.4419    0.7293    0.5224
   0.1473    -0.5155    0.8442
   0.8849    0.45    0.1204
 Node:         72
  0.1435E+03  0.1199E+03  0.4838E+03 -0.8612E-03
  -6.202E-4
  -0.005669
   0.00465
  -7.37E-4
   0.001593
   2.534E-4
   0.008628
   -9.497E-5
   -0.00425
   0.011384141687492298
   0.0014276766666666667
   0.0053665358568095135
   -0.5234    0.8274    0.2034
   0.1562    -0.1416    0.9775
   0.8376    0.5434    -0.05512
 Node:         73
  0.1445E+03  0.1339E+03  0.4530E+03  0.0000E+00
   0.004866
  -0.003991
  -0.0156
   0.002404
  -0.0023
   0.0148
   0.01567
   0.004848
   -0.01646
   0.028315044128519384
   0.0013526666666666676
   0.013347839808581596
   0.252    -0.1029    0.9622
   -0.9514    0.1558    0.2658
   -0.1772    -0.9824    -0.05866
 Node:         74
  0.1367E+03  0.1304E+03  0.4686E+03  0.0000E+00
   0.01278
  -0.006194
  -0.009109
   1.965E-4
  -0.004268
   0.007969
   0.01468
   0.008552
   -0.01159
   0.02380509869754797
   0.0038806666666666677
   0.011221831143900811
   0.9373    -0.281    0.2061
   -0.2531    -0.1425    0.9569
   -0.2395    -0.9491    -0.2047
 Node:         75
  0.1313E+03  0.1288E+03  0.4827E+03  0.0000E+00
   0.003839
  -0.002601
  -0.001513
  -0.001622
  -8.531E-4
   3.513E-4
   0.005199
   6.354E-4
   -0.003156
   0.007245936237643828
   8.928E-4
   0.00341576709978886
   -0.9133    0.3223    0.2489
   0.08235    -0.4524    0.888
   0.3988    0.8316    0.3866
 Node:         76
  0.1517E+03  0.1308E+03  0.4535E+03  0.0000E+00
   0.005889
  -0.005241
  -0.023
   1.594E-4
   0.005749
   0.02406
   0.02476
   0.006772
   -0.02458
   0.043248997953709865
   0.0023173333333333344
   0.02038777315506091
   -0.02557    0.1222    0.9922
   0.9853    -0.1647    0.04567
   0.169    0.9787    -0.1162
 Node:         77
  0.1446E+03  0.1280E+03  0.4693E+03  0.0000E+00
   0.01963
  -0.002612
  -0.01261
  -0.002125
   0.003894
   0.00951
   0.02041
   0.009552
   -0.01342
   0.029917201139144013
   0.005514000000000001
   0.01410310386640709
   -0.9687    0.1033    0.2258
   0.2389    0.1407    0.9608
   -0.06746    -0.9847    0.161
 Node:         78
  0.1384E+03  0.1261E+03  0.4830E+03  0.0000E+00
   0.008004
  -4.302E-4
  -0.001244
  -0.001705
  -3.222E-4
   1.11E-4
   0.00837
   -1.015E-4
   -0.001397
   0.009188006353393539
   0.0022905000000000004
   0.004331267732046435
   -0.979    0.03708    0.2006
   0.1777    -0.3285    0.9276
   -0.1003    -0.9438    -0.315
 Node:         79
  0.1558E+03  0.1256E+03  0.4542E+03  0.0000E+00
   0.007279
   0.01118
   0.01987
   0.005298
   1.989E-4
  -0.05547
   0.02651
   0.001095
   -0.05592
   0.07311407986838103
   -0.009438333333333333
   0.03446630778343138
   0.5096    0.8597    0.03502
   -0.8562    0.5107    -0.0784
   -0.08529    0.009967    0.9963
 Node:         80
  0.1495E+03  0.1238E+03  0.4703E+03  0.0000E+00
   0.02111
   0.00965
   0.01059
   8.58E-5
  -0.001576
  -0.04695
   0.02684
   0.004895
   -0.047
   0.06567731590891943
   -0.005088333333333334
   0.03096058363288536
   0.8595    0.5111    -0.009913
   -0.5112    0.859    -0.02695
   -0.005259    0.02823    0.9996
 Node:         81
  0.1433E+03  0.1217E+03  0.4837E+03  0.0000E+00
   0.008834
   0.001764
   7.342E-4
  -0.001674
  -4.053E-4
  -0.006598
   0.009387
   3.672E-4
   -0.006784
   0.014035627782183452
   9.900666666666665E-4
   0.006616458388661481
   -0.9732    -0.2034    0.1071
   -0.2054    0.9787    -0.007584
   0.1032    0.02937    0.9942
 Node:         82
  0.1267E+03  0.1149E+03  0.4565E+03 -0.1080E-01
  -0.0104
  -8.388E-4
   0.008035
   0.002421
   0.006097
   0.00205
   0.01185
   -0.001082
   -0.01109
   0.019920344976932503
   -1.0733333333333313E-4
   0.009390540677842901
   0.02607    0.8459    0.5327
   -0.2581    0.5205    -0.8139
   0.9658    0.1163    -0.2319
 Node:         83
  0.1234E+03  0.1129E+03  0.4721E+03 -0.1080E-01
  -0.01275
   0.001632
   0.003941
   0.01215
   0.002605
  -0.008461
   0.006079
   -3.997E-4
   -0.02295
   0.026392919739771124
   -0.0057569
   0.012441741682202967
   0.3595    0.8191    0.4471
   -0.5348    0.5735    -0.6206
   -0.7647    -0.01601    0.6442
 Node:         84
  0.1187E+03  0.1123E+03  0.4849E+03 -0.1080E-01
  -0.001789
   4.301E-4
   2.887E-4
   0.0045
  -1.953E-4
  -0.007953
   7.642E-4
   1.209E-4
   -0.01034
   0.010796932928846044
   -0.0031516333333333336
   0.005089722993335579
   -0.7583    -0.53    -0.3796
   0.455    -0.8473    0.2741
   0.4668    -0.03513    -0.8836
 Node:         85
  0.1302E+03  0.1161E+03  0.4554E+03 -0.1080E-01
  -0.01269
  -3.605E-4
   0.009794
   0.003049
   0.009177
   0.006123
   0.01741
   -8.422E-4
   -0.01334
   0.026785260029351964
   0.0010759333333333326
   0.012626692668399837
   0.05553    0.7673    0.6389
   -0.2107    0.6345    -0.7437
   -0.976    -0.09332    0.1969
 Node:         86
  0.1252E+03  0.1138E+03  0.4704E+03 -0.1080E-01
  -0.008832
   0.006976
   0.01673
   0.02313
   0.009756
  -0.003968
   0.02873
   0.004904
   -0.0297
   0.05088801426662275
   0.001311333333333332
   0.02398883997936448
   -0.462    -0.7055    -0.5374
   0.4926    -0.708    0.506
   0.7375    0.03097    -0.6747
 Node:         87
  0.1217E+03  0.1126E+03  0.4834E+03 -0.1080E-01
  -0.003538
   2.637E-4
   6.974E-4
   0.005841
  -9.277E-4
  -0.007352
   0.001063
   3.995E-4
   -0.01166
   0.01240456572194287
   -0.0033991666666666667
   0.005847568359773336
   -0.5128    0.7388    -0.4373
   0.6293    0.6699    0.394
   0.584    -0.07317    -0.8084
 Node:         88
  0.1338E+03  0.1169E+03  0.4538E+03 -0.1080E-01
  -0.02069
  -0.002811
   0.007826
   0.002825
   0.01151
   0.01358
   0.02257
   -3.952E-4
   -0.02146
   0.038142935847152615
   2.3826666666666718E-4
   0.01798075239459004
   0.01166    0.6139    0.7893
   -0.1912    0.7761    -0.6009
   0.9815    0.1439    -0.1264
 Node:         89
  0.1270E+03  0.1150E+03  0.4688E+03 -0.1080E-01
  -0.0247
   0.003518
   0.00472
   0.01061
   0.003122
  -0.00234
   0.007821
   -0.001074
   -0.02907
   0.03334548636622354
   -0.007441
   0.01571921302101349
   0.2576    0.8149    0.5193
   -0.2619    0.5762    -0.7742
   -0.9301    0.0634    0.3618
 Node:         90
  0.1248E+03  0.1132E+03  0.4822E+03 -0.1080E-01
  -0.006228
   0.003581
  -0.001628
   0.003169
  -0.001743
  -0.001826
   3.278E-4
   -1.901E-4
   -0.00982
   0.009899016094036822
   -0.0032274333333333336
   0.004666440938112138
   0.4727    0.881    -0.01751
   0.3708    -0.1809    0.9109
   -0.7994    0.4371    0.4122
 Node:         91
  0.1259E+03  0.1263E+03  0.4552E+03 -0.1080E-01
  -0.01107
   0.009337
   0.01752
  -9.012E-4
   0.009267
   9.865E-4
   0.02364
   -0.001443
   -0.01475
   0.033764072903013344
   0.0024823333333333342
   0.015916536606798464
   -0.2336    -0.9031    -0.3602
   -0.3453    -0.2693    0.899
   -0.9089    0.3344    -0.249
 Node:         92
  0.1209E+03  0.1234E+03  0.4727E+03 -0.1080E-01
  -0.01489
   0.002827
   0.01114
   0.003202
   0.006797
   0.0052
   0.01613
   8.271E-4
   -0.01552
   0.027414676058819296
   4.790333333333328E-4
   0.012923402230149079
   -0.1319    -0.824    -0.551
   0.06689    -0.562    0.8245
   -0.989    0.07192    0.1293
 Node:         93
  0.1159E+03  0.1217E+03  0.4877E+03 -0.1080E-01
  -0.002466
  -7.241E-4
   9.783E-4
   0.002498
   0.002098
  -0.001404
   0.002314
   -1.085E-4
   -0.005097
   0.006545095854913051
   -9.638333333333334E-4
   0.003085387775016655
   0.1772    0.8014    0.5713
   -0.6934    0.5136    -0.5054
   -0.6984    -0.3066    0.6467
 Node:         94
  0.1314E+03  0.1265E+03  0.4543E+03 -0.1080E-01
  -0.01334
   0.0089
   0.01926
  -0.004996
   0.008621
   0.007966
   0.02478
   0.006722
   -0.01761
   0.03684460400112884
   0.0046306666666666675
   0.01736871289288747
   0.1552    0.897    0.4139
   0.3656    0.3371    -0.8676
   0.9177    -0.286    0.2756
 Node:         95
  0.1250E+03  0.1236E+03  0.4708E+03 -0.1080E-01
  -0.02114
   0.00164
   0.01243
   0.00217
   0.004414
   0.0122
   0.01692
   0.007904
   -0.02133
   0.03463363619373513
   0.001164666666666667
   0.016326452673158638
   0.07052    0.7121    0.6986
   0.01368    -0.7009    0.7131
   -0.9974    0.04073    0.05917
 Node:         96
  0.1205E+03  0.1222E+03  0.4852E+03 -0.1080E-01
  -0.004244
  -5.794E-4
   9.942E-4
   0.002987
   0.001349
  -8.138E-4
   0.001929
   1.77E-4
   -0.00617
   0.0073806406903466045
   -0.0013546666666666666
   0.00347926738776363
   0.2289    0.7514    0.6189
   -0.4863    0.639    -0.596
   -0.8433    -0.1645    0.5117
 Node:         97
  0.1369E+03  0.1260E+03  0.4532E+03 -0.1080E-01
  -0.02042
   0.006672
   0.01894
  -0.004152
   0.00893
   0.008653
   0.02442
   0.005308
   -0.02256
   0.040920742710757345
   0.0023893333333333336
   0.019290223107977667
   0.08656    0.8765    0.4735
   0.2532    0.4404    -0.8614
   -0.9635    0.1945    -0.1838
 Node:         98
  0.1296E+03  0.1233E+03  0.4687E+03 -0.1080E-01
  -0.01828
   0.004455
   0.01491
   0.002475
   0.004811
   0.006774
   0.01786
   0.004547
   -0.019
   0.032329218812090096
   0.0011356666666666668
   0.015240139901661738
   0.1393    0.8966    0.4203
   0.01486    -0.4263    0.9045
   -0.9901    0.1198    0.07273
 Node:         99
  0.1260E+03  0.1218E+03  0.4827E+03 -0.1080E-01
  -0.003323
   0.001017
   0.001813
   0.001851
  -2.421E-4
  -6.523E-4
   0.002013
   2.603E-4
   -0.004435
   0.005774707931142492
   -7.205666666666666E-4
   0.002722223424988396
   -0.2049    -0.9773    -0.05357
   0.4234    -0.1379    0.8954
   -0.8825    0.1608    0.4421
 Node:        100
  0.1252E+03  0.1376E+03  0.4538E+03  0.0000E+00
   0.001455
  -2.934E-4
   0.008071
  -2.802E-4
   2.931E-4
  -0.006572
   0.00809
   0.001451
   -0.006587
   0.012729887941376389
   9.84666666666667E-4
   0.006000926724728069
   0.04505    -0.9988    -0.02083
   -0.9984    -0.04572    0.0332
   0.03411    -0.0193    0.9992
 Node:        101
  0.1188E+03  0.1338E+03  0.4719E+03  0.0000E+00
   0.006054
  -3.173E-4
   0.007437
  -0.003086
  -0.002159
  -0.01089
   0.007689
   0.006594
   -0.01169
   0.018855361598229828
   8.643333333333333E-4
   0.008888502698555152
   -0.03633    -0.992    0.1213
   0.9844    -0.05643    -0.1667
   -0.1722    -0.1133    -0.9785
 Node:        102
  0.1139E+03  0.1312E+03  0.4875E+03  0.0000E+00
   0.002767
  -8.397E-4
  -0.001507
  -0.001249
  -0.001997
  -0.00193
   0.003108
   2.75E-4
   -0.004053
   0.006246494777072979
   -2.2333333333333333E-4
   0.0029446258770097697
   -0.9745    0.08784    0.2067
   0.06905    -0.7586    0.6479
   -0.2137    -0.6457    -0.7331
 Node:        103
  0.1326E+03  0.1367E+03  0.4533E+03  0.0000E+00
   0.00315
  -0.001534
   0.00901
  -1.574E-4
  -8.384E-5
  -0.009701
   0.009388
   0.002775
   -0.009703
   0.016791345002708985
   8.200000000000001E-4
   0.007915515944438914
   -0.2388    0.9711    -0.002296
   0.971    0.2388    -0.01386
   0.01291    0.005538    0.9999
 Node:        104
  0.1251E+03  0.1332E+03  0.4703E+03  0.0000E+00
   0.007114
  -0.001609
   0.003733
  -0.003563
  -0.003008
  -0.01045
   0.008075
   0.004153
   -0.01183
   0.018262631217872194
   1.3266666666666635E-4
   0.008609086917644377
   -0.9562    0.2557    0.1424
   -0.2158    -0.9446    0.2472
   -0.1977    -0.2056    -0.9584
 Node:        105
  0.1201E+03  0.1317E+03  0.4854E+03  0.0000E+00
   0.002092
  -0.001466
  -0.002211
  -0.001856
  -0.001982
  -0.001778
   0.002932
   -4.678E-5
   -0.004782
   0.006737998023775312
   -6.322599999999999E-4
   0.0031763227294887195
   0.9398    -0.1495    -0.3073
   0.1135    -0.7117    0.6932
   0.3224    0.6864    0.6519
 Node:        106
  0.1400E+03  0.1351E+03  0.4529E+03  0.0000E+00
   0.004595
  -0.001449
   0.001562
   0.001682
  -0.003382
  -0.002134
   0.006277
   0.001947
   -0.0042
   0.009118718056832332
   0.001341333333333333
   0.004298604915809572
   -0.7887    0.4995    -0.3585
   0.6088    0.7157    -0.3422
   -0.08564    0.4882    0.8685
 Node:        107
  0.1323E+03  0.1316E+03  0.4688E+03  0.0000E+00
   0.01019
  -0.004039
   8.962E-4
  -0.001963
  -0.005893
  -0.003036
   0.01171
   0.004497
   -0.008151
   0.017413480324162657
   0.002685333333333333
   0.008208793347515958
   0.9331    -0.3592    0.01931
   -0.2888    -0.7161    0.6355
   -0.2144    -0.5985    -0.7719
 Node:        108
  0.1273E+03  0.1304E+03  0.4831E+03  0.0000E+00
   0.00245
  -0.002147
  -0.001452
  -0.002004
  -0.001329
  -5.551E-4
   0.003848
   3.712E-4
   -0.003776
   0.006611080928259765
   1.4773333333333345E-4
   0.0031164934368970235
   -0.9021    0.284    0.3249
   0.0728    -0.642    0.7633
   0.4253    0.7122    0.5585
 Node:        109
  0.1018E+03  0.1092E+03  0.4946E+03  0.1544E-04
   0.0
   1.388E-16
   1.11E-16
   5.551E-17
  -1.388E-17
   0.0
   2.069E-16
   2.266E-17
   -1.186E-16
   2.827092280064448E-16
   3.698666666666666E-17
   1.3327040815158061E-16
   -0.5724    -0.814    -0.09897
   0.2904    -0.3141    0.9039
   0.7668    -0.4887    -0.4162
 Node:        110
  0.1058E+03  0.1118E+03  0.5081E+03  0.1544E-04
   0.0
   2.776E-17
   0.0
  -1.388E-17
  -5.204E-17
   2.22E-16
   2.353E-16
   1.788E-17
   -3.112E-17
   2.456135916434593E-16
   7.402E-17
   1.157833574684491E-16
   -0.08376    -0.2246    0.9708
   0.7726    0.6007    0.2056
   0.6293    -0.7673    -0.1232
 Node:        111
  0.1108E+03  0.1137E+03  0.5210E+03  0.1544E-04
   0.0
   5.551E-17
  -1.11E-16
  -2.776E-17
   3.261E-16
  -2.22E-16
   1.68E-16
   2.779E-18
   -5.038E-16
   6.063148942925615E-16
   -1.1100700000000001E-16
   2.8581958219244996E-16
