 Group name: gastroc_stress
 #Fields=  16
 1) coordinates, coordinate, rectangular cartesian, #Components=3
   x.  Value index= 1, #Derivatives=0
   y.  Value index= 2, #Derivatives=0
   z.  Value index= 3, #Derivatives=0
 2) Tensor_1, field, rectangular cartesian, #Components=1
   Tensor_1.  Value index= 4, #Derivatives=0
 3) Tensor_2, field, rectangular cartesian, #Components=1
   Tensor_2.  Value index= 5, #Derivatives=0
 4) Tensor_3, field, rectangular cartesian, #Components=1
   Tensor_3.  Value index= 6, #Derivatives=0
 5) Tensor_4, field, rectangular cartesian, #Components=1
   Tensor_4.  Value index= 7, #Derivatives=0
 6) Tensor_5, field, rectangular cartesian, #Components=1
   Tensor_5.  Value index= 8, #Derivatives=0
 7) Tensor_6, field, rectangular cartesian, #Components=1
   Tensor_6.  Value index= 9, #Derivatives=0
 8) Principal_1, field, rectangular cartesian, #Components=1
   Principal_1.  Value index= 10, #Derivatives=0
 9) Principal_2, field, rectangular cartesian, #Components=1
   Principal_2.  Value index= 11, #Derivatives=0
 10) Principal_3, field, rectangular cartesian, #Components=1
   Principal_3.  Value index= 12, #Derivatives=0
 11) VonMises, field, rectangular cartesian, #Components=1
   VonMises.  Value index= 13, #Derivatives=0
 12) Hydrostatic, field, rectangular cartesian, #Components=1
   VonMises.  Value index= 14, #Derivatives=0
 13) Octahedral, field, rectangular cartesian, #Components=1
   VonMises.  Value index= 15, #Derivatives=0
 14) PrincipalVector1, field, rectangular cartesian, #Components=3
   x.  Value index= 16, #Derivatives=0
   y.  Value index= 17, #Derivatives=0
   z.  Value index= 18, #Derivatives=0
 15) PrincipalVector2, field, rectangular cartesian, #Components=3
   x.  Value index= 19, #Derivatives=0
   y.  Value index= 20, #Derivatives=0
   z.  Value index= 21, #Derivatives=0
 16) PrincipalVector3, field, rectangular cartesian, #Components=3
   x.  Value index= 22, #Derivatives=0
   y.  Value index= 23, #Derivatives=0
   z.  Value index= 24, #Derivatives=0
 Node:          1
  0.1287E+03  0.1133E+03  0.4908E+03  0.1179E-04
   2.357E-5
  -1.439E-16
   2.357E-5
  -4.797E-17
  -7.196E-17
   2.357E-5
   2.357E-5
   2.357E-5
   2.357E-5
   0.0
   2.3570000000000003E-5
   0.0
   -0.966    0.2571    0.02712
   0.2489    0.9532    -0.1718
   0.07001    0.1592    0.9848
 Node:          2
  0.1292E+03  0.1137E+03  0.5052E+03  0.1179E-04
   2.357E-5
  -1.919E-16
   2.357E-5
  -9.594E-17
   3.358E-16
   2.357E-5
   2.357E-5
   2.357E-5
   2.357E-5
   0.0
   2.3570000000000003E-5
   0.0
   -0.895    0.3984    0.2008
   0.4461    0.7982    0.4048
   -9.611E-4    -0.4518    0.8921
 Node:          3
  0.1289E+03  0.1155E+03  0.5194E+03  0.1179E-04
   2.357E-5
   2.399E-16
   2.357E-5
   1.919E-16
   9.594E-17
   2.357E-5
   2.357E-5
   2.357E-5
   2.357E-5
   0.0
   2.3570000000000003E-5
   0.0
   -0.4092    -0.8757    -0.2565
   0.4961    -0.4494    0.7429
   0.7658    -0.1767    -0.6183
 Node:          4
  0.1361E+03  0.1141E+03  0.4915E+03  0.1179E-04
   2.357E-5
  -4.797E-17
   2.357E-5
  -4.797E-17
  -1.439E-16
   2.357E-5
   2.357E-5
   2.357E-5
   2.357E-5
   0.0
   2.3570000000000003E-5
   0.0
   -0.04308    -0.0943    0.9946
   0.9939    -0.1055    0.03304
   0.1018    0.9899    0.09827
 Node:          5
  0.1341E+03  0.1144E+03  0.5054E+03  0.1179E-04
   2.357E-5
   2.399E-16
   2.357E-5
   9.594E-17
  -1.199E-16
   2.357E-5
   2.357E-5
   2.357E-5
   2.357E-5
   0.0
   2.3570000000000003E-5
   0.0
   0.09698    -0.1794    0.979
   0.7185    0.6933    0.05585
   -0.6887    0.698    0.1961
 Node:          6
  0.1323E+03  0.1162E+03  0.5191E+03  0.1179E-04
   2.357E-5
   9.594E-17
   2.357E-5
  -9.594E-17
  -4.797E-17
   2.357E-5
   2.357E-5
   2.357E-5
   2.357E-5
   0.0
   2.3570000000000003E-5
   0.0
   -0.715    -0.6928    0.09324
   -0.693    0.72    0.03581
   0.09195    0.03901    0.995
 Node:          7
  0.1408E+03  0.1171E+03  0.4920E+03  0.1179E-04
   2.357E-5
   3.838E-16
   2.357E-5
  -1.439E-16
  -1.919E-16
   2.357E-5
   2.357E-5
   2.357E-5
   2.357E-5
   0.0
   2.3570000000000003E-5
   0.0
   -0.8641    -0.4871    0.1268
   -0.5006    0.8577    -0.1173
   0.05164    0.1648    0.985
 Node:          8
  0.1367E+03  0.1169E+03  0.5055E+03  0.1179E-04
   2.357E-5
   3.358E-16
   2.357E-5
  -6.956E-16
  -4.078E-16
   2.357E-5
   2.357E-5
   2.357E-5
   2.357E-5
   0.0
   2.3570000000000003E-5
   0.0
   -0.7203    -0.6271    0.2965
   0.6361    -0.7676    -0.07825
   0.2767    0.1323    0.9518
 Node:          9
  0.1339E+03  0.1180E+03  0.5191E+03  0.1179E-04
   2.357E-5
   2.878E-16
   2.357E-5
  -6.836E-16
  -4.797E-16
   2.357E-5
   2.357E-5
   2.357E-5
   2.357E-5
   0.0
   2.3570000000000003E-5
   0.0
   -0.3025    -0.1647    0.9388
   -0.9346    -0.1419    -0.3261
   -0.1869    0.9761    0.111
 Node:         10
  0.1294E+03  0.1212E+03  0.4911E+03  0.1179E-04
   2.357E-5
   4.797E-17
   2.357E-5
  -2.399E-17
   2.159E-16
   2.357E-5
   2.357E-5
   2.357E-5
   2.357E-5
   0.0
   2.3570000000000003E-5
   0.0
   0.0241    0.7089    0.7049
   0.1744    0.6913    -0.7012
   0.9844    -0.1399    0.107
 Node:         11
  0.1295E+03  0.1214E+03  0.5055E+03  0.1179E-04
   2.357E-5
  -4.797E-17
   2.357E-5
  -7.196E-17
   2.399E-17
   2.357E-5
   2.357E-5
   2.357E-5
   2.357E-5
   0.0
   2.3570000000000003E-5
   0.0
   -0.2763    0.1332    0.9518
   0.5868    -0.761    0.2768
   -0.7612    -0.635    -0.1321
 Node:         12
  0.1295E+03  0.1217E+03  0.5196E+03  0.1179E-04
   2.357E-5
   1.998E-37
   2.357E-5
   1.319E-16
   4.797E-17
   2.357E-5
   2.357E-5
   2.357E-5
   2.357E-5
   0.0
   2.3570000000000003E-5
   0.0
   -0.2404    -0.08743    -0.9667
   0.3417    -0.9398    4.069E-5
   0.9086    0.3303    -0.2558
 Node:         13
  0.1361E+03  0.1199E+03  0.4914E+03  0.1179E-04
   2.357E-5
  -2.399E-16
   2.357E-5
  -1.679E-16
   4.797E-17
   2.357E-5
   2.357E-5
   2.357E-5
   2.357E-5
   0.0
   2.3570000000000003E-5
   0.0
   -0.9203    0.37    0.1273
   0.3697    0.9288    -0.02721
   0.1283    -0.02201    0.9915
 Node:         14
  0.1342E+03  0.1198E+03  0.5054E+03  0.1179E-04
   2.357E-5
   4.797E-17
   2.357E-5
   9.594E-17
  -1.559E-16
   2.357E-5
   2.357E-5
   2.357E-5
   2.357E-5
   0.0
   2.3570000000000003E-5
   0.0
   0.1    -0.2648    0.9591
   0.2953    0.9284    0.2256
   0.9501    -0.2607    -0.1711
 Node:         15
  0.1330E+03  0.1205E+03  0.5193E+03  0.1179E-04
   2.357E-5
  -1.439E-16
   2.357E-5
   2.399E-17
   8.395E-17
   2.357E-5
   2.357E-5
   2.357E-5
   2.357E-5
   0.0
   2.3570000000000003E-5
   0.0
   -0.9934    0.1134    -0.01426
   0.01884    0.2855    0.9582
   0.1127    0.9516    -0.2858
 Node:         16
  0.1404E+03  0.1188E+03  0.4918E+03  0.1179E-04
   2.357E-5
   9.594E-17
   2.357E-5
  -1.439E-16
  -2.518E-16
   2.357E-5
   2.357E-5
   2.357E-5
   2.357E-5
   0.0
   2.3570000000000003E-5
   0.0
   -0.1502    -0.2388    0.9594
   -0.794    -0.5491    -0.261
   0.5891    -0.8009    -0.1072
 Node:         17
  0.1365E+03  0.1184E+03  0.5055E+03  0.1179E-04
   2.357E-5
   4.797E-17
   2.357E-5
   1.679E-16
   2.938E-16
   2.357E-5
   2.357E-5
   2.357E-5
   2.357E-5
   0.0
   2.3570000000000003E-5
   0.0
   -0.248    -0.4016    -0.8816
   -0.9357    0.3351    0.1106
   -0.251    -0.8523    0.4589
 Node:         18
  0.1341E+03  0.1191E+03  0.5192E+03  0.1179E-04
   2.357E-5
   2.656E-37
   2.357E-5
   4.572E-17
   1.84E-16
   2.357E-5
   2.357E-5
   2.357E-5
   2.357E-5
   0.0
   2.3570000000000003E-5
   0.0
   0.02284    0.09196    0.9955
   0.9703    -0.242    8.978E-5
   0.2409    0.9659    -0.09475
 Node:         19
  0.1301E+03  0.1291E+03  0.4914E+03  0.0000E+00
   4.934E-16
   0.0
   4.934E-16
   3.631E-19
   1.731E-17
  -9.869E-16
   4.936E-16
   4.934E-16
   -9.871E-16
   1.4806000101310279E-15
   -3.3333333333314155E-20
   6.979615382590138E-16
   -0.02097    -0.9997    -0.01169
   -0.9998    0.02097    -8.123E-17
   2.452E-4    0.01169    -0.9999
 Node:         20
  0.1299E+03  0.1291E+03  0.5058E+03  0.0000E+00
   9.869E-16
   0.0
   0.0
   1.799E-17
   3.326E-17
  -2.467E-16
   9.871E-16
   4.4E-18
   -2.514E-16
   1.1324785163525177E-15
   2.467E-16
   5.338554923072971E-16
   -0.9999    -4.917E-4    -0.01459
   0.002401    -0.9914    -0.1311
   -0.0144    -0.1312    0.9913
 Node:         21
  0.1301E+03  0.1280E+03  0.5197E+03  0.0000E+00
   4.934E-16
   0.0
   0.0
   7.196E-17
   2.549E-17
   4.934E-16
   5.66E-16
   4.222E-16
   -1.341E-18
   5.108528305500519E-16
   3.28953E-16
   2.408183337801893E-16
   -0.7039    -0.03195    -0.7096
   -0.7102    0.04241    0.7027
   -0.007642    -0.9986    0.05255
 Node:         22
  0.1360E+03  0.1256E+03  0.4913E+03  0.0000E+00
  -9.869E-16
   2.399E-17
  -4.934E-16
  -2.399E-17
   1.739E-16
   4.934E-16
   5.234E-16
   -5.215E-16
   -9.888E-16
   1.3410693755358072E-15
   -3.2896666666666662E-16
   6.321861663219854E-16
   -0.01298    0.1683    0.9857
   0.05935    0.9841    -0.1672
   -0.9982    0.05633    -0.02276
 Node:         23
  0.1343E+03  0.1253E+03  0.5054E+03  0.0000E+00
   0.0
   3.598E-17
  -1.974E-15
   0.0
   2.271E-16
  -7.401E-16
   6.796E-19
   -6.997E-16
   -2.015E-15
   1.7724996366646057E-15
   -9.046734666666666E-16
   8.355643418241562E-16
   0.9998    0.01889    0.00579
   -0.009011    0.1753    0.9845
   0.01758    -0.9843    0.1754
 Node:         24
  0.1336E+03  0.1248E+03  0.5194E+03  0.0000E+00
  -9.869E-16
   2.099E-17
   0.0
   2.399E-17
   1.499E-18
  -7.401E-16
   4.516E-19
   -7.379E-16
   -9.896E-16
   8.912682384908372E-16
   -5.756827999999999E-16
   4.2014787686204007E-16
   -0.02132    -0.9998    -0.002714
   0.09549    -0.004739    0.9954
   -0.9952    0.02096    0.09557
 Node:         25
  0.1400E+03  0.1206E+03  0.4917E+03  0.0000E+00
   0.0
   4.617E-16
  -4.934E-16
  -1.439E-16
  -2.249E-16
   9.869E-16
   1.067E-15
   2.05E-16
   -7.785E-16
   1.5994040296310373E-15
   1.6449999999999999E-16
   7.539662901394642E-16
   -0.2161    -0.2016    0.9553
   0.839    0.4621    0.2874
   -0.4994    0.8636    0.06929
 Node:         26
  0.1363E+03  0.1200E+03  0.5055E+03  0.0000E+00
   9.869E-16
   1.859E-16
  -2.714E-15
   4.797E-17
  -1.943E-15
  -2.467E-16
   1.006E-15
   8.09E-16
   -3.789E-15
   4.699597748744035E-15
   -6.579999999999999E-16
   2.215411624657293E-15
   0.968    0.1526    -0.1995
   0.2481    -0.4578    0.8538
   -0.03892    0.8759    0.4809
 Node:         27
  0.1343E+03  0.1203E+03  0.5192E+03  0.0000E+00
   9.869E-16
  -3.358E-16
   9.869E-16
  -1.799E-16
   2.27E-15
   0.0
   2.89E-15
   9.15E-16
   -1.831E-15
   4.1066398673367985E-15
   6.58E-16
   1.9358885987232494E-15
   -0.1931    0.7658    0.6135
   0.9808    0.1345    0.1409
   0.02534    0.6289    -0.7771
 Node:         28
  0.1155E+03  0.1124E+03  0.4931E+03  0.6966E-04
   1.393E-4
   6.595E-17
   1.393E-4
  -9.593E-17
   9.593E-17
   1.393E-4
   1.393E-4
   1.393E-4
   1.393E-4
   0.0
   1.393E-4
   0.0
   0.02388    0.9834    0.1796
   0.07203    0.1775    -0.9815
   0.9971    -0.03638    0.06659
 Node:         29
  0.1119E+03  0.1139E+03  0.5068E+03  0.6966E-04
   1.393E-4
  -3.597E-17
   1.393E-4
   9.593E-17
   1.199E-17
   1.393E-4
   1.393E-4
   1.393E-4
   1.393E-4
   0.0
   1.393E-4
   0.0
   -0.03583    0.9993    0.005779
   0.9821    0.03414    0.1854
   0.1851    0.01232    -0.9826
 Node:         30
  0.1113E+03  0.1159E+03  0.5206E+03  0.6966E-04
   1.393E-4
   2.158E-16
   1.393E-4
  -1.932E-36
  -4.796E-17
   1.393E-4
   1.393E-4
   1.393E-4
   1.393E-4
   0.0
   1.393E-4
   0.0
   -0.7035    -0.7091    0.04786
   -0.7089    0.6953    -0.1183
   -0.05063    0.1172    0.9918
 Node:         31
  0.1203E+03  0.1126E+03  0.4920E+03  0.6966E-04
   1.393E-4
   1.679E-16
   1.393E-4
   4.796E-17
   7.195E-17
   1.393E-4
   1.393E-4
   1.393E-4
   1.393E-4
   0.0
   1.393E-4
   0.0
   -0.7438    -0.4294    -0.5122
   -0.5143    -0.1218    0.8489
   -0.4269    0.8949    -0.1302
 Node:         32
  0.1188E+03  0.1134E+03  0.5062E+03  0.6966E-04
   1.393E-4
  -2.398E-17
   1.393E-4
  -4.796E-17
   1.679E-16
   1.393E-4
   1.393E-4
   1.393E-4
   1.393E-4
   0.0
   1.393E-4
   0.0
   -0.9989    0.02085    0.04158
   0.04651    0.4511    0.8913
   1.714E-4    -0.8922    0.4516
 Node:         33
  0.1183E+03  0.1150E+03  0.5201E+03  0.6966E-04
   1.393E-4
   9.593E-17
   1.393E-4
   1.439E-16
   2.576E-36
   1.393E-4
   1.393E-4
   1.393E-4
   1.393E-4
   0.0
   1.393E-4
   0.0
   -0.9536    -0.167    -0.2504
   5.664E-4    -0.8329    0.5534
   -0.301    0.5276    0.7944
 Node:         34
  0.1255E+03  0.1129E+03  0.4909E+03  0.6966E-04
   1.393E-4
   3.005E-36
   1.393E-4
   9.593E-17
   1.679E-16
   1.393E-4
   1.393E-4
   1.393E-4
   1.393E-4
   0.0
   1.393E-4
   0.0
   -0.3506    -0.614    -0.7072
   0.8684    -0.4958    3.529E-5
   -0.3507    -0.6141    0.7071
 Node:         35
  0.1260E+03  0.1135E+03  0.5054E+03  0.6966E-04
   1.393E-4
   1.919E-16
   1.393E-4
   1.919E-16
   4.317E-16
   1.393E-4
   1.393E-4
   1.393E-4
   1.393E-4
   0.0
   1.393E-4
   0.0
   -0.7459    -0.471    -0.4709
   -0.666    0.5275    0.5274
   -3.374E-5    -0.7071    0.7071
 Node:         36
  0.1257E+03  0.1153E+03  0.5196E+03  0.6966E-04
   1.393E-4
  -9.593E-17
   1.393E-4
  -9.593E-17
   1.439E-16
   1.393E-4
   1.393E-4
   1.393E-4
   1.393E-4
   0.0
   1.393E-4
   0.0
   -0.5155    0.6059    0.6059
   0.8569    0.3647    0.3643
   2.451E-4    -0.707    0.7072
 Node:         37
  0.1132E+03  0.1210E+03  0.4959E+03  0.6966E-04
   1.393E-4
   2.398E-16
   1.393E-4
  -1.439E-16
   3.118E-16
   1.393E-4
   1.393E-4
   1.393E-4
   1.393E-4
   0.0
   1.393E-4
   0.0
   -0.5069    -0.7959    -0.3312
   -0.7561    0.226    0.6142
   0.414    -0.5617    0.7163
 Node:         38
  0.1111E+03  0.1204E+03  0.5085E+03  0.6966E-04
   1.393E-4
   1.679E-16
   1.393E-4
  -4.796E-17
  -1.439E-16
   1.393E-4
   1.393E-4
   1.393E-4
   1.393E-4
   0.0
   1.393E-4
   0.0
   -0.2119    -0.9668    0.1429
   -0.9723    0.2233    0.06865
   0.09828    0.1244    0.9874
 Node:         39
  0.1119E+03  0.1201E+03  0.5207E+03  0.6966E-04
   1.393E-4
  -1.679E-16
   1.393E-4
  -1.439E-16
  -1.319E-16
   1.393E-4
   1.393E-4
   1.393E-4
   1.393E-4
   0.0
   1.393E-4
   0.0
   -0.9213    0.07991    0.3806
   0.3608    -0.1891    0.9133
   0.145    0.9787    0.1454
 Node:         40
  0.1191E+03  0.1220E+03  0.4937E+03  0.6966E-04
   1.393E-4
   1.439E-16
   1.393E-4
   1.439E-16
  -2.398E-17
   1.393E-4
   1.393E-4
   1.393E-4
   1.393E-4
   0.0
   1.393E-4
   0.0
   -0.9817    -0.1345    -0.1345
   -1.224E-4    -0.7067    0.7075
   -0.1902    0.6946    0.6938
 Node:         41
  0.1182E+03  0.1217E+03  0.5073E+03  0.6966E-04
   1.393E-4
  -4.796E-17
   1.393E-4
   9.593E-17
   1.679E-16
   1.393E-4
   1.393E-4
   1.393E-4
   1.393E-4
   0.0
   1.393E-4
   0.0
   0.1538    0.1966    0.9683
   0.962    -0.2535    -0.1013
   0.2255    0.9471    -0.2282
 Node:         42
  0.1187E+03  0.1212E+03  0.5204E+03  0.6966E-04
   1.393E-4
  -9.593E-17
   1.393E-4
  -1.717E-36
   9.593E-17
   1.393E-4
   1.393E-4
   1.393E-4
   1.393E-4
   0.0
   1.393E-4
   0.0
   -0.01864    0.0976    0.9951
   0.9834    -0.178    0.03589
   0.1806    0.9792    -0.09266
 Node:         43
  0.1258E+03  0.1217E+03  0.4915E+03  0.6966E-04
   1.393E-4
   1.919E-16
   1.393E-4
  -2.398E-17
  -8.586E-37
   1.393E-4
   1.393E-4
   1.393E-4
   1.393E-4
   0.0
   1.393E-4
   0.0
   -0.9458    -0.3243    0.01745
   -0.3242    0.9459    0.01149
   0.02023    -0.005213    0.9998
 Node:         44
  0.1259E+03  0.1220E+03  0.5059E+03  0.6966E-04
   1.393E-4
   2.398E-16
   1.393E-4
   1.679E-16
   1.919E-16
   1.393E-4
   1.393E-4
   1.393E-4
   1.393E-4
   0.0
   1.393E-4
   0.0
   0.3605    0.3834    0.8503
   -0.6207    -0.5818    0.5255
   -0.6962    0.7173    -0.02824
 Node:         45
  0.1261E+03  0.1221E+03  0.5198E+03  0.6966E-04
   1.393E-4
  -1.439E-16
   1.393E-4
   4.796E-17
  -1.199E-17
   1.393E-4
   1.393E-4
   1.393E-4
   1.393E-4
   0.0
   1.393E-4
   0.0
   0.06678    -0.01246    0.9977
   0.9877    -0.1407    -0.06787
   0.1413    0.99    0.002904
 Node:         46
  0.1117E+03  0.1296E+03  0.4959E+03  0.0000E+00
  -2.467E-16
   4.797E-17
  -7.401E-16
   1.199E-17
  -4.497E-17
   0.0
   3.057E-18
   -2.423E-16
   -7.476E-16
   6.629532710146319E-16
   -3.2894766666666664E-16
   3.125191690294995E-16
   0.03676    -0.058    0.9976
   0.9946    0.09864    -0.03092
   -0.09662    0.9934    0.06131
 Node:         47
  0.1107E+03  0.1269E+03  0.5087E+03  0.0000E+00
  -7.401E-16
  -5.397E-17
   4.934E-16
  -4.797E-17
   6.896E-17
   0.0
   5.058E-16
   -7.273E-18
   -7.452E-16
   1.0892155802819752E-15
   -8.222433333333333E-17
   5.1346114866095E-16
   -0.04821    0.9891    0.1394
   -0.05424    -0.142    0.9884
   -0.9974    -0.04009    -0.06049
 Node:         48
  0.1125E+03  0.1242E+03  0.5208E+03  0.0000E+00
   4.934E-16
   5.997E-18
   4.934E-16
   0.0
  -2.998E-18
   4.934E-16
   5.001E-16
   4.934E-16
   4.867E-16
   1.1604740410711462E-17
   4.934E-16
   5.470527092215756E-18
   -0.6325    -0.7071    0.3162
   0.4472    -2.276E-15    0.8944
   0.6325    -0.7071    -0.3162
 Node:         49
  0.1186E+03  0.1311E+03  0.4938E+03  0.0000E+00
  -7.401E-16
  -3.598E-17
   0.0
  -7.196E-17
  -1.049E-17
  -2.467E-16
   1.947E-18
   -2.366E-16
   -7.523E-16
   6.677348643803167E-16
   -3.2898433333333336E-16
   3.1477323375866775E-16
   0.04561    -0.9985    0.02894
   -0.143    0.02215    0.9895
   -0.9887    -0.04926    -0.1418
 Node:         50
  0.1180E+03  0.1298E+03  0.5075E+03  0.0000E+00
   0.0
  -2.249E-17
   1.48E-15
  -7.196E-17
   2.155E-17
   9.869E-16
   1.482E-15
   9.91E-16
   -5.513E-18
   1.3127859849072886E-15
   8.224956666666666E-16
   6.188532481164029E-16
   0.01739    -0.9988    -0.04603
   -0.07128    -0.04716    0.9963
   0.9973    0.01405    0.07201
 Node:         51
  0.1192E+03  0.1275E+03  0.5206E+03  0.0000E+00
   0.0
  -5.997E-18
  -2.467E-16
   0.0
   2.549E-17
   4.934E-16
   4.943E-16
   1.449E-19
   -2.477E-16
   6.54286006770747E-16
   8.22483E-17
   3.0843338148204166E-16
   -4.17E-4    0.03438    0.9994
   0.9997    -0.02416    0.001248
   0.02418    0.9991    -0.03436
 Node:         52
  0.1262E+03  0.1305E+03  0.4920E+03  0.0000E+00
   4.934E-16
  -2.399E-17
   4.934E-16
   2.249E-18
   8.48E-18
   0.0
   5.175E-16
   4.696E-16
   -1.6E-19
   4.95449666061044E-16
   3.2898E-16
   2.335572124055831E-16
   -0.7061    0.708    0.008534
   0.7081    0.706    0.01614
   -0.005403    -0.01744    0.9998
 Node:         53
  0.1258E+03  0.1304E+03  0.5063E+03  0.0000E+00
  -7.401E-16
  -2.998E-18
  -4.934E-16
   4.797E-17
   5.847E-17
  -9.869E-16
   -4.866E-16
   -7.314E-16
   -1.002E-15
   4.465358664206045E-16
   -7.399999999999999E-16
   2.104990261260132E-16
   0.0104    0.9931    0.1171
   -0.9836    0.03123    -0.1776
   -0.18    -0.1133    0.9771
 Node:         54
  0.1265E+03  0.1288E+03  0.5200E+03  0.0000E+00
  -9.869E-16
   3.598E-17
   4.934E-16
   0.0
  -7.496E-18
   4.934E-16
   5.014E-16
   4.864E-16
   -9.877E-16
   1.4816569474746847E-15
   3.3333333333314155E-20
   6.984597833010066E-16
   0.01758    0.7272    -0.6862
   0.01675    0.686    0.7274
   -0.9997    0.02428    1.229E-4
 Node:         55
  0.1382E+03  0.1167E+03  0.4536E+03 -0.8612E-03
   0.01308
  -0.00737
   0.003794
   0.002564
   0.01244
   0.002026
   0.01883
   0.01147
   -0.0116
   0.02749890361450798
   0.006233333333333334
   0.012963107480675903
   -0.5937    0.6776    0.434
   0.7571    0.2877    0.5865
   0.2726    0.6768    -0.6838
 Node:         56
  0.1314E+03  0.1156E+03  0.4688E+03 -0.8612E-03
   0.01267
   0.003896
   0.001243
   0.01524
  -4.46E-4
  -0.001363
   0.02266
   0.001355
   -0.01144
   0.029836429494830643
   0.004191666666666666
   0.014065027748126043
   -0.8408    -0.1415    -0.5225
   0.01417    -0.9707    0.24
   -0.5411    0.1944    0.8182
 Node:         57
  0.1285E+03  0.1140E+03  0.4823E+03 -0.8612E-03
   0.01816
   0.006324
  -0.001923
   0.00486
  -0.003299
  -0.001953
   0.02065
   0.001333
   -0.007651
   0.02504800736585647
   0.004777333333333334
   0.011807743909071801
   -0.9557    -0.2412    -0.1687
   0.04026    -0.6749    0.7368
   -0.2916    0.6974    0.6547
 Node:         58
  0.1482E+03  0.1174E+03  0.4541E+03 -0.8612E-03
   0.01289
  -0.02181
   0.007807
  -0.003485
   0.01041
  -4.799E-4
   0.03565
   -5.371E-4
   -0.01398
   0.04445983955672805
   0.007044300000000001
   0.020958569360685544
   -0.6935    0.6688    0.268
   -0.4854    -0.1588    -0.8598
   -0.5324    -0.7263    0.4347
 Node:         59
  0.1418E+03  0.1164E+03  0.4698E+03 -0.8612E-03
   0.01291
  -0.01524
   0.005125
   0.008702
   0.002814
  -0.002738
   0.02585
   0.002418
   -0.01259
   0.033555418996042946
   0.005226000000000001
   0.01581817621177191
   -0.7982    0.5761    -0.1758
   0.2618    0.5947    0.7601
   0.5425    0.5607    -0.6256
 Node:         60
  0.1375E+03  0.1150E+03  0.4833E+03 -0.8612E-03
   0.01831
  -9.545E-4
  -8.495E-4
   0.005511
  -0.001969
  -0.002167
   0.01971
   -1.304E-4
   -0.004368
   0.022263746426870748
   0.005070533333333333
   0.010495230715372048
   -0.9662    0.06997    -0.2483
   0.1705    0.8956    -0.4109
   -0.1936    0.4393    0.8772
 Node:         61
  0.1553E+03  0.1214E+03  0.4545E+03 -0.8612E-03
   0.01661
  -0.02029
   0.003064
  -0.01833
   0.02519
  -0.008236
   0.05024
   -0.007453
   -0.02776
   0.07008871698782908
   0.0050089999999999996
   0.033040138044505805
   -0.6682    0.5814    0.4641
   0.7433    0.5469    0.3851
   -0.02992    0.6024    -0.7976
 Node:         62
  0.1492E+03  0.1199E+03  0.4704E+03 -0.8612E-03
   0.01892
  -0.02676
   0.003321
  -0.001269
   0.01038
  -0.008462
   0.04231
   -0.00473
   -0.02123
   0.05710666861234334
   0.005450000000000001
   0.02692034175117396
   -0.7836    0.6034    0.1476
   -0.4172    -0.3351    -0.8448
   -0.4603    -0.7236    0.5143
 Node:         63
  0.1436E+03  0.1181E+03  0.4839E+03 -0.8612E-03
   0.02042
  -0.006531
  -7.963E-4
   0.003058
  -0.002953
  -0.003021
   0.02303
   -0.001065
   -0.005106
   0.026348939276562917
   0.005619666666666666
   0.012421009093020135
   -0.9492    0.2801    -0.1432
   0.3068    0.7236    -0.6183
   0.0696    0.6308    0.7728
 Node:         64
  0.1414E+03  0.1253E+03  0.4531E+03 -0.8612E-03
   0.01583
   0.01066
   0.00298
  -0.009605
   0.006731
  -0.002394
   0.02285
   0.007196
   -0.01346
   0.031544683799334554
   0.005528666666666667
   0.014870306549929926
   0.8888    0.4028    -0.2188
   -0.1618    0.7223    0.6724
   0.4289    -0.5622    0.7071
 Node:         65
  0.1341E+03  0.1229E+03  0.4686E+03 -0.8612E-03
   0.0161
   0.005568
   0.002476
  -0.001781
   0.002299
  -0.002268
   0.01777
   0.002232
   -0.004004
   0.019421949129786127
   0.005332666666666667
   0.009155594622354624
   -0.9398    -0.3393    0.04169
   0.2687    -0.8087    -0.5233
   -0.2112    0.4806    -0.8511
 Node:         66
  0.1299E+03  0.1214E+03  0.4825E+03 -0.8612E-03
   0.0193
   8.658E-4
  -0.001103
   0.002135
  -0.001542
  -0.001901
   0.01946
   7.273E-5
   -0.003311
   0.0212818503397355
   0.005407243333333333
   0.010032360460949468
   -0.9948    -0.03426    -0.09639
   -0.03007    -0.8027    0.5957
   -0.09777    0.5954    0.7974
 Node:         67
  0.1500E+03  0.1241E+03  0.4537E+03 -0.8612E-03
   0.01551
  -0.01106
   0.002354
  -0.008125
   0.004007
  -7.003E-4
   0.02489
   -0.003453
   -0.004358
   0.028806164079932615
   0.005692999999999999
   0.013579355973928465
   -0.82    0.4666    0.3316
   -0.123    -0.7094    0.694
   0.5591    0.5282    0.6391
 Node:         68
  0.1432E+03  0.1222E+03  0.4695E+03 -0.8612E-03
   0.01611
  -0.01913
   0.002747
  -0.003058
   0.005071
  -0.001264
   0.03092
   -0.001592
   -0.01132
   0.038313716395045785
   0.006002666666666667
   0.018061259116930052
   -0.7984    0.5778    0.1695
   0.2812    0.1088    0.9535
   0.5325    0.8089    -0.2494
 Node:         69
  0.1380E+03  0.1205E+03  0.4831E+03 -0.8612E-03
   0.01936
  -0.005214
  -5.469E-4
   0.001193
   6.315E-4
  -0.001789
   0.02062
   -9.367E-4
   -0.002727
   0.022505320459615764
   0.0056521
   0.010609109806513771
   -0.9704    0.2376    -0.04445
   0.1372    0.6929    0.7079
   -0.199    -0.6808    0.7049
 Node:         70
  0.1556E+03  0.1235E+03  0.4544E+03 -0.8612E-03
   0.01649
  -0.01342
  -0.002122
  -0.01625
   0.01118
   0.003532
   0.03624
   -0.006647
   -0.01081
   0.04511279107969269
   0.006261
   0.021266373660468463
   -0.7417    0.4198    0.5232
   0.6691    0.4085    0.6208
   -0.04688    -0.8105    0.5839
 Node:         71
  0.1494E+03  0.1219E+03  0.4704E+03 -0.8612E-03
   0.01756
  -0.02978
   7.406E-4
  -0.01431
   0.01524
   1.087E-4
   0.05053
   -0.007762
   -0.02191
   0.06650442379270721
   0.006952666666666667
   0.03135048602848483
   -0.7296    0.5653    0.3849
   -0.4486    0.02918    -0.8932
   -0.5162    -0.8244    0.2323
 Node:         72
  0.1435E+03  0.1199E+03  0.4838E+03 -0.8612E-03
   0.01973
  -0.009975
  -6.653E-4
  -0.001279
   0.002771
  -0.001665
   0.0241
   -7.702E-4
   -0.005788
   0.02772181188955729
   0.0058472666666666675
   0.01306818744925588
   -0.9205    0.3807    0.08744
   0.2494    0.4006    0.8817
   -0.3007    -0.8334    0.4637
 Node:         73
  0.1445E+03  0.1339E+03  0.4530E+03  0.0000E+00
   0.02273
  -0.006975
  -0.003467
   0.004183
  -0.004001
   0.003372
   0.0259
   0.003227
   -0.005956
   0.028400679164414362
   0.007723666666666667
   0.013388208551640591
   -0.941    0.2526    -0.2252
   0.2899    0.2582    -0.9216
   0.1747    0.9325    0.3162
 Node:         74
  0.1367E+03  0.1304E+03  0.4686E+03  0.0000E+00
   0.02462
  -0.01089
  -0.002024
   3.398E-4
  -0.007466
   0.001795
   0.02932
   0.005612
   -0.009732
   0.0340776048454113
   0.0084
   0.016064336981857254
   -0.9312    0.3481    -0.1082
   -0.2684    -0.4539    0.8497
   0.2467    0.8203    0.5161
 Node:         75
  0.1313E+03  0.1288E+03  0.4827E+03  0.0000E+00
   0.02249
  -0.004528
  -3.362E-4
  -0.002816
  -0.001478
   7.81E-5
   0.02379
   0.001338
   -0.002707
   0.02472392907690847
   0.007473666666666666
   0.011654971938571491
   -0.9786    0.1768    0.1051
   -0.0275    -0.619    0.7849
   0.2038    0.7653    0.6106
 Node:         76
  0.1517E+03  0.1308E+03  0.4535E+03  0.0000E+00
   0.02297
  -0.009193
  -0.00511
   2.756E-4
   0.0101
   0.005569
   0.02631
   0.01065
   -0.01248
   0.03380012278084208
   0.00816
   0.015933530682180893
   0.9361    -0.3187    -0.149
   0.2783    0.4117    0.8678
   -0.2153    -0.8538    0.4741
 Node:         77
  0.1446E+03  0.1280E+03  0.4693E+03  0.0000E+00
   0.02629
  -0.004547
  -0.002801
  -0.003694
   0.006804
   0.002147
   0.02854
   0.005383
   -0.007386
   0.031543394601722875
   0.008845666666666667
   0.014869698816347589
   -0.9661    0.1808    0.1844
   0.2538    0.5331    0.8071
   -0.04762    -0.8265    0.5609
 Node:         78
  0.1384E+03  0.1261E+03  0.4830E+03  0.0000E+00
   0.02347
  -7.444E-4
  -2.764E-4
  -0.002961
  -5.573E-4
   2.467E-5
   0.02409
   3.235E-4
   -9.557E-4
   0.024431229639336617
   0.007819266666666666
   0.011516992100467126
   -0.9922    0.02739    0.1216
   0.06472    -0.7203    0.6906
   0.1065    0.6931    0.713
 Node:         79
  0.1558E+03  0.1256E+03  0.4542E+03  0.0000E+00
   0.0233
   0.01994
   0.004567
   0.009294
   3.439E-4
  -0.01233
   0.04005
   -0.005579
   -0.01535
   0.05121834672263446
   0.006373666666666666
   0.024144560192492406
   -0.8451    -0.5126    -0.1514
   0.3677    -0.7632    0.5313
   0.3879    -0.3934    -0.8335
 Node:         80
  0.1495E+03  0.1238E+03  0.4703E+03  0.0000E+00
   0.02665
   0.01714
   0.002395
   1.483E-4
  -0.002735
  -0.01043
   0.03814
   -0.00531
   -0.01098
   0.04654474084147424
   0.007283333333333333
   0.021941401251717924
   -0.8912    -0.4531    0.02334
   -0.4066    0.7749    -0.4839
   -0.2012    0.4408    0.8748
 Node:         81
  0.1433E+03  0.1217E+03  0.4837E+03  0.0000E+00
   0.02367
   0.003064
   1.634E-4
  -0.002907
  -7.013E-4
  -0.001466
   0.02479
   -1.652E-4
   -0.001842
   0.02583444492610592
   0.007594266666666666
   0.012178474130293262
   -0.9855    -0.1268    0.1124
   -0.1469    0.9701    -0.1933
   0.08451    0.207    0.9747
 Node:         82
  0.1267E+03  0.1149E+03  0.4565E+03 -0.1080E-01
  -0.00288
  -0.001491
  -0.01945
   0.004319
   0.01098
  -0.02106
   -0.001798
   -0.009894
   -0.03175
   0.02683609748081863
   -0.014480666666666668
   0.012650657672846718
   0.9641    0.0812    0.2528
   0.2278    -0.7422    -0.6302
   0.1365    0.6652    -0.7341
 Node:         83
  0.1234E+03  0.1129E+03  0.4721E+03 -0.1080E-01
  -0.003543
   0.002902
  -0.02055
   0.02227
   0.004648
  -0.02387
   0.01176
   -0.02149
   -0.03759
   0.043590107822761806
   -0.015773333333333334
   0.020548573889418432
   0.8363    0.1523    0.5267
   -0.2032    0.9783    0.03971
   -0.5093    -0.1402    0.8491
 Node:         84
  0.1187E+03  0.1123E+03  0.4849E+03 -0.1080E-01
  -4.994E-4
   7.63E-4
  -0.02152
   0.008074
  -3.465E-4
  -0.02372
   0.002069
   -0.02169
   -0.02604
   0.02620618688401653
   -0.015220333333333334
   0.012353714969820032
   0.9559    0.02572    0.2927
   0.01228    0.9918    -0.1273
   -0.2935    0.1252    0.9477
 Node:         85
  0.1302E+03  0.1161E+03  0.4554E+03 -0.1080E-01
  -0.003514
  -6.417E-4
  -0.01898
   0.005449
   0.01666
  -0.01997
   4.359E-4
   -0.006172
   -0.03646
   0.034075905880988695
   -0.014065366666666667
   0.016063536082347774
   0.7054    0.454    0.5443
   -0.6979    0.5792    0.4213
   -0.1239    -0.6771    0.7254
 Node:         86
  0.1252E+03  0.1138E+03  0.4704E+03 -0.1080E-01
  -0.002495
   0.01257
  -0.01709
   0.0437
   0.01773
  -0.02271
   0.04172
   -0.0241
   -0.05509
   0.08562951769103923
   -0.012490000000000001
   0.04036614175271152
   0.7367    0.3485    0.5794
   -0.3791    0.9225    -0.07286
   -0.5599    -0.166    0.8118
 Node:         87
  0.1217E+03  0.1126E+03  0.4834E+03 -0.1080E-01
  -9.829E-4
   4.68E-4
  -0.02142
   0.01052
  -0.001648
  -0.02356
   0.003192
   -0.02122
   -0.02783
   0.028301963960121215
   -0.015286
   0.01334167375806599
   0.9333    -0.007434    0.359
   0.09975    0.9658    -0.2394
   -0.3449    0.2592    0.9021
 Node:         88
  0.1338E+03  0.1169E+03  0.4538E+03 -0.1080E-01
  -0.005744
  -0.005024
  -0.01952
   0.005049
   0.02103
  -0.01795
   0.002415
   -0.004159
   -0.04096
   0.04049025624764556
   -0.014234666666666668
   0.019087289843127433
   0.02256    0.7008    0.713
   -0.9827    0.1466    -0.113
   -0.1837    -0.6982    0.692
 Node:         89
  0.1270E+03  0.1150E+03  0.4688E+03 -0.1080E-01
  -0.006878
   0.006295
  -0.02034
   0.01938
   0.005574
  -0.02223
   0.008809
   -0.02321
   -0.03496
   0.03923648953461561
   -0.01645366666666667
   0.0184962585465878
   0.8035    0.2721    0.5295
   -0.2816    0.9573    -0.06456
   -0.5245    -0.09725    0.8458
 Node:         90
  0.1248E+03  0.1132E+03  0.4822E+03 -0.1080E-01
  -0.001725
   0.006409
  -0.02203
   0.005665
  -0.003104
  -0.02209
   0.001072
   -0.01915
   -0.02785
   0.025701180595451255
   -0.015309333333333333
   0.01211565272236246
   0.9534    0.2297    0.1955
   -0.01892    0.6924    -0.7213
   -0.3011    0.684    0.6645
 Node:         91
  0.1259E+03  0.1263E+03  0.4552E+03 -0.1080E-01
  -0.003071
   0.01696
  -0.01687
  -0.001609
   0.01683
  -0.02135
   0.01098
   -0.01141
   -0.03989
   0.04415981997245913
   -0.01344
   0.020817138772335323
   -0.7355    -0.6131    -0.2884
   0.593    -0.3767    -0.7116
   0.3276    -0.6944    0.6407
 Node:         92
  0.1209E+03  0.1234E+03  0.4727E+03 -0.1080E-01
  -0.004128
   0.005045
  -0.01861
   0.005724
   0.01226
  -0.02022
   0.002124
   -0.01332
   -0.03176
   0.029382615540485837
   -0.014318666666666665
   0.013851097798449846
   0.7826    0.4452    0.4351
   -0.622    0.5875    0.5177
   -0.02513    -0.6758    0.7367
 Node:         93
  0.1159E+03  0.1217E+03  0.4877E+03 -0.1080E-01
  -6.848E-4
  -0.001286
  -0.02134
   0.004458
   0.003738
  -0.02197
   2.24E-4
   -0.01824
   -0.02601
   0.023340040188482965
   -0.014675333333333332
   0.011002600460295234
   0.9819    -0.02359    0.188
   0.1026    -0.7679    -0.6323
   0.1592    0.6402    -0.7515
 Node:         94
  0.1314E+03  0.1265E+03  0.4543E+03 -0.1080E-01
  -0.003703
   0.01616
  -0.01639
  -0.008981
   0.01562
  -0.01948
   0.007418
   -0.005193
   -0.04084
   0.04335078138857476
   -0.012871666666666668
   0.02043575432639786
   0.8084    0.5824    0.08499
   -0.4262    0.4797    0.7669
   0.4059    -0.6562    0.6361
 Node:         95
  0.1250E+03  0.1236E+03  0.4708E+03 -0.1080E-01
  -0.005868
   0.002919
  -0.01826
   0.003868
   0.007905
  -0.01832
   -0.002754
   -0.01348
   -0.02656
   0.02065017084675088
   -0.014264666666666667
   0.009734583892265532
   0.8604    0.3456    0.3744
   -0.5085    0.63    0.587
   -0.03296    -0.6955    0.7178
 Node:         96
  0.1205E+03  0.1222E+03  0.4852E+03 -0.1080E-01
  -0.001176
  -0.001029
  -0.02134
   0.005336
   0.002399
  -0.02182
   1.306E-4
   -0.01964
   -0.02492
   0.0228723368364494
   -0.0148098
   0.01078212298575749
   0.9735    -0.01921    0.2279
   0.1187    -0.8091    -0.5755
   0.1954    0.5873    -0.7854
 Node:         97
  0.1369E+03  0.1260E+03  0.4532E+03 -0.1080E-01
  -0.005673
   0.01204
  -0.01648
  -0.007448
   0.01619
  -0.01929
   0.002749
   -0.004538
   -0.03911
   0.038733057160518586
   -0.013633
   0.018258938249525902
   -0.7339    -0.6372    -0.2354
   -0.579    0.4056    0.7072
   0.3552    -0.6553    0.6667
 Node:         98
  0.1296E+03  0.1233E+03  0.4687E+03 -0.1080E-01
  -0.005071
   0.00799
  -0.01758
   0.004415
   0.008626
  -0.01979
   0.001792
   -0.01656
   -0.02782
   0.025888743190815577
   -0.014196
   0.012204070577748501
   0.8084    0.4748    0.3479
   -0.5794    0.5373    0.6129
   0.1041    -0.6971    0.7094
 Node:         99
  0.1260E+03  0.1218E+03  0.4827E+03 -0.1080E-01
  -9.209E-4
   0.001808
  -0.02112
   0.003297
  -4.292E-4
  -0.02177
   -2.692E-4
   -0.02101
   -0.02264
   0.02160197186925305
   -0.014639733333333335
   0.01018326719716658
   0.9861    0.07996    0.1454
   -8.279E-4    0.8787    -0.4774
   -0.166    0.4707    0.8665
 Node:        100
  0.1252E+03  0.1376E+03  0.4538E+03  0.0000E+00
   0.02193
  -5.076E-4
   0.001818
  -4.846E-4
   5.07E-4
  -0.00146
   0.02196
   0.001902
   -0.00152
   0.02196979572048862
   0.007447333333333334
   0.010356661023493795
   -0.9994    0.02599    0.02108
   0.02879    0.9889    0.1456
   0.01706    -0.1461    0.9891
 Node:        101
  0.1188E+03  0.1338E+03  0.4719E+03  0.0000E+00
   0.02301
  -5.49E-4
   0.001673
  -0.00538
  -0.003754
  -0.002421
   0.02437
   0.003698
   -0.005396
   0.026420136032957894
   0.007557333333333333
   0.012454571565850385
   -0.9804    -0.01025    0.1967
   0.1005    -0.8848    0.455
   0.1694    0.4658    0.8685
 Node:        102
  0.1139E+03  0.1312E+03  0.4875E+03  0.0000E+00
   0.02224
  -0.001455
  -3.35E-4
  -0.002166
  -0.003471
  -4.289E-4
   0.02265
   0.003082
   -0.004073
   0.023960586157270862
   0.007219666666666667
   0.011295128635340497
   -0.9951    0.04947    0.0858
   0.02411    -0.7193    0.6943
   0.09606    0.693    0.7145
 Node:        103
  0.1326E+03  0.1367E+03  0.4533E+03  0.0000E+00
   0.02233
  -0.002663
   0.002033
  -2.722E-4
  -1.45E-4
  -0.002156
   0.02279
   0.001722
   -0.00212
   0.02322853512385144
   0.007464000000000001
   0.010950036468736837
   -0.9916    0.1289    0.009954
   0.1283    0.9907    -0.04627
   0.01583    0.0446    0.9989
 Node:        104
  0.1251E+03  0.1332E+03  0.4703E+03  0.0000E+00
   0.02326
  -0.002794
   8.348E-4
  -0.006221
  -0.005243
  -0.002323
   0.02519
   0.004654
   -0.007515
   0.028630655615965204
   0.007443000000000001
   0.013496620490577137
   -0.9762    0.06643    0.2066
   0.06284    -0.8246    0.5622
   0.2077    0.5618    0.8008
 Node:        105
  0.1201E+03  0.1317E+03  0.4854E+03  0.0000E+00
   0.02208
  -0.002545
  -4.913E-4
  -0.003224
  -0.003445
  -3.951E-4
   0.02288
   0.002995
   -0.004481
   0.02449416381508052
   0.007131333333333334
   0.011546659555425061
   -0.9884    0.08858    0.1236
   0.02368    -0.7133    0.7005
   0.1502    0.6953    0.7029
 Node:        106
  0.1400E+03  0.1351E+03  0.4529E+03  0.0000E+00
   0.02267
  -0.002514
   3.481E-4
   0.00292
  -0.005901
  -4.742E-4
   0.02367
   0.005025
   -0.005915
   0.025909379093293612
   0.007593333333333333
   0.01221379843546725
   -0.9771    0.1466    -0.1543
   0.2123    0.7222    -0.6583
   -0.01492    0.6759    0.7368
 Node:        107
  0.1323E+03  0.1316E+03  0.4688E+03  0.0000E+00
   0.024
  -0.00706
   1.995E-4
  -0.003412
  -0.01035
  -6.747E-4
   0.02634
   0.009694
   -0.01183
   0.03314604646107888
   0.008067999999999999
   0.015625196148102163
   -0.9674    0.2524    0.02338
   -0.159    -0.6761    0.7195
   0.1974    0.6923    0.6941
 Node:        108
  0.1273E+03  0.1304E+03  0.4831E+03  0.0000E+00
   0.02217
  -0.003733
  -3.226E-4
  -0.003483
  -0.002305
  -1.234E-4
   0.02333
   0.002084
   -0.003519
   0.024532171999233986
   0.007298333333333333
   0.011564576785262064
   -0.9812    0.1414    0.1317
   -0.002506    -0.6907    0.7232
   0.1932    0.7092    0.678
 Node:        109
  0.1018E+03  0.1092E+03  0.4946E+03  0.1544E-04
   3.088E-5
   2.399E-16
   3.088E-5
   9.594E-17
  -2.399E-17
   3.088E-5
   3.088E-5
   3.088E-5
   3.088E-5
   0.0
   3.088E-5
   0.0
   -0.3792    -0.925    -0.02404
   0.4801    -0.2189    0.8494
   0.791    -0.3106    -0.5271
 Node:        110
  0.1058E+03  0.1118E+03  0.5081E+03  0.1544E-04
   3.088E-5
   4.797E-17
   3.088E-5
  -2.399E-17
  -8.995E-17
   3.088E-5
   3.088E-5
   3.088E-5
   3.088E-5
   0.0
   3.088E-5
   0.0
   -0.02837    -0.09131    0.9954
   0.7344    0.6736    0.08272
   0.6781    -0.7334    -0.04795
 Node:        111
  0.1108E+03  0.1137E+03  0.5210E+03  0.1544E-04
   3.088E-5
   9.594E-17
   3.088E-5
  -4.797E-17
   5.637E-16
   3.088E-5
   3.088E-5
   3.088E-5
   3.088E-5
   0.0
   3.088E-5
   0.0
   -0.9393    -0.3168    -0.1319
   -0.3364    0.7738    0.5368
   -0.06798    0.5485    -0.8334
 Node:        112
  0.1072E+03  0.1111E+03  0.4942E+03  0.1544E-04
   3.088E-5
   2.399E-16
   3.088E-5
   2.379E-37
   2.399E-17
   3.088E-5
   3.088E-5
   3.088E-5
   3.088E-5
   0.0
   3.088E-5
   0.0
   -0.3759    -0.9265    -0.01668
   -0.9266    0.3757    0.01402
   0.006718    -0.02073    0.9998
 Node:        113
  0.1071E+03  0.1139E+03  0.5077E+03  0.1544E-04
   3.088E-5
  -3.14E-36
   3.088E-5
   2.878E-16
  -2.638E-16
   3.088E-5
   3.088E-5
   3.088E-5
   3.088E-5
   0.0
   3.088E-5
   0.0
   -0.1654    0.6537    -0.7384
   -0.2298    -0.7537    -0.6157
   0.9591    -0.06781    -0.2749
 Node:        114
  0.1093E+03  0.1164E+03  0.5209E+03  0.1544E-04
   3.088E-5
   1.919E-16
   3.088E-5
  -4.797E-17
   9.594E-17
   3.088E-5
   3.088E-5
   3.088E-5
   3.088E-5
   0.0
   3.088E-5
   0.0
   -0.6573    -0.7285    -0.1932
   0.4204    -0.1416    -0.8962
   -0.6255    0.6703    -0.3993
 Node:        115
  0.1129E+03  0.1120E+03  0.4932E+03  0.1544E-04
   3.088E-5
   2.855E-37
   3.088E-5
  -1.439E-16
  -4.797E-17
   3.088E-5
   3.088E-5
   3.088E-5
   3.088E-5
   0.0
   3.088E-5
   0.0
   -0.6708    -0.2236    0.7071
   -0.3163    0.9487    -2.814E-6
   0.6708    0.2236    0.7071
 Node:        116
  0.1092E+03  0.1143E+03  0.5068E+03  0.1544E-04
   3.088E-5
   8.995E-17
   3.088E-5
   2.878E-16
   3.598E-17
   3.088E-5
   3.088E-5
   3.088E-5
   3.088E-5
   0.0
   3.088E-5
   0.0
   -0.223    -0.9699    -0.09798
   0.8805    -0.2435    0.4068
   -0.4184    0.004432    0.9083
 Node:        117
  0.1089E+03  0.1172E+03  0.5207E+03  0.1544E-04
   3.088E-5
  -1.199E-16
   3.088E-5
  -2.399E-16
  -2.878E-16
   3.088E-5
