 Group name: predicted_strain_L6A4
 #Fields=  16
 1) coordinates, coordinate, rectangular cartesian, #Components=3
   x.  Value index= 1, #Derivatives=0
   y.  Value index= 2, #Derivatives=0
   z.  Value index= 3, #Derivatives=0
 2) Tensor_1, field, rectangular cartesian, #Components=1
   Tensor_1.  Value index= 4, #Derivatives=0
 3) Tensor_2, field, rectangular cartesian, #Components=1
   Tensor_2.  Value index= 5, #Derivatives=0
 4) Tensor_3, field, rectangular cartesian, #Components=1
   Tensor_3.  Value index= 6, #Derivatives=0
 5) Tensor_4, field, rectangular cartesian, #Components=1
   Tensor_4.  Value index= 7, #Derivatives=0
 6) Tensor_5, field, rectangular cartesian, #Components=1
   Tensor_5.  Value index= 8, #Derivatives=0
 7) Tensor_6, field, rectangular cartesian, #Components=1
   Tensor_6.  Value index= 9, #Derivatives=0
 8) Principal_1, field, rectangular cartesian, #Components=1
   Principal_1.  Value index= 10, #Derivatives=0
 9) Principal_2, field, rectangular cartesian, #Components=1
   Principal_2.  Value index= 11, #Derivatives=0
 10) Principal_3, field, rectangular cartesian, #Components=1
   Principal_3.  Value index= 12, #Derivatives=0
 11) VonMises, field, rectangular cartesian, #Components=1
   VonMises.  Value index= 13, #Derivatives=0
 12) Hydrostatic, field, rectangular cartesian, #Components=1
   VonMises.  Value index= 14, #Derivatives=0
 13) Octahedral, field, rectangular cartesian, #Components=1
   VonMises.  Value index= 15, #Derivatives=0
 14) PrincipalVector1, field, rectangular cartesian, #Components=3
   x.  Value index= 16, #Derivatives=0
   y.  Value index= 17, #Derivatives=0
   z.  Value index= 18, #Derivatives=0
 15) PrincipalVector2, field, rectangular cartesian, #Components=3
   x.  Value index= 19, #Derivatives=0
   y.  Value index= 20, #Derivatives=0
   z.  Value index= 21, #Derivatives=0
 16) PrincipalVector3, field, rectangular cartesian, #Components=3
   x.  Value index= 22, #Derivatives=0
   y.  Value index= 23, #Derivatives=0
   z.  Value index= 24, #Derivatives=0
 Node:          1
  0.1287E+03  0.1133E+03  0.4908E+03 -0.1169E-04
  -1.11E-16
  -8.327E-17
  -2.22E-16
  -2.776E-17
  -4.163E-17
  -3.331E-16
  -6.637000000e-17
  -2.400000000e-16
  -3.598000000e-16
  2.555392160e-16
  -2.220566667e-16
  1.204623416e-16
  8.837000000e-01 -4.676000000e-01 -1.897000000e-02
  4.046000000e-01 7.837000000e-01 -4.712000000e-01
  2.352000000e-01 4.088000000e-01 8.818000000e-01
 Node:          2
  0.1292E+03  0.1137E+03  0.5052E+03 -0.1169E-04
  -5.551E-17
  -1.11E-16
  -1.665E-16
  -5.551E-17
   1.943E-16
  -2.776E-16
  8.603000000e-17
  -1.600000000e-16
  -4.256000000e-16
  4.431926093e-16
  -1.665233333e-16
  2.089229996e-16
  -6.554000000e-01 6.199000000e-01 4.313000000e-01
  7.522000000e-01 4.849000000e-01 4.462000000e-01
  -6.744000000e-02 -6.169000000e-01 7.841000000e-01
 Node:          3
  0.1289E+03  0.1155E+03  0.5194E+03 -0.1169E-04
   2.22E-16
   1.388E-16
   3.331E-16
   1.11E-16
   5.551E-17
   2.22E-16
  4.753000000e-16
  2.118000000e-16
  9.006000000e-17
  3.410738448e-16
  2.590533333e-16
  1.607837524e-16
  -5.696000000e-01 -7.144000000e-01 -4.063000000e-01
  2.395000000e-01 -6.172000000e-01 7.494000000e-01
  -7.862000000e-01 3.296000000e-01 5.227000000e-01
 Node:          4
  0.1361E+03  0.1141E+03  0.4915E+03 -0.1169E-04
   0.0
  -2.776E-17
  -1.11E-16
  -2.776E-17
  -8.327E-17
   2.22E-16
  2.435000000e-16
  6.328000000e-18
  -1.388000000e-16
  3.342648530e-16
  3.700933333e-17
  1.575739629e-16
  -8.549000000e-02 -2.215000000e-01 9.714000000e-01
  9.681000000e-01 -2.491000000e-01 2.840000000e-02
  2.357000000e-01 9.428000000e-01 2.357000000e-01
 Node:          5
  0.1341E+03  0.1144E+03  0.5054E+03 -0.1169E-04
   3.331E-16
   1.388E-16
   3.331E-16
   5.551E-17
  -6.939E-17
   4.441E-16
  4.814000000e-16
  4.627000000e-16
  1.662000000e-16
  3.062784517e-16
  3.701000000e-16
  1.443810468e-16
  -3.480000000e-01 -6.443000000e-01 6.810000000e-01
  -6.589000000e-01 -3.487000000e-01 -6.665000000e-01
  6.669000000e-01 -6.807000000e-01 -3.032000000e-01
 Node:          6
  0.1323E+03  0.1162E+03  0.5191E+03 -0.1169E-04
   2.22E-16
   5.551E-17
   2.22E-16
  -5.551E-17
  -2.776E-17
   0.0
  2.897000000e-16
  1.685000000e-16
  -1.402000000e-17
  2.648101478e-16
  1.480600000e-16
  1.248327008e-16
  -7.150000000e-01 -6.696000000e-01 2.012000000e-01
  6.656000000e-01 -7.399000000e-01 -9.741000000e-02
  -2.141000000e-01 -6.426000000e-02 -9.747000000e-01
 Node:          7
  0.1408E+03  0.1171E+03  0.4920E+03 -0.1169E-04
   3.331E-16
   2.22E-16
   2.22E-16
  -8.327E-17
  -1.11E-16
   0.0
  5.398000000e-16
  6.158000000e-17
  -4.631000000e-17
  5.403052621e-16
  1.850233333e-16
  2.547023432e-16
  -7.537000000e-01 -6.111000000e-01 2.419000000e-01
  -6.560000000e-01 6.770000000e-01 -3.335000000e-01
  -4.004000000e-02 4.101000000e-01 9.112000000e-01
 Node:          8
  0.1367E+03  0.1169E+03  0.5055E+03 -0.1169E-04
   2.22E-16
   1.943E-16
   2.22E-16
  -4.025E-16
  -2.359E-16
  -2.22E-16
  6.547000000e-16
  4.477000000e-17
  -4.775000000e-16
  9.814930967e-16
  7.399000000e-17
  4.626802829e-16
  -6.847000000e-01 -5.611000000e-01 4.652000000e-01
  5.685000000e-01 -8.105000000e-01 -1.409000000e-01
  -4.561000000e-01 -1.681000000e-01 -8.739000000e-01
 Node:          9
  0.1339E+03  0.1180E+03  0.5191E+03 -0.1169E-04
   2.22E-16
   1.665E-16
   0.0
  -3.955E-16
  -2.776E-16
   6.661E-16
  1.002000000e-15
  -9.379000000e-18
  -1.046000000e-16
  1.062195387e-15
  2.960070000e-16
  5.007237074e-16
  -4.817000000e-01 -3.073000000e-01 8.207000000e-01
  -8.565000000e-01 -3.292000000e-02 -5.150000000e-01
  -1.853000000e-01 9.510000000e-01 2.474000000e-01
 Node:         10
  0.1294E+03  0.1212E+03  0.4911E+03 -0.1169E-04
   0.0
   2.776E-17
   1.11E-16
  -1.388E-17
   1.249E-16
   1.11E-16
  2.363000000e-16
  2.303000000e-17
  -3.732000000e-17
  2.489920880e-16
  7.400333333e-17
  1.173759959e-16
  4.210000000e-02 7.100000000e-01 7.030000000e-01
  -7.813000000e-01 -4.152000000e-01 4.661000000e-01
  -6.228000000e-01 5.688000000e-01 -5.372000000e-01
 Node:         11
  0.1295E+03  0.1214E+03  0.5055E+03 -0.1169E-04
  -2.22E-16
  -2.776E-17
  -2.22E-16
  -4.163E-17
   1.388E-17
  -1.665E-16
  -1.365000000e-16
  -2.183000000e-16
  -2.558000000e-16
  1.056645163e-16
  -2.035333333e-16
  4.981073066e-17
  -4.935000000e-01 2.929000000e-01 8.189000000e-01
  3.541000000e-01 -7.924000000e-01 4.968000000e-01
  -7.944000000e-01 -5.351000000e-01 -2.873000000e-01
 Node:         12
  0.1295E+03  0.1217E+03  0.5196E+03 -0.1169E-04
   1.11E-16
   0.0
   1.11E-16
   7.633E-17
   2.776E-17
   2.22E-16
  2.649000000e-16
  1.110000000e-16
  6.816000000e-17
  1.792025435e-16
  1.480200000e-16
  8.447688915e-17
  -4.387000000e-01 -1.595000000e-01 -8.844000000e-01
  3.417000000e-01 -9.398000000e-01 -2.255000000e-17
  8.311000000e-01 3.022000000e-01 -4.668000000e-01
 Node:         13
  0.1361E+03  0.1199E+03  0.4914E+03 -0.1169E-04
   1.11E-16
  -1.388E-16
   0.0
  -9.714E-17
   2.776E-17
  -1.665E-16
  2.285000000e-16
  -8.520000000e-17
  -1.988000000e-16
  3.833392362e-16
  -1.850000000e-17
  1.807078489e-16
  8.171000000e-01 -5.252000000e-01 -2.378000000e-01
  4.648000000e-01 8.442000000e-01 -2.671000000e-01
  3.410000000e-01 1.077000000e-01 9.339000000e-01
 Node:         14
  0.1342E+03  0.1198E+03  0.5054E+03 -0.1169E-04
  -5.551E-17
   2.776E-17
   0.0
   5.551E-17
  -9.021E-17
   1.11E-16
  1.672000000e-16
  -4.940000000e-18
  -1.068000000e-16
  2.398787602e-16
  1.848666667e-17
  1.130799320e-16
  1.634000000e-01 -4.472000000e-01 8.794000000e-01
  -6.569000000e-01 -7.144000000e-01 -2.412000000e-01
  -7.361000000e-01 5.382000000e-01 4.105000000e-01
 Node:         15
  0.1330E+03  0.1205E+03  0.5193E+03 -0.1169E-04
   2.22E-16
  -8.327E-17
  -5.551E-17
   1.388E-17
   4.857E-17
   0.0
  2.451000000e-16
  2.471000000e-17
  -1.033000000e-16
  3.052383267e-16
  5.550333333e-17
  1.438907271e-16
  -9.638000000e-01 2.667000000e-01 -1.723000000e-03
  1.157000000e-01 4.239000000e-01 8.983000000e-01
  2.403000000e-01 8.656000000e-01 -4.394000000e-01
 Node:         16
  0.1404E+03  0.1188E+03  0.4918E+03 -0.1169E-04
   2.22E-16
   5.551E-17
   2.22E-16
  -8.327E-17
  -1.457E-16
   4.441E-16
  5.466000000e-16
  1.950000000e-16
  1.465000000e-16
  3.781896482e-16
  2.960333333e-16
  1.782803099e-16
  -2.927000000e-01 -4.328000000e-01 8.526000000e-01
  -9.222000000e-01 -1.077000000e-01 -3.713000000e-01
  -2.526000000e-01 8.950000000e-01 3.676000000e-01
 Node:         17
  0.1365E+03  0.1184E+03  0.5055E+03 -0.1169E-04
  -1.11E-16
   2.776E-17
  -1.11E-16
   9.714E-17
   1.7E-16
   0.0
  1.573000000e-16
  -1.341000000e-16
  -2.452000000e-16
  3.600440390e-16
  -7.400000000e-17
  1.697263877e-16
  3.368000000e-01 5.285000000e-01 7.792000000e-01
  8.927000000e-01 -4.425000000e-01 -8.566000000e-02
  -2.996000000e-01 -7.244000000e-01 6.209000000e-01
 Node:         18
  0.1341E+03  0.1191E+03  0.5192E+03 -0.1169E-04
   0.0
   0.0
   0.0
   2.645E-17
   1.065E-16
   4.441E-16
  4.697000000e-16
  -1.672000000e-33
  -2.562000000e-17
  4.830198634e-16
  1.480266667e-16
  2.276977472e-16
  -5.484000000e-02 -2.207000000e-01 -9.738000000e-01
  9.705000000e-01 -2.411000000e-01 -6.210000000e-17
  -2.348000000e-01 -9.451000000e-01 2.274000000e-01
 Node:         19
  0.1301E+03  0.1291E+03  0.4914E+03  0.0000E+00
   1.11E-16
   0.0
   1.11E-16
   2.101E-19
   1.001E-17
  -2.22E-16
  1.113000000e-16
  1.110000000e-16
  -2.223000000e-16
  3.334501012e-16
  0.000000000e+00
  1.571898852e-16
  -2.096000000e-02 -9.993000000e-01 -3.003000000e-02
  9.998000000e-01 -2.097000000e-02 1.345000000e-19
  6.298000000e-04 3.003000000e-02 -9.995000000e-01
 Node:         20
  0.1299E+03  0.1291E+03  0.5058E+03  0.0000E+00
   2.22E-16
   0.0
   0.0
   1.041E-17
   1.924E-17
  -5.551E-17
  2.224000000e-16
  5.975000000e-18
  -6.188000000e-17
  2.571567616e-16
  5.549833333e-17
  1.212248600e-16
  -9.993000000e-01 -3.257000000e-03 -3.765000000e-02
  1.428000000e-02 -9.549000000e-01 -2.965000000e-01
  -3.498000000e-02 -2.968000000e-01 9.543000000e-01
 Node:         21
  0.1301E+03  0.1280E+03  0.5197E+03  0.0000E+00
   1.11E-16
   0.0
   0.0
   4.163E-17
   1.475E-17
   1.11E-16
  1.534000000e-16
  7.089000000e-17
  -2.220000000e-18
  1.348528023e-16
  7.402333333e-17
  6.357022067e-17
  -6.994000000e-01 -6.840000000e-02 -7.114000000e-01
  -7.126000000e-01 1.429000000e-01 6.869000000e-01
  -5.465000000e-02 -9.874000000e-01 1.487000000e-01
 Node:         22
  0.1360E+03  0.1256E+03  0.4913E+03  0.0000E+00
  -2.22E-16
   1.388E-17
  -1.11E-16
  -1.388E-17
   1.006E-16
   1.11E-16
  1.500000000e-16
  -1.456000000e-16
  -2.264000000e-16
  3.432090908e-16
  -7.400000000e-17
  1.617903170e-16
  -2.144000000e-02 3.586000000e-01 9.332000000e-01
  2.280000000e-01 9.106000000e-01 -3.447000000e-01
  -9.734000000e-01 2.054000000e-01 -1.013000000e-01
 Node:         23
  0.1343E+03  0.1253E+03  0.5054E+03  0.0000E+00
   0.0
   2.082E-17
  -4.441E-16
   0.0
   1.314E-16
  -1.665E-16
  1.265000000e-18
  -1.147000000e-16
  -4.972000000e-16
  4.517861704e-16
  -2.035450000e-16
  2.129740431e-16
  9.970000000e-01 6.061000000e-02 4.746000000e-02
  6.644000000e-02 -3.661000000e-01 -9.282000000e-01
  3.888000000e-02 -9.286000000e-01 3.690000000e-01
 Node:         24
  0.1336E+03  0.1248E+03  0.5194E+03  0.0000E+00
  -2.22E-16
   1.214E-17
   0.0
   1.388E-17
   8.674E-19
  -1.665E-16
  6.779000000e-19
  -1.633000000e-16
  -2.259000000e-16
  2.026635839e-16
  -1.295073667e-16
  9.553652964e-17
  -5.504000000e-02 -9.984000000e-01 -9.747000000e-03
  2.257000000e-01 -2.195000000e-02 9.740000000e-01
  -9.726000000e-01 5.141000000e-02 2.265000000e-01
 Node:         25
  0.1400E+03  0.1206E+03  0.4917E+03  0.0000E+00
   0.0
   2.671E-16
  -1.11E-16
  -8.327E-17
  -1.301E-16
   2.22E-16
  3.681000000e-16
  7.580000000e-17
  -3.329000000e-16
  6.098671905e-16
  3.700000000e-17
  2.874941507e-16
  5.089000000e-01 4.781000000e-01 -7.159000000e-01
  6.086000000e-01 3.883000000e-01 6.920000000e-01
  6.088000000e-01 -7.878000000e-01 -9.334000000e-02
 Node:         26
  0.1363E+03  0.1200E+03  0.5055E+03  0.0000E+00
   2.22E-16
   1.076E-16
  -6.106E-16
   2.776E-17
  -1.124E-15
  -5.551E-17
  8.281000000e-16
  2.248000000e-16
  -1.497000000e-15
  2.089815320e-15
  -1.480333333e-16
  9.851483893e-16
  7.371000000e-02 6.174000000e-01 -7.832000000e-01
  9.955000000e-01 1.018000000e-03 9.449000000e-02
  -5.914000000e-02 7.866000000e-01 6.146000000e-01
 Node:         27
  0.1343E+03  0.1203E+03  0.5192E+03  0.0000E+00
   2.22E-16
  -1.943E-16
   2.22E-16
  -1.041E-16
   1.313E-15
   0.0
  1.466000000e-15
  1.875000000e-16
  -1.209000000e-15
  2.317369144e-15
  1.481666667e-16
  1.092418291e-15
  -1.693000000e-01 7.280000000e-01 6.643000000e-01
  9.848000000e-01 9.849000000e-02 1.431000000e-01
  3.876000000e-02 6.785000000e-01 -7.336000000e-01
 Node:         28
  0.1155E+03  0.1124E+03  0.4931E+03 -0.6907E-04
  -2.22E-16
   3.816E-17
   2.22E-16
  -5.551E-17
   5.551E-17
   1.11E-16
  2.455000000e-16
  1.014000000e-16
  -2.359000000e-16
  4.279497985e-16
  3.700000000e-17
  2.017374697e-16
  3.184000000e-02 9.284000000e-01 3.701000000e-01
  1.988000000e-01 3.571000000e-01 -9.127000000e-01
  9.795000000e-01 -1.026000000e-01 1.732000000e-01
 Node:         29
  0.1119E+03  0.1139E+03  0.5068E+03 -0.6907E-04
  -2.22E-16
  -2.082E-17
   0.0
   5.551E-17
   6.939E-18
  -3.331E-16
  1.944000000e-18
  -2.004000000e-16
  -3.566000000e-16
  3.113642034e-16
  -1.850186667e-16
  1.467784931e-16
  -9.118000000e-02 9.958000000e-01 5.517000000e-03
  -9.179000000e-01 -8.189000000e-02 -3.884000000e-01
  -3.863000000e-01 -4.048000000e-02 9.215000000e-01
 Node:         30
  0.1113E+03  0.1159E+03  0.5206E+03 -0.6907E-04
   2.22E-16
   1.249E-16
   2.22E-16
   0.0
  -2.776E-17
   1.11E-16
  3.486000000e-16
  1.238000000e-16
  8.277000000e-17
  2.478750591e-16
  1.850566667e-16
  1.168494234e-16
  -7.001000000e-01 -7.092000000e-01 8.287000000e-02
  -4.685000000e-01 3.686000000e-01 -8.029000000e-01
  -5.389000000e-01 6.009000000e-01 5.903000000e-01
 Node:         31
  0.1203E+03  0.1126E+03  0.4920E+03 -0.6907E-04
  -5.551E-17
   9.714E-17
  -1.11E-16
   2.776E-17
   4.163E-17
  -5.551E-17
  4.114000000e-17
  -7.661000000e-17
  -1.866000000e-16
  1.972667866e-16
  -7.402333333e-17
  9.299245501e-17
  -6.956000000e-01 -5.654000000e-01 -4.433000000e-01
  4.358000000e-01 1.585000000e-01 -8.860000000e-01
  5.712000000e-01 -8.095000000e-01 1.362000000e-01
 Node:         32
  0.1188E+03  0.1134E+03  0.5062E+03 -0.6907E-04
   2.22E-16
  -1.388E-17
  -1.11E-16
  -2.776E-17
   9.714E-17
  -5.551E-17
  2.266000000e-16
  1.331000000e-17
  -1.844000000e-16
  3.560216764e-16
  1.850333333e-17
  1.678302278e-16
  -9.894000000e-01 7.624000000e-02 1.236000000e-01
  1.445000000e-01 5.992000000e-01 7.875000000e-01
  1.402000000e-02 -7.970000000e-01 6.038000000e-01
 Node:         33
  0.1183E+03  0.1150E+03  0.5201E+03 -0.6907E-04
   1.11E-16
   5.551E-17
   0.0
   8.327E-17
   0.0
   0.0
  1.700000000e-16
  0.000000000e+00
  -5.893000000e-17
  2.058903711e-16
  3.702333333e-17
  9.705765171e-17
  -8.617000000e-01 -2.815000000e-01 -4.222000000e-01
  0.000000000e+00 -8.321000000e-01 5.547000000e-01
  -5.074000000e-01 4.780000000e-01 7.170000000e-01
 Node:         34
  0.1255E+03  0.1129E+03  0.4909E+03 -0.6907E-04
   0.0
   0.0
   0.0
   5.551E-17
   9.714E-17
   0.0
  1.119000000e-16
  3.387000000e-33
  -1.119000000e-16
  1.938164854e-16
  0.000000000e+00
  9.136596741e-17
  -3.508000000e-01 -6.139000000e-01 -7.071000000e-01
  8.682000000e-01 -4.961000000e-01 -4.855000000e-17
  -3.508000000e-01 -6.139000000e-01 7.071000000e-01
 Node:         35
  0.1260E+03  0.1135E+03  0.5054E+03 -0.6907E-04
   0.0
   1.11E-16
  -1.11E-16
   1.11E-16
   2.498E-16
  -1.11E-16
  2.410000000e-16
  -1.023000000e-16
  -3.608000000e-16
  5.228959648e-16
  -7.403333333e-17
  2.464955217e-16
  5.458000000e-01 5.925000000e-01 5.925000000e-01
  8.379000000e-01 -3.859000000e-01 -3.859000000e-01
  -4.975000000e-17 -7.071000000e-01 7.071000000e-01
 Node:         36
  0.1257E+03  0.1153E+03  0.5196E+03 -0.6907E-04
   0.0
  -5.551E-17
   0.0
  -5.551E-17
   8.327E-17
   0.0
  1.305000000e-16
  -4.723000000e-17
  -8.327000000e-17
  1.982226619e-16
  0.000000000e+00
  9.344305895e-17
  -5.155000000e-01 6.059000000e-01 6.059000000e-01
  8.569000000e-01 3.645000000e-01 3.645000000e-01
  -1.256000000e-16 7.071000000e-01 -7.071000000e-01
 Node:         37
  0.1132E+03  0.1210E+03  0.4959E+03 -0.6907E-04
  -2.22E-16
   1.388E-16
  -2.22E-16
  -8.327E-17
   1.804E-16
  -2.776E-16
  -4.482000000e-17
  -1.622000000e-16
  -5.146000000e-16
  4.234720019e-16
  -2.405400000e-16
  1.996266161e-16
  3.971000000e-01 7.887000000e-01 4.693000000e-01
  -7.874000000e-01 3.010000000e-02 6.157000000e-01
  4.715000000e-01 -6.140000000e-01 6.330000000e-01
 Node:         38
  0.1111E+03  0.1204E+03  0.5085E+03 -0.6907E-04
  -1.665E-16
   9.714E-17
   0.0
  -2.776E-17
  -8.327E-17
  -2.22E-16
  7.071000000e-17
  -2.091000000e-16
  -2.502000000e-16
  3.024616291e-16
  -1.295300000e-16
  1.425817793e-16
  -3.916000000e-01 -8.746000000e-01 2.859000000e-01
  9.154000000e-01 -3.389000000e-01 2.170000000e-01
  9.287000000e-02 -3.467000000e-01 -9.334000000e-01
 Node:         39
  0.1119E+03  0.1201E+03  0.5207E+03 -0.6907E-04
  -5.551E-17
  -9.714E-17
  -3.331E-16
  -8.327E-17
  -7.633E-17
  -1.11E-16
  8.934000000e-18
  -1.105000000e-16
  -3.981000000e-16
  3.623913061e-16
  -1.665553333e-16
  1.708329000e-16
  8.510000000e-01 -1.281000000e-01 -5.092000000e-01
  4.076000000e-01 -4.503000000e-01 7.944000000e-01
  -3.311000000e-01 -8.836000000e-01 -3.310000000e-01
 Node:         40
  0.1191E+03  0.1220E+03  0.4937E+03 -0.6907E-04
   0.0
   8.327E-17
  -2.22E-16
   8.327E-17
  -1.388E-17
  -2.22E-16
  4.872000000e-17
  -2.082000000e-16
  -2.846000000e-16
  3.024459198e-16
  -1.480266667e-16
  1.425743739e-16
  -9.240000000e-01 -2.703000000e-01 -2.703000000e-01
  0.000000000e+00 -7.071000000e-01 7.071000000e-01
  3.823000000e-01 -6.534000000e-01 -6.534000000e-01
 Node:         41
  0.1182E+03  0.1217E+03  0.5073E+03 -0.6907E-04
   0.0
  -2.776E-17
  -5.551E-17
   5.551E-17
   9.714E-17
   1.11E-16
  1.653000000e-16
  1.073000000e-17
  -1.206000000e-16
  2.478691830e-16
  1.847666667e-17
  1.168466534e-16
  2.406000000e-01 3.653000000e-01 8.993000000e-01
  -8.901000000e-01 4.526000000e-01 5.428000000e-02
  -3.871000000e-01 -8.135000000e-01 4.340000000e-01
 Node:         42
  0.1187E+03  0.1212E+03  0.5204E+03 -0.6907E-04
   0.0
  -5.551E-17
  -1.11E-16
   0.0
   5.551E-17
   1.11E-16
  1.256000000e-16
  1.887000000e-17
  -1.444000000e-16
  2.355296009e-16
  2.333333333e-20
  1.110297186e-16
  1.113000000e-01 -2.517000000e-01 -9.614000000e-01
  9.295000000e-01 -3.159000000e-01 1.903000000e-01
  -3.516000000e-01 -9.148000000e-01 1.988000000e-01
 Node:         43
  0.1258E+03  0.1217E+03  0.4915E+03 -0.6907E-04
   2.22E-16
   1.11E-16
   1.11E-16
  -1.388E-17
   0.0
  -5.551E-17
  2.911000000e-16
  4.294000000e-17
  -5.645000000e-17
  3.100425456e-16
  9.253000000e-17
  1.461554576e-16
  -8.507000000e-01 -5.246000000e-01 3.406000000e-02
  -5.213000000e-01 8.502000000e-01 7.348000000e-02
  6.751000000e-02 -4.475000000e-02 9.967000000e-01
 Node:         44
  0.1259E+03  0.1220E+03  0.5059E+03 -0.6907E-04
  -2.22E-16
   1.388E-16
  -2.22E-16
   9.714E-17
   1.11E-16
  -1.11E-16
  5.081000000e-17
  -2.445000000e-16
  -3.614000000e-16
  3.679610647e-16
  -1.850300000e-16
  1.734585094e-16
  -5.113000000e-01 -5.340000000e-01 -6.733000000e-01
  -5.198000000e-01 -4.318000000e-01 7.372000000e-01
  -6.844000000e-01 7.269000000e-01 -5.679000000e-02
 Node:         45
  0.1261E+03  0.1221E+03  0.5198E+03 -0.6907E-04
  -5.551E-17
  -8.327E-17
  -2.776E-16
   2.776E-17
  -6.939E-18
   1.11E-16
  1.167000000e-16
  -3.339000000e-17
  -3.053000000e-16
  3.705037491e-16
  -7.399666667e-17
  1.746571423e-16
  1.854000000e-01 -5.643000000e-02 9.810000000e-01
  9.302000000e-01 -3.117000000e-01 -1.938000000e-01
  -3.167000000e-01 -9.485000000e-01 5.308000000e-03
 Node:         46
  0.1117E+03  0.1296E+03  0.4959E+03  0.0000E+00
  -5.551E-17
   2.776E-17
  -1.665E-16
   6.939E-18
  -2.602E-17
   0.0
  4.101000000e-18
  -4.897000000e-17
  -1.772000000e-16
  1.614458370e-16
  -7.402300000e-17
  7.610629740e-17
  4.856000000e-02 -1.429000000e-01 9.886000000e-01
  9.724000000e-01 2.327000000e-01 -1.414000000e-02
  -2.280000000e-01 9.620000000e-01 1.502000000e-01
 Node:         47
  0.1107E+03  0.1269E+03  0.5087E+03  0.0000E+00
  -1.665E-16
  -3.123E-17
   1.11E-16
  -2.776E-17
   3.99E-17
   0.0
  1.289000000e-16
  -1.114000000e-17
  -1.732000000e-16
  2.618578385e-16
  -1.848000000e-17
  1.234409689e-16
  -1.292000000e-01 9.390000000e-01 3.186000000e-01
  -1.008000000e-01 -3.321000000e-01 9.379000000e-01
  -9.865000000e-01 -8.906000000e-02 -1.376000000e-01
 Node:         48
  0.1125E+03  0.1242E+03  0.5208E+03  0.0000E+00
   1.11E-16
   3.469E-18
   1.11E-16
   0.0
  -1.735E-18
   1.11E-16
  1.149000000e-16
  1.110000000e-16
  1.071000000e-16
  6.754998150e-18
  1.110000000e-16
  3.184336666e-18
  -6.325000000e-01 -7.071000000e-01 3.162000000e-01
  4.472000000e-01 -4.455000000e-15 8.944000000e-01
  -6.325000000e-01 7.071000000e-01 3.162000000e-01
 Node:         49
  0.1186E+03  0.1311E+03  0.4938E+03  0.0000E+00
  -1.665E-16
  -2.082E-17
   0.0
  -4.163E-17
  -6.072E-18
  -5.551E-17
  2.581000000e-18
  -4.165000000e-17
  -1.830000000e-16
  1.678935845e-16
  -7.402300000e-17
  7.914579474e-17
  1.174000000e-01 -9.929000000e-01 1.965000000e-02
  -3.135000000e-01 -1.827000000e-02 9.494000000e-01
  -9.423000000e-01 -1.176000000e-01 -3.134000000e-01
 Node:         50
  0.1180E+03  0.1298E+03  0.5075E+03  0.0000E+00
   0.0
  -1.301E-17
   3.331E-16
  -4.163E-17
   1.247E-17
   2.22E-16
  3.354000000e-16
  2.276000000e-16
  -7.879000000e-18
  3.040655121e-16
  1.850403333e-16
  1.433378570e-16
  5.441000000e-02 -9.902000000e-01 -1.289000000e-01
  -1.707000000e-01 -1.364000000e-01 9.758000000e-01
  9.838000000e-01 3.109000000e-02 1.765000000e-01
 Node:         51
  0.1192E+03  0.1275E+03  0.5206E+03  0.0000E+00
   0.0
  -3.469E-18
  -5.551E-17
   0.0
   1.475E-17
   1.11E-16
  1.123000000e-16
  2.087000000e-19
  -5.702000000e-17
  1.491791642e-16
  1.849623333e-17
  7.032373239e-17
  -2.705000000e-03 8.758000000e-02 9.962000000e-01
  9.982000000e-01 -6.004000000e-02 7.989000000e-03
  -6.051000000e-02 -9.943000000e-01 8.725000000e-02
 Node:         52
  0.1262E+03  0.1305E+03  0.4920E+03  0.0000E+00
   1.11E-16
  -1.388E-17
   1.11E-16
   1.301E-18
   4.906E-18
   0.0
  1.250000000e-16
  9.734000000e-17
  -2.497000000e-19
  1.139655924e-16
  7.403010000e-17
  5.372389547e-17
  -7.047000000e-01 7.092000000e-01 2.051000000e-02
  7.093000000e-01 7.034000000e-01 4.493000000e-02
  -1.744000000e-02 -4.621000000e-02 9.988000000e-01
 Node:         53
  0.1258E+03  0.1304E+03  0.5063E+03  0.0000E+00
  -1.665E-16
  -1.735E-18
  -1.11E-16
   2.776E-17
   3.383E-17
  -2.22E-16
  -1.010000000e-16
  -1.572000000e-16
  -2.414000000e-16
  1.223933005e-16
  -1.665333333e-16
  5.769675516e-17
  9.684000000e-02 9.526000000e-01 2.883000000e-01
  -9.346000000e-01 1.866000000e-01 -3.027000000e-01
  -3.422000000e-01 -2.402000000e-01 9.084000000e-01
 Node:         54
  0.1265E+03  0.1288E+03  0.5200E+03  0.0000E+00
  -2.22E-16
   2.082E-17
   1.11E-16
   0.0
  -4.337E-18
   1.11E-16
  1.160000000e-16
  1.073000000e-16
  -2.233000000e-16
  3.350347295e-16
  0.000000000e+00
  1.579368861e-16
  -4.656000000e-02 -7.562000000e-01 6.527000000e-01
  -4.117000000e-02 -6.514000000e-01 -7.576000000e-01
  -9.981000000e-01 6.215000000e-02 8.061000000e-04
 Node:         55
  0.1382E+03  0.1168E+03  0.4529E+03  0.1141E-01
  -0.03486
  -0.0201
   0.04841
  -0.002514
   0.03093
  -0.009004
  7.892872629e-02
  7.224408401e-03
  -7.056279404e-02
  1.305520976e-01
  5.196780217e-03
  6.154284900e-02
  3.048998645e-01 -7.430078591e-01 -3.592346883e-01
  4.177828726e-01 -3.086612466e-03 7.854132791e-01
  -4.849878986e-01 -2.319916531e-01 4.806554201e-01
 Node:         56
  0.1314E+03  0.1156E+03  0.4686E+03  0.1141E-01
  -0.0281
  -0.01124
   0.0272
   0.002437
   0.009697
  -0.01559
  4.567429268e-02
  -2.617036043e-03
  -5.955647696e-02
  9.282317232e-02
  -5.499740108e-03
  4.375726307e-02
  -2.235997263e-01 5.208761518e-01 1.056446070e-01
  1.849143631e-01 4.360262927e-01 -4.092074255e-01
  -3.457554472e-01 -1.398480217e-01 5.533487805e-01
 Node:         57
  0.1285E+03  0.1140E+03  0.4823E+03  0.1141E-01
  -0.00464
   5.252E-4
   0.002183
   0.001279
  -7.432E-4
  -0.001937
  7.960367751e-03
  -8.278148266e-04
  -1.391029268e-02
  2.042436582e-02
  -2.259246586e-03
  9.628138383e-03
  -4.748409214e-01 -7.090000000e-02 3.115860434e-01
  5.119639566e-01 5.108170732e-01 3.225975230e-01
  -2.747514905e-01 7.819959350e-02 6.100848238e-01
 Node:         58
  0.1481E+03  0.1180E+03  0.4526E+03  0.1141E-01
  -0.03842
  -0.03481
   0.0885
  -0.006316
   0.02223
  -0.05986
  1.167315827e-01
  -1.625893198e-02
  -9.803418157e-02
  1.925242068e-01
  8.128230352e-04
  9.075678144e-02
  1.623978320e-01 1.461422764e-01 2.463539295e-02
  3.660813984e-01 2.572766938e-01 4.838373442e-01
  2.349767154e-01 -3.068070461e-02 6.122528184e-01
 Node:         59
  0.1417E+03  0.1168E+03  0.4689E+03  0.1141E-01
  -0.0132
  -0.03756
   0.065
  -0.01566
   0.02263
  -0.02737
  1.046718509e-01
  -1.555262765e-02
  -6.572971274e-02
  1.521732086e-01
  7.796503519e-03
  7.173513849e-02
  -2.753810298e-01 -7.742276423e-03 1.204365312e-01
  2.888207588e-01 3.043908569e-01 5.019917453e-01
  4.721829268e-01 -5.370439024e-02 4.977053550e-01
 Node:         60
  0.1375E+03  0.1150E+03  0.4832E+03  0.1141E-01
   0.004819
  -0.01173
   0.01387
  -0.006214
   0.005694
   8.272E-4
  2.822325474e-02
  -1.482144705e-03
  -9.945511382e-03
  3.507103148e-02
  5.598532885e-03
  1.653264279e-02
  -4.428761518e-01 5.025579946e-01 2.467467534e-01
  3.946476965e-01 3.933158808e-01 6.363561734e-01
  5.467094851e-01 6.486324932e-02 1.187046612e-01
 Node:         61
  0.1551E+03  0.1226E+03  0.4521E+03  0.1141E-01
   0.006022
  -0.029
   0.0412
  -0.01326
   0.01237
  -0.08773
  8.937334688e-02
  -2.814107236e-02
  -1.019331165e-01
  1.682184377e-01
  -1.356694734e-02
  7.929893203e-02
  -3.337918699e-01 3.132273713e-01 -2.030872629e-02
  5.990384824e-01 5.966631436e-01 -2.188275068e-01
  6.785060163e-02 1.272539051e-01 8.952054201e-01
 Node:         62
  0.1491E+03  0.1205E+03  0.4691E+03  0.1141E-01
   0.04608
  -0.06209
   0.06013
  -0.02748
   0.02284
  -0.03394
  1.361491924e-01
  -1.293881680e-02
  -6.015767751e-02
  1.778339706e-01
  2.101756603e-02
  8.383173771e-02
  -5.136509485e-01 3.207460705e-01 2.299878862e-01
  4.148775068e-01 2.890853659e-01 -1.850565388e-02
  -1.667642276e-02 9.213482385e-02 -5.062463957e-01
 Node:         63
  0.1436E+03  0.1181E+03  0.4838E+03  0.1141E-01
   0.01705
  -0.0248
   0.02758
  -0.007414
   0.01056
  -3.366E-4
  5.226810027e-02
  -1.405594092e-03
  -8.826324119e-03
  5.780765612e-02
  1.401206069e-02
  2.725079043e-02
  -3.634826558e-01 4.510856369e-01 3.182542981e-01
  2.035501355e-01 3.291439566e-01 -2.599227100e-01
  -3.285255827e-01 -3.344492683e-01 9.965485095e-01
 Node:         64
  0.1412E+03  0.1253E+03  0.4517E+03  0.1141E-01
  -0.05599
  -0.005453
   0.07262
  -0.01077
   0.009021
  -0.0312
  7.863797019e-02
  -2.627433848e-02
  -6.672811111e-02
  1.311037463e-01
  -4.788159801e-03
  6.180289869e-02
  -2.494216802e-02 3.574273713e-01 3.624306775e-02
  -8.346883469e-05 7.536612466e-03 1.447056911e-01
  7.309430894e-01 2.111483469e-02 2.656877507e-01
 Node:         65
  0.1340E+03  0.1229E+03  0.4680E+03  0.1141E-01
  -0.02043
  -0.0211
   0.05573
  -0.009846
   0.006083
  -0.0201
  6.909412195e-02
  -1.435835718e-02
  -4.009583469e-02
  9.906283148e-02
  4.879976694e-03
  4.669866660e-02
  2.977899729e-01 -2.703566396e-01 -5.039728997e-02
  -3.910452033e-01 -2.720323035e-01 4.996422764e-01
  2.803723577e-01 -6.185420054e-02 -9.641100271e-02
 Node:         66
  0.1299E+03  0.1214E+03  0.4825E+03  0.1141E-01
   0.0047
  -0.007588
   0.01172
  -0.001245
   0.001049
  -0.001783
  1.798341789e-02
  -8.612131978e-04
  -3.015746883e-03
  2.001844044e-02
  4.702152602e-03
  9.436783321e-03
  -5.635350949e-01 1.167540379e+00 2.777745257e-02
  5.551728997e-01 4.934487805e-01 -2.539000000e-01
  4.578021680e-02 6.158311653e-02 5.664574526e-01
 Node:         67
  0.1498E+03  0.1247E+03  0.4517E+03  0.1141E-01
  -0.04583
  -0.02379
   0.06708
  -0.01001
   0.008014
  -0.05453
  7.708860163e-02
  -1.874754255e-02
  -8.371489160e-02
  1.415551688e-01
  -8.457944173e-03
  6.672974650e-02
  4.461111111e-02 -3.106078591e-01 -9.294501355e-02
  3.972235772e-01 4.890216802e-02 4.001100271e-01
  -6.571749458e-02 -1.122634417e-02 1.192254743e-01
 Node:         68
  0.1431E+03  0.1225E+03  0.4685E+03  0.1141E-01
   0.006727
  -0.04789
   0.06413
  -0.023
   0.01467
  -0.03178
  1.030153171e-01
  -5.298524119e-03
  -5.600668293e-02
  1.414504267e-01
  1.390337001e-02
  6.668037060e-02
  -3.985365854e-01 6.224365854e-01 1.424303523e-01
  1.304284650e-01 1.732845528e-01 3.414463415e-01
  7.561308943e-01 2.055853014e-01 6.897791870e-01
 Node:         69
  0.1380E+03  0.1205E+03  0.4830E+03  0.1141E-01
   0.01479
  -0.01711
   0.01761
  -0.008107
   0.006259
  -5.185E-4
  3.770308672e-02
  -3.870471274e-04
  -5.432688618e-03
  4.085202718e-02
  1.062778366e-02
  1.925783029e-02
  -7.063048780e-01 6.498696477e-01 2.899571192e-01
  2.470021816e-01 3.496208672e-01 1.641164770e-01
  3.851555556e-01 1.407346829e-01 5.469190786e-01
 Node:         70
  0.1553E+03  0.1247E+03  0.4519E+03  0.1141E-01
  -0.0286
  -0.02943
   0.02348
  -0.02851
   0.02081
  -0.04113
  6.520028726e-02
  -1.100530774e-02
  -9.426189431e-02
  1.392237267e-01
  -1.335563826e-02
  6.563069419e-02
  6.725663957e-02 -1.063075881e-01 -8.139184282e-02
  -7.995688347e-02 -3.313376694e-01 3.361061518e-01
  -1.790047696e-01 -9.878834688e-02 3.121655827e-01
 Node:         71
  0.1493E+03  0.1224E+03  0.4690E+03  0.1141E-01
   0.04159
  -0.05357
   0.04637
  -0.05377
   0.03148
  -0.01554
  1.330098726e-01
  7.080983740e-04
  -6.077914634e-02
  1.723982157e-01
  2.431294155e-02
  8.126929824e-02
  -5.532257453e-01 3.403395664e-01 2.342972900e-01
  7.086051491e-02 2.995149051e-02 1.501583740e-01
  3.630577236e-01 3.463436314e-02 6.143964770e-01
 Node:         72
  0.1435E+03  0.1199E+03  0.4837E+03  0.1141E-01
   0.0278
  -0.02192
   0.01529
  -0.01758
   0.00996
   0.003419
  5.420665854e-02
  3.342601626e-06
  -7.890376694e-03
  5.854879704e-02
  1.543987481e-02
  2.760016761e-02
  -7.793119241e-01 4.928666667e-01 3.938219512e-01
  9.501426407e-02 1.219647696e-01 3.074638238e-01
  4.651934959e-01 1.574337182e-01 6.797313821e-01
 Node:         73
  0.1443E+03  0.1339E+03  0.4509E+03  0.0000E+00
   0.04128
  -0.006745
  -0.0516
  -0.001624
   8.934E-4
   0.03133
  5.023128726e-02
  2.633329967e-02
  -5.627149593e-02
  9.862464498e-02
  6.764363668e-03
  4.649210351e-02
  -2.234243902e-01 -3.081805149e-02 4.784089973e-01
  6.890848509e-01 -1.523794309e-01 -1.366615176e-01
  -5.596011382e-02 -1.659967480e-01 -7.149688618e-02
 Node:         74
  0.1366E+03  0.1304E+03  0.4676E+03  0.0000E+00
   0.08092
   0.009228
  -0.01843
   0.005383
   6.122E-4
   0.03128
  8.560241192e-02
  3.245581572e-02
  -2.510502981e-02
  9.692732714e-02
  3.098439928e-02
  4.569198020e-02
  -1.334773984e+00 -5.062791328e-02 -1.908371274e-01
  -8.435327913e-02 1.002258537e-01 5.227815718e-01
  -3.875911111e-02 1.122257453e+00 -2.171837398e-02
 Node:         75
  0.1313E+03  0.1288E+03  0.4826E+03  0.0000E+00
   0.03253
   0.003678
  -9.633E-4
  -2.771E-4
  -2.913E-4
   0.002863
  3.430246070e-02
  2.942109756e-03
  -2.957548238e-03
  3.473381125e-02
  1.142900741e-02
  1.637367565e-02
  -9.894826558e-01 -1.657379946e-01 -3.622366938e-02
  -3.576796748e-02 -1.698121951e-02 9.920663957e-01
  -1.752227100e-01 5.351718157e-01 -8.773341463e-02
 Node:         76
  0.1514E+03  0.1313E+03  0.4511E+03  0.0000E+00
   0.03703
  -0.01244
  -0.06308
  -0.00729
   0.01231
   0.04174
  6.150548238e-02
  2.265944840e-02
  -7.139799187e-02
  1.205439988e-01
  4.255646305e-03
  5.682498598e-02
  -5.300802439e-01 4.588842818e-02 1.690804878e-01
  7.268861789e-02 -8.170108401e-03 4.477418970e-01
  -9.736585366e-02 -9.123195122e-01 5.003869919e-02
 Node:         77
  0.1445E+03  0.1283E+03  0.4681E+03  0.0000E+00
   0.1058
   0.01345
  -0.02548
   0.002259
   0.01072
   0.02639
  1.110415583e-01
  2.764910027e-02
  -3.337266125e-02
  1.273890719e-01
  3.510599910e-02
  6.005178441e-02
  -9.910674797e-01 -1.516651382e-01 -8.368905420e-02
  -1.071080217e-01 1.762900271e-01 9.865168022e-01
  -1.168190081e-01 1.025758537e+00 -1.837059621e-01
 Node:         78
  0.1384E+03  0.1261E+03  0.4829E+03  0.0000E+00
   0.0441
   0.009293
  -3.253E-4
   8.603E-4
   9.459E-4
   0.002058
  4.796208943e-02
  1.859633875e-03
  -2.826531436e-03
  4.862022194e-02
  1.566506396e-02
  2.291979242e-02
  -9.735956640e-01 -2.394368022e-01 -7.423803252e-02
  -1.172633794e-01 2.122249593e-01 8.137360434e-01
  -1.996518970e-01 1.382923306e+00 -7.322948509e-02
 Node:         79
  0.1555E+03  0.1267E+03  0.4517E+03  0.0000E+00
   0.02845
   0.01778
  -0.0411
  -0.009521
   0.002654
  -0.1267
  5.842628997e-02
  -2.647054309e-02
  -1.925760434e-01
  2.244578556e-01
  -5.354009883e-02
  1.058104479e-01
  8.719113821e-01 2.483372304e-01 -2.065908509e-01
  2.830122493e-01 5.362658266e-02 9.328442818e-02
  -1.266265583e-02 -1.104839319e-01 5.044686314e-01
 Node:         80
  0.1494E+03  0.1243E+03  0.4689E+03  0.0000E+00
   0.1217
   0.02319
  -0.02908
   0.01129
   0.002571
  -0.0967
  1.326724390e-01
  -9.734650407e-03
  -1.497589133e-01
  2.493296603e-01
  -8.940374887e-03
  1.175351290e-01
  -2.830073171e-01 2.032262873e-02 -4.607314363e-02
  -1.592120325e-01 6.024755556e-01 4.609201924e-01
  -2.051215718e-02 -4.733092363e-01 6.057620054e-01
 Node:         81
  0.1433E+03  0.1217E+03  0.4836E+03  0.0000E+00
   0.05049
   0.01024
  -0.002676
   0.009355
   0.002302
  -0.008887
  5.595671545e-02
  -1.783724634e-03
  -1.858838753e-02
  6.817989024e-02
  1.186153443e-02
  3.214030849e-02
  -9.607341463e-01 -1.754742547e-01 -2.167311328e-01
  -2.504517615e-01 6.030189702e-01 4.664229534e-01
  -1.480289973e-02 -5.001783171e-01 6.330300813e-01
 Node:         82
  0.1267E+03  0.1148E+03  0.4563E+03  0.2647E-02
   0.001373
  -0.01697
   0.008579
  -0.001674
   0.01051
  -0.004199
  3.746062873e-02
  -6.228720596e-03
  -2.591172900e-02
  5.664952702e-02
  1.773393044e-03
  2.670484314e-02
  -6.101130623e-01 6.187365854e-01 2.922325203e-01
  -1.088889973e-01 -2.649376694e-01 2.282677507e-01
  -1.214837398e-01 1.762100271e-01 3.168766938e-01
 Node:         83
  0.1234E+03  0.1129E+03  0.4720E+03  0.2647E-02
  -0.01424
  -0.007993
   0.001544
   0.01013
   0.005436
  -0.01187
  1.636558591e-02
  -1.878297290e-03
  -4.168983198e-02
  5.279798017e-02
  -9.067514453e-03
  2.488920654e-02
  -2.248334417e-01 3.867100271e-01 2.276048780e-01
  -1.260850949e-01 -9.344666667e-02 -5.499539295e-02
  -2.526783198e-01 1.176114851e-01 4.865084011e-01
 Node:         84
  0.1187E+03  0.1123E+03  0.4849E+03  0.2647E-02
  -0.002273
  -2.687E-4
  -4.484E-5
   0.004715
  -2.105E-4
  -0.009374
  3.337328835e-03
  1.187777453e-04
  -1.693696802e-02
  1.972751736e-02
  -4.493620481e-03
  9.299640866e-03
  -4.916241192e-01 2.217777778e-03 1.938205962e-01
  -7.234661247e-02 -4.145474255e-02 3.537940379e-03
  -1.507850949e-01 -3.295410298e-01 -5.375831978e-01
 Node:         85
  0.1302E+03  0.1161E+03  0.4550E+03  0.2647E-02
  -0.001214
  -0.01771
   0.01263
  -1.727E-4
   0.01533
  -0.003506
  4.687621138e-02
  -7.084776423e-03
  -3.060713821e-02
  6.912240027e-02
  3.061432249e-03
  3.258461197e-02
  -5.500192954e-01 6.450097561e-01 3.021646612e-01
  -7.535718157e-02 3.177250949e-01 -2.346059621e-01
  4.698807588e-01 1.637713821e-01 3.006956640e-01
 Node:         86
  0.1252E+03  0.1138E+03  0.4703E+03  0.2647E-02
  -0.02531
   0.001634
   0.05231
   0.01572
   0.01974
  -0.008933
  7.165879675e-02
  9.740095285e-03
  -5.912632791e-02
  1.141464138e-01
  7.424188040e-03
  5.380913549e-02
  -1.272559350e-01 -4.140197832e-01 -1.298081301e-01
  2.020761518e-01 -2.305945799e-01 5.008582656e-01
  6.274127371e-01 6.863468835e-02 -1.112387534e-01
 Node:         87
  0.1217E+03  0.1126E+03  0.4834E+03  0.2647E-02
  -0.00347
  -3.778E-4
   8.452E-4
   0.005141
  -9.641E-4
  -0.007385
  5.581889431e-03
  3.878771003e-05
  -1.779238482e-02
  2.247676711e-02
  -4.057235894e-03
  1.059564963e-02
  -4.210517615e-01 3.943117615e-01 1.265651382e-01
  3.668157182e-01 -1.324306233e-01 3.989810298e-01
  6.500997290e-01 1.265411382e-01 -1.185476965e-01
 Node:         88
  0.1338E+03  0.1169E+03  0.4532E+03  0.2647E-02
  -0.02562
  -0.02163
   0.01579
  -4.792E-4
   0.02617
   0.01744
  6.041587534e-02
  -4.607625474e-03
  -4.476253388e-02
  9.263322289e-02
  3.681905330e-03
  4.366772005e-02
  -4.185345095e-01 6.243539295e-01 5.021739837e-01
  8.988617886e-03 4.656083333e-01 -2.696070461e-01
  1.418856369e-01 7.190243902e-03 2.504029810e-01
 Node:         89
  0.1270E+03  0.1150E+03  0.4686E+03  0.2647E-02
  -0.02316
  -0.00738
   0.007893
   0.00543
   0.007196
  -0.002751
  2.767978049e-02
  -3.052391328e-03
  -4.596691599e-02
  6.629478057e-02
  -7.113175610e-03
  3.125165926e-02
  -3.540412195e-01 6.653170732e-01 4.350934959e-01
  -1.538243360e-01 8.429539295e-03 -1.586395664e-01
  -1.996720867e-01 2.668758808e-01 3.975640650e-01
 Node:         90
  0.1248E+03  0.1132E+03  0.4822E+03  0.2647E-02
  -0.005054
   0.00203
  -7.894E-4
   0.0023
  -0.001331
  -0.001671
  4.571601084e-03
  -3.845679350e-04
  -1.403893008e-02
  1.807477133e-02
  -3.283965644e-03
  8.520528919e-03
  -2.900807317e-01 4.478997290e-01 1.440877344e-01
  -8.659661247e-02 -2.118357182e-01 1.730493225e-01
  -1.013623306e-01 5.328151762e-01 4.036704607e-01
 Node:         91
  0.1259E+03  0.1261E+03  0.4544E+03  0.2647E-02
  -0.04834
  -0.007626
   0.05896
  -0.0108
   0.01902
  -0.009233
  7.259757182e-02
  -1.116651924e-02
  -5.580737669e-02
  1.130606531e-01
  1.874558627e-03
  5.329730298e-02
  -1.855043360e-02 6.652444444e-01 1.875172629e-01
  -4.914525745e-02 -5.198617886e-02 3.060100271e-01
  -3.719810298e-02 -2.717998645e-01 -2.998401084e-02
 Node:         92
  0.1209E+03  0.1232E+03  0.4724E+03  0.2647E-02
  -0.0186
  -0.01275
   0.01935
  -0.008756
   0.0131
   0.007379
  4.337318699e-02
  1.327959350e-04
  -3.346953117e-02
  6.677011938e-02
  3.345483921e-03
  3.147573613e-02
  -3.013534824e-01 -7.310325203e-02 -9.772628726e-03
  1.123746341e-02 -4.086696477e-01 5.689528455e-01
  -4.346639566e-02 2.193927285e-01 2.104763686e-01
 Node:         93
  0.1159E+03  0.1217E+03  0.4876E+03  0.2647E-02
   0.001074
  -0.001134
   4.993E-4
  -0.00273
   9.067E-4
   0.00211
  9.077749051e-03
  -2.662024661e-04
  -5.853174255e-03
  1.327972234e-02
  9.861241102e-04
  6.260121145e-03
  -4.734167317e-01 -9.459685637e-02 3.693268293e-01
  6.213479675e-01 -4.855249322e-01 5.084056911e-01
  -8.327344173e-02 -2.434696477e-01 -2.641563686e-01
 Node:         94
  0.1313E+03  0.1263E+03  0.4533E+03  0.2647E-02
  -0.059
  -0.007749
   0.06665
  -0.01531
   0.0157
  -0.003166
  7.908073984e-02
  -1.092377236e-03
  -6.717311653e-02
  1.270903765e-01
  3.605082023e-03
  5.991097803e-02
  -9.887707588e-02 4.367951220e-01 5.777744444e-02
  -4.587506775e-02 1.806891599e-02 2.958674797e-01
  1.089425474e-01 -1.307953442e-01 3.507967480e-02
 Node:         95
  0.1250E+03  0.1234E+03  0.4704E+03  0.2647E-02
  -0.01954
  -0.01303
   0.03115
  -0.01276
   0.01025
   0.00399
  5.052367751e-02
  1.023518225e-02
  -4.255793767e-02
  8.154038744e-02
  6.066974029e-03
  3.843850727e-02
  -2.375064499e-01 -2.359300813e-01 -1.448642276e-01
