 Group name: predicted_strain_L5A2
 #Fields=  16
 1) coordinates, coordinate, rectangular cartesian, #Components=3
   x.  Value index= 1, #Derivatives=0
   y.  Value index= 2, #Derivatives=0
   z.  Value index= 3, #Derivatives=0
 2) Tensor_1, field, rectangular cartesian, #Components=1
   Tensor_1.  Value index= 4, #Derivatives=0
 3) Tensor_2, field, rectangular cartesian, #Components=1
   Tensor_2.  Value index= 5, #Derivatives=0
 4) Tensor_3, field, rectangular cartesian, #Components=1
   Tensor_3.  Value index= 6, #Derivatives=0
 5) Tensor_4, field, rectangular cartesian, #Components=1
   Tensor_4.  Value index= 7, #Derivatives=0
 6) Tensor_5, field, rectangular cartesian, #Components=1
   Tensor_5.  Value index= 8, #Derivatives=0
 7) Tensor_6, field, rectangular cartesian, #Components=1
   Tensor_6.  Value index= 9, #Derivatives=0
 8) Principal_1, field, rectangular cartesian, #Components=1
   Principal_1.  Value index= 10, #Derivatives=0
 9) Principal_2, field, rectangular cartesian, #Components=1
   Principal_2.  Value index= 11, #Derivatives=0
 10) Principal_3, field, rectangular cartesian, #Components=1
   Principal_3.  Value index= 12, #Derivatives=0
 11) VonMises, field, rectangular cartesian, #Components=1
   VonMises.  Value index= 13, #Derivatives=0
 12) Hydrostatic, field, rectangular cartesian, #Components=1
   VonMises.  Value index= 14, #Derivatives=0
 13) Octahedral, field, rectangular cartesian, #Components=1
   VonMises.  Value index= 15, #Derivatives=0
 14) PrincipalVector1, field, rectangular cartesian, #Components=3
   x.  Value index= 16, #Derivatives=0
   y.  Value index= 17, #Derivatives=0
   z.  Value index= 18, #Derivatives=0
 15) PrincipalVector2, field, rectangular cartesian, #Components=3
   x.  Value index= 19, #Derivatives=0
   y.  Value index= 20, #Derivatives=0
   z.  Value index= 21, #Derivatives=0
 16) PrincipalVector3, field, rectangular cartesian, #Components=3
   x.  Value index= 22, #Derivatives=0
   y.  Value index= 23, #Derivatives=0
   z.  Value index= 24, #Derivatives=0
 Node:          1
  0.1287E+03  0.1133E+03  0.4908E+03 -0.3432E-04
  -1.11E-16
  -8.327E-17
  -2.22E-16
  -2.776E-17
  -4.163E-17
  -3.331E-16
  -6.637000000e-17
  -2.400000000e-16
  -3.598000000e-16
  2.555392160e-16
  -2.220566667e-16
  1.204623416e-16
  8.837000000e-01 -4.676000000e-01 -1.897000000e-02
  4.046000000e-01 7.837000000e-01 -4.712000000e-01
  2.352000000e-01 4.088000000e-01 8.818000000e-01
 Node:          2
  0.1292E+03  0.1137E+03  0.5052E+03 -0.3432E-04
  -5.551E-17
  -1.11E-16
  -1.665E-16
  -5.551E-17
   1.943E-16
  -2.776E-16
  8.603000000e-17
  -1.600000000e-16
  -4.256000000e-16
  4.431926093e-16
  -1.665233333e-16
  2.089229996e-16
  -6.554000000e-01 6.199000000e-01 4.313000000e-01
  7.522000000e-01 4.849000000e-01 4.462000000e-01
  -6.744000000e-02 -6.169000000e-01 7.841000000e-01
 Node:          3
  0.1289E+03  0.1155E+03  0.5194E+03 -0.3432E-04
   2.22E-16
   1.388E-16
   3.331E-16
   1.11E-16
   5.551E-17
   2.22E-16
  4.753000000e-16
  2.118000000e-16
  9.006000000e-17
  3.410738448e-16
  2.590533333e-16
  1.607837524e-16
  -5.696000000e-01 -7.144000000e-01 -4.063000000e-01
  2.395000000e-01 -6.172000000e-01 7.494000000e-01
  -7.862000000e-01 3.296000000e-01 5.227000000e-01
 Node:          4
  0.1361E+03  0.1141E+03  0.4915E+03 -0.3432E-04
   0.0
  -2.776E-17
  -1.11E-16
  -2.776E-17
  -8.327E-17
   2.22E-16
  2.435000000e-16
  6.328000000e-18
  -1.388000000e-16
  3.342648530e-16
  3.700933333e-17
  1.575739629e-16
  -8.549000000e-02 -2.215000000e-01 9.714000000e-01
  9.681000000e-01 -2.491000000e-01 2.840000000e-02
  2.357000000e-01 9.428000000e-01 2.357000000e-01
 Node:          5
  0.1341E+03  0.1144E+03  0.5054E+03 -0.3432E-04
   3.331E-16
   1.388E-16
   3.331E-16
   5.551E-17
  -6.939E-17
   4.441E-16
  4.814000000e-16
  4.627000000e-16
  1.662000000e-16
  3.062784517e-16
  3.701000000e-16
  1.443810468e-16
  -3.480000000e-01 -6.443000000e-01 6.810000000e-01
  -6.589000000e-01 -3.487000000e-01 -6.665000000e-01
  6.669000000e-01 -6.807000000e-01 -3.032000000e-01
 Node:          6
  0.1323E+03  0.1162E+03  0.5191E+03 -0.3432E-04
   2.22E-16
   5.551E-17
   2.22E-16
  -5.551E-17
  -2.776E-17
   0.0
  2.897000000e-16
  1.685000000e-16
  -1.402000000e-17
  2.648101478e-16
  1.480600000e-16
  1.248327008e-16
  -7.150000000e-01 -6.696000000e-01 2.012000000e-01
  6.656000000e-01 -7.399000000e-01 -9.741000000e-02
  -2.141000000e-01 -6.426000000e-02 -9.747000000e-01
 Node:          7
  0.1408E+03  0.1171E+03  0.4920E+03 -0.3432E-04
   3.331E-16
   2.22E-16
   2.22E-16
  -8.327E-17
  -1.11E-16
   0.0
  5.398000000e-16
  6.158000000e-17
  -4.631000000e-17
  5.403052621e-16
  1.850233333e-16
  2.547023432e-16
  -7.537000000e-01 -6.111000000e-01 2.419000000e-01
  -6.560000000e-01 6.770000000e-01 -3.335000000e-01
  -4.004000000e-02 4.101000000e-01 9.112000000e-01
 Node:          8
  0.1367E+03  0.1169E+03  0.5055E+03 -0.3432E-04
   2.22E-16
   1.943E-16
   2.22E-16
  -4.025E-16
  -2.359E-16
  -2.22E-16
  6.547000000e-16
  4.477000000e-17
  -4.775000000e-16
  9.814930967e-16
  7.399000000e-17
  4.626802829e-16
  -6.847000000e-01 -5.611000000e-01 4.652000000e-01
  5.685000000e-01 -8.105000000e-01 -1.409000000e-01
  -4.561000000e-01 -1.681000000e-01 -8.739000000e-01
 Node:          9
  0.1339E+03  0.1180E+03  0.5191E+03 -0.3432E-04
   2.22E-16
   1.665E-16
   0.0
  -3.955E-16
  -2.776E-16
   6.661E-16
  1.002000000e-15
  -9.379000000e-18
  -1.046000000e-16
  1.062195387e-15
  2.960070000e-16
  5.007237074e-16
  -4.817000000e-01 -3.073000000e-01 8.207000000e-01
  -8.565000000e-01 -3.292000000e-02 -5.150000000e-01
  -1.853000000e-01 9.510000000e-01 2.474000000e-01
 Node:         10
  0.1294E+03  0.1212E+03  0.4911E+03 -0.3432E-04
   0.0
   2.776E-17
   1.11E-16
  -1.388E-17
   1.249E-16
   1.11E-16
  2.363000000e-16
  2.303000000e-17
  -3.732000000e-17
  2.489920880e-16
  7.400333333e-17
  1.173759959e-16
  4.210000000e-02 7.100000000e-01 7.030000000e-01
  -7.813000000e-01 -4.152000000e-01 4.661000000e-01
  -6.228000000e-01 5.688000000e-01 -5.372000000e-01
 Node:         11
  0.1295E+03  0.1214E+03  0.5055E+03 -0.3432E-04
  -2.22E-16
  -2.776E-17
  -2.22E-16
  -4.163E-17
   1.388E-17
  -1.665E-16
  -1.365000000e-16
  -2.183000000e-16
  -2.558000000e-16
  1.056645163e-16
  -2.035333333e-16
  4.981073066e-17
  -4.935000000e-01 2.929000000e-01 8.189000000e-01
  3.541000000e-01 -7.924000000e-01 4.968000000e-01
  -7.944000000e-01 -5.351000000e-01 -2.873000000e-01
 Node:         12
  0.1295E+03  0.1217E+03  0.5196E+03 -0.3432E-04
   1.11E-16
   0.0
   1.11E-16
   7.633E-17
   2.776E-17
   2.22E-16
  2.649000000e-16
  1.110000000e-16
  6.816000000e-17
  1.792025435e-16
  1.480200000e-16
  8.447688915e-17
  -4.387000000e-01 -1.595000000e-01 -8.844000000e-01
  3.417000000e-01 -9.398000000e-01 -2.255000000e-17
  8.311000000e-01 3.022000000e-01 -4.668000000e-01
 Node:         13
  0.1361E+03  0.1199E+03  0.4914E+03 -0.3432E-04
   1.11E-16
  -1.388E-16
   0.0
  -9.714E-17
   2.776E-17
  -1.665E-16
  2.285000000e-16
  -8.520000000e-17
  -1.988000000e-16
  3.833392362e-16
  -1.850000000e-17
  1.807078489e-16
  8.171000000e-01 -5.252000000e-01 -2.378000000e-01
  4.648000000e-01 8.442000000e-01 -2.671000000e-01
  3.410000000e-01 1.077000000e-01 9.339000000e-01
 Node:         14
  0.1342E+03  0.1198E+03  0.5054E+03 -0.3432E-04
  -5.551E-17
   2.776E-17
   0.0
   5.551E-17
  -9.021E-17
   1.11E-16
  1.672000000e-16
  -4.940000000e-18
  -1.068000000e-16
  2.398787602e-16
  1.848666667e-17
  1.130799320e-16
  1.634000000e-01 -4.472000000e-01 8.794000000e-01
  -6.569000000e-01 -7.144000000e-01 -2.412000000e-01
  -7.361000000e-01 5.382000000e-01 4.105000000e-01
 Node:         15
  0.1330E+03  0.1205E+03  0.5193E+03 -0.3432E-04
   2.22E-16
  -8.327E-17
  -5.551E-17
   1.388E-17
   4.857E-17
   0.0
  2.451000000e-16
  2.471000000e-17
  -1.033000000e-16
  3.052383267e-16
  5.550333333e-17
  1.438907271e-16
  -9.638000000e-01 2.667000000e-01 -1.723000000e-03
  1.157000000e-01 4.239000000e-01 8.983000000e-01
  2.403000000e-01 8.656000000e-01 -4.394000000e-01
 Node:         16
  0.1404E+03  0.1188E+03  0.4918E+03 -0.3432E-04
   2.22E-16
   5.551E-17
   2.22E-16
  -8.327E-17
  -1.457E-16
   4.441E-16
  5.466000000e-16
  1.950000000e-16
  1.465000000e-16
  3.781896482e-16
  2.960333333e-16
  1.782803099e-16
  -2.927000000e-01 -4.328000000e-01 8.526000000e-01
  -9.222000000e-01 -1.077000000e-01 -3.713000000e-01
  -2.526000000e-01 8.950000000e-01 3.676000000e-01
 Node:         17
  0.1365E+03  0.1184E+03  0.5055E+03 -0.3432E-04
  -1.11E-16
   2.776E-17
  -1.11E-16
   9.714E-17
   1.7E-16
   0.0
  1.573000000e-16
  -1.341000000e-16
  -2.452000000e-16
  3.600440390e-16
  -7.400000000e-17
  1.697263877e-16
  3.368000000e-01 5.285000000e-01 7.792000000e-01
  8.927000000e-01 -4.425000000e-01 -8.566000000e-02
  -2.996000000e-01 -7.244000000e-01 6.209000000e-01
 Node:         18
  0.1341E+03  0.1191E+03  0.5192E+03 -0.3432E-04
   0.0
   0.0
   0.0
   2.645E-17
   1.065E-16
   4.441E-16
  4.697000000e-16
  -1.672000000e-33
  -2.562000000e-17
  4.830198634e-16
  1.480266667e-16
  2.276977472e-16
  -5.484000000e-02 -2.207000000e-01 -9.738000000e-01
  9.705000000e-01 -2.411000000e-01 -6.210000000e-17
  -2.348000000e-01 -9.451000000e-01 2.274000000e-01
 Node:         19
  0.1301E+03  0.1291E+03  0.4914E+03  0.0000E+00
   1.11E-16
   0.0
   1.11E-16
   2.101E-19
   1.001E-17
  -2.22E-16
  1.113000000e-16
  1.110000000e-16
  -2.223000000e-16
  3.334501012e-16
  0.000000000e+00
  1.571898852e-16
  -2.096000000e-02 -9.993000000e-01 -3.003000000e-02
  9.998000000e-01 -2.097000000e-02 1.345000000e-19
  6.298000000e-04 3.003000000e-02 -9.995000000e-01
 Node:         20
  0.1299E+03  0.1291E+03  0.5058E+03  0.0000E+00
   2.22E-16
   0.0
   0.0
   1.041E-17
   1.924E-17
  -5.551E-17
  2.224000000e-16
  5.975000000e-18
  -6.188000000e-17
  2.571567616e-16
  5.549833333e-17
  1.212248600e-16
  -9.993000000e-01 -3.257000000e-03 -3.765000000e-02
  1.428000000e-02 -9.549000000e-01 -2.965000000e-01
  -3.498000000e-02 -2.968000000e-01 9.543000000e-01
 Node:         21
  0.1301E+03  0.1280E+03  0.5197E+03  0.0000E+00
   1.11E-16
   0.0
   0.0
   4.163E-17
   1.475E-17
   1.11E-16
  1.534000000e-16
  7.089000000e-17
  -2.220000000e-18
  1.348528023e-16
  7.402333333e-17
  6.357022067e-17
  -6.994000000e-01 -6.840000000e-02 -7.114000000e-01
  -7.126000000e-01 1.429000000e-01 6.869000000e-01
  -5.465000000e-02 -9.874000000e-01 1.487000000e-01
 Node:         22
  0.1360E+03  0.1256E+03  0.4913E+03  0.0000E+00
  -2.22E-16
   1.388E-17
  -1.11E-16
  -1.388E-17
   1.006E-16
   1.11E-16
  1.500000000e-16
  -1.456000000e-16
  -2.264000000e-16
  3.432090908e-16
  -7.400000000e-17
  1.617903170e-16
  -2.144000000e-02 3.586000000e-01 9.332000000e-01
  2.280000000e-01 9.106000000e-01 -3.447000000e-01
  -9.734000000e-01 2.054000000e-01 -1.013000000e-01
 Node:         23
  0.1343E+03  0.1253E+03  0.5054E+03  0.0000E+00
   0.0
   2.082E-17
  -4.441E-16
   0.0
   1.314E-16
  -1.665E-16
  1.265000000e-18
  -1.147000000e-16
  -4.972000000e-16
  4.517861704e-16
  -2.035450000e-16
  2.129740431e-16
  9.970000000e-01 6.061000000e-02 4.746000000e-02
  6.644000000e-02 -3.661000000e-01 -9.282000000e-01
  3.888000000e-02 -9.286000000e-01 3.690000000e-01
 Node:         24
  0.1336E+03  0.1248E+03  0.5194E+03  0.0000E+00
  -2.22E-16
   1.214E-17
   0.0
   1.388E-17
   8.674E-19
  -1.665E-16
  6.779000000e-19
  -1.633000000e-16
  -2.259000000e-16
  2.026635839e-16
  -1.295073667e-16
  9.553652964e-17
  -5.504000000e-02 -9.984000000e-01 -9.747000000e-03
  2.257000000e-01 -2.195000000e-02 9.740000000e-01
  -9.726000000e-01 5.141000000e-02 2.265000000e-01
 Node:         25
  0.1400E+03  0.1206E+03  0.4917E+03  0.0000E+00
   0.0
   2.671E-16
  -1.11E-16
  -8.327E-17
  -1.301E-16
   2.22E-16
  3.681000000e-16
  7.580000000e-17
  -3.329000000e-16
  6.098671905e-16
  3.700000000e-17
  2.874941507e-16
  5.089000000e-01 4.781000000e-01 -7.159000000e-01
  6.086000000e-01 3.883000000e-01 6.920000000e-01
  6.088000000e-01 -7.878000000e-01 -9.334000000e-02
 Node:         26
  0.1363E+03  0.1200E+03  0.5055E+03  0.0000E+00
   2.22E-16
   1.076E-16
  -6.106E-16
   2.776E-17
  -1.124E-15
  -5.551E-17
  8.281000000e-16
  2.248000000e-16
  -1.497000000e-15
  2.089815320e-15
  -1.480333333e-16
  9.851483893e-16
  7.371000000e-02 6.174000000e-01 -7.832000000e-01
  9.955000000e-01 1.018000000e-03 9.449000000e-02
  -5.914000000e-02 7.866000000e-01 6.146000000e-01
 Node:         27
  0.1343E+03  0.1203E+03  0.5192E+03  0.0000E+00
   2.22E-16
  -1.943E-16
   2.22E-16
  -1.041E-16
   1.313E-15
   0.0
  1.466000000e-15
  1.875000000e-16
  -1.209000000e-15
  2.317369144e-15
  1.481666667e-16
  1.092418291e-15
  -1.693000000e-01 7.280000000e-01 6.643000000e-01
  9.848000000e-01 9.849000000e-02 1.431000000e-01
  3.876000000e-02 6.785000000e-01 -7.336000000e-01
 Node:         28
  0.1155E+03  0.1124E+03  0.4931E+03 -0.2028E-03
  -2.22E-16
   3.816E-17
   2.22E-16
  -5.551E-17
   5.551E-17
   1.11E-16
  2.455000000e-16
  1.014000000e-16
  -2.359000000e-16
  4.279497985e-16
  3.700000000e-17
  2.017374697e-16
  3.184000000e-02 9.284000000e-01 3.701000000e-01
  1.988000000e-01 3.571000000e-01 -9.127000000e-01
  9.795000000e-01 -1.026000000e-01 1.732000000e-01
 Node:         29
  0.1119E+03  0.1139E+03  0.5068E+03 -0.2028E-03
  -2.22E-16
  -2.082E-17
   0.0
   5.551E-17
   6.939E-18
  -3.331E-16
  1.944000000e-18
  -2.004000000e-16
  -3.566000000e-16
  3.113642034e-16
  -1.850186667e-16
  1.467784931e-16
  -9.118000000e-02 9.958000000e-01 5.517000000e-03
  -9.179000000e-01 -8.189000000e-02 -3.884000000e-01
  -3.863000000e-01 -4.048000000e-02 9.215000000e-01
 Node:         30
  0.1113E+03  0.1159E+03  0.5206E+03 -0.2028E-03
   2.22E-16
   1.249E-16
   2.22E-16
   0.0
  -2.776E-17
   1.11E-16
  3.486000000e-16
  1.238000000e-16
  8.277000000e-17
  2.478750591e-16
  1.850566667e-16
  1.168494234e-16
  -7.001000000e-01 -7.092000000e-01 8.287000000e-02
  -4.685000000e-01 3.686000000e-01 -8.029000000e-01
  -5.389000000e-01 6.009000000e-01 5.903000000e-01
 Node:         31
  0.1203E+03  0.1126E+03  0.4920E+03 -0.2028E-03
  -5.551E-17
   9.714E-17
  -1.11E-16
   2.776E-17
   4.163E-17
  -5.551E-17
  4.114000000e-17
  -7.661000000e-17
  -1.866000000e-16
  1.972667866e-16
  -7.402333333e-17
  9.299245501e-17
  -6.956000000e-01 -5.654000000e-01 -4.433000000e-01
  4.358000000e-01 1.585000000e-01 -8.860000000e-01
  5.712000000e-01 -8.095000000e-01 1.362000000e-01
 Node:         32
  0.1188E+03  0.1134E+03  0.5062E+03 -0.2028E-03
   2.22E-16
  -1.388E-17
  -1.11E-16
  -2.776E-17
   9.714E-17
  -5.551E-17
  2.266000000e-16
  1.331000000e-17
  -1.844000000e-16
  3.560216764e-16
  1.850333333e-17
  1.678302278e-16
  -9.894000000e-01 7.624000000e-02 1.236000000e-01
  1.445000000e-01 5.992000000e-01 7.875000000e-01
  1.402000000e-02 -7.970000000e-01 6.038000000e-01
 Node:         33
  0.1183E+03  0.1150E+03  0.5201E+03 -0.2028E-03
   1.11E-16
   5.551E-17
   0.0
   8.327E-17
   0.0
   0.0
  1.700000000e-16
  0.000000000e+00
  -5.893000000e-17
  2.058903711e-16
  3.702333333e-17
  9.705765171e-17
  -8.617000000e-01 -2.815000000e-01 -4.222000000e-01
  0.000000000e+00 -8.321000000e-01 5.547000000e-01
  -5.074000000e-01 4.780000000e-01 7.170000000e-01
 Node:         34
  0.1255E+03  0.1129E+03  0.4909E+03 -0.2028E-03
   0.0
   0.0
   0.0
   5.551E-17
   9.714E-17
   0.0
  1.119000000e-16
  3.387000000e-33
  -1.119000000e-16
  1.938164854e-16
  0.000000000e+00
  9.136596741e-17
  -3.508000000e-01 -6.139000000e-01 -7.071000000e-01
  8.682000000e-01 -4.961000000e-01 -4.855000000e-17
  -3.508000000e-01 -6.139000000e-01 7.071000000e-01
 Node:         35
  0.1260E+03  0.1135E+03  0.5054E+03 -0.2028E-03
   0.0
   1.11E-16
  -1.11E-16
   1.11E-16
   2.498E-16
  -1.11E-16
  2.410000000e-16
  -1.023000000e-16
  -3.608000000e-16
  5.228959648e-16
  -7.403333333e-17
  2.464955217e-16
  5.458000000e-01 5.925000000e-01 5.925000000e-01
  8.379000000e-01 -3.859000000e-01 -3.859000000e-01
  -4.975000000e-17 -7.071000000e-01 7.071000000e-01
 Node:         36
  0.1257E+03  0.1153E+03  0.5196E+03 -0.2028E-03
   0.0
  -5.551E-17
   0.0
  -5.551E-17
   8.327E-17
   0.0
  1.305000000e-16
  -4.723000000e-17
  -8.327000000e-17
  1.982226619e-16
  0.000000000e+00
  9.344305895e-17
  -5.155000000e-01 6.059000000e-01 6.059000000e-01
  8.569000000e-01 3.645000000e-01 3.645000000e-01
  -1.256000000e-16 7.071000000e-01 -7.071000000e-01
 Node:         37
  0.1132E+03  0.1210E+03  0.4959E+03 -0.2028E-03
  -2.22E-16
   1.388E-16
  -2.22E-16
  -8.327E-17
   1.804E-16
  -2.776E-16
  -4.482000000e-17
  -1.622000000e-16
  -5.146000000e-16
  4.234720019e-16
  -2.405400000e-16
  1.996266161e-16
  3.971000000e-01 7.887000000e-01 4.693000000e-01
  -7.874000000e-01 3.010000000e-02 6.157000000e-01
  4.715000000e-01 -6.140000000e-01 6.330000000e-01
 Node:         38
  0.1111E+03  0.1204E+03  0.5085E+03 -0.2028E-03
  -1.665E-16
   9.714E-17
   0.0
  -2.776E-17
  -8.327E-17
  -2.22E-16
  7.071000000e-17
  -2.091000000e-16
  -2.502000000e-16
  3.024616291e-16
  -1.295300000e-16
  1.425817793e-16
  -3.916000000e-01 -8.746000000e-01 2.859000000e-01
  9.154000000e-01 -3.389000000e-01 2.170000000e-01
  9.287000000e-02 -3.467000000e-01 -9.334000000e-01
 Node:         39
  0.1119E+03  0.1201E+03  0.5207E+03 -0.2028E-03
  -5.551E-17
  -9.714E-17
  -3.331E-16
  -8.327E-17
  -7.633E-17
  -1.11E-16
  8.934000000e-18
  -1.105000000e-16
  -3.981000000e-16
  3.623913061e-16
  -1.665553333e-16
  1.708329000e-16
  8.510000000e-01 -1.281000000e-01 -5.092000000e-01
  4.076000000e-01 -4.503000000e-01 7.944000000e-01
  -3.311000000e-01 -8.836000000e-01 -3.310000000e-01
 Node:         40
  0.1191E+03  0.1220E+03  0.4937E+03 -0.2028E-03
   0.0
   8.327E-17
  -2.22E-16
   8.327E-17
  -1.388E-17
  -2.22E-16
  4.872000000e-17
  -2.082000000e-16
  -2.846000000e-16
  3.024459198e-16
  -1.480266667e-16
  1.425743739e-16
  -9.240000000e-01 -2.703000000e-01 -2.703000000e-01
  0.000000000e+00 -7.071000000e-01 7.071000000e-01
  3.823000000e-01 -6.534000000e-01 -6.534000000e-01
 Node:         41
  0.1182E+03  0.1217E+03  0.5073E+03 -0.2028E-03
   0.0
  -2.776E-17
  -5.551E-17
   5.551E-17
   9.714E-17
   1.11E-16
  1.653000000e-16
  1.073000000e-17
  -1.206000000e-16
  2.478691830e-16
  1.847666667e-17
  1.168466534e-16
  2.406000000e-01 3.653000000e-01 8.993000000e-01
  -8.901000000e-01 4.526000000e-01 5.428000000e-02
  -3.871000000e-01 -8.135000000e-01 4.340000000e-01
 Node:         42
  0.1187E+03  0.1212E+03  0.5204E+03 -0.2028E-03
   0.0
  -5.551E-17
  -1.11E-16
   0.0
   5.551E-17
   1.11E-16
  1.256000000e-16
  1.887000000e-17
  -1.444000000e-16
  2.355296009e-16
  2.333333333e-20
  1.110297186e-16
  1.113000000e-01 -2.517000000e-01 -9.614000000e-01
  9.295000000e-01 -3.159000000e-01 1.903000000e-01
  -3.516000000e-01 -9.148000000e-01 1.988000000e-01
 Node:         43
  0.1258E+03  0.1217E+03  0.4915E+03 -0.2028E-03
   2.22E-16
   1.11E-16
   1.11E-16
  -1.388E-17
   0.0
  -5.551E-17
  2.911000000e-16
  4.294000000e-17
  -5.645000000e-17
  3.100425456e-16
  9.253000000e-17
  1.461554576e-16
  -8.507000000e-01 -5.246000000e-01 3.406000000e-02
  -5.213000000e-01 8.502000000e-01 7.348000000e-02
  6.751000000e-02 -4.475000000e-02 9.967000000e-01
 Node:         44
  0.1259E+03  0.1220E+03  0.5059E+03 -0.2028E-03
  -2.22E-16
   1.388E-16
  -2.22E-16
   9.714E-17
   1.11E-16
  -1.11E-16
  5.081000000e-17
  -2.445000000e-16
  -3.614000000e-16
  3.679610647e-16
  -1.850300000e-16
  1.734585094e-16
  -5.113000000e-01 -5.340000000e-01 -6.733000000e-01
  -5.198000000e-01 -4.318000000e-01 7.372000000e-01
  -6.844000000e-01 7.269000000e-01 -5.679000000e-02
 Node:         45
  0.1261E+03  0.1221E+03  0.5198E+03 -0.2028E-03
  -5.551E-17
  -8.327E-17
  -2.776E-16
   2.776E-17
  -6.939E-18
   1.11E-16
  1.167000000e-16
  -3.339000000e-17
  -3.053000000e-16
  3.705037491e-16
  -7.399666667e-17
  1.746571423e-16
  1.854000000e-01 -5.643000000e-02 9.810000000e-01
  9.302000000e-01 -3.117000000e-01 -1.938000000e-01
  -3.167000000e-01 -9.485000000e-01 5.308000000e-03
 Node:         46
  0.1117E+03  0.1296E+03  0.4959E+03  0.0000E+00
  -5.551E-17
   2.776E-17
  -1.665E-16
   6.939E-18
  -2.602E-17
   0.0
  4.101000000e-18
  -4.897000000e-17
  -1.772000000e-16
  1.614458370e-16
  -7.402300000e-17
  7.610629740e-17
  4.856000000e-02 -1.429000000e-01 9.886000000e-01
  9.724000000e-01 2.327000000e-01 -1.414000000e-02
  -2.280000000e-01 9.620000000e-01 1.502000000e-01
 Node:         47
  0.1107E+03  0.1269E+03  0.5087E+03  0.0000E+00
  -1.665E-16
  -3.123E-17
   1.11E-16
  -2.776E-17
   3.99E-17
   0.0
  1.289000000e-16
  -1.114000000e-17
  -1.732000000e-16
  2.618578385e-16
  -1.848000000e-17
  1.234409689e-16
  -1.292000000e-01 9.390000000e-01 3.186000000e-01
  -1.008000000e-01 -3.321000000e-01 9.379000000e-01
  -9.865000000e-01 -8.906000000e-02 -1.376000000e-01
 Node:         48
  0.1125E+03  0.1242E+03  0.5208E+03  0.0000E+00
   1.11E-16
   3.469E-18
   1.11E-16
   0.0
  -1.735E-18
   1.11E-16
  1.149000000e-16
  1.110000000e-16
  1.071000000e-16
  6.754998150e-18
  1.110000000e-16
  3.184336666e-18
  -6.325000000e-01 -7.071000000e-01 3.162000000e-01
  4.472000000e-01 -4.455000000e-15 8.944000000e-01
  -6.325000000e-01 7.071000000e-01 3.162000000e-01
 Node:         49
  0.1186E+03  0.1311E+03  0.4938E+03  0.0000E+00
  -1.665E-16
  -2.082E-17
   0.0
  -4.163E-17
  -6.072E-18
  -5.551E-17
  2.581000000e-18
  -4.165000000e-17
  -1.830000000e-16
  1.678935845e-16
  -7.402300000e-17
  7.914579474e-17
  1.174000000e-01 -9.929000000e-01 1.965000000e-02
  -3.135000000e-01 -1.827000000e-02 9.494000000e-01
  -9.423000000e-01 -1.176000000e-01 -3.134000000e-01
 Node:         50
  0.1180E+03  0.1298E+03  0.5075E+03  0.0000E+00
   0.0
  -1.301E-17
   3.331E-16
  -4.163E-17
   1.247E-17
   2.22E-16
  3.354000000e-16
  2.276000000e-16
  -7.879000000e-18
  3.040655121e-16
  1.850403333e-16
  1.433378570e-16
  5.441000000e-02 -9.902000000e-01 -1.289000000e-01
  -1.707000000e-01 -1.364000000e-01 9.758000000e-01
  9.838000000e-01 3.109000000e-02 1.765000000e-01
 Node:         51
  0.1192E+03  0.1275E+03  0.5206E+03  0.0000E+00
   0.0
  -3.469E-18
  -5.551E-17
   0.0
   1.475E-17
   1.11E-16
  1.123000000e-16
  2.087000000e-19
  -5.702000000e-17
  1.491791642e-16
  1.849623333e-17
  7.032373239e-17
  -2.705000000e-03 8.758000000e-02 9.962000000e-01
  9.982000000e-01 -6.004000000e-02 7.989000000e-03
  -6.051000000e-02 -9.943000000e-01 8.725000000e-02
 Node:         52
  0.1262E+03  0.1305E+03  0.4920E+03  0.0000E+00
   1.11E-16
  -1.388E-17
   1.11E-16
   1.301E-18
   4.906E-18
   0.0
  1.250000000e-16
  9.734000000e-17
  -2.497000000e-19
  1.139655924e-16
  7.403010000e-17
  5.372389547e-17
  -7.047000000e-01 7.092000000e-01 2.051000000e-02
  7.093000000e-01 7.034000000e-01 4.493000000e-02
  -1.744000000e-02 -4.621000000e-02 9.988000000e-01
 Node:         53
  0.1258E+03  0.1304E+03  0.5063E+03  0.0000E+00
  -1.665E-16
  -1.735E-18
  -1.11E-16
   2.776E-17
   3.383E-17
  -2.22E-16
  -1.010000000e-16
  -1.572000000e-16
  -2.414000000e-16
  1.223933005e-16
  -1.665333333e-16
  5.769675516e-17
  9.684000000e-02 9.526000000e-01 2.883000000e-01
  -9.346000000e-01 1.866000000e-01 -3.027000000e-01
  -3.422000000e-01 -2.402000000e-01 9.084000000e-01
 Node:         54
  0.1265E+03  0.1288E+03  0.5200E+03  0.0000E+00
  -2.22E-16
   2.082E-17
   1.11E-16
   0.0
  -4.337E-18
   1.11E-16
  1.160000000e-16
  1.073000000e-16
  -2.233000000e-16
  3.350347295e-16
  0.000000000e+00
  1.579368861e-16
  -4.656000000e-02 -7.562000000e-01 6.527000000e-01
  -4.117000000e-02 -6.514000000e-01 -7.576000000e-01
  -9.981000000e-01 6.215000000e-02 8.061000000e-04
 Node:         55
  0.1381E+03  0.1168E+03  0.4524E+03  0.1033E-01
   0.01496
  -0.009681
   0.003818
  -0.00316
   0.01413
  -0.03295
  2.800668624e-02
  -7.837472488e-03
  -3.128523390e-02
  5.175147428e-02
  -3.705340048e-03
  2.439587893e-02
  3.027752447e-01 -2.098483256e-01 -1.138143740e-01
  5.800287893e-01 3.650819578e-01 5.515872231e-01
  -1.071425124e-01 -2.341396497e-01 6.664207058e-01
 Node:         56
  0.1314E+03  0.1156E+03  0.4682E+03  0.1033E-01
   0.0231
  -0.01215
   0.004004
  -0.009854
   0.007697
  -0.01607
  2.753402885e-02
  -5.898503194e-03
  -1.592568367e-02
  3.783466890e-02
  1.903280663e-03
  1.783543396e-02
  -3.437340613e-01 3.967638846e-01 1.108072540e-01
  4.334782071e-01 6.303470819e-01 -2.640321484e-02
  4.202461618e-02 -1.824247707e-01 7.022556929e-01
 Node:         57
  0.1285E+03  0.1140E+03  0.4823E+03  0.1033E-01
   0.006812
  -0.004794
   0.003214
  -0.002963
   0.002072
  -1.372E-4
  7.997792014e-03
  -3.742091855e-04
  -4.331488923e-04
  7.913821231e-03
  2.396811312e-03
  3.730611105e-03
  -6.064535291e-01 2.860792890e-01 2.477967491e-01
  4.883208655e-01 6.169546316e-01 1.205166708e-01
  1.020197836e-01 -7.969687275e-02 7.900426584e-01
 Node:         58
  0.1477E+03  0.1177E+03  0.4526E+03  0.1033E-01
   0.01364
  -0.00953
   0.01206
  -0.001482
   0.009307
  -0.06093
  3.501180938e-02
  -1.289197110e-02
  -5.214198094e-02
  8.029929952e-02
  -1.000738089e-02
  3.785345281e-02
  2.416335909e-01 1.983437919e-01 3.383523957e-02
  6.446270397e-01 5.546381247e-01 1.259108243e-01
  1.510769191e-01 -6.645766100e-02 7.439618908e-01
 Node:         59
  0.1415E+03  0.1166E+03  0.4688E+03  0.1033E-01
   0.03461
  -0.01803
   0.01085
  -0.01963
   0.01533
  -0.01696
  5.266509274e-02
  -5.153738151e-03
  -2.141048016e-02
  6.719493164e-02
  8.700291473e-03
  3.167599455e-02
  -4.732748583e-01 1.612499742e-01 1.861330551e-01
  5.055047913e-01 6.380346136e-01 1.161162710e-01
  3.821832561e-01 -1.784414632e-01 8.458740938e-01
 Node:         60
  0.1374E+03  0.1150E+03  0.4832E+03  0.1033E-01
   0.01348
  -0.009139
   0.006327
  -0.009576
   0.006297
   0.003504
  2.244703812e-02
  -4.723834518e-05
  -7.690145801e-04
  2.228572115e-02
  7.210261733e-03
  1.050558970e-02
  -6.235023184e-01 4.566752190e-01 4.077363359e-01
  4.096468315e-01 5.523208140e-01 2.932394271e-01
  4.285243174e-01 -3.176906079e-02 3.098117362e-01
 Node:         61
  0.1547E+03  0.1220E+03  0.4529E+03  0.1033E-01
   0.02831
  -0.00749
  -0.004705
   0.007438
  -0.01267
  -0.02554
  3.034339567e-02
  -6.342059248e-04
  -3.912234415e-02
  5.952245566e-02
  -3.137718135e-03
  2.805915469e-02
  -1.739252447e-01 1.646182380e-01 -1.304966512e-02
  5.261838228e-01 7.940511077e-01 -2.815638125e-01
  -5.994234930e-03 2.662450845e-01 9.820692427e-01
 Node:         62
  0.1488E+03  0.1202E+03  0.4695E+03  0.1033E-01
   0.04477
  -0.02917
   0.01113
  -0.01977
   0.008696
   0.01974
  7.374219990e-02
  6.996612777e-03
  -9.692397733e-03
  7.666495500e-02
  2.368213831e-02
  3.614020637e-02
  -7.534588872e-01 4.924655848e-01 3.416519062e-01
  1.488118496e-01 1.556686244e-01 9.030491149e-03
  6.238969603e-02 2.719312519e-02 6.749600206e-02
 Node:         63
  0.1436E+03  0.1181E+03  0.4838E+03  0.1033E-01
   0.01074
  -0.01522
   0.01647
  -0.007879
   0.01089
   0.007792
  3.551702679e-02
  5.047009067e-04
  -1.155708192e-03
  3.561346034e-02
  1.162200650e-02
  1.678834620e-02
  -6.253923751e-01 7.758883565e-01 3.888499186e-01
  -2.597584750e-01 1.919913859e-01 -6.517496857e-01
  -6.042617826e-01 -6.439242865e-01 4.562028336e-01
 Node:         64
  0.1410E+03  0.1253E+03  0.4521E+03  0.1033E-01
  -0.02103
  -0.01299
   0.02795
  -6.964E-4
   0.001088
  -0.02162
  3.598459608e-02
  -2.166653040e-02
  -2.835182844e-02
  6.094671764e-02
  -4.677920917e-03
  2.873055822e-02
  -1.246751777e-01 3.672847501e-01 -1.332031942e-03
  -1.244054611e-01 -4.104198351e-02 5.390914477e-01
  6.338899536e-01 8.097670067e-02 1.661517980e-01
 Node:         65
  0.1339E+03  0.1229E+03  0.4681E+03  0.1033E-01
   0.006329
  -0.02113
   0.01867
  -0.006158
   0.002301
  -0.0134
  3.616535343e-02
  -8.959901597e-03
  -1.547938640e-02
  4.829543943e-02
  3.908688477e-03
  2.276668848e-02
  4.512527769e-01 -5.540317362e-01 -8.172725399e-02
  -3.360531891e-01 -2.906362906e-01 3.229890263e-01
  -1.198068006e-02 -8.051825863e-02 -2.305811128e-01
 Node:         66
  0.1299E+03  0.1214E+03  0.4825E+03  0.1033E-01
   0.006978
  -0.006638
   0.005724
  -0.002712
   0.002102
  -3.489E-4
  1.291974549e-02
  -2.577973673e-04
  -4.297946419e-04
  1.307483061e-02
  4.077384494e-03
  6.163534257e-03
  -6.924466100e-01 8.573806285e-01 1.663626224e-01
  6.909558990e-01 7.037636785e-01 -2.469994848e-01
  2.270191654e-01 6.308138073e-02 9.235190623e-01
 Node:         67
  0.1495E+03  0.1244E+03  0.4525E+03  0.1033E-01
  -0.01035
  -0.01013
   0.02644
  -3.772E-4
   0.002824
  -0.05495
  3.436353529e-02
  -2.146583205e-02
  -4.931781813e-02
  7.402695840e-02
  -1.214003830e-02
  3.489664285e-02
  -1.524063369e-01 5.972824833e-01 4.067523957e-02
  8.296226790e-01 2.291307058e-01 -1.103089387e-02
  9.928036837e-02 -1.153710974e-03 5.074814529e-01
 Node:         68
  0.1429E+03  0.1223E+03  0.4688E+03  0.1033E-01
   0.02898
  -0.0226
   0.02301
  -0.01556
   0.006759
  -0.0301
  5.548024730e-02
  -2.666395425e-03
  -2.942926739e-02
  7.540528011e-02
  7.794861494e-03
  3.554638994e-02
  -4.513046368e-01 4.022060793e-01 1.231723854e-01
  3.925300422e-01 5.190139104e-01 -4.673163318e-02
  4.252009789e-01 6.620642586e-02 8.232102937e-01
 Node:         69
  0.1379E+03  0.1205E+03  0.4831E+03  0.1033E-01
   0.0145
  -0.009599
   0.00726
  -0.007513
   0.004527
  -3.351E-5
  2.439040958e-02
  2.696109274e-04
  -2.301312571e-03
  2.542268268e-02
  7.452902646e-03
  1.198436755e-02
  -7.596613086e-01 5.687430191e-01 3.337761334e-01
  4.697700479e-01 7.316168470e-01 -1.849427409e-01
  3.096261721e-01 -2.998380216e-02 8.326385162e-01
 Node:         70
  0.1549E+03  0.1241E+03  0.4529E+03  0.1033E-01
  -2.637E-4
  -0.01313
   0.01894
  -0.008102
   0.006481
  -0.07195
  2.270739207e-02
  -1.030780598e-02
  -6.207962133e-02
  7.485552268e-02
  -1.656001175e-02
  3.528723180e-02
  -3.645079856e-03 -4.527640392e-02 1.634656311e-01
  -4.284267388e-02 -5.312493560e-02 1.289937043e-01
  1.501530448e-01 -5.864672849e-03 5.914008758e-01
 Node:         71
  0.1490E+03  0.1221E+03  0.4695E+03  0.1033E-01
   0.04777
  -0.01961
   0.01984
  -0.02973
   0.01228
  -0.02693
  7.285184183e-02
  4.069753272e-03
  -3.301892581e-02
  9.365415230e-02
  1.463422310e-02
  4.414899079e-02
  -7.590656878e-01 4.123715095e-01 2.943734673e-01
  1.716764194e-01 2.622989181e-01 -9.680540443e-02
  2.781325605e-01 -7.958756826e-02 8.279772282e-01
 Node:         72
  0.1434E+03  0.1199E+03  0.4837E+03  0.1033E-01
   0.02259
  -0.01003
   0.005998
  -0.013
   0.005889
   0.002279
  3.452185832e-02
  7.508081917e-04
  -3.326595569e-03
  3.591453786e-02
  1.064869031e-02
  1.693027551e-02
  -8.141320453e-01 4.178710974e-01 4.151287481e-01
  3.133045795e-01 6.952147862e-01 -4.238169140e-02
  1.898928387e-01 -7.804829778e-02 4.963293251e-01
 Node:         73
  0.1439E+03  0.1339E+03  0.4517E+03  0.0000E+00
   0.02596
   2.666E-4
  -0.01903
  -0.004913
   0.003888
   0.001838
  2.544305358e-02
  8.982544946e-03
  -2.395544771e-02
  4.525765475e-02
  3.490050273e-03
  2.133466305e-02
  -6.209736218e-01 -9.863268934e-03 3.103306646e-01
  -1.230195260e-02 -7.983342865e-02 6.271633179e-02
  -4.652350129e-02 5.372251417e-02 -9.476095003e-02
 Node:         74
  0.1364E+03  0.1303E+03  0.4680E+03  0.0000E+00
   0.04547
   0.01596
  -0.00195
   0.003571
   0.006415
   0.01116
  5.256860381e-02
  1.448157857e-02
  -8.213955693e-03
  5.302277311e-02
  1.961207556e-02
  2.499517495e-02
  -1.108750489e+00 -2.140355281e-01 -1.558289026e-01
  -1.441825554e-01 1.617513601e-01 8.232592993e-01
  -1.837813179e-01 1.010257805e+00 -1.670397785e-01
 Node:         75
  0.1313E+03  0.1288E+03  0.4826E+03  0.0000E+00
   0.02023
   0.006545
   0.001345
   0.001837
   9.623E-4
   0.001591
  2.251626584e-02
  1.586601803e-03
  -1.165944874e-04
  2.168215718e-02
  7.995424386e-03
  1.022106691e-02
  -9.676360639e-01 -2.666130757e-01 -7.429504482e-02
  -9.333678825e-02 8.471534982e-02 9.897052035e-01
  -2.600207522e-01 8.236424523e-01 -1.385158681e-01
 Node:         76
  0.1512E+03  0.1310E+03  0.4523E+03  0.0000E+00
   0.02028
  -0.002073
  -0.01835
  -0.005446
   6.739E-4
  -0.00411
  2.292722772e-02
  3.396941051e-03
  -2.517255384e-02
  4.453912793e-02
  3.838716435e-04
  2.099594626e-02
  -7.600090005e-01 7.499020093e-02 3.944369397e-01
  1.086678001e-01 -1.771111283e-02 7.021806285e-01
  -6.830778465e-02 -8.775476558e-01 -4.467269449e-03
 Node:         77
  0.1443E+03  0.1281E+03  0.4687E+03  0.0000E+00
   0.05443
   0.01473
  -0.002167
   0.004395
   0.002866
   0.004567
  6.308742658e-02
  8.741240082e-03
  -9.084778465e-03
  6.534702039e-02
  2.091462940e-02
  3.080488083e-02
  -9.749531685e-01 -2.136106625e-01 -8.900144204e-02
  -1.202865430e-01 1.466180113e-01 9.834513138e-01
  -1.991612561e-01 9.394920659e-01 -1.617209171e-01
 Node:         78
  0.1384E+03  0.1261E+03  0.4829E+03  0.0000E+00
   0.02352
   0.007944
   0.001539
   0.0026
   0.001171
   0.001097
  2.803805307e-02
  1.143645286e-03
  -1.029134621e-03
  2.804259414e-02
  9.384187910e-03
  1.321940565e-02
  -9.545609480e-01 -2.895804493e-01 -9.428303246e-02
  -1.244368485e-01 1.454894745e-01 1.075415559e+00
  -2.692424225e-01 1.051030242e+00 -1.657428233e-01
 Node:         79
  0.1552E+03  0.1261E+03  0.4529E+03  0.0000E+00
   0.01096
  -0.004657
  -0.0641
  -0.01481
   9.734E-4
  -0.009343
  1.397353993e-02
  -2.348295312e-02
  -6.214499227e-02
  6.740722214e-02
  -2.388480182e-02
  3.177606925e-02
  9.240617208e-01 9.956429675e-03 -3.532277805e-01
  9.166279238e-02 2.034969238e-01 3.927645080e-01
  -3.802719526e-02 -4.856622330e-01 1.435015121e-01
 Node:         80
  0.1492E+03  0.1240E+03  0.4695E+03  0.0000E+00
   0.06494
   0.003037
  -0.04006
   0.009074
   0.003931
   7.084E-4
  7.150839258e-02
  -1.046778228e-02
  -4.087422514e-02
  9.926200644e-02
  6.722128387e-03
  4.679255858e-02
  -9.190678516e-01 -8.103666151e-02 -1.141637661e-01
  -1.240763009e-01 3.534036115e-01 7.482968733e-01
  5.336161772e-03 -7.571703055e-01 3.477620608e-01
 Node:         81
  0.1433E+03  0.1217E+03  0.4837E+03  0.0000E+00
   0.02785
   0.005992
  -0.003447
   0.009274
   0.002708
   0.003204
  3.376322102e-02
  -1.194927403e-03
  -4.246192684e-03
  3.615156796e-02
  9.440700311e-03
  1.704201257e-02
  -9.419195260e-01 -1.833597630e-01 -2.788457950e-01
  -3.081399794e-01 3.417917568e-01 7.565329462e-01
  6.101885111e-02 -7.968921922e-01 3.841484286e-01
 Node:         82
  0.1267E+03  0.1148E+03  0.4556E+03  0.1741E-01
   0.01802
  -0.01102
  -0.005363
  -0.00434
  -0.001199
  -0.007054
  1.928992066e-02
  -4.795425811e-03
  -9.251664091e-03
  2.646981376e-02
  1.747610252e-03
  1.247798987e-02
  -8.407204101e-01 4.744837713e-01 1.650277177e-01
  -1.736177228e-02 -4.100400103e-01 6.576099433e-01
  1.248630603e-01 3.738429160e-01 4.643386914e-01
 Node:         83
  0.1234E+03  0.1129E+03  0.4716E+03  0.1741E-01
   0.00688
  -0.00859
  -0.004364
  -0.009436
   6.847E-4
   0.003174
  1.152272890e-02
  -1.345827048e-03
  -9.770259660e-03
  1.892132508e-02
  1.355473982e-04
  8.919598182e-03
  -5.397959505e-01 4.058510046e-01 3.471225708e-01
  4.872004122e-02 -3.579722102e-01 2.756406491e-01
  2.200006698e-01 4.202479701e-01 3.511434312e-01
 Node:         84
  0.1187E+03  0.1123E+03  0.4849E+03  0.1741E-01
   7.026E-4
  -8.239E-4
  -4.316E-4
  -0.002686
   1.372E-4
   0.004045
  3.590994518e-03
  -8.620421329e-05
  -1.964955487e-03
  5.217122924e-03
  5.132782727e-04
  2.459375332e-03
  -4.639997424e-01 2.116027357e-01 5.397867079e-01
  -2.187183411e-01 2.831143225e-01 -9.638155590e-02
  -2.881180319e-01 -3.261133333e-01 -3.328476043e-01
 Node:         85
  0.1302E+03  0.1161E+03  0.4543E+03  0.1741E-01
   0.02029
  -0.01246
  -0.005123
  -0.004232
  -0.002298
  -0.01299
  2.159798660e-02
  -5.821152653e-03
  -1.298213601e-02
  3.165190664e-02
  9.315659797e-04
  1.492085188e-02
  -8.041300258e-01 5.678228748e-01 2.107707934e-01
  2.080702215e-01 4.457807007e-01 -1.396974240e-01
  2.060138073e-01 2.024498712e-01 6.661222566e-01
 Node:         86
  0.1252E+03  0.1138E+03  0.4699E+03  0.1741E-01
  -0.007964
  -0.008606
   0.01768
  -0.02003
   0.003146
   1.754E-5
  2.700340134e-02
  3.929960247e-03
  -2.092794384e-02
  4.248602713e-02
  3.335139248e-03
  2.002810526e-02
  -5.266399279e-02 -1.631543534e-01 2.205074704e-02
  -2.440170015e-02 -9.615558990e-03 2.512834621e-01
  6.889064400e-01 1.083578135e-01 2.767587841e-01
 Node:         87
  0.1217E+03  0.1126E+03  0.4833E+03  0.1741E-01
   0.002314
  -6.626E-4
  -3.21E-4
  -0.00425
   5.395E-4
   0.004621
  5.393097682e-03
  -4.181054225e-04
  -1.313022050e-03
  6.363604001e-03
  1.220656736e-03
  2.999831695e-03
  -4.854946935e-01 2.313277640e-01 4.712611808e-01
  2.571723338e-01 -5.648092736e-01 3.437547141e-01
  7.046794436e-01 2.273045698e-01 2.396186502e-01
 Node:         88
  0.1338E+03  0.1169E+03  0.4526E+03  0.1741E-01
   0.01132
  -0.01262
   1.52E-4
  -0.004299
   0.003228
  -0.006474
  2.204651108e-02
  -4.460384132e-03
  -1.275752499e-02
  3.186935088e-02
  1.609533986e-03
  1.502335608e-02
  -6.457192344e-01 5.975590417e-01 3.352069037e-01
  2.304621844e-01 2.995167053e-01 -3.475012880e-04
  1.760070067e-01 8.720319423e-02 3.831752190e-01
 Node:         89
  0.1270E+03  0.1150E+03  0.4682E+03  0.1741E-01
   0.01867
  -0.01065
  -5.715E-4
  -0.01085
   8.852E-4
   3.239E-4
  2.019625296e-02
  -1.372573055e-03
  -7.328401855e-03
  2.496977561e-02
  3.831759351e-03
  1.177086511e-02
  -6.777253117e-01 5.029736218e-01 3.584185471e-01
  -1.472224111e-02 -4.023275631e-01 3.994715611e-01
  1.883871200e-01 4.268872272e-01 4.519867491e-01
 Node:         90
  0.1248E+03  0.1132E+03  0.4821E+03  0.1741E-01
   0.004975
  -0.003496
   0.001705
  -0.002694
   0.001404
   0.00123
  5.636050902e-03
  -5.183959299e-05
  -4.607519320e-04
  5.843083522e-03
  1.707819792e-03
  2.754455988e-03
  -6.152828903e-01 2.293974240e-01 3.453576662e-01
  7.462142195e-02 -3.146036270e-01 6.292230294e-01
  2.746488923e-01 5.987823802e-01 3.816518290e-01
 Node:         91
  0.1258E+03  0.1259E+03  0.4543E+03  0.1741E-01
  -0.02337
  -0.01979
   0.02002
  -0.007824
   9.313E-4
  -0.008443
  3.111894487e-02
  -7.640002061e-03
  -3.282741164e-02
  5.588770322e-02
  -3.116156277e-03
  2.634571595e-02
  -1.666064863e-01 5.600296754e-01 8.871946935e-02
  -1.549001546e-01 -1.538867079e-01 7.505873776e-01
  -3.661672334e-01 -2.354578053e-01 -1.248785162e-01
 Node:         92
  0.1208E+03  0.1231E+03  0.4723E+03  0.1741E-01
   0.006976
  -0.0139
  -0.001133
  -0.01184
  -1.44E-4
  -0.001137
  1.986948686e-02
  -1.170312931e-03
  -1.384212828e-02
  2.941070952e-02
  1.619015216e-03
  1.386434143e-02
  -5.487479490e-01 3.255755281e-01 2.828031427e-01
  -2.923276662e-04 -4.953034003e-01 6.279200927e-01
  4.137958269e-01 4.152030055e-01 3.599234827e-01
 Node:         93
  0.1159E+03  0.1217E+03  0.4876E+03  0.1741E-01
   0.004343
   1.6E-4
  -0.001001
  -0.00566
  -0.002342
   0.003693
  7.383168985e-03
  3.169709428e-05
  -1.181501236e-03
  7.757246544e-03
  2.077788281e-03
  3.656801090e-03
  -6.799837743e-01 -1.033852344e-01 6.324701185e-01
  5.217881247e-01 -6.645779495e-01 4.196319938e-01
  -1.343445647e-01 -3.820649150e-01 -3.457922205e-01
 Node:         94
  0.1311E+03  0.1261E+03  0.4533E+03  0.1741E-01
  -0.02987
  -0.01952
   0.02421
  -0.005273
  -0.001073
  -0.01385
  3.408307625e-02
  -1.071993684e-02
  -3.836382998e-02
  6.325795942e-02
  -5.000230191e-03
  2.982008805e-02
  -2.052655358e-01 4.821618753e-01 -3.616028594e-02
  -2.067681607e-01 -1.129650799e-01 9.068238022e-01
  -6.656567233e-01 -1.929515033e-01 -1.627544565e-01
 Node:         95
  0.1249E+03  0.1233E+03  0.4704E+03  0.1741E-01
   0.01429
  -0.0126
   0.006863
  -0.01338
   9.044E-4
  -0.01377
  2.501066718e-02
  -7.272250335e-04
  -1.614663936e-02
  3.541741612e-02
  2.712267596e-03
  1.669593008e-02
