 Group name: predicted_strain_L5A1
 #Fields=  16
 1) coordinates, coordinate, rectangular cartesian, #Components=3
   x.  Value index= 1, #Derivatives=0
   y.  Value index= 2, #Derivatives=0
   z.  Value index= 3, #Derivatives=0
 2) Tensor_1, field, rectangular cartesian, #Components=1
   Tensor_1.  Value index= 4, #Derivatives=0
 3) Tensor_2, field, rectangular cartesian, #Components=1
   Tensor_2.  Value index= 5, #Derivatives=0
 4) Tensor_3, field, rectangular cartesian, #Components=1
   Tensor_3.  Value index= 6, #Derivatives=0
 5) Tensor_4, field, rectangular cartesian, #Components=1
   Tensor_4.  Value index= 7, #Derivatives=0
 6) Tensor_5, field, rectangular cartesian, #Components=1
   Tensor_5.  Value index= 8, #Derivatives=0
 7) Tensor_6, field, rectangular cartesian, #Components=1
   Tensor_6.  Value index= 9, #Derivatives=0
 8) Principal_1, field, rectangular cartesian, #Components=1
   Principal_1.  Value index= 10, #Derivatives=0
 9) Principal_2, field, rectangular cartesian, #Components=1
   Principal_2.  Value index= 11, #Derivatives=0
 10) Principal_3, field, rectangular cartesian, #Components=1
   Principal_3.  Value index= 12, #Derivatives=0
 11) VonMises, field, rectangular cartesian, #Components=1
   VonMises.  Value index= 13, #Derivatives=0
 12) Hydrostatic, field, rectangular cartesian, #Components=1
   VonMises.  Value index= 14, #Derivatives=0
 13) Octahedral, field, rectangular cartesian, #Components=1
   VonMises.  Value index= 15, #Derivatives=0
 14) PrincipalVector1, field, rectangular cartesian, #Components=3
   x.  Value index= 16, #Derivatives=0
   y.  Value index= 17, #Derivatives=0
   z.  Value index= 18, #Derivatives=0
 15) PrincipalVector2, field, rectangular cartesian, #Components=3
   x.  Value index= 19, #Derivatives=0
   y.  Value index= 20, #Derivatives=0
   z.  Value index= 21, #Derivatives=0
 16) PrincipalVector3, field, rectangular cartesian, #Components=3
   x.  Value index= 22, #Derivatives=0
   y.  Value index= 23, #Derivatives=0
   z.  Value index= 24, #Derivatives=0
 Node:          1
  0.1287E+03  0.1133E+03  0.4908E+03 -0.3432E-04
  -1.11E-16
  -8.327E-17
  -2.22E-16
  -2.776E-17
  -4.163E-17
  -3.331E-16
  -6.637000000e-17
  -2.400000000e-16
  -3.598000000e-16
  2.555392160e-16
  -2.220566667e-16
  1.204623416e-16
  8.837000000e-01 -4.676000000e-01 -1.897000000e-02
  4.046000000e-01 7.837000000e-01 -4.712000000e-01
  2.352000000e-01 4.088000000e-01 8.818000000e-01
 Node:          2
  0.1292E+03  0.1137E+03  0.5052E+03 -0.3432E-04
  -5.551E-17
  -1.11E-16
  -1.665E-16
  -5.551E-17
   1.943E-16
  -2.776E-16
  8.603000000e-17
  -1.600000000e-16
  -4.256000000e-16
  4.431926093e-16
  -1.665233333e-16
  2.089229996e-16
  -6.554000000e-01 6.199000000e-01 4.313000000e-01
  7.522000000e-01 4.849000000e-01 4.462000000e-01
  -6.744000000e-02 -6.169000000e-01 7.841000000e-01
 Node:          3
  0.1289E+03  0.1155E+03  0.5194E+03 -0.3432E-04
   2.22E-16
   1.388E-16
   3.331E-16
   1.11E-16
   5.551E-17
   2.22E-16
  4.753000000e-16
  2.118000000e-16
  9.006000000e-17
  3.410738448e-16
  2.590533333e-16
  1.607837524e-16
  -5.696000000e-01 -7.144000000e-01 -4.063000000e-01
  2.395000000e-01 -6.172000000e-01 7.494000000e-01
  -7.862000000e-01 3.296000000e-01 5.227000000e-01
 Node:          4
  0.1361E+03  0.1141E+03  0.4915E+03 -0.3432E-04
   0.0
  -2.776E-17
  -1.11E-16
  -2.776E-17
  -8.327E-17
   2.22E-16
  2.435000000e-16
  6.328000000e-18
  -1.388000000e-16
  3.342648530e-16
  3.700933333e-17
  1.575739629e-16
  -8.549000000e-02 -2.215000000e-01 9.714000000e-01
  9.681000000e-01 -2.491000000e-01 2.840000000e-02
  2.357000000e-01 9.428000000e-01 2.357000000e-01
 Node:          5
  0.1341E+03  0.1144E+03  0.5054E+03 -0.3432E-04
   3.331E-16
   1.388E-16
   3.331E-16
   5.551E-17
  -6.939E-17
   4.441E-16
  4.814000000e-16
  4.627000000e-16
  1.662000000e-16
  3.062784517e-16
  3.701000000e-16
  1.443810468e-16
  -3.480000000e-01 -6.443000000e-01 6.810000000e-01
  -6.589000000e-01 -3.487000000e-01 -6.665000000e-01
  6.669000000e-01 -6.807000000e-01 -3.032000000e-01
 Node:          6
  0.1323E+03  0.1162E+03  0.5191E+03 -0.3432E-04
   2.22E-16
   5.551E-17
   2.22E-16
  -5.551E-17
  -2.776E-17
   0.0
  2.897000000e-16
  1.685000000e-16
  -1.402000000e-17
  2.648101478e-16
  1.480600000e-16
  1.248327008e-16
  -7.150000000e-01 -6.696000000e-01 2.012000000e-01
  6.656000000e-01 -7.399000000e-01 -9.741000000e-02
  -2.141000000e-01 -6.426000000e-02 -9.747000000e-01
 Node:          7
  0.1408E+03  0.1171E+03  0.4920E+03 -0.3432E-04
   3.331E-16
   2.22E-16
   2.22E-16
  -8.327E-17
  -1.11E-16
   0.0
  5.398000000e-16
  6.158000000e-17
  -4.631000000e-17
  5.403052621e-16
  1.850233333e-16
  2.547023432e-16
  -7.537000000e-01 -6.111000000e-01 2.419000000e-01
  -6.560000000e-01 6.770000000e-01 -3.335000000e-01
  -4.004000000e-02 4.101000000e-01 9.112000000e-01
 Node:          8
  0.1367E+03  0.1169E+03  0.5055E+03 -0.3432E-04
   2.22E-16
   1.943E-16
   2.22E-16
  -4.025E-16
  -2.359E-16
  -2.22E-16
  6.547000000e-16
  4.477000000e-17
  -4.775000000e-16
  9.814930967e-16
  7.399000000e-17
  4.626802829e-16
  -6.847000000e-01 -5.611000000e-01 4.652000000e-01
  5.685000000e-01 -8.105000000e-01 -1.409000000e-01
  -4.561000000e-01 -1.681000000e-01 -8.739000000e-01
 Node:          9
  0.1339E+03  0.1180E+03  0.5191E+03 -0.3432E-04
   2.22E-16
   1.665E-16
   0.0
  -3.955E-16
  -2.776E-16
   6.661E-16
  1.002000000e-15
  -9.379000000e-18
  -1.046000000e-16
  1.062195387e-15
  2.960070000e-16
  5.007237074e-16
  -4.817000000e-01 -3.073000000e-01 8.207000000e-01
  -8.565000000e-01 -3.292000000e-02 -5.150000000e-01
  -1.853000000e-01 9.510000000e-01 2.474000000e-01
 Node:         10
  0.1294E+03  0.1212E+03  0.4911E+03 -0.3432E-04
   0.0
   2.776E-17
   1.11E-16
  -1.388E-17
   1.249E-16
   1.11E-16
  2.363000000e-16
  2.303000000e-17
  -3.732000000e-17
  2.489920880e-16
  7.400333333e-17
  1.173759959e-16
  4.210000000e-02 7.100000000e-01 7.030000000e-01
  -7.813000000e-01 -4.152000000e-01 4.661000000e-01
  -6.228000000e-01 5.688000000e-01 -5.372000000e-01
 Node:         11
  0.1295E+03  0.1214E+03  0.5055E+03 -0.3432E-04
  -2.22E-16
  -2.776E-17
  -2.22E-16
  -4.163E-17
   1.388E-17
  -1.665E-16
  -1.365000000e-16
  -2.183000000e-16
  -2.558000000e-16
  1.056645163e-16
  -2.035333333e-16
  4.981073066e-17
  -4.935000000e-01 2.929000000e-01 8.189000000e-01
  3.541000000e-01 -7.924000000e-01 4.968000000e-01
  -7.944000000e-01 -5.351000000e-01 -2.873000000e-01
 Node:         12
  0.1295E+03  0.1217E+03  0.5196E+03 -0.3432E-04
   1.11E-16
   0.0
   1.11E-16
   7.633E-17
   2.776E-17
   2.22E-16
  2.649000000e-16
  1.110000000e-16
  6.816000000e-17
  1.792025435e-16
  1.480200000e-16
  8.447688915e-17
  -4.387000000e-01 -1.595000000e-01 -8.844000000e-01
  3.417000000e-01 -9.398000000e-01 -2.255000000e-17
  8.311000000e-01 3.022000000e-01 -4.668000000e-01
 Node:         13
  0.1361E+03  0.1199E+03  0.4914E+03 -0.3432E-04
   1.11E-16
  -1.388E-16
   0.0
  -9.714E-17
   2.776E-17
  -1.665E-16
  2.285000000e-16
  -8.520000000e-17
  -1.988000000e-16
  3.833392362e-16
  -1.850000000e-17
  1.807078489e-16
  8.171000000e-01 -5.252000000e-01 -2.378000000e-01
  4.648000000e-01 8.442000000e-01 -2.671000000e-01
  3.410000000e-01 1.077000000e-01 9.339000000e-01
 Node:         14
  0.1342E+03  0.1198E+03  0.5054E+03 -0.3432E-04
  -5.551E-17
   2.776E-17
   0.0
   5.551E-17
  -9.021E-17
   1.11E-16
  1.672000000e-16
  -4.940000000e-18
  -1.068000000e-16
  2.398787602e-16
  1.848666667e-17
  1.130799320e-16
  1.634000000e-01 -4.472000000e-01 8.794000000e-01
  -6.569000000e-01 -7.144000000e-01 -2.412000000e-01
  -7.361000000e-01 5.382000000e-01 4.105000000e-01
 Node:         15
  0.1330E+03  0.1205E+03  0.5193E+03 -0.3432E-04
   2.22E-16
  -8.327E-17
  -5.551E-17
   1.388E-17
   4.857E-17
   0.0
  2.451000000e-16
  2.471000000e-17
  -1.033000000e-16
  3.052383267e-16
  5.550333333e-17
  1.438907271e-16
  -9.638000000e-01 2.667000000e-01 -1.723000000e-03
  1.157000000e-01 4.239000000e-01 8.983000000e-01
  2.403000000e-01 8.656000000e-01 -4.394000000e-01
 Node:         16
  0.1404E+03  0.1188E+03  0.4918E+03 -0.3432E-04
   2.22E-16
   5.551E-17
   2.22E-16
  -8.327E-17
  -1.457E-16
   4.441E-16
  5.466000000e-16
  1.950000000e-16
  1.465000000e-16
  3.781896482e-16
  2.960333333e-16
  1.782803099e-16
  -2.927000000e-01 -4.328000000e-01 8.526000000e-01
  -9.222000000e-01 -1.077000000e-01 -3.713000000e-01
  -2.526000000e-01 8.950000000e-01 3.676000000e-01
 Node:         17
  0.1365E+03  0.1184E+03  0.5055E+03 -0.3432E-04
  -1.11E-16
   2.776E-17
  -1.11E-16
   9.714E-17
   1.7E-16
   0.0
  1.573000000e-16
  -1.341000000e-16
  -2.452000000e-16
  3.600440390e-16
  -7.400000000e-17
  1.697263877e-16
  3.368000000e-01 5.285000000e-01 7.792000000e-01
  8.927000000e-01 -4.425000000e-01 -8.566000000e-02
  -2.996000000e-01 -7.244000000e-01 6.209000000e-01
 Node:         18
  0.1341E+03  0.1191E+03  0.5192E+03 -0.3432E-04
   0.0
   0.0
   0.0
   2.645E-17
   1.065E-16
   4.441E-16
  4.697000000e-16
  -1.672000000e-33
  -2.562000000e-17
  4.830198634e-16
  1.480266667e-16
  2.276977472e-16
  -5.484000000e-02 -2.207000000e-01 -9.738000000e-01
  9.705000000e-01 -2.411000000e-01 -6.210000000e-17
  -2.348000000e-01 -9.451000000e-01 2.274000000e-01
 Node:         19
  0.1301E+03  0.1291E+03  0.4914E+03  0.0000E+00
   1.11E-16
   0.0
   1.11E-16
   2.101E-19
   1.001E-17
  -2.22E-16
  1.113000000e-16
  1.110000000e-16
  -2.223000000e-16
  3.334501012e-16
  0.000000000e+00
  1.571898852e-16
  -2.096000000e-02 -9.993000000e-01 -3.003000000e-02
  9.998000000e-01 -2.097000000e-02 1.345000000e-19
  6.298000000e-04 3.003000000e-02 -9.995000000e-01
 Node:         20
  0.1299E+03  0.1291E+03  0.5058E+03  0.0000E+00
   2.22E-16
   0.0
   0.0
   1.041E-17
   1.924E-17
  -5.551E-17
  2.224000000e-16
  5.975000000e-18
  -6.188000000e-17
  2.571567616e-16
  5.549833333e-17
  1.212248600e-16
  -9.993000000e-01 -3.257000000e-03 -3.765000000e-02
  1.428000000e-02 -9.549000000e-01 -2.965000000e-01
  -3.498000000e-02 -2.968000000e-01 9.543000000e-01
 Node:         21
  0.1301E+03  0.1280E+03  0.5197E+03  0.0000E+00
   1.11E-16
   0.0
   0.0
   4.163E-17
   1.475E-17
   1.11E-16
  1.534000000e-16
  7.089000000e-17
  -2.220000000e-18
  1.348528023e-16
  7.402333333e-17
  6.357022067e-17
  -6.994000000e-01 -6.840000000e-02 -7.114000000e-01
  -7.126000000e-01 1.429000000e-01 6.869000000e-01
  -5.465000000e-02 -9.874000000e-01 1.487000000e-01
 Node:         22
  0.1360E+03  0.1256E+03  0.4913E+03  0.0000E+00
  -2.22E-16
   1.388E-17
  -1.11E-16
  -1.388E-17
   1.006E-16
   1.11E-16
  1.500000000e-16
  -1.456000000e-16
  -2.264000000e-16
  3.432090908e-16
  -7.400000000e-17
  1.617903170e-16
  -2.144000000e-02 3.586000000e-01 9.332000000e-01
  2.280000000e-01 9.106000000e-01 -3.447000000e-01
  -9.734000000e-01 2.054000000e-01 -1.013000000e-01
 Node:         23
  0.1343E+03  0.1253E+03  0.5054E+03  0.0000E+00
   0.0
   2.082E-17
  -4.441E-16
   0.0
   1.314E-16
  -1.665E-16
  1.265000000e-18
  -1.147000000e-16
  -4.972000000e-16
  4.517861704e-16
  -2.035450000e-16
  2.129740431e-16
  9.970000000e-01 6.061000000e-02 4.746000000e-02
  6.644000000e-02 -3.661000000e-01 -9.282000000e-01
  3.888000000e-02 -9.286000000e-01 3.690000000e-01
 Node:         24
  0.1336E+03  0.1248E+03  0.5194E+03  0.0000E+00
  -2.22E-16
   1.214E-17
   0.0
   1.388E-17
   8.674E-19
  -1.665E-16
  6.779000000e-19
  -1.633000000e-16
  -2.259000000e-16
  2.026635839e-16
  -1.295073667e-16
  9.553652964e-17
  -5.504000000e-02 -9.984000000e-01 -9.747000000e-03
  2.257000000e-01 -2.195000000e-02 9.740000000e-01
  -9.726000000e-01 5.141000000e-02 2.265000000e-01
 Node:         25
  0.1400E+03  0.1206E+03  0.4917E+03  0.0000E+00
   0.0
   2.671E-16
  -1.11E-16
  -8.327E-17
  -1.301E-16
   2.22E-16
  3.681000000e-16
  7.580000000e-17
  -3.329000000e-16
  6.098671905e-16
  3.700000000e-17
  2.874941507e-16
  5.089000000e-01 4.781000000e-01 -7.159000000e-01
  6.086000000e-01 3.883000000e-01 6.920000000e-01
  6.088000000e-01 -7.878000000e-01 -9.334000000e-02
 Node:         26
  0.1363E+03  0.1200E+03  0.5055E+03  0.0000E+00
   2.22E-16
   1.076E-16
  -6.106E-16
   2.776E-17
  -1.124E-15
  -5.551E-17
  8.281000000e-16
  2.248000000e-16
  -1.497000000e-15
  2.089815320e-15
  -1.480333333e-16
  9.851483893e-16
  7.371000000e-02 6.174000000e-01 -7.832000000e-01
  9.955000000e-01 1.018000000e-03 9.449000000e-02
  -5.914000000e-02 7.866000000e-01 6.146000000e-01
 Node:         27
  0.1343E+03  0.1203E+03  0.5192E+03  0.0000E+00
   2.22E-16
  -1.943E-16
   2.22E-16
  -1.041E-16
   1.313E-15
   0.0
  1.466000000e-15
  1.875000000e-16
  -1.209000000e-15
  2.317369144e-15
  1.481666667e-16
  1.092418291e-15
  -1.693000000e-01 7.280000000e-01 6.643000000e-01
  9.848000000e-01 9.849000000e-02 1.431000000e-01
  3.876000000e-02 6.785000000e-01 -7.336000000e-01
 Node:         28
  0.1155E+03  0.1124E+03  0.4931E+03 -0.2028E-03
  -2.22E-16
   3.816E-17
   2.22E-16
  -5.551E-17
   5.551E-17
   1.11E-16
  2.455000000e-16
  1.014000000e-16
  -2.359000000e-16
  4.279497985e-16
  3.700000000e-17
  2.017374697e-16
  3.184000000e-02 9.284000000e-01 3.701000000e-01
  1.988000000e-01 3.571000000e-01 -9.127000000e-01
  9.795000000e-01 -1.026000000e-01 1.732000000e-01
 Node:         29
  0.1119E+03  0.1139E+03  0.5068E+03 -0.2028E-03
  -2.22E-16
  -2.082E-17
   0.0
   5.551E-17
   6.939E-18
  -3.331E-16
  1.944000000e-18
  -2.004000000e-16
  -3.566000000e-16
  3.113642034e-16
  -1.850186667e-16
  1.467784931e-16
  -9.118000000e-02 9.958000000e-01 5.517000000e-03
  -9.179000000e-01 -8.189000000e-02 -3.884000000e-01
  -3.863000000e-01 -4.048000000e-02 9.215000000e-01
 Node:         30
  0.1113E+03  0.1159E+03  0.5206E+03 -0.2028E-03
   2.22E-16
   1.249E-16
   2.22E-16
   0.0
  -2.776E-17
   1.11E-16
  3.486000000e-16
  1.238000000e-16
  8.277000000e-17
  2.478750591e-16
  1.850566667e-16
  1.168494234e-16
  -7.001000000e-01 -7.092000000e-01 8.287000000e-02
  -4.685000000e-01 3.686000000e-01 -8.029000000e-01
  -5.389000000e-01 6.009000000e-01 5.903000000e-01
 Node:         31
  0.1203E+03  0.1126E+03  0.4920E+03 -0.2028E-03
  -5.551E-17
   9.714E-17
  -1.11E-16
   2.776E-17
   4.163E-17
  -5.551E-17
  4.114000000e-17
  -7.661000000e-17
  -1.866000000e-16
  1.972667866e-16
  -7.402333333e-17
  9.299245501e-17
  -6.956000000e-01 -5.654000000e-01 -4.433000000e-01
  4.358000000e-01 1.585000000e-01 -8.860000000e-01
  5.712000000e-01 -8.095000000e-01 1.362000000e-01
 Node:         32
  0.1188E+03  0.1134E+03  0.5062E+03 -0.2028E-03
   2.22E-16
  -1.388E-17
  -1.11E-16
  -2.776E-17
   9.714E-17
  -5.551E-17
  2.266000000e-16
  1.331000000e-17
  -1.844000000e-16
  3.560216764e-16
  1.850333333e-17
  1.678302278e-16
  -9.894000000e-01 7.624000000e-02 1.236000000e-01
  1.445000000e-01 5.992000000e-01 7.875000000e-01
  1.402000000e-02 -7.970000000e-01 6.038000000e-01
 Node:         33
  0.1183E+03  0.1150E+03  0.5201E+03 -0.2028E-03
   1.11E-16
   5.551E-17
   0.0
   8.327E-17
   0.0
   0.0
  1.700000000e-16
  0.000000000e+00
  -5.893000000e-17
  2.058903711e-16
  3.702333333e-17
  9.705765171e-17
  -8.617000000e-01 -2.815000000e-01 -4.222000000e-01
  0.000000000e+00 -8.321000000e-01 5.547000000e-01
  -5.074000000e-01 4.780000000e-01 7.170000000e-01
 Node:         34
  0.1255E+03  0.1129E+03  0.4909E+03 -0.2028E-03
   0.0
   0.0
   0.0
   5.551E-17
   9.714E-17
   0.0
  1.119000000e-16
  3.387000000e-33
  -1.119000000e-16
  1.938164854e-16
  0.000000000e+00
  9.136596741e-17
  -3.508000000e-01 -6.139000000e-01 -7.071000000e-01
  8.682000000e-01 -4.961000000e-01 -4.855000000e-17
  -3.508000000e-01 -6.139000000e-01 7.071000000e-01
 Node:         35
  0.1260E+03  0.1135E+03  0.5054E+03 -0.2028E-03
   0.0
   1.11E-16
  -1.11E-16
   1.11E-16
   2.498E-16
  -1.11E-16
  2.410000000e-16
  -1.023000000e-16
  -3.608000000e-16
  5.228959648e-16
  -7.403333333e-17
  2.464955217e-16
  5.458000000e-01 5.925000000e-01 5.925000000e-01
  8.379000000e-01 -3.859000000e-01 -3.859000000e-01
  -4.975000000e-17 -7.071000000e-01 7.071000000e-01
 Node:         36
  0.1257E+03  0.1153E+03  0.5196E+03 -0.2028E-03
   0.0
  -5.551E-17
   0.0
  -5.551E-17
   8.327E-17
   0.0
  1.305000000e-16
  -4.723000000e-17
  -8.327000000e-17
  1.982226619e-16
  0.000000000e+00
  9.344305895e-17
  -5.155000000e-01 6.059000000e-01 6.059000000e-01
  8.569000000e-01 3.645000000e-01 3.645000000e-01
  -1.256000000e-16 7.071000000e-01 -7.071000000e-01
 Node:         37
  0.1132E+03  0.1210E+03  0.4959E+03 -0.2028E-03
  -2.22E-16
   1.388E-16
  -2.22E-16
  -8.327E-17
   1.804E-16
  -2.776E-16
  -4.482000000e-17
  -1.622000000e-16
  -5.146000000e-16
  4.234720019e-16
  -2.405400000e-16
  1.996266161e-16
  3.971000000e-01 7.887000000e-01 4.693000000e-01
  -7.874000000e-01 3.010000000e-02 6.157000000e-01
  4.715000000e-01 -6.140000000e-01 6.330000000e-01
 Node:         38
  0.1111E+03  0.1204E+03  0.5085E+03 -0.2028E-03
  -1.665E-16
   9.714E-17
   0.0
  -2.776E-17
  -8.327E-17
  -2.22E-16
  7.071000000e-17
  -2.091000000e-16
  -2.502000000e-16
  3.024616291e-16
  -1.295300000e-16
  1.425817793e-16
  -3.916000000e-01 -8.746000000e-01 2.859000000e-01
  9.154000000e-01 -3.389000000e-01 2.170000000e-01
  9.287000000e-02 -3.467000000e-01 -9.334000000e-01
 Node:         39
  0.1119E+03  0.1201E+03  0.5207E+03 -0.2028E-03
  -5.551E-17
  -9.714E-17
  -3.331E-16
  -8.327E-17
  -7.633E-17
  -1.11E-16
  8.934000000e-18
  -1.105000000e-16
  -3.981000000e-16
  3.623913061e-16
  -1.665553333e-16
  1.708329000e-16
  8.510000000e-01 -1.281000000e-01 -5.092000000e-01
  4.076000000e-01 -4.503000000e-01 7.944000000e-01
  -3.311000000e-01 -8.836000000e-01 -3.310000000e-01
 Node:         40
  0.1191E+03  0.1220E+03  0.4937E+03 -0.2028E-03
   0.0
   8.327E-17
  -2.22E-16
   8.327E-17
  -1.388E-17
  -2.22E-16
  4.872000000e-17
  -2.082000000e-16
  -2.846000000e-16
  3.024459198e-16
  -1.480266667e-16
  1.425743739e-16
  -9.240000000e-01 -2.703000000e-01 -2.703000000e-01
  0.000000000e+00 -7.071000000e-01 7.071000000e-01
  3.823000000e-01 -6.534000000e-01 -6.534000000e-01
 Node:         41
  0.1182E+03  0.1217E+03  0.5073E+03 -0.2028E-03
   0.0
  -2.776E-17
  -5.551E-17
   5.551E-17
   9.714E-17
   1.11E-16
  1.653000000e-16
  1.073000000e-17
  -1.206000000e-16
  2.478691830e-16
  1.847666667e-17
  1.168466534e-16
  2.406000000e-01 3.653000000e-01 8.993000000e-01
  -8.901000000e-01 4.526000000e-01 5.428000000e-02
  -3.871000000e-01 -8.135000000e-01 4.340000000e-01
 Node:         42
  0.1187E+03  0.1212E+03  0.5204E+03 -0.2028E-03
   0.0
  -5.551E-17
  -1.11E-16
   0.0
   5.551E-17
   1.11E-16
  1.256000000e-16
  1.887000000e-17
  -1.444000000e-16
  2.355296009e-16
  2.333333333e-20
  1.110297186e-16
  1.113000000e-01 -2.517000000e-01 -9.614000000e-01
  9.295000000e-01 -3.159000000e-01 1.903000000e-01
  -3.516000000e-01 -9.148000000e-01 1.988000000e-01
 Node:         43
  0.1258E+03  0.1217E+03  0.4915E+03 -0.2028E-03
   2.22E-16
   1.11E-16
   1.11E-16
  -1.388E-17
   0.0
  -5.551E-17
  2.911000000e-16
  4.294000000e-17
  -5.645000000e-17
  3.100425456e-16
  9.253000000e-17
  1.461554576e-16
  -8.507000000e-01 -5.246000000e-01 3.406000000e-02
  -5.213000000e-01 8.502000000e-01 7.348000000e-02
  6.751000000e-02 -4.475000000e-02 9.967000000e-01
 Node:         44
  0.1259E+03  0.1220E+03  0.5059E+03 -0.2028E-03
  -2.22E-16
   1.388E-16
  -2.22E-16
   9.714E-17
   1.11E-16
  -1.11E-16
  5.081000000e-17
  -2.445000000e-16
  -3.614000000e-16
  3.679610647e-16
  -1.850300000e-16
  1.734585094e-16
  -5.113000000e-01 -5.340000000e-01 -6.733000000e-01
  -5.198000000e-01 -4.318000000e-01 7.372000000e-01
  -6.844000000e-01 7.269000000e-01 -5.679000000e-02
 Node:         45
  0.1261E+03  0.1221E+03  0.5198E+03 -0.2028E-03
  -5.551E-17
  -8.327E-17
  -2.776E-16
   2.776E-17
  -6.939E-18
   1.11E-16
  1.167000000e-16
  -3.339000000e-17
  -3.053000000e-16
  3.705037491e-16
  -7.399666667e-17
  1.746571423e-16
  1.854000000e-01 -5.643000000e-02 9.810000000e-01
  9.302000000e-01 -3.117000000e-01 -1.938000000e-01
  -3.167000000e-01 -9.485000000e-01 5.308000000e-03
 Node:         46
  0.1117E+03  0.1296E+03  0.4959E+03  0.0000E+00
  -5.551E-17
   2.776E-17
  -1.665E-16
   6.939E-18
  -2.602E-17
   0.0
  4.101000000e-18
  -4.897000000e-17
  -1.772000000e-16
  1.614458370e-16
  -7.402300000e-17
  7.610629740e-17
  4.856000000e-02 -1.429000000e-01 9.886000000e-01
  9.724000000e-01 2.327000000e-01 -1.414000000e-02
  -2.280000000e-01 9.620000000e-01 1.502000000e-01
 Node:         47
  0.1107E+03  0.1269E+03  0.5087E+03  0.0000E+00
  -1.665E-16
  -3.123E-17
   1.11E-16
  -2.776E-17
   3.99E-17
   0.0
  1.289000000e-16
  -1.114000000e-17
  -1.732000000e-16
  2.618578385e-16
  -1.848000000e-17
  1.234409689e-16
  -1.292000000e-01 9.390000000e-01 3.186000000e-01
  -1.008000000e-01 -3.321000000e-01 9.379000000e-01
  -9.865000000e-01 -8.906000000e-02 -1.376000000e-01
 Node:         48
  0.1125E+03  0.1242E+03  0.5208E+03  0.0000E+00
   1.11E-16
   3.469E-18
   1.11E-16
   0.0
  -1.735E-18
   1.11E-16
  1.149000000e-16
  1.110000000e-16
  1.071000000e-16
  6.754998150e-18
  1.110000000e-16
  3.184336666e-18
  -6.325000000e-01 -7.071000000e-01 3.162000000e-01
  4.472000000e-01 -4.455000000e-15 8.944000000e-01
  -6.325000000e-01 7.071000000e-01 3.162000000e-01
 Node:         49
  0.1186E+03  0.1311E+03  0.4938E+03  0.0000E+00
  -1.665E-16
  -2.082E-17
   0.0
  -4.163E-17
  -6.072E-18
  -5.551E-17
  2.581000000e-18
  -4.165000000e-17
  -1.830000000e-16
  1.678935845e-16
  -7.402300000e-17
  7.914579474e-17
  1.174000000e-01 -9.929000000e-01 1.965000000e-02
  -3.135000000e-01 -1.827000000e-02 9.494000000e-01
  -9.423000000e-01 -1.176000000e-01 -3.134000000e-01
 Node:         50
  0.1180E+03  0.1298E+03  0.5075E+03  0.0000E+00
   0.0
  -1.301E-17
   3.331E-16
  -4.163E-17
   1.247E-17
   2.22E-16
  3.354000000e-16
  2.276000000e-16
  -7.879000000e-18
  3.040655121e-16
  1.850403333e-16
  1.433378570e-16
  5.441000000e-02 -9.902000000e-01 -1.289000000e-01
  -1.707000000e-01 -1.364000000e-01 9.758000000e-01
  9.838000000e-01 3.109000000e-02 1.765000000e-01
 Node:         51
  0.1192E+03  0.1275E+03  0.5206E+03  0.0000E+00
   0.0
  -3.469E-18
  -5.551E-17
   0.0
   1.475E-17
   1.11E-16
  1.123000000e-16
  2.087000000e-19
  -5.702000000e-17
  1.491791642e-16
  1.849623333e-17
  7.032373239e-17
  -2.705000000e-03 8.758000000e-02 9.962000000e-01
  9.982000000e-01 -6.004000000e-02 7.989000000e-03
  -6.051000000e-02 -9.943000000e-01 8.725000000e-02
 Node:         52
  0.1262E+03  0.1305E+03  0.4920E+03  0.0000E+00
   1.11E-16
  -1.388E-17
   1.11E-16
   1.301E-18
   4.906E-18
   0.0
  1.250000000e-16
  9.734000000e-17
  -2.497000000e-19
  1.139655924e-16
  7.403010000e-17
  5.372389547e-17
  -7.047000000e-01 7.092000000e-01 2.051000000e-02
  7.093000000e-01 7.034000000e-01 4.493000000e-02
  -1.744000000e-02 -4.621000000e-02 9.988000000e-01
 Node:         53
  0.1258E+03  0.1304E+03  0.5063E+03  0.0000E+00
  -1.665E-16
  -1.735E-18
  -1.11E-16
   2.776E-17
   3.383E-17
  -2.22E-16
  -1.010000000e-16
  -1.572000000e-16
  -2.414000000e-16
  1.223933005e-16
  -1.665333333e-16
  5.769675516e-17
  9.684000000e-02 9.526000000e-01 2.883000000e-01
  -9.346000000e-01 1.866000000e-01 -3.027000000e-01
  -3.422000000e-01 -2.402000000e-01 9.084000000e-01
 Node:         54
  0.1265E+03  0.1288E+03  0.5200E+03  0.0000E+00
  -2.22E-16
   2.082E-17
   1.11E-16
   0.0
  -4.337E-18
   1.11E-16
  1.160000000e-16
  1.073000000e-16
  -2.233000000e-16
  3.350347295e-16
  0.000000000e+00
  1.579368861e-16
  -4.656000000e-02 -7.562000000e-01 6.527000000e-01
  -4.117000000e-02 -6.514000000e-01 -7.576000000e-01
  -9.981000000e-01 6.215000000e-02 8.061000000e-04
 Node:         55
  0.1381E+03  0.1168E+03  0.4523E+03  0.1040E-01
   0.02033
  -0.008715
  -2.842E-4
  -0.00326
   0.01282
  -0.03554
  1.121115468e-03
  -1.714761688e-02
  -1.204446296e-02
  1.095842148e-02
  -9.356988126e-03
  5.165849429e-03
  3.667133442e-01 -1.687949891e-01 -1.026018519e-01
  7.575863181e-01 5.547890414e-01 5.532749455e-01
  6.411043486e-02 -2.898934423e-01 8.804488780e-01
 Node:         56
  0.1314E+03  0.1156E+03  0.4681E+03  0.1040E-01
   0.02887
  -0.01248
   0.001784
  -0.01135
   0.007655
  -0.01627
  1.988284314e-02
  -8.153049129e-03
  8.149938998e-03
  9.110511859e-03
  6.626577669e-03
  4.294736477e-03
  -4.445415566e-01 4.542495643e-01 1.234377342e-01
  5.802100218e-01 8.306678627e-01 -1.291788671e-02
  3.632313072e-01 -2.288236819e-01 8.610872549e-01
 Node:         57
  0.1285E+03  0.1140E+03  0.4823E+03  0.1040E-01
   0.008118
  -0.005443
   0.003384
  -0.003462
   0.002402
   5.236E-5
  9.006688344e-03
  -1.133328617e-04
  7.644895425e-03
  1.321555212e-03
  5.512750302e-03
  6.229871012e-04
  -7.485641612e-01 6.529307190e-01 1.999866776e-01
  4.942832244e-01 7.291504575e-01 -1.015491133e-01
  4.275103486e-01 -2.071246078e-01 9.457246187e-01
 Node:         58
  0.1476E+03  0.1177E+03  0.4526E+03  0.1040E-01
   0.01883
  -0.007247
   0.005227
  -0.001033
   0.008284
  -0.06169
  -8.954089325e-03
  -1.203965109e-02
  -3.200842593e-02
  2.407627323e-02
  -1.766738878e-02
  1.134966404e-02
  2.996138344e-01 2.509712418e-01 4.573291939e-02
  8.485592614e-01 7.586608932e-01 -1.134538453e-01
  2.376125294e-01 -8.633590414e-02 9.926463943e-01
 Node:         59
  0.1414E+03  0.1166E+03  0.4688E+03  0.1040E-01
   0.03996
  -0.01655
   0.005833
  -0.02048
   0.01494
  -0.0161
  2.851644336e-02
  7.658043617e-04
  2.246376906e-03
  2.497335656e-02
  1.050954154e-02
  1.177255318e-02
  -6.573077342e-01 2.836794118e-01 2.639097821e-01
  6.335605664e-01 8.674580719e-01 -1.202443508e-01
  4.512169935e-01 -2.478061438e-01 1.080831054e+00
 Node:         60
  0.1374E+03  0.1150E+03  0.4832E+03  0.1040E-01
   0.01463
  -0.009087
   0.005691
  -0.01011
   0.006482
   0.003845
  2.186933115e-02
  7.849850501e-04
  4.943100327e-03
  1.717982760e-02
  9.199138844e-03
  8.098648398e-03
  -7.608956427e-01 3.703432462e-01 5.513261917e-01
  5.444371460e-01 7.838857298e-01 1.964386318e-01
  4.859917211e-01 -9.188277887e-02 3.791196514e-01
 Node:         61
  0.1546E+03  0.1220E+03  0.4530E+03  0.1040E-01
   0.03048
  -0.005648
  -0.007977
   0.009443
  -0.0152
  -0.01992
  -2.740272331e-04
  1.530534150e-02
  -6.931775599e-03
  3.126129495e-03
  2.699846224e-03
  1.473671576e-03
  -1.046562092e-01 2.666361656e-02 -3.616301743e-02
  4.555602397e-01 9.583570806e-01 -3.137607625e-01
  -7.587117647e-02 3.733474259e-01 1.055548257e+00
 Node:         62
  0.1487E+03  0.1201E+03  0.4695E+03  0.1040E-01
   0.04536
  -0.0266
   0.007263
  -0.01965
   0.007643
   0.02531
  4.723891068e-02
  1.947884553e-02
  1.936587473e-02
  2.732682918e-02
  2.869454365e-02
  1.288199081e-02
  -9.252917211e-01 5.576744009e-01 4.256256536e-01
  -7.088126362e-03 -4.574738562e-02 2.633146760e-01
  2.222908497e-01 2.359918606e-01 2.553212854e-01
 Node:         63
  0.1436E+03  0.1181E+03  0.4838E+03  0.1040E-01
   0.01035
  -0.01461
   0.01576
  -0.008149
   0.01117
   0.008761
  3.052173965e-02
  1.717487669e-03
  3.418806318e-03
  2.721843395e-02
  1.188601121e-02
  1.283089281e-02
  -7.812368192e-01 9.689919390e-01 4.776464662e-01
  -5.071857298e-01 2.316910675e-02 -7.360718083e-01
  -6.253568192e-01 -6.614311765e-01 2.166234205e-01
 Node:         64
  0.1410E+03  0.1253E+03  0.4521E+03  0.1040E-01
  -0.01805
  -0.01407
   0.02423
   2.899E-4
   3.368E-4
  -0.02102
  1.580867429e-02
  -2.206604521e-02
  -9.480083878e-03
  2.786227693e-02
  -5.245818264e-03
  1.313440330e-02
  -1.313947277e-01 1.245152505e-01 -2.964374728e-02
  -1.952116558e-01 -6.818495643e-02 1.117773203e+00
  8.439447712e-01 9.756409368e-02 2.661309586e-01
 Node:         65
  0.1338E+03  0.1229E+03  0.4681E+03  0.1040E-01
   0.009174
  -0.02169
   0.01544
  -0.005926
   0.001988
  -0.01296
  2.141157190e-02
  -6.952648148e-03
  -2.668711329e-03
  2.431400057e-02
  3.930070806e-03
  1.146172979e-02
  6.084091721e-01 -7.534090414e-01 -1.103070806e-01
  -4.007452288e-01 -3.567152723e-01 2.682169935e-01
  -2.386862745e-02 -1.011709368e-01 -3.060306318e-01
 Node:         66
  0.1299E+03  0.1214E+03  0.4825E+03  0.1040E-01
   0.007402
  -0.006725
   0.005248
  -0.002924
   0.002249
  -2.115E-4
  1.160667974e-02
  3.808096950e-05
  1.284663181e-03
  1.048974970e-02
  4.309807963e-03
  4.944915429e-03
  -8.253298584e-01 8.636185185e-01 2.358484205e-01
  7.852168845e-01 8.682379085e-01 -3.326575163e-01
  2.542730937e-01 8.509997821e-02 1.218271786e+00
 Node:         67
  0.1494E+03  0.1243E+03  0.4526E+03  0.1040E-01
  -0.007192
  -0.009017
   0.02323
   5.418E-4
   0.002464
  -0.05543
  1.417386275e-02
  -2.590684423e-02
  -3.588337146e-02
  4.409307523e-02
  -1.587211765e-02
  2.078567500e-02
  -2.455840959e-01 1.015400109e+00 1.023585076e-01
  1.124766732e+00 3.588201525e-01 -2.584999891e-01
  2.504901025e-01 1.435216885e-02 7.252687364e-01
 Node:         68
  0.1429E+03  0.1223E+03  0.4688E+03  0.1040E-01
   0.03184
  -0.02073
   0.01956
  -0.01515
   0.006189
  -0.03029
  3.510117647e-02
  -1.721112375e-03
  -1.720198693e-02
  4.631077980e-02
  5.392692389e-03
  2.183111096e-02
  -5.954457516e-01 4.957718954e-01 1.582125272e-01
  5.577912647e-01 7.558725490e-01 -3.150549020e-01
  3.895754902e-01 2.689072963e-02 9.851126797e-01
 Node:         69
  0.1379E+03  0.1205E+03  0.4831E+03  0.1040E-01
   0.01487
  -0.009097
   0.006382
  -0.007625
   0.004453
   2.477E-5
  1.987645969e-02
  6.551677887e-04
  -5.288748366e-04
  1.964832034e-02
  6.667584216e-03
  9.262307035e-03
  -8.290581699e-01 4.899162309e-01 3.875765414e-01
  5.940729292e-01 9.765201525e-01 -4.520740305e-01
  2.054419390e-01 -1.547056536e-01 1.071822636e+00
 Node:         70
  0.1549E+03  0.1240E+03  0.4530E+03  0.1040E-01
   0.002117
  -0.01186
   0.01904
  -0.006529
   0.005272
  -0.07591
  5.997167756e-05
  -1.041451037e-02
  -5.165707516e-02
  4.630661272e-02
  -2.067053795e-02
  2.182914658e-02
  -3.889586057e-02 -1.630337691e-02 3.010831481e-01
  2.073261547e-01 3.113688453e-01 -3.068262527e-02
  3.011027887e-01 2.835589325e-02 7.931110022e-01
 Node:         71
  0.1489E+03  0.1220E+03  0.4695E+03  0.1040E-01
   0.04939
  -0.01682
   0.0178
  -0.02827
   0.01074
  -0.02843
  4.766787037e-02
  6.343330392e-03
  -2.055766340e-02
  5.989054903e-02
  1.115117912e-02
  2.823267556e-02
  -9.001397603e-01 4.226093682e-01 3.043976035e-01
  3.079377887e-01 6.574961874e-01 -2.992061438e-01
  1.654604575e-01 -1.913272658e-01 9.956015251e-01
 Node:         72
  0.1434E+03  0.1199E+03  0.4837E+03  0.1040E-01
   0.02267
  -0.009084
   0.005207
  -0.01286
   0.005615
   0.002215
  2.771727778e-02
  1.267313725e-03
  -8.539912854e-04
  2.740418071e-02
  9.376866739e-03
  1.291845468e-02
  -8.607172113e-01 3.388931373e-01 4.467712418e-01
  4.289193833e-01 1.039892375e+00 -2.898993453e-01
  5.270424837e-02 -2.432314793e-01 5.644046405e-01
 Node:         73
  0.1438E+03  0.1339E+03  0.4517E+03  0.0000E+00
   0.02504
   9.203E-4
  -0.01626
  -0.005367
   0.00423
  -0.001026
  1.402875926e-02
  4.156834641e-04
  -8.195143791e-03
  1.983203968e-02
  2.083099644e-03
  9.348913161e-03
  -8.783098039e-01 2.452276688e-04 2.357718519e-01
  -3.677915795e-01 -4.788383987e-02 8.971775599e-02
  -3.666786275e-02 2.643503268e-01 -1.110256340e-01
 Node:         74
  0.1363E+03  0.1303E+03  0.4680E+03  0.0000E+00
   0.04314
   0.01698
  -3.623E-4
   0.003534
   0.007138
   0.009485
  4.042371460e-02
  5.983716776e-03
  9.927886710e-04
  3.412904274e-02
  1.580007335e-02
  1.608858504e-02
  -1.181064052e+00 -2.953342919e-01 -1.716119826e-01
  -1.585858606e-01 2.276740850e-01 9.250997821e-01
  -2.559307342e-01 1.113507407e+00 -2.426066993e-01
 Node:         75
  0.1313E+03  0.1288E+03  0.4826E+03  0.0000E+00
   0.01954
   0.006983
   0.001606
   0.002132
   0.001117
   0.001508
  1.868318519e-02
  1.018864706e-03
  1.741375054e-03
  1.682148439e-02
  7.147808315e-03
  7.929723789e-03
  -9.613557734e-01 -3.766667102e-01 -1.251962266e-01
  -1.417974706e-01 1.939149477e-01 9.974897603e-01
  -3.690719390e-01 9.301579521e-01 -2.295179739e-01
 Node:         76
  0.1512E+03  0.1310E+03  0.4524E+03  0.0000E+00
   0.0191
  -0.00121
  -0.0143
  -0.005462
  -4.0E-4
  -0.008846
  3.007066449e-03
  -7.196332963e-03
  -1.351950980e-03
  5.221981920e-03
  -1.847072498e-03
  2.461665884e-03
  -9.693610131e-01 9.613744009e-02 5.181225490e-01
  -1.188888889e-02 1.596495643e-02 8.982533769e-01
  -8.510986928e-02 -1.136764706e+00 5.199477124e-03
 Node:         77
  0.1443E+03  0.1281E+03  0.4687E+03  0.0000E+00
   0.05089
   0.01517
   2.459E-5
   0.00477
   0.00218
   0.002449
  4.386984205e-02
  -1.090871460e-03
  4.063498911e-03
  3.787743535e-02
  1.561415650e-02
  1.785559426e-02
  -9.671274510e-01 -2.758686797e-01 -1.208809009e-01
  -1.617434532e-01 1.357908279e-01 9.830851852e-01
  -2.592759412e-01 1.007712745e+00 -1.736559913e-01
 Node:         78
  0.1384E+03  0.1261E+03  0.4829E+03  0.0000E+00
   0.02214
   0.00801
   0.001753
   0.002903
   0.001232
   0.001041
  2.029784641e-02
  9.358776688e-04
  -5.371230937e-05
  1.985936364e-02
  7.060003922e-03
  9.361793801e-03
  -9.422868192e-01 -3.469402571e-01 -1.324238431e-01
  -1.540984956e-01 1.541782680e-01 1.263381155e+00
  -3.226515534e-01 1.046528322e+00 -2.107627015e-01
 Node:         79
  0.1551E+03  0.1260E+03  0.4530E+03  0.0000E+00
   0.009547
  -0.006527
  -0.06675
  -0.01573
   7.718E-4
  -2.928E-4
  -1.129827560e-02
  -2.496430719e-02
  5.129662309e-03
  -1.544582209e-02
  -1.037764016e-02
  -7.281230361e-03
  9.954421569e-01 -1.963736492e-01 -4.619150610e-01
  6.732832244e-03 2.551509662e-01 5.859317538e-01
  -4.916915904e-02 -7.201180535e-01 -1.503885044e-01
 Node:         80
  0.1491E+03  0.1239E+03  0.4695E+03  0.0000E+00
   0.06114
   0.001262
  -0.04164
   0.009219
   0.004187
   0.008407
  4.563147059e-02
  -1.303245686e-02
  1.673573747e-02
  2.538973189e-02
  1.644491707e-02
  1.196883439e-02
  -1.388738562e+00 -1.826211002e-01 -1.568366231e-01
  -6.525620915e-02 1.460420044e-01 1.007956626e+00
  2.476104139e-02 -1.015059352e+00 1.215910675e-01
 Node:         81
  0.1433E+03  0.1217E+03  0.4837E+03  0.0000E+00
   0.02633
   0.005684
  -0.003581
   0.009554
   0.002806
   0.004236
  2.546673856e-02
  -1.043967614e-03
  3.503847495e-03
  2.240220437e-02
  9.308872814e-03
  1.056050041e-02
  -9.293326797e-01 -1.856948802e-01 -3.474952658e-01
  -3.487995643e-01 1.210553377e-01 1.006650566e+00
  1.054422331e-01 -1.055170768e+00 1.730983660e-01
 Node:         82
  0.1267E+03  0.1148E+03  0.4555E+03  0.1916E-01
   0.01981
  -0.0108
  -0.006789
  -0.00472
  -0.002257
  -0.007309
  1.097718736e-02
  -4.738492919e-03
  -3.054466231e-04
  1.183900019e-02
  1.977749274e-03
  5.580958211e-03
  -1.048465630e+00 3.568767974e-01 6.066470588e-02
  1.172213508e-02 -6.098218736e-01 9.951720044e-01
  2.518735294e-01 5.633396514e-01 5.837429194e-01
 Node:         83
  0.1234E+03  0.1129E+03  0.4716E+03  0.1916E-01
   0.009105
  -0.008877
  -0.005043
  -0.01168
   2.567E-4
   0.004923
  9.716524401e-03
  -1.187844662e-03
  8.372296296e-03
  5.265470826e-04
  5.633658678e-03
  2.482166751e-04
  -7.755437037e-01 3.386582789e-01 3.982804248e-01
  2.231569717e-01 -5.776276471e-01 5.819008715e-01
  5.865786492e-01 6.424060675e-01 2.481929194e-01
 Node:         84
  0.1187E+03  0.1123E+03  0.4849E+03  0.1916E-01
   0.001014
  -9.01E-4
  -4.801E-4
  -0.003502
   1.787E-4
   0.005527
  3.991218388e-03
  -1.959275207e-04
  6.912891285e-03
  -3.150589041e-03
  3.569394051e-03
  -1.485201917e-03
  -4.125162309e-01 3.612959695e-01 8.451206972e-01
  -3.551674292e-01 6.070322440e-01 -1.808899782e-01
  -4.977103486e-01 -3.949088453e-01 -1.495569717e-01
 Node:         85
  0.1302E+03  0.1161E+03  0.4542E+03  0.1916E-01
   0.02291
  -0.01228
  -0.006876
  -0.004621
  -0.00399
  -0.01427
  9.253111111e-03
  -6.084546732e-03
  -3.754758170e-03
  1.313801161e-02
  -1.953979303e-04
  6.193318067e-03
  -1.024373246e+00 5.236163399e-01 1.352733115e-01
  3.504972767e-01 5.178176688e-01 -9.385827887e-02
  1.597831155e-01 2.705480392e-01 9.222178649e-01
 Node:         86
  0.1252E+03  0.1138E+03  0.4699E+03  0.1916E-01
  -0.006119
  -0.009639
   0.01487
  -0.02417
   0.00147
   9.055E-4
  3.325398693e-03
  1.253172026e-03
  -2.516416122e-04
  4.124625081e-03
  1.442309702e-03
  1.944366910e-03
  1.630947386e-01 -1.164445534e-01 2.544379085e-02
  -2.995661220e-01 -2.357690632e-02 2.449489107e-01
  6.992387800e-01 1.288283747e-01 6.016635076e-01
 Node:         87
  0.1217E+03  0.1126E+03  0.4833E+03  0.1916E-01
   0.002954
  -7.07E-4
  -4.444E-4
  -0.005307
   7.037E-4
   0.005966
  5.798867974e-03
  -7.235186002e-04
  8.550960349e-03
  -2.808687161e-03
  4.542103241e-03
  -1.324027825e-03
  -5.142838780e-01 6.043766885e-02 7.735133725e-01
  1.410491285e-01 -9.596443355e-01 3.129296296e-01
  7.490031590e-01 3.320077451e-01 5.830514161e-01
 Node:         88
  0.1338E+03  0.1169E+03  0.4525E+03  0.1916E-01
   0.0154
  -0.01192
  -0.001339
  -0.004754
   0.001102
  -0.008811
  1.927139434e-03
  -5.143619717e-03
  5.251465142e-03
  -6.823867261e-04
  6.783282861e-04
  -3.216801876e-04
  -8.364720610e-01 5.864775599e-01 1.968941176e-01
  2.702104575e-01 8.317459150e-02 8.021612200e-02
  3.859586057e-03 -4.896797386e-02 4.777008715e-01
 Node:         89
  0.1270E+03  0.1150E+03  0.4681E+03  0.1916E-01
   0.02347
  -0.01119
  -0.001456
  -0.0128
   2.8E-4
   7.345E-4
  1.801554575e-02
  -5.583873638e-04
  1.531117429e-02
  2.796034303e-03
  1.092277756e-02
  1.318063211e-03
  -9.510621895e-01 3.927738562e-01 3.136483660e-01
  7.912132898e-02 -7.220093682e-01 8.223164488e-01
  5.610586057e-01 5.829776514e-01 4.967888235e-01
 Node:         90
  0.1248E+03  0.1132E+03  0.4821E+03  0.1916E-01
   0.00611
  -0.00414
   0.001994
  -0.003268
   0.001716
   0.001557
  6.911437691e-03
  1.542811111e-04
  7.714657516e-03
  -9.113192166e-04
  4.926792106e-03
  -4.295999986e-04
  -9.085855882e-01 1.412783224e-01 4.678310566e-01
  8.556757081e-02 -4.248123312e-01 8.076845316e-01
  6.342517429e-01 6.603694989e-01 3.699730937e-01
 Node:         91
  0.1257E+03  0.1258E+03  0.4543E+03  0.1916E-01
  -0.0211
  -0.02146
   0.01662
  -0.007664
  -8.543E-4
  -0.008429
  1.061701089e-02
  -6.676413943e-03
  -2.334460566e-02
  2.921710610e-02
  -6.468002905e-03
  1.377307590e-02
  -2.342670697e-01 6.069538126e-01 7.043184096e-02
  -1.793299564e-01 -1.821140523e-01 9.268262527e-01
  -5.822773420e-01 -2.847867102e-01 -1.869226580e-01
 Node:         92
  0.1208E+03  0.1231E+03  0.4723E+03  0.1916E-01
   0.009874
  -0.01431
  -0.003203
  -0.01247
  -0.001508
  -0.001957
  8.193477124e-03
  -2.126332026e-03
  -3.494523965e-03
  1.036050837e-02
  8.575403776e-04
  4.883990484e-03
  -7.495936678e-01 6.684480392e-01 5.329652505e-01
  -1.132699346e-02 -5.313891068e-01 6.343660131e-01
  8.375867102e-01 5.730541229e-01 4.829631155e-01
 Node:         93
  0.1159E+03  0.1217E+03  0.4876E+03  0.1916E-01
   0.004784
   2.949E-4
  -0.001175
  -0.006099
  -0.002733
   0.003955
  7.257236383e-03
  1.804301525e-04
  1.678152832e-03
  5.194079960e-03
  3.038606456e-03
  2.448512775e-03
  -8.645284183e-01 -2.018525272e-01 7.683601307e-01
  6.171821895e-01 -8.400214597e-01 4.703140523e-01
  -1.862491285e-01 -5.029511983e-01 -5.281354031e-01
 Node:         94
  0.1311E+03  0.1261E+03  0.4533E+03  0.1916E-01
  -0.02732
  -0.02113
   0.02059
  -0.004355
  -0.002698
  -0.01514
  1.198046078e-02
  -1.798876601e-02
  -2.623136383e-02
  3.370339194e-02
  -1.074655635e-02
  1.588793133e-02
  -3.002570207e-01 5.374735294e-01 -1.114996351e-01
  -3.357118736e-01 -2.140547168e-01 1.365063725e+00
  -1.151513290e+00 -2.161600044e-01 -2.895222222e-01
 Node:         95
  0.1248E+03  0.1233E+03  0.4703E+03  0.1916E-01
   0.0182
  -0.01283
   0.004586
  -0.01382
   4.271E-6
  -0.01578
  1.273924292e-02
  -7.282927364e-03
  -1.986733115e-03
  1.170076788e-02
  1.156527480e-03
  5.515794878e-03
