 Group name: predicted_strain_L4A1
 #Fields=  16
 1) coordinates, coordinate, rectangular cartesian, #Components=3
   x.  Value index= 1, #Derivatives=0
   y.  Value index= 2, #Derivatives=0
   z.  Value index= 3, #Derivatives=0
 2) Tensor_1, field, rectangular cartesian, #Components=1
   Tensor_1.  Value index= 4, #Derivatives=0
 3) Tensor_2, field, rectangular cartesian, #Components=1
   Tensor_2.  Value index= 5, #Derivatives=0
 4) Tensor_3, field, rectangular cartesian, #Components=1
   Tensor_3.  Value index= 6, #Derivatives=0
 5) Tensor_4, field, rectangular cartesian, #Components=1
   Tensor_4.  Value index= 7, #Derivatives=0
 6) Tensor_5, field, rectangular cartesian, #Components=1
   Tensor_5.  Value index= 8, #Derivatives=0
 7) Tensor_6, field, rectangular cartesian, #Components=1
   Tensor_6.  Value index= 9, #Derivatives=0
 8) Principal_1, field, rectangular cartesian, #Components=1
   Principal_1.  Value index= 10, #Derivatives=0
 9) Principal_2, field, rectangular cartesian, #Components=1
   Principal_2.  Value index= 11, #Derivatives=0
 10) Principal_3, field, rectangular cartesian, #Components=1
   Principal_3.  Value index= 12, #Derivatives=0
 11) VonMises, field, rectangular cartesian, #Components=1
   VonMises.  Value index= 13, #Derivatives=0
 12) Hydrostatic, field, rectangular cartesian, #Components=1
   VonMises.  Value index= 14, #Derivatives=0
 13) Octahedral, field, rectangular cartesian, #Components=1
   VonMises.  Value index= 15, #Derivatives=0
 14) PrincipalVector1, field, rectangular cartesian, #Components=3
   x.  Value index= 16, #Derivatives=0
   y.  Value index= 17, #Derivatives=0
   z.  Value index= 18, #Derivatives=0
 15) PrincipalVector2, field, rectangular cartesian, #Components=3
   x.  Value index= 19, #Derivatives=0
   y.  Value index= 20, #Derivatives=0
   z.  Value index= 21, #Derivatives=0
 16) PrincipalVector3, field, rectangular cartesian, #Components=3
   x.  Value index= 22, #Derivatives=0
   y.  Value index= 23, #Derivatives=0
   z.  Value index= 24, #Derivatives=0
 Node:          1
  0.1287E+03  0.1133E+03  0.4908E+03 -0.3597E-04
  -1.11E-16
  -8.327E-17
  -2.22E-16
  -2.776E-17
  -4.163E-17
  -3.331E-16
  -6.637000000e-17
  -2.400000000e-16
  -3.598000000e-16
  2.555392160e-16
  -2.220566667e-16
  1.204623416e-16
  8.837000000e-01 -4.676000000e-01 -1.897000000e-02
  4.046000000e-01 7.837000000e-01 -4.712000000e-01
  2.352000000e-01 4.088000000e-01 8.818000000e-01
 Node:          2
  0.1292E+03  0.1137E+03  0.5052E+03 -0.3597E-04
  -5.551E-17
  -1.11E-16
  -1.665E-16
  -5.551E-17
   1.943E-16
  -2.776E-16
  8.603000000e-17
  -1.600000000e-16
  -4.256000000e-16
  4.431926093e-16
  -1.665233333e-16
  2.089229996e-16
  -6.554000000e-01 6.199000000e-01 4.313000000e-01
  7.522000000e-01 4.849000000e-01 4.462000000e-01
  -6.744000000e-02 -6.169000000e-01 7.841000000e-01
 Node:          3
  0.1289E+03  0.1155E+03  0.5194E+03 -0.3597E-04
   2.22E-16
   1.388E-16
   3.331E-16
   1.11E-16
   5.551E-17
   2.22E-16
  4.753000000e-16
  2.118000000e-16
  9.006000000e-17
  3.410738448e-16
  2.590533333e-16
  1.607837524e-16
  -5.696000000e-01 -7.144000000e-01 -4.063000000e-01
  2.395000000e-01 -6.172000000e-01 7.494000000e-01
  -7.862000000e-01 3.296000000e-01 5.227000000e-01
 Node:          4
  0.1361E+03  0.1141E+03  0.4915E+03 -0.3597E-04
   0.0
  -2.776E-17
  -1.11E-16
  -2.776E-17
  -8.327E-17
   2.22E-16
  2.435000000e-16
  6.328000000e-18
  -1.388000000e-16
  3.342648530e-16
  3.700933333e-17
  1.575739629e-16
  -8.549000000e-02 -2.215000000e-01 9.714000000e-01
  9.681000000e-01 -2.491000000e-01 2.840000000e-02
  2.357000000e-01 9.428000000e-01 2.357000000e-01
 Node:          5
  0.1341E+03  0.1144E+03  0.5054E+03 -0.3597E-04
   3.331E-16
   1.388E-16
   3.331E-16
   5.551E-17
  -6.939E-17
   4.441E-16
  4.814000000e-16
  4.627000000e-16
  1.662000000e-16
  3.062784517e-16
  3.701000000e-16
  1.443810468e-16
  -3.480000000e-01 -6.443000000e-01 6.810000000e-01
  -6.589000000e-01 -3.487000000e-01 -6.665000000e-01
  6.669000000e-01 -6.807000000e-01 -3.032000000e-01
 Node:          6
  0.1323E+03  0.1162E+03  0.5191E+03 -0.3597E-04
   2.22E-16
   5.551E-17
   2.22E-16
  -5.551E-17
  -2.776E-17
   0.0
  2.897000000e-16
  1.685000000e-16
  -1.402000000e-17
  2.648101478e-16
  1.480600000e-16
  1.248327008e-16
  -7.150000000e-01 -6.696000000e-01 2.012000000e-01
  6.656000000e-01 -7.399000000e-01 -9.741000000e-02
  -2.141000000e-01 -6.426000000e-02 -9.747000000e-01
 Node:          7
  0.1408E+03  0.1171E+03  0.4920E+03 -0.3597E-04
   3.331E-16
   2.22E-16
   2.22E-16
  -8.327E-17
  -1.11E-16
   0.0
  5.398000000e-16
  6.158000000e-17
  -4.631000000e-17
  5.403052621e-16
  1.850233333e-16
  2.547023432e-16
  -7.537000000e-01 -6.111000000e-01 2.419000000e-01
  -6.560000000e-01 6.770000000e-01 -3.335000000e-01
  -4.004000000e-02 4.101000000e-01 9.112000000e-01
 Node:          8
  0.1367E+03  0.1169E+03  0.5055E+03 -0.3597E-04
   2.22E-16
   1.943E-16
   2.22E-16
  -4.025E-16
  -2.359E-16
  -2.22E-16
  6.547000000e-16
  4.477000000e-17
  -4.775000000e-16
  9.814930967e-16
  7.399000000e-17
  4.626802829e-16
  -6.847000000e-01 -5.611000000e-01 4.652000000e-01
  5.685000000e-01 -8.105000000e-01 -1.409000000e-01
  -4.561000000e-01 -1.681000000e-01 -8.739000000e-01
 Node:          9
  0.1339E+03  0.1180E+03  0.5191E+03 -0.3597E-04
   2.22E-16
   1.665E-16
   0.0
  -3.955E-16
  -2.776E-16
   6.661E-16
  1.002000000e-15
  -9.379000000e-18
  -1.046000000e-16
  1.062195387e-15
  2.960070000e-16
  5.007237074e-16
  -4.817000000e-01 -3.073000000e-01 8.207000000e-01
  -8.565000000e-01 -3.292000000e-02 -5.150000000e-01
  -1.853000000e-01 9.510000000e-01 2.474000000e-01
 Node:         10
  0.1294E+03  0.1212E+03  0.4911E+03 -0.3597E-04
   0.0
   2.776E-17
   1.11E-16
  -1.388E-17
   1.249E-16
   1.11E-16
  2.363000000e-16
  2.303000000e-17
  -3.732000000e-17
  2.489920880e-16
  7.400333333e-17
  1.173759959e-16
  4.210000000e-02 7.100000000e-01 7.030000000e-01
  -7.813000000e-01 -4.152000000e-01 4.661000000e-01
  -6.228000000e-01 5.688000000e-01 -5.372000000e-01
 Node:         11
  0.1295E+03  0.1214E+03  0.5055E+03 -0.3597E-04
  -2.22E-16
  -2.776E-17
  -2.22E-16
  -4.163E-17
   1.388E-17
  -1.665E-16
  -1.365000000e-16
  -2.183000000e-16
  -2.558000000e-16
  1.056645163e-16
  -2.035333333e-16
  4.981073066e-17
  -4.935000000e-01 2.929000000e-01 8.189000000e-01
  3.541000000e-01 -7.924000000e-01 4.968000000e-01
  -7.944000000e-01 -5.351000000e-01 -2.873000000e-01
 Node:         12
  0.1295E+03  0.1217E+03  0.5196E+03 -0.3597E-04
   1.11E-16
   0.0
   1.11E-16
   7.633E-17
   2.776E-17
   2.22E-16
  2.649000000e-16
  1.110000000e-16
  6.816000000e-17
  1.792025435e-16
  1.480200000e-16
  8.447688915e-17
  -4.387000000e-01 -1.595000000e-01 -8.844000000e-01
  3.417000000e-01 -9.398000000e-01 -2.255000000e-17
  8.311000000e-01 3.022000000e-01 -4.668000000e-01
 Node:         13
  0.1361E+03  0.1199E+03  0.4914E+03 -0.3597E-04
   1.11E-16
  -1.388E-16
   0.0
  -9.714E-17
   2.776E-17
  -1.665E-16
  2.285000000e-16
  -8.520000000e-17
  -1.988000000e-16
  3.833392362e-16
  -1.850000000e-17
  1.807078489e-16
  8.171000000e-01 -5.252000000e-01 -2.378000000e-01
  4.648000000e-01 8.442000000e-01 -2.671000000e-01
  3.410000000e-01 1.077000000e-01 9.339000000e-01
 Node:         14
  0.1342E+03  0.1198E+03  0.5054E+03 -0.3597E-04
  -5.551E-17
   2.776E-17
   0.0
   5.551E-17
  -9.021E-17
   1.11E-16
  1.672000000e-16
  -4.940000000e-18
  -1.068000000e-16
  2.398787602e-16
  1.848666667e-17
  1.130799320e-16
  1.634000000e-01 -4.472000000e-01 8.794000000e-01
  -6.569000000e-01 -7.144000000e-01 -2.412000000e-01
  -7.361000000e-01 5.382000000e-01 4.105000000e-01
 Node:         15
  0.1330E+03  0.1205E+03  0.5193E+03 -0.3597E-04
   2.22E-16
  -8.327E-17
  -5.551E-17
   1.388E-17
   4.857E-17
   0.0
  2.451000000e-16
  2.471000000e-17
  -1.033000000e-16
  3.052383267e-16
  5.550333333e-17
  1.438907271e-16
  -9.638000000e-01 2.667000000e-01 -1.723000000e-03
  1.157000000e-01 4.239000000e-01 8.983000000e-01
  2.403000000e-01 8.656000000e-01 -4.394000000e-01
 Node:         16
  0.1404E+03  0.1188E+03  0.4918E+03 -0.3597E-04
   2.22E-16
   5.551E-17
   2.22E-16
  -8.327E-17
  -1.457E-16
   4.441E-16
  5.466000000e-16
  1.950000000e-16
  1.465000000e-16
  3.781896482e-16
  2.960333333e-16
  1.782803099e-16
  -2.927000000e-01 -4.328000000e-01 8.526000000e-01
  -9.222000000e-01 -1.077000000e-01 -3.713000000e-01
  -2.526000000e-01 8.950000000e-01 3.676000000e-01
 Node:         17
  0.1365E+03  0.1184E+03  0.5055E+03 -0.3597E-04
  -1.11E-16
   2.776E-17
  -1.11E-16
   9.714E-17
   1.7E-16
   0.0
  1.573000000e-16
  -1.341000000e-16
  -2.452000000e-16
  3.600440390e-16
  -7.400000000e-17
  1.697263877e-16
  3.368000000e-01 5.285000000e-01 7.792000000e-01
  8.927000000e-01 -4.425000000e-01 -8.566000000e-02
  -2.996000000e-01 -7.244000000e-01 6.209000000e-01
 Node:         18
  0.1341E+03  0.1191E+03  0.5192E+03 -0.3597E-04
   0.0
   0.0
   0.0
   2.645E-17
   1.065E-16
   4.441E-16
  4.697000000e-16
  -1.672000000e-33
  -2.562000000e-17
  4.830198634e-16
  1.480266667e-16
  2.276977472e-16
  -5.484000000e-02 -2.207000000e-01 -9.738000000e-01
  9.705000000e-01 -2.411000000e-01 -6.210000000e-17
  -2.348000000e-01 -9.451000000e-01 2.274000000e-01
 Node:         19
  0.1301E+03  0.1291E+03  0.4914E+03  0.0000E+00
   1.11E-16
   0.0
   1.11E-16
   2.101E-19
   1.001E-17
  -2.22E-16
  1.113000000e-16
  1.110000000e-16
  -2.223000000e-16
  3.334501012e-16
  0.000000000e+00
  1.571898852e-16
  -2.096000000e-02 -9.993000000e-01 -3.003000000e-02
  9.998000000e-01 -2.097000000e-02 1.345000000e-19
  6.298000000e-04 3.003000000e-02 -9.995000000e-01
 Node:         20
  0.1299E+03  0.1291E+03  0.5058E+03  0.0000E+00
   2.22E-16
   0.0
   0.0
   1.041E-17
   1.924E-17
  -5.551E-17
  2.224000000e-16
  5.975000000e-18
  -6.188000000e-17
  2.571567616e-16
  5.549833333e-17
  1.212248600e-16
  -9.993000000e-01 -3.257000000e-03 -3.765000000e-02
  1.428000000e-02 -9.549000000e-01 -2.965000000e-01
  -3.498000000e-02 -2.968000000e-01 9.543000000e-01
 Node:         21
  0.1301E+03  0.1280E+03  0.5197E+03  0.0000E+00
   1.11E-16
   0.0
   0.0
   4.163E-17
   1.475E-17
   1.11E-16
  1.534000000e-16
  7.089000000e-17
  -2.220000000e-18
  1.348528023e-16
  7.402333333e-17
  6.357022067e-17
  -6.994000000e-01 -6.840000000e-02 -7.114000000e-01
  -7.126000000e-01 1.429000000e-01 6.869000000e-01
  -5.465000000e-02 -9.874000000e-01 1.487000000e-01
 Node:         22
  0.1360E+03  0.1256E+03  0.4913E+03  0.0000E+00
  -2.22E-16
   1.388E-17
  -1.11E-16
  -1.388E-17
   1.006E-16
   1.11E-16
  1.500000000e-16
  -1.456000000e-16
  -2.264000000e-16
  3.432090908e-16
  -7.400000000e-17
  1.617903170e-16
  -2.144000000e-02 3.586000000e-01 9.332000000e-01
  2.280000000e-01 9.106000000e-01 -3.447000000e-01
  -9.734000000e-01 2.054000000e-01 -1.013000000e-01
 Node:         23
  0.1343E+03  0.1253E+03  0.5054E+03  0.0000E+00
   0.0
   2.082E-17
  -4.441E-16
   0.0
   1.314E-16
  -1.665E-16
  1.265000000e-18
  -1.147000000e-16
  -4.972000000e-16
  4.517861704e-16
  -2.035450000e-16
  2.129740431e-16
  9.970000000e-01 6.061000000e-02 4.746000000e-02
  6.644000000e-02 -3.661000000e-01 -9.282000000e-01
  3.888000000e-02 -9.286000000e-01 3.690000000e-01
 Node:         24
  0.1336E+03  0.1248E+03  0.5194E+03  0.0000E+00
  -2.22E-16
   1.214E-17
   0.0
   1.388E-17
   8.674E-19
  -1.665E-16
  6.779000000e-19
  -1.633000000e-16
  -2.259000000e-16
  2.026635839e-16
  -1.295073667e-16
  9.553652964e-17
  -5.504000000e-02 -9.984000000e-01 -9.747000000e-03
  2.257000000e-01 -2.195000000e-02 9.740000000e-01
  -9.726000000e-01 5.141000000e-02 2.265000000e-01
 Node:         25
  0.1400E+03  0.1206E+03  0.4917E+03  0.0000E+00
   0.0
   2.671E-16
  -1.11E-16
  -8.327E-17
  -1.301E-16
   2.22E-16
  3.681000000e-16
  7.580000000e-17
  -3.329000000e-16
  6.098671905e-16
  3.700000000e-17
  2.874941507e-16
  5.089000000e-01 4.781000000e-01 -7.159000000e-01
  6.086000000e-01 3.883000000e-01 6.920000000e-01
  6.088000000e-01 -7.878000000e-01 -9.334000000e-02
 Node:         26
  0.1363E+03  0.1200E+03  0.5055E+03  0.0000E+00
   2.22E-16
   1.076E-16
  -6.106E-16
   2.776E-17
  -1.124E-15
  -5.551E-17
  8.281000000e-16
  2.248000000e-16
  -1.497000000e-15
  2.089815320e-15
  -1.480333333e-16
  9.851483893e-16
  7.371000000e-02 6.174000000e-01 -7.832000000e-01
  9.955000000e-01 1.018000000e-03 9.449000000e-02
  -5.914000000e-02 7.866000000e-01 6.146000000e-01
 Node:         27
  0.1343E+03  0.1203E+03  0.5192E+03  0.0000E+00
   2.22E-16
  -1.943E-16
   2.22E-16
  -1.041E-16
   1.313E-15
   0.0
  1.466000000e-15
  1.875000000e-16
  -1.209000000e-15
  2.317369144e-15
  1.481666667e-16
  1.092418291e-15
  -1.693000000e-01 7.280000000e-01 6.643000000e-01
  9.848000000e-01 9.849000000e-02 1.431000000e-01
  3.876000000e-02 6.785000000e-01 -7.336000000e-01
 Node:         28
  0.1155E+03  0.1124E+03  0.4931E+03 -0.2126E-03
  -2.22E-16
   3.816E-17
   2.22E-16
  -5.551E-17
   5.551E-17
   1.11E-16
  2.455000000e-16
  1.014000000e-16
  -2.359000000e-16
  4.279497985e-16
  3.700000000e-17
  2.017374697e-16
  3.184000000e-02 9.284000000e-01 3.701000000e-01
  1.988000000e-01 3.571000000e-01 -9.127000000e-01
  9.795000000e-01 -1.026000000e-01 1.732000000e-01
 Node:         29
  0.1119E+03  0.1139E+03  0.5068E+03 -0.2126E-03
  -2.22E-16
  -2.082E-17
   0.0
   5.551E-17
   6.939E-18
  -3.331E-16
  1.944000000e-18
  -2.004000000e-16
  -3.566000000e-16
  3.113642034e-16
  -1.850186667e-16
  1.467784931e-16
  -9.118000000e-02 9.958000000e-01 5.517000000e-03
  -9.179000000e-01 -8.189000000e-02 -3.884000000e-01
  -3.863000000e-01 -4.048000000e-02 9.215000000e-01
 Node:         30
  0.1113E+03  0.1159E+03  0.5206E+03 -0.2126E-03
   2.22E-16
   1.249E-16
   2.22E-16
   0.0
  -2.776E-17
   1.11E-16
  3.486000000e-16
  1.238000000e-16
  8.277000000e-17
  2.478750591e-16
  1.850566667e-16
  1.168494234e-16
  -7.001000000e-01 -7.092000000e-01 8.287000000e-02
  -4.685000000e-01 3.686000000e-01 -8.029000000e-01
  -5.389000000e-01 6.009000000e-01 5.903000000e-01
 Node:         31
  0.1203E+03  0.1126E+03  0.4920E+03 -0.2126E-03
  -5.551E-17
   9.714E-17
  -1.11E-16
   2.776E-17
   4.163E-17
  -5.551E-17
  4.114000000e-17
  -7.661000000e-17
  -1.866000000e-16
  1.972667866e-16
  -7.402333333e-17
  9.299245501e-17
  -6.956000000e-01 -5.654000000e-01 -4.433000000e-01
  4.358000000e-01 1.585000000e-01 -8.860000000e-01
  5.712000000e-01 -8.095000000e-01 1.362000000e-01
 Node:         32
  0.1188E+03  0.1134E+03  0.5062E+03 -0.2126E-03
   2.22E-16
  -1.388E-17
  -1.11E-16
  -2.776E-17
   9.714E-17
  -5.551E-17
  2.266000000e-16
  1.331000000e-17
  -1.844000000e-16
  3.560216764e-16
  1.850333333e-17
  1.678302278e-16
  -9.894000000e-01 7.624000000e-02 1.236000000e-01
  1.445000000e-01 5.992000000e-01 7.875000000e-01
  1.402000000e-02 -7.970000000e-01 6.038000000e-01
 Node:         33
  0.1183E+03  0.1150E+03  0.5201E+03 -0.2126E-03
   1.11E-16
   5.551E-17
   0.0
   8.327E-17
   0.0
   0.0
  1.700000000e-16
  0.000000000e+00
  -5.893000000e-17
  2.058903711e-16
  3.702333333e-17
  9.705765171e-17
  -8.617000000e-01 -2.815000000e-01 -4.222000000e-01
  0.000000000e+00 -8.321000000e-01 5.547000000e-01
  -5.074000000e-01 4.780000000e-01 7.170000000e-01
 Node:         34
  0.1255E+03  0.1129E+03  0.4909E+03 -0.2126E-03
   0.0
   0.0
   0.0
   5.551E-17
   9.714E-17
   0.0
  1.119000000e-16
  3.387000000e-33
  -1.119000000e-16
  1.938164854e-16
  0.000000000e+00
  9.136596741e-17
  -3.508000000e-01 -6.139000000e-01 -7.071000000e-01
  8.682000000e-01 -4.961000000e-01 -4.855000000e-17
  -3.508000000e-01 -6.139000000e-01 7.071000000e-01
 Node:         35
  0.1260E+03  0.1135E+03  0.5054E+03 -0.2126E-03
   0.0
   1.11E-16
  -1.11E-16
   1.11E-16
   2.498E-16
  -1.11E-16
  2.410000000e-16
  -1.023000000e-16
  -3.608000000e-16
  5.228959648e-16
  -7.403333333e-17
  2.464955217e-16
  5.458000000e-01 5.925000000e-01 5.925000000e-01
  8.379000000e-01 -3.859000000e-01 -3.859000000e-01
  -4.975000000e-17 -7.071000000e-01 7.071000000e-01
 Node:         36
  0.1257E+03  0.1153E+03  0.5196E+03 -0.2126E-03
   0.0
  -5.551E-17
   0.0
  -5.551E-17
   8.327E-17
   0.0
  1.305000000e-16
  -4.723000000e-17
  -8.327000000e-17
  1.982226619e-16
  0.000000000e+00
  9.344305895e-17
  -5.155000000e-01 6.059000000e-01 6.059000000e-01
  8.569000000e-01 3.645000000e-01 3.645000000e-01
  -1.256000000e-16 7.071000000e-01 -7.071000000e-01
 Node:         37
  0.1132E+03  0.1210E+03  0.4959E+03 -0.2126E-03
  -2.22E-16
   1.388E-16
  -2.22E-16
  -8.327E-17
   1.804E-16
  -2.776E-16
  -4.482000000e-17
  -1.622000000e-16
  -5.146000000e-16
  4.234720019e-16
  -2.405400000e-16
  1.996266161e-16
  3.971000000e-01 7.887000000e-01 4.693000000e-01
  -7.874000000e-01 3.010000000e-02 6.157000000e-01
  4.715000000e-01 -6.140000000e-01 6.330000000e-01
 Node:         38
  0.1111E+03  0.1204E+03  0.5085E+03 -0.2126E-03
  -1.665E-16
   9.714E-17
   0.0
  -2.776E-17
  -8.327E-17
  -2.22E-16
  7.071000000e-17
  -2.091000000e-16
  -2.502000000e-16
  3.024616291e-16
  -1.295300000e-16
  1.425817793e-16
  -3.916000000e-01 -8.746000000e-01 2.859000000e-01
  9.154000000e-01 -3.389000000e-01 2.170000000e-01
  9.287000000e-02 -3.467000000e-01 -9.334000000e-01
 Node:         39
  0.1119E+03  0.1201E+03  0.5207E+03 -0.2126E-03
  -5.551E-17
  -9.714E-17
  -3.331E-16
  -8.327E-17
  -7.633E-17
  -1.11E-16
  8.934000000e-18
  -1.105000000e-16
  -3.981000000e-16
  3.623913061e-16
  -1.665553333e-16
  1.708329000e-16
  8.510000000e-01 -1.281000000e-01 -5.092000000e-01
  4.076000000e-01 -4.503000000e-01 7.944000000e-01
  -3.311000000e-01 -8.836000000e-01 -3.310000000e-01
 Node:         40
  0.1191E+03  0.1220E+03  0.4937E+03 -0.2126E-03
   0.0
   8.327E-17
  -2.22E-16
   8.327E-17
  -1.388E-17
  -2.22E-16
  4.872000000e-17
  -2.082000000e-16
  -2.846000000e-16
  3.024459198e-16
  -1.480266667e-16
  1.425743739e-16
  -9.240000000e-01 -2.703000000e-01 -2.703000000e-01
  0.000000000e+00 -7.071000000e-01 7.071000000e-01
  3.823000000e-01 -6.534000000e-01 -6.534000000e-01
 Node:         41
  0.1182E+03  0.1217E+03  0.5073E+03 -0.2126E-03
   0.0
  -2.776E-17
  -5.551E-17
   5.551E-17
   9.714E-17
   1.11E-16
  1.653000000e-16
  1.073000000e-17
  -1.206000000e-16
  2.478691830e-16
  1.847666667e-17
  1.168466534e-16
  2.406000000e-01 3.653000000e-01 8.993000000e-01
  -8.901000000e-01 4.526000000e-01 5.428000000e-02
  -3.871000000e-01 -8.135000000e-01 4.340000000e-01
 Node:         42
  0.1187E+03  0.1212E+03  0.5204E+03 -0.2126E-03
   0.0
  -5.551E-17
  -1.11E-16
   0.0
   5.551E-17
   1.11E-16
  1.256000000e-16
  1.887000000e-17
  -1.444000000e-16
  2.355296009e-16
  2.333333333e-20
  1.110297186e-16
  1.113000000e-01 -2.517000000e-01 -9.614000000e-01
  9.295000000e-01 -3.159000000e-01 1.903000000e-01
  -3.516000000e-01 -9.148000000e-01 1.988000000e-01
 Node:         43
  0.1258E+03  0.1217E+03  0.4915E+03 -0.2126E-03
   2.22E-16
   1.11E-16
   1.11E-16
  -1.388E-17
   0.0
  -5.551E-17
  2.911000000e-16
  4.294000000e-17
  -5.645000000e-17
  3.100425456e-16
  9.253000000e-17
  1.461554576e-16
  -8.507000000e-01 -5.246000000e-01 3.406000000e-02
  -5.213000000e-01 8.502000000e-01 7.348000000e-02
  6.751000000e-02 -4.475000000e-02 9.967000000e-01
 Node:         44
  0.1259E+03  0.1220E+03  0.5059E+03 -0.2126E-03
  -2.22E-16
   1.388E-16
  -2.22E-16
   9.714E-17
   1.11E-16
  -1.11E-16
  5.081000000e-17
  -2.445000000e-16
  -3.614000000e-16
  3.679610647e-16
  -1.850300000e-16
  1.734585094e-16
  -5.113000000e-01 -5.340000000e-01 -6.733000000e-01
  -5.198000000e-01 -4.318000000e-01 7.372000000e-01
  -6.844000000e-01 7.269000000e-01 -5.679000000e-02
 Node:         45
  0.1261E+03  0.1221E+03  0.5198E+03 -0.2126E-03
  -5.551E-17
  -8.327E-17
  -2.776E-16
   2.776E-17
  -6.939E-18
   1.11E-16
  1.167000000e-16
  -3.339000000e-17
  -3.053000000e-16
  3.705037491e-16
  -7.399666667e-17
  1.746571423e-16
  1.854000000e-01 -5.643000000e-02 9.810000000e-01
  9.302000000e-01 -3.117000000e-01 -1.938000000e-01
  -3.167000000e-01 -9.485000000e-01 5.308000000e-03
 Node:         46
  0.1117E+03  0.1296E+03  0.4959E+03  0.0000E+00
  -5.551E-17
   2.776E-17
  -1.665E-16
   6.939E-18
  -2.602E-17
   0.0
  4.101000000e-18
  -4.897000000e-17
  -1.772000000e-16
  1.614458370e-16
  -7.402300000e-17
  7.610629740e-17
  4.856000000e-02 -1.429000000e-01 9.886000000e-01
  9.724000000e-01 2.327000000e-01 -1.414000000e-02
  -2.280000000e-01 9.620000000e-01 1.502000000e-01
 Node:         47
  0.1107E+03  0.1269E+03  0.5087E+03  0.0000E+00
  -1.665E-16
  -3.123E-17
   1.11E-16
  -2.776E-17
   3.99E-17
   0.0
  1.289000000e-16
  -1.114000000e-17
  -1.732000000e-16
  2.618578385e-16
  -1.848000000e-17
  1.234409689e-16
  -1.292000000e-01 9.390000000e-01 3.186000000e-01
  -1.008000000e-01 -3.321000000e-01 9.379000000e-01
  -9.865000000e-01 -8.906000000e-02 -1.376000000e-01
 Node:         48
  0.1125E+03  0.1242E+03  0.5208E+03  0.0000E+00
   1.11E-16
   3.469E-18
   1.11E-16
   0.0
  -1.735E-18
   1.11E-16
  1.149000000e-16
  1.110000000e-16
  1.071000000e-16
  6.754998150e-18
  1.110000000e-16
  3.184336666e-18
  -6.325000000e-01 -7.071000000e-01 3.162000000e-01
  4.472000000e-01 -4.455000000e-15 8.944000000e-01
  -6.325000000e-01 7.071000000e-01 3.162000000e-01
 Node:         49
  0.1186E+03  0.1311E+03  0.4938E+03  0.0000E+00
  -1.665E-16
  -2.082E-17
   0.0
  -4.163E-17
  -6.072E-18
  -5.551E-17
  2.581000000e-18
  -4.165000000e-17
  -1.830000000e-16
  1.678935845e-16
  -7.402300000e-17
  7.914579474e-17
  1.174000000e-01 -9.929000000e-01 1.965000000e-02
  -3.135000000e-01 -1.827000000e-02 9.494000000e-01
  -9.423000000e-01 -1.176000000e-01 -3.134000000e-01
 Node:         50
  0.1180E+03  0.1298E+03  0.5075E+03  0.0000E+00
   0.0
  -1.301E-17
   3.331E-16
  -4.163E-17
   1.247E-17
   2.22E-16
  3.354000000e-16
  2.276000000e-16
  -7.879000000e-18
  3.040655121e-16
  1.850403333e-16
  1.433378570e-16
  5.441000000e-02 -9.902000000e-01 -1.289000000e-01
  -1.707000000e-01 -1.364000000e-01 9.758000000e-01
  9.838000000e-01 3.109000000e-02 1.765000000e-01
 Node:         51
  0.1192E+03  0.1275E+03  0.5206E+03  0.0000E+00
   0.0
  -3.469E-18
  -5.551E-17
   0.0
   1.475E-17
   1.11E-16
  1.123000000e-16
  2.087000000e-19
  -5.702000000e-17
  1.491791642e-16
  1.849623333e-17
  7.032373239e-17
  -2.705000000e-03 8.758000000e-02 9.962000000e-01
  9.982000000e-01 -6.004000000e-02 7.989000000e-03
  -6.051000000e-02 -9.943000000e-01 8.725000000e-02
 Node:         52
  0.1262E+03  0.1305E+03  0.4920E+03  0.0000E+00
   1.11E-16
  -1.388E-17
   1.11E-16
   1.301E-18
   4.906E-18
   0.0
  1.250000000e-16
  9.734000000e-17
  -2.497000000e-19
  1.139655924e-16
  7.403010000e-17
  5.372389547e-17
  -7.047000000e-01 7.092000000e-01 2.051000000e-02
  7.093000000e-01 7.034000000e-01 4.493000000e-02
  -1.744000000e-02 -4.621000000e-02 9.988000000e-01
 Node:         53
  0.1258E+03  0.1304E+03  0.5063E+03  0.0000E+00
  -1.665E-16
  -1.735E-18
  -1.11E-16
   2.776E-17
   3.383E-17
  -2.22E-16
  -1.010000000e-16
  -1.572000000e-16
  -2.414000000e-16
  1.223933005e-16
  -1.665333333e-16
  5.769675516e-17
  9.684000000e-02 9.526000000e-01 2.883000000e-01
  -9.346000000e-01 1.866000000e-01 -3.027000000e-01
  -3.422000000e-01 -2.402000000e-01 9.084000000e-01
 Node:         54
  0.1265E+03  0.1288E+03  0.5200E+03  0.0000E+00
  -2.22E-16
   2.082E-17
   1.11E-16
   0.0
  -4.337E-18
   1.11E-16
  1.160000000e-16
  1.073000000e-16
  -2.233000000e-16
  3.350347295e-16
  0.000000000e+00
  1.579368861e-16
  -4.656000000e-02 -7.562000000e-01 6.527000000e-01
  -4.117000000e-02 -6.514000000e-01 -7.576000000e-01
  -9.981000000e-01 6.215000000e-02 8.061000000e-04
 Node:         55
  0.1381E+03  0.1168E+03  0.4525E+03  0.7725E-02
   0.01337
  -0.00651
   5.791E-4
  -0.002381
   0.009573
  -0.02521
  -4.110849257e-04
  -1.146704512e-02
  -1.113197346e-02
  9.171004614e-03
  -7.670034501e-03
  4.323253035e-03
  2.801773355e-01 8.360615711e-02 3.623513800e-02
  6.451455202e-01 6.084551805e-01 2.700558386e-01
  -4.774596667e-02 -2.549243737e-01 7.560913907e-01
 Node:         56
  0.1314E+03  0.1156E+03  0.4682E+03  0.7725E-02
   0.01954
  -0.009082
   0.001798
  -0.008056
   0.005616
  -0.01152
  1.674961783e-02
  -5.371538960e-03
  4.939106157e-03
  9.806101521e-03
  5.439061677e-03
  4.622640588e-03
  -3.778824023e-01 1.575514862e-01 9.256091295e-02
  5.647365180e-01 7.213571401e-01 1.985703397e-01
  2.391237580e-01 -1.707957856e-01 7.509200637e-01
 Node:         57
  0.1285E+03  0.1140E+03  0.4823E+03  0.7725E-02
   0.005667
  -0.00387
   0.002464
  -0.002446
   0.0017
   3.582E-5
  7.801969533e-03
  -2.265015817e-05
  5.508597452e-03
  2.268892096e-03
  4.429305609e-03
  1.069565991e-03
  -6.702778132e-01 4.542312102e-01 2.423189915e-01
  4.725619958e-01 6.780766879e-01 1.622318259e-02
  2.989858811e-01 -1.211997134e-01 8.709940552e-01
 Node:         58
  0.1477E+03  0.1176E+03  0.4530E+03  0.7725E-02
   0.01208
  -0.005849
   0.00478
  -9.129E-4
   0.006297
  -0.0447
  -1.005789597e-02
  -5.467040234e-03
  -2.712671444e-02
  1.740930158e-02
  -1.421721688e-02
  8.206823471e-03
  2.840402335e-01 3.578216561e-02 8.794437367e-03
  7.364139427e-01 6.438618896e-01 2.534223992e-02
  1.529959554e-02 -1.088640340e-01 8.647148938e-01
 Node:         59
  0.1415E+03  0.1165E+03  0.4690E+03  0.7725E-02
   0.02728
  -0.01244
   0.005071
  -0.01485
   0.01102
  -0.01151
  2.194427282e-02
  2.214951887e-03
  2.377048832e-04
  2.002941702e-02
  8.132309865e-03
  9.441957730e-03
  -5.926011677e-01 3.682920382e-01 2.308600425e-01
  5.769599788e-01 7.624829108e-01 3.857213588e-02
  2.039528662e-01 -2.501970064e-01 9.641831486e-01
 Node:         60
  0.1374E+03  0.1150E+03  0.4832E+03  0.7725E-02
   0.01036
  -0.006671
   0.004307
  -0.007237
   0.004689
   0.002755
  1.764128769e-02
  6.556478004e-04
  3.093343631e-03
  1.465230475e-02
  7.130093039e-03
  6.907162701e-03
  -6.729518047e-01 4.597727176e-01 4.348911550e-01
  3.876922505e-01 6.342835456e-01 -3.474877919e-02
  2.216339703e-01 -9.535873355e-02 3.959111253e-01
 Node:         61
  0.1548E+03  0.1217E+03  0.4534E+03  0.7725E-02
   0.02112
  -0.004908
  -0.006357
   0.006305
  -0.01061
  -0.01617
  -9.707208068e-04
  1.186641433e-02
  -3.231093418e-03
  5.202864312e-05
  2.554866702e-03
  2.452653758e-05
  -3.979490446e-02 6.901549894e-02 9.230467091e-03
  4.804548832e-01 8.809256900e-01 -3.106836093e-01
  -2.397738854e-02 3.117234597e-01 1.011448301e+00
 Node:         62
  0.1488E+03  0.1200E+03  0.4698E+03  0.7725E-02
   0.03175
  -0.02031
   0.005471
  -0.01424
   0.006039
   0.01669
  3.432842887e-02
  1.597920425e-02
  1.591356582e-02
  1.810732309e-02
  2.207373298e-02
  8.535873965e-03
  -8.335186837e-01 5.761183652e-01 3.759109873e-01
  1.185580679e-01 1.173566879e-03 2.698633420e-01
  2.163643312e-01 2.053595074e-01 3.781659660e-01
 Node:         63
  0.1436E+03  0.1181E+03  0.4838E+03  0.7725E-02
   0.007539
  -0.01078
   0.01161
  -0.005846
   0.008079
   0.006094
  2.309957431e-02
  1.597094544e-03
  2.237048195e-03
  2.077462781e-02
  8.977905683e-03
  9.793253468e-03
  -7.345613588e-01 9.109864119e-01 3.847601295e-01
  -3.754128450e-01 9.695358811e-02 -6.782723355e-01
  -5.390391932e-01 -5.955021656e-01 1.312919321e-02
 Node:         64
  0.1410E+03  0.1253E+03  0.4524E+03  0.7725E-02
  -0.01411
  -0.01021
   0.01795
   7.552E-5
   3.451E-4
  -0.01541
  1.033866348e-02
  -1.667625425e-02
  -5.976304671e-03
  1.888099518e-02
  -4.104631812e-03
  8.900586484e-03
  -1.057570276e-01 3.086326964e-01 -5.977498938e-03
  -1.373992569e-01 -5.669349257e-02 8.082955414e-01
  5.520570064e-01 1.248587219e-01 1.273898514e-01
 Node:         65
  0.1339E+03  0.1229E+03  0.4683E+03  0.7725E-02
   0.006254
  -0.01585
   0.01152
  -0.004351
   0.001471
  -0.009495
  1.595827070e-02
  -4.966497877e-03
  -2.277546709e-03
  1.835491324e-02
  2.904742038e-03
  8.652589078e-03
  5.314288110e-01 -8.525100849e-01 -1.097460722e-01
  -3.499196815e-01 -3.051618259e-01 3.525305732e-01
  -1.823891720e-01 -5.982244161e-02 -2.400697877e-01
 Node:         66
  0.1299E+03  0.1214E+03  0.4825E+03  0.7725E-02
   0.005395
  -0.004937
   0.003905
  -0.002123
   0.001632
  -1.615E-4
  9.095917197e-03
  4.835298301e-05
  6.030023355e-04
  8.528030229e-03
  3.249090839e-03
  4.020152003e-03
  -7.059030467e-01 5.564677282e-01 2.418373142e-01
  7.212183652e-01 7.661433121e-01 -1.627337580e-01
  3.756451168e-01 4.719749469e-02 9.795693206e-01
 Node:         67
  0.1495E+03  0.1242E+03  0.4529E+03  0.7725E-02
  -0.006329
  -0.007003
   0.01698
   2.107E-4
   0.001869
  -0.0402
  8.662687898e-03
  -1.770681316e-02
  -2.869697983e-02
  3.276543627e-02
  -1.258036837e-02
  1.544577478e-02
  -2.435188960e-01 1.028082909e+00 1.077846603e-01
  9.741762420e-01 2.781514862e-01 -9.673718684e-02
  4.963850180e-02 -1.510447240e-02 6.357204883e-01
 Node:         68
  0.1429E+03  0.1223E+03  0.4690E+03  0.7725E-02
   0.02235
  -0.01559
   0.01437
  -0.01132
   0.004639
  -0.02175
  2.528468153e-02
  5.037334183e-04
  -1.454661146e-02
  3.478287983e-02
  3.747267827e-03
  1.639680680e-02
  -4.807891720e-01 2.769388535e-01 1.117809979e-01
  4.573037452e-01 6.153961783e-01 -1.136786624e-01
  1.294296178e-01 -3.580169469e-02 7.899314013e-01
 Node:         69
  0.1379E+03  0.1205E+03  0.4831E+03  0.7725E-02
   0.0108
  -0.006758
   0.00478
  -0.005579
   0.003278
   5.286E-5
  1.498169321e-02
  6.292328132e-04
  -8.103117834e-04
  1.503648039e-02
  4.933538079e-03
  7.088264835e-03
  -7.539070064e-01 5.549973461e-01 3.315240499e-01
  5.575210011e-01 8.680995754e-01 -2.418592781e-01
  3.150930998e-01 -9.153519108e-02 8.755798938e-01
 Node:         70
  0.1550E+03  0.1238E+03  0.4534E+03  0.7725E-02
   3.834E-4
  -0.00919
   0.01267
  -0.00517
   0.00407
  -0.05417
  8.472908705e-04
  -7.533660522e-03
  -4.203256369e-02
  3.850555130e-02
  -1.623964445e-02
  1.815169096e-02
  -1.025774947e-01 9.289607219e-02 3.330065711e-01
  7.487300425e-02 6.105371550e-02 8.812282378e-03
  2.640423992e-01 4.423580679e-02 6.434820594e-01
 Node:         71
  0.1490E+03  0.1219E+03  0.4698E+03  0.7725E-02
   0.03475
  -0.01297
   0.01241
  -0.02116
   0.008093
  -0.01969
  3.426021762e-02
  6.446604140e-03
  -1.713106688e-02
  4.457535244e-02
  7.858584961e-03
  2.101302266e-02
  -8.291635881e-01 4.551142251e-01 3.313861996e-01
  2.971042781e-01 4.980230361e-01 -1.288624204e-01
  2.748136943e-01 -9.520860934e-02 8.690702760e-01
 Node:         72
  0.1435E+03  0.1199E+03  0.4838E+03  0.7725E-02
   0.01644
  -0.006827
   0.003866
  -0.009438
   0.004149
   0.001704
  2.065649363e-02
  1.121439809e-03
  -1.035338641e-03
  2.062595138e-02
  6.914198266e-03
  9.723166728e-03
  -8.091651805e-01 4.107691083e-01 4.092509554e-01
  4.068094808e-01 9.019346072e-01 -1.035083493e-01
  1.549219745e-01 -1.273602187e-01 4.290243312e-01
 Node:         73
  0.1440E+03  0.1339E+03  0.4521E+03  0.0000E+00
   0.01824
   5.475E-4
  -0.01279
  -0.003895
   0.002991
   6.104E-5
  1.106491189e-02
  -2.108253503e-03
  -4.902095541e-03
  1.356855638e-02
  1.351520948e-03
  6.396278819e-03
  -7.098140127e-01 -7.603370488e-03 2.386340977e-01
  -3.756661253e-01 -3.272957006e-02 1.040867304e-01
  -3.722335032e-02 2.083993631e-01 -9.897024841e-02
 Node:         74
  0.1364E+03  0.1303E+03  0.4682E+03  0.0000E+00
   0.0316
   0.01223
  -7.999E-4
   0.002645
   0.005105
   0.007486
  2.989457537e-02
  3.578736730e-03
  5.943099788e-04
  2.555006291e-02
  1.135587403e-02
  1.204441516e-02
  -8.363044586e-01 -3.032960297e-01 -1.106142251e-01
  -1.866557749e-01 1.726337261e-01 9.984494692e-01
  -2.629997219e-01 8.067607219e-01 -2.470810510e-01
 Node:         75
  0.1313E+03  0.1288E+03  0.4826E+03  0.0000E+00
   0.01438
   0.005053
   0.001125
   0.001528
   7.956E-4
   0.001141
  1.404616136e-02
  7.128901274e-04
  1.023298620e-03
  1.290080974e-02
  5.260783369e-03
  6.081500032e-03
  -9.512409766e-01 -2.735194055e-01 -6.933696603e-02
  -1.127143376e-01 9.967913376e-02 9.790817410e-01
  -2.519216348e-01 9.809749469e-01 -1.267366242e-01
 Node:         76
  0.1513E+03  0.1309E+03  0.4528E+03  0.0000E+00
   0.01386
  -0.001094
  -0.01166
  -0.004067
  -2.277E-4
  -0.005722
  1.918809979e-03
  -8.197671040e-03
  1.030289809e-03
  1.556651527e-03
  -1.749523751e-03
  7.338125673e-04
  -8.011792675e-01 7.732247346e-02 4.470092357e-01
  1.753165605e-01 -2.621268577e-02 7.726195329e-01
  -4.638547771e-02 -8.446369427e-01 -2.024280255e-02
 Node:         77
  0.1443E+03  0.1280E+03  0.4689E+03  0.0000E+00
   0.03742
   0.01113
  -6.377E-4
   0.003529
   0.001719
   0.002246
  3.131210722e-02
  -2.213925690e-03
  4.035670913e-03
  2.668110465e-02
  1.104461748e-02
  1.257759335e-02
  -9.661076433e-01 -2.220283503e-01 -6.786082696e-02
  -1.007507219e-01 1.338714437e-01 9.797747346e-01
  -2.279917707e-01 7.836321656e-01 -1.346144374e-01
 Node:         78
  0.1384E+03  0.1261E+03  0.4829E+03  0.0000E+00
   0.01641
   0.005919
   0.001248
   0.002121
   9.081E-4
   7.959E-4
  1.467435350e-02
  5.666623142e-04
  -8.091772824e-05
  1.442980273e-02
  5.053366030e-03
  6.802274242e-03
  -9.464604034e-01 -2.908260849e-01 -8.207242675e-02
  -1.102183365e-01 8.084678344e-02 1.159950425e+00
  -2.903771890e-01 7.422397028e-01 -2.216436518e-01
 Node:         79
  0.1553E+03  0.1259E+03  0.4534E+03  0.0000E+00
   0.006871
  -0.004226
  -0.04857
  -0.01129
   6.636E-4
  -9.718E-4
  -7.442663482e-03
  -1.790006051e-02
  7.506900212e-03
  -1.422838550e-02
  -5.945274593e-03
  -6.707325249e-03
  9.177270701e-01 -5.019954352e-02 -4.013846837e-01
  2.048619958e-04 2.027685021e-01 5.606634607e-01
  -6.083547346e-02 -6.839086423e-01 -3.686137049e-02
 Node:         80
  0.1492E+03  0.1238E+03  0.4698E+03  0.0000E+00
   0.0448
   0.001681
  -0.03021
   0.006796
   0.003193
   0.005681
  3.231703822e-02
  -7.326075159e-03
  1.632079512e-02
  1.430573404e-02
  1.377058606e-02
  6.743787698e-03
  -1.075975159e+00 -7.480887473e-02 -1.401115817e-01
  -1.362398089e-01 2.275301699e-01 8.768016040e-01
  2.205737155e-02 -8.829190435e-01 2.296269002e-01
 Node:         81
  0.1433E+03  0.1217E+03  0.4837E+03  0.0000E+00
   0.01946
   0.004251
  -0.002567
   0.006976
   0.002033
   0.003049
  1.861256051e-02
  -4.333325796e-04
  2.946090234e-03
  1.608355535e-02
  7.041772721e-03
  7.581860700e-03
  -9.344382166e-01 -1.891338641e-01 -2.823830234e-01
  -3.331619958e-01 2.211927813e-01 8.884133531e-01
  1.174183546e-01 -9.264730414e-01 2.695404459e-01
 Node:         82
  0.1267E+03  0.1148E+03  0.4557E+03  0.1363E-01
   0.01388
  -0.007984
  -0.004737
  -0.003367
  -0.001391
  -0.005219
  9.252278132e-03
  -3.813760616e-03
  -8.370658174e-04
  1.039145926e-02
  1.533817233e-03
  4.898580872e-03
  -8.983428620e-01 4.163659236e-01 1.235484076e-01
  -4.083600849e-02 -4.256740552e-01 7.286625265e-01
  3.450366242e-01 5.158902335e-01 4.865513800e-01
 Node:         83
  0.1234E+03  0.1129E+03  0.4716E+03  0.1363E-01
   0.006168
  -0.006449
  -0.003616
  -0.008105
   2.679E-4
   0.003345
  9.187433970e-03
  -8.637330149e-04
  5.931607219e-03
  2.300976998e-03
  4.751769391e-03
  1.084690959e-03
  -6.459484501e-01 4.313134820e-01 4.400186943e-01
  1.297453291e-01 -4.266933758e-01 4.515900212e-01
  4.565460722e-01 5.997838110e-01 2.773071125e-01
 Node:         84
  0.1187E+03  0.1123E+03  0.4849E+03  0.1363E-01
   6.832E-4
  -6.457E-4
  -3.462E-4
  -0.002414
   1.215E-4
   0.003786
  3.669206964e-03
  -1.433278004e-04
  5.353478132e-03
  -1.931216002e-03
  2.959785765e-03
  -9.103839538e-04
  -4.591521231e-01 2.160298301e-01 6.989494692e-01
  -1.799962845e-01 4.252186837e-01 -9.059214437e-02
  -3.159234607e-01 -3.002778556e-01 -2.342593418e-01
 Node:         85
  0.1302E+03  0.1161E+03  0.4544E+03  0.1363E-01
   0.01596
  -0.009064
  -0.004683
  -0.003287
  -0.002494
  -0.01013
  8.179280255e-03
  -5.051786943e-03
  -3.809369427e-03
  1.189665247e-02
  -2.272920382e-04
  5.608135756e-03
  -8.811375584e-01 5.123643312e-01 1.746155202e-01
  2.927935244e-01 5.579297665e-01 -1.999192144e-01
  1.013657113e-01 2.692796178e-01 7.937664544e-01
 Node:         86
  0.1252E+03  0.1138E+03  0.4700E+03  0.1363E-01
  -0.004787
  -0.007057
   0.01097
  -0.01703
   0.001035
   2.0E-4
  2.589917197e-03
  1.998361401e-03
  -1.755115711e-03
  4.642071170e-03
  9.443876292e-04
  2.188293336e-03
  8.325805732e-02 -1.893618896e-01 -5.532292994e-02
  -2.290911890e-01 -1.156456476e-01 2.363533970e-01
  7.259486200e-01 1.173309193e-01 4.488803609e-01
 Node:         87
  0.1217E+03  0.1126E+03  0.4833E+03  0.1363E-01
   0.00203
  -5.116E-4
  -3.012E-4
  -0.003684
   4.894E-4
   0.004127
  5.162335032e-03
  -5.379905786e-04
  6.505450531e-03
  -1.370407204e-03
  3.709931661e-03
  -6.460161514e-04
  -5.305307856e-01 1.571415499e-01 6.220563822e-01
  2.132294055e-01 -7.471240977e-01 3.155104034e-01
  7.303858811e-01 2.770015605e-01 3.962093418e-01
 Node:         88
  0.1338E+03  0.1169E+03  0.4527E+03  0.1363E-01
   0.01015
  -0.008862
  -7.729E-4
  -0.003351
   0.001272
  -0.005819
  1.122237792e-03
  -4.296660297e-03
  4.390427813e-03
  -9.934757746e-04
  4.053351026e-04
  -4.683289714e-04
  -7.262968301e-01 5.845794055e-01 2.729159236e-01
  1.885522293e-01 1.784655255e-01 -2.287346072e-02
  9.435679406e-02 -3.702356688e-02 3.885881104e-01
 Node:         89
  0.1270E+03  0.1150E+03  0.4682E+03  0.1363E-01
   0.01589
  -0.008149
  -8.809E-4
  -0.008921
   4.299E-4
   6.134E-4
  1.593082484e-02
  -3.651615711e-04
  1.104943100e-02
  4.789111195e-03
  8.871698089e-03
  2.257608668e-03
  -7.987376115e-01 4.065770701e-01 3.215503185e-01
  6.848537155e-02 -5.916932059e-01 7.060459660e-01
  3.624475584e-01 5.182188195e-01 4.841651592e-01
 Node:         90
  0.1248E+03  0.1132E+03  0.4821E+03  0.1363E-01
   0.004237
  -0.002915
   0.001416
  -0.002284
   0.00121
   0.001091
  6.065822081e-03
  1.439169108e-04
  5.762062420e-03
  1.966762005e-04
  3.990600471e-03
  9.271405006e-05
  -7.106545541e-01 2.533355626e-01 4.083505839e-01
  1.503657219e-01 -3.982115074e-01 8.779600849e-01
  4.432446921e-01 6.300511677e-01 3.731298301e-01
 Node:         91
  0.1258E+03  0.1259E+03  0.4545E+03  0.1363E-01
  -0.016
  -0.01543
   0.01257
  -0.005556
  -3.349E-4
  -0.006123
  7.130437367e-03
  -4.805645435e-03
  -1.808807431e-02
  2.156239448e-02
  -5.254427459e-03
  1.016461024e-02
  -2.447177176e-01 3.603823779e-01 -5.753619958e-03
  -2.229699575e-01 -2.132716561e-01 9.887294055e-01
  -6.633250531e-01 -1.749424628e-01 -2.041112527e-01
 Node:         92
  0.1208E+03  0.1231E+03  0.4724E+03  0.1363E-01
   0.006681
  -0.0104
  -0.002075
  -0.008941
  -8.668E-4
  -0.001304
  6.889961783e-03
  -1.559065287e-03
  -3.602102972e-03
  9.268653023e-03
  5.762645081e-04
  4.369284937e-03
  -6.993381412e-01 5.460079618e-01 4.392126327e-01
  -3.438566879e-03 -5.381498938e-01 6.505515924e-01
  6.459838641e-01 5.312585707e-01 4.551789597e-01
 Node:         93
  0.1159E+03  0.1217E+03  0.4876E+03  0.1363E-01
   0.00342
   1.983E-4
  -8.353E-4
  -0.004386
  -0.001935
   0.002879
  6.310835456e-03
  1.722035244e-04
  5.986381104e-04
  5.274653106e-03
  2.360559030e-03
  2.486495320e-03
  -7.111154841e-01 -6.852966030e-02 7.461617834e-01
  4.010555732e-01 -6.389215499e-01 2.866990446e-01
  -2.640612527e-01 -4.741690021e-01 -3.744905520e-01
 Node:         94
  0.1312E+03  0.1261E+03  0.4536E+03  0.1363E-01
  -0.02062
  -0.01521
   0.01543
  -0.003286
  -0.001711
  -0.01079
  7.937856688e-03
  -1.417039427e-02
  -1.995595966e-02
  2.469701507e-02
  -8.729499080e-03
  1.164228455e-02
  -2.459766826e-01 6.721136943e-01 -2.110814756e-02
  -2.329542463e-01 -1.312154883e-01 1.053614968e+00
  -9.133339703e-01 -2.418793928e-01 -2.212757962e-01
 Node:         95
  0.1249E+03  0.1234E+03  0.4704E+03  0.1363E-01
   0.01259
  -0.009322
   0.003686
  -0.009952
   8.159E-5
  -0.01121
  1.044926221e-02
  -5.353325998e-03
  -2.957077495e-03
  1.099755820e-02
  7.129529052e-04
