 Group name: predicted_strain_L2A1
 #Fields=  16
 1) coordinates, coordinate, rectangular cartesian, #Components=3
   x.  Value index= 1, #Derivatives=0
   y.  Value index= 2, #Derivatives=0
   z.  Value index= 3, #Derivatives=0
 2) Tensor_1, field, rectangular cartesian, #Components=1
   Tensor_1.  Value index= 4, #Derivatives=0
 3) Tensor_2, field, rectangular cartesian, #Components=1
   Tensor_2.  Value index= 5, #Derivatives=0
 4) Tensor_3, field, rectangular cartesian, #Components=1
   Tensor_3.  Value index= 6, #Derivatives=0
 5) Tensor_4, field, rectangular cartesian, #Components=1
   Tensor_4.  Value index= 7, #Derivatives=0
 6) Tensor_5, field, rectangular cartesian, #Components=1
   Tensor_5.  Value index= 8, #Derivatives=0
 7) Tensor_6, field, rectangular cartesian, #Components=1
   Tensor_6.  Value index= 9, #Derivatives=0
 8) Principal_1, field, rectangular cartesian, #Components=1
   Principal_1.  Value index= 10, #Derivatives=0
 9) Principal_2, field, rectangular cartesian, #Components=1
   Principal_2.  Value index= 11, #Derivatives=0
 10) Principal_3, field, rectangular cartesian, #Components=1
   Principal_3.  Value index= 12, #Derivatives=0
 11) VonMises, field, rectangular cartesian, #Components=1
   VonMises.  Value index= 13, #Derivatives=0
 12) Hydrostatic, field, rectangular cartesian, #Components=1
   VonMises.  Value index= 14, #Derivatives=0
 13) Octahedral, field, rectangular cartesian, #Components=1
   VonMises.  Value index= 15, #Derivatives=0
 14) PrincipalVector1, field, rectangular cartesian, #Components=3
   x.  Value index= 16, #Derivatives=0
   y.  Value index= 17, #Derivatives=0
   z.  Value index= 18, #Derivatives=0
 15) PrincipalVector2, field, rectangular cartesian, #Components=3
   x.  Value index= 19, #Derivatives=0
   y.  Value index= 20, #Derivatives=0
   z.  Value index= 21, #Derivatives=0
 16) PrincipalVector3, field, rectangular cartesian, #Components=3
   x.  Value index= 22, #Derivatives=0
   y.  Value index= 23, #Derivatives=0
   z.  Value index= 24, #Derivatives=0
 Node:          1
  0.1287E+03  0.1133E+03  0.4908E+03 -0.2244E-04
  -1.11E-16
  -8.327E-17
  -2.22E-16
  -2.776E-17
  -4.163E-17
  -3.331E-16
  -6.637000000e-17
  -2.400000000e-16
  -3.598000000e-16
  2.555392160e-16
  -2.220566667e-16
  1.204623416e-16
  8.837000000e-01 -4.676000000e-01 -1.897000000e-02
  4.046000000e-01 7.837000000e-01 -4.712000000e-01
  2.352000000e-01 4.088000000e-01 8.818000000e-01
 Node:          2
  0.1292E+03  0.1137E+03  0.5052E+03 -0.2244E-04
  -5.551E-17
  -1.11E-16
  -1.665E-16
  -5.551E-17
   1.943E-16
  -2.776E-16
  8.603000000e-17
  -1.600000000e-16
  -4.256000000e-16
  4.431926093e-16
  -1.665233333e-16
  2.089229996e-16
  -6.554000000e-01 6.199000000e-01 4.313000000e-01
  7.522000000e-01 4.849000000e-01 4.462000000e-01
  -6.744000000e-02 -6.169000000e-01 7.841000000e-01
 Node:          3
  0.1289E+03  0.1155E+03  0.5194E+03 -0.2244E-04
   2.22E-16
   1.388E-16
   3.331E-16
   1.11E-16
   5.551E-17
   2.22E-16
  4.753000000e-16
  2.118000000e-16
  9.006000000e-17
  3.410738448e-16
  2.590533333e-16
  1.607837524e-16
  -5.696000000e-01 -7.144000000e-01 -4.063000000e-01
  2.395000000e-01 -6.172000000e-01 7.494000000e-01
  -7.862000000e-01 3.296000000e-01 5.227000000e-01
 Node:          4
  0.1361E+03  0.1141E+03  0.4915E+03 -0.2244E-04
   0.0
  -2.776E-17
  -1.11E-16
  -2.776E-17
  -8.327E-17
   2.22E-16
  2.435000000e-16
  6.328000000e-18
  -1.388000000e-16
  3.342648530e-16
  3.700933333e-17
  1.575739629e-16
  -8.549000000e-02 -2.215000000e-01 9.714000000e-01
  9.681000000e-01 -2.491000000e-01 2.840000000e-02
  2.357000000e-01 9.428000000e-01 2.357000000e-01
 Node:          5
  0.1341E+03  0.1144E+03  0.5054E+03 -0.2244E-04
   3.331E-16
   1.388E-16
   3.331E-16
   5.551E-17
  -6.939E-17
   4.441E-16
  4.814000000e-16
  4.627000000e-16
  1.662000000e-16
  3.062784517e-16
  3.701000000e-16
  1.443810468e-16
  -3.480000000e-01 -6.443000000e-01 6.810000000e-01
  -6.589000000e-01 -3.487000000e-01 -6.665000000e-01
  6.669000000e-01 -6.807000000e-01 -3.032000000e-01
 Node:          6
  0.1323E+03  0.1162E+03  0.5191E+03 -0.2244E-04
   2.22E-16
   5.551E-17
   2.22E-16
  -5.551E-17
  -2.776E-17
   0.0
  2.897000000e-16
  1.685000000e-16
  -1.402000000e-17
  2.648101478e-16
  1.480600000e-16
  1.248327008e-16
  -7.150000000e-01 -6.696000000e-01 2.012000000e-01
  6.656000000e-01 -7.399000000e-01 -9.741000000e-02
  -2.141000000e-01 -6.426000000e-02 -9.747000000e-01
 Node:          7
  0.1408E+03  0.1171E+03  0.4920E+03 -0.2244E-04
   3.331E-16
   2.22E-16
   2.22E-16
  -8.327E-17
  -1.11E-16
   0.0
  5.398000000e-16
  6.158000000e-17
  -4.631000000e-17
  5.403052621e-16
  1.850233333e-16
  2.547023432e-16
  -7.537000000e-01 -6.111000000e-01 2.419000000e-01
  -6.560000000e-01 6.770000000e-01 -3.335000000e-01
  -4.004000000e-02 4.101000000e-01 9.112000000e-01
 Node:          8
  0.1367E+03  0.1169E+03  0.5055E+03 -0.2244E-04
   2.22E-16
   1.943E-16
   2.22E-16
  -4.025E-16
  -2.359E-16
  -2.22E-16
  6.547000000e-16
  4.477000000e-17
  -4.775000000e-16
  9.814930967e-16
  7.399000000e-17
  4.626802829e-16
  -6.847000000e-01 -5.611000000e-01 4.652000000e-01
  5.685000000e-01 -8.105000000e-01 -1.409000000e-01
  -4.561000000e-01 -1.681000000e-01 -8.739000000e-01
 Node:          9
  0.1339E+03  0.1180E+03  0.5191E+03 -0.2244E-04
   2.22E-16
   1.665E-16
   0.0
  -3.955E-16
  -2.776E-16
   6.661E-16
  1.002000000e-15
  -9.379000000e-18
  -1.046000000e-16
  1.062195387e-15
  2.960070000e-16
  5.007237074e-16
  -4.817000000e-01 -3.073000000e-01 8.207000000e-01
  -8.565000000e-01 -3.292000000e-02 -5.150000000e-01
  -1.853000000e-01 9.510000000e-01 2.474000000e-01
 Node:         10
  0.1294E+03  0.1212E+03  0.4911E+03 -0.2244E-04
   0.0
   2.776E-17
   1.11E-16
  -1.388E-17
   1.249E-16
   1.11E-16
  2.363000000e-16
  2.303000000e-17
  -3.732000000e-17
  2.489920880e-16
  7.400333333e-17
  1.173759959e-16
  4.210000000e-02 7.100000000e-01 7.030000000e-01
  -7.813000000e-01 -4.152000000e-01 4.661000000e-01
  -6.228000000e-01 5.688000000e-01 -5.372000000e-01
 Node:         11
  0.1295E+03  0.1214E+03  0.5055E+03 -0.2244E-04
  -2.22E-16
  -2.776E-17
  -2.22E-16
  -4.163E-17
   1.388E-17
  -1.665E-16
  -1.365000000e-16
  -2.183000000e-16
  -2.558000000e-16
  1.056645163e-16
  -2.035333333e-16
  4.981073066e-17
  -4.935000000e-01 2.929000000e-01 8.189000000e-01
  3.541000000e-01 -7.924000000e-01 4.968000000e-01
  -7.944000000e-01 -5.351000000e-01 -2.873000000e-01
 Node:         12
  0.1295E+03  0.1217E+03  0.5196E+03 -0.2244E-04
   1.11E-16
   0.0
   1.11E-16
   7.633E-17
   2.776E-17
   2.22E-16
  2.649000000e-16
  1.110000000e-16
  6.816000000e-17
  1.792025435e-16
  1.480200000e-16
  8.447688915e-17
  -4.387000000e-01 -1.595000000e-01 -8.844000000e-01
  3.417000000e-01 -9.398000000e-01 -2.255000000e-17
  8.311000000e-01 3.022000000e-01 -4.668000000e-01
 Node:         13
  0.1361E+03  0.1199E+03  0.4914E+03 -0.2244E-04
   1.11E-16
  -1.388E-16
   0.0
  -9.714E-17
   2.776E-17
  -1.665E-16
  2.285000000e-16
  -8.520000000e-17
  -1.988000000e-16
  3.833392362e-16
  -1.850000000e-17
  1.807078489e-16
  8.171000000e-01 -5.252000000e-01 -2.378000000e-01
  4.648000000e-01 8.442000000e-01 -2.671000000e-01
  3.410000000e-01 1.077000000e-01 9.339000000e-01
 Node:         14
  0.1342E+03  0.1198E+03  0.5054E+03 -0.2244E-04
  -5.551E-17
   2.776E-17
   0.0
   5.551E-17
  -9.021E-17
   1.11E-16
  1.672000000e-16
  -4.940000000e-18
  -1.068000000e-16
  2.398787602e-16
  1.848666667e-17
  1.130799320e-16
  1.634000000e-01 -4.472000000e-01 8.794000000e-01
  -6.569000000e-01 -7.144000000e-01 -2.412000000e-01
  -7.361000000e-01 5.382000000e-01 4.105000000e-01
 Node:         15
  0.1330E+03  0.1205E+03  0.5193E+03 -0.2244E-04
   2.22E-16
  -8.327E-17
  -5.551E-17
   1.388E-17
   4.857E-17
   0.0
  2.451000000e-16
  2.471000000e-17
  -1.033000000e-16
  3.052383267e-16
  5.550333333e-17
  1.438907271e-16
  -9.638000000e-01 2.667000000e-01 -1.723000000e-03
  1.157000000e-01 4.239000000e-01 8.983000000e-01
  2.403000000e-01 8.656000000e-01 -4.394000000e-01
 Node:         16
  0.1404E+03  0.1188E+03  0.4918E+03 -0.2244E-04
   2.22E-16
   5.551E-17
   2.22E-16
  -8.327E-17
  -1.457E-16
   4.441E-16
  5.466000000e-16
  1.950000000e-16
  1.465000000e-16
  3.781896482e-16
  2.960333333e-16
  1.782803099e-16
  -2.927000000e-01 -4.328000000e-01 8.526000000e-01
  -9.222000000e-01 -1.077000000e-01 -3.713000000e-01
  -2.526000000e-01 8.950000000e-01 3.676000000e-01
 Node:         17
  0.1365E+03  0.1184E+03  0.5055E+03 -0.2244E-04
  -1.11E-16
   2.776E-17
  -1.11E-16
   9.714E-17
   1.7E-16
   0.0
  1.573000000e-16
  -1.341000000e-16
  -2.452000000e-16
  3.600440390e-16
  -7.400000000e-17
  1.697263877e-16
  3.368000000e-01 5.285000000e-01 7.792000000e-01
  8.927000000e-01 -4.425000000e-01 -8.566000000e-02
  -2.996000000e-01 -7.244000000e-01 6.209000000e-01
 Node:         18
  0.1341E+03  0.1191E+03  0.5192E+03 -0.2244E-04
   0.0
   0.0
   0.0
   2.645E-17
   1.065E-16
   4.441E-16
  4.697000000e-16
  -1.672000000e-33
  -2.562000000e-17
  4.830198634e-16
  1.480266667e-16
  2.276977472e-16
  -5.484000000e-02 -2.207000000e-01 -9.738000000e-01
  9.705000000e-01 -2.411000000e-01 -6.210000000e-17
  -2.348000000e-01 -9.451000000e-01 2.274000000e-01
 Node:         19
  0.1301E+03  0.1291E+03  0.4914E+03  0.0000E+00
   1.11E-16
   0.0
   1.11E-16
   2.101E-19
   1.001E-17
  -2.22E-16
  1.113000000e-16
  1.110000000e-16
  -2.223000000e-16
  3.334501012e-16
  0.000000000e+00
  1.571898852e-16
  -2.096000000e-02 -9.993000000e-01 -3.003000000e-02
  9.998000000e-01 -2.097000000e-02 1.345000000e-19
  6.298000000e-04 3.003000000e-02 -9.995000000e-01
 Node:         20
  0.1299E+03  0.1291E+03  0.5058E+03  0.0000E+00
   2.22E-16
   0.0
   0.0
   1.041E-17
   1.924E-17
  -5.551E-17
  2.224000000e-16
  5.975000000e-18
  -6.188000000e-17
  2.571567616e-16
  5.549833333e-17
  1.212248600e-16
  -9.993000000e-01 -3.257000000e-03 -3.765000000e-02
  1.428000000e-02 -9.549000000e-01 -2.965000000e-01
  -3.498000000e-02 -2.968000000e-01 9.543000000e-01
 Node:         21
  0.1301E+03  0.1280E+03  0.5197E+03  0.0000E+00
   1.11E-16
   0.0
   0.0
   4.163E-17
   1.475E-17
   1.11E-16
  1.534000000e-16
  7.089000000e-17
  -2.220000000e-18
  1.348528023e-16
  7.402333333e-17
  6.357022067e-17
  -6.994000000e-01 -6.840000000e-02 -7.114000000e-01
  -7.126000000e-01 1.429000000e-01 6.869000000e-01
  -5.465000000e-02 -9.874000000e-01 1.487000000e-01
 Node:         22
  0.1360E+03  0.1256E+03  0.4913E+03  0.0000E+00
  -2.22E-16
   1.388E-17
  -1.11E-16
  -1.388E-17
   1.006E-16
   1.11E-16
  1.500000000e-16
  -1.456000000e-16
  -2.264000000e-16
  3.432090908e-16
  -7.400000000e-17
  1.617903170e-16
  -2.144000000e-02 3.586000000e-01 9.332000000e-01
  2.280000000e-01 9.106000000e-01 -3.447000000e-01
  -9.734000000e-01 2.054000000e-01 -1.013000000e-01
 Node:         23
  0.1343E+03  0.1253E+03  0.5054E+03  0.0000E+00
   0.0
   2.082E-17
  -4.441E-16
   0.0
   1.314E-16
  -1.665E-16
  1.265000000e-18
  -1.147000000e-16
  -4.972000000e-16
  4.517861704e-16
  -2.035450000e-16
  2.129740431e-16
  9.970000000e-01 6.061000000e-02 4.746000000e-02
  6.644000000e-02 -3.661000000e-01 -9.282000000e-01
  3.888000000e-02 -9.286000000e-01 3.690000000e-01
 Node:         24
  0.1336E+03  0.1248E+03  0.5194E+03  0.0000E+00
  -2.22E-16
   1.214E-17
   0.0
   1.388E-17
   8.674E-19
  -1.665E-16
  6.779000000e-19
  -1.633000000e-16
  -2.259000000e-16
  2.026635839e-16
  -1.295073667e-16
  9.553652964e-17
  -5.504000000e-02 -9.984000000e-01 -9.747000000e-03
  2.257000000e-01 -2.195000000e-02 9.740000000e-01
  -9.726000000e-01 5.141000000e-02 2.265000000e-01
 Node:         25
  0.1400E+03  0.1206E+03  0.4917E+03  0.0000E+00
   0.0
   2.671E-16
  -1.11E-16
  -8.327E-17
  -1.301E-16
   2.22E-16
  3.681000000e-16
  7.580000000e-17
  -3.329000000e-16
  6.098671905e-16
  3.700000000e-17
  2.874941507e-16
  5.089000000e-01 4.781000000e-01 -7.159000000e-01
  6.086000000e-01 3.883000000e-01 6.920000000e-01
  6.088000000e-01 -7.878000000e-01 -9.334000000e-02
 Node:         26
  0.1363E+03  0.1200E+03  0.5055E+03  0.0000E+00
   2.22E-16
   1.076E-16
  -6.106E-16
   2.776E-17
  -1.124E-15
  -5.551E-17
  8.281000000e-16
  2.248000000e-16
  -1.497000000e-15
  2.089815320e-15
  -1.480333333e-16
  9.851483893e-16
  7.371000000e-02 6.174000000e-01 -7.832000000e-01
  9.955000000e-01 1.018000000e-03 9.449000000e-02
  -5.914000000e-02 7.866000000e-01 6.146000000e-01
 Node:         27
  0.1343E+03  0.1203E+03  0.5192E+03  0.0000E+00
   2.22E-16
  -1.943E-16
   2.22E-16
  -1.041E-16
   1.313E-15
   0.0
  1.466000000e-15
  1.875000000e-16
  -1.209000000e-15
  2.317369144e-15
  1.481666667e-16
  1.092418291e-15
  -1.693000000e-01 7.280000000e-01 6.643000000e-01
  9.848000000e-01 9.849000000e-02 1.431000000e-01
  3.876000000e-02 6.785000000e-01 -7.336000000e-01
 Node:         28
  0.1155E+03  0.1124E+03  0.4931E+03 -0.1326E-03
  -2.22E-16
   3.816E-17
   2.22E-16
  -5.551E-17
   5.551E-17
   1.11E-16
  2.455000000e-16
  1.014000000e-16
  -2.359000000e-16
  4.279497985e-16
  3.700000000e-17
  2.017374697e-16
  3.184000000e-02 9.284000000e-01 3.701000000e-01
  1.988000000e-01 3.571000000e-01 -9.127000000e-01
  9.795000000e-01 -1.026000000e-01 1.732000000e-01
 Node:         29
  0.1119E+03  0.1139E+03  0.5068E+03 -0.1326E-03
  -2.22E-16
  -2.082E-17
   0.0
   5.551E-17
   6.939E-18
  -3.331E-16
  1.944000000e-18
  -2.004000000e-16
  -3.566000000e-16
  3.113642034e-16
  -1.850186667e-16
  1.467784931e-16
  -9.118000000e-02 9.958000000e-01 5.517000000e-03
  -9.179000000e-01 -8.189000000e-02 -3.884000000e-01
  -3.863000000e-01 -4.048000000e-02 9.215000000e-01
 Node:         30
  0.1113E+03  0.1159E+03  0.5206E+03 -0.1326E-03
   2.22E-16
   1.249E-16
   2.22E-16
   0.0
  -2.776E-17
   1.11E-16
  3.486000000e-16
  1.238000000e-16
  8.277000000e-17
  2.478750591e-16
  1.850566667e-16
  1.168494234e-16
  -7.001000000e-01 -7.092000000e-01 8.287000000e-02
  -4.685000000e-01 3.686000000e-01 -8.029000000e-01
  -5.389000000e-01 6.009000000e-01 5.903000000e-01
 Node:         31
  0.1203E+03  0.1126E+03  0.4920E+03 -0.1326E-03
  -5.551E-17
   9.714E-17
  -1.11E-16
   2.776E-17
   4.163E-17
  -5.551E-17
  4.114000000e-17
  -7.661000000e-17
  -1.866000000e-16
  1.972667866e-16
  -7.402333333e-17
  9.299245501e-17
  -6.956000000e-01 -5.654000000e-01 -4.433000000e-01
  4.358000000e-01 1.585000000e-01 -8.860000000e-01
  5.712000000e-01 -8.095000000e-01 1.362000000e-01
 Node:         32
  0.1188E+03  0.1134E+03  0.5062E+03 -0.1326E-03
   2.22E-16
  -1.388E-17
  -1.11E-16
  -2.776E-17
   9.714E-17
  -5.551E-17
  2.266000000e-16
  1.331000000e-17
  -1.844000000e-16
  3.560216764e-16
  1.850333333e-17
  1.678302278e-16
  -9.894000000e-01 7.624000000e-02 1.236000000e-01
  1.445000000e-01 5.992000000e-01 7.875000000e-01
  1.402000000e-02 -7.970000000e-01 6.038000000e-01
 Node:         33
  0.1183E+03  0.1150E+03  0.5201E+03 -0.1326E-03
   1.11E-16
   5.551E-17
   0.0
   8.327E-17
   0.0
   0.0
  1.700000000e-16
  0.000000000e+00
  -5.893000000e-17
  2.058903711e-16
  3.702333333e-17
  9.705765171e-17
  -8.617000000e-01 -2.815000000e-01 -4.222000000e-01
  0.000000000e+00 -8.321000000e-01 5.547000000e-01
  -5.074000000e-01 4.780000000e-01 7.170000000e-01
 Node:         34
  0.1255E+03  0.1129E+03  0.4909E+03 -0.1326E-03
   0.0
   0.0
   0.0
   5.551E-17
   9.714E-17
   0.0
  1.119000000e-16
  3.387000000e-33
  -1.119000000e-16
  1.938164854e-16
  0.000000000e+00
  9.136596741e-17
  -3.508000000e-01 -6.139000000e-01 -7.071000000e-01
  8.682000000e-01 -4.961000000e-01 -4.855000000e-17
  -3.508000000e-01 -6.139000000e-01 7.071000000e-01
 Node:         35
  0.1260E+03  0.1135E+03  0.5054E+03 -0.1326E-03
   0.0
   1.11E-16
  -1.11E-16
   1.11E-16
   2.498E-16
  -1.11E-16
  2.410000000e-16
  -1.023000000e-16
  -3.608000000e-16
  5.228959648e-16
  -7.403333333e-17
  2.464955217e-16
  5.458000000e-01 5.925000000e-01 5.925000000e-01
  8.379000000e-01 -3.859000000e-01 -3.859000000e-01
  -4.975000000e-17 -7.071000000e-01 7.071000000e-01
 Node:         36
  0.1257E+03  0.1153E+03  0.5196E+03 -0.1326E-03
   0.0
  -5.551E-17
   0.0
  -5.551E-17
   8.327E-17
   0.0
  1.305000000e-16
  -4.723000000e-17
  -8.327000000e-17
  1.982226619e-16
  0.000000000e+00
  9.344305895e-17
  -5.155000000e-01 6.059000000e-01 6.059000000e-01
  8.569000000e-01 3.645000000e-01 3.645000000e-01
  -1.256000000e-16 7.071000000e-01 -7.071000000e-01
 Node:         37
  0.1132E+03  0.1210E+03  0.4959E+03 -0.1326E-03
  -2.22E-16
   1.388E-16
  -2.22E-16
  -8.327E-17
   1.804E-16
  -2.776E-16
  -4.482000000e-17
  -1.622000000e-16
  -5.146000000e-16
  4.234720019e-16
  -2.405400000e-16
  1.996266161e-16
  3.971000000e-01 7.887000000e-01 4.693000000e-01
  -7.874000000e-01 3.010000000e-02 6.157000000e-01
  4.715000000e-01 -6.140000000e-01 6.330000000e-01
 Node:         38
  0.1111E+03  0.1204E+03  0.5085E+03 -0.1326E-03
  -1.665E-16
   9.714E-17
   0.0
  -2.776E-17
  -8.327E-17
  -2.22E-16
  7.071000000e-17
  -2.091000000e-16
  -2.502000000e-16
  3.024616291e-16
  -1.295300000e-16
  1.425817793e-16
  -3.916000000e-01 -8.746000000e-01 2.859000000e-01
  9.154000000e-01 -3.389000000e-01 2.170000000e-01
  9.287000000e-02 -3.467000000e-01 -9.334000000e-01
 Node:         39
  0.1119E+03  0.1201E+03  0.5207E+03 -0.1326E-03
  -5.551E-17
  -9.714E-17
  -3.331E-16
  -8.327E-17
  -7.633E-17
  -1.11E-16
  8.934000000e-18
  -1.105000000e-16
  -3.981000000e-16
  3.623913061e-16
  -1.665553333e-16
  1.708329000e-16
  8.510000000e-01 -1.281000000e-01 -5.092000000e-01
  4.076000000e-01 -4.503000000e-01 7.944000000e-01
  -3.311000000e-01 -8.836000000e-01 -3.310000000e-01
 Node:         40
  0.1191E+03  0.1220E+03  0.4937E+03 -0.1326E-03
   0.0
   8.327E-17
  -2.22E-16
   8.327E-17
  -1.388E-17
  -2.22E-16
  4.872000000e-17
  -2.082000000e-16
  -2.846000000e-16
  3.024459198e-16
  -1.480266667e-16
  1.425743739e-16
  -9.240000000e-01 -2.703000000e-01 -2.703000000e-01
  0.000000000e+00 -7.071000000e-01 7.071000000e-01
  3.823000000e-01 -6.534000000e-01 -6.534000000e-01
 Node:         41
  0.1182E+03  0.1217E+03  0.5073E+03 -0.1326E-03
   0.0
  -2.776E-17
  -5.551E-17
   5.551E-17
   9.714E-17
   1.11E-16
  1.653000000e-16
  1.073000000e-17
  -1.206000000e-16
  2.478691830e-16
  1.847666667e-17
  1.168466534e-16
  2.406000000e-01 3.653000000e-01 8.993000000e-01
  -8.901000000e-01 4.526000000e-01 5.428000000e-02
  -3.871000000e-01 -8.135000000e-01 4.340000000e-01
 Node:         42
  0.1187E+03  0.1212E+03  0.5204E+03 -0.1326E-03
   0.0
  -5.551E-17
  -1.11E-16
   0.0
   5.551E-17
   1.11E-16
  1.256000000e-16
  1.887000000e-17
  -1.444000000e-16
  2.355296009e-16
  2.333333333e-20
  1.110297186e-16
  1.113000000e-01 -2.517000000e-01 -9.614000000e-01
  9.295000000e-01 -3.159000000e-01 1.903000000e-01
  -3.516000000e-01 -9.148000000e-01 1.988000000e-01
 Node:         43
  0.1258E+03  0.1217E+03  0.4915E+03 -0.1326E-03
   2.22E-16
   1.11E-16
   1.11E-16
  -1.388E-17
   0.0
  -5.551E-17
  2.911000000e-16
  4.294000000e-17
  -5.645000000e-17
  3.100425456e-16
  9.253000000e-17
  1.461554576e-16
  -8.507000000e-01 -5.246000000e-01 3.406000000e-02
  -5.213000000e-01 8.502000000e-01 7.348000000e-02
  6.751000000e-02 -4.475000000e-02 9.967000000e-01
 Node:         44
  0.1259E+03  0.1220E+03  0.5059E+03 -0.1326E-03
  -2.22E-16
   1.388E-16
  -2.22E-16
   9.714E-17
   1.11E-16
  -1.11E-16
  5.081000000e-17
  -2.445000000e-16
  -3.614000000e-16
  3.679610647e-16
  -1.850300000e-16
  1.734585094e-16
  -5.113000000e-01 -5.340000000e-01 -6.733000000e-01
  -5.198000000e-01 -4.318000000e-01 7.372000000e-01
  -6.844000000e-01 7.269000000e-01 -5.679000000e-02
 Node:         45
  0.1261E+03  0.1221E+03  0.5198E+03 -0.1326E-03
  -5.551E-17
  -8.327E-17
  -2.776E-16
   2.776E-17
  -6.939E-18
   1.11E-16
  1.167000000e-16
  -3.339000000e-17
  -3.053000000e-16
  3.705037491e-16
  -7.399666667e-17
  1.746571423e-16
  1.854000000e-01 -5.643000000e-02 9.810000000e-01
  9.302000000e-01 -3.117000000e-01 -1.938000000e-01
  -3.167000000e-01 -9.485000000e-01 5.308000000e-03
 Node:         46
  0.1117E+03  0.1296E+03  0.4959E+03  0.0000E+00
  -5.551E-17
   2.776E-17
  -1.665E-16
   6.939E-18
  -2.602E-17
   0.0
  4.101000000e-18
  -4.897000000e-17
  -1.772000000e-16
  1.614458370e-16
  -7.402300000e-17
  7.610629740e-17
  4.856000000e-02 -1.429000000e-01 9.886000000e-01
  9.724000000e-01 2.327000000e-01 -1.414000000e-02
  -2.280000000e-01 9.620000000e-01 1.502000000e-01
 Node:         47
  0.1107E+03  0.1269E+03  0.5087E+03  0.0000E+00
  -1.665E-16
  -3.123E-17
   1.11E-16
  -2.776E-17
   3.99E-17
   0.0
  1.289000000e-16
  -1.114000000e-17
  -1.732000000e-16
  2.618578385e-16
  -1.848000000e-17
  1.234409689e-16
  -1.292000000e-01 9.390000000e-01 3.186000000e-01
  -1.008000000e-01 -3.321000000e-01 9.379000000e-01
  -9.865000000e-01 -8.906000000e-02 -1.376000000e-01
 Node:         48
  0.1125E+03  0.1242E+03  0.5208E+03  0.0000E+00
   1.11E-16
   3.469E-18
   1.11E-16
   0.0
  -1.735E-18
   1.11E-16
  1.149000000e-16
  1.110000000e-16
  1.071000000e-16
  6.754998150e-18
  1.110000000e-16
  3.184336666e-18
  -6.325000000e-01 -7.071000000e-01 3.162000000e-01
  4.472000000e-01 -4.455000000e-15 8.944000000e-01
  -6.325000000e-01 7.071000000e-01 3.162000000e-01
 Node:         49
  0.1186E+03  0.1311E+03  0.4938E+03  0.0000E+00
  -1.665E-16
  -2.082E-17
   0.0
  -4.163E-17
  -6.072E-18
  -5.551E-17
  2.581000000e-18
  -4.165000000e-17
  -1.830000000e-16
  1.678935845e-16
  -7.402300000e-17
  7.914579474e-17
  1.174000000e-01 -9.929000000e-01 1.965000000e-02
  -3.135000000e-01 -1.827000000e-02 9.494000000e-01
  -9.423000000e-01 -1.176000000e-01 -3.134000000e-01
 Node:         50
  0.1180E+03  0.1298E+03  0.5075E+03  0.0000E+00
   0.0
  -1.301E-17
   3.331E-16
  -4.163E-17
   1.247E-17
   2.22E-16
  3.354000000e-16
  2.276000000e-16
  -7.879000000e-18
  3.040655121e-16
  1.850403333e-16
  1.433378570e-16
  5.441000000e-02 -9.902000000e-01 -1.289000000e-01
  -1.707000000e-01 -1.364000000e-01 9.758000000e-01
  9.838000000e-01 3.109000000e-02 1.765000000e-01
 Node:         51
  0.1192E+03  0.1275E+03  0.5206E+03  0.0000E+00
   0.0
  -3.469E-18
  -5.551E-17
   0.0
   1.475E-17
   1.11E-16
  1.123000000e-16
  2.087000000e-19
  -5.702000000e-17
  1.491791642e-16
  1.849623333e-17
  7.032373239e-17
  -2.705000000e-03 8.758000000e-02 9.962000000e-01
  9.982000000e-01 -6.004000000e-02 7.989000000e-03
  -6.051000000e-02 -9.943000000e-01 8.725000000e-02
 Node:         52
  0.1262E+03  0.1305E+03  0.4920E+03  0.0000E+00
   1.11E-16
  -1.388E-17
   1.11E-16
   1.301E-18
   4.906E-18
   0.0
  1.250000000e-16
  9.734000000e-17
  -2.497000000e-19
  1.139655924e-16
  7.403010000e-17
  5.372389547e-17
  -7.047000000e-01 7.092000000e-01 2.051000000e-02
  7.093000000e-01 7.034000000e-01 4.493000000e-02
  -1.744000000e-02 -4.621000000e-02 9.988000000e-01
 Node:         53
  0.1258E+03  0.1304E+03  0.5063E+03  0.0000E+00
  -1.665E-16
  -1.735E-18
  -1.11E-16
   2.776E-17
   3.383E-17
  -2.22E-16
  -1.010000000e-16
  -1.572000000e-16
  -2.414000000e-16
  1.223933005e-16
  -1.665333333e-16
  5.769675516e-17
  9.684000000e-02 9.526000000e-01 2.883000000e-01
  -9.346000000e-01 1.866000000e-01 -3.027000000e-01
  -3.422000000e-01 -2.402000000e-01 9.084000000e-01
 Node:         54
  0.1265E+03  0.1288E+03  0.5200E+03  0.0000E+00
  -2.22E-16
   2.082E-17
   1.11E-16
   0.0
  -4.337E-18
   1.11E-16
  1.160000000e-16
  1.073000000e-16
  -2.233000000e-16
  3.350347295e-16
  0.000000000e+00
  1.579368861e-16
  -4.656000000e-02 -7.562000000e-01 6.527000000e-01
  -4.117000000e-02 -6.514000000e-01 -7.576000000e-01
  -9.981000000e-01 6.215000000e-02 8.061000000e-04
 Node:         55
  0.1381E+03  0.1167E+03  0.4530E+03  0.2473E-02
   0.001321
  -0.002478
   0.002263
  -6.613E-4
   0.003659
  -0.006482
  -5.318093682e-03
  -8.274136166e-04
  -7.649149237e-03
  2.564094343e-03
  -4.598218845e-03
  1.208725665e-03
  2.580630174e-01 4.382246187e-01 2.622033769e-01
  3.958243573e-01 7.386702179e-01 -2.882786492e-01
  -2.715470547e-01 -1.769959913e-01 4.934777015e-01
 Node:         56
  0.1314E+03  0.1156E+03  0.4685E+03  0.2473E-02
   0.003102
  -0.002715
   0.00177
  -0.00181
   0.001793
  -0.003351
  9.395908497e-03
  -3.818572985e-05
  2.217233115e-04
  8.661065548e-03
  3.193148693e-03
  4.082865454e-03
  -4.367457200e-01 -3.041844227e-01 9.408655773e-02
  5.211309368e-01 5.046316797e-01 6.341059041e-01
  -1.638496732e-03 -5.153704793e-02 5.136343137e-01
 Node:         57
  0.1285E+03  0.1140E+03  0.4823E+03  0.2473E-02
   0.00113
  -9.104E-4
   7.167E-4
  -5.309E-4
   3.751E-4
  -6.358E-5
  5.209784423e-03
  1.658045697e-04
  1.757366013e-03
  3.494778672e-03
  2.377651668e-03
  1.647454465e-03
  -5.087164488e-01 4.376405229e-02 3.240936057e-01
  4.201178649e-01 5.677809150e-01 2.682442331e-01
  3.889662309e-02 4.290395425e-02 7.163468410e-01
 Node:         58
  0.1479E+03  0.1173E+03  0.4537E+03  0.2473E-02
   8.137E-4
  -0.003035
   0.004784
  -5.271E-4
   0.002552
  -0.01368
  -1.490497821e-02
  7.265536492e-03
  -1.549885076e-02
  2.698247226e-04
  -7.712764161e-03
  1.271965941e-04
  3.839942266e-01 -5.772313725e-01 -9.013799564e-02
  5.019505425e-01 4.409314815e-01 3.028072658e-01
  -4.286896634e-01 -1.522664924e-01 5.989027342e-01
 Node:         59
  0.1416E+03  0.1164E+03  0.4694E+03  0.2473E-02
   0.005484
  -0.00474
   0.004104
  -0.004301
   0.003678
  -0.003842
  6.836868192e-03
  5.251987571e-03
  -2.051466231e-03
  6.945121866e-03
  3.345796511e-03
  3.273961845e-03
  -4.580011983e-01 5.131676471e-01 1.579678867e-01
  4.545425926e-01 5.565142549e-01 3.649257081e-01
  -2.960431373e-01 -2.606033333e-01 7.323762113e-01
 Node:         60
  0.1375E+03  0.1149E+03  0.4832E+03  0.2473E-02
   0.002631
  -0.002173
   0.00173
  -0.001991
   0.001385
   7.059E-4
  8.881550109e-03
  4.376542527e-04
  -1.923715686e-04
  8.972052400e-03
  3.042277598e-03
  4.229466062e-03
  -4.956825708e-01 6.292661220e-01 2.022282309e-01
  6.906851852e-02 3.214399782e-01 -4.713980545e-01
  -1.843925926e-01 -1.208436155e-01 6.418452723e-01
 Node:         61
  0.1550E+03  0.1214E+03  0.4543E+03  0.2473E-02
   0.005125
  -0.002775
  -0.001023
   9.429E-4
  -0.002095
  -0.008093
  -4.758687364e-03
  5.672038235e-03
  5.817897603e-03
  -9.739966149e-03
  2.243749492e-03
  -4.591464075e-03
  -1.071333333e-01 2.339845316e-01 7.466557734e-02
  5.334118736e-01 7.234845316e-01 -3.212822658e-01
  8.023862745e-02 2.035061253e-01 9.235920479e-01
 Node:         62
  0.1489E+03  0.1198E+03  0.4703E+03  0.2473E-02
   0.009009
  -0.007984
   0.003311
  -0.004484
   0.002596
   0.002185
  6.584204793e-03
  9.155189978e-03
  1.048018192e-02
  -3.273804622e-03
  8.739858896e-03
  -1.543286299e-03
  -6.550237473e-01 6.154639434e-01 2.811949346e-01
  3.362105664e-01 1.602212418e-01 1.099238118e-01
  9.581045752e-02 -5.125368192e-03 6.264032462e-01
 Node:         63
  0.1436E+03  0.1181E+03  0.4839E+03  0.2473E-02
   0.002538
  -0.003748
   0.00403
  -0.001662
   0.002396
   0.001351
  7.807367102e-03
  1.368156231e-03
  1.620376906e-04
  7.248445203e-03
  3.112520341e-03
  3.416949837e-03
  -6.529747277e-01 8.095572985e-01 2.006941329e-01
  -1.052628540e-01 2.463868845e-01 -5.464306972e-01
  -3.562253159e-01 -4.566181699e-01 -4.155680828e-01
 Node:         64
  0.1412E+03  0.1253E+03  0.4529E+03  0.2473E-02
  -0.006208
  -0.002765
   0.007254
  -4.401E-4
   4.391E-4
  -0.005158
  -1.718338780e-03
  -5.892378540e-03
  1.950720044e-03
  -8.848186831e-04
  -1.886665759e-03
  -4.171075273e-04
  -5.030047930e-02 6.237302832e-01 3.679698475e-02
  3.301252723e-02 -1.343253813e-02 3.856339869e-02
  -5.519117647e-02 1.808525839e-01 -1.297572113e-01
 Node:         65
  0.1339E+03  0.1229E+03  0.4685E+03  0.2473E-02
   6.043E-4
  -0.004795
   0.005075
  -0.001473
   5.749E-4
  -0.003209
  4.061950980e-03
  -9.101579521e-04
  -6.874172113e-04
  4.871805220e-03
  8.214586057e-04
  2.296591005e-03
  3.812912636e-01 -1.048963943e+00 -1.086590414e-01
  -4.139485621e-01 -3.365447495e-01 6.603300654e-01
  -6.170725490e-01 -2.951936819e-02 -3.025365795e-01
 Node:         66
  0.1299E+03  0.1214E+03  0.4825E+03  0.2473E-02
   0.001531
  -0.001543
   0.001478
  -5.806E-4
   4.514E-4
  -1.107E-4
  3.916843137e-03
  9.394038126e-05
  -6.343348584e-04
  4.351030711e-03
  1.125482887e-03
  2.051095547e-03
  -4.692561983e-01 -6.988082789e-02 2.572846950e-01
  5.985822440e-01 5.669967320e-01 1.867973856e-01
  6.209835512e-01 -2.981564270e-02 5.056051198e-01
 Node:         67
  0.1497E+03  0.1240E+03  0.4536E+03  0.2473E-02
  -0.003897
  -0.002893
   0.006596
  -3.691E-4
   7.779E-4
  -0.01239
  -3.453790850e-03
  -2.171938998e-03
  -1.303402505e-02
  8.022476818e-03
  -6.219918301e-03
  3.781831840e-03
  -2.408579521e-01 1.057687691e+00 1.234362854e-01
  6.730326144e-01 1.208456427e-01 2.225924292e-01
  -3.522999805e-01 -7.252699455e-02 4.281654684e-01
 Node:         68
  0.1430E+03  0.1222E+03  0.4694E+03  0.2473E-02
   0.005449
  -0.005943
   0.00595
  -0.003873
   0.001741
  -0.006583
  4.338464052e-03
  4.620421874e-03
  -8.184588235e-03
  9.693049824e-03
  2.580992302e-04
  4.569347507e-03
  -2.374477124e-01 -1.959830065e-01 1.264324619e-02
  2.378976275e-01 3.287581699e-01 2.971316993e-01
  -4.033879085e-01 -1.645503638e-01 3.865294771e-01
 Node:         69
  0.1379E+03  0.1205E+03  0.4831E+03  0.2473E-02
   0.003225
  -0.002416
   0.001952
  -0.00173
   0.001082
   1.497E-5
  4.855286492e-03
  5.790072658e-04
  -1.225391830e-03
  5.382734979e-03
  1.402967309e-03
  2.537445603e-03
  -6.047856209e-01 6.820861656e-01 2.203242211e-01
  4.857651972e-01 6.561825708e-01 1.789294989e-01
  5.275033769e-01 2.688284314e-02 4.800091721e-01
 Node:         70
  0.1552E+03  0.1235E+03  0.4543E+03  0.2473E-02
  -0.001484
  -0.003737
   0.003198
  -0.002473
   0.001838
  -0.01499
  6.575206972e-04
  -2.317515908e-03
  -2.115302288e-02
  1.985396263e-02
  -7.604339362e-03
  9.359247741e-03
  -1.313494553e-01 1.405299564e-01 3.957294880e-01
  2.553031481e-01 -2.029984749e-01 7.186750545e-02
  1.964185403e-01 8.489334423e-02 3.177744009e-01
 Node:         71
  0.1491E+03  0.1218E+03  0.4702E+03  0.2473E-02
   0.009586
  -0.005643
   0.004359
  -0.007541
   0.0033
  -0.005105
  5.743883442e-03
  6.294902288e-03
  -9.088101307e-03
  1.143755395e-02
  9.835614742e-04
  5.391714641e-03
  -6.904920479e-01 5.162740741e-01 3.842472767e-01
  2.016388998e-01 3.396612200e-02 2.236456209e-01
  4.866519608e-01 9.532201525e-02 6.115204793e-01
 Node:         72
  0.1435E+03  0.1199E+03  0.4838E+03  0.2473E-02
   0.00509
  -0.002673
   0.001593
  -0.003072
   0.001458
   6.08E-4
  6.050859477e-03
  8.155238562e-04
  -1.203791939e-03
  6.472005714e-03
  1.887530465e-03
  3.050932752e-03
  -7.070074074e-01 5.515604575e-01 3.345725490e-01
  3.622440141e-01 6.266453159e-01 2.750808050e-01
  4.601591503e-01 7.742869063e-02 3.806800000e-01
 Node:         73
  0.1442E+03  0.1339E+03  0.4529E+03  0.0000E+00
   0.006096
  -1.685E-4
  -0.005675
  -0.001049
   7.401E-4
   0.001538
  4.308399782e-03
  -7.274101438e-03
  2.378607843e-03
  -3.600239995e-04
  -1.956979375e-04
  -1.697169410e-04
  -3.517856209e-01 -2.649738017e-02 2.471142048e-01
  -4.681903377e-01 -2.271995098e-02 -6.327962963e-02
  -4.061980392e-02 3.224150327e-01 -1.009015882e-01
 Node:         74
  0.1365E+03  0.1303E+03  0.4685E+03  0.0000E+00
   0.01096
   0.003362
  -0.001192
   8.807E-4
   0.001258
   0.003258
  7.951427015e-03
  -1.590132898e-03
  3.246448802e-04
  7.097110758e-03
  2.228646333e-03
  3.345610096e-03
  -1.364784314e-01 -3.252571024e-01 1.175533769e-02
  -2.453699129e-01 6.456088235e-02 1.147219390e+00
  -2.818566296e-01 1.813989107e-01 -2.616217320e-01
 Node:         75
  0.1313E+03  0.1288E+03  0.4826E+03  0.0000E+00
   0.00489
   0.001396
   2.241E-4
   3.465E-4
   1.79E-4
   4.091E-4
  4.469655773e-03
  7.835588235e-05
  -2.825602397e-04
  4.676950827e-03
  1.421817139e-03
  2.204735763e-03
  -9.295217865e-01 -6.985115468e-02 4.150610675e-02
  -5.618318301e-02 -9.114576471e-02 9.415819172e-01
  -1.945932462e-02 1.084026580e+00 8.037483660e-02
 Node:         76
  0.1514E+03  0.1307E+03  0.4536E+03  0.0000E+00
   0.004754
  -8.151E-4
  -0.006007
  -0.001312
   3.619E-4
   3.46E-4
  -1.461521786e-03
  -1.031828649e-02
  6.756611111e-03
  -7.850296802e-03
  -1.674399056e-03
  -3.700665402e-03
  -4.529396405e-01 3.890815904e-02 3.171741830e-01
  5.408555556e-01 -1.065952397e-01 5.083494553e-01
  3.447986928e-02 -2.499137255e-01 -6.871869281e-02
 Node:         77
  0.1444E+03  0.1280E+03  0.4693E+03  0.0000E+00
   0.01335
   0.003386
  -0.001446
   9.853E-4
   8.882E-4
   0.001671
  5.036802832e-03
  -4.775296296e-03
  4.530551198e-03
  2.688407882e-03
  1.597352578e-03
  1.267327629e-03
  -9.630516340e-01 -1.167564510e-01 3.882971351e-02
  2.245298475e-02 1.254270370e-01 9.733871460e-01
  -1.699116732e-01 3.212068627e-01 -5.063834423e-02
 Node:         78
  0.1384E+03  0.1261E+03  0.4830E+03  0.0000E+00
   0.005891
   0.001886
   2.92E-4
   5.408E-4
   2.682E-4
   2.792E-4
  2.972754902e-03
  -1.675543573e-04
  -8.354433551e-05
  3.085656343e-03
  9.072187364e-04
  1.454592350e-03
  -9.536554466e-01 -1.801527277e-01 1.790786275e-02
  -2.067775708e-02 -7.539957516e-02 9.677020697e-01
  -2.292881089e-01 1.177662309e-01 -2.427579956e-01
 Node:         79
  0.1555E+03  0.1255E+03  0.4542E+03  0.0000E+00
   0.002622
  -3.125E-4
  -0.01407
  -0.003077
   2.928E-4
  -0.00432
  -1.698693900e-03
  -4.176133987e-03
  1.697655773e-02
  -1.771590728e-02
  3.700576616e-03
  -8.351358779e-03
  7.556506536e-01 2.388352397e-01 -2.950861264e-01
  -2.947684096e-02 1.110803192e-01 4.755475381e-01
  -8.904905447e-02 -5.868251383e-01 1.846744107e-01
 Node:         80
  0.1493E+03  0.1237E+03  0.4702E+03  0.0000E+00
   0.01574
   0.001641
  -0.008788
   0.002163
   9.877E-4
  -0.001531
  4.102973856e-03
  3.383440523e-03
  1.937169172e-02
  -1.264397024e-02
  8.952702033e-03
  -5.960424730e-03
  -4.568699346e-01 1.402480828e-01 -1.105329956e-01
  -2.811447712e-01 3.987500436e-01 6.057008355e-01
  1.410485839e-02 -6.103065871e-01 4.536553159e-01
 Node:         81
  0.1433E+03  0.1217E+03  0.4837E+03  0.0000E+00
   0.006911
   0.001537
  -7.381E-4
   0.002081
   6.079E-4
   5.039E-4
  4.388405229e-03
  7.385473529e-04
  2.369589325e-03
  2.566493477e-03
  2.498847302e-03
  1.209856628e-03
  -9.432823529e-01 -1.961661220e-01 -1.549049194e-01
  -3.058185185e-01 4.232030501e-01 6.477465100e-01
  1.409655011e-01 -6.660807026e-01 4.647192810e-01
 Node:         82
  0.1267E+03  0.1148E+03  0.4560E+03  0.3397E-02
   0.003377
  -0.002644
  -8.154E-4
  -8.537E-4
   1.247E-4
  -0.00147
  4.974612200e-03
  -1.935662854e-03
  -1.152440087e-03
  6.140951775e-03
  6.288364198e-04
  2.894872429e-03
  -5.996784662e-01 5.321676471e-01 2.484869281e-01
  -1.469470153e-01 -6.489010893e-02 1.785046841e-01
  5.209696078e-01 3.965017429e-01 3.065344227e-01
 Node:         83
  0.1234E+03  0.1129E+03  0.4718E+03  0.3397E-02
   7.75E-4
  -0.001913
  -8.307E-4
  -0.001449
   3.144E-4
   2.803E-4
  7.566489760e-03
  -2.322103486e-04
  2.214159041e-03
  4.279404941e-03
  3.182812818e-03
  2.017330835e-03
  -3.787591285e-01 6.094602397e-01 5.241607516e-01
  -6.392145969e-02 -1.253981699e-01 1.565518519e-01
  1.827407407e-01 5.023223420e-01 3.421883442e-01
 Node:         84
  0.1187E+03  0.1123E+03  0.4849E+03  0.3397E-02
   5.616E-5
  -1.672E-4
  -8.686E-5
  -3.591E-4
   1.883E-5
   4.797E-4
  2.873884009e-03
  -5.048923312e-05
  2.742197821e-03
  -1.333444845e-04
  1.855197532e-03
  -6.285919282e-05
  -5.469900871e-01 -7.053148148e-02 3.959324619e-01
  5.047701525e-02 2.547721133e-01 -6.886710240e-04
  -1.237384532e-01 -2.672428976e-01 -4.902608932e-01
 Node:         85
  0.1302E+03  0.1161E+03  0.4548E+03  0.3397E-02
   0.003709
  -0.00296
  -6.082E-4
  -7.922E-4
   9.438E-5
  -0.002605
  4.889666667e-03
  -2.937950000e-03
  -3.054660131e-03
  7.676016404e-03
  -3.676478214e-04
  3.618508835e-03
  -5.955371024e-01 4.922967320e-01 2.588981481e-01
  1.640338780e-01 6.112072767e-01 -4.109066449e-01
  -2.360381264e-02 2.773973856e-01 5.200976035e-01
 Node:         86
  0.1252E+03  0.1138E+03  0.4701E+03  0.3397E-02
  -0.002432
  -0.001803
   0.004766
  -0.003369
   0.001047
  -4.847E-4
  -5.423333333e-04
  3.083905752e-03
  -3.262648148e-03
  2.970408472e-03
  -2.403585766e-04
  1.400263982e-03
  -1.510107516e-01 -1.728327887e-01 -1.451248366e-01
  -1.005697168e-02 -2.000795207e-01 8.676655773e-02
  7.698989107e-01 1.014814401e-01 1.358406318e-01
 Node:         87
  0.1217E+03  0.1126E+03  0.4833E+03  0.3397E-02
   3.176E-4
  -1.42E-4
  -3.175E-5
  -6.389E-4
   7.581E-5
   6.465E-4
  3.693530719e-03
  -1.806038617e-04
  2.992051852e-03
  7.487009881e-04
  2.168326236e-03
  3.529410305e-04
  -5.557433551e-01 3.520753159e-01 3.075076078e-01
  3.547791939e-01 -3.103678649e-01 3.171394336e-01
  6.924887800e-01 1.560664379e-01 1.245272331e-02
 Node:         88
  0.1338E+03  0.1169E+03  0.4532E+03  0.3397E-02
   0.001083
  -0.003127
   4.25E-4
  -7.963E-4
   0.001486
  -5.493E-4
  -1.915494553e-03
  -2.732509586e-03
  3.928530501e-03
  -3.821467112e-03
  -2.398245461e-04
  -1.801456872e-03
  -5.153957930e-01 5.713226580e-01 4.163986928e-01
  1.284450980e-01 4.352291340e-01 -1.464544662e-01
  3.995229847e-01 1.231718954e-01 2.432610022e-01
 Node:         89
  0.1270E+03  0.1150E+03  0.4684E+03  0.3397E-02
   0.002527
  -0.002335
   1.716E-4
  -0.001817
   4.964E-4
   6.206E-5
  1.095857190e-02
  4.401328976e-05
  3.971821351e-03
  6.739487913e-03
  4.991468845e-03
  3.177025070e-03
  -4.956900980e-01 4.254065359e-01 3.345581699e-01
  5.169466231e-02 -3.335832244e-01 4.639831155e-01
  -5.564662309e-02 3.785719129e-01 4.634209804e-01
 Node:         90
  0.1248E+03  0.1132E+03  0.4822E+03  0.3397E-02
   7.694E-4
  -6.079E-4
   3.118E-4
  -4.386E-4
   2.35E-4
   1.893E-4
  4.232472331e-03
  1.300851961e-04
  2.349828758e-03
  1.790638586e-03
  2.237462095e-03
  8.441151245e-04
  -3.105732353e-01 4.558789760e-01 2.924105991e-01
  2.911184205e-01 -3.315806972e-01 1.022461002e+00
  4.503801743e-02 5.690708061e-01 3.750090414e-01
 Node:         91
  0.1258E+03  0.1261E+03  0.4549E+03  0.3397E-02
  -0.006263
  -0.004091
   0.00549
  -0.001813
   7.196E-4
  -0.001879
  -1.035198257e-03
  -1.039884532e-03
  -6.918886710e-03
  4.620992593e-03
  -2.997989833e-03
  2.178356799e-03
  -3.527916449e-01 9.151263617e-02 -1.314279630e-01
  -3.120789760e-01 -2.742839869e-01 1.115387691e+00
  -1.071257734e+00 -2.906252723e-02 -3.056017429e-01
 Node:         92
  0.1209E+03  0.1233E+03  0.4725E+03  0.3397E-02
   7.189E-4
  -0.003078
   2.938E-4
  -0.002512
   3.538E-4
   1.636E-5
  3.349620915e-03
  -5.014807190e-04
  -3.011151416e-03
  5.580091294e-03
  -5.433707335e-05
  2.630480262e-03
  -6.016130861e-01 2.972212418e-01 2.499972767e-01
  1.488545752e-02 -5.436884532e-01 6.737215686e-01
  2.543690632e-01 4.506799033e-01 4.003449455e-01
 Node:         93
  0.1159E+03  0.1217E+03  0.4877E+03  0.3397E-02
   8.666E-4
   8.349E-7
  -1.815E-4
  -0.001175
  -4.281E-4
   8.069E-4
  4.250125272e-03
  1.602037473e-04
  -1.302875926e-03
  5.062509922e-03
  1.035817698e-03
  2.386490064e-03
  -4.052476928e-01 2.017764924e-01 7.048901961e-01
  -3.856715686e-02 -2.245351852e-01 -8.614673203e-02
  -3.995935730e-01 -4.067237473e-01 -4.865893246e-02
 Node:         94
  0.1312E+03  0.1263E+03  0.4540E+03  0.3397E-02
  -0.007929
  -0.004072
   0.006482
  -0.001463
   2.103E-4
  -0.002728
  -1.428643791e-03
  -6.788073856e-03
  -6.674455338e-03
  4.920956035e-03
  -4.963724328e-03
  2.319760922e-03
  -1.391292102e-01 9.179062092e-01 1.510821623e-01
  -3.047984749e-02 3.492632898e-02 4.371552288e-01
  -4.337662309e-01 -2.964838736e-01 -8.484117647e-02
 Node:         95
  0.1249E+03  0.1235E+03  0.4706E+03  0.3397E-02
   0.002058
  -0.002823
   0.002251
  -0.002914
   3.903E-4
  -0.002531
  4.827909586e-03
