 Group name: predicted_strain_L3A3
 #Fields=  16
 1) coordinates, coordinate, rectangular cartesian, #Components=3
   x.  Value index= 1, #Derivatives=0
   y.  Value index= 2, #Derivatives=0
   z.  Value index= 3, #Derivatives=0
 2) Tensor_1, field, rectangular cartesian, #Components=1
   Tensor_1.  Value index= 4, #Derivatives=0
 3) Tensor_2, field, rectangular cartesian, #Components=1
   Tensor_2.  Value index= 5, #Derivatives=0
 4) Tensor_3, field, rectangular cartesian, #Components=1
   Tensor_3.  Value index= 6, #Derivatives=0
 5) Tensor_4, field, rectangular cartesian, #Components=1
   Tensor_4.  Value index= 7, #Derivatives=0
 6) Tensor_5, field, rectangular cartesian, #Components=1
   Tensor_5.  Value index= 8, #Derivatives=0
 7) Tensor_6, field, rectangular cartesian, #Components=1
   Tensor_6.  Value index= 9, #Derivatives=0
 8) Principal_1, field, rectangular cartesian, #Components=1
   Principal_1.  Value index= 10, #Derivatives=0
 9) Principal_2, field, rectangular cartesian, #Components=1
   Principal_2.  Value index= 11, #Derivatives=0
 10) Principal_3, field, rectangular cartesian, #Components=1
   Principal_3.  Value index= 12, #Derivatives=0
 11) VonMises, field, rectangular cartesian, #Components=1
   VonMises.  Value index= 13, #Derivatives=0
 12) Hydrostatic, field, rectangular cartesian, #Components=1
   VonMises.  Value index= 14, #Derivatives=0
 13) Octahedral, field, rectangular cartesian, #Components=1
   VonMises.  Value index= 15, #Derivatives=0
 14) PrincipalVector1, field, rectangular cartesian, #Components=3
   x.  Value index= 16, #Derivatives=0
   y.  Value index= 17, #Derivatives=0
   z.  Value index= 18, #Derivatives=0
 15) PrincipalVector2, field, rectangular cartesian, #Components=3
   x.  Value index= 19, #Derivatives=0
   y.  Value index= 20, #Derivatives=0
   z.  Value index= 21, #Derivatives=0
 16) PrincipalVector3, field, rectangular cartesian, #Components=3
   x.  Value index= 22, #Derivatives=0
   y.  Value index= 23, #Derivatives=0
   z.  Value index= 24, #Derivatives=0
 Node:          1
  0.1287E+03  0.1133E+03  0.4908E+03 -0.1245E-04
  -1.11E-16
  -8.327E-17
  -2.22E-16
  -2.776E-17
  -4.163E-17
  -3.331E-16
  -6.637000000e-17
  -2.400000000e-16
  -3.598000000e-16
  2.555392160e-16
  -2.220566667e-16
  1.204623416e-16
  8.837000000e-01 -4.676000000e-01 -1.897000000e-02
  4.046000000e-01 7.837000000e-01 -4.712000000e-01
  2.352000000e-01 4.088000000e-01 8.818000000e-01
 Node:          2
  0.1292E+03  0.1137E+03  0.5052E+03 -0.1245E-04
  -5.551E-17
  -1.11E-16
  -1.665E-16
  -5.551E-17
   1.943E-16
  -2.776E-16
  8.603000000e-17
  -1.600000000e-16
  -4.256000000e-16
  4.431926093e-16
  -1.665233333e-16
  2.089229996e-16
  -6.554000000e-01 6.199000000e-01 4.313000000e-01
  7.522000000e-01 4.849000000e-01 4.462000000e-01
  -6.744000000e-02 -6.169000000e-01 7.841000000e-01
 Node:          3
  0.1289E+03  0.1155E+03  0.5194E+03 -0.1245E-04
   2.22E-16
   1.388E-16
   3.331E-16
   1.11E-16
   5.551E-17
   2.22E-16
  4.753000000e-16
  2.118000000e-16
  9.006000000e-17
  3.410738448e-16
  2.590533333e-16
  1.607837524e-16
  -5.696000000e-01 -7.144000000e-01 -4.063000000e-01
  2.395000000e-01 -6.172000000e-01 7.494000000e-01
  -7.862000000e-01 3.296000000e-01 5.227000000e-01
 Node:          4
  0.1361E+03  0.1141E+03  0.4915E+03 -0.1245E-04
   0.0
  -2.776E-17
  -1.11E-16
  -2.776E-17
  -8.327E-17
   2.22E-16
  2.435000000e-16
  6.328000000e-18
  -1.388000000e-16
  3.342648530e-16
  3.700933333e-17
  1.575739629e-16
  -8.549000000e-02 -2.215000000e-01 9.714000000e-01
  9.681000000e-01 -2.491000000e-01 2.840000000e-02
  2.357000000e-01 9.428000000e-01 2.357000000e-01
 Node:          5
  0.1341E+03  0.1144E+03  0.5054E+03 -0.1245E-04
   3.331E-16
   1.388E-16
   3.331E-16
   5.551E-17
  -6.939E-17
   4.441E-16
  4.814000000e-16
  4.627000000e-16
  1.662000000e-16
  3.062784517e-16
  3.701000000e-16
  1.443810468e-16
  -3.480000000e-01 -6.443000000e-01 6.810000000e-01
  -6.589000000e-01 -3.487000000e-01 -6.665000000e-01
  6.669000000e-01 -6.807000000e-01 -3.032000000e-01
 Node:          6
  0.1323E+03  0.1162E+03  0.5191E+03 -0.1245E-04
   2.22E-16
   5.551E-17
   2.22E-16
  -5.551E-17
  -2.776E-17
   0.0
  2.897000000e-16
  1.685000000e-16
  -1.402000000e-17
  2.648101478e-16
  1.480600000e-16
  1.248327008e-16
  -7.150000000e-01 -6.696000000e-01 2.012000000e-01
  6.656000000e-01 -7.399000000e-01 -9.741000000e-02
  -2.141000000e-01 -6.426000000e-02 -9.747000000e-01
 Node:          7
  0.1408E+03  0.1171E+03  0.4920E+03 -0.1245E-04
   3.331E-16
   2.22E-16
   2.22E-16
  -8.327E-17
  -1.11E-16
   0.0
  5.398000000e-16
  6.158000000e-17
  -4.631000000e-17
  5.403052621e-16
  1.850233333e-16
  2.547023432e-16
  -7.537000000e-01 -6.111000000e-01 2.419000000e-01
  -6.560000000e-01 6.770000000e-01 -3.335000000e-01
  -4.004000000e-02 4.101000000e-01 9.112000000e-01
 Node:          8
  0.1367E+03  0.1169E+03  0.5055E+03 -0.1245E-04
   2.22E-16
   1.943E-16
   2.22E-16
  -4.025E-16
  -2.359E-16
  -2.22E-16
  6.547000000e-16
  4.477000000e-17
  -4.775000000e-16
  9.814930967e-16
  7.399000000e-17
  4.626802829e-16
  -6.847000000e-01 -5.611000000e-01 4.652000000e-01
  5.685000000e-01 -8.105000000e-01 -1.409000000e-01
  -4.561000000e-01 -1.681000000e-01 -8.739000000e-01
 Node:          9
  0.1339E+03  0.1180E+03  0.5191E+03 -0.1245E-04
   2.22E-16
   1.665E-16
   0.0
  -3.955E-16
  -2.776E-16
   6.661E-16
  1.002000000e-15
  -9.379000000e-18
  -1.046000000e-16
  1.062195387e-15
  2.960070000e-16
  5.007237074e-16
  -4.817000000e-01 -3.073000000e-01 8.207000000e-01
  -8.565000000e-01 -3.292000000e-02 -5.150000000e-01
  -1.853000000e-01 9.510000000e-01 2.474000000e-01
 Node:         10
  0.1294E+03  0.1212E+03  0.4911E+03 -0.1245E-04
   0.0
   2.776E-17
   1.11E-16
  -1.388E-17
   1.249E-16
   1.11E-16
  2.363000000e-16
  2.303000000e-17
  -3.732000000e-17
  2.489920880e-16
  7.400333333e-17
  1.173759959e-16
  4.210000000e-02 7.100000000e-01 7.030000000e-01
  -7.813000000e-01 -4.152000000e-01 4.661000000e-01
  -6.228000000e-01 5.688000000e-01 -5.372000000e-01
 Node:         11
  0.1295E+03  0.1214E+03  0.5055E+03 -0.1245E-04
  -2.22E-16
  -2.776E-17
  -2.22E-16
  -4.163E-17
   1.388E-17
  -1.665E-16
  -1.365000000e-16
  -2.183000000e-16
  -2.558000000e-16
  1.056645163e-16
  -2.035333333e-16
  4.981073066e-17
  -4.935000000e-01 2.929000000e-01 8.189000000e-01
  3.541000000e-01 -7.924000000e-01 4.968000000e-01
  -7.944000000e-01 -5.351000000e-01 -2.873000000e-01
 Node:         12
  0.1295E+03  0.1217E+03  0.5196E+03 -0.1245E-04
   1.11E-16
   0.0
   1.11E-16
   7.633E-17
   2.776E-17
   2.22E-16
  2.649000000e-16
  1.110000000e-16
  6.816000000e-17
  1.792025435e-16
  1.480200000e-16
  8.447688915e-17
  -4.387000000e-01 -1.595000000e-01 -8.844000000e-01
  3.417000000e-01 -9.398000000e-01 -2.255000000e-17
  8.311000000e-01 3.022000000e-01 -4.668000000e-01
 Node:         13
  0.1361E+03  0.1199E+03  0.4914E+03 -0.1245E-04
   1.11E-16
  -1.388E-16
   0.0
  -9.714E-17
   2.776E-17
  -1.665E-16
  2.285000000e-16
  -8.520000000e-17
  -1.988000000e-16
  3.833392362e-16
  -1.850000000e-17
  1.807078489e-16
  8.171000000e-01 -5.252000000e-01 -2.378000000e-01
  4.648000000e-01 8.442000000e-01 -2.671000000e-01
  3.410000000e-01 1.077000000e-01 9.339000000e-01
 Node:         14
  0.1342E+03  0.1198E+03  0.5054E+03 -0.1245E-04
  -5.551E-17
   2.776E-17
   0.0
   5.551E-17
  -9.021E-17
   1.11E-16
  1.672000000e-16
  -4.940000000e-18
  -1.068000000e-16
  2.398787602e-16
  1.848666667e-17
  1.130799320e-16
  1.634000000e-01 -4.472000000e-01 8.794000000e-01
  -6.569000000e-01 -7.144000000e-01 -2.412000000e-01
  -7.361000000e-01 5.382000000e-01 4.105000000e-01
 Node:         15
  0.1330E+03  0.1205E+03  0.5193E+03 -0.1245E-04
   2.22E-16
  -8.327E-17
  -5.551E-17
   1.388E-17
   4.857E-17
   0.0
  2.451000000e-16
  2.471000000e-17
  -1.033000000e-16
  3.052383267e-16
  5.550333333e-17
  1.438907271e-16
  -9.638000000e-01 2.667000000e-01 -1.723000000e-03
  1.157000000e-01 4.239000000e-01 8.983000000e-01
  2.403000000e-01 8.656000000e-01 -4.394000000e-01
 Node:         16
  0.1404E+03  0.1188E+03  0.4918E+03 -0.1245E-04
   2.22E-16
   5.551E-17
   2.22E-16
  -8.327E-17
  -1.457E-16
   4.441E-16
  5.466000000e-16
  1.950000000e-16
  1.465000000e-16
  3.781896482e-16
  2.960333333e-16
  1.782803099e-16
  -2.927000000e-01 -4.328000000e-01 8.526000000e-01
  -9.222000000e-01 -1.077000000e-01 -3.713000000e-01
  -2.526000000e-01 8.950000000e-01 3.676000000e-01
 Node:         17
  0.1365E+03  0.1184E+03  0.5055E+03 -0.1245E-04
  -1.11E-16
   2.776E-17
  -1.11E-16
   9.714E-17
   1.7E-16
   0.0
  1.573000000e-16
  -1.341000000e-16
  -2.452000000e-16
  3.600440390e-16
  -7.400000000e-17
  1.697263877e-16
  3.368000000e-01 5.285000000e-01 7.792000000e-01
  8.927000000e-01 -4.425000000e-01 -8.566000000e-02
  -2.996000000e-01 -7.244000000e-01 6.209000000e-01
 Node:         18
  0.1341E+03  0.1191E+03  0.5192E+03 -0.1245E-04
   0.0
   0.0
   0.0
   2.645E-17
   1.065E-16
   4.441E-16
  4.697000000e-16
  -1.672000000e-33
  -2.562000000e-17
  4.830198634e-16
  1.480266667e-16
  2.276977472e-16
  -5.484000000e-02 -2.207000000e-01 -9.738000000e-01
  9.705000000e-01 -2.411000000e-01 -6.210000000e-17
  -2.348000000e-01 -9.451000000e-01 2.274000000e-01
 Node:         19
  0.1301E+03  0.1291E+03  0.4914E+03  0.0000E+00
   1.11E-16
   0.0
   1.11E-16
   2.101E-19
   1.001E-17
  -2.22E-16
  1.113000000e-16
  1.110000000e-16
  -2.223000000e-16
  3.334501012e-16
  0.000000000e+00
  1.571898852e-16
  -2.096000000e-02 -9.993000000e-01 -3.003000000e-02
  9.998000000e-01 -2.097000000e-02 1.345000000e-19
  6.298000000e-04 3.003000000e-02 -9.995000000e-01
 Node:         20
  0.1299E+03  0.1291E+03  0.5058E+03  0.0000E+00
   2.22E-16
   0.0
   0.0
   1.041E-17
   1.924E-17
  -5.551E-17
  2.224000000e-16
  5.975000000e-18
  -6.188000000e-17
  2.571567616e-16
  5.549833333e-17
  1.212248600e-16
  -9.993000000e-01 -3.257000000e-03 -3.765000000e-02
  1.428000000e-02 -9.549000000e-01 -2.965000000e-01
  -3.498000000e-02 -2.968000000e-01 9.543000000e-01
 Node:         21
  0.1301E+03  0.1280E+03  0.5197E+03  0.0000E+00
   1.11E-16
   0.0
   0.0
   4.163E-17
   1.475E-17
   1.11E-16
  1.534000000e-16
  7.089000000e-17
  -2.220000000e-18
  1.348528023e-16
  7.402333333e-17
  6.357022067e-17
  -6.994000000e-01 -6.840000000e-02 -7.114000000e-01
  -7.126000000e-01 1.429000000e-01 6.869000000e-01
  -5.465000000e-02 -9.874000000e-01 1.487000000e-01
 Node:         22
  0.1360E+03  0.1256E+03  0.4913E+03  0.0000E+00
  -2.22E-16
   1.388E-17
  -1.11E-16
  -1.388E-17
   1.006E-16
   1.11E-16
  1.500000000e-16
  -1.456000000e-16
  -2.264000000e-16
  3.432090908e-16
  -7.400000000e-17
  1.617903170e-16
  -2.144000000e-02 3.586000000e-01 9.332000000e-01
  2.280000000e-01 9.106000000e-01 -3.447000000e-01
  -9.734000000e-01 2.054000000e-01 -1.013000000e-01
 Node:         23
  0.1343E+03  0.1253E+03  0.5054E+03  0.0000E+00
   0.0
   2.082E-17
  -4.441E-16
   0.0
   1.314E-16
  -1.665E-16
  1.265000000e-18
  -1.147000000e-16
  -4.972000000e-16
  4.517861704e-16
  -2.035450000e-16
  2.129740431e-16
  9.970000000e-01 6.061000000e-02 4.746000000e-02
  6.644000000e-02 -3.661000000e-01 -9.282000000e-01
  3.888000000e-02 -9.286000000e-01 3.690000000e-01
 Node:         24
  0.1336E+03  0.1248E+03  0.5194E+03  0.0000E+00
  -2.22E-16
   1.214E-17
   0.0
   1.388E-17
   8.674E-19
  -1.665E-16
  6.779000000e-19
  -1.633000000e-16
  -2.259000000e-16
  2.026635839e-16
  -1.295073667e-16
  9.553652964e-17
  -5.504000000e-02 -9.984000000e-01 -9.747000000e-03
  2.257000000e-01 -2.195000000e-02 9.740000000e-01
  -9.726000000e-01 5.141000000e-02 2.265000000e-01
 Node:         25
  0.1400E+03  0.1206E+03  0.4917E+03  0.0000E+00
   0.0
   2.671E-16
  -1.11E-16
  -8.327E-17
  -1.301E-16
   2.22E-16
  3.681000000e-16
  7.580000000e-17
  -3.329000000e-16
  6.098671905e-16
  3.700000000e-17
  2.874941507e-16
  5.089000000e-01 4.781000000e-01 -7.159000000e-01
  6.086000000e-01 3.883000000e-01 6.920000000e-01
  6.088000000e-01 -7.878000000e-01 -9.334000000e-02
 Node:         26
  0.1363E+03  0.1200E+03  0.5055E+03  0.0000E+00
   2.22E-16
   1.076E-16
  -6.106E-16
   2.776E-17
  -1.124E-15
  -5.551E-17
  8.281000000e-16
  2.248000000e-16
  -1.497000000e-15
  2.089815320e-15
  -1.480333333e-16
  9.851483893e-16
  7.371000000e-02 6.174000000e-01 -7.832000000e-01
  9.955000000e-01 1.018000000e-03 9.449000000e-02
  -5.914000000e-02 7.866000000e-01 6.146000000e-01
 Node:         27
  0.1343E+03  0.1203E+03  0.5192E+03  0.0000E+00
   2.22E-16
  -1.943E-16
   2.22E-16
  -1.041E-16
   1.313E-15
   0.0
  1.466000000e-15
  1.875000000e-16
  -1.209000000e-15
  2.317369144e-15
  1.481666667e-16
  1.092418291e-15
  -1.693000000e-01 7.280000000e-01 6.643000000e-01
  9.848000000e-01 9.849000000e-02 1.431000000e-01
  3.876000000e-02 6.785000000e-01 -7.336000000e-01
 Node:         28
  0.1155E+03  0.1124E+03  0.4931E+03 -0.7355E-04
  -2.22E-16
   3.816E-17
   2.22E-16
  -5.551E-17
   5.551E-17
   1.11E-16
  2.455000000e-16
  1.014000000e-16
  -2.359000000e-16
  4.279497985e-16
  3.700000000e-17
  2.017374697e-16
  3.184000000e-02 9.284000000e-01 3.701000000e-01
  1.988000000e-01 3.571000000e-01 -9.127000000e-01
  9.795000000e-01 -1.026000000e-01 1.732000000e-01
 Node:         29
  0.1119E+03  0.1139E+03  0.5068E+03 -0.7355E-04
  -2.22E-16
  -2.082E-17
   0.0
   5.551E-17
   6.939E-18
  -3.331E-16
  1.944000000e-18
  -2.004000000e-16
  -3.566000000e-16
  3.113642034e-16
  -1.850186667e-16
  1.467784931e-16
  -9.118000000e-02 9.958000000e-01 5.517000000e-03
  -9.179000000e-01 -8.189000000e-02 -3.884000000e-01
  -3.863000000e-01 -4.048000000e-02 9.215000000e-01
 Node:         30
  0.1113E+03  0.1159E+03  0.5206E+03 -0.7355E-04
   2.22E-16
   1.249E-16
   2.22E-16
   0.0
  -2.776E-17
   1.11E-16
  3.486000000e-16
  1.238000000e-16
  8.277000000e-17
  2.478750591e-16
  1.850566667e-16
  1.168494234e-16
  -7.001000000e-01 -7.092000000e-01 8.287000000e-02
  -4.685000000e-01 3.686000000e-01 -8.029000000e-01
  -5.389000000e-01 6.009000000e-01 5.903000000e-01
 Node:         31
  0.1203E+03  0.1126E+03  0.4920E+03 -0.7355E-04
  -5.551E-17
   9.714E-17
  -1.11E-16
   2.776E-17
   4.163E-17
  -5.551E-17
  4.114000000e-17
  -7.661000000e-17
  -1.866000000e-16
  1.972667866e-16
  -7.402333333e-17
  9.299245501e-17
  -6.956000000e-01 -5.654000000e-01 -4.433000000e-01
  4.358000000e-01 1.585000000e-01 -8.860000000e-01
  5.712000000e-01 -8.095000000e-01 1.362000000e-01
 Node:         32
  0.1188E+03  0.1134E+03  0.5062E+03 -0.7355E-04
   2.22E-16
  -1.388E-17
  -1.11E-16
  -2.776E-17
   9.714E-17
  -5.551E-17
  2.266000000e-16
  1.331000000e-17
  -1.844000000e-16
  3.560216764e-16
  1.850333333e-17
  1.678302278e-16
  -9.894000000e-01 7.624000000e-02 1.236000000e-01
  1.445000000e-01 5.992000000e-01 7.875000000e-01
  1.402000000e-02 -7.970000000e-01 6.038000000e-01
 Node:         33
  0.1183E+03  0.1150E+03  0.5201E+03 -0.7355E-04
   1.11E-16
   5.551E-17
   0.0
   8.327E-17
   0.0
   0.0
  1.700000000e-16
  0.000000000e+00
  -5.893000000e-17
  2.058903711e-16
  3.702333333e-17
  9.705765171e-17
  -8.617000000e-01 -2.815000000e-01 -4.222000000e-01
  0.000000000e+00 -8.321000000e-01 5.547000000e-01
  -5.074000000e-01 4.780000000e-01 7.170000000e-01
 Node:         34
  0.1255E+03  0.1129E+03  0.4909E+03 -0.7355E-04
   0.0
   0.0
   0.0
   5.551E-17
   9.714E-17
   0.0
  1.119000000e-16
  3.387000000e-33
  -1.119000000e-16
  1.938164854e-16
  0.000000000e+00
  9.136596741e-17
  -3.508000000e-01 -6.139000000e-01 -7.071000000e-01
  8.682000000e-01 -4.961000000e-01 -4.855000000e-17
  -3.508000000e-01 -6.139000000e-01 7.071000000e-01
 Node:         35
  0.1260E+03  0.1135E+03  0.5054E+03 -0.7355E-04
   0.0
   1.11E-16
  -1.11E-16
   1.11E-16
   2.498E-16
  -1.11E-16
  2.410000000e-16
  -1.023000000e-16
  -3.608000000e-16
  5.228959648e-16
  -7.403333333e-17
  2.464955217e-16
  5.458000000e-01 5.925000000e-01 5.925000000e-01
  8.379000000e-01 -3.859000000e-01 -3.859000000e-01
  -4.975000000e-17 -7.071000000e-01 7.071000000e-01
 Node:         36
  0.1257E+03  0.1153E+03  0.5196E+03 -0.7355E-04
   0.0
  -5.551E-17
   0.0
  -5.551E-17
   8.327E-17
   0.0
  1.305000000e-16
  -4.723000000e-17
  -8.327000000e-17
  1.982226619e-16
  0.000000000e+00
  9.344305895e-17
  -5.155000000e-01 6.059000000e-01 6.059000000e-01
  8.569000000e-01 3.645000000e-01 3.645000000e-01
  -1.256000000e-16 7.071000000e-01 -7.071000000e-01
 Node:         37
  0.1132E+03  0.1210E+03  0.4959E+03 -0.7355E-04
  -2.22E-16
   1.388E-16
  -2.22E-16
  -8.327E-17
   1.804E-16
  -2.776E-16
  -4.482000000e-17
  -1.622000000e-16
  -5.146000000e-16
  4.234720019e-16
  -2.405400000e-16
  1.996266161e-16
  3.971000000e-01 7.887000000e-01 4.693000000e-01
  -7.874000000e-01 3.010000000e-02 6.157000000e-01
  4.715000000e-01 -6.140000000e-01 6.330000000e-01
 Node:         38
  0.1111E+03  0.1204E+03  0.5085E+03 -0.7355E-04
  -1.665E-16
   9.714E-17
   0.0
  -2.776E-17
  -8.327E-17
  -2.22E-16
  7.071000000e-17
  -2.091000000e-16
  -2.502000000e-16
  3.024616291e-16
  -1.295300000e-16
  1.425817793e-16
  -3.916000000e-01 -8.746000000e-01 2.859000000e-01
  9.154000000e-01 -3.389000000e-01 2.170000000e-01
  9.287000000e-02 -3.467000000e-01 -9.334000000e-01
 Node:         39
  0.1119E+03  0.1201E+03  0.5207E+03 -0.7355E-04
  -5.551E-17
  -9.714E-17
  -3.331E-16
  -8.327E-17
  -7.633E-17
  -1.11E-16
  8.934000000e-18
  -1.105000000e-16
  -3.981000000e-16
  3.623913061e-16
  -1.665553333e-16
  1.708329000e-16
  8.510000000e-01 -1.281000000e-01 -5.092000000e-01
  4.076000000e-01 -4.503000000e-01 7.944000000e-01
  -3.311000000e-01 -8.836000000e-01 -3.310000000e-01
 Node:         40
  0.1191E+03  0.1220E+03  0.4937E+03 -0.7355E-04
   0.0
   8.327E-17
  -2.22E-16
   8.327E-17
  -1.388E-17
  -2.22E-16
  4.872000000e-17
  -2.082000000e-16
  -2.846000000e-16
  3.024459198e-16
  -1.480266667e-16
  1.425743739e-16
  -9.240000000e-01 -2.703000000e-01 -2.703000000e-01
  0.000000000e+00 -7.071000000e-01 7.071000000e-01
  3.823000000e-01 -6.534000000e-01 -6.534000000e-01
 Node:         41
  0.1182E+03  0.1217E+03  0.5073E+03 -0.7355E-04
   0.0
  -2.776E-17
  -5.551E-17
   5.551E-17
   9.714E-17
   1.11E-16
  1.653000000e-16
  1.073000000e-17
  -1.206000000e-16
  2.478691830e-16
  1.847666667e-17
  1.168466534e-16
  2.406000000e-01 3.653000000e-01 8.993000000e-01
  -8.901000000e-01 4.526000000e-01 5.428000000e-02
  -3.871000000e-01 -8.135000000e-01 4.340000000e-01
 Node:         42
  0.1187E+03  0.1212E+03  0.5204E+03 -0.7355E-04
   0.0
  -5.551E-17
  -1.11E-16
   0.0
   5.551E-17
   1.11E-16
  1.256000000e-16
  1.887000000e-17
  -1.444000000e-16
  2.355296009e-16
  2.333333333e-20
  1.110297186e-16
  1.113000000e-01 -2.517000000e-01 -9.614000000e-01
  9.295000000e-01 -3.159000000e-01 1.903000000e-01
  -3.516000000e-01 -9.148000000e-01 1.988000000e-01
 Node:         43
  0.1258E+03  0.1217E+03  0.4915E+03 -0.7355E-04
   2.22E-16
   1.11E-16
   1.11E-16
  -1.388E-17
   0.0
  -5.551E-17
  2.911000000e-16
  4.294000000e-17
  -5.645000000e-17
  3.100425456e-16
  9.253000000e-17
  1.461554576e-16
  -8.507000000e-01 -5.246000000e-01 3.406000000e-02
  -5.213000000e-01 8.502000000e-01 7.348000000e-02
  6.751000000e-02 -4.475000000e-02 9.967000000e-01
 Node:         44
  0.1259E+03  0.1220E+03  0.5059E+03 -0.7355E-04
  -2.22E-16
   1.388E-16
  -2.22E-16
   9.714E-17
   1.11E-16
  -1.11E-16
  5.081000000e-17
  -2.445000000e-16
  -3.614000000e-16
  3.679610647e-16
  -1.850300000e-16
  1.734585094e-16
  -5.113000000e-01 -5.340000000e-01 -6.733000000e-01
  -5.198000000e-01 -4.318000000e-01 7.372000000e-01
  -6.844000000e-01 7.269000000e-01 -5.679000000e-02
 Node:         45
  0.1261E+03  0.1221E+03  0.5198E+03 -0.7355E-04
  -5.551E-17
  -8.327E-17
  -2.776E-16
   2.776E-17
  -6.939E-18
   1.11E-16
  1.167000000e-16
  -3.339000000e-17
  -3.053000000e-16
  3.705037491e-16
  -7.399666667e-17
  1.746571423e-16
  1.854000000e-01 -5.643000000e-02 9.810000000e-01
  9.302000000e-01 -3.117000000e-01 -1.938000000e-01
  -3.167000000e-01 -9.485000000e-01 5.308000000e-03
 Node:         46
  0.1117E+03  0.1296E+03  0.4959E+03  0.0000E+00
  -5.551E-17
   2.776E-17
  -1.665E-16
   6.939E-18
  -2.602E-17
   0.0
  4.101000000e-18
  -4.897000000e-17
  -1.772000000e-16
  1.614458370e-16
  -7.402300000e-17
  7.610629740e-17
  4.856000000e-02 -1.429000000e-01 9.886000000e-01
  9.724000000e-01 2.327000000e-01 -1.414000000e-02
  -2.280000000e-01 9.620000000e-01 1.502000000e-01
 Node:         47
  0.1107E+03  0.1269E+03  0.5087E+03  0.0000E+00
  -1.665E-16
  -3.123E-17
   1.11E-16
  -2.776E-17
   3.99E-17
   0.0
  1.289000000e-16
  -1.114000000e-17
  -1.732000000e-16
  2.618578385e-16
  -1.848000000e-17
  1.234409689e-16
  -1.292000000e-01 9.390000000e-01 3.186000000e-01
  -1.008000000e-01 -3.321000000e-01 9.379000000e-01
  -9.865000000e-01 -8.906000000e-02 -1.376000000e-01
 Node:         48
  0.1125E+03  0.1242E+03  0.5208E+03  0.0000E+00
   1.11E-16
   3.469E-18
   1.11E-16
   0.0
  -1.735E-18
   1.11E-16
  1.149000000e-16
  1.110000000e-16
  1.071000000e-16
  6.754998150e-18
  1.110000000e-16
  3.184336666e-18
  -6.325000000e-01 -7.071000000e-01 3.162000000e-01
  4.472000000e-01 -4.455000000e-15 8.944000000e-01
  -6.325000000e-01 7.071000000e-01 3.162000000e-01
 Node:         49
  0.1186E+03  0.1311E+03  0.4938E+03  0.0000E+00
  -1.665E-16
  -2.082E-17
   0.0
  -4.163E-17
  -6.072E-18
  -5.551E-17
  2.581000000e-18
  -4.165000000e-17
  -1.830000000e-16
  1.678935845e-16
  -7.402300000e-17
  7.914579474e-17
  1.174000000e-01 -9.929000000e-01 1.965000000e-02
  -3.135000000e-01 -1.827000000e-02 9.494000000e-01
  -9.423000000e-01 -1.176000000e-01 -3.134000000e-01
 Node:         50
  0.1180E+03  0.1298E+03  0.5075E+03  0.0000E+00
   0.0
  -1.301E-17
   3.331E-16
  -4.163E-17
   1.247E-17
   2.22E-16
  3.354000000e-16
  2.276000000e-16
  -7.879000000e-18
  3.040655121e-16
  1.850403333e-16
  1.433378570e-16
  5.441000000e-02 -9.902000000e-01 -1.289000000e-01
  -1.707000000e-01 -1.364000000e-01 9.758000000e-01
  9.838000000e-01 3.109000000e-02 1.765000000e-01
 Node:         51
  0.1192E+03  0.1275E+03  0.5206E+03  0.0000E+00
   0.0
  -3.469E-18
  -5.551E-17
   0.0
   1.475E-17
   1.11E-16
  1.123000000e-16
  2.087000000e-19
  -5.702000000e-17
  1.491791642e-16
  1.849623333e-17
  7.032373239e-17
  -2.705000000e-03 8.758000000e-02 9.962000000e-01
  9.982000000e-01 -6.004000000e-02 7.989000000e-03
  -6.051000000e-02 -9.943000000e-01 8.725000000e-02
 Node:         52
  0.1262E+03  0.1305E+03  0.4920E+03  0.0000E+00
   1.11E-16
  -1.388E-17
   1.11E-16
   1.301E-18
   4.906E-18
   0.0
  1.250000000e-16
  9.734000000e-17
  -2.497000000e-19
  1.139655924e-16
  7.403010000e-17
  5.372389547e-17
  -7.047000000e-01 7.092000000e-01 2.051000000e-02
  7.093000000e-01 7.034000000e-01 4.493000000e-02
  -1.744000000e-02 -4.621000000e-02 9.988000000e-01
 Node:         53
  0.1258E+03  0.1304E+03  0.5063E+03  0.0000E+00
  -1.665E-16
  -1.735E-18
  -1.11E-16
   2.776E-17
   3.383E-17
  -2.22E-16
  -1.010000000e-16
  -1.572000000e-16
  -2.414000000e-16
  1.223933005e-16
  -1.665333333e-16
  5.769675516e-17
  9.684000000e-02 9.526000000e-01 2.883000000e-01
  -9.346000000e-01 1.866000000e-01 -3.027000000e-01
  -3.422000000e-01 -2.402000000e-01 9.084000000e-01
 Node:         54
  0.1265E+03  0.1288E+03  0.5200E+03  0.0000E+00
  -2.22E-16
   2.082E-17
   1.11E-16
   0.0
  -4.337E-18
   1.11E-16
  1.160000000e-16
  1.073000000e-16
  -2.233000000e-16
  3.350347295e-16
  0.000000000e+00
  1.579368861e-16
  -4.656000000e-02 -7.562000000e-01 6.527000000e-01
  -4.117000000e-02 -6.514000000e-01 -7.576000000e-01
  -9.981000000e-01 6.215000000e-02 8.061000000e-04
 Node:         55
  0.1382E+03  0.1167E+03  0.4532E+03  0.4410E-02
  -0.01878
  -0.008338
   0.02205
  -5.036E-4
   0.01276
  -0.001226
  4.637229447e-02
  1.084134743e-02
  -4.362484783e-02
  7.968143448e-02
  4.529598024e-03
  3.756218844e-02
  5.719179842e-02 2.168586957e-01 1.331000000e-01
  2.757463636e-01 2.961754150e-01 1.161106719e-02
  -4.345237840e-01 -1.232654545e-01 2.643086561e-01
 Node:         56
  0.1314E+03  0.1156E+03  0.4686E+03  0.4410E-02
  -0.01658
  -0.003892
   0.01293
   0.002586
   0.003589
  -0.005637
  2.540369565e-02
  1.485923123e-03
  -4.111362451e-02
  5.984567965e-02
  -4.741335244e-03
  2.821152394e-02
  -1.308165138e-01 -1.366569170e-01 5.188420949e-02
  3.007788538e-01 2.709696087e-01 3.089091304e-01
  -5.019813043e-01 -4.379171937e-02 3.914316206e-01
 Node:         57
  0.1285E+03  0.1140E+03  0.4823E+03  0.4410E-02
  -0.003097
   8.363E-4
   7.546E-4
   9.83E-4
  -6.255E-4
  -8.955E-4
  3.948667194e-03
  -4.041552628e-04
  -1.112452668e-02
  1.420998615e-02
  -2.526671583e-03
  6.698651709e-03
  -3.496365613e-01 -3.528812253e-01 3.657254545e-01
  4.444808300e-01 4.391622134e-01 4.846010395e-01
  -3.728545455e-01 1.964481028e-01 5.311094862e-01
 Node:         58
  0.1481E+03  0.1176E+03  0.4535E+03  0.4410E-02
  -0.02007
  -0.01525
   0.03918
  -0.002681
   0.009485
  -0.02325
  6.939959289e-02
  -1.341956126e-03
  -5.740166996e-02
  1.121846569e-01
  3.551988933e-03
  5.288435444e-02
  1.084871542e-01 -2.546106719e-01 -4.548276680e-02
  3.193774170e-01 1.285108696e-01 6.029665613e-01
  -3.411037530e-01 -9.176778656e-02 2.795687945e-01
 Node:         59
  0.1417E+03  0.1165E+03  0.4694E+03  0.4410E-02
  -0.01078
  -0.01582
   0.02963
  -0.005077
   0.00881
  -0.01112
  5.796805336e-02
  -7.229805344e-03
  -4.404299209e-02
  9.004746029e-02
  2.231751974e-03
  4.244877987e-02
  -2.062061265e-01 2.683938735e-01 7.182928854e-02
  3.388905138e-01 2.707309872e-01 5.674519051e-01
  -1.484345850e-01 -1.255009091e-01 4.433080474e-01
 Node:         60
  0.1375E+03  0.1150E+03  0.4832E+03  0.4410E-02
   4.906E-4
  -0.004694
   0.006199
  -0.001743
   0.00198
  -1.747E-5
  1.373242391e-02
  -9.843823241e-04
  -8.864578261e-03
  2.044640422e-02
  1.294487776e-03
  9.638527383e-03
  -3.772897233e-01 7.521818182e-01 9.000536759e-02
  1.595039526e-02 1.064782609e-01 -9.736498814e-02
  -1.158887352e-01 2.390165217e-02 2.706684980e-01
 Node:         61
  0.1551E+03  0.1218E+03  0.4537E+03  0.4410E-02
   1.829E-4
  -0.01354
   0.0144
  -0.006176
   0.006507
  -0.03818
  5.300028063e-02
  -2.092383577e-02
  -5.863120553e-02
  9.908981255e-02
  -8.851586891e-03
  4.671138560e-02
  -8.308636364e-02 3.473116601e-01 1.002865119e-01
  6.291679842e-01 5.295104743e-01 -2.282567391e-01
  1.534328656e-01 4.176645850e-02 8.542067194e-01
 Node:         62
  0.1491E+03  0.1201E+03  0.4700E+03  0.4410E-02
   0.01556
  -0.02681
   0.02376
  -0.009856
   0.009742
  -0.01796
  6.965843874e-02
  -1.181523162e-02
  -4.046643083e-02
  9.915744684e-02
  5.792258762e-03
  4.674326871e-02
  -4.362308300e-01 4.759442688e-01 1.709045455e-01
  6.046420949e-01 3.033642292e-01 1.079844090e-01
  8.901383399e-02 7.811294862e-02 2.102505534e-01
 Node:         63
  0.1436E+03  0.1181E+03  0.4838E+03  0.4410E-02
   0.006804
  -0.01022
   0.01117
  -0.00221
   0.003645
  -0.00138
  2.461018379e-02
  -8.759767391e-04
  -7.141512253e-03
  2.940662632e-02
  5.530898267e-03
  1.386241659e-02
  -4.081835968e-01 5.069049407e-01 1.388460553e-01
  3.073330040e-01 3.992565415e-01 -2.366958103e-01
  -2.188665810e-01 -2.952634980e-01 2.107486166e-01
 Node:         64
  0.1412E+03  0.1253E+03  0.4526E+03  0.4410E-02
  -0.02488
  -0.001064
   0.03002
  -0.004954
   0.003866
  -0.01266
  4.232871937e-02
  -1.062366601e-02
  -3.741250593e-02
  7.113764324e-02
  -1.902484190e-03
  3.353460662e-02
  1.203478261e-02 6.554887352e-01 6.675886759e-02
  1.044416996e-01 1.925059289e-02 -2.177116601e-01
  -9.524486166e-02 1.092401383e-01 -7.613551383e-02
 Node:         65
  0.1340E+03  0.1229E+03  0.4684E+03  0.4410E-02
  -0.01055
  -0.007371
   0.02378
  -0.003822
   0.002297
  -0.008252
  3.715985573e-02
  -6.622359684e-03
  -2.506317787e-02
  5.570366599e-02
  1.824772727e-03
  2.625895997e-02
  1.832244664e-01 -6.288195652e-01 -6.219134387e-02
  -1.811967984e-01 -1.262473913e-01 5.056772727e-01
  -3.251426877e-01 1.408936759e-02 -5.634324111e-02
 Node:         66
  0.1299E+03  0.1214E+03  0.4825E+03  0.4410E-02
   0.001323
  -0.002766
   0.004978
  -2.708E-4
   2.63E-4
  -8.079E-4
  8.747812253e-03
  -4.330040119e-04
  -3.078137352e-03
  1.093003236e-02
  1.745556963e-03
  5.152466669e-03
  -3.600157905e-01 2.889215415e-01 1.175223518e-01
  4.887869565e-01 3.751347826e-01 1.318729249e-01
  4.322140316e-01 -1.856211462e-02 2.218231225e-01
 Node:         67
  0.1498E+03  0.1242E+03  0.4531E+03  0.4410E-02
  -0.02117
  -0.01037
   0.0269
  -0.004353
   0.003257
  -0.02155
  4.090816996e-02
  -2.949910079e-03
  -4.489689723e-02
  7.581931652e-02
  -2.312879117e-03
  3.574156857e-02
  -6.243952569e-02 2.400310277e-01 -2.077015810e-03
  3.015840711e-01 -3.340237154e-02 5.270973617e-01
  -3.659665239e-01 -6.494839130e-02 1.861416996e-01
 Node:         68
  0.1431E+03  0.1223E+03  0.4691E+03  0.4410E-02
  -6.639E-4
  -0.01994
   0.02658
  -0.009193
   0.005814
  -0.01194
  5.279388340e-02
  1.797951779e-04
  -3.336891502e-02
  7.588401821e-02
  6.534921186e-03
  3.577206924e-02
  -1.322667984e-01 -2.993596838e-02 1.787075099e-02
  1.088518034e-01 7.641007905e-02 5.281863636e-01
  -2.631086957e-02 -1.693302332e-02 3.183387549e-01
 Node:         69
  0.1379E+03  0.1205E+03  0.4831E+03  0.4410E-02
   0.004999
  -0.007046
   0.007678
  -0.002994
   0.002463
  -2.081E-4
  1.824252470e-02
  -1.263711067e-04
  -4.156582806e-03
  2.077797970e-02
  4.653190264e-03
  9.794833565e-03
  -5.610865613e-01 7.586500000e-01 1.847798320e-01
  2.953153972e-01 3.178139328e-01 4.387863241e-01
  6.406422925e-01 2.123029051e-01 3.189624901e-01
 Node:         70
  0.1554E+03  0.1239E+03  0.4536E+03  0.4410E-02
  -0.01337
  -0.01291
   0.006017
  -0.01185
   0.008619
  -0.0131
  4.224395455e-02
  -5.446470640e-03
  -4.897766798e-02
  7.967505991e-02
  -4.060061360e-03
  3.755918344e-02
  -8.146225296e-02 1.210725296e-01 9.590577075e-02
  1.799343676e-01 -4.531547431e-01 2.835569565e-01
  -6.873577075e-03 -2.067707510e-03 1.763106719e-01
 Node:         71
  0.1492E+03  0.1220E+03  0.4699E+03  0.4410E-02
   0.0127
  -0.02336
   0.0174
  -0.0214
   0.01314
  -0.004293
  6.706521739e-02
  1.529261265e-03
  -3.541569170e-02
  9.036460369e-02
  1.105959565e-02
  4.259828270e-02
  -5.007691700e-01 4.671638340e-01 3.361837945e-01
  1.602054545e-01 -8.048162055e-02 3.971107312e-01
  6.174926877e-01 1.969698024e-01 5.045695652e-01
 Node:         72
  0.1435E+03  0.1199E+03  0.4838E+03  0.4410E-02
   0.01001
  -0.009464
   0.006597
  -0.006783
   0.004102
   0.001421
  2.602409881e-02
  -4.321828063e-05
  -5.548298419e-03
  2.929838604e-02
  6.810860705e-03
  1.381139163e-02
  -6.784197628e-01 6.205664032e-01 3.196828063e-01
  1.955633094e-01 1.909377470e-01 4.811247905e-01
  4.818583004e-01 2.754461423e-01 1.690000791e-01
 Node:         73
  0.1443E+03  0.1339E+03  0.4523E+03  0.0000E+00
   0.01609
  -0.003232
  -0.02286
  -2.978E-4
  -1.162E-4
   0.01436
  2.868751779e-02
  1.222344265e-02
  -3.105607312e-02
  5.415120135e-02
  3.284962437e-03
  2.552712112e-02
  -1.386476285e-01 -2.781403162e-02 4.006502767e-01
  2.733736561e-01 -5.555930830e-02 4.750849802e-02
  -5.407745455e-02 -2.804262846e-01 -3.736431818e-02
 Node:         74
  0.1366E+03  0.1304E+03  0.4683E+03  0.0000E+00
   0.03196
   0.002333
  -0.009019
   0.001958
  -5.581E-4
   0.01289
  4.154584980e-02
  1.714545059e-02
  -1.644665217e-02
  5.120338069e-02
  1.408154941e-02
  2.413750514e-02
  -4.153330040e-01 -1.553007115e-01 -3.043833992e-02
  -1.777241107e-01 -2.761324111e-03 8.676019763e-01
  -1.339219091e-01 3.583264822e-01 -1.015779447e-01
 Node:         75
  0.1313E+03  0.1288E+03  0.4826E+03  0.0000E+00
   0.01279
   9.301E-4
  -6.539E-4
  -4.765E-4
  -2.696E-4
   0.00112
  1.632229051e-02
  1.488178755e-03
  -2.948519368e-03
  1.764812438e-02
  4.953983300e-03
  8.319405615e-03
  -9.557472332e-01 1.890889328e-02 7.308904348e-02
  2.639106719e-03 -1.773112490e-01 9.495013834e-01
  4.975061265e-02 8.196936759e-01 1.232468379e-01
 Node:         76
  0.1515E+03  0.1309E+03  0.4528E+03  0.0000E+00
   0.01432
  -0.005489
  -0.02886
  -0.002605
   0.005184
   0.01928
  3.719463043e-02
  1.195254379e-02
  -4.131908893e-02
  7.031367661e-02
  2.609361765e-03
  3.314618503e-02
  -2.730779447e-01 2.510187747e-02 1.474569170e-01
  5.374837945e-01 -8.649577075e-02 3.047818182e-01
  1.252594862e-02 -1.809719368e-01 -1.880460474e-02
 Node:         77
  0.1445E+03  0.1281E+03  0.4690E+03  0.0000E+00
   0.04204
   0.004872
  -0.01215
   4.389E-4
   0.004685
   0.0111
  5.446983202e-02
  1.546966403e-02
  -2.054807510e-02
  6.621979457e-02
  1.646380698e-02
  3.121631053e-02
  -9.807258893e-01 -5.834553755e-02 3.530534980e-02
  2.596718379e-02 1.575162451e-01 9.768559289e-01
  -8.684123715e-02 4.624150198e-01 -8.343339921e-02
 Node:         78
  0.1384E+03  0.1261E+03  0.4829E+03  0.0000E+00
   0.01786
   0.0035
  -3.283E-4
  -1.165E-4
   3.012E-4
   7.18E-4
  2.340415415e-02
  6.562466403e-04
  -1.873583202e-03
  2.411761061e-02
  7.395605863e-03
  1.136915067e-02
  -9.735901186e-01 -1.359389605e-01 3.226707905e-02
  -1.878299605e-02 9.182687747e-03 7.260454545e-01
  -1.618722213e-01 4.940847826e-01 -1.538597628e-01
 Node:         79
  0.1556E+03  0.1259E+03  0.4535E+03  0.0000E+00
   0.0111
   0.007797
  -0.01405
  -0.002388
   9.667E-4
  -0.05051
  4.099988538e-02
  -9.842871542e-03
  -1.114884486e-01
  1.356742243e-01
  -2.677714493e-02
  6.395744268e-02
  7.328294466e-01 4.537366601e-01 -1.327542964e-01
  1.348441897e-01 4.549323715e-02 1.976423715e-01
  -4.616228656e-02 -2.234922698e-01 5.811045435e-01
 Node:         80
  0.1494E+03  0.1239E+03  0.4698E+03  0.0000E+00
   0.04803
   0.01054
  -0.01001
   0.004237
   8.13E-4
  -0.03864
  6.694739130e-02
  3.741875494e-04
  -8.853839328e-02
  1.382809208e-01
  -7.072271476e-03
  6.518625123e-02
  7.014782609e-02 2.047033794e-01 -4.290694664e-02
  -2.996501976e-01 6.667211265e-01 3.046260810e-01
  -9.820128458e-03 -3.123177332e-01 7.264227866e-01
 Node:         81
  0.1433E+03  0.1217E+03  0.4837E+03  0.0000E+00
   0.02049
   0.00436
  -9.304E-4
   0.00306
   8.743E-4
  -0.003845
  2.707826877e-02
  -3.419419565e-04
  -1.164214723e-02
  3.501076491e-02
  5.031393195e-03
  1.650423285e-02
  -9.634784585e-01 -1.881768775e-01 -9.719055534e-02
  -2.411339921e-01 7.007073123e-01 3.442539984e-01
  5.089630435e-02 -3.562788142e-01 7.280090909e-01
 Node:         82
  0.1267E+03  0.1148E+03  0.4562E+03 -0.8080E-03
  -9.793E-4
  -0.006204
   0.004394
  -6.654E-5
   0.004832
  -0.00146
  2.180030830e-02
  -3.038334980e-03
  -1.687494269e-02
  3.422480186e-02
  6.290102108e-04
  1.613372632e-02
  -3.916260119e-01 6.853071146e-01 3.666092885e-01
  -1.655813241e-01 9.665719368e-02 -1.332492095e-01
  2.208104743e-01 1.505009881e-01 1.713276680e-01
 Node:         83
  0.1234E+03  0.1129E+03  0.4719E+03 -0.8080E-03
  -0.007832
  -0.002712
   0.001237
   0.006116
   0.002549
  -0.00595
  1.030423142e-02
  -9.591718379e-04
  -2.891117194e-02
  3.555198338e-02
  -6.522037451e-03
  1.675936569e-02
  -1.056815810e-01 6.291796443e-01 3.760941107e-01
  -2.605824111e-01 1.075258103e-01 -1.937005929e-01
  -3.040853755e-01 1.680619565e-01 4.760930830e-01
 Node:         84
  0.1187E+03  0.1123E+03  0.4849E+03 -0.8080E-03
  -0.001202
  -2.324E-5
   3.505E-5
   0.002614
  -1.114E-4
  -0.004984
  1.896427115e-03
  1.032860870e-04
  -1.223944605e-02
  1.371485670e-02
  -3.413244282e-03
  6.465245453e-03
  -6.431203557e-01 -1.567591897e-01 2.129051383e-03
  2.061865613e-01 -3.688555336e-01 1.347930830e-01
  2.128484190e-01 -9.883132411e-02 -6.259553360e-01
 Node:         85
  0.1302E+03  0.1161E+03  0.4550E+03 -0.8080E-03
  -0.002416
  -0.006508
   0.006169
   5.05E-4
   0.007164
  -4.979E-4
  2.841665810e-02
  -3.494430632e-03
  -1.946325296e-02
  4.239973248e-02
  1.819658169e-03
  1.998742557e-02
  -3.588337154e-01 5.897276680e-01 3.447079842e-01
  -3.055296443e-02 4.744217391e-01 -3.923090909e-01
  1.723926877e-01 1.528129447e-01 2.137749012e-01
 Node:         86
  0.1252E+03  0.1138E+03  0.4703E+03 -0.8080E-03
  -0.01171
   0.001399
   0.0223
   0.01032
   0.00934
  -0.004135
  4.411857510e-02
  6.717853557e-03
  -3.927317787e-02
  7.276321697e-02
  3.854416930e-03
  3.430090943e-02
  -2.019775099e-01 -5.203013834e-01 -3.008324111e-01
  2.154409091e-01 -4.122664032e-01 4.123612648e-01
  7.276268775e-01 6.305456917e-02 -2.641934783e-01
 Node:         87
  0.1217E+03  0.1126E+03  0.4834E+03 -0.8080E-03
  -0.001978
  -9.938E-5
   4.529E-4
   0.003033
  -5.27E-4
  -0.004155
  2.944613636e-03
  2.404748518e-04
  -1.333754664e-02
  1.575886146e-02
  -3.384152717e-03
  7.428798533e-03
  -4.914432806e-01 5.401004743e-01 -4.690756126e-02
  4.886045455e-01 1.410185771e-01 3.838930830e-01
  6.322877470e-01 6.044586957e-02 -3.738373518e-01
 Node:         88
  0.1338E+03  0.1169E+03  0.4534E+03 -0.8080E-03
  -0.01355
  -0.008643
   0.006924
   4.155E-4
   0.01171
   0.008874
  3.620943874e-02
  -2.118456621e-03
  -2.869867589e-02
  5.688391132e-02
  1.797435408e-03
  2.681533296e-02
  -2.768097885e-01 6.221422925e-01 5.955798419e-01
  -5.060237154e-02 4.600532115e-01 -3.088616601e-01
  4.233841897e-01 7.202252964e-02 5.530671937e-02
 Node:         89
  0.1270E+03  0.1150E+03  0.4686E+03 -0.8080E-03
  -0.01354
  -0.002214
   0.00389
   0.004163
   0.00337
  -0.001536
  1.557948617e-02
  -1.752006126e-03
  -3.365647036e-02
  4.439120657e-02
  -6.609663439e-03
  2.092621546e-02
  -1.756262648e-01 6.236857708e-01 4.097598814e-01
  -1.090526680e-01 9.448537549e-02 -1.369758893e-01
  -4.568705534e-01 1.875687866e-01 3.872623715e-01
 Node:         90
  0.1248E+03  0.1132E+03  0.4822E+03 -0.8080E-03
  -0.003065
   0.001417
  -5.724E-4
   0.001456
  -8.112E-4
  -9.632E-4
  2.141169763e-03
  -2.527963043e-04
  -1.092289842e-02
  1.271188821e-02
  -3.011508320e-03
  5.992441571e-03
  -4.102332016e-03 5.534235178e-01 1.274723320e-01
  1.625115020e-01 -1.897612253e-01 5.924310277e-01
  -3.534397233e-01 4.902749012e-01 4.022284585e-01
 Node:         91
  0.1259E+03  0.1261E+03  0.4548E+03 -0.8080E-03
  -0.02095
  -0.001285
   0.02462
  -0.004323
   0.008539
  -0.003291
  4.124225099e-02
  -4.836359684e-03
  -2.973144664e-02
  6.243554134e-02
  2.224814888e-03
  2.943239645e-02
  -1.207285573e-01 1.143774704e-01 -1.663689723e-02
  -2.068492095e-01 -1.843055336e-01 7.037820158e-01
  -3.033990119e-01 1.571703557e-02 -9.232924901e-02
 Node:         92
  0.1209E+03  0.1233E+03  0.4725E+03 -0.8080E-03
  -0.009783
  -0.004247
   0.009038
  -0.002687
   0.005973
   0.003739
  2.598975889e-02
  7.137036561e-04
  -2.168360079e-02
  4.137440438e-02
  1.673287253e-03
  1.950408127e-02
  -2.973783261e-01 -1.455883399e-01 -7.404861660e-02
  1.937721146e-02 -4.713221344e-01 6.423266798e-01
  -2.474616601e-01 2.123800656e-01 2.126370751e-01
 Node:         93
  0.1159E+03  0.1217E+03  0.4877E+03 -0.8080E-03
  -5.477E-5
  -5.465E-4
   3.604E-4
  -5.587E-4
   7.095E-4
   5.795E-4
  5.085715415e-03
  -1.126732806e-04
  -5.362433399e-03
  9.273401589e-03
  -1.297970883e-04
  4.371523432e-03
  -2.442922075e-01 2.077526087e-01 4.724460474e-01
  5.997707510e-02 -1.923223320e-01 7.515098814e-02
  -2.716296443e-01 -2.460792490e-01 8.267134387e-02
 Node:         94
  0.1313E+03  0.1263E+03  0.4539E+03 -0.8080E-03
  -0.02577
  -0.001524
   0.02782
  -0.006678
   0.007039
   2.124E-4
  4.451859091e-02
  3.367612451e-03
  -3.568214032e-02
  6.968001361e-02
  4.068021014e-03
  3.284747343e-02
  -2.044549407e-02 7.335059289e-01 2.117202569e-01
  1.011604743e-01 1.285767194e-01 -6.881047431e-02
  2.076677866e-01 -2.150776680e-01 8.044268775e-02
 Node:         95
  0.1250E+03  0.1235E+03  0.4706E+03 -0.8080E-03
  -0.01149
  -0.004592
   0.01385
  -0.004286
   0.004313
   0.003682
  2.939703557e-02
  8.579703547e-03
  -2.855716206e-02
  5.144385686e-02
  3.139859022e-03
