 Group name: predicted_strain_L2A5
 #Fields=  16
 1) coordinates, coordinate, rectangular cartesian, #Components=3
   x.  Value index= 1, #Derivatives=0
   y.  Value index= 2, #Derivatives=0
   z.  Value index= 3, #Derivatives=0
 2) Tensor_1, field, rectangular cartesian, #Components=1
   Tensor_1.  Value index= 4, #Derivatives=0
 3) Tensor_2, field, rectangular cartesian, #Components=1
   Tensor_2.  Value index= 5, #Derivatives=0
 4) Tensor_3, field, rectangular cartesian, #Components=1
   Tensor_3.  Value index= 6, #Derivatives=0
 5) Tensor_4, field, rectangular cartesian, #Components=1
   Tensor_4.  Value index= 7, #Derivatives=0
 6) Tensor_5, field, rectangular cartesian, #Components=1
   Tensor_5.  Value index= 8, #Derivatives=0
 7) Tensor_6, field, rectangular cartesian, #Components=1
   Tensor_6.  Value index= 9, #Derivatives=0
 8) Principal_1, field, rectangular cartesian, #Components=1
   Principal_1.  Value index= 10, #Derivatives=0
 9) Principal_2, field, rectangular cartesian, #Components=1
   Principal_2.  Value index= 11, #Derivatives=0
 10) Principal_3, field, rectangular cartesian, #Components=1
   Principal_3.  Value index= 12, #Derivatives=0
 11) VonMises, field, rectangular cartesian, #Components=1
   VonMises.  Value index= 13, #Derivatives=0
 12) Hydrostatic, field, rectangular cartesian, #Components=1
   VonMises.  Value index= 14, #Derivatives=0
 13) Octahedral, field, rectangular cartesian, #Components=1
   VonMises.  Value index= 15, #Derivatives=0
 14) PrincipalVector1, field, rectangular cartesian, #Components=3
   x.  Value index= 16, #Derivatives=0
   y.  Value index= 17, #Derivatives=0
   z.  Value index= 18, #Derivatives=0
 15) PrincipalVector2, field, rectangular cartesian, #Components=3
   x.  Value index= 19, #Derivatives=0
   y.  Value index= 20, #Derivatives=0
   z.  Value index= 21, #Derivatives=0
 16) PrincipalVector3, field, rectangular cartesian, #Components=3
   x.  Value index= 22, #Derivatives=0
   y.  Value index= 23, #Derivatives=0
   z.  Value index= 24, #Derivatives=0
 Node:          1
  0.1287E+03  0.1133E+03  0.4908E+03 -0.8791E-01
  -1.11E-16
  -8.327E-17
  -2.22E-16
  -2.776E-17
  -4.163E-17
  -3.331E-16
  -6.637000000e-17
  -2.400000000e-16
  -3.598000000e-16
  2.555392160e-16
  -2.220566667e-16
  1.204623416e-16
  8.837000000e-01 -4.676000000e-01 -1.897000000e-02
  4.046000000e-01 7.837000000e-01 -4.712000000e-01
  2.352000000e-01 4.088000000e-01 8.818000000e-01
 Node:          2
  0.1292E+03  0.1137E+03  0.5052E+03 -0.8791E-01
  -5.551E-17
  -1.11E-16
  -1.665E-16
  -5.551E-17
   1.943E-16
  -2.776E-16
  8.603000000e-17
  -1.600000000e-16
  -4.256000000e-16
  4.431926093e-16
  -1.665233333e-16
  2.089229996e-16
  -6.554000000e-01 6.199000000e-01 4.313000000e-01
  7.522000000e-01 4.849000000e-01 4.462000000e-01
  -6.744000000e-02 -6.169000000e-01 7.841000000e-01
 Node:          3
  0.1289E+03  0.1155E+03  0.5194E+03 -0.8791E-01
   2.22E-16
   1.388E-16
   3.331E-16
   1.11E-16
   5.551E-17
   2.22E-16
  4.753000000e-16
  2.118000000e-16
  9.006000000e-17
  3.410738448e-16
  2.590533333e-16
  1.607837524e-16
  -5.696000000e-01 -7.144000000e-01 -4.063000000e-01
  2.395000000e-01 -6.172000000e-01 7.494000000e-01
  -7.862000000e-01 3.296000000e-01 5.227000000e-01
 Node:          4
  0.1361E+03  0.1141E+03  0.4915E+03 -0.8791E-01
   0.0
  -2.776E-17
  -1.11E-16
  -2.776E-17
  -8.327E-17
   2.22E-16
  2.435000000e-16
  6.328000000e-18
  -1.388000000e-16
  3.342648530e-16
  3.700933333e-17
  1.575739629e-16
  -8.549000000e-02 -2.215000000e-01 9.714000000e-01
  9.681000000e-01 -2.491000000e-01 2.840000000e-02
  2.357000000e-01 9.428000000e-01 2.357000000e-01
 Node:          5
  0.1341E+03  0.1144E+03  0.5054E+03 -0.8791E-01
   3.331E-16
   1.388E-16
   3.331E-16
   5.551E-17
  -6.939E-17
   4.441E-16
  4.814000000e-16
  4.627000000e-16
  1.662000000e-16
  3.062784517e-16
  3.701000000e-16
  1.443810468e-16
  -3.480000000e-01 -6.443000000e-01 6.810000000e-01
  -6.589000000e-01 -3.487000000e-01 -6.665000000e-01
  6.669000000e-01 -6.807000000e-01 -3.032000000e-01
 Node:          6
  0.1323E+03  0.1162E+03  0.5191E+03 -0.8791E-01
   2.22E-16
   5.551E-17
   2.22E-16
  -5.551E-17
  -2.776E-17
   0.0
  2.897000000e-16
  1.685000000e-16
  -1.402000000e-17
  2.648101478e-16
  1.480600000e-16
  1.248327008e-16
  -7.150000000e-01 -6.696000000e-01 2.012000000e-01
  6.656000000e-01 -7.399000000e-01 -9.741000000e-02
  -2.141000000e-01 -6.426000000e-02 -9.747000000e-01
 Node:          7
  0.1408E+03  0.1171E+03  0.4920E+03 -0.8791E-01
   3.331E-16
   2.22E-16
   2.22E-16
  -8.327E-17
  -1.11E-16
   0.0
  5.398000000e-16
  6.158000000e-17
  -4.631000000e-17
  5.403052621e-16
  1.850233333e-16
  2.547023432e-16
  -7.537000000e-01 -6.111000000e-01 2.419000000e-01
  -6.560000000e-01 6.770000000e-01 -3.335000000e-01
  -4.004000000e-02 4.101000000e-01 9.112000000e-01
 Node:          8
  0.1367E+03  0.1169E+03  0.5055E+03 -0.8791E-01
   2.22E-16
   1.943E-16
   2.22E-16
  -4.025E-16
  -2.359E-16
  -2.22E-16
  6.547000000e-16
  4.477000000e-17
  -4.775000000e-16
  9.814930967e-16
  7.399000000e-17
  4.626802829e-16
  -6.847000000e-01 -5.611000000e-01 4.652000000e-01
  5.685000000e-01 -8.105000000e-01 -1.409000000e-01
  -4.561000000e-01 -1.681000000e-01 -8.739000000e-01
 Node:          9
  0.1339E+03  0.1180E+03  0.5191E+03 -0.8791E-01
   2.22E-16
   1.665E-16
   0.0
  -3.955E-16
  -2.776E-16
   6.661E-16
  1.002000000e-15
  -9.379000000e-18
  -1.046000000e-16
  1.062195387e-15
  2.960070000e-16
  5.007237074e-16
  -4.817000000e-01 -3.073000000e-01 8.207000000e-01
  -8.565000000e-01 -3.292000000e-02 -5.150000000e-01
  -1.853000000e-01 9.510000000e-01 2.474000000e-01
 Node:         10
  0.1294E+03  0.1212E+03  0.4911E+03 -0.8791E-01
   0.0
   2.776E-17
   1.11E-16
  -1.388E-17
   1.249E-16
   1.11E-16
  2.363000000e-16
  2.303000000e-17
  -3.732000000e-17
  2.489920880e-16
  7.400333333e-17
  1.173759959e-16
  4.210000000e-02 7.100000000e-01 7.030000000e-01
  -7.813000000e-01 -4.152000000e-01 4.661000000e-01
  -6.228000000e-01 5.688000000e-01 -5.372000000e-01
 Node:         11
  0.1295E+03  0.1214E+03  0.5055E+03 -0.8791E-01
  -2.22E-16
  -2.776E-17
  -2.22E-16
  -4.163E-17
   1.388E-17
  -1.665E-16
  -1.365000000e-16
  -2.183000000e-16
  -2.558000000e-16
  1.056645163e-16
  -2.035333333e-16
  4.981073066e-17
  -4.935000000e-01 2.929000000e-01 8.189000000e-01
  3.541000000e-01 -7.924000000e-01 4.968000000e-01
  -7.944000000e-01 -5.351000000e-01 -2.873000000e-01
 Node:         12
  0.1295E+03  0.1217E+03  0.5196E+03 -0.8791E-01
   1.11E-16
   0.0
   1.11E-16
   7.633E-17
   2.776E-17
   2.22E-16
  2.649000000e-16
  1.110000000e-16
  6.816000000e-17
  1.792025435e-16
  1.480200000e-16
  8.447688915e-17
  -4.387000000e-01 -1.595000000e-01 -8.844000000e-01
  3.417000000e-01 -9.398000000e-01 -2.255000000e-17
  8.311000000e-01 3.022000000e-01 -4.668000000e-01
 Node:         13
  0.1361E+03  0.1199E+03  0.4914E+03 -0.8791E-01
   1.11E-16
  -1.388E-16
   0.0
  -9.714E-17
   2.776E-17
  -1.665E-16
  2.285000000e-16
  -8.520000000e-17
  -1.988000000e-16
  3.833392362e-16
  -1.850000000e-17
  1.807078489e-16
  8.171000000e-01 -5.252000000e-01 -2.378000000e-01
  4.648000000e-01 8.442000000e-01 -2.671000000e-01
  3.410000000e-01 1.077000000e-01 9.339000000e-01
 Node:         14
  0.1342E+03  0.1198E+03  0.5054E+03 -0.8791E-01
  -5.551E-17
   2.776E-17
   0.0
   5.551E-17
  -9.021E-17
   1.11E-16
  1.672000000e-16
  -4.940000000e-18
  -1.068000000e-16
  2.398787602e-16
  1.848666667e-17
  1.130799320e-16
  1.634000000e-01 -4.472000000e-01 8.794000000e-01
  -6.569000000e-01 -7.144000000e-01 -2.412000000e-01
  -7.361000000e-01 5.382000000e-01 4.105000000e-01
 Node:         15
  0.1330E+03  0.1205E+03  0.5193E+03 -0.8791E-01
   2.22E-16
  -8.327E-17
  -5.551E-17
   1.388E-17
   4.857E-17
   0.0
  2.451000000e-16
  2.471000000e-17
  -1.033000000e-16
  3.052383267e-16
  5.550333333e-17
  1.438907271e-16
  -9.638000000e-01 2.667000000e-01 -1.723000000e-03
  1.157000000e-01 4.239000000e-01 8.983000000e-01
  2.403000000e-01 8.656000000e-01 -4.394000000e-01
 Node:         16
  0.1404E+03  0.1188E+03  0.4918E+03 -0.8791E-01
   2.22E-16
   5.551E-17
   2.22E-16
  -8.327E-17
  -1.457E-16
   4.441E-16
  5.466000000e-16
  1.950000000e-16
  1.465000000e-16
  3.781896482e-16
  2.960333333e-16
  1.782803099e-16
  -2.927000000e-01 -4.328000000e-01 8.526000000e-01
  -9.222000000e-01 -1.077000000e-01 -3.713000000e-01
  -2.526000000e-01 8.950000000e-01 3.676000000e-01
 Node:         17
  0.1365E+03  0.1184E+03  0.5055E+03 -0.8791E-01
  -1.11E-16
   2.776E-17
  -1.11E-16
   9.714E-17
   1.7E-16
   0.0
  1.573000000e-16
  -1.341000000e-16
  -2.452000000e-16
  3.600440390e-16
  -7.400000000e-17
  1.697263877e-16
  3.368000000e-01 5.285000000e-01 7.792000000e-01
  8.927000000e-01 -4.425000000e-01 -8.566000000e-02
  -2.996000000e-01 -7.244000000e-01 6.209000000e-01
 Node:         18
  0.1341E+03  0.1191E+03  0.5192E+03 -0.8791E-01
   0.0
   0.0
   0.0
   2.645E-17
   1.065E-16
   4.441E-16
  4.697000000e-16
  -1.672000000e-33
  -2.562000000e-17
  4.830198634e-16
  1.480266667e-16
  2.276977472e-16
  -5.484000000e-02 -2.207000000e-01 -9.738000000e-01
  9.705000000e-01 -2.411000000e-01 -6.210000000e-17
  -2.348000000e-01 -9.451000000e-01 2.274000000e-01
 Node:         19
  0.1301E+03  0.1291E+03  0.4914E+03  0.0000E+00
   1.11E-16
   0.0
   1.11E-16
   2.101E-19
   1.001E-17
  -2.22E-16
  1.113000000e-16
  1.110000000e-16
  -2.223000000e-16
  3.334501012e-16
  0.000000000e+00
  1.571898852e-16
  -2.096000000e-02 -9.993000000e-01 -3.003000000e-02
  9.998000000e-01 -2.097000000e-02 1.345000000e-19
  6.298000000e-04 3.003000000e-02 -9.995000000e-01
 Node:         20
  0.1299E+03  0.1291E+03  0.5058E+03  0.0000E+00
   2.22E-16
   0.0
   0.0
   1.041E-17
   1.924E-17
  -5.551E-17
  2.224000000e-16
  5.975000000e-18
  -6.188000000e-17
  2.571567616e-16
  5.549833333e-17
  1.212248600e-16
  -9.993000000e-01 -3.257000000e-03 -3.765000000e-02
  1.428000000e-02 -9.549000000e-01 -2.965000000e-01
  -3.498000000e-02 -2.968000000e-01 9.543000000e-01
 Node:         21
  0.1301E+03  0.1280E+03  0.5197E+03  0.0000E+00
   1.11E-16
   0.0
   0.0
   4.163E-17
   1.475E-17
   1.11E-16
  1.534000000e-16
  7.089000000e-17
  -2.220000000e-18
  1.348528023e-16
  7.402333333e-17
  6.357022067e-17
  -6.994000000e-01 -6.840000000e-02 -7.114000000e-01
  -7.126000000e-01 1.429000000e-01 6.869000000e-01
  -5.465000000e-02 -9.874000000e-01 1.487000000e-01
 Node:         22
  0.1360E+03  0.1256E+03  0.4913E+03  0.0000E+00
  -2.22E-16
   1.388E-17
  -1.11E-16
  -1.388E-17
   1.006E-16
   1.11E-16
  1.500000000e-16
  -1.456000000e-16
  -2.264000000e-16
  3.432090908e-16
  -7.400000000e-17
  1.617903170e-16
  -2.144000000e-02 3.586000000e-01 9.332000000e-01
  2.280000000e-01 9.106000000e-01 -3.447000000e-01
  -9.734000000e-01 2.054000000e-01 -1.013000000e-01
 Node:         23
  0.1343E+03  0.1253E+03  0.5054E+03  0.0000E+00
   0.0
   2.082E-17
  -4.441E-16
   0.0
   1.314E-16
  -1.665E-16
  1.265000000e-18
  -1.147000000e-16
  -4.972000000e-16
  4.517861704e-16
  -2.035450000e-16
  2.129740431e-16
  9.970000000e-01 6.061000000e-02 4.746000000e-02
  6.644000000e-02 -3.661000000e-01 -9.282000000e-01
  3.888000000e-02 -9.286000000e-01 3.690000000e-01
 Node:         24
  0.1336E+03  0.1248E+03  0.5194E+03  0.0000E+00
  -2.22E-16
   1.214E-17
   0.0
   1.388E-17
   8.674E-19
  -1.665E-16
  6.779000000e-19
  -1.633000000e-16
  -2.259000000e-16
  2.026635839e-16
  -1.295073667e-16
  9.553652964e-17
  -5.504000000e-02 -9.984000000e-01 -9.747000000e-03
  2.257000000e-01 -2.195000000e-02 9.740000000e-01
  -9.726000000e-01 5.141000000e-02 2.265000000e-01
 Node:         25
  0.1400E+03  0.1206E+03  0.4917E+03  0.0000E+00
   0.0
   2.671E-16
  -1.11E-16
  -8.327E-17
  -1.301E-16
   2.22E-16
  3.681000000e-16
  7.580000000e-17
  -3.329000000e-16
  6.098671905e-16
  3.700000000e-17
  2.874941507e-16
  5.089000000e-01 4.781000000e-01 -7.159000000e-01
  6.086000000e-01 3.883000000e-01 6.920000000e-01
  6.088000000e-01 -7.878000000e-01 -9.334000000e-02
 Node:         26
  0.1363E+03  0.1200E+03  0.5055E+03  0.0000E+00
   2.22E-16
   1.076E-16
  -6.106E-16
   2.776E-17
  -1.124E-15
  -5.551E-17
  8.281000000e-16
  2.248000000e-16
  -1.497000000e-15
  2.089815320e-15
  -1.480333333e-16
  9.851483893e-16
  7.371000000e-02 6.174000000e-01 -7.832000000e-01
  9.955000000e-01 1.018000000e-03 9.449000000e-02
  -5.914000000e-02 7.866000000e-01 6.146000000e-01
 Node:         27
  0.1343E+03  0.1203E+03  0.5192E+03  0.0000E+00
   2.22E-16
  -1.943E-16
   2.22E-16
  -1.041E-16
   1.313E-15
   0.0
  1.466000000e-15
  1.875000000e-16
  -1.209000000e-15
  2.317369144e-15
  1.481666667e-16
  1.092418291e-15
  -1.693000000e-01 7.280000000e-01 6.643000000e-01
  9.848000000e-01 9.849000000e-02 1.431000000e-01
  3.876000000e-02 6.785000000e-01 -7.336000000e-01
 Node:         28
  0.1155E+03  0.1124E+03  0.4931E+03 -0.5253E+00
  -2.22E-16
   3.816E-17
   2.22E-16
  -5.551E-17
   5.551E-17
   1.11E-16
  2.455000000e-16
  1.014000000e-16
  -2.359000000e-16
  4.279497985e-16
  3.700000000e-17
  2.017374697e-16
  3.184000000e-02 9.284000000e-01 3.701000000e-01
  1.988000000e-01 3.571000000e-01 -9.127000000e-01
  9.795000000e-01 -1.026000000e-01 1.732000000e-01
 Node:         29
  0.1119E+03  0.1139E+03  0.5068E+03 -0.5253E+00
  -2.22E-16
  -2.082E-17
   0.0
   5.551E-17
   6.939E-18
  -3.331E-16
  1.944000000e-18
  -2.004000000e-16
  -3.566000000e-16
  3.113642034e-16
  -1.850186667e-16
  1.467784931e-16
  -9.118000000e-02 9.958000000e-01 5.517000000e-03
  -9.179000000e-01 -8.189000000e-02 -3.884000000e-01
  -3.863000000e-01 -4.048000000e-02 9.215000000e-01
 Node:         30
  0.1113E+03  0.1159E+03  0.5206E+03 -0.5253E+00
   2.22E-16
   1.249E-16
   2.22E-16
   0.0
  -2.776E-17
   1.11E-16
  3.486000000e-16
  1.238000000e-16
  8.277000000e-17
  2.478750591e-16
  1.850566667e-16
  1.168494234e-16
  -7.001000000e-01 -7.092000000e-01 8.287000000e-02
  -4.685000000e-01 3.686000000e-01 -8.029000000e-01
  -5.389000000e-01 6.009000000e-01 5.903000000e-01
 Node:         31
  0.1203E+03  0.1126E+03  0.4920E+03 -0.5253E+00
  -5.551E-17
   9.714E-17
  -1.11E-16
   2.776E-17
   4.163E-17
  -5.551E-17
  4.114000000e-17
  -7.661000000e-17
  -1.866000000e-16
  1.972667866e-16
  -7.402333333e-17
  9.299245501e-17
  -6.956000000e-01 -5.654000000e-01 -4.433000000e-01
  4.358000000e-01 1.585000000e-01 -8.860000000e-01
  5.712000000e-01 -8.095000000e-01 1.362000000e-01
 Node:         32
  0.1188E+03  0.1134E+03  0.5062E+03 -0.5253E+00
   2.22E-16
  -1.388E-17
  -1.11E-16
  -2.776E-17
   9.714E-17
  -5.551E-17
  2.266000000e-16
  1.331000000e-17
  -1.844000000e-16
  3.560216764e-16
  1.850333333e-17
  1.678302278e-16
  -9.894000000e-01 7.624000000e-02 1.236000000e-01
  1.445000000e-01 5.992000000e-01 7.875000000e-01
  1.402000000e-02 -7.970000000e-01 6.038000000e-01
 Node:         33
  0.1183E+03  0.1150E+03  0.5201E+03 -0.5253E+00
   1.11E-16
   5.551E-17
   0.0
   8.327E-17
   0.0
   0.0
  1.700000000e-16
  0.000000000e+00
  -5.893000000e-17
  2.058903711e-16
  3.702333333e-17
  9.705765171e-17
  -8.617000000e-01 -2.815000000e-01 -4.222000000e-01
  0.000000000e+00 -8.321000000e-01 5.547000000e-01
  -5.074000000e-01 4.780000000e-01 7.170000000e-01
 Node:         34
  0.1255E+03  0.1129E+03  0.4909E+03 -0.5253E+00
   0.0
   0.0
   0.0
   5.551E-17
   9.714E-17
   0.0
  1.119000000e-16
  3.387000000e-33
  -1.119000000e-16
  1.938164854e-16
  0.000000000e+00
  9.136596741e-17
  -3.508000000e-01 -6.139000000e-01 -7.071000000e-01
  8.682000000e-01 -4.961000000e-01 -4.855000000e-17
  -3.508000000e-01 -6.139000000e-01 7.071000000e-01
 Node:         35
  0.1260E+03  0.1135E+03  0.5054E+03 -0.5253E+00
   0.0
   1.11E-16
  -1.11E-16
   1.11E-16
   2.498E-16
  -1.11E-16
  2.410000000e-16
  -1.023000000e-16
  -3.608000000e-16
  5.228959648e-16
  -7.403333333e-17
  2.464955217e-16
  5.458000000e-01 5.925000000e-01 5.925000000e-01
  8.379000000e-01 -3.859000000e-01 -3.859000000e-01
  -4.975000000e-17 -7.071000000e-01 7.071000000e-01
 Node:         36
  0.1257E+03  0.1153E+03  0.5196E+03 -0.5253E+00
   0.0
  -5.551E-17
   0.0
  -5.551E-17
   8.327E-17
   0.0
  1.305000000e-16
  -4.723000000e-17
  -8.327000000e-17
  1.982226619e-16
  0.000000000e+00
  9.344305895e-17
  -5.155000000e-01 6.059000000e-01 6.059000000e-01
  8.569000000e-01 3.645000000e-01 3.645000000e-01
  -1.256000000e-16 7.071000000e-01 -7.071000000e-01
 Node:         37
  0.1132E+03  0.1210E+03  0.4959E+03 -0.5253E+00
  -2.22E-16
   1.388E-16
  -2.22E-16
  -8.327E-17
   1.804E-16
  -2.776E-16
  -4.482000000e-17
  -1.622000000e-16
  -5.146000000e-16
  4.234720019e-16
  -2.405400000e-16
  1.996266161e-16
  3.971000000e-01 7.887000000e-01 4.693000000e-01
  -7.874000000e-01 3.010000000e-02 6.157000000e-01
  4.715000000e-01 -6.140000000e-01 6.330000000e-01
 Node:         38
  0.1111E+03  0.1204E+03  0.5085E+03 -0.5253E+00
  -1.665E-16
   9.714E-17
   0.0
  -2.776E-17
  -8.327E-17
  -2.22E-16
  7.071000000e-17
  -2.091000000e-16
  -2.502000000e-16
  3.024616291e-16
  -1.295300000e-16
  1.425817793e-16
  -3.916000000e-01 -8.746000000e-01 2.859000000e-01
  9.154000000e-01 -3.389000000e-01 2.170000000e-01
  9.287000000e-02 -3.467000000e-01 -9.334000000e-01
 Node:         39
  0.1119E+03  0.1201E+03  0.5207E+03 -0.5253E+00
  -5.551E-17
  -9.714E-17
  -3.331E-16
  -8.327E-17
  -7.633E-17
  -1.11E-16
  8.934000000e-18
  -1.105000000e-16
  -3.981000000e-16
  3.623913061e-16
  -1.665553333e-16
  1.708329000e-16
  8.510000000e-01 -1.281000000e-01 -5.092000000e-01
  4.076000000e-01 -4.503000000e-01 7.944000000e-01
  -3.311000000e-01 -8.836000000e-01 -3.310000000e-01
 Node:         40
  0.1191E+03  0.1220E+03  0.4937E+03 -0.5253E+00
   0.0
   8.327E-17
  -2.22E-16
   8.327E-17
  -1.388E-17
  -2.22E-16
  4.872000000e-17
  -2.082000000e-16
  -2.846000000e-16
  3.024459198e-16
  -1.480266667e-16
  1.425743739e-16
  -9.240000000e-01 -2.703000000e-01 -2.703000000e-01
  0.000000000e+00 -7.071000000e-01 7.071000000e-01
  3.823000000e-01 -6.534000000e-01 -6.534000000e-01
 Node:         41
  0.1182E+03  0.1217E+03  0.5073E+03 -0.5253E+00
   0.0
  -2.776E-17
  -5.551E-17
   5.551E-17
   9.714E-17
   1.11E-16
  1.653000000e-16
  1.073000000e-17
  -1.206000000e-16
  2.478691830e-16
  1.847666667e-17
  1.168466534e-16
  2.406000000e-01 3.653000000e-01 8.993000000e-01
  -8.901000000e-01 4.526000000e-01 5.428000000e-02
  -3.871000000e-01 -8.135000000e-01 4.340000000e-01
 Node:         42
  0.1187E+03  0.1212E+03  0.5204E+03 -0.5253E+00
   0.0
  -5.551E-17
  -1.11E-16
   0.0
   5.551E-17
   1.11E-16
  1.256000000e-16
  1.887000000e-17
  -1.444000000e-16
  2.355296009e-16
  2.333333333e-20
  1.110297186e-16
  1.113000000e-01 -2.517000000e-01 -9.614000000e-01
  9.295000000e-01 -3.159000000e-01 1.903000000e-01
  -3.516000000e-01 -9.148000000e-01 1.988000000e-01
 Node:         43
  0.1258E+03  0.1217E+03  0.4915E+03 -0.5253E+00
   2.22E-16
   1.11E-16
   1.11E-16
  -1.388E-17
   0.0
  -5.551E-17
  2.911000000e-16
  4.294000000e-17
  -5.645000000e-17
  3.100425456e-16
  9.253000000e-17
  1.461554576e-16
  -8.507000000e-01 -5.246000000e-01 3.406000000e-02
  -5.213000000e-01 8.502000000e-01 7.348000000e-02
  6.751000000e-02 -4.475000000e-02 9.967000000e-01
 Node:         44
  0.1259E+03  0.1220E+03  0.5059E+03 -0.5253E+00
  -2.22E-16
   1.388E-16
  -2.22E-16
   9.714E-17
   1.11E-16
  -1.11E-16
  5.081000000e-17
  -2.445000000e-16
  -3.614000000e-16
  3.679610647e-16
  -1.850300000e-16
  1.734585094e-16
  -5.113000000e-01 -5.340000000e-01 -6.733000000e-01
  -5.198000000e-01 -4.318000000e-01 7.372000000e-01
  -6.844000000e-01 7.269000000e-01 -5.679000000e-02
 Node:         45
  0.1261E+03  0.1221E+03  0.5198E+03 -0.5253E+00
  -5.551E-17
  -8.327E-17
  -2.776E-16
   2.776E-17
  -6.939E-18
   1.11E-16
  1.167000000e-16
  -3.339000000e-17
  -3.053000000e-16
  3.705037491e-16
  -7.399666667e-17
  1.746571423e-16
  1.854000000e-01 -5.643000000e-02 9.810000000e-01
  9.302000000e-01 -3.117000000e-01 -1.938000000e-01
  -3.167000000e-01 -9.485000000e-01 5.308000000e-03
 Node:         46
  0.1117E+03  0.1296E+03  0.4959E+03  0.0000E+00
  -5.551E-17
   2.776E-17
  -1.665E-16
   6.939E-18
  -2.602E-17
   0.0
  4.101000000e-18
  -4.897000000e-17
  -1.772000000e-16
  1.614458370e-16
  -7.402300000e-17
  7.610629740e-17
  4.856000000e-02 -1.429000000e-01 9.886000000e-01
  9.724000000e-01 2.327000000e-01 -1.414000000e-02
  -2.280000000e-01 9.620000000e-01 1.502000000e-01
 Node:         47
  0.1107E+03  0.1269E+03  0.5087E+03  0.0000E+00
  -1.665E-16
  -3.123E-17
   1.11E-16
  -2.776E-17
   3.99E-17
   0.0
  1.289000000e-16
  -1.114000000e-17
  -1.732000000e-16
  2.618578385e-16
  -1.848000000e-17
  1.234409689e-16
  -1.292000000e-01 9.390000000e-01 3.186000000e-01
  -1.008000000e-01 -3.321000000e-01 9.379000000e-01
  -9.865000000e-01 -8.906000000e-02 -1.376000000e-01
 Node:         48
  0.1125E+03  0.1242E+03  0.5208E+03  0.0000E+00
   1.11E-16
   3.469E-18
   1.11E-16
   0.0
  -1.735E-18
   1.11E-16
  1.149000000e-16
  1.110000000e-16
  1.071000000e-16
  6.754998150e-18
  1.110000000e-16
  3.184336666e-18
  -6.325000000e-01 -7.071000000e-01 3.162000000e-01
  4.472000000e-01 -4.455000000e-15 8.944000000e-01
  -6.325000000e-01 7.071000000e-01 3.162000000e-01
 Node:         49
  0.1186E+03  0.1311E+03  0.4938E+03  0.0000E+00
  -1.665E-16
  -2.082E-17
   0.0
  -4.163E-17
  -6.072E-18
  -5.551E-17
  2.581000000e-18
  -4.165000000e-17
  -1.830000000e-16
  1.678935845e-16
  -7.402300000e-17
  7.914579474e-17
  1.174000000e-01 -9.929000000e-01 1.965000000e-02
  -3.135000000e-01 -1.827000000e-02 9.494000000e-01
  -9.423000000e-01 -1.176000000e-01 -3.134000000e-01
 Node:         50
  0.1180E+03  0.1298E+03  0.5075E+03  0.0000E+00
   0.0
  -1.301E-17
   3.331E-16
  -4.163E-17
   1.247E-17
   2.22E-16
  3.354000000e-16
  2.276000000e-16
  -7.879000000e-18
  3.040655121e-16
  1.850403333e-16
  1.433378570e-16
  5.441000000e-02 -9.902000000e-01 -1.289000000e-01
  -1.707000000e-01 -1.364000000e-01 9.758000000e-01
  9.838000000e-01 3.109000000e-02 1.765000000e-01
 Node:         51
  0.1192E+03  0.1275E+03  0.5206E+03  0.0000E+00
   0.0
  -3.469E-18
  -5.551E-17
   0.0
   1.475E-17
   1.11E-16
  1.123000000e-16
  2.087000000e-19
  -5.702000000e-17
  1.491791642e-16
  1.849623333e-17
  7.032373239e-17
  -2.705000000e-03 8.758000000e-02 9.962000000e-01
  9.982000000e-01 -6.004000000e-02 7.989000000e-03
  -6.051000000e-02 -9.943000000e-01 8.725000000e-02
 Node:         52
  0.1262E+03  0.1305E+03  0.4920E+03  0.0000E+00
   1.11E-16
  -1.388E-17
   1.11E-16
   1.301E-18
   4.906E-18
   0.0
  1.250000000e-16
  9.734000000e-17
  -2.497000000e-19
  1.139655924e-16
  7.403010000e-17
  5.372389547e-17
  -7.047000000e-01 7.092000000e-01 2.051000000e-02
  7.093000000e-01 7.034000000e-01 4.493000000e-02
  -1.744000000e-02 -4.621000000e-02 9.988000000e-01
 Node:         53
  0.1258E+03  0.1304E+03  0.5063E+03  0.0000E+00
  -1.665E-16
  -1.735E-18
  -1.11E-16
   2.776E-17
   3.383E-17
  -2.22E-16
  -1.010000000e-16
  -1.572000000e-16
  -2.414000000e-16
  1.223933005e-16
  -1.665333333e-16
  5.769675516e-17
  9.684000000e-02 9.526000000e-01 2.883000000e-01
  -9.346000000e-01 1.866000000e-01 -3.027000000e-01
  -3.422000000e-01 -2.402000000e-01 9.084000000e-01
 Node:         54
  0.1265E+03  0.1288E+03  0.5200E+03  0.0000E+00
  -2.22E-16
   2.082E-17
   1.11E-16
   0.0
  -4.337E-18
   1.11E-16
  1.160000000e-16
  1.073000000e-16
  -2.233000000e-16
  3.350347295e-16
  0.000000000e+00
  1.579368861e-16
  -4.656000000e-02 -7.562000000e-01 6.527000000e-01
  -4.117000000e-02 -6.514000000e-01 -7.576000000e-01
  -9.981000000e-01 6.215000000e-02 8.061000000e-04
 Node:         55
  0.1383E+03  0.1167E+03  0.4546E+03 -0.4477E-02
  -0.09659
  -0.01166
   0.09121
   0.00664
   0.02638
   0.06707
  8.749098693e-02
  2.779151340e-02
  -6.908084205e-02
  1.387730093e-01
  1.540055276e-02
  6.541822397e-02
  -2.477891612e-01 2.473557734e-01 1.649748366e-01
  -8.062453159e-02 -1.761282571e-01 -8.690697168e-02
  -8.464306211e-01 1.780945534e-02 -3.020213617e-01
 Node:         56
  0.1315E+03  0.1156E+03  0.4695E+03 -0.4477E-02
  -0.1008
   0.008158
   0.04645
   0.02932
  -0.002154
   0.00816
  3.019370370e-02
  6.306586166e-03
  -7.989465577e-02
  9.951858410e-02
  -1.446478863e-02
  4.691351045e-02
  2.201175153e-01 -4.467367102e-01 -2.596128540e-02
  1.923202614e-02 -2.584017974e-01 3.993154902e-01
  -1.152804728e+00 1.117356754e-01 -7.558246187e-02
 Node:         57
  0.1285E+03  0.1140E+03  0.4824E+03 -0.4477E-02
  -0.02512
   0.01231
  -0.003039
   0.009568
  -0.0067
  -0.003405
  -8.565151416e-04
  -8.120176503e-04
  -2.536819826e-02
  2.292523571e-02
  -9.012243683e-03
  1.080705976e-02
  2.398050109e-02 -1.266796732e+00 4.651893573e-01
  3.896660131e-01 1.342493246e-01 1.007719549e+00
  -1.107605556e+00 5.444003159e-01 1.463660131e-01
 Node:         58
  0.1490E+03  0.1177E+03  0.4545E+03 -0.4477E-02
  -0.111
  -0.04479
   0.1581
  -0.006168
   0.02318
   0.03042
  1.407954619e-01
  -3.339036275e-03
  -7.841548475e-02
  1.927785562e-01
  1.968031362e-02
  9.087668292e-02
  -1.570778867e-01 -4.784527233e-01 -8.918614379e-02
  -3.797294336e-02 -4.311907407e-01 1.122258747e+00
  -5.969165218e-01 -5.772095861e-02 -3.080313181e-01
 Node:         59
  0.1423E+03  0.1167E+03  0.4701E+03 -0.4477E-02
  -0.1057
  -0.03467
   0.1088
   0.01627
   0.005969
  -0.01349
  8.730517974e-02
  -1.771848398e-02
  -8.017644227e-02
  1.477903070e-01
  -3.529915503e-03
  6.966901886e-02
  2.577772331e-01 2.305796296e-01 -1.311326362e-01
  4.447418301e-02 -3.119928824e-01 1.121826257e+00
  -3.487721133e-01 5.779623094e-02 -1.097104989e-01
 Node:         60
  0.1375E+03  0.1150E+03  0.4833E+03 -0.4477E-02
  -0.02316
  -0.003319
   0.0142
   0.01085
  -0.003904
  -0.006896
  8.451922658e-03
  -2.470649800e-03
  -1.858761231e-02
  2.305336607e-02
  -4.202113150e-03
  1.086746099e-02
  7.624183007e-03 9.229491285e-01 -2.899849717e-01
  -3.791447712e-01 -5.054887800e-01 2.009218519e-02
  -3.279363834e-01 2.188551972e-01 4.793982571e-02
 Node:         61
  0.1561E+03  0.1222E+03  0.4536E+03 -0.4477E-02
  -0.06444
  -0.04851
   0.1081
  -0.03858
   0.05275
  -0.1012
  9.739153268e-02
  -4.915603257e-02
  -1.081734096e-01
  1.837415396e-01
  -1.997930316e-02
  8.661659244e-02
  -1.127394336e-01 8.712973856e-01 2.840958606e-01
  1.049686166e+00 2.617873638e-01 -1.903966449e-01
  4.468716993e-01 -3.110406394e-01 9.538637255e-01
 Node:         62
  0.1497E+03  0.1204E+03  0.4701E+03 -0.4477E-02
  -0.01841
  -0.06041
   0.09371
  -0.008732
   0.02467
  -0.1094
  9.890211329e-02
  -3.776665708e-02
  -9.044424728e-02
  1.693670692e-01
  -9.769597023e-03
  7.984040211e-02
  -8.222875817e-03 3.386279956e-01 -5.786465142e-02
  1.179336710e+00 6.329918301e-01 5.693875342e-02
  1.992701525e-02 5.469837908e-02 1.475402832e-01
 Node:         63
  0.1437E+03  0.1181E+03  0.4839E+03 -0.4477E-02
   0.009566
  -0.01573
   0.01691
   0.004707
  -0.004827
  -0.02072
  2.486750871e-02
  -3.386880153e-03
  -1.495782157e-02
  3.575507825e-02
  2.174268998e-03
  1.685510553e-02
  -2.199925926e-01 2.761821351e-01 -1.450192004e-01
  1.066108606e+00 7.067361220e-01 3.095623747e-01
  1.458472331e-01 -5.295119826e-03 3.563567538e-01
 Node:         64
  0.1417E+03  0.1252E+03  0.4528E+03 -0.4477E-02
  -0.06808
   0.01956
   0.07906
  -0.02033
   0.01486
  -0.00874
  7.079889651e-02
  -4.968649782e-03
  -6.536251961e-02
  1.172502409e-01
  1.559090414e-04
  5.527229361e-02
  1.545461438e-01 7.915577342e-01 1.252485969e-01
  3.086693900e-01 8.155733115e-02 -9.793472767e-01
  -6.756911765e-01 5.841402179e-02 -2.147750763e-01
 Node:         65
  0.1344E+03  0.1229E+03  0.4686E+03 -0.4477E-02
  -0.05817
   0.007434
   0.06777
  -0.004323
   0.005835
  -0.007297
  5.481749129e-02
  -8.315894336e-03
  -4.426568954e-02
  8.697393212e-02
  7.453024691e-04
  4.099990479e-02
  -2.268577996e-01 -1.992574074e-01 6.716252723e-03
  6.104030501e-03 1.011189542e-01 6.231875817e-01
  -2.647117647e-01 1.240150109e-01 2.787748366e-01
 Node:         66
  0.1299E+03  0.1214E+03  0.4825E+03 -0.4477E-02
  -0.007272
   3.814E-4
   0.01022
   0.003921
  -0.002952
  -0.002665
  7.711636166e-03
  -8.495710566e-04
  -5.979213290e-03
  1.207228450e-02
  2.942839397e-04
  5.690929488e-03
  -2.585452070e-02 2.049331155e-01 -4.572717865e-02
  2.657942266e-01 -4.006862745e-02 3.541446623e-01
  4.179715686e-01 -7.770461874e-02 -4.706948802e-01
 Node:         67
  0.1505E+03  0.1244E+03  0.4528E+03 -0.4477E-02
  -0.07439
  -0.02451
   0.07395
  -0.01673
   0.01162
   0.03282
  6.970370806e-02
  6.674213508e-03
  -5.543686819e-02
  1.111761503e-01
  6.980351126e-03
  5.240893986e-02
  1.008509804e-01 -4.228332244e-01 -7.135689542e-02
  -3.861295207e-01 -3.312181917e-01 1.058372429e+00
  -7.787387289e-01 -1.118435850e-01 -3.931166667e-01
 Node:         68
  0.1437E+03  0.1225E+03  0.4691E+03 -0.4477E-02
  -0.05644
  -0.0446
   0.07523
  -0.007451
   0.01281
   0.01412
  7.616506536e-02
  -2.672700915e-03
  -4.714311111e-02
  1.095159733e-01
  8.783084444e-03
  5.162632489e-02
  2.916150327e-01 -3.553350763e-01 -8.753736383e-02
  -3.514619586e-01 -5.711803922e-01 1.203630610e+00
  -2.937331155e-02 5.834940871e-02 -1.535226797e-01
 Node:         69
  0.1380E+03  0.1205E+03  0.4831E+03 -0.4477E-02
  -0.004727
  -0.01277
   0.01938
   0.001468
   0.001762
  -6.28E-4
  2.039629085e-02
  -9.604483987e-04
  -6.668803813e-03
  2.491441904e-02
  4.255679546e-03
  1.174476977e-02
  -3.658069717e-01 9.726619826e-01 4.141360022e-02
  3.202394444e-02 -2.448307190e-01 1.036381351e+00
  8.705815904e-01 4.975006863e-01 -3.395949673e-01
 Node:         70
  0.1563E+03  0.1243E+03  0.4532E+03 -0.4477E-02
  -0.06542
  -0.02958
   0.005051
  -0.04101
   0.02655
   0.09193
  7.549426580e-02
  -4.977745495e-03
  -4.877468954e-02
  1.075275987e-01
  7.247276919e-03
  5.068899612e-02
  -2.073272331e-01 3.826700436e-01 4.434332244e-02
  1.532278758e-01 -1.036593682e+00 6.266209913e-01
  -2.232400654e-01 -1.748998911e-02 -4.146031590e-01
 Node:         71
  0.1499E+03  0.1223E+03  0.4698E+03 -0.4477E-02
  -0.03436
  -0.06448
   0.04893
  -0.039
   0.03515
   0.03329
  9.462574619e-02
  -5.245473094e-03
  -4.840132353e-02
  1.275048040e-01
  1.365964985e-02
  6.010634105e-02
  -1.401728758e-01 4.669102397e-01 3.225296296e-01
  1.209732571e-01 -4.379696078e-01 8.464811329e-01
  8.654752723e-01 4.743758061e-01 1.683899782e-02
 Node:         72
  0.1435E+03  0.1199E+03  0.4838E+03 -0.4477E-02
   0.002211
  -0.02229
   0.01817
  -0.004793
   0.006442
   0.001221
  2.994130610e-02
  -1.287963072e-03
  -9.093894336e-03
  3.595053550e-02
  6.519816231e-03
  1.694724496e-02
  -5.468126362e-01 8.373480392e-01 2.340091503e-01
  -7.497820549e-02 -6.463028322e-01 1.075802014e+00
  7.923223312e-01 7.019646166e-01 -1.176545534e-01
 Node:         73
  0.1451E+03  0.1339E+03  0.4520E+03  0.0000E+00
   0.02082
  -0.0166
  -0.05898
   0.008017
  -0.009496
   0.05479
  4.266364815e-02
  2.722800510e-02
  -5.473476906e-02
  8.989054035e-02
  5.052294728e-03
  4.237480710e-02
  5.825952070e-01 -4.402207516e-02 4.652793464e-01
  8.865200109e-01 -3.943588780e-02 2.313798475e-01
  -4.193552505e-02 -7.231688453e-01 5.573941394e-02
 Node:         74
  0.1372E+03  0.1304E+03  0.4682E+03  0.0000E+00
   0.05475
  -0.02113
  -0.03337
   0.002796
  -0.01441
   0.03169
  5.057889978e-02
  2.949808061e-02
  -3.106194336e-02
  7.218917454e-02
  1.633834568e-02
  3.403030323e-02
  -1.660095861e-01 3.800760349e-02 2.469346405e-02
  -1.459474728e-01 -1.947509477e-01 7.213148148e-01
  3.219825054e-02 7.519019608e-02 9.257279956e-02
 Node:         75
  0.1314E+03  0.1289E+03  0.4826E+03  0.0000E+00
   0.0183
  -0.008396
  -0.005216
  -0.004575
  -0.002691
   0.001638
  1.761471895e-02
  2.170566122e-03
  -6.190106427e-03
  2.093326742e-02
  4.531726216e-03
  9.868036899e-03
  -9.671976035e-01 3.143466667e-01 2.232288954e-01
  1.355197582e-01 -4.619046972e-01 9.232625272e-01
  3.515628976e-01 6.456148148e-01 3.813293028e-01
 Node:         76
  0.1519E+03  0.1312E+03  0.4519E+03  0.0000E+00
   0.02375
  -0.02344
  -0.08396
  -0.002464
   0.02226
   0.08114
  6.790933878e-02
  3.264314026e-02
  -8.011003159e-02
  1.321607098e-01
  6.814149150e-03
  6.230115607e-02
  2.855198148e-01 3.562908497e-03 5.874477124e-02
  9.161749455e-01 -1.330297712e-01 -2.161342048e-01
  6.318374728e-02 5.267742919e-01 -2.370283224e-03
 Node:         77
  0.1450E+03  0.1283E+03  0.4686E+03  0.0000E+00
   0.08478
  -0.008371
  -0.04732
  -0.005233
   0.01557
   0.03131
  7.430982026e-02
  3.233293028e-02
  -4.283044227e-02
  1.005233067e-01
  2.127076943e-02
  4.738714122e-02
  -9.980111111e-01 1.115699107e-01 1.401817941e-01
  1.538157298e-01 1.881823747e-01 9.732477124e-01
  5.702011329e-02 4.237396514e-02 -1.968191721e-02
 Node:         78
  0.1385E+03  0.1261E+03  0.4829E+03  0.0000E+00
   0.03536
   9.007E-5
  -0.004372
  -0.003922
  -5.895E-4
   7.752E-4
  3.072331917e-02
  8.098807190e-04
  -3.399574183e-03
  3.221883669e-02
  9.377875236e-03
  1.518810527e-02
  -1.003564597e+00 2.224433551e-02 1.545983856e-01
  1.041172647e-01 -7.459794118e-02 5.180791939e-01
  -3.891479303e-02 1.541148148e-01 -1.289366449e-01
 Node:         79
  0.1564E+03  0.1263E+03  0.4527E+03  0.0000E+00
   0.02903
   0.05209
   0.09548
   0.01481
  -0.004077
  -0.2924
  7.951760022e-02
  -3.802452070e-03
  -2.098084967e-01
  2.583453279e-01
  -4.469778286e-02
  1.217851555e-01
  5.883619826e-01 9.555126471e-01 1.829292680e-01
  8.148546841e-02 4.663344553e-02 -2.393510022e-01
  -1.979644009e-02 3.209518813e-01 1.258586012e+00
 Node:         80
  0.1500E+03  0.1242E+03  0.4696E+03  0.0000E+00
   0.09251
   0.03967
   0.04479
   0.01122
  -0.004353
  -0.2431
  9.662565359e-02
  3.538621351e-03
  -1.765701710e-01
  2.425650268e-01
  -2.546863203e-02
  1.143462502e-01
  1.167960131e+00 4.466538562e-01 6.188580610e-02
  -4.448458606e-01 1.183152004e+00 -3.384017680e-01
  -4.478547277e-02 3.308452800e-01 1.294977538e+00
 Node:         81
  0.1434E+03  0.1217E+03  0.4837E+03  0.0000E+00
   0.03837
   0.006708
   0.002604
  -0.002586
  -5.634E-4
  -0.03407
  3.400407843e-02
  -7.165464379e-04
  -2.372226906e-02
  5.065077558e-02
  3.188420977e-03
  2.387700459e-02
  -9.961773420e-01 -1.897262527e-01 1.004617037e-01
  -1.381618736e-01 1.244502397e+00 -2.522711261e-01
  -3.692828976e-02 2.682364978e-01 1.247187473e+00
 Node:         82
  0.1267E+03  0.1149E+03  0.4577E+03 -0.4346E-01
  -0.04062
  -0.005951
   0.03016
   0.009236
   0.02477
   0.009895
  3.064891285e-02
  -1.931864379e-03
  -2.949834423e-02
  5.185223090e-02
  -2.604319172e-04
  2.444337606e-02
  1.296673638e-01 9.926401961e-01 6.159309368e-01
  -2.196834423e-01 6.399373420e-01 -9.605805011e-01
  -9.697875817e-02 -3.580159041e-01 -1.078847495e-01
 Node:         83
  0.1234E+03  0.1130E+03  0.4727E+03 -0.4346E-01
  -0.04471
   0.004719
   0.01366
   0.04088
   0.009808
  -0.02645
  8.707958170e-03
  -1.062365686e-03
  -5.887923529e-02
  6.201503452e-02
  -1.707788094e-02
  2.923416763e-02
  4.591654902e-01 8.743441176e-01 2.604397277e-01
  -7.251874728e-01 6.661939869e-01 -9.491039216e-01
  -1.152217429e+00 -3.492133224e-01 6.842120915e-01
 Node:         84
  0.1187E+03  0.1123E+03  0.4850E+03 -0.4346E-01
  -0.006277
   0.001416
   9.761E-4
   0.01538
  -6.197E-4
  -0.02676
  -5.410493246e-04
  3.117948627e-04
  -2.784270065e-02
  2.681925946e-02
  -9.357318372e-03
  1.264272015e-02
  -7.160835512e-01 -5.390303922e-01 -7.258156863e-01
  6.690096950e-01 -1.146836166e+00 4.085453159e-01
  8.469933551e-01 1.660031590e-01 -1.046607516e+00
 Node:         85
  0.1302E+03  0.1162E+03  0.4565E+03 -0.4346E-01
  -0.04163
  -0.003264
   0.03768
   0.01349
   0.03493
   0.01768
  4.376099564e-02
  -1.323310566e-03
  -3.154167974e-02
  6.544635103e-02
  3.632001779e-03
  3.085170574e-02
  1.870849891e-01 6.890196078e-01 5.208589760e-01
  -2.926805011e-01 2.896556427e-01 -4.243404139e-01
  5.647047930e-02 -7.004400871e-02 -3.524274510e-01
 Node:         86
  0.1252E+03  0.1139E+03  0.4711E+03 -0.4346E-01
  -0.02377
   0.02905
   0.06372
   0.07687
   0.03132
  -0.01368
  7.960729194e-02
  9.231598562e-03
  -7.024217102e-02
  1.298771954e-01
  6.198906492e-03
  6.122469708e-02
  -4.058256754e-01 -9.947968410e-01 -6.283305011e-01
  6.541820261e-01 -8.133605664e-01 7.136173203e-01
  7.301703704e-01 9.552538126e-03 -1.068563508e+00
 Node:         87
  0.1217E+03  0.1126E+03  0.4834E+03 -0.4346E-01
  -0.01214
   9.437E-4
   0.002398
   0.01988
  -0.003295
  -0.02476
  -9.903137255e-05
  9.212581972e-04
  -3.082547887e-02
  2.975799034e-02
  -1.000108401e-02
  1.402805118e-02
  -4.308331155e-01 9.806642048e-01 -8.012061176e-01
  8.076421569e-01 1.140359150e+00 4.757934641e-01
  5.152310458e-01 -1.753665251e-01 -1.248847930e+00
 Node:         88
  0.1338E+03  0.1169E+03  0.4548E+03 -0.4346E-01
  -0.06763
  -0.008922
   0.0282
   0.01039
   0.04312
   0.05285
  6.625942919e-02
  5.478912854e-04
  -5.832783769e-02
  1.071713703e-01
  2.826494263e-03
  5.052106846e-02
  2.197946427e-01 6.873954248e-01 9.563220044e-01
  -3.534403050e-01 6.715110839e-01 -5.759459695e-01
  5.801920479e-01 1.013291939e-01 -3.436871460e-01
 Node:         89
  0.1270E+03  0.1150E+03  0.4695E+03 -0.4346E-01
  -0.07994
   0.01269
   0.01535
   0.03538
   0.01074
  -0.00655
  1.192145861e-02
  -3.041462527e-03
  -7.244701961e-02
  7.558883533e-02
  -2.118900784e-02
  3.563291870e-02
  4.953084858e-01 8.817577342e-01 4.880039216e-01
  -3.121356209e-01 8.406899782e-01 -1.074152614e+00
  -1.378849237e+00 -2.207341438e-01 2.640403704e-01
 Node:         90
  0.1248E+03  0.1132E+03  0.4822E+03 -0.4346E-01
  -0.02125
   0.01226
  -0.005741
   0.0108
  -0.006005
  -0.006229
  -2.481801743e-03
  -6.378907298e-04
  -2.548255294e-02
  2.246540169e-02
  -9.534081805e-03
  1.059029192e-02
  7.246172876e-01 7.021724401e-01 -1.510955229e-01
  1.780470261e-01 8.825328976e-02 2.416967320e-01
  -1.258387037e+00 3.172764706e-01 4.423848584e-01
 Node:         91
  0.1262E+03  0.1267E+03  0.4554E+03 -0.4346E-01
  -0.03726
   0.03082
   0.0658
  -0.002627
   0.0339
   0.005874
  7.105364270e-02
  -4.996891068e-03
  -3.895895643e-02
  9.741676606e-02
  9.032598402e-03
  4.592270392e-02
  6.816293028e-02 -1.741980392e-01 -9.445936819e-03
  -1.712866013e-01 -1.481330065e-01 3.727168845e-01
  1.671248366e-01 2.135947712e-01 5.416993464e-02
 Node:         92
  0.1211E+03  0.1237E+03  0.4729E+03 -0.4346E-01
  -0.04895
   0.008716
   0.03925
   0.00954
   0.02372
   0.02016
  4.128279739e-02
  2.633212309e-03
  -3.626787255e-02
  6.715403036e-02
  2.549379049e-03
  3.165671350e-02
  1.916771209e-01 -8.828077342e-01 -6.227706972e-01
  3.699009804e-02 -3.741424837e-01 6.103163399e-01
  -1.215458824e+00 -1.749560357e-01 -8.394808279e-02
 Node:         93
  0.1160E+03  0.1217E+03  0.4877E+03 -0.4346E-01
  -0.008124
  -0.002513
   0.003312
   0.008059
   0.007003
  -0.00407
  2.816293028e-03
  -4.167985621e-04
  -9.817372876e-03
  1.101651681e-02
  -2.472626137e-03
  5.193235828e-03
  2.136359020e-01 4.831614597e-01 1.670971678e-01
  -2.643559368e-01 2.968929194e-01 -1.617225490e-01
  -1.035489107e-01 1.059816993e-01 5.597155773e-01
 Node:         94
  0.1317E+03  0.1268E+03  0.4545E+03 -0.4346E-01
  -0.04428
   0.02972
   0.07328
  -0.01749
   0.03298
   0.0296
  7.654959368e-02
  1.971161024e-02
  -4.883975817e-02
  1.084408686e-01
  1.580714858e-02
  5.111951570e-02
  2.321942865e-01 6.081652505e-01 4.091217810e-01
  4.144741830e-01 3.544992048e-01 -1.146114706e+00
  1.290401961e+00 -1.461361612e-01 3.698324619e-01
 Node:         95
  0.1252E+03  0.1238E+03  0.4709E+03 -0.4346E-01
  -0.06931
   0.005273
   0.04486
   0.004659
   0.01637
   0.04441
  4.419777233e-02
  2.058656326e-02
  -4.917691612e-02
  8.358924681e-02
  5.202473155e-03
  3.940434883e-02
  3.177154466e-01 3.295403050e-01 3.970779956e-01
