 Group name: predicted_strain_L6A5
 #Fields=  16
 1) coordinates, coordinate, rectangular cartesian, #Components=3
   x.  Value index= 1, #Derivatives=0
   y.  Value index= 2, #Derivatives=0
   z.  Value index= 3, #Derivatives=0
 2) Tensor_1, field, rectangular cartesian, #Components=1
   Tensor_1.  Value index= 4, #Derivatives=0
 3) Tensor_2, field, rectangular cartesian, #Components=1
   Tensor_2.  Value index= 5, #Derivatives=0
 4) Tensor_3, field, rectangular cartesian, #Components=1
   Tensor_3.  Value index= 6, #Derivatives=0
 5) Tensor_4, field, rectangular cartesian, #Components=1
   Tensor_4.  Value index= 7, #Derivatives=0
 6) Tensor_5, field, rectangular cartesian, #Components=1
   Tensor_5.  Value index= 8, #Derivatives=0
 7) Tensor_6, field, rectangular cartesian, #Components=1
   Tensor_6.  Value index= 9, #Derivatives=0
 8) Principal_1, field, rectangular cartesian, #Components=1
   Principal_1.  Value index= 10, #Derivatives=0
 9) Principal_2, field, rectangular cartesian, #Components=1
   Principal_2.  Value index= 11, #Derivatives=0
 10) Principal_3, field, rectangular cartesian, #Components=1
   Principal_3.  Value index= 12, #Derivatives=0
 11) VonMises, field, rectangular cartesian, #Components=1
   VonMises.  Value index= 13, #Derivatives=0
 12) Hydrostatic, field, rectangular cartesian, #Components=1
   VonMises.  Value index= 14, #Derivatives=0
 13) Octahedral, field, rectangular cartesian, #Components=1
   VonMises.  Value index= 15, #Derivatives=0
 14) PrincipalVector1, field, rectangular cartesian, #Components=3
   x.  Value index= 16, #Derivatives=0
   y.  Value index= 17, #Derivatives=0
   z.  Value index= 18, #Derivatives=0
 15) PrincipalVector2, field, rectangular cartesian, #Components=3
   x.  Value index= 19, #Derivatives=0
   y.  Value index= 20, #Derivatives=0
   z.  Value index= 21, #Derivatives=0
 16) PrincipalVector3, field, rectangular cartesian, #Components=3
   x.  Value index= 22, #Derivatives=0
   y.  Value index= 23, #Derivatives=0
   z.  Value index= 24, #Derivatives=0
 Node:          1
  0.1287E+03  0.1133E+03  0.4908E+03 -0.1602E-05
  -1.11E-16
  -8.327E-17
  -2.22E-16
  -2.776E-17
  -4.163E-17
  -3.331E-16
  -6.637000000e-17
  -2.400000000e-16
  -3.598000000e-16
  2.555392160e-16
  -2.220566667e-16
  1.204623416e-16
  8.837000000e-01 -4.676000000e-01 -1.897000000e-02
  4.046000000e-01 7.837000000e-01 -4.712000000e-01
  2.352000000e-01 4.088000000e-01 8.818000000e-01
 Node:          2
  0.1292E+03  0.1137E+03  0.5052E+03 -0.1602E-05
  -5.551E-17
  -1.11E-16
  -1.665E-16
  -5.551E-17
   1.943E-16
  -2.776E-16
  8.603000000e-17
  -1.600000000e-16
  -4.256000000e-16
  4.431926093e-16
  -1.665233333e-16
  2.089229996e-16
  -6.554000000e-01 6.199000000e-01 4.313000000e-01
  7.522000000e-01 4.849000000e-01 4.462000000e-01
  -6.744000000e-02 -6.169000000e-01 7.841000000e-01
 Node:          3
  0.1289E+03  0.1155E+03  0.5194E+03 -0.1602E-05
   2.22E-16
   1.388E-16
   3.331E-16
   1.11E-16
   5.551E-17
   2.22E-16
  4.753000000e-16
  2.118000000e-16
  9.006000000e-17
  3.410738448e-16
  2.590533333e-16
  1.607837524e-16
  -5.696000000e-01 -7.144000000e-01 -4.063000000e-01
  2.395000000e-01 -6.172000000e-01 7.494000000e-01
  -7.862000000e-01 3.296000000e-01 5.227000000e-01
 Node:          4
  0.1361E+03  0.1141E+03  0.4915E+03 -0.1602E-05
   0.0
  -2.776E-17
  -1.11E-16
  -2.776E-17
  -8.327E-17
   2.22E-16
  2.435000000e-16
  6.328000000e-18
  -1.388000000e-16
  3.342648530e-16
  3.700933333e-17
  1.575739629e-16
  -8.549000000e-02 -2.215000000e-01 9.714000000e-01
  9.681000000e-01 -2.491000000e-01 2.840000000e-02
  2.357000000e-01 9.428000000e-01 2.357000000e-01
 Node:          5
  0.1341E+03  0.1144E+03  0.5054E+03 -0.1602E-05
   3.331E-16
   1.388E-16
   3.331E-16
   5.551E-17
  -6.939E-17
   4.441E-16
  4.814000000e-16
  4.627000000e-16
  1.662000000e-16
  3.062784517e-16
  3.701000000e-16
  1.443810468e-16
  -3.480000000e-01 -6.443000000e-01 6.810000000e-01
  -6.589000000e-01 -3.487000000e-01 -6.665000000e-01
  6.669000000e-01 -6.807000000e-01 -3.032000000e-01
 Node:          6
  0.1323E+03  0.1162E+03  0.5191E+03 -0.1602E-05
   2.22E-16
   5.551E-17
   2.22E-16
  -5.551E-17
  -2.776E-17
   0.0
  2.897000000e-16
  1.685000000e-16
  -1.402000000e-17
  2.648101478e-16
  1.480600000e-16
  1.248327008e-16
  -7.150000000e-01 -6.696000000e-01 2.012000000e-01
  6.656000000e-01 -7.399000000e-01 -9.741000000e-02
  -2.141000000e-01 -6.426000000e-02 -9.747000000e-01
 Node:          7
  0.1408E+03  0.1171E+03  0.4920E+03 -0.1602E-05
   3.331E-16
   2.22E-16
   2.22E-16
  -8.327E-17
  -1.11E-16
   0.0
  5.398000000e-16
  6.158000000e-17
  -4.631000000e-17
  5.403052621e-16
  1.850233333e-16
  2.547023432e-16
  -7.537000000e-01 -6.111000000e-01 2.419000000e-01
  -6.560000000e-01 6.770000000e-01 -3.335000000e-01
  -4.004000000e-02 4.101000000e-01 9.112000000e-01
 Node:          8
  0.1367E+03  0.1169E+03  0.5055E+03 -0.1602E-05
   2.22E-16
   1.943E-16
   2.22E-16
  -4.025E-16
  -2.359E-16
  -2.22E-16
  6.547000000e-16
  4.477000000e-17
  -4.775000000e-16
  9.814930967e-16
  7.399000000e-17
  4.626802829e-16
  -6.847000000e-01 -5.611000000e-01 4.652000000e-01
  5.685000000e-01 -8.105000000e-01 -1.409000000e-01
  -4.561000000e-01 -1.681000000e-01 -8.739000000e-01
 Node:          9
  0.1339E+03  0.1180E+03  0.5191E+03 -0.1602E-05
   2.22E-16
   1.665E-16
   0.0
  -3.955E-16
  -2.776E-16
   6.661E-16
  1.002000000e-15
  -9.379000000e-18
  -1.046000000e-16
  1.062195387e-15
  2.960070000e-16
  5.007237074e-16
  -4.817000000e-01 -3.073000000e-01 8.207000000e-01
  -8.565000000e-01 -3.292000000e-02 -5.150000000e-01
  -1.853000000e-01 9.510000000e-01 2.474000000e-01
 Node:         10
  0.1294E+03  0.1212E+03  0.4911E+03 -0.1602E-05
   0.0
   2.776E-17
   1.11E-16
  -1.388E-17
   1.249E-16
   1.11E-16
  2.363000000e-16
  2.303000000e-17
  -3.732000000e-17
  2.489920880e-16
  7.400333333e-17
  1.173759959e-16
  4.210000000e-02 7.100000000e-01 7.030000000e-01
  -7.813000000e-01 -4.152000000e-01 4.661000000e-01
  -6.228000000e-01 5.688000000e-01 -5.372000000e-01
 Node:         11
  0.1295E+03  0.1214E+03  0.5055E+03 -0.1602E-05
  -2.22E-16
  -2.776E-17
  -2.22E-16
  -4.163E-17
   1.388E-17
  -1.665E-16
  -1.365000000e-16
  -2.183000000e-16
  -2.558000000e-16
  1.056645163e-16
  -2.035333333e-16
  4.981073066e-17
  -4.935000000e-01 2.929000000e-01 8.189000000e-01
  3.541000000e-01 -7.924000000e-01 4.968000000e-01
  -7.944000000e-01 -5.351000000e-01 -2.873000000e-01
 Node:         12
  0.1295E+03  0.1217E+03  0.5196E+03 -0.1602E-05
   1.11E-16
   0.0
   1.11E-16
   7.633E-17
   2.776E-17
   2.22E-16
  2.649000000e-16
  1.110000000e-16
  6.816000000e-17
  1.792025435e-16
  1.480200000e-16
  8.447688915e-17
  -4.387000000e-01 -1.595000000e-01 -8.844000000e-01
  3.417000000e-01 -9.398000000e-01 -2.255000000e-17
  8.311000000e-01 3.022000000e-01 -4.668000000e-01
 Node:         13
  0.1361E+03  0.1199E+03  0.4914E+03 -0.1602E-05
   1.11E-16
  -1.388E-16
   0.0
  -9.714E-17
   2.776E-17
  -1.665E-16
  2.285000000e-16
  -8.520000000e-17
  -1.988000000e-16
  3.833392362e-16
  -1.850000000e-17
  1.807078489e-16
  8.171000000e-01 -5.252000000e-01 -2.378000000e-01
  4.648000000e-01 8.442000000e-01 -2.671000000e-01
  3.410000000e-01 1.077000000e-01 9.339000000e-01
 Node:         14
  0.1342E+03  0.1198E+03  0.5054E+03 -0.1602E-05
  -5.551E-17
   2.776E-17
   0.0
   5.551E-17
  -9.021E-17
   1.11E-16
  1.672000000e-16
  -4.940000000e-18
  -1.068000000e-16
  2.398787602e-16
  1.848666667e-17
  1.130799320e-16
  1.634000000e-01 -4.472000000e-01 8.794000000e-01
  -6.569000000e-01 -7.144000000e-01 -2.412000000e-01
  -7.361000000e-01 5.382000000e-01 4.105000000e-01
 Node:         15
  0.1330E+03  0.1205E+03  0.5193E+03 -0.1602E-05
   2.22E-16
  -8.327E-17
  -5.551E-17
   1.388E-17
   4.857E-17
   0.0
  2.451000000e-16
  2.471000000e-17
  -1.033000000e-16
  3.052383267e-16
  5.550333333e-17
  1.438907271e-16
  -9.638000000e-01 2.667000000e-01 -1.723000000e-03
  1.157000000e-01 4.239000000e-01 8.983000000e-01
  2.403000000e-01 8.656000000e-01 -4.394000000e-01
 Node:         16
  0.1404E+03  0.1188E+03  0.4918E+03 -0.1602E-05
   2.22E-16
   5.551E-17
   2.22E-16
  -8.327E-17
  -1.457E-16
   4.441E-16
  5.466000000e-16
  1.950000000e-16
  1.465000000e-16
  3.781896482e-16
  2.960333333e-16
  1.782803099e-16
  -2.927000000e-01 -4.328000000e-01 8.526000000e-01
  -9.222000000e-01 -1.077000000e-01 -3.713000000e-01
  -2.526000000e-01 8.950000000e-01 3.676000000e-01
 Node:         17
  0.1365E+03  0.1184E+03  0.5055E+03 -0.1602E-05
  -1.11E-16
   2.776E-17
  -1.11E-16
   9.714E-17
   1.7E-16
   0.0
  1.573000000e-16
  -1.341000000e-16
  -2.452000000e-16
  3.600440390e-16
  -7.400000000e-17
  1.697263877e-16
  3.368000000e-01 5.285000000e-01 7.792000000e-01
  8.927000000e-01 -4.425000000e-01 -8.566000000e-02
  -2.996000000e-01 -7.244000000e-01 6.209000000e-01
 Node:         18
  0.1341E+03  0.1191E+03  0.5192E+03 -0.1602E-05
   0.0
   0.0
   0.0
   2.645E-17
   1.065E-16
   4.441E-16
  4.697000000e-16
  -1.672000000e-33
  -2.562000000e-17
  4.830198634e-16
  1.480266667e-16
  2.276977472e-16
  -5.484000000e-02 -2.207000000e-01 -9.738000000e-01
  9.705000000e-01 -2.411000000e-01 -6.210000000e-17
  -2.348000000e-01 -9.451000000e-01 2.274000000e-01
 Node:         19
  0.1301E+03  0.1291E+03  0.4914E+03  0.0000E+00
   1.11E-16
   0.0
   1.11E-16
   2.101E-19
   1.001E-17
  -2.22E-16
  1.113000000e-16
  1.110000000e-16
  -2.223000000e-16
  3.334501012e-16
  0.000000000e+00
  1.571898852e-16
  -2.096000000e-02 -9.993000000e-01 -3.003000000e-02
  9.998000000e-01 -2.097000000e-02 1.345000000e-19
  6.298000000e-04 3.003000000e-02 -9.995000000e-01
 Node:         20
  0.1299E+03  0.1291E+03  0.5058E+03  0.0000E+00
   2.22E-16
   0.0
   0.0
   1.041E-17
   1.924E-17
  -5.551E-17
  2.224000000e-16
  5.975000000e-18
  -6.188000000e-17
  2.571567616e-16
  5.549833333e-17
  1.212248600e-16
  -9.993000000e-01 -3.257000000e-03 -3.765000000e-02
  1.428000000e-02 -9.549000000e-01 -2.965000000e-01
  -3.498000000e-02 -2.968000000e-01 9.543000000e-01
 Node:         21
  0.1301E+03  0.1280E+03  0.5197E+03  0.0000E+00
   1.11E-16
   0.0
   0.0
   4.163E-17
   1.475E-17
   1.11E-16
  1.534000000e-16
  7.089000000e-17
  -2.220000000e-18
  1.348528023e-16
  7.402333333e-17
  6.357022067e-17
  -6.994000000e-01 -6.840000000e-02 -7.114000000e-01
  -7.126000000e-01 1.429000000e-01 6.869000000e-01
  -5.465000000e-02 -9.874000000e-01 1.487000000e-01
 Node:         22
  0.1360E+03  0.1256E+03  0.4913E+03  0.0000E+00
  -2.22E-16
   1.388E-17
  -1.11E-16
  -1.388E-17
   1.006E-16
   1.11E-16
  1.500000000e-16
  -1.456000000e-16
  -2.264000000e-16
  3.432090908e-16
  -7.400000000e-17
  1.617903170e-16
  -2.144000000e-02 3.586000000e-01 9.332000000e-01
  2.280000000e-01 9.106000000e-01 -3.447000000e-01
  -9.734000000e-01 2.054000000e-01 -1.013000000e-01
 Node:         23
  0.1343E+03  0.1253E+03  0.5054E+03  0.0000E+00
   0.0
   2.082E-17
  -4.441E-16
   0.0
   1.314E-16
  -1.665E-16
  1.265000000e-18
  -1.147000000e-16
  -4.972000000e-16
  4.517861704e-16
  -2.035450000e-16
  2.129740431e-16
  9.970000000e-01 6.061000000e-02 4.746000000e-02
  6.644000000e-02 -3.661000000e-01 -9.282000000e-01
  3.888000000e-02 -9.286000000e-01 3.690000000e-01
 Node:         24
  0.1336E+03  0.1248E+03  0.5194E+03  0.0000E+00
  -2.22E-16
   1.214E-17
   0.0
   1.388E-17
   8.674E-19
  -1.665E-16
  6.779000000e-19
  -1.633000000e-16
  -2.259000000e-16
  2.026635839e-16
  -1.295073667e-16
  9.553652964e-17
  -5.504000000e-02 -9.984000000e-01 -9.747000000e-03
  2.257000000e-01 -2.195000000e-02 9.740000000e-01
  -9.726000000e-01 5.141000000e-02 2.265000000e-01
 Node:         25
  0.1400E+03  0.1206E+03  0.4917E+03  0.0000E+00
   0.0
   2.671E-16
  -1.11E-16
  -8.327E-17
  -1.301E-16
   2.22E-16
  3.681000000e-16
  7.580000000e-17
  -3.329000000e-16
  6.098671905e-16
  3.700000000e-17
  2.874941507e-16
  5.089000000e-01 4.781000000e-01 -7.159000000e-01
  6.086000000e-01 3.883000000e-01 6.920000000e-01
  6.088000000e-01 -7.878000000e-01 -9.334000000e-02
 Node:         26
  0.1363E+03  0.1200E+03  0.5055E+03  0.0000E+00
   2.22E-16
   1.076E-16
  -6.106E-16
   2.776E-17
  -1.124E-15
  -5.551E-17
  8.281000000e-16
  2.248000000e-16
  -1.497000000e-15
  2.089815320e-15
  -1.480333333e-16
  9.851483893e-16
  7.371000000e-02 6.174000000e-01 -7.832000000e-01
  9.955000000e-01 1.018000000e-03 9.449000000e-02
  -5.914000000e-02 7.866000000e-01 6.146000000e-01
 Node:         27
  0.1343E+03  0.1203E+03  0.5192E+03  0.0000E+00
   2.22E-16
  -1.943E-16
   2.22E-16
  -1.041E-16
   1.313E-15
   0.0
  1.466000000e-15
  1.875000000e-16
  -1.209000000e-15
  2.317369144e-15
  1.481666667e-16
  1.092418291e-15
  -1.693000000e-01 7.280000000e-01 6.643000000e-01
  9.848000000e-01 9.849000000e-02 1.431000000e-01
  3.876000000e-02 6.785000000e-01 -7.336000000e-01
 Node:         28
  0.1155E+03  0.1124E+03  0.4931E+03 -0.9469E-05
  -2.22E-16
   3.816E-17
   2.22E-16
  -5.551E-17
   5.551E-17
   1.11E-16
  2.455000000e-16
  1.014000000e-16
  -2.359000000e-16
  4.279497985e-16
  3.700000000e-17
  2.017374697e-16
  3.184000000e-02 9.284000000e-01 3.701000000e-01
  1.988000000e-01 3.571000000e-01 -9.127000000e-01
  9.795000000e-01 -1.026000000e-01 1.732000000e-01
 Node:         29
  0.1119E+03  0.1139E+03  0.5068E+03 -0.9469E-05
  -2.22E-16
  -2.082E-17
   0.0
   5.551E-17
   6.939E-18
  -3.331E-16
  1.944000000e-18
  -2.004000000e-16
  -3.566000000e-16
  3.113642034e-16
  -1.850186667e-16
  1.467784931e-16
  -9.118000000e-02 9.958000000e-01 5.517000000e-03
  -9.179000000e-01 -8.189000000e-02 -3.884000000e-01
  -3.863000000e-01 -4.048000000e-02 9.215000000e-01
 Node:         30
  0.1113E+03  0.1159E+03  0.5206E+03 -0.9469E-05
   2.22E-16
   1.249E-16
   2.22E-16
   0.0
  -2.776E-17
   1.11E-16
  3.486000000e-16
  1.238000000e-16
  8.277000000e-17
  2.478750591e-16
  1.850566667e-16
  1.168494234e-16
  -7.001000000e-01 -7.092000000e-01 8.287000000e-02
  -4.685000000e-01 3.686000000e-01 -8.029000000e-01
  -5.389000000e-01 6.009000000e-01 5.903000000e-01
 Node:         31
  0.1203E+03  0.1126E+03  0.4920E+03 -0.9469E-05
  -5.551E-17
   9.714E-17
  -1.11E-16
   2.776E-17
   4.163E-17
  -5.551E-17
  4.114000000e-17
  -7.661000000e-17
  -1.866000000e-16
  1.972667866e-16
  -7.402333333e-17
  9.299245501e-17
  -6.956000000e-01 -5.654000000e-01 -4.433000000e-01
  4.358000000e-01 1.585000000e-01 -8.860000000e-01
  5.712000000e-01 -8.095000000e-01 1.362000000e-01
 Node:         32
  0.1188E+03  0.1134E+03  0.5062E+03 -0.9469E-05
   2.22E-16
  -1.388E-17
  -1.11E-16
  -2.776E-17
   9.714E-17
  -5.551E-17
  2.266000000e-16
  1.331000000e-17
  -1.844000000e-16
  3.560216764e-16
  1.850333333e-17
  1.678302278e-16
  -9.894000000e-01 7.624000000e-02 1.236000000e-01
  1.445000000e-01 5.992000000e-01 7.875000000e-01
  1.402000000e-02 -7.970000000e-01 6.038000000e-01
 Node:         33
  0.1183E+03  0.1150E+03  0.5201E+03 -0.9469E-05
   1.11E-16
   5.551E-17
   0.0
   8.327E-17
   0.0
   0.0
  1.700000000e-16
  0.000000000e+00
  -5.893000000e-17
  2.058903711e-16
  3.702333333e-17
  9.705765171e-17
  -8.617000000e-01 -2.815000000e-01 -4.222000000e-01
  0.000000000e+00 -8.321000000e-01 5.547000000e-01
  -5.074000000e-01 4.780000000e-01 7.170000000e-01
 Node:         34
  0.1255E+03  0.1129E+03  0.4909E+03 -0.9469E-05
   0.0
   0.0
   0.0
   5.551E-17
   9.714E-17
   0.0
  1.119000000e-16
  3.387000000e-33
  -1.119000000e-16
  1.938164854e-16
  0.000000000e+00
  9.136596741e-17
  -3.508000000e-01 -6.139000000e-01 -7.071000000e-01
  8.682000000e-01 -4.961000000e-01 -4.855000000e-17
  -3.508000000e-01 -6.139000000e-01 7.071000000e-01
 Node:         35
  0.1260E+03  0.1135E+03  0.5054E+03 -0.9469E-05
   0.0
   1.11E-16
  -1.11E-16
   1.11E-16
   2.498E-16
  -1.11E-16
  2.410000000e-16
  -1.023000000e-16
  -3.608000000e-16
  5.228959648e-16
  -7.403333333e-17
  2.464955217e-16
  5.458000000e-01 5.925000000e-01 5.925000000e-01
  8.379000000e-01 -3.859000000e-01 -3.859000000e-01
  -4.975000000e-17 -7.071000000e-01 7.071000000e-01
 Node:         36
  0.1257E+03  0.1153E+03  0.5196E+03 -0.9469E-05
   0.0
  -5.551E-17
   0.0
  -5.551E-17
   8.327E-17
   0.0
  1.305000000e-16
  -4.723000000e-17
  -8.327000000e-17
  1.982226619e-16
  0.000000000e+00
  9.344305895e-17
  -5.155000000e-01 6.059000000e-01 6.059000000e-01
  8.569000000e-01 3.645000000e-01 3.645000000e-01
  -1.256000000e-16 7.071000000e-01 -7.071000000e-01
 Node:         37
  0.1132E+03  0.1210E+03  0.4959E+03 -0.9469E-05
  -2.22E-16
   1.388E-16
  -2.22E-16
  -8.327E-17
   1.804E-16
  -2.776E-16
  -4.482000000e-17
  -1.622000000e-16
  -5.146000000e-16
  4.234720019e-16
  -2.405400000e-16
  1.996266161e-16
  3.971000000e-01 7.887000000e-01 4.693000000e-01
  -7.874000000e-01 3.010000000e-02 6.157000000e-01
  4.715000000e-01 -6.140000000e-01 6.330000000e-01
 Node:         38
  0.1111E+03  0.1204E+03  0.5085E+03 -0.9469E-05
  -1.665E-16
   9.714E-17
   0.0
  -2.776E-17
  -8.327E-17
  -2.22E-16
  7.071000000e-17
  -2.091000000e-16
  -2.502000000e-16
  3.024616291e-16
  -1.295300000e-16
  1.425817793e-16
  -3.916000000e-01 -8.746000000e-01 2.859000000e-01
  9.154000000e-01 -3.389000000e-01 2.170000000e-01
  9.287000000e-02 -3.467000000e-01 -9.334000000e-01
 Node:         39
  0.1119E+03  0.1201E+03  0.5207E+03 -0.9469E-05
  -5.551E-17
  -9.714E-17
  -3.331E-16
  -8.327E-17
  -7.633E-17
  -1.11E-16
  8.934000000e-18
  -1.105000000e-16
  -3.981000000e-16
  3.623913061e-16
  -1.665553333e-16
  1.708329000e-16
  8.510000000e-01 -1.281000000e-01 -5.092000000e-01
  4.076000000e-01 -4.503000000e-01 7.944000000e-01
  -3.311000000e-01 -8.836000000e-01 -3.310000000e-01
 Node:         40
  0.1191E+03  0.1220E+03  0.4937E+03 -0.9469E-05
   0.0
   8.327E-17
  -2.22E-16
   8.327E-17
  -1.388E-17
  -2.22E-16
  4.872000000e-17
  -2.082000000e-16
  -2.846000000e-16
  3.024459198e-16
  -1.480266667e-16
  1.425743739e-16
  -9.240000000e-01 -2.703000000e-01 -2.703000000e-01
  0.000000000e+00 -7.071000000e-01 7.071000000e-01
  3.823000000e-01 -6.534000000e-01 -6.534000000e-01
 Node:         41
  0.1182E+03  0.1217E+03  0.5073E+03 -0.9469E-05
   0.0
  -2.776E-17
  -5.551E-17
   5.551E-17
   9.714E-17
   1.11E-16
  1.653000000e-16
  1.073000000e-17
  -1.206000000e-16
  2.478691830e-16
  1.847666667e-17
  1.168466534e-16
  2.406000000e-01 3.653000000e-01 8.993000000e-01
  -8.901000000e-01 4.526000000e-01 5.428000000e-02
  -3.871000000e-01 -8.135000000e-01 4.340000000e-01
 Node:         42
  0.1187E+03  0.1212E+03  0.5204E+03 -0.9469E-05
   0.0
  -5.551E-17
  -1.11E-16
   0.0
   5.551E-17
   1.11E-16
  1.256000000e-16
  1.887000000e-17
  -1.444000000e-16
  2.355296009e-16
  2.333333333e-20
  1.110297186e-16
  1.113000000e-01 -2.517000000e-01 -9.614000000e-01
  9.295000000e-01 -3.159000000e-01 1.903000000e-01
  -3.516000000e-01 -9.148000000e-01 1.988000000e-01
 Node:         43
  0.1258E+03  0.1217E+03  0.4915E+03 -0.9469E-05
   2.22E-16
   1.11E-16
   1.11E-16
  -1.388E-17
   0.0
  -5.551E-17
  2.911000000e-16
  4.294000000e-17
  -5.645000000e-17
  3.100425456e-16
  9.253000000e-17
  1.461554576e-16
  -8.507000000e-01 -5.246000000e-01 3.406000000e-02
  -5.213000000e-01 8.502000000e-01 7.348000000e-02
  6.751000000e-02 -4.475000000e-02 9.967000000e-01
 Node:         44
  0.1259E+03  0.1220E+03  0.5059E+03 -0.9469E-05
  -2.22E-16
   1.388E-16
  -2.22E-16
   9.714E-17
   1.11E-16
  -1.11E-16
  5.081000000e-17
  -2.445000000e-16
  -3.614000000e-16
  3.679610647e-16
  -1.850300000e-16
  1.734585094e-16
  -5.113000000e-01 -5.340000000e-01 -6.733000000e-01
  -5.198000000e-01 -4.318000000e-01 7.372000000e-01
  -6.844000000e-01 7.269000000e-01 -5.679000000e-02
 Node:         45
  0.1261E+03  0.1221E+03  0.5198E+03 -0.9469E-05
  -5.551E-17
  -8.327E-17
  -2.776E-16
   2.776E-17
  -6.939E-18
   1.11E-16
  1.167000000e-16
  -3.339000000e-17
  -3.053000000e-16
  3.705037491e-16
  -7.399666667e-17
  1.746571423e-16
  1.854000000e-01 -5.643000000e-02 9.810000000e-01
  9.302000000e-01 -3.117000000e-01 -1.938000000e-01
  -3.167000000e-01 -9.485000000e-01 5.308000000e-03
 Node:         46
  0.1117E+03  0.1296E+03  0.4959E+03  0.0000E+00
  -5.551E-17
   2.776E-17
  -1.665E-16
   6.939E-18
  -2.602E-17
   0.0
  4.101000000e-18
  -4.897000000e-17
  -1.772000000e-16
  1.614458370e-16
  -7.402300000e-17
  7.610629740e-17
  4.856000000e-02 -1.429000000e-01 9.886000000e-01
  9.724000000e-01 2.327000000e-01 -1.414000000e-02
  -2.280000000e-01 9.620000000e-01 1.502000000e-01
 Node:         47
  0.1107E+03  0.1269E+03  0.5087E+03  0.0000E+00
  -1.665E-16
  -3.123E-17
   1.11E-16
  -2.776E-17
   3.99E-17
   0.0
  1.289000000e-16
  -1.114000000e-17
  -1.732000000e-16
  2.618578385e-16
  -1.848000000e-17
  1.234409689e-16
  -1.292000000e-01 9.390000000e-01 3.186000000e-01
  -1.008000000e-01 -3.321000000e-01 9.379000000e-01
  -9.865000000e-01 -8.906000000e-02 -1.376000000e-01
 Node:         48
  0.1125E+03  0.1242E+03  0.5208E+03  0.0000E+00
   1.11E-16
   3.469E-18
   1.11E-16
   0.0
  -1.735E-18
   1.11E-16
  1.149000000e-16
  1.110000000e-16
  1.071000000e-16
  6.754998150e-18
  1.110000000e-16
  3.184336666e-18
  -6.325000000e-01 -7.071000000e-01 3.162000000e-01
  4.472000000e-01 -4.455000000e-15 8.944000000e-01
  -6.325000000e-01 7.071000000e-01 3.162000000e-01
 Node:         49
  0.1186E+03  0.1311E+03  0.4938E+03  0.0000E+00
  -1.665E-16
  -2.082E-17
   0.0
  -4.163E-17
  -6.072E-18
  -5.551E-17
  2.581000000e-18
  -4.165000000e-17
  -1.830000000e-16
  1.678935845e-16
  -7.402300000e-17
  7.914579474e-17
  1.174000000e-01 -9.929000000e-01 1.965000000e-02
  -3.135000000e-01 -1.827000000e-02 9.494000000e-01
  -9.423000000e-01 -1.176000000e-01 -3.134000000e-01
 Node:         50
  0.1180E+03  0.1298E+03  0.5075E+03  0.0000E+00
   0.0
  -1.301E-17
   3.331E-16
  -4.163E-17
   1.247E-17
   2.22E-16
  3.354000000e-16
  2.276000000e-16
  -7.879000000e-18
  3.040655121e-16
  1.850403333e-16
  1.433378570e-16
  5.441000000e-02 -9.902000000e-01 -1.289000000e-01
  -1.707000000e-01 -1.364000000e-01 9.758000000e-01
  9.838000000e-01 3.109000000e-02 1.765000000e-01
 Node:         51
  0.1192E+03  0.1275E+03  0.5206E+03  0.0000E+00
   0.0
  -3.469E-18
  -5.551E-17
   0.0
   1.475E-17
   1.11E-16
  1.123000000e-16
  2.087000000e-19
  -5.702000000e-17
  1.491791642e-16
  1.849623333e-17
  7.032373239e-17
  -2.705000000e-03 8.758000000e-02 9.962000000e-01
  9.982000000e-01 -6.004000000e-02 7.989000000e-03
  -6.051000000e-02 -9.943000000e-01 8.725000000e-02
 Node:         52
  0.1262E+03  0.1305E+03  0.4920E+03  0.0000E+00
   1.11E-16
  -1.388E-17
   1.11E-16
   1.301E-18
   4.906E-18
   0.0
  1.250000000e-16
  9.734000000e-17
  -2.497000000e-19
  1.139655924e-16
  7.403010000e-17
  5.372389547e-17
  -7.047000000e-01 7.092000000e-01 2.051000000e-02
  7.093000000e-01 7.034000000e-01 4.493000000e-02
  -1.744000000e-02 -4.621000000e-02 9.988000000e-01
 Node:         53
  0.1258E+03  0.1304E+03  0.5063E+03  0.0000E+00
  -1.665E-16
  -1.735E-18
  -1.11E-16
   2.776E-17
   3.383E-17
  -2.22E-16
  -1.010000000e-16
  -1.572000000e-16
  -2.414000000e-16
  1.223933005e-16
  -1.665333333e-16
  5.769675516e-17
  9.684000000e-02 9.526000000e-01 2.883000000e-01
  -9.346000000e-01 1.866000000e-01 -3.027000000e-01
  -3.422000000e-01 -2.402000000e-01 9.084000000e-01
 Node:         54
  0.1265E+03  0.1288E+03  0.5200E+03  0.0000E+00
  -2.22E-16
   2.082E-17
   1.11E-16
   0.0
  -4.337E-18
   1.11E-16
  1.160000000e-16
  1.073000000e-16
  -2.233000000e-16
  3.350347295e-16
  0.000000000e+00
  1.579368861e-16
  -4.656000000e-02 -7.562000000e-01 6.527000000e-01
  -4.117000000e-02 -6.514000000e-01 -7.576000000e-01
  -9.981000000e-01 6.215000000e-02 8.061000000e-04
 Node:         55
  0.1382E+03  0.1168E+03  0.4536E+03  0.8171E-02
  -0.08003
  -0.02276
   0.08934
   3.452E-4
   0.04043
   0.03062
  9.851368966e-02
  1.180330172e-02
  -8.311310920e-02
  1.602152070e-01
  9.067960728e-03
  7.552617289e-02
  1.597879885e-01 -5.192425287e-01 -2.495396552e-01
  3.024052874e-01 -2.010054023e-01 7.928540230e-01
  -3.608790057e-01 -1.130167816e-01 2.251916667e-01
 Node:         56
  0.1314E+03  0.1156E+03  0.4690E+03  0.8171E-02
  -0.07661
  -0.00566
   0.04655
   0.01605
   0.007776
  -0.006516
  5.015666667e-02
  -2.071268391e-03
  -7.621474713e-02
  1.126272188e-01
  -9.376449617e-03
  5.309298009e-02
  -1.142171322e-01 4.363660920e-01 9.132402299e-02
  1.405965517e-01 1.874850000e-01 -1.237741379e-01
  -6.482309195e-01 -1.159589080e-01 4.000626437e-01
 Node:         57
  0.1285E+03  0.1140E+03  0.4824E+03  0.8171E-02
  -0.0166
   0.006517
   3.022E-4
   0.005792
  -0.003901
  -0.00318
  6.572024713e-03
  -1.084672500e-03
  -1.956531264e-02
  2.436248699e-02
  -4.692653477e-03
  1.148458650e-02
  -3.093391954e-01 -4.319344828e-01 3.211261494e-01
  4.976724138e-01 3.748252874e-01 5.279867241e-01
  -5.909534483e-01 1.805393678e-01 4.570068966e-01
 Node:         58
  0.1486E+03  0.1181E+03  0.4530E+03  0.8171E-02
  -0.09295
  -0.05355
   0.1583
  -0.009154
   0.03144
  -0.02906
  1.496973908e-01
  -1.886881207e-02
  -1.122487529e-01
  2.347261618e-01
  6.193275287e-03
  1.106509738e-01
  -2.428218391e-02 4.513816092e-01 6.897655172e-02
  3.552958736e-01 8.978218391e-02 5.549538506e-01
  3.593060839e-01 5.074574713e-02 2.345828161e-01
 Node:         59
  0.1420E+03  0.1169E+03  0.4693E+03  0.8171E-02
  -0.0694
  -0.0502
   0.1107
  -0.005549
   0.02324
  -0.0272
  1.224225690e-01
  -2.015902872e-02
  -8.284145977e-02
  1.835408536e-01
  6.474026824e-03
  8.652198812e-02
  3.590287356e-02 -4.730545977e-01 -2.789471264e-02
  2.768444828e-01 1.592890207e-01 4.881087816e-01
  3.235977011e-01 -1.852701149e-02 3.982662874e-01
 Node:         60
  0.1375E+03  0.1150E+03  0.4832E+03  0.8171E-02
  -0.007843
  -0.0115
   0.01855
   2.648E-4
   0.002825
  -0.002719
  2.904128391e-02
  -1.972607195e-03
  -1.457869713e-02
  3.960998284e-02
  4.163326529e-03
  1.867232498e-02
  -3.252379310e-01 5.450580460e-01 1.333702299e-01
  1.865189655e-01 8.467666667e-02 6.900371609e-01
  4.488367816e-01 1.293197874e-01 1.265891954e-01
 Node:         61
  0.1556E+03  0.1229E+03  0.4519E+03  0.8171E-02
  -0.03408
  -0.05091
   0.09818
  -0.03485
   0.03938
  -0.1318
  1.095603621e-01
  -3.844594885e-02
  -1.258290460e-01
  2.080322388e-01
  -1.823821092e-02
  9.806733785e-02
  -3.828160920e-01 4.145689655e-01 -1.765747126e-03
  6.630385057e-01 4.606735632e-01 -1.417252874e-01
  1.160367586e-01 4.492925287e-03 8.334120690e-01
 Node:         62
  0.1494E+03  0.1207E+03  0.4691E+03  0.8171E-02
   0.02536
  -0.08476
   0.1053
  -0.0293
   0.03445
  -0.09115
  1.563463678e-01
  -2.330737471e-02
  -8.025935057e-02
  2.143020407e-01
  1.759321418e-02
  1.010229508e-01
  -3.457965517e-01 2.155867816e-01 1.424876437e-01
  6.222614943e-01 4.456534483e-01 -7.184832943e-02
  1.034298851e-02 5.947931034e-02 -3.621049425e-01
 Node:         63
  0.1437E+03  0.1181E+03  0.4838E+03  0.8171E-02
   0.01906
  -0.0288
   0.03221
  -0.004581
   0.006723
  -0.01098
  5.659738506e-02
  -2.416810920e-03
  -1.227618966e-02
  6.482657858e-02
  1.396812816e-02
  3.055954221e-02
  -1.869632184e-01 2.309908046e-01 2.474809540e-01
  5.141821839e-01 4.204211494e-01 5.413712644e-02
  -2.474712644e-01 -2.544622989e-01 1.197493678e+00
 Node:         64
  0.1414E+03  0.1252E+03  0.4516E+03  0.8171E-02
  -0.08325
   0.004682
   0.1029
  -0.01952
   0.01601
  -0.03029
  9.449433908e-02
  -2.644457529e-02
  -8.135612069e-02
  1.571108252e-01
  -4.435452299e-03
  7.406275327e-02
  4.370896552e-02 7.218160920e-02 2.812057471e-02
  -2.519022989e-02 2.776494253e-03 1.434114943e-01
  2.061120690e-01 -3.215218391e-03 1.226160920e-01
 Node:         65
  0.1342E+03  0.1229E+03  0.4681E+03  0.8171E-02
  -0.04627
  -0.01562
   0.0818
  -0.01099
   0.008902
  -0.0202
  8.051533908e-02
  -1.587168161e-02
  -5.013339655e-02
  1.177864621e-01
  4.836753640e-03
  5.552507074e-02
  6.879390805e-02 2.763614943e-01 1.346597701e-02
  -1.910385057e-01 -1.337593103e-01 2.645896552e-01
  4.135137931e-01 -3.394195402e-02 -7.079655172e-03
 Node:         66
  0.1299E+03  0.1214E+03  0.4825E+03  0.8171E-02
   0.00107
  -0.006828
   0.0151
   7.24E-4
  -4.934E-4
  -0.002788
  1.910463678e-02
  -8.848144253e-04
  -4.642350575e-03
  2.224507352e-02
  4.525823927e-03
  1.048642822e-02
  -4.538913218e-01 1.179077011e+00 -3.069005747e-02
  4.366959770e-01 3.469551724e-01 -2.911770115e-01
  -1.926034483e-02 3.477264368e-02 6.233660920e-01
 Node:         67
  0.1501E+03  0.1247E+03  0.4514E+03  0.8171E-02
  -0.07905
  -0.03334
   0.09626
  -0.01812
   0.01362
  -0.02324
  9.287919540e-02
  -1.822051954e-02
  -9.315172989e-02
  1.654384840e-01
  -6.164351341e-03
  7.798844929e-02
  8.475862069e-02 -4.479522989e-01 -1.239139655e-01
  2.577722989e-01 -2.278333333e-02 3.941182184e-01
  6.639929713e-02 1.486391379e-02 3.169482759e-02
 Node:         68
  0.1434E+03  0.1226E+03  0.4684E+03  0.8171E-02
  -0.02419
  -0.06517
   0.09318
  -0.02466
   0.02026
  -0.01676
  1.187658966e-01
  -5.579121379e-03
  -6.623586207e-02
  1.644707171e-01
  1.565030437e-02
  7.753223957e-02
  -8.656206897e-02 2.484436782e-01 4.207298851e-02
  1.145615333e-01 5.455172414e-02 3.878336782e-01
  7.450833333e-01 2.130808989e-01 6.036534483e-01
 Node:         69
  0.1380E+03  0.1205E+03  0.4830E+03  0.8171E-02
   0.01123
  -0.02132
   0.02437
  -0.006407
   0.006316
  -5.519E-4
  4.141932759e-02
  -4.895691379e-04
  -7.109272989e-03
  4.565485189e-02
  1.127349515e-02
  2.152190358e-02
  -6.479287356e-01 7.195867816e-01 2.458252471e-01
  2.629952241e-01 2.912979310e-01 1.988225287e-01
  4.311833333e-01 2.142347931e-01 3.566596552e-01
 Node:         70
  0.1558E+03  0.1249E+03  0.4515E+03  0.8171E-02
  -0.06318
  -0.04067
   0.02417
  -0.04766
   0.03212
   0.02062
  8.305935632e-02
  -1.464133515e-02
  -1.004251552e-01
  1.601719172e-01
  -1.066904467e-02
  7.550576587e-02
  6.327126437e-02 -8.049712644e-02 -1.335213218e-01
  -2.162577586e-01 -5.568195402e-01 4.585413218e-01
  -4.377355172e-01 -1.827835057e-01 1.383718391e-01
 Node:         71
  0.1496E+03  0.1226E+03  0.4689E+03  0.8171E-02
   0.01535
  -0.07952
   0.06585
  -0.06934
   0.04586
   0.008372
  1.524103391e-01
  -3.922522989e-04
  -7.108153448e-02
  1.986785078e-01
  2.697885077e-02
  9.365794676e-02
  -4.071120690e-01 3.083977011e-01 2.028195402e-01
  1.712766092e-01 1.084224138e-01 1.692850575e-01
  4.206545977e-01 1.004042644e-01 4.737528736e-01
 Node:         72
  0.1435E+03  0.1199E+03  0.4837E+03  0.8171E-02
   0.02579
  -0.02978
   0.02191
  -0.01784
   0.01171
   0.003798
  5.982604023e-02
  -3.031886207e-04
  -1.003872989e-02
  6.560290829e-02
  1.649470724e-02
  3.092550755e-02
  -7.403678161e-01 5.615810345e-01 3.682689655e-01
  7.115064276e-02 2.687356322e-03 3.622222356e-01
  4.067787356e-01 2.316864713e-01 3.867671264e-01
 Node:         73
  0.1446E+03  0.1339E+03  0.4506E+03  0.0000E+00
   0.04566
  -0.01426
  -0.0753
   0.002554
  -0.004043
   0.05682
  5.954782184e-02
  3.272464069e-02
  -6.858808046e-02
  1.183176307e-01
  7.894794023e-03
  5.577546599e-02
  -1.440781609e-01 -2.000053448e-02 4.169910345e-01
  9.407837356e-01 -1.548802126e-01 8.741321839e-02
  -5.340140230e-02 -3.919850575e-01 -3.370042529e-02
 Node:         74
  0.1369E+03  0.1304E+03  0.4675E+03  0.0000E+00
   0.0987
  -0.002241
  -0.03342
   0.006945
  -0.006287
   0.04571
  9.531152874e-02
  3.887185057e-02
  -3.216091954e-02
  1.117421400e-01
  3.400748659e-02
  5.267574996e-02
  -1.290956322e+00 2.450333333e-02 -1.743413793e-01
  -1.086791954e-01 1.089286207e-02 7.916632184e-01
  2.658722989e-02 1.028941379e+00 5.394991954e-02
 Node:         75
  0.1313E+03  0.1289E+03  0.4826E+03  0.0000E+00
   0.03807
  -8.054E-4
  -0.003438
  -0.002056
  -0.001511
   0.003536
  3.737966897e-02
  3.396361494e-03
  -4.462159195e-03
  3.867138443e-02
  1.210462375e-02
  1.822986545e-02
  -9.976816092e-01 -7.314206897e-02 8.656172414e-03
  1.057086207e-02 -1.000494253e-01 9.889045977e-01
  -7.566080460e-02 7.965149425e-01 5.740402299e-02
 Node:         76
  0.1515E+03  0.1315E+03  0.4504E+03  0.0000E+00
   0.04376
  -0.02336
  -0.09718
  -0.008734
   0.02234
   0.07739
  7.647738506e-02
  3.207281448e-02
  -9.013097126e-02
  1.507782966e-01
  6.139742759e-03
  7.107757067e-02
  -3.540255747e-01 2.121327586e-02 -1.635344828e-02
  5.141459770e-01 -4.901155172e-02 4.060280460e-01
  -3.832666667e-02 -3.397540230e-01 2.522942529e-02
 Node:         77
  0.1447E+03  0.1284E+03  0.4678E+03  0.0000E+00
   0.1367
   0.007684
  -0.04701
   3.044E-4
   0.01723
   0.04008
  1.261208448e-01
  3.548288506e-02
  -4.346994253e-02
  1.485866955e-01
  3.937792912e-02
  7.004443998e-02
  -9.997206897e-01 -9.595470115e-02 -5.798094828e-02
  -7.430505747e-02 1.927391954e-01 9.864172414e-01
  -6.004335632e-02 9.549201149e-01 -1.759402299e-01
 Node:         78
  0.1385E+03  0.1261E+03  0.4829E+03  0.0000E+00
   0.05686
   0.008525
  -0.002501
  -2.775E-4
   6.671E-4
   0.002557
  5.401472989e-02
  2.008406552e-03
  -3.587636207e-03
  5.502372557e-02
  1.747850008e-02
  2.593843298e-02
  -9.858798851e-01 -1.896016322e-01 -3.894920690e-02
  -9.597463793e-02 2.255508621e-01 6.083787356e-01
  -1.499610575e-01 1.415828736e+00 -3.858666667e-02
 Node:         79
  0.1559E+03  0.1269E+03  0.4511E+03  0.0000E+00
   0.03936
   0.04627
   0.01771
  -0.001521
   1.146E-4
  -0.2848
  7.706841954e-02
  -3.039735977e-02
  -2.343660690e-01
  2.776931292e-01
  -6.256500307e-02
  1.309057965e-01
  8.435005747e-01 3.917075517e-01 -8.643944828e-02
  4.442711494e-01 1.243097701e-03 -1.154747126e-01
  1.218149425e-02 1.546292860e-01 7.942984540e-01
 Node:         80
  0.1497E+03  0.1245E+03  0.4687E+03  0.0000E+00
   0.1542
   0.04333
  -5.271E-4
   0.01651
   0.001673
  -0.2306
  1.528894138e-01
  -1.168474023e-02
  -1.857849943e-01
  3.008632857e-01
  -1.486010690e-02
  1.418283130e-01
  -1.456448276e-01 4.976289655e-02 -1.394711494e-02
  -1.954621839e-01 8.194111494e-01 2.053255000e-01
  -3.910516782e-02 -2.184492701e-01 8.374226437e-01
 Node:         81
  0.1433E+03  0.1218E+03  0.4836E+03  0.0000E+00
   0.06334
   0.01201
  -7.216E-4
   0.007913
   0.001591
  -0.02779
  6.254951724e-02
  -2.283278103e-03
  -2.348147011e-02
  7.855037862e-02
  1.226158967e-02
  3.702900359e-02
  -9.738367816e-01 -1.738614943e-01 -1.548830575e-01
  -2.081873563e-01 8.273977011e-01 2.336860448e-01
  -6.849316092e-02 -2.598312126e-01 8.462833333e-01
 Node:         82
  0.1267E+03  0.1149E+03  0.4571E+03 -0.1906E-01
  -0.02233
  -0.01949
   0.02354
   0.002813
   0.02292
   0.00263
  4.312421839e-02
  -6.284339655e-03
  -3.191797701e-02
  6.659565719e-02
  1.640633908e-03
  3.139349387e-02
  -4.545434023e-01 7.299982759e-01 3.689574713e-01
  -1.593390805e-01 2.232229885e-02 -1.727683908e-01
  -5.323913793e-01 -2.177160920e-01 3.465919540e-01
 Node:         83
  0.1234E+03  0.1129E+03  0.4724E+03 -0.1906E-01
  -0.03528
  -0.004949
   0.008091
   0.0289
   0.009781
  -0.02283
  1.673118621e-02
  -2.415258966e-03
  -5.463293103e-02
  6.494269192e-02
  -1.343900126e-02
  3.061427857e-02
  -5.312689655e-02 4.418913793e-01 1.075155747e-01
  -2.963522989e-01 5.273241379e-02 -3.794517241e-01
  -6.197908046e-01 -1.470060575e-01 5.803603448e-01
 Node:         84
  0.1187E+03  0.1123E+03  0.4849E+03 -0.1906E-01
  -0.005099
   4.426E-4
   4.27E-4
   0.01166
  -4.888E-4
  -0.02127
  2.543800920e-03
  1.077342759e-04
  -2.339845517e-02
  2.528898355e-02
  -6.915639992e-03
  1.192134117e-02
  -4.983902299e-01 2.049310345e-03 -9.654482759e-02
  -4.568218391e-02 -3.300988506e-01 3.584712644e-02
  5.699712644e-02 -2.566641149e-01 -7.103500000e-01
 Node:         85
  0.1302E+03  0.1161E+03  0.4557E+03 -0.1906E-01
  -0.02415
  -0.01859
   0.03171
   0.007176
   0.03246
   0.005813
  5.510971264e-02
  -6.708958046e-03
  -3.660431034e-02
  8.132384736e-02
  3.932148084e-03
  3.833642929e-02
  -3.779435632e-01 6.936827586e-01 3.546743678e-01
  -6.068390805e-03 1.764926437e-01 -8.166091954e-03
  2.974109195e-01 -9.633333333e-02 2.172482759e-01
 Node:         86
  0.1252E+03  0.1138E+03  0.4708E+03 -0.1906E-01
  -0.03302
   0.01567
   0.07837
   0.05091
   0.03092
  -0.01652
  8.970297701e-02
  9.785882069e-03
  -7.316595977e-02
  1.420993137e-01
  8.774299770e-03
  6.698625890e-02
  -1.906469540e-01 -6.038752874e-01 -2.400287356e-01
  3.831327586e-01 -3.659045977e-01 6.656637931e-01
  6.171701149e-01 4.984667816e-02 -4.290097701e-01
 Node:         87
  0.1217E+03  0.1126E+03  0.4834E+03 -0.1906E-01
  -0.009069
   9.698E-5
   0.00195
   0.01424
  -0.00241
  -0.01853
  4.593593103e-03
  2.633379598e-04
  -2.489790805e-02
  2.837989507e-02
  -6.680325661e-03
  1.337841084e-02
  -3.789011494e-01 5.635212644e-01 -1.744921379e-01
  4.868017241e-01 2.599017241e-01 4.427241379e-01
  5.985086207e-01 3.547821839e-02 -4.622160920e-01
 Node:         88
  0.1338E+03  0.1169E+03  0.4540E+03 -0.1906E-01
  -0.05743
  -0.02336
   0.02882
   0.004709
   0.04575
   0.04349
  7.463666667e-02
  -3.777815402e-03
  -5.820840805e-02
  1.161113448e-01
  4.216814406e-03
  5.473541284e-02
  -2.378606322e-01 6.594586207e-01 6.355632184e-01
  2.997126437e-02 3.703137644e-01 -1.482919540e-01
  1.899695402e-01 3.870459770e-02 9.726666667e-02
 Node:         89
  0.1270E+03  0.1150E+03  0.4691E+03 -0.1906E-01
  -0.06138
  -3.936E-4
   0.01466
   0.02214
   0.01239
  -0.004128
  2.765323563e-02
  -3.860594253e-03
  -6.206048276e-02
  8.052814158e-02
  -1.275594713e-02
  3.796132999e-02
  -1.192540805e-01 7.963471264e-01 4.601931034e-01
  -2.587900000e-01 3.028908046e-01 -5.975155172e-01
  -5.587816092e-01 7.595944828e-02 3.385725287e-01
 Node:         90
  0.1248E+03  0.1132E+03  0.4822E+03 -0.1906E-01
  -0.01497
   0.007754
  -0.003471
   0.007278
  -0.004035
  -0.004428
  2.987647816e-03
  -5.742252529e-04
  -1.985225517e-02
  2.219464733e-02
  -5.812944203e-03
  1.046265709e-02
  -8.025982759e-02 2.362660920e-01 1.340073448e-01
  6.778672414e-02 -4.609563218e-02 2.767103448e-01
  -4.593821839e-01 4.561551724e-01 4.249867816e-01
 Node:         91
  0.1261E+03  0.1264E+03  0.4546E+03 -0.1906E-01
  -0.05977
   0.009003
   0.08534
  -0.01019
   0.03412
  -0.005141
  8.847312644e-02
  -1.202927126e-02
  -6.357522989e-02
  1.340201462e-01
  4.289541762e-03
  6.317770281e-02
  5.121522989e-02 5.812586207e-01 1.954737356e-01
  -1.063948276e-01 -1.260120690e-01 4.536764368e-01
  1.597206897e-01 -1.952634483e-01 3.080689655e-02
 Node:         92
  0.1210E+03  0.1234E+03  0.4725E+03 -0.1906E-01
  -0.03999
  -0.007044
   0.03683
  -0.002975
   0.02379
   0.01619
  5.175572414e-02
  8.598322989e-04
  -4.105967241e-02
  8.060188090e-02
  3.851961341e-03
  3.799609104e-02
  -6.181429310e-02 -3.856660920e-01 -2.418959770e-01
  1.090100000e-02 -3.539034483e-01 5.374482759e-01
  -4.320482759e-01 3.306060230e-02 5.995574713e-02
 Node:         93
  0.1159E+03  0.1217E+03  0.4877E+03 -0.1906E-01
  -0.002888
  -0.002258
   0.002076
   0.001318
   0.004279
   6.683E-5
  9.022171264e-03
  -2.788793103e-04
  -8.082284483e-03
  1.518005510e-02
  2.203358238e-04
  7.155946600e-03
  -3.714481034e-01 -1.100594253e-01 2.286942529e-01
  3.988051149e-01 -3.950522989e-01 4.155465517e-01
  2.372787356e-01 2.299310345e-02 -9.828908046e-02
 Node:         94
  0.1315E+03  0.1265E+03  0.4535E+03 -0.1906E-01
  -0.07135
   0.008531
   0.09521
  -0.02179
   0.03119
   0.01217
  9.622879885e-02
  4.551842529e-03
  -7.728465517e-02
  1.506044538e-01
  7.831995402e-03
  7.099562036e-02
  1.909548851e-02 4.015229885e-02 4.537939655e-02
  -1.505172414e-03 2.382247126e-02 1.534224138e-01
  3.003482759e-01 -8.500066667e-02 8.579425287e-02
 Node:         95
  0.1251E+03  0.1236E+03  0.4706E+03 -0.1906E-01
  -0.05009
  -0.008904
   0.04949
  -0.009046
   0.01784
   0.02525
  5.935944253e-02
  1.491400661e-02
  -5.275920115e-02
  9.879374171e-02
  7.171415996e-03
  4.657181647e-02
  -6.963183908e-02 -6.725057471e-02 -3.174942529e-02
