 Group name: predicted_strain_L3A4
 #Fields=  16
 1) coordinates, coordinate, rectangular cartesian, #Components=3
   x.  Value index= 1, #Derivatives=0
   y.  Value index= 2, #Derivatives=0
   z.  Value index= 3, #Derivatives=0
 2) Tensor_1, field, rectangular cartesian, #Components=1
   Tensor_1.  Value index= 4, #Derivatives=0
 3) Tensor_2, field, rectangular cartesian, #Components=1
   Tensor_2.  Value index= 5, #Derivatives=0
 4) Tensor_3, field, rectangular cartesian, #Components=1
   Tensor_3.  Value index= 6, #Derivatives=0
 5) Tensor_4, field, rectangular cartesian, #Components=1
   Tensor_4.  Value index= 7, #Derivatives=0
 6) Tensor_5, field, rectangular cartesian, #Components=1
   Tensor_5.  Value index= 8, #Derivatives=0
 7) Tensor_6, field, rectangular cartesian, #Components=1
   Tensor_6.  Value index= 9, #Derivatives=0
 8) Principal_1, field, rectangular cartesian, #Components=1
   Principal_1.  Value index= 10, #Derivatives=0
 9) Principal_2, field, rectangular cartesian, #Components=1
   Principal_2.  Value index= 11, #Derivatives=0
 10) Principal_3, field, rectangular cartesian, #Components=1
   Principal_3.  Value index= 12, #Derivatives=0
 11) VonMises, field, rectangular cartesian, #Components=1
   VonMises.  Value index= 13, #Derivatives=0
 12) Hydrostatic, field, rectangular cartesian, #Components=1
   VonMises.  Value index= 14, #Derivatives=0
 13) Octahedral, field, rectangular cartesian, #Components=1
   VonMises.  Value index= 15, #Derivatives=0
 14) PrincipalVector1, field, rectangular cartesian, #Components=3
   x.  Value index= 16, #Derivatives=0
   y.  Value index= 17, #Derivatives=0
   z.  Value index= 18, #Derivatives=0
 15) PrincipalVector2, field, rectangular cartesian, #Components=3
   x.  Value index= 19, #Derivatives=0
   y.  Value index= 20, #Derivatives=0
   z.  Value index= 21, #Derivatives=0
 16) PrincipalVector3, field, rectangular cartesian, #Components=3
   x.  Value index= 22, #Derivatives=0
   y.  Value index= 23, #Derivatives=0
   z.  Value index= 24, #Derivatives=0
 Node:          1
  0.1287E+03  0.1133E+03  0.4908E+03 -0.8215E-05
  -1.11E-16
  -8.327E-17
  -2.22E-16
  -2.776E-17
  -4.163E-17
  -3.331E-16
  -6.637000000e-17
  -2.400000000e-16
  -3.598000000e-16
  2.555392160e-16
  -2.220566667e-16
  1.204623416e-16
  8.837000000e-01 -4.676000000e-01 -1.897000000e-02
  4.046000000e-01 7.837000000e-01 -4.712000000e-01
  2.352000000e-01 4.088000000e-01 8.818000000e-01
 Node:          2
  0.1292E+03  0.1137E+03  0.5052E+03 -0.8215E-05
  -5.551E-17
  -1.11E-16
  -1.665E-16
  -5.551E-17
   1.943E-16
  -2.776E-16
  8.603000000e-17
  -1.600000000e-16
  -4.256000000e-16
  4.431926093e-16
  -1.665233333e-16
  2.089229996e-16
  -6.554000000e-01 6.199000000e-01 4.313000000e-01
  7.522000000e-01 4.849000000e-01 4.462000000e-01
  -6.744000000e-02 -6.169000000e-01 7.841000000e-01
 Node:          3
  0.1289E+03  0.1155E+03  0.5194E+03 -0.8215E-05
   2.22E-16
   1.388E-16
   3.331E-16
   1.11E-16
   5.551E-17
   2.22E-16
  4.753000000e-16
  2.118000000e-16
  9.006000000e-17
  3.410738448e-16
  2.590533333e-16
  1.607837524e-16
  -5.696000000e-01 -7.144000000e-01 -4.063000000e-01
  2.395000000e-01 -6.172000000e-01 7.494000000e-01
  -7.862000000e-01 3.296000000e-01 5.227000000e-01
 Node:          4
  0.1361E+03  0.1141E+03  0.4915E+03 -0.8215E-05
   0.0
  -2.776E-17
  -1.11E-16
  -2.776E-17
  -8.327E-17
   2.22E-16
  2.435000000e-16
  6.328000000e-18
  -1.388000000e-16
  3.342648530e-16
  3.700933333e-17
  1.575739629e-16
  -8.549000000e-02 -2.215000000e-01 9.714000000e-01
  9.681000000e-01 -2.491000000e-01 2.840000000e-02
  2.357000000e-01 9.428000000e-01 2.357000000e-01
 Node:          5
  0.1341E+03  0.1144E+03  0.5054E+03 -0.8215E-05
   3.331E-16
   1.388E-16
   3.331E-16
   5.551E-17
  -6.939E-17
   4.441E-16
  4.814000000e-16
  4.627000000e-16
  1.662000000e-16
  3.062784517e-16
  3.701000000e-16
  1.443810468e-16
  -3.480000000e-01 -6.443000000e-01 6.810000000e-01
  -6.589000000e-01 -3.487000000e-01 -6.665000000e-01
  6.669000000e-01 -6.807000000e-01 -3.032000000e-01
 Node:          6
  0.1323E+03  0.1162E+03  0.5191E+03 -0.8215E-05
   2.22E-16
   5.551E-17
   2.22E-16
  -5.551E-17
  -2.776E-17
   0.0
  2.897000000e-16
  1.685000000e-16
  -1.402000000e-17
  2.648101478e-16
  1.480600000e-16
  1.248327008e-16
  -7.150000000e-01 -6.696000000e-01 2.012000000e-01
  6.656000000e-01 -7.399000000e-01 -9.741000000e-02
  -2.141000000e-01 -6.426000000e-02 -9.747000000e-01
 Node:          7
  0.1408E+03  0.1171E+03  0.4920E+03 -0.8215E-05
   3.331E-16
   2.22E-16
   2.22E-16
  -8.327E-17
  -1.11E-16
   0.0
  5.398000000e-16
  6.158000000e-17
  -4.631000000e-17
  5.403052621e-16
  1.850233333e-16
  2.547023432e-16
  -7.537000000e-01 -6.111000000e-01 2.419000000e-01
  -6.560000000e-01 6.770000000e-01 -3.335000000e-01
  -4.004000000e-02 4.101000000e-01 9.112000000e-01
 Node:          8
  0.1367E+03  0.1169E+03  0.5055E+03 -0.8215E-05
   2.22E-16
   1.943E-16
   2.22E-16
  -4.025E-16
  -2.359E-16
  -2.22E-16
  6.547000000e-16
  4.477000000e-17
  -4.775000000e-16
  9.814930967e-16
  7.399000000e-17
  4.626802829e-16
  -6.847000000e-01 -5.611000000e-01 4.652000000e-01
  5.685000000e-01 -8.105000000e-01 -1.409000000e-01
  -4.561000000e-01 -1.681000000e-01 -8.739000000e-01
 Node:          9
  0.1339E+03  0.1180E+03  0.5191E+03 -0.8215E-05
   2.22E-16
   1.665E-16
   0.0
  -3.955E-16
  -2.776E-16
   6.661E-16
  1.002000000e-15
  -9.379000000e-18
  -1.046000000e-16
  1.062195387e-15
  2.960070000e-16
  5.007237074e-16
  -4.817000000e-01 -3.073000000e-01 8.207000000e-01
  -8.565000000e-01 -3.292000000e-02 -5.150000000e-01
  -1.853000000e-01 9.510000000e-01 2.474000000e-01
 Node:         10
  0.1294E+03  0.1212E+03  0.4911E+03 -0.8215E-05
   0.0
   2.776E-17
   1.11E-16
  -1.388E-17
   1.249E-16
   1.11E-16
  2.363000000e-16
  2.303000000e-17
  -3.732000000e-17
  2.489920880e-16
  7.400333333e-17
  1.173759959e-16
  4.210000000e-02 7.100000000e-01 7.030000000e-01
  -7.813000000e-01 -4.152000000e-01 4.661000000e-01
  -6.228000000e-01 5.688000000e-01 -5.372000000e-01
 Node:         11
  0.1295E+03  0.1214E+03  0.5055E+03 -0.8215E-05
  -2.22E-16
  -2.776E-17
  -2.22E-16
  -4.163E-17
   1.388E-17
  -1.665E-16
  -1.365000000e-16
  -2.183000000e-16
  -2.558000000e-16
  1.056645163e-16
  -2.035333333e-16
  4.981073066e-17
  -4.935000000e-01 2.929000000e-01 8.189000000e-01
  3.541000000e-01 -7.924000000e-01 4.968000000e-01
  -7.944000000e-01 -5.351000000e-01 -2.873000000e-01
 Node:         12
  0.1295E+03  0.1217E+03  0.5196E+03 -0.8215E-05
   1.11E-16
   0.0
   1.11E-16
   7.633E-17
   2.776E-17
   2.22E-16
  2.649000000e-16
  1.110000000e-16
  6.816000000e-17
  1.792025435e-16
  1.480200000e-16
  8.447688915e-17
  -4.387000000e-01 -1.595000000e-01 -8.844000000e-01
  3.417000000e-01 -9.398000000e-01 -2.255000000e-17
  8.311000000e-01 3.022000000e-01 -4.668000000e-01
 Node:         13
  0.1361E+03  0.1199E+03  0.4914E+03 -0.8215E-05
   1.11E-16
  -1.388E-16
   0.0
  -9.714E-17
   2.776E-17
  -1.665E-16
  2.285000000e-16
  -8.520000000e-17
  -1.988000000e-16
  3.833392362e-16
  -1.850000000e-17
  1.807078489e-16
  8.171000000e-01 -5.252000000e-01 -2.378000000e-01
  4.648000000e-01 8.442000000e-01 -2.671000000e-01
  3.410000000e-01 1.077000000e-01 9.339000000e-01
 Node:         14
  0.1342E+03  0.1198E+03  0.5054E+03 -0.8215E-05
  -5.551E-17
   2.776E-17
   0.0
   5.551E-17
  -9.021E-17
   1.11E-16
  1.672000000e-16
  -4.940000000e-18
  -1.068000000e-16
  2.398787602e-16
  1.848666667e-17
  1.130799320e-16
  1.634000000e-01 -4.472000000e-01 8.794000000e-01
  -6.569000000e-01 -7.144000000e-01 -2.412000000e-01
  -7.361000000e-01 5.382000000e-01 4.105000000e-01
 Node:         15
  0.1330E+03  0.1205E+03  0.5193E+03 -0.8215E-05
   2.22E-16
  -8.327E-17
  -5.551E-17
   1.388E-17
   4.857E-17
   0.0
  2.451000000e-16
  2.471000000e-17
  -1.033000000e-16
  3.052383267e-16
  5.550333333e-17
  1.438907271e-16
  -9.638000000e-01 2.667000000e-01 -1.723000000e-03
  1.157000000e-01 4.239000000e-01 8.983000000e-01
  2.403000000e-01 8.656000000e-01 -4.394000000e-01
 Node:         16
  0.1404E+03  0.1188E+03  0.4918E+03 -0.8215E-05
   2.22E-16
   5.551E-17
   2.22E-16
  -8.327E-17
  -1.457E-16
   4.441E-16
  5.466000000e-16
  1.950000000e-16
  1.465000000e-16
  3.781896482e-16
  2.960333333e-16
  1.782803099e-16
  -2.927000000e-01 -4.328000000e-01 8.526000000e-01
  -9.222000000e-01 -1.077000000e-01 -3.713000000e-01
  -2.526000000e-01 8.950000000e-01 3.676000000e-01
 Node:         17
  0.1365E+03  0.1184E+03  0.5055E+03 -0.8215E-05
  -1.11E-16
   2.776E-17
  -1.11E-16
   9.714E-17
   1.7E-16
   0.0
  1.573000000e-16
  -1.341000000e-16
  -2.452000000e-16
  3.600440390e-16
  -7.400000000e-17
  1.697263877e-16
  3.368000000e-01 5.285000000e-01 7.792000000e-01
  8.927000000e-01 -4.425000000e-01 -8.566000000e-02
  -2.996000000e-01 -7.244000000e-01 6.209000000e-01
 Node:         18
  0.1341E+03  0.1191E+03  0.5192E+03 -0.8215E-05
   0.0
   0.0
   0.0
   2.645E-17
   1.065E-16
   4.441E-16
  4.697000000e-16
  -1.672000000e-33
  -2.562000000e-17
  4.830198634e-16
  1.480266667e-16
  2.276977472e-16
  -5.484000000e-02 -2.207000000e-01 -9.738000000e-01
  9.705000000e-01 -2.411000000e-01 -6.210000000e-17
  -2.348000000e-01 -9.451000000e-01 2.274000000e-01
 Node:         19
  0.1301E+03  0.1291E+03  0.4914E+03  0.0000E+00
   1.11E-16
   0.0
   1.11E-16
   2.101E-19
   1.001E-17
  -2.22E-16
  1.113000000e-16
  1.110000000e-16
  -2.223000000e-16
  3.334501012e-16
  0.000000000e+00
  1.571898852e-16
  -2.096000000e-02 -9.993000000e-01 -3.003000000e-02
  9.998000000e-01 -2.097000000e-02 1.345000000e-19
  6.298000000e-04 3.003000000e-02 -9.995000000e-01
 Node:         20
  0.1299E+03  0.1291E+03  0.5058E+03  0.0000E+00
   2.22E-16
   0.0
   0.0
   1.041E-17
   1.924E-17
  -5.551E-17
  2.224000000e-16
  5.975000000e-18
  -6.188000000e-17
  2.571567616e-16
  5.549833333e-17
  1.212248600e-16
  -9.993000000e-01 -3.257000000e-03 -3.765000000e-02
  1.428000000e-02 -9.549000000e-01 -2.965000000e-01
  -3.498000000e-02 -2.968000000e-01 9.543000000e-01
 Node:         21
  0.1301E+03  0.1280E+03  0.5197E+03  0.0000E+00
   1.11E-16
   0.0
   0.0
   4.163E-17
   1.475E-17
   1.11E-16
  1.534000000e-16
  7.089000000e-17
  -2.220000000e-18
  1.348528023e-16
  7.402333333e-17
  6.357022067e-17
  -6.994000000e-01 -6.840000000e-02 -7.114000000e-01
  -7.126000000e-01 1.429000000e-01 6.869000000e-01
  -5.465000000e-02 -9.874000000e-01 1.487000000e-01
 Node:         22
  0.1360E+03  0.1256E+03  0.4913E+03  0.0000E+00
  -2.22E-16
   1.388E-17
  -1.11E-16
  -1.388E-17
   1.006E-16
   1.11E-16
  1.500000000e-16
  -1.456000000e-16
  -2.264000000e-16
  3.432090908e-16
  -7.400000000e-17
  1.617903170e-16
  -2.144000000e-02 3.586000000e-01 9.332000000e-01
  2.280000000e-01 9.106000000e-01 -3.447000000e-01
  -9.734000000e-01 2.054000000e-01 -1.013000000e-01
 Node:         23
  0.1343E+03  0.1253E+03  0.5054E+03  0.0000E+00
   0.0
   2.082E-17
  -4.441E-16
   0.0
   1.314E-16
  -1.665E-16
  1.265000000e-18
  -1.147000000e-16
  -4.972000000e-16
  4.517861704e-16
  -2.035450000e-16
  2.129740431e-16
  9.970000000e-01 6.061000000e-02 4.746000000e-02
  6.644000000e-02 -3.661000000e-01 -9.282000000e-01
  3.888000000e-02 -9.286000000e-01 3.690000000e-01
 Node:         24
  0.1336E+03  0.1248E+03  0.5194E+03  0.0000E+00
  -2.22E-16
   1.214E-17
   0.0
   1.388E-17
   8.674E-19
  -1.665E-16
  6.779000000e-19
  -1.633000000e-16
  -2.259000000e-16
  2.026635839e-16
  -1.295073667e-16
  9.553652964e-17
  -5.504000000e-02 -9.984000000e-01 -9.747000000e-03
  2.257000000e-01 -2.195000000e-02 9.740000000e-01
  -9.726000000e-01 5.141000000e-02 2.265000000e-01
 Node:         25
  0.1400E+03  0.1206E+03  0.4917E+03  0.0000E+00
   0.0
   2.671E-16
  -1.11E-16
  -8.327E-17
  -1.301E-16
   2.22E-16
  3.681000000e-16
  7.580000000e-17
  -3.329000000e-16
  6.098671905e-16
  3.700000000e-17
  2.874941507e-16
  5.089000000e-01 4.781000000e-01 -7.159000000e-01
  6.086000000e-01 3.883000000e-01 6.920000000e-01
  6.088000000e-01 -7.878000000e-01 -9.334000000e-02
 Node:         26
  0.1363E+03  0.1200E+03  0.5055E+03  0.0000E+00
   2.22E-16
   1.076E-16
  -6.106E-16
   2.776E-17
  -1.124E-15
  -5.551E-17
  8.281000000e-16
  2.248000000e-16
  -1.497000000e-15
  2.089815320e-15
  -1.480333333e-16
  9.851483893e-16
  7.371000000e-02 6.174000000e-01 -7.832000000e-01
  9.955000000e-01 1.018000000e-03 9.449000000e-02
  -5.914000000e-02 7.866000000e-01 6.146000000e-01
 Node:         27
  0.1343E+03  0.1203E+03  0.5192E+03  0.0000E+00
   2.22E-16
  -1.943E-16
   2.22E-16
  -1.041E-16
   1.313E-15
   0.0
  1.466000000e-15
  1.875000000e-16
  -1.209000000e-15
  2.317369144e-15
  1.481666667e-16
  1.092418291e-15
  -1.693000000e-01 7.280000000e-01 6.643000000e-01
  9.848000000e-01 9.849000000e-02 1.431000000e-01
  3.876000000e-02 6.785000000e-01 -7.336000000e-01
 Node:         28
  0.1155E+03  0.1124E+03  0.4931E+03 -0.4855E-04
  -2.22E-16
   3.816E-17
   2.22E-16
  -5.551E-17
   5.551E-17
   1.11E-16
  2.455000000e-16
  1.014000000e-16
  -2.359000000e-16
  4.279497985e-16
  3.700000000e-17
  2.017374697e-16
  3.184000000e-02 9.284000000e-01 3.701000000e-01
  1.988000000e-01 3.571000000e-01 -9.127000000e-01
  9.795000000e-01 -1.026000000e-01 1.732000000e-01
 Node:         29
  0.1119E+03  0.1139E+03  0.5068E+03 -0.4855E-04
  -2.22E-16
  -2.082E-17
   0.0
   5.551E-17
   6.939E-18
  -3.331E-16
  1.944000000e-18
  -2.004000000e-16
  -3.566000000e-16
  3.113642034e-16
  -1.850186667e-16
  1.467784931e-16
  -9.118000000e-02 9.958000000e-01 5.517000000e-03
  -9.179000000e-01 -8.189000000e-02 -3.884000000e-01
  -3.863000000e-01 -4.048000000e-02 9.215000000e-01
 Node:         30
  0.1113E+03  0.1159E+03  0.5206E+03 -0.4855E-04
   2.22E-16
   1.249E-16
   2.22E-16
   0.0
  -2.776E-17
   1.11E-16
  3.486000000e-16
  1.238000000e-16
  8.277000000e-17
  2.478750591e-16
  1.850566667e-16
  1.168494234e-16
  -7.001000000e-01 -7.092000000e-01 8.287000000e-02
  -4.685000000e-01 3.686000000e-01 -8.029000000e-01
  -5.389000000e-01 6.009000000e-01 5.903000000e-01
 Node:         31
  0.1203E+03  0.1126E+03  0.4920E+03 -0.4855E-04
  -5.551E-17
   9.714E-17
  -1.11E-16
   2.776E-17
   4.163E-17
  -5.551E-17
  4.114000000e-17
  -7.661000000e-17
  -1.866000000e-16
  1.972667866e-16
  -7.402333333e-17
  9.299245501e-17
  -6.956000000e-01 -5.654000000e-01 -4.433000000e-01
  4.358000000e-01 1.585000000e-01 -8.860000000e-01
  5.712000000e-01 -8.095000000e-01 1.362000000e-01
 Node:         32
  0.1188E+03  0.1134E+03  0.5062E+03 -0.4855E-04
   2.22E-16
  -1.388E-17
  -1.11E-16
  -2.776E-17
   9.714E-17
  -5.551E-17
  2.266000000e-16
  1.331000000e-17
  -1.844000000e-16
  3.560216764e-16
  1.850333333e-17
  1.678302278e-16
  -9.894000000e-01 7.624000000e-02 1.236000000e-01
  1.445000000e-01 5.992000000e-01 7.875000000e-01
  1.402000000e-02 -7.970000000e-01 6.038000000e-01
 Node:         33
  0.1183E+03  0.1150E+03  0.5201E+03 -0.4855E-04
   1.11E-16
   5.551E-17
   0.0
   8.327E-17
   0.0
   0.0
  1.700000000e-16
  0.000000000e+00
  -5.893000000e-17
  2.058903711e-16
  3.702333333e-17
  9.705765171e-17
  -8.617000000e-01 -2.815000000e-01 -4.222000000e-01
  0.000000000e+00 -8.321000000e-01 5.547000000e-01
  -5.074000000e-01 4.780000000e-01 7.170000000e-01
 Node:         34
  0.1255E+03  0.1129E+03  0.4909E+03 -0.4855E-04
   0.0
   0.0
   0.0
   5.551E-17
   9.714E-17
   0.0
  1.119000000e-16
  3.387000000e-33
  -1.119000000e-16
  1.938164854e-16
  0.000000000e+00
  9.136596741e-17
  -3.508000000e-01 -6.139000000e-01 -7.071000000e-01
  8.682000000e-01 -4.961000000e-01 -4.855000000e-17
  -3.508000000e-01 -6.139000000e-01 7.071000000e-01
 Node:         35
  0.1260E+03  0.1135E+03  0.5054E+03 -0.4855E-04
   0.0
   1.11E-16
  -1.11E-16
   1.11E-16
   2.498E-16
  -1.11E-16
  2.410000000e-16
  -1.023000000e-16
  -3.608000000e-16
  5.228959648e-16
  -7.403333333e-17
  2.464955217e-16
  5.458000000e-01 5.925000000e-01 5.925000000e-01
  8.379000000e-01 -3.859000000e-01 -3.859000000e-01
  -4.975000000e-17 -7.071000000e-01 7.071000000e-01
 Node:         36
  0.1257E+03  0.1153E+03  0.5196E+03 -0.4855E-04
   0.0
  -5.551E-17
   0.0
  -5.551E-17
   8.327E-17
   0.0
  1.305000000e-16
  -4.723000000e-17
  -8.327000000e-17
  1.982226619e-16
  0.000000000e+00
  9.344305895e-17
  -5.155000000e-01 6.059000000e-01 6.059000000e-01
  8.569000000e-01 3.645000000e-01 3.645000000e-01
  -1.256000000e-16 7.071000000e-01 -7.071000000e-01
 Node:         37
  0.1132E+03  0.1210E+03  0.4959E+03 -0.4855E-04
  -2.22E-16
   1.388E-16
  -2.22E-16
  -8.327E-17
   1.804E-16
  -2.776E-16
  -4.482000000e-17
  -1.622000000e-16
  -5.146000000e-16
  4.234720019e-16
  -2.405400000e-16
  1.996266161e-16
  3.971000000e-01 7.887000000e-01 4.693000000e-01
  -7.874000000e-01 3.010000000e-02 6.157000000e-01
  4.715000000e-01 -6.140000000e-01 6.330000000e-01
 Node:         38
  0.1111E+03  0.1204E+03  0.5085E+03 -0.4855E-04
  -1.665E-16
   9.714E-17
   0.0
  -2.776E-17
  -8.327E-17
  -2.22E-16
  7.071000000e-17
  -2.091000000e-16
  -2.502000000e-16
  3.024616291e-16
  -1.295300000e-16
  1.425817793e-16
  -3.916000000e-01 -8.746000000e-01 2.859000000e-01
  9.154000000e-01 -3.389000000e-01 2.170000000e-01
  9.287000000e-02 -3.467000000e-01 -9.334000000e-01
 Node:         39
  0.1119E+03  0.1201E+03  0.5207E+03 -0.4855E-04
  -5.551E-17
  -9.714E-17
  -3.331E-16
  -8.327E-17
  -7.633E-17
  -1.11E-16
  8.934000000e-18
  -1.105000000e-16
  -3.981000000e-16
  3.623913061e-16
  -1.665553333e-16
  1.708329000e-16
  8.510000000e-01 -1.281000000e-01 -5.092000000e-01
  4.076000000e-01 -4.503000000e-01 7.944000000e-01
  -3.311000000e-01 -8.836000000e-01 -3.310000000e-01
 Node:         40
  0.1191E+03  0.1220E+03  0.4937E+03 -0.4855E-04
   0.0
   8.327E-17
  -2.22E-16
   8.327E-17
  -1.388E-17
  -2.22E-16
  4.872000000e-17
  -2.082000000e-16
  -2.846000000e-16
  3.024459198e-16
  -1.480266667e-16
  1.425743739e-16
  -9.240000000e-01 -2.703000000e-01 -2.703000000e-01
  0.000000000e+00 -7.071000000e-01 7.071000000e-01
  3.823000000e-01 -6.534000000e-01 -6.534000000e-01
 Node:         41
  0.1182E+03  0.1217E+03  0.5073E+03 -0.4855E-04
   0.0
  -2.776E-17
  -5.551E-17
   5.551E-17
   9.714E-17
   1.11E-16
  1.653000000e-16
  1.073000000e-17
  -1.206000000e-16
  2.478691830e-16
  1.847666667e-17
  1.168466534e-16
  2.406000000e-01 3.653000000e-01 8.993000000e-01
  -8.901000000e-01 4.526000000e-01 5.428000000e-02
  -3.871000000e-01 -8.135000000e-01 4.340000000e-01
 Node:         42
  0.1187E+03  0.1212E+03  0.5204E+03 -0.4855E-04
   0.0
  -5.551E-17
  -1.11E-16
   0.0
   5.551E-17
   1.11E-16
  1.256000000e-16
  1.887000000e-17
  -1.444000000e-16
  2.355296009e-16
  2.333333333e-20
  1.110297186e-16
  1.113000000e-01 -2.517000000e-01 -9.614000000e-01
  9.295000000e-01 -3.159000000e-01 1.903000000e-01
  -3.516000000e-01 -9.148000000e-01 1.988000000e-01
 Node:         43
  0.1258E+03  0.1217E+03  0.4915E+03 -0.4855E-04
   2.22E-16
   1.11E-16
   1.11E-16
  -1.388E-17
   0.0
  -5.551E-17
  2.911000000e-16
  4.294000000e-17
  -5.645000000e-17
  3.100425456e-16
  9.253000000e-17
  1.461554576e-16
  -8.507000000e-01 -5.246000000e-01 3.406000000e-02
  -5.213000000e-01 8.502000000e-01 7.348000000e-02
  6.751000000e-02 -4.475000000e-02 9.967000000e-01
 Node:         44
  0.1259E+03  0.1220E+03  0.5059E+03 -0.4855E-04
  -2.22E-16
   1.388E-16
  -2.22E-16
   9.714E-17
   1.11E-16
  -1.11E-16
  5.081000000e-17
  -2.445000000e-16
  -3.614000000e-16
  3.679610647e-16
  -1.850300000e-16
  1.734585094e-16
  -5.113000000e-01 -5.340000000e-01 -6.733000000e-01
  -5.198000000e-01 -4.318000000e-01 7.372000000e-01
  -6.844000000e-01 7.269000000e-01 -5.679000000e-02
 Node:         45
  0.1261E+03  0.1221E+03  0.5198E+03 -0.4855E-04
  -5.551E-17
  -8.327E-17
  -2.776E-16
   2.776E-17
  -6.939E-18
   1.11E-16
  1.167000000e-16
  -3.339000000e-17
  -3.053000000e-16
  3.705037491e-16
  -7.399666667e-17
  1.746571423e-16
  1.854000000e-01 -5.643000000e-02 9.810000000e-01
  9.302000000e-01 -3.117000000e-01 -1.938000000e-01
  -3.167000000e-01 -9.485000000e-01 5.308000000e-03
 Node:         46
  0.1117E+03  0.1296E+03  0.4959E+03  0.0000E+00
  -5.551E-17
   2.776E-17
  -1.665E-16
   6.939E-18
  -2.602E-17
   0.0
  4.101000000e-18
  -4.897000000e-17
  -1.772000000e-16
  1.614458370e-16
  -7.402300000e-17
  7.610629740e-17
  4.856000000e-02 -1.429000000e-01 9.886000000e-01
  9.724000000e-01 2.327000000e-01 -1.414000000e-02
  -2.280000000e-01 9.620000000e-01 1.502000000e-01
 Node:         47
  0.1107E+03  0.1269E+03  0.5087E+03  0.0000E+00
  -1.665E-16
  -3.123E-17
   1.11E-16
  -2.776E-17
   3.99E-17
   0.0
  1.289000000e-16
  -1.114000000e-17
  -1.732000000e-16
  2.618578385e-16
  -1.848000000e-17
  1.234409689e-16
  -1.292000000e-01 9.390000000e-01 3.186000000e-01
  -1.008000000e-01 -3.321000000e-01 9.379000000e-01
  -9.865000000e-01 -8.906000000e-02 -1.376000000e-01
 Node:         48
  0.1125E+03  0.1242E+03  0.5208E+03  0.0000E+00
   1.11E-16
   3.469E-18
   1.11E-16
   0.0
  -1.735E-18
   1.11E-16
  1.149000000e-16
  1.110000000e-16
  1.071000000e-16
  6.754998150e-18
  1.110000000e-16
  3.184336666e-18
  -6.325000000e-01 -7.071000000e-01 3.162000000e-01
  4.472000000e-01 -4.455000000e-15 8.944000000e-01
  -6.325000000e-01 7.071000000e-01 3.162000000e-01
 Node:         49
  0.1186E+03  0.1311E+03  0.4938E+03  0.0000E+00
  -1.665E-16
  -2.082E-17
   0.0
  -4.163E-17
  -6.072E-18
  -5.551E-17
  2.581000000e-18
  -4.165000000e-17
  -1.830000000e-16
  1.678935845e-16
  -7.402300000e-17
  7.914579474e-17
  1.174000000e-01 -9.929000000e-01 1.965000000e-02
  -3.135000000e-01 -1.827000000e-02 9.494000000e-01
  -9.423000000e-01 -1.176000000e-01 -3.134000000e-01
 Node:         50
  0.1180E+03  0.1298E+03  0.5075E+03  0.0000E+00
   0.0
  -1.301E-17
   3.331E-16
  -4.163E-17
   1.247E-17
   2.22E-16
  3.354000000e-16
  2.276000000e-16
  -7.879000000e-18
  3.040655121e-16
  1.850403333e-16
  1.433378570e-16
  5.441000000e-02 -9.902000000e-01 -1.289000000e-01
  -1.707000000e-01 -1.364000000e-01 9.758000000e-01
  9.838000000e-01 3.109000000e-02 1.765000000e-01
 Node:         51
  0.1192E+03  0.1275E+03  0.5206E+03  0.0000E+00
   0.0
  -3.469E-18
  -5.551E-17
   0.0
   1.475E-17
   1.11E-16
  1.123000000e-16
  2.087000000e-19
  -5.702000000e-17
  1.491791642e-16
  1.849623333e-17
  7.032373239e-17
  -2.705000000e-03 8.758000000e-02 9.962000000e-01
  9.982000000e-01 -6.004000000e-02 7.989000000e-03
  -6.051000000e-02 -9.943000000e-01 8.725000000e-02
 Node:         52
  0.1262E+03  0.1305E+03  0.4920E+03  0.0000E+00
   1.11E-16
  -1.388E-17
   1.11E-16
   1.301E-18
   4.906E-18
   0.0
  1.250000000e-16
  9.734000000e-17
  -2.497000000e-19
  1.139655924e-16
  7.403010000e-17
  5.372389547e-17
  -7.047000000e-01 7.092000000e-01 2.051000000e-02
  7.093000000e-01 7.034000000e-01 4.493000000e-02
  -1.744000000e-02 -4.621000000e-02 9.988000000e-01
 Node:         53
  0.1258E+03  0.1304E+03  0.5063E+03  0.0000E+00
  -1.665E-16
  -1.735E-18
  -1.11E-16
   2.776E-17
   3.383E-17
  -2.22E-16
  -1.010000000e-16
  -1.572000000e-16
  -2.414000000e-16
  1.223933005e-16
  -1.665333333e-16
  5.769675516e-17
  9.684000000e-02 9.526000000e-01 2.883000000e-01
  -9.346000000e-01 1.866000000e-01 -3.027000000e-01
  -3.422000000e-01 -2.402000000e-01 9.084000000e-01
 Node:         54
  0.1265E+03  0.1288E+03  0.5200E+03  0.0000E+00
  -2.22E-16
   2.082E-17
   1.11E-16
   0.0
  -4.337E-18
   1.11E-16
  1.160000000e-16
  1.073000000e-16
  -2.233000000e-16
  3.350347295e-16
  0.000000000e+00
  1.579368861e-16
  -4.656000000e-02 -7.562000000e-01 6.527000000e-01
  -4.117000000e-02 -6.514000000e-01 -7.576000000e-01
  -9.981000000e-01 6.215000000e-02 8.061000000e-04
 Node:         55
  0.1382E+03  0.1168E+03  0.4537E+03  0.2733E-02
  -0.05248
  -0.01198
   0.05111
   0.001491
   0.02063
   0.0222
  6.963337054e-02
  1.842378517e-02
  -5.932564454e-02
  1.142828289e-01
  9.577170387e-03
  5.387344220e-02
  -4.008778783e-02 1.933236300e-01 1.318667672e-01
  1.420824233e-01 1.022908195e-01 8.506133736e-03
  -5.886525570e-01 -7.298902966e-02 5.772557064e-02
 Node:         56
  0.1314E+03  0.1156E+03  0.4689E+03  0.2733E-02
  -0.05231
  -5.301E-4
   0.02772
   0.0127
   0.002777
  -0.001859
  3.098202112e-02
  3.246176521e-03
  -6.138836400e-02
  8.325523616e-02
  -9.053388788e-03
  3.924689471e-02
  -4.433880342e-03 -2.780100553e-01 2.270796883e-02
  2.002382102e-01 6.405359879e-02 3.805137154e-01
  -7.230019910e-01 8.777430870e-03 2.161683258e-01
 Node:         57
  0.1285E+03  0.1140E+03  0.4824E+03  0.2733E-02
  -0.0118
   0.005192
  -4.622E-4
   0.004301
  -0.002914
  -0.002001
  2.601084414e-03
  -6.423195812e-04
  -1.799210709e-02
  1.932089596e-02
  -5.344447419e-03
  9.107957702e-03
  -2.078362996e-01 -6.959822021e-01 3.984780644e-01
  4.323291604e-01 3.232717044e-01 6.814300523e-01
  -6.688328306e-01 3.195862293e-01 3.834738562e-01
 Node:         58
  0.1484E+03  0.1177E+03  0.4537E+03  0.2733E-02
  -0.05718
  -0.02939
   0.08854
  -0.004915
   0.01633
  -0.009864
  1.082358904e-01
  -3.117296481e-03
  -7.382713675e-02
  1.609690765e-01
  1.043048572e-02
  7.588155039e-02
  2.565213675e-02 -3.885571644e-01 -6.998940171e-02
  2.061080995e-01 -7.208059326e-02 7.659836450e-01
  -4.602335596e-01 -8.490701860e-02 7.558656611e-02
 Node:         59
  0.1419E+03  0.1166E+03  0.4696E+03  0.2733E-02
  -0.04816
  -0.0256
   0.0639
   0.001478
   0.01007
  -0.01437
  7.844678482e-02
  -1.263906887e-02
  -6.407157667e-02
  1.260185391e-01
  5.787130927e-04
  5.940570904e-02
  -1.511317245e-02 1.737110106e-01 -7.409462041e-03
  2.146231775e-01 4.280867421e-02 7.634856038e-01
  -1.164155354e-01 -3.155411765e-02 2.421859718e-01
 Node:         60
  0.1375E+03  0.1150E+03  0.4832E+03  0.2733E-02
  -0.007941
  -0.004984
   0.01028
   0.002412
   3.123E-4
  -0.002481
  1.392878683e-02
  -1.694959459e-03
  -1.372848612e-02
  2.451147512e-02
  -4.982195851e-04
  1.155482018e-02
  -2.169020111e-01 7.607082453e-01 -5.338358773e-02
  -1.390883358e-01 -1.389398542e-01 -2.346607139e-02
  -1.821302665e-01 1.034612765e-01 2.101347612e-01
 Node:         61
  0.1555E+03  0.1221E+03  0.4535E+03  0.2733E-02
  -0.02145
  -0.02783
   0.047
  -0.01971
   0.02468
  -0.071
  7.919011212e-02
  -3.476407345e-02
  -8.697320764e-02
  1.480691232e-01
  -1.418238966e-02
  6.980045407e-02
  -1.076837104e-01 4.635202614e-01 1.314563097e-01
  7.003779286e-01 3.894540473e-01 -1.724490598e-01
  2.160026244e-01 -7.764166566e-02 7.993222222e-01
 Node:         62
  0.1493E+03  0.1203E+03  0.4699E+03  0.2733E-02
   0.006925
  -0.04388
   0.053
  -0.01097
   0.01728
  -0.05546
  9.301045752e-02
  -2.353665148e-02
  -6.565235847e-02
  1.425556401e-01
  1.273815854e-03
  6.720137320e-02
  -3.352107592e-01 5.084434892e-01 1.039487934e-01
  8.148985923e-01 4.380782805e-01 6.532412366e-02
  4.016868778e-02 8.155116541e-02 -2.705805933e-02
 Node:         63
  0.1437E+03  0.1181E+03  0.4838E+03  0.2733E-02
   0.009083
  -0.01405
   0.01545
  -1.534E-4
   0.001307
  -0.008525
  2.899264806e-02
  -2.020347823e-03
  -1.106806476e-02
  3.675819670e-02
  5.301411828e-03
  1.732798010e-02
  -2.644264454e-01 3.288061337e-01 5.860632780e-02
  6.088729010e-01 5.135479839e-01 -9.543086978e-04
  -9.452317245e-02 -1.821990347e-01 3.942941679e-01
 Node:         64
  0.1414E+03  0.1253E+03  0.4526E+03  0.2733E-02
  -0.04489
   0.006316
   0.05349
  -0.01142
   0.008566
  -0.01445
  6.041565259e-02
  -1.034111941e-02
  -5.421822373e-02
  1.006803918e-01
  -1.381230183e-03
  4.746119185e-02
  6.786571141e-02 6.125063851e-01 8.158143690e-02
  1.556032680e-01 3.841356963e-02 -4.319773756e-01
  -2.147031674e-01 7.677027049e-02 -8.303347411e-02
 Node:         65
  0.1341E+03  0.1229E+03  0.4684E+03  0.2733E-02
  -0.02959
  -0.003389
   0.04442
  -0.004856
   0.004002
  -0.009996
  5.000000151e-02
  -8.361964806e-03
  -3.620549372e-02
  7.656691323e-02
  1.810847662e-03
  3.609398904e-02
  1.550050277e-02 -3.564115133e-01 -2.767896430e-02
  -1.194451584e-01 -4.886530417e-02 5.348754148e-01
  -2.121165913e-01 5.181121669e-02 7.768807441e-02
 Node:         66
  0.1299E+03  0.1214E+03  0.4825E+03  0.2733E-02
  -0.001519
  -0.002158
   0.007901
   0.001207
  -8.505E-4
  -0.001677
  9.805996983e-03
  -6.437706737e-04
  -4.548174560e-03
  1.306563995e-02
  1.538017250e-03
  6.159201740e-03
  -2.456104123e-01 2.819991453e-01 5.771822524e-02
  4.149303670e-01 2.296143288e-01 1.627728507e-01
  3.745655103e-01 -3.946956762e-02 2.738768225e-02
 Node:         67
  0.1501E+03  0.1244E+03  0.4528E+03  0.2733E-02
  -0.04394
  -0.01759
   0.04834
  -0.009994
   0.006502
  -0.008793
  5.917134540e-02
  -6.830266466e-05
  -5.598848919e-02
  1.022050613e-01
  1.038184515e-03
  4.817992793e-02
  3.224876823e-02 -1.777870789e-01 -6.228118150e-02
  6.125236802e-02 -1.397827552e-01 6.780103871e-01
  -5.874786274e-01 -9.196886828e-02 -7.363051785e-02
 Node:         68
  0.1433E+03  0.1224E+03  0.4690E+03  0.2733E-02
  -0.02099
  -0.03264
   0.04906
  -0.01073
   0.009527
  -0.006114
  7.082339367e-02
  -9.987364304e-04
  -4.373253092e-02
  1.013553358e-01
  8.697375438e-03
  4.777936348e-02
  5.920150830e-02 -2.049174962e-01 -3.488436400e-02
  -6.244343891e-02 -1.646084465e-01 7.555864253e-01
  -9.336349925e-03 1.286915224e-02 1.828514027e-01
 Node:         69
  0.1380E+03  0.1205E+03  0.4831E+03  0.2733E-02
   0.002402
  -0.0104
   0.01336
  -0.001969
   0.002729
  -4.515E-4
  2.221197335e-02
  -4.531077275e-04
  -5.663747662e-03
  2.582239456e-02
  5.365039321e-03
  1.217279353e-02
  -4.992265460e-01 8.318146807e-01 1.377386249e-01
  2.039512016e-01 1.239128708e-01 6.061325390e-01
  6.772605832e-01 3.009561237e-01 6.382490699e-02
 Node:         70
  0.1557E+03  0.1241E+03  0.4532E+03  0.2733E-02
  -0.03375
  -0.02178
   0.004062
  -0.02416
   0.01662
   0.02145
  6.199641730e-02
  -6.211103548e-03
  -5.673109351e-02
  1.033198606e-01
  -3.152599222e-04
  4.870544939e-02
  -1.145328306e-01 1.996718451e-01 3.948382604e-02
  1.146409301e-01 -6.792346405e-01 4.240641679e-01
  -2.208592358e-01 -5.494911513e-02 -6.626661639e-02
 Node:         71
  0.1495E+03  0.1222E+03  0.4698E+03  0.2733E-02
  -0.001629
  -0.04289
   0.03028
  -0.03174
   0.02353
   0.008478
  8.944852438e-02
  -7.660420814e-04
  -4.593394419e-02
  1.199781491e-01
  1.424951270e-02
  5.655824187e-02
  -4.260952237e-01 5.352128708e-01 3.755409251e-01
  1.531339618e-01 -1.757255405e-01 5.170027753e-01
  6.633749623e-01 2.778496280e-01 3.005825540e-01
 Node:         72
  0.1435E+03  0.1199E+03  0.4838E+03  0.2733E-02
   0.009048
  -0.01583
   0.01181
  -0.007375
   0.005747
   0.001702
  3.207720513e-02
  -5.210666667e-04
  -7.652019105e-03
  3.681954030e-02
  7.968039785e-03
  1.735689775e-02
  -6.366579688e-01 6.934254902e-01 2.924132730e-01
  7.819121641e-02 -1.403780794e-01 6.833108653e-01
  5.898282051e-01 4.210601518e-01 9.823381599e-02
 Node:         73
  0.1446E+03  0.1339E+03  0.4520E+03  0.0000E+00
   0.02092
  -0.008388
  -0.04096
   0.002635
  -0.003222
   0.03231
  3.853189090e-02
  2.042699086e-02
  -4.520582805e-02
  7.669938688e-02
  4.584351235e-03
  3.615643772e-02
  1.389663650e-01 -3.618451232e-02 4.235115435e-01
  5.668101709e-01 -6.314733786e-02 1.274642031e-01
  -5.099994872e-02 -4.327779789e-01 -5.124787330e-03
 Node:         74
  0.1368E+03  0.1304E+03  0.4682E+03  0.0000E+00
   0.04635
  -0.005595
  -0.01986
   0.002526
  -0.005677
   0.0228
  5.233489191e-02
  2.480128306e-02
  -2.443248165e-02
  6.775669786e-02
  1.756789777e-02
  3.194081369e-02
  -3.491340875e-01 -8.107139769e-02 -1.338210156e-02
  -1.565796481e-01 -6.677904977e-02 7.671706888e-01
  -6.955605028e-02 2.594413776e-01 -2.743003017e-02
 Node:         75
  0.1313E+03  0.1289E+03  0.4826E+03  0.0000E+00
   0.01715
  -0.00228
  -0.002463
  -0.002157
  -0.001239
   0.001568
  1.969128708e-02
  2.009291252e-03
  -4.519179135e-03
  2.187229692e-02
  5.727133065e-03
  1.031069965e-02
  -9.637193565e-01 1.174860533e-01 1.194936973e-01
  4.983427451e-02 -2.696116229e-01 9.449783308e-01
  1.453015887e-01 7.156504776e-01 1.989052790e-01
 Node:         76
  0.1517E+03  0.1311E+03  0.4523E+03  0.0000E+00
   0.02061
  -0.01248
  -0.05512
  -0.002876
   0.01238
   0.04731
  5.454981247e-02
  2.229596960e-02
  -6.281151885e-02
  1.051156427e-01
  4.678087739e-03
  4.955198917e-02
  -8.044339367e-02 7.850502765e-03 2.823423831e-02
  6.366319759e-01 -9.587067371e-02 1.224525892e-01
  4.105873303e-02 1.530248869e-01 -1.920401207e-02
 Node:         77
  0.1447E+03  0.1282E+03  0.4687E+03  0.0000E+00
   0.0653
   0.001177
  -0.02741
  -0.001687
   0.009444
   0.02219
  7.177373806e-02
  2.448260432e-02
  -3.233065561e-02
  9.070426042e-02
  2.130856226e-02
  4.275839842e-02
  -9.889220211e-01 1.656108597e-06 6.309719105e-02
  6.150070387e-02 1.726077325e-01 9.765231272e-01
  -2.999943891e-02 3.892630468e-01 -7.525123177e-02
 Node:         78
  0.1384E+03  0.1261E+03  0.4829E+03  0.0000E+00
   0.02735
   0.002921
  -0.001866
  -0.00168
  -1.348E-5
   9.658E-4
  3.035004676e-02
  8.799552539e-04
  -2.728017547e-03
  3.143284272e-02
  9.500661488e-03
  1.481758416e-02
  -9.857807441e-01 -8.356491001e-02 6.787202715e-02
  6.448089995e-03 1.217134238e-02 5.518258924e-01
  -1.126953072e-01 4.942747109e-01 -1.242889492e-01
 Node:         79
  0.1559E+03  0.1262E+03  0.4530E+03  0.0000E+00
   0.01966
   0.0243
   0.01834
   0.004025
   6.483E-4
  -0.1311
  6.254619055e-02
  -1.003227753e-02
  -1.696573555e-01
  2.069884915e-01
  -3.904781414e-02
  9.757531066e-02
  6.888101056e-01 6.284472348e-01 -1.499596581e-02
  2.085862946e-01 1.152587079e-02 9.613489191e-03
  -2.900876219e-02 1.443655103e-02 8.538104982e-01
 Node:         80
  0.1497E+03  0.1241E+03  0.4696E+03  0.0000E+00
   0.07289
   0.02321
   0.006414
   0.005435
  -9.293E-4
  -0.1066
  9.019300151e-02
  8.189722474e-04
  -1.386194837e-01
  2.035146916e-01
  -1.586916997e-02
  9.593774568e-02
  4.172796380e-01 2.742925742e-01 -2.330487682e-03
  -3.445185520e-01 8.692210960e-01 5.967697486e-02
  -2.663413374e-02 -6.829032931e-02 9.450842735e-01
 Node:         81
  0.1433E+03  0.1217E+03  0.4837E+03  0.0000E+00
   0.03061
   0.006103
   1.892E-4
   0.001389
   3.026E-4
  -0.01324
  3.449989744e-02
  -6.465379940e-04
  -1.838775314e-02
  4.725967514e-02
  5.155202100e-03
  2.227842451e-02
  -9.764923077e-01 -1.864222725e-01 -3.235416993e-02
  -1.995561589e-01 9.128115636e-01 1.152705851e-01
  5.277325289e-03 -1.188476048e-01 9.300274510e-01
 Node:         82
  0.1267E+03  0.1149E+03  0.4568E+03 -0.1498E-01
  -0.01554
  -0.007498
   0.01447
   0.00297
   0.0128
   0.002126
  2.859466466e-02
  -3.052093766e-03
  -2.427659628e-02
  4.626443659e-02
  4.219915368e-04
  2.180926456e-02
  -2.110588074e-01 8.004502262e-01 4.571948718e-01
  -1.448179990e-01 2.701705480e-01 -3.806858723e-01
  1.253227753e-01 -4.708134741e-02 6.083403720e-02
 Node:         83
  0.1234E+03  0.1130E+03  0.4722E+03 -0.1498E-01
  -0.02299
  -6.162E-4
   0.005971
   0.02019
   0.005643
  -0.01511
  1.096586596e-02
  -1.184643188e-03
  -4.432000101e-02
  5.040958909e-02
  -1.151292608e-02
  2.376330819e-02
  1.027250277e-01 7.024619407e-01 3.049758824e-01
  -4.359538964e-01 3.021772851e-01 -4.935774761e-01
  -6.487673705e-01 -5.568010055e-02 5.644574158e-01
 Node:         84
  0.1187E+03  0.1123E+03  0.4849E+03 -0.1498E-01
  -0.00329
   4.926E-4
   3.803E-4
   0.007827
  -3.308E-4
  -0.01408
  1.156224424e-03
  1.880982584e-04
  -1.989219749e-02
  2.055541068e-02
  -6.182624934e-03
  9.689913522e-03
  -6.271275013e-01 -2.823669180e-01 -2.595086476e-01
  3.456839115e-01 -6.179913524e-01 2.218265963e-01
  4.244593766e-01 -2.178706385e-02 -7.899543992e-01
 Node:         85
  0.1302E+03  0.1161E+03  0.4556E+03 -0.1498E-01
  -0.01832
  -0.006856
   0.01863
   0.004844
   0.01871
   0.006812
  3.851579487e-02
  -3.139045701e-03
  -2.688688688e-02
  5.744240216e-02
  2.829954098e-03
  2.707860807e-02
  -1.633988638e-01 6.433215686e-01 4.126061639e-01
  -1.083634490e-01 3.686521468e-01 -3.457159377e-01
  1.429492710e-01 3.273544495e-02 1.566777275e-02
 Node:         86
  0.1252E+03  0.1138E+03  0.4706E+03 -0.1498E-01
  -0.01966
   0.01085
   0.04148
   0.03692
   0.01932
  -0.009061
  6.450867572e-02
  8.337384072e-03
  -5.627672046e-02
  1.050490748e-01
  5.523113109e-03
  4.952060874e-02
  -2.768950377e-01 -7.029302665e-01 -4.118923077e-01
  3.958655103e-01 -5.512651081e-01 5.510195073e-01
  7.172456008e-01 4.139585118e-02 -5.745876823e-01
 Node:         87
  0.1217E+03  0.1126E+03  0.4834E+03 -0.1498E-01
  -0.006111
   2.388E-4
   0.001262
   0.009825
  -0.00162
  -0.01261
  2.124930015e-03
  5.180068502e-04
  -2.181742303e-02
  2.316695992e-02
  -6.391495387e-03
  1.092100964e-02
  -4.580605329e-01 7.029984213e-01 -3.352020633e-01
  6.044310206e-01 5.177287582e-01 4.229716943e-01
  5.863124183e-01 -2.856536953e-02 -7.019324786e-01
 Node:         88
  0.1338E+03  0.1169E+03  0.4539E+03 -0.1498E-01
  -0.03754
  -0.011
   0.01639
   0.00402
   0.02563
   0.0262
  5.340012267e-02
  -1.372232076e-03
  -4.420011815e-02
  8.475150607e-02
  2.609257483e-03
  3.995224311e-02
  -9.231105178e-02 6.488382604e-01 7.308969834e-01
  -1.543171946e-01 5.324774133e-01 -3.946446958e-01
  4.365586224e-01 6.855248869e-02 -7.848818502e-02
 Node:         89
  0.1270E+03  0.1150E+03  0.4689E+03 -0.1498E-01
  -0.04205
   0.002503
   0.00914
   0.0165
   0.006982
  -0.003544
  1.624945249e-02
  -2.520039920e-03
  -5.287658421e-02
  6.210386368e-02
  -1.304905721e-02
  2.927604210e-02
  7.491760181e-02 7.388843137e-01 4.458852187e-01
  -2.018592257e-01 3.912139769e-01 -5.347891905e-01
  -8.038834590e-01 2.663838110e-02 3.378093213e-01
 Node:         90
  0.1248E+03  0.1132E+03  0.4822E+03 -0.1498E-01
  -0.01039
   0.005655
  -0.002539
   0.005163
  -0.002853
  -0.00307
  5.969816993e-04
  -4.426715535e-04
  -1.792478552e-02
  1.805288688e-02
  -5.923491792e-03
  8.510212486e-03
  2.440036350e-01 5.471974862e-01 3.498059829e-02
  1.936614530e-01 -8.052080945e-02 5.069379085e-01
  -6.944267471e-01 4.240763700e-01 4.191680744e-01
 Node:         91
  0.1260E+03  0.1263E+03  0.4550E+03 -0.1498E-01
  -0.0317
   0.01033
   0.04482
  -0.00476
   0.01957
  -0.001253
  5.935354248e-02
  -5.758173957e-03
  -3.789193464e-02
  8.582472276e-02
  5.234477962e-03
  4.045816231e-02
  -3.588887883e-02 7.200020111e-02 1.152783811e-02
  -1.754060835e-01 -1.554681750e-01 5.274495726e-01
  -6.821845148e-02 6.398858723e-02 -2.256540975e-02
 Node:         92
  0.1210E+03  0.1234E+03  0.4726E+03 -0.1498E-01
  -0.02649
  -4.737E-4
   0.02206
   0.001294
   0.01388
   0.01005
  3.572677828e-02
  1.538469382e-03
  -3.024034339e-02
  5.720094619e-02
  2.341634758e-03
  2.696478463e-02
  -9.212685772e-02 -5.437954751e-01 -3.608093012e-01
  3.009710407e-02 -4.897100050e-01 7.192404223e-01
  -7.402104575e-01 4.788758009e-02 9.123684263e-02
 Node:         93
  0.1159E+03  0.1217E+03  0.4877E+03 -0.1498E-01
  -0.00298
  -0.001386
   0.001518
   0.002428
   0.003182
  -0.001052
  4.892393162e-03
  -2.497052891e-04
  -7.637923932e-03
  1.105320870e-02
  -9.984120194e-04
  5.210532551e-03
  -9.158607240e-02 3.757922976e-01 4.102511312e-01
  -7.933476621e-02 1.585922574e-02 -2.867888386e-02
  -2.205403720e-01 -1.261495224e-01 3.058173957e-01
 Node:         94
  0.1314E+03  0.1265E+03  0.4540E+03 -0.1498E-01
  -0.03852
   0.009717
   0.05002
  -0.01209
   0.01779
   0.01046
  6.409618552e-02
  9.952177376e-03
  -4.630562695e-02
  9.571922099e-02
  9.247578649e-03
  4.512247350e-02
  7.733376823e-02 5.833176471e-01 2.586520186e-01
  1.986662645e-01 1.925751785e-01 -4.101171946e-01
  5.808005530e-01 -1.768879256e-01 1.793075415e-01
 Node:         95
  0.1250E+03  0.1236E+03  0.4707E+03 -0.1498E-01
  -0.03541
  -0.00212
   0.02806
  -0.001638
   0.009657
   0.01865
  3.957543238e-02
  1.423436160e-02
  -4.022677778e-02
  7.103891192e-02
  4.527672068e-03
  3.348806423e-02
