 Group name: predicted_strain_L5A5
 #Fields=  16
 1) coordinates, coordinate, rectangular cartesian, #Components=3
   x.  Value index= 1, #Derivatives=0
   y.  Value index= 2, #Derivatives=0
   z.  Value index= 3, #Derivatives=0
 2) Tensor_1, field, rectangular cartesian, #Components=1
   Tensor_1.  Value index= 4, #Derivatives=0
 3) Tensor_2, field, rectangular cartesian, #Components=1
   Tensor_2.  Value index= 5, #Derivatives=0
 4) Tensor_3, field, rectangular cartesian, #Components=1
   Tensor_3.  Value index= 6, #Derivatives=0
 5) Tensor_4, field, rectangular cartesian, #Components=1
   Tensor_4.  Value index= 7, #Derivatives=0
 6) Tensor_5, field, rectangular cartesian, #Components=1
   Tensor_5.  Value index= 8, #Derivatives=0
 7) Tensor_6, field, rectangular cartesian, #Components=1
   Tensor_6.  Value index= 9, #Derivatives=0
 8) Principal_1, field, rectangular cartesian, #Components=1
   Principal_1.  Value index= 10, #Derivatives=0
 9) Principal_2, field, rectangular cartesian, #Components=1
   Principal_2.  Value index= 11, #Derivatives=0
 10) Principal_3, field, rectangular cartesian, #Components=1
   Principal_3.  Value index= 12, #Derivatives=0
 11) VonMises, field, rectangular cartesian, #Components=1
   VonMises.  Value index= 13, #Derivatives=0
 12) Hydrostatic, field, rectangular cartesian, #Components=1
   VonMises.  Value index= 14, #Derivatives=0
 13) Octahedral, field, rectangular cartesian, #Components=1
   VonMises.  Value index= 15, #Derivatives=0
 14) PrincipalVector1, field, rectangular cartesian, #Components=3
   x.  Value index= 16, #Derivatives=0
   y.  Value index= 17, #Derivatives=0
   z.  Value index= 18, #Derivatives=0
 15) PrincipalVector2, field, rectangular cartesian, #Components=3
   x.  Value index= 19, #Derivatives=0
   y.  Value index= 20, #Derivatives=0
   z.  Value index= 21, #Derivatives=0
 16) PrincipalVector3, field, rectangular cartesian, #Components=3
   x.  Value index= 22, #Derivatives=0
   y.  Value index= 23, #Derivatives=0
   z.  Value index= 24, #Derivatives=0
 Node:          1
  0.1287E+03  0.1133E+03  0.4908E+03 -0.8000E-05
  -1.11E-16
  -8.327E-17
  -2.22E-16
  -2.776E-17
  -4.163E-17
  -3.331E-16
  -6.637000000e-17
  -2.400000000e-16
  -3.598000000e-16
  2.555392160e-16
  -2.220566667e-16
  1.204623416e-16
  8.837000000e-01 -4.676000000e-01 -1.897000000e-02
  4.046000000e-01 7.837000000e-01 -4.712000000e-01
  2.352000000e-01 4.088000000e-01 8.818000000e-01
 Node:          2
  0.1292E+03  0.1137E+03  0.5052E+03 -0.8000E-05
  -5.551E-17
  -1.11E-16
  -1.665E-16
  -5.551E-17
   1.943E-16
  -2.776E-16
  8.603000000e-17
  -1.600000000e-16
  -4.256000000e-16
  4.431926093e-16
  -1.665233333e-16
  2.089229996e-16
  -6.554000000e-01 6.199000000e-01 4.313000000e-01
  7.522000000e-01 4.849000000e-01 4.462000000e-01
  -6.744000000e-02 -6.169000000e-01 7.841000000e-01
 Node:          3
  0.1289E+03  0.1155E+03  0.5194E+03 -0.8000E-05
   2.22E-16
   1.388E-16
   3.331E-16
   1.11E-16
   5.551E-17
   2.22E-16
  4.753000000e-16
  2.118000000e-16
  9.006000000e-17
  3.410738448e-16
  2.590533333e-16
  1.607837524e-16
  -5.696000000e-01 -7.144000000e-01 -4.063000000e-01
  2.395000000e-01 -6.172000000e-01 7.494000000e-01
  -7.862000000e-01 3.296000000e-01 5.227000000e-01
 Node:          4
  0.1361E+03  0.1141E+03  0.4915E+03 -0.8000E-05
   0.0
  -2.776E-17
  -1.11E-16
  -2.776E-17
  -8.327E-17
   2.22E-16
  2.435000000e-16
  6.328000000e-18
  -1.388000000e-16
  3.342648530e-16
  3.700933333e-17
  1.575739629e-16
  -8.549000000e-02 -2.215000000e-01 9.714000000e-01
  9.681000000e-01 -2.491000000e-01 2.840000000e-02
  2.357000000e-01 9.428000000e-01 2.357000000e-01
 Node:          5
  0.1341E+03  0.1144E+03  0.5054E+03 -0.8000E-05
   3.331E-16
   1.388E-16
   3.331E-16
   5.551E-17
  -6.939E-17
   4.441E-16
  4.814000000e-16
  4.627000000e-16
  1.662000000e-16
  3.062784517e-16
  3.701000000e-16
  1.443810468e-16
  -3.480000000e-01 -6.443000000e-01 6.810000000e-01
  -6.589000000e-01 -3.487000000e-01 -6.665000000e-01
  6.669000000e-01 -6.807000000e-01 -3.032000000e-01
 Node:          6
  0.1323E+03  0.1162E+03  0.5191E+03 -0.8000E-05
   2.22E-16
   5.551E-17
   2.22E-16
  -5.551E-17
  -2.776E-17
   0.0
  2.897000000e-16
  1.685000000e-16
  -1.402000000e-17
  2.648101478e-16
  1.480600000e-16
  1.248327008e-16
  -7.150000000e-01 -6.696000000e-01 2.012000000e-01
  6.656000000e-01 -7.399000000e-01 -9.741000000e-02
  -2.141000000e-01 -6.426000000e-02 -9.747000000e-01
 Node:          7
  0.1408E+03  0.1171E+03  0.4920E+03 -0.8000E-05
   3.331E-16
   2.22E-16
   2.22E-16
  -8.327E-17
  -1.11E-16
   0.0
  5.398000000e-16
  6.158000000e-17
  -4.631000000e-17
  5.403052621e-16
  1.850233333e-16
  2.547023432e-16
  -7.537000000e-01 -6.111000000e-01 2.419000000e-01
  -6.560000000e-01 6.770000000e-01 -3.335000000e-01
  -4.004000000e-02 4.101000000e-01 9.112000000e-01
 Node:          8
  0.1367E+03  0.1169E+03  0.5055E+03 -0.8000E-05
   2.22E-16
   1.943E-16
   2.22E-16
  -4.025E-16
  -2.359E-16
  -2.22E-16
  6.547000000e-16
  4.477000000e-17
  -4.775000000e-16
  9.814930967e-16
  7.399000000e-17
  4.626802829e-16
  -6.847000000e-01 -5.611000000e-01 4.652000000e-01
  5.685000000e-01 -8.105000000e-01 -1.409000000e-01
  -4.561000000e-01 -1.681000000e-01 -8.739000000e-01
 Node:          9
  0.1339E+03  0.1180E+03  0.5191E+03 -0.8000E-05
   2.22E-16
   1.665E-16
   0.0
  -3.955E-16
  -2.776E-16
   6.661E-16
  1.002000000e-15
  -9.379000000e-18
  -1.046000000e-16
  1.062195387e-15
  2.960070000e-16
  5.007237074e-16
  -4.817000000e-01 -3.073000000e-01 8.207000000e-01
  -8.565000000e-01 -3.292000000e-02 -5.150000000e-01
  -1.853000000e-01 9.510000000e-01 2.474000000e-01
 Node:         10
  0.1294E+03  0.1212E+03  0.4911E+03 -0.8000E-05
   0.0
   2.776E-17
   1.11E-16
  -1.388E-17
   1.249E-16
   1.11E-16
  2.363000000e-16
  2.303000000e-17
  -3.732000000e-17
  2.489920880e-16
  7.400333333e-17
  1.173759959e-16
  4.210000000e-02 7.100000000e-01 7.030000000e-01
  -7.813000000e-01 -4.152000000e-01 4.661000000e-01
  -6.228000000e-01 5.688000000e-01 -5.372000000e-01
 Node:         11
  0.1295E+03  0.1214E+03  0.5055E+03 -0.8000E-05
  -2.22E-16
  -2.776E-17
  -2.22E-16
  -4.163E-17
   1.388E-17
  -1.665E-16
  -1.365000000e-16
  -2.183000000e-16
  -2.558000000e-16
  1.056645163e-16
  -2.035333333e-16
  4.981073066e-17
  -4.935000000e-01 2.929000000e-01 8.189000000e-01
  3.541000000e-01 -7.924000000e-01 4.968000000e-01
  -7.944000000e-01 -5.351000000e-01 -2.873000000e-01
 Node:         12
  0.1295E+03  0.1217E+03  0.5196E+03 -0.8000E-05
   1.11E-16
   0.0
   1.11E-16
   7.633E-17
   2.776E-17
   2.22E-16
  2.649000000e-16
  1.110000000e-16
  6.816000000e-17
  1.792025435e-16
  1.480200000e-16
  8.447688915e-17
  -4.387000000e-01 -1.595000000e-01 -8.844000000e-01
  3.417000000e-01 -9.398000000e-01 -2.255000000e-17
  8.311000000e-01 3.022000000e-01 -4.668000000e-01
 Node:         13
  0.1361E+03  0.1199E+03  0.4914E+03 -0.8000E-05
   1.11E-16
  -1.388E-16
   0.0
  -9.714E-17
   2.776E-17
  -1.665E-16
  2.285000000e-16
  -8.520000000e-17
  -1.988000000e-16
  3.833392362e-16
  -1.850000000e-17
  1.807078489e-16
  8.171000000e-01 -5.252000000e-01 -2.378000000e-01
  4.648000000e-01 8.442000000e-01 -2.671000000e-01
  3.410000000e-01 1.077000000e-01 9.339000000e-01
 Node:         14
  0.1342E+03  0.1198E+03  0.5054E+03 -0.8000E-05
  -5.551E-17
   2.776E-17
   0.0
   5.551E-17
  -9.021E-17
   1.11E-16
  1.672000000e-16
  -4.940000000e-18
  -1.068000000e-16
  2.398787602e-16
  1.848666667e-17
  1.130799320e-16
  1.634000000e-01 -4.472000000e-01 8.794000000e-01
  -6.569000000e-01 -7.144000000e-01 -2.412000000e-01
  -7.361000000e-01 5.382000000e-01 4.105000000e-01
 Node:         15
  0.1330E+03  0.1205E+03  0.5193E+03 -0.8000E-05
   2.22E-16
  -8.327E-17
  -5.551E-17
   1.388E-17
   4.857E-17
   0.0
  2.451000000e-16
  2.471000000e-17
  -1.033000000e-16
  3.052383267e-16
  5.550333333e-17
  1.438907271e-16
  -9.638000000e-01 2.667000000e-01 -1.723000000e-03
  1.157000000e-01 4.239000000e-01 8.983000000e-01
  2.403000000e-01 8.656000000e-01 -4.394000000e-01
 Node:         16
  0.1404E+03  0.1188E+03  0.4918E+03 -0.8000E-05
   2.22E-16
   5.551E-17
   2.22E-16
  -8.327E-17
  -1.457E-16
   4.441E-16
  5.466000000e-16
  1.950000000e-16
  1.465000000e-16
  3.781896482e-16
  2.960333333e-16
  1.782803099e-16
  -2.927000000e-01 -4.328000000e-01 8.526000000e-01
  -9.222000000e-01 -1.077000000e-01 -3.713000000e-01
  -2.526000000e-01 8.950000000e-01 3.676000000e-01
 Node:         17
  0.1365E+03  0.1184E+03  0.5055E+03 -0.8000E-05
  -1.11E-16
   2.776E-17
  -1.11E-16
   9.714E-17
   1.7E-16
   0.0
  1.573000000e-16
  -1.341000000e-16
  -2.452000000e-16
  3.600440390e-16
  -7.400000000e-17
  1.697263877e-16
  3.368000000e-01 5.285000000e-01 7.792000000e-01
  8.927000000e-01 -4.425000000e-01 -8.566000000e-02
  -2.996000000e-01 -7.244000000e-01 6.209000000e-01
 Node:         18
  0.1341E+03  0.1191E+03  0.5192E+03 -0.8000E-05
   0.0
   0.0
   0.0
   2.645E-17
   1.065E-16
   4.441E-16
  4.697000000e-16
  -1.672000000e-33
  -2.562000000e-17
  4.830198634e-16
  1.480266667e-16
  2.276977472e-16
  -5.484000000e-02 -2.207000000e-01 -9.738000000e-01
  9.705000000e-01 -2.411000000e-01 -6.210000000e-17
  -2.348000000e-01 -9.451000000e-01 2.274000000e-01
 Node:         19
  0.1301E+03  0.1291E+03  0.4914E+03  0.0000E+00
   1.11E-16
   0.0
   1.11E-16
   2.101E-19
   1.001E-17
  -2.22E-16
  1.113000000e-16
  1.110000000e-16
  -2.223000000e-16
  3.334501012e-16
  0.000000000e+00
  1.571898852e-16
  -2.096000000e-02 -9.993000000e-01 -3.003000000e-02
  9.998000000e-01 -2.097000000e-02 1.345000000e-19
  6.298000000e-04 3.003000000e-02 -9.995000000e-01
 Node:         20
  0.1299E+03  0.1291E+03  0.5058E+03  0.0000E+00
   2.22E-16
   0.0
   0.0
   1.041E-17
   1.924E-17
  -5.551E-17
  2.224000000e-16
  5.975000000e-18
  -6.188000000e-17
  2.571567616e-16
  5.549833333e-17
  1.212248600e-16
  -9.993000000e-01 -3.257000000e-03 -3.765000000e-02
  1.428000000e-02 -9.549000000e-01 -2.965000000e-01
  -3.498000000e-02 -2.968000000e-01 9.543000000e-01
 Node:         21
  0.1301E+03  0.1280E+03  0.5197E+03  0.0000E+00
   1.11E-16
   0.0
   0.0
   4.163E-17
   1.475E-17
   1.11E-16
  1.534000000e-16
  7.089000000e-17
  -2.220000000e-18
  1.348528023e-16
  7.402333333e-17
  6.357022067e-17
  -6.994000000e-01 -6.840000000e-02 -7.114000000e-01
  -7.126000000e-01 1.429000000e-01 6.869000000e-01
  -5.465000000e-02 -9.874000000e-01 1.487000000e-01
 Node:         22
  0.1360E+03  0.1256E+03  0.4913E+03  0.0000E+00
  -2.22E-16
   1.388E-17
  -1.11E-16
  -1.388E-17
   1.006E-16
   1.11E-16
  1.500000000e-16
  -1.456000000e-16
  -2.264000000e-16
  3.432090908e-16
  -7.400000000e-17
  1.617903170e-16
  -2.144000000e-02 3.586000000e-01 9.332000000e-01
  2.280000000e-01 9.106000000e-01 -3.447000000e-01
  -9.734000000e-01 2.054000000e-01 -1.013000000e-01
 Node:         23
  0.1343E+03  0.1253E+03  0.5054E+03  0.0000E+00
   0.0
   2.082E-17
  -4.441E-16
   0.0
   1.314E-16
  -1.665E-16
  1.265000000e-18
  -1.147000000e-16
  -4.972000000e-16
  4.517861704e-16
  -2.035450000e-16
  2.129740431e-16
  9.970000000e-01 6.061000000e-02 4.746000000e-02
  6.644000000e-02 -3.661000000e-01 -9.282000000e-01
  3.888000000e-02 -9.286000000e-01 3.690000000e-01
 Node:         24
  0.1336E+03  0.1248E+03  0.5194E+03  0.0000E+00
  -2.22E-16
   1.214E-17
   0.0
   1.388E-17
   8.674E-19
  -1.665E-16
  6.779000000e-19
  -1.633000000e-16
  -2.259000000e-16
  2.026635839e-16
  -1.295073667e-16
  9.553652964e-17
  -5.504000000e-02 -9.984000000e-01 -9.747000000e-03
  2.257000000e-01 -2.195000000e-02 9.740000000e-01
  -9.726000000e-01 5.141000000e-02 2.265000000e-01
 Node:         25
  0.1400E+03  0.1206E+03  0.4917E+03  0.0000E+00
   0.0
   2.671E-16
  -1.11E-16
  -8.327E-17
  -1.301E-16
   2.22E-16
  3.681000000e-16
  7.580000000e-17
  -3.329000000e-16
  6.098671905e-16
  3.700000000e-17
  2.874941507e-16
  5.089000000e-01 4.781000000e-01 -7.159000000e-01
  6.086000000e-01 3.883000000e-01 6.920000000e-01
  6.088000000e-01 -7.878000000e-01 -9.334000000e-02
 Node:         26
  0.1363E+03  0.1200E+03  0.5055E+03  0.0000E+00
   2.22E-16
   1.076E-16
  -6.106E-16
   2.776E-17
  -1.124E-15
  -5.551E-17
  8.281000000e-16
  2.248000000e-16
  -1.497000000e-15
  2.089815320e-15
  -1.480333333e-16
  9.851483893e-16
  7.371000000e-02 6.174000000e-01 -7.832000000e-01
  9.955000000e-01 1.018000000e-03 9.449000000e-02
  -5.914000000e-02 7.866000000e-01 6.146000000e-01
 Node:         27
  0.1343E+03  0.1203E+03  0.5192E+03  0.0000E+00
   2.22E-16
  -1.943E-16
   2.22E-16
  -1.041E-16
   1.313E-15
   0.0
  1.466000000e-15
  1.875000000e-16
  -1.209000000e-15
  2.317369144e-15
  1.481666667e-16
  1.092418291e-15
  -1.693000000e-01 7.280000000e-01 6.643000000e-01
  9.848000000e-01 9.849000000e-02 1.431000000e-01
  3.876000000e-02 6.785000000e-01 -7.336000000e-01
 Node:         28
  0.1155E+03  0.1124E+03  0.4931E+03 -0.4728E-04
  -2.22E-16
   3.816E-17
   2.22E-16
  -5.551E-17
   5.551E-17
   1.11E-16
  2.455000000e-16
  1.014000000e-16
  -2.359000000e-16
  4.279497985e-16
  3.700000000e-17
  2.017374697e-16
  3.184000000e-02 9.284000000e-01 3.701000000e-01
  1.988000000e-01 3.571000000e-01 -9.127000000e-01
  9.795000000e-01 -1.026000000e-01 1.732000000e-01
 Node:         29
  0.1119E+03  0.1139E+03  0.5068E+03 -0.4728E-04
  -2.22E-16
  -2.082E-17
   0.0
   5.551E-17
   6.939E-18
  -3.331E-16
  1.944000000e-18
  -2.004000000e-16
  -3.566000000e-16
  3.113642034e-16
  -1.850186667e-16
  1.467784931e-16
  -9.118000000e-02 9.958000000e-01 5.517000000e-03
  -9.179000000e-01 -8.189000000e-02 -3.884000000e-01
  -3.863000000e-01 -4.048000000e-02 9.215000000e-01
 Node:         30
  0.1113E+03  0.1159E+03  0.5206E+03 -0.4728E-04
   2.22E-16
   1.249E-16
   2.22E-16
   0.0
  -2.776E-17
   1.11E-16
  3.486000000e-16
  1.238000000e-16
  8.277000000e-17
  2.478750591e-16
  1.850566667e-16
  1.168494234e-16
  -7.001000000e-01 -7.092000000e-01 8.287000000e-02
  -4.685000000e-01 3.686000000e-01 -8.029000000e-01
  -5.389000000e-01 6.009000000e-01 5.903000000e-01
 Node:         31
  0.1203E+03  0.1126E+03  0.4920E+03 -0.4728E-04
  -5.551E-17
   9.714E-17
  -1.11E-16
   2.776E-17
   4.163E-17
  -5.551E-17
  4.114000000e-17
  -7.661000000e-17
  -1.866000000e-16
  1.972667866e-16
  -7.402333333e-17
  9.299245501e-17
  -6.956000000e-01 -5.654000000e-01 -4.433000000e-01
  4.358000000e-01 1.585000000e-01 -8.860000000e-01
  5.712000000e-01 -8.095000000e-01 1.362000000e-01
 Node:         32
  0.1188E+03  0.1134E+03  0.5062E+03 -0.4728E-04
   2.22E-16
  -1.388E-17
  -1.11E-16
  -2.776E-17
   9.714E-17
  -5.551E-17
  2.266000000e-16
  1.331000000e-17
  -1.844000000e-16
  3.560216764e-16
  1.850333333e-17
  1.678302278e-16
  -9.894000000e-01 7.624000000e-02 1.236000000e-01
  1.445000000e-01 5.992000000e-01 7.875000000e-01
  1.402000000e-02 -7.970000000e-01 6.038000000e-01
 Node:         33
  0.1183E+03  0.1150E+03  0.5201E+03 -0.4728E-04
   1.11E-16
   5.551E-17
   0.0
   8.327E-17
   0.0
   0.0
  1.700000000e-16
  0.000000000e+00
  -5.893000000e-17
  2.058903711e-16
  3.702333333e-17
  9.705765171e-17
  -8.617000000e-01 -2.815000000e-01 -4.222000000e-01
  0.000000000e+00 -8.321000000e-01 5.547000000e-01
  -5.074000000e-01 4.780000000e-01 7.170000000e-01
 Node:         34
  0.1255E+03  0.1129E+03  0.4909E+03 -0.4728E-04
   0.0
   0.0
   0.0
   5.551E-17
   9.714E-17
   0.0
  1.119000000e-16
  3.387000000e-33
  -1.119000000e-16
  1.938164854e-16
  0.000000000e+00
  9.136596741e-17
  -3.508000000e-01 -6.139000000e-01 -7.071000000e-01
  8.682000000e-01 -4.961000000e-01 -4.855000000e-17
  -3.508000000e-01 -6.139000000e-01 7.071000000e-01
 Node:         35
  0.1260E+03  0.1135E+03  0.5054E+03 -0.4728E-04
   0.0
   1.11E-16
  -1.11E-16
   1.11E-16
   2.498E-16
  -1.11E-16
  2.410000000e-16
  -1.023000000e-16
  -3.608000000e-16
  5.228959648e-16
  -7.403333333e-17
  2.464955217e-16
  5.458000000e-01 5.925000000e-01 5.925000000e-01
  8.379000000e-01 -3.859000000e-01 -3.859000000e-01
  -4.975000000e-17 -7.071000000e-01 7.071000000e-01
 Node:         36
  0.1257E+03  0.1153E+03  0.5196E+03 -0.4728E-04
   0.0
  -5.551E-17
   0.0
  -5.551E-17
   8.327E-17
   0.0
  1.305000000e-16
  -4.723000000e-17
  -8.327000000e-17
  1.982226619e-16
  0.000000000e+00
  9.344305895e-17
  -5.155000000e-01 6.059000000e-01 6.059000000e-01
  8.569000000e-01 3.645000000e-01 3.645000000e-01
  -1.256000000e-16 7.071000000e-01 -7.071000000e-01
 Node:         37
  0.1132E+03  0.1210E+03  0.4959E+03 -0.4728E-04
  -2.22E-16
   1.388E-16
  -2.22E-16
  -8.327E-17
   1.804E-16
  -2.776E-16
  -4.482000000e-17
  -1.622000000e-16
  -5.146000000e-16
  4.234720019e-16
  -2.405400000e-16
  1.996266161e-16
  3.971000000e-01 7.887000000e-01 4.693000000e-01
  -7.874000000e-01 3.010000000e-02 6.157000000e-01
  4.715000000e-01 -6.140000000e-01 6.330000000e-01
 Node:         38
  0.1111E+03  0.1204E+03  0.5085E+03 -0.4728E-04
  -1.665E-16
   9.714E-17
   0.0
  -2.776E-17
  -8.327E-17
  -2.22E-16
  7.071000000e-17
  -2.091000000e-16
  -2.502000000e-16
  3.024616291e-16
  -1.295300000e-16
  1.425817793e-16
  -3.916000000e-01 -8.746000000e-01 2.859000000e-01
  9.154000000e-01 -3.389000000e-01 2.170000000e-01
  9.287000000e-02 -3.467000000e-01 -9.334000000e-01
 Node:         39
  0.1119E+03  0.1201E+03  0.5207E+03 -0.4728E-04
  -5.551E-17
  -9.714E-17
  -3.331E-16
  -8.327E-17
  -7.633E-17
  -1.11E-16
  8.934000000e-18
  -1.105000000e-16
  -3.981000000e-16
  3.623913061e-16
  -1.665553333e-16
  1.708329000e-16
  8.510000000e-01 -1.281000000e-01 -5.092000000e-01
  4.076000000e-01 -4.503000000e-01 7.944000000e-01
  -3.311000000e-01 -8.836000000e-01 -3.310000000e-01
 Node:         40
  0.1191E+03  0.1220E+03  0.4937E+03 -0.4728E-04
   0.0
   8.327E-17
  -2.22E-16
   8.327E-17
  -1.388E-17
  -2.22E-16
  4.872000000e-17
  -2.082000000e-16
  -2.846000000e-16
  3.024459198e-16
  -1.480266667e-16
  1.425743739e-16
  -9.240000000e-01 -2.703000000e-01 -2.703000000e-01
  0.000000000e+00 -7.071000000e-01 7.071000000e-01
  3.823000000e-01 -6.534000000e-01 -6.534000000e-01
 Node:         41
  0.1182E+03  0.1217E+03  0.5073E+03 -0.4728E-04
   0.0
  -2.776E-17
  -5.551E-17
   5.551E-17
   9.714E-17
   1.11E-16
  1.653000000e-16
  1.073000000e-17
  -1.206000000e-16
  2.478691830e-16
  1.847666667e-17
  1.168466534e-16
  2.406000000e-01 3.653000000e-01 8.993000000e-01
  -8.901000000e-01 4.526000000e-01 5.428000000e-02
  -3.871000000e-01 -8.135000000e-01 4.340000000e-01
 Node:         42
  0.1187E+03  0.1212E+03  0.5204E+03 -0.4728E-04
   0.0
  -5.551E-17
  -1.11E-16
   0.0
   5.551E-17
   1.11E-16
  1.256000000e-16
  1.887000000e-17
  -1.444000000e-16
  2.355296009e-16
  2.333333333e-20
  1.110297186e-16
  1.113000000e-01 -2.517000000e-01 -9.614000000e-01
  9.295000000e-01 -3.159000000e-01 1.903000000e-01
  -3.516000000e-01 -9.148000000e-01 1.988000000e-01
 Node:         43
  0.1258E+03  0.1217E+03  0.4915E+03 -0.4728E-04
   2.22E-16
   1.11E-16
   1.11E-16
  -1.388E-17
   0.0
  -5.551E-17
  2.911000000e-16
  4.294000000e-17
  -5.645000000e-17
  3.100425456e-16
  9.253000000e-17
  1.461554576e-16
  -8.507000000e-01 -5.246000000e-01 3.406000000e-02
  -5.213000000e-01 8.502000000e-01 7.348000000e-02
  6.751000000e-02 -4.475000000e-02 9.967000000e-01
 Node:         44
  0.1259E+03  0.1220E+03  0.5059E+03 -0.4728E-04
  -2.22E-16
   1.388E-16
  -2.22E-16
   9.714E-17
   1.11E-16
  -1.11E-16
  5.081000000e-17
  -2.445000000e-16
  -3.614000000e-16
  3.679610647e-16
  -1.850300000e-16
  1.734585094e-16
  -5.113000000e-01 -5.340000000e-01 -6.733000000e-01
  -5.198000000e-01 -4.318000000e-01 7.372000000e-01
  -6.844000000e-01 7.269000000e-01 -5.679000000e-02
 Node:         45
  0.1261E+03  0.1221E+03  0.5198E+03 -0.4728E-04
  -5.551E-17
  -8.327E-17
  -2.776E-16
   2.776E-17
  -6.939E-18
   1.11E-16
  1.167000000e-16
  -3.339000000e-17
  -3.053000000e-16
  3.705037491e-16
  -7.399666667e-17
  1.746571423e-16
  1.854000000e-01 -5.643000000e-02 9.810000000e-01
  9.302000000e-01 -3.117000000e-01 -1.938000000e-01
  -3.167000000e-01 -9.485000000e-01 5.308000000e-03
 Node:         46
  0.1117E+03  0.1296E+03  0.4959E+03  0.0000E+00
  -5.551E-17
   2.776E-17
  -1.665E-16
   6.939E-18
  -2.602E-17
   0.0
  4.101000000e-18
  -4.897000000e-17
  -1.772000000e-16
  1.614458370e-16
  -7.402300000e-17
  7.610629740e-17
  4.856000000e-02 -1.429000000e-01 9.886000000e-01
  9.724000000e-01 2.327000000e-01 -1.414000000e-02
  -2.280000000e-01 9.620000000e-01 1.502000000e-01
 Node:         47
  0.1107E+03  0.1269E+03  0.5087E+03  0.0000E+00
  -1.665E-16
  -3.123E-17
   1.11E-16
  -2.776E-17
   3.99E-17
   0.0
  1.289000000e-16
  -1.114000000e-17
  -1.732000000e-16
  2.618578385e-16
  -1.848000000e-17
  1.234409689e-16
  -1.292000000e-01 9.390000000e-01 3.186000000e-01
  -1.008000000e-01 -3.321000000e-01 9.379000000e-01
  -9.865000000e-01 -8.906000000e-02 -1.376000000e-01
 Node:         48
  0.1125E+03  0.1242E+03  0.5208E+03  0.0000E+00
   1.11E-16
   3.469E-18
   1.11E-16
   0.0
  -1.735E-18
   1.11E-16
  1.149000000e-16
  1.110000000e-16
  1.071000000e-16
  6.754998150e-18
  1.110000000e-16
  3.184336666e-18
  -6.325000000e-01 -7.071000000e-01 3.162000000e-01
  4.472000000e-01 -4.455000000e-15 8.944000000e-01
  -6.325000000e-01 7.071000000e-01 3.162000000e-01
 Node:         49
  0.1186E+03  0.1311E+03  0.4938E+03  0.0000E+00
  -1.665E-16
  -2.082E-17
   0.0
  -4.163E-17
  -6.072E-18
  -5.551E-17
  2.581000000e-18
  -4.165000000e-17
  -1.830000000e-16
  1.678935845e-16
  -7.402300000e-17
  7.914579474e-17
  1.174000000e-01 -9.929000000e-01 1.965000000e-02
  -3.135000000e-01 -1.827000000e-02 9.494000000e-01
  -9.423000000e-01 -1.176000000e-01 -3.134000000e-01
 Node:         50
  0.1180E+03  0.1298E+03  0.5075E+03  0.0000E+00
   0.0
  -1.301E-17
   3.331E-16
  -4.163E-17
   1.247E-17
   2.22E-16
  3.354000000e-16
  2.276000000e-16
  -7.879000000e-18
  3.040655121e-16
  1.850403333e-16
  1.433378570e-16
  5.441000000e-02 -9.902000000e-01 -1.289000000e-01
  -1.707000000e-01 -1.364000000e-01 9.758000000e-01
  9.838000000e-01 3.109000000e-02 1.765000000e-01
 Node:         51
  0.1192E+03  0.1275E+03  0.5206E+03  0.0000E+00
   0.0
  -3.469E-18
  -5.551E-17
   0.0
   1.475E-17
   1.11E-16
  1.123000000e-16
  2.087000000e-19
  -5.702000000e-17
  1.491791642e-16
  1.849623333e-17
  7.032373239e-17
  -2.705000000e-03 8.758000000e-02 9.962000000e-01
  9.982000000e-01 -6.004000000e-02 7.989000000e-03
  -6.051000000e-02 -9.943000000e-01 8.725000000e-02
 Node:         52
  0.1262E+03  0.1305E+03  0.4920E+03  0.0000E+00
   1.11E-16
  -1.388E-17
   1.11E-16
   1.301E-18
   4.906E-18
   0.0
  1.250000000e-16
  9.734000000e-17
  -2.497000000e-19
  1.139655924e-16
  7.403010000e-17
  5.372389547e-17
  -7.047000000e-01 7.092000000e-01 2.051000000e-02
  7.093000000e-01 7.034000000e-01 4.493000000e-02
  -1.744000000e-02 -4.621000000e-02 9.988000000e-01
 Node:         53
  0.1258E+03  0.1304E+03  0.5063E+03  0.0000E+00
  -1.665E-16
  -1.735E-18
  -1.11E-16
   2.776E-17
   3.383E-17
  -2.22E-16
  -1.010000000e-16
  -1.572000000e-16
  -2.414000000e-16
  1.223933005e-16
  -1.665333333e-16
  5.769675516e-17
  9.684000000e-02 9.526000000e-01 2.883000000e-01
  -9.346000000e-01 1.866000000e-01 -3.027000000e-01
  -3.422000000e-01 -2.402000000e-01 9.084000000e-01
 Node:         54
  0.1265E+03  0.1288E+03  0.5200E+03  0.0000E+00
  -2.22E-16
   2.082E-17
   1.11E-16
   0.0
  -4.337E-18
   1.11E-16
  1.160000000e-16
  1.073000000e-16
  -2.233000000e-16
  3.350347295e-16
  0.000000000e+00
  1.579368861e-16
  -4.656000000e-02 -7.562000000e-01 6.527000000e-01
  -4.117000000e-02 -6.514000000e-01 -7.576000000e-01
  -9.981000000e-01 6.215000000e-02 8.061000000e-04
 Node:         55
  0.1382E+03  0.1168E+03  0.4539E+03  0.4935E-02
  -0.08511
  -0.01962
   0.09008
   0.002065
   0.0366
   0.04111
  9.631237908e-02
  1.556244739e-02
  -7.952155447e-02
  1.553100772e-01
  1.078442400e-02
  7.321387253e-02
  5.391907407e-02 -2.808233115e-01 -1.156839869e-01
  1.939469717e-01 -1.661649891e-01 5.157525054e-01
  -5.066991054e-01 -8.211806100e-02 8.709805011e-02
 Node:         56
  0.1314E+03  0.1156E+03  0.4692E+03  0.4935E-02
  -0.08385
  -0.001838
   0.04671
   0.01968
   0.005091
  -0.002057
  4.511615468e-02
  -1.810393246e-04
  -7.717698911e-02
  1.092933838e-01
  -1.074729125e-02
  5.152139523e-02
  -3.234003377e-02 1.652462963e-01 6.381224401e-02
  1.130366013e-01 7.249681699e-02 4.387797386e-02
  -7.869427669e-01 -5.775893246e-02 2.740704793e-01
 Node:         57
  0.1285E+03  0.1140E+03  0.4824E+03  0.4935E-02
  -0.019
   0.00811
  -5.895E-4
   0.006826
  -0.004668
  -0.003208
  4.588519499e-03
  -1.036501042e-03
  -2.104000871e-02
  2.389206228e-02
  -5.829330086e-03
  1.126282617e-02
  -2.203822440e-01 -6.596718954e-01 3.579922331e-01
  4.680875817e-01 3.094946841e-01 6.609773137e-01
  -7.316741830e-01 2.760412963e-01 3.753555556e-01
 Node:         58
  0.1488E+03  0.1180E+03  0.4534E+03  0.4935E-02
  -0.09872
  -0.05129
   0.1583
  -0.008348
   0.02928
  -0.0122
  1.484370436e-01
  -1.587082647e-02
  -1.033051906e-01
  2.250758690e-01
  9.753675490e-03
  1.061017822e-01
  5.459368192e-03 -1.152840959e-01 -2.586777778e-02
  2.423332397e-01 -5.042342048e-02 7.136933224e-01
  -2.146766035e-01 -3.950017429e-02 7.948476035e-02
 Node:         59
  0.1421E+03  0.1168E+03  0.4695E+03  0.4935E-02
  -0.08049
  -0.04608
   0.1103
   4.635E-4
   0.01861
  -0.02294
  1.139858007e-01
  -2.011098945e-02
  -8.201573638e-02
  1.750392610e-01
  3.953024940e-03
  8.251429893e-02
  2.751252723e-02 -3.423801743e-02 -1.346603486e-02
  2.073358170e-01 2.878588235e-02 6.657829041e-01
  3.897455338e-01 6.563263617e-02 2.504402919e-01
 Node:         60
  0.1375E+03  0.1150E+03  0.4832E+03  0.4935E-02
  -0.01222
  -0.009293
   0.01743
   0.003233
   9.726E-4
  -0.003859
  2.382706318e-02
  -2.119277041e-03
  -1.557068290e-02
  3.543853645e-02
  2.045701081e-03
  1.670588629e-02
  -2.457405229e-01 6.516889978e-01 2.800355120e-02
  8.295751634e-03 -9.349492375e-02 4.710778911e-01
  2.078596950e-01 1.597340730e-01 1.376743355e-01
 Node:         61
  0.1558E+03  0.1227E+03  0.4524E+03  0.4935E-02
  -0.04334
  -0.05073
   0.1003
  -0.03607
   0.04322
  -0.1239
  1.071804935e-01
  -4.116673322e-02
  -1.222718410e-01
  2.032271982e-01
  -1.875269357e-02
  9.580221999e-02
  -2.942427015e-01 4.817071895e-01 5.885288671e-02
  7.071874728e-01 3.825618736e-01 -1.288672985e-01
  1.723803268e-01 -7.041110349e-02 8.041480392e-01
 Node:         62
  0.1495E+03  0.1207E+03  0.4694E+03  0.4935E-02
   0.01201
  -0.07865
   0.102
  -0.02345
   0.03227
  -0.09701
  1.426756427e-01
  -2.691301721e-02
  -8.344278976e-02
  2.041650772e-01
  1.077327858e-02
  9.624434038e-02
  -2.686699346e-01 2.699678649e-01 9.353992375e-02
  7.689739651e-01 4.966611111e-01 -4.020293142e-02
  5.859041394e-03 5.907835294e-02 -2.587646841e-01
 Node:         63
  0.1437E+03  0.1181E+03  0.4838E+03  0.4935E-02
   0.01638
  -0.02526
   0.02806
  -0.001963
   0.003551
  -0.01382
  4.882998584e-02
  -2.709302963e-03
  -1.297857712e-02
  5.779240124e-02
  1.104736858e-02
  2.724359921e-02
  -1.673370370e-01 2.072337691e-01 1.527569237e-01
  6.628053377e-01 4.995654031e-01 1.187896296e-01
  -1.394650545e-01 -1.869606754e-01 9.782528322e-01
 Node:         64
  0.1415E+03  0.1252E+03  0.4520E+03  0.4935E-02
  -0.07963
   0.00874
   0.09609
  -0.01974
   0.01571
  -0.02443
  8.913243246e-02
  -2.109313998e-02
  -7.772120588e-02
  1.479428713e-01
  -3.227304466e-03
  6.974093836e-02
  7.042222222e-02 2.880145969e-01 5.575504139e-02
  7.223474946e-02 2.634765795e-02 -1.796812636e-01
  -5.315130719e-02 2.068853813e-02 2.412224401e-02
 Node:         65
  0.1342E+03  0.1229E+03  0.4682E+03  0.4935E-02
  -0.04957
  -0.009422
   0.07779
  -0.009188
   0.008059
  -0.01668
  7.445151743e-02
  -1.405627996e-02
  -4.884355882e-02
  1.106083908e-01
  3.850559550e-03
  5.214129545e-02
  2.005867102e-02 -1.771064270e-01 -1.872917211e-02
  -1.479918519e-01 -7.606973856e-02 3.796535948e-01
  -8.671830065e-02 -1.216989107e-02 -1.802235294e-02
 Node:         66
  0.1299E+03  0.1214E+03  0.4825E+03  0.4935E-02
  -0.00114
  -0.004915
   0.01378
   0.00157
  -0.001145
  -0.002742
  1.631770806e-02
  -8.728330828e-04
  -5.019271460e-03
  1.981860946e-02
  3.475201173e-03
  9.342582095e-03
  -3.416624292e-01 8.533527233e-01 -1.822998911e-02
  4.223334423e-01 2.582967320e-01 -1.324971678e-01
  2.654519608e-01 3.622459695e-02 6.247766885e-02
 Node:         67
  0.1502E+03  0.1246E+03  0.4518E+03  0.4935E-02
  -0.07849
  -0.03113
   0.08975
  -0.01778
   0.01313
  -0.007487
  8.771283878e-02
  -1.237483551e-02
  -8.351013617e-02
  1.524867610e-01
  -2.724044299e-03
  7.188294849e-02
  9.288954248e-02 -4.615404139e-01 -1.133591176e-01
  7.663623094e-02 -1.083561002e-01 5.811738671e-01
  -1.845717831e-01 -2.305631699e-02 -8.722777778e-02
 Node:         68
  0.1435E+03  0.1226E+03  0.4686E+03  0.4935E-02
  -0.0336
  -0.0598
   0.08792
  -0.0202
   0.01832
  -0.007853
  1.086935294e-01
  -5.284694510e-03
  -6.126335948e-02
  1.514070685e-01
  1.404849181e-02
  7.137397655e-02
  1.633986928e-02 5.502113290e-02 2.197930283e-03
  -2.261015142e-02 -1.192908497e-01 6.091446623e-01
  4.853547930e-01 1.552075989e-01 4.084715033e-01
 Node:         69
  0.1380E+03  0.1205E+03  0.4830E+03  0.4935E-02
   0.006878
  -0.01905
   0.02301
  -0.004302
   0.005097
  -5.215E-4
  3.631601307e-02
  -6.270891830e-04
  -7.020795316e-03
  4.066251317e-02
  9.556042858e-03
  1.916849254e-02
  -5.737880174e-01 7.851508715e-01 1.915289270e-01
  1.736580817e-01 1.214983660e-01 4.252698475e-01
  5.496992375e-01 2.842077451e-01 2.000080392e-01
 Node:         70
  0.1559E+03  0.1247E+03  0.4520E+03  0.4935E-02
  -0.06477
  -0.038
   0.01755
  -0.04595
   0.03064
   0.04127
  8.160154031e-02
  -1.253789681e-02
  -8.709089869e-02
  1.470034911e-01
  -6.009085068e-03
  6.929811029e-02
  1.137106754e-01 -1.455894336e-01 -3.211187037e-01
  -1.237978758e-01 -6.796773420e-01 5.099060240e-01
  -1.326746405e-01 -7.279083878e-02 7.460925926e-02
 Node:         71
  0.1497E+03  0.1226E+03  0.4691E+03  0.4935E-02
   5.647E-4
  -0.07584
   0.06024
  -0.06141
   0.04303
   0.01621
  1.387209749e-01
  -1.765001852e-03
  -6.535593137e-02
  1.816798862e-01
  2.386668057e-02
  8.564471969e-02
  -5.037486928e-01 5.609932462e-01 3.789361656e-01
  1.364222113e-01 -6.155849673e-02 3.526722440e-01
  5.424720044e-01 1.948067865e-01 3.680638344e-01
 Node:         72
  0.1435E+03  0.1199E+03  0.4837E+03  0.4935E-02
   0.01926
  -0.02781
   0.02083
  -0.01433
   0.0103
   0.003181
  5.257975054e-02
  -5.548176471e-04
  -9.834244009e-03
  5.844929057e-02
  1.406356296e-02
  2.755325981e-02
  -6.892923747e-01 6.336676471e-01 3.322169935e-01
  2.012892837e-02 -1.861368192e-01 5.488689227e-01
  5.121367102e-01 3.496431394e-01 2.711460349e-01
 Node:         73
  0.1447E+03  0.1339E+03  0.4510E+03  0.0000E+00
   0.03862
  -0.015
  -0.07141
   0.003985
  -0.005572
   0.05661
  5.522761547e-02
  3.200667235e-02
  -6.544080828e-02
  1.117388508e-01
  7.264493181e-03
  5.267419940e-02
  5.602788671e-02 -2.771609477e-02 4.497383007e-01
  9.270873965e-01 -1.241565087e-01 1.068896514e-01
  -5.324827669e-02 -4.982244009e-01 -1.097064488e-02
 Node:         74
  0.1370E+03  0.1304E+03  0.4677E+03  0.0000E+00
   0.08651
  -0.007477
  -0.03383
   0.005883
  -0.008471
   0.04217
  8.459837691e-02
  3.678794336e-02
  -3.202568192e-02
  1.023647824e-01
  2.978687945e-02
  4.825522118e-02
  -9.288370370e-01 1.135877996e-02 -1.091379085e-01
  -8.222747277e-02 -2.082611111e-02 4.906108932e-01
  1.332179303e-02 7.194437908e-01 5.128194989e-02
 Node:         75
  0.1313E+03  0.1289E+03  0.4826E+03  0.0000E+00
   0.03273
  -0.002865
  -0.003945
  -0.002724
  -0.001826
   0.003044
  3.259968627e-02
  3.112800436e-03
  -4.935826035e-03
  3.442879089e-02
  1.025888689e-02
  1.622988767e-02
  -9.887649237e-01 2.866692810e-02 6.469532026e-02
  4.231618954e-02 -1.934518279e-01 9.719664488e-01
  2.820505447e-02 4.771801743e-01 8.062472767e-02
 Node:         76
  0.1516E+03  0.1314E+03  0.4508E+03  0.0000E+00
   0.03788
  -0.02348
  -0.09419
  -0.007162
   0.0222
   0.07835
  7.469080283e-02
  3.272247510e-02
  -8.810514270e-02
  1.469560625e-01
  6.436045076e-03
  6.927575224e-02
  -2.531661329e-01 5.516421569e-02 2.445950980e-01
  3.527468410e-01 -4.050748366e-02 1.571331155e-01
  -4.940193900e-02 -3.602204793e-01 4.628814815e-02
 Node:         77
  0.1448E+03  0.1284E+03  0.4680E+03  0.0000E+00
   0.1224
   0.00342
  -0.04749
  -0.001092
   0.01683
   0.03779
  1.138474346e-01
  3.498335512e-02
  -4.356810893e-02
  1.373402227e-01
  3.508756028e-02
  6.474280187e-02
  -9.988372549e-01 -4.110480174e-02 -4.867761438e-03
  -1.324299564e-02 1.907527015e-01 9.827588235e-01
  -2.941513508e-02 7.277582789e-01 -1.370917211e-01
 Node:         78
  0.1385E+03  0.1261E+03  0.4829E+03  0.0000E+00
   0.0511
   0.006321
  -0.003016
  -0.001204
   3.492E-4
   0.002102
  4.844182244e-02
  1.727822549e-03
  -3.570948693e-03
  4.958088247e-02
  1.553289877e-02
  2.337265214e-02
  -9.901685185e-01 -1.334083181e-01 1.210759477e-02
  -4.990582680e-02 1.498609477e-01 5.293974946e-01
  -1.197521852e-01 1.082977560e+00 -5.965638344e-02
 Node:         79
  0.1560E+03  0.1268E+03  0.4515E+03  0.0000E+00
   0.0361
   0.04823
   0.03912
   0.003181
  -0.001115
  -0.2853
  7.795750871e-02
  -2.377806318e-02
  -2.304309477e-01
  2.749940833e-01
  -5.875050073e-02
  1.296334541e-01
  7.790920479e-01 5.369245425e-01 -1.640430719e-02
  1.730114815e-01 2.105357266e-01 -1.411171133e-01
  4.204631808e-03 1.898704694e-01 9.184047179e-01
 Node:         80
  0.1498E+03  0.1244E+03  0.4689E+03  0.0000E+00
   0.1371
   0.04297
   0.01188
   0.01514
   2.066E-4
  -0.2327
  1.397085294e-01
  -8.143825054e-03
  -1.854027919e-01
  2.886008516e-01
  -1.794602919e-02
  1.360477461e-01
  2.247032680e-01 1.592377451e-01 6.956165577e-03
  -2.623455338e-01 9.144831808e-01 6.103284641e-02
  -4.059987800e-02 -7.264845207e-02 9.581552505e-01
 Node:         81
  0.1433E+03  0.1218E+03  0.4836E+03  0.0000E+00
   0.05658
   0.01063
   2.067E-4
   0.005113
   0.001018
  -0.0293
  5.566562745e-02
  -1.929182320e-03
  -2.377974946e-02
  7.201184243e-02
  9.985565225e-03
  3.394670807e-02
  -9.795387800e-01 -1.778171024e-01 -8.777321786e-02
  -1.894396514e-01 9.378252723e-01 1.033812438e-01
  -6.061038126e-02 -1.184630447e-01 9.522162309e-01
 Node:         82
  0.1267E+03  0.1149E+03  0.4572E+03 -0.2557E-01
  -0.02768
  -0.01587
   0.02538
   0.004615
   0.02354
   0.00467
  4.005300436e-02
  -5.120053922e-03
  -3.142363834e-02
  6.301362511e-02
  1.169770697e-03
  2.970490775e-02
  -3.025214466e-01 7.996055556e-01 4.334289760e-01
  -4.394488017e-02 9.003041394e-02 -1.563942266e-01
  -1.171872549e-01 -1.260694989e-01 1.173577342e-01
 Node:         83
  0.1234E+03  0.1130E+03  0.4725E+03 -0.2557E-01
  -0.03804
  -0.002348
   0.009586
   0.03224
   0.009824
  -0.02378
  1.453530000e-02
  -2.052538562e-03
  -5.585962092e-02
  6.421535971e-02
  -1.445895316e-02
  3.027141087e-02
  7.746457516e-02 5.703552288e-01 1.529933878e-01
  -4.175757081e-01 2.129004575e-01 -5.355888889e-01
  -7.581860566e-01 -1.987565251e-01 6.081473856e-01
 Node:         84
  0.1187E+03  0.1123E+03  0.4849E+03 -0.2557E-01
  -0.005434
   7.054E-4
   5.748E-4
   0.01269
  -5.239E-4
  -0.02278
  1.712563486e-03
  1.670827190e-04
  -2.463764902e-02
  2.575239103e-02
  -7.586000938e-03
  1.213979356e-02
  -5.700057734e-01 -1.316689542e-01 -2.691790850e-01
  1.329469499e-01 -5.627420479e-01 1.275753813e-01
  2.703194989e-01 -1.417291939e-01 -8.013519608e-01
 Node:         85
  0.1302E+03  0.1162E+03  0.4559E+03 -0.2557E-01
  -0.02919
  -0.01447
   0.03345
   0.009018
   0.03327
   0.008942
  5.234829630e-02
  -5.207698148e-03
  -3.546743791e-02
  7.748678480e-02
  3.891053413e-03
  3.652762066e-02
  -2.301371678e-01 6.978934641e-01 4.017218519e-01
  -1.000772331e-01 2.079706100e-01 -1.405652505e-01
  2.545528322e-01 -6.937309368e-02 4.865751634e-02
 Node:         86
  0.1252E+03  0.1138E+03  0.4709E+03 -0.2557E-01
  -0.03068
   0.01914
   0.07436
   0.05801
   0.03084
  -0.01603
  8.765099782e-02
  9.415806013e-03
  -7.250167429e-02
  1.394662637e-01
  8.188376514e-03
  6.574502720e-02
  -2.458639760e-01 -7.122255991e-01 -3.414782135e-01
  4.586258170e-01 -4.796657952e-01 6.774088235e-01
  6.509546841e-01 4.015647930e-02 -5.974778867e-01
 Node:         87
  0.1217E+03  0.1126E+03  0.4834E+03 -0.2557E-01
  -0.00993
   3.226E-4
   0.00208
   0.0158
  -0.002645
  -0.02024
  3.357796078e-03
  4.228237200e-04
  -2.649985011e-02
  2.877381325e-02
  -7.573076770e-03
  1.356410565e-02
  -3.947370370e-01 6.771120479e-01 -3.393559085e-01
  5.744140523e-01 4.929232026e-01 4.506620915e-01
  5.769218954e-01 -2.108443355e-02 -6.726413943e-01
 Node:         88
  0.1338E+03  0.1169E+03  0.4542E+03 -0.2557E-01
  -0.06059
  -0.01939
   0.0286
   0.006321
   0.04517
   0.04634
  7.289591939e-02
  -2.624203159e-03
  -5.855381808e-02
  1.144318111e-01
  3.905966049e-03
  5.394367309e-02
  -1.182633246e-01 6.668614379e-01 7.194043573e-01
  -8.082527233e-02 4.565769336e-01 -2.752374728e-01
  3.161116558e-01 6.554618736e-02 -2.373485839e-02
 Node:         89
  0.1270E+03  0.1150E+03  0.4692E+03 -0.2557E-01
  -0.06691
   0.003176
   0.01489
   0.02585
   0.01208
  -0.00456
  2.351072004e-02
  -3.660542919e-03
  -6.484105229e-02
  7.924434953e-02
  -1.499695839e-02
  3.735614462e-02
  4.232332244e-02 8.204962963e-01 4.680287582e-01
  -2.746277778e-01 4.443409586e-01 -7.251800654e-01
  -7.786655773e-01 -4.669843137e-03 3.193506972e-01
 Node:         90
  0.1248E+03  0.1132E+03  0.4822E+03 -0.2557E-01
  -0.01673
   0.00899
  -0.004085
   0.008244
  -0.004563
  -0.004908
  1.525000218e-03
  -5.991582789e-04
  -2.133114641e-02
  2.223819949e-02
  -6.801768155e-03
  1.048318777e-02
  1.356062418e-01 3.785848584e-01 4.570950980e-02
  1.001781373e-01 -2.804383442e-02 2.893529412e-01
  -6.729693900e-01 4.194601307e-01 4.290665577e-01
 Node:         91
  0.1261E+03  0.1264E+03  0.4549E+03 -0.2557E-01
  -0.05388
   0.01504
   0.07991
  -0.008112
   0.03407
  -0.002123
  8.464875381e-02
  -1.033821786e-02
  -5.758582571e-02
  1.255056075e-01
  5.574903413e-03
  5.916391078e-02
  3.946724401e-02 3.413869281e-01 1.219664161e-01
  -1.322029412e-01 -1.363565359e-01 4.440142702e-01
  4.020843137e-01 -1.138379085e-01 9.530261438e-02
 Node:         92
  0.1210E+03  0.1235E+03  0.4726E+03 -0.2557E-01
  -0.04245
  -0.002721
   0.03748
   4.569E-4
   0.02379
   0.01726
  4.929177778e-02
  1.285330937e-03
  -3.992614706e-02
  7.743701760e-02
  3.550320552e-03
  3.650416017e-02
  8.556931373e-03 -5.270096950e-01 -3.487608932e-01
  1.765372549e-02 -3.665738562e-01 5.673803922e-01
  -6.494673203e-01 -2.451815599e-02 1.978577342e-02
 Node:         93
  0.1159E+03  0.1217E+03  0.4877E+03 -0.2557E-01
  -0.004303
  -0.002326
   0.002416
   0.003131
   0.005025
  -0.001015
  7.356789760e-03
  -3.412543791e-04
  -8.411846078e-03
  1.395152377e-02
  -4.654368991e-04
  6.576811376e-03
  -2.235313725e-01 3.057873420e-01 3.952938998e-01
  1.953633442e-01 -1.804391068e-01 2.435421569e-01
  -8.223714597e-02 -1.026614379e-01 2.558221133e-01
 Node:         94
  0.1316E+03  0.1266E+03  0.4538E+03 -0.2557E-01
  -0.06426
   0.01437
   0.08905
  -0.0206
   0.03168
   0.01698
  9.187456754e-02
  8.457284096e-03
  -7.037609150e-02
  1.407317346e-01
  9.985253377e-03
  6.634157591e-02
  7.208163943e-02 2.173796296e-01 1.467269118e-01
  1.140591503e-01 1.167525381e-01 -2.130584967e-01
  5.731581699e-01 -1.010410501e-01 1.638141612e-01
 Node:         95
  0.1251E+03  0.1236E+03  0.4707E+03 -0.2557E-01
  -0.05538
  -0.005014
   0.04823
  -0.005255
   0.0174
   0.03045
  5.578411220e-02
  1.626368800e-02
  -5.186179847e-02
  9.514236926e-02
  6.728667240e-03
  4.485054299e-02
  3.914747277e-02 5.381808279e-02 1.075511983e-01
