 Group name: predicted_strain_L5A4
 #Fields=  16
 1) coordinates, coordinate, rectangular cartesian, #Components=3
   x.  Value index= 1, #Derivatives=0
   y.  Value index= 2, #Derivatives=0
   z.  Value index= 3, #Derivatives=0
 2) Tensor_1, field, rectangular cartesian, #Components=1
   Tensor_1.  Value index= 4, #Derivatives=0
 3) Tensor_2, field, rectangular cartesian, #Components=1
   Tensor_2.  Value index= 5, #Derivatives=0
 4) Tensor_3, field, rectangular cartesian, #Components=1
   Tensor_3.  Value index= 6, #Derivatives=0
 5) Tensor_4, field, rectangular cartesian, #Components=1
   Tensor_4.  Value index= 7, #Derivatives=0
 6) Tensor_5, field, rectangular cartesian, #Components=1
   Tensor_5.  Value index= 8, #Derivatives=0
 7) Tensor_6, field, rectangular cartesian, #Components=1
   Tensor_6.  Value index= 9, #Derivatives=0
 8) Principal_1, field, rectangular cartesian, #Components=1
   Principal_1.  Value index= 10, #Derivatives=0
 9) Principal_2, field, rectangular cartesian, #Components=1
   Principal_2.  Value index= 11, #Derivatives=0
 10) Principal_3, field, rectangular cartesian, #Components=1
   Principal_3.  Value index= 12, #Derivatives=0
 11) VonMises, field, rectangular cartesian, #Components=1
   VonMises.  Value index= 13, #Derivatives=0
 12) Hydrostatic, field, rectangular cartesian, #Components=1
   VonMises.  Value index= 14, #Derivatives=0
 13) Octahedral, field, rectangular cartesian, #Components=1
   VonMises.  Value index= 15, #Derivatives=0
 14) PrincipalVector1, field, rectangular cartesian, #Components=3
   x.  Value index= 16, #Derivatives=0
   y.  Value index= 17, #Derivatives=0
   z.  Value index= 18, #Derivatives=0
 15) PrincipalVector2, field, rectangular cartesian, #Components=3
   x.  Value index= 19, #Derivatives=0
   y.  Value index= 20, #Derivatives=0
   z.  Value index= 21, #Derivatives=0
 16) PrincipalVector3, field, rectangular cartesian, #Components=3
   x.  Value index= 22, #Derivatives=0
   y.  Value index= 23, #Derivatives=0
   z.  Value index= 24, #Derivatives=0
 Node:          1
  0.1287E+03  0.1133E+03  0.4908E+03 -0.1819E-04
  -1.11E-16
  -8.327E-17
  -2.22E-16
  -2.776E-17
  -4.163E-17
  -3.331E-16
  -6.637000000e-17
  -2.400000000e-16
  -3.598000000e-16
  2.555392160e-16
  -2.220566667e-16
  1.204623416e-16
  8.837000000e-01 -4.676000000e-01 -1.897000000e-02
  4.046000000e-01 7.837000000e-01 -4.712000000e-01
  2.352000000e-01 4.088000000e-01 8.818000000e-01
 Node:          2
  0.1292E+03  0.1137E+03  0.5052E+03 -0.1819E-04
  -5.551E-17
  -1.11E-16
  -1.665E-16
  -5.551E-17
   1.943E-16
  -2.776E-16
  8.603000000e-17
  -1.600000000e-16
  -4.256000000e-16
  4.431926093e-16
  -1.665233333e-16
  2.089229996e-16
  -6.554000000e-01 6.199000000e-01 4.313000000e-01
  7.522000000e-01 4.849000000e-01 4.462000000e-01
  -6.744000000e-02 -6.169000000e-01 7.841000000e-01
 Node:          3
  0.1289E+03  0.1155E+03  0.5194E+03 -0.1819E-04
   2.22E-16
   1.388E-16
   3.331E-16
   1.11E-16
   5.551E-17
   2.22E-16
  4.753000000e-16
  2.118000000e-16
  9.006000000e-17
  3.410738448e-16
  2.590533333e-16
  1.607837524e-16
  -5.696000000e-01 -7.144000000e-01 -4.063000000e-01
  2.395000000e-01 -6.172000000e-01 7.494000000e-01
  -7.862000000e-01 3.296000000e-01 5.227000000e-01
 Node:          4
  0.1361E+03  0.1141E+03  0.4915E+03 -0.1819E-04
   0.0
  -2.776E-17
  -1.11E-16
  -2.776E-17
  -8.327E-17
   2.22E-16
  2.435000000e-16
  6.328000000e-18
  -1.388000000e-16
  3.342648530e-16
  3.700933333e-17
  1.575739629e-16
  -8.549000000e-02 -2.215000000e-01 9.714000000e-01
  9.681000000e-01 -2.491000000e-01 2.840000000e-02
  2.357000000e-01 9.428000000e-01 2.357000000e-01
 Node:          5
  0.1341E+03  0.1144E+03  0.5054E+03 -0.1819E-04
   3.331E-16
   1.388E-16
   3.331E-16
   5.551E-17
  -6.939E-17
   4.441E-16
  4.814000000e-16
  4.627000000e-16
  1.662000000e-16
  3.062784517e-16
  3.701000000e-16
  1.443810468e-16
  -3.480000000e-01 -6.443000000e-01 6.810000000e-01
  -6.589000000e-01 -3.487000000e-01 -6.665000000e-01
  6.669000000e-01 -6.807000000e-01 -3.032000000e-01
 Node:          6
  0.1323E+03  0.1162E+03  0.5191E+03 -0.1819E-04
   2.22E-16
   5.551E-17
   2.22E-16
  -5.551E-17
  -2.776E-17
   0.0
  2.897000000e-16
  1.685000000e-16
  -1.402000000e-17
  2.648101478e-16
  1.480600000e-16
  1.248327008e-16
  -7.150000000e-01 -6.696000000e-01 2.012000000e-01
  6.656000000e-01 -7.399000000e-01 -9.741000000e-02
  -2.141000000e-01 -6.426000000e-02 -9.747000000e-01
 Node:          7
  0.1408E+03  0.1171E+03  0.4920E+03 -0.1819E-04
   3.331E-16
   2.22E-16
   2.22E-16
  -8.327E-17
  -1.11E-16
   0.0
  5.398000000e-16
  6.158000000e-17
  -4.631000000e-17
  5.403052621e-16
  1.850233333e-16
  2.547023432e-16
  -7.537000000e-01 -6.111000000e-01 2.419000000e-01
  -6.560000000e-01 6.770000000e-01 -3.335000000e-01
  -4.004000000e-02 4.101000000e-01 9.112000000e-01
 Node:          8
  0.1367E+03  0.1169E+03  0.5055E+03 -0.1819E-04
   2.22E-16
   1.943E-16
   2.22E-16
  -4.025E-16
  -2.359E-16
  -2.22E-16
  6.547000000e-16
  4.477000000e-17
  -4.775000000e-16
  9.814930967e-16
  7.399000000e-17
  4.626802829e-16
  -6.847000000e-01 -5.611000000e-01 4.652000000e-01
  5.685000000e-01 -8.105000000e-01 -1.409000000e-01
  -4.561000000e-01 -1.681000000e-01 -8.739000000e-01
 Node:          9
  0.1339E+03  0.1180E+03  0.5191E+03 -0.1819E-04
   2.22E-16
   1.665E-16
   0.0
  -3.955E-16
  -2.776E-16
   6.661E-16
  1.002000000e-15
  -9.379000000e-18
  -1.046000000e-16
  1.062195387e-15
  2.960070000e-16
  5.007237074e-16
  -4.817000000e-01 -3.073000000e-01 8.207000000e-01
  -8.565000000e-01 -3.292000000e-02 -5.150000000e-01
  -1.853000000e-01 9.510000000e-01 2.474000000e-01
 Node:         10
  0.1294E+03  0.1212E+03  0.4911E+03 -0.1819E-04
   0.0
   2.776E-17
   1.11E-16
  -1.388E-17
   1.249E-16
   1.11E-16
  2.363000000e-16
  2.303000000e-17
  -3.732000000e-17
  2.489920880e-16
  7.400333333e-17
  1.173759959e-16
  4.210000000e-02 7.100000000e-01 7.030000000e-01
  -7.813000000e-01 -4.152000000e-01 4.661000000e-01
  -6.228000000e-01 5.688000000e-01 -5.372000000e-01
 Node:         11
  0.1295E+03  0.1214E+03  0.5055E+03 -0.1819E-04
  -2.22E-16
  -2.776E-17
  -2.22E-16
  -4.163E-17
   1.388E-17
  -1.665E-16
  -1.365000000e-16
  -2.183000000e-16
  -2.558000000e-16
  1.056645163e-16
  -2.035333333e-16
  4.981073066e-17
  -4.935000000e-01 2.929000000e-01 8.189000000e-01
  3.541000000e-01 -7.924000000e-01 4.968000000e-01
  -7.944000000e-01 -5.351000000e-01 -2.873000000e-01
 Node:         12
  0.1295E+03  0.1217E+03  0.5196E+03 -0.1819E-04
   1.11E-16
   0.0
   1.11E-16
   7.633E-17
   2.776E-17
   2.22E-16
  2.649000000e-16
  1.110000000e-16
  6.816000000e-17
  1.792025435e-16
  1.480200000e-16
  8.447688915e-17
  -4.387000000e-01 -1.595000000e-01 -8.844000000e-01
  3.417000000e-01 -9.398000000e-01 -2.255000000e-17
  8.311000000e-01 3.022000000e-01 -4.668000000e-01
 Node:         13
  0.1361E+03  0.1199E+03  0.4914E+03 -0.1819E-04
   1.11E-16
  -1.388E-16
   0.0
  -9.714E-17
   2.776E-17
  -1.665E-16
  2.285000000e-16
  -8.520000000e-17
  -1.988000000e-16
  3.833392362e-16
  -1.850000000e-17
  1.807078489e-16
  8.171000000e-01 -5.252000000e-01 -2.378000000e-01
  4.648000000e-01 8.442000000e-01 -2.671000000e-01
  3.410000000e-01 1.077000000e-01 9.339000000e-01
 Node:         14
  0.1342E+03  0.1198E+03  0.5054E+03 -0.1819E-04
  -5.551E-17
   2.776E-17
   0.0
   5.551E-17
  -9.021E-17
   1.11E-16
  1.672000000e-16
  -4.940000000e-18
  -1.068000000e-16
  2.398787602e-16
  1.848666667e-17
  1.130799320e-16
  1.634000000e-01 -4.472000000e-01 8.794000000e-01
  -6.569000000e-01 -7.144000000e-01 -2.412000000e-01
  -7.361000000e-01 5.382000000e-01 4.105000000e-01
 Node:         15
  0.1330E+03  0.1205E+03  0.5193E+03 -0.1819E-04
   2.22E-16
  -8.327E-17
  -5.551E-17
   1.388E-17
   4.857E-17
   0.0
  2.451000000e-16
  2.471000000e-17
  -1.033000000e-16
  3.052383267e-16
  5.550333333e-17
  1.438907271e-16
  -9.638000000e-01 2.667000000e-01 -1.723000000e-03
  1.157000000e-01 4.239000000e-01 8.983000000e-01
  2.403000000e-01 8.656000000e-01 -4.394000000e-01
 Node:         16
  0.1404E+03  0.1188E+03  0.4918E+03 -0.1819E-04
   2.22E-16
   5.551E-17
   2.22E-16
  -8.327E-17
  -1.457E-16
   4.441E-16
  5.466000000e-16
  1.950000000e-16
  1.465000000e-16
  3.781896482e-16
  2.960333333e-16
  1.782803099e-16
  -2.927000000e-01 -4.328000000e-01 8.526000000e-01
  -9.222000000e-01 -1.077000000e-01 -3.713000000e-01
  -2.526000000e-01 8.950000000e-01 3.676000000e-01
 Node:         17
  0.1365E+03  0.1184E+03  0.5055E+03 -0.1819E-04
  -1.11E-16
   2.776E-17
  -1.11E-16
   9.714E-17
   1.7E-16
   0.0
  1.573000000e-16
  -1.341000000e-16
  -2.452000000e-16
  3.600440390e-16
  -7.400000000e-17
  1.697263877e-16
  3.368000000e-01 5.285000000e-01 7.792000000e-01
  8.927000000e-01 -4.425000000e-01 -8.566000000e-02
  -2.996000000e-01 -7.244000000e-01 6.209000000e-01
 Node:         18
  0.1341E+03  0.1191E+03  0.5192E+03 -0.1819E-04
   0.0
   0.0
   0.0
   2.645E-17
   1.065E-16
   4.441E-16
  4.697000000e-16
  -1.672000000e-33
  -2.562000000e-17
  4.830198634e-16
  1.480266667e-16
  2.276977472e-16
  -5.484000000e-02 -2.207000000e-01 -9.738000000e-01
  9.705000000e-01 -2.411000000e-01 -6.210000000e-17
  -2.348000000e-01 -9.451000000e-01 2.274000000e-01
 Node:         19
  0.1301E+03  0.1291E+03  0.4914E+03  0.0000E+00
   1.11E-16
   0.0
   1.11E-16
   2.101E-19
   1.001E-17
  -2.22E-16
  1.113000000e-16
  1.110000000e-16
  -2.223000000e-16
  3.334501012e-16
  0.000000000e+00
  1.571898852e-16
  -2.096000000e-02 -9.993000000e-01 -3.003000000e-02
  9.998000000e-01 -2.097000000e-02 1.345000000e-19
  6.298000000e-04 3.003000000e-02 -9.995000000e-01
 Node:         20
  0.1299E+03  0.1291E+03  0.5058E+03  0.0000E+00
   2.22E-16
   0.0
   0.0
   1.041E-17
   1.924E-17
  -5.551E-17
  2.224000000e-16
  5.975000000e-18
  -6.188000000e-17
  2.571567616e-16
  5.549833333e-17
  1.212248600e-16
  -9.993000000e-01 -3.257000000e-03 -3.765000000e-02
  1.428000000e-02 -9.549000000e-01 -2.965000000e-01
  -3.498000000e-02 -2.968000000e-01 9.543000000e-01
 Node:         21
  0.1301E+03  0.1280E+03  0.5197E+03  0.0000E+00
   1.11E-16
   0.0
   0.0
   4.163E-17
   1.475E-17
   1.11E-16
  1.534000000e-16
  7.089000000e-17
  -2.220000000e-18
  1.348528023e-16
  7.402333333e-17
  6.357022067e-17
  -6.994000000e-01 -6.840000000e-02 -7.114000000e-01
  -7.126000000e-01 1.429000000e-01 6.869000000e-01
  -5.465000000e-02 -9.874000000e-01 1.487000000e-01
 Node:         22
  0.1360E+03  0.1256E+03  0.4913E+03  0.0000E+00
  -2.22E-16
   1.388E-17
  -1.11E-16
  -1.388E-17
   1.006E-16
   1.11E-16
  1.500000000e-16
  -1.456000000e-16
  -2.264000000e-16
  3.432090908e-16
  -7.400000000e-17
  1.617903170e-16
  -2.144000000e-02 3.586000000e-01 9.332000000e-01
  2.280000000e-01 9.106000000e-01 -3.447000000e-01
  -9.734000000e-01 2.054000000e-01 -1.013000000e-01
 Node:         23
  0.1343E+03  0.1253E+03  0.5054E+03  0.0000E+00
   0.0
   2.082E-17
  -4.441E-16
   0.0
   1.314E-16
  -1.665E-16
  1.265000000e-18
  -1.147000000e-16
  -4.972000000e-16
  4.517861704e-16
  -2.035450000e-16
  2.129740431e-16
  9.970000000e-01 6.061000000e-02 4.746000000e-02
  6.644000000e-02 -3.661000000e-01 -9.282000000e-01
  3.888000000e-02 -9.286000000e-01 3.690000000e-01
 Node:         24
  0.1336E+03  0.1248E+03  0.5194E+03  0.0000E+00
  -2.22E-16
   1.214E-17
   0.0
   1.388E-17
   8.674E-19
  -1.665E-16
  6.779000000e-19
  -1.633000000e-16
  -2.259000000e-16
  2.026635839e-16
  -1.295073667e-16
  9.553652964e-17
  -5.504000000e-02 -9.984000000e-01 -9.747000000e-03
  2.257000000e-01 -2.195000000e-02 9.740000000e-01
  -9.726000000e-01 5.141000000e-02 2.265000000e-01
 Node:         25
  0.1400E+03  0.1206E+03  0.4917E+03  0.0000E+00
   0.0
   2.671E-16
  -1.11E-16
  -8.327E-17
  -1.301E-16
   2.22E-16
  3.681000000e-16
  7.580000000e-17
  -3.329000000e-16
  6.098671905e-16
  3.700000000e-17
  2.874941507e-16
  5.089000000e-01 4.781000000e-01 -7.159000000e-01
  6.086000000e-01 3.883000000e-01 6.920000000e-01
  6.088000000e-01 -7.878000000e-01 -9.334000000e-02
 Node:         26
  0.1363E+03  0.1200E+03  0.5055E+03  0.0000E+00
   2.22E-16
   1.076E-16
  -6.106E-16
   2.776E-17
  -1.124E-15
  -5.551E-17
  8.281000000e-16
  2.248000000e-16
  -1.497000000e-15
  2.089815320e-15
  -1.480333333e-16
  9.851483893e-16
  7.371000000e-02 6.174000000e-01 -7.832000000e-01
  9.955000000e-01 1.018000000e-03 9.449000000e-02
  -5.914000000e-02 7.866000000e-01 6.146000000e-01
 Node:         27
  0.1343E+03  0.1203E+03  0.5192E+03  0.0000E+00
   2.22E-16
  -1.943E-16
   2.22E-16
  -1.041E-16
   1.313E-15
   0.0
  1.466000000e-15
  1.875000000e-16
  -1.209000000e-15
  2.317369144e-15
  1.481666667e-16
  1.092418291e-15
  -1.693000000e-01 7.280000000e-01 6.643000000e-01
  9.848000000e-01 9.849000000e-02 1.431000000e-01
  3.876000000e-02 6.785000000e-01 -7.336000000e-01
 Node:         28
  0.1155E+03  0.1124E+03  0.4931E+03 -0.1075E-03
  -2.22E-16
   3.816E-17
   2.22E-16
  -5.551E-17
   5.551E-17
   1.11E-16
  2.455000000e-16
  1.014000000e-16
  -2.359000000e-16
  4.279497985e-16
  3.700000000e-17
  2.017374697e-16
  3.184000000e-02 9.284000000e-01 3.701000000e-01
  1.988000000e-01 3.571000000e-01 -9.127000000e-01
  9.795000000e-01 -1.026000000e-01 1.732000000e-01
 Node:         29
  0.1119E+03  0.1139E+03  0.5068E+03 -0.1075E-03
  -2.22E-16
  -2.082E-17
   0.0
   5.551E-17
   6.939E-18
  -3.331E-16
  1.944000000e-18
  -2.004000000e-16
  -3.566000000e-16
  3.113642034e-16
  -1.850186667e-16
  1.467784931e-16
  -9.118000000e-02 9.958000000e-01 5.517000000e-03
  -9.179000000e-01 -8.189000000e-02 -3.884000000e-01
  -3.863000000e-01 -4.048000000e-02 9.215000000e-01
 Node:         30
  0.1113E+03  0.1159E+03  0.5206E+03 -0.1075E-03
   2.22E-16
   1.249E-16
   2.22E-16
   0.0
  -2.776E-17
   1.11E-16
  3.486000000e-16
  1.238000000e-16
  8.277000000e-17
  2.478750591e-16
  1.850566667e-16
  1.168494234e-16
  -7.001000000e-01 -7.092000000e-01 8.287000000e-02
  -4.685000000e-01 3.686000000e-01 -8.029000000e-01
  -5.389000000e-01 6.009000000e-01 5.903000000e-01
 Node:         31
  0.1203E+03  0.1126E+03  0.4920E+03 -0.1075E-03
  -5.551E-17
   9.714E-17
  -1.11E-16
   2.776E-17
   4.163E-17
  -5.551E-17
  4.114000000e-17
  -7.661000000e-17
  -1.866000000e-16
  1.972667866e-16
  -7.402333333e-17
  9.299245501e-17
  -6.956000000e-01 -5.654000000e-01 -4.433000000e-01
  4.358000000e-01 1.585000000e-01 -8.860000000e-01
  5.712000000e-01 -8.095000000e-01 1.362000000e-01
 Node:         32
  0.1188E+03  0.1134E+03  0.5062E+03 -0.1075E-03
   2.22E-16
  -1.388E-17
  -1.11E-16
  -2.776E-17
   9.714E-17
  -5.551E-17
  2.266000000e-16
  1.331000000e-17
  -1.844000000e-16
  3.560216764e-16
  1.850333333e-17
  1.678302278e-16
  -9.894000000e-01 7.624000000e-02 1.236000000e-01
  1.445000000e-01 5.992000000e-01 7.875000000e-01
  1.402000000e-02 -7.970000000e-01 6.038000000e-01
 Node:         33
  0.1183E+03  0.1150E+03  0.5201E+03 -0.1075E-03
   1.11E-16
   5.551E-17
   0.0
   8.327E-17
   0.0
   0.0
  1.700000000e-16
  0.000000000e+00
  -5.893000000e-17
  2.058903711e-16
  3.702333333e-17
  9.705765171e-17
  -8.617000000e-01 -2.815000000e-01 -4.222000000e-01
  0.000000000e+00 -8.321000000e-01 5.547000000e-01
  -5.074000000e-01 4.780000000e-01 7.170000000e-01
 Node:         34
  0.1255E+03  0.1129E+03  0.4909E+03 -0.1075E-03
   0.0
   0.0
   0.0
   5.551E-17
   9.714E-17
   0.0
  1.119000000e-16
  3.387000000e-33
  -1.119000000e-16
  1.938164854e-16
  0.000000000e+00
  9.136596741e-17
  -3.508000000e-01 -6.139000000e-01 -7.071000000e-01
  8.682000000e-01 -4.961000000e-01 -4.855000000e-17
  -3.508000000e-01 -6.139000000e-01 7.071000000e-01
 Node:         35
  0.1260E+03  0.1135E+03  0.5054E+03 -0.1075E-03
   0.0
   1.11E-16
  -1.11E-16
   1.11E-16
   2.498E-16
  -1.11E-16
  2.410000000e-16
  -1.023000000e-16
  -3.608000000e-16
  5.228959648e-16
  -7.403333333e-17
  2.464955217e-16
  5.458000000e-01 5.925000000e-01 5.925000000e-01
  8.379000000e-01 -3.859000000e-01 -3.859000000e-01
  -4.975000000e-17 -7.071000000e-01 7.071000000e-01
 Node:         36
  0.1257E+03  0.1153E+03  0.5196E+03 -0.1075E-03
   0.0
  -5.551E-17
   0.0
  -5.551E-17
   8.327E-17
   0.0
  1.305000000e-16
  -4.723000000e-17
  -8.327000000e-17
  1.982226619e-16
  0.000000000e+00
  9.344305895e-17
  -5.155000000e-01 6.059000000e-01 6.059000000e-01
  8.569000000e-01 3.645000000e-01 3.645000000e-01
  -1.256000000e-16 7.071000000e-01 -7.071000000e-01
 Node:         37
  0.1132E+03  0.1210E+03  0.4959E+03 -0.1075E-03
  -2.22E-16
   1.388E-16
  -2.22E-16
  -8.327E-17
   1.804E-16
  -2.776E-16
  -4.482000000e-17
  -1.622000000e-16
  -5.146000000e-16
  4.234720019e-16
  -2.405400000e-16
  1.996266161e-16
  3.971000000e-01 7.887000000e-01 4.693000000e-01
  -7.874000000e-01 3.010000000e-02 6.157000000e-01
  4.715000000e-01 -6.140000000e-01 6.330000000e-01
 Node:         38
  0.1111E+03  0.1204E+03  0.5085E+03 -0.1075E-03
  -1.665E-16
   9.714E-17
   0.0
  -2.776E-17
  -8.327E-17
  -2.22E-16
  7.071000000e-17
  -2.091000000e-16
  -2.502000000e-16
  3.024616291e-16
  -1.295300000e-16
  1.425817793e-16
  -3.916000000e-01 -8.746000000e-01 2.859000000e-01
  9.154000000e-01 -3.389000000e-01 2.170000000e-01
  9.287000000e-02 -3.467000000e-01 -9.334000000e-01
 Node:         39
  0.1119E+03  0.1201E+03  0.5207E+03 -0.1075E-03
  -5.551E-17
  -9.714E-17
  -3.331E-16
  -8.327E-17
  -7.633E-17
  -1.11E-16
  8.934000000e-18
  -1.105000000e-16
  -3.981000000e-16
  3.623913061e-16
  -1.665553333e-16
  1.708329000e-16
  8.510000000e-01 -1.281000000e-01 -5.092000000e-01
  4.076000000e-01 -4.503000000e-01 7.944000000e-01
  -3.311000000e-01 -8.836000000e-01 -3.310000000e-01
 Node:         40
  0.1191E+03  0.1220E+03  0.4937E+03 -0.1075E-03
   0.0
   8.327E-17
  -2.22E-16
   8.327E-17
  -1.388E-17
  -2.22E-16
  4.872000000e-17
  -2.082000000e-16
  -2.846000000e-16
  3.024459198e-16
  -1.480266667e-16
  1.425743739e-16
  -9.240000000e-01 -2.703000000e-01 -2.703000000e-01
  0.000000000e+00 -7.071000000e-01 7.071000000e-01
  3.823000000e-01 -6.534000000e-01 -6.534000000e-01
 Node:         41
  0.1182E+03  0.1217E+03  0.5073E+03 -0.1075E-03
   0.0
  -2.776E-17
  -5.551E-17
   5.551E-17
   9.714E-17
   1.11E-16
  1.653000000e-16
  1.073000000e-17
  -1.206000000e-16
  2.478691830e-16
  1.847666667e-17
  1.168466534e-16
  2.406000000e-01 3.653000000e-01 8.993000000e-01
  -8.901000000e-01 4.526000000e-01 5.428000000e-02
  -3.871000000e-01 -8.135000000e-01 4.340000000e-01
 Node:         42
  0.1187E+03  0.1212E+03  0.5204E+03 -0.1075E-03
   0.0
  -5.551E-17
  -1.11E-16
   0.0
   5.551E-17
   1.11E-16
  1.256000000e-16
  1.887000000e-17
  -1.444000000e-16
  2.355296009e-16
  2.333333333e-20
  1.110297186e-16
  1.113000000e-01 -2.517000000e-01 -9.614000000e-01
  9.295000000e-01 -3.159000000e-01 1.903000000e-01
  -3.516000000e-01 -9.148000000e-01 1.988000000e-01
 Node:         43
  0.1258E+03  0.1217E+03  0.4915E+03 -0.1075E-03
   2.22E-16
   1.11E-16
   1.11E-16
  -1.388E-17
   0.0
  -5.551E-17
  2.911000000e-16
  4.294000000e-17
  -5.645000000e-17
  3.100425456e-16
  9.253000000e-17
  1.461554576e-16
  -8.507000000e-01 -5.246000000e-01 3.406000000e-02
  -5.213000000e-01 8.502000000e-01 7.348000000e-02
  6.751000000e-02 -4.475000000e-02 9.967000000e-01
 Node:         44
  0.1259E+03  0.1220E+03  0.5059E+03 -0.1075E-03
  -2.22E-16
   1.388E-16
  -2.22E-16
   9.714E-17
   1.11E-16
  -1.11E-16
  5.081000000e-17
  -2.445000000e-16
  -3.614000000e-16
  3.679610647e-16
  -1.850300000e-16
  1.734585094e-16
  -5.113000000e-01 -5.340000000e-01 -6.733000000e-01
  -5.198000000e-01 -4.318000000e-01 7.372000000e-01
  -6.844000000e-01 7.269000000e-01 -5.679000000e-02
 Node:         45
  0.1261E+03  0.1221E+03  0.5198E+03 -0.1075E-03
  -5.551E-17
  -8.327E-17
  -2.776E-16
   2.776E-17
  -6.939E-18
   1.11E-16
  1.167000000e-16
  -3.339000000e-17
  -3.053000000e-16
  3.705037491e-16
  -7.399666667e-17
  1.746571423e-16
  1.854000000e-01 -5.643000000e-02 9.810000000e-01
  9.302000000e-01 -3.117000000e-01 -1.938000000e-01
  -3.167000000e-01 -9.485000000e-01 5.308000000e-03
 Node:         46
  0.1117E+03  0.1296E+03  0.4959E+03  0.0000E+00
  -5.551E-17
   2.776E-17
  -1.665E-16
   6.939E-18
  -2.602E-17
   0.0
  4.101000000e-18
  -4.897000000e-17
  -1.772000000e-16
  1.614458370e-16
  -7.402300000e-17
  7.610629740e-17
  4.856000000e-02 -1.429000000e-01 9.886000000e-01
  9.724000000e-01 2.327000000e-01 -1.414000000e-02
  -2.280000000e-01 9.620000000e-01 1.502000000e-01
 Node:         47
  0.1107E+03  0.1269E+03  0.5087E+03  0.0000E+00
  -1.665E-16
  -3.123E-17
   1.11E-16
  -2.776E-17
   3.99E-17
   0.0
  1.289000000e-16
  -1.114000000e-17
  -1.732000000e-16
  2.618578385e-16
  -1.848000000e-17
  1.234409689e-16
  -1.292000000e-01 9.390000000e-01 3.186000000e-01
  -1.008000000e-01 -3.321000000e-01 9.379000000e-01
  -9.865000000e-01 -8.906000000e-02 -1.376000000e-01
 Node:         48
  0.1125E+03  0.1242E+03  0.5208E+03  0.0000E+00
   1.11E-16
   3.469E-18
   1.11E-16
   0.0
  -1.735E-18
   1.11E-16
  1.149000000e-16
  1.110000000e-16
  1.071000000e-16
  6.754998150e-18
  1.110000000e-16
  3.184336666e-18
  -6.325000000e-01 -7.071000000e-01 3.162000000e-01
  4.472000000e-01 -4.455000000e-15 8.944000000e-01
  -6.325000000e-01 7.071000000e-01 3.162000000e-01
 Node:         49
  0.1186E+03  0.1311E+03  0.4938E+03  0.0000E+00
  -1.665E-16
  -2.082E-17
   0.0
  -4.163E-17
  -6.072E-18
  -5.551E-17
  2.581000000e-18
  -4.165000000e-17
  -1.830000000e-16
  1.678935845e-16
  -7.402300000e-17
  7.914579474e-17
  1.174000000e-01 -9.929000000e-01 1.965000000e-02
  -3.135000000e-01 -1.827000000e-02 9.494000000e-01
  -9.423000000e-01 -1.176000000e-01 -3.134000000e-01
 Node:         50
  0.1180E+03  0.1298E+03  0.5075E+03  0.0000E+00
   0.0
  -1.301E-17
   3.331E-16
  -4.163E-17
   1.247E-17
   2.22E-16
  3.354000000e-16
  2.276000000e-16
  -7.879000000e-18
  3.040655121e-16
  1.850403333e-16
  1.433378570e-16
  5.441000000e-02 -9.902000000e-01 -1.289000000e-01
  -1.707000000e-01 -1.364000000e-01 9.758000000e-01
  9.838000000e-01 3.109000000e-02 1.765000000e-01
 Node:         51
  0.1192E+03  0.1275E+03  0.5206E+03  0.0000E+00
   0.0
  -3.469E-18
  -5.551E-17
   0.0
   1.475E-17
   1.11E-16
  1.123000000e-16
  2.087000000e-19
  -5.702000000e-17
  1.491791642e-16
  1.849623333e-17
  7.032373239e-17
  -2.705000000e-03 8.758000000e-02 9.962000000e-01
  9.982000000e-01 -6.004000000e-02 7.989000000e-03
  -6.051000000e-02 -9.943000000e-01 8.725000000e-02
 Node:         52
  0.1262E+03  0.1305E+03  0.4920E+03  0.0000E+00
   1.11E-16
  -1.388E-17
   1.11E-16
   1.301E-18
   4.906E-18
   0.0
  1.250000000e-16
  9.734000000e-17
  -2.497000000e-19
  1.139655924e-16
  7.403010000e-17
  5.372389547e-17
  -7.047000000e-01 7.092000000e-01 2.051000000e-02
  7.093000000e-01 7.034000000e-01 4.493000000e-02
  -1.744000000e-02 -4.621000000e-02 9.988000000e-01
 Node:         53
  0.1258E+03  0.1304E+03  0.5063E+03  0.0000E+00
  -1.665E-16
  -1.735E-18
  -1.11E-16
   2.776E-17
   3.383E-17
  -2.22E-16
  -1.010000000e-16
  -1.572000000e-16
  -2.414000000e-16
  1.223933005e-16
  -1.665333333e-16
  5.769675516e-17
  9.684000000e-02 9.526000000e-01 2.883000000e-01
  -9.346000000e-01 1.866000000e-01 -3.027000000e-01
  -3.422000000e-01 -2.402000000e-01 9.084000000e-01
 Node:         54
  0.1265E+03  0.1288E+03  0.5200E+03  0.0000E+00
  -2.22E-16
   2.082E-17
   1.11E-16
   0.0
  -4.337E-18
   1.11E-16
  1.160000000e-16
  1.073000000e-16
  -2.233000000e-16
  3.350347295e-16
  0.000000000e+00
  1.579368861e-16
  -4.656000000e-02 -7.562000000e-01 6.527000000e-01
  -4.117000000e-02 -6.514000000e-01 -7.576000000e-01
  -9.981000000e-01 6.215000000e-02 8.061000000e-04
 Node:         55
  0.1382E+03  0.1168E+03  0.4532E+03  0.8493E-02
  -0.04149
  -0.0172
   0.04945
  -0.001127
   0.02731
   0.002207
  7.547236888e-02
  1.004327970e-02
  -6.586104534e-02
  1.243436426e-01
  6.551534415e-03
  5.861615524e-02
  1.521185729e-01 -2.684553838e-01 -1.250424008e-01
  3.270678928e-01 2.742039155e-02 5.219141680e-01
  -3.654162084e-01 -1.327036888e-01 2.996339155e-01
 Node:         56
  0.1314E+03  0.1156E+03  0.4687E+03  0.8493E-02
  -0.03707
  -0.007485
   0.02749
   0.006013
   0.007305
  -0.01049
  4.037647604e-02
  -1.128036425e-03
  -5.928608552e-02
  8.870702464e-02
  -6.679215301e-03
  4.181689244e-02
  -1.505711865e-01 2.582662030e-01 7.975176713e-02
  2.290614116e-01 2.774536662e-01 1.313501288e-02
  -4.874465842e-01 -9.469071613e-02 4.343174652e-01
 Node:         57
  0.1285E+03  0.1140E+03  0.4823E+03  0.8493E-02
  -0.007186
   0.002158
   0.001273
   0.002336
  -0.001501
  -0.001935
  6.008897630e-03
  -7.916857903e-04
  -1.500275425e-02
  1.964673025e-02
  -3.261847470e-03
  9.261557459e-03
  -3.670345698e-01 -3.080228748e-01 3.334595003e-01
  4.814054611e-01 4.358277898e-01 4.598877785e-01
  -4.259914477e-01 1.543125039e-01 5.277810922e-01
 Node:         58
  0.1482E+03  0.1179E+03  0.4530E+03  0.8493E-02
  -0.04563
  -0.033
   0.08843
  -0.005894
   0.02021
  -0.04206
  1.134811242e-01
  -1.206202159e-02
  -8.969715868e-02
  1.812178476e-01
  3.907314632e-03
  8.542691258e-02
  1.049467800e-01 -1.656460587e-02 -4.890747038e-03
  3.952016198e-01 1.717727460e-01 5.035650644e-01
  -7.523729521e-02 -5.051015971e-02 3.166994487e-01
 Node:         59
  0.1418E+03  0.1167E+03  0.4692E+03  0.8493E-02
  -0.02631
  -0.03343
   0.06463
  -0.009683
   0.01828
  -0.02247
  9.551723081e-02
  -1.451625176e-02
  -6.471787841e-02
  1.427327956e-01
  5.427700211e-03
  6.728488510e-02
  -1.173907779e-01 -1.189353941e-01 3.546118496e-02
  3.393784647e-01 2.661615224e-01 4.747033498e-01
  2.151078825e-01 -6.709746522e-02 4.489901164e-01
 Node:         60
  0.1375E+03  0.1150E+03  0.4832E+03  0.8493E-02
   2.306E-4
  -0.009377
   0.01264
  -0.003145
   0.003798
  -3.283E-4
  2.348248789e-02
  -1.507300416e-03
  -1.116334482e-02
  3.154175467e-02
  3.603947551e-03
  1.486892575e-02
  -4.462496651e-01 7.334994848e-01 1.862919155e-01
  1.894543019e-01 1.820729006e-01 4.037877321e-01
  2.974037609e-01 7.522252602e-02 1.689433179e-01
 Node:         61
  0.1553E+03  0.1224E+03  0.4526E+03  0.8493E-02
  -0.004331
  -0.02894
   0.0425
  -0.01576
   0.0168
  -0.08231
  8.522168521e-02
  -2.970689320e-02
  -9.663838743e-02
  1.605684161e-01
  -1.370786514e-02
  7.569267723e-02
  -2.624551777e-01 3.770304997e-01 3.387300361e-02
  6.388639361e-01 5.255108707e-01 -1.991232715e-01
  1.191724266e-01 5.336922669e-02 8.647771767e-01
 Node:         62
  0.1492E+03  0.1204E+03  0.4694E+03  0.8493E-02
   0.03124
  -0.05608
   0.05736
  -0.02159
   0.02119
  -0.04213
  1.215986914e-01
  -1.630705028e-02
  -6.142461463e-02
  1.654736102e-01
  1.462234216e-02
  7.800500794e-02
  -4.373943328e-01 3.614139619e-01 1.815700927e-01
  5.571659454e-01 3.507873261e-01 5.653817476e-03
  4.388670788e-02 7.158448016e-02 -1.468172385e-01
 Node:         63
  0.1436E+03  0.1181E+03  0.4838E+03  0.8493E-02
   0.01417
  -0.02103
   0.02332
  -0.004822
   0.007297
  -0.003317
  4.455658372e-02
  -1.624969778e-03
  -9.475861721e-03
  5.079908836e-02
  1.115191741e-02
  2.394691991e-02
  -3.354802679e-01 4.164752190e-01 2.281607687e-01
  3.509051520e-01 3.851346110e-01 -1.375652962e-01
  -2.607951674e-01 -2.944781762e-01 7.770400824e-01
 Node:         64
  0.1413E+03  0.1253E+03  0.4520E+03  0.8493E-02
  -0.05241
  -0.001385
   0.06561
  -0.01097
   0.00885
  -0.02533
  7.252029933e-02
  -2.104172514e-02
  -6.239317826e-02
  1.208121687e-01
  -3.638201357e-03
  5.695140247e-02
  1.095277692e-02 4.490102524e-01 5.313741680e-02
  5.710118496e-02 1.886013395e-02 -6.862612056e-02
  2.126330757e-01 4.103286759e-02 7.586946935e-02
 Node:         65
  0.1341E+03  0.1229E+03  0.4682E+03  0.8493E-02
  -0.0236
  -0.01497
   0.05154
  -0.00809
   0.005334
  -0.01654
  6.264344204e-02
  -1.234651880e-02
  -3.867361103e-02
  9.140016906e-02
  3.874437403e-03
  4.308645289e-02
  1.883796188e-01 -3.078645028e-01 -4.168453375e-02
  -2.079058423e-01 -1.559924987e-01 3.758217929e-01
  -5.436955178e-02 -4.585736218e-02 -1.289164554e-01
 Node:         66
  0.1299E+03  0.1214E+03  0.4825E+03  0.8493E-02
   0.002571
  -0.005718
   0.01038
  -4.041E-4
   3.955E-4
  -0.001735
  1.527064915e-02
  -7.500381710e-04
  -3.552624626e-03
  1.771620224e-02
  3.655995451e-03
  8.351497826e-03
  -4.541428490e-01 8.557178259e-01 3.970451829e-02
  5.044592478e-01 4.045673879e-01 -1.023140649e-01
  1.824300361e-01 3.070152499e-02 3.589648120e-01
 Node:         67
  0.1499E+03  0.1246E+03  0.4521E+03  0.8493E-02
  -0.04557
  -0.02176
   0.06011
  -0.01003
   0.00749
  -0.0383
  7.108510665e-02
  -1.311580938e-02
  -7.403515971e-02
  1.282810502e-01
  -5.355287481e-03
  6.047226698e-02
  3.427114889e-02 -2.334487378e-01 -7.820091705e-02
  3.738884699e-01 1.241813498e-02 3.793723442e-01
  -2.422828173e-01 -4.101049098e-02 8.501123132e-02
 Node:         68
  0.1432E+03  0.1225E+03  0.4687E+03  0.8493E-02
  -0.003338
  -0.04266
   0.05847
  -0.01885
   0.01289
  -0.02251
  9.220655332e-02
  -3.790406450e-03
  -5.190378053e-02
  1.279435692e-01
  1.217078878e-02
  6.031317695e-02
  -2.333848532e-01 3.388287481e-01 8.065095312e-02
  1.681752767e-01 1.322310665e-01 3.963109737e-01
  4.820715611e-01 1.333196129e-01 5.208787635e-01
 Node:         69
  0.1380E+03  0.1205E+03  0.4831E+03  0.8493E-02
   0.01045
  -0.01478
   0.01609
  -0.005981
   0.005034
  -4.601E-4
  3.255322772e-02
  -3.715106079e-04
  -5.531616538e-03
  3.585425404e-02
  8.883366857e-03
  1.690185745e-02
  -6.345341577e-01 7.127393096e-01 2.371999820e-01
  2.345771216e-01 2.707083977e-01 3.405519526e-01
  5.842780010e-01 2.352285781e-01 5.072747347e-01
 Node:         70
  0.1555E+03  0.1245E+03  0.4524E+03  0.8493E-02
  -0.03099
  -0.02696
   0.01564
  -0.02707
   0.01935
  -0.01852
  6.405354353e-02
  -9.998059852e-03
  -8.120122875e-02
  1.267605462e-01
  -9.048581688e-03
  5.975549455e-02
  8.653297269e-02 -1.451282329e-01 -1.187285368e-01
  -3.628955693e-02 -4.561404431e-01 3.583905770e-01
  -4.736277177e-02 -5.852495106e-02 2.908515198e-01
 Node:         71
  0.1494E+03  0.1224E+03  0.4693E+03  0.8493E-02
   0.0256
  -0.05001
   0.03996
  -0.04628
   0.0287
  -0.006415
  1.184040366e-01
  4.399840804e-04
  -5.581414992e-02
  1.547267709e-01
  2.100995691e-02
  7.293889927e-02
  -4.924051520e-01 3.869646574e-01 2.683172076e-01
  1.057438588e-01 -4.572941783e-02 2.976710665e-01
  5.697693972e-01 1.351793560e-01 6.368082432e-01
 Node:         72
  0.1435E+03  0.1199E+03  0.4837E+03  0.8493E-02
   0.02114
  -0.01981
   0.014
  -0.01403
   0.008487
   0.002881
  4.685656723e-02
  -1.387114374e-04
  -7.812251417e-03
  5.132096666e-02
  1.296853479e-02
  2.419293569e-02
  -7.299192169e-01 5.622177743e-01 3.585744977e-01
  1.453563582e-01 1.547589387e-01 3.610037646e-01
  4.131822257e-01 2.144693735e-01 3.382589490e-01
 Node:         73
  0.1444E+03  0.1339E+03  0.4513E+03  0.0000E+00
   0.03397
  -0.007324
  -0.04825
  -1.732E-4
  -5.881E-4
   0.03194
  4.647167800e-02
  2.417564325e-02
  -5.246072334e-02
  9.110842723e-02
  6.062199303e-03
  4.294892448e-02
  -2.570663060e-01 -1.971215095e-02 4.835280268e-01
  6.585798042e-01 -1.195854482e-01 -4.336512107e-02
  -6.887025039e-02 -4.408579598e-01 -4.758297218e-02
 Node:         74
  0.1367E+03  0.1304E+03  0.4678E+03  0.0000E+00
   0.06857
   0.00404
  -0.01919
   0.004424
  -0.001588
   0.02852
  7.456303452e-02
  2.986343843e-02
  -2.475112416e-02
  8.712118632e-02
  2.655844960e-02
  4.106932109e-02
  -9.892754250e-01 -6.243963936e-02 -1.283994333e-01
  -1.101566409e-01 4.137154560e-02 6.177988666e-01
  -5.877143637e-02 9.876301906e-01 -1.790925811e-02
 Node:         75
  0.1313E+03  0.1288E+03  0.4826E+03  0.0000E+00
   0.02713
   0.00161
  -0.001497
  -9.193E-4
  -6.205E-4
   0.002429
  2.945107161e-02
  2.634314838e-03
  -3.462999021e-03
  3.045867482e-02
  9.540795810e-03
  1.435835701e-02
  -9.803626481e-01 -6.772722823e-02 1.798179186e-02
  -6.308102009e-03 -1.030375611e-01 9.757869140e-01
  -6.398739825e-02 6.074280783e-01 1.221777434e-02
 Node:         76
  0.1515E+03  0.1313E+03  0.4515E+03  0.0000E+00
   0.03103
  -0.01251
  -0.06072
  -0.005818
   0.01224
   0.04367
  5.894548635e-02
  2.277815012e-02
  -6.836571716e-02
  1.150766460e-01
  4.452639770e-03
  5.424765118e-02
  -3.853851468e-01 3.549487378e-02 1.304639876e-01
  4.255057187e-01 -4.815123132e-02 4.169388975e-01
  -3.059693972e-02 -3.772262751e-01 9.346646059e-03
 Node:         77
  0.1446E+03  0.1283E+03  0.4683E+03  0.0000E+00
   0.09133
   0.009241
  -0.02641
   9.521E-4
   0.01028
   0.025
  9.798191396e-02
  2.660953117e-02
  -3.289280165e-02
  1.150399973e-01
  3.056621449e-02
  5.423037481e-02
  -9.902853168e-01 -9.884337249e-02 -3.225002524e-02
  -4.812465739e-02 1.750410922e-01 9.829458011e-01
  -8.681663988e-02 8.071109737e-01 -1.467018032e-01
 Node:         78
  0.1384E+03  0.1261E+03  0.4829E+03  0.0000E+00
   0.03824
   0.007126
  -8.646E-4
   1.351E-5
   6.246E-4
   0.001698
  4.208222102e-02
  1.538404070e-03
  -2.785898660e-03
  4.287511469e-02
  1.361157548e-02
  2.021152290e-02
  -9.777833591e-01 -1.851588521e-01 -2.446105719e-02
  -7.350166048e-02 1.416040031e-01 7.284793921e-01
  -1.695762607e-01 1.069085523e+00 -9.216070067e-02
 Node:         79
  0.1556E+03  0.1265E+03  0.4522E+03  0.0000E+00
   0.02509
   0.02027
  -0.02035
  -0.004722
   0.00199
  -0.1275
  5.942834673e-02
  -2.196185471e-02
  -1.831924060e-01
  2.166009520e-01
  -4.857530465e-02
  1.021066680e-01
  8.100149923e-01 3.764360690e-01 -1.385102895e-01
  2.463894796e-01 6.017606852e-02 6.422988150e-02
  -1.546943637e-02 -6.690673376e-02 6.358356914e-01
 Node:         80
  0.1495E+03  0.1243E+03  0.4692E+03  0.0000E+00
   0.1042
   0.0236
  -0.01666
   0.009266
   0.001489
  -0.09947
  1.184933694e-01
  -7.026388872e-03
  -1.446264663e-01
  2.330495338e-01
  -1.105316191e-02
  1.098606038e-01
  -2.468871716e-02 1.143881556e-01 -3.034918599e-02
  -2.222275116e-01 7.029644616e-01 3.134388150e-01
  -2.335748789e-02 -3.243816342e-01 7.313636991e-01
 Node:         81
  0.1433E+03  0.1217E+03  0.4836E+03  0.0000E+00
   0.04349
   0.008831
  -0.00165
   0.006602
   0.001603
  -0.0103
  4.880215456e-02
  -1.496298192e-03
  -1.831352756e-02
  6.111607361e-02
  9.664109602e-03
  2.881039339e-02
  -9.662522411e-01 -1.792912931e-01 -1.524570057e-01
  -2.321011334e-01 7.178024214e-01 3.394482620e-01
  -1.069490469e-02 -3.627781530e-01 7.428307573e-01
 Node:         82
  0.1267E+03  0.1148E+03  0.4565E+03 -0.3509E-02
  -0.004848
  -0.01371
   0.01066
  -4.257E-5
   0.0114
  -0.001891
  3.429625760e-02
  -5.146839516e-03
  -2.514277177e-02
  5.280983436e-02
  1.335548772e-03
  2.489479466e-02
  -4.769511365e-01 6.811695518e-01 3.462935085e-01
  -2.774873776e-02 -6.515769191e-02 1.360072128e-01
  -4.573353941e-02 7.958294693e-02 2.343855744e-01
 Node:         83
  0.1234E+03  0.1129E+03  0.4721E+03 -0.3509E-02
  -0.01746
  -0.00543
   0.003075
   0.0137
   0.00554
  -0.01293
  1.431461350e-02
  -1.759326481e-03
  -4.211666873e-02
  5.130503819e-02
  -9.853793903e-03
  2.418542694e-02
  -1.241303967e-01 5.041790829e-01 2.466276198e-01
  -2.389499742e-01 3.262964451e-02 -2.235778465e-01
  -3.985421432e-01 4.366875322e-02 5.152605358e-01
 Node:         84
  0.1187E+03  0.1123E+03  0.4849E+03 -0.3509E-02
  -0.00264
  -3.444E-6
   1.024E-4
   0.005814
  -2.517E-4
  -0.01102
  2.527838413e-03
  1.114658846e-04
  -1.775521257e-02
  1.974635434e-02
  -5.038636091e-03
  9.308520705e-03
  -6.680141164e-01 -1.566053581e-02 -3.870128800e-02
  3.102524472e-04 -3.971869655e-01 4.430221535e-02
  6.007660999e-02 -2.160269603e-01 -6.328242143e-01
 Node:         85
  0.1302E+03  0.1161E+03  0.4552E+03 -0.3509E-02
  -0.007471
  -0.01398
   0.01482
   0.001653
   0.01664
   9.521E-5
  4.371617311e-02
  -5.670496291e-03
  -2.910725193e-02
  6.465003589e-02
  2.979474961e-03
  3.047631919e-02
  -4.213124060e-01 6.461213292e-01 3.382133024e-01
  -8.857784647e-02 3.545670994e-01 -2.761738279e-01
  3.693897476e-01 1.120285935e-01 1.976878413e-01
 Node:         86
  0.1252E+03  0.1138E+03  0.4704E+03 -0.3509E-02
  -0.02342
   0.004699
   0.04843
   0.02316
   0.01942
  -0.009241
  6.904645131e-02
  8.697777249e-03
  -5.743636734e-02
  1.103703190e-01
  6.769287075e-03
  5.202906732e-02
  -1.756657960e-01 -5.254846471e-01 -2.301187017e-01
  2.740903143e-01 -3.409756826e-01 5.265742401e-01
  6.648320453e-01 6.063003916e-02 -2.777648120e-01
 Node:         87
  0.1217E+03  0.1126E+03  0.4834E+03 -0.3509E-02
  -0.004415
  -1.667E-4
   9.971E-4
   0.006797
  -0.001188
  -0.009223
  4.293283153e-03
  1.812464323e-04
  -1.891140381e-02
  2.235041094e-02
  -4.812291409e-03
  1.053608476e-02
  -4.336836682e-01 5.110324163e-01 -4.194144668e-02
  4.568086038e-01 1.057950026e-01 4.083917053e-01
  6.257102524e-01 6.955149923e-02 -3.356159711e-01
 Node:         88
  0.1338E+03  0.1169E+03  0.4535E+03 -0.3509E-02
  -0.03012
  -0.01792
   0.01598
   0.00115
   0.02609
   0.02068
  5.769786605e-02
  -3.432621432e-03
  -4.436435600e-02
  8.945485511e-02
  3.300296205e-03
  4.216942310e-02
  -3.045173591e-01 6.357033488e-01 5.824659969e-01
  2.063848532e-02 3.957555255e-01 -1.981017517e-01
  4.065732097e-01 1.049236476e-01 9.467083977e-02
 Node:         89
  0.1270E+03  0.1150E+03  0.4687E+03 -0.3509E-02
  -0.03015
  -0.003961
   0.008375
   0.009392
   0.007237
  -0.002904
  2.343774189e-02
  -2.901057599e-03
  -4.768234518e-02
  6.394030465e-02
  -9.048553632e-03
  3.014174867e-02
  -2.078117774e-01 6.963740340e-01 4.357245750e-01
  -1.750127769e-01 1.433396703e-01 -3.061832045e-01
  -4.231270994e-01 1.674898959e-01 3.728600618e-01
 Node:         90
  0.1248E+03  0.1132E+03  0.4822E+03 -0.3509E-02
  -0.006952
   0.003299
  -0.001393
   0.003308
  -0.001856
  -0.002153
  3.107827769e-03
  -4.142340031e-04
  -1.510999320e-02
  1.770677922e-02
  -4.138799811e-03
  8.347055773e-03
  -8.471302937e-02 4.845178259e-01 1.111641680e-01
  8.086249356e-03 -1.483809067e-01 2.656895415e-01
  -3.223402370e-01 4.895895415e-01 4.102920144e-01
 Node:         91
  0.1260E+03  0.1262E+03  0.4546E+03 -0.3509E-02
  -0.04267
  -0.001295
   0.05389
  -0.008643
   0.0192
  -0.006419
  6.807715714e-02
  -9.402722308e-03
  -4.979216177e-02
  1.038513103e-01
  2.960757685e-03
  4.895597715e-02
  -3.664977846e-02 5.909666667e-01 1.624358527e-01
  -9.670592478e-02 -9.235965997e-02 3.972790829e-01
  -5.956465739e-02 -1.418931788e-01 -2.976857290e-02
 Node:         92
  0.1209E+03  0.1233E+03  0.4725E+03 -0.3509E-02
  -0.02137
  -0.008452
   0.02026
  -0.005203
   0.01338
   0.008296
  4.059953323e-02
  5.697149923e-04
  -3.217957290e-02
  6.320760865e-02
  2.996558441e-03
  2.979635246e-02
  -2.122334152e-01 -2.188828439e-01 -1.208953117e-01
  1.408177743e-02 -4.194992787e-01 5.946352396e-01
  -2.646774858e-01 1.487066263e-01 1.561232097e-01
 Node:         93
  0.1159E+03  0.1217E+03  0.4877E+03 -0.3509E-02
  -3.372E-4
  -0.001222
   8.549E-4
  -9.385E-4
   0.001707
   0.001036
  7.647472437e-03
  -2.002588047e-04
  -6.448154508e-03
  1.249135780e-02
  3.330197081e-04
  5.888482539e-03
  -3.543456291e-01 2.683207625e-02 3.730210201e-01
  3.376747295e-01 -3.540003606e-01 2.946649150e-01
  1.807037609e-02 -1.220934055e-01 -3.488959299e-02
 Node:         94
  0.1314E+03  0.1264E+03  0.4536E+03 -0.3509E-02
  -0.05201
  -0.001611
   0.06065
  -0.01415
   0.01643
   0.00164
  7.397045904e-02
  2.507908501e-03
  -6.017952808e-02
  1.165014873e-01
  5.432946488e-03
  5.491932779e-02
  -3.153581401e-02 4.878853168e-01 1.332413421e-01
  4.445739310e-02 8.397759402e-02 3.645378671e-02
  1.212333333e-01 -1.469313179e-01 4.728021638e-02
 Node:         95
  0.1250E+03  0.1235E+03  0.4705E+03 -0.3509E-02
  -0.02511
  -0.009208
   0.03003
  -0.008819
   0.01001
   0.009101
  4.665001803e-02
  1.135066353e-02
  -4.139357908e-02
  7.753270159e-02
  5.535700826e-03
  3.654926604e-02
