 Group name: predicted_strain_L3A5
 #Fields=  16
 1) coordinates, coordinate, rectangular cartesian, #Components=3
   x.  Value index= 1, #Derivatives=0
   y.  Value index= 2, #Derivatives=0
   z.  Value index= 3, #Derivatives=0
 2) Tensor_1, field, rectangular cartesian, #Components=1
   Tensor_1.  Value index= 4, #Derivatives=0
 3) Tensor_2, field, rectangular cartesian, #Components=1
   Tensor_2.  Value index= 5, #Derivatives=0
 4) Tensor_3, field, rectangular cartesian, #Components=1
   Tensor_3.  Value index= 6, #Derivatives=0
 5) Tensor_4, field, rectangular cartesian, #Components=1
   Tensor_4.  Value index= 7, #Derivatives=0
 6) Tensor_5, field, rectangular cartesian, #Components=1
   Tensor_5.  Value index= 8, #Derivatives=0
 7) Tensor_6, field, rectangular cartesian, #Components=1
   Tensor_6.  Value index= 9, #Derivatives=0
 8) Principal_1, field, rectangular cartesian, #Components=1
   Principal_1.  Value index= 10, #Derivatives=0
 9) Principal_2, field, rectangular cartesian, #Components=1
   Principal_2.  Value index= 11, #Derivatives=0
 10) Principal_3, field, rectangular cartesian, #Components=1
   Principal_3.  Value index= 12, #Derivatives=0
 11) VonMises, field, rectangular cartesian, #Components=1
   VonMises.  Value index= 13, #Derivatives=0
 12) Hydrostatic, field, rectangular cartesian, #Components=1
   VonMises.  Value index= 14, #Derivatives=0
 13) Octahedral, field, rectangular cartesian, #Components=1
   VonMises.  Value index= 15, #Derivatives=0
 14) PrincipalVector1, field, rectangular cartesian, #Components=3
   x.  Value index= 16, #Derivatives=0
   y.  Value index= 17, #Derivatives=0
   z.  Value index= 18, #Derivatives=0
 15) PrincipalVector2, field, rectangular cartesian, #Components=3
   x.  Value index= 19, #Derivatives=0
   y.  Value index= 20, #Derivatives=0
   z.  Value index= 21, #Derivatives=0
 16) PrincipalVector3, field, rectangular cartesian, #Components=3
   x.  Value index= 22, #Derivatives=0
   y.  Value index= 23, #Derivatives=0
   z.  Value index= 24, #Derivatives=0
 Node:          1
  0.1287E+03  0.1133E+03  0.4908E+03 -0.1781E-04
  -1.11E-16
  -8.327E-17
  -2.22E-16
  -2.776E-17
  -4.163E-17
  -3.331E-16
  -6.637000000e-17
  -2.400000000e-16
  -3.598000000e-16
  2.555392160e-16
  -2.220566667e-16
  1.204623416e-16
  8.837000000e-01 -4.676000000e-01 -1.897000000e-02
  4.046000000e-01 7.837000000e-01 -4.712000000e-01
  2.352000000e-01 4.088000000e-01 8.818000000e-01
 Node:          2
  0.1292E+03  0.1137E+03  0.5052E+03 -0.1781E-04
  -5.551E-17
  -1.11E-16
  -1.665E-16
  -5.551E-17
   1.943E-16
  -2.776E-16
  8.603000000e-17
  -1.600000000e-16
  -4.256000000e-16
  4.431926093e-16
  -1.665233333e-16
  2.089229996e-16
  -6.554000000e-01 6.199000000e-01 4.313000000e-01
  7.522000000e-01 4.849000000e-01 4.462000000e-01
  -6.744000000e-02 -6.169000000e-01 7.841000000e-01
 Node:          3
  0.1289E+03  0.1155E+03  0.5194E+03 -0.1781E-04
   2.22E-16
   1.388E-16
   3.331E-16
   1.11E-16
   5.551E-17
   2.22E-16
  4.753000000e-16
  2.118000000e-16
  9.006000000e-17
  3.410738448e-16
  2.590533333e-16
  1.607837524e-16
  -5.696000000e-01 -7.144000000e-01 -4.063000000e-01
  2.395000000e-01 -6.172000000e-01 7.494000000e-01
  -7.862000000e-01 3.296000000e-01 5.227000000e-01
 Node:          4
  0.1361E+03  0.1141E+03  0.4915E+03 -0.1781E-04
   0.0
  -2.776E-17
  -1.11E-16
  -2.776E-17
  -8.327E-17
   2.22E-16
  2.435000000e-16
  6.328000000e-18
  -1.388000000e-16
  3.342648530e-16
  3.700933333e-17
  1.575739629e-16
  -8.549000000e-02 -2.215000000e-01 9.714000000e-01
  9.681000000e-01 -2.491000000e-01 2.840000000e-02
  2.357000000e-01 9.428000000e-01 2.357000000e-01
 Node:          5
  0.1341E+03  0.1144E+03  0.5054E+03 -0.1781E-04
   3.331E-16
   1.388E-16
   3.331E-16
   5.551E-17
  -6.939E-17
   4.441E-16
  4.814000000e-16
  4.627000000e-16
  1.662000000e-16
  3.062784517e-16
  3.701000000e-16
  1.443810468e-16
  -3.480000000e-01 -6.443000000e-01 6.810000000e-01
  -6.589000000e-01 -3.487000000e-01 -6.665000000e-01
  6.669000000e-01 -6.807000000e-01 -3.032000000e-01
 Node:          6
  0.1323E+03  0.1162E+03  0.5191E+03 -0.1781E-04
   2.22E-16
   5.551E-17
   2.22E-16
  -5.551E-17
  -2.776E-17
   0.0
  2.897000000e-16
  1.685000000e-16
  -1.402000000e-17
  2.648101478e-16
  1.480600000e-16
  1.248327008e-16
  -7.150000000e-01 -6.696000000e-01 2.012000000e-01
  6.656000000e-01 -7.399000000e-01 -9.741000000e-02
  -2.141000000e-01 -6.426000000e-02 -9.747000000e-01
 Node:          7
  0.1408E+03  0.1171E+03  0.4920E+03 -0.1781E-04
   3.331E-16
   2.22E-16
   2.22E-16
  -8.327E-17
  -1.11E-16
   0.0
  5.398000000e-16
  6.158000000e-17
  -4.631000000e-17
  5.403052621e-16
  1.850233333e-16
  2.547023432e-16
  -7.537000000e-01 -6.111000000e-01 2.419000000e-01
  -6.560000000e-01 6.770000000e-01 -3.335000000e-01
  -4.004000000e-02 4.101000000e-01 9.112000000e-01
 Node:          8
  0.1367E+03  0.1169E+03  0.5055E+03 -0.1781E-04
   2.22E-16
   1.943E-16
   2.22E-16
  -4.025E-16
  -2.359E-16
  -2.22E-16
  6.547000000e-16
  4.477000000e-17
  -4.775000000e-16
  9.814930967e-16
  7.399000000e-17
  4.626802829e-16
  -6.847000000e-01 -5.611000000e-01 4.652000000e-01
  5.685000000e-01 -8.105000000e-01 -1.409000000e-01
  -4.561000000e-01 -1.681000000e-01 -8.739000000e-01
 Node:          9
  0.1339E+03  0.1180E+03  0.5191E+03 -0.1781E-04
   2.22E-16
   1.665E-16
   0.0
  -3.955E-16
  -2.776E-16
   6.661E-16
  1.002000000e-15
  -9.379000000e-18
  -1.046000000e-16
  1.062195387e-15
  2.960070000e-16
  5.007237074e-16
  -4.817000000e-01 -3.073000000e-01 8.207000000e-01
  -8.565000000e-01 -3.292000000e-02 -5.150000000e-01
  -1.853000000e-01 9.510000000e-01 2.474000000e-01
 Node:         10
  0.1294E+03  0.1212E+03  0.4911E+03 -0.1781E-04
   0.0
   2.776E-17
   1.11E-16
  -1.388E-17
   1.249E-16
   1.11E-16
  2.363000000e-16
  2.303000000e-17
  -3.732000000e-17
  2.489920880e-16
  7.400333333e-17
  1.173759959e-16
  4.210000000e-02 7.100000000e-01 7.030000000e-01
  -7.813000000e-01 -4.152000000e-01 4.661000000e-01
  -6.228000000e-01 5.688000000e-01 -5.372000000e-01
 Node:         11
  0.1295E+03  0.1214E+03  0.5055E+03 -0.1781E-04
  -2.22E-16
  -2.776E-17
  -2.22E-16
  -4.163E-17
   1.388E-17
  -1.665E-16
  -1.365000000e-16
  -2.183000000e-16
  -2.558000000e-16
  1.056645163e-16
  -2.035333333e-16
  4.981073066e-17
  -4.935000000e-01 2.929000000e-01 8.189000000e-01
  3.541000000e-01 -7.924000000e-01 4.968000000e-01
  -7.944000000e-01 -5.351000000e-01 -2.873000000e-01
 Node:         12
  0.1295E+03  0.1217E+03  0.5196E+03 -0.1781E-04
   1.11E-16
   0.0
   1.11E-16
   7.633E-17
   2.776E-17
   2.22E-16
  2.649000000e-16
  1.110000000e-16
  6.816000000e-17
  1.792025435e-16
  1.480200000e-16
  8.447688915e-17
  -4.387000000e-01 -1.595000000e-01 -8.844000000e-01
  3.417000000e-01 -9.398000000e-01 -2.255000000e-17
  8.311000000e-01 3.022000000e-01 -4.668000000e-01
 Node:         13
  0.1361E+03  0.1199E+03  0.4914E+03 -0.1781E-04
   1.11E-16
  -1.388E-16
   0.0
  -9.714E-17
   2.776E-17
  -1.665E-16
  2.285000000e-16
  -8.520000000e-17
  -1.988000000e-16
  3.833392362e-16
  -1.850000000e-17
  1.807078489e-16
  8.171000000e-01 -5.252000000e-01 -2.378000000e-01
  4.648000000e-01 8.442000000e-01 -2.671000000e-01
  3.410000000e-01 1.077000000e-01 9.339000000e-01
 Node:         14
  0.1342E+03  0.1198E+03  0.5054E+03 -0.1781E-04
  -5.551E-17
   2.776E-17
   0.0
   5.551E-17
  -9.021E-17
   1.11E-16
  1.672000000e-16
  -4.940000000e-18
  -1.068000000e-16
  2.398787602e-16
  1.848666667e-17
  1.130799320e-16
  1.634000000e-01 -4.472000000e-01 8.794000000e-01
  -6.569000000e-01 -7.144000000e-01 -2.412000000e-01
  -7.361000000e-01 5.382000000e-01 4.105000000e-01
 Node:         15
  0.1330E+03  0.1205E+03  0.5193E+03 -0.1781E-04
   2.22E-16
  -8.327E-17
  -5.551E-17
   1.388E-17
   4.857E-17
   0.0
  2.451000000e-16
  2.471000000e-17
  -1.033000000e-16
  3.052383267e-16
  5.550333333e-17
  1.438907271e-16
  -9.638000000e-01 2.667000000e-01 -1.723000000e-03
  1.157000000e-01 4.239000000e-01 8.983000000e-01
  2.403000000e-01 8.656000000e-01 -4.394000000e-01
 Node:         16
  0.1404E+03  0.1188E+03  0.4918E+03 -0.1781E-04
   2.22E-16
   5.551E-17
   2.22E-16
  -8.327E-17
  -1.457E-16
   4.441E-16
  5.466000000e-16
  1.950000000e-16
  1.465000000e-16
  3.781896482e-16
  2.960333333e-16
  1.782803099e-16
  -2.927000000e-01 -4.328000000e-01 8.526000000e-01
  -9.222000000e-01 -1.077000000e-01 -3.713000000e-01
  -2.526000000e-01 8.950000000e-01 3.676000000e-01
 Node:         17
  0.1365E+03  0.1184E+03  0.5055E+03 -0.1781E-04
  -1.11E-16
   2.776E-17
  -1.11E-16
   9.714E-17
   1.7E-16
   0.0
  1.573000000e-16
  -1.341000000e-16
  -2.452000000e-16
  3.600440390e-16
  -7.400000000e-17
  1.697263877e-16
  3.368000000e-01 5.285000000e-01 7.792000000e-01
  8.927000000e-01 -4.425000000e-01 -8.566000000e-02
  -2.996000000e-01 -7.244000000e-01 6.209000000e-01
 Node:         18
  0.1341E+03  0.1191E+03  0.5192E+03 -0.1781E-04
   0.0
   0.0
   0.0
   2.645E-17
   1.065E-16
   4.441E-16
  4.697000000e-16
  -1.672000000e-33
  -2.562000000e-17
  4.830198634e-16
  1.480266667e-16
  2.276977472e-16
  -5.484000000e-02 -2.207000000e-01 -9.738000000e-01
  9.705000000e-01 -2.411000000e-01 -6.210000000e-17
  -2.348000000e-01 -9.451000000e-01 2.274000000e-01
 Node:         19
  0.1301E+03  0.1291E+03  0.4914E+03  0.0000E+00
   1.11E-16
   0.0
   1.11E-16
   2.101E-19
   1.001E-17
  -2.22E-16
  1.113000000e-16
  1.110000000e-16
  -2.223000000e-16
  3.334501012e-16
  0.000000000e+00
  1.571898852e-16
  -2.096000000e-02 -9.993000000e-01 -3.003000000e-02
  9.998000000e-01 -2.097000000e-02 1.345000000e-19
  6.298000000e-04 3.003000000e-02 -9.995000000e-01
 Node:         20
  0.1299E+03  0.1291E+03  0.5058E+03  0.0000E+00
   2.22E-16
   0.0
   0.0
   1.041E-17
   1.924E-17
  -5.551E-17
  2.224000000e-16
  5.975000000e-18
  -6.188000000e-17
  2.571567616e-16
  5.549833333e-17
  1.212248600e-16
  -9.993000000e-01 -3.257000000e-03 -3.765000000e-02
  1.428000000e-02 -9.549000000e-01 -2.965000000e-01
  -3.498000000e-02 -2.968000000e-01 9.543000000e-01
 Node:         21
  0.1301E+03  0.1280E+03  0.5197E+03  0.0000E+00
   1.11E-16
   0.0
   0.0
   4.163E-17
   1.475E-17
   1.11E-16
  1.534000000e-16
  7.089000000e-17
  -2.220000000e-18
  1.348528023e-16
  7.402333333e-17
  6.357022067e-17
  -6.994000000e-01 -6.840000000e-02 -7.114000000e-01
  -7.126000000e-01 1.429000000e-01 6.869000000e-01
  -5.465000000e-02 -9.874000000e-01 1.487000000e-01
 Node:         22
  0.1360E+03  0.1256E+03  0.4913E+03  0.0000E+00
  -2.22E-16
   1.388E-17
  -1.11E-16
  -1.388E-17
   1.006E-16
   1.11E-16
  1.500000000e-16
  -1.456000000e-16
  -2.264000000e-16
  3.432090908e-16
  -7.400000000e-17
  1.617903170e-16
  -2.144000000e-02 3.586000000e-01 9.332000000e-01
  2.280000000e-01 9.106000000e-01 -3.447000000e-01
  -9.734000000e-01 2.054000000e-01 -1.013000000e-01
 Node:         23
  0.1343E+03  0.1253E+03  0.5054E+03  0.0000E+00
   0.0
   2.082E-17
  -4.441E-16
   0.0
   1.314E-16
  -1.665E-16
  1.265000000e-18
  -1.147000000e-16
  -4.972000000e-16
  4.517861704e-16
  -2.035450000e-16
  2.129740431e-16
  9.970000000e-01 6.061000000e-02 4.746000000e-02
  6.644000000e-02 -3.661000000e-01 -9.282000000e-01
  3.888000000e-02 -9.286000000e-01 3.690000000e-01
 Node:         24
  0.1336E+03  0.1248E+03  0.5194E+03  0.0000E+00
  -2.22E-16
   1.214E-17
   0.0
   1.388E-17
   8.674E-19
  -1.665E-16
  6.779000000e-19
  -1.633000000e-16
  -2.259000000e-16
  2.026635839e-16
  -1.295073667e-16
  9.553652964e-17
  -5.504000000e-02 -9.984000000e-01 -9.747000000e-03
  2.257000000e-01 -2.195000000e-02 9.740000000e-01
  -9.726000000e-01 5.141000000e-02 2.265000000e-01
 Node:         25
  0.1400E+03  0.1206E+03  0.4917E+03  0.0000E+00
   0.0
   2.671E-16
  -1.11E-16
  -8.327E-17
  -1.301E-16
   2.22E-16
  3.681000000e-16
  7.580000000e-17
  -3.329000000e-16
  6.098671905e-16
  3.700000000e-17
  2.874941507e-16
  5.089000000e-01 4.781000000e-01 -7.159000000e-01
  6.086000000e-01 3.883000000e-01 6.920000000e-01
  6.088000000e-01 -7.878000000e-01 -9.334000000e-02
 Node:         26
  0.1363E+03  0.1200E+03  0.5055E+03  0.0000E+00
   2.22E-16
   1.076E-16
  -6.106E-16
   2.776E-17
  -1.124E-15
  -5.551E-17
  8.281000000e-16
  2.248000000e-16
  -1.497000000e-15
  2.089815320e-15
  -1.480333333e-16
  9.851483893e-16
  7.371000000e-02 6.174000000e-01 -7.832000000e-01
  9.955000000e-01 1.018000000e-03 9.449000000e-02
  -5.914000000e-02 7.866000000e-01 6.146000000e-01
 Node:         27
  0.1343E+03  0.1203E+03  0.5192E+03  0.0000E+00
   2.22E-16
  -1.943E-16
   2.22E-16
  -1.041E-16
   1.313E-15
   0.0
  1.466000000e-15
  1.875000000e-16
  -1.209000000e-15
  2.317369144e-15
  1.481666667e-16
  1.092418291e-15
  -1.693000000e-01 7.280000000e-01 6.643000000e-01
  9.848000000e-01 9.849000000e-02 1.431000000e-01
  3.876000000e-02 6.785000000e-01 -7.336000000e-01
 Node:         28
  0.1155E+03  0.1124E+03  0.4931E+03 -0.1052E-03
  -2.22E-16
   3.816E-17
   2.22E-16
  -5.551E-17
   5.551E-17
   1.11E-16
  2.455000000e-16
  1.014000000e-16
  -2.359000000e-16
  4.279497985e-16
  3.700000000e-17
  2.017374697e-16
  3.184000000e-02 9.284000000e-01 3.701000000e-01
  1.988000000e-01 3.571000000e-01 -9.127000000e-01
  9.795000000e-01 -1.026000000e-01 1.732000000e-01
 Node:         29
  0.1119E+03  0.1139E+03  0.5068E+03 -0.1052E-03
  -2.22E-16
  -2.082E-17
   0.0
   5.551E-17
   6.939E-18
  -3.331E-16
  1.944000000e-18
  -2.004000000e-16
  -3.566000000e-16
  3.113642034e-16
  -1.850186667e-16
  1.467784931e-16
  -9.118000000e-02 9.958000000e-01 5.517000000e-03
  -9.179000000e-01 -8.189000000e-02 -3.884000000e-01
  -3.863000000e-01 -4.048000000e-02 9.215000000e-01
 Node:         30
  0.1113E+03  0.1159E+03  0.5206E+03 -0.1052E-03
   2.22E-16
   1.249E-16
   2.22E-16
   0.0
  -2.776E-17
   1.11E-16
  3.486000000e-16
  1.238000000e-16
  8.277000000e-17
  2.478750591e-16
  1.850566667e-16
  1.168494234e-16
  -7.001000000e-01 -7.092000000e-01 8.287000000e-02
  -4.685000000e-01 3.686000000e-01 -8.029000000e-01
  -5.389000000e-01 6.009000000e-01 5.903000000e-01
 Node:         31
  0.1203E+03  0.1126E+03  0.4920E+03 -0.1052E-03
  -5.551E-17
   9.714E-17
  -1.11E-16
   2.776E-17
   4.163E-17
  -5.551E-17
  4.114000000e-17
  -7.661000000e-17
  -1.866000000e-16
  1.972667866e-16
  -7.402333333e-17
  9.299245501e-17
  -6.956000000e-01 -5.654000000e-01 -4.433000000e-01
  4.358000000e-01 1.585000000e-01 -8.860000000e-01
  5.712000000e-01 -8.095000000e-01 1.362000000e-01
 Node:         32
  0.1188E+03  0.1134E+03  0.5062E+03 -0.1052E-03
   2.22E-16
  -1.388E-17
  -1.11E-16
  -2.776E-17
   9.714E-17
  -5.551E-17
  2.266000000e-16
  1.331000000e-17
  -1.844000000e-16
  3.560216764e-16
  1.850333333e-17
  1.678302278e-16
  -9.894000000e-01 7.624000000e-02 1.236000000e-01
  1.445000000e-01 5.992000000e-01 7.875000000e-01
  1.402000000e-02 -7.970000000e-01 6.038000000e-01
 Node:         33
  0.1183E+03  0.1150E+03  0.5201E+03 -0.1052E-03
   1.11E-16
   5.551E-17
   0.0
   8.327E-17
   0.0
   0.0
  1.700000000e-16
  0.000000000e+00
  -5.893000000e-17
  2.058903711e-16
  3.702333333e-17
  9.705765171e-17
  -8.617000000e-01 -2.815000000e-01 -4.222000000e-01
  0.000000000e+00 -8.321000000e-01 5.547000000e-01
  -5.074000000e-01 4.780000000e-01 7.170000000e-01
 Node:         34
  0.1255E+03  0.1129E+03  0.4909E+03 -0.1052E-03
   0.0
   0.0
   0.0
   5.551E-17
   9.714E-17
   0.0
  1.119000000e-16
  3.387000000e-33
  -1.119000000e-16
  1.938164854e-16
  0.000000000e+00
  9.136596741e-17
  -3.508000000e-01 -6.139000000e-01 -7.071000000e-01
  8.682000000e-01 -4.961000000e-01 -4.855000000e-17
  -3.508000000e-01 -6.139000000e-01 7.071000000e-01
 Node:         35
  0.1260E+03  0.1135E+03  0.5054E+03 -0.1052E-03
   0.0
   1.11E-16
  -1.11E-16
   1.11E-16
   2.498E-16
  -1.11E-16
  2.410000000e-16
  -1.023000000e-16
  -3.608000000e-16
  5.228959648e-16
  -7.403333333e-17
  2.464955217e-16
  5.458000000e-01 5.925000000e-01 5.925000000e-01
  8.379000000e-01 -3.859000000e-01 -3.859000000e-01
  -4.975000000e-17 -7.071000000e-01 7.071000000e-01
 Node:         36
  0.1257E+03  0.1153E+03  0.5196E+03 -0.1052E-03
   0.0
  -5.551E-17
   0.0
  -5.551E-17
   8.327E-17
   0.0
  1.305000000e-16
  -4.723000000e-17
  -8.327000000e-17
  1.982226619e-16
  0.000000000e+00
  9.344305895e-17
  -5.155000000e-01 6.059000000e-01 6.059000000e-01
  8.569000000e-01 3.645000000e-01 3.645000000e-01
  -1.256000000e-16 7.071000000e-01 -7.071000000e-01
 Node:         37
  0.1132E+03  0.1210E+03  0.4959E+03 -0.1052E-03
  -2.22E-16
   1.388E-16
  -2.22E-16
  -8.327E-17
   1.804E-16
  -2.776E-16
  -4.482000000e-17
  -1.622000000e-16
  -5.146000000e-16
  4.234720019e-16
  -2.405400000e-16
  1.996266161e-16
  3.971000000e-01 7.887000000e-01 4.693000000e-01
  -7.874000000e-01 3.010000000e-02 6.157000000e-01
  4.715000000e-01 -6.140000000e-01 6.330000000e-01
 Node:         38
  0.1111E+03  0.1204E+03  0.5085E+03 -0.1052E-03
  -1.665E-16
   9.714E-17
   0.0
  -2.776E-17
  -8.327E-17
  -2.22E-16
  7.071000000e-17
  -2.091000000e-16
  -2.502000000e-16
  3.024616291e-16
  -1.295300000e-16
  1.425817793e-16
  -3.916000000e-01 -8.746000000e-01 2.859000000e-01
  9.154000000e-01 -3.389000000e-01 2.170000000e-01
  9.287000000e-02 -3.467000000e-01 -9.334000000e-01
 Node:         39
  0.1119E+03  0.1201E+03  0.5207E+03 -0.1052E-03
  -5.551E-17
  -9.714E-17
  -3.331E-16
  -8.327E-17
  -7.633E-17
  -1.11E-16
  8.934000000e-18
  -1.105000000e-16
  -3.981000000e-16
  3.623913061e-16
  -1.665553333e-16
  1.708329000e-16
  8.510000000e-01 -1.281000000e-01 -5.092000000e-01
  4.076000000e-01 -4.503000000e-01 7.944000000e-01
  -3.311000000e-01 -8.836000000e-01 -3.310000000e-01
 Node:         40
  0.1191E+03  0.1220E+03  0.4937E+03 -0.1052E-03
   0.0
   8.327E-17
  -2.22E-16
   8.327E-17
  -1.388E-17
  -2.22E-16
  4.872000000e-17
  -2.082000000e-16
  -2.846000000e-16
  3.024459198e-16
  -1.480266667e-16
  1.425743739e-16
  -9.240000000e-01 -2.703000000e-01 -2.703000000e-01
  0.000000000e+00 -7.071000000e-01 7.071000000e-01
  3.823000000e-01 -6.534000000e-01 -6.534000000e-01
 Node:         41
  0.1182E+03  0.1217E+03  0.5073E+03 -0.1052E-03
   0.0
  -2.776E-17
  -5.551E-17
   5.551E-17
   9.714E-17
   1.11E-16
  1.653000000e-16
  1.073000000e-17
  -1.206000000e-16
  2.478691830e-16
  1.847666667e-17
  1.168466534e-16
  2.406000000e-01 3.653000000e-01 8.993000000e-01
  -8.901000000e-01 4.526000000e-01 5.428000000e-02
  -3.871000000e-01 -8.135000000e-01 4.340000000e-01
 Node:         42
  0.1187E+03  0.1212E+03  0.5204E+03 -0.1052E-03
   0.0
  -5.551E-17
  -1.11E-16
   0.0
   5.551E-17
   1.11E-16
  1.256000000e-16
  1.887000000e-17
  -1.444000000e-16
  2.355296009e-16
  2.333333333e-20
  1.110297186e-16
  1.113000000e-01 -2.517000000e-01 -9.614000000e-01
  9.295000000e-01 -3.159000000e-01 1.903000000e-01
  -3.516000000e-01 -9.148000000e-01 1.988000000e-01
 Node:         43
  0.1258E+03  0.1217E+03  0.4915E+03 -0.1052E-03
   2.22E-16
   1.11E-16
   1.11E-16
  -1.388E-17
   0.0
  -5.551E-17
  2.911000000e-16
  4.294000000e-17
  -5.645000000e-17
  3.100425456e-16
  9.253000000e-17
  1.461554576e-16
  -8.507000000e-01 -5.246000000e-01 3.406000000e-02
  -5.213000000e-01 8.502000000e-01 7.348000000e-02
  6.751000000e-02 -4.475000000e-02 9.967000000e-01
 Node:         44
  0.1259E+03  0.1220E+03  0.5059E+03 -0.1052E-03
  -2.22E-16
   1.388E-16
  -2.22E-16
   9.714E-17
   1.11E-16
  -1.11E-16
  5.081000000e-17
  -2.445000000e-16
  -3.614000000e-16
  3.679610647e-16
  -1.850300000e-16
  1.734585094e-16
  -5.113000000e-01 -5.340000000e-01 -6.733000000e-01
  -5.198000000e-01 -4.318000000e-01 7.372000000e-01
  -6.844000000e-01 7.269000000e-01 -5.679000000e-02
 Node:         45
  0.1261E+03  0.1221E+03  0.5198E+03 -0.1052E-03
  -5.551E-17
  -8.327E-17
  -2.776E-16
   2.776E-17
  -6.939E-18
   1.11E-16
  1.167000000e-16
  -3.339000000e-17
  -3.053000000e-16
  3.705037491e-16
  -7.399666667e-17
  1.746571423e-16
  1.854000000e-01 -5.643000000e-02 9.810000000e-01
  9.302000000e-01 -3.117000000e-01 -1.938000000e-01
  -3.167000000e-01 -9.485000000e-01 5.308000000e-03
 Node:         46
  0.1117E+03  0.1296E+03  0.4959E+03  0.0000E+00
  -5.551E-17
   2.776E-17
  -1.665E-16
   6.939E-18
  -2.602E-17
   0.0
  4.101000000e-18
  -4.897000000e-17
  -1.772000000e-16
  1.614458370e-16
  -7.402300000e-17
  7.610629740e-17
  4.856000000e-02 -1.429000000e-01 9.886000000e-01
  9.724000000e-01 2.327000000e-01 -1.414000000e-02
  -2.280000000e-01 9.620000000e-01 1.502000000e-01
 Node:         47
  0.1107E+03  0.1269E+03  0.5087E+03  0.0000E+00
  -1.665E-16
  -3.123E-17
   1.11E-16
  -2.776E-17
   3.99E-17
   0.0
  1.289000000e-16
  -1.114000000e-17
  -1.732000000e-16
  2.618578385e-16
  -1.848000000e-17
  1.234409689e-16
  -1.292000000e-01 9.390000000e-01 3.186000000e-01
  -1.008000000e-01 -3.321000000e-01 9.379000000e-01
  -9.865000000e-01 -8.906000000e-02 -1.376000000e-01
 Node:         48
  0.1125E+03  0.1242E+03  0.5208E+03  0.0000E+00
   1.11E-16
   3.469E-18
   1.11E-16
   0.0
  -1.735E-18
   1.11E-16
  1.149000000e-16
  1.110000000e-16
  1.071000000e-16
  6.754998150e-18
  1.110000000e-16
  3.184336666e-18
  -6.325000000e-01 -7.071000000e-01 3.162000000e-01
  4.472000000e-01 -4.455000000e-15 8.944000000e-01
  -6.325000000e-01 7.071000000e-01 3.162000000e-01
 Node:         49
  0.1186E+03  0.1311E+03  0.4938E+03  0.0000E+00
  -1.665E-16
  -2.082E-17
   0.0
  -4.163E-17
  -6.072E-18
  -5.551E-17
  2.581000000e-18
  -4.165000000e-17
  -1.830000000e-16
  1.678935845e-16
  -7.402300000e-17
  7.914579474e-17
  1.174000000e-01 -9.929000000e-01 1.965000000e-02
  -3.135000000e-01 -1.827000000e-02 9.494000000e-01
  -9.423000000e-01 -1.176000000e-01 -3.134000000e-01
 Node:         50
  0.1180E+03  0.1298E+03  0.5075E+03  0.0000E+00
   0.0
  -1.301E-17
   3.331E-16
  -4.163E-17
   1.247E-17
   2.22E-16
  3.354000000e-16
  2.276000000e-16
  -7.879000000e-18
  3.040655121e-16
  1.850403333e-16
  1.433378570e-16
  5.441000000e-02 -9.902000000e-01 -1.289000000e-01
  -1.707000000e-01 -1.364000000e-01 9.758000000e-01
  9.838000000e-01 3.109000000e-02 1.765000000e-01
 Node:         51
  0.1192E+03  0.1275E+03  0.5206E+03  0.0000E+00
   0.0
  -3.469E-18
  -5.551E-17
   0.0
   1.475E-17
   1.11E-16
  1.123000000e-16
  2.087000000e-19
  -5.702000000e-17
  1.491791642e-16
  1.849623333e-17
  7.032373239e-17
  -2.705000000e-03 8.758000000e-02 9.962000000e-01
  9.982000000e-01 -6.004000000e-02 7.989000000e-03
  -6.051000000e-02 -9.943000000e-01 8.725000000e-02
 Node:         52
  0.1262E+03  0.1305E+03  0.4920E+03  0.0000E+00
   1.11E-16
  -1.388E-17
   1.11E-16
   1.301E-18
   4.906E-18
   0.0
  1.250000000e-16
  9.734000000e-17
  -2.497000000e-19
  1.139655924e-16
  7.403010000e-17
  5.372389547e-17
  -7.047000000e-01 7.092000000e-01 2.051000000e-02
  7.093000000e-01 7.034000000e-01 4.493000000e-02
  -1.744000000e-02 -4.621000000e-02 9.988000000e-01
 Node:         53
  0.1258E+03  0.1304E+03  0.5063E+03  0.0000E+00
  -1.665E-16
  -1.735E-18
  -1.11E-16
   2.776E-17
   3.383E-17
  -2.22E-16
  -1.010000000e-16
  -1.572000000e-16
  -2.414000000e-16
  1.223933005e-16
  -1.665333333e-16
  5.769675516e-17
  9.684000000e-02 9.526000000e-01 2.883000000e-01
  -9.346000000e-01 1.866000000e-01 -3.027000000e-01
  -3.422000000e-01 -2.402000000e-01 9.084000000e-01
 Node:         54
  0.1265E+03  0.1288E+03  0.5200E+03  0.0000E+00
  -2.22E-16
   2.082E-17
   1.11E-16
   0.0
  -4.337E-18
   1.11E-16
  1.160000000e-16
  1.073000000e-16
  -2.233000000e-16
  3.350347295e-16
  0.000000000e+00
  1.579368861e-16
  -4.656000000e-02 -7.562000000e-01 6.527000000e-01
  -4.117000000e-02 -6.514000000e-01 -7.576000000e-01
  -9.981000000e-01 6.215000000e-02 8.061000000e-04
 Node:         55
  0.1383E+03  0.1168E+03  0.4544E+03 -0.1415E-02
  -0.0933
  -0.01407
   0.091
   0.005215
   0.02957
   0.05931
  9.092109554e-02
  2.405596083e-02
  -7.307217728e-02
  1.452253017e-01
  1.396829303e-02
  6.845986377e-02
  -1.370654883e-01 8.344161359e-03 4.003789809e-02
  1.753940552e-02 -1.973832059e-01 1.724097665e-01
  -7.397807499e-01 -1.755760085e-02 -1.665115817e-01
 Node:         56
  0.1314E+03  0.1156E+03  0.4694E+03 -0.1415E-02
  -0.09586
   0.005091
   0.04664
   0.02634
   1.06E-4
   0.005227
  3.548816348e-02
  4.249711996e-03
  -7.949949894e-02
  1.035482719e-01
  -1.325387449e-02
  4.881312348e-02
  1.324078907e-01 -1.688669851e-01 1.345766454e-02
  3.450191083e-02 -1.350507707e-01 2.076642675e-01
  -1.029250722e+00 5.411244161e-02 4.594511677e-02
 Node:         57
  0.1285E+03  0.1140E+03  0.4824E+03 -0.1415E-02
  -0.02327
   0.01102
  -0.002268
   0.008721
  -0.006072
  -0.003327
  1.028670594e-03
  -8.877283662e-04
  -2.409225053e-02
  2.347439169e-02
  -7.983769434e-03
  1.106593437e-02
  -6.043365180e-02 -1.059117197e+00 4.304945966e-01
  4.173605096e-01 1.964517622e-01 8.898308089e-01
  -9.791856688e-01 4.527588429e-01 2.258764331e-01
 Node:         58
  0.1489E+03  0.1178E+03  0.4541E+03 -0.1415E-02
  -0.1076
  -0.04689
   0.1583
  -0.006846
   0.02513
   0.01754
  1.440443291e-01
  -7.172317516e-03
  -8.736652335e-02
  2.047922274e-01
  1.650182941e-02
  9.653998183e-02
  -1.134198514e-01 -2.825087049e-01 -5.547331210e-02
  5.412271125e-02 -3.007820594e-01 9.860587155e-01
  -3.908644926e-01 -3.733660297e-02 -1.722808386e-01
 Node:         59
  0.1422E+03  0.1167E+03  0.4699E+03 -0.1415E-02
  -0.0985
  -0.03828
   0.1094
   0.01141
   0.009942
  -0.01614
  9.679578025e-02
  -1.851392247e-02
  -8.135732272e-02
  1.579123046e-01
  -1.025154978e-03
  7.444057430e-02
  2.206969214e-01 -1.115580679e-01 -1.045283015e-01
  9.927261146e-02 -1.944450701e-01 9.701261550e-01
  -3.479358811e-01 1.316059448e-02 4.508847558e-02
 Node:         60
  0.1375E+03  0.1150E+03  0.4833E+03 -0.1415E-02
  -0.01988
  -0.005192
   0.01525
   0.00853
  -0.002396
  -0.005952
  1.372923355e-02
  -2.365452709e-03
  -1.776497633e-02
  2.750010733e-02
  -2.133731830e-03
  1.296367492e-02
  -8.127579618e-02 8.347618896e-01 -1.819063992e-01
  -2.267334395e-01 -3.553260085e-01 2.329858301e-01
  -8.204755839e-02 2.146035743e-01 5.752008493e-02
 Node:         61
  0.1560E+03  0.1224E+03  0.4532E+03 -0.1415E-02
  -0.05842
  -0.04949
   0.1054
  -0.03788
   0.04992
  -0.1085
  1.015142771e-01
  -4.674512983e-02
  -1.134213482e-01
  1.915242435e-01
  -1.955073365e-02
  9.028539424e-02
  -1.910900212e-01 7.854305732e-01 2.169970807e-01
  7.750196391e-01 2.373857749e-01 -1.003334820e-01
  2.712401911e-01 -2.079977378e-01 7.385633758e-01
 Node:         62
  0.1497E+03  0.1205E+03  0.4699E+03 -0.1415E-02
  -0.009714
  -0.06639
   0.09627
  -0.01315
   0.02731
  -0.1061
  1.141354989e-01
  -3.423717346e-02
  -8.860018365e-02
  1.819525573e-01
  -2.900619391e-03
  8.577325809e-02
  -2.022363057e-01 5.351432059e-01 2.498221868e-02
  1.038482909e+00 5.837219745e-01 2.382444161e-02
  7.557537155e-04 8.328002548e-02 -2.407971762e-01
 Node:         63
  0.1437E+03  0.1181E+03  0.4838E+03 -0.1415E-02
   0.01164
  -0.01872
   0.0204
   0.002686
  -0.002234
  -0.01869
  3.304141295e-02
  -3.157954735e-03
  -1.444364268e-02
  4.340773712e-02
  5.146605180e-03
  2.046260352e-02
  -2.397029724e-01 3.004329087e-01 -3.664145648e-02
  9.278128450e-01 6.373069214e-01 2.408544798e-01
  4.728819533e-02 -6.338256900e-02 5.740654989e-01
 Node:         64
  0.1416E+03  0.1252E+03  0.4525E+03 -0.1415E-02
  -0.07196
   0.0162
   0.08424
  -0.02014
   0.01513
  -0.01363
  7.727635775e-02
  -1.033615552e-02
  -6.978954459e-02
  1.280953146e-01
  -9.497807856e-04
  6.038471039e-02
  1.255215287e-01 6.329021231e-01 1.027413843e-01
  2.323141189e-01 6.391102972e-02 -7.186002123e-01
  -3.917984076e-01 4.108300849e-02 -1.100901699e-01
 Node:         65
  0.1343E+03  0.1229E+03  0.4685E+03 -0.1415E-02
  -0.05555
   0.002158
   0.07081
  -0.005846
   0.006529
  -0.01021
  6.173107113e-02
  -1.022805626e-02
  -4.612349363e-02
  9.547920706e-02
  1.793173744e-03
  4.500932985e-02
  -1.513100849e-01 -3.479164544e-01 -1.336498938e-02
  -7.861715499e-02 2.087955414e-02 7.794917197e-01
  -3.613662420e-01 8.772883227e-02 1.631454777e-01
 Node:         66
  0.1299E+03  0.1214E+03  0.4825E+03 -0.1415E-02
  -0.005337
  -0.00129
   0.01134
   0.003175
  -0.002379
  -0.002681
  1.067823779e-02
  -8.619630679e-04
  -5.748419958e-03
  1.483971402e-02
  1.355951589e-03
  6.995508277e-03
  -1.266380361e-01 2.517080679e-01 1.870647558e-03
  4.541020170e-01 1.136216561e-01 3.882084926e-01
  3.116480892e-01 -5.206150743e-02 -2.348873673e-01
 Node:         67
  0.1504E+03  0.1245E+03  0.4525E+03 -0.1415E-02
  -0.07609
  -0.02669
   0.07866
  -0.01708
   0.01212
   0.02055
  7.609456263e-02
  6.282622081e-04
  -6.522236200e-02
  1.257625032e-01
  3.833487615e-03
  5.928501256e-02
  1.003292994e-01 -4.481776008e-01 -9.118079618e-02
  -2.291244374e-01 -2.590604034e-01 8.999179724e-01
  -5.906423224e-01 -8.381009236e-02 -2.882920382e-01
 Node:         68
  0.1436E+03  0.1225E+03  0.4689E+03 -0.1415E-02
  -0.04972
  -0.04947
   0.07901
  -0.01154
   0.01458
   0.007567
  8.745719745e-02
  -3.380124713e-03
  -5.224650955e-02
  1.242964834e-01
  1.061018773e-02
  5.859392421e-02
  1.671070064e-01 -1.521552017e-01 -4.262622081e-02
  -2.385828291e-01 -4.161254777e-01 1.003970913e+00
  2.003495754e-01 1.128332945e-01 4.973796178e-02
 Node:         69
  0.1380E+03  0.1205E+03  0.4831E+03 -0.1415E-02
  -0.001126
  -0.01476
   0.02051
  -3.526E-4
   0.002814
  -5.655E-4
  2.585812102e-02
  -8.440553185e-04
  -6.882725372e-03
  3.039530957e-02
  6.043780110e-03
  1.432848634e-02
  -4.349666667e-01 9.090731423e-01 9.050175690e-02
  7.638869108e-02 -1.237687261e-01 8.348211890e-01
  7.659540340e-01 4.242157006e-01 -1.524548408e-01
 Node:         70
  0.1562E+03  0.1244E+03  0.4528E+03 -0.1415E-02
  -0.06581
  -0.03244
   0.008187
  -0.04261
   0.02783
   0.07682
  7.831078769e-02
  -7.487983724e-03
  -6.208246815e-02
  1.218550986e-01
  2.913445270e-03
  5.744304435e-02
  -1.241978769e-01 2.403211253e-01 -2.459045648e-02
  6.037264331e-02 -9.148766454e-01 5.854922399e-01
  -2.119755414e-01 -4.097056263e-02 -2.515209130e-01
 Node:         71
  0.1499E+03  0.1224E+03  0.4696E+03 -0.1415E-02
  -0.02421
  -0.06829
   0.05192
  -0.04616
   0.03765
   0.02855
  1.099129246e-01
  -3.918568684e-03
  -5.449227707e-02
  1.464935437e-01
  1.716735962e-02
  6.905771879e-02
  -2.158047771e-01 4.390278132e-01 3.013556263e-01
  1.206943843e-01 -3.207378981e-01 6.831521868e-01
  7.598357749e-01 3.793737473e-01 1.398316348e-01
 Node:         72
  0.1435E+03  0.1199E+03  0.4837E+03 -0.1415E-02
   0.007455
  -0.02406
   0.01897
  -0.00779
   0.007654
   0.001877
  3.768989703e-02
  -1.033675159e-03
  -9.448524416e-03
  4.372847440e-02
  9.069232484e-03
  2.061380052e-02
  -5.938976645e-01 7.690850318e-01 2.656522293e-01
  -4.307368331e-02 -4.894454352e-01 8.986304915e-01
  7.008338641e-01 5.806288174e-01 1.784435244e-02
 Node:         73
  0.1450E+03  0.1339E+03  0.4517E+03  0.0000E+00
   0.02623
  -0.01616
  -0.06314
   0.006741
  -0.008287
   0.05553
  4.712666985e-02
  2.884583955e-02
  -5.851457113e-02
  9.762572616e-02
  5.819312760e-03
  4.602120866e-02
  4.034985138e-01 -4.017931529e-02 4.727699363e-01
  9.012065711e-01 -6.985971868e-02 1.778593418e-01
  -4.901753079e-02 -6.566454352e-01 3.127030149e-02
 Node:         74
  0.1371E+03  0.1304E+03  0.4681E+03  0.0000E+00
   0.06451
  -0.01694
  -0.03372
   0.003787
  -0.01254
   0.03509
  6.228542463e-02
  3.203814862e-02
  -3.161809766e-02
  8.279037578e-02
  2.090182519e-02
  3.902775742e-02
  -2.564602972e-01 -1.207838641e-02 1.428343949e-02
  -1.282996391e-01 -1.354653185e-01 6.523303609e-01
  -9.238940552e-03 1.273598726e-01 4.640979830e-02
 Node:         75
  0.1314E+03  0.1289E+03  0.4826E+03  0.0000E+00
   0.02281
  -0.006669
  -0.00483
  -0.003993
  -0.002418
   0.002088
  2.275574522e-02
  2.496869851e-03
  -5.862063588e-03
  2.564787659e-02
  6.463517162e-03
  1.209052497e-02
  -9.732511677e-01 2.192801274e-01 1.697598854e-01
  1.027243376e-01 -3.706143673e-01 9.396067941e-01
  2.441898938e-01 5.970061571e-01 2.806342887e-01
 Node:         76
  0.1518E+03  0.1312E+03  0.4516E+03  0.0000E+00
   0.02791
  -0.02352
  -0.08746
  -0.004008
   0.02217
   0.0802
  7.055768684e-02
  3.267987178e-02
  -8.306419639e-02
  1.376937935e-01
  6.724454076e-03
  6.490947673e-02
  1.377984820e-01 -1.677882166e-02 -1.317843949e-01
  7.341456476e-01 -1.035986306e-01 -8.421804671e-02
  7.176715499e-02 4.737698514e-01 -1.705906582e-02
 Node:         77
  0.1449E+03  0.1283E+03  0.4684E+03  0.0000E+00
   0.0964
  -0.004653
  -0.04757
  -0.003888
   0.01598
   0.03335
  8.791367834e-02
  3.327594480e-02
  -4.326967304e-02
  1.133641966e-01
  2.597331670e-02
  5.344039479e-02
  -9.977929936e-01 6.072853079e-02 9.263112420e-02
  9.897962845e-02 1.883179830e-01 9.762503185e-01
  3.453392569e-02 5.141325902e-01 -1.044129512e-01
 Node:         78
  0.1385E+03  0.1261E+03  0.4829E+03  0.0000E+00
   0.04033
   0.002081
  -0.003951
  -0.003043
  -2.847E-4
   0.001201
  3.680130467e-02
  1.113078025e-03
  -3.495713057e-03
  3.820127100e-02
  1.147288988e-02
  1.800825185e-02
  -9.986954352e-01 -2.920155839e-02 1.070111847e-01
  5.067930255e-02 1.253417197e-02 5.771860934e-01
  -6.355507219e-02 4.764099788e-01 -9.907227176e-02
 Node:         79
  0.1563E+03  0.1265E+03  0.4524E+03  0.0000E+00
   0.03097
   0.05112
   0.07802
   0.01135
  -0.003211
  -0.2891
  7.988582696e-02
  -1.042188960e-02
  -2.186665287e-01
  2.664241173e-01
  -4.973419710e-02
  1.255935334e-01
  6.508947983e-01 8.141157643e-01 1.135107580e-01
  1.280282590e-01 8.311719851e-02 -2.005659130e-01
  -1.222769002e-02 2.704162579e-01 1.141458687e+00
 Node:         80
  0.1500E+03  0.1243E+03  0.4693E+03  0.0000E+00
   0.1062
   0.04107
   0.03455
   0.01247
  -0.002827
  -0.239
  1.116056369e-01
  -1.386944798e-04
  -1.811199565e-01
  2.599383241e-01
  -2.321767134e-02
  1.225361011e-01
  8.533605096e-01 3.542514968e-01 4.301721868e-02
  -3.865641189e-01 1.087306667e+00 -2.006905637e-01
  -4.321404671e-02 1.916809989e-01 1.178023524e+00
 Node:         81
  0.1434E+03  0.1217E+03  0.4836E+03  0.0000E+00
   0.04407
   0.007972
   0.001866
  -1.569E-4
  -6.147E-5
  -0.03247
  4.140855414e-02
  -1.090620605e-03
  -2.398903609e-02
  5.815658199e-02
  5.442965814e-03
  2.741527566e-02
  -9.903377919e-01 -1.854688960e-01 3.710255839e-02
  -1.557953291e-01 1.138255202e+00 -1.303038096e-01
  -4.333648620e-02 1.358363577e-01 1.144935563e+00
 Node:         82
  0.1267E+03  0.1149E+03  0.4576E+03 -0.3778E-01
  -0.03679
  -0.009079
   0.02868
   0.007819
   0.02445
   0.008313
  3.410627813e-02
  -3.003861465e-03
  -3.043513800e-02
  5.611103739e-02
  2.224262208e-04
  2.645099669e-02
  -1.654979193e-02 9.258601911e-01 5.540779193e-01
  -1.660927813e-01 4.558133333e-01 -6.953841826e-01
  -1.610015924e-01 -2.996282378e-01 -1.052399151e-02
 Node:         83
  0.1234E+03  0.1130E+03  0.4726E+03 -0.3778E-01
  -0.04275
   0.002508
   0.01237
   0.03823
   0.009819
  -0.0256
  1.085374968e-02
  -1.389542038e-03
  -5.823360510e-02
  6.325446624e-02
  -1.625646582e-02
  2.981844135e-02
  3.296843312e-01 7.754136943e-01 2.294219639e-01
  -6.213916136e-01 5.139688535e-01 -8.073815287e-01
  -1.014469214e+00 -2.933698620e-01 6.580748408e-01
 Node:         84
  0.1187E+03  0.1123E+03  0.4850E+03 -0.3778E-01
  -0.006023
   0.001194
   8.493E-4
   0.01455
  -5.92E-4
  -0.02553
  2.582571550e-04
  2.672320255e-04
  -2.692222229e-02
  2.665239124e-02
  -8.798911038e-03
  1.256405772e-02
  -6.709597665e-01 -4.033347134e-01 -5.695439490e-01
  4.866654989e-01 -9.509842887e-01 3.123250531e-01
  6.500285563e-01 6.106581741e-02 -9.627646497e-01
 Node:         85
  0.1302E+03  0.1162E+03  0.4563E+03 -0.3778E-01
  -0.0379
  -0.006789
   0.03641
   0.01216
   0.03449
   0.01491
  4.702695117e-02
  -2.630545329e-03
  -3.316703185e-02
  7.008602949e-02
  3.743124664e-03
  3.303887115e-02
  4.593167728e-02 6.948745223e-01 4.834290658e-01
  -2.330370488e-01 2.677518684e-01 -3.400374735e-01
  1.414826964e-01 -6.185084926e-02 -2.218904459e-01
 Node:         86
  0.1252E+03  0.1139E+03  0.4710E+03 -0.3778E-01
  -0.02606
   0.02586
   0.06702
   0.07101
   0.03106
  -0.01457
  8.288245011e-02
  9.368975541e-03
  -7.146700743e-02
  1.339869062e-01
  6.928139406e-03
  6.316203331e-02
  -3.532659130e-01 -8.973230361e-01 -5.304953291e-01
  5.872429936e-01 -6.991927813e-01 6.982366242e-01
  7.046462845e-01 1.972297665e-02 -9.054415074e-01
 Node:         87
  0.1217E+03  0.1126E+03  0.4834E+03 -0.3778E-01
  -0.01147
   7.482E-4
   0.002303
   0.01862
  -0.003092
  -0.02337
  1.115684076e-03
  7.608463641e-04
  -2.955399915e-02
  2.965807225e-02
  -9.225822903e-03
  1.398094934e-02
  -4.207424628e-01 8.762488110e-01 -6.415888025e-01
  7.275984076e-01 9.174996815e-01 4.657840764e-01
  5.370347134e-01 -1.226174416e-01 -1.050440340e+00
 Node:         88
  0.1338E+03  0.1169E+03  0.4546E+03 -0.3778E-01
  -0.06562
  -0.01217
   0.02829
   0.009152
   0.04384
   0.051
  6.888951380e-02
  -5.323998938e-04
  -5.868423036e-02
  1.102124833e-01
  3.224294515e-03
  5.195466287e-02
  1.038837282e-01 6.790687898e-01 8.747749469e-01
  -2.620832272e-01 6.034485403e-01 -4.791218684e-01
  5.040527601e-01 9.221507431e-02 -2.347772824e-01
 Node:         89
  0.1270E+03  0.1150E+03  0.4694E+03 -0.3778E-01
  -0.07613
   0.009737
   0.01522
   0.03247
   0.01123
  -0.005816
  1.603784820e-02
  -3.256247558e-03
  -7.033186624e-02
  7.741738353e-02
  -1.918342187e-02
  3.649490458e-02
  3.409674416e-01 8.602836518e-01 4.823515924e-01
  -2.990194268e-01 7.048456476e-01 -9.532417197e-01
  -1.172485563e+00 -1.443988408e-01 2.842314437e-01
 Node:         90
  0.1248E+03  0.1132E+03  0.4822E+03 -0.3778E-01
  -0.01987
   0.01125
  -0.005226
   0.01001
  -0.005554
  -0.005814
  -1.094302972e-03
  -6.270683227e-04
  -2.424944076e-02
  2.258704964e-02
  -8.656937353e-03
  1.064763731e-02
  5.253325796e-01 6.017814225e-01 -8.640550955e-02
  1.174153822e-01 4.917371550e-02 1.900305732e-01
  -1.056607113e+00 3.533235669e-01 4.373260085e-01
 Node:         91
  0.1262E+03  0.1266E+03  0.4553E+03 -0.3778E-01
  -0.04255
   0.02594
   0.07013
  -0.004336
   0.03396
   0.003391
  7.602682378e-02
  -6.775218684e-03
  -4.543348620e-02
  1.073994029e-01
  7.939372965e-03
  5.062856404e-02
  2.104935244e-02 -1.479617834e-01 -2.681145435e-02
  -1.364678344e-01 -1.197550955e-01 3.240686837e-01
  1.846496815e-03 1.697515924e-01 4.901273885e-03
 Node:         92
  0.1210E+03  0.1236E+03  0.4728E+03 -0.3778E-01
  -0.04693
   0.005186
   0.03868
   0.006713
   0.02374
   0.01926
  4.428933758e-02
  2.208239066e-03
  -3.777972293e-02
  7.112997397e-02
  2.905951238e-03
  3.353099129e-02
  1.262639268e-01 -7.655852442e-01 -5.319962845e-01
  3.081891720e-02 -3.764777070e-01 6.018471338e-01
  -1.025771338e+00 -1.214147023e-01 -4.658214437e-02
 Node:         93
  0.1159E+03  0.1217E+03  0.4877E+03 -0.3778E-01
  -0.006931
  -0.00245
   0.003034
   0.006515
   0.006382
  -0.003096
  4.407508493e-03
  -3.943220382e-04
  -9.449100955e-03
  1.215367851e-02
  -1.811971500e-03
  5.729298995e-03
  6.762022930e-02 3.572587473e-01 1.977870488e-01
  -5.881852442e-02 1.081147558e-01 1.306719745e-02
  -4.682346072e-02 6.458471338e-02 4.071451168e-01
 Node:         94
  0.1316E+03  0.1267E+03  0.4543E+03 -0.3778E-01
  -0.05067
   0.02497
   0.07811
  -0.01845
   0.03257
   0.0257
  8.211958493e-02
  1.604547176e-02
  -5.629322293e-02
  1.198517288e-01
  1.395727792e-02
  5.649864677e-02
  1.769945276e-01 4.887228238e-01 3.233721497e-01
  3.153697452e-01 2.764299257e-01 -8.360480892e-01
  1.047915924e+00 -1.337187813e-01 3.005794055e-01
 Node:         95
  0.1252E+03  0.1237E+03  0.4709E+03 -0.3778E-01
  -0.06502
   0.002102
   0.04591
   0.001613
   0.01665
   0.04004
  4.846719214e-02
  1.923701193e-02
  -5.045424947e-02
  8.813516259e-02
  5.749984869e-03
  4.154731409e-02
  2.245727601e-01 1.705118896e-01 2.602594480e-01
