 Group name: predicted_strain_L4A3
 #Fields=  16
 1) coordinates, coordinate, rectangular cartesian, #Components=3
   x.  Value index= 1, #Derivatives=0
   y.  Value index= 2, #Derivatives=0
   z.  Value index= 3, #Derivatives=0
 2) Tensor_1, field, rectangular cartesian, #Components=1
   Tensor_1.  Value index= 4, #Derivatives=0
 3) Tensor_2, field, rectangular cartesian, #Components=1
   Tensor_2.  Value index= 5, #Derivatives=0
 4) Tensor_3, field, rectangular cartesian, #Components=1
   Tensor_3.  Value index= 6, #Derivatives=0
 5) Tensor_4, field, rectangular cartesian, #Components=1
   Tensor_4.  Value index= 7, #Derivatives=0
 6) Tensor_5, field, rectangular cartesian, #Components=1
   Tensor_5.  Value index= 8, #Derivatives=0
 7) Tensor_6, field, rectangular cartesian, #Components=1
   Tensor_6.  Value index= 9, #Derivatives=0
 8) Principal_1, field, rectangular cartesian, #Components=1
   Principal_1.  Value index= 10, #Derivatives=0
 9) Principal_2, field, rectangular cartesian, #Components=1
   Principal_2.  Value index= 11, #Derivatives=0
 10) Principal_3, field, rectangular cartesian, #Components=1
   Principal_3.  Value index= 12, #Derivatives=0
 11) VonMises, field, rectangular cartesian, #Components=1
   VonMises.  Value index= 13, #Derivatives=0
 12) Hydrostatic, field, rectangular cartesian, #Components=1
   VonMises.  Value index= 14, #Derivatives=0
 13) Octahedral, field, rectangular cartesian, #Components=1
   VonMises.  Value index= 15, #Derivatives=0
 14) PrincipalVector1, field, rectangular cartesian, #Components=3
   x.  Value index= 16, #Derivatives=0
   y.  Value index= 17, #Derivatives=0
   z.  Value index= 18, #Derivatives=0
 15) PrincipalVector2, field, rectangular cartesian, #Components=3
   x.  Value index= 19, #Derivatives=0
   y.  Value index= 20, #Derivatives=0
   z.  Value index= 21, #Derivatives=0
 16) PrincipalVector3, field, rectangular cartesian, #Components=3
   x.  Value index= 22, #Derivatives=0
   y.  Value index= 23, #Derivatives=0
   z.  Value index= 24, #Derivatives=0
 Node:          1
  0.1287E+03  0.1133E+03  0.4908E+03 -0.3797E-04
  -1.11E-16
  -8.327E-17
  -2.22E-16
  -2.776E-17
  -4.163E-17
  -3.331E-16
  -6.637000000e-17
  -2.400000000e-16
  -3.598000000e-16
  2.555392160e-16
  -2.220566667e-16
  1.204623416e-16
  8.837000000e-01 -4.676000000e-01 -1.897000000e-02
  4.046000000e-01 7.837000000e-01 -4.712000000e-01
  2.352000000e-01 4.088000000e-01 8.818000000e-01
 Node:          2
  0.1292E+03  0.1137E+03  0.5052E+03 -0.3797E-04
  -5.551E-17
  -1.11E-16
  -1.665E-16
  -5.551E-17
   1.943E-16
  -2.776E-16
  8.603000000e-17
  -1.600000000e-16
  -4.256000000e-16
  4.431926093e-16
  -1.665233333e-16
  2.089229996e-16
  -6.554000000e-01 6.199000000e-01 4.313000000e-01
  7.522000000e-01 4.849000000e-01 4.462000000e-01
  -6.744000000e-02 -6.169000000e-01 7.841000000e-01
 Node:          3
  0.1289E+03  0.1155E+03  0.5194E+03 -0.3797E-04
   2.22E-16
   1.388E-16
   3.331E-16
   1.11E-16
   5.551E-17
   2.22E-16
  4.753000000e-16
  2.118000000e-16
  9.006000000e-17
  3.410738448e-16
  2.590533333e-16
  1.607837524e-16
  -5.696000000e-01 -7.144000000e-01 -4.063000000e-01
  2.395000000e-01 -6.172000000e-01 7.494000000e-01
  -7.862000000e-01 3.296000000e-01 5.227000000e-01
 Node:          4
  0.1361E+03  0.1141E+03  0.4915E+03 -0.3797E-04
   0.0
  -2.776E-17
  -1.11E-16
  -2.776E-17
  -8.327E-17
   2.22E-16
  2.435000000e-16
  6.328000000e-18
  -1.388000000e-16
  3.342648530e-16
  3.700933333e-17
  1.575739629e-16
  -8.549000000e-02 -2.215000000e-01 9.714000000e-01
  9.681000000e-01 -2.491000000e-01 2.840000000e-02
  2.357000000e-01 9.428000000e-01 2.357000000e-01
 Node:          5
  0.1341E+03  0.1144E+03  0.5054E+03 -0.3797E-04
   3.331E-16
   1.388E-16
   3.331E-16
   5.551E-17
  -6.939E-17
   4.441E-16
  4.814000000e-16
  4.627000000e-16
  1.662000000e-16
  3.062784517e-16
  3.701000000e-16
  1.443810468e-16
  -3.480000000e-01 -6.443000000e-01 6.810000000e-01
  -6.589000000e-01 -3.487000000e-01 -6.665000000e-01
  6.669000000e-01 -6.807000000e-01 -3.032000000e-01
 Node:          6
  0.1323E+03  0.1162E+03  0.5191E+03 -0.3797E-04
   2.22E-16
   5.551E-17
   2.22E-16
  -5.551E-17
  -2.776E-17
   0.0
  2.897000000e-16
  1.685000000e-16
  -1.402000000e-17
  2.648101478e-16
  1.480600000e-16
  1.248327008e-16
  -7.150000000e-01 -6.696000000e-01 2.012000000e-01
  6.656000000e-01 -7.399000000e-01 -9.741000000e-02
  -2.141000000e-01 -6.426000000e-02 -9.747000000e-01
 Node:          7
  0.1408E+03  0.1171E+03  0.4920E+03 -0.3797E-04
   3.331E-16
   2.22E-16
   2.22E-16
  -8.327E-17
  -1.11E-16
   0.0
  5.398000000e-16
  6.158000000e-17
  -4.631000000e-17
  5.403052621e-16
  1.850233333e-16
  2.547023432e-16
  -7.537000000e-01 -6.111000000e-01 2.419000000e-01
  -6.560000000e-01 6.770000000e-01 -3.335000000e-01
  -4.004000000e-02 4.101000000e-01 9.112000000e-01
 Node:          8
  0.1367E+03  0.1169E+03  0.5055E+03 -0.3797E-04
   2.22E-16
   1.943E-16
   2.22E-16
  -4.025E-16
  -2.359E-16
  -2.22E-16
  6.547000000e-16
  4.477000000e-17
  -4.775000000e-16
  9.814930967e-16
  7.399000000e-17
  4.626802829e-16
  -6.847000000e-01 -5.611000000e-01 4.652000000e-01
  5.685000000e-01 -8.105000000e-01 -1.409000000e-01
  -4.561000000e-01 -1.681000000e-01 -8.739000000e-01
 Node:          9
  0.1339E+03  0.1180E+03  0.5191E+03 -0.3797E-04
   2.22E-16
   1.665E-16
   0.0
  -3.955E-16
  -2.776E-16
   6.661E-16
  1.002000000e-15
  -9.379000000e-18
  -1.046000000e-16
  1.062195387e-15
  2.960070000e-16
  5.007237074e-16
  -4.817000000e-01 -3.073000000e-01 8.207000000e-01
  -8.565000000e-01 -3.292000000e-02 -5.150000000e-01
  -1.853000000e-01 9.510000000e-01 2.474000000e-01
 Node:         10
  0.1294E+03  0.1212E+03  0.4911E+03 -0.3797E-04
   0.0
   2.776E-17
   1.11E-16
  -1.388E-17
   1.249E-16
   1.11E-16
  2.363000000e-16
  2.303000000e-17
  -3.732000000e-17
  2.489920880e-16
  7.400333333e-17
  1.173759959e-16
  4.210000000e-02 7.100000000e-01 7.030000000e-01
  -7.813000000e-01 -4.152000000e-01 4.661000000e-01
  -6.228000000e-01 5.688000000e-01 -5.372000000e-01
 Node:         11
  0.1295E+03  0.1214E+03  0.5055E+03 -0.3797E-04
  -2.22E-16
  -2.776E-17
  -2.22E-16
  -4.163E-17
   1.388E-17
  -1.665E-16
  -1.365000000e-16
  -2.183000000e-16
  -2.558000000e-16
  1.056645163e-16
  -2.035333333e-16
  4.981073066e-17
  -4.935000000e-01 2.929000000e-01 8.189000000e-01
  3.541000000e-01 -7.924000000e-01 4.968000000e-01
  -7.944000000e-01 -5.351000000e-01 -2.873000000e-01
 Node:         12
  0.1295E+03  0.1217E+03  0.5196E+03 -0.3797E-04
   1.11E-16
   0.0
   1.11E-16
   7.633E-17
   2.776E-17
   2.22E-16
  2.649000000e-16
  1.110000000e-16
  6.816000000e-17
  1.792025435e-16
  1.480200000e-16
  8.447688915e-17
  -4.387000000e-01 -1.595000000e-01 -8.844000000e-01
  3.417000000e-01 -9.398000000e-01 -2.255000000e-17
  8.311000000e-01 3.022000000e-01 -4.668000000e-01
 Node:         13
  0.1361E+03  0.1199E+03  0.4914E+03 -0.3797E-04
   1.11E-16
  -1.388E-16
   0.0
  -9.714E-17
   2.776E-17
  -1.665E-16
  2.285000000e-16
  -8.520000000e-17
  -1.988000000e-16
  3.833392362e-16
  -1.850000000e-17
  1.807078489e-16
  8.171000000e-01 -5.252000000e-01 -2.378000000e-01
  4.648000000e-01 8.442000000e-01 -2.671000000e-01
  3.410000000e-01 1.077000000e-01 9.339000000e-01
 Node:         14
  0.1342E+03  0.1198E+03  0.5054E+03 -0.3797E-04
  -5.551E-17
   2.776E-17
   0.0
   5.551E-17
  -9.021E-17
   1.11E-16
  1.672000000e-16
  -4.940000000e-18
  -1.068000000e-16
  2.398787602e-16
  1.848666667e-17
  1.130799320e-16
  1.634000000e-01 -4.472000000e-01 8.794000000e-01
  -6.569000000e-01 -7.144000000e-01 -2.412000000e-01
  -7.361000000e-01 5.382000000e-01 4.105000000e-01
 Node:         15
  0.1330E+03  0.1205E+03  0.5193E+03 -0.3797E-04
   2.22E-16
  -8.327E-17
  -5.551E-17
   1.388E-17
   4.857E-17
   0.0
  2.451000000e-16
  2.471000000e-17
  -1.033000000e-16
  3.052383267e-16
  5.550333333e-17
  1.438907271e-16
  -9.638000000e-01 2.667000000e-01 -1.723000000e-03
  1.157000000e-01 4.239000000e-01 8.983000000e-01
  2.403000000e-01 8.656000000e-01 -4.394000000e-01
 Node:         16
  0.1404E+03  0.1188E+03  0.4918E+03 -0.3797E-04
   2.22E-16
   5.551E-17
   2.22E-16
  -8.327E-17
  -1.457E-16
   4.441E-16
  5.466000000e-16
  1.950000000e-16
  1.465000000e-16
  3.781896482e-16
  2.960333333e-16
  1.782803099e-16
  -2.927000000e-01 -4.328000000e-01 8.526000000e-01
  -9.222000000e-01 -1.077000000e-01 -3.713000000e-01
  -2.526000000e-01 8.950000000e-01 3.676000000e-01
 Node:         17
  0.1365E+03  0.1184E+03  0.5055E+03 -0.3797E-04
  -1.11E-16
   2.776E-17
  -1.11E-16
   9.714E-17
   1.7E-16
   0.0
  1.573000000e-16
  -1.341000000e-16
  -2.452000000e-16
  3.600440390e-16
  -7.400000000e-17
  1.697263877e-16
  3.368000000e-01 5.285000000e-01 7.792000000e-01
  8.927000000e-01 -4.425000000e-01 -8.566000000e-02
  -2.996000000e-01 -7.244000000e-01 6.209000000e-01
 Node:         18
  0.1341E+03  0.1191E+03  0.5192E+03 -0.3797E-04
   0.0
   0.0
   0.0
   2.645E-17
   1.065E-16
   4.441E-16
  4.697000000e-16
  -1.672000000e-33
  -2.562000000e-17
  4.830198634e-16
  1.480266667e-16
  2.276977472e-16
  -5.484000000e-02 -2.207000000e-01 -9.738000000e-01
  9.705000000e-01 -2.411000000e-01 -6.210000000e-17
  -2.348000000e-01 -9.451000000e-01 2.274000000e-01
 Node:         19
  0.1301E+03  0.1291E+03  0.4914E+03  0.0000E+00
   1.11E-16
   0.0
   1.11E-16
   2.101E-19
   1.001E-17
  -2.22E-16
  1.113000000e-16
  1.110000000e-16
  -2.223000000e-16
  3.334501012e-16
  0.000000000e+00
  1.571898852e-16
  -2.096000000e-02 -9.993000000e-01 -3.003000000e-02
  9.998000000e-01 -2.097000000e-02 1.345000000e-19
  6.298000000e-04 3.003000000e-02 -9.995000000e-01
 Node:         20
  0.1299E+03  0.1291E+03  0.5058E+03  0.0000E+00
   2.22E-16
   0.0
   0.0
   1.041E-17
   1.924E-17
  -5.551E-17
  2.224000000e-16
  5.975000000e-18
  -6.188000000e-17
  2.571567616e-16
  5.549833333e-17
  1.212248600e-16
  -9.993000000e-01 -3.257000000e-03 -3.765000000e-02
  1.428000000e-02 -9.549000000e-01 -2.965000000e-01
  -3.498000000e-02 -2.968000000e-01 9.543000000e-01
 Node:         21
  0.1301E+03  0.1280E+03  0.5197E+03  0.0000E+00
   1.11E-16
   0.0
   0.0
   4.163E-17
   1.475E-17
   1.11E-16
  1.534000000e-16
  7.089000000e-17
  -2.220000000e-18
  1.348528023e-16
  7.402333333e-17
  6.357022067e-17
  -6.994000000e-01 -6.840000000e-02 -7.114000000e-01
  -7.126000000e-01 1.429000000e-01 6.869000000e-01
  -5.465000000e-02 -9.874000000e-01 1.487000000e-01
 Node:         22
  0.1360E+03  0.1256E+03  0.4913E+03  0.0000E+00
  -2.22E-16
   1.388E-17
  -1.11E-16
  -1.388E-17
   1.006E-16
   1.11E-16
  1.500000000e-16
  -1.456000000e-16
  -2.264000000e-16
  3.432090908e-16
  -7.400000000e-17
  1.617903170e-16
  -2.144000000e-02 3.586000000e-01 9.332000000e-01
  2.280000000e-01 9.106000000e-01 -3.447000000e-01
  -9.734000000e-01 2.054000000e-01 -1.013000000e-01
 Node:         23
  0.1343E+03  0.1253E+03  0.5054E+03  0.0000E+00
   0.0
   2.082E-17
  -4.441E-16
   0.0
   1.314E-16
  -1.665E-16
  1.265000000e-18
  -1.147000000e-16
  -4.972000000e-16
  4.517861704e-16
  -2.035450000e-16
  2.129740431e-16
  9.970000000e-01 6.061000000e-02 4.746000000e-02
  6.644000000e-02 -3.661000000e-01 -9.282000000e-01
  3.888000000e-02 -9.286000000e-01 3.690000000e-01
 Node:         24
  0.1336E+03  0.1248E+03  0.5194E+03  0.0000E+00
  -2.22E-16
   1.214E-17
   0.0
   1.388E-17
   8.674E-19
  -1.665E-16
  6.779000000e-19
  -1.633000000e-16
  -2.259000000e-16
  2.026635839e-16
  -1.295073667e-16
  9.553652964e-17
  -5.504000000e-02 -9.984000000e-01 -9.747000000e-03
  2.257000000e-01 -2.195000000e-02 9.740000000e-01
  -9.726000000e-01 5.141000000e-02 2.265000000e-01
 Node:         25
  0.1400E+03  0.1206E+03  0.4917E+03  0.0000E+00
   0.0
   2.671E-16
  -1.11E-16
  -8.327E-17
  -1.301E-16
   2.22E-16
  3.681000000e-16
  7.580000000e-17
  -3.329000000e-16
  6.098671905e-16
  3.700000000e-17
  2.874941507e-16
  5.089000000e-01 4.781000000e-01 -7.159000000e-01
  6.086000000e-01 3.883000000e-01 6.920000000e-01
  6.088000000e-01 -7.878000000e-01 -9.334000000e-02
 Node:         26
  0.1363E+03  0.1200E+03  0.5055E+03  0.0000E+00
   2.22E-16
   1.076E-16
  -6.106E-16
   2.776E-17
  -1.124E-15
  -5.551E-17
  8.281000000e-16
  2.248000000e-16
  -1.497000000e-15
  2.089815320e-15
  -1.480333333e-16
  9.851483893e-16
  7.371000000e-02 6.174000000e-01 -7.832000000e-01
  9.955000000e-01 1.018000000e-03 9.449000000e-02
  -5.914000000e-02 7.866000000e-01 6.146000000e-01
 Node:         27
  0.1343E+03  0.1203E+03  0.5192E+03  0.0000E+00
   2.22E-16
  -1.943E-16
   2.22E-16
  -1.041E-16
   1.313E-15
   0.0
  1.466000000e-15
  1.875000000e-16
  -1.209000000e-15
  2.317369144e-15
  1.481666667e-16
  1.092418291e-15
  -1.693000000e-01 7.280000000e-01 6.643000000e-01
  9.848000000e-01 9.849000000e-02 1.431000000e-01
  3.876000000e-02 6.785000000e-01 -7.336000000e-01
 Node:         28
  0.1155E+03  0.1124E+03  0.4931E+03 -0.2244E-03
  -2.22E-16
   3.816E-17
   2.22E-16
  -5.551E-17
   5.551E-17
   1.11E-16
  2.455000000e-16
  1.014000000e-16
  -2.359000000e-16
  4.279497985e-16
  3.700000000e-17
  2.017374697e-16
  3.184000000e-02 9.284000000e-01 3.701000000e-01
  1.988000000e-01 3.571000000e-01 -9.127000000e-01
  9.795000000e-01 -1.026000000e-01 1.732000000e-01
 Node:         29
  0.1119E+03  0.1139E+03  0.5068E+03 -0.2244E-03
  -2.22E-16
  -2.082E-17
   0.0
   5.551E-17
   6.939E-18
  -3.331E-16
  1.944000000e-18
  -2.004000000e-16
  -3.566000000e-16
  3.113642034e-16
  -1.850186667e-16
  1.467784931e-16
  -9.118000000e-02 9.958000000e-01 5.517000000e-03
  -9.179000000e-01 -8.189000000e-02 -3.884000000e-01
  -3.863000000e-01 -4.048000000e-02 9.215000000e-01
 Node:         30
  0.1113E+03  0.1159E+03  0.5206E+03 -0.2244E-03
   2.22E-16
   1.249E-16
   2.22E-16
   0.0
  -2.776E-17
   1.11E-16
  3.486000000e-16
  1.238000000e-16
  8.277000000e-17
  2.478750591e-16
  1.850566667e-16
  1.168494234e-16
  -7.001000000e-01 -7.092000000e-01 8.287000000e-02
  -4.685000000e-01 3.686000000e-01 -8.029000000e-01
  -5.389000000e-01 6.009000000e-01 5.903000000e-01
 Node:         31
  0.1203E+03  0.1126E+03  0.4920E+03 -0.2244E-03
  -5.551E-17
   9.714E-17
  -1.11E-16
   2.776E-17
   4.163E-17
  -5.551E-17
  4.114000000e-17
  -7.661000000e-17
  -1.866000000e-16
  1.972667866e-16
  -7.402333333e-17
  9.299245501e-17
  -6.956000000e-01 -5.654000000e-01 -4.433000000e-01
  4.358000000e-01 1.585000000e-01 -8.860000000e-01
  5.712000000e-01 -8.095000000e-01 1.362000000e-01
 Node:         32
  0.1188E+03  0.1134E+03  0.5062E+03 -0.2244E-03
   2.22E-16
  -1.388E-17
  -1.11E-16
  -2.776E-17
   9.714E-17
  -5.551E-17
  2.266000000e-16
  1.331000000e-17
  -1.844000000e-16
  3.560216764e-16
  1.850333333e-17
  1.678302278e-16
  -9.894000000e-01 7.624000000e-02 1.236000000e-01
  1.445000000e-01 5.992000000e-01 7.875000000e-01
  1.402000000e-02 -7.970000000e-01 6.038000000e-01
 Node:         33
  0.1183E+03  0.1150E+03  0.5201E+03 -0.2244E-03
   1.11E-16
   5.551E-17
   0.0
   8.327E-17
   0.0
   0.0
  1.700000000e-16
  0.000000000e+00
  -5.893000000e-17
  2.058903711e-16
  3.702333333e-17
  9.705765171e-17
  -8.617000000e-01 -2.815000000e-01 -4.222000000e-01
  0.000000000e+00 -8.321000000e-01 5.547000000e-01
  -5.074000000e-01 4.780000000e-01 7.170000000e-01
 Node:         34
  0.1255E+03  0.1129E+03  0.4909E+03 -0.2244E-03
   0.0
   0.0
   0.0
   5.551E-17
   9.714E-17
   0.0
  1.119000000e-16
  3.387000000e-33
  -1.119000000e-16
  1.938164854e-16
  0.000000000e+00
  9.136596741e-17
  -3.508000000e-01 -6.139000000e-01 -7.071000000e-01
  8.682000000e-01 -4.961000000e-01 -4.855000000e-17
  -3.508000000e-01 -6.139000000e-01 7.071000000e-01
 Node:         35
  0.1260E+03  0.1135E+03  0.5054E+03 -0.2244E-03
   0.0
   1.11E-16
  -1.11E-16
   1.11E-16
   2.498E-16
  -1.11E-16
  2.410000000e-16
  -1.023000000e-16
  -3.608000000e-16
  5.228959648e-16
  -7.403333333e-17
  2.464955217e-16
  5.458000000e-01 5.925000000e-01 5.925000000e-01
  8.379000000e-01 -3.859000000e-01 -3.859000000e-01
  -4.975000000e-17 -7.071000000e-01 7.071000000e-01
 Node:         36
  0.1257E+03  0.1153E+03  0.5196E+03 -0.2244E-03
   0.0
  -5.551E-17
   0.0
  -5.551E-17
   8.327E-17
   0.0
  1.305000000e-16
  -4.723000000e-17
  -8.327000000e-17
  1.982226619e-16
  0.000000000e+00
  9.344305895e-17
  -5.155000000e-01 6.059000000e-01 6.059000000e-01
  8.569000000e-01 3.645000000e-01 3.645000000e-01
  -1.256000000e-16 7.071000000e-01 -7.071000000e-01
 Node:         37
  0.1132E+03  0.1210E+03  0.4959E+03 -0.2244E-03
  -2.22E-16
   1.388E-16
  -2.22E-16
  -8.327E-17
   1.804E-16
  -2.776E-16
  -4.482000000e-17
  -1.622000000e-16
  -5.146000000e-16
  4.234720019e-16
  -2.405400000e-16
  1.996266161e-16
  3.971000000e-01 7.887000000e-01 4.693000000e-01
  -7.874000000e-01 3.010000000e-02 6.157000000e-01
  4.715000000e-01 -6.140000000e-01 6.330000000e-01
 Node:         38
  0.1111E+03  0.1204E+03  0.5085E+03 -0.2244E-03
  -1.665E-16
   9.714E-17
   0.0
  -2.776E-17
  -8.327E-17
  -2.22E-16
  7.071000000e-17
  -2.091000000e-16
  -2.502000000e-16
  3.024616291e-16
  -1.295300000e-16
  1.425817793e-16
  -3.916000000e-01 -8.746000000e-01 2.859000000e-01
  9.154000000e-01 -3.389000000e-01 2.170000000e-01
  9.287000000e-02 -3.467000000e-01 -9.334000000e-01
 Node:         39
  0.1119E+03  0.1201E+03  0.5207E+03 -0.2244E-03
  -5.551E-17
  -9.714E-17
  -3.331E-16
  -8.327E-17
  -7.633E-17
  -1.11E-16
  8.934000000e-18
  -1.105000000e-16
  -3.981000000e-16
  3.623913061e-16
  -1.665553333e-16
  1.708329000e-16
  8.510000000e-01 -1.281000000e-01 -5.092000000e-01
  4.076000000e-01 -4.503000000e-01 7.944000000e-01
  -3.311000000e-01 -8.836000000e-01 -3.310000000e-01
 Node:         40
  0.1191E+03  0.1220E+03  0.4937E+03 -0.2244E-03
   0.0
   8.327E-17
  -2.22E-16
   8.327E-17
  -1.388E-17
  -2.22E-16
  4.872000000e-17
  -2.082000000e-16
  -2.846000000e-16
  3.024459198e-16
  -1.480266667e-16
  1.425743739e-16
  -9.240000000e-01 -2.703000000e-01 -2.703000000e-01
  0.000000000e+00 -7.071000000e-01 7.071000000e-01
  3.823000000e-01 -6.534000000e-01 -6.534000000e-01
 Node:         41
  0.1182E+03  0.1217E+03  0.5073E+03 -0.2244E-03
   0.0
  -2.776E-17
  -5.551E-17
   5.551E-17
   9.714E-17
   1.11E-16
  1.653000000e-16
  1.073000000e-17
  -1.206000000e-16
  2.478691830e-16
  1.847666667e-17
  1.168466534e-16
  2.406000000e-01 3.653000000e-01 8.993000000e-01
  -8.901000000e-01 4.526000000e-01 5.428000000e-02
  -3.871000000e-01 -8.135000000e-01 4.340000000e-01
 Node:         42
  0.1187E+03  0.1212E+03  0.5204E+03 -0.2244E-03
   0.0
  -5.551E-17
  -1.11E-16
   0.0
   5.551E-17
   1.11E-16
  1.256000000e-16
  1.887000000e-17
  -1.444000000e-16
  2.355296009e-16
  2.333333333e-20
  1.110297186e-16
  1.113000000e-01 -2.517000000e-01 -9.614000000e-01
  9.295000000e-01 -3.159000000e-01 1.903000000e-01
  -3.516000000e-01 -9.148000000e-01 1.988000000e-01
 Node:         43
  0.1258E+03  0.1217E+03  0.4915E+03 -0.2244E-03
   2.22E-16
   1.11E-16
   1.11E-16
  -1.388E-17
   0.0
  -5.551E-17
  2.911000000e-16
  4.294000000e-17
  -5.645000000e-17
  3.100425456e-16
  9.253000000e-17
  1.461554576e-16
  -8.507000000e-01 -5.246000000e-01 3.406000000e-02
  -5.213000000e-01 8.502000000e-01 7.348000000e-02
  6.751000000e-02 -4.475000000e-02 9.967000000e-01
 Node:         44
  0.1259E+03  0.1220E+03  0.5059E+03 -0.2244E-03
  -2.22E-16
   1.388E-16
  -2.22E-16
   9.714E-17
   1.11E-16
  -1.11E-16
  5.081000000e-17
  -2.445000000e-16
  -3.614000000e-16
  3.679610647e-16
  -1.850300000e-16
  1.734585094e-16
  -5.113000000e-01 -5.340000000e-01 -6.733000000e-01
  -5.198000000e-01 -4.318000000e-01 7.372000000e-01
  -6.844000000e-01 7.269000000e-01 -5.679000000e-02
 Node:         45
  0.1261E+03  0.1221E+03  0.5198E+03 -0.2244E-03
  -5.551E-17
  -8.327E-17
  -2.776E-16
   2.776E-17
  -6.939E-18
   1.11E-16
  1.167000000e-16
  -3.339000000e-17
  -3.053000000e-16
  3.705037491e-16
  -7.399666667e-17
  1.746571423e-16
  1.854000000e-01 -5.643000000e-02 9.810000000e-01
  9.302000000e-01 -3.117000000e-01 -1.938000000e-01
  -3.167000000e-01 -9.485000000e-01 5.308000000e-03
 Node:         46
  0.1117E+03  0.1296E+03  0.4959E+03  0.0000E+00
  -5.551E-17
   2.776E-17
  -1.665E-16
   6.939E-18
  -2.602E-17
   0.0
  4.101000000e-18
  -4.897000000e-17
  -1.772000000e-16
  1.614458370e-16
  -7.402300000e-17
  7.610629740e-17
  4.856000000e-02 -1.429000000e-01 9.886000000e-01
  9.724000000e-01 2.327000000e-01 -1.414000000e-02
  -2.280000000e-01 9.620000000e-01 1.502000000e-01
 Node:         47
  0.1107E+03  0.1269E+03  0.5087E+03  0.0000E+00
  -1.665E-16
  -3.123E-17
   1.11E-16
  -2.776E-17
   3.99E-17
   0.0
  1.289000000e-16
  -1.114000000e-17
  -1.732000000e-16
  2.618578385e-16
  -1.848000000e-17
  1.234409689e-16
  -1.292000000e-01 9.390000000e-01 3.186000000e-01
  -1.008000000e-01 -3.321000000e-01 9.379000000e-01
  -9.865000000e-01 -8.906000000e-02 -1.376000000e-01
 Node:         48
  0.1125E+03  0.1242E+03  0.5208E+03  0.0000E+00
   1.11E-16
   3.469E-18
   1.11E-16
   0.0
  -1.735E-18
   1.11E-16
  1.149000000e-16
  1.110000000e-16
  1.071000000e-16
  6.754998150e-18
  1.110000000e-16
  3.184336666e-18
  -6.325000000e-01 -7.071000000e-01 3.162000000e-01
  4.472000000e-01 -4.455000000e-15 8.944000000e-01
  -6.325000000e-01 7.071000000e-01 3.162000000e-01
 Node:         49
  0.1186E+03  0.1311E+03  0.4938E+03  0.0000E+00
  -1.665E-16
  -2.082E-17
   0.0
  -4.163E-17
  -6.072E-18
  -5.551E-17
  2.581000000e-18
  -4.165000000e-17
  -1.830000000e-16
  1.678935845e-16
  -7.402300000e-17
  7.914579474e-17
  1.174000000e-01 -9.929000000e-01 1.965000000e-02
  -3.135000000e-01 -1.827000000e-02 9.494000000e-01
  -9.423000000e-01 -1.176000000e-01 -3.134000000e-01
 Node:         50
  0.1180E+03  0.1298E+03  0.5075E+03  0.0000E+00
   0.0
  -1.301E-17
   3.331E-16
  -4.163E-17
   1.247E-17
   2.22E-16
  3.354000000e-16
  2.276000000e-16
  -7.879000000e-18
  3.040655121e-16
  1.850403333e-16
  1.433378570e-16
  5.441000000e-02 -9.902000000e-01 -1.289000000e-01
  -1.707000000e-01 -1.364000000e-01 9.758000000e-01
  9.838000000e-01 3.109000000e-02 1.765000000e-01
 Node:         51
  0.1192E+03  0.1275E+03  0.5206E+03  0.0000E+00
   0.0
  -3.469E-18
  -5.551E-17
   0.0
   1.475E-17
   1.11E-16
  1.123000000e-16
  2.087000000e-19
  -5.702000000e-17
  1.491791642e-16
  1.849623333e-17
  7.032373239e-17
  -2.705000000e-03 8.758000000e-02 9.962000000e-01
  9.982000000e-01 -6.004000000e-02 7.989000000e-03
  -6.051000000e-02 -9.943000000e-01 8.725000000e-02
 Node:         52
  0.1262E+03  0.1305E+03  0.4920E+03  0.0000E+00
   1.11E-16
  -1.388E-17
   1.11E-16
   1.301E-18
   4.906E-18
   0.0
  1.250000000e-16
  9.734000000e-17
  -2.497000000e-19
  1.139655924e-16
  7.403010000e-17
  5.372389547e-17
  -7.047000000e-01 7.092000000e-01 2.051000000e-02
  7.093000000e-01 7.034000000e-01 4.493000000e-02
  -1.744000000e-02 -4.621000000e-02 9.988000000e-01
 Node:         53
  0.1258E+03  0.1304E+03  0.5063E+03  0.0000E+00
  -1.665E-16
  -1.735E-18
  -1.11E-16
   2.776E-17
   3.383E-17
  -2.22E-16
  -1.010000000e-16
  -1.572000000e-16
  -2.414000000e-16
  1.223933005e-16
  -1.665333333e-16
  5.769675516e-17
  9.684000000e-02 9.526000000e-01 2.883000000e-01
  -9.346000000e-01 1.866000000e-01 -3.027000000e-01
  -3.422000000e-01 -2.402000000e-01 9.084000000e-01
 Node:         54
  0.1265E+03  0.1288E+03  0.5200E+03  0.0000E+00
  -2.22E-16
   2.082E-17
   1.11E-16
   0.0
  -4.337E-18
   1.11E-16
  1.160000000e-16
  1.073000000e-16
  -2.233000000e-16
  3.350347295e-16
  0.000000000e+00
  1.579368861e-16
  -4.656000000e-02 -7.562000000e-01 6.527000000e-01
  -4.117000000e-02 -6.514000000e-01 -7.576000000e-01
  -9.981000000e-01 6.215000000e-02 8.061000000e-04
 Node:         55
  0.1382E+03  0.1168E+03  0.4529E+03  0.7131E-02
  -0.01278
  -0.01062
   0.02115
  -0.001558
   0.01588
  -0.01104
  4.911121344e-02
  6.185839328e-03
  -4.639571542e-02
  8.406591127e-02
  2.967112451e-03
  3.962905061e-02
  1.683665020e-01 -8.601501976e-02 -2.293893281e-02
  3.434660870e-01 2.437746640e-01 2.815539526e-01
  -3.878164285e-01 -1.802340514e-01 4.140074506e-01
 Node:         56
  0.1314E+03  0.1156E+03  0.4685E+03  0.7131E-02
  -0.008414
  -0.007215
   0.01284
  -6.499E-4
   0.005631
  -0.009935
  2.984493083e-02
  -8.997719368e-04
  -3.963709684e-02
  6.183171637e-02
  -3.563979315e-03
  2.914775063e-02
  -1.901591285e-01 6.305237154e-02 6.879849802e-02
  2.890604743e-01 3.665732372e-01 1.303341502e-01
  -3.761210672e-01 -1.052550692e-01 5.158913043e-01
 Node:         57
  0.1285E+03  0.1140E+03  0.4823E+03  0.7131E-02
  -7.833E-4
  -6.692E-4
   0.001626
   8.526E-6
   5.831E-5
  -8.581E-4
  5.545910870e-03
  -4.852324545e-04
  -9.492970949e-03
  1.411331661e-02
  -1.477430845e-03
  6.653081255e-03
  -4.197940711e-01 -2.440875494e-01 3.371846838e-01
  4.897822134e-01 4.961835968e-01 4.527250277e-01
  -3.294114625e-01 1.122085178e-01 6.224017787e-01
 Node:         58
  0.1480E+03  0.1177E+03  0.4531E+03  0.7131E-02
  -0.01415
  -0.0168
   0.03915
  -0.002977
   0.01137
  -0.03922
  7.182149407e-02
  -7.193762253e-03
  -6.390830040e-02
  1.215918336e-01
  2.398104743e-04
  5.731894003e-02
  1.410310277e-01 -6.074565217e-02 -1.222543478e-02
  4.016595000e-01 2.436660079e-01 4.666902569e-01
  -1.275709713e-01 -6.824320158e-02 3.965661858e-01
 Node:         59
  0.1416E+03  0.1166E+03  0.4692E+03  0.7131E-02
   4.144E-4
  -0.0197
   0.03003
  -0.01051
   0.01266
  -0.01516
  6.615302372e-02
  -8.719193362e-03
  -4.348256126e-02
  9.765840784e-02
  4.650423030e-03
  4.603661495e-02
  -2.775521739e-01 1.866280632e-01 1.054362253e-01
  3.415591897e-01 3.381499674e-01 4.738698241e-01
  9.360849802e-02 -1.150488933e-01 5.292671206e-01
 Node:         60
  0.1375E+03  0.1150E+03  0.4832E+03  0.7131E-02
   0.004502
  -0.006935
   0.007446
  -0.004461
   0.003685
   0.001037
  1.835607905e-02
  -8.944427352e-04
  -7.399959289e-03
  2.367947119e-02
  3.353892343e-03
  1.116260977e-02
  -4.185952569e-01 6.123634387e-01 1.728302451e-01
  1.716124506e-01 2.573905138e-01 1.289619150e-01
  1.315747036e-01 2.501384190e-02 2.527915810e-01
 Node:         61
  0.1550E+03  0.1220E+03  0.4533E+03  0.7131E-02
   0.008674
  -0.01434
   0.01196
  -0.003681
   0.002272
  -0.04277
  5.551115217e-02
  -1.811210692e-02
  -6.330944664e-02
  1.046870333e-01
  -8.636800461e-03
  4.934994077e-02
  -1.581424901e-01 3.138891304e-01 5.494525692e-02
  6.053239130e-01 5.920903162e-01 -2.385212451e-01
  1.056127470e-01 1.029836304e-01 8.881697628e-01
 Node:         62
  0.1490E+03  0.1202E+03  0.4697E+03  0.7131E-02
   0.02756
  -0.03294
   0.02527
  -0.01495
   0.01148
  -0.01074
  8.369482213e-02
  -8.087399802e-03
  -3.815017984e-02
  1.101706364e-01
  1.248574750e-02
  5.193493605e-02
  -5.171211462e-01 4.553428854e-01 2.170207510e-01
  4.819581028e-01 2.642094862e-01 7.979832640e-02
  6.080770751e-02 8.308411067e-02 1.547158103e-02
 Node:         63
  0.1436E+03  0.1181E+03  0.4838E+03  0.7131E-02
   0.009353
  -0.01375
   0.01504
  -0.004424
   0.006577
   0.001133
  3.233429249e-02
  -7.213022134e-04
  -6.225309881e-03
  3.631572720e-02
  8.462560132e-03
  1.711939798e-02
  -4.465622530e-01 5.543735178e-01 2.227992312e-01
  2.344938735e-01 3.596193478e-01 -2.449588340e-01
  -2.892591107e-01 -3.493662451e-01 4.125355731e-01
 Node:         64
  0.1412E+03  0.1253E+03  0.4524E+03  0.7131E-02
  -0.02875
  -0.004869
   0.03577
  -0.004718
   0.003895
  -0.01794
  4.829943281e-02
  -1.599773518e-02
  -4.139424308e-02
  8.102351023e-02
  -3.030848485e-03
  3.819484901e-02
  -1.857911067e-02 5.034845850e-01 4.460812846e-02
  3.270592885e-02 3.142786561e-03 2.405671937e-02
  2.457047431e-01 8.998258498e-02 4.839154150e-02
 Node:         65
  0.1340E+03  0.1229E+03  0.4683E+03  0.7131E-02
  -0.007671
  -0.01303
   0.02718
  -0.005351
   0.002846
  -0.01146
  4.332059881e-02
  -8.664272727e-03
  -2.607854150e-02
  6.282547012e-02
  2.859261528e-03
  2.961621064e-02
  2.369304743e-01 -4.637662055e-01 -5.556314229e-02
  -2.277985573e-01 -1.772327470e-01 4.364814229e-01
  -1.801454545e-01 -2.846298419e-02 -1.389868972e-01
 Node:         66
  0.1299E+03  0.1214E+03  0.4825E+03  0.7131E-02
   0.003305
  -0.0045
   0.006204
  -0.001061
   8.715E-4
  -8.338E-4
  1.142724901e-02
  -4.788670356e-04
  -2.527544862e-03
  1.316888418e-02
  2.806945705e-03
  6.207871535e-03
  -4.650831225e-01 5.718065217e-01 1.096647233e-01
  5.479752964e-01 4.638673913e-01 -1.785494071e-02
  3.154351779e-01 1.265128458e-02 4.390523715e-01
 Node:         67
  0.1497E+03  0.1243E+03  0.4527E+03  0.7131E-02
  -0.02216
  -0.01243
   0.03251
  -0.00417
   0.003781
  -0.03596
  4.680735375e-02
  -1.015426285e-02
  -5.327158103e-02
  8.849263940e-02
  -5.539496706e-03
  4.171583027e-02
  -6.417134387e-02 2.271284585e-01 -8.512411067e-03
  4.255356917e-01 3.788201581e-02 3.643416700e-01
  -2.245314593e-01 -4.252380830e-02 2.160507905e-01
 Node:         68
  0.1431E+03  0.1224E+03  0.4689E+03  0.7131E-02
   0.008052
  -0.02484
   0.03108
  -0.01305
   0.007364
  -0.01988
  6.334737154e-02
  -1.616196957e-03
  -3.695879249e-02
  8.881344688e-02
  8.257460698e-03
  4.186706037e-02
  -2.475733202e-01 1.725233202e-01 6.160434783e-02
  2.052457292e-01 2.132478261e-01 3.565101779e-01
  2.486468379e-01 4.834156779e-02 5.633526482e-01
 Node:         69
  0.1379E+03  0.1205E+03  0.4831E+03  0.7131E-02
   0.00891
  -0.009233
   0.009082
  -0.004966
   0.003591
  -2.032E-4
  2.336425889e-02
  -9.968304348e-05
  -4.030003162e-03
  2.571649295e-02
  6.411524229e-03
  1.212287104e-02
  -6.284553360e-01 7.001610672e-01 2.346594862e-01
  3.249376957e-01 4.122007905e-01 2.455877866e-01
  5.010764822e-01 1.403623715e-01 4.367756522e-01
 Node:         70
  0.1553E+03  0.1240E+03  0.4532E+03  0.7131E-02
  -0.01212
  -0.01554
   0.01145
  -0.01322
   0.009877
  -0.03315
  4.274852569e-02
  -7.752522324e-03
  -6.033009881e-02
  9.023549470e-02
  -8.444698482e-03
  4.253742014e-02
  -1.185118577e-02 -4.145652174e-03 6.328543478e-02
  1.027656324e-01 -3.426871542e-01 2.719634980e-01
  7.949169960e-03 -2.549822134e-02 3.310361660e-01
 Node:         71
  0.1492E+03  0.1221E+03  0.4697E+03  0.7131E-02
   0.02595
  -0.02695
   0.02195
  -0.0284
   0.01563
  -0.01182
  8.136565217e-02
  1.827383992e-03
  -3.987629447e-02
  1.073065529e-01
  1.443891390e-02
  5.058479415e-02
  -5.651962451e-01 4.359579051e-01 3.107883399e-01
  1.522436561e-01 2.824328063e-02 2.371276087e-01
  4.769626482e-01 1.066870553e-01 5.589177866e-01
 Node:         72
  0.1435E+03  0.1199E+03  0.4837E+03  0.7131E-02
   0.01589
  -0.01151
   0.007737
  -0.01005
   0.005468
   0.001983
  3.336376680e-02
  1.259029644e-04
  -5.557206522e-03
  3.646685536e-02
  9.310821080e-03
  1.719064048e-02
  -7.248606719e-01 5.557343874e-01 3.529671937e-01
  1.893453874e-01 2.564450593e-01 3.520754565e-01
  4.361148221e-01 1.838967628e-01 3.620923123e-01
 Node:         73
  0.1442E+03  0.1339E+03  0.4519E+03  0.0000E+00
   0.02244
  -0.002808
  -0.02639
  -0.001715
   0.001109
   0.01382
  3.224012055e-02
  1.448177484e-02
  -3.463329447e-02
  6.119186961e-02
  4.029533643e-03
  2.884612397e-02
  -2.978136364e-01 -2.177085968e-02 3.981428063e-01
  2.840938340e-01 -8.023078063e-02 1.083023715e-02
  -5.404484783e-02 -2.129310277e-01 -5.524153557e-02
 Node:         74
  0.1365E+03  0.1304E+03  0.4681E+03  0.0000E+00
   0.04269
   0.006963
  -0.008706
   0.002864
   0.001444
   0.01532
  5.257063241e-02
  1.966301779e-02
  -1.647822727e-02
  6.066440337e-02
  1.858514097e-02
  2.859747400e-02
  -7.303727273e-01 -1.467173518e-01 -8.596106719e-02
  -1.535441107e-01 4.890982213e-02 7.989545455e-01
  -1.254991581e-01 6.383486166e-01 -9.881723320e-02
 Node:         75
  0.1313E+03  0.1288E+03  0.4826E+03  0.0000E+00
   0.01767
   0.002824
  -1.815E-4
   1.283E-4
   4.298E-5
   0.001515
  2.115867391e-02
  1.797496640e-03
  -2.371070158e-03
  2.186641195e-02
  6.861700132e-03
  1.030792545e-02
  -9.647448617e-01 -7.325007905e-02 2.297632806e-02
  -2.315507905e-02 -9.580211462e-02 9.657367589e-01
  -5.476934783e-02 7.724102767e-01 3.354833992e-02
 Node:         76
  0.1514E+03  0.1310E+03  0.4524E+03  0.0000E+00
   0.01923
  -0.005576
  -0.03158
  -0.004024
   0.004996
   0.01675
  3.912861067e-02
  1.245629524e-02
  -4.403628656e-02
  7.511134500e-02
  2.516206449e-03
  3.540782759e-02
  -4.762826285e-01 5.069575099e-02 2.604260870e-01
  4.225798419e-01 -5.799500000e-02 4.699503953e-01
  -1.493142292e-02 -3.745387352e-01 -1.089810277e-02
 Node:         77
  0.1445E+03  0.1281E+03  0.4688E+03  0.0000E+00
   0.05458
   0.008823
  -0.01163
   0.001728
   0.005112
   0.01187
  6.750849802e-02
  1.657354743e-02
  -2.076527470e-02
  7.822462467e-02
  2.110559025e-02
  3.687544171e-02
  -9.816102767e-01 -1.070474368e-01 -1.220752372e-02
  -2.860031621e-02 1.589697233e-01 9.800496047e-01
  -1.148231403e-01 6.698357708e-01 -1.190517787e-01
 Node:         78
  0.1384E+03  0.1261E+03  0.4829E+03  0.0000E+00
   0.02322
   0.00556
   1.658E-4
   6.958E-4
   6.229E-4
   0.001023
  2.923431423e-02
  9.963948617e-04
  -1.890753755e-03
  2.979150028e-02
  9.446651779e-03
  1.404384791e-02
  -9.698551383e-01 -1.862810395e-01 -1.321624111e-02
  -5.809875296e-02 7.501662055e-02 8.158760870e-01
  -1.905769783e-01 7.752365613e-01 -1.407910277e-01
 Node:         79
  0.1555E+03  0.1261E+03  0.4531E+03  0.0000E+00
   0.01353
   0.005739
  -0.03232
  -0.006651
   0.001321
  -0.04877
  3.880966008e-02
  -1.577571838e-02
  -1.174210079e-01
  1.389727358e-01
  -3.146235540e-02
  6.551237591e-02
  7.988349802e-01 3.261013241e-01 -1.906436186e-01
  1.494479051e-01 8.477969763e-02 2.226578953e-01
  -3.991800988e-02 -2.607481117e-01 4.787236383e-01
 Node:         80
  0.1494E+03  0.1240E+03  0.4696E+03  0.0000E+00
   0.06318
   0.01056
  -0.02116
   0.00643
   0.001925
  -0.035
  8.097409091e-02
  -3.809216206e-03
  -9.089428458e-02
  1.521685195e-01
  -4.576469960e-03
  7.173292803e-02
  -2.111960474e-01 1.074293379e-01 -5.814053360e-02
  -2.376912055e-01 5.890115810e-01 4.230142253e-01
  -8.530314229e-03 -4.318319684e-01 6.247456917e-01
 Node:         81
  0.1433E+03  0.1217E+03  0.4837E+03  0.0000E+00
   0.02688
   0.005726
  -0.00186
   0.005589
   0.00157
  -0.002482
  3.418616798e-02
  -8.091895652e-04
  -1.147827668e-02
  4.181291138e-02
  7.299567246e-03
  1.971079545e-02
  -9.587025692e-01 -1.847571146e-01 -1.560740000e-01
  -2.548725296e-01 6.130073123e-01 4.379336834e-01
  3.827501976e-02 -4.598337154e-01 6.436254941e-01
 Node:         82
  0.1267E+03  0.1148E+03  0.4561E+03  0.4574E-02
   0.004473
  -0.009041
   0.002409
  -0.001425
   0.004049
  -0.003459
  2.432706126e-02
  -3.992615613e-03
  -1.707822925e-02
  3.698578437e-02
  1.085405468e-03
  1.743526596e-02
  -5.199794427e-01 6.332260870e-01 3.140144269e-01
  -7.545839921e-02 -6.289007905e-02 1.682762846e-01
  1.283644269e-01 2.024385375e-01 2.613185771e-01
 Node:         83
  0.1234E+03  0.1129E+03  0.4719E+03  0.4574E-02
  -0.005003
  -0.005042
  -2.002E-4
   0.002789
   0.00249
  -0.004644
  1.170508379e-02
  -1.193830435e-03
  -2.757488538e-02
  3.557466792e-02
  -5.687877339e-03
  1.677005928e-02
  -2.128338340e-01 5.442203557e-01 3.456299407e-01
  -1.768250988e-01 -2.478632411e-02 -6.632786561e-02
  -1.858081028e-01 2.188762055e-01 4.569976285e-01
 Node:         84
  0.1187E+03  0.1123E+03  0.4849E+03  0.4574E-02
  -8.734E-4
  -2.676E-4
  -1.002E-4
   0.001582
  -6.615E-5
  -0.003369
  2.529340079e-03
  7.347544664e-05
  -1.111146798e-02
  1.321369629e-02
  -2.836217486e-03
  6.228996166e-03
  -5.479250988e-01 -7.278922925e-02 1.654203557e-01
  3.177687747e-02 -1.880988142e-01 4.271521739e-02
  3.888359684e-02 -1.926184783e-01 -5.516144269e-01
 Node:         85
  0.1302E+03  0.1161E+03  0.4548E+03  0.4574E-02
   0.003525
  -0.009757
   0.004112
  -9.38E-4
   0.00591
  -0.004106
  3.061991304e-02
  -4.627450395e-03
  -2.033229644e-02
  4.541559680e-02
  1.886722069e-03
  2.140911764e-02
  -4.796086759e-01 5.980077075e-01 3.132289723e-01
  6.839644269e-02 4.512409486e-01 -2.524367589e-01
  2.201104743e-01 1.640254941e-01 3.254853755e-01
 Node:         86
  0.1252E+03  0.1138E+03  0.4702E+03  0.4574E-02
  -0.01319
  -0.001422
   0.02548
   0.003363
   0.00935
  -0.003898
  4.610959684e-02
  6.778740553e-03
  -3.953233597e-02
  7.483282530e-02
  4.452000474e-03
  3.527653215e-02
  -1.513219960e-01 -5.116996047e-01 -2.328000000e-01
  1.980936759e-01 -3.258932806e-01 4.657067194e-01
  6.995513834e-01 7.354065810e-02 -1.292436759e-01
 Node:         87
  0.1217E+03  0.1126E+03  0.4833E+03  0.4574E-02
  -0.001109
  -2.907E-4
   3.138E-4
   0.001494
  -3.173E-4
  -0.002414
  3.974764625e-03
  6.594822134e-05
  -1.180474585e-02
  1.521613030e-02
  -2.588011001e-03
  7.172952612e-03
  -4.788721344e-01 4.496020949e-01 9.246493281e-02
  4.187108696e-01 -5.594071146e-02 3.777221344e-01
  6.518260870e-01 1.064532411e-01 -1.989964427e-01
 Node:         88
  0.1338E+03  0.1169E+03  0.4531E+03  0.4574E-02
  -0.009224
  -0.01178
   0.006451
  -9.585E-4
   0.01169
   0.006111
  3.813796245e-02
  -3.108680830e-03
  -2.865825099e-02
  5.892117404e-02
  2.123676877e-03
  2.777570781e-02
  -3.769749447e-01 6.164286561e-01 5.258225296e-01
  -7.323320158e-03 4.296438735e-01 -2.743245059e-01
  2.782883399e-01 3.109229249e-02 1.672432806e-01
 Node:         89
  0.1270E+03  0.1150E+03  0.4685E+03  0.4574E-02
  -0.007013
  -0.005263
   0.003384
   5.609E-4
   0.003359
  -0.001266
  1.887563439e-02
  -1.925560079e-03
  -3.076607312e-02
  4.476052473e-02
  -4.605332938e-03
  2.110031371e-02
  -3.049190514e-01 6.076537549e-01 4.059762846e-01
  -1.258210474e-01 -3.716007905e-03 -9.824090909e-02
  -2.778134387e-01 2.586853439e-01 4.065706324e-01
 Node:         90
  0.1248E+03  0.1132E+03  0.4822E+03  0.4574E-02
  -0.001314
   2.441E-4
  -1.209E-5
   5.228E-4
  -3.177E-4
  -5.062E-4
  3.334991502e-03
  -2.387574407e-04
  -9.430320949e-03
  1.239636976e-02
  -2.111362296e-03
  5.843704749e-03
  -1.951498617e-01 4.563201581e-01 1.774970949e-01
  1.041009486e-01 -2.236581423e-01 5.305974308e-01
  -1.751015810e-01 5.267227273e-01 3.972083004e-01
 Node:         91
  0.1259E+03  0.1261E+03  0.4546E+03  0.4574E-02
  -0.02611
  -0.007091
   0.02861
  -0.006238
   0.00816
  -0.00563
  4.544628656e-02
  -6.681871542e-03
  -3.555152767e-02
  7.120287050e-02
  1.070962451e-03
  3.356535505e-02
  -1.093398617e-01 2.783227273e-01 3.436169960e-02
  -1.692088933e-01 -1.560701581e-01 6.462124506e-01
  -3.070229249e-01 -9.274750988e-02 -9.720533597e-02
 Node:         92
  0.1209E+03  0.1232E+03  0.4725E+03  0.4574E-02
  -0.006975
  -0.008081
   0.007944
  -0.005933
   0.00551
   0.002981
  2.818711858e-02
  2.040575099e-04
  -2.242029249e-02
  4.396905186e-02
  1.990294532e-03
  2.072720982e-02
  -3.238592134e-01 -9.807351779e-02 -2.986581028e-02
  1.477503953e-02 -4.671496047e-01 6.306711462e-01
  -1.477434783e-01 2.349592269e-01 2.264060079e-01
 Node:         93
  0.1159E+03  0.1217E+03  0.4877E+03  0.4574E-02
   0.001245
  -4.517E-4
   2.696E-5
  -0.002202
  -4.649E-5
   0.001619
  6.298679842e-03
  -1.167150593e-04
  -4.565960474e-03
  9.684314987e-03
  5.386681028e-04
  4.565229866e-03
  -3.741952727e-01 1.035577470e-01 4.889954545e-01
  2.443510870e-01 -3.164573123e-01 2.063818182e-01
  -1.977138340e-01 -2.739590909e-01 -7.898122530e-02
 Node:         94
  0.1313E+03  0.1263E+03  0.4537E+03  0.4574E-02
  -0.0323
  -0.007199
   0.03269
  -0.007648
   0.006189
  -0.004024
  4.929602372e-02
  -3.810774704e-04
  -4.250397628e-02
  7.982643854e-02
  2.136989987e-03
  3.763054401e-02
  -7.583334980e-02 6.175083004e-01 1.265000692e-01
  6.233399209e-03 5.352841897e-02 2.109448617e-01
  -7.687351779e-03 -1.921199684e-01 1.704683794e-02
 Node:         95
  0.1249E+03  0.1234E+03  0.4705E+03  0.4574E-02
  -0.006239
  -0.007982
   0.01467
  -0.007861
   0.004295
  -8.856E-4
  3.269770751e-02
  6.981349368e-03
  -2.878683992e-02
  5.412512235e-02
  3.630738986e-03
