 Group name: predicted_strain_L1A3
 #Fields=  16
 1) coordinates, coordinate, rectangular cartesian, #Components=3
   x.  Value index= 1, #Derivatives=0
   y.  Value index= 2, #Derivatives=0
   z.  Value index= 3, #Derivatives=0
 2) Tensor_1, field, rectangular cartesian, #Components=1
   Tensor_1.  Value index= 4, #Derivatives=0
 3) Tensor_2, field, rectangular cartesian, #Components=1
   Tensor_2.  Value index= 5, #Derivatives=0
 4) Tensor_3, field, rectangular cartesian, #Components=1
   Tensor_3.  Value index= 6, #Derivatives=0
 5) Tensor_4, field, rectangular cartesian, #Components=1
   Tensor_4.  Value index= 7, #Derivatives=0
 6) Tensor_5, field, rectangular cartesian, #Components=1
   Tensor_5.  Value index= 8, #Derivatives=0
 7) Tensor_6, field, rectangular cartesian, #Components=1
   Tensor_6.  Value index= 9, #Derivatives=0
 8) Principal_1, field, rectangular cartesian, #Components=1
   Principal_1.  Value index= 10, #Derivatives=0
 9) Principal_2, field, rectangular cartesian, #Components=1
   Principal_2.  Value index= 11, #Derivatives=0
 10) Principal_3, field, rectangular cartesian, #Components=1
   Principal_3.  Value index= 12, #Derivatives=0
 11) VonMises, field, rectangular cartesian, #Components=1
   VonMises.  Value index= 13, #Derivatives=0
 12) Hydrostatic, field, rectangular cartesian, #Components=1
   VonMises.  Value index= 14, #Derivatives=0
 13) Octahedral, field, rectangular cartesian, #Components=1
   VonMises.  Value index= 15, #Derivatives=0
 14) PrincipalVector1, field, rectangular cartesian, #Components=3
   x.  Value index= 16, #Derivatives=0
   y.  Value index= 17, #Derivatives=0
   z.  Value index= 18, #Derivatives=0
 15) PrincipalVector2, field, rectangular cartesian, #Components=3
   x.  Value index= 19, #Derivatives=0
   y.  Value index= 20, #Derivatives=0
   z.  Value index= 21, #Derivatives=0
 16) PrincipalVector3, field, rectangular cartesian, #Components=3
   x.  Value index= 22, #Derivatives=0
   y.  Value index= 23, #Derivatives=0
   z.  Value index= 24, #Derivatives=0
 Node:          1
  0.1287E+03  0.1133E+03  0.4908E+03  0.1179E-04
  -1.11E-16
  -8.327E-17
  -2.22E-16
  -2.776E-17
  -4.163E-17
  -3.331E-16
  -6.637000000e-17
  -2.400000000e-16
  -3.598000000e-16
  2.555392160e-16
  -2.220566667e-16
  1.204623416e-16
  8.837000000e-01 -4.676000000e-01 -1.897000000e-02
  4.046000000e-01 7.837000000e-01 -4.712000000e-01
  2.352000000e-01 4.088000000e-01 8.818000000e-01
 Node:          2
  0.1292E+03  0.1137E+03  0.5052E+03  0.1179E-04
  -5.551E-17
  -1.11E-16
  -1.665E-16
  -5.551E-17
   1.943E-16
  -2.776E-16
  8.603000000e-17
  -1.600000000e-16
  -4.256000000e-16
  4.431926093e-16
  -1.665233333e-16
  2.089229996e-16
  -6.554000000e-01 6.199000000e-01 4.313000000e-01
  7.522000000e-01 4.849000000e-01 4.462000000e-01
  -6.744000000e-02 -6.169000000e-01 7.841000000e-01
 Node:          3
  0.1289E+03  0.1155E+03  0.5194E+03  0.1179E-04
   2.22E-16
   1.388E-16
   3.331E-16
   1.11E-16
   5.551E-17
   2.22E-16
  4.753000000e-16
  2.118000000e-16
  9.006000000e-17
  3.410738448e-16
  2.590533333e-16
  1.607837524e-16
  -5.696000000e-01 -7.144000000e-01 -4.063000000e-01
  2.395000000e-01 -6.172000000e-01 7.494000000e-01
  -7.862000000e-01 3.296000000e-01 5.227000000e-01
 Node:          4
  0.1361E+03  0.1141E+03  0.4915E+03  0.1179E-04
   0.0
  -2.776E-17
  -1.11E-16
  -2.776E-17
  -8.327E-17
   2.22E-16
  2.435000000e-16
  6.328000000e-18
  -1.388000000e-16
  3.342648530e-16
  3.700933333e-17
  1.575739629e-16
  -8.549000000e-02 -2.215000000e-01 9.714000000e-01
  9.681000000e-01 -2.491000000e-01 2.840000000e-02
  2.357000000e-01 9.428000000e-01 2.357000000e-01
 Node:          5
  0.1341E+03  0.1144E+03  0.5054E+03  0.1179E-04
   3.331E-16
   1.388E-16
   3.331E-16
   5.551E-17
  -6.939E-17
   4.441E-16
  4.814000000e-16
  4.627000000e-16
  1.662000000e-16
  3.062784517e-16
  3.701000000e-16
  1.443810468e-16
  -3.480000000e-01 -6.443000000e-01 6.810000000e-01
  -6.589000000e-01 -3.487000000e-01 -6.665000000e-01
  6.669000000e-01 -6.807000000e-01 -3.032000000e-01
 Node:          6
  0.1323E+03  0.1162E+03  0.5191E+03  0.1179E-04
   2.22E-16
   5.551E-17
   2.22E-16
  -5.551E-17
  -2.776E-17
   0.0
  2.897000000e-16
  1.685000000e-16
  -1.402000000e-17
  2.648101478e-16
  1.480600000e-16
  1.248327008e-16
  -7.150000000e-01 -6.696000000e-01 2.012000000e-01
  6.656000000e-01 -7.399000000e-01 -9.741000000e-02
  -2.141000000e-01 -6.426000000e-02 -9.747000000e-01
 Node:          7
  0.1408E+03  0.1171E+03  0.4920E+03  0.1179E-04
   3.331E-16
   2.22E-16
   2.22E-16
  -8.327E-17
  -1.11E-16
   0.0
  5.398000000e-16
  6.158000000e-17
  -4.631000000e-17
  5.403052621e-16
  1.850233333e-16
  2.547023432e-16
  -7.537000000e-01 -6.111000000e-01 2.419000000e-01
  -6.560000000e-01 6.770000000e-01 -3.335000000e-01
  -4.004000000e-02 4.101000000e-01 9.112000000e-01
 Node:          8
  0.1367E+03  0.1169E+03  0.5055E+03  0.1179E-04
   2.22E-16
   1.943E-16
   2.22E-16
  -4.025E-16
  -2.359E-16
  -2.22E-16
  6.547000000e-16
  4.477000000e-17
  -4.775000000e-16
  9.814930967e-16
  7.399000000e-17
  4.626802829e-16
  -6.847000000e-01 -5.611000000e-01 4.652000000e-01
  5.685000000e-01 -8.105000000e-01 -1.409000000e-01
  -4.561000000e-01 -1.681000000e-01 -8.739000000e-01
 Node:          9
  0.1339E+03  0.1180E+03  0.5191E+03  0.1179E-04
   2.22E-16
   1.665E-16
   0.0
  -3.955E-16
  -2.776E-16
   6.661E-16
  1.002000000e-15
  -9.379000000e-18
  -1.046000000e-16
  1.062195387e-15
  2.960070000e-16
  5.007237074e-16
  -4.817000000e-01 -3.073000000e-01 8.207000000e-01
  -8.565000000e-01 -3.292000000e-02 -5.150000000e-01
  -1.853000000e-01 9.510000000e-01 2.474000000e-01
 Node:         10
  0.1294E+03  0.1212E+03  0.4911E+03  0.1179E-04
   0.0
   2.776E-17
   1.11E-16
  -1.388E-17
   1.249E-16
   1.11E-16
  2.363000000e-16
  2.303000000e-17
  -3.732000000e-17
  2.489920880e-16
  7.400333333e-17
  1.173759959e-16
  4.210000000e-02 7.100000000e-01 7.030000000e-01
  -7.813000000e-01 -4.152000000e-01 4.661000000e-01
  -6.228000000e-01 5.688000000e-01 -5.372000000e-01
 Node:         11
  0.1295E+03  0.1214E+03  0.5055E+03  0.1179E-04
  -2.22E-16
  -2.776E-17
  -2.22E-16
  -4.163E-17
   1.388E-17
  -1.665E-16
  -1.365000000e-16
  -2.183000000e-16
  -2.558000000e-16
  1.056645163e-16
  -2.035333333e-16
  4.981073066e-17
  -4.935000000e-01 2.929000000e-01 8.189000000e-01
  3.541000000e-01 -7.924000000e-01 4.968000000e-01
  -7.944000000e-01 -5.351000000e-01 -2.873000000e-01
 Node:         12
  0.1295E+03  0.1217E+03  0.5196E+03  0.1179E-04
   1.11E-16
   0.0
   1.11E-16
   7.633E-17
   2.776E-17
   2.22E-16
  2.649000000e-16
  1.110000000e-16
  6.816000000e-17
  1.792025435e-16
  1.480200000e-16
  8.447688915e-17
  -4.387000000e-01 -1.595000000e-01 -8.844000000e-01
  3.417000000e-01 -9.398000000e-01 -2.255000000e-17
  8.311000000e-01 3.022000000e-01 -4.668000000e-01
 Node:         13
  0.1361E+03  0.1199E+03  0.4914E+03  0.1179E-04
   1.11E-16
  -1.388E-16
   0.0
  -9.714E-17
   2.776E-17
  -1.665E-16
  2.285000000e-16
  -8.520000000e-17
  -1.988000000e-16
  3.833392362e-16
  -1.850000000e-17
  1.807078489e-16
  8.171000000e-01 -5.252000000e-01 -2.378000000e-01
  4.648000000e-01 8.442000000e-01 -2.671000000e-01
  3.410000000e-01 1.077000000e-01 9.339000000e-01
 Node:         14
  0.1342E+03  0.1198E+03  0.5054E+03  0.1179E-04
  -5.551E-17
   2.776E-17
   0.0
   5.551E-17
  -9.021E-17
   1.11E-16
  1.672000000e-16
  -4.940000000e-18
  -1.068000000e-16
  2.398787602e-16
  1.848666667e-17
  1.130799320e-16
  1.634000000e-01 -4.472000000e-01 8.794000000e-01
  -6.569000000e-01 -7.144000000e-01 -2.412000000e-01
  -7.361000000e-01 5.382000000e-01 4.105000000e-01
 Node:         15
  0.1330E+03  0.1205E+03  0.5193E+03  0.1179E-04
   2.22E-16
  -8.327E-17
  -5.551E-17
   1.388E-17
   4.857E-17
   0.0
  2.451000000e-16
  2.471000000e-17
  -1.033000000e-16
  3.052383267e-16
  5.550333333e-17
  1.438907271e-16
  -9.638000000e-01 2.667000000e-01 -1.723000000e-03
  1.157000000e-01 4.239000000e-01 8.983000000e-01
  2.403000000e-01 8.656000000e-01 -4.394000000e-01
 Node:         16
  0.1404E+03  0.1188E+03  0.4918E+03  0.1179E-04
   2.22E-16
   5.551E-17
   2.22E-16
  -8.327E-17
  -1.457E-16
   4.441E-16
  5.466000000e-16
  1.950000000e-16
  1.465000000e-16
  3.781896482e-16
  2.960333333e-16
  1.782803099e-16
  -2.927000000e-01 -4.328000000e-01 8.526000000e-01
  -9.222000000e-01 -1.077000000e-01 -3.713000000e-01
  -2.526000000e-01 8.950000000e-01 3.676000000e-01
 Node:         17
  0.1365E+03  0.1184E+03  0.5055E+03  0.1179E-04
  -1.11E-16
   2.776E-17
  -1.11E-16
   9.714E-17
   1.7E-16
   0.0
  1.573000000e-16
  -1.341000000e-16
  -2.452000000e-16
  3.600440390e-16
  -7.400000000e-17
  1.697263877e-16
  3.368000000e-01 5.285000000e-01 7.792000000e-01
  8.927000000e-01 -4.425000000e-01 -8.566000000e-02
  -2.996000000e-01 -7.244000000e-01 6.209000000e-01
 Node:         18
  0.1341E+03  0.1191E+03  0.5192E+03  0.1179E-04
   0.0
   0.0
   0.0
   2.645E-17
   1.065E-16
   4.441E-16
  4.697000000e-16
  -1.672000000e-33
  -2.562000000e-17
  4.830198634e-16
  1.480266667e-16
  2.276977472e-16
  -5.484000000e-02 -2.207000000e-01 -9.738000000e-01
  9.705000000e-01 -2.411000000e-01 -6.210000000e-17
  -2.348000000e-01 -9.451000000e-01 2.274000000e-01
 Node:         19
  0.1301E+03  0.1291E+03  0.4914E+03  0.0000E+00
   1.11E-16
   0.0
   1.11E-16
   2.101E-19
   1.001E-17
  -2.22E-16
  1.113000000e-16
  1.110000000e-16
  -2.223000000e-16
  3.334501012e-16
  0.000000000e+00
  1.571898852e-16
  -2.096000000e-02 -9.993000000e-01 -3.003000000e-02
  9.998000000e-01 -2.097000000e-02 1.345000000e-19
  6.298000000e-04 3.003000000e-02 -9.995000000e-01
 Node:         20
  0.1299E+03  0.1291E+03  0.5058E+03  0.0000E+00
   2.22E-16
   0.0
   0.0
   1.041E-17
   1.924E-17
  -5.551E-17
  2.224000000e-16
  5.975000000e-18
  -6.188000000e-17
  2.571567616e-16
  5.549833333e-17
  1.212248600e-16
  -9.993000000e-01 -3.257000000e-03 -3.765000000e-02
  1.428000000e-02 -9.549000000e-01 -2.965000000e-01
  -3.498000000e-02 -2.968000000e-01 9.543000000e-01
 Node:         21
  0.1301E+03  0.1280E+03  0.5197E+03  0.0000E+00
   1.11E-16
   0.0
   0.0
   4.163E-17
   1.475E-17
   1.11E-16
  1.534000000e-16
  7.089000000e-17
  -2.220000000e-18
  1.348528023e-16
  7.402333333e-17
  6.357022067e-17
  -6.994000000e-01 -6.840000000e-02 -7.114000000e-01
  -7.126000000e-01 1.429000000e-01 6.869000000e-01
  -5.465000000e-02 -9.874000000e-01 1.487000000e-01
 Node:         22
  0.1360E+03  0.1256E+03  0.4913E+03  0.0000E+00
  -2.22E-16
   1.388E-17
  -1.11E-16
  -1.388E-17
   1.006E-16
   1.11E-16
  1.500000000e-16
  -1.456000000e-16
  -2.264000000e-16
  3.432090908e-16
  -7.400000000e-17
  1.617903170e-16
  -2.144000000e-02 3.586000000e-01 9.332000000e-01
  2.280000000e-01 9.106000000e-01 -3.447000000e-01
  -9.734000000e-01 2.054000000e-01 -1.013000000e-01
 Node:         23
  0.1343E+03  0.1253E+03  0.5054E+03  0.0000E+00
   0.0
   2.082E-17
  -4.441E-16
   0.0
   1.314E-16
  -1.665E-16
  1.265000000e-18
  -1.147000000e-16
  -4.972000000e-16
  4.517861704e-16
  -2.035450000e-16
  2.129740431e-16
  9.970000000e-01 6.061000000e-02 4.746000000e-02
  6.644000000e-02 -3.661000000e-01 -9.282000000e-01
  3.888000000e-02 -9.286000000e-01 3.690000000e-01
 Node:         24
  0.1336E+03  0.1248E+03  0.5194E+03  0.0000E+00
  -2.22E-16
   1.214E-17
   0.0
   1.388E-17
   8.674E-19
  -1.665E-16
  6.779000000e-19
  -1.633000000e-16
  -2.259000000e-16
  2.026635839e-16
  -1.295073667e-16
  9.553652964e-17
  -5.504000000e-02 -9.984000000e-01 -9.747000000e-03
  2.257000000e-01 -2.195000000e-02 9.740000000e-01
  -9.726000000e-01 5.141000000e-02 2.265000000e-01
 Node:         25
  0.1400E+03  0.1206E+03  0.4917E+03  0.0000E+00
   0.0
   2.671E-16
  -1.11E-16
  -8.327E-17
  -1.301E-16
   2.22E-16
  3.681000000e-16
  7.580000000e-17
  -3.329000000e-16
  6.098671905e-16
  3.700000000e-17
  2.874941507e-16
  5.089000000e-01 4.781000000e-01 -7.159000000e-01
  6.086000000e-01 3.883000000e-01 6.920000000e-01
  6.088000000e-01 -7.878000000e-01 -9.334000000e-02
 Node:         26
  0.1363E+03  0.1200E+03  0.5055E+03  0.0000E+00
   2.22E-16
   1.076E-16
  -6.106E-16
   2.776E-17
  -1.124E-15
  -5.551E-17
  8.281000000e-16
  2.248000000e-16
  -1.497000000e-15
  2.089815320e-15
  -1.480333333e-16
  9.851483893e-16
  7.371000000e-02 6.174000000e-01 -7.832000000e-01
  9.955000000e-01 1.018000000e-03 9.449000000e-02
  -5.914000000e-02 7.866000000e-01 6.146000000e-01
 Node:         27
  0.1343E+03  0.1203E+03  0.5192E+03  0.0000E+00
   2.22E-16
  -1.943E-16
   2.22E-16
  -1.041E-16
   1.313E-15
   0.0
  1.466000000e-15
  1.875000000e-16
  -1.209000000e-15
  2.317369144e-15
  1.481666667e-16
  1.092418291e-15
  -1.693000000e-01 7.280000000e-01 6.643000000e-01
  9.848000000e-01 9.849000000e-02 1.431000000e-01
  3.876000000e-02 6.785000000e-01 -7.336000000e-01
 Node:         28
  0.1155E+03  0.1124E+03  0.4931E+03  0.6966E-04
  -2.22E-16
   3.816E-17
   2.22E-16
  -5.551E-17
   5.551E-17
   1.11E-16
  2.455000000e-16
  1.014000000e-16
  -2.359000000e-16
  4.279497985e-16
  3.700000000e-17
  2.017374697e-16
  3.184000000e-02 9.284000000e-01 3.701000000e-01
  1.988000000e-01 3.571000000e-01 -9.127000000e-01
  9.795000000e-01 -1.026000000e-01 1.732000000e-01
 Node:         29
  0.1119E+03  0.1139E+03  0.5068E+03  0.6966E-04
  -2.22E-16
  -2.082E-17
   0.0
   5.551E-17
   6.939E-18
  -3.331E-16
  1.944000000e-18
  -2.004000000e-16
  -3.566000000e-16
  3.113642034e-16
  -1.850186667e-16
  1.467784931e-16
  -9.118000000e-02 9.958000000e-01 5.517000000e-03
  -9.179000000e-01 -8.189000000e-02 -3.884000000e-01
  -3.863000000e-01 -4.048000000e-02 9.215000000e-01
 Node:         30
  0.1113E+03  0.1159E+03  0.5206E+03  0.6966E-04
   2.22E-16
   1.249E-16
   2.22E-16
   0.0
  -2.776E-17
   1.11E-16
  3.486000000e-16
  1.238000000e-16
  8.277000000e-17
  2.478750591e-16
  1.850566667e-16
  1.168494234e-16
  -7.001000000e-01 -7.092000000e-01 8.287000000e-02
  -4.685000000e-01 3.686000000e-01 -8.029000000e-01
  -5.389000000e-01 6.009000000e-01 5.903000000e-01
 Node:         31
  0.1203E+03  0.1126E+03  0.4920E+03  0.6966E-04
  -5.551E-17
   9.714E-17
  -1.11E-16
   2.776E-17
   4.163E-17
  -5.551E-17
  4.114000000e-17
  -7.661000000e-17
  -1.866000000e-16
  1.972667866e-16
  -7.402333333e-17
  9.299245501e-17
  -6.956000000e-01 -5.654000000e-01 -4.433000000e-01
  4.358000000e-01 1.585000000e-01 -8.860000000e-01
  5.712000000e-01 -8.095000000e-01 1.362000000e-01
 Node:         32
  0.1188E+03  0.1134E+03  0.5062E+03  0.6966E-04
   2.22E-16
  -1.388E-17
  -1.11E-16
  -2.776E-17
   9.714E-17
  -5.551E-17
  2.266000000e-16
  1.331000000e-17
  -1.844000000e-16
  3.560216764e-16
  1.850333333e-17
  1.678302278e-16
  -9.894000000e-01 7.624000000e-02 1.236000000e-01
  1.445000000e-01 5.992000000e-01 7.875000000e-01
  1.402000000e-02 -7.970000000e-01 6.038000000e-01
 Node:         33
  0.1183E+03  0.1150E+03  0.5201E+03  0.6966E-04
   1.11E-16
   5.551E-17
   0.0
   8.327E-17
   0.0
   0.0
  1.700000000e-16
  0.000000000e+00
  -5.893000000e-17
  2.058903711e-16
  3.702333333e-17
  9.705765171e-17
  -8.617000000e-01 -2.815000000e-01 -4.222000000e-01
  0.000000000e+00 -8.321000000e-01 5.547000000e-01
  -5.074000000e-01 4.780000000e-01 7.170000000e-01
 Node:         34
  0.1255E+03  0.1129E+03  0.4909E+03  0.6966E-04
   0.0
   0.0
   0.0
   5.551E-17
   9.714E-17
   0.0
  1.119000000e-16
  3.387000000e-33
  -1.119000000e-16
  1.938164854e-16
  0.000000000e+00
  9.136596741e-17
  -3.508000000e-01 -6.139000000e-01 -7.071000000e-01
  8.682000000e-01 -4.961000000e-01 -4.855000000e-17
  -3.508000000e-01 -6.139000000e-01 7.071000000e-01
 Node:         35
  0.1260E+03  0.1135E+03  0.5054E+03  0.6966E-04
   0.0
   1.11E-16
  -1.11E-16
   1.11E-16
   2.498E-16
  -1.11E-16
  2.410000000e-16
  -1.023000000e-16
  -3.608000000e-16
  5.228959648e-16
  -7.403333333e-17
  2.464955217e-16
  5.458000000e-01 5.925000000e-01 5.925000000e-01
  8.379000000e-01 -3.859000000e-01 -3.859000000e-01
  -4.975000000e-17 -7.071000000e-01 7.071000000e-01
 Node:         36
  0.1257E+03  0.1153E+03  0.5196E+03  0.6966E-04
   0.0
  -5.551E-17
   0.0
  -5.551E-17
   8.327E-17
   0.0
  1.305000000e-16
  -4.723000000e-17
  -8.327000000e-17
  1.982226619e-16
  0.000000000e+00
  9.344305895e-17
  -5.155000000e-01 6.059000000e-01 6.059000000e-01
  8.569000000e-01 3.645000000e-01 3.645000000e-01
  -1.256000000e-16 7.071000000e-01 -7.071000000e-01
 Node:         37
  0.1132E+03  0.1210E+03  0.4959E+03  0.6966E-04
  -2.22E-16
   1.388E-16
  -2.22E-16
  -8.327E-17
   1.804E-16
  -2.776E-16
  -4.482000000e-17
  -1.622000000e-16
  -5.146000000e-16
  4.234720019e-16
  -2.405400000e-16
  1.996266161e-16
  3.971000000e-01 7.887000000e-01 4.693000000e-01
  -7.874000000e-01 3.010000000e-02 6.157000000e-01
  4.715000000e-01 -6.140000000e-01 6.330000000e-01
 Node:         38
  0.1111E+03  0.1204E+03  0.5085E+03  0.6966E-04
  -1.665E-16
   9.714E-17
   0.0
  -2.776E-17
  -8.327E-17
  -2.22E-16
  7.071000000e-17
  -2.091000000e-16
  -2.502000000e-16
  3.024616291e-16
  -1.295300000e-16
  1.425817793e-16
  -3.916000000e-01 -8.746000000e-01 2.859000000e-01
  9.154000000e-01 -3.389000000e-01 2.170000000e-01
  9.287000000e-02 -3.467000000e-01 -9.334000000e-01
 Node:         39
  0.1119E+03  0.1201E+03  0.5207E+03  0.6966E-04
  -5.551E-17
  -9.714E-17
  -3.331E-16
  -8.327E-17
  -7.633E-17
  -1.11E-16
  8.934000000e-18
  -1.105000000e-16
  -3.981000000e-16
  3.623913061e-16
  -1.665553333e-16
  1.708329000e-16
  8.510000000e-01 -1.281000000e-01 -5.092000000e-01
  4.076000000e-01 -4.503000000e-01 7.944000000e-01
  -3.311000000e-01 -8.836000000e-01 -3.310000000e-01
 Node:         40
  0.1191E+03  0.1220E+03  0.4937E+03  0.6966E-04
   0.0
   8.327E-17
  -2.22E-16
   8.327E-17
  -1.388E-17
  -2.22E-16
  4.872000000e-17
  -2.082000000e-16
  -2.846000000e-16
  3.024459198e-16
  -1.480266667e-16
  1.425743739e-16
  -9.240000000e-01 -2.703000000e-01 -2.703000000e-01
  0.000000000e+00 -7.071000000e-01 7.071000000e-01
  3.823000000e-01 -6.534000000e-01 -6.534000000e-01
 Node:         41
  0.1182E+03  0.1217E+03  0.5073E+03  0.6966E-04
   0.0
  -2.776E-17
  -5.551E-17
   5.551E-17
   9.714E-17
   1.11E-16
  1.653000000e-16
  1.073000000e-17
  -1.206000000e-16
  2.478691830e-16
  1.847666667e-17
  1.168466534e-16
  2.406000000e-01 3.653000000e-01 8.993000000e-01
  -8.901000000e-01 4.526000000e-01 5.428000000e-02
  -3.871000000e-01 -8.135000000e-01 4.340000000e-01
 Node:         42
  0.1187E+03  0.1212E+03  0.5204E+03  0.6966E-04
   0.0
  -5.551E-17
  -1.11E-16
   0.0
   5.551E-17
   1.11E-16
  1.256000000e-16
  1.887000000e-17
  -1.444000000e-16
  2.355296009e-16
  2.333333333e-20
  1.110297186e-16
  1.113000000e-01 -2.517000000e-01 -9.614000000e-01
  9.295000000e-01 -3.159000000e-01 1.903000000e-01
  -3.516000000e-01 -9.148000000e-01 1.988000000e-01
 Node:         43
  0.1258E+03  0.1217E+03  0.4915E+03  0.6966E-04
   2.22E-16
   1.11E-16
   1.11E-16
  -1.388E-17
   0.0
  -5.551E-17
  2.911000000e-16
  4.294000000e-17
  -5.645000000e-17
  3.100425456e-16
  9.253000000e-17
  1.461554576e-16
  -8.507000000e-01 -5.246000000e-01 3.406000000e-02
  -5.213000000e-01 8.502000000e-01 7.348000000e-02
  6.751000000e-02 -4.475000000e-02 9.967000000e-01
 Node:         44
  0.1259E+03  0.1220E+03  0.5059E+03  0.6966E-04
  -2.22E-16
   1.388E-16
  -2.22E-16
   9.714E-17
   1.11E-16
  -1.11E-16
  5.081000000e-17
  -2.445000000e-16
  -3.614000000e-16
  3.679610647e-16
  -1.850300000e-16
  1.734585094e-16
  -5.113000000e-01 -5.340000000e-01 -6.733000000e-01
  -5.198000000e-01 -4.318000000e-01 7.372000000e-01
  -6.844000000e-01 7.269000000e-01 -5.679000000e-02
 Node:         45
  0.1261E+03  0.1221E+03  0.5198E+03  0.6966E-04
  -5.551E-17
  -8.327E-17
  -2.776E-16
   2.776E-17
  -6.939E-18
   1.11E-16
  1.167000000e-16
  -3.339000000e-17
  -3.053000000e-16
  3.705037491e-16
  -7.399666667e-17
  1.746571423e-16
  1.854000000e-01 -5.643000000e-02 9.810000000e-01
  9.302000000e-01 -3.117000000e-01 -1.938000000e-01
  -3.167000000e-01 -9.485000000e-01 5.308000000e-03
 Node:         46
  0.1117E+03  0.1296E+03  0.4959E+03  0.0000E+00
  -5.551E-17
   2.776E-17
  -1.665E-16
   6.939E-18
  -2.602E-17
   0.0
  4.101000000e-18
  -4.897000000e-17
  -1.772000000e-16
  1.614458370e-16
  -7.402300000e-17
  7.610629740e-17
  4.856000000e-02 -1.429000000e-01 9.886000000e-01
  9.724000000e-01 2.327000000e-01 -1.414000000e-02
  -2.280000000e-01 9.620000000e-01 1.502000000e-01
 Node:         47
  0.1107E+03  0.1269E+03  0.5087E+03  0.0000E+00
  -1.665E-16
  -3.123E-17
   1.11E-16
  -2.776E-17
   3.99E-17
   0.0
  1.289000000e-16
  -1.114000000e-17
  -1.732000000e-16
  2.618578385e-16
  -1.848000000e-17
  1.234409689e-16
  -1.292000000e-01 9.390000000e-01 3.186000000e-01
  -1.008000000e-01 -3.321000000e-01 9.379000000e-01
  -9.865000000e-01 -8.906000000e-02 -1.376000000e-01
 Node:         48
  0.1125E+03  0.1242E+03  0.5208E+03  0.0000E+00
   1.11E-16
   3.469E-18
   1.11E-16
   0.0
  -1.735E-18
   1.11E-16
  1.149000000e-16
  1.110000000e-16
  1.071000000e-16
  6.754998150e-18
  1.110000000e-16
  3.184336666e-18
  -6.325000000e-01 -7.071000000e-01 3.162000000e-01
  4.472000000e-01 -4.455000000e-15 8.944000000e-01
  -6.325000000e-01 7.071000000e-01 3.162000000e-01
 Node:         49
  0.1186E+03  0.1311E+03  0.4938E+03  0.0000E+00
  -1.665E-16
  -2.082E-17
   0.0
  -4.163E-17
  -6.072E-18
  -5.551E-17
  2.581000000e-18
  -4.165000000e-17
  -1.830000000e-16
  1.678935845e-16
  -7.402300000e-17
  7.914579474e-17
  1.174000000e-01 -9.929000000e-01 1.965000000e-02
  -3.135000000e-01 -1.827000000e-02 9.494000000e-01
  -9.423000000e-01 -1.176000000e-01 -3.134000000e-01
 Node:         50
  0.1180E+03  0.1298E+03  0.5075E+03  0.0000E+00
   0.0
  -1.301E-17
   3.331E-16
  -4.163E-17
   1.247E-17
   2.22E-16
  3.354000000e-16
  2.276000000e-16
  -7.879000000e-18
  3.040655121e-16
  1.850403333e-16
  1.433378570e-16
  5.441000000e-02 -9.902000000e-01 -1.289000000e-01
  -1.707000000e-01 -1.364000000e-01 9.758000000e-01
  9.838000000e-01 3.109000000e-02 1.765000000e-01
 Node:         51
  0.1192E+03  0.1275E+03  0.5206E+03  0.0000E+00
   0.0
  -3.469E-18
  -5.551E-17
   0.0
   1.475E-17
   1.11E-16
  1.123000000e-16
  2.087000000e-19
  -5.702000000e-17
  1.491791642e-16
  1.849623333e-17
  7.032373239e-17
  -2.705000000e-03 8.758000000e-02 9.962000000e-01
  9.982000000e-01 -6.004000000e-02 7.989000000e-03
  -6.051000000e-02 -9.943000000e-01 8.725000000e-02
 Node:         52
  0.1262E+03  0.1305E+03  0.4920E+03  0.0000E+00
   1.11E-16
  -1.388E-17
   1.11E-16
   1.301E-18
   4.906E-18
   0.0
  1.250000000e-16
  9.734000000e-17
  -2.497000000e-19
  1.139655924e-16
  7.403010000e-17
  5.372389547e-17
  -7.047000000e-01 7.092000000e-01 2.051000000e-02
  7.093000000e-01 7.034000000e-01 4.493000000e-02
  -1.744000000e-02 -4.621000000e-02 9.988000000e-01
 Node:         53
  0.1258E+03  0.1304E+03  0.5063E+03  0.0000E+00
  -1.665E-16
  -1.735E-18
  -1.11E-16
   2.776E-17
   3.383E-17
  -2.22E-16
  -1.010000000e-16
  -1.572000000e-16
  -2.414000000e-16
  1.223933005e-16
  -1.665333333e-16
  5.769675516e-17
  9.684000000e-02 9.526000000e-01 2.883000000e-01
  -9.346000000e-01 1.866000000e-01 -3.027000000e-01
  -3.422000000e-01 -2.402000000e-01 9.084000000e-01
 Node:         54
  0.1265E+03  0.1288E+03  0.5200E+03  0.0000E+00
  -2.22E-16
   2.082E-17
   1.11E-16
   0.0
  -4.337E-18
   1.11E-16
  1.160000000e-16
  1.073000000e-16
  -2.233000000e-16
  3.350347295e-16
  0.000000000e+00
  1.579368861e-16
  -4.656000000e-02 -7.562000000e-01 6.527000000e-01
  -4.117000000e-02 -6.514000000e-01 -7.576000000e-01
  -9.981000000e-01 6.215000000e-02 8.061000000e-04
 Node:         55
  0.1382E+03  0.1167E+03  0.4536E+03 -0.8612E-03
  -0.02878
  -0.004206
   0.02352
   0.001474
   0.007044
   0.01618
  4.183011702e-02
  2.061428936e-02
  -3.853596809e-02
  7.193603739e-02
  7.969479433e-03
  3.391097323e-02
  -1.330702128e-01 6.018542553e-01 3.440425532e-01
  1.190400000e-01 3.312027660e-01 -4.042308511e-01
  -6.120427202e-01 -6.196765957e-02 3.095606383e-02
 Node:         56
  0.1314E+03  0.1156E+03  0.4688E+03 -0.8612E-03
  -0.03051
   0.002236
   0.01287
   0.008592
  -2.573E-4
   0.001592
  1.664778723e-02
  6.439201064e-03
  -4.480829787e-02
  5.642000483e-02
  -7.240436525e-03
  2.659664534e-02
  2.944514894e-02 -6.549510638e-01 -1.518531915e-02
  2.891946809e-01 6.554787234e-02 6.705948936e-01
  -6.259512766e-01 7.066255319e-02 1.573468085e-01
 Node:         57
  0.1285E+03  0.1140E+03  0.4823E+03 -0.8612E-03
  -0.00728
   0.003615
  -8.888E-4
   0.002785
  -0.001895
  -0.001023
  6.650680851e-04
  -2.431369043e-04
  -1.467637553e-02
  1.454798404e-02
  -4.751481450e-03
  6.857985443e-03
  -1.983040426e-01 -7.100585106e-01 4.247995745e-01
  3.902159574e-01 3.320665957e-01 6.849352128e-01
  -5.815914894e-01 3.524370213e-01 3.970202128e-01
 Node:         58
  0.1482E+03  0.1174E+03  0.4541E+03 -0.8612E-03
  -0.02959
  -0.01217
   0.03955
  -0.002001
   0.005916
   0.005458
  6.619289362e-02
  9.303687234e-03
  -4.378611702e-02
  9.500049278e-02
  1.057015461e-02
  4.478366178e-02
  3.319787234e-02 -6.174500000e-01 -1.078270213e-01
  1.986347872e-01 -7.978510638e-02 7.864127660e-01
  -6.708244979e-01 -1.256138298e-01 8.534617021e-02
 Node:         59
  0.1418E+03  0.1164E+03  0.4698E+03 -0.8612E-03
  -0.02951
  -0.008589
   0.02893
   0.004955
   0.001617
  -0.004501
  4.218247872e-02
  -4.980701766e-03
  -4.532157447e-02
  7.576301651e-02
  -2.706599170e-03
  3.571502849e-02
  -4.858085106e-02 3.063627660e-01 -1.531914894e-03
  2.298702128e-01 6.646113830e-02 8.281621915e-01
  -4.915244681e-01 -1.079565957e-01 2.473544468e-01
 Node:         60
  0.1375E+03  0.1150E+03  0.4833E+03 -0.8612E-03
  -0.006634
  -5.503E-4
   0.003844
   0.003154
  -0.001134
  -0.001968
  4.255269149e-03
  -1.225572383e-03
  -1.183569574e-02
  1.378468663e-02
  -2.935332993e-03
  6.498163594e-03
  -1.958585106e-01 8.397244681e-01 -1.152322553e-01
  -2.538042553e-01 -1.704889362e-01 -4.317870426e-01
  -5.047638298e-01 5.271361702e-02 2.594034043e-01
 Node:         61
  0.1553E+03  0.1214E+03  0.4545E+03 -0.8612E-03
  -0.01383
  -0.01135
   0.02052
  -0.01028
   0.01399
  -0.02883
  4.916872340e-02
  -2.738822447e-02
  -5.023891489e-02
  8.986863509e-02
  -9.486138652e-03
  4.236448086e-02
  9.931595745e-02 3.815840426e-01 1.852679255e-01
  6.681265957e-01 4.006361702e-01 -1.957531915e-01
  2.360097660e-01 -7.709125532e-02 7.780478723e-01
 Node:         62
  0.1492E+03  0.1199E+03  0.4704E+03 -0.8612E-03
  -0.004021
  -0.01483
   0.02158
  -7.316E-4
   0.005898
  -0.02983
  4.222427660e-02
  -1.990182979e-02
  -4.622782979e-02
  7.865690489e-02
  -7.968460993e-03
  3.707922056e-02
  -2.684106383e-01 4.864042553e-01 7.809138298e-02
  8.472223404e-01 3.842638298e-01 1.736729713e-01
  1.123001064e-01 1.004054681e-01 3.347114894e-01
 Node:         63
  0.1436E+03  0.1181E+03  0.4839E+03 -0.8612E-03
   0.002316
  -0.003732
   0.004077
   0.001757
  -0.001697
  -0.005754
  9.140191489e-03
  -1.286176277e-03
  -9.054300000e-03
  1.564128823e-02
  -4.000949291e-04
  7.373373983e-03
  -3.104542553e-01 3.861393617e-01 -9.354063830e-03
  5.326414894e-01 5.109094681e-01 -1.208995745e-01
  -8.810712766e-02 -1.887077660e-01 -2.861808511e-02
 Node:         64
  0.1414E+03  0.1253E+03  0.4531E+03 -0.8612E-03
  -0.01715
   0.006054
   0.02016
  -0.005462
   0.003846
  -0.002976
  3.094023404e-02
  2.602191489e-04
  -3.008882979e-02
  5.230791101e-02
  3.705411348e-04
  2.465818572e-02
  5.977425532e-02 8.776053191e-01 1.001492021e-01
  2.122255319e-01 4.365074468e-02 -6.077851064e-01
  -5.377414894e-01 1.424649468e-01 -2.436345745e-01
 Node:         65
  0.1341E+03  0.1229E+03  0.4686E+03 -0.8612E-03
  -0.016
   0.003187
   0.01807
  -0.001025
   0.001323
  -0.002417
  2.510122340e-02
  -2.620070213e-03
  -2.327523404e-02
  4.190548969e-02
  -2.646936170e-04
  1.975443729e-02
  4.081819149e-02 -7.218372340e-01 -5.528212766e-02
  -9.142021277e-02 -1.832095745e-02 6.235638298e-01
  -4.993404255e-01 9.881840426e-02 1.321175532e-01
 Node:         66
  0.1299E+03  0.1214E+03  0.4825E+03 -0.8612E-03
  -0.002439
   4.992E-4
   0.002733
   0.001228
  -8.882E-4
  -7.895E-4
  3.309214894e-03
  -3.688381915e-04
  -4.135653191e-03
  6.346304574e-03
  -3.984254965e-04
  2.991676667e-03
  -1.665694681e-01 -1.419361702e-01 1.137217021e-01
  3.836031915e-01 2.025531915e-01 3.686372340e-01
  6.118829787e-01 -7.189542553e-02 -1.291468085e-01
 Node:         67
  0.1500E+03  0.1241E+03  0.4537E+03 -0.8612E-03
  -0.01851
  -0.006273
   0.01755
  -0.004631
   0.0023
   0.004497
  2.977734043e-02
  1.144533085e-02
  -2.811385106e-02
  5.121787175e-02
  4.369606738e-03
  2.414433629e-02
  -4.957765957e-02 2.132585106e-01 -8.157127660e-03
  7.065255319e-02 -1.569382979e-01 7.324079255e-01
  -6.989405245e-01 -1.135335957e-01 1.039361702e-03
 Node:         68
  0.1432E+03  0.1222E+03  0.4695E+03 -0.8612E-03
  -0.01594
  -0.01072
   0.0192
  -0.001757
   0.002905
   0.002026
  3.216598936e-02
  3.443988085e-03
  -2.611196809e-02
  5.054725261e-02
  3.166003121e-03
  2.382820339e-02
  8.769468085e-02 -3.953723404e-01 -6.368297872e-02
  -1.077241489e-01 -2.050489362e-01 8.674885106e-01
  -4.010031915e-01 -1.018266298e-01 -1.224882979e-02
 Node:         69
  0.1380E+03  0.1205E+03  0.4831E+03 -0.8612E-03
  -0.002192
  -0.002986
   0.005166
   6.876E-4
   3.643E-4
  -2.97E-4
  8.021313830e-03
  -2.290217021e-04
  -4.360681915e-03
  1.090748311e-02
  1.143870071e-03
  5.141836850e-03
  -4.407106383e-01 8.676489362e-01 9.674347872e-02
  2.428870745e-01 1.483558511e-01 7.336206383e-01
  7.733074468e-01 3.073664043e-01 -4.629446809e-02
 Node:         70
  0.1556E+03  0.1235E+03  0.4544E+03 -0.8612E-03
  -0.01436
  -0.007588
  -0.001766
  -0.009148
   0.006343
   0.02245
  4.157905319e-02
  -8.747656170e-04
  -2.597878723e-02
  5.863232168e-02
  4.908500113e-03
  2.763954151e-02
  -2.269223404e-01 3.951659574e-01 9.220957447e-02
  3.359109574e-01 -6.508531915e-01 3.450327660e-01
  -2.068111702e-01 -1.457468085e-02 -1.637010638e-01
 Node:         71
  0.1494E+03  0.1219E+03  0.4704E+03 -0.8612E-03
  -0.009807
  -0.01642
   0.01074
  -0.008078
   0.008592
   0.008013
  3.908629787e-02
  3.652659574e-04
  -2.639291489e-02
  5.713910369e-02
  4.352882979e-03
  2.693563179e-02
  -3.700957447e-01 5.144393617e-01 3.744510638e-01
  1.846193617e-01 -2.331723404e-01 6.380343617e-01
  7.528861702e-01 3.433602979e-01 2.449382979e-01
 Node:         72
  0.1435E+03  0.1199E+03  0.4838E+03 -0.8612E-03
  -6.202E-4
  -0.005669
   0.00465
  -7.37E-4
   0.001593
   2.534E-4
  1.142519149e-02
  -4.545442553e-04
  -5.508053191e-03
  1.504805552e-02
  1.820864681e-03
  7.093721401e-03
  -5.954436170e-01 7.394361702e-01 2.622095745e-01
  1.377414289e-01 -7.841170213e-02 7.815824894e-01
  6.360819149e-01 4.778732340e-01 -7.184042553e-02
 Node:         73
  0.1445E+03  0.1339E+03  0.4530E+03  0.0000E+00
   0.004866
  -0.003991
  -0.0156
   0.002404
  -0.0023
   0.0148
  2.153510638e-02
  8.374957021e-03
  -2.446232979e-02
  4.081616233e-02
  1.815911206e-03
  1.924092345e-02
  2.044361702e-01 -3.586195745e-02 3.227044681e-01
  3.838256383e-01 -2.787306383e-02 1.397755319e-01
  -3.214263830e-02 -2.921074468e-01 7.607297872e-03
 Node:         74
  0.1367E+03  0.1304E+03  0.4686E+03  0.0000E+00
   0.01278
  -0.006194
  -0.009109
   1.965E-4
  -0.004268
   0.007969
  1.963395745e-02
  1.236378723e-02
  -1.661208511e-02
  3.256616799e-02
  5.128553191e-03
  1.535183881e-02
  8.068936170e-02 -1.486701064e-01 5.919468085e-02
  -2.166436170e-01 -1.041885957e-01 1.010186170e+00
  -1.308669362e-01 -6.518085106e-02 -8.423559574e-02
 Node:         75
  0.1313E+03  0.1288E+03  0.4827E+03  0.0000E+00
   0.003839
  -0.002601
  -0.001513
  -0.001622
  -8.531E-4
   3.513E-4
  6.648285106e-03
  8.763037234e-04
  -4.089188298e-03
  9.184949234e-03
  1.145133511e-03
  4.329826592e-03
  -9.436755319e-01 1.850057447e-01 1.632040213e-01
  5.562293617e-02 -3.292061064e-01 9.227106383e-01
  2.365697872e-01 9.271287234e-01 2.968187234e-01
 Node:         76
  0.1517E+03  0.1308E+03  0.4535E+03  0.0000E+00
   0.005889
  -0.005241
  -0.023
   1.594E-4
   0.005749
   0.02406
  3.369824468e-02
  1.149987383e-02
  -3.676109574e-02
  6.193348711e-02
  2.812340922e-03
  2.919572581e-02
  2.958521277e-02 -1.457117021e-02 -4.460319149e-02
  8.677180851e-01 -1.415009574e-01 8.594542553e-02
  7.500882979e-02 3.074010638e-01 -4.298095745e-02
 Node:         77
  0.1446E+03  0.1280E+03  0.4693E+03  0.0000E+00
   0.01963
  -0.002612
  -0.01261
  -0.002125
   0.003894
   0.00951
  2.881594681e-02
  1.358559574e-02
  -2.060657447e-02
  4.290768512e-02
  7.264989362e-03
  2.022687674e-02
  -9.813031915e-01 2.970576596e-02 1.149488404e-01
  1.184796277e-01 1.576717021e-01 9.721914894e-01
  -2.579576596e-02 2.063563830e-01 -3.934893617e-02
 Node:         78
  0.1384E+03  0.1261E+03  0.4830E+03  0.0000E+00
   0.008004
  -4.302E-4
  -0.001244
  -0.001705
  -3.222E-4
   1.11E-4
  1.192625532e-02
  -7.954468085e-06
  -1.845424468e-03
  1.294803062e-02
  3.357625461e-03
  6.103760169e-03
  -9.821234043e-01 -4.639346809e-02 1.124149681e-01
  4.641561702e-02 -8.741425532e-02 5.198851064e-01
  -1.054607021e-01 7.701382979e-02 -1.622061702e-01
 Node:         79
  0.1558E+03  0.1256E+03  0.4542E+03  0.0000E+00
   0.007279
   0.01118
   0.01987
   0.005298
   1.989E-4
  -0.05547
  4.617406383e-02
  2.733623404e-03
  -1.028353936e-01
  1.324512827e-01
  -1.797590213e-02
  6.243813345e-02
  6.239553191e-01 6.862387447e-01 -1.808444681e-02
  1.895451064e-01 -5.853238298e-02 1.635722128e-01
  -5.716058511e-02 -1.567508116e-01 7.707546277e-01
 Node:         80
  0.1495E+03  0.1238E+03  0.4703E+03  0.0000E+00
   0.02111
   0.00965
   0.01059
   8.58E-5
  -0.001576
  -0.04695
  3.955814894e-02
  9.207996809e-03
  -8.658552128e-02
  1.132174136e-01
  -1.260645851e-02
  5.337120060e-02
  5.414872340e-01 3.589624255e-01 -1.277710638e-02
  -4.068506383e-01 8.241356383e-01 6.960772340e-02
  -1.404915319e-02 -7.601201489e-02 9.247684043e-01
 Node:         81
  0.1433E+03  0.1217E+03  0.4837E+03  0.0000E+00
   0.008834
   0.001764
   7.342E-4
  -0.001674
  -4.053E-4
  -0.006598
  1.303784043e-02
  5.995381915e-04
  -1.230197979e-02
  2.180494865e-02
  4.451329433e-04
  1.027895137e-02
  -9.737085106e-01 -1.942287234e-01 9.296010638e-03
  -2.103882979e-01 8.788648936e-01 1.437331957e-01
  6.277000000e-02 -1.383412128e-01 8.994648936e-01
 Node:         82
  0.1267E+03  0.1149E+03  0.4565E+03 -0.1080E-01
  -0.0104
  -8.388E-4
   0.008035
   0.002421
   0.006097
   0.00205
  1.677045745e-02
  -1.021615957e-03
  -1.666728723e-02
  2.884223709e-02
  -3.061485816e-04
  1.359636096e-02
  -1.469943404e-01 7.958797872e-01 4.698670213e-01
  -2.226837234e-01 4.148587234e-01 -5.395276596e-01
  2.853744681e-01 2.133510638e-02 3.542553191e-02
 Node:         83
  0.1234E+03  0.1129E+03  0.4721E+03 -0.1080E-01
  -0.01275
   0.001632
   0.003941
   0.01215
   0.002605
  -0.008461
  7.381096809e-03
  -3.749539362e-04
  -3.216420213e-02
  3.599180446e-02
  -8.386019752e-03
  1.696669933e-02
  9.843787234e-02 8.127095745e-01 4.344742553e-01
  -4.380265957e-01 3.566098936e-01 -4.328180851e-01
  -5.249978723e-01 8.277017021e-02 5.121351064e-01
 Node:         84
  0.1187E+03  0.1123E+03  0.4849E+03 -0.1080E-01
  -0.001789
   4.301E-4
   2.887E-4
   0.0045
  -1.953E-4
  -0.007953
  5.968040426e-04
  1.911741489e-04
  -1.482779681e-02
  1.502975610e-02
  -4.679939539e-03
  7.085094974e-03
  -6.619734043e-01 -4.016171277e-01 -2.312893617e-01
  5.439489362e-01 -6.366968085e-01 3.098117021e-01
  5.689021277e-01 9.680814894e-02 -7.658585106e-01
 Node:         85
  0.1302E+03  0.1161E+03  0.4554E+03 -0.1080E-01
  -0.01269
  -3.605E-4
   0.009794
   0.003049
   0.009177
   0.006123
  2.414296809e-02
  -1.153621277e-03
  -1.781421277e-02
  3.653740049e-02
  1.725044681e-03
  1.722389577e-02
  -1.225539362e-01 5.695361702e-01 3.966206383e-01
  -8.666063830e-02 5.000469149e-01 -4.920287234e-01
  1.542053191e-01 1.345350000e-01 -2.159787234e-02
 Node:         86
  0.1252E+03  0.1138E+03  0.4704E+03 -0.1080E-01
  -0.008832
   0.006976
   0.01673
   0.02313
   0.009756
  -0.003968
  4.070177660e-02
  6.931288298e-03
  -3.940031915e-02
  6.953292175e-02
  2.744248582e-03
  3.277813366e-02
  -2.869842553e-01 -6.870063830e-01 -4.705787234e-01
  3.169989362e-01 -6.085957447e-01 4.288723404e-01
  7.795446809e-01 4.496412766e-02 -5.377914894e-01
 Node:         87
  0.1217E+03  0.1126E+03  0.4834E+03 -0.1080E-01
  -0.003538
   2.637E-4
   6.974E-4
   0.005841
  -9.277E-4
  -0.007352
  8.704510638e-04
  6.064766489e-04
  -1.678593830e-02
  1.720149134e-02
  -5.103003528e-03
  8.108860782e-03
  -5.145106383e-01 7.211723404e-01 -3.183297660e-01
  6.288074468e-01 5.233585106e-01 3.983829787e-01
  5.956468085e-01 -2.979042553e-02 -7.158170213e-01
 Node:         88
  0.1338E+03  0.1169E+03  0.4538E+03 -0.1080E-01
  -0.02069
  -0.002811
   0.007826
   0.002825
   0.01151
   0.01358
  3.299697872e-02
  -1.240245745e-04
  -2.925527660e-02
  5.376650665e-02
  1.205892518e-03
  2.534577430e-02
  -7.934407447e-02 6.356138298e-01 7.344595745e-01
  -2.163382979e-01 5.745331383e-01 -4.822840426e-01
  4.796031915e-01 5.624787234e-02 -1.237382979e-01
 Node:         89
  0.1270E+03  0.1150E+03  0.4688E+03 -0.1080E-01
  -0.0247
   0.003518
   0.00472
   0.01061
   0.003122
  -0.00234
  8.889627660e-03
  -1.393092553e-03
  -4.014023404e-02
  4.418719581e-02
  -1.088123298e-02
  2.083004387e-02
  8.390776596e-02 6.492595745e-01 4.119095745e-01
  -1.220437234e-01 3.124595745e-01 -3.163914894e-01
  -8.104404255e-01 5.510138298e-02 3.536657447e-01
 Node:         90
  0.1248E+03  0.1132E+03  0.4822E+03 -0.1080E-01
  -0.006228
   0.003581
  -0.001628
   0.003169
  -0.001743
  -0.001826
  -3.005953191e-04
  -2.821026809e-04
  -1.423520851e-02
  1.361521253e-02
  -4.939302170e-03
  6.418272738e-03
  3.216627660e-01 6.645234043e-01 3.838806383e-02
  2.798417021e-01 -1.189855319e-01 7.029882979e-01
  -7.004191489e-01 4.272808511e-01 4.105680851e-01
 Node:         91
  0.1259E+03  0.1263E+03  0.4552E+03 -0.1080E-01
  -0.01107
   0.009337
   0.01752
  -9.012E-4
   0.009267
   9.865E-4
  3.331567021e-02
  -1.119544681e-03
  -1.812851064e-02
  4.537591151e-02
  4.689204965e-03
  2.139040982e-02
  -1.094537234e-01 -3.183127660e-01 -1.380422340e-01
  -2.742553191e-01 -2.406531915e-01 8.132765957e-01
  -4.086797872e-01 2.062196809e-01 -1.069808511e-01
 Node:         92
  0.1209E+03  0.1234E+03  0.4727E+03 -0.1080E-01
  -0.01489
   0.002827
   0.01114
   0.003202
   0.006797
   0.0052
  2.177229787e-02
  1.796315851e-03
  -2.033782979e-02
  3.644182838e-02
  1.076927979e-03
  1.717884265e-02
  -1.901731383e-01 -3.237063830e-01 -2.161531915e-01
  2.687590426e-02 -4.704340426e-01 6.556000000e-01
  -5.580382979e-01 1.252459617e-01 1.500714894e-01
 Node:         93
  0.1159E+03  0.1217E+03  0.4877E+03 -0.1080E-01
  -0.002466
  -7.241E-4
   9.783E-4
   0.002498
   0.002098
  -0.001404
  2.486327660e-03
  -1.407176596e-04
  -6.870851064e-03
  8.229156166e-03
  -1.508413688e-03
  3.879261419e-03
  -1.798414894e-03 4.204014894e-01 4.290542553e-01
  -2.937621277e-01 1.559308511e-01 -2.538148936e-01
  -3.200744681e-01 -1.439627660e-01 3.321106383e-01
 Node:         94
  0.1314E+03  0.1265E+03  0.4543E+03 -0.1080E-01
  -0.01334
   0.0089
   0.01926
  -0.004996
   0.008621
   0.007966
  3.553111702e-02
  1.120592021e-02
  -2.218160638e-02
  4.998085478e-02
  8.185143617e-03
  2.356120089e-02
  7.574827660e-02 8.959446809e-01 3.479914468e-01
  2.592797872e-01 2.466521277e-01 -5.382542553e-01
  5.405223404e-01 -2.404084043e-01 1.804510638e-01
 Node:         95
  0.1250E+03  0.1236E+03  0.4708E+03 -0.1080E-01
  -0.02114
   0.00164
   0.01243
   0.00217
   0.004414
   0.0122
  2.299268085e-02
  1.201410601e-02
  -2.832310638e-02
  4.641162162e-02
