 Group name: predicted_strain_L4A2
 #Fields=  16
 1) coordinates, coordinate, rectangular cartesian, #Components=3
   x.  Value index= 1, #Derivatives=0
   y.  Value index= 2, #Derivatives=0
   z.  Value index= 3, #Derivatives=0
 2) Tensor_1, field, rectangular cartesian, #Components=1
   Tensor_1.  Value index= 4, #Derivatives=0
 3) Tensor_2, field, rectangular cartesian, #Components=1
   Tensor_2.  Value index= 5, #Derivatives=0
 4) Tensor_3, field, rectangular cartesian, #Components=1
   Tensor_3.  Value index= 6, #Derivatives=0
 5) Tensor_4, field, rectangular cartesian, #Components=1
   Tensor_4.  Value index= 7, #Derivatives=0
 6) Tensor_5, field, rectangular cartesian, #Components=1
   Tensor_5.  Value index= 8, #Derivatives=0
 7) Tensor_6, field, rectangular cartesian, #Components=1
   Tensor_6.  Value index= 9, #Derivatives=0
 8) Principal_1, field, rectangular cartesian, #Components=1
   Principal_1.  Value index= 10, #Derivatives=0
 9) Principal_2, field, rectangular cartesian, #Components=1
   Principal_2.  Value index= 11, #Derivatives=0
 10) Principal_3, field, rectangular cartesian, #Components=1
   Principal_3.  Value index= 12, #Derivatives=0
 11) VonMises, field, rectangular cartesian, #Components=1
   VonMises.  Value index= 13, #Derivatives=0
 12) Hydrostatic, field, rectangular cartesian, #Components=1
   VonMises.  Value index= 14, #Derivatives=0
 13) Octahedral, field, rectangular cartesian, #Components=1
   VonMises.  Value index= 15, #Derivatives=0
 14) PrincipalVector1, field, rectangular cartesian, #Components=3
   x.  Value index= 16, #Derivatives=0
   y.  Value index= 17, #Derivatives=0
   z.  Value index= 18, #Derivatives=0
 15) PrincipalVector2, field, rectangular cartesian, #Components=3
   x.  Value index= 19, #Derivatives=0
   y.  Value index= 20, #Derivatives=0
   z.  Value index= 21, #Derivatives=0
 16) PrincipalVector3, field, rectangular cartesian, #Components=3
   x.  Value index= 22, #Derivatives=0
   y.  Value index= 23, #Derivatives=0
   z.  Value index= 24, #Derivatives=0
 Node:          1
  0.1287E+03  0.1133E+03  0.4908E+03 -0.3598E-04
  -1.11E-16
  -8.327E-17
  -2.22E-16
  -2.776E-17
  -4.163E-17
  -3.331E-16
  -6.637000000e-17
  -2.400000000e-16
  -3.598000000e-16
  2.555392160e-16
  -2.220566667e-16
  1.204623416e-16
  8.837000000e-01 -4.676000000e-01 -1.897000000e-02
  4.046000000e-01 7.837000000e-01 -4.712000000e-01
  2.352000000e-01 4.088000000e-01 8.818000000e-01
 Node:          2
  0.1292E+03  0.1137E+03  0.5052E+03 -0.3598E-04
  -5.551E-17
  -1.11E-16
  -1.665E-16
  -5.551E-17
   1.943E-16
  -2.776E-16
  8.603000000e-17
  -1.600000000e-16
  -4.256000000e-16
  4.431926093e-16
  -1.665233333e-16
  2.089229996e-16
  -6.554000000e-01 6.199000000e-01 4.313000000e-01
  7.522000000e-01 4.849000000e-01 4.462000000e-01
  -6.744000000e-02 -6.169000000e-01 7.841000000e-01
 Node:          3
  0.1289E+03  0.1155E+03  0.5194E+03 -0.3598E-04
   2.22E-16
   1.388E-16
   3.331E-16
   1.11E-16
   5.551E-17
   2.22E-16
  4.753000000e-16
  2.118000000e-16
  9.006000000e-17
  3.410738448e-16
  2.590533333e-16
  1.607837524e-16
  -5.696000000e-01 -7.144000000e-01 -4.063000000e-01
  2.395000000e-01 -6.172000000e-01 7.494000000e-01
  -7.862000000e-01 3.296000000e-01 5.227000000e-01
 Node:          4
  0.1361E+03  0.1141E+03  0.4915E+03 -0.3598E-04
   0.0
  -2.776E-17
  -1.11E-16
  -2.776E-17
  -8.327E-17
   2.22E-16
  2.435000000e-16
  6.328000000e-18
  -1.388000000e-16
  3.342648530e-16
  3.700933333e-17
  1.575739629e-16
  -8.549000000e-02 -2.215000000e-01 9.714000000e-01
  9.681000000e-01 -2.491000000e-01 2.840000000e-02
  2.357000000e-01 9.428000000e-01 2.357000000e-01
 Node:          5
  0.1341E+03  0.1144E+03  0.5054E+03 -0.3598E-04
   3.331E-16
   1.388E-16
   3.331E-16
   5.551E-17
  -6.939E-17
   4.441E-16
  4.814000000e-16
  4.627000000e-16
  1.662000000e-16
  3.062784517e-16
  3.701000000e-16
  1.443810468e-16
  -3.480000000e-01 -6.443000000e-01 6.810000000e-01
  -6.589000000e-01 -3.487000000e-01 -6.665000000e-01
  6.669000000e-01 -6.807000000e-01 -3.032000000e-01
 Node:          6
  0.1323E+03  0.1162E+03  0.5191E+03 -0.3598E-04
   2.22E-16
   5.551E-17
   2.22E-16
  -5.551E-17
  -2.776E-17
   0.0
  2.897000000e-16
  1.685000000e-16
  -1.402000000e-17
  2.648101478e-16
  1.480600000e-16
  1.248327008e-16
  -7.150000000e-01 -6.696000000e-01 2.012000000e-01
  6.656000000e-01 -7.399000000e-01 -9.741000000e-02
  -2.141000000e-01 -6.426000000e-02 -9.747000000e-01
 Node:          7
  0.1408E+03  0.1171E+03  0.4920E+03 -0.3598E-04
   3.331E-16
   2.22E-16
   2.22E-16
  -8.327E-17
  -1.11E-16
   0.0
  5.398000000e-16
  6.158000000e-17
  -4.631000000e-17
  5.403052621e-16
  1.850233333e-16
  2.547023432e-16
  -7.537000000e-01 -6.111000000e-01 2.419000000e-01
  -6.560000000e-01 6.770000000e-01 -3.335000000e-01
  -4.004000000e-02 4.101000000e-01 9.112000000e-01
 Node:          8
  0.1367E+03  0.1169E+03  0.5055E+03 -0.3598E-04
   2.22E-16
   1.943E-16
   2.22E-16
  -4.025E-16
  -2.359E-16
  -2.22E-16
  6.547000000e-16
  4.477000000e-17
  -4.775000000e-16
  9.814930967e-16
  7.399000000e-17
  4.626802829e-16
  -6.847000000e-01 -5.611000000e-01 4.652000000e-01
  5.685000000e-01 -8.105000000e-01 -1.409000000e-01
  -4.561000000e-01 -1.681000000e-01 -8.739000000e-01
 Node:          9
  0.1339E+03  0.1180E+03  0.5191E+03 -0.3598E-04
   2.22E-16
   1.665E-16
   0.0
  -3.955E-16
  -2.776E-16
   6.661E-16
  1.002000000e-15
  -9.379000000e-18
  -1.046000000e-16
  1.062195387e-15
  2.960070000e-16
  5.007237074e-16
  -4.817000000e-01 -3.073000000e-01 8.207000000e-01
  -8.565000000e-01 -3.292000000e-02 -5.150000000e-01
  -1.853000000e-01 9.510000000e-01 2.474000000e-01
 Node:         10
  0.1294E+03  0.1212E+03  0.4911E+03 -0.3598E-04
   0.0
   2.776E-17
   1.11E-16
  -1.388E-17
   1.249E-16
   1.11E-16
  2.363000000e-16
  2.303000000e-17
  -3.732000000e-17
  2.489920880e-16
  7.400333333e-17
  1.173759959e-16
  4.210000000e-02 7.100000000e-01 7.030000000e-01
  -7.813000000e-01 -4.152000000e-01 4.661000000e-01
  -6.228000000e-01 5.688000000e-01 -5.372000000e-01
 Node:         11
  0.1295E+03  0.1214E+03  0.5055E+03 -0.3598E-04
  -2.22E-16
  -2.776E-17
  -2.22E-16
  -4.163E-17
   1.388E-17
  -1.665E-16
  -1.365000000e-16
  -2.183000000e-16
  -2.558000000e-16
  1.056645163e-16
  -2.035333333e-16
  4.981073066e-17
  -4.935000000e-01 2.929000000e-01 8.189000000e-01
  3.541000000e-01 -7.924000000e-01 4.968000000e-01
  -7.944000000e-01 -5.351000000e-01 -2.873000000e-01
 Node:         12
  0.1295E+03  0.1217E+03  0.5196E+03 -0.3598E-04
   1.11E-16
   0.0
   1.11E-16
   7.633E-17
   2.776E-17
   2.22E-16
  2.649000000e-16
  1.110000000e-16
  6.816000000e-17
  1.792025435e-16
  1.480200000e-16
  8.447688915e-17
  -4.387000000e-01 -1.595000000e-01 -8.844000000e-01
  3.417000000e-01 -9.398000000e-01 -2.255000000e-17
  8.311000000e-01 3.022000000e-01 -4.668000000e-01
 Node:         13
  0.1361E+03  0.1199E+03  0.4914E+03 -0.3598E-04
   1.11E-16
  -1.388E-16
   0.0
  -9.714E-17
   2.776E-17
  -1.665E-16
  2.285000000e-16
  -8.520000000e-17
  -1.988000000e-16
  3.833392362e-16
  -1.850000000e-17
  1.807078489e-16
  8.171000000e-01 -5.252000000e-01 -2.378000000e-01
  4.648000000e-01 8.442000000e-01 -2.671000000e-01
  3.410000000e-01 1.077000000e-01 9.339000000e-01
 Node:         14
  0.1342E+03  0.1198E+03  0.5054E+03 -0.3598E-04
  -5.551E-17
   2.776E-17
   0.0
   5.551E-17
  -9.021E-17
   1.11E-16
  1.672000000e-16
  -4.940000000e-18
  -1.068000000e-16
  2.398787602e-16
  1.848666667e-17
  1.130799320e-16
  1.634000000e-01 -4.472000000e-01 8.794000000e-01
  -6.569000000e-01 -7.144000000e-01 -2.412000000e-01
  -7.361000000e-01 5.382000000e-01 4.105000000e-01
 Node:         15
  0.1330E+03  0.1205E+03  0.5193E+03 -0.3598E-04
   2.22E-16
  -8.327E-17
  -5.551E-17
   1.388E-17
   4.857E-17
   0.0
  2.451000000e-16
  2.471000000e-17
  -1.033000000e-16
  3.052383267e-16
  5.550333333e-17
  1.438907271e-16
  -9.638000000e-01 2.667000000e-01 -1.723000000e-03
  1.157000000e-01 4.239000000e-01 8.983000000e-01
  2.403000000e-01 8.656000000e-01 -4.394000000e-01
 Node:         16
  0.1404E+03  0.1188E+03  0.4918E+03 -0.3598E-04
   2.22E-16
   5.551E-17
   2.22E-16
  -8.327E-17
  -1.457E-16
   4.441E-16
  5.466000000e-16
  1.950000000e-16
  1.465000000e-16
  3.781896482e-16
  2.960333333e-16
  1.782803099e-16
  -2.927000000e-01 -4.328000000e-01 8.526000000e-01
  -9.222000000e-01 -1.077000000e-01 -3.713000000e-01
  -2.526000000e-01 8.950000000e-01 3.676000000e-01
 Node:         17
  0.1365E+03  0.1184E+03  0.5055E+03 -0.3598E-04
  -1.11E-16
   2.776E-17
  -1.11E-16
   9.714E-17
   1.7E-16
   0.0
  1.573000000e-16
  -1.341000000e-16
  -2.452000000e-16
  3.600440390e-16
  -7.400000000e-17
  1.697263877e-16
  3.368000000e-01 5.285000000e-01 7.792000000e-01
  8.927000000e-01 -4.425000000e-01 -8.566000000e-02
  -2.996000000e-01 -7.244000000e-01 6.209000000e-01
 Node:         18
  0.1341E+03  0.1191E+03  0.5192E+03 -0.3598E-04
   0.0
   0.0
   0.0
   2.645E-17
   1.065E-16
   4.441E-16
  4.697000000e-16
  -1.672000000e-33
  -2.562000000e-17
  4.830198634e-16
  1.480266667e-16
  2.276977472e-16
  -5.484000000e-02 -2.207000000e-01 -9.738000000e-01
  9.705000000e-01 -2.411000000e-01 -6.210000000e-17
  -2.348000000e-01 -9.451000000e-01 2.274000000e-01
 Node:         19
  0.1301E+03  0.1291E+03  0.4914E+03  0.0000E+00
   1.11E-16
   0.0
   1.11E-16
   2.101E-19
   1.001E-17
  -2.22E-16
  1.113000000e-16
  1.110000000e-16
  -2.223000000e-16
  3.334501012e-16
  0.000000000e+00
  1.571898852e-16
  -2.096000000e-02 -9.993000000e-01 -3.003000000e-02
  9.998000000e-01 -2.097000000e-02 1.345000000e-19
  6.298000000e-04 3.003000000e-02 -9.995000000e-01
 Node:         20
  0.1299E+03  0.1291E+03  0.5058E+03  0.0000E+00
   2.22E-16
   0.0
   0.0
   1.041E-17
   1.924E-17
  -5.551E-17
  2.224000000e-16
  5.975000000e-18
  -6.188000000e-17
  2.571567616e-16
  5.549833333e-17
  1.212248600e-16
  -9.993000000e-01 -3.257000000e-03 -3.765000000e-02
  1.428000000e-02 -9.549000000e-01 -2.965000000e-01
  -3.498000000e-02 -2.968000000e-01 9.543000000e-01
 Node:         21
  0.1301E+03  0.1280E+03  0.5197E+03  0.0000E+00
   1.11E-16
   0.0
   0.0
   4.163E-17
   1.475E-17
   1.11E-16
  1.534000000e-16
  7.089000000e-17
  -2.220000000e-18
  1.348528023e-16
  7.402333333e-17
  6.357022067e-17
  -6.994000000e-01 -6.840000000e-02 -7.114000000e-01
  -7.126000000e-01 1.429000000e-01 6.869000000e-01
  -5.465000000e-02 -9.874000000e-01 1.487000000e-01
 Node:         22
  0.1360E+03  0.1256E+03  0.4913E+03  0.0000E+00
  -2.22E-16
   1.388E-17
  -1.11E-16
  -1.388E-17
   1.006E-16
   1.11E-16
  1.500000000e-16
  -1.456000000e-16
  -2.264000000e-16
  3.432090908e-16
  -7.400000000e-17
  1.617903170e-16
  -2.144000000e-02 3.586000000e-01 9.332000000e-01
  2.280000000e-01 9.106000000e-01 -3.447000000e-01
  -9.734000000e-01 2.054000000e-01 -1.013000000e-01
 Node:         23
  0.1343E+03  0.1253E+03  0.5054E+03  0.0000E+00
   0.0
   2.082E-17
  -4.441E-16
   0.0
   1.314E-16
  -1.665E-16
  1.265000000e-18
  -1.147000000e-16
  -4.972000000e-16
  4.517861704e-16
  -2.035450000e-16
  2.129740431e-16
  9.970000000e-01 6.061000000e-02 4.746000000e-02
  6.644000000e-02 -3.661000000e-01 -9.282000000e-01
  3.888000000e-02 -9.286000000e-01 3.690000000e-01
 Node:         24
  0.1336E+03  0.1248E+03  0.5194E+03  0.0000E+00
  -2.22E-16
   1.214E-17
   0.0
   1.388E-17
   8.674E-19
  -1.665E-16
  6.779000000e-19
  -1.633000000e-16
  -2.259000000e-16
  2.026635839e-16
  -1.295073667e-16
  9.553652964e-17
  -5.504000000e-02 -9.984000000e-01 -9.747000000e-03
  2.257000000e-01 -2.195000000e-02 9.740000000e-01
  -9.726000000e-01 5.141000000e-02 2.265000000e-01
 Node:         25
  0.1400E+03  0.1206E+03  0.4917E+03  0.0000E+00
   0.0
   2.671E-16
  -1.11E-16
  -8.327E-17
  -1.301E-16
   2.22E-16
  3.681000000e-16
  7.580000000e-17
  -3.329000000e-16
  6.098671905e-16
  3.700000000e-17
  2.874941507e-16
  5.089000000e-01 4.781000000e-01 -7.159000000e-01
  6.086000000e-01 3.883000000e-01 6.920000000e-01
  6.088000000e-01 -7.878000000e-01 -9.334000000e-02
 Node:         26
  0.1363E+03  0.1200E+03  0.5055E+03  0.0000E+00
   2.22E-16
   1.076E-16
  -6.106E-16
   2.776E-17
  -1.124E-15
  -5.551E-17
  8.281000000e-16
  2.248000000e-16
  -1.497000000e-15
  2.089815320e-15
  -1.480333333e-16
  9.851483893e-16
  7.371000000e-02 6.174000000e-01 -7.832000000e-01
  9.955000000e-01 1.018000000e-03 9.449000000e-02
  -5.914000000e-02 7.866000000e-01 6.146000000e-01
 Node:         27
  0.1343E+03  0.1203E+03  0.5192E+03  0.0000E+00
   2.22E-16
  -1.943E-16
   2.22E-16
  -1.041E-16
   1.313E-15
   0.0
  1.466000000e-15
  1.875000000e-16
  -1.209000000e-15
  2.317369144e-15
  1.481666667e-16
  1.092418291e-15
  -1.693000000e-01 7.280000000e-01 6.643000000e-01
  9.848000000e-01 9.849000000e-02 1.431000000e-01
  3.876000000e-02 6.785000000e-01 -7.336000000e-01
 Node:         28
  0.1155E+03  0.1124E+03  0.4931E+03 -0.2126E-03
  -2.22E-16
   3.816E-17
   2.22E-16
  -5.551E-17
   5.551E-17
   1.11E-16
  2.455000000e-16
  1.014000000e-16
  -2.359000000e-16
  4.279497985e-16
  3.700000000e-17
  2.017374697e-16
  3.184000000e-02 9.284000000e-01 3.701000000e-01
  1.988000000e-01 3.571000000e-01 -9.127000000e-01
  9.795000000e-01 -1.026000000e-01 1.732000000e-01
 Node:         29
  0.1119E+03  0.1139E+03  0.5068E+03 -0.2126E-03
  -2.22E-16
  -2.082E-17
   0.0
   5.551E-17
   6.939E-18
  -3.331E-16
  1.944000000e-18
  -2.004000000e-16
  -3.566000000e-16
  3.113642034e-16
  -1.850186667e-16
  1.467784931e-16
  -9.118000000e-02 9.958000000e-01 5.517000000e-03
  -9.179000000e-01 -8.189000000e-02 -3.884000000e-01
  -3.863000000e-01 -4.048000000e-02 9.215000000e-01
 Node:         30
  0.1113E+03  0.1159E+03  0.5206E+03 -0.2126E-03
   2.22E-16
   1.249E-16
   2.22E-16
   0.0
  -2.776E-17
   1.11E-16
  3.486000000e-16
  1.238000000e-16
  8.277000000e-17
  2.478750591e-16
  1.850566667e-16
  1.168494234e-16
  -7.001000000e-01 -7.092000000e-01 8.287000000e-02
  -4.685000000e-01 3.686000000e-01 -8.029000000e-01
  -5.389000000e-01 6.009000000e-01 5.903000000e-01
 Node:         31
  0.1203E+03  0.1126E+03  0.4920E+03 -0.2126E-03
  -5.551E-17
   9.714E-17
  -1.11E-16
   2.776E-17
   4.163E-17
  -5.551E-17
  4.114000000e-17
  -7.661000000e-17
  -1.866000000e-16
  1.972667866e-16
  -7.402333333e-17
  9.299245501e-17
  -6.956000000e-01 -5.654000000e-01 -4.433000000e-01
  4.358000000e-01 1.585000000e-01 -8.860000000e-01
  5.712000000e-01 -8.095000000e-01 1.362000000e-01
 Node:         32
  0.1188E+03  0.1134E+03  0.5062E+03 -0.2126E-03
   2.22E-16
  -1.388E-17
  -1.11E-16
  -2.776E-17
   9.714E-17
  -5.551E-17
  2.266000000e-16
  1.331000000e-17
  -1.844000000e-16
  3.560216764e-16
  1.850333333e-17
  1.678302278e-16
  -9.894000000e-01 7.624000000e-02 1.236000000e-01
  1.445000000e-01 5.992000000e-01 7.875000000e-01
  1.402000000e-02 -7.970000000e-01 6.038000000e-01
 Node:         33
  0.1183E+03  0.1150E+03  0.5201E+03 -0.2126E-03
   1.11E-16
   5.551E-17
   0.0
   8.327E-17
   0.0
   0.0
  1.700000000e-16
  0.000000000e+00
  -5.893000000e-17
  2.058903711e-16
  3.702333333e-17
  9.705765171e-17
  -8.617000000e-01 -2.815000000e-01 -4.222000000e-01
  0.000000000e+00 -8.321000000e-01 5.547000000e-01
  -5.074000000e-01 4.780000000e-01 7.170000000e-01
 Node:         34
  0.1255E+03  0.1129E+03  0.4909E+03 -0.2126E-03
   0.0
   0.0
   0.0
   5.551E-17
   9.714E-17
   0.0
  1.119000000e-16
  3.387000000e-33
  -1.119000000e-16
  1.938164854e-16
  0.000000000e+00
  9.136596741e-17
  -3.508000000e-01 -6.139000000e-01 -7.071000000e-01
  8.682000000e-01 -4.961000000e-01 -4.855000000e-17
  -3.508000000e-01 -6.139000000e-01 7.071000000e-01
 Node:         35
  0.1260E+03  0.1135E+03  0.5054E+03 -0.2126E-03
   0.0
   1.11E-16
  -1.11E-16
   1.11E-16
   2.498E-16
  -1.11E-16
  2.410000000e-16
  -1.023000000e-16
  -3.608000000e-16
  5.228959648e-16
  -7.403333333e-17
  2.464955217e-16
  5.458000000e-01 5.925000000e-01 5.925000000e-01
  8.379000000e-01 -3.859000000e-01 -3.859000000e-01
  -4.975000000e-17 -7.071000000e-01 7.071000000e-01
 Node:         36
  0.1257E+03  0.1153E+03  0.5196E+03 -0.2126E-03
   0.0
  -5.551E-17
   0.0
  -5.551E-17
   8.327E-17
   0.0
  1.305000000e-16
  -4.723000000e-17
  -8.327000000e-17
  1.982226619e-16
  0.000000000e+00
  9.344305895e-17
  -5.155000000e-01 6.059000000e-01 6.059000000e-01
  8.569000000e-01 3.645000000e-01 3.645000000e-01
  -1.256000000e-16 7.071000000e-01 -7.071000000e-01
 Node:         37
  0.1132E+03  0.1210E+03  0.4959E+03 -0.2126E-03
  -2.22E-16
   1.388E-16
  -2.22E-16
  -8.327E-17
   1.804E-16
  -2.776E-16
  -4.482000000e-17
  -1.622000000e-16
  -5.146000000e-16
  4.234720019e-16
  -2.405400000e-16
  1.996266161e-16
  3.971000000e-01 7.887000000e-01 4.693000000e-01
  -7.874000000e-01 3.010000000e-02 6.157000000e-01
  4.715000000e-01 -6.140000000e-01 6.330000000e-01
 Node:         38
  0.1111E+03  0.1204E+03  0.5085E+03 -0.2126E-03
  -1.665E-16
   9.714E-17
   0.0
  -2.776E-17
  -8.327E-17
  -2.22E-16
  7.071000000e-17
  -2.091000000e-16
  -2.502000000e-16
  3.024616291e-16
  -1.295300000e-16
  1.425817793e-16
  -3.916000000e-01 -8.746000000e-01 2.859000000e-01
  9.154000000e-01 -3.389000000e-01 2.170000000e-01
  9.287000000e-02 -3.467000000e-01 -9.334000000e-01
 Node:         39
  0.1119E+03  0.1201E+03  0.5207E+03 -0.2126E-03
  -5.551E-17
  -9.714E-17
  -3.331E-16
  -8.327E-17
  -7.633E-17
  -1.11E-16
  8.934000000e-18
  -1.105000000e-16
  -3.981000000e-16
  3.623913061e-16
  -1.665553333e-16
  1.708329000e-16
  8.510000000e-01 -1.281000000e-01 -5.092000000e-01
  4.076000000e-01 -4.503000000e-01 7.944000000e-01
  -3.311000000e-01 -8.836000000e-01 -3.310000000e-01
 Node:         40
  0.1191E+03  0.1220E+03  0.4937E+03 -0.2126E-03
   0.0
   8.327E-17
  -2.22E-16
   8.327E-17
  -1.388E-17
  -2.22E-16
  4.872000000e-17
  -2.082000000e-16
  -2.846000000e-16
  3.024459198e-16
  -1.480266667e-16
  1.425743739e-16
  -9.240000000e-01 -2.703000000e-01 -2.703000000e-01
  0.000000000e+00 -7.071000000e-01 7.071000000e-01
  3.823000000e-01 -6.534000000e-01 -6.534000000e-01
 Node:         41
  0.1182E+03  0.1217E+03  0.5073E+03 -0.2126E-03
   0.0
  -2.776E-17
  -5.551E-17
   5.551E-17
   9.714E-17
   1.11E-16
  1.653000000e-16
  1.073000000e-17
  -1.206000000e-16
  2.478691830e-16
  1.847666667e-17
  1.168466534e-16
  2.406000000e-01 3.653000000e-01 8.993000000e-01
  -8.901000000e-01 4.526000000e-01 5.428000000e-02
  -3.871000000e-01 -8.135000000e-01 4.340000000e-01
 Node:         42
  0.1187E+03  0.1212E+03  0.5204E+03 -0.2126E-03
   0.0
  -5.551E-17
  -1.11E-16
   0.0
   5.551E-17
   1.11E-16
  1.256000000e-16
  1.887000000e-17
  -1.444000000e-16
  2.355296009e-16
  2.333333333e-20
  1.110297186e-16
  1.113000000e-01 -2.517000000e-01 -9.614000000e-01
  9.295000000e-01 -3.159000000e-01 1.903000000e-01
  -3.516000000e-01 -9.148000000e-01 1.988000000e-01
 Node:         43
  0.1258E+03  0.1217E+03  0.4915E+03 -0.2126E-03
   2.22E-16
   1.11E-16
   1.11E-16
  -1.388E-17
   0.0
  -5.551E-17
  2.911000000e-16
  4.294000000e-17
  -5.645000000e-17
  3.100425456e-16
  9.253000000e-17
  1.461554576e-16
  -8.507000000e-01 -5.246000000e-01 3.406000000e-02
  -5.213000000e-01 8.502000000e-01 7.348000000e-02
  6.751000000e-02 -4.475000000e-02 9.967000000e-01
 Node:         44
  0.1259E+03  0.1220E+03  0.5059E+03 -0.2126E-03
  -2.22E-16
   1.388E-16
  -2.22E-16
   9.714E-17
   1.11E-16
  -1.11E-16
  5.081000000e-17
  -2.445000000e-16
  -3.614000000e-16
  3.679610647e-16
  -1.850300000e-16
  1.734585094e-16
  -5.113000000e-01 -5.340000000e-01 -6.733000000e-01
  -5.198000000e-01 -4.318000000e-01 7.372000000e-01
  -6.844000000e-01 7.269000000e-01 -5.679000000e-02
 Node:         45
  0.1261E+03  0.1221E+03  0.5198E+03 -0.2126E-03
  -5.551E-17
  -8.327E-17
  -2.776E-16
   2.776E-17
  -6.939E-18
   1.11E-16
  1.167000000e-16
  -3.339000000e-17
  -3.053000000e-16
  3.705037491e-16
  -7.399666667e-17
  1.746571423e-16
  1.854000000e-01 -5.643000000e-02 9.810000000e-01
  9.302000000e-01 -3.117000000e-01 -1.938000000e-01
  -3.167000000e-01 -9.485000000e-01 5.308000000e-03
 Node:         46
  0.1117E+03  0.1296E+03  0.4959E+03  0.0000E+00
  -5.551E-17
   2.776E-17
  -1.665E-16
   6.939E-18
  -2.602E-17
   0.0
  4.101000000e-18
  -4.897000000e-17
  -1.772000000e-16
  1.614458370e-16
  -7.402300000e-17
  7.610629740e-17
  4.856000000e-02 -1.429000000e-01 9.886000000e-01
  9.724000000e-01 2.327000000e-01 -1.414000000e-02
  -2.280000000e-01 9.620000000e-01 1.502000000e-01
 Node:         47
  0.1107E+03  0.1269E+03  0.5087E+03  0.0000E+00
  -1.665E-16
  -3.123E-17
   1.11E-16
  -2.776E-17
   3.99E-17
   0.0
  1.289000000e-16
  -1.114000000e-17
  -1.732000000e-16
  2.618578385e-16
  -1.848000000e-17
  1.234409689e-16
  -1.292000000e-01 9.390000000e-01 3.186000000e-01
  -1.008000000e-01 -3.321000000e-01 9.379000000e-01
  -9.865000000e-01 -8.906000000e-02 -1.376000000e-01
 Node:         48
  0.1125E+03  0.1242E+03  0.5208E+03  0.0000E+00
   1.11E-16
   3.469E-18
   1.11E-16
   0.0
  -1.735E-18
   1.11E-16
  1.149000000e-16
  1.110000000e-16
  1.071000000e-16
  6.754998150e-18
  1.110000000e-16
  3.184336666e-18
  -6.325000000e-01 -7.071000000e-01 3.162000000e-01
  4.472000000e-01 -4.455000000e-15 8.944000000e-01
  -6.325000000e-01 7.071000000e-01 3.162000000e-01
 Node:         49
  0.1186E+03  0.1311E+03  0.4938E+03  0.0000E+00
  -1.665E-16
  -2.082E-17
   0.0
  -4.163E-17
  -6.072E-18
  -5.551E-17
  2.581000000e-18
  -4.165000000e-17
  -1.830000000e-16
  1.678935845e-16
  -7.402300000e-17
  7.914579474e-17
  1.174000000e-01 -9.929000000e-01 1.965000000e-02
  -3.135000000e-01 -1.827000000e-02 9.494000000e-01
  -9.423000000e-01 -1.176000000e-01 -3.134000000e-01
 Node:         50
  0.1180E+03  0.1298E+03  0.5075E+03  0.0000E+00
   0.0
  -1.301E-17
   3.331E-16
  -4.163E-17
   1.247E-17
   2.22E-16
  3.354000000e-16
  2.276000000e-16
  -7.879000000e-18
  3.040655121e-16
  1.850403333e-16
  1.433378570e-16
  5.441000000e-02 -9.902000000e-01 -1.289000000e-01
  -1.707000000e-01 -1.364000000e-01 9.758000000e-01
  9.838000000e-01 3.109000000e-02 1.765000000e-01
 Node:         51
  0.1192E+03  0.1275E+03  0.5206E+03  0.0000E+00
   0.0
  -3.469E-18
  -5.551E-17
   0.0
   1.475E-17
   1.11E-16
  1.123000000e-16
  2.087000000e-19
  -5.702000000e-17
  1.491791642e-16
  1.849623333e-17
  7.032373239e-17
  -2.705000000e-03 8.758000000e-02 9.962000000e-01
  9.982000000e-01 -6.004000000e-02 7.989000000e-03
  -6.051000000e-02 -9.943000000e-01 8.725000000e-02
 Node:         52
  0.1262E+03  0.1305E+03  0.4920E+03  0.0000E+00
   1.11E-16
  -1.388E-17
   1.11E-16
   1.301E-18
   4.906E-18
   0.0
  1.250000000e-16
  9.734000000e-17
  -2.497000000e-19
  1.139655924e-16
  7.403010000e-17
  5.372389547e-17
  -7.047000000e-01 7.092000000e-01 2.051000000e-02
  7.093000000e-01 7.034000000e-01 4.493000000e-02
  -1.744000000e-02 -4.621000000e-02 9.988000000e-01
 Node:         53
  0.1258E+03  0.1304E+03  0.5063E+03  0.0000E+00
  -1.665E-16
  -1.735E-18
  -1.11E-16
   2.776E-17
   3.383E-17
  -2.22E-16
  -1.010000000e-16
  -1.572000000e-16
  -2.414000000e-16
  1.223933005e-16
  -1.665333333e-16
  5.769675516e-17
  9.684000000e-02 9.526000000e-01 2.883000000e-01
  -9.346000000e-01 1.866000000e-01 -3.027000000e-01
  -3.422000000e-01 -2.402000000e-01 9.084000000e-01
 Node:         54
  0.1265E+03  0.1288E+03  0.5200E+03  0.0000E+00
  -2.22E-16
   2.082E-17
   1.11E-16
   0.0
  -4.337E-18
   1.11E-16
  1.160000000e-16
  1.073000000e-16
  -2.233000000e-16
  3.350347295e-16
  0.000000000e+00
  1.579368861e-16
  -4.656000000e-02 -7.562000000e-01 6.527000000e-01
  -4.117000000e-02 -6.514000000e-01 -7.576000000e-01
  -9.981000000e-01 6.215000000e-02 8.061000000e-04
 Node:         55
  0.1381E+03  0.1168E+03  0.4526E+03  0.7636E-02
   0.008028
  -0.007432
   0.004708
  -0.002243
   0.01088
  -0.02256
  2.539793665e-02
  -2.566779487e-03
  -2.931367169e-02
  4.809418484e-02
  -2.160838177e-03
  2.267181616e-02
  3.008044997e-01 -4.864263449e-02 -8.756410256e-03
  4.809393464e-01 4.211375365e-01 2.838688286e-01
  -2.089191474e-01 -2.026881951e-01 5.537044897e-01
 Node:         56
  0.1314E+03  0.1156E+03  0.4683E+03  0.7636E-02
   0.0138
  -0.008738
   0.004053
  -0.006545
   0.005643
  -0.01131
  2.364966315e-02
  -3.232343690e-03
  -1.806773957e-02
  3.684906801e-02
  7.831932965e-04
  1.737081725e-02
  -2.830878638e-01 1.177439417e-01 8.221953746e-02
  4.230034691e-01 5.318241538e-01 1.739122775e-01
  -6.758297637e-02 -1.284381398e-01 6.017342886e-01
 Node:         57
  0.1285E+03  0.1140E+03  0.4823E+03  0.7636E-02
   0.004355
  -0.003219
   0.002298
  -0.001945
   0.001367
  -1.531E-4
  6.636063399e-03
  -2.775556425e-04
  -2.240019960e-03
  8.393600808e-03
  1.372829265e-03
  3.956781367e-03
  -5.356383610e-01 1.068746606e-01 2.868111262e-01
  4.678193062e-01 5.717861639e-01 2.251908778e-01
  -1.102202112e-02 -8.105077929e-05 7.233790347e-01
 Node:         58
  0.1478E+03  0.1176E+03  0.4530E+03  0.7636E-02
   0.006859
  -0.008108
   0.01167
  -0.001341
   0.007332
  -0.04393
  3.246785018e-02
  -6.557751282e-03
  -4.610965561e-02
  7.145382729e-02
  -6.733185571e-03
  3.368365721e-02
  2.905516340e-01 -1.046694822e-01 -1.424579186e-02
  5.536040463e-01 4.485135244e-01 2.515433384e-01
  -5.732725691e-02 -8.846477627e-02 6.287601860e-01
 Node:         59
  0.1415E+03  0.1165E+03  0.4691E+03  0.7636E-02
   0.02192
  -0.01393
   0.01015
  -0.01399
   0.01139
  -0.01237
  4.493112368e-02
  -3.590807644e-03
  -2.236308396e-02
  6.032273125e-02
  6.325744025e-03
  2.843640822e-02
  -4.159481649e-01 2.458250880e-01 1.573868879e-01
  4.563696833e-01 5.442397029e-01 2.594848889e-01
  1.500249874e-01 -1.815578984e-01 7.413463811e-01
 Node:         60
  0.1374E+03  0.1150E+03  0.4832E+03  0.7636E-02
   0.009199
  -0.006736
   0.004963
  -0.006693
   0.0045
   0.002411
  1.801093766e-02
  -1.498657848e-04
  -2.341825088e-03
  1.932899895e-02
  5.173082261e-03
  9.111777487e-03
  -5.432812971e-01 5.398032680e-01 3.008937034e-01
  2.643164404e-01 4.170126194e-01 6.984383912e-02
  1.805525390e-01 -3.471916491e-02 3.280589040e-01
 Node:         61
  0.1548E+03  0.1218E+03  0.4534E+03  0.7636E-02
   0.01889
  -0.006789
  -0.003036
   0.004337
  -0.008076
  -0.02169
  2.833345249e-02
  -3.621958723e-03
  -3.443771745e-02
  5.437352521e-02
  -3.242074560e-03
  2.563192560e-02
  -2.160870789e-01 2.361351433e-01 1.361714429e-02
  5.474187531e-01 7.262053796e-01 -2.781825138e-01
  4.244333333e-02 2.090259090e-01 9.437285068e-01
 Node:         62
  0.1488E+03  0.1201E+03  0.4698E+03  0.7636E-02
   0.03113
  -0.02291
   0.00933
  -0.01436
   0.007099
   0.01117
  5.988404726e-02
  3.574330719e-03
  -1.218697486e-02
  6.583174929e-02
  1.709046771e-02
  3.103338423e-02
  -6.706215686e-01 5.130597788e-01 2.955530669e-01
  2.831227250e-01 1.821496229e-01 6.404181721e-02
  8.081332328e-02 4.725158974e-02 1.924891302e-01
 Node:         63
  0.1436E+03  0.1181E+03  0.4838E+03  0.7636E-02
   0.007932
  -0.01141
   0.01233
  -0.00556
   0.00779
   0.005105
  2.787115284e-02
  3.872288185e-04
  -2.142772851e-03
  2.881537030e-02
  8.705202936e-03
  1.358369583e-02
  -5.850979889e-01 7.259210659e-01 3.024308014e-01
  -6.891799899e-02 2.283897235e-01 -4.594172348e-01
  -4.125888587e-01 -4.713066264e-01 2.240502765e-01
 Node:         64
  0.1411E+03  0.1253E+03  0.4524E+03  0.7636E-02
  -0.01712
  -0.009126
   0.02165
  -9.114E-4
   0.00108
  -0.01601
  2.997985772e-02
  -1.630457491e-02
  -2.432930769e-02
  5.104661180e-02
  -3.551341629e-03
  2.406360357e-02
  -6.100283560e-02 3.810609854e-01 1.707844243e-02
  -4.964499749e-02 -2.414262946e-02 3.042951232e-01
  3.668886878e-01 1.075026807e-01 6.213965812e-02
 Node:         65
  0.1339E+03  0.1229E+03  0.4683E+03  0.7636E-02
   0.003398
  -0.01528
   0.01477
  -0.004573
   0.001764
  -0.009941
  3.014653947e-02
  -6.910517848e-03
  -1.460018250e-02
  4.141209742e-02
  2.878613038e-03
  1.952184994e-02
  3.815538864e-01 -6.533314228e-01 -8.197139266e-02
  -2.899550427e-01 -2.428762594e-01 4.017306184e-01
  -1.627981900e-01 -4.167253896e-02 -1.697957164e-01
 Node:         66
  0.1299E+03  0.1214E+03  0.4825E+03  0.7636E-02
   0.004966
  -0.004848
   0.004388
  -0.001909
   0.001482
  -3.006E-4
  1.030367019e-02
  -2.285204776e-04
  -1.017788286e-03
  1.093382161e-02
  3.019120474e-03
  5.154252936e-03
  -5.824254852e-01 5.668462544e-01 1.735650327e-01
  6.323807944e-01 6.108365008e-01 -8.947008547e-02
  3.433395173e-01 2.883821016e-02 7.042537456e-01
 Node:         67
  0.1495E+03  0.1243E+03  0.4529E+03  0.7636E-02
  -0.009521
  -0.008117
   0.02016
  -6.864E-4
   0.002236
  -0.0397
  2.838086174e-02
  -1.381157366e-02
  -4.137130970e-02
  6.160641864e-02
  -8.934007206e-03
  2.904154426e-02
  -1.527312217e-01 6.193720463e-01 4.743972851e-02
  6.941163097e-01 1.558857717e-01 1.360676345e-01
  -8.713467476e-02 -2.876646606e-02 4.279242836e-01
 Node:         68
  0.1429E+03  0.1223E+03  0.4690E+03  0.7636E-02
   0.01948
  -0.01748
   0.01782
  -0.01171
   0.005195
  -0.02153
  4.499846154e-02
  -6.396372247e-04
  -2.612927903e-02
  6.276098087e-02
  6.076515093e-03
  2.958581011e-02
  -3.453963801e-01 1.983938663e-01 8.036294620e-02
  3.024597818e-01 3.909707391e-01 1.368970337e-01
  1.784383610e-01 6.007928708e-03 6.421434691e-01
 Node:         69
  0.1379E+03  0.1205E+03  0.4831E+03  0.7636E-02
   0.01042
  -0.007269
   0.005675
  -0.005466
   0.003351
  -4.553E-6
  1.931714178e-02
  2.467099397e-04
  -2.477130669e-03
  2.056350770e-02
  5.695573684e-03
  9.693730494e-03
  -6.899189542e-01 6.289270488e-01 2.819712192e-01
  4.383480799e-01 6.347322775e-01 6.889482152e-03
  4.112893414e-01 2.747141780e-02 6.525531523e-01
 Node:         70
  0.1551E+03  0.1239E+03  0.4534E+03  0.7636E-02
  -0.002021
  -0.01048
   0.01251
  -0.006744
   0.005252
  -0.05023
  2.252182303e-02
  -7.678016493e-03
  -5.146819759e-02
  6.527823531e-02
  -1.220813035e-02
  3.077245523e-02
  -6.407159377e-02 5.927988939e-02 1.966038059e-01
  7.159069382e-02 -1.563849673e-01 1.502224987e-01
  1.327400302e-01 2.914188034e-03 5.650967823e-01
 Node:         71
  0.1490E+03  0.1220E+03  0.4697E+03  0.7636E-02
   0.03309
  -0.01581
   0.01442
  -0.02261
   0.009632
  -0.01822
  5.863561337e-02
  4.004990297e-03
  -2.888899698e-02
  7.704148845e-02
  1.125053556e-02
  3.631770594e-02
  -6.945773756e-01 4.445785319e-01 3.209587230e-01
  1.817310759e-01 1.661622926e-01 6.068290096e-02
  3.797712921e-01 8.696083459e-03 7.119593766e-01
 Node:         72
  0.1435E+03  0.1199E+03  0.4838E+03  0.7636E-02
   0.01635
  -0.007793
   0.004671
  -0.009579
   0.004429
   0.001764
  2.722498693e-02
  6.002760181e-04
  -3.376284062e-03
  2.881931559e-02
  8.149659628e-03
  1.358555565e-02
  -7.661890397e-01 4.845327300e-01 3.804687783e-01
  2.953969145e-01 5.728788336e-01 1.273534233e-01
  2.837192559e-01 2.832473504e-02 3.698071091e-01
 Node:         73
  0.1440E+03  0.1339E+03  0.4521E+03  0.0000E+00
   0.01915
  -1.182E-4
  -0.01558
  -0.003446
   0.002635
   0.002878
  2.200809904e-02
  6.485186214e-03
  -2.029483057e-02
  3.823810811e-02
  2.732818230e-03
  1.802561703e-02
  -4.675149824e-01 -1.673150075e-02 3.116192760e-01
  -5.162857215e-02 -7.642622675e-02 -3.228270488e-02
  -4.705802011e-02 1.174993464e-01 -9.562950628e-02
 Node:         74
  0.1364E+03  0.1303E+03  0.4682E+03  0.0000E+00
   0.03391
   0.01119
  -0.002404
   0.002677
   0.00437
   0.009096
  4.161880342e-02
  1.190244243e-02
  -8.263775767e-03
  4.373198292e-02
  1.508582336e-02
  2.061545445e-02
  -7.841667672e-01 -2.229710508e-01 -9.855535445e-02
  -1.704767622e-01 1.096921116e-01 8.958427853e-01
  -1.921293042e-01 7.229321267e-01 -1.713748668e-01
 Node:         75
  0.1313E+03  0.1288E+03  0.4826E+03  0.0000E+00
   0.01507
   0.004608
   8.607E-4
   0.001231
   6.403E-4
   0.001219
  1.772419910e-02
  1.271453343e-03
  -7.370857215e-04
  1.754138273e-02
  6.086188906e-03
  8.269087119e-03
  -9.580652086e-01 -1.712297436e-01 -2.243266667e-02
  -6.669932730e-02 -1.889623932e-03 9.724982906e-01
  -1.514138562e-01 8.744661639e-01 -4.324655606e-02
 Node:         76
  0.1513E+03  0.1309E+03  0.4527E+03  0.0000E+00
   0.01501
  -0.00197
  -0.01574
  -0.004044
   8.319E-4
  -0.001072
  2.116044394e-02
  2.478918884e-03
  -2.229080895e-02
  3.970821197e-02
  4.495179588e-04
  1.871863064e-02
  -6.057138210e-01 5.826357466e-02 3.304518854e-01
  2.838305681e-01 -4.813926094e-02 5.886516843e-01
  -3.116020613e-02 -6.079158874e-01 -1.965323278e-02
 Node:         77
  0.1444E+03  0.1281E+03  0.4689E+03  0.0000E+00
   0.04095
   0.01069
  -0.002851
   0.003145
   0.002408
   0.004267
  5.002065611e-02
  7.496864756e-03
  -8.807112619e-03
  5.335574286e-02
  1.623680275e-02
  2.515213839e-02
  -9.739176471e-01 -1.637168487e-01 -3.970781448e-02
  -6.375121166e-02 1.450287682e-01 9.802158371e-01
  -1.705002846e-01 7.289423328e-01 -1.255066868e-01
 Node:         78
  0.1384E+03  0.1261E+03  0.4829E+03  0.0000E+00
   0.0178
   0.005851
   0.001032
   0.001811
   8.471E-4
   8.417E-4
  2.220246204e-02
  7.864301659e-04
  -1.019551584e-03
  2.237515899e-02
  7.323113541e-03
  1.054775110e-02
  -9.582968829e-01 -2.376481066e-01 -4.737800000e-02
  -8.361112670e-02 7.676490196e-02 9.819417295e-01
  -2.397073474e-01 7.627298140e-01 -1.775877024e-01
 Node:         79
  0.1553E+03  0.1259E+03  0.4534E+03  0.0000E+00
   0.008247
  -0.002348
  -0.04574
  -0.01036
   8.243E-4
  -0.01012
  1.660137607e-02
  -1.678918049e-02
  -5.723355958e-02
  6.527376224e-02
  -1.914045467e-02
  3.077034661e-02
  8.534234289e-01 1.434739517e-01 -2.973751704e-01
  8.238504776e-02 1.558260432e-01 3.747361337e-01
  -4.879034289e-02 -4.571101710e-01 2.441256204e-01
 Node:         80
  0.1492E+03  0.1239E+03  0.4697E+03  0.0000E+00
   0.04859
   0.003446
  -0.02858
   0.006676
   0.002931
  -0.002114
  5.747386124e-02
  -5.423026445e-03
  -3.923450327e-02
  8.573743670e-02
  4.272110508e-03
  4.041701526e-02
  -6.341959276e-01 1.802514329e-02 -9.905764203e-02
  -1.896384113e-01 4.255042634e-01 6.303931056e-01
  3.862788336e-03 -6.382475470e-01 4.446825540e-01
 Node:         81
  0.1433E+03  0.1217E+03  0.4837E+03  0.0000E+00
   0.021
   0.004567
  -0.002435
   0.006685
   0.001942
   0.001989
  2.666553243e-02
  -6.359981146e-04
  -4.515646556e-03
  2.939770328e-02
  7.171295919e-03
  1.385821023e-02
  -9.465964304e-01 -1.867762695e-01 -2.184571121e-01
  -2.938905983e-01 4.308105078e-01 6.508210489e-01
  7.375893917e-02 -6.812746732e-01 4.699305178e-01
 Node:         82
  0.1267E+03  0.1148E+03  0.4557E+03  0.1185E-01
   0.01208
  -0.008183
  -0.003307
  -0.002976
  -3.247E-4
  -0.004939
  1.705695425e-02
  -3.860922323e-03
  -9.295750628e-03
  2.417472427e-02
  1.300093766e-03
  1.139607431e-02
  -7.033919417e-01 5.286618401e-01 2.220804424e-01
  -6.707340372e-02 -2.405957868e-01 4.132014077e-01
  2.166346908e-01 3.332103570e-01 3.754413776e-01
 Node:         83
  0.1234E+03  0.1129E+03  0.4717E+03  0.1185E-01
   0.003911
  -0.006163
  -0.002927
  -0.005864
   7.095E-4
   0.001643
  1.054724163e-02
  -1.037260181e-03
  -1.145477979e-02
  1.960830561e-02
  -6.482661136e-04
  9.243443908e-03
  -4.228510709e-01 4.922298643e-01 3.879342735e-01
  -3.580367019e-02 -2.205050377e-01 1.597633484e-01
  1.057439417e-01 3.852676571e-01 3.763069382e-01
 Node:         84
  0.1187E+03  0.1123E+03  0.4849E+03  0.1185E-01
   3.669E-4
  -5.684E-4
  -2.966E-4
  -0.001594
   8.135E-5
   0.002308
  3.125931785e-03
  -3.858108899e-05
  -3.203050075e-03
  5.986654482e-03
  -3.856645986e-05
  2.822135987e-03
  -5.068709402e-01 7.743806938e-02 4.087671192e-01
  -5.636118653e-02 1.185988939e-01 -1.280809452e-02
  -1.208243841e-01 -2.383511413e-01 -4.086408748e-01
 Node:         85
  0.1302E+03  0.1161E+03  0.4545E+03  0.1185E-01
   0.01343
  -0.009217
  -0.002929
  -0.002861
  -8.13E-4
  -0.008894
  1.980669884e-02
  -4.762009603e-03
  -1.244775867e-02
  2.928973990e-02
  8.656435227e-04
  1.380731580e-02
  -6.735833886e-01 5.568672700e-01 2.462691453e-01
  1.570748617e-01 4.850817396e-01 -2.399407743e-01
  1.505231272e-01 2.035382604e-01 5.501788839e-01
 Node:         86
  0.1252E+03  0.1138E+03  0.4700E+03  0.1185E-01
  -0.006628
  -0.005987
   0.01388
  -0.01285
   0.002768
  -6.434E-4
  2.523774460e-02
  4.407992398e-03
  -2.136992107e-02
  4.118483349e-02
  2.758605309e-03
  1.941471669e-02
  -9.185388135e-02 -2.536845651e-01 -8.663780794e-02
  2.549532428e-02 -1.415559075e-01 2.641907994e-01
  7.143880342e-01 9.800657215e-02 1.400094017e-01
 Node:         87
  0.1217E+03  0.1126E+03  0.4833E+03  0.1185E-01
   0.001388
  -4.671E-4
  -1.762E-4
  -0.002623
   3.243E-4
   0.00278
  4.585864857e-03
  -2.373185646e-04
  -2.993846707e-03
  7.274886492e-03
  4.515665284e-04
  3.429414380e-03
  -5.015269482e-01 3.187790548e-01 3.351393786e-01
  3.242754148e-01 -3.726806938e-01 3.465199095e-01
  6.879446456e-01 1.795748064e-01 7.056405229e-02
 Node:         88
  0.1338E+03  0.1169E+03  0.4528E+03  0.1185E-01
   0.006147
  -0.009521
   6.957E-4
  -0.002884
   0.003386
  -0.003457
  2.038441730e-02
  -3.698182403e-03
  -1.280068577e-02
  3.019806373e-02
  1.295183040e-03
  1.423550376e-02
  -5.456094309e-01 5.973785822e-01 4.039086978e-01
  1.370520865e-01 3.481261061e-01 -1.109176973e-01
  2.487207139e-01 7.117461036e-02 2.914687280e-01
 Node:         89
  0.1270E+03  0.1150E+03  0.4683E+03  0.1185E-01
   0.01116
  -0.007591
   2.134E-6
  -0.006973
   0.00103
   1.941E-4
  1.751556511e-02
  -1.169108547e-03
  -1.064920060e-02
  2.556959132e-02
  1.899085319e-03
  1.205362094e-02
  -5.399486224e-01 5.139074409e-01 3.650508296e-01
  -2.279046757e-02 -2.866041227e-01 2.996266968e-01
  9.710055304e-03 3.693008024e-01 4.409474912e-01
 Node:         90
  0.1248E+03  0.1132E+03  0.4822E+03  0.1185E-01
   0.003101
  -0.00227
   0.001125
  -0.001708
   8.967E-4
   7.625E-4
  4.660581197e-03
  -5.844350930e-05
  -2.102201056e-03
  6.519527026e-03
  8.333122105e-04
  3.073334513e-03
  -4.348039367e-01 3.334928105e-01 2.920360030e-01
  1.362836501e-01 -2.921469482e-01 7.000929110e-01
  1.025406234e-01 5.714844646e-01 3.843551031e-01
 Node:         91
  0.1258E+03  0.1259E+03  0.4545E+03  0.1185E-01
  -0.01822
  -0.01375
   0.01591
  -0.005724
   0.001422
  -0.006094
  2.698065058e-02
  -5.771385118e-03
  -2.714975465e-02
  4.729213914e-02
  -1.980163064e-03
  2.229372819e-02
  -1.772759829e-01 3.280696833e-01 1.666813977e-02
  -1.961996983e-01 -1.840429864e-01 8.136457516e-01
  -4.488081448e-01 -1.317375566e-01 -1.420686275e-01
 Node:         92
  0.1208E+03  0.1232E+03  0.4724E+03  0.1185E-01
   0.003822
  -0.009961
  -1.451E-5
  -0.008331
   4.661E-4
  -4.522E-4
  1.795979789e-02
  -6.463639015e-04
  -1.338959125e-02
  2.731006102e-02
  1.307947578e-03
  1.287408623e-02
  -5.057210422e-01 2.185996481e-01 2.002312720e-01
  6.630030166e-03 -5.025009050e-01 6.434840121e-01
  2.432104072e-01 3.792167477e-01 3.363738361e-01
 Node:         93
  0.1159E+03  0.1217E+03  0.4876E+03  0.1185E-01
   0.002977
   6.412E-5
  -6.594E-4
  -0.003943
  -0.001546
   0.002619
  6.301244847e-03
  2.509073906e-05
  -2.073807089e-03
  7.552831217e-03
  1.417509499e-03
  3.560438781e-03
  -5.390888899e-01 2.064807441e-02 6.148022122e-01
  3.193315485e-01 -4.784394168e-01 2.468843137e-01
  -2.094962795e-01 -3.576989442e-01 -2.046112619e-01
 Node:         94
  0.1312E+03  0.1262E+03  0.4536E+03  0.1185E-01
  -0.02316
  -0.01361
   0.01901
  -0.004205
  -1.065E-4
  -0.009467
  2.935860080e-02
  -7.036096430e-03
  -3.164061237e-02
  5.325842422e-02
  -3.106035998e-03
  2.510626195e-02
  -1.553562016e-01 6.114207139e-01 4.821294872e-02
  -1.117048265e-01 -3.697735546e-02 6.230844646e-01
  -4.523464555e-01 -2.170273886e-01 -1.004913022e-01
 Node:         95
  0.1249E+03  0.1234E+03  0.4704E+03  0.1185E-01
   0.008683
  -0.009078
   0.005959
  -0.009527
   9.568E-4
  -0.009149
  2.203897687e-02
  9.858786174e-04
  -1.635692257e-02
  3.341490163e-02
