 Group name: predicted_strain_L5A3
 #Fields=  16
 1) coordinates, coordinate, rectangular cartesian, #Components=3
   x.  Value index= 1, #Derivatives=0
   y.  Value index= 2, #Derivatives=0
   z.  Value index= 3, #Derivatives=0
 2) Tensor_1, field, rectangular cartesian, #Components=1
   Tensor_1.  Value index= 4, #Derivatives=0
 3) Tensor_2, field, rectangular cartesian, #Components=1
   Tensor_2.  Value index= 5, #Derivatives=0
 4) Tensor_3, field, rectangular cartesian, #Components=1
   Tensor_3.  Value index= 6, #Derivatives=0
 5) Tensor_4, field, rectangular cartesian, #Components=1
   Tensor_4.  Value index= 7, #Derivatives=0
 6) Tensor_5, field, rectangular cartesian, #Components=1
   Tensor_5.  Value index= 8, #Derivatives=0
 7) Tensor_6, field, rectangular cartesian, #Components=1
   Tensor_6.  Value index= 9, #Derivatives=0
 8) Principal_1, field, rectangular cartesian, #Components=1
   Principal_1.  Value index= 10, #Derivatives=0
 9) Principal_2, field, rectangular cartesian, #Components=1
   Principal_2.  Value index= 11, #Derivatives=0
 10) Principal_3, field, rectangular cartesian, #Components=1
   Principal_3.  Value index= 12, #Derivatives=0
 11) VonMises, field, rectangular cartesian, #Components=1
   VonMises.  Value index= 13, #Derivatives=0
 12) Hydrostatic, field, rectangular cartesian, #Components=1
   VonMises.  Value index= 14, #Derivatives=0
 13) Octahedral, field, rectangular cartesian, #Components=1
   VonMises.  Value index= 15, #Derivatives=0
 14) PrincipalVector1, field, rectangular cartesian, #Components=3
   x.  Value index= 16, #Derivatives=0
   y.  Value index= 17, #Derivatives=0
   z.  Value index= 18, #Derivatives=0
 15) PrincipalVector2, field, rectangular cartesian, #Components=3
   x.  Value index= 19, #Derivatives=0
   y.  Value index= 20, #Derivatives=0
   z.  Value index= 21, #Derivatives=0
 16) PrincipalVector3, field, rectangular cartesian, #Components=3
   x.  Value index= 22, #Derivatives=0
   y.  Value index= 23, #Derivatives=0
   z.  Value index= 24, #Derivatives=0
 Node:          1
  0.1287E+03  0.1133E+03  0.4908E+03 -0.2689E-04
  -1.11E-16
  -8.327E-17
  -2.22E-16
  -2.776E-17
  -4.163E-17
  -3.331E-16
  -6.637000000e-17
  -2.400000000e-16
  -3.598000000e-16
  2.555392160e-16
  -2.220566667e-16
  1.204623416e-16
  8.837000000e-01 -4.676000000e-01 -1.897000000e-02
  4.046000000e-01 7.837000000e-01 -4.712000000e-01
  2.352000000e-01 4.088000000e-01 8.818000000e-01
 Node:          2
  0.1292E+03  0.1137E+03  0.5052E+03 -0.2689E-04
  -5.551E-17
  -1.11E-16
  -1.665E-16
  -5.551E-17
   1.943E-16
  -2.776E-16
  8.603000000e-17
  -1.600000000e-16
  -4.256000000e-16
  4.431926093e-16
  -1.665233333e-16
  2.089229996e-16
  -6.554000000e-01 6.199000000e-01 4.313000000e-01
  7.522000000e-01 4.849000000e-01 4.462000000e-01
  -6.744000000e-02 -6.169000000e-01 7.841000000e-01
 Node:          3
  0.1289E+03  0.1155E+03  0.5194E+03 -0.2689E-04
   2.22E-16
   1.388E-16
   3.331E-16
   1.11E-16
   5.551E-17
   2.22E-16
  4.753000000e-16
  2.118000000e-16
  9.006000000e-17
  3.410738448e-16
  2.590533333e-16
  1.607837524e-16
  -5.696000000e-01 -7.144000000e-01 -4.063000000e-01
  2.395000000e-01 -6.172000000e-01 7.494000000e-01
  -7.862000000e-01 3.296000000e-01 5.227000000e-01
 Node:          4
  0.1361E+03  0.1141E+03  0.4915E+03 -0.2689E-04
   0.0
  -2.776E-17
  -1.11E-16
  -2.776E-17
  -8.327E-17
   2.22E-16
  2.435000000e-16
  6.328000000e-18
  -1.388000000e-16
  3.342648530e-16
  3.700933333e-17
  1.575739629e-16
  -8.549000000e-02 -2.215000000e-01 9.714000000e-01
  9.681000000e-01 -2.491000000e-01 2.840000000e-02
  2.357000000e-01 9.428000000e-01 2.357000000e-01
 Node:          5
  0.1341E+03  0.1144E+03  0.5054E+03 -0.2689E-04
   3.331E-16
   1.388E-16
   3.331E-16
   5.551E-17
  -6.939E-17
   4.441E-16
  4.814000000e-16
  4.627000000e-16
  1.662000000e-16
  3.062784517e-16
  3.701000000e-16
  1.443810468e-16
  -3.480000000e-01 -6.443000000e-01 6.810000000e-01
  -6.589000000e-01 -3.487000000e-01 -6.665000000e-01
  6.669000000e-01 -6.807000000e-01 -3.032000000e-01
 Node:          6
  0.1323E+03  0.1162E+03  0.5191E+03 -0.2689E-04
   2.22E-16
   5.551E-17
   2.22E-16
  -5.551E-17
  -2.776E-17
   0.0
  2.897000000e-16
  1.685000000e-16
  -1.402000000e-17
  2.648101478e-16
  1.480600000e-16
  1.248327008e-16
  -7.150000000e-01 -6.696000000e-01 2.012000000e-01
  6.656000000e-01 -7.399000000e-01 -9.741000000e-02
  -2.141000000e-01 -6.426000000e-02 -9.747000000e-01
 Node:          7
  0.1408E+03  0.1171E+03  0.4920E+03 -0.2689E-04
   3.331E-16
   2.22E-16
   2.22E-16
  -8.327E-17
  -1.11E-16
   0.0
  5.398000000e-16
  6.158000000e-17
  -4.631000000e-17
  5.403052621e-16
  1.850233333e-16
  2.547023432e-16
  -7.537000000e-01 -6.111000000e-01 2.419000000e-01
  -6.560000000e-01 6.770000000e-01 -3.335000000e-01
  -4.004000000e-02 4.101000000e-01 9.112000000e-01
 Node:          8
  0.1367E+03  0.1169E+03  0.5055E+03 -0.2689E-04
   2.22E-16
   1.943E-16
   2.22E-16
  -4.025E-16
  -2.359E-16
  -2.22E-16
  6.547000000e-16
  4.477000000e-17
  -4.775000000e-16
  9.814930967e-16
  7.399000000e-17
  4.626802829e-16
  -6.847000000e-01 -5.611000000e-01 4.652000000e-01
  5.685000000e-01 -8.105000000e-01 -1.409000000e-01
  -4.561000000e-01 -1.681000000e-01 -8.739000000e-01
 Node:          9
  0.1339E+03  0.1180E+03  0.5191E+03 -0.2689E-04
   2.22E-16
   1.665E-16
   0.0
  -3.955E-16
  -2.776E-16
   6.661E-16
  1.002000000e-15
  -9.379000000e-18
  -1.046000000e-16
  1.062195387e-15
  2.960070000e-16
  5.007237074e-16
  -4.817000000e-01 -3.073000000e-01 8.207000000e-01
  -8.565000000e-01 -3.292000000e-02 -5.150000000e-01
  -1.853000000e-01 9.510000000e-01 2.474000000e-01
 Node:         10
  0.1294E+03  0.1212E+03  0.4911E+03 -0.2689E-04
   0.0
   2.776E-17
   1.11E-16
  -1.388E-17
   1.249E-16
   1.11E-16
  2.363000000e-16
  2.303000000e-17
  -3.732000000e-17
  2.489920880e-16
  7.400333333e-17
  1.173759959e-16
  4.210000000e-02 7.100000000e-01 7.030000000e-01
  -7.813000000e-01 -4.152000000e-01 4.661000000e-01
  -6.228000000e-01 5.688000000e-01 -5.372000000e-01
 Node:         11
  0.1295E+03  0.1214E+03  0.5055E+03 -0.2689E-04
  -2.22E-16
  -2.776E-17
  -2.22E-16
  -4.163E-17
   1.388E-17
  -1.665E-16
  -1.365000000e-16
  -2.183000000e-16
  -2.558000000e-16
  1.056645163e-16
  -2.035333333e-16
  4.981073066e-17
  -4.935000000e-01 2.929000000e-01 8.189000000e-01
  3.541000000e-01 -7.924000000e-01 4.968000000e-01
  -7.944000000e-01 -5.351000000e-01 -2.873000000e-01
 Node:         12
  0.1295E+03  0.1217E+03  0.5196E+03 -0.2689E-04
   1.11E-16
   0.0
   1.11E-16
   7.633E-17
   2.776E-17
   2.22E-16
  2.649000000e-16
  1.110000000e-16
  6.816000000e-17
  1.792025435e-16
  1.480200000e-16
  8.447688915e-17
  -4.387000000e-01 -1.595000000e-01 -8.844000000e-01
  3.417000000e-01 -9.398000000e-01 -2.255000000e-17
  8.311000000e-01 3.022000000e-01 -4.668000000e-01
 Node:         13
  0.1361E+03  0.1199E+03  0.4914E+03 -0.2689E-04
   1.11E-16
  -1.388E-16
   0.0
  -9.714E-17
   2.776E-17
  -1.665E-16
  2.285000000e-16
  -8.520000000e-17
  -1.988000000e-16
  3.833392362e-16
  -1.850000000e-17
  1.807078489e-16
  8.171000000e-01 -5.252000000e-01 -2.378000000e-01
  4.648000000e-01 8.442000000e-01 -2.671000000e-01
  3.410000000e-01 1.077000000e-01 9.339000000e-01
 Node:         14
  0.1342E+03  0.1198E+03  0.5054E+03 -0.2689E-04
  -5.551E-17
   2.776E-17
   0.0
   5.551E-17
  -9.021E-17
   1.11E-16
  1.672000000e-16
  -4.940000000e-18
  -1.068000000e-16
  2.398787602e-16
  1.848666667e-17
  1.130799320e-16
  1.634000000e-01 -4.472000000e-01 8.794000000e-01
  -6.569000000e-01 -7.144000000e-01 -2.412000000e-01
  -7.361000000e-01 5.382000000e-01 4.105000000e-01
 Node:         15
  0.1330E+03  0.1205E+03  0.5193E+03 -0.2689E-04
   2.22E-16
  -8.327E-17
  -5.551E-17
   1.388E-17
   4.857E-17
   0.0
  2.451000000e-16
  2.471000000e-17
  -1.033000000e-16
  3.052383267e-16
  5.550333333e-17
  1.438907271e-16
  -9.638000000e-01 2.667000000e-01 -1.723000000e-03
  1.157000000e-01 4.239000000e-01 8.983000000e-01
  2.403000000e-01 8.656000000e-01 -4.394000000e-01
 Node:         16
  0.1404E+03  0.1188E+03  0.4918E+03 -0.2689E-04
   2.22E-16
   5.551E-17
   2.22E-16
  -8.327E-17
  -1.457E-16
   4.441E-16
  5.466000000e-16
  1.950000000e-16
  1.465000000e-16
  3.781896482e-16
  2.960333333e-16
  1.782803099e-16
  -2.927000000e-01 -4.328000000e-01 8.526000000e-01
  -9.222000000e-01 -1.077000000e-01 -3.713000000e-01
  -2.526000000e-01 8.950000000e-01 3.676000000e-01
 Node:         17
  0.1365E+03  0.1184E+03  0.5055E+03 -0.2689E-04
  -1.11E-16
   2.776E-17
  -1.11E-16
   9.714E-17
   1.7E-16
   0.0
  1.573000000e-16
  -1.341000000e-16
  -2.452000000e-16
  3.600440390e-16
  -7.400000000e-17
  1.697263877e-16
  3.368000000e-01 5.285000000e-01 7.792000000e-01
  8.927000000e-01 -4.425000000e-01 -8.566000000e-02
  -2.996000000e-01 -7.244000000e-01 6.209000000e-01
 Node:         18
  0.1341E+03  0.1191E+03  0.5192E+03 -0.2689E-04
   0.0
   0.0
   0.0
   2.645E-17
   1.065E-16
   4.441E-16
  4.697000000e-16
  -1.672000000e-33
  -2.562000000e-17
  4.830198634e-16
  1.480266667e-16
  2.276977472e-16
  -5.484000000e-02 -2.207000000e-01 -9.738000000e-01
  9.705000000e-01 -2.411000000e-01 -6.210000000e-17
  -2.348000000e-01 -9.451000000e-01 2.274000000e-01
 Node:         19
  0.1301E+03  0.1291E+03  0.4914E+03  0.0000E+00
   1.11E-16
   0.0
   1.11E-16
   2.101E-19
   1.001E-17
  -2.22E-16
  1.113000000e-16
  1.110000000e-16
  -2.223000000e-16
  3.334501012e-16
  0.000000000e+00
  1.571898852e-16
  -2.096000000e-02 -9.993000000e-01 -3.003000000e-02
  9.998000000e-01 -2.097000000e-02 1.345000000e-19
  6.298000000e-04 3.003000000e-02 -9.995000000e-01
 Node:         20
  0.1299E+03  0.1291E+03  0.5058E+03  0.0000E+00
   2.22E-16
   0.0
   0.0
   1.041E-17
   1.924E-17
  -5.551E-17
  2.224000000e-16
  5.975000000e-18
  -6.188000000e-17
  2.571567616e-16
  5.549833333e-17
  1.212248600e-16
  -9.993000000e-01 -3.257000000e-03 -3.765000000e-02
  1.428000000e-02 -9.549000000e-01 -2.965000000e-01
  -3.498000000e-02 -2.968000000e-01 9.543000000e-01
 Node:         21
  0.1301E+03  0.1280E+03  0.5197E+03  0.0000E+00
   1.11E-16
   0.0
   0.0
   4.163E-17
   1.475E-17
   1.11E-16
  1.534000000e-16
  7.089000000e-17
  -2.220000000e-18
  1.348528023e-16
  7.402333333e-17
  6.357022067e-17
  -6.994000000e-01 -6.840000000e-02 -7.114000000e-01
  -7.126000000e-01 1.429000000e-01 6.869000000e-01
  -5.465000000e-02 -9.874000000e-01 1.487000000e-01
 Node:         22
  0.1360E+03  0.1256E+03  0.4913E+03  0.0000E+00
  -2.22E-16
   1.388E-17
  -1.11E-16
  -1.388E-17
   1.006E-16
   1.11E-16
  1.500000000e-16
  -1.456000000e-16
  -2.264000000e-16
  3.432090908e-16
  -7.400000000e-17
  1.617903170e-16
  -2.144000000e-02 3.586000000e-01 9.332000000e-01
  2.280000000e-01 9.106000000e-01 -3.447000000e-01
  -9.734000000e-01 2.054000000e-01 -1.013000000e-01
 Node:         23
  0.1343E+03  0.1253E+03  0.5054E+03  0.0000E+00
   0.0
   2.082E-17
  -4.441E-16
   0.0
   1.314E-16
  -1.665E-16
  1.265000000e-18
  -1.147000000e-16
  -4.972000000e-16
  4.517861704e-16
  -2.035450000e-16
  2.129740431e-16
  9.970000000e-01 6.061000000e-02 4.746000000e-02
  6.644000000e-02 -3.661000000e-01 -9.282000000e-01
  3.888000000e-02 -9.286000000e-01 3.690000000e-01
 Node:         24
  0.1336E+03  0.1248E+03  0.5194E+03  0.0000E+00
  -2.22E-16
   1.214E-17
   0.0
   1.388E-17
   8.674E-19
  -1.665E-16
  6.779000000e-19
  -1.633000000e-16
  -2.259000000e-16
  2.026635839e-16
  -1.295073667e-16
  9.553652964e-17
  -5.504000000e-02 -9.984000000e-01 -9.747000000e-03
  2.257000000e-01 -2.195000000e-02 9.740000000e-01
  -9.726000000e-01 5.141000000e-02 2.265000000e-01
 Node:         25
  0.1400E+03  0.1206E+03  0.4917E+03  0.0000E+00
   0.0
   2.671E-16
  -1.11E-16
  -8.327E-17
  -1.301E-16
   2.22E-16
  3.681000000e-16
  7.580000000e-17
  -3.329000000e-16
  6.098671905e-16
  3.700000000e-17
  2.874941507e-16
  5.089000000e-01 4.781000000e-01 -7.159000000e-01
  6.086000000e-01 3.883000000e-01 6.920000000e-01
  6.088000000e-01 -7.878000000e-01 -9.334000000e-02
 Node:         26
  0.1363E+03  0.1200E+03  0.5055E+03  0.0000E+00
   2.22E-16
   1.076E-16
  -6.106E-16
   2.776E-17
  -1.124E-15
  -5.551E-17
  8.281000000e-16
  2.248000000e-16
  -1.497000000e-15
  2.089815320e-15
  -1.480333333e-16
  9.851483893e-16
  7.371000000e-02 6.174000000e-01 -7.832000000e-01
  9.955000000e-01 1.018000000e-03 9.449000000e-02
  -5.914000000e-02 7.866000000e-01 6.146000000e-01
 Node:         27
  0.1343E+03  0.1203E+03  0.5192E+03  0.0000E+00
   2.22E-16
  -1.943E-16
   2.22E-16
  -1.041E-16
   1.313E-15
   0.0
  1.466000000e-15
  1.875000000e-16
  -1.209000000e-15
  2.317369144e-15
  1.481666667e-16
  1.092418291e-15
  -1.693000000e-01 7.280000000e-01 6.643000000e-01
  9.848000000e-01 9.849000000e-02 1.431000000e-01
  3.876000000e-02 6.785000000e-01 -7.336000000e-01
 Node:         28
  0.1155E+03  0.1124E+03  0.4931E+03 -0.1589E-03
  -2.22E-16
   3.816E-17
   2.22E-16
  -5.551E-17
   5.551E-17
   1.11E-16
  2.455000000e-16
  1.014000000e-16
  -2.359000000e-16
  4.279497985e-16
  3.700000000e-17
  2.017374697e-16
  3.184000000e-02 9.284000000e-01 3.701000000e-01
  1.988000000e-01 3.571000000e-01 -9.127000000e-01
  9.795000000e-01 -1.026000000e-01 1.732000000e-01
 Node:         29
  0.1119E+03  0.1139E+03  0.5068E+03 -0.1589E-03
  -2.22E-16
  -2.082E-17
   0.0
   5.551E-17
   6.939E-18
  -3.331E-16
  1.944000000e-18
  -2.004000000e-16
  -3.566000000e-16
  3.113642034e-16
  -1.850186667e-16
  1.467784931e-16
  -9.118000000e-02 9.958000000e-01 5.517000000e-03
  -9.179000000e-01 -8.189000000e-02 -3.884000000e-01
  -3.863000000e-01 -4.048000000e-02 9.215000000e-01
 Node:         30
  0.1113E+03  0.1159E+03  0.5206E+03 -0.1589E-03
   2.22E-16
   1.249E-16
   2.22E-16
   0.0
  -2.776E-17
   1.11E-16
  3.486000000e-16
  1.238000000e-16
  8.277000000e-17
  2.478750591e-16
  1.850566667e-16
  1.168494234e-16
  -7.001000000e-01 -7.092000000e-01 8.287000000e-02
  -4.685000000e-01 3.686000000e-01 -8.029000000e-01
  -5.389000000e-01 6.009000000e-01 5.903000000e-01
 Node:         31
  0.1203E+03  0.1126E+03  0.4920E+03 -0.1589E-03
  -5.551E-17
   9.714E-17
  -1.11E-16
   2.776E-17
   4.163E-17
  -5.551E-17
  4.114000000e-17
  -7.661000000e-17
  -1.866000000e-16
  1.972667866e-16
  -7.402333333e-17
  9.299245501e-17
  -6.956000000e-01 -5.654000000e-01 -4.433000000e-01
  4.358000000e-01 1.585000000e-01 -8.860000000e-01
  5.712000000e-01 -8.095000000e-01 1.362000000e-01
 Node:         32
  0.1188E+03  0.1134E+03  0.5062E+03 -0.1589E-03
   2.22E-16
  -1.388E-17
  -1.11E-16
  -2.776E-17
   9.714E-17
  -5.551E-17
  2.266000000e-16
  1.331000000e-17
  -1.844000000e-16
  3.560216764e-16
  1.850333333e-17
  1.678302278e-16
  -9.894000000e-01 7.624000000e-02 1.236000000e-01
  1.445000000e-01 5.992000000e-01 7.875000000e-01
  1.402000000e-02 -7.970000000e-01 6.038000000e-01
 Node:         33
  0.1183E+03  0.1150E+03  0.5201E+03 -0.1589E-03
   1.11E-16
   5.551E-17
   0.0
   8.327E-17
   0.0
   0.0
  1.700000000e-16
  0.000000000e+00
  -5.893000000e-17
  2.058903711e-16
  3.702333333e-17
  9.705765171e-17
  -8.617000000e-01 -2.815000000e-01 -4.222000000e-01
  0.000000000e+00 -8.321000000e-01 5.547000000e-01
  -5.074000000e-01 4.780000000e-01 7.170000000e-01
 Node:         34
  0.1255E+03  0.1129E+03  0.4909E+03 -0.1589E-03
   0.0
   0.0
   0.0
   5.551E-17
   9.714E-17
   0.0
  1.119000000e-16
  3.387000000e-33
  -1.119000000e-16
  1.938164854e-16
  0.000000000e+00
  9.136596741e-17
  -3.508000000e-01 -6.139000000e-01 -7.071000000e-01
  8.682000000e-01 -4.961000000e-01 -4.855000000e-17
  -3.508000000e-01 -6.139000000e-01 7.071000000e-01
 Node:         35
  0.1260E+03  0.1135E+03  0.5054E+03 -0.1589E-03
   0.0
   1.11E-16
  -1.11E-16
   1.11E-16
   2.498E-16
  -1.11E-16
  2.410000000e-16
  -1.023000000e-16
  -3.608000000e-16
  5.228959648e-16
  -7.403333333e-17
  2.464955217e-16
  5.458000000e-01 5.925000000e-01 5.925000000e-01
  8.379000000e-01 -3.859000000e-01 -3.859000000e-01
  -4.975000000e-17 -7.071000000e-01 7.071000000e-01
 Node:         36
  0.1257E+03  0.1153E+03  0.5196E+03 -0.1589E-03
   0.0
  -5.551E-17
   0.0
  -5.551E-17
   8.327E-17
   0.0
  1.305000000e-16
  -4.723000000e-17
  -8.327000000e-17
  1.982226619e-16
  0.000000000e+00
  9.344305895e-17
  -5.155000000e-01 6.059000000e-01 6.059000000e-01
  8.569000000e-01 3.645000000e-01 3.645000000e-01
  -1.256000000e-16 7.071000000e-01 -7.071000000e-01
 Node:         37
  0.1132E+03  0.1210E+03  0.4959E+03 -0.1589E-03
  -2.22E-16
   1.388E-16
  -2.22E-16
  -8.327E-17
   1.804E-16
  -2.776E-16
  -4.482000000e-17
  -1.622000000e-16
  -5.146000000e-16
  4.234720019e-16
  -2.405400000e-16
  1.996266161e-16
  3.971000000e-01 7.887000000e-01 4.693000000e-01
  -7.874000000e-01 3.010000000e-02 6.157000000e-01
  4.715000000e-01 -6.140000000e-01 6.330000000e-01
 Node:         38
  0.1111E+03  0.1204E+03  0.5085E+03 -0.1589E-03
  -1.665E-16
   9.714E-17
   0.0
  -2.776E-17
  -8.327E-17
  -2.22E-16
  7.071000000e-17
  -2.091000000e-16
  -2.502000000e-16
  3.024616291e-16
  -1.295300000e-16
  1.425817793e-16
  -3.916000000e-01 -8.746000000e-01 2.859000000e-01
  9.154000000e-01 -3.389000000e-01 2.170000000e-01
  9.287000000e-02 -3.467000000e-01 -9.334000000e-01
 Node:         39
  0.1119E+03  0.1201E+03  0.5207E+03 -0.1589E-03
  -5.551E-17
  -9.714E-17
  -3.331E-16
  -8.327E-17
  -7.633E-17
  -1.11E-16
  8.934000000e-18
  -1.105000000e-16
  -3.981000000e-16
  3.623913061e-16
  -1.665553333e-16
  1.708329000e-16
  8.510000000e-01 -1.281000000e-01 -5.092000000e-01
  4.076000000e-01 -4.503000000e-01 7.944000000e-01
  -3.311000000e-01 -8.836000000e-01 -3.310000000e-01
 Node:         40
  0.1191E+03  0.1220E+03  0.4937E+03 -0.1589E-03
   0.0
   8.327E-17
  -2.22E-16
   8.327E-17
  -1.388E-17
  -2.22E-16
  4.872000000e-17
  -2.082000000e-16
  -2.846000000e-16
  3.024459198e-16
  -1.480266667e-16
  1.425743739e-16
  -9.240000000e-01 -2.703000000e-01 -2.703000000e-01
  0.000000000e+00 -7.071000000e-01 7.071000000e-01
  3.823000000e-01 -6.534000000e-01 -6.534000000e-01
 Node:         41
  0.1182E+03  0.1217E+03  0.5073E+03 -0.1589E-03
   0.0
  -2.776E-17
  -5.551E-17
   5.551E-17
   9.714E-17
   1.11E-16
  1.653000000e-16
  1.073000000e-17
  -1.206000000e-16
  2.478691830e-16
  1.847666667e-17
  1.168466534e-16
  2.406000000e-01 3.653000000e-01 8.993000000e-01
  -8.901000000e-01 4.526000000e-01 5.428000000e-02
  -3.871000000e-01 -8.135000000e-01 4.340000000e-01
 Node:         42
  0.1187E+03  0.1212E+03  0.5204E+03 -0.1589E-03
   0.0
  -5.551E-17
  -1.11E-16
   0.0
   5.551E-17
   1.11E-16
  1.256000000e-16
  1.887000000e-17
  -1.444000000e-16
  2.355296009e-16
  2.333333333e-20
  1.110297186e-16
  1.113000000e-01 -2.517000000e-01 -9.614000000e-01
  9.295000000e-01 -3.159000000e-01 1.903000000e-01
  -3.516000000e-01 -9.148000000e-01 1.988000000e-01
 Node:         43
  0.1258E+03  0.1217E+03  0.4915E+03 -0.1589E-03
   2.22E-16
   1.11E-16
   1.11E-16
  -1.388E-17
   0.0
  -5.551E-17
  2.911000000e-16
  4.294000000e-17
  -5.645000000e-17
  3.100425456e-16
  9.253000000e-17
  1.461554576e-16
  -8.507000000e-01 -5.246000000e-01 3.406000000e-02
  -5.213000000e-01 8.502000000e-01 7.348000000e-02
  6.751000000e-02 -4.475000000e-02 9.967000000e-01
 Node:         44
  0.1259E+03  0.1220E+03  0.5059E+03 -0.1589E-03
  -2.22E-16
   1.388E-16
  -2.22E-16
   9.714E-17
   1.11E-16
  -1.11E-16
  5.081000000e-17
  -2.445000000e-16
  -3.614000000e-16
  3.679610647e-16
  -1.850300000e-16
  1.734585094e-16
  -5.113000000e-01 -5.340000000e-01 -6.733000000e-01
  -5.198000000e-01 -4.318000000e-01 7.372000000e-01
  -6.844000000e-01 7.269000000e-01 -5.679000000e-02
 Node:         45
  0.1261E+03  0.1221E+03  0.5198E+03 -0.1589E-03
  -5.551E-17
  -8.327E-17
  -2.776E-16
   2.776E-17
  -6.939E-18
   1.11E-16
  1.167000000e-16
  -3.339000000e-17
  -3.053000000e-16
  3.705037491e-16
  -7.399666667e-17
  1.746571423e-16
  1.854000000e-01 -5.643000000e-02 9.810000000e-01
  9.302000000e-01 -3.117000000e-01 -1.938000000e-01
  -3.167000000e-01 -9.485000000e-01 5.308000000e-03
 Node:         46
  0.1117E+03  0.1296E+03  0.4959E+03  0.0000E+00
  -5.551E-17
   2.776E-17
  -1.665E-16
   6.939E-18
  -2.602E-17
   0.0
  4.101000000e-18
  -4.897000000e-17
  -1.772000000e-16
  1.614458370e-16
  -7.402300000e-17
  7.610629740e-17
  4.856000000e-02 -1.429000000e-01 9.886000000e-01
  9.724000000e-01 2.327000000e-01 -1.414000000e-02
  -2.280000000e-01 9.620000000e-01 1.502000000e-01
 Node:         47
  0.1107E+03  0.1269E+03  0.5087E+03  0.0000E+00
  -1.665E-16
  -3.123E-17
   1.11E-16
  -2.776E-17
   3.99E-17
   0.0
  1.289000000e-16
  -1.114000000e-17
  -1.732000000e-16
  2.618578385e-16
  -1.848000000e-17
  1.234409689e-16
  -1.292000000e-01 9.390000000e-01 3.186000000e-01
  -1.008000000e-01 -3.321000000e-01 9.379000000e-01
  -9.865000000e-01 -8.906000000e-02 -1.376000000e-01
 Node:         48
  0.1125E+03  0.1242E+03  0.5208E+03  0.0000E+00
   1.11E-16
   3.469E-18
   1.11E-16
   0.0
  -1.735E-18
   1.11E-16
  1.149000000e-16
  1.110000000e-16
  1.071000000e-16
  6.754998150e-18
  1.110000000e-16
  3.184336666e-18
  -6.325000000e-01 -7.071000000e-01 3.162000000e-01
  4.472000000e-01 -4.455000000e-15 8.944000000e-01
  -6.325000000e-01 7.071000000e-01 3.162000000e-01
 Node:         49
  0.1186E+03  0.1311E+03  0.4938E+03  0.0000E+00
  -1.665E-16
  -2.082E-17
   0.0
  -4.163E-17
  -6.072E-18
  -5.551E-17
  2.581000000e-18
  -4.165000000e-17
  -1.830000000e-16
  1.678935845e-16
  -7.402300000e-17
  7.914579474e-17
  1.174000000e-01 -9.929000000e-01 1.965000000e-02
  -3.135000000e-01 -1.827000000e-02 9.494000000e-01
  -9.423000000e-01 -1.176000000e-01 -3.134000000e-01
 Node:         50
  0.1180E+03  0.1298E+03  0.5075E+03  0.0000E+00
   0.0
  -1.301E-17
   3.331E-16
  -4.163E-17
   1.247E-17
   2.22E-16
  3.354000000e-16
  2.276000000e-16
  -7.879000000e-18
  3.040655121e-16
  1.850403333e-16
  1.433378570e-16
  5.441000000e-02 -9.902000000e-01 -1.289000000e-01
  -1.707000000e-01 -1.364000000e-01 9.758000000e-01
  9.838000000e-01 3.109000000e-02 1.765000000e-01
 Node:         51
  0.1192E+03  0.1275E+03  0.5206E+03  0.0000E+00
   0.0
  -3.469E-18
  -5.551E-17
   0.0
   1.475E-17
   1.11E-16
  1.123000000e-16
  2.087000000e-19
  -5.702000000e-17
  1.491791642e-16
  1.849623333e-17
  7.032373239e-17
  -2.705000000e-03 8.758000000e-02 9.962000000e-01
  9.982000000e-01 -6.004000000e-02 7.989000000e-03
  -6.051000000e-02 -9.943000000e-01 8.725000000e-02
 Node:         52
  0.1262E+03  0.1305E+03  0.4920E+03  0.0000E+00
   1.11E-16
  -1.388E-17
   1.11E-16
   1.301E-18
   4.906E-18
   0.0
  1.250000000e-16
  9.734000000e-17
  -2.497000000e-19
  1.139655924e-16
  7.403010000e-17
  5.372389547e-17
  -7.047000000e-01 7.092000000e-01 2.051000000e-02
  7.093000000e-01 7.034000000e-01 4.493000000e-02
  -1.744000000e-02 -4.621000000e-02 9.988000000e-01
 Node:         53
  0.1258E+03  0.1304E+03  0.5063E+03  0.0000E+00
  -1.665E-16
  -1.735E-18
  -1.11E-16
   2.776E-17
   3.383E-17
  -2.22E-16
  -1.010000000e-16
  -1.572000000e-16
  -2.414000000e-16
  1.223933005e-16
  -1.665333333e-16
  5.769675516e-17
  9.684000000e-02 9.526000000e-01 2.883000000e-01
  -9.346000000e-01 1.866000000e-01 -3.027000000e-01
  -3.422000000e-01 -2.402000000e-01 9.084000000e-01
 Node:         54
  0.1265E+03  0.1288E+03  0.5200E+03  0.0000E+00
  -2.22E-16
   2.082E-17
   1.11E-16
   0.0
  -4.337E-18
   1.11E-16
  1.160000000e-16
  1.073000000e-16
  -2.233000000e-16
  3.350347295e-16
  0.000000000e+00
  1.579368861e-16
  -4.656000000e-02 -7.562000000e-01 6.527000000e-01
  -4.117000000e-02 -6.514000000e-01 -7.576000000e-01
  -9.981000000e-01 6.215000000e-02 8.061000000e-04
 Node:         55
  0.1381E+03  0.1168E+03  0.4527E+03  0.9884E-02
  -0.006082
  -0.01305
   0.02019
  -0.002634
   0.01917
  -0.02158
  5.229997368e-02
  1.405359514e-03
  -4.920378745e-02
  8.908265101e-02
  1.500515250e-03
  4.199396441e-02
  2.415061741e-01 -2.383190283e-01 -1.201886640e-01
  4.172028745e-01 1.919876923e-01 5.603449393e-01
  -2.643426941e-01 -1.772630364e-01 4.588912146e-01
 Node:         56
  0.1314E+03  0.1156E+03  0.4684E+03  0.9884E-02
   6.028E-4
  -0.01069
   0.01268
  -0.004026
   0.007756
  -0.01471
  3.451000000e-02
  -3.561237449e-03
  -3.825953036e-02
  6.427370666e-02
  -2.436922605e-03
  3.029891589e-02
  -3.118663603e-01 4.317020243e-01 1.250505466e-01
  2.801062753e-01 4.553113239e-01 -4.194040486e-02
  -2.567431174e-01 -1.368338462e-01 5.452777328e-01
 Node:         57
  0.1285E+03  0.1140E+03  0.4823E+03  0.9884E-02
   0.001676
  -0.002247
   0.002528
  -0.001013
   7.734E-4
  -8.425E-4
  7.122423482e-03
  -6.170309332e-04
  -7.908816802e-03
  1.406595015e-02
  -4.678080843e-04
  6.630752491e-03
  -4.761884615e-01 -7.379331984e-02 2.945782591e-01
  4.721609312e-01 5.154462753e-01 3.375437287e-01
  -2.067663968e-01 3.875929150e-02 6.411585020e-01
 Node:         58
  0.1479E+03  0.1178E+03  0.4527E+03  0.9884E-02
  -0.007377
  -0.01835
   0.03933
  -0.003216
   0.01332
  -0.05623
  7.487376113e-02
  -1.305669555e-02
  -7.066966599e-02
  1.317771473e-01
  -2.950866802e-03
  6.212034299e-02
  2.100755061e-01 4.126234818e-02 8.355951417e-03
  4.753942126e-01 3.582366397e-01 3.502417814e-01
  7.545883806e-02 -4.581757085e-02 5.041274696e-01
 Node:         59
  0.1416E+03  0.1167E+03  0.4689E+03  0.9884E-02
   0.01294
  -0.02374
   0.03054
  -0.01619
   0.01668
  -0.01973
  7.471448381e-02
  -1.042879793e-02
  -4.317519838e-02
  1.058604399e-01
  7.036829165e-03
  4.990308992e-02
  -3.707111336e-01 1.256093117e-01 1.487478543e-01
  3.793813765e-01 4.283125253e-01 3.417087004e-01
  3.213372470e-01 -1.120963968e-01 6.253847247e-01
 Node:         60
  0.1375E+03  0.1150E+03  0.4832E+03  0.9884E-02
   0.008818
  -0.009285
   0.008739
  -0.00736
   0.005488
   0.002139
  2.295725202e-02
  -8.204155709e-04
  -5.996267611e-03
  2.693812168e-02
  5.380189614e-03
  1.269875234e-02
  -4.946589069e-01 5.311574899e-01 2.744418866e-01
  2.822597166e-01 3.326684211e-01 4.049304494e-01
  4.457738866e-01 3.586878947e-02 3.311435628e-01
 Node:         61
  0.1549E+03  0.1222E+03  0.4528E+03  0.9884E-02
   0.01826
  -0.0149
   0.01011
  -8.227E-4
  -0.002277
  -0.04719
  5.857915789e-02
  -1.561052692e-02
  -6.846228745e-02
  1.111940323e-01
  -8.497885493e-03
  5.241736951e-02
  -3.199937247e-01 3.501331984e-01 8.549777328e-03
  5.821532389e-01 6.518141700e-01 -2.518588664e-01
  5.794595142e-02 1.668446478e-01 9.205844130e-01
 Node:         62
  0.1489E+03  0.1203E+03  0.4694E+03  0.9884E-02
   0.04123
  -0.03911
   0.02714
  -0.02039
   0.01305
  -0.002543
  9.805204453e-02
  -4.401057490e-03
  -3.643005668e-02
  1.218874595e-01
  1.907364345e-02
  5.745829944e-02
  -5.952773279e-01 4.300465587e-01 2.631285425e-01
  3.595682186e-01 2.141313765e-01 6.830456555e-02
  9.598319838e-02 9.895913765e-02 -2.003267206e-02
 Node:         63
  0.1436E+03  0.1181E+03  0.4838E+03  0.9884E-02
   0.01212
  -0.01749
   0.01914
  -0.006795
   0.009684
   0.00387
  4.008658097e-02
  -5.941215587e-04
  -5.359025101e-03
  4.329443785e-02
  1.137781144e-02
  2.040919373e-02
  -4.822281377e-01 5.985186235e-01 3.074188623e-01
  1.233518219e-01 2.968061538e-01 -2.846707692e-01
  -3.610227328e-01 -4.039848381e-01 6.141380567e-01
 Node:         64
  0.1411E+03  0.1253E+03  0.4521E+03  0.9884E-02
  -0.03257
  -0.008777
   0.04214
  -0.004503
   0.003957
  -0.02355
  5.449682996e-02
  -2.133581579e-02
  -4.561600405e-02
  9.129087311e-02
  -4.151663293e-03
  4.303493029e-02
  -3.787890688e-02 2.596912955e-01 1.638503846e-02
  -3.175263158e-02 -1.086082996e-02 2.495587045e-01
  4.334429150e-01 6.323552429e-02 1.174174291e-01
 Node:         65
  0.1339E+03  0.1229E+03  0.4682E+03  0.9884E-02
  -0.004696
  -0.01891
   0.03104
  -0.006972
   0.003453
  -0.01488
  4.965823684e-02
  -1.074799595e-02
  -2.723691498e-02
  7.023118880e-02
  3.891108637e-03
  3.310729990e-02
  3.052671255e-01 -3.587775304e-01 -5.455931174e-02
  -2.679462753e-01 -2.255877733e-01 3.597593117e-01
  -5.226983806e-02 -7.587704453e-02 -2.423173279e-01
 Node:         66
  0.1299E+03  0.1214E+03  0.4825E+03  0.9884E-02
   0.00534
  -0.006296
   0.007514
  -0.001873
   0.0015
  -8.754E-4
  1.411331377e-02
  -5.333544737e-04
  -1.988831174e-03
  1.542483227e-02
  3.863709372e-03
  7.271335663e-03
  -5.708316397e-01 8.560123482e-01 1.017139676e-01
  6.028240891e-01 5.524439271e-01 -1.686904858e-01
  1.995919028e-01 4.449603239e-02 6.483852227e-01
 Node:         67
  0.1496E+03  0.1245E+03  0.4523E+03  0.9884E-02
  -0.02287
  -0.01445
   0.03884
  -0.00396
   0.004338
  -0.05129
  5.293104858e-02
  -1.728093016e-02
  -6.173287449e-02
  1.014780986e-01
  -8.694252024e-03
  4.783723444e-02
  -8.981720648e-02 3.180291498e-01 -1.004574899e-02
  5.510455061e-01 1.075937247e-01 2.234251113e-01
  -2.765825040e-02 -1.848399190e-02 4.126904858e-01
 Node:         68
  0.1430E+03  0.1224E+03  0.4688E+03  0.9884E-02
   0.01752
  -0.02993
   0.03623
  -0.01698
   0.008983
  -0.0285
  7.414312753e-02
  -3.477104615e-03
  -4.063993320e-02
  1.020580571e-01
  1.000869657e-02
  4.811062951e-02
  -3.855597166e-01 4.032052632e-01 1.123690283e-01
  2.308950719e-01 2.931668016e-01 2.098113360e-01
  4.617305668e-01 1.042717741e-01 6.686003441e-01
 Node:         69
  0.1379E+03  0.1205E+03  0.4831E+03  0.9884E-02
   0.01302
  -0.01153
   0.0106
  -0.007018
   0.004768
  -2.323E-4
  2.852457996e-02
  -8.562421053e-05
  -3.913057287e-03
  3.070384252e-02
  8.175299487e-03
  1.447393017e-02
  -6.962799595e-01 6.410967611e-01 2.847340182e-01
  3.517731923e-01 5.024205466e-01 6.491125506e-02
  4.030528340e-01 8.519540486e-02 6.080304453e-01
 Node:         70
  0.1551E+03  0.1242E+03  0.4527E+03  0.9884E-02
  -0.01032
  -0.01813
   0.01806
  -0.01459
   0.0112
  -0.05471
  4.349355668e-02
  -1.002870131e-02
  -7.175605263e-02
  1.011088607e-01
  -1.276373242e-02
  4.766317403e-02
  6.998906883e-02 -1.522690283e-01 2.390676113e-02
  -7.043556680e-02 -2.866218623e-01 2.773857085e-01
  5.157267206e-03 -3.577477733e-02 3.912692308e-01
 Node:         71
  0.1491E+03  0.1222E+03  0.4694E+03  0.9884E-02
   0.04066
  -0.03061
   0.02744
  -0.03559
   0.01828
  -0.02035
  9.595718623e-02
  2.022873279e-03
  -4.444127530e-02
  1.246262957e-01
  1.784626140e-02
  5.874939920e-02
  -6.273900810e-01 4.008060729e-01 2.832742915e-01
  1.378668421e-01 1.208967611e-01 8.737269231e-02
  3.788417004e-01 2.324564777e-02 6.691165992e-01
 Node:         72
  0.1435E+03  0.1199E+03  0.4837E+03  0.9884E-02
   0.02217
  -0.01367
   0.009006
  -0.01347
   0.006908
   0.002517
  4.076034008e-02
  2.798968623e-04
  -5.584564777e-03
  4.370885645e-02
  1.181855739e-02
  2.060455253e-02
  -7.715613360e-01 4.904014170e-01 3.863767206e-01
  2.029999950e-01 3.686971660e-01 1.926443684e-01
  3.651255061e-01 7.406248988e-02 5.315282996e-01
 Node:         73
  0.1441E+03  0.1339E+03  0.4515E+03  0.0000E+00
   0.02928
  -0.00237
  -0.02982
  -0.003166
   0.002422
   0.01302
  3.591420648e-02
  1.684877360e-02
  -3.840860526e-02
  6.855509667e-02
  4.784791606e-03
  3.231718249e-02
  -3.691283401e-01 -2.054078947e-02 3.839888259e-01
  2.994289271e-01 -1.086577328e-01 -5.060668016e-02
  -5.183000810e-02 -4.790121457e-02 -8.031436437e-02
 Node:         74
  0.1365E+03  0.1304E+03  0.4679E+03  0.0000E+00
   0.05427
   0.01181
  -0.008204
   0.003778
   0.003532
   0.01766
  6.370742915e-02
  2.229140891e-02
  -1.663477328e-02
  7.033459527e-02
  2.312135493e-02
  3.315604618e-02
  -1.047102227e+00 -1.381319636e-01 -1.422864372e-01
  -1.293021457e-01 1.016830769e-01 7.241601215e-01
  -1.168166235e-01 9.170082996e-01 -9.659062753e-02
 Node:         75
  0.1313E+03  0.1288E+03  0.4826E+03  0.0000E+00
   0.02283
   0.004788
   3.139E-4
   7.439E-4
   3.659E-4
   0.00191
  2.602817611e-02
  2.111925405e-03
  -1.813329960e-03
  2.612780063e-02
  8.775590520e-03
  1.231676333e-02
  -9.736431174e-01 -1.659542915e-01 -2.773416599e-02
  -4.954549393e-02 -1.373095951e-02 9.821198381e-01
  -1.601212955e-01 7.193676113e-01 -5.808894737e-02
 Node:         76
  0.1513E+03  0.1311E+03  0.4520E+03  0.0000E+00
   0.02461
  -0.005631
  -0.03412
  -0.005454
   0.004893
   0.01412
  4.128174291e-02
  1.307324619e-02
  -4.704417611e-02
  8.043960293e-02
  2.436937665e-03
  3.791959247e-02
  -5.613754656e-01 5.521285425e-02 2.770493927e-01
  2.086240891e-01 -3.183273279e-02 5.148536437e-01
  -5.018477733e-02 -6.338665992e-01 2.185303644e-03
 Node:         77
  0.1444E+03  0.1282E+03  0.4686E+03  0.0000E+00
   0.0681
   0.01289
  -0.0109
   0.003008
   0.005563
   0.01259
  8.074841093e-02
  1.778708502e-02
  -2.115658300e-02
  9.055767527e-02
  2.579297099e-02
  4.268929751e-02
  -9.823963563e-01 -1.562195830e-01 -6.011056883e-02
  -8.354254049e-02 1.600470445e-01 9.833028340e-01
  -1.431980607e-01 8.749465587e-01 -1.539020243e-01
 Node:         78
  0.1384E+03  0.1261E+03  0.4829E+03  0.0000E+00
   0.0289
   0.007664
   6.803E-4
   0.001509
   9.467E-4
   0.001321
  3.514826721e-02
  1.338919231e-03
  -1.919916397e-03
  3.555477073e-02
  1.152242335e-02
  1.676067966e-02
  -9.659967611e-01 -2.370297530e-01 -5.934177935e-02
  -9.809382996e-02 1.404776923e-01 9.038315789e-01
  -2.195029514e-01 1.058698785e+00 -1.266586640e-01
 Node:         79
  0.1554E+03  0.1263E+03  0.4526E+03  0.0000E+00
   0.01635
   0.003427
  -0.05132
  -0.01116
   0.001642
  -0.04768
  3.698595951e-02
  -2.111251822e-02
  -1.249046053e-01
  1.437224070e-01
  -3.634372132e-02
  6.775139239e-02
  8.630360324e-01 1.990452227e-01 -2.507204413e-01
  1.775737247e-01 2.004467126e-01 3.134827530e-01
  -1.935892510e-02 -3.649321064e-01 4.566308158e-01
 Node:         80
  0.1493E+03  0.1241E+03  0.4694E+03  0.0000E+00
   0.07955
   0.01024
  -0.03283
   0.008702
   0.002957
  -0.0319
  9.528151822e-02
  -7.509181579e-03
  -9.453289271e-02
  1.671457947e-01
  -2.253518691e-03
  7.879328325e-02
  -4.805441296e-01 1.332506073e-02 -7.342934211e-02
  -1.758062753e-01 5.241761741e-01 5.113767692e-01
  -1.136877126e-02 -5.216084798e-01 5.357577126e-01
 Node:         81
  0.1433E+03  0.1217E+03  0.4836E+03  0.0000E+00
   0.03367
   0.007129
  -0.002859
   0.008214
   0.002304
  -0.001164
  4.137863968e-02
  -1.276854676e-03
  -1.143267915e-02
  4.877936913e-02
  9.556368617e-03
  2.299481513e-02
  -9.537680162e-01 -1.812552632e-01 -2.156590425e-01
  -2.694702429e-01 5.404831984e-01 5.224584300e-01
  2.064611336e-02 -5.549102024e-01 5.739910931e-01
 Node:         82
  0.1267E+03  0.1148E+03  0.4559E+03  0.1025E-01
   0.01039
  -0.01196
   3.473E-4
  -0.002841
   0.003167
  -0.005638
  2.695813563e-02
  -4.874804656e-03
  -1.747757287e-02
  3.995044161e-02
  1.535252699e-03
  1.883281878e-02
  -6.496763846e-01 5.806151822e-01 2.610271255e-01
  -2.542823887e-02 -2.319887449e-01 4.445670040e-01
  5.177267206e-02 2.787423077e-01 3.532516194e-01
 Node:         83
  0.1234E+03  0.1129E+03  0.4718E+03  0.1025E-01
  -0.001944
  -0.007471
  -0.001671
  -7.493E-4
   0.002419
  -0.003299
  1.318619575e-02
  -1.392076215e-03
  -2.654963968e-02
  3.593444602e-02
  -4.918506714e-03
  1.693966031e-02
  -3.191489069e-01 4.548034413e-01 3.079253846e-01
  -1.274066802e-01 -1.768477935e-01 -3.319757085e-02
  -5.222813765e-02 2.934726113e-01 4.530212551e-01
 Node:         84
  0.1187E+03  0.1123E+03  0.4849E+03  0.1025E-01
  -5.236E-4
  -5.231E-4
  -2.39E-4
   4.888E-4
  -1.691E-5
  -0.001663
  3.231767692e-03
  6.499861943e-05
  -1.018421032e-02
  1.297428259e-02
  -2.295814671e-03
  6.116135465e-03
  -5.025257085e-01 3.729625506e-02 3.089886640e-01
  -7.164311741e-02 5.369757085e-02 -1.137712551e-02
  -9.841801619e-02 -2.846649393e-01 -5.814265182e-01
 Node:         85
  0.1302E+03  0.1161E+03  0.4546E+03  0.1025E-01
   0.01
  -0.01311
   0.001927
  -0.002461
   0.004496
  -0.007972
  3.299526923e-02
  -5.661700810e-03
  -2.143160729e-02
  4.872235303e-02
  1.967320378e-03
  2.296793748e-02
  -6.017866802e-01 6.072582996e-01 2.812568421e-01
  6.142469636e-02 3.827439474e-01 -2.358453441e-01
  2.830718623e-01 1.891021255e-01 4.293834008e-01
 Node:         86
  0.1252E+03  0.1138E+03  0.4701E+03  0.1025E-01
  -0.0146
  -0.004208
   0.02894
  -0.003918
   0.009525
  -0.003429
  4.843146356e-02
  6.953723603e-03
  -4.015565992e-02
  7.752405324e-02
  5.076509082e-03
  3.654518917e-02
  -1.058624291e-01 -3.454732794e-01 -1.176145749e-01
  1.471461538e-01 -1.948530364e-01 3.782884615e-01
  7.879121457e-01 9.322484615e-02 1.672914980e-02
 Node:         87
  0.1217E+03  0.1126E+03  0.4833E+03  0.1025E-01
  -1.806E-4
  -4.873E-4
   1.644E-4
  -1.366E-4
  -1.004E-4
  -5.767E-4
  5.110021457e-03
  -1.127805162e-04
  -1.049451781e-02
  1.498001082e-02
  -1.832425624e-03
  7.061644823e-03
  -5.293740891e-01 4.531590688e-01 2.278771255e-01
  4.253591093e-01 -2.135815789e-01 3.573368421e-01
  6.742279352e-01 1.323561336e-01 -1.053520243e-01
 Node:         88
  0.1338E+03  0.1169E+03  0.4529E+03  0.1025E-01
  -0.004408
  -0.01504
   0.005998
  -0.002424
   0.0116
   0.003057
  4.042200810e-02
  -4.131818522e-03
  -2.888338057e-02
  6.151831580e-02
  2.468936336e-03
  2.900001218e-02
  -4.773777146e-01 6.086534413e-01 4.559491903e-01
  5.863663968e-02 3.687616903e-01 -2.120325911e-01
  1.876947368e-01 7.175910931e-03 2.778129555e-01
 Node:         89
  0.1270E+03  0.1150E+03  0.4684E+03  0.1025E-01
   1.768E-4
  -0.00841
   0.002829
  -0.003302
   0.003253
  -0.00109
  2.227732389e-02
  -2.075554049e-03
  -2.826093927e-02
  4.553703739e-02
  -2.686389811e-03
  2.146636529e-02
  -4.305446761e-01 5.942528340e-01 4.011317814e-01
  -9.609908907e-02 -1.573317814e-01 1.003076923e-01
  -1.815376518e-01 2.726634858e-01 4.359771255e-01
 Node:         90
  0.1248E+03  0.1132E+03  0.4822E+03  0.1025E-01
   5.499E-4
  -9.856E-4
   5.694E-4
  -4.621E-4
   1.929E-4
  -3.413E-5
  4.540267206e-03
  -2.421916802e-04
  -8.052050202e-03
  1.220150737e-02
  -1.251324892e-03
  5.751845733e-03
  -3.419029555e-01 2.919366397e-01 2.371819028e-01
  7.497356275e-02 -2.099515385e-01 4.537400810e-01
  -7.571255061e-02 5.438977733e-01 3.923556680e-01
 Node:         91
  0.1258E+03  0.1260E+03  0.4544E+03  0.1025E-01
  -0.03141
  -0.01315
   0.03294
  -0.008304
   0.007783
  -0.008124
  4.989871053e-02
  -8.527751012e-03
  -4.146755870e-02
  8.027941515e-02
  -3.219973009e-05
  3.784407923e-02
  -1.262975911e-01 6.239641700e-01 1.287338259e-01
  -1.291445344e-01 -1.249236842e-01 5.801091093e-01
  -1.462665992e-01 -1.902503036e-01 -6.217186235e-02
 Node:         92
  0.1209E+03  0.1232E+03  0.4724E+03  0.1025E-01
  -0.003992
  -0.0121
   0.006874
  -0.009391
   0.005028
   0.002196
  3.056027530e-02
  -2.919721660e-04
  -2.330782186e-02
  4.684499295e-02
  2.320160425e-03
  2.208294145e-02
  -3.638018036e-01 -4.928137652e-03 4.402429150e-02
  1.074379555e-02 -4.593589069e-01 6.149506073e-01
  6.131174089e-03 2.691360818e-01 2.471984211e-01
 Node:         93
  0.1159E+03  0.1217E+03  0.4876E+03  0.1025E-01
   0.002613
  -3.583E-4
  -3.176E-4
  -0.003926
  -8.33E-4
   0.002685
  7.501983806e-03
  -1.129766397e-04
  -3.803817004e-03
  1.011041682e-02
  1.195063387e-03
  4.766096195e-03
  -5.080013340e-01 -1.466789474e-02 5.032506073e-01
  4.393593117e-01 -4.942297571e-01 3.762089069e-01
  -1.442461538e-01 -3.301180162e-01 -2.447423077e-01
 Node:         94
  0.1312E+03  0.1262E+03  0.4534E+03  0.1025E-01
  -0.03905
  -0.01312
   0.03802
  -0.008712
   0.005315
  -0.008509
  5.434013968e-02
  -4.032967814e-03
  -4.944226923e-02
  9.030399760e-02
  2.883008772e-04
  4.256971271e-02
  -1.378620040e-01 5.370947368e-01 4.626825911e-02
  -8.540303644e-02 -1.744890688e-02 4.794949393e-01
  -3.262945344e-01 -1.886745789e-01 -6.965991903e-02
 Node:         95
  0.1249E+03  0.1234E+03  0.4704E+03  0.1025E-01
  -6.967E-4
  -0.01156
   0.0156
  -0.01168
   0.004338
  -0.005658
  3.619785425e-02
  5.434677460e-03
  -2.919859919e-02
  5.714640227e-02
  4.144644173e-03
  2.693907238e-02
