 Group name: predicted_strain_L3A1
 #Fields=  16
 1) coordinates, coordinate, rectangular cartesian, #Components=3
   x.  Value index= 1, #Derivatives=0
   y.  Value index= 2, #Derivatives=0
   z.  Value index= 3, #Derivatives=0
 2) Tensor_1, field, rectangular cartesian, #Components=1
   Tensor_1.  Value index= 4, #Derivatives=0
 3) Tensor_2, field, rectangular cartesian, #Components=1
   Tensor_2.  Value index= 5, #Derivatives=0
 4) Tensor_3, field, rectangular cartesian, #Components=1
   Tensor_3.  Value index= 6, #Derivatives=0
 5) Tensor_4, field, rectangular cartesian, #Components=1
   Tensor_4.  Value index= 7, #Derivatives=0
 6) Tensor_5, field, rectangular cartesian, #Components=1
   Tensor_5.  Value index= 8, #Derivatives=0
 7) Tensor_6, field, rectangular cartesian, #Components=1
   Tensor_6.  Value index= 9, #Derivatives=0
 8) Principal_1, field, rectangular cartesian, #Components=1
   Principal_1.  Value index= 10, #Derivatives=0
 9) Principal_2, field, rectangular cartesian, #Components=1
   Principal_2.  Value index= 11, #Derivatives=0
 10) Principal_3, field, rectangular cartesian, #Components=1
   Principal_3.  Value index= 12, #Derivatives=0
 11) VonMises, field, rectangular cartesian, #Components=1
   VonMises.  Value index= 13, #Derivatives=0
 12) Hydrostatic, field, rectangular cartesian, #Components=1
   VonMises.  Value index= 14, #Derivatives=0
 13) Octahedral, field, rectangular cartesian, #Components=1
   VonMises.  Value index= 15, #Derivatives=0
 14) PrincipalVector1, field, rectangular cartesian, #Components=3
   x.  Value index= 16, #Derivatives=0
   y.  Value index= 17, #Derivatives=0
   z.  Value index= 18, #Derivatives=0
 15) PrincipalVector2, field, rectangular cartesian, #Components=3
   x.  Value index= 19, #Derivatives=0
   y.  Value index= 20, #Derivatives=0
   z.  Value index= 21, #Derivatives=0
 16) PrincipalVector3, field, rectangular cartesian, #Components=3
   x.  Value index= 22, #Derivatives=0
   y.  Value index= 23, #Derivatives=0
   z.  Value index= 24, #Derivatives=0
 Node:          1
  0.1287E+03  0.1133E+03  0.4908E+03 -0.3663E-04
  -1.11E-16
  -8.327E-17
  -2.22E-16
  -2.776E-17
  -4.163E-17
  -3.331E-16
  -6.637000000e-17
  -2.400000000e-16
  -3.598000000e-16
  2.555392160e-16
  -2.220566667e-16
  1.204623416e-16
  8.837000000e-01 -4.676000000e-01 -1.897000000e-02
  4.046000000e-01 7.837000000e-01 -4.712000000e-01
  2.352000000e-01 4.088000000e-01 8.818000000e-01
 Node:          2
  0.1292E+03  0.1137E+03  0.5052E+03 -0.3663E-04
  -5.551E-17
  -1.11E-16
  -1.665E-16
  -5.551E-17
   1.943E-16
  -2.776E-16
  8.603000000e-17
  -1.600000000e-16
  -4.256000000e-16
  4.431926093e-16
  -1.665233333e-16
  2.089229996e-16
  -6.554000000e-01 6.199000000e-01 4.313000000e-01
  7.522000000e-01 4.849000000e-01 4.462000000e-01
  -6.744000000e-02 -6.169000000e-01 7.841000000e-01
 Node:          3
  0.1289E+03  0.1155E+03  0.5194E+03 -0.3663E-04
   2.22E-16
   1.388E-16
   3.331E-16
   1.11E-16
   5.551E-17
   2.22E-16
  4.753000000e-16
  2.118000000e-16
  9.006000000e-17
  3.410738448e-16
  2.590533333e-16
  1.607837524e-16
  -5.696000000e-01 -7.144000000e-01 -4.063000000e-01
  2.395000000e-01 -6.172000000e-01 7.494000000e-01
  -7.862000000e-01 3.296000000e-01 5.227000000e-01
 Node:          4
  0.1361E+03  0.1141E+03  0.4915E+03 -0.3663E-04
   0.0
  -2.776E-17
  -1.11E-16
  -2.776E-17
  -8.327E-17
   2.22E-16
  2.435000000e-16
  6.328000000e-18
  -1.388000000e-16
  3.342648530e-16
  3.700933333e-17
  1.575739629e-16
  -8.549000000e-02 -2.215000000e-01 9.714000000e-01
  9.681000000e-01 -2.491000000e-01 2.840000000e-02
  2.357000000e-01 9.428000000e-01 2.357000000e-01
 Node:          5
  0.1341E+03  0.1144E+03  0.5054E+03 -0.3663E-04
   3.331E-16
   1.388E-16
   3.331E-16
   5.551E-17
  -6.939E-17
   4.441E-16
  4.814000000e-16
  4.627000000e-16
  1.662000000e-16
  3.062784517e-16
  3.701000000e-16
  1.443810468e-16
  -3.480000000e-01 -6.443000000e-01 6.810000000e-01
  -6.589000000e-01 -3.487000000e-01 -6.665000000e-01
  6.669000000e-01 -6.807000000e-01 -3.032000000e-01
 Node:          6
  0.1323E+03  0.1162E+03  0.5191E+03 -0.3663E-04
   2.22E-16
   5.551E-17
   2.22E-16
  -5.551E-17
  -2.776E-17
   0.0
  2.897000000e-16
  1.685000000e-16
  -1.402000000e-17
  2.648101478e-16
  1.480600000e-16
  1.248327008e-16
  -7.150000000e-01 -6.696000000e-01 2.012000000e-01
  6.656000000e-01 -7.399000000e-01 -9.741000000e-02
  -2.141000000e-01 -6.426000000e-02 -9.747000000e-01
 Node:          7
  0.1408E+03  0.1171E+03  0.4920E+03 -0.3663E-04
   3.331E-16
   2.22E-16
   2.22E-16
  -8.327E-17
  -1.11E-16
   0.0
  5.398000000e-16
  6.158000000e-17
  -4.631000000e-17
  5.403052621e-16
  1.850233333e-16
  2.547023432e-16
  -7.537000000e-01 -6.111000000e-01 2.419000000e-01
  -6.560000000e-01 6.770000000e-01 -3.335000000e-01
  -4.004000000e-02 4.101000000e-01 9.112000000e-01
 Node:          8
  0.1367E+03  0.1169E+03  0.5055E+03 -0.3663E-04
   2.22E-16
   1.943E-16
   2.22E-16
  -4.025E-16
  -2.359E-16
  -2.22E-16
  6.547000000e-16
  4.477000000e-17
  -4.775000000e-16
  9.814930967e-16
  7.399000000e-17
  4.626802829e-16
  -6.847000000e-01 -5.611000000e-01 4.652000000e-01
  5.685000000e-01 -8.105000000e-01 -1.409000000e-01
  -4.561000000e-01 -1.681000000e-01 -8.739000000e-01
 Node:          9
  0.1339E+03  0.1180E+03  0.5191E+03 -0.3663E-04
   2.22E-16
   1.665E-16
   0.0
  -3.955E-16
  -2.776E-16
   6.661E-16
  1.002000000e-15
  -9.379000000e-18
  -1.046000000e-16
  1.062195387e-15
  2.960070000e-16
  5.007237074e-16
  -4.817000000e-01 -3.073000000e-01 8.207000000e-01
  -8.565000000e-01 -3.292000000e-02 -5.150000000e-01
  -1.853000000e-01 9.510000000e-01 2.474000000e-01
 Node:         10
  0.1294E+03  0.1212E+03  0.4911E+03 -0.3663E-04
   0.0
   2.776E-17
   1.11E-16
  -1.388E-17
   1.249E-16
   1.11E-16
  2.363000000e-16
  2.303000000e-17
  -3.732000000e-17
  2.489920880e-16
  7.400333333e-17
  1.173759959e-16
  4.210000000e-02 7.100000000e-01 7.030000000e-01
  -7.813000000e-01 -4.152000000e-01 4.661000000e-01
  -6.228000000e-01 5.688000000e-01 -5.372000000e-01
 Node:         11
  0.1295E+03  0.1214E+03  0.5055E+03 -0.3663E-04
  -2.22E-16
  -2.776E-17
  -2.22E-16
  -4.163E-17
   1.388E-17
  -1.665E-16
  -1.365000000e-16
  -2.183000000e-16
  -2.558000000e-16
  1.056645163e-16
  -2.035333333e-16
  4.981073066e-17
  -4.935000000e-01 2.929000000e-01 8.189000000e-01
  3.541000000e-01 -7.924000000e-01 4.968000000e-01
  -7.944000000e-01 -5.351000000e-01 -2.873000000e-01
 Node:         12
  0.1295E+03  0.1217E+03  0.5196E+03 -0.3663E-04
   1.11E-16
   0.0
   1.11E-16
   7.633E-17
   2.776E-17
   2.22E-16
  2.649000000e-16
  1.110000000e-16
  6.816000000e-17
  1.792025435e-16
  1.480200000e-16
  8.447688915e-17
  -4.387000000e-01 -1.595000000e-01 -8.844000000e-01
  3.417000000e-01 -9.398000000e-01 -2.255000000e-17
  8.311000000e-01 3.022000000e-01 -4.668000000e-01
 Node:         13
  0.1361E+03  0.1199E+03  0.4914E+03 -0.3663E-04
   1.11E-16
  -1.388E-16
   0.0
  -9.714E-17
   2.776E-17
  -1.665E-16
  2.285000000e-16
  -8.520000000e-17
  -1.988000000e-16
  3.833392362e-16
  -1.850000000e-17
  1.807078489e-16
  8.171000000e-01 -5.252000000e-01 -2.378000000e-01
  4.648000000e-01 8.442000000e-01 -2.671000000e-01
  3.410000000e-01 1.077000000e-01 9.339000000e-01
 Node:         14
  0.1342E+03  0.1198E+03  0.5054E+03 -0.3663E-04
  -5.551E-17
   2.776E-17
   0.0
   5.551E-17
  -9.021E-17
   1.11E-16
  1.672000000e-16
  -4.940000000e-18
  -1.068000000e-16
  2.398787602e-16
  1.848666667e-17
  1.130799320e-16
  1.634000000e-01 -4.472000000e-01 8.794000000e-01
  -6.569000000e-01 -7.144000000e-01 -2.412000000e-01
  -7.361000000e-01 5.382000000e-01 4.105000000e-01
 Node:         15
  0.1330E+03  0.1205E+03  0.5193E+03 -0.3663E-04
   2.22E-16
  -8.327E-17
  -5.551E-17
   1.388E-17
   4.857E-17
   0.0
  2.451000000e-16
  2.471000000e-17
  -1.033000000e-16
  3.052383267e-16
  5.550333333e-17
  1.438907271e-16
  -9.638000000e-01 2.667000000e-01 -1.723000000e-03
  1.157000000e-01 4.239000000e-01 8.983000000e-01
  2.403000000e-01 8.656000000e-01 -4.394000000e-01
 Node:         16
  0.1404E+03  0.1188E+03  0.4918E+03 -0.3663E-04
   2.22E-16
   5.551E-17
   2.22E-16
  -8.327E-17
  -1.457E-16
   4.441E-16
  5.466000000e-16
  1.950000000e-16
  1.465000000e-16
  3.781896482e-16
  2.960333333e-16
  1.782803099e-16
  -2.927000000e-01 -4.328000000e-01 8.526000000e-01
  -9.222000000e-01 -1.077000000e-01 -3.713000000e-01
  -2.526000000e-01 8.950000000e-01 3.676000000e-01
 Node:         17
  0.1365E+03  0.1184E+03  0.5055E+03 -0.3663E-04
  -1.11E-16
   2.776E-17
  -1.11E-16
   9.714E-17
   1.7E-16
   0.0
  1.573000000e-16
  -1.341000000e-16
  -2.452000000e-16
  3.600440390e-16
  -7.400000000e-17
  1.697263877e-16
  3.368000000e-01 5.285000000e-01 7.792000000e-01
  8.927000000e-01 -4.425000000e-01 -8.566000000e-02
  -2.996000000e-01 -7.244000000e-01 6.209000000e-01
 Node:         18
  0.1341E+03  0.1191E+03  0.5192E+03 -0.3663E-04
   0.0
   0.0
   0.0
   2.645E-17
   1.065E-16
   4.441E-16
  4.697000000e-16
  -1.672000000e-33
  -2.562000000e-17
  4.830198634e-16
  1.480266667e-16
  2.276977472e-16
  -5.484000000e-02 -2.207000000e-01 -9.738000000e-01
  9.705000000e-01 -2.411000000e-01 -6.210000000e-17
  -2.348000000e-01 -9.451000000e-01 2.274000000e-01
 Node:         19
  0.1301E+03  0.1291E+03  0.4914E+03  0.0000E+00
   1.11E-16
   0.0
   1.11E-16
   2.101E-19
   1.001E-17
  -2.22E-16
  1.113000000e-16
  1.110000000e-16
  -2.223000000e-16
  3.334501012e-16
  0.000000000e+00
  1.571898852e-16
  -2.096000000e-02 -9.993000000e-01 -3.003000000e-02
  9.998000000e-01 -2.097000000e-02 1.345000000e-19
  6.298000000e-04 3.003000000e-02 -9.995000000e-01
 Node:         20
  0.1299E+03  0.1291E+03  0.5058E+03  0.0000E+00
   2.22E-16
   0.0
   0.0
   1.041E-17
   1.924E-17
  -5.551E-17
  2.224000000e-16
  5.975000000e-18
  -6.188000000e-17
  2.571567616e-16
  5.549833333e-17
  1.212248600e-16
  -9.993000000e-01 -3.257000000e-03 -3.765000000e-02
  1.428000000e-02 -9.549000000e-01 -2.965000000e-01
  -3.498000000e-02 -2.968000000e-01 9.543000000e-01
 Node:         21
  0.1301E+03  0.1280E+03  0.5197E+03  0.0000E+00
   1.11E-16
   0.0
   0.0
   4.163E-17
   1.475E-17
   1.11E-16
  1.534000000e-16
  7.089000000e-17
  -2.220000000e-18
  1.348528023e-16
  7.402333333e-17
  6.357022067e-17
  -6.994000000e-01 -6.840000000e-02 -7.114000000e-01
  -7.126000000e-01 1.429000000e-01 6.869000000e-01
  -5.465000000e-02 -9.874000000e-01 1.487000000e-01
 Node:         22
  0.1360E+03  0.1256E+03  0.4913E+03  0.0000E+00
  -2.22E-16
   1.388E-17
  -1.11E-16
  -1.388E-17
   1.006E-16
   1.11E-16
  1.500000000e-16
  -1.456000000e-16
  -2.264000000e-16
  3.432090908e-16
  -7.400000000e-17
  1.617903170e-16
  -2.144000000e-02 3.586000000e-01 9.332000000e-01
  2.280000000e-01 9.106000000e-01 -3.447000000e-01
  -9.734000000e-01 2.054000000e-01 -1.013000000e-01
 Node:         23
  0.1343E+03  0.1253E+03  0.5054E+03  0.0000E+00
   0.0
   2.082E-17
  -4.441E-16
   0.0
   1.314E-16
  -1.665E-16
  1.265000000e-18
  -1.147000000e-16
  -4.972000000e-16
  4.517861704e-16
  -2.035450000e-16
  2.129740431e-16
  9.970000000e-01 6.061000000e-02 4.746000000e-02
  6.644000000e-02 -3.661000000e-01 -9.282000000e-01
  3.888000000e-02 -9.286000000e-01 3.690000000e-01
 Node:         24
  0.1336E+03  0.1248E+03  0.5194E+03  0.0000E+00
  -2.22E-16
   1.214E-17
   0.0
   1.388E-17
   8.674E-19
  -1.665E-16
  6.779000000e-19
  -1.633000000e-16
  -2.259000000e-16
  2.026635839e-16
  -1.295073667e-16
  9.553652964e-17
  -5.504000000e-02 -9.984000000e-01 -9.747000000e-03
  2.257000000e-01 -2.195000000e-02 9.740000000e-01
  -9.726000000e-01 5.141000000e-02 2.265000000e-01
 Node:         25
  0.1400E+03  0.1206E+03  0.4917E+03  0.0000E+00
   0.0
   2.671E-16
  -1.11E-16
  -8.327E-17
  -1.301E-16
   2.22E-16
  3.681000000e-16
  7.580000000e-17
  -3.329000000e-16
  6.098671905e-16
  3.700000000e-17
  2.874941507e-16
  5.089000000e-01 4.781000000e-01 -7.159000000e-01
  6.086000000e-01 3.883000000e-01 6.920000000e-01
  6.088000000e-01 -7.878000000e-01 -9.334000000e-02
 Node:         26
  0.1363E+03  0.1200E+03  0.5055E+03  0.0000E+00
   2.22E-16
   1.076E-16
  -6.106E-16
   2.776E-17
  -1.124E-15
  -5.551E-17
  8.281000000e-16
  2.248000000e-16
  -1.497000000e-15
  2.089815320e-15
  -1.480333333e-16
  9.851483893e-16
  7.371000000e-02 6.174000000e-01 -7.832000000e-01
  9.955000000e-01 1.018000000e-03 9.449000000e-02
  -5.914000000e-02 7.866000000e-01 6.146000000e-01
 Node:         27
  0.1343E+03  0.1203E+03  0.5192E+03  0.0000E+00
   2.22E-16
  -1.943E-16
   2.22E-16
  -1.041E-16
   1.313E-15
   0.0
  1.466000000e-15
  1.875000000e-16
  -1.209000000e-15
  2.317369144e-15
  1.481666667e-16
  1.092418291e-15
  -1.693000000e-01 7.280000000e-01 6.643000000e-01
  9.848000000e-01 9.849000000e-02 1.431000000e-01
  3.876000000e-02 6.785000000e-01 -7.336000000e-01
 Node:         28
  0.1155E+03  0.1124E+03  0.4931E+03 -0.2164E-03
  -2.22E-16
   3.816E-17
   2.22E-16
  -5.551E-17
   5.551E-17
   1.11E-16
  2.455000000e-16
  1.014000000e-16
  -2.359000000e-16
  4.279497985e-16
  3.700000000e-17
  2.017374697e-16
  3.184000000e-02 9.284000000e-01 3.701000000e-01
  1.988000000e-01 3.571000000e-01 -9.127000000e-01
  9.795000000e-01 -1.026000000e-01 1.732000000e-01
 Node:         29
  0.1119E+03  0.1139E+03  0.5068E+03 -0.2164E-03
  -2.22E-16
  -2.082E-17
   0.0
   5.551E-17
   6.939E-18
  -3.331E-16
  1.944000000e-18
  -2.004000000e-16
  -3.566000000e-16
  3.113642034e-16
  -1.850186667e-16
  1.467784931e-16
  -9.118000000e-02 9.958000000e-01 5.517000000e-03
  -9.179000000e-01 -8.189000000e-02 -3.884000000e-01
  -3.863000000e-01 -4.048000000e-02 9.215000000e-01
 Node:         30
  0.1113E+03  0.1159E+03  0.5206E+03 -0.2164E-03
   2.22E-16
   1.249E-16
   2.22E-16
   0.0
  -2.776E-17
   1.11E-16
  3.486000000e-16
  1.238000000e-16
  8.277000000e-17
  2.478750591e-16
  1.850566667e-16
  1.168494234e-16
  -7.001000000e-01 -7.092000000e-01 8.287000000e-02
  -4.685000000e-01 3.686000000e-01 -8.029000000e-01
  -5.389000000e-01 6.009000000e-01 5.903000000e-01
 Node:         31
  0.1203E+03  0.1126E+03  0.4920E+03 -0.2164E-03
  -5.551E-17
   9.714E-17
  -1.11E-16
   2.776E-17
   4.163E-17
  -5.551E-17
  4.114000000e-17
  -7.661000000e-17
  -1.866000000e-16
  1.972667866e-16
  -7.402333333e-17
  9.299245501e-17
  -6.956000000e-01 -5.654000000e-01 -4.433000000e-01
  4.358000000e-01 1.585000000e-01 -8.860000000e-01
  5.712000000e-01 -8.095000000e-01 1.362000000e-01
 Node:         32
  0.1188E+03  0.1134E+03  0.5062E+03 -0.2164E-03
   2.22E-16
  -1.388E-17
  -1.11E-16
  -2.776E-17
   9.714E-17
  -5.551E-17
  2.266000000e-16
  1.331000000e-17
  -1.844000000e-16
  3.560216764e-16
  1.850333333e-17
  1.678302278e-16
  -9.894000000e-01 7.624000000e-02 1.236000000e-01
  1.445000000e-01 5.992000000e-01 7.875000000e-01
  1.402000000e-02 -7.970000000e-01 6.038000000e-01
 Node:         33
  0.1183E+03  0.1150E+03  0.5201E+03 -0.2164E-03
   1.11E-16
   5.551E-17
   0.0
   8.327E-17
   0.0
   0.0
  1.700000000e-16
  0.000000000e+00
  -5.893000000e-17
  2.058903711e-16
  3.702333333e-17
  9.705765171e-17
  -8.617000000e-01 -2.815000000e-01 -4.222000000e-01
  0.000000000e+00 -8.321000000e-01 5.547000000e-01
  -5.074000000e-01 4.780000000e-01 7.170000000e-01
 Node:         34
  0.1255E+03  0.1129E+03  0.4909E+03 -0.2164E-03
   0.0
   0.0
   0.0
   5.551E-17
   9.714E-17
   0.0
  1.119000000e-16
  3.387000000e-33
  -1.119000000e-16
  1.938164854e-16
  0.000000000e+00
  9.136596741e-17
  -3.508000000e-01 -6.139000000e-01 -7.071000000e-01
  8.682000000e-01 -4.961000000e-01 -4.855000000e-17
  -3.508000000e-01 -6.139000000e-01 7.071000000e-01
 Node:         35
  0.1260E+03  0.1135E+03  0.5054E+03 -0.2164E-03
   0.0
   1.11E-16
  -1.11E-16
   1.11E-16
   2.498E-16
  -1.11E-16
  2.410000000e-16
  -1.023000000e-16
  -3.608000000e-16
  5.228959648e-16
  -7.403333333e-17
  2.464955217e-16
  5.458000000e-01 5.925000000e-01 5.925000000e-01
  8.379000000e-01 -3.859000000e-01 -3.859000000e-01
  -4.975000000e-17 -7.071000000e-01 7.071000000e-01
 Node:         36
  0.1257E+03  0.1153E+03  0.5196E+03 -0.2164E-03
   0.0
  -5.551E-17
   0.0
  -5.551E-17
   8.327E-17
   0.0
  1.305000000e-16
  -4.723000000e-17
  -8.327000000e-17
  1.982226619e-16
  0.000000000e+00
  9.344305895e-17
  -5.155000000e-01 6.059000000e-01 6.059000000e-01
  8.569000000e-01 3.645000000e-01 3.645000000e-01
  -1.256000000e-16 7.071000000e-01 -7.071000000e-01
 Node:         37
  0.1132E+03  0.1210E+03  0.4959E+03 -0.2164E-03
  -2.22E-16
   1.388E-16
  -2.22E-16
  -8.327E-17
   1.804E-16
  -2.776E-16
  -4.482000000e-17
  -1.622000000e-16
  -5.146000000e-16
  4.234720019e-16
  -2.405400000e-16
  1.996266161e-16
  3.971000000e-01 7.887000000e-01 4.693000000e-01
  -7.874000000e-01 3.010000000e-02 6.157000000e-01
  4.715000000e-01 -6.140000000e-01 6.330000000e-01
 Node:         38
  0.1111E+03  0.1204E+03  0.5085E+03 -0.2164E-03
  -1.665E-16
   9.714E-17
   0.0
  -2.776E-17
  -8.327E-17
  -2.22E-16
  7.071000000e-17
  -2.091000000e-16
  -2.502000000e-16
  3.024616291e-16
  -1.295300000e-16
  1.425817793e-16
  -3.916000000e-01 -8.746000000e-01 2.859000000e-01
  9.154000000e-01 -3.389000000e-01 2.170000000e-01
  9.287000000e-02 -3.467000000e-01 -9.334000000e-01
 Node:         39
  0.1119E+03  0.1201E+03  0.5207E+03 -0.2164E-03
  -5.551E-17
  -9.714E-17
  -3.331E-16
  -8.327E-17
  -7.633E-17
  -1.11E-16
  8.934000000e-18
  -1.105000000e-16
  -3.981000000e-16
  3.623913061e-16
  -1.665553333e-16
  1.708329000e-16
  8.510000000e-01 -1.281000000e-01 -5.092000000e-01
  4.076000000e-01 -4.503000000e-01 7.944000000e-01
  -3.311000000e-01 -8.836000000e-01 -3.310000000e-01
 Node:         40
  0.1191E+03  0.1220E+03  0.4937E+03 -0.2164E-03
   0.0
   8.327E-17
  -2.22E-16
   8.327E-17
  -1.388E-17
  -2.22E-16
  4.872000000e-17
  -2.082000000e-16
  -2.846000000e-16
  3.024459198e-16
  -1.480266667e-16
  1.425743739e-16
  -9.240000000e-01 -2.703000000e-01 -2.703000000e-01
  0.000000000e+00 -7.071000000e-01 7.071000000e-01
  3.823000000e-01 -6.534000000e-01 -6.534000000e-01
 Node:         41
  0.1182E+03  0.1217E+03  0.5073E+03 -0.2164E-03
   0.0
  -2.776E-17
  -5.551E-17
   5.551E-17
   9.714E-17
   1.11E-16
  1.653000000e-16
  1.073000000e-17
  -1.206000000e-16
  2.478691830e-16
  1.847666667e-17
  1.168466534e-16
  2.406000000e-01 3.653000000e-01 8.993000000e-01
  -8.901000000e-01 4.526000000e-01 5.428000000e-02
  -3.871000000e-01 -8.135000000e-01 4.340000000e-01
 Node:         42
  0.1187E+03  0.1212E+03  0.5204E+03 -0.2164E-03
   0.0
  -5.551E-17
  -1.11E-16
   0.0
   5.551E-17
   1.11E-16
  1.256000000e-16
  1.887000000e-17
  -1.444000000e-16
  2.355296009e-16
  2.333333333e-20
  1.110297186e-16
  1.113000000e-01 -2.517000000e-01 -9.614000000e-01
  9.295000000e-01 -3.159000000e-01 1.903000000e-01
  -3.516000000e-01 -9.148000000e-01 1.988000000e-01
 Node:         43
  0.1258E+03  0.1217E+03  0.4915E+03 -0.2164E-03
   2.22E-16
   1.11E-16
   1.11E-16
  -1.388E-17
   0.0
  -5.551E-17
  2.911000000e-16
  4.294000000e-17
  -5.645000000e-17
  3.100425456e-16
  9.253000000e-17
  1.461554576e-16
  -8.507000000e-01 -5.246000000e-01 3.406000000e-02
  -5.213000000e-01 8.502000000e-01 7.348000000e-02
  6.751000000e-02 -4.475000000e-02 9.967000000e-01
 Node:         44
  0.1259E+03  0.1220E+03  0.5059E+03 -0.2164E-03
  -2.22E-16
   1.388E-16
  -2.22E-16
   9.714E-17
   1.11E-16
  -1.11E-16
  5.081000000e-17
  -2.445000000e-16
  -3.614000000e-16
  3.679610647e-16
  -1.850300000e-16
  1.734585094e-16
  -5.113000000e-01 -5.340000000e-01 -6.733000000e-01
  -5.198000000e-01 -4.318000000e-01 7.372000000e-01
  -6.844000000e-01 7.269000000e-01 -5.679000000e-02
 Node:         45
  0.1261E+03  0.1221E+03  0.5198E+03 -0.2164E-03
  -5.551E-17
  -8.327E-17
  -2.776E-16
   2.776E-17
  -6.939E-18
   1.11E-16
  1.167000000e-16
  -3.339000000e-17
  -3.053000000e-16
  3.705037491e-16
  -7.399666667e-17
  1.746571423e-16
  1.854000000e-01 -5.643000000e-02 9.810000000e-01
  9.302000000e-01 -3.117000000e-01 -1.938000000e-01
  -3.167000000e-01 -9.485000000e-01 5.308000000e-03
 Node:         46
  0.1117E+03  0.1296E+03  0.4959E+03  0.0000E+00
  -5.551E-17
   2.776E-17
  -1.665E-16
   6.939E-18
  -2.602E-17
   0.0
  4.101000000e-18
  -4.897000000e-17
  -1.772000000e-16
  1.614458370e-16
  -7.402300000e-17
  7.610629740e-17
  4.856000000e-02 -1.429000000e-01 9.886000000e-01
  9.724000000e-01 2.327000000e-01 -1.414000000e-02
  -2.280000000e-01 9.620000000e-01 1.502000000e-01
 Node:         47
  0.1107E+03  0.1269E+03  0.5087E+03  0.0000E+00
  -1.665E-16
  -3.123E-17
   1.11E-16
  -2.776E-17
   3.99E-17
   0.0
  1.289000000e-16
  -1.114000000e-17
  -1.732000000e-16
  2.618578385e-16
  -1.848000000e-17
  1.234409689e-16
  -1.292000000e-01 9.390000000e-01 3.186000000e-01
  -1.008000000e-01 -3.321000000e-01 9.379000000e-01
  -9.865000000e-01 -8.906000000e-02 -1.376000000e-01
 Node:         48
  0.1125E+03  0.1242E+03  0.5208E+03  0.0000E+00
   1.11E-16
   3.469E-18
   1.11E-16
   0.0
  -1.735E-18
   1.11E-16
  1.149000000e-16
  1.110000000e-16
  1.071000000e-16
  6.754998150e-18
  1.110000000e-16
  3.184336666e-18
  -6.325000000e-01 -7.071000000e-01 3.162000000e-01
  4.472000000e-01 -4.455000000e-15 8.944000000e-01
  -6.325000000e-01 7.071000000e-01 3.162000000e-01
 Node:         49
  0.1186E+03  0.1311E+03  0.4938E+03  0.0000E+00
  -1.665E-16
  -2.082E-17
   0.0
  -4.163E-17
  -6.072E-18
  -5.551E-17
  2.581000000e-18
  -4.165000000e-17
  -1.830000000e-16
  1.678935845e-16
  -7.402300000e-17
  7.914579474e-17
  1.174000000e-01 -9.929000000e-01 1.965000000e-02
  -3.135000000e-01 -1.827000000e-02 9.494000000e-01
  -9.423000000e-01 -1.176000000e-01 -3.134000000e-01
 Node:         50
  0.1180E+03  0.1298E+03  0.5075E+03  0.0000E+00
   0.0
  -1.301E-17
   3.331E-16
  -4.163E-17
   1.247E-17
   2.22E-16
  3.354000000e-16
  2.276000000e-16
  -7.879000000e-18
  3.040655121e-16
  1.850403333e-16
  1.433378570e-16
  5.441000000e-02 -9.902000000e-01 -1.289000000e-01
  -1.707000000e-01 -1.364000000e-01 9.758000000e-01
  9.838000000e-01 3.109000000e-02 1.765000000e-01
 Node:         51
  0.1192E+03  0.1275E+03  0.5206E+03  0.0000E+00
   0.0
  -3.469E-18
  -5.551E-17
   0.0
   1.475E-17
   1.11E-16
  1.123000000e-16
  2.087000000e-19
  -5.702000000e-17
  1.491791642e-16
  1.849623333e-17
  7.032373239e-17
  -2.705000000e-03 8.758000000e-02 9.962000000e-01
  9.982000000e-01 -6.004000000e-02 7.989000000e-03
  -6.051000000e-02 -9.943000000e-01 8.725000000e-02
 Node:         52
  0.1262E+03  0.1305E+03  0.4920E+03  0.0000E+00
   1.11E-16
  -1.388E-17
   1.11E-16
   1.301E-18
   4.906E-18
   0.0
  1.250000000e-16
  9.734000000e-17
  -2.497000000e-19
  1.139655924e-16
  7.403010000e-17
  5.372389547e-17
  -7.047000000e-01 7.092000000e-01 2.051000000e-02
  7.093000000e-01 7.034000000e-01 4.493000000e-02
  -1.744000000e-02 -4.621000000e-02 9.988000000e-01
 Node:         53
  0.1258E+03  0.1304E+03  0.5063E+03  0.0000E+00
  -1.665E-16
  -1.735E-18
  -1.11E-16
   2.776E-17
   3.383E-17
  -2.22E-16
  -1.010000000e-16
  -1.572000000e-16
  -2.414000000e-16
  1.223933005e-16
  -1.665333333e-16
  5.769675516e-17
  9.684000000e-02 9.526000000e-01 2.883000000e-01
  -9.346000000e-01 1.866000000e-01 -3.027000000e-01
  -3.422000000e-01 -2.402000000e-01 9.084000000e-01
 Node:         54
  0.1265E+03  0.1288E+03  0.5200E+03  0.0000E+00
  -2.22E-16
   2.082E-17
   1.11E-16
   0.0
  -4.337E-18
   1.11E-16
  1.160000000e-16
  1.073000000e-16
  -2.233000000e-16
  3.350347295e-16
  0.000000000e+00
  1.579368861e-16
  -4.656000000e-02 -7.562000000e-01 6.527000000e-01
  -4.117000000e-02 -6.514000000e-01 -7.576000000e-01
  -9.981000000e-01 6.215000000e-02 8.061000000e-04
 Node:         55
  0.1381E+03  0.1167E+03  0.4528E+03  0.5075E-02
   0.007051
  -0.004433
   0.001431
  -0.001513
   0.006523
  -0.01552
  -2.639180467e-03
  -6.195207537e-03
  -9.433228238e-03
  6.081217079e-03
  -6.089205414e-03
  2.866713223e-03
  1.845486730e-01 3.479067941e-01 1.779548832e-01
  5.349158386e-01 6.588662633e-01 -5.209766454e-03
  -1.577332909e-01 -2.190175584e-01 6.300982059e-01
 Node:         56
  0.1314E+03  0.1156E+03  0.4684E+03  0.5075E-02
   0.01097
  -0.005826
   0.001793
  -0.004875
   0.003662
  -0.007223
  1.308601911e-02
  -2.725458068e-03
  2.500781316e-03
  9.312010048e-03
  4.287114119e-03
  4.389723634e-03
  -3.011020138e-01 -1.395809979e-01 5.853983015e-02
  5.510811040e-01 6.116022866e-01 4.067345435e-01
  1.203074522e-01 -1.127837792e-01 6.382022293e-01
 Node:         57
  0.1285E+03  0.1140E+03  0.4823E+03  0.5075E-02
   0.003338
  -0.002358
   0.001575
  -0.001468
   0.001024
  -3.994E-6
  6.475548514e-03
  6.931896921e-05
  3.604974522e-03
  2.876546403e-03
  3.383280668e-03
  1.356016979e-03
  -5.912300425e-01 2.581133758e-01 2.821210297e-01
  4.489486200e-01 6.247838217e-01 1.320609023e-01
  1.747062633e-01 -3.666398089e-02 7.961889597e-01
 Node:         58
  0.1478E+03  0.1175E+03  0.4533E+03  0.5075E-02
   0.006101
  -0.004441
   0.004651
  -7.418E-4
   0.004385
  -0.0287
  -1.209390870e-02
  7.396941614e-04
  -2.134954883e-02
  9.192107670e-03
  -1.090125446e-02
  4.333201111e-03
  2.611981953e-01 -1.544101911e-01 -2.453097665e-02
  6.270981592e-01 5.335778132e-01 1.595859979e-01
  -2.010440382e-01 -1.304312951e-01 7.367934926e-01
 Node:         59
  0.1416E+03  0.1165E+03  0.4692E+03  0.5075E-02
   0.01582
  -0.008498
   0.004505
  -0.009457
   0.00726
  -0.007438
  1.454131104e-02
  3.655829461e-03
  -9.886390658e-04
  1.370721232e-02
  5.736167145e-03
  6.461641855e-03
  -5.243623142e-01 4.474977707e-01 1.961876221e-01
  5.225112527e-01 6.586773822e-01 1.919607410e-01
  -3.764203822e-02 -2.522593631e-01 8.512022760e-01
 Node:         60
  0.1375E+03  0.1150E+03  0.4832E+03  0.5075E-02
   0.006365
  -0.004367
   0.002988
  -0.004533
   0.002991
   0.001708
  1.324520170e-02
  5.423900170e-04
  1.441169108e-03
  1.180060817e-02
  5.076253608e-03
  5.562860041e-03
  -5.858142251e-01 5.456708068e-01 3.209064671e-01
  2.317368365e-01 4.832797240e-01 -2.579484798e-01
  -4.171634820e-02 -9.732596921e-02 4.001209342e-01
 Node:         61
  0.1549E+03  0.1216E+03  0.4539E+03  0.5075E-02
   0.01269
  -0.003936
  -0.003978
   0.003481
  -0.006234
  -0.01219
  -2.656816348e-03
  8.732671656e-03
  1.075021231e-03
  -4.469874209e-03
  2.383625513e-03
  -2.107118910e-03
  -1.706726115e-01 1.656033970e-01 1.565037155e-02
  5.085587049e-01 8.052664544e-01 -3.071761571e-01
  2.766337580e-02 2.502752240e-01 9.705661359e-01
 Node:         62
  0.1489E+03  0.1199E+03  0.4700E+03  0.5075E-02
   0.01967
  -0.0141
   0.00419
  -0.009191
   0.004352
   0.009022
  2.067549894e-02
  1.249246348e-02
  1.305450212e-02
  7.755193215e-03
  1.540748818e-02
  3.655833141e-03
  -7.449963907e-01 5.971693206e-01 3.272593949e-01
  1.837459660e-01 1.046487261e-01 9.709518437e-02
  1.077318471e-01 8.942233546e-03 4.894545011e-01
 Node:         63
  0.1436E+03  0.1181E+03  0.4839E+03  0.5075E-02
   0.004938
  -0.007166
   0.007703
  -0.003685
   0.005156
   0.003628
  1.549324947e-02
  1.469755881e-03
  1.190469851e-03
  1.406001190e-02
  6.051158401e-03
  6.627953170e-03
  -6.932868365e-01 8.597475584e-01 2.932100085e-01
  -2.450115711e-01 1.671576645e-01 -6.169205520e-01
  -4.511739703e-01 -5.288210828e-01 -1.905937367e-01
 Node:         64
  0.1411E+03  0.1253E+03  0.4527E+03  0.5075E-02
  -0.01015
  -0.006436
   0.01232
  -1.705E-4
   3.802E-4
  -0.01013
  4.470147558e-03
  -1.128840074e-02
  -2.135330149e-03
  9.237976951e-03
  -2.984527778e-03
  4.354824098e-03
  -7.756123142e-02 4.711683652e-01 1.626395329e-02
  -6.806613588e-02 -3.847846072e-02 3.198617834e-01
  2.605245223e-01 1.499346008e-01 4.712845011e-03
 Node:         65
  0.1339E+03  0.1229E+03  0.4684E+03  0.5075E-02
   0.003395
  -0.01021
   0.008086
  -0.00287
   0.001002
  -0.006246
  1.010118790e-02
  -2.957102972e-03
  -1.538604034e-03
  1.174417397e-02
  1.868493631e-03
  5.536256703e-03
  4.549289384e-01 -9.503807856e-01 -1.091202760e-01
  -2.919921019e-01 -2.482304246e-01 4.318114650e-01
  -3.303127389e-01 -1.609868365e-02 -1.595530361e-01
 Node:         66
  0.1299E+03  0.1214E+03  0.4825E+03  0.5075E-02
   0.003436
  -0.003209
   0.00265
  -0.001342
   0.001033
  -1.284E-4
  6.505375796e-03
  6.958884289e-05
  -1.261104034e-05
  6.435894983e-03
  2.187451200e-03
  3.033909990e-03
  -5.892629830e-01 2.545390658e-01 2.479573779e-01
  6.617731423e-01 6.670547771e-01 5.360509554e-03
  4.947030786e-01 1.028469214e-02 7.480648620e-01
 Node:         67
  0.1496E+03  0.1241E+03  0.4533E+03  0.5075E-02
  -0.005211
  -0.004953
   0.01146
  -9.259E-5
   0.001306
  -0.02586
  2.778363057e-03
  -9.956918259e-03
  -2.090825372e-02
  2.059735642e-02
  -9.362269639e-03
  9.709686931e-03
  -2.415845011e-01 1.041907113e+00 1.149217304e-01
  8.275199363e-01 2.004935244e-01 5.836306794e-02
  -1.449740517e-01 -4.332054883e-02 5.391790870e-01
 Node:         68
  0.1430E+03  0.1222E+03  0.4692E+03  0.5075E-02
   0.01357
  -0.01066
   0.009861
  -0.007554
   0.003157
  -0.01386
  1.497305732e-02
  2.518741953e-03
  -1.139421656e-02
  2.242026769e-02
  2.032527573e-03
  1.056901555e-02
  -3.624050955e-01 5.444777070e-02 6.449883227e-02
  3.551510350e-01 4.746324841e-01 8.326305732e-02
  -1.268786624e-01 -9.736658450e-02 5.951313376e-01
 Node:         69
  0.1379E+03  0.1205E+03  0.4831E+03  0.5075E-02
   0.006918
  -0.004532
   0.003307
  -0.003614
   0.002154
   4.823E-5
  9.948365180e-03
  5.996409660e-04
  -1.015172293e-03
  1.023874287e-02
  3.177611285e-03
  4.826589675e-03
  -6.801904459e-01 6.188546709e-01 2.767728715e-01
  5.228155170e-01 7.631559448e-01 -3.947520170e-02
  4.207911890e-01 -3.067659236e-02 6.829606582e-01
 Node:         70
  0.1551E+03  0.1236E+03  0.4539E+03  0.5075E-02
  -7.883E-4
  -0.006472
   0.007439
  -0.003814
   0.002922
  -0.0339
  8.670934183e-04
  -4.903600752e-03
  -3.160160828e-02
  2.929018801e-02
  -1.187937187e-02
  1.380752704e-02
  -6.650488323e-02 2.554511677e-02 3.529293100e-01
  1.724969533e-01 -6.183545648e-02 3.652559448e-02
  2.318382590e-01 6.224274947e-02 4.887960722e-01
 Node:         71
  0.1491E+03  0.1219E+03  0.4700E+03  0.5075E-02
   0.02152
  -0.009245
   0.007977
  -0.01425
   0.005615
  -0.01195
  2.021735138e-02
  6.340434076e-03
  -1.314976115e-02
  2.824928676e-02
  4.469341437e-03
  1.331684149e-02
  -7.596291932e-01 4.874995754e-01 3.580664544e-01
  2.092882909e-01 1.702708068e-01 4.521872611e-02
  3.804640127e-01 -1.664150743e-03 7.438575372e-01
 Node:         72
  0.1435E+03  0.1199E+03  0.4838E+03  0.5075E-02
   0.01059
  -0.004692
   0.002667
  -0.006177
   0.002765
   0.001166
  1.340761465e-02
  9.638515924e-04
  -1.121411890e-03
  1.360474732e-02
  4.416684784e-03
  6.413339389e-03
  -7.586135881e-01 4.812181529e-01 3.726471338e-01
  3.852338301e-01 7.672989384e-01 7.693058705e-02
  2.483767516e-01 -1.458275372e-02 2.848632484e-01
 Node:         73
  0.1441E+03  0.1339E+03  0.4525E+03  0.0000E+00
   0.01194
   1.835E-4
  -0.00925
  -0.002454
   0.001829
   9.075E-4
  7.738485138e-03
  -4.585702484e-03
  -1.370910828e-03
  6.779754592e-03
  5.939572753e-04
  3.196006965e-03
  -5.387248408e-01 -1.576857431e-02 2.425312951e-01
  -3.880805839e-01 -1.327170382e-02 1.448510616e-01
  -3.804196815e-02 1.345898089e-01 -8.422252229e-02
 Node:         74
  0.1364E+03  0.1303E+03  0.4684E+03  0.0000E+00
   0.02088
   0.007697
  -0.001064
   0.001759
   0.003145
   0.005403
  1.902476645e-02
  1.057953291e-03
  4.234309979e-04
  1.644199317e-02
  6.835383581e-03
  7.750829910e-03
  -4.975044586e-01 -3.113376221e-01 -5.071486200e-02
  -2.136756476e-01 1.177939809e-01 1.071141826e+00
  -2.702363715e-01 5.047645435e-01 -2.509517516e-01
 Node:         75
  0.1313E+03  0.1288E+03  0.4826E+03  0.0000E+00
   0.009501
   0.003191
   6.651E-4
   9.32E-4
   4.827E-4
   7.742E-4
  9.286033970e-03
  3.994968153e-04
  3.712177282e-04
  8.813564783e-03
  3.352249505e-03
  4.154754283e-03
  -9.413518047e-01 -1.725406794e-01 -1.433111253e-02
  -8.374451592e-02 6.805484076e-03 9.611014862e-01
  -1.372381316e-01 1.031370488e+00 -2.537866242e-02
 Node:         76
  0.1514E+03  0.1308E+03  0.4532E+03  0.0000E+00
   0.009092
  -9.609E-4
  -0.00887
  -0.002681
   3.176E-5
  -0.00265
  3.390520170e-04
  -9.129667282e-03
  3.732175159e-03
  -2.870112838e-03
  -1.686146702e-03
  -1.352984167e-03
  -6.328857006e-01 5.953444798e-02 3.836047771e-01
  3.568547771e-01 -6.485173036e-02 6.455080679e-01
  -7.980955414e-03 -5.565592357e-01 -4.277732484e-02
 Node:         77
  0.1444E+03  0.1280E+03  0.4691E+03  0.0000E+00
   0.02492
   0.0072
  -0.001114
   0.002263
   0.00129
   0.001985
  1.834621550e-02
  -3.413919321e-03
  4.201307856e-03
  1.489637151e-02
  6.377868011e-03
  7.022216873e-03
  -9.650630573e-01 -1.692700255e-01 -1.568943843e-02
  -4.054635881e-02 1.311092781e-01 9.765836518e-01
  -1.978827834e-01 5.607799363e-01 -9.505456476e-02
 Node:         78
  0.1384E+03  0.1261E+03  0.4830E+03  0.0000E+00
   0.011
   0.003876
   7.616E-4
   0.001331
   5.863E-4
   5.408E-4
  8.886219745e-03
  2.044909766e-04
  -8.471326964e-05
  8.819491697e-03
  3.001999151e-03
  4.157548257e-03
  -9.504846072e-01 -2.358505180e-01 -3.244008917e-02
  -6.631393524e-02 7.664936306e-03 1.063768896e+00
  -2.592047749e-01 4.405670913e-01 -2.331109130e-01
 Node:         79
  0.1554E+03  0.1257E+03  0.4538E+03  0.0000E+00
   0.004576
  -0.002162
  -0.03099
  -0.007072
   4.989E-4
  -0.002351
  -4.458510616e-03
  -1.110733758e-02
  1.180425690e-02
  -1.547348800e-02
  -1.253863765e-03
  -7.294272197e-03
  8.420410828e-01 9.227472399e-02 -3.419374926e-01
  -1.678851380e-02 1.574921773e-01 5.269615817e-01
  -7.229386837e-02 -6.406423662e-01 7.281149575e-02
 Node:         80
  0.1492E+03  0.1238E+03  0.4700E+03  0.0000E+00
   0.0297
   0.001795
  -0.01926
   0.004441
   0.002121
   0.002323
  1.843028662e-02
  -2.064800637e-03
  1.745593524e-02
  1.382133250e-03
  1.127380708e-02
  6.515438626e-04
  -7.733363057e-01 2.922548832e-02 -1.241390658e-01
  -2.055624204e-01 3.104352017e-01 7.461626741e-01
  1.941907856e-02 -7.513063620e-01 3.383698938e-01
 Node:         81
  0.1433E+03  0.1217E+03  0.4837E+03  0.0000E+00
   0.01299
   0.002869
  -0.001621
   0.004483
   0.001301
   0.001797
  1.156938217e-02
  1.382434076e-04
  2.609488323e-03
  9.429367229e-03
  4.772371299e-03
  4.445046340e-03
  -9.393878981e-01 -1.926669851e-01 -2.183980488e-01
  -3.179830149e-01 3.206857749e-01 7.720474919e-01
  1.289089278e-01 -7.998853981e-01 3.654105096e-01
 Node:         82
  0.1267E+03  0.1148E+03  0.4558E+03  0.8380E-02
   0.008421
  -0.005265
  -0.002745
  -0.002079
  -5.991E-4
  -0.003275
  7.138507431e-03
  -2.871155520e-03
  -1.020709130e-03
  8.310083800e-03
  1.082214260e-03
  3.917411072e-03
  -7.514790913e-01 4.756200637e-01 1.848949045e-01
  -9.070097665e-02 -2.436949469e-01 4.660211253e-01
  4.350894904e-01 4.633144374e-01 3.910335456e-01
 Node:         83
  0.1234E+03  0.1129E+03  0.4717E+03  0.8380E-02
   0.003394
  -0.004128
  -0.002211
  -0.004696
   2.871E-4
   0.001794
  8.339032059e-03
  -5.531817410e-04
  4.006989384e-03
  3.321059788e-03
  3.930946568e-03
  1.565562598e-03
  -5.164816985e-01 5.237179406e-01 4.783144268e-01
  3.475424628e-02 -2.761661783e-01 3.163301486e-01
  3.269129512e-01 5.544279512e-01 3.042657113e-01
 Node:         84
  0.1187E+03  0.1123E+03  0.4849E+03  0.8380E-02
   3.637E-4
  -4.011E-4
  -2.15E-4
  -0.001366
   6.818E-5
   0.002102
  3.248793461e-03
  -9.621425902e-05
  4.008669851e-03
  -1.013850861e-03
  2.387083018e-03
  -4.779338794e-04
  -5.037540340e-01 7.761148620e-02 5.522641189e-01
  -1.026857749e-03 2.389868365e-01 4.536518047e-03
  -1.287266454e-01 -1.999591932e-01 -3.141937367e-01
 Node:         85
  0.1302E+03  0.1161E+03  0.4546E+03  0.8380E-02
   0.00957
  -0.005955
  -0.002594
  -0.002011
  -0.001135
  -0.006244
  6.574191083e-03
  -3.983690764e-03
  -3.451936306e-03
  9.839193493e-03
  -2.871453291e-04
  4.638240294e-03
  -7.405394055e-01 5.048057325e-01 2.153709342e-01
  2.367928875e-01 5.908512314e-01 -2.948873673e-01
  4.031220807e-02 2.630786624e-01 6.672390658e-01
 Node:         86
  0.1252E+03  0.1138E+03  0.4700E+03  0.8380E-02
  -0.003569
  -0.004439
   0.00763
  -0.01009
   9.126E-4
  -2.498E-4
  1.177375796e-03
  2.488395924e-03
  -2.542708068e-03
  3.952648099e-03
  3.743545506e-04
  1.863296183e-03
  -1.029672930e-01 -1.285453291e-01 -3.162993631e-02
  -9.626507431e-02 -5.970106157e-02 1.127998938e-01
  7.503231423e-01 1.066978811e-01 2.959510616e-01
 Node:         87
  0.1217E+03  0.1126E+03  0.4833E+03  0.8380E-02
   0.001152
  -3.233E-4
  -1.637E-4
  -0.002128
   2.799E-4
   0.002353
  4.402766879e-03
  -3.575483811e-04
  4.707169002e-03
  -2.961893746e-04
  2.917462500e-03
  -1.396250102e-04
  -5.444256900e-01 2.527532696e-01 4.702252102e-01
  2.839752654e-01 -5.351374735e-01 3.190664544e-01
  7.112846072e-01 2.222376115e-01 2.102450106e-01
 Node:         88
  0.1338E+03  0.1169E+03  0.4530E+03  0.8380E-02
   0.00539
  -0.005932
  -1.825E-4
  -0.002032
   0.0014
  -0.003067
  -2.692717622e-04
  -3.447996921e-03
  4.000166667e-03
  -2.203657847e-03
  9.429932767e-05
  -1.038814271e-03
  -6.171680212e-01 5.835201699e-01 3.483681529e-01
  1.153732484e-01 3.354656210e-01 -2.822581741e-01
  1.657638004e-01 -8.855477707e-02 4.089976645e-01
 Node:         89
  0.1270E+03  0.1150E+03  0.4683E+03  0.8380E-02
   0.008931
  -0.005194
  -3.392E-4
  -0.005264
   4.982E-4
   3.848E-4
  1.340484395e-02
  -1.678602972e-04
  7.427016985e-03
  5.800229647e-03
  6.888000212e-03
  2.734254477e-03
  -6.487865924e-01 4.212216561e-01 3.282917197e-01
  5.897276008e-02 -4.627785563e-01 5.918243100e-01
  1.651794055e-01 4.517944501e-01 4.699068153e-01
 Node:         90
  0.1248E+03  0.1132E+03  0.4822E+03  0.8380E-02
   0.002458
  -0.001738
   8.548E-4
  -0.001341
   7.157E-4
   6.348E-4
  5.120497877e-03
  1.354341401e-04
  4.023788535e-03
  9.972737359e-04
  3.093240184e-03
  4.701193476e-04
  -5.159371656e-01 3.565119958e-01 3.509728132e-01
  2.150649575e-01 -3.691052654e-01 9.471944798e-01
  2.526555202e-01 5.987639066e-01 3.764069002e-01
 Node:         91
  0.1258E+03  0.1260E+03  0.4547E+03  0.8380E-02
  -0.01105
  -0.009637
   0.008874
  -0.00361
   1.92E-4
  -0.003941
  3.183023355e-03
  -2.934721868e-03
  -1.254287049e-02
  1.325042025e-02
  -4.098189667e-03
  6.246308010e-03
  -2.519331316e-01 1.057104034e-01 -8.297381104e-02
  -2.656005308e-01 -2.439378981e-01 1.049938960e+00
  -7.361403397e-01 -6.417685775e-02 -2.190622081e-01
 Node:         92
  0.1208E+03  0.1232E+03  0.4725E+03  0.8380E-02
   0.003628
  -0.006657
  -9.046E-4
  -0.005627
  -2.454E-4
  -6.446E-4
  5.163095541e-03
  -1.024967516e-03
  -3.330548832e-03
  7.482336918e-03
  2.691930644e-04
  3.527207449e-03
  -6.485601603e-01 4.282442675e-01 3.485202760e-01
  4.195375796e-03 -5.418683652e-01 6.635490446e-01
  4.594800425e-01 4.892172637e-01 4.269034183e-01
 Node:         93
  0.1159E+03  0.1217E+03  0.4876E+03  0.8380E-02
   0.002114
   1.0E-4
  -5.037E-4
  -0.002744
  -0.001167
   0.001828
  5.259485138e-03
  1.648255626e-04
  -3.458408705e-04
  5.143247255e-03
  1.692823277e-03
  2.424550008e-03
  -5.618446752e-01 6.359314225e-02 7.258171975e-01
  1.867183121e-01 -4.403049894e-01 1.052130573e-01
  -3.349956476e-01 -4.415944798e-01 -2.188669851e-01
 Node:         94
  0.1312E+03  0.1262E+03  0.4538E+03  0.8380E-02
  -0.01415
  -0.009527
   0.01074
  -0.002324
  -7.395E-4
  -0.006656
  3.406474522e-03
  -1.043503567e-02
  -1.337562208e-02
  1.499182344e-02
  -6.801394409e-03
  7.067213345e-03
  -1.916990711e-01 7.961582803e-01 6.588309448e-02
  -1.334249469e-01 -5.153013800e-02 7.521525478e-01
  -6.808123142e-01 -2.657799278e-01 -1.546439490e-01
 Node:         95
  0.1249E+03  0.1234E+03  0.4705E+03  0.8380E-02
   0.007209
  -0.005989
   0.002913
  -0.006321
   2.141E-4
  -0.006791
  7.686141189e-03
  -3.592511890e-03
  -3.398739915e-03
