 Group name: predicted_strain_L1A2
 #Fields=  16
 1) coordinates, coordinate, rectangular cartesian, #Components=3
   x.  Value index= 1, #Derivatives=0
   y.  Value index= 2, #Derivatives=0
   z.  Value index= 3, #Derivatives=0
 2) Tensor_1, field, rectangular cartesian, #Components=1
   Tensor_1.  Value index= 4, #Derivatives=0
 3) Tensor_2, field, rectangular cartesian, #Components=1
   Tensor_2.  Value index= 5, #Derivatives=0
 4) Tensor_3, field, rectangular cartesian, #Components=1
   Tensor_3.  Value index= 6, #Derivatives=0
 5) Tensor_4, field, rectangular cartesian, #Components=1
   Tensor_4.  Value index= 7, #Derivatives=0
 6) Tensor_5, field, rectangular cartesian, #Components=1
   Tensor_5.  Value index= 8, #Derivatives=0
 7) Tensor_6, field, rectangular cartesian, #Components=1
   Tensor_6.  Value index= 9, #Derivatives=0
 8) Principal_1, field, rectangular cartesian, #Components=1
   Principal_1.  Value index= 10, #Derivatives=0
 9) Principal_2, field, rectangular cartesian, #Components=1
   Principal_2.  Value index= 11, #Derivatives=0
 10) Principal_3, field, rectangular cartesian, #Components=1
   Principal_3.  Value index= 12, #Derivatives=0
 11) VonMises, field, rectangular cartesian, #Components=1
   VonMises.  Value index= 13, #Derivatives=0
 12) Hydrostatic, field, rectangular cartesian, #Components=1
   VonMises.  Value index= 14, #Derivatives=0
 13) Octahedral, field, rectangular cartesian, #Components=1
   VonMises.  Value index= 15, #Derivatives=0
 14) PrincipalVector1, field, rectangular cartesian, #Components=3
   x.  Value index= 16, #Derivatives=0
   y.  Value index= 17, #Derivatives=0
   z.  Value index= 18, #Derivatives=0
 15) PrincipalVector2, field, rectangular cartesian, #Components=3
   x.  Value index= 19, #Derivatives=0
   y.  Value index= 20, #Derivatives=0
   z.  Value index= 21, #Derivatives=0
 16) PrincipalVector3, field, rectangular cartesian, #Components=3
   x.  Value index= 22, #Derivatives=0
   y.  Value index= 23, #Derivatives=0
   z.  Value index= 24, #Derivatives=0
 Node:          1
  0.1287E+03  0.1133E+03  0.4908E+03 -0.2751E-08
  -1.11E-16
  -8.327E-17
  -2.22E-16
  -2.776E-17
  -4.163E-17
  -3.331E-16
  -6.637000000e-17
  -2.400000000e-16
  -3.598000000e-16
  2.555392160e-16
  -2.220566667e-16
  1.204623416e-16
  8.837000000e-01 -4.676000000e-01 -1.897000000e-02
  4.046000000e-01 7.837000000e-01 -4.712000000e-01
  2.352000000e-01 4.088000000e-01 8.818000000e-01
 Node:          2
  0.1292E+03  0.1137E+03  0.5052E+03 -0.2751E-08
  -5.551E-17
  -1.11E-16
  -1.665E-16
  -5.551E-17
   1.943E-16
  -2.776E-16
  8.603000000e-17
  -1.600000000e-16
  -4.256000000e-16
  4.431926093e-16
  -1.665233333e-16
  2.089229996e-16
  -6.554000000e-01 6.199000000e-01 4.313000000e-01
  7.522000000e-01 4.849000000e-01 4.462000000e-01
  -6.744000000e-02 -6.169000000e-01 7.841000000e-01
 Node:          3
  0.1289E+03  0.1155E+03  0.5194E+03 -0.2751E-08
   2.22E-16
   1.388E-16
   3.331E-16
   1.11E-16
   5.551E-17
   2.22E-16
  4.753000000e-16
  2.118000000e-16
  9.006000000e-17
  3.410738448e-16
  2.590533333e-16
  1.607837524e-16
  -5.696000000e-01 -7.144000000e-01 -4.063000000e-01
  2.395000000e-01 -6.172000000e-01 7.494000000e-01
  -7.862000000e-01 3.296000000e-01 5.227000000e-01
 Node:          4
  0.1361E+03  0.1141E+03  0.4915E+03 -0.2751E-08
   0.0
  -2.776E-17
  -1.11E-16
  -2.776E-17
  -8.327E-17
   2.22E-16
  2.435000000e-16
  6.328000000e-18
  -1.388000000e-16
  3.342648530e-16
  3.700933333e-17
  1.575739629e-16
  -8.549000000e-02 -2.215000000e-01 9.714000000e-01
  9.681000000e-01 -2.491000000e-01 2.840000000e-02
  2.357000000e-01 9.428000000e-01 2.357000000e-01
 Node:          5
  0.1341E+03  0.1144E+03  0.5054E+03 -0.2751E-08
   3.331E-16
   1.388E-16
   3.331E-16
   5.551E-17
  -6.939E-17
   4.441E-16
  4.814000000e-16
  4.627000000e-16
  1.662000000e-16
  3.062784517e-16
  3.701000000e-16
  1.443810468e-16
  -3.480000000e-01 -6.443000000e-01 6.810000000e-01
  -6.589000000e-01 -3.487000000e-01 -6.665000000e-01
  6.669000000e-01 -6.807000000e-01 -3.032000000e-01
 Node:          6
  0.1323E+03  0.1162E+03  0.5191E+03 -0.2751E-08
   2.22E-16
   5.551E-17
   2.22E-16
  -5.551E-17
  -2.776E-17
   0.0
  2.897000000e-16
  1.685000000e-16
  -1.402000000e-17
  2.648101478e-16
  1.480600000e-16
  1.248327008e-16
  -7.150000000e-01 -6.696000000e-01 2.012000000e-01
  6.656000000e-01 -7.399000000e-01 -9.741000000e-02
  -2.141000000e-01 -6.426000000e-02 -9.747000000e-01
 Node:          7
  0.1408E+03  0.1171E+03  0.4920E+03 -0.2751E-08
   3.331E-16
   2.22E-16
   2.22E-16
  -8.327E-17
  -1.11E-16
   0.0
  5.398000000e-16
  6.158000000e-17
  -4.631000000e-17
  5.403052621e-16
  1.850233333e-16
  2.547023432e-16
  -7.537000000e-01 -6.111000000e-01 2.419000000e-01
  -6.560000000e-01 6.770000000e-01 -3.335000000e-01
  -4.004000000e-02 4.101000000e-01 9.112000000e-01
 Node:          8
  0.1367E+03  0.1169E+03  0.5055E+03 -0.2751E-08
   2.22E-16
   1.943E-16
   2.22E-16
  -4.025E-16
  -2.359E-16
  -2.22E-16
  6.547000000e-16
  4.477000000e-17
  -4.775000000e-16
  9.814930967e-16
  7.399000000e-17
  4.626802829e-16
  -6.847000000e-01 -5.611000000e-01 4.652000000e-01
  5.685000000e-01 -8.105000000e-01 -1.409000000e-01
  -4.561000000e-01 -1.681000000e-01 -8.739000000e-01
 Node:          9
  0.1339E+03  0.1180E+03  0.5191E+03 -0.2751E-08
   2.22E-16
   1.665E-16
   0.0
  -3.955E-16
  -2.776E-16
   6.661E-16
  1.002000000e-15
  -9.379000000e-18
  -1.046000000e-16
  1.062195387e-15
  2.960070000e-16
  5.007237074e-16
  -4.817000000e-01 -3.073000000e-01 8.207000000e-01
  -8.565000000e-01 -3.292000000e-02 -5.150000000e-01
  -1.853000000e-01 9.510000000e-01 2.474000000e-01
 Node:         10
  0.1294E+03  0.1212E+03  0.4911E+03 -0.2751E-08
   0.0
   2.776E-17
   1.11E-16
  -1.388E-17
   1.249E-16
   1.11E-16
  2.363000000e-16
  2.303000000e-17
  -3.732000000e-17
  2.489920880e-16
  7.400333333e-17
  1.173759959e-16
  4.210000000e-02 7.100000000e-01 7.030000000e-01
  -7.813000000e-01 -4.152000000e-01 4.661000000e-01
  -6.228000000e-01 5.688000000e-01 -5.372000000e-01
 Node:         11
  0.1295E+03  0.1214E+03  0.5055E+03 -0.2751E-08
  -2.22E-16
  -2.776E-17
  -2.22E-16
  -4.163E-17
   1.388E-17
  -1.665E-16
  -1.365000000e-16
  -2.183000000e-16
  -2.558000000e-16
  1.056645163e-16
  -2.035333333e-16
  4.981073066e-17
  -4.935000000e-01 2.929000000e-01 8.189000000e-01
  3.541000000e-01 -7.924000000e-01 4.968000000e-01
  -7.944000000e-01 -5.351000000e-01 -2.873000000e-01
 Node:         12
  0.1295E+03  0.1217E+03  0.5196E+03 -0.2751E-08
   1.11E-16
   0.0
   1.11E-16
   7.633E-17
   2.776E-17
   2.22E-16
  2.649000000e-16
  1.110000000e-16
  6.816000000e-17
  1.792025435e-16
  1.480200000e-16
  8.447688915e-17
  -4.387000000e-01 -1.595000000e-01 -8.844000000e-01
  3.417000000e-01 -9.398000000e-01 -2.255000000e-17
  8.311000000e-01 3.022000000e-01 -4.668000000e-01
 Node:         13
  0.1361E+03  0.1199E+03  0.4914E+03 -0.2751E-08
   1.11E-16
  -1.388E-16
   0.0
  -9.714E-17
   2.776E-17
  -1.665E-16
  2.285000000e-16
  -8.520000000e-17
  -1.988000000e-16
  3.833392362e-16
  -1.850000000e-17
  1.807078489e-16
  8.171000000e-01 -5.252000000e-01 -2.378000000e-01
  4.648000000e-01 8.442000000e-01 -2.671000000e-01
  3.410000000e-01 1.077000000e-01 9.339000000e-01
 Node:         14
  0.1342E+03  0.1198E+03  0.5054E+03 -0.2751E-08
  -5.551E-17
   2.776E-17
   0.0
   5.551E-17
  -9.021E-17
   1.11E-16
  1.672000000e-16
  -4.940000000e-18
  -1.068000000e-16
  2.398787602e-16
  1.848666667e-17
  1.130799320e-16
  1.634000000e-01 -4.472000000e-01 8.794000000e-01
  -6.569000000e-01 -7.144000000e-01 -2.412000000e-01
  -7.361000000e-01 5.382000000e-01 4.105000000e-01
 Node:         15
  0.1330E+03  0.1205E+03  0.5193E+03 -0.2751E-08
   2.22E-16
  -8.327E-17
  -5.551E-17
   1.388E-17
   4.857E-17
   0.0
  2.451000000e-16
  2.471000000e-17
  -1.033000000e-16
  3.052383267e-16
  5.550333333e-17
  1.438907271e-16
  -9.638000000e-01 2.667000000e-01 -1.723000000e-03
  1.157000000e-01 4.239000000e-01 8.983000000e-01
  2.403000000e-01 8.656000000e-01 -4.394000000e-01
 Node:         16
  0.1404E+03  0.1188E+03  0.4918E+03 -0.2751E-08
   2.22E-16
   5.551E-17
   2.22E-16
  -8.327E-17
  -1.457E-16
   4.441E-16
  5.466000000e-16
  1.950000000e-16
  1.465000000e-16
  3.781896482e-16
  2.960333333e-16
  1.782803099e-16
  -2.927000000e-01 -4.328000000e-01 8.526000000e-01
  -9.222000000e-01 -1.077000000e-01 -3.713000000e-01
  -2.526000000e-01 8.950000000e-01 3.676000000e-01
 Node:         17
  0.1365E+03  0.1184E+03  0.5055E+03 -0.2751E-08
  -1.11E-16
   2.776E-17
  -1.11E-16
   9.714E-17
   1.7E-16
   0.0
  1.573000000e-16
  -1.341000000e-16
  -2.452000000e-16
  3.600440390e-16
  -7.400000000e-17
  1.697263877e-16
  3.368000000e-01 5.285000000e-01 7.792000000e-01
  8.927000000e-01 -4.425000000e-01 -8.566000000e-02
  -2.996000000e-01 -7.244000000e-01 6.209000000e-01
 Node:         18
  0.1341E+03  0.1191E+03  0.5192E+03 -0.2751E-08
   0.0
   0.0
   0.0
   2.645E-17
   1.065E-16
   4.441E-16
  4.697000000e-16
  -1.672000000e-33
  -2.562000000e-17
  4.830198634e-16
  1.480266667e-16
  2.276977472e-16
  -5.484000000e-02 -2.207000000e-01 -9.738000000e-01
  9.705000000e-01 -2.411000000e-01 -6.210000000e-17
  -2.348000000e-01 -9.451000000e-01 2.274000000e-01
 Node:         19
  0.1301E+03  0.1291E+03  0.4914E+03  0.0000E+00
   1.11E-16
   0.0
   1.11E-16
   2.101E-19
   1.001E-17
  -2.22E-16
  1.113000000e-16
  1.110000000e-16
  -2.223000000e-16
  3.334501012e-16
  0.000000000e+00
  1.571898852e-16
  -2.096000000e-02 -9.993000000e-01 -3.003000000e-02
  9.998000000e-01 -2.097000000e-02 1.345000000e-19
  6.298000000e-04 3.003000000e-02 -9.995000000e-01
 Node:         20
  0.1299E+03  0.1291E+03  0.5058E+03  0.0000E+00
   2.22E-16
   0.0
   0.0
   1.041E-17
   1.924E-17
  -5.551E-17
  2.224000000e-16
  5.975000000e-18
  -6.188000000e-17
  2.571567616e-16
  5.549833333e-17
  1.212248600e-16
  -9.993000000e-01 -3.257000000e-03 -3.765000000e-02
  1.428000000e-02 -9.549000000e-01 -2.965000000e-01
  -3.498000000e-02 -2.968000000e-01 9.543000000e-01
 Node:         21
  0.1301E+03  0.1280E+03  0.5197E+03  0.0000E+00
   1.11E-16
   0.0
   0.0
   4.163E-17
   1.475E-17
   1.11E-16
  1.534000000e-16
  7.089000000e-17
  -2.220000000e-18
  1.348528023e-16
  7.402333333e-17
  6.357022067e-17
  -6.994000000e-01 -6.840000000e-02 -7.114000000e-01
  -7.126000000e-01 1.429000000e-01 6.869000000e-01
  -5.465000000e-02 -9.874000000e-01 1.487000000e-01
 Node:         22
  0.1360E+03  0.1256E+03  0.4913E+03  0.0000E+00
  -2.22E-16
   1.388E-17
  -1.11E-16
  -1.388E-17
   1.006E-16
   1.11E-16
  1.500000000e-16
  -1.456000000e-16
  -2.264000000e-16
  3.432090908e-16
  -7.400000000e-17
  1.617903170e-16
  -2.144000000e-02 3.586000000e-01 9.332000000e-01
  2.280000000e-01 9.106000000e-01 -3.447000000e-01
  -9.734000000e-01 2.054000000e-01 -1.013000000e-01
 Node:         23
  0.1343E+03  0.1253E+03  0.5054E+03  0.0000E+00
   0.0
   2.082E-17
  -4.441E-16
   0.0
   1.314E-16
  -1.665E-16
  1.265000000e-18
  -1.147000000e-16
  -4.972000000e-16
  4.517861704e-16
  -2.035450000e-16
  2.129740431e-16
  9.970000000e-01 6.061000000e-02 4.746000000e-02
  6.644000000e-02 -3.661000000e-01 -9.282000000e-01
  3.888000000e-02 -9.286000000e-01 3.690000000e-01
 Node:         24
  0.1336E+03  0.1248E+03  0.5194E+03  0.0000E+00
  -2.22E-16
   1.214E-17
   0.0
   1.388E-17
   8.674E-19
  -1.665E-16
  6.779000000e-19
  -1.633000000e-16
  -2.259000000e-16
  2.026635839e-16
  -1.295073667e-16
  9.553652964e-17
  -5.504000000e-02 -9.984000000e-01 -9.747000000e-03
  2.257000000e-01 -2.195000000e-02 9.740000000e-01
  -9.726000000e-01 5.141000000e-02 2.265000000e-01
 Node:         25
  0.1400E+03  0.1206E+03  0.4917E+03  0.0000E+00
   0.0
   2.671E-16
  -1.11E-16
  -8.327E-17
  -1.301E-16
   2.22E-16
  3.681000000e-16
  7.580000000e-17
  -3.329000000e-16
  6.098671905e-16
  3.700000000e-17
  2.874941507e-16
  5.089000000e-01 4.781000000e-01 -7.159000000e-01
  6.086000000e-01 3.883000000e-01 6.920000000e-01
  6.088000000e-01 -7.878000000e-01 -9.334000000e-02
 Node:         26
  0.1363E+03  0.1200E+03  0.5055E+03  0.0000E+00
   2.22E-16
   1.076E-16
  -6.106E-16
   2.776E-17
  -1.124E-15
  -5.551E-17
  8.281000000e-16
  2.248000000e-16
  -1.497000000e-15
  2.089815320e-15
  -1.480333333e-16
  9.851483893e-16
  7.371000000e-02 6.174000000e-01 -7.832000000e-01
  9.955000000e-01 1.018000000e-03 9.449000000e-02
  -5.914000000e-02 7.866000000e-01 6.146000000e-01
 Node:         27
  0.1343E+03  0.1203E+03  0.5192E+03  0.0000E+00
   2.22E-16
  -1.943E-16
   2.22E-16
  -1.041E-16
   1.313E-15
   0.0
  1.466000000e-15
  1.875000000e-16
  -1.209000000e-15
  2.317369144e-15
  1.481666667e-16
  1.092418291e-15
  -1.693000000e-01 7.280000000e-01 6.643000000e-01
  9.848000000e-01 9.849000000e-02 1.431000000e-01
  3.876000000e-02 6.785000000e-01 -7.336000000e-01
 Node:         28
  0.1155E+03  0.1124E+03  0.4931E+03 -0.1625E-07
  -2.22E-16
   3.816E-17
   2.22E-16
  -5.551E-17
   5.551E-17
   1.11E-16
  2.455000000e-16
  1.014000000e-16
  -2.359000000e-16
  4.279497985e-16
  3.700000000e-17
  2.017374697e-16
  3.184000000e-02 9.284000000e-01 3.701000000e-01
  1.988000000e-01 3.571000000e-01 -9.127000000e-01
  9.795000000e-01 -1.026000000e-01 1.732000000e-01
 Node:         29
  0.1119E+03  0.1139E+03  0.5068E+03 -0.1625E-07
  -2.22E-16
  -2.082E-17
   0.0
   5.551E-17
   6.939E-18
  -3.331E-16
  1.944000000e-18
  -2.004000000e-16
  -3.566000000e-16
  3.113642034e-16
  -1.850186667e-16
  1.467784931e-16
  -9.118000000e-02 9.958000000e-01 5.517000000e-03
  -9.179000000e-01 -8.189000000e-02 -3.884000000e-01
  -3.863000000e-01 -4.048000000e-02 9.215000000e-01
 Node:         30
  0.1113E+03  0.1159E+03  0.5206E+03 -0.1625E-07
   2.22E-16
   1.249E-16
   2.22E-16
   0.0
  -2.776E-17
   1.11E-16
  3.486000000e-16
  1.238000000e-16
  8.277000000e-17
  2.478750591e-16
  1.850566667e-16
  1.168494234e-16
  -7.001000000e-01 -7.092000000e-01 8.287000000e-02
  -4.685000000e-01 3.686000000e-01 -8.029000000e-01
  -5.389000000e-01 6.009000000e-01 5.903000000e-01
 Node:         31
  0.1203E+03  0.1126E+03  0.4920E+03 -0.1625E-07
  -5.551E-17
   9.714E-17
  -1.11E-16
   2.776E-17
   4.163E-17
  -5.551E-17
  4.114000000e-17
  -7.661000000e-17
  -1.866000000e-16
  1.972667866e-16
  -7.402333333e-17
  9.299245501e-17
  -6.956000000e-01 -5.654000000e-01 -4.433000000e-01
  4.358000000e-01 1.585000000e-01 -8.860000000e-01
  5.712000000e-01 -8.095000000e-01 1.362000000e-01
 Node:         32
  0.1188E+03  0.1134E+03  0.5062E+03 -0.1625E-07
   2.22E-16
  -1.388E-17
  -1.11E-16
  -2.776E-17
   9.714E-17
  -5.551E-17
  2.266000000e-16
  1.331000000e-17
  -1.844000000e-16
  3.560216764e-16
  1.850333333e-17
  1.678302278e-16
  -9.894000000e-01 7.624000000e-02 1.236000000e-01
  1.445000000e-01 5.992000000e-01 7.875000000e-01
  1.402000000e-02 -7.970000000e-01 6.038000000e-01
 Node:         33
  0.1183E+03  0.1150E+03  0.5201E+03 -0.1625E-07
   1.11E-16
   5.551E-17
   0.0
   8.327E-17
   0.0
   0.0
  1.700000000e-16
  0.000000000e+00
  -5.893000000e-17
  2.058903711e-16
  3.702333333e-17
  9.705765171e-17
  -8.617000000e-01 -2.815000000e-01 -4.222000000e-01
  0.000000000e+00 -8.321000000e-01 5.547000000e-01
  -5.074000000e-01 4.780000000e-01 7.170000000e-01
 Node:         34
  0.1255E+03  0.1129E+03  0.4909E+03 -0.1625E-07
   0.0
   0.0
   0.0
   5.551E-17
   9.714E-17
   0.0
  1.119000000e-16
  3.387000000e-33
  -1.119000000e-16
  1.938164854e-16
  0.000000000e+00
  9.136596741e-17
  -3.508000000e-01 -6.139000000e-01 -7.071000000e-01
  8.682000000e-01 -4.961000000e-01 -4.855000000e-17
  -3.508000000e-01 -6.139000000e-01 7.071000000e-01
 Node:         35
  0.1260E+03  0.1135E+03  0.5054E+03 -0.1625E-07
   0.0
   1.11E-16
  -1.11E-16
   1.11E-16
   2.498E-16
  -1.11E-16
  2.410000000e-16
  -1.023000000e-16
  -3.608000000e-16
  5.228959648e-16
  -7.403333333e-17
  2.464955217e-16
  5.458000000e-01 5.925000000e-01 5.925000000e-01
  8.379000000e-01 -3.859000000e-01 -3.859000000e-01
  -4.975000000e-17 -7.071000000e-01 7.071000000e-01
 Node:         36
  0.1257E+03  0.1153E+03  0.5196E+03 -0.1625E-07
   0.0
  -5.551E-17
   0.0
  -5.551E-17
   8.327E-17
   0.0
  1.305000000e-16
  -4.723000000e-17
  -8.327000000e-17
  1.982226619e-16
  0.000000000e+00
  9.344305895e-17
  -5.155000000e-01 6.059000000e-01 6.059000000e-01
  8.569000000e-01 3.645000000e-01 3.645000000e-01
  -1.256000000e-16 7.071000000e-01 -7.071000000e-01
 Node:         37
  0.1132E+03  0.1210E+03  0.4959E+03 -0.1625E-07
  -2.22E-16
   1.388E-16
  -2.22E-16
  -8.327E-17
   1.804E-16
  -2.776E-16
  -4.482000000e-17
  -1.622000000e-16
  -5.146000000e-16
  4.234720019e-16
  -2.405400000e-16
  1.996266161e-16
  3.971000000e-01 7.887000000e-01 4.693000000e-01
  -7.874000000e-01 3.010000000e-02 6.157000000e-01
  4.715000000e-01 -6.140000000e-01 6.330000000e-01
 Node:         38
  0.1111E+03  0.1204E+03  0.5085E+03 -0.1625E-07
  -1.665E-16
   9.714E-17
   0.0
  -2.776E-17
  -8.327E-17
  -2.22E-16
  7.071000000e-17
  -2.091000000e-16
  -2.502000000e-16
  3.024616291e-16
  -1.295300000e-16
  1.425817793e-16
  -3.916000000e-01 -8.746000000e-01 2.859000000e-01
  9.154000000e-01 -3.389000000e-01 2.170000000e-01
  9.287000000e-02 -3.467000000e-01 -9.334000000e-01
 Node:         39
  0.1119E+03  0.1201E+03  0.5207E+03 -0.1625E-07
  -5.551E-17
  -9.714E-17
  -3.331E-16
  -8.327E-17
  -7.633E-17
  -1.11E-16
  8.934000000e-18
  -1.105000000e-16
  -3.981000000e-16
  3.623913061e-16
  -1.665553333e-16
  1.708329000e-16
  8.510000000e-01 -1.281000000e-01 -5.092000000e-01
  4.076000000e-01 -4.503000000e-01 7.944000000e-01
  -3.311000000e-01 -8.836000000e-01 -3.310000000e-01
 Node:         40
  0.1191E+03  0.1220E+03  0.4937E+03 -0.1625E-07
   0.0
   8.327E-17
  -2.22E-16
   8.327E-17
  -1.388E-17
  -2.22E-16
  4.872000000e-17
  -2.082000000e-16
  -2.846000000e-16
  3.024459198e-16
  -1.480266667e-16
  1.425743739e-16
  -9.240000000e-01 -2.703000000e-01 -2.703000000e-01
  0.000000000e+00 -7.071000000e-01 7.071000000e-01
  3.823000000e-01 -6.534000000e-01 -6.534000000e-01
 Node:         41
  0.1182E+03  0.1217E+03  0.5073E+03 -0.1625E-07
   0.0
  -2.776E-17
  -5.551E-17
   5.551E-17
   9.714E-17
   1.11E-16
  1.653000000e-16
  1.073000000e-17
  -1.206000000e-16
  2.478691830e-16
  1.847666667e-17
  1.168466534e-16
  2.406000000e-01 3.653000000e-01 8.993000000e-01
  -8.901000000e-01 4.526000000e-01 5.428000000e-02
  -3.871000000e-01 -8.135000000e-01 4.340000000e-01
 Node:         42
  0.1187E+03  0.1212E+03  0.5204E+03 -0.1625E-07
   0.0
  -5.551E-17
  -1.11E-16
   0.0
   5.551E-17
   1.11E-16
  1.256000000e-16
  1.887000000e-17
  -1.444000000e-16
  2.355296009e-16
  2.333333333e-20
  1.110297186e-16
  1.113000000e-01 -2.517000000e-01 -9.614000000e-01
  9.295000000e-01 -3.159000000e-01 1.903000000e-01
  -3.516000000e-01 -9.148000000e-01 1.988000000e-01
 Node:         43
  0.1258E+03  0.1217E+03  0.4915E+03 -0.1625E-07
   2.22E-16
   1.11E-16
   1.11E-16
  -1.388E-17
   0.0
  -5.551E-17
  2.911000000e-16
  4.294000000e-17
  -5.645000000e-17
  3.100425456e-16
  9.253000000e-17
  1.461554576e-16
  -8.507000000e-01 -5.246000000e-01 3.406000000e-02
  -5.213000000e-01 8.502000000e-01 7.348000000e-02
  6.751000000e-02 -4.475000000e-02 9.967000000e-01
 Node:         44
  0.1259E+03  0.1220E+03  0.5059E+03 -0.1625E-07
  -2.22E-16
   1.388E-16
  -2.22E-16
   9.714E-17
   1.11E-16
  -1.11E-16
  5.081000000e-17
  -2.445000000e-16
  -3.614000000e-16
  3.679610647e-16
  -1.850300000e-16
  1.734585094e-16
  -5.113000000e-01 -5.340000000e-01 -6.733000000e-01
  -5.198000000e-01 -4.318000000e-01 7.372000000e-01
  -6.844000000e-01 7.269000000e-01 -5.679000000e-02
 Node:         45
  0.1261E+03  0.1221E+03  0.5198E+03 -0.1625E-07
  -5.551E-17
  -8.327E-17
  -2.776E-16
   2.776E-17
  -6.939E-18
   1.11E-16
  1.167000000e-16
  -3.339000000e-17
  -3.053000000e-16
  3.705037491e-16
  -7.399666667e-17
  1.746571423e-16
  1.854000000e-01 -5.643000000e-02 9.810000000e-01
  9.302000000e-01 -3.117000000e-01 -1.938000000e-01
  -3.167000000e-01 -9.485000000e-01 5.308000000e-03
 Node:         46
  0.1117E+03  0.1296E+03  0.4959E+03  0.0000E+00
  -5.551E-17
   2.776E-17
  -1.665E-16
   6.939E-18
  -2.602E-17
   0.0
  4.101000000e-18
  -4.897000000e-17
  -1.772000000e-16
  1.614458370e-16
  -7.402300000e-17
  7.610629740e-17
  4.856000000e-02 -1.429000000e-01 9.886000000e-01
  9.724000000e-01 2.327000000e-01 -1.414000000e-02
  -2.280000000e-01 9.620000000e-01 1.502000000e-01
 Node:         47
  0.1107E+03  0.1269E+03  0.5087E+03  0.0000E+00
  -1.665E-16
  -3.123E-17
   1.11E-16
  -2.776E-17
   3.99E-17
   0.0
  1.289000000e-16
  -1.114000000e-17
  -1.732000000e-16
  2.618578385e-16
  -1.848000000e-17
  1.234409689e-16
  -1.292000000e-01 9.390000000e-01 3.186000000e-01
  -1.008000000e-01 -3.321000000e-01 9.379000000e-01
  -9.865000000e-01 -8.906000000e-02 -1.376000000e-01
 Node:         48
  0.1125E+03  0.1242E+03  0.5208E+03  0.0000E+00
   1.11E-16
   3.469E-18
   1.11E-16
   0.0
  -1.735E-18
   1.11E-16
  1.149000000e-16
  1.110000000e-16
  1.071000000e-16
  6.754998150e-18
  1.110000000e-16
  3.184336666e-18
  -6.325000000e-01 -7.071000000e-01 3.162000000e-01
  4.472000000e-01 -4.455000000e-15 8.944000000e-01
  -6.325000000e-01 7.071000000e-01 3.162000000e-01
 Node:         49
  0.1186E+03  0.1311E+03  0.4938E+03  0.0000E+00
  -1.665E-16
  -2.082E-17
   0.0
  -4.163E-17
  -6.072E-18
  -5.551E-17
  2.581000000e-18
  -4.165000000e-17
  -1.830000000e-16
  1.678935845e-16
  -7.402300000e-17
  7.914579474e-17
  1.174000000e-01 -9.929000000e-01 1.965000000e-02
  -3.135000000e-01 -1.827000000e-02 9.494000000e-01
  -9.423000000e-01 -1.176000000e-01 -3.134000000e-01
 Node:         50
  0.1180E+03  0.1298E+03  0.5075E+03  0.0000E+00
   0.0
  -1.301E-17
   3.331E-16
  -4.163E-17
   1.247E-17
   2.22E-16
  3.354000000e-16
  2.276000000e-16
  -7.879000000e-18
  3.040655121e-16
  1.850403333e-16
  1.433378570e-16
  5.441000000e-02 -9.902000000e-01 -1.289000000e-01
  -1.707000000e-01 -1.364000000e-01 9.758000000e-01
  9.838000000e-01 3.109000000e-02 1.765000000e-01
 Node:         51
  0.1192E+03  0.1275E+03  0.5206E+03  0.0000E+00
   0.0
  -3.469E-18
  -5.551E-17
   0.0
   1.475E-17
   1.11E-16
  1.123000000e-16
  2.087000000e-19
  -5.702000000e-17
  1.491791642e-16
  1.849623333e-17
  7.032373239e-17
  -2.705000000e-03 8.758000000e-02 9.962000000e-01
  9.982000000e-01 -6.004000000e-02 7.989000000e-03
  -6.051000000e-02 -9.943000000e-01 8.725000000e-02
 Node:         52
  0.1262E+03  0.1305E+03  0.4920E+03  0.0000E+00
   1.11E-16
  -1.388E-17
   1.11E-16
   1.301E-18
   4.906E-18
   0.0
  1.250000000e-16
  9.734000000e-17
  -2.497000000e-19
  1.139655924e-16
  7.403010000e-17
  5.372389547e-17
  -7.047000000e-01 7.092000000e-01 2.051000000e-02
  7.093000000e-01 7.034000000e-01 4.493000000e-02
  -1.744000000e-02 -4.621000000e-02 9.988000000e-01
 Node:         53
  0.1258E+03  0.1304E+03  0.5063E+03  0.0000E+00
  -1.665E-16
  -1.735E-18
  -1.11E-16
   2.776E-17
   3.383E-17
  -2.22E-16
  -1.010000000e-16
  -1.572000000e-16
  -2.414000000e-16
  1.223933005e-16
  -1.665333333e-16
  5.769675516e-17
  9.684000000e-02 9.526000000e-01 2.883000000e-01
  -9.346000000e-01 1.866000000e-01 -3.027000000e-01
  -3.422000000e-01 -2.402000000e-01 9.084000000e-01
 Node:         54
  0.1265E+03  0.1288E+03  0.5200E+03  0.0000E+00
  -2.22E-16
   2.082E-17
   1.11E-16
   0.0
  -4.337E-18
   1.11E-16
  1.160000000e-16
  1.073000000e-16
  -2.233000000e-16
  3.350347295e-16
  0.000000000e+00
  1.579368861e-16
  -4.656000000e-02 -7.562000000e-01 6.527000000e-01
  -4.117000000e-02 -6.514000000e-01 -7.576000000e-01
  -9.981000000e-01 6.215000000e-02 8.061000000e-04
 Node:         55
  0.1382E+03  0.1167E+03  0.4533E+03 -0.2009E-03
  -0.009059
  -0.001439
   0.007213
   4.117E-4
   0.002229
   0.004703
  1.799447967e-02
  1.301723171e-02
  -2.297742818e-02
  3.713442707e-02
  2.678094399e-03
  1.750533680e-02
  -2.598262873e-02 6.413696477e-01 3.580439024e-01
  2.744711653e-01 5.567557182e-01 -4.067563686e-01
  -4.271311745e-01 -1.188772087e-01 2.604659621e-01
 Node:         56
  0.1314E+03  0.1156E+03  0.4686E+03 -0.2009E-03
  -0.009643
   6.336E-4
   0.004037
   0.002681
  -2.113E-5
   3.729E-4
  1.130973442e-02
  4.716524932e-03
  -2.446701355e-02
  3.328334387e-02
  -2.813584734e-03
  1.568991877e-02
  -1.039936612e-01 -5.989246612e-01 6.587696477e-03
  4.291991870e-01 2.861732846e-01 6.912014634e-01
  -2.926937127e-01 2.138005420e-02 3.279997290e-01
 Node:         57
  0.1285E+03  0.1140E+03  0.4823E+03 -0.2009E-03
  -0.002268
   0.001123
  -2.657E-4
   8.672E-4
  -5.852E-4
  -3.256E-4
  2.203840379e-03
  6.368544715e-06
  -7.741589160e-03
  9.568263621e-03
  -1.843793412e-03
  4.510522727e-03
  -3.503511111e-01 -3.296252033e-01 3.819395393e-01
  3.994837398e-01 4.563862873e-01 4.651185528e-01
  -2.496048780e-01 2.101362331e-01 5.613439024e-01
 Node:         58
  0.1480E+03  0.1173E+03  0.4540E+03 -0.2009E-03
  -0.009081
  -0.003821
   0.01206
  -6.408E-4
   0.001847
   0.00122
  2.617531165e-02
  1.155293333e-02
  -2.766511653e-02
  4.559424933e-02
  3.354376152e-03
  2.149333526e-02
  1.424623306e-01 -5.691108401e-01 -9.695349593e-02
  3.683130759e-01 1.609848238e-01 5.454165583e-01
  -5.874971827e-01 -1.469173442e-01 3.494430623e-01
 Node:         59
  0.1417E+03  0.1164E+03  0.4696E+03 -0.2009E-03
  -0.009088
  -0.002686
   0.008977
   0.001503
   5.692E-4
  -0.00152
  2.159531707e-02
  7.688388293e-04
  -2.530853930e-02
  3.973447538e-02
  -9.814611310e-04
  1.873101132e-02
  -2.556948509e-01 4.210485095e-01 8.225075881e-02
  3.496795122e-01 3.116614748e-01 6.015744770e-01
  -4.251281843e-01 -1.885178320e-01 4.854770515e-01
 Node:         60
  0.1375E+03  0.1149E+03  0.4832E+03 -0.2009E-03
  -0.002031
  -1.855E-4
   0.001222
   9.548E-4
  -3.296E-4
  -6.021E-4
  4.399464499e-03
  -4.764805095e-04
  -7.113468022e-03
  1.020530736e-02
  -1.063494678e-03
  4.810828024e-03
  -3.425577236e-01 7.493149051e-01 3.198955014e-02
  -1.070536585e-01 7.497441734e-02 -5.239364011e-01
  -4.479742547e-01 -2.802192412e-02 3.576161518e-01
 Node:         61
  0.1551E+03  0.1213E+03  0.4546E+03 -0.2009E-03
  -0.003949
  -0.003442
   0.005701
  -0.003153
   0.004266
  -0.009155
  2.230243902e-02
  -1.316267453e-02
  -2.125594580e-02
  3.973800080e-02
  -4.038727100e-03
  1.873267323e-02
  1.338815718e-01 2.337081301e-01 1.440230352e-01
  5.792802168e-01 5.587604336e-01 -2.541087263e-01
  1.623242602e-01 5.954959621e-02 8.327260163e-01
 Node:         62
  0.1491E+03  0.1198E+03  0.4705E+03 -0.2009E-03
  -0.001019
  -0.004624
   0.006465
  -1.909E-4
   0.001816
  -0.009232
  1.847465583e-02
  -7.824493225e-03
  -2.039620054e-02
  3.434772135e-02
  -3.248679313e-03
  1.619167113e-02
  -4.381821138e-01 5.347257453e-01 1.704094851e-01
  6.109246612e-01 2.387585366e-01 2.197334405e-01
  1.571837127e-01 1.140152195e-01 4.824244444e-01
 Node:         63
  0.1436E+03  0.1181E+03  0.4839E+03 -0.2009E-03
   7.412E-4
  -0.001185
   0.001298
   5.482E-4
  -5.089E-4
  -0.001771
  4.848054201e-03
  -6.466151762e-05
  -5.189429268e-03
  8.429612858e-03
  -1.353455285e-04
  3.973757610e-03
  -4.549669377e-01 5.650978320e-01 8.843153388e-02
  1.928498645e-01 3.753615718e-01 -3.712062873e-01
  -2.385241192e-01 -3.311123306e-01 -2.285531165e-01
 Node:         64
  0.1412E+03  0.1253E+03  0.4532E+03 -0.2009E-03
  -0.005351
   0.001889
   0.006293
  -0.001702
   0.00121
  -0.001059
  1.242282385e-02
  -1.094189702e-04
  -1.291203252e-02
  2.216283086e-02
  -1.995425474e-04
  1.044765866e-02
  -3.517398374e-03 8.336875339e-01 7.439496477e-02
  1.217002710e-01 1.367360434e-02 -2.799785908e-01
  -3.082861789e-01 1.736359892e-01 -2.015347425e-01
 Node:         65
  0.1340E+03  0.1229E+03  0.4686E+03 -0.2009E-03
  -0.004969
   9.851E-4
   0.005675
  -3.384E-4
   4.217E-4
  -8.307E-4
  1.218952304e-02
  -8.058932249e-04
  -1.215481301e-02
  2.100827689e-02
  -2.570610659e-04
  9.903396700e-03
  2.158438482e-01 -9.222233062e-01 -8.525582656e-02
  -1.675032249e-01 -1.058915447e-01 5.714585366e-01
  -5.244219512e-01 6.607775068e-02 2.579235772e-02
 Node:         66
  0.1299E+03  0.1214E+03  0.4825E+03 -0.2009E-03
  -7.609E-4
   1.535E-4
   8.737E-4
   3.799E-4
  -2.692E-4
  -2.496E-4
  2.375888347e-03
  -1.259605962e-04
  -2.794398916e-03
  4.432550184e-03
  -1.814903884e-04
  2.089524195e-03
  -3.051343360e-01 -1.349842818e-01 1.882899458e-01
  4.677766938e-01 3.742910569e-01 2.772444444e-01
  6.398252033e-01 -5.318384824e-02 1.720672087e-01
 Node:         67
  0.1498E+03  0.1240E+03  0.4539E+03 -0.2009E-03
  -0.005695
  -0.001954
   0.005387
  -0.001451
   6.726E-4
   8.425E-4
  1.095263957e-02
  8.619353930e-03
  -1.722267209e-02
  2.466896835e-02
  7.831071364e-04
  1.162906320e-02
  -1.472186992e-01 6.350246612e-01 5.139195122e-02
  3.781948509e-01 -2.641517615e-02 4.850334417e-01
  -5.518562279e-01 -9.899150407e-02 2.511081301e-01
 Node:         68
  0.1431E+03  0.1222E+03  0.4695E+03 -0.2009E-03
  -0.004894
  -0.003323
   0.005972
  -6.087E-4
   8.959E-4
   3.863E-4
  1.380985366e-02
  5.062664390e-03
  -1.613405691e-02
  2.505007356e-02
  9.128203794e-04
  1.180871792e-02
  -8.290569106e-02 -2.869636856e-01 -2.370433604e-02
  6.168655176e-02 5.057398374e-02 5.975982656e-01
  -4.391392954e-01 -1.438623019e-01 1.601347154e-01
 Node:         69
  0.1379E+03  0.1205E+03  0.4831E+03 -0.2009E-03
  -6.868E-4
  -9.342E-4
   0.001628
   1.994E-4
   1.253E-4
  -9.949E-5
  4.094650407e-03
  1.566004065e-04
  -2.996855014e-03
  5.987118931e-03
  4.181319332e-04
  2.822354930e-03
  -5.153644986e-01 7.812834688e-01 1.520777209e-01
  3.684200732e-01 4.034789431e-01 4.732482385e-01
  6.668233062e-01 1.749998862e-01 2.003017886e-01
 Node:         70
  0.1554E+03  0.1233E+03  0.4546E+03 -0.2009E-03
  -0.004233
  -0.002343
  -5.153E-4
  -0.002721
   0.001931
   0.006488
  2.204967751e-02
  -5.238712629e-04
  -1.869686179e-02
  3.569327057e-02
  9.429814851e-04
  1.682596911e-02
  -2.336750678e-01 3.769018970e-01 2.022323306e-01
  3.850103252e-01 -3.889891599e-01 1.886439295e-01
  -8.383252033e-02 9.551084011e-03 5.460108401e-02
 Node:         71
  0.1492E+03  0.1217E+03  0.4704E+03 -0.2009E-03
  -0.002906
  -0.005078
   0.003343
  -0.00245
   0.002651
   0.002318
  1.624968564e-02
  3.179329539e-03
  -1.629529268e-02
  2.735726136e-02
  1.044574164e-03
  1.289633668e-02
  -5.177032520e-01 5.131734417e-01 3.824964770e-01
  2.195147696e-01 -6.095609756e-02 4.445283469e-01
  6.376384824e-01 2.287451111e-01 4.220579946e-01
 Node:         72
  0.1435E+03  0.1199E+03  0.4838E+03 -0.2009E-03
  -1.894E-4
  -0.001774
   0.001459
  -2.446E-4
   5.085E-4
   8.436E-5
  5.363111111e-03
  8.230390244e-05
  -3.525176152e-03
  7.587036296e-03
  6.400796206e-04
  3.576563209e-03
  -6.454330623e-01 6.535357724e-01 2.943146341e-01
  2.567724039e-01 2.796783198e-01 5.393193198e-01
  5.049246612e-01 3.031270623e-01 1.839159892e-02
 Node:         73
  0.1443E+03  0.1339E+03  0.4531E+03  0.0000E+00
   0.001551
  -0.001199
  -0.004879
   7.508E-4
  -6.739E-4
   0.004615
  1.174491328e-02
  -3.984079675e-04
  -9.930897019e-03
  1.783147631e-02
  4.718694309e-04
  8.405838546e-03
  -7.306395664e-02 -2.592582927e-02 2.296718699e-01
  4.621791328e-02 -1.713458266e-02 1.087571816e-01
  -2.344933875e-02 -1.923468835e-02 -2.466031978e-02
 Node:         74
  0.1366E+03  0.1303E+03  0.4687E+03  0.0000E+00
   0.004019
  -0.001879
  -0.002838
   3.832E-5
  -0.001319
   0.002477
  8.772888889e-03
  4.454745257e-03
  -8.630420054e-03
  1.600245716e-02
  1.532404697e-03
  7.543630650e-03
  2.871273713e-03 -2.380960434e-01 4.316910569e-02
  -2.404338753e-01 -2.825204878e-02 1.117209214e+00
  -2.085796369e-01 4.675447154e-02 -1.699197344e-01
 Node:         75
  0.1313E+03  0.1288E+03  0.4827E+03  0.0000E+00
   0.001203
  -7.999E-4
  -4.706E-4
  -5.254E-4
  -2.7E-4
   1.084E-4
  3.315112195e-03
  3.465002710e-04
  -2.607933875e-03
  5.082904794e-03
  3.512261969e-04
  2.396104299e-03
  -9.355176152e-01 6.844178862e-02 1.057027642e-01
  1.210406504e-04 -2.148557344e-01 9.313149051e-01
  1.206540379e-01 1.041320596e+00 2.013616802e-01
 Node:         76
  0.1516E+03  0.1307E+03  0.4538E+03  0.0000E+00
   0.001864
  -0.001557
  -0.007225
   7.886E-5
   0.001761
   0.007588
  1.611259079e-02
  5.509256911e-04
  -1.466189160e-02
  2.633961407e-02
  6.672082927e-04
  1.241661315e-02
  -1.919181843e-01 1.174796748e-04 4.470325203e-02
  7.466027100e-01 -1.282290244e-01 2.983524661e-01
  5.773062331e-02 3.074579946e-02 -5.252899729e-02
 Node:         77
  0.1445E+03  0.1280E+03  0.4695E+03  0.0000E+00
   0.006086
  -7.666E-4
  -0.003906
  -6.882E-4
   0.001195
   0.003034
  1.111743089e-02
  4.196720867e-03
  -8.511238482e-03
  1.792777309e-02
  2.267637760e-03
  8.451233285e-03
  -9.725430894e-01 -3.847347425e-02 7.854439837e-02
  7.294449864e-02 1.417182656e-01 9.729707317e-01
  -9.106822222e-02 2.978506775e-01 -4.985013550e-02
 Node:         78
  0.1384E+03  0.1261E+03  0.4830E+03  0.0000E+00
   0.002473
  -1.292E-4
  -3.831E-4
  -5.632E-4
  -1.065E-4
   3.098E-5
  4.840127371e-03
  -2.634177236e-04
  -1.013564228e-03
  5.520096978e-03
  1.187715140e-03
  2.602198670e-03
  -9.686021680e-01 -1.083150027e-01 6.769920325e-02
  1.050018699e-02 -7.809552846e-02 6.960043360e-01
  -1.619740542e-01 8.419539295e-02 -1.946992954e-01
 Node:         79
  0.1556E+03  0.1254E+03  0.4545E+03  0.0000E+00
   0.002254
   0.00323
   0.005389
   0.001653
   1.187E-4
  -0.01613
  2.467250949e-02
  2.536121680e-03
  -4.280318699e-02
  5.935823833e-02
  -5.198185276e-03
  2.798174189e-02
  6.801745257e-01 4.748758211e-01 -1.519696423e-01
  1.607892141e-01 -3.922781843e-02 3.778940108e-01
  -7.192955014e-02 -4.218447305e-01 4.645525827e-01
 Node:         80
  0.1494E+03  0.1237E+03  0.4704E+03  0.0000E+00
   0.006539
   0.002944
   0.002964
  -7.447E-5
  -4.752E-4
  -0.01371
  1.581744715e-02
  8.873098645e-03
  -3.479944986e-02
  4.628582845e-02
  -3.369634688e-03
  2.181934878e-02
  6.306666667e-02 2.625819350e-01 -6.045698645e-02
  -3.541318157e-01 5.993653117e-01 3.425580244e-01
  3.044901897e-03 -3.483684255e-01 6.824179404e-01
 Node:         81
  0.1433E+03  0.1217E+03  0.4837E+03  0.0000E+00
   0.002749
   5.715E-4
   2.124E-4
  -5.427E-4
  -1.225E-4
  -0.001934
  5.492186992e-03
  9.514280488e-04
  -5.393105149e-03
  9.351632272e-03
  3.501699639e-04
  4.408401730e-03
  -9.592940379e-01 -1.952441734e-01 -6.835475339e-02
  -2.561994580e-01 6.427653117e-01 4.035349480e-01
  1.088953117e-01 -4.086414444e-01 6.743013550e-01
 Node:         82
  0.1267E+03  0.1148E+03  0.4562E+03 -0.3207E-02
  -0.003085
  -2.566E-4
   0.002476
   7.384E-4
   0.00185
   5.319E-4
  1.011332791e-02
  -1.047574797e-03
  -9.306661247e-03
  1.698605677e-02
  -8.030271003e-05
  8.007303951e-03
  -3.636414851e-01 6.649317073e-01 3.636289973e-01
  -1.940298645e-01 2.059561518e-01 -1.891254743e-01
  4.082186992e-01 2.300978320e-01 1.672387534e-01
 Node:         83
  0.1234E+03  0.1129E+03  0.4719E+03 -0.3207E-02
  -0.003984
   4.944E-4
   0.001226
   0.003837
   8.12E-4
  -0.002749
  7.043021138e-03
  -1.746302439e-04
  -1.661618699e-02
  2.125932950e-02
  -3.249265366e-03
  1.002174403e-02
  -1.542705691e-01 7.327552846e-01 5.013731436e-01
  -2.425924119e-01 1.183003252e-01 -1.022089431e-01
  -1.396929539e-01 3.248732791e-01 4.102357724e-01
 Node:         84
  0.1187E+03  0.1123E+03  0.4849E+03 -0.3207E-02
  -5.607E-4
   1.338E-4
   8.976E-5
   0.001418
  -6.26E-5
  -0.002521
  1.449506070e-03
  9.906796748e-05
  -7.037323577e-03
  8.147857883e-03
  -1.829583180e-03
  3.840937041e-03
  -6.088663957e-01 -2.596136585e-01 9.476016260e-02
  3.938200542e-01 -2.805598916e-01 2.140574526e-01
  3.377550136e-01 1.547764770e-02 -5.819983740e-01
 Node:         85
  0.1302E+03  0.1161E+03  0.4550E+03 -0.3207E-02
  -0.003963
  -1.517E-4
   0.003014
   8.845E-4
   0.002831
   0.001907
  1.415328184e-02
  -1.557380759e-03
  -1.052859350e-02
  2.172510519e-02
  6.891025294e-04
  1.024131280e-02
  -3.533217344e-01 5.046040650e-01 3.083328997e-01
  5.362493225e-02 5.865041192e-01 -4.705842818e-01
  1.309899729e-01 2.305336856e-01 2.358422764e-01
 Node:         86
  0.1252E+03  0.1138E+03  0.4702E+03 -0.3207E-02
  -0.003042
   0.002025
   0.005297
   0.007317
   0.003183
  -0.001264
  2.021183198e-02
  5.290912195e-03
  -2.246046612e-02
  3.724779396e-02
  1.014092683e-03
  1.755877846e-02
  -1.937516802e-01 -4.870295393e-01 -3.422758808e-01
  1.120715447e-01 -4.466929539e-01 2.789609756e-01
  7.926807588e-01 6.953376152e-02 -1.909441734e-01
 Node:         87
  0.1217E+03  0.1126E+03  0.4834E+03 -0.3207E-02
  -0.001113
   7.871E-5
   2.205E-4
   0.001838
  -2.879E-4
  -0.002323
  1.819737398e-03
  3.257614499e-04
  -8.166471003e-03
  9.789118062e-03
  -2.006990718e-03
  4.614634509e-03
  -5.497466125e-01 5.417776152e-01 2.879154472e-03
  5.015837398e-01 1.036772358e-01 3.562056911e-01
  6.460715447e-01 6.978693767e-02 -3.523176152e-01
 Node:         88
  0.1338E+03  0.1169E+03  0.4534E+03 -0.3207E-02
  -0.006577
  -9.806E-4
   0.002443
   8.556E-4
   0.003587
   0.004132
  1.549159621e-02
  -9.438766396e-04
  -1.351033604e-02
  2.545594336e-02
  3.457945077e-04
  1.200004678e-02
  -2.883676369e-01 6.082780488e-01 5.821352304e-01
  -1.048514905e-01 4.829331843e-01 -3.833712737e-01
  3.698355014e-01 2.662059621e-02 3.878563686e-02
 Node:         89
  0.1270E+03  0.1150E+03  0.4686E+03 -0.3207E-02
  -0.007869
   0.001035
   0.001518
   0.00335
   0.001005
  -7.815E-4
  8.611490515e-03
  -6.223726287e-04
  -2.074519512e-02
  2.668920681e-02
  -4.252025745e-03
  1.258141275e-02
  -2.033936856e-01 5.196102981e-01 3.664268293e-01
  -1.767804878e-02 -2.592168022e-02 1.316178862e-01
  -4.246972900e-01 2.264083252e-01 4.064493767e-01
 Node:         90
  0.1248E+03  0.1132E+03  0.4822E+03 -0.3207E-02
  -0.001954
   0.001118
  -5.025E-4
   9.944E-4
  -5.443E-4
  -5.739E-4
  1.402320379e-03
  -8.717284011e-05
  -7.130541463e-03
  8.325274371e-03
  -1.938464641e-03
  3.924571975e-03
  1.726918699e-02 5.858192412e-01 1.645884553e-01
  2.947817073e-01 -2.354336043e-01 8.909349593e-01
  -3.228344173e-01 4.983081301e-01 3.924761518e-01
 Node:         91
  0.1259E+03  0.1262E+03  0.4551E+03 -0.3207E-02
  -0.003693
   0.002893
   0.00554
  -3.285E-4
   0.002905
   2.057E-4
  1.494354201e-02
  -1.713094851e-04
  -1.013840379e-02
  2.187081102e-02
  1.544609575e-03
  1.030999919e-02
  -1.940540108e-01 -2.419170732e-01 -1.565622493e-01
  -3.035479675e-01 -2.687081301e-01 9.983436314e-01
  -6.406617886e-01 1.430534959e-01 -1.764886179e-01
 Node:         92
  0.1209E+03  0.1233E+03  0.4726E+03 -0.3207E-02
  -0.004768
   8.408E-4
   0.003515
   9.962E-4
   0.002163
   0.001589
  1.210349593e-02
  9.581106233e-04
  -1.192547967e-02
  2.080403933e-02
  3.787089612e-04
  9.807118190e-03
  -4.107985935e-01 2.859783198e-02 4.259647696e-02
  1.752871545e-02 -5.136447154e-01 6.662178862e-01
  -1.236739837e-01 2.999250916e-01 2.835891599e-01
 Node:         93
  0.1159E+03  0.1217E+03  0.4877E+03 -0.3207E-02
  -7.685E-4
  -2.297E-4
   3.073E-4
   7.746E-4
   6.618E-4
  -4.402E-4
  2.857246070e-03
  3.096260163e-06
  -4.702017073e-03
  6.718727837e-03
  -6.138915808e-04
  3.167238676e-03
  -1.892833008e-01 3.094639566e-01 5.648327913e-01
  -1.860721680e-01 -2.546314363e-02 -1.983772358e-01
  -3.789720867e-01 -2.793414634e-01 1.304322493e-01
 Node:         94
  0.1313E+03  0.1264E+03  0.4542E+03 -0.3207E-02
  -0.004408
   0.002747
   0.006054
  -0.001597
   0.002661
   0.002399
  1.562075339e-02
  4.405410840e-03
  -1.165525203e-02
  2.376036162e-02
  2.790304065e-03
  1.120074188e-02
  -3.174169377e-02 9.748704607e-01 2.704819268e-01
  1.277105691e-01 1.496954201e-01 -7.176666667e-02
  3.717235772e-02 -2.769349051e-01 4.845718157e-02
 Node:         95
  0.1249E+03  0.1235E+03  0.4707E+03 -0.3207E-02
  -0.006705
   4.636E-4
   0.003924
   6.862E-4
   0.001395
   0.003737
  1.292898645e-02
