 Group name: predicted_strain_L1A1
 #Fields=  16
 1) coordinates, coordinate, rectangular cartesian, #Components=3
   x.  Value index= 1, #Derivatives=0
   y.  Value index= 2, #Derivatives=0
   z.  Value index= 3, #Derivatives=0
 2) Tensor_1, field, rectangular cartesian, #Components=1
   Tensor_1.  Value index= 4, #Derivatives=0
 3) Tensor_2, field, rectangular cartesian, #Components=1
   Tensor_2.  Value index= 5, #Derivatives=0
 4) Tensor_3, field, rectangular cartesian, #Components=1
   Tensor_3.  Value index= 6, #Derivatives=0
 5) Tensor_4, field, rectangular cartesian, #Components=1
   Tensor_4.  Value index= 7, #Derivatives=0
 6) Tensor_5, field, rectangular cartesian, #Components=1
   Tensor_5.  Value index= 8, #Derivatives=0
 7) Tensor_6, field, rectangular cartesian, #Components=1
   Tensor_6.  Value index= 9, #Derivatives=0
 8) Principal_1, field, rectangular cartesian, #Components=1
   Principal_1.  Value index= 10, #Derivatives=0
 9) Principal_2, field, rectangular cartesian, #Components=1
   Principal_2.  Value index= 11, #Derivatives=0
 10) Principal_3, field, rectangular cartesian, #Components=1
   Principal_3.  Value index= 12, #Derivatives=0
 11) VonMises, field, rectangular cartesian, #Components=1
   VonMises.  Value index= 13, #Derivatives=0
 12) Hydrostatic, field, rectangular cartesian, #Components=1
   VonMises.  Value index= 14, #Derivatives=0
 13) Octahedral, field, rectangular cartesian, #Components=1
   VonMises.  Value index= 15, #Derivatives=0
 14) PrincipalVector1, field, rectangular cartesian, #Components=3
   x.  Value index= 16, #Derivatives=0
   y.  Value index= 17, #Derivatives=0
   z.  Value index= 18, #Derivatives=0
 15) PrincipalVector2, field, rectangular cartesian, #Components=3
   x.  Value index= 19, #Derivatives=0
   y.  Value index= 20, #Derivatives=0
   z.  Value index= 21, #Derivatives=0
 16) PrincipalVector3, field, rectangular cartesian, #Components=3
   x.  Value index= 22, #Derivatives=0
   y.  Value index= 23, #Derivatives=0
   z.  Value index= 24, #Derivatives=0
 Node:          1
  0.1287E+03  0.1133E+03  0.4908E+03 -0.1386E-08
  -1.11E-16
  -8.327E-17
  -2.22E-16
  -2.776E-17
  -4.163E-17
  -3.331E-16
  -6.637000000e-17
  -2.400000000e-16
  -3.598000000e-16
  2.555392160e-16
  -2.220566667e-16
  1.204623416e-16
  8.837000000e-01 -4.676000000e-01 -1.897000000e-02
  4.046000000e-01 7.837000000e-01 -4.712000000e-01
  2.352000000e-01 4.088000000e-01 8.818000000e-01
 Node:          2
  0.1292E+03  0.1137E+03  0.5052E+03 -0.1386E-08
  -5.551E-17
  -1.11E-16
  -1.665E-16
  -5.551E-17
   1.943E-16
  -2.776E-16
  8.603000000e-17
  -1.600000000e-16
  -4.256000000e-16
  4.431926093e-16
  -1.665233333e-16
  2.089229996e-16
  -6.554000000e-01 6.199000000e-01 4.313000000e-01
  7.522000000e-01 4.849000000e-01 4.462000000e-01
  -6.744000000e-02 -6.169000000e-01 7.841000000e-01
 Node:          3
  0.1289E+03  0.1155E+03  0.5194E+03 -0.1386E-08
   2.22E-16
   1.388E-16
   3.331E-16
   1.11E-16
   5.551E-17
   2.22E-16
  4.753000000e-16
  2.118000000e-16
  9.006000000e-17
  3.410738448e-16
  2.590533333e-16
  1.607837524e-16
  -5.696000000e-01 -7.144000000e-01 -4.063000000e-01
  2.395000000e-01 -6.172000000e-01 7.494000000e-01
  -7.862000000e-01 3.296000000e-01 5.227000000e-01
 Node:          4
  0.1361E+03  0.1141E+03  0.4915E+03 -0.1386E-08
   0.0
  -2.776E-17
  -1.11E-16
  -2.776E-17
  -8.327E-17
   2.22E-16
  2.435000000e-16
  6.328000000e-18
  -1.388000000e-16
  3.342648530e-16
  3.700933333e-17
  1.575739629e-16
  -8.549000000e-02 -2.215000000e-01 9.714000000e-01
  9.681000000e-01 -2.491000000e-01 2.840000000e-02
  2.357000000e-01 9.428000000e-01 2.357000000e-01
 Node:          5
  0.1341E+03  0.1144E+03  0.5054E+03 -0.1386E-08
   3.331E-16
   1.388E-16
   3.331E-16
   5.551E-17
  -6.939E-17
   4.441E-16
  4.814000000e-16
  4.627000000e-16
  1.662000000e-16
  3.062784517e-16
  3.701000000e-16
  1.443810468e-16
  -3.480000000e-01 -6.443000000e-01 6.810000000e-01
  -6.589000000e-01 -3.487000000e-01 -6.665000000e-01
  6.669000000e-01 -6.807000000e-01 -3.032000000e-01
 Node:          6
  0.1323E+03  0.1162E+03  0.5191E+03 -0.1386E-08
   2.22E-16
   5.551E-17
   2.22E-16
  -5.551E-17
  -2.776E-17
   0.0
  2.897000000e-16
  1.685000000e-16
  -1.402000000e-17
  2.648101478e-16
  1.480600000e-16
  1.248327008e-16
  -7.150000000e-01 -6.696000000e-01 2.012000000e-01
  6.656000000e-01 -7.399000000e-01 -9.741000000e-02
  -2.141000000e-01 -6.426000000e-02 -9.747000000e-01
 Node:          7
  0.1408E+03  0.1171E+03  0.4920E+03 -0.1386E-08
   3.331E-16
   2.22E-16
   2.22E-16
  -8.327E-17
  -1.11E-16
   0.0
  5.398000000e-16
  6.158000000e-17
  -4.631000000e-17
  5.403052621e-16
  1.850233333e-16
  2.547023432e-16
  -7.537000000e-01 -6.111000000e-01 2.419000000e-01
  -6.560000000e-01 6.770000000e-01 -3.335000000e-01
  -4.004000000e-02 4.101000000e-01 9.112000000e-01
 Node:          8
  0.1367E+03  0.1169E+03  0.5055E+03 -0.1386E-08
   2.22E-16
   1.943E-16
   2.22E-16
  -4.025E-16
  -2.359E-16
  -2.22E-16
  6.547000000e-16
  4.477000000e-17
  -4.775000000e-16
  9.814930967e-16
  7.399000000e-17
  4.626802829e-16
  -6.847000000e-01 -5.611000000e-01 4.652000000e-01
  5.685000000e-01 -8.105000000e-01 -1.409000000e-01
  -4.561000000e-01 -1.681000000e-01 -8.739000000e-01
 Node:          9
  0.1339E+03  0.1180E+03  0.5191E+03 -0.1386E-08
   2.22E-16
   1.665E-16
   0.0
  -3.955E-16
  -2.776E-16
   6.661E-16
  1.002000000e-15
  -9.379000000e-18
  -1.046000000e-16
  1.062195387e-15
  2.960070000e-16
  5.007237074e-16
  -4.817000000e-01 -3.073000000e-01 8.207000000e-01
  -8.565000000e-01 -3.292000000e-02 -5.150000000e-01
  -1.853000000e-01 9.510000000e-01 2.474000000e-01
 Node:         10
  0.1294E+03  0.1212E+03  0.4911E+03 -0.1386E-08
   0.0
   2.776E-17
   1.11E-16
  -1.388E-17
   1.249E-16
   1.11E-16
  2.363000000e-16
  2.303000000e-17
  -3.732000000e-17
  2.489920880e-16
  7.400333333e-17
  1.173759959e-16
  4.210000000e-02 7.100000000e-01 7.030000000e-01
  -7.813000000e-01 -4.152000000e-01 4.661000000e-01
  -6.228000000e-01 5.688000000e-01 -5.372000000e-01
 Node:         11
  0.1295E+03  0.1214E+03  0.5055E+03 -0.1386E-08
  -2.22E-16
  -2.776E-17
  -2.22E-16
  -4.163E-17
   1.388E-17
  -1.665E-16
  -1.365000000e-16
  -2.183000000e-16
  -2.558000000e-16
  1.056645163e-16
  -2.035333333e-16
  4.981073066e-17
  -4.935000000e-01 2.929000000e-01 8.189000000e-01
  3.541000000e-01 -7.924000000e-01 4.968000000e-01
  -7.944000000e-01 -5.351000000e-01 -2.873000000e-01
 Node:         12
  0.1295E+03  0.1217E+03  0.5196E+03 -0.1386E-08
   1.11E-16
   0.0
   1.11E-16
   7.633E-17
   2.776E-17
   2.22E-16
  2.649000000e-16
  1.110000000e-16
  6.816000000e-17
  1.792025435e-16
  1.480200000e-16
  8.447688915e-17
  -4.387000000e-01 -1.595000000e-01 -8.844000000e-01
  3.417000000e-01 -9.398000000e-01 -2.255000000e-17
  8.311000000e-01 3.022000000e-01 -4.668000000e-01
 Node:         13
  0.1361E+03  0.1199E+03  0.4914E+03 -0.1386E-08
   1.11E-16
  -1.388E-16
   0.0
  -9.714E-17
   2.776E-17
  -1.665E-16
  2.285000000e-16
  -8.520000000e-17
  -1.988000000e-16
  3.833392362e-16
  -1.850000000e-17
  1.807078489e-16
  8.171000000e-01 -5.252000000e-01 -2.378000000e-01
  4.648000000e-01 8.442000000e-01 -2.671000000e-01
  3.410000000e-01 1.077000000e-01 9.339000000e-01
 Node:         14
  0.1342E+03  0.1198E+03  0.5054E+03 -0.1386E-08
  -5.551E-17
   2.776E-17
   0.0
   5.551E-17
  -9.021E-17
   1.11E-16
  1.672000000e-16
  -4.940000000e-18
  -1.068000000e-16
  2.398787602e-16
  1.848666667e-17
  1.130799320e-16
  1.634000000e-01 -4.472000000e-01 8.794000000e-01
  -6.569000000e-01 -7.144000000e-01 -2.412000000e-01
  -7.361000000e-01 5.382000000e-01 4.105000000e-01
 Node:         15
  0.1330E+03  0.1205E+03  0.5193E+03 -0.1386E-08
   2.22E-16
  -8.327E-17
  -5.551E-17
   1.388E-17
   4.857E-17
   0.0
  2.451000000e-16
  2.471000000e-17
  -1.033000000e-16
  3.052383267e-16
  5.550333333e-17
  1.438907271e-16
  -9.638000000e-01 2.667000000e-01 -1.723000000e-03
  1.157000000e-01 4.239000000e-01 8.983000000e-01
  2.403000000e-01 8.656000000e-01 -4.394000000e-01
 Node:         16
  0.1404E+03  0.1188E+03  0.4918E+03 -0.1386E-08
   2.22E-16
   5.551E-17
   2.22E-16
  -8.327E-17
  -1.457E-16
   4.441E-16
  5.466000000e-16
  1.950000000e-16
  1.465000000e-16
  3.781896482e-16
  2.960333333e-16
  1.782803099e-16
  -2.927000000e-01 -4.328000000e-01 8.526000000e-01
  -9.222000000e-01 -1.077000000e-01 -3.713000000e-01
  -2.526000000e-01 8.950000000e-01 3.676000000e-01
 Node:         17
  0.1365E+03  0.1184E+03  0.5055E+03 -0.1386E-08
  -1.11E-16
   2.776E-17
  -1.11E-16
   9.714E-17
   1.7E-16
   0.0
  1.573000000e-16
  -1.341000000e-16
  -2.452000000e-16
  3.600440390e-16
  -7.400000000e-17
  1.697263877e-16
  3.368000000e-01 5.285000000e-01 7.792000000e-01
  8.927000000e-01 -4.425000000e-01 -8.566000000e-02
  -2.996000000e-01 -7.244000000e-01 6.209000000e-01
 Node:         18
  0.1341E+03  0.1191E+03  0.5192E+03 -0.1386E-08
   0.0
   0.0
   0.0
   2.645E-17
   1.065E-16
   4.441E-16
  4.697000000e-16
  -1.672000000e-33
  -2.562000000e-17
  4.830198634e-16
  1.480266667e-16
  2.276977472e-16
  -5.484000000e-02 -2.207000000e-01 -9.738000000e-01
  9.705000000e-01 -2.411000000e-01 -6.210000000e-17
  -2.348000000e-01 -9.451000000e-01 2.274000000e-01
 Node:         19
  0.1301E+03  0.1291E+03  0.4914E+03  0.0000E+00
   1.11E-16
   0.0
   1.11E-16
   2.101E-19
   1.001E-17
  -2.22E-16
  1.113000000e-16
  1.110000000e-16
  -2.223000000e-16
  3.334501012e-16
  0.000000000e+00
  1.571898852e-16
  -2.096000000e-02 -9.993000000e-01 -3.003000000e-02
  9.998000000e-01 -2.097000000e-02 1.345000000e-19
  6.298000000e-04 3.003000000e-02 -9.995000000e-01
 Node:         20
  0.1299E+03  0.1291E+03  0.5058E+03  0.0000E+00
   2.22E-16
   0.0
   0.0
   1.041E-17
   1.924E-17
  -5.551E-17
  2.224000000e-16
  5.975000000e-18
  -6.188000000e-17
  2.571567616e-16
  5.549833333e-17
  1.212248600e-16
  -9.993000000e-01 -3.257000000e-03 -3.765000000e-02
  1.428000000e-02 -9.549000000e-01 -2.965000000e-01
  -3.498000000e-02 -2.968000000e-01 9.543000000e-01
 Node:         21
  0.1301E+03  0.1280E+03  0.5197E+03  0.0000E+00
   1.11E-16
   0.0
   0.0
   4.163E-17
   1.475E-17
   1.11E-16
  1.534000000e-16
  7.089000000e-17
  -2.220000000e-18
  1.348528023e-16
  7.402333333e-17
  6.357022067e-17
  -6.994000000e-01 -6.840000000e-02 -7.114000000e-01
  -7.126000000e-01 1.429000000e-01 6.869000000e-01
  -5.465000000e-02 -9.874000000e-01 1.487000000e-01
 Node:         22
  0.1360E+03  0.1256E+03  0.4913E+03  0.0000E+00
  -2.22E-16
   1.388E-17
  -1.11E-16
  -1.388E-17
   1.006E-16
   1.11E-16
  1.500000000e-16
  -1.456000000e-16
  -2.264000000e-16
  3.432090908e-16
  -7.400000000e-17
  1.617903170e-16
  -2.144000000e-02 3.586000000e-01 9.332000000e-01
  2.280000000e-01 9.106000000e-01 -3.447000000e-01
  -9.734000000e-01 2.054000000e-01 -1.013000000e-01
 Node:         23
  0.1343E+03  0.1253E+03  0.5054E+03  0.0000E+00
   0.0
   2.082E-17
  -4.441E-16
   0.0
   1.314E-16
  -1.665E-16
  1.265000000e-18
  -1.147000000e-16
  -4.972000000e-16
  4.517861704e-16
  -2.035450000e-16
  2.129740431e-16
  9.970000000e-01 6.061000000e-02 4.746000000e-02
  6.644000000e-02 -3.661000000e-01 -9.282000000e-01
  3.888000000e-02 -9.286000000e-01 3.690000000e-01
 Node:         24
  0.1336E+03  0.1248E+03  0.5194E+03  0.0000E+00
  -2.22E-16
   1.214E-17
   0.0
   1.388E-17
   8.674E-19
  -1.665E-16
  6.779000000e-19
  -1.633000000e-16
  -2.259000000e-16
  2.026635839e-16
  -1.295073667e-16
  9.553652964e-17
  -5.504000000e-02 -9.984000000e-01 -9.747000000e-03
  2.257000000e-01 -2.195000000e-02 9.740000000e-01
  -9.726000000e-01 5.141000000e-02 2.265000000e-01
 Node:         25
  0.1400E+03  0.1206E+03  0.4917E+03  0.0000E+00
   0.0
   2.671E-16
  -1.11E-16
  -8.327E-17
  -1.301E-16
   2.22E-16
  3.681000000e-16
  7.580000000e-17
  -3.329000000e-16
  6.098671905e-16
  3.700000000e-17
  2.874941507e-16
  5.089000000e-01 4.781000000e-01 -7.159000000e-01
  6.086000000e-01 3.883000000e-01 6.920000000e-01
  6.088000000e-01 -7.878000000e-01 -9.334000000e-02
 Node:         26
  0.1363E+03  0.1200E+03  0.5055E+03  0.0000E+00
   2.22E-16
   1.076E-16
  -6.106E-16
   2.776E-17
  -1.124E-15
  -5.551E-17
  8.281000000e-16
  2.248000000e-16
  -1.497000000e-15
  2.089815320e-15
  -1.480333333e-16
  9.851483893e-16
  7.371000000e-02 6.174000000e-01 -7.832000000e-01
  9.955000000e-01 1.018000000e-03 9.449000000e-02
  -5.914000000e-02 7.866000000e-01 6.146000000e-01
 Node:         27
  0.1343E+03  0.1203E+03  0.5192E+03  0.0000E+00
   2.22E-16
  -1.943E-16
   2.22E-16
  -1.041E-16
   1.313E-15
   0.0
  1.466000000e-15
  1.875000000e-16
  -1.209000000e-15
  2.317369144e-15
  1.481666667e-16
  1.092418291e-15
  -1.693000000e-01 7.280000000e-01 6.643000000e-01
  9.848000000e-01 9.849000000e-02 1.431000000e-01
  3.876000000e-02 6.785000000e-01 -7.336000000e-01
 Node:         28
  0.1155E+03  0.1124E+03  0.4931E+03 -0.8193E-08
  -2.22E-16
   3.816E-17
   2.22E-16
  -5.551E-17
   5.551E-17
   1.11E-16
  2.455000000e-16
  1.014000000e-16
  -2.359000000e-16
  4.279497985e-16
  3.700000000e-17
  2.017374697e-16
  3.184000000e-02 9.284000000e-01 3.701000000e-01
  1.988000000e-01 3.571000000e-01 -9.127000000e-01
  9.795000000e-01 -1.026000000e-01 1.732000000e-01
 Node:         29
  0.1119E+03  0.1139E+03  0.5068E+03 -0.8193E-08
  -2.22E-16
  -2.082E-17
   0.0
   5.551E-17
   6.939E-18
  -3.331E-16
  1.944000000e-18
  -2.004000000e-16
  -3.566000000e-16
  3.113642034e-16
  -1.850186667e-16
  1.467784931e-16
  -9.118000000e-02 9.958000000e-01 5.517000000e-03
  -9.179000000e-01 -8.189000000e-02 -3.884000000e-01
  -3.863000000e-01 -4.048000000e-02 9.215000000e-01
 Node:         30
  0.1113E+03  0.1159E+03  0.5206E+03 -0.8193E-08
   2.22E-16
   1.249E-16
   2.22E-16
   0.0
  -2.776E-17
   1.11E-16
  3.486000000e-16
  1.238000000e-16
  8.277000000e-17
  2.478750591e-16
  1.850566667e-16
  1.168494234e-16
  -7.001000000e-01 -7.092000000e-01 8.287000000e-02
  -4.685000000e-01 3.686000000e-01 -8.029000000e-01
  -5.389000000e-01 6.009000000e-01 5.903000000e-01
 Node:         31
  0.1203E+03  0.1126E+03  0.4920E+03 -0.8193E-08
  -5.551E-17
   9.714E-17
  -1.11E-16
   2.776E-17
   4.163E-17
  -5.551E-17
  4.114000000e-17
  -7.661000000e-17
  -1.866000000e-16
  1.972667866e-16
  -7.402333333e-17
  9.299245501e-17
  -6.956000000e-01 -5.654000000e-01 -4.433000000e-01
  4.358000000e-01 1.585000000e-01 -8.860000000e-01
  5.712000000e-01 -8.095000000e-01 1.362000000e-01
 Node:         32
  0.1188E+03  0.1134E+03  0.5062E+03 -0.8193E-08
   2.22E-16
  -1.388E-17
  -1.11E-16
  -2.776E-17
   9.714E-17
  -5.551E-17
  2.266000000e-16
  1.331000000e-17
  -1.844000000e-16
  3.560216764e-16
  1.850333333e-17
  1.678302278e-16
  -9.894000000e-01 7.624000000e-02 1.236000000e-01
  1.445000000e-01 5.992000000e-01 7.875000000e-01
  1.402000000e-02 -7.970000000e-01 6.038000000e-01
 Node:         33
  0.1183E+03  0.1150E+03  0.5201E+03 -0.8193E-08
   1.11E-16
   5.551E-17
   0.0
   8.327E-17
   0.0
   0.0
  1.700000000e-16
  0.000000000e+00
  -5.893000000e-17
  2.058903711e-16
  3.702333333e-17
  9.705765171e-17
  -8.617000000e-01 -2.815000000e-01 -4.222000000e-01
  0.000000000e+00 -8.321000000e-01 5.547000000e-01
  -5.074000000e-01 4.780000000e-01 7.170000000e-01
 Node:         34
  0.1255E+03  0.1129E+03  0.4909E+03 -0.8193E-08
   0.0
   0.0
   0.0
   5.551E-17
   9.714E-17
   0.0
  1.119000000e-16
  3.387000000e-33
  -1.119000000e-16
  1.938164854e-16
  0.000000000e+00
  9.136596741e-17
  -3.508000000e-01 -6.139000000e-01 -7.071000000e-01
  8.682000000e-01 -4.961000000e-01 -4.855000000e-17
  -3.508000000e-01 -6.139000000e-01 7.071000000e-01
 Node:         35
  0.1260E+03  0.1135E+03  0.5054E+03 -0.8193E-08
   0.0
   1.11E-16
  -1.11E-16
   1.11E-16
   2.498E-16
  -1.11E-16
  2.410000000e-16
  -1.023000000e-16
  -3.608000000e-16
  5.228959648e-16
  -7.403333333e-17
  2.464955217e-16
  5.458000000e-01 5.925000000e-01 5.925000000e-01
  8.379000000e-01 -3.859000000e-01 -3.859000000e-01
  -4.975000000e-17 -7.071000000e-01 7.071000000e-01
 Node:         36
  0.1257E+03  0.1153E+03  0.5196E+03 -0.8193E-08
   0.0
  -5.551E-17
   0.0
  -5.551E-17
   8.327E-17
   0.0
  1.305000000e-16
  -4.723000000e-17
  -8.327000000e-17
  1.982226619e-16
  0.000000000e+00
  9.344305895e-17
  -5.155000000e-01 6.059000000e-01 6.059000000e-01
  8.569000000e-01 3.645000000e-01 3.645000000e-01
  -1.256000000e-16 7.071000000e-01 -7.071000000e-01
 Node:         37
  0.1132E+03  0.1210E+03  0.4959E+03 -0.8193E-08
  -2.22E-16
   1.388E-16
  -2.22E-16
  -8.327E-17
   1.804E-16
  -2.776E-16
  -4.482000000e-17
  -1.622000000e-16
  -5.146000000e-16
  4.234720019e-16
  -2.405400000e-16
  1.996266161e-16
  3.971000000e-01 7.887000000e-01 4.693000000e-01
  -7.874000000e-01 3.010000000e-02 6.157000000e-01
  4.715000000e-01 -6.140000000e-01 6.330000000e-01
 Node:         38
  0.1111E+03  0.1204E+03  0.5085E+03 -0.8193E-08
  -1.665E-16
   9.714E-17
   0.0
  -2.776E-17
  -8.327E-17
  -2.22E-16
  7.071000000e-17
  -2.091000000e-16
  -2.502000000e-16
  3.024616291e-16
  -1.295300000e-16
  1.425817793e-16
  -3.916000000e-01 -8.746000000e-01 2.859000000e-01
  9.154000000e-01 -3.389000000e-01 2.170000000e-01
  9.287000000e-02 -3.467000000e-01 -9.334000000e-01
 Node:         39
  0.1119E+03  0.1201E+03  0.5207E+03 -0.8193E-08
  -5.551E-17
  -9.714E-17
  -3.331E-16
  -8.327E-17
  -7.633E-17
  -1.11E-16
  8.934000000e-18
  -1.105000000e-16
  -3.981000000e-16
  3.623913061e-16
  -1.665553333e-16
  1.708329000e-16
  8.510000000e-01 -1.281000000e-01 -5.092000000e-01
  4.076000000e-01 -4.503000000e-01 7.944000000e-01
  -3.311000000e-01 -8.836000000e-01 -3.310000000e-01
 Node:         40
  0.1191E+03  0.1220E+03  0.4937E+03 -0.8193E-08
   0.0
   8.327E-17
  -2.22E-16
   8.327E-17
  -1.388E-17
  -2.22E-16
  4.872000000e-17
  -2.082000000e-16
  -2.846000000e-16
  3.024459198e-16
  -1.480266667e-16
  1.425743739e-16
  -9.240000000e-01 -2.703000000e-01 -2.703000000e-01
  0.000000000e+00 -7.071000000e-01 7.071000000e-01
  3.823000000e-01 -6.534000000e-01 -6.534000000e-01
 Node:         41
  0.1182E+03  0.1217E+03  0.5073E+03 -0.8193E-08
   0.0
  -2.776E-17
  -5.551E-17
   5.551E-17
   9.714E-17
   1.11E-16
  1.653000000e-16
  1.073000000e-17
  -1.206000000e-16
  2.478691830e-16
  1.847666667e-17
  1.168466534e-16
  2.406000000e-01 3.653000000e-01 8.993000000e-01
  -8.901000000e-01 4.526000000e-01 5.428000000e-02
  -3.871000000e-01 -8.135000000e-01 4.340000000e-01
 Node:         42
  0.1187E+03  0.1212E+03  0.5204E+03 -0.8193E-08
   0.0
  -5.551E-17
  -1.11E-16
   0.0
   5.551E-17
   1.11E-16
  1.256000000e-16
  1.887000000e-17
  -1.444000000e-16
  2.355296009e-16
  2.333333333e-20
  1.110297186e-16
  1.113000000e-01 -2.517000000e-01 -9.614000000e-01
  9.295000000e-01 -3.159000000e-01 1.903000000e-01
  -3.516000000e-01 -9.148000000e-01 1.988000000e-01
 Node:         43
  0.1258E+03  0.1217E+03  0.4915E+03 -0.8193E-08
   2.22E-16
   1.11E-16
   1.11E-16
  -1.388E-17
   0.0
  -5.551E-17
  2.911000000e-16
  4.294000000e-17
  -5.645000000e-17
  3.100425456e-16
  9.253000000e-17
  1.461554576e-16
  -8.507000000e-01 -5.246000000e-01 3.406000000e-02
  -5.213000000e-01 8.502000000e-01 7.348000000e-02
  6.751000000e-02 -4.475000000e-02 9.967000000e-01
 Node:         44
  0.1259E+03  0.1220E+03  0.5059E+03 -0.8193E-08
  -2.22E-16
   1.388E-16
  -2.22E-16
   9.714E-17
   1.11E-16
  -1.11E-16
  5.081000000e-17
  -2.445000000e-16
  -3.614000000e-16
  3.679610647e-16
  -1.850300000e-16
  1.734585094e-16
  -5.113000000e-01 -5.340000000e-01 -6.733000000e-01
  -5.198000000e-01 -4.318000000e-01 7.372000000e-01
  -6.844000000e-01 7.269000000e-01 -5.679000000e-02
 Node:         45
  0.1261E+03  0.1221E+03  0.5198E+03 -0.8193E-08
  -5.551E-17
  -8.327E-17
  -2.776E-16
   2.776E-17
  -6.939E-18
   1.11E-16
  1.167000000e-16
  -3.339000000e-17
  -3.053000000e-16
  3.705037491e-16
  -7.399666667e-17
  1.746571423e-16
  1.854000000e-01 -5.643000000e-02 9.810000000e-01
  9.302000000e-01 -3.117000000e-01 -1.938000000e-01
  -3.167000000e-01 -9.485000000e-01 5.308000000e-03
 Node:         46
  0.1117E+03  0.1296E+03  0.4959E+03  0.0000E+00
  -5.551E-17
   2.776E-17
  -1.665E-16
   6.939E-18
  -2.602E-17
   0.0
  4.101000000e-18
  -4.897000000e-17
  -1.772000000e-16
  1.614458370e-16
  -7.402300000e-17
  7.610629740e-17
  4.856000000e-02 -1.429000000e-01 9.886000000e-01
  9.724000000e-01 2.327000000e-01 -1.414000000e-02
  -2.280000000e-01 9.620000000e-01 1.502000000e-01
 Node:         47
  0.1107E+03  0.1269E+03  0.5087E+03  0.0000E+00
  -1.665E-16
  -3.123E-17
   1.11E-16
  -2.776E-17
   3.99E-17
   0.0
  1.289000000e-16
  -1.114000000e-17
  -1.732000000e-16
  2.618578385e-16
  -1.848000000e-17
  1.234409689e-16
  -1.292000000e-01 9.390000000e-01 3.186000000e-01
  -1.008000000e-01 -3.321000000e-01 9.379000000e-01
  -9.865000000e-01 -8.906000000e-02 -1.376000000e-01
 Node:         48
  0.1125E+03  0.1242E+03  0.5208E+03  0.0000E+00
   1.11E-16
   3.469E-18
   1.11E-16
   0.0
  -1.735E-18
   1.11E-16
  1.149000000e-16
  1.110000000e-16
  1.071000000e-16
  6.754998150e-18
  1.110000000e-16
  3.184336666e-18
  -6.325000000e-01 -7.071000000e-01 3.162000000e-01
  4.472000000e-01 -4.455000000e-15 8.944000000e-01
  -6.325000000e-01 7.071000000e-01 3.162000000e-01
 Node:         49
  0.1186E+03  0.1311E+03  0.4938E+03  0.0000E+00
  -1.665E-16
  -2.082E-17
   0.0
  -4.163E-17
  -6.072E-18
  -5.551E-17
  2.581000000e-18
  -4.165000000e-17
  -1.830000000e-16
  1.678935845e-16
  -7.402300000e-17
  7.914579474e-17
  1.174000000e-01 -9.929000000e-01 1.965000000e-02
  -3.135000000e-01 -1.827000000e-02 9.494000000e-01
  -9.423000000e-01 -1.176000000e-01 -3.134000000e-01
 Node:         50
  0.1180E+03  0.1298E+03  0.5075E+03  0.0000E+00
   0.0
  -1.301E-17
   3.331E-16
  -4.163E-17
   1.247E-17
   2.22E-16
  3.354000000e-16
  2.276000000e-16
  -7.879000000e-18
  3.040655121e-16
  1.850403333e-16
  1.433378570e-16
  5.441000000e-02 -9.902000000e-01 -1.289000000e-01
  -1.707000000e-01 -1.364000000e-01 9.758000000e-01
  9.838000000e-01 3.109000000e-02 1.765000000e-01
 Node:         51
  0.1192E+03  0.1275E+03  0.5206E+03  0.0000E+00
   0.0
  -3.469E-18
  -5.551E-17
   0.0
   1.475E-17
   1.11E-16
  1.123000000e-16
  2.087000000e-19
  -5.702000000e-17
  1.491791642e-16
  1.849623333e-17
  7.032373239e-17
  -2.705000000e-03 8.758000000e-02 9.962000000e-01
  9.982000000e-01 -6.004000000e-02 7.989000000e-03
  -6.051000000e-02 -9.943000000e-01 8.725000000e-02
 Node:         52
  0.1262E+03  0.1305E+03  0.4920E+03  0.0000E+00
   1.11E-16
  -1.388E-17
   1.11E-16
   1.301E-18
   4.906E-18
   0.0
  1.250000000e-16
  9.734000000e-17
  -2.497000000e-19
  1.139655924e-16
  7.403010000e-17
  5.372389547e-17
  -7.047000000e-01 7.092000000e-01 2.051000000e-02
  7.093000000e-01 7.034000000e-01 4.493000000e-02
  -1.744000000e-02 -4.621000000e-02 9.988000000e-01
 Node:         53
  0.1258E+03  0.1304E+03  0.5063E+03  0.0000E+00
  -1.665E-16
  -1.735E-18
  -1.11E-16
   2.776E-17
   3.383E-17
  -2.22E-16
  -1.010000000e-16
  -1.572000000e-16
  -2.414000000e-16
  1.223933005e-16
  -1.665333333e-16
  5.769675516e-17
  9.684000000e-02 9.526000000e-01 2.883000000e-01
  -9.346000000e-01 1.866000000e-01 -3.027000000e-01
  -3.422000000e-01 -2.402000000e-01 9.084000000e-01
 Node:         54
  0.1265E+03  0.1288E+03  0.5200E+03  0.0000E+00
  -2.22E-16
   2.082E-17
   1.11E-16
   0.0
  -4.337E-18
   1.11E-16
  1.160000000e-16
  1.073000000e-16
  -2.233000000e-16
  3.350347295e-16
  0.000000000e+00
  1.579368861e-16
  -4.656000000e-02 -7.562000000e-01 6.527000000e-01
  -4.117000000e-02 -6.514000000e-01 -7.576000000e-01
  -9.981000000e-01 6.215000000e-02 8.061000000e-04
 Node:         55
  0.1382E+03  0.1167E+03  0.4532E+03 -0.7884E-04
  -0.003879
  -6.285E-4
   0.003068
   1.711E-4
   9.553E-4
   0.001972
  -8.808919540e-03
  4.513195977e-03
  -5.281660920e-03
  -2.187588428e-03
  -3.192461494e-03
  -1.031239075e-03
  9.041201149e-02 6.755873563e-01 3.666063218e-01
  4.567211494e-01 8.020433333e-01 -3.915885057e-01
  -2.044739770e-01 -1.819649425e-01 5.170293678e-01
 Node:         56
  0.1314E+03  0.1156E+03  0.4686E+03 -0.7884E-04
  -0.004134
   2.636E-4
   0.001728
   0.001146
  -2.842E-6
   1.454E-4
  5.187275862e-03
  2.788021264e-03
  -1.442505747e-03
  7.015615871e-03
  2.177597126e-03
  3.307193038e-03
  -2.500722356e-01 -5.223270115e-01 3.061264368e-02
  5.879885057e-01 5.368450690e-01 7.022488506e-01
  9.455551724e-02 -3.316195402e-02 5.157982759e-01
 Node:         57
  0.1285E+03  0.1140E+03  0.4823E+03 -0.7884E-04
  -9.689E-4
   4.792E-4
  -1.122E-4
   3.704E-4
  -2.495E-4
  -1.399E-4
  3.887606322e-03
  2.852047184e-04
  7.455862069e-05
  3.905440578e-03
  1.415789887e-03
  1.841042344e-03
  -5.209235632e-01 1.018827586e-01 3.305354598e-01
  4.057126437e-01 5.943937931e-01 2.145518736e-01
  1.331591954e-01 4.855293103e-02 7.476459770e-01
 Node:         58
  0.1480E+03  0.1172E+03  0.4540E+03 -0.7884E-04
  -0.003864
  -0.001635
   0.005123
  -2.75E-4
   7.893E-4
   4.683E-4
  -1.872821839e-02
  1.408174885e-02
  -9.352477011e-03
  -1.004505342e-02
  -4.666315517e-03
  -4.735283596e-03
  2.596339080e-01 -5.006482759e-01 -8.241988506e-02
  5.663242414e-01 4.343304598e-01 2.673023563e-01
  -4.814267517e-01 -1.693091954e-01 6.498259195e-01
 Node:         59
  0.1417E+03  0.1164E+03  0.4696E+03 -0.7884E-04
  -0.003871
  -0.001149
   0.003831
   6.376E-4
   2.5E-4
  -6.621E-4
  -1.676028736e-03
  7.211768161e-03
  -2.698057471e-03
  -9.763896436e-04
  9.458939847e-04
  -4.602744921e-04
  -4.841522989e-01 5.220672414e-01 1.752559770e-01
  4.857266667e-01 5.888961586e-01 3.414459195e-01
  -3.313793103e-01 -2.774737931e-01 7.548562989e-01
 Node:         60
  0.1375E+03  0.1149E+03  0.4832E+03 -0.7884E-04
  -8.638E-4
  -8.098E-5
   5.25E-4
   4.048E-4
  -1.382E-4
  -2.56E-4
  4.472252874e-03
  3.597690805e-04
  -1.772367241e-03
  6.063130286e-03
  1.019884904e-03
  2.858187027e-03
  -5.100126437e-01 6.431304598e-01 2.023718851e-01
  6.477988506e-02 3.543470115e-01 -6.101446437e-01
  -3.687632184e-01 -1.166380632e-01 4.599121839e-01
 Node:         61
  0.1551E+03  0.1212E+03  0.4547E+03 -0.7884E-04
  -0.00165
  -0.001461
   0.002361
  -0.001341
   0.001812
  -0.003928
  -7.742235632e-03
  2.693450000e-03
  1.139764368e-02
  -1.648907595e-02
  2.116286015e-03
  -7.773024947e-03
  1.886068966e-01 4.655402299e-02 9.423695402e-02
  4.714408046e-01 7.369298851e-01 -3.149552874e-01
  7.374089655e-02 2.155066494e-01 8.886488506e-01
 Node:         62
  0.1490E+03  0.1198E+03  0.4705E+03 -0.7884E-04
  -4.102E-4
  -0.001977
   0.002733
  -7.749E-5
   7.728E-4
  -0.003937
  -8.285149425e-03
  5.604925287e-03
  8.617591954e-03
  -1.547161016e-02
  1.979122605e-03
  -7.293386974e-03
  -6.231850575e-01 5.717626437e-01 2.731236207e-01
  3.433580460e-01 7.533965517e-02 2.749954653e-01
  2.135248276e-01 1.381993563e-01 6.215152874e-01
 Node:         63
  0.1436E+03  0.1180E+03  0.4839E+03 -0.7884E-04
   3.189E-4
  -5.089E-4
   5.578E-4
   2.344E-4
  -2.153E-4
  -7.543E-4
  -5.555747126e-05
  1.291878851e-03
  -8.280954023e-04
  2.324511667e-04
  1.360753257e-04
  1.095785309e-04
  -6.046747126e-01 7.503321839e-01 2.050264368e-01
  -1.976235632e-01 2.185726437e-01 -6.585459770e-01
  -4.168112644e-01 -4.937872414e-01 -4.142856322e-01
 Node:         64
  0.1412E+03  0.1253E+03  0.4532E+03 -0.7884E-04
  -0.002288
   8.075E-4
   0.00269
  -7.273E-4
   5.185E-4
  -4.664E-4
  -8.429178161e-03
  -4.573235632e-04
  6.390270115e-03
  -1.177604743e-02
  -8.320772031e-04
  -5.551281995e-03
  -7.752574713e-02 7.802333333e-01 4.452466667e-02
  1.502356322e-02 -2.107902299e-02 1.006241379e-01
  -3.536724138e-02 2.074383333e-01 -1.510322989e-01
 Node:         65
  0.1340E+03  0.1229E+03  0.4686E+03 -0.7884E-04
  -0.002122
   4.2E-4
   0.00243
  -1.466E-4
   1.816E-4
  -3.629E-4
  -2.416810345e-03
  1.258295402e-03
  4.008908046e-04
  -2.619208915e-03
  -2.525413793e-04
  -1.234706923e-03
  4.172971264e-01 -1.135845402e+00 -1.186847126e-01
  -2.531510345e-01 -2.026821839e-01 4.981241379e-01
  -5.327137931e-01 2.952045977e-02 -8.496459770e-02
 Node:         66
  0.1299E+03  0.1214E+03  0.4825E+03 -0.7884E-04
  -3.252E-4
   6.53E-5
   3.758E-4
   1.62E-4
  -1.141E-4
  -1.07E-4
  1.281324138e-03
  1.451483333e-04
  -1.255278161e-03
  2.210502445e-03
  5.706477011e-05
  1.042040846e-03
  -4.655435057e-01 -9.375287356e-02 2.673724713e-01
  5.570867816e-01 5.678551724e-01 1.557517241e-01
  6.611557471e-01 -2.916264368e-02 5.240798851e-01
 Node:         67
  0.1498E+03  0.1239E+03  0.4539E+03 -0.7884E-04
  -0.002426
  -8.344E-4
   0.002293
  -6.207E-4
   2.829E-4
   2.996E-4
  -1.017293103e-02
  5.535267816e-03
  -4.869281609e-03
  -5.227839355e-03
  -3.168981609e-03
  -2.464427106e-03
  -2.512356322e-01 1.077864943e+00 1.084371839e-01
  7.303127586e-01 1.238626437e-01 1.986554598e-01
  -3.758576408e-01 -8.122327011e-02 5.377028736e-01
 Node:         68
  0.1431E+03  0.1222E+03  0.4695E+03 -0.7884E-04
  -0.002083
  -0.001418
   0.00255
  -2.668E-4
   3.819E-4
   1.39E-4
  -6.894689655e-03
  6.875271494e-03
  -4.800137931e-03
  -3.767073010e-03
  -1.606518697e-03
  -1.775815247e-03
  -2.814000000e-01 -1.431551724e-01 2.499252874e-02
  2.468100793e-01 3.353758621e-01 2.903558621e-01
  -4.592879310e-01 -1.843073736e-01 3.542220690e-01
 Node:         69
  0.1379E+03  0.1205E+03  0.4831E+03 -0.7884E-04
  -2.938E-4
  -3.996E-4
   6.978E-4
   8.348E-5
   5.487E-5
  -4.319E-5
  -3.700459770e-04
  5.842682184e-04
  -1.428174138e-03
  3.822060907e-04
  -4.046506322e-04
  1.801736790e-04
  -6.032931034e-01 6.814936782e-01 2.175315230e-01
  5.094904425e-01 6.924950575e-01 1.719616092e-01
  5.418925287e-01 2.587858621e-02 4.845805747e-01
 Node:         70
  0.1553E+03  0.1233E+03  0.4546E+03 -0.7884E-04
  -0.001783
  -9.981E-4
  -2.126E-4
  -0.001148
   8.2E-4
   0.002716
  6.228735632e-05
  -5.112793103e-05
  -1.036001724e-02
  9.721542497e-03
  -3.449619272e-03
  4.582779082e-03
  -2.402528736e-01 3.616316092e-01 2.918237356e-01
  4.423761494e-01 -8.544942529e-02 1.389281609e-02
  8.356321839e-03 2.225166667e-02 2.865074713e-01
 Node:         71
  0.1492E+03  0.1217E+03  0.4705E+03 -0.7884E-04
  -0.001226
  -0.002165
   0.00143
  -0.00104
   0.00113
   9.706E-4
  -9.469419540e-03
  6.245825862e-03
  -4.805396552e-03
  -6.264377468e-03
  -2.676330077e-03
  -2.953055858e-03
  -6.804040230e-01 5.032540230e-01 3.852195402e-01
  2.601506322e-01 1.437787356e-01 2.195896552e-01
  5.030775862e-01 9.620350575e-02 6.254471264e-01
 Node:         72
  0.1435E+03  0.1199E+03  0.4838E+03 -0.7884E-04
  -8.06E-5
  -7.588E-4
   6.251E-4
  -1.062E-4
   2.187E-4
   3.663E-5
  -1.507465517e-03
  6.712124138e-04
  -1.258183908e-03
  -8.784635045e-04
  -6.981456705e-04
  -4.141116674e-04
  -7.043402299e-01 5.537051724e-01 3.328482759e-01
  3.894231517e-01 6.833057471e-01 2.599288563e-01
  3.498534483e-01 1.046581494e-01 1.189796552e-01
 Node:         73
  0.1443E+03  0.1338E+03  0.4532E+03  0.0000E+00
   6.653E-4
  -5.071E-4
  -0.002086
   3.212E-4
  -2.831E-4
   0.001972
  6.574080460e-04
  -1.019354862e-02
  6.401896552e-03
  -8.059125167e-03
  -1.044748008e-03
  -3.799108037e-03
  -3.859724138e-01 -1.191547701e-02 9.971540230e-02
  -2.784523563e-01 -1.267370690e-02 6.887183908e-02
  -7.645344828e-03 3.143034483e-01 -5.803965517e-02
 Node:         74
  0.1366E+03  0.1303E+03  0.4687E+03  0.0000E+00
   0.001721
  -7.966E-4
  -0.001212
   1.394E-5
  -5.621E-4
   0.001057
  -3.529597701e-03
  -4.445540230e-03
  3.770114943e-04
  -2.746139318e-03
  -2.532708812e-03
  -1.294542489e-03
  -1.185931034e-01 -3.327480460e-01 1.877356322e-02
  -2.650890805e-01 5.816810345e-02 1.239390805e+00
  -2.911408161e-01 2.077091954e-01 -2.611091379e-01
 Node:         75
  0.1313E+03  0.1288E+03  0.4827E+03  0.0000E+00
   5.152E-4
  -3.405E-4
  -2.009E-4
  -2.267E-4
  -1.158E-4
   4.616E-5
  -4.772183908e-04
  -2.519862069e-04
  -9.148442529e-04
  4.027056803e-04
  -5.480162835e-04
  1.898372783e-04
  -9.275712644e-01 -6.795149425e-02 3.816588506e-02
  -6.288527586e-02 -8.212596552e-02 9.421264368e-01
  -1.581080460e-02 1.173008046e+00 9.104793103e-02
 Node:         76
  0.1515E+03  0.1306E+03  0.4539E+03  0.0000E+00
   7.988E-4
  -6.57E-4
  -0.003093
   3.678E-5
   7.491E-4
   0.003251
  -3.775867816e-03
  -1.167984540e-02
  1.016074138e-02
  -1.375162315e-02
  -1.764990613e-03
  -6.482577322e-03
  -4.376605172e-01 1.091798851e-02 1.030879310e-01
  6.061862069e-01 -1.121616667e-01 5.376859770e-01
  3.429275862e-02 -3.062413793e-01 -6.020965517e-02
 Node:         77
  0.1445E+03  0.1279E+03  0.4695E+03  0.0000E+00
   0.002597
  -3.222E-4
  -0.001666
  -2.969E-4
   5.085E-4
   0.001303
  -8.841063218e-03
  -6.368091954e-03
  5.061747126e-03
  -1.022240799e-02
  -3.382469349e-03
  -4.818889341e-03
  -9.631620690e-01 -1.179274483e-01 3.369195977e-02
  1.744683908e-02 1.243911494e-01 9.742195402e-01
  -1.624108621e-01 4.482844828e-01 -6.980114943e-02
 Node:         78
  0.1384E+03  0.1261E+03  0.4830E+03  0.0000E+00
   0.001055
  -5.458E-5
  -1.632E-4
  -2.442E-4
  -4.617E-5
   1.278E-5
  -3.147293103e-03
  -5.456042529e-04
  -6.836264368e-05
  -2.859554916e-03
  -1.253753333e-03
  -1.348007115e-03
  -9.534833333e-01 -1.811303678e-01 1.445282759e-02
  -3.471935057e-02 -5.884982759e-02 8.766201149e-01
  -2.257311149e-01 1.335988506e-01 -2.258050575e-01
 Node:         79
  0.1556E+03  0.1254E+03  0.4546E+03  0.0000E+00
   9.608E-4
   0.001352
   0.002215
   7.064E-4
   5.573E-5
  -0.006772
  6.254195402e-04
  2.356110345e-03
  2.405040230e-02
  -2.211699435e-02
  9.010644061e-03
  -1.042605112e-02
  7.485396552e-01 2.305855977e-01 -3.039370230e-01
  1.710778161e-01 -3.974009770e-02 6.277364023e-01
  -8.751416092e-02 -7.257147642e-01 1.123076609e-01
 Node:         80
  0.1494E+03  0.1236E+03  0.4704E+03  0.0000E+00
   0.00279
   0.001251
   0.00123
  -4.159E-5
  -2.008E-4
  -0.005765
  -1.090844828e-02
  8.523789655e-03
  2.286555747e-02
  -2.847402700e-02
  6.826966284e-03
  -1.342278505e-02
  -4.854965517e-01 1.477712529e-01 -1.141452644e-01
  -2.901834483e-01 3.464735632e-01 6.523952816e-01
  2.202140230e-02 -6.577614954e-01 4.078078161e-01
 Node:         81
  0.1433E+03  0.1217E+03  0.4837E+03  0.0000E+00
   0.001174
   2.467E-4
   8.887E-5
  -2.341E-4
  -5.168E-5
  -8.143E-4
  -3.026103448e-03
  1.342406724e-03
  2.301045977e-03
  -4.622599608e-03
  2.057830843e-04
  -2.179114353e-03
  -9.431000000e-01 -1.962270115e-01 -1.590704253e-01
  -3.079195402e-01 3.741218391e-01 7.008602471e-01
  1.592092529e-01 -7.183212931e-01 4.181120690e-01
 Node:         82
  0.1267E+03  0.1148E+03  0.4561E+03 -0.1353E-02
  -0.001299
  -1.09E-4
   0.001055
   3.144E-4
   7.851E-4
   2.146E-4
  2.567804598e-03
  -1.056099425e-03
  -1.006022989e-03
  3.573632766e-03
  1.685607280e-04
  1.684626641e-03
  -6.134640920e-01 5.163913793e-01 2.417068966e-01
  -1.607016092e-01 -3.278114943e-02 2.144201149e-01
  5.184706897e-01 4.603252874e-01 3.255218391e-01
 Node:         83
  0.1234E+03  0.1129E+03  0.4718E+03 -0.1353E-02
  -0.001703
   2.098E-4
   5.237E-4
   0.001646
   3.47E-4
  -0.001188
  6.577260920e-03
  5.909425287e-05
  9.334712644e-04
  4.559281243e-03
  2.523275479e-03
  2.149265789e-03
  -4.480170115e-01 6.430132184e-01 5.756622414e-01
  -1.990747126e-02 -1.576617241e-01 2.759091954e-01
  3.018988506e-01 6.001017126e-01 2.909028736e-01
 Node:         84
  0.1187E+03  0.1123E+03  0.4849E+03 -0.1353E-02
  -2.399E-4
   5.718E-5
   3.834E-5
   6.075E-4
  -2.695E-5
  -0.001082
  2.381232644e-03
  -3.894942529e-06
  1.736421839e-03
  3.718844199e-04
  1.371253180e-03
  1.753079968e-04
  -5.455626437e-01 -9.522080460e-02 4.661287356e-01
  2.290591954e-01 1.269747126e-01 1.080747126e-01
  8.275804598e-02 -7.035540230e-02 -3.712649425e-01
 Node:         85
  0.1302E+03  0.1161E+03  0.4549E+03 -0.1353E-02
  -0.001693
  -6.935E-5
   0.001284
   3.709E-4
   0.001206
   8.131E-4
  2.828068966e-03
  -2.003353448e-03
  -2.242965517e-03
  4.906074244e-03
  -4.727500000e-04
  2.312745578e-03
  -6.193418391e-01 4.238241379e-01 1.997290805e-01
  2.161522989e-01 6.780454023e-01 -4.364614943e-01
  -2.543833333e-01 3.078506897e-01 5.917333333e-01
 Node:         86
  0.1252E+03  0.1138E+03  0.4702E+03 -0.1353E-02
  -0.001334
   8.476E-4
   0.002274
   0.003139
   0.001378
  -5.425E-4
  -2.906896552e-03
  3.427765517e-03
  -3.253511494e-03
  7.296162070e-04
  -9.108808429e-04
  3.439443784e-04
  -8.182775862e-02 -2.623477011e-01 -1.959068966e-01
  -1.244028736e-01 -2.610666667e-01 1.078936782e-01
  8.091747126e-01 9.799305747e-02 2.033856322e-01
 Node:         87
  0.1217E+03  0.1126E+03  0.4833E+03 -0.1353E-02
  -4.766E-4
   3.324E-5
   9.457E-5
   7.874E-4
  -1.229E-4
  -9.963E-4
  2.852565517e-03
  1.034864943e-05
  1.541319540e-03
  1.404379524e-03
  1.468077902e-03
  6.620308567e-04
  -5.891988506e-01 3.401743678e-01 3.677666897e-01
  3.591166667e-01 -3.727074713e-01 3.092195402e-01
  7.030143678e-01 1.831753448e-01 5.874942529e-02
 Node:         88
  0.1338E+03  0.1169E+03  0.4534E+03 -0.1353E-02
  -0.002823
  -4.306E-4
   0.001043
   3.628E-4
   0.001532
   0.001754
  -4.223804598e-03
  -1.845151149e-03
  4.274580460e-03
  -6.483647416e-03
  -5.981250958e-04
  -3.056420703e-03
  -5.265066437e-01 5.787494253e-01 4.090758621e-01
  1.886206897e-02 3.719518103e-01 -2.679609195e-01
  2.265787356e-01 -9.831034483e-03 2.210195402e-01
 Node:         89
  0.1270E+03  0.1150E+03  0.4685E+03 -0.1353E-02
  -0.003381
   4.349E-4
   6.537E-4
   0.001437
   4.332E-4
  -3.405E-4
  8.171051724e-03
  2.489747126e-04
  1.164839080e-03
  6.800703540e-03
  3.194955172e-03
  3.205882393e-03
  -5.326570690e-01 3.678689655e-01 3.109241379e-01
  1.046943678e-01 -4.160540230e-01 6.519545977e-01
  1.238045977e-02 4.178170805e-01 4.652693103e-01
 Node:         90
  0.1248E+03  0.1132E+03  0.4822E+03 -0.1353E-02
  -8.363E-4
   4.778E-4
  -2.141E-4
   4.257E-4
  -2.327E-4
  -2.458E-4
  3.278552874e-03
  1.316829655e-04
  8.712896552e-04
  2.327448953e-03
  1.427175165e-03
  1.097169958e-03
  -3.300515517e-01 4.889626437e-01 3.081669770e-01
  3.079431609e-01 -3.633156322e-01 1.093195402e+00
  1.042752874e-01 5.774643678e-01 3.721247126e-01
 Node:         91
  0.1258E+03  0.1261E+03  0.4551E+03 -0.1353E-02
  -0.001607
   0.001234
   0.002376
  -1.457E-4
   0.001243
   7.646E-5
  -5.780367816e-03
  9.209701149e-04
  -1.027908046e-03
  -4.722639564e-03
  -1.962435249e-03
  -2.226273641e-03
  -2.836202874e-01 -1.328873563e-01 -1.682283333e-01
  -3.333591954e-01 -2.989534483e-01 1.202354598e+00
  -8.806264368e-01 6.680022989e-02 -2.486425287e-01
 Node:         92
  0.1209E+03  0.1233E+03  0.4726E+03 -0.1353E-02
  -0.002052
   3.546E-4
   0.001507
   4.255E-4
   9.294E-4
   6.756E-4
  1.142413793e-03
  3.076896552e-05
  -2.364787356e-03
  3.053704944e-03
  -3.972015326e-04
  1.439530316e-03
  -6.602266149e-01 4.434396552e-01 3.461247126e-01
  5.574689655e-03 -5.582850575e-01 6.713862069e-01
  3.804287356e-01 4.976264828e-01 4.340601149e-01
 Node:         93
  0.1159E+03  0.1217E+03  0.4877E+03 -0.1353E-02
  -3.284E-4
  -9.863E-5
   1.316E-4
   3.305E-4
   2.838E-4
  -1.882E-4
  3.229056322e-03
  1.646512644e-04
  -2.229051149e-03
  4.948183770e-03
  3.882188123e-04
  2.332596199e-03
  -4.067777931e-01 1.699012644e-01 7.111827586e-01
  -4.941465517e-02 -2.433454023e-01 -1.261775862e-01
  -4.296890805e-01 -4.246229885e-01 -1.082201149e-01
 Node:         94
  0.1313E+03  0.1263E+03  0.4542E+03 -0.1353E-02
  -0.001912
   0.001171
   0.002592
  -6.87E-4
   0.001135
   0.001016
  -6.817086207e-03
  -3.196420690e-03
  3.128505747e-04
  -5.888478079e-03
  -3.233552107e-03
  -2.775855187e-03
  -1.555612701e-01 1.063422414e+00 1.806870057e-01
  -2.426839080e-02 3.726902299e-02 4.641224138e-01
  -5.419885057e-01 -3.157270115e-01 -1.034172414e-01
 Node:         95
  0.1249E+03  0.1235E+03  0.4707E+03 -0.1353E-02
  -0.002878
   1.928E-4
   0.001682
   2.941E-4
