 Group name: predicted_strain_L2A2
 #Fields=  16
 1) coordinates, coordinate, rectangular cartesian, #Components=3
   x.  Value index= 1, #Derivatives=0
   y.  Value index= 2, #Derivatives=0
   z.  Value index= 3, #Derivatives=0
 2) Tensor_1, field, rectangular cartesian, #Components=1
   Tensor_1.  Value index= 4, #Derivatives=0
 3) Tensor_2, field, rectangular cartesian, #Components=1
   Tensor_2.  Value index= 5, #Derivatives=0
 4) Tensor_3, field, rectangular cartesian, #Components=1
   Tensor_3.  Value index= 6, #Derivatives=0
 5) Tensor_4, field, rectangular cartesian, #Components=1
   Tensor_4.  Value index= 7, #Derivatives=0
 6) Tensor_5, field, rectangular cartesian, #Components=1
   Tensor_5.  Value index= 8, #Derivatives=0
 7) Tensor_6, field, rectangular cartesian, #Components=1
   Tensor_6.  Value index= 9, #Derivatives=0
 8) Principal_1, field, rectangular cartesian, #Components=1
   Principal_1.  Value index= 10, #Derivatives=0
 9) Principal_2, field, rectangular cartesian, #Components=1
   Principal_2.  Value index= 11, #Derivatives=0
 10) Principal_3, field, rectangular cartesian, #Components=1
   Principal_3.  Value index= 12, #Derivatives=0
 11) VonMises, field, rectangular cartesian, #Components=1
   VonMises.  Value index= 13, #Derivatives=0
 12) Hydrostatic, field, rectangular cartesian, #Components=1
   VonMises.  Value index= 14, #Derivatives=0
 13) Octahedral, field, rectangular cartesian, #Components=1
   VonMises.  Value index= 15, #Derivatives=0
 14) PrincipalVector1, field, rectangular cartesian, #Components=3
   x.  Value index= 16, #Derivatives=0
   y.  Value index= 17, #Derivatives=0
   z.  Value index= 18, #Derivatives=0
 15) PrincipalVector2, field, rectangular cartesian, #Components=3
   x.  Value index= 19, #Derivatives=0
   y.  Value index= 20, #Derivatives=0
   z.  Value index= 21, #Derivatives=0
 16) PrincipalVector3, field, rectangular cartesian, #Components=3
   x.  Value index= 22, #Derivatives=0
   y.  Value index= 23, #Derivatives=0
   z.  Value index= 24, #Derivatives=0
 Node:          1
  0.1287E+03  0.1133E+03  0.4908E+03 -0.2244E-04
  -1.11E-16
  -8.327E-17
  -2.22E-16
  -2.776E-17
  -4.163E-17
  -3.331E-16
  -6.637000000e-17
  -2.400000000e-16
  -3.598000000e-16
  2.555392160e-16
  -2.220566667e-16
  1.204623416e-16
  8.837000000e-01 -4.676000000e-01 -1.897000000e-02
  4.046000000e-01 7.837000000e-01 -4.712000000e-01
  2.352000000e-01 4.088000000e-01 8.818000000e-01
 Node:          2
  0.1292E+03  0.1137E+03  0.5052E+03 -0.2244E-04
  -5.551E-17
  -1.11E-16
  -1.665E-16
  -5.551E-17
   1.943E-16
  -2.776E-16
  8.603000000e-17
  -1.600000000e-16
  -4.256000000e-16
  4.431926093e-16
  -1.665233333e-16
  2.089229996e-16
  -6.554000000e-01 6.199000000e-01 4.313000000e-01
  7.522000000e-01 4.849000000e-01 4.462000000e-01
  -6.744000000e-02 -6.169000000e-01 7.841000000e-01
 Node:          3
  0.1289E+03  0.1155E+03  0.5194E+03 -0.2244E-04
   2.22E-16
   1.388E-16
   3.331E-16
   1.11E-16
   5.551E-17
   2.22E-16
  4.753000000e-16
  2.118000000e-16
  9.006000000e-17
  3.410738448e-16
  2.590533333e-16
  1.607837524e-16
  -5.696000000e-01 -7.144000000e-01 -4.063000000e-01
  2.395000000e-01 -6.172000000e-01 7.494000000e-01
  -7.862000000e-01 3.296000000e-01 5.227000000e-01
 Node:          4
  0.1361E+03  0.1141E+03  0.4915E+03 -0.2244E-04
   0.0
  -2.776E-17
  -1.11E-16
  -2.776E-17
  -8.327E-17
   2.22E-16
  2.435000000e-16
  6.328000000e-18
  -1.388000000e-16
  3.342648530e-16
  3.700933333e-17
  1.575739629e-16
  -8.549000000e-02 -2.215000000e-01 9.714000000e-01
  9.681000000e-01 -2.491000000e-01 2.840000000e-02
  2.357000000e-01 9.428000000e-01 2.357000000e-01
 Node:          5
  0.1341E+03  0.1144E+03  0.5054E+03 -0.2244E-04
   3.331E-16
   1.388E-16
   3.331E-16
   5.551E-17
  -6.939E-17
   4.441E-16
  4.814000000e-16
  4.627000000e-16
  1.662000000e-16
  3.062784517e-16
  3.701000000e-16
  1.443810468e-16
  -3.480000000e-01 -6.443000000e-01 6.810000000e-01
  -6.589000000e-01 -3.487000000e-01 -6.665000000e-01
  6.669000000e-01 -6.807000000e-01 -3.032000000e-01
 Node:          6
  0.1323E+03  0.1162E+03  0.5191E+03 -0.2244E-04
   2.22E-16
   5.551E-17
   2.22E-16
  -5.551E-17
  -2.776E-17
   0.0
  2.897000000e-16
  1.685000000e-16
  -1.402000000e-17
  2.648101478e-16
  1.480600000e-16
  1.248327008e-16
  -7.150000000e-01 -6.696000000e-01 2.012000000e-01
  6.656000000e-01 -7.399000000e-01 -9.741000000e-02
  -2.141000000e-01 -6.426000000e-02 -9.747000000e-01
 Node:          7
  0.1408E+03  0.1171E+03  0.4920E+03 -0.2244E-04
   3.331E-16
   2.22E-16
   2.22E-16
  -8.327E-17
  -1.11E-16
   0.0
  5.398000000e-16
  6.158000000e-17
  -4.631000000e-17
  5.403052621e-16
  1.850233333e-16
  2.547023432e-16
  -7.537000000e-01 -6.111000000e-01 2.419000000e-01
  -6.560000000e-01 6.770000000e-01 -3.335000000e-01
  -4.004000000e-02 4.101000000e-01 9.112000000e-01
 Node:          8
  0.1367E+03  0.1169E+03  0.5055E+03 -0.2244E-04
   2.22E-16
   1.943E-16
   2.22E-16
  -4.025E-16
  -2.359E-16
  -2.22E-16
  6.547000000e-16
  4.477000000e-17
  -4.775000000e-16
  9.814930967e-16
  7.399000000e-17
  4.626802829e-16
  -6.847000000e-01 -5.611000000e-01 4.652000000e-01
  5.685000000e-01 -8.105000000e-01 -1.409000000e-01
  -4.561000000e-01 -1.681000000e-01 -8.739000000e-01
 Node:          9
  0.1339E+03  0.1180E+03  0.5191E+03 -0.2244E-04
   2.22E-16
   1.665E-16
   0.0
  -3.955E-16
  -2.776E-16
   6.661E-16
  1.002000000e-15
  -9.379000000e-18
  -1.046000000e-16
  1.062195387e-15
  2.960070000e-16
  5.007237074e-16
  -4.817000000e-01 -3.073000000e-01 8.207000000e-01
  -8.565000000e-01 -3.292000000e-02 -5.150000000e-01
  -1.853000000e-01 9.510000000e-01 2.474000000e-01
 Node:         10
  0.1294E+03  0.1212E+03  0.4911E+03 -0.2244E-04
   0.0
   2.776E-17
   1.11E-16
  -1.388E-17
   1.249E-16
   1.11E-16
  2.363000000e-16
  2.303000000e-17
  -3.732000000e-17
  2.489920880e-16
  7.400333333e-17
  1.173759959e-16
  4.210000000e-02 7.100000000e-01 7.030000000e-01
  -7.813000000e-01 -4.152000000e-01 4.661000000e-01
  -6.228000000e-01 5.688000000e-01 -5.372000000e-01
 Node:         11
  0.1295E+03  0.1214E+03  0.5055E+03 -0.2244E-04
  -2.22E-16
  -2.776E-17
  -2.22E-16
  -4.163E-17
   1.388E-17
  -1.665E-16
  -1.365000000e-16
  -2.183000000e-16
  -2.558000000e-16
  1.056645163e-16
  -2.035333333e-16
  4.981073066e-17
  -4.935000000e-01 2.929000000e-01 8.189000000e-01
  3.541000000e-01 -7.924000000e-01 4.968000000e-01
  -7.944000000e-01 -5.351000000e-01 -2.873000000e-01
 Node:         12
  0.1295E+03  0.1217E+03  0.5196E+03 -0.2244E-04
   1.11E-16
   0.0
   1.11E-16
   7.633E-17
   2.776E-17
   2.22E-16
  2.649000000e-16
  1.110000000e-16
  6.816000000e-17
  1.792025435e-16
  1.480200000e-16
  8.447688915e-17
  -4.387000000e-01 -1.595000000e-01 -8.844000000e-01
  3.417000000e-01 -9.398000000e-01 -2.255000000e-17
  8.311000000e-01 3.022000000e-01 -4.668000000e-01
 Node:         13
  0.1361E+03  0.1199E+03  0.4914E+03 -0.2244E-04
   1.11E-16
  -1.388E-16
   0.0
  -9.714E-17
   2.776E-17
  -1.665E-16
  2.285000000e-16
  -8.520000000e-17
  -1.988000000e-16
  3.833392362e-16
  -1.850000000e-17
  1.807078489e-16
  8.171000000e-01 -5.252000000e-01 -2.378000000e-01
  4.648000000e-01 8.442000000e-01 -2.671000000e-01
  3.410000000e-01 1.077000000e-01 9.339000000e-01
 Node:         14
  0.1342E+03  0.1198E+03  0.5054E+03 -0.2244E-04
  -5.551E-17
   2.776E-17
   0.0
   5.551E-17
  -9.021E-17
   1.11E-16
  1.672000000e-16
  -4.940000000e-18
  -1.068000000e-16
  2.398787602e-16
  1.848666667e-17
  1.130799320e-16
  1.634000000e-01 -4.472000000e-01 8.794000000e-01
  -6.569000000e-01 -7.144000000e-01 -2.412000000e-01
  -7.361000000e-01 5.382000000e-01 4.105000000e-01
 Node:         15
  0.1330E+03  0.1205E+03  0.5193E+03 -0.2244E-04
   2.22E-16
  -8.327E-17
  -5.551E-17
   1.388E-17
   4.857E-17
   0.0
  2.451000000e-16
  2.471000000e-17
  -1.033000000e-16
  3.052383267e-16
  5.550333333e-17
  1.438907271e-16
  -9.638000000e-01 2.667000000e-01 -1.723000000e-03
  1.157000000e-01 4.239000000e-01 8.983000000e-01
  2.403000000e-01 8.656000000e-01 -4.394000000e-01
 Node:         16
  0.1404E+03  0.1188E+03  0.4918E+03 -0.2244E-04
   2.22E-16
   5.551E-17
   2.22E-16
  -8.327E-17
  -1.457E-16
   4.441E-16
  5.466000000e-16
  1.950000000e-16
  1.465000000e-16
  3.781896482e-16
  2.960333333e-16
  1.782803099e-16
  -2.927000000e-01 -4.328000000e-01 8.526000000e-01
  -9.222000000e-01 -1.077000000e-01 -3.713000000e-01
  -2.526000000e-01 8.950000000e-01 3.676000000e-01
 Node:         17
  0.1365E+03  0.1184E+03  0.5055E+03 -0.2244E-04
  -1.11E-16
   2.776E-17
  -1.11E-16
   9.714E-17
   1.7E-16
   0.0
  1.573000000e-16
  -1.341000000e-16
  -2.452000000e-16
  3.600440390e-16
  -7.400000000e-17
  1.697263877e-16
  3.368000000e-01 5.285000000e-01 7.792000000e-01
  8.927000000e-01 -4.425000000e-01 -8.566000000e-02
  -2.996000000e-01 -7.244000000e-01 6.209000000e-01
 Node:         18
  0.1341E+03  0.1191E+03  0.5192E+03 -0.2244E-04
   0.0
   0.0
   0.0
   2.645E-17
   1.065E-16
   4.441E-16
  4.697000000e-16
  -1.672000000e-33
  -2.562000000e-17
  4.830198634e-16
  1.480266667e-16
  2.276977472e-16
  -5.484000000e-02 -2.207000000e-01 -9.738000000e-01
  9.705000000e-01 -2.411000000e-01 -6.210000000e-17
  -2.348000000e-01 -9.451000000e-01 2.274000000e-01
 Node:         19
  0.1301E+03  0.1291E+03  0.4914E+03  0.0000E+00
   1.11E-16
   0.0
   1.11E-16
   2.101E-19
   1.001E-17
  -2.22E-16
  1.113000000e-16
  1.110000000e-16
  -2.223000000e-16
  3.334501012e-16
  0.000000000e+00
  1.571898852e-16
  -2.096000000e-02 -9.993000000e-01 -3.003000000e-02
  9.998000000e-01 -2.097000000e-02 1.345000000e-19
  6.298000000e-04 3.003000000e-02 -9.995000000e-01
 Node:         20
  0.1299E+03  0.1291E+03  0.5058E+03  0.0000E+00
   2.22E-16
   0.0
   0.0
   1.041E-17
   1.924E-17
  -5.551E-17
  2.224000000e-16
  5.975000000e-18
  -6.188000000e-17
  2.571567616e-16
  5.549833333e-17
  1.212248600e-16
  -9.993000000e-01 -3.257000000e-03 -3.765000000e-02
  1.428000000e-02 -9.549000000e-01 -2.965000000e-01
  -3.498000000e-02 -2.968000000e-01 9.543000000e-01
 Node:         21
  0.1301E+03  0.1280E+03  0.5197E+03  0.0000E+00
   1.11E-16
   0.0
   0.0
   4.163E-17
   1.475E-17
   1.11E-16
  1.534000000e-16
  7.089000000e-17
  -2.220000000e-18
  1.348528023e-16
  7.402333333e-17
  6.357022067e-17
  -6.994000000e-01 -6.840000000e-02 -7.114000000e-01
  -7.126000000e-01 1.429000000e-01 6.869000000e-01
  -5.465000000e-02 -9.874000000e-01 1.487000000e-01
 Node:         22
  0.1360E+03  0.1256E+03  0.4913E+03  0.0000E+00
  -2.22E-16
   1.388E-17
  -1.11E-16
  -1.388E-17
   1.006E-16
   1.11E-16
  1.500000000e-16
  -1.456000000e-16
  -2.264000000e-16
  3.432090908e-16
  -7.400000000e-17
  1.617903170e-16
  -2.144000000e-02 3.586000000e-01 9.332000000e-01
  2.280000000e-01 9.106000000e-01 -3.447000000e-01
  -9.734000000e-01 2.054000000e-01 -1.013000000e-01
 Node:         23
  0.1343E+03  0.1253E+03  0.5054E+03  0.0000E+00
   0.0
   2.082E-17
  -4.441E-16
   0.0
   1.314E-16
  -1.665E-16
  1.265000000e-18
  -1.147000000e-16
  -4.972000000e-16
  4.517861704e-16
  -2.035450000e-16
  2.129740431e-16
  9.970000000e-01 6.061000000e-02 4.746000000e-02
  6.644000000e-02 -3.661000000e-01 -9.282000000e-01
  3.888000000e-02 -9.286000000e-01 3.690000000e-01
 Node:         24
  0.1336E+03  0.1248E+03  0.5194E+03  0.0000E+00
  -2.22E-16
   1.214E-17
   0.0
   1.388E-17
   8.674E-19
  -1.665E-16
  6.779000000e-19
  -1.633000000e-16
  -2.259000000e-16
  2.026635839e-16
  -1.295073667e-16
  9.553652964e-17
  -5.504000000e-02 -9.984000000e-01 -9.747000000e-03
  2.257000000e-01 -2.195000000e-02 9.740000000e-01
  -9.726000000e-01 5.141000000e-02 2.265000000e-01
 Node:         25
  0.1400E+03  0.1206E+03  0.4917E+03  0.0000E+00
   0.0
   2.671E-16
  -1.11E-16
  -8.327E-17
  -1.301E-16
   2.22E-16
  3.681000000e-16
  7.580000000e-17
  -3.329000000e-16
  6.098671905e-16
  3.700000000e-17
  2.874941507e-16
  5.089000000e-01 4.781000000e-01 -7.159000000e-01
  6.086000000e-01 3.883000000e-01 6.920000000e-01
  6.088000000e-01 -7.878000000e-01 -9.334000000e-02
 Node:         26
  0.1363E+03  0.1200E+03  0.5055E+03  0.0000E+00
   2.22E-16
   1.076E-16
  -6.106E-16
   2.776E-17
  -1.124E-15
  -5.551E-17
  8.281000000e-16
  2.248000000e-16
  -1.497000000e-15
  2.089815320e-15
  -1.480333333e-16
  9.851483893e-16
  7.371000000e-02 6.174000000e-01 -7.832000000e-01
  9.955000000e-01 1.018000000e-03 9.449000000e-02
  -5.914000000e-02 7.866000000e-01 6.146000000e-01
 Node:         27
  0.1343E+03  0.1203E+03  0.5192E+03  0.0000E+00
   2.22E-16
  -1.943E-16
   2.22E-16
  -1.041E-16
   1.313E-15
   0.0
  1.466000000e-15
  1.875000000e-16
  -1.209000000e-15
  2.317369144e-15
  1.481666667e-16
  1.092418291e-15
  -1.693000000e-01 7.280000000e-01 6.643000000e-01
  9.848000000e-01 9.849000000e-02 1.431000000e-01
  3.876000000e-02 6.785000000e-01 -7.336000000e-01
 Node:         28
  0.1155E+03  0.1124E+03  0.4931E+03 -0.1326E-03
  -2.22E-16
   3.816E-17
   2.22E-16
  -5.551E-17
   5.551E-17
   1.11E-16
  2.455000000e-16
  1.014000000e-16
  -2.359000000e-16
  4.279497985e-16
  3.700000000e-17
  2.017374697e-16
  3.184000000e-02 9.284000000e-01 3.701000000e-01
  1.988000000e-01 3.571000000e-01 -9.127000000e-01
  9.795000000e-01 -1.026000000e-01 1.732000000e-01
 Node:         29
  0.1119E+03  0.1139E+03  0.5068E+03 -0.1326E-03
  -2.22E-16
  -2.082E-17
   0.0
   5.551E-17
   6.939E-18
  -3.331E-16
  1.944000000e-18
  -2.004000000e-16
  -3.566000000e-16
  3.113642034e-16
  -1.850186667e-16
  1.467784931e-16
  -9.118000000e-02 9.958000000e-01 5.517000000e-03
  -9.179000000e-01 -8.189000000e-02 -3.884000000e-01
  -3.863000000e-01 -4.048000000e-02 9.215000000e-01
 Node:         30
  0.1113E+03  0.1159E+03  0.5206E+03 -0.1326E-03
   2.22E-16
   1.249E-16
   2.22E-16
   0.0
  -2.776E-17
   1.11E-16
  3.486000000e-16
  1.238000000e-16
  8.277000000e-17
  2.478750591e-16
  1.850566667e-16
  1.168494234e-16
  -7.001000000e-01 -7.092000000e-01 8.287000000e-02
  -4.685000000e-01 3.686000000e-01 -8.029000000e-01
  -5.389000000e-01 6.009000000e-01 5.903000000e-01
 Node:         31
  0.1203E+03  0.1126E+03  0.4920E+03 -0.1326E-03
  -5.551E-17
   9.714E-17
  -1.11E-16
   2.776E-17
   4.163E-17
  -5.551E-17
  4.114000000e-17
  -7.661000000e-17
  -1.866000000e-16
  1.972667866e-16
  -7.402333333e-17
  9.299245501e-17
  -6.956000000e-01 -5.654000000e-01 -4.433000000e-01
  4.358000000e-01 1.585000000e-01 -8.860000000e-01
  5.712000000e-01 -8.095000000e-01 1.362000000e-01
 Node:         32
  0.1188E+03  0.1134E+03  0.5062E+03 -0.1326E-03
   2.22E-16
  -1.388E-17
  -1.11E-16
  -2.776E-17
   9.714E-17
  -5.551E-17
  2.266000000e-16
  1.331000000e-17
  -1.844000000e-16
  3.560216764e-16
  1.850333333e-17
  1.678302278e-16
  -9.894000000e-01 7.624000000e-02 1.236000000e-01
  1.445000000e-01 5.992000000e-01 7.875000000e-01
  1.402000000e-02 -7.970000000e-01 6.038000000e-01
 Node:         33
  0.1183E+03  0.1150E+03  0.5201E+03 -0.1326E-03
   1.11E-16
   5.551E-17
   0.0
   8.327E-17
   0.0
   0.0
  1.700000000e-16
  0.000000000e+00
  -5.893000000e-17
  2.058903711e-16
  3.702333333e-17
  9.705765171e-17
  -8.617000000e-01 -2.815000000e-01 -4.222000000e-01
  0.000000000e+00 -8.321000000e-01 5.547000000e-01
  -5.074000000e-01 4.780000000e-01 7.170000000e-01
 Node:         34
  0.1255E+03  0.1129E+03  0.4909E+03 -0.1326E-03
   0.0
   0.0
   0.0
   5.551E-17
   9.714E-17
   0.0
  1.119000000e-16
  3.387000000e-33
  -1.119000000e-16
  1.938164854e-16
  0.000000000e+00
  9.136596741e-17
  -3.508000000e-01 -6.139000000e-01 -7.071000000e-01
  8.682000000e-01 -4.961000000e-01 -4.855000000e-17
  -3.508000000e-01 -6.139000000e-01 7.071000000e-01
 Node:         35
  0.1260E+03  0.1135E+03  0.5054E+03 -0.1326E-03
   0.0
   1.11E-16
  -1.11E-16
   1.11E-16
   2.498E-16
  -1.11E-16
  2.410000000e-16
  -1.023000000e-16
  -3.608000000e-16
  5.228959648e-16
  -7.403333333e-17
  2.464955217e-16
  5.458000000e-01 5.925000000e-01 5.925000000e-01
  8.379000000e-01 -3.859000000e-01 -3.859000000e-01
  -4.975000000e-17 -7.071000000e-01 7.071000000e-01
 Node:         36
  0.1257E+03  0.1153E+03  0.5196E+03 -0.1326E-03
   0.0
  -5.551E-17
   0.0
  -5.551E-17
   8.327E-17
   0.0
  1.305000000e-16
  -4.723000000e-17
  -8.327000000e-17
  1.982226619e-16
  0.000000000e+00
  9.344305895e-17
  -5.155000000e-01 6.059000000e-01 6.059000000e-01
  8.569000000e-01 3.645000000e-01 3.645000000e-01
  -1.256000000e-16 7.071000000e-01 -7.071000000e-01
 Node:         37
  0.1132E+03  0.1210E+03  0.4959E+03 -0.1326E-03
  -2.22E-16
   1.388E-16
  -2.22E-16
  -8.327E-17
   1.804E-16
  -2.776E-16
  -4.482000000e-17
  -1.622000000e-16
  -5.146000000e-16
  4.234720019e-16
  -2.405400000e-16
  1.996266161e-16
  3.971000000e-01 7.887000000e-01 4.693000000e-01
  -7.874000000e-01 3.010000000e-02 6.157000000e-01
  4.715000000e-01 -6.140000000e-01 6.330000000e-01
 Node:         38
  0.1111E+03  0.1204E+03  0.5085E+03 -0.1326E-03
  -1.665E-16
   9.714E-17
   0.0
  -2.776E-17
  -8.327E-17
  -2.22E-16
  7.071000000e-17
  -2.091000000e-16
  -2.502000000e-16
  3.024616291e-16
  -1.295300000e-16
  1.425817793e-16
  -3.916000000e-01 -8.746000000e-01 2.859000000e-01
  9.154000000e-01 -3.389000000e-01 2.170000000e-01
  9.287000000e-02 -3.467000000e-01 -9.334000000e-01
 Node:         39
  0.1119E+03  0.1201E+03  0.5207E+03 -0.1326E-03
  -5.551E-17
  -9.714E-17
  -3.331E-16
  -8.327E-17
  -7.633E-17
  -1.11E-16
  8.934000000e-18
  -1.105000000e-16
  -3.981000000e-16
  3.623913061e-16
  -1.665553333e-16
  1.708329000e-16
  8.510000000e-01 -1.281000000e-01 -5.092000000e-01
  4.076000000e-01 -4.503000000e-01 7.944000000e-01
  -3.311000000e-01 -8.836000000e-01 -3.310000000e-01
 Node:         40
  0.1191E+03  0.1220E+03  0.4937E+03 -0.1326E-03
   0.0
   8.327E-17
  -2.22E-16
   8.327E-17
  -1.388E-17
  -2.22E-16
  4.872000000e-17
  -2.082000000e-16
  -2.846000000e-16
  3.024459198e-16
  -1.480266667e-16
  1.425743739e-16
  -9.240000000e-01 -2.703000000e-01 -2.703000000e-01
  0.000000000e+00 -7.071000000e-01 7.071000000e-01
  3.823000000e-01 -6.534000000e-01 -6.534000000e-01
 Node:         41
  0.1182E+03  0.1217E+03  0.5073E+03 -0.1326E-03
   0.0
  -2.776E-17
  -5.551E-17
   5.551E-17
   9.714E-17
   1.11E-16
  1.653000000e-16
  1.073000000e-17
  -1.206000000e-16
  2.478691830e-16
  1.847666667e-17
  1.168466534e-16
  2.406000000e-01 3.653000000e-01 8.993000000e-01
  -8.901000000e-01 4.526000000e-01 5.428000000e-02
  -3.871000000e-01 -8.135000000e-01 4.340000000e-01
 Node:         42
  0.1187E+03  0.1212E+03  0.5204E+03 -0.1326E-03
   0.0
  -5.551E-17
  -1.11E-16
   0.0
   5.551E-17
   1.11E-16
  1.256000000e-16
  1.887000000e-17
  -1.444000000e-16
  2.355296009e-16
  2.333333333e-20
  1.110297186e-16
  1.113000000e-01 -2.517000000e-01 -9.614000000e-01
  9.295000000e-01 -3.159000000e-01 1.903000000e-01
  -3.516000000e-01 -9.148000000e-01 1.988000000e-01
 Node:         43
  0.1258E+03  0.1217E+03  0.4915E+03 -0.1326E-03
   2.22E-16
   1.11E-16
   1.11E-16
  -1.388E-17
   0.0
  -5.551E-17
  2.911000000e-16
  4.294000000e-17
  -5.645000000e-17
  3.100425456e-16
  9.253000000e-17
  1.461554576e-16
  -8.507000000e-01 -5.246000000e-01 3.406000000e-02
  -5.213000000e-01 8.502000000e-01 7.348000000e-02
  6.751000000e-02 -4.475000000e-02 9.967000000e-01
 Node:         44
  0.1259E+03  0.1220E+03  0.5059E+03 -0.1326E-03
  -2.22E-16
   1.388E-16
  -2.22E-16
   9.714E-17
   1.11E-16
  -1.11E-16
  5.081000000e-17
  -2.445000000e-16
  -3.614000000e-16
  3.679610647e-16
  -1.850300000e-16
  1.734585094e-16
  -5.113000000e-01 -5.340000000e-01 -6.733000000e-01
  -5.198000000e-01 -4.318000000e-01 7.372000000e-01
  -6.844000000e-01 7.269000000e-01 -5.679000000e-02
 Node:         45
  0.1261E+03  0.1221E+03  0.5198E+03 -0.1326E-03
  -5.551E-17
  -8.327E-17
  -2.776E-16
   2.776E-17
  -6.939E-18
   1.11E-16
  1.167000000e-16
  -3.339000000e-17
  -3.053000000e-16
  3.705037491e-16
  -7.399666667e-17
  1.746571423e-16
  1.854000000e-01 -5.643000000e-02 9.810000000e-01
  9.302000000e-01 -3.117000000e-01 -1.938000000e-01
  -3.167000000e-01 -9.485000000e-01 5.308000000e-03
 Node:         46
  0.1117E+03  0.1296E+03  0.4959E+03  0.0000E+00
  -5.551E-17
   2.776E-17
  -1.665E-16
   6.939E-18
  -2.602E-17
   0.0
  4.101000000e-18
  -4.897000000e-17
  -1.772000000e-16
  1.614458370e-16
  -7.402300000e-17
  7.610629740e-17
  4.856000000e-02 -1.429000000e-01 9.886000000e-01
  9.724000000e-01 2.327000000e-01 -1.414000000e-02
  -2.280000000e-01 9.620000000e-01 1.502000000e-01
 Node:         47
  0.1107E+03  0.1269E+03  0.5087E+03  0.0000E+00
  -1.665E-16
  -3.123E-17
   1.11E-16
  -2.776E-17
   3.99E-17
   0.0
  1.289000000e-16
  -1.114000000e-17
  -1.732000000e-16
  2.618578385e-16
  -1.848000000e-17
  1.234409689e-16
  -1.292000000e-01 9.390000000e-01 3.186000000e-01
  -1.008000000e-01 -3.321000000e-01 9.379000000e-01
  -9.865000000e-01 -8.906000000e-02 -1.376000000e-01
 Node:         48
  0.1125E+03  0.1242E+03  0.5208E+03  0.0000E+00
   1.11E-16
   3.469E-18
   1.11E-16
   0.0
  -1.735E-18
   1.11E-16
  1.149000000e-16
  1.110000000e-16
  1.071000000e-16
  6.754998150e-18
  1.110000000e-16
  3.184336666e-18
  -6.325000000e-01 -7.071000000e-01 3.162000000e-01
  4.472000000e-01 -4.455000000e-15 8.944000000e-01
  -6.325000000e-01 7.071000000e-01 3.162000000e-01
 Node:         49
  0.1186E+03  0.1311E+03  0.4938E+03  0.0000E+00
  -1.665E-16
  -2.082E-17
   0.0
  -4.163E-17
  -6.072E-18
  -5.551E-17
  2.581000000e-18
  -4.165000000e-17
  -1.830000000e-16
  1.678935845e-16
  -7.402300000e-17
  7.914579474e-17
  1.174000000e-01 -9.929000000e-01 1.965000000e-02
  -3.135000000e-01 -1.827000000e-02 9.494000000e-01
  -9.423000000e-01 -1.176000000e-01 -3.134000000e-01
 Node:         50
  0.1180E+03  0.1298E+03  0.5075E+03  0.0000E+00
   0.0
  -1.301E-17
   3.331E-16
  -4.163E-17
   1.247E-17
   2.22E-16
  3.354000000e-16
  2.276000000e-16
  -7.879000000e-18
  3.040655121e-16
  1.850403333e-16
  1.433378570e-16
  5.441000000e-02 -9.902000000e-01 -1.289000000e-01
  -1.707000000e-01 -1.364000000e-01 9.758000000e-01
  9.838000000e-01 3.109000000e-02 1.765000000e-01
 Node:         51
  0.1192E+03  0.1275E+03  0.5206E+03  0.0000E+00
   0.0
  -3.469E-18
  -5.551E-17
   0.0
   1.475E-17
   1.11E-16
  1.123000000e-16
  2.087000000e-19
  -5.702000000e-17
  1.491791642e-16
  1.849623333e-17
  7.032373239e-17
  -2.705000000e-03 8.758000000e-02 9.962000000e-01
  9.982000000e-01 -6.004000000e-02 7.989000000e-03
  -6.051000000e-02 -9.943000000e-01 8.725000000e-02
 Node:         52
  0.1262E+03  0.1305E+03  0.4920E+03  0.0000E+00
   1.11E-16
  -1.388E-17
   1.11E-16
   1.301E-18
   4.906E-18
   0.0
  1.250000000e-16
  9.734000000e-17
  -2.497000000e-19
  1.139655924e-16
  7.403010000e-17
  5.372389547e-17
  -7.047000000e-01 7.092000000e-01 2.051000000e-02
  7.093000000e-01 7.034000000e-01 4.493000000e-02
  -1.744000000e-02 -4.621000000e-02 9.988000000e-01
 Node:         53
  0.1258E+03  0.1304E+03  0.5063E+03  0.0000E+00
  -1.665E-16
  -1.735E-18
  -1.11E-16
   2.776E-17
   3.383E-17
  -2.22E-16
  -1.010000000e-16
  -1.572000000e-16
  -2.414000000e-16
  1.223933005e-16
  -1.665333333e-16
  5.769675516e-17
  9.684000000e-02 9.526000000e-01 2.883000000e-01
  -9.346000000e-01 1.866000000e-01 -3.027000000e-01
  -3.422000000e-01 -2.402000000e-01 9.084000000e-01
 Node:         54
  0.1265E+03  0.1288E+03  0.5200E+03  0.0000E+00
  -2.22E-16
   2.082E-17
   1.11E-16
   0.0
  -4.337E-18
   1.11E-16
  1.160000000e-16
  1.073000000e-16
  -2.233000000e-16
  3.350347295e-16
  0.000000000e+00
  1.579368861e-16
  -4.656000000e-02 -7.562000000e-01 6.527000000e-01
  -4.117000000e-02 -6.514000000e-01 -7.576000000e-01
  -9.981000000e-01 6.215000000e-02 8.061000000e-04
 Node:         55
  0.1382E+03  0.1167E+03  0.4531E+03  0.2360E-02
  -0.003944
  -0.003322
   0.006424
  -4.499E-4
   0.004947
  -0.003748
  2.037860742e-02
  8.039838794e-03
  -2.537455848e-02
  4.086349940e-02
  1.014629246e-03
  1.926323835e-02
  8.748158166e-02 4.047090160e-01 2.426009274e-01
  2.750360227e-01 5.503476455e-01 -2.757342607e-01
  -4.680550899e-01 -1.939930654e-01 4.392305049e-01
 Node:         56
  0.1314E+03  0.1156E+03  0.4685E+03  0.2360E-02
  -0.002521
  -0.002348
   0.004077
  -2.712E-4
   0.001791
  -0.003116
  1.557814632e-02
  2.211012725e-03
  -2.254096651e-02
  3.470771570e-02
  -1.583935823e-03
  1.636137409e-02
  -1.590924044e-01 -4.935681092e-01 1.705111798e-02
  3.800964451e-01 3.639382040e-01 5.398314992e-01
  -3.297707779e-01 -5.812829469e-02 5.194726945e-01
 Node:         57
  0.1285E+03  0.1140E+03  0.4823E+03  0.2360E-02
  -1.827E-4
  -2.602E-4
   5.583E-4
  -2.976E-5
   3.849E-5
  -2.508E-4
  3.782183205e-03
  -7.619738331e-05
  -5.941186914e-03
  9.298123801e-03
  -7.450670309e-04
  4.383177595e-03
  -4.625408552e-01 -1.583001546e-01 3.920160536e-01
  5.105533230e-01 5.471990520e-01 3.746369304e-01
  -2.956494590e-01 1.477026945e-01 6.038276662e-01
 Node:         58
  0.1480E+03  0.1174E+03  0.4537E+03  0.2360E-02
  -0.004437
  -0.005246
   0.01174
  -9.138E-4
   0.003605
  -0.01288
  2.803972591e-02
  5.671258578e-03
  -3.389375837e-02
  5.411442602e-02
  -6.092462648e-05
  2.550978507e-02
  2.165485832e-01 -5.439067491e-01 -8.966170015e-02
  3.593631510e-01 2.288820196e-01 5.176912416e-01
  -4.763729943e-01 -1.519403812e-01 5.337082277e-01
 Node:         59
  0.1416E+03  0.1164E+03  0.4695E+03  0.2360E-02
   1.787E-4
  -0.006265
   0.009255
  -0.003428
   0.004014
  -0.004691
  2.943380989e-02
  -6.126448779e-04
  -2.436077846e-02
  4.665126132e-02
  1.486795516e-03
  2.199161548e-02
  -3.685597115e-01 5.171706852e-01 1.370742607e-01
  3.400421947e-01 3.555178964e-01 5.821999371e-01
  -3.314550747e-01 -1.929348789e-01 5.202416919e-01
 Node:         60
  0.1375E+03  0.1150E+03  0.4832E+03  0.2360E-02
   0.001453
  -0.002263
   0.002416
  -0.001437
   0.001192
   3.583E-4
  8.995750644e-03
  -3.685495167e-04
  -5.501932509e-03
  1.328548581e-02
  1.041756206e-03
  6.262838070e-03
  -3.772332303e-01 6.960648635e-01 8.175356620e-02
  2.456228748e-02 2.378294693e-01 -4.405882576e-01
  -3.497789284e-01 -5.394196960e-02 3.408033591e-01
 Node:         61
  0.1550E+03  0.1214E+03  0.4543E+03  0.2360E-02
   0.002799
  -0.004725
   0.002352
  -9.38E-4
   4.147E-4
  -0.01341
  2.434847450e-02
  -9.861897115e-03
  -2.556943843e-02
  4.453702210e-02
  -3.694287017e-03
  2.099495356e-02
  -5.895538382e-02 3.583613601e-01 1.271258372e-01
  5.817558475e-01 5.943562081e-01 -2.806501185e-01
  1.410430448e-01 1.015915559e-01 8.675174652e-01
 Node:         62
  0.1490E+03  0.1199E+03  0.4703E+03  0.2360E-02
   0.008357
  -0.01062
   0.007118
  -0.0046
   0.003661
  -0.003208
  3.229767130e-02
  -3.688720453e-03
  -1.762399742e-02
  4.472465588e-02
  3.661651142e-03
  2.108340497e-02
  -5.009689335e-01 5.481138073e-01 2.040446419e-01
  5.166946935e-01 1.824166924e-01 2.061915284e-01
  1.060986605e-01 9.170571561e-02 3.838946728e-01
 Node:         63
  0.1436E+03  0.1181E+03  0.4839E+03  0.2360E-02
   0.002947
  -0.004408
   0.004766
  -0.001353
   0.0021
   3.352E-4
  1.255483514e-02
  1.091564863e-04
  -4.152944668e-03
  1.523208802e-02
  2.837015652e-03
  7.180475153e-03
  -5.038730551e-01 6.252205049e-01 1.293939248e-01
  2.030220505e-01 3.862925914e-01 -3.363124987e-01
  -2.440593405e-01 -3.396051829e-01 -1.912251417e-01
 Node:         64
  0.1412E+03  0.1253E+03  0.4529E+03  0.2360E-02
  -0.009258
  -0.001671
   0.01089
  -0.001421
   0.001146
  -0.005752
  1.824154508e-02
  -5.542924523e-03
  -1.660888872e-02
  3.169407786e-02
  -1.303422720e-03
  1.494073158e-02
  -2.236888717e-02 8.445176713e-01 7.049329418e-02
  1.127443071e-01 1.298223596e-02 -2.140606388e-01
  -5.517944359e-02 1.705404194e-01 -1.066785884e-01
 Node:         65
  0.1340E+03  0.1229E+03  0.4685E+03  0.2360E-02
  -0.002255
  -0.00422
   0.008329
  -0.001672
   8.309E-4
  -0.003671
  1.820747398e-02
  -2.848439464e-03
  -1.294876198e-02
  2.782109032e-02
  8.034241800e-04
  1.311498775e-02
  2.426046162e-01 -8.334224626e-01 -8.125601752e-02
  -1.728537146e-01 -1.396997218e-01 5.390519320e-01
  -5.392885626e-01 1.801150953e-02 -1.242499536e-01
 Node:         66
  0.1299E+03  0.1214E+03  0.4825E+03  0.2360E-02
   0.001094
  -0.001453
   0.001972
  -3.62E-4
   2.967E-4
  -2.53E-4
  5.044611025e-03
  -1.705872282e-04
  -2.195055538e-03
  6.624619788e-03
  8.929894195e-04
  3.122875717e-03
  -3.608347398e-01 -2.978258630e-02 1.901794693e-01
  5.075371973e-01 4.244230294e-01 2.380722308e-01
  5.793491499e-01 -4.110741370e-02 2.471978877e-01
 Node:         67
  0.1497E+03  0.1241E+03  0.4536E+03  0.2360E-02
  -0.007148
  -0.004009
   0.009717
  -0.001223
   0.00116
  -0.01184
  1.669887069e-02
  1.245874292e-03
  -2.535879186e-02
  3.690752505e-02
  -2.471348961e-03
  1.739837416e-02
  -1.482023184e-01 6.373027306e-01 6.034746522e-02
  4.045355384e-01 3.839206595e-03 4.566057599e-01
  -4.831877227e-01 -8.579354250e-02 2.285666151e-01
 Node:         68
  0.1431E+03  0.1222E+03  0.4694E+03  0.2360E-02
   0.002601
  -0.007843
   0.009383
  -0.004227
   0.002268
  -0.006336
  2.421706337e-02
  3.181151839e-03
  -1.947021793e-02
  3.762182264e-02
  2.642665760e-03
  1.773509727e-02
  -2.063469861e-01 -1.186878928e-01 1.870298815e-02
  2.126359062e-01 2.139398764e-01 4.789581659e-01
  -2.633594539e-01 -1.073721714e-01 4.089689954e-01
 Node:         69
  0.1379E+03  0.1205E+03  0.4831E+03  0.2360E-02
   0.002829
  -0.002943
   0.002873
  -0.001612
   0.001153
  -4.185E-5
  9.183799073e-03
  1.841520093e-04
  -2.819902834e-03
  1.085894601e-02
  2.182682749e-03
  5.118956242e-03
  -5.498186502e-01 7.481864503e-01 1.774277254e-01
  3.679707713e-01 4.328230294e-01 4.169808140e-01
  6.109886141e-01 1.387721329e-01 2.760607110e-01
 Node:         70
  0.1553E+03  0.1235E+03  0.4542E+03  0.2360E-02
  -0.003922
  -0.005061
   0.002926
  -0.004047
   0.002969
  -0.01112
  2.215890211e-02
  -2.652288814e-03
  -2.983665379e-02
  4.570058625e-02
  -3.443346829e-03
  2.154346296e-02
  -1.438263782e-01 1.990345698e-01 2.534575940e-01
  3.750417465e-01 -3.234309634e-01 1.764870118e-01
  1.018279444e-01 3.625058217e-02 2.972228233e-01
 Node:         71
  0.1492E+03  0.1218E+03  0.4702E+03  0.2360E-02
   0.007892
  -0.008538
   0.006296
  -0.008959
   0.004828
  -0.003705
  3.039103812e-02
  3.583469809e-03
  -2.051915301e-02
  4.393028342e-02
  4.485118307e-03
  2.070893420e-02
  -5.619989181e-01 5.019630088e-01 3.711898506e-01
  1.797485677e-01 -7.541437403e-02 3.973785987e-01
  5.787778465e-01 1.872123081e-01 4.666330242e-01
 Node:         72
  0.1435E+03  0.1199E+03  0.4838E+03  0.2360E-02
   0.004977
  -0.003674
   0.00242
  -0.003208
   0.001744
   6.593E-4
  1.266367594e-02
  2.705259660e-04
  -3.473093251e-03
  1.467005840e-02
  3.153702885e-03
  6.915531848e-03
  -6.698592478e-01 6.173148377e-01 3.103573416e-01
  2.538795008e-01 3.079991757e-01 5.002593472e-01
  5.411178774e-01 2.582251860e-01 2.195924163e-01
 Node:         73
  0.1442E+03  0.1339E+03  0.4528E+03  0.0000E+00
   0.00698
  -8.534E-4
  -0.008472
  -6.109E-4
   3.565E-4
   0.004247
  1.517934879e-02
  1.807813323e-03
  -1.327979547e-02
  2.454427041e-02
  1.235788882e-03
  1.157028003e-02
  -2.824974240e-01 -2.557438176e-02 3.574755178e-01
  -8.533354456e-02 -2.222203761e-02 1.951354972e-02
  -5.008582895e-02 -1.588595569e-01 -4.835375374e-02
 Node:         74
  0.1365E+03  0.1303E+03  0.4685E+03  0.0000E+00
   0.01326
   0.002284
  -0.00282
   9.055E-4
   5.018E-4
   0.004737
  1.977152499e-02
  6.920734673e-03
  -8.468719217e-03
  2.526580933e-02
  6.074513481e-03
  1.191041674e-02
  -1.208996394e-01 -2.448648326e-01 1.654482226e-02
  -2.255622154e-01 7.273060278e-03 1.035122669e+00
  -2.119229686e-01 1.302242658e-01 -1.845735343e-01
 Node:         75
  0.1313E+03  0.1288E+03  0.4826E+03  0.0000E+00
   0.005574
   9.365E-4
  -4.598E-5
   4.599E-5
   2.329E-5
   4.755E-4
  8.143950541e-03
  6.539069037e-04
  -1.984743019e-03
  9.262025971e-03
  2.271038142e-03
  4.366160914e-03
  -9.373955693e-01 2.013749614e-02 8.114542813e-02
  -1.617899227e-02 -1.768296672e-01 9.363507986e-01
  6.756011334e-02 9.683421432e-01 1.463850129e-01
 Node:         76
  0.1515E+03  0.1308E+03  0.4535E+03  0.0000E+00
   0.005839
  -0.00171
  -0.01014
  -0.001274
   0.001391
   0.004805
  1.785673313e-02
  1.019052457e-03
  -1.702676095e-02
  3.065298214e-02
  6.163415456e-04
  1.444995436e-02
  -4.155934209e-01 4.201630603e-02 2.785196291e-01
  7.073821741e-01 -1.099945595e-01 4.793419887e-01
  4.692464194e-02 -4.006913962e-02 -5.596164348e-02
 Node:         77
  0.1445E+03  0.1280E+03  0.4693E+03  0.0000E+00
   0.01685
   0.002937
  -0.003692
   5.924E-4
   0.001577
   0.003497
  2.410158423e-02
  5.260117980e-03
  -8.512804740e-03
  2.970588887e-02
  6.949632492e-03
  1.400349031e-02
  -9.711347759e-01 -6.418286656e-02 6.009614065e-02
  5.078786193e-02 1.397640082e-01 9.736823802e-01
  -1.148664616e-01 2.899967027e-01 -4.866573931e-02
 Node:         78
  0.1384E+03  0.1261E+03  0.4830E+03  0.0000E+00
   0.007299
   0.001812
   7.132E-5
   2.218E-4
   2.069E-4
   3.054E-4
  1.062331582e-02
  8.403755796e-05
  -1.013142658e-03
  1.113392642e-02
  3.231403572e-03
  5.248583247e-03
  -9.650776404e-01 -1.335854446e-01 4.626402164e-02
  -1.616845440e-03 -6.832656878e-02 7.953218959e-01
  -1.813943112e-01 1.721268418e-01 -1.997949408e-01
 Node:         79
  0.1555E+03  0.1256E+03  0.4542E+03  0.0000E+00
   0.003942
   0.001574
  -0.01096
  -0.002122
   3.854E-4
  -0.01363
  2.185029572e-02
  -3.478606904e-03
  -4.782761978e-02
  6.133508958e-02
  -9.818643654e-03
  2.891363851e-02
  7.059526018e-01 4.148392117e-01 -1.926290046e-01
  5.831447707e-02 1.553774709e-01 3.944596548e-01
  -6.013253684e-02 -4.575557969e-01 5.448636079e-01
 Node:         80
  0.1493E+03  0.1237E+03  0.4702E+03  0.0000E+00
   0.01949
   0.003365
  -0.007064
   0.002098
   7.17E-4
  -0.00946
  2.967551777e-02
  4.439062236e-03
  -3.641362700e-02
  5.928984412e-02
  -7.663489954e-04
  2.794950055e-02
  -3.819706337e-02 2.248472488e-01 -6.982052035e-02
  -3.235597630e-01 5.236903040e-01 4.328142705e-01
  7.697654817e-03 -4.383823735e-01 5.937107470e-01
 Node:         81
  0.1433E+03  0.1217E+03  0.4837E+03  0.0000E+00
   0.00847
   0.00186
  -6.105E-4
   0.001773
   5.303E-4
  -6.03E-4
  1.255157187e-02
  4.569023648e-04
  -5.106937661e-03
  1.600612395e-02
  2.633845525e-03
  7.545359191e-03
  -9.552134982e-01 -1.935164863e-01 -9.855291705e-02
  -2.655701185e-01 5.902843380e-01 4.365751682e-01
  1.046637352e-01 -4.469623313e-01 6.236895415e-01
 Node:         82
  0.1267E+03  0.1148E+03  0.4561E+03  0.1566E-02
   0.001573
  -0.002811
   6.205E-4
  -4.384E-4
   0.0012
  -0.001158
  1.251168727e-02
  -2.022965997e-03
  -9.327506440e-03
  1.948982261e-02
  3.870716126e-04
  9.187590489e-03
  -4.258974673e-01 6.309423493e-01 3.374102524e-01
  -2.142490984e-01 5.495587841e-02 -9.816316332e-02
  4.601952087e-01 3.405381247e-01 1.743733127e-01
 Node:         83
  0.1234E+03  0.1129E+03  0.4718E+03  0.1566E-02
  -0.001522
  -0.001629
  -1.252E-4
   7.779E-4
   7.795E-4
  -0.001335
  8.357157651e-03
  -4.321877898e-04
  -1.495420093e-02
  2.090312419e-02
  -2.343077022e-03
  9.853827244e-03
  -1.829791654e-01 6.421428130e-01 4.896793869e-01
  -1.690235446e-01 5.384222566e-02 2.116166924e-02
  -1.659647089e-01 3.093721741e-01 4.923877898e-01
 Node:         84
  0.1187E+03  0.1123E+03  0.4849E+03  0.1566E-02
  -2.664E-4
  -8.994E-5
  -3.547E-5
   4.612E-4
  -1.808E-5
  -9.837E-4
  2.064718444e-03
  6.398988563e-05
  -5.757753941e-03
  7.481639592e-03
  -1.209681871e-03
  3.526878727e-03
  -5.834578568e-01 -2.411310665e-01 2.069503864e-01
  2.079841319e-01 -2.538668212e-01 1.208029882e-01
  1.639368367e-01 -8.821507986e-02 -5.187459042e-01
 Node:         85
  0.1302E+03  0.1161E+03  0.4549E+03  0.1566E-02
   0.001345
  -0.003067
   0.001145
  -2.976E-4
   0.00175
  -0.001466
  1.616166667e-02
  -2.684266564e-03
  -1.124961515e-02
  2.444555529e-02
  7.425949854e-04
  1.152374528e-02
  -4.120984647e-01 5.272324575e-01 3.180557857e-01
  2.433312725e-02 5.779317671e-01 -5.115053065e-01
  2.155321999e-02 1.659735188e-01 4.264304482e-01
 Node:         86
  0.1252E+03  0.1138E+03  0.4702E+03  0.1566E-02
  -0.004218
  -6.553E-4
   0.007821
   8.568E-4
   0.002868
  -0.001247
  2.185273673e-02
  5.238045317e-03
  -2.231645389e-02
  3.868701331e-02
  1.591442720e-03
  1.823723297e-02
  -1.832101752e-01 -5.520005667e-01 -3.240035033e-01
  1.448853168e-01 -4.236177228e-01 3.982193199e-01
  7.501381247e-01 7.266253684e-02 -9.220041216e-02
 Node:         87
  0.1217E+03  0.1126E+03  0.4833E+03  0.1566E-02
  -3.258E-4
  -9.71E-5
   9.556E-5
   4.239E-4
  -8.978E-5
  -6.976E-4
  2.827279289e-03
  1.432176069e-04
  -6.452717259e-03
  9.047029887e-03
  -1.160740121e-03
  4.264810789e-03
  -5.419106131e-01 4.487568676e-01 1.172042597e-01
  4.284275116e-01 -6.262117465e-02 3.467384853e-01
  6.654242658e-01 1.076459454e-01 -1.909680577e-01
 Node:         88
  0.1338E+03  0.1169E+03  0.4532E+03  0.1566E-02
  -0.002773
  -0.003711
   0.001855
  -3.06E-4
   0.003572
   0.001838
  1.714222514e-02
  -1.930935755e-03
  -1.323771973e-02
  2.705146402e-02
  6.578565516e-04
  1.275218244e-02
  -3.573163349e-01 5.949797527e-01 5.309795466e-01
  -8.592266873e-02 5.223964580e-01 -4.136833591e-01
  3.299277177e-01 -5.126326636e-03 1.398036579e-01
 Node:         89
  0.1270E+03  0.1150E+03  0.4685E+03  0.1566E-02
  -0.002075
  -0.001745
   0.001051
   1.239E-4
   0.001085
  -3.75E-4
  1.181173982e-02
  -7.930053581e-04
  -1.744986090e-02
  2.660742940e-02
  -2.143708810e-03
  1.254286251e-02
  -2.793614477e-01 5.129388460e-01 3.798480680e-01
  -7.062426584e-02 -5.841519835e-02 5.746414219e-02
  -2.658368367e-01 3.226408408e-01 4.320493148e-01
 Node:         90
  0.1248E+03  0.1132E+03  0.4822E+03  0.1566E-02
  -3.622E-4
   3.797E-5
   2.148E-5
   1.362E-4
  -7.883E-5
  -1.411E-4
  2.587988460e-03
  -7.165064400e-05
  -5.478457805e-03
  7.845217867e-03
  -9.873733299e-04
  3.698271169e-03
  -1.152527666e-01 6.467739310e-01 1.766605719e-01
  2.292986553e-01 -3.054886965e-01 8.341106646e-01
  -1.554923751e-01 5.500170015e-01 3.866677486e-01
 Node:         91
  0.1258E+03  0.1261E+03  0.4549E+03  0.1566E-02
  -0.008398
  -0.002408
   0.008719
  -0.001992
   0.002416
  -0.001776
  1.894428490e-02
  -2.059912416e-03
  -1.583804379e-02
  3.036187225e-02
  3.487762322e-04
  1.431272384e-02
  -1.972880010e-01 -1.816411128e-01 -1.411741319e-01
  -2.769001546e-01 -2.394327666e-01 9.302600206e-01
  -7.359967543e-01 6.014913447e-02 -2.058936631e-01
 Node:         92
  0.1209E+03  0.1233E+03  0.4726E+03  0.1566E-02
  -0.002061
  -0.002598
   0.002334
  -0.001923
   0.001624
   9.169E-4
  1.413703864e-02
  4.023629572e-04
  -1.248319165e-02
  2.310482577e-02
  6.854033144e-04
  1.089171932e-02
  -4.239757450e-01 -3.138861412e-02 1.356218444e-02
  2.251021638e-02 -5.111763524e-01 6.620310665e-01
  -1.436636785e-01 3.096431563e-01 2.930551365e-01
 Node:         93
  0.1159E+03  0.1217E+03  0.4877E+03  0.1566E-02
   4.222E-4
  -1.323E-4
  -3.979E-6
  -7.276E-4
  -4.357E-5
   5.51E-4
  4.058507470e-03
  4.895146832e-06
  -3.842190108e-03
  7.058495146e-03
  7.373750301e-05
  3.327406522e-03
  -2.469352365e-01 2.668781350e-01 5.709793921e-01
  -8.115252447e-02 -7.432586296e-02 -1.031819165e-01
  -4.378365276e-01 -3.712627512e-01 8.079649665e-03
 Node:         94
  0.1313E+03  0.1263E+03  0.4540E+03  0.1566E-02
  -0.01045
  -0.002469
   0.009989
  -0.002379
   0.001768
  -0.001353
  2.017050438e-02
  5.030393612e-04
  -1.830909119e-02
  3.356971737e-02
  7.881508501e-04
  1.582491653e-02
  -5.447230551e-02 8.438403916e-01 2.101149382e-01
  8.644806801e-02 1.255979341e-01 3.084296754e-02
  1.144034003e-02 -2.712741741e-01 3.396486347e-02
 Node:         95
  0.1249E+03  0.1235E+03  0.4706E+03  0.1566E-02
  -0.00182
  -0.002557
   0.004513
  -0.002506
   0.001216
  -3.957E-4
  1.604540598e-02
  4.508065167e-03
