 Group name: predicted_strain_L6A3
 #Fields=  16
 1) coordinates, coordinate, rectangular cartesian, #Components=3
   x.  Value index= 1, #Derivatives=0
   y.  Value index= 2, #Derivatives=0
   z.  Value index= 3, #Derivatives=0
 2) Tensor_1, field, rectangular cartesian, #Components=1
   Tensor_1.  Value index= 4, #Derivatives=0
 3) Tensor_2, field, rectangular cartesian, #Components=1
   Tensor_2.  Value index= 5, #Derivatives=0
 4) Tensor_3, field, rectangular cartesian, #Components=1
   Tensor_3.  Value index= 6, #Derivatives=0
 5) Tensor_4, field, rectangular cartesian, #Components=1
   Tensor_4.  Value index= 7, #Derivatives=0
 6) Tensor_5, field, rectangular cartesian, #Components=1
   Tensor_5.  Value index= 8, #Derivatives=0
 7) Tensor_6, field, rectangular cartesian, #Components=1
   Tensor_6.  Value index= 9, #Derivatives=0
 8) Principal_1, field, rectangular cartesian, #Components=1
   Principal_1.  Value index= 10, #Derivatives=0
 9) Principal_2, field, rectangular cartesian, #Components=1
   Principal_2.  Value index= 11, #Derivatives=0
 10) Principal_3, field, rectangular cartesian, #Components=1
   Principal_3.  Value index= 12, #Derivatives=0
 11) VonMises, field, rectangular cartesian, #Components=1
   VonMises.  Value index= 13, #Derivatives=0
 12) Hydrostatic, field, rectangular cartesian, #Components=1
   VonMises.  Value index= 14, #Derivatives=0
 13) Octahedral, field, rectangular cartesian, #Components=1
   VonMises.  Value index= 15, #Derivatives=0
 14) PrincipalVector1, field, rectangular cartesian, #Components=3
   x.  Value index= 16, #Derivatives=0
   y.  Value index= 17, #Derivatives=0
   z.  Value index= 18, #Derivatives=0
 15) PrincipalVector2, field, rectangular cartesian, #Components=3
   x.  Value index= 19, #Derivatives=0
   y.  Value index= 20, #Derivatives=0
   z.  Value index= 21, #Derivatives=0
 16) PrincipalVector3, field, rectangular cartesian, #Components=3
   x.  Value index= 22, #Derivatives=0
   y.  Value index= 23, #Derivatives=0
   z.  Value index= 24, #Derivatives=0
 Node:          1
  0.1287E+03  0.1133E+03  0.4908E+03 -0.2072E-04
  -1.11E-16
  -8.327E-17
  -2.22E-16
  -2.776E-17
  -4.163E-17
  -3.331E-16
  -6.637000000e-17
  -2.400000000e-16
  -3.598000000e-16
  2.555392160e-16
  -2.220566667e-16
  1.204623416e-16
  8.837000000e-01 -4.676000000e-01 -1.897000000e-02
  4.046000000e-01 7.837000000e-01 -4.712000000e-01
  2.352000000e-01 4.088000000e-01 8.818000000e-01
 Node:          2
  0.1292E+03  0.1137E+03  0.5052E+03 -0.2072E-04
  -5.551E-17
  -1.11E-16
  -1.665E-16
  -5.551E-17
   1.943E-16
  -2.776E-16
  8.603000000e-17
  -1.600000000e-16
  -4.256000000e-16
  4.431926093e-16
  -1.665233333e-16
  2.089229996e-16
  -6.554000000e-01 6.199000000e-01 4.313000000e-01
  7.522000000e-01 4.849000000e-01 4.462000000e-01
  -6.744000000e-02 -6.169000000e-01 7.841000000e-01
 Node:          3
  0.1289E+03  0.1155E+03  0.5194E+03 -0.2072E-04
   2.22E-16
   1.388E-16
   3.331E-16
   1.11E-16
   5.551E-17
   2.22E-16
  4.753000000e-16
  2.118000000e-16
  9.006000000e-17
  3.410738448e-16
  2.590533333e-16
  1.607837524e-16
  -5.696000000e-01 -7.144000000e-01 -4.063000000e-01
  2.395000000e-01 -6.172000000e-01 7.494000000e-01
  -7.862000000e-01 3.296000000e-01 5.227000000e-01
 Node:          4
  0.1361E+03  0.1141E+03  0.4915E+03 -0.2072E-04
   0.0
  -2.776E-17
  -1.11E-16
  -2.776E-17
  -8.327E-17
   2.22E-16
  2.435000000e-16
  6.328000000e-18
  -1.388000000e-16
  3.342648530e-16
  3.700933333e-17
  1.575739629e-16
  -8.549000000e-02 -2.215000000e-01 9.714000000e-01
  9.681000000e-01 -2.491000000e-01 2.840000000e-02
  2.357000000e-01 9.428000000e-01 2.357000000e-01
 Node:          5
  0.1341E+03  0.1144E+03  0.5054E+03 -0.2072E-04
   3.331E-16
   1.388E-16
   3.331E-16
   5.551E-17
  -6.939E-17
   4.441E-16
  4.814000000e-16
  4.627000000e-16
  1.662000000e-16
  3.062784517e-16
  3.701000000e-16
  1.443810468e-16
  -3.480000000e-01 -6.443000000e-01 6.810000000e-01
  -6.589000000e-01 -3.487000000e-01 -6.665000000e-01
  6.669000000e-01 -6.807000000e-01 -3.032000000e-01
 Node:          6
  0.1323E+03  0.1162E+03  0.5191E+03 -0.2072E-04
   2.22E-16
   5.551E-17
   2.22E-16
  -5.551E-17
  -2.776E-17
   0.0
  2.897000000e-16
  1.685000000e-16
  -1.402000000e-17
  2.648101478e-16
  1.480600000e-16
  1.248327008e-16
  -7.150000000e-01 -6.696000000e-01 2.012000000e-01
  6.656000000e-01 -7.399000000e-01 -9.741000000e-02
  -2.141000000e-01 -6.426000000e-02 -9.747000000e-01
 Node:          7
  0.1408E+03  0.1171E+03  0.4920E+03 -0.2072E-04
   3.331E-16
   2.22E-16
   2.22E-16
  -8.327E-17
  -1.11E-16
   0.0
  5.398000000e-16
  6.158000000e-17
  -4.631000000e-17
  5.403052621e-16
  1.850233333e-16
  2.547023432e-16
  -7.537000000e-01 -6.111000000e-01 2.419000000e-01
  -6.560000000e-01 6.770000000e-01 -3.335000000e-01
  -4.004000000e-02 4.101000000e-01 9.112000000e-01
 Node:          8
  0.1367E+03  0.1169E+03  0.5055E+03 -0.2072E-04
   2.22E-16
   1.943E-16
   2.22E-16
  -4.025E-16
  -2.359E-16
  -2.22E-16
  6.547000000e-16
  4.477000000e-17
  -4.775000000e-16
  9.814930967e-16
  7.399000000e-17
  4.626802829e-16
  -6.847000000e-01 -5.611000000e-01 4.652000000e-01
  5.685000000e-01 -8.105000000e-01 -1.409000000e-01
  -4.561000000e-01 -1.681000000e-01 -8.739000000e-01
 Node:          9
  0.1339E+03  0.1180E+03  0.5191E+03 -0.2072E-04
   2.22E-16
   1.665E-16
   0.0
  -3.955E-16
  -2.776E-16
   6.661E-16
  1.002000000e-15
  -9.379000000e-18
  -1.046000000e-16
  1.062195387e-15
  2.960070000e-16
  5.007237074e-16
  -4.817000000e-01 -3.073000000e-01 8.207000000e-01
  -8.565000000e-01 -3.292000000e-02 -5.150000000e-01
  -1.853000000e-01 9.510000000e-01 2.474000000e-01
 Node:         10
  0.1294E+03  0.1212E+03  0.4911E+03 -0.2072E-04
   0.0
   2.776E-17
   1.11E-16
  -1.388E-17
   1.249E-16
   1.11E-16
  2.363000000e-16
  2.303000000e-17
  -3.732000000e-17
  2.489920880e-16
  7.400333333e-17
  1.173759959e-16
  4.210000000e-02 7.100000000e-01 7.030000000e-01
  -7.813000000e-01 -4.152000000e-01 4.661000000e-01
  -6.228000000e-01 5.688000000e-01 -5.372000000e-01
 Node:         11
  0.1295E+03  0.1214E+03  0.5055E+03 -0.2072E-04
  -2.22E-16
  -2.776E-17
  -2.22E-16
  -4.163E-17
   1.388E-17
  -1.665E-16
  -1.365000000e-16
  -2.183000000e-16
  -2.558000000e-16
  1.056645163e-16
  -2.035333333e-16
  4.981073066e-17
  -4.935000000e-01 2.929000000e-01 8.189000000e-01
  3.541000000e-01 -7.924000000e-01 4.968000000e-01
  -7.944000000e-01 -5.351000000e-01 -2.873000000e-01
 Node:         12
  0.1295E+03  0.1217E+03  0.5196E+03 -0.2072E-04
   1.11E-16
   0.0
   1.11E-16
   7.633E-17
   2.776E-17
   2.22E-16
  2.649000000e-16
  1.110000000e-16
  6.816000000e-17
  1.792025435e-16
  1.480200000e-16
  8.447688915e-17
  -4.387000000e-01 -1.595000000e-01 -8.844000000e-01
  3.417000000e-01 -9.398000000e-01 -2.255000000e-17
  8.311000000e-01 3.022000000e-01 -4.668000000e-01
 Node:         13
  0.1361E+03  0.1199E+03  0.4914E+03 -0.2072E-04
   1.11E-16
  -1.388E-16
   0.0
  -9.714E-17
   2.776E-17
  -1.665E-16
  2.285000000e-16
  -8.520000000e-17
  -1.988000000e-16
  3.833392362e-16
  -1.850000000e-17
  1.807078489e-16
  8.171000000e-01 -5.252000000e-01 -2.378000000e-01
  4.648000000e-01 8.442000000e-01 -2.671000000e-01
  3.410000000e-01 1.077000000e-01 9.339000000e-01
 Node:         14
  0.1342E+03  0.1198E+03  0.5054E+03 -0.2072E-04
  -5.551E-17
   2.776E-17
   0.0
   5.551E-17
  -9.021E-17
   1.11E-16
  1.672000000e-16
  -4.940000000e-18
  -1.068000000e-16
  2.398787602e-16
  1.848666667e-17
  1.130799320e-16
  1.634000000e-01 -4.472000000e-01 8.794000000e-01
  -6.569000000e-01 -7.144000000e-01 -2.412000000e-01
  -7.361000000e-01 5.382000000e-01 4.105000000e-01
 Node:         15
  0.1330E+03  0.1205E+03  0.5193E+03 -0.2072E-04
   2.22E-16
  -8.327E-17
  -5.551E-17
   1.388E-17
   4.857E-17
   0.0
  2.451000000e-16
  2.471000000e-17
  -1.033000000e-16
  3.052383267e-16
  5.550333333e-17
  1.438907271e-16
  -9.638000000e-01 2.667000000e-01 -1.723000000e-03
  1.157000000e-01 4.239000000e-01 8.983000000e-01
  2.403000000e-01 8.656000000e-01 -4.394000000e-01
 Node:         16
  0.1404E+03  0.1188E+03  0.4918E+03 -0.2072E-04
   2.22E-16
   5.551E-17
   2.22E-16
  -8.327E-17
  -1.457E-16
   4.441E-16
  5.466000000e-16
  1.950000000e-16
  1.465000000e-16
  3.781896482e-16
  2.960333333e-16
  1.782803099e-16
  -2.927000000e-01 -4.328000000e-01 8.526000000e-01
  -9.222000000e-01 -1.077000000e-01 -3.713000000e-01
  -2.526000000e-01 8.950000000e-01 3.676000000e-01
 Node:         17
  0.1365E+03  0.1184E+03  0.5055E+03 -0.2072E-04
  -1.11E-16
   2.776E-17
  -1.11E-16
   9.714E-17
   1.7E-16
   0.0
  1.573000000e-16
  -1.341000000e-16
  -2.452000000e-16
  3.600440390e-16
  -7.400000000e-17
  1.697263877e-16
  3.368000000e-01 5.285000000e-01 7.792000000e-01
  8.927000000e-01 -4.425000000e-01 -8.566000000e-02
  -2.996000000e-01 -7.244000000e-01 6.209000000e-01
 Node:         18
  0.1341E+03  0.1191E+03  0.5192E+03 -0.2072E-04
   0.0
   0.0
   0.0
   2.645E-17
   1.065E-16
   4.441E-16
  4.697000000e-16
  -1.672000000e-33
  -2.562000000e-17
  4.830198634e-16
  1.480266667e-16
  2.276977472e-16
  -5.484000000e-02 -2.207000000e-01 -9.738000000e-01
  9.705000000e-01 -2.411000000e-01 -6.210000000e-17
  -2.348000000e-01 -9.451000000e-01 2.274000000e-01
 Node:         19
  0.1301E+03  0.1291E+03  0.4914E+03  0.0000E+00
   1.11E-16
   0.0
   1.11E-16
   2.101E-19
   1.001E-17
  -2.22E-16
  1.113000000e-16
  1.110000000e-16
  -2.223000000e-16
  3.334501012e-16
  0.000000000e+00
  1.571898852e-16
  -2.096000000e-02 -9.993000000e-01 -3.003000000e-02
  9.998000000e-01 -2.097000000e-02 1.345000000e-19
  6.298000000e-04 3.003000000e-02 -9.995000000e-01
 Node:         20
  0.1299E+03  0.1291E+03  0.5058E+03  0.0000E+00
   2.22E-16
   0.0
   0.0
   1.041E-17
   1.924E-17
  -5.551E-17
  2.224000000e-16
  5.975000000e-18
  -6.188000000e-17
  2.571567616e-16
  5.549833333e-17
  1.212248600e-16
  -9.993000000e-01 -3.257000000e-03 -3.765000000e-02
  1.428000000e-02 -9.549000000e-01 -2.965000000e-01
  -3.498000000e-02 -2.968000000e-01 9.543000000e-01
 Node:         21
  0.1301E+03  0.1280E+03  0.5197E+03  0.0000E+00
   1.11E-16
   0.0
   0.0
   4.163E-17
   1.475E-17
   1.11E-16
  1.534000000e-16
  7.089000000e-17
  -2.220000000e-18
  1.348528023e-16
  7.402333333e-17
  6.357022067e-17
  -6.994000000e-01 -6.840000000e-02 -7.114000000e-01
  -7.126000000e-01 1.429000000e-01 6.869000000e-01
  -5.465000000e-02 -9.874000000e-01 1.487000000e-01
 Node:         22
  0.1360E+03  0.1256E+03  0.4913E+03  0.0000E+00
  -2.22E-16
   1.388E-17
  -1.11E-16
  -1.388E-17
   1.006E-16
   1.11E-16
  1.500000000e-16
  -1.456000000e-16
  -2.264000000e-16
  3.432090908e-16
  -7.400000000e-17
  1.617903170e-16
  -2.144000000e-02 3.586000000e-01 9.332000000e-01
  2.280000000e-01 9.106000000e-01 -3.447000000e-01
  -9.734000000e-01 2.054000000e-01 -1.013000000e-01
 Node:         23
  0.1343E+03  0.1253E+03  0.5054E+03  0.0000E+00
   0.0
   2.082E-17
  -4.441E-16
   0.0
   1.314E-16
  -1.665E-16
  1.265000000e-18
  -1.147000000e-16
  -4.972000000e-16
  4.517861704e-16
  -2.035450000e-16
  2.129740431e-16
  9.970000000e-01 6.061000000e-02 4.746000000e-02
  6.644000000e-02 -3.661000000e-01 -9.282000000e-01
  3.888000000e-02 -9.286000000e-01 3.690000000e-01
 Node:         24
  0.1336E+03  0.1248E+03  0.5194E+03  0.0000E+00
  -2.22E-16
   1.214E-17
   0.0
   1.388E-17
   8.674E-19
  -1.665E-16
  6.779000000e-19
  -1.633000000e-16
  -2.259000000e-16
  2.026635839e-16
  -1.295073667e-16
  9.553652964e-17
  -5.504000000e-02 -9.984000000e-01 -9.747000000e-03
  2.257000000e-01 -2.195000000e-02 9.740000000e-01
  -9.726000000e-01 5.141000000e-02 2.265000000e-01
 Node:         25
  0.1400E+03  0.1206E+03  0.4917E+03  0.0000E+00
   0.0
   2.671E-16
  -1.11E-16
  -8.327E-17
  -1.301E-16
   2.22E-16
  3.681000000e-16
  7.580000000e-17
  -3.329000000e-16
  6.098671905e-16
  3.700000000e-17
  2.874941507e-16
  5.089000000e-01 4.781000000e-01 -7.159000000e-01
  6.086000000e-01 3.883000000e-01 6.920000000e-01
  6.088000000e-01 -7.878000000e-01 -9.334000000e-02
 Node:         26
  0.1363E+03  0.1200E+03  0.5055E+03  0.0000E+00
   2.22E-16
   1.076E-16
  -6.106E-16
   2.776E-17
  -1.124E-15
  -5.551E-17
  8.281000000e-16
  2.248000000e-16
  -1.497000000e-15
  2.089815320e-15
  -1.480333333e-16
  9.851483893e-16
  7.371000000e-02 6.174000000e-01 -7.832000000e-01
  9.955000000e-01 1.018000000e-03 9.449000000e-02
  -5.914000000e-02 7.866000000e-01 6.146000000e-01
 Node:         27
  0.1343E+03  0.1203E+03  0.5192E+03  0.0000E+00
   2.22E-16
  -1.943E-16
   2.22E-16
  -1.041E-16
   1.313E-15
   0.0
  1.466000000e-15
  1.875000000e-16
  -1.209000000e-15
  2.317369144e-15
  1.481666667e-16
  1.092418291e-15
  -1.693000000e-01 7.280000000e-01 6.643000000e-01
  9.848000000e-01 9.849000000e-02 1.431000000e-01
  3.876000000e-02 6.785000000e-01 -7.336000000e-01
 Node:         28
  0.1155E+03  0.1124E+03  0.4931E+03 -0.1225E-03
  -2.22E-16
   3.816E-17
   2.22E-16
  -5.551E-17
   5.551E-17
   1.11E-16
  2.455000000e-16
  1.014000000e-16
  -2.359000000e-16
  4.279497985e-16
  3.700000000e-17
  2.017374697e-16
  3.184000000e-02 9.284000000e-01 3.701000000e-01
  1.988000000e-01 3.571000000e-01 -9.127000000e-01
  9.795000000e-01 -1.026000000e-01 1.732000000e-01
 Node:         29
  0.1119E+03  0.1139E+03  0.5068E+03 -0.1225E-03
  -2.22E-16
  -2.082E-17
   0.0
   5.551E-17
   6.939E-18
  -3.331E-16
  1.944000000e-18
  -2.004000000e-16
  -3.566000000e-16
  3.113642034e-16
  -1.850186667e-16
  1.467784931e-16
  -9.118000000e-02 9.958000000e-01 5.517000000e-03
  -9.179000000e-01 -8.189000000e-02 -3.884000000e-01
  -3.863000000e-01 -4.048000000e-02 9.215000000e-01
 Node:         30
  0.1113E+03  0.1159E+03  0.5206E+03 -0.1225E-03
   2.22E-16
   1.249E-16
   2.22E-16
   0.0
  -2.776E-17
   1.11E-16
  3.486000000e-16
  1.238000000e-16
  8.277000000e-17
  2.478750591e-16
  1.850566667e-16
  1.168494234e-16
  -7.001000000e-01 -7.092000000e-01 8.287000000e-02
  -4.685000000e-01 3.686000000e-01 -8.029000000e-01
  -5.389000000e-01 6.009000000e-01 5.903000000e-01
 Node:         31
  0.1203E+03  0.1126E+03  0.4920E+03 -0.1225E-03
  -5.551E-17
   9.714E-17
  -1.11E-16
   2.776E-17
   4.163E-17
  -5.551E-17
  4.114000000e-17
  -7.661000000e-17
  -1.866000000e-16
  1.972667866e-16
  -7.402333333e-17
  9.299245501e-17
  -6.956000000e-01 -5.654000000e-01 -4.433000000e-01
  4.358000000e-01 1.585000000e-01 -8.860000000e-01
  5.712000000e-01 -8.095000000e-01 1.362000000e-01
 Node:         32
  0.1188E+03  0.1134E+03  0.5062E+03 -0.1225E-03
   2.22E-16
  -1.388E-17
  -1.11E-16
  -2.776E-17
   9.714E-17
  -5.551E-17
  2.266000000e-16
  1.331000000e-17
  -1.844000000e-16
  3.560216764e-16
  1.850333333e-17
  1.678302278e-16
  -9.894000000e-01 7.624000000e-02 1.236000000e-01
  1.445000000e-01 5.992000000e-01 7.875000000e-01
  1.402000000e-02 -7.970000000e-01 6.038000000e-01
 Node:         33
  0.1183E+03  0.1150E+03  0.5201E+03 -0.1225E-03
   1.11E-16
   5.551E-17
   0.0
   8.327E-17
   0.0
   0.0
  1.700000000e-16
  0.000000000e+00
  -5.893000000e-17
  2.058903711e-16
  3.702333333e-17
  9.705765171e-17
  -8.617000000e-01 -2.815000000e-01 -4.222000000e-01
  0.000000000e+00 -8.321000000e-01 5.547000000e-01
  -5.074000000e-01 4.780000000e-01 7.170000000e-01
 Node:         34
  0.1255E+03  0.1129E+03  0.4909E+03 -0.1225E-03
   0.0
   0.0
   0.0
   5.551E-17
   9.714E-17
   0.0
  1.119000000e-16
  3.387000000e-33
  -1.119000000e-16
  1.938164854e-16
  0.000000000e+00
  9.136596741e-17
  -3.508000000e-01 -6.139000000e-01 -7.071000000e-01
  8.682000000e-01 -4.961000000e-01 -4.855000000e-17
  -3.508000000e-01 -6.139000000e-01 7.071000000e-01
 Node:         35
  0.1260E+03  0.1135E+03  0.5054E+03 -0.1225E-03
   0.0
   1.11E-16
  -1.11E-16
   1.11E-16
   2.498E-16
  -1.11E-16
  2.410000000e-16
  -1.023000000e-16
  -3.608000000e-16
  5.228959648e-16
  -7.403333333e-17
  2.464955217e-16
  5.458000000e-01 5.925000000e-01 5.925000000e-01
  8.379000000e-01 -3.859000000e-01 -3.859000000e-01
  -4.975000000e-17 -7.071000000e-01 7.071000000e-01
 Node:         36
  0.1257E+03  0.1153E+03  0.5196E+03 -0.1225E-03
   0.0
  -5.551E-17
   0.0
  -5.551E-17
   8.327E-17
   0.0
  1.305000000e-16
  -4.723000000e-17
  -8.327000000e-17
  1.982226619e-16
  0.000000000e+00
  9.344305895e-17
  -5.155000000e-01 6.059000000e-01 6.059000000e-01
  8.569000000e-01 3.645000000e-01 3.645000000e-01
  -1.256000000e-16 7.071000000e-01 -7.071000000e-01
 Node:         37
  0.1132E+03  0.1210E+03  0.4959E+03 -0.1225E-03
  -2.22E-16
   1.388E-16
  -2.22E-16
  -8.327E-17
   1.804E-16
  -2.776E-16
  -4.482000000e-17
  -1.622000000e-16
  -5.146000000e-16
  4.234720019e-16
  -2.405400000e-16
  1.996266161e-16
  3.971000000e-01 7.887000000e-01 4.693000000e-01
  -7.874000000e-01 3.010000000e-02 6.157000000e-01
  4.715000000e-01 -6.140000000e-01 6.330000000e-01
 Node:         38
  0.1111E+03  0.1204E+03  0.5085E+03 -0.1225E-03
  -1.665E-16
   9.714E-17
   0.0
  -2.776E-17
  -8.327E-17
  -2.22E-16
  7.071000000e-17
  -2.091000000e-16
  -2.502000000e-16
  3.024616291e-16
  -1.295300000e-16
  1.425817793e-16
  -3.916000000e-01 -8.746000000e-01 2.859000000e-01
  9.154000000e-01 -3.389000000e-01 2.170000000e-01
  9.287000000e-02 -3.467000000e-01 -9.334000000e-01
 Node:         39
  0.1119E+03  0.1201E+03  0.5207E+03 -0.1225E-03
  -5.551E-17
  -9.714E-17
  -3.331E-16
  -8.327E-17
  -7.633E-17
  -1.11E-16
  8.934000000e-18
  -1.105000000e-16
  -3.981000000e-16
  3.623913061e-16
  -1.665553333e-16
  1.708329000e-16
  8.510000000e-01 -1.281000000e-01 -5.092000000e-01
  4.076000000e-01 -4.503000000e-01 7.944000000e-01
  -3.311000000e-01 -8.836000000e-01 -3.310000000e-01
 Node:         40
  0.1191E+03  0.1220E+03  0.4937E+03 -0.1225E-03
   0.0
   8.327E-17
  -2.22E-16
   8.327E-17
  -1.388E-17
  -2.22E-16
  4.872000000e-17
  -2.082000000e-16
  -2.846000000e-16
  3.024459198e-16
  -1.480266667e-16
  1.425743739e-16
  -9.240000000e-01 -2.703000000e-01 -2.703000000e-01
  0.000000000e+00 -7.071000000e-01 7.071000000e-01
  3.823000000e-01 -6.534000000e-01 -6.534000000e-01
 Node:         41
  0.1182E+03  0.1217E+03  0.5073E+03 -0.1225E-03
   0.0
  -2.776E-17
  -5.551E-17
   5.551E-17
   9.714E-17
   1.11E-16
  1.653000000e-16
  1.073000000e-17
  -1.206000000e-16
  2.478691830e-16
  1.847666667e-17
  1.168466534e-16
  2.406000000e-01 3.653000000e-01 8.993000000e-01
  -8.901000000e-01 4.526000000e-01 5.428000000e-02
  -3.871000000e-01 -8.135000000e-01 4.340000000e-01
 Node:         42
  0.1187E+03  0.1212E+03  0.5204E+03 -0.1225E-03
   0.0
  -5.551E-17
  -1.11E-16
   0.0
   5.551E-17
   1.11E-16
  1.256000000e-16
  1.887000000e-17
  -1.444000000e-16
  2.355296009e-16
  2.333333333e-20
  1.110297186e-16
  1.113000000e-01 -2.517000000e-01 -9.614000000e-01
  9.295000000e-01 -3.159000000e-01 1.903000000e-01
  -3.516000000e-01 -9.148000000e-01 1.988000000e-01
 Node:         43
  0.1258E+03  0.1217E+03  0.4915E+03 -0.1225E-03
   2.22E-16
   1.11E-16
   1.11E-16
  -1.388E-17
   0.0
  -5.551E-17
  2.911000000e-16
  4.294000000e-17
  -5.645000000e-17
  3.100425456e-16
  9.253000000e-17
  1.461554576e-16
  -8.507000000e-01 -5.246000000e-01 3.406000000e-02
  -5.213000000e-01 8.502000000e-01 7.348000000e-02
  6.751000000e-02 -4.475000000e-02 9.967000000e-01
 Node:         44
  0.1259E+03  0.1220E+03  0.5059E+03 -0.1225E-03
  -2.22E-16
   1.388E-16
  -2.22E-16
   9.714E-17
   1.11E-16
  -1.11E-16
  5.081000000e-17
  -2.445000000e-16
  -3.614000000e-16
  3.679610647e-16
  -1.850300000e-16
  1.734585094e-16
  -5.113000000e-01 -5.340000000e-01 -6.733000000e-01
  -5.198000000e-01 -4.318000000e-01 7.372000000e-01
  -6.844000000e-01 7.269000000e-01 -5.679000000e-02
 Node:         45
  0.1261E+03  0.1221E+03  0.5198E+03 -0.1225E-03
  -5.551E-17
  -8.327E-17
  -2.776E-16
   2.776E-17
  -6.939E-18
   1.11E-16
  1.167000000e-16
  -3.339000000e-17
  -3.053000000e-16
  3.705037491e-16
  -7.399666667e-17
  1.746571423e-16
  1.854000000e-01 -5.643000000e-02 9.810000000e-01
  9.302000000e-01 -3.117000000e-01 -1.938000000e-01
  -3.167000000e-01 -9.485000000e-01 5.308000000e-03
 Node:         46
  0.1117E+03  0.1296E+03  0.4959E+03  0.0000E+00
  -5.551E-17
   2.776E-17
  -1.665E-16
   6.939E-18
  -2.602E-17
   0.0
  4.101000000e-18
  -4.897000000e-17
  -1.772000000e-16
  1.614458370e-16
  -7.402300000e-17
  7.610629740e-17
  4.856000000e-02 -1.429000000e-01 9.886000000e-01
  9.724000000e-01 2.327000000e-01 -1.414000000e-02
  -2.280000000e-01 9.620000000e-01 1.502000000e-01
 Node:         47
  0.1107E+03  0.1269E+03  0.5087E+03  0.0000E+00
  -1.665E-16
  -3.123E-17
   1.11E-16
  -2.776E-17
   3.99E-17
   0.0
  1.289000000e-16
  -1.114000000e-17
  -1.732000000e-16
  2.618578385e-16
  -1.848000000e-17
  1.234409689e-16
  -1.292000000e-01 9.390000000e-01 3.186000000e-01
  -1.008000000e-01 -3.321000000e-01 9.379000000e-01
  -9.865000000e-01 -8.906000000e-02 -1.376000000e-01
 Node:         48
  0.1125E+03  0.1242E+03  0.5208E+03  0.0000E+00
   1.11E-16
   3.469E-18
   1.11E-16
   0.0
  -1.735E-18
   1.11E-16
  1.149000000e-16
  1.110000000e-16
  1.071000000e-16
  6.754998150e-18
  1.110000000e-16
  3.184336666e-18
  -6.325000000e-01 -7.071000000e-01 3.162000000e-01
  4.472000000e-01 -4.455000000e-15 8.944000000e-01
  -6.325000000e-01 7.071000000e-01 3.162000000e-01
 Node:         49
  0.1186E+03  0.1311E+03  0.4938E+03  0.0000E+00
  -1.665E-16
  -2.082E-17
   0.0
  -4.163E-17
  -6.072E-18
  -5.551E-17
  2.581000000e-18
  -4.165000000e-17
  -1.830000000e-16
  1.678935845e-16
  -7.402300000e-17
  7.914579474e-17
  1.174000000e-01 -9.929000000e-01 1.965000000e-02
  -3.135000000e-01 -1.827000000e-02 9.494000000e-01
  -9.423000000e-01 -1.176000000e-01 -3.134000000e-01
 Node:         50
  0.1180E+03  0.1298E+03  0.5075E+03  0.0000E+00
   0.0
  -1.301E-17
   3.331E-16
  -4.163E-17
   1.247E-17
   2.22E-16
  3.354000000e-16
  2.276000000e-16
  -7.879000000e-18
  3.040655121e-16
  1.850403333e-16
  1.433378570e-16
  5.441000000e-02 -9.902000000e-01 -1.289000000e-01
  -1.707000000e-01 -1.364000000e-01 9.758000000e-01
  9.838000000e-01 3.109000000e-02 1.765000000e-01
 Node:         51
  0.1192E+03  0.1275E+03  0.5206E+03  0.0000E+00
   0.0
  -3.469E-18
  -5.551E-17
   0.0
   1.475E-17
   1.11E-16
  1.123000000e-16
  2.087000000e-19
  -5.702000000e-17
  1.491791642e-16
  1.849623333e-17
  7.032373239e-17
  -2.705000000e-03 8.758000000e-02 9.962000000e-01
  9.982000000e-01 -6.004000000e-02 7.989000000e-03
  -6.051000000e-02 -9.943000000e-01 8.725000000e-02
 Node:         52
  0.1262E+03  0.1305E+03  0.4920E+03  0.0000E+00
   1.11E-16
  -1.388E-17
   1.11E-16
   1.301E-18
   4.906E-18
   0.0
  1.250000000e-16
  9.734000000e-17
  -2.497000000e-19
  1.139655924e-16
  7.403010000e-17
  5.372389547e-17
  -7.047000000e-01 7.092000000e-01 2.051000000e-02
  7.093000000e-01 7.034000000e-01 4.493000000e-02
  -1.744000000e-02 -4.621000000e-02 9.988000000e-01
 Node:         53
  0.1258E+03  0.1304E+03  0.5063E+03  0.0000E+00
  -1.665E-16
  -1.735E-18
  -1.11E-16
   2.776E-17
   3.383E-17
  -2.22E-16
  -1.010000000e-16
  -1.572000000e-16
  -2.414000000e-16
  1.223933005e-16
  -1.665333333e-16
  5.769675516e-17
  9.684000000e-02 9.526000000e-01 2.883000000e-01
  -9.346000000e-01 1.866000000e-01 -3.027000000e-01
  -3.422000000e-01 -2.402000000e-01 9.084000000e-01
 Node:         54
  0.1265E+03  0.1288E+03  0.5200E+03  0.0000E+00
  -2.22E-16
   2.082E-17
   1.11E-16
   0.0
  -4.337E-18
   1.11E-16
  1.160000000e-16
  1.073000000e-16
  -2.233000000e-16
  3.350347295e-16
  0.000000000e+00
  1.579368861e-16
  -4.656000000e-02 -7.562000000e-01 6.527000000e-01
  -4.117000000e-02 -6.514000000e-01 -7.576000000e-01
  -9.981000000e-01 6.215000000e-02 8.061000000e-04
 Node:         55
  0.1381E+03  0.1168E+03  0.4524E+03  0.1264E-01
   0.001342
  -0.01562
   0.01917
  -0.00372
   0.02266
  -0.03282
  5.597302128e-02
  -3.804913830e-03
  -5.172670213e-02
  9.428420724e-02
  1.471351064e-04
  4.444600153e-02
  4.287603191e-01 -6.612957447e-01 -3.220553191e-01
  4.925391489e-01 1.315387234e-01 8.577904255e-01
  -1.684540830e-01 -2.043218085e-01 5.604196809e-01
 Node:         56
  0.1314E+03  0.1156E+03  0.4682E+03  0.1264E-01
   0.0105
  -0.01431
   0.01246
  -0.00752
   0.009962
  -0.01999
  3.914252128e-02
  -6.534827660e-03
  -3.677826596e-02
  6.656242937e-02
  -1.390190780e-03
  3.137783012e-02
  -4.519315851e-01 7.745021277e-01 1.778855319e-01
  2.729797872e-01 5.458075106e-01 -2.549360638e-01
  -1.595738298e-01 -1.913920745e-01 6.367776596e-01
 Node:         57
  0.1285E+03  0.1140E+03  0.4823E+03  0.1264E-01
   0.004274
  -0.003891
   0.003458
  -0.002076
   0.001517
  -8.531E-4
  8.552475532e-03
  -7.538654894e-04
  -6.337769149e-03
  1.387987141e-02
  4.869469645e-04
  6.543034132e-03
  -5.378370213e-01 9.170744681e-02 2.535138298e-01
  4.930276596e-01 5.493170213e-01 2.456994468e-01
  -1.087712766e-01 -4.192000000e-02 6.992436170e-01
 Node:         58
  0.1478E+03  0.1179E+03  0.4523E+03  0.1264E-01
   3.053E-4
  -0.01986
   0.03978
  -0.003392
   0.01532
  -0.07424
  7.864248936e-02
  -1.981996064e-02
  -7.683563830e-02
  1.422573750e-01
  -6.004369858e-03
  6.706076970e-02
  2.802585106e-01 2.068648936e-01 3.902308511e-02
  5.445067553e-01 4.781287234e-01 2.325178723e-01
  2.956846245e-01 -1.976404255e-02 6.074467021e-01
 Node:         59
  0.1415E+03  0.1167E+03  0.4687E+03  0.1264E-01
   0.02687
  -0.02793
   0.03118
  -0.0221
   0.02085
  -0.02487
  8.335678723e-02
  -1.273530110e-02
  -4.263276596e-02
  1.140686863e-01
  9.329573394e-03
  5.377249442e-02
  -3.482223404e-01 -8.497659574e-02 1.338705319e-01
  4.157909574e-01 5.152693436e-01 2.075505638e-01
  5.678234043e-01 -1.062601064e-01 7.213128617e-01
 Node:         60
  0.1374E+03  0.1150E+03  0.4832E+03  0.1264E-01
   0.01343
  -0.01174
   0.01008
  -0.01044
   0.007387
   0.003285
  2.732440213e-02
  -7.735571489e-04
  -4.516395745e-03
  2.990116093e-02
  7.344816411e-03
  1.409554244e-02
  -5.709904255e-01 4.438319149e-01 3.796665532e-01
  4.272063830e-01 4.556685106e-01 6.642109681e-01
  7.507851064e-01 2.500448936e-02 3.905872340e-01
 Node:         61
  0.1548E+03  0.1224E+03  0.4523E+03  0.1264E-01
   0.02889
  -0.01516
   0.009104
   0.002427
  -0.007035
  -0.05122
  6.189426596e-02
  -1.346212021e-02
  -7.416934043e-02
  1.183715659e-01
  -8.579064894e-03
  5.580089131e-02
  -4.729000000e-01 3.444361702e-01 -4.968095745e-02
  5.651425532e-01 7.087255319e-01 -2.670124468e-01
  9.557978723e-03 2.337217128e-01 9.541170213e-01
 Node:         62
  0.1488E+03  0.1204E+03  0.4692E+03  0.1264E-01
   0.0566
  -0.04524
   0.02954
  -0.02619
   0.01452
   0.006786
  1.124112979e-01
  -8.769361702e-04
  -3.546808511e-02
  1.341416386e-01
  2.535542553e-02
  6.323497487e-02
  -6.740744681e-01 4.015872340e-01 3.105951064e-01
  2.934574468e-01 3.131925532e-01 -7.931562213e-02
  -1.221319149e-02 3.179840426e-02 -2.801221277e-01
 Node:         63
  0.1436E+03  0.1181E+03  0.4838E+03  0.1264E-01
   0.01511
  -0.02141
   0.02348
  -0.009315
   0.01296
   0.006837
  4.771991489e-02
  -5.373474468e-04
  -4.473678723e-03
  5.015948309e-02
  1.423629624e-02
  2.364540709e-02
  -5.182382979e-01 6.433159574e-01 3.959204787e-01
  1.930638298e-02 2.342563830e-01 -3.137945745e-01
  -4.313392553e-01 -4.563895745e-01 8.393297872e-01
 Node:         64
  0.1410E+03  0.1253E+03  0.4518E+03  0.1264E-01
  -0.03628
  -0.01276
   0.04918
  -0.004314
   0.004054
  -0.02947
  6.081375532e-02
  -2.659066383e-02
  -5.008052128e-02
  1.017835298e-01
  -5.285809929e-03
  4.798121608e-02
  -6.128978723e-02 5.915531915e-02 -8.374244681e-03
  -9.219255319e-02 -2.338563830e-02 4.752382979e-01
  6.996138298e-01 3.607304255e-02 2.115834043e-01
 Node:         65
  0.1339E+03  0.1229E+03  0.4680E+03  0.1264E-01
  -0.001645
  -0.02498
   0.03541
  -0.008689
   0.004123
  -0.01851
  5.599618085e-02
  -1.292245319e-02
  -2.836729787e-02
  7.763151699e-02
  4.902143262e-03
  3.659584806e-02
  3.733380851e-01 -2.334606383e-01 -5.189585106e-02
  -4.680243617e-01 -3.732281915e-01 4.010319149e-01
  7.204255319e-02 -1.328718085e-01 -3.813377660e-01
 Node:         66
  0.1299E+03  0.1214E+03  0.4825E+03  0.1264E-01
   0.007417
  -0.008149
   0.008912
  -0.002702
   0.002146
  -9.339E-4
  1.672858723e-02
  -6.042210638e-04
  -1.396662766e-03
  1.757628844e-02
  4.909234468e-03
  8.285541831e-03
  -6.818891489e-01 1.166107447e+00 9.056797872e-02
  6.607585106e-01 6.437925532e-01 -3.288968085e-01
  7.172340426e-02 7.868776596e-02 8.661946809e-01
 Node:         67
  0.1495E+03  0.1246E+03  0.4520E+03  0.1264E-01
  -0.02323
  -0.0164
   0.04596
  -0.003724
   0.004924
  -0.06751
  5.918369149e-02
  -2.469060000e-02
  -6.981363830e-02
  1.143318703e-01
  -1.177351560e-02
  5.389656052e-02
  -1.079755319e-01 3.700925532e-01 -1.612191489e-02
  6.761102128e-01 1.797329787e-01 8.024505319e-02
  1.651904617e-01 6.994829787e-03 5.817148936e-01
 Node:         68
  0.1430E+03  0.1225E+03  0.4686E+03  0.1264E-01
   0.02775
  -0.03518
   0.04211
  -0.02096
   0.01067
  -0.0378
  8.500827660e-02
  -5.777692979e-03
  -4.398109574e-02
  1.151812385e-01
  1.174982929e-02
  5.429695652e-02
  -4.120712766e-01 5.051393617e-01 1.302606383e-01
  3.067584936e-01 4.151138298e-01 3.249968085e-02
  7.289191489e-01 1.721583713e-01 8.484506383e-01
 Node:         69
  0.1379E+03  0.1205E+03  0.4830E+03  0.1264E-01
   0.01732
  -0.01392
   0.01225
  -0.009144
   0.005994
  -2.998E-4
  3.363210638e-02
  -1.134487234e-04
  -3.729221277e-03
  3.561030901e-02
  9.929812128e-03
  1.678686065e-02
  -7.677531915e-01 5.794595745e-01 3.377227872e-01
  3.760060426e-01 5.915838298e-01 -1.235959574e-01
  2.984489362e-01 2.921819149e-02 7.844380851e-01
 Node:         70
  0.1550E+03  0.1244E+03  0.4522E+03  0.1264E-01
  -0.007855
  -0.02064
   0.026
  -0.01595
   0.01256
  -0.0778
  4.392727660e-02
  -1.243598000e-02
  -8.255665957e-02
  1.111914961e-01
  -1.702178766e-02
  5.241617392e-02
  1.704521277e-01 -3.385234043e-01 -2.109563830e-02
  -2.172388298e-01 -2.016340426e-01 2.682435106e-01
  3.050595745e-02 -5.117712766e-02 5.154670213e-01
 Node:         71
  0.1490E+03  0.1223E+03  0.4691E+03  0.1264E-01
   0.05693
  -0.03432
   0.03401
  -0.0429
   0.02109
  -0.02999
  1.105844894e-01
  1.670894681e-03
  -4.863669149e-02
  1.417913039e-01
  2.120623085e-02
  6.684106166e-02
  -6.893308511e-01 3.611425532e-01 2.529319149e-01
  1.140345745e-01 2.014138298e-01 -6.973755319e-02
  2.749031915e-01 -6.373342553e-02 7.809095745e-01
 Node:         72
  0.1435E+03  0.1199E+03  0.4837E+03  0.1264E-01
   0.02883
  -0.01592
   0.01042
  -0.01704
   0.008421
   0.00301
  4.809710638e-02
  3.782278723e-04
  -5.551303191e-03
  5.087244518e-02
  1.430801035e-02
  2.398150064e-02
  -8.207170213e-01 4.220148936e-01 4.220000000e-01
  2.124587851e-01 4.762563830e-01 2.802862766e-02
  2.090680851e-01 -3.211853191e-02 5.386973404e-01
 Node:         73
  0.1440E+03  0.1339E+03  0.4511E+03  0.0000E+00
   0.03661
  -0.00192
  -0.03309
  -0.004638
   0.003817
   0.01193
  3.942220213e-02
  1.960489415e-02
  -4.242875532e-02
  7.617102074e-02
  5.532780319e-03
  3.590736353e-02
  -5.093553191e-01 -1.545913830e-02 3.898440426e-01
  3.193534043e-01 -1.455153511e-01 -1.430234043e-01
  -5.536435106e-02 7.315957447e-02 -1.108482234e-01
 Node:         74
  0.1364E+03  0.1303E+03  0.4677E+03  0.0000E+00
   0.06671
   0.01687
  -0.007469
   0.004692
   0.005694
   0.01989
  7.474395745e-02
  2.505677660e-02
  -1.686072340e-02
  7.994659987e-02
  2.764667021e-02
  3.768718860e-02
  -1.390365957e+00 -1.258510638e-01 -2.036436170e-01
  -1.022568085e-01 1.564594894e-01 6.373819149e-01
  -1.046184043e-01 1.216246809e+00 -9.111857447e-02
 Node:         75
  0.1313E+03  0.1288E+03  0.4826E+03  0.0000E+00
   0.02827
   0.006817
   8.336E-4
   0.001364
   6.97E-4
   0.002303
  3.084316809e-02
  2.428242553e-03
  -1.228813830e-03
  3.030954334e-02
  1.068086560e-02
  1.428805576e-02
  -9.835425532e-01 -2.634110638e-01 -8.124850000e-02
  -7.640946809e-02 7.126824468e-02 9.997840426e-01
  -2.714773404e-01 6.563212766e-01 -1.545589362e-01
 Node:         76
  0.1512E+03  0.1312E+03  0.4516E+03  0.0000E+00
   0.03049
  -0.005647
  -0.03638
  -0.00688
   0.00489
   0.01142
  4.346764894e-02
  1.398756777e-02
  -5.042973404e-02
  8.631846643e-02
  2.341827553e-03
  4.069091530e-02
  -7.086460638e-01 7.052287234e-02 3.423170213e-01
  2.434893617e-02 -4.927659574e-03 6.181791489e-01
  -8.805265957e-02 -9.038500000e-01 1.391648936e-02
 Node:         77
  0.1444E+03  0.1282E+03  0.4683E+03  0.0000E+00
   0.08261
   0.01705
  -0.009905
   0.00426
   0.006037
   0.01323
  9.402514894e-02
  1.916832979e-02
  -2.176628723e-02
  1.030599012e-01
  3.047573050e-02
  4.858290334e-02
  -9.834085106e-01 -2.080003085e-01 -1.113608830e-01
  -1.420337234e-01 1.607553191e-01 9.869468085e-01
  -1.727084574e-01 1.093526596e+00 -1.903372340e-01
 Node:         78
  0.1384E+03  0.1261E+03  0.4829E+03  0.0000E+00
   0.03488
   0.009802
   0.001215
   0.002309
   0.00127
   0.001606
  4.109126596e-02
  1.692532766e-03
  -1.951523404e-03
  4.134348945e-02
  1.361075844e-02
  1.948950783e-02
  -9.620861702e-01 -2.907084894e-01 -1.083699362e-01
  -1.402521809e-01 2.103088298e-01 9.966680851e-01
  -2.497597128e-01 1.366732979e+00 -1.096723404e-01
 Node:         79
  0.1552E+03  0.1264E+03  0.4522E+03  0.0000E+00
   0.0196
   8.405E-4
  -0.07092
  -0.0159
   0.001911
  -0.04738
  3.507700000e-02
  -2.648303085e-02
  -1.327962979e-01
  1.492071879e-01
  -4.140077624e-02
  7.033694291e-02
  9.300457447e-01 6.797648936e-02 -3.138345213e-01
  2.270789362e-01 2.296128191e-01 4.185901383e-01
  -1.609628723e-02 -4.881686736e-01 3.453550745e-01
 Node:         80
  0.1492E+03  0.1242E+03  0.4691E+03  0.0000E+00
   0.09716
   0.009536
  -0.04497
   0.01104
   0.003896
  -0.02949
  1.096414468e-01
  -1.136846383e-02
  -9.868829787e-02
  1.827110357e-01
  -1.384382979e-04
  8.613080823e-02
  -7.574191489e-01 -8.671390426e-02 -8.923463830e-02
  -1.124340426e-01 4.848629787e-01 6.061458723e-01
  -1.509078085e-02 -6.180092809e-01 4.706800000e-01
 Node:         81
  0.1433E+03  0.1217E+03  0.4836E+03  0.0000E+00
   0.04084
   0.008566
  -0.00393
   0.01092
   0.003076
   7.496E-5
  4.857830851e-02
  -1.778505319e-03
  -1.143842128e-02
  5.578206768e-02
  1.178712730e-02
  2.629591888e-02
  -9.486744681e-01 -1.776297872e-01 -2.783723191e-01
  -2.848053191e-01 4.634159574e-01 6.151586915e-01
  2.609787234e-03 -6.586902553e-01 5.000851064e-01
 Node:         82
  0.1267E+03  0.1148E+03  0.4557E+03  0.1622E-01
   0.01681
  -0.01497
  -0.001776
  -0.004319
   0.002191
  -0.007988
  2.942658511e-02
  -5.577467021e-03
  -1.796260638e-02
  4.272231306e-02
  1.962170567e-03
  2.013949152e-02
  -7.837248298e-01 5.283531915e-01 2.069159574e-01
  -9.861382979e-03 -4.297897872e-01 5.570085106e-01
  -1.243968085e-01 1.937031915e-01 4.873638298e-01
 Node:         83
  0.1234E+03  0.1129E+03  0.4717E+03  0.1622E-01
   0.001327
  -0.009998
  -0.003163
  -0.004472
   0.002342
  -0.001941
  1.450207872e-02
  -1.588008723e-03
  -2.563323404e-02
  3.625692445e-02
  -4.239721348e-03
  1.709167810e-02
  -5.961434043e-01 4.956042553e-01 3.434222340e-01
  6.057446809e-03 -3.773944681e-01 2.699085106e-01
  -4.620319149e-02 2.183893191e-01 4.505010638e-01
 Node:         84
  0.1187E+03  0.1123E+03  0.4849E+03  0.1622E-01
  -1.568E-4
  -7.893E-4
  -3.805E-4
  -6.538E-4
   3.62E-5
   1.11E-4
  3.986361064e-03
  -1.533497872e-05
  -9.383574468e-03
  1.290744989e-02
  -1.804182794e-03
  6.084630230e-03
  -4.454712766e-01 1.753009574e-01 3.922234043e-01
  -3.258521277e-01 2.735670213e-01 -2.167765957e-01
  -2.357138298e-01 -3.307814255e-01 -4.328180851e-01
 Node:         85
  0.1302E+03  0.1161E+03  0.4544E+03  0.1622E-01
   0.01705
  -0.01657
  -3.718E-4
  -0.004052
   0.002929
  -0.01211
  3.525080851e-02
  -6.418935106e-03
  -2.267571277e-02
  5.188191432e-02
  2.052053546e-03
  2.445736896e-02
  -7.271550000e-01 6.219765957e-01 2.505325532e-01
  9.230425532e-02 3.082882979e-01 -1.338787234e-01
  3.371500000e-01 1.944746809e-01 5.130053191e-01
 Node:         86
  0.1252E+03  0.1138E+03  0.4700E+03  0.1622E-01
  -0.01606
  -0.006926
   0.03292
  -0.01143
   0.01
  -0.002672
  5.089206383e-02
  6.881853617e-03
  -4.069780851e-02
  8.043340612e-02
  5.692036312e-03
  3.791667127e-02
  -2.337957447e-02 -4.504117021e-01 -7.694787234e-02
  1.314606383e-01 -6.705744681e-02 3.546308511e-01
  6.375255319e-01 1.053636064e-01 9.599255319e-02
 Node:         87
  0.1217E+03  0.1126E+03  0.4833E+03  0.1622E-01
   8.004E-4
  -6.898E-4
   7.292E-6
  -0.001845
   1.217E-4
   0.001336
  6.152244681e-03
  -3.563943617e-04
  -9.192478723e-03
  1.468647043e-02
  -1.132209468e-03
  6.923268554e-03
  -4.271702128e-01 3.050757447e-01 3.065774894e-01
  3.071521277e-01 -3.632234043e-01 3.640425532e-01
  6.792074468e-01 1.647707447e-01 6.279680851e-02
 Node:         88
  0.1338E+03  0.1169E+03  0.4527E+03  0.1622E-01
   9.261E-4
  -0.01844
   0.005585
  -0.003972
   0.01146
  -2.928E-4
  4.296807447e-02
  -5.116520851e-03
  -2.939022340e-02
  6.459002365e-02
  2.820443404e-03
  3.044802915e-02
  -5.777282128e-01 6.000734043e-01 3.871159574e-01
  1.206627660e-01 3.070565957e-01 -1.733500000e-01
  2.330606383e-01 1.241074468e-01 3.384191489e-01
 Node:         89
  0.1270E+03  0.1150E+03  0.4683E+03  0.1622E-01
   0.008044
  -0.01164
   0.002232
  -0.007404
   0.003049
  -0.001043
  2.544194681e-02
  -2.237734043e-03
  -2.590107447e-02
  4.619433615e-02
  -8.989539007e-04
  2.177621889e-02
  -5.565276596e-01 5.881755319e-01 3.963297872e-01
  -9.816670213e-02 -2.112170213e-01 5.874255319e-02
  -2.157553191e-02 3.217107234e-01 4.304336170e-01
 Node:         90
  0.1248E+03  0.1132E+03  0.4822E+03  0.1622E-01
   0.002518
  -0.002266
   0.001169
  -0.001492
   7.166E-4
   4.482E-4
  5.604973830e-03
  -2.485356915e-04
  -6.695306383e-03
  1.189509836e-02
  -4.462894149e-04
  5.607403144e-03
  -5.114945745e-01 1.831787234e-01 2.833521064e-01
  9.791063830e-03 -2.138625532e-01 3.689925532e-01
  8.146170213e-02 5.696351064e-01 3.833085106e-01
 Node:         91
  0.1258E+03  0.1259E+03  0.4542E+03  0.1622E-01
  -0.03685
  -0.01945
   0.03765
  -0.01053
   0.007418
  -0.01077
  5.445505319e-02
  -1.036820426e-02
  -4.732681915e-02
  8.941264428e-02
  -1.079990071e-03
  4.214952473e-02
  -1.440839362e-01 9.582042553e-01 2.182555319e-01
  -8.346170213e-02 -8.908723404e-02 4.995170213e-01
  -3.168723404e-02 -3.004462766e-01 -3.792446809e-02
 Node:         92
  0.1208E+03  0.1231E+03  0.4723E+03  0.1622E-01
  -8.628E-4
  -0.01629
   0.005855
  -0.01306
   0.004534
   0.001397
  3.291712766e-02
  -7.832665957e-04
  -2.416714894e-02
  4.967827708e-02
  2.655570709e-03
  2.341856440e-02
  -3.980702553e-01 8.155319149e-02 1.138617021e-01
  -6.065744681e-03 -5.923500000e-01 7.765882979e-01
  1.545191489e-01 2.995648511e-01 2.637159574e-01
 Node:         93
  0.1159E+03  0.1217E+03  0.4876E+03  0.1622E-01
   0.004042
  -2.679E-4
  -6.705E-4
  -0.005725
  -0.001647
   0.00377
  8.572859574e-03
  -1.169329787e-04
  -2.954780851e-03
  1.033764319e-02
  1.833715248e-03
  4.873211732e-03
  -6.473553404e-01 -1.409955319e-01 5.136851064e-01
  7.562788298e-01 -8.705393617e-01 6.395680851e-01
  2.415851064e-02 -2.813382979e-01 -2.995212766e-01
 Node:         94
  0.1312E+03  0.1261E+03  0.4532E+03  0.1622E-01
  -0.04599
  -0.01926
   0.04385
  -0.009873
   0.004428
  -0.01323
  5.950368085e-02
  -7.539185106e-03
  -5.636244681e-02
  1.008552328e-01
  -1.465983688e-03
  4.754361269e-02
  -1.657650745e-01 2.612127660e-01 -6.154488298e-02
  -1.807787234e-01 -9.134510638e-02 7.561021277e-01
  -3.990776596e-01 -1.464131702e-01 -1.002627660e-01
 Node:         95
  0.1249E+03  0.1233E+03  0.4703E+03  0.1622E-01
   0.005095
  -0.01531
   0.01665
  -0.01573
   0.004455
  -0.01061
  3.968055319e-02
  3.845065426e-03
  -2.950435106e-02
  6.004547175e-02
  4.673755851e-03
  2.830570684e-02
