 Group name: predicted_strain_L2A4
 #Fields=  16
 1) coordinates, coordinate, rectangular cartesian, #Components=3
   x.  Value index= 1, #Derivatives=0
   y.  Value index= 2, #Derivatives=0
   z.  Value index= 3, #Derivatives=0
 2) Tensor_1, field, rectangular cartesian, #Components=1
   Tensor_1.  Value index= 4, #Derivatives=0
 3) Tensor_2, field, rectangular cartesian, #Components=1
   Tensor_2.  Value index= 5, #Derivatives=0
 4) Tensor_3, field, rectangular cartesian, #Components=1
   Tensor_3.  Value index= 6, #Derivatives=0
 5) Tensor_4, field, rectangular cartesian, #Components=1
   Tensor_4.  Value index= 7, #Derivatives=0
 6) Tensor_5, field, rectangular cartesian, #Components=1
   Tensor_5.  Value index= 8, #Derivatives=0
 7) Tensor_6, field, rectangular cartesian, #Components=1
   Tensor_6.  Value index= 9, #Derivatives=0
 8) Principal_1, field, rectangular cartesian, #Components=1
   Principal_1.  Value index= 10, #Derivatives=0
 9) Principal_2, field, rectangular cartesian, #Components=1
   Principal_2.  Value index= 11, #Derivatives=0
 10) Principal_3, field, rectangular cartesian, #Components=1
   Principal_3.  Value index= 12, #Derivatives=0
 11) VonMises, field, rectangular cartesian, #Components=1
   VonMises.  Value index= 13, #Derivatives=0
 12) Hydrostatic, field, rectangular cartesian, #Components=1
   VonMises.  Value index= 14, #Derivatives=0
 13) Octahedral, field, rectangular cartesian, #Components=1
   VonMises.  Value index= 15, #Derivatives=0
 14) PrincipalVector1, field, rectangular cartesian, #Components=3
   x.  Value index= 16, #Derivatives=0
   y.  Value index= 17, #Derivatives=0
   z.  Value index= 18, #Derivatives=0
 15) PrincipalVector2, field, rectangular cartesian, #Components=3
   x.  Value index= 19, #Derivatives=0
   y.  Value index= 20, #Derivatives=0
   z.  Value index= 21, #Derivatives=0
 16) PrincipalVector3, field, rectangular cartesian, #Components=3
   x.  Value index= 22, #Derivatives=0
   y.  Value index= 23, #Derivatives=0
   z.  Value index= 24, #Derivatives=0
 Node:          1
  0.1287E+03  0.1133E+03  0.4908E+03 -0.8793E-01
  -1.11E-16
  -8.327E-17
  -2.22E-16
  -2.776E-17
  -4.163E-17
  -3.331E-16
  -6.637000000e-17
  -2.400000000e-16
  -3.598000000e-16
  2.555392160e-16
  -2.220566667e-16
  1.204623416e-16
  8.837000000e-01 -4.676000000e-01 -1.897000000e-02
  4.046000000e-01 7.837000000e-01 -4.712000000e-01
  2.352000000e-01 4.088000000e-01 8.818000000e-01
 Node:          2
  0.1292E+03  0.1137E+03  0.5052E+03 -0.8793E-01
  -5.551E-17
  -1.11E-16
  -1.665E-16
  -5.551E-17
   1.943E-16
  -2.776E-16
  8.603000000e-17
  -1.600000000e-16
  -4.256000000e-16
  4.431926093e-16
  -1.665233333e-16
  2.089229996e-16
  -6.554000000e-01 6.199000000e-01 4.313000000e-01
  7.522000000e-01 4.849000000e-01 4.462000000e-01
  -6.744000000e-02 -6.169000000e-01 7.841000000e-01
 Node:          3
  0.1289E+03  0.1155E+03  0.5194E+03 -0.8793E-01
   2.22E-16
   1.388E-16
   3.331E-16
   1.11E-16
   5.551E-17
   2.22E-16
  4.753000000e-16
  2.118000000e-16
  9.006000000e-17
  3.410738448e-16
  2.590533333e-16
  1.607837524e-16
  -5.696000000e-01 -7.144000000e-01 -4.063000000e-01
  2.395000000e-01 -6.172000000e-01 7.494000000e-01
  -7.862000000e-01 3.296000000e-01 5.227000000e-01
 Node:          4
  0.1361E+03  0.1141E+03  0.4915E+03 -0.8793E-01
   0.0
  -2.776E-17
  -1.11E-16
  -2.776E-17
  -8.327E-17
   2.22E-16
  2.435000000e-16
  6.328000000e-18
  -1.388000000e-16
  3.342648530e-16
  3.700933333e-17
  1.575739629e-16
  -8.549000000e-02 -2.215000000e-01 9.714000000e-01
  9.681000000e-01 -2.491000000e-01 2.840000000e-02
  2.357000000e-01 9.428000000e-01 2.357000000e-01
 Node:          5
  0.1341E+03  0.1144E+03  0.5054E+03 -0.8793E-01
   3.331E-16
   1.388E-16
   3.331E-16
   5.551E-17
  -6.939E-17
   4.441E-16
  4.814000000e-16
  4.627000000e-16
  1.662000000e-16
  3.062784517e-16
  3.701000000e-16
  1.443810468e-16
  -3.480000000e-01 -6.443000000e-01 6.810000000e-01
  -6.589000000e-01 -3.487000000e-01 -6.665000000e-01
  6.669000000e-01 -6.807000000e-01 -3.032000000e-01
 Node:          6
  0.1323E+03  0.1162E+03  0.5191E+03 -0.8793E-01
   2.22E-16
   5.551E-17
   2.22E-16
  -5.551E-17
  -2.776E-17
   0.0
  2.897000000e-16
  1.685000000e-16
  -1.402000000e-17
  2.648101478e-16
  1.480600000e-16
  1.248327008e-16
  -7.150000000e-01 -6.696000000e-01 2.012000000e-01
  6.656000000e-01 -7.399000000e-01 -9.741000000e-02
  -2.141000000e-01 -6.426000000e-02 -9.747000000e-01
 Node:          7
  0.1408E+03  0.1171E+03  0.4920E+03 -0.8793E-01
   3.331E-16
   2.22E-16
   2.22E-16
  -8.327E-17
  -1.11E-16
   0.0
  5.398000000e-16
  6.158000000e-17
  -4.631000000e-17
  5.403052621e-16
  1.850233333e-16
  2.547023432e-16
  -7.537000000e-01 -6.111000000e-01 2.419000000e-01
  -6.560000000e-01 6.770000000e-01 -3.335000000e-01
  -4.004000000e-02 4.101000000e-01 9.112000000e-01
 Node:          8
  0.1367E+03  0.1169E+03  0.5055E+03 -0.8793E-01
   2.22E-16
   1.943E-16
   2.22E-16
  -4.025E-16
  -2.359E-16
  -2.22E-16
  6.547000000e-16
  4.477000000e-17
  -4.775000000e-16
  9.814930967e-16
  7.399000000e-17
  4.626802829e-16
  -6.847000000e-01 -5.611000000e-01 4.652000000e-01
  5.685000000e-01 -8.105000000e-01 -1.409000000e-01
  -4.561000000e-01 -1.681000000e-01 -8.739000000e-01
 Node:          9
  0.1339E+03  0.1180E+03  0.5191E+03 -0.8793E-01
   2.22E-16
   1.665E-16
   0.0
  -3.955E-16
  -2.776E-16
   6.661E-16
  1.002000000e-15
  -9.379000000e-18
  -1.046000000e-16
  1.062195387e-15
  2.960070000e-16
  5.007237074e-16
  -4.817000000e-01 -3.073000000e-01 8.207000000e-01
  -8.565000000e-01 -3.292000000e-02 -5.150000000e-01
  -1.853000000e-01 9.510000000e-01 2.474000000e-01
 Node:         10
  0.1294E+03  0.1212E+03  0.4911E+03 -0.8793E-01
   0.0
   2.776E-17
   1.11E-16
  -1.388E-17
   1.249E-16
   1.11E-16
  2.363000000e-16
  2.303000000e-17
  -3.732000000e-17
  2.489920880e-16
  7.400333333e-17
  1.173759959e-16
  4.210000000e-02 7.100000000e-01 7.030000000e-01
  -7.813000000e-01 -4.152000000e-01 4.661000000e-01
  -6.228000000e-01 5.688000000e-01 -5.372000000e-01
 Node:         11
  0.1295E+03  0.1214E+03  0.5055E+03 -0.8793E-01
  -2.22E-16
  -2.776E-17
  -2.22E-16
  -4.163E-17
   1.388E-17
  -1.665E-16
  -1.365000000e-16
  -2.183000000e-16
  -2.558000000e-16
  1.056645163e-16
  -2.035333333e-16
  4.981073066e-17
  -4.935000000e-01 2.929000000e-01 8.189000000e-01
  3.541000000e-01 -7.924000000e-01 4.968000000e-01
  -7.944000000e-01 -5.351000000e-01 -2.873000000e-01
 Node:         12
  0.1295E+03  0.1217E+03  0.5196E+03 -0.8793E-01
   1.11E-16
   0.0
   1.11E-16
   7.633E-17
   2.776E-17
   2.22E-16
  2.649000000e-16
  1.110000000e-16
  6.816000000e-17
  1.792025435e-16
  1.480200000e-16
  8.447688915e-17
  -4.387000000e-01 -1.595000000e-01 -8.844000000e-01
  3.417000000e-01 -9.398000000e-01 -2.255000000e-17
  8.311000000e-01 3.022000000e-01 -4.668000000e-01
 Node:         13
  0.1361E+03  0.1199E+03  0.4914E+03 -0.8793E-01
   1.11E-16
  -1.388E-16
   0.0
  -9.714E-17
   2.776E-17
  -1.665E-16
  2.285000000e-16
  -8.520000000e-17
  -1.988000000e-16
  3.833392362e-16
  -1.850000000e-17
  1.807078489e-16
  8.171000000e-01 -5.252000000e-01 -2.378000000e-01
  4.648000000e-01 8.442000000e-01 -2.671000000e-01
  3.410000000e-01 1.077000000e-01 9.339000000e-01
 Node:         14
  0.1342E+03  0.1198E+03  0.5054E+03 -0.8793E-01
  -5.551E-17
   2.776E-17
   0.0
   5.551E-17
  -9.021E-17
   1.11E-16
  1.672000000e-16
  -4.940000000e-18
  -1.068000000e-16
  2.398787602e-16
  1.848666667e-17
  1.130799320e-16
  1.634000000e-01 -4.472000000e-01 8.794000000e-01
  -6.569000000e-01 -7.144000000e-01 -2.412000000e-01
  -7.361000000e-01 5.382000000e-01 4.105000000e-01
 Node:         15
  0.1330E+03  0.1205E+03  0.5193E+03 -0.8793E-01
   2.22E-16
  -8.327E-17
  -5.551E-17
   1.388E-17
   4.857E-17
   0.0
  2.451000000e-16
  2.471000000e-17
  -1.033000000e-16
  3.052383267e-16
  5.550333333e-17
  1.438907271e-16
  -9.638000000e-01 2.667000000e-01 -1.723000000e-03
  1.157000000e-01 4.239000000e-01 8.983000000e-01
  2.403000000e-01 8.656000000e-01 -4.394000000e-01
 Node:         16
  0.1404E+03  0.1188E+03  0.4918E+03 -0.8793E-01
   2.22E-16
   5.551E-17
   2.22E-16
  -8.327E-17
  -1.457E-16
   4.441E-16
  5.466000000e-16
  1.950000000e-16
  1.465000000e-16
  3.781896482e-16
  2.960333333e-16
  1.782803099e-16
  -2.927000000e-01 -4.328000000e-01 8.526000000e-01
  -9.222000000e-01 -1.077000000e-01 -3.713000000e-01
  -2.526000000e-01 8.950000000e-01 3.676000000e-01
 Node:         17
  0.1365E+03  0.1184E+03  0.5055E+03 -0.8793E-01
  -1.11E-16
   2.776E-17
  -1.11E-16
   9.714E-17
   1.7E-16
   0.0
  1.573000000e-16
  -1.341000000e-16
  -2.452000000e-16
  3.600440390e-16
  -7.400000000e-17
  1.697263877e-16
  3.368000000e-01 5.285000000e-01 7.792000000e-01
  8.927000000e-01 -4.425000000e-01 -8.566000000e-02
  -2.996000000e-01 -7.244000000e-01 6.209000000e-01
 Node:         18
  0.1341E+03  0.1191E+03  0.5192E+03 -0.8793E-01
   0.0
   0.0
   0.0
   2.645E-17
   1.065E-16
   4.441E-16
  4.697000000e-16
  -1.672000000e-33
  -2.562000000e-17
  4.830198634e-16
  1.480266667e-16
  2.276977472e-16
  -5.484000000e-02 -2.207000000e-01 -9.738000000e-01
  9.705000000e-01 -2.411000000e-01 -6.210000000e-17
  -2.348000000e-01 -9.451000000e-01 2.274000000e-01
 Node:         19
  0.1301E+03  0.1291E+03  0.4914E+03  0.0000E+00
   1.11E-16
   0.0
   1.11E-16
   2.101E-19
   1.001E-17
  -2.22E-16
  1.113000000e-16
  1.110000000e-16
  -2.223000000e-16
  3.334501012e-16
  0.000000000e+00
  1.571898852e-16
  -2.096000000e-02 -9.993000000e-01 -3.003000000e-02
  9.998000000e-01 -2.097000000e-02 1.345000000e-19
  6.298000000e-04 3.003000000e-02 -9.995000000e-01
 Node:         20
  0.1299E+03  0.1291E+03  0.5058E+03  0.0000E+00
   2.22E-16
   0.0
   0.0
   1.041E-17
   1.924E-17
  -5.551E-17
  2.224000000e-16
  5.975000000e-18
  -6.188000000e-17
  2.571567616e-16
  5.549833333e-17
  1.212248600e-16
  -9.993000000e-01 -3.257000000e-03 -3.765000000e-02
  1.428000000e-02 -9.549000000e-01 -2.965000000e-01
  -3.498000000e-02 -2.968000000e-01 9.543000000e-01
 Node:         21
  0.1301E+03  0.1280E+03  0.5197E+03  0.0000E+00
   1.11E-16
   0.0
   0.0
   4.163E-17
   1.475E-17
   1.11E-16
  1.534000000e-16
  7.089000000e-17
  -2.220000000e-18
  1.348528023e-16
  7.402333333e-17
  6.357022067e-17
  -6.994000000e-01 -6.840000000e-02 -7.114000000e-01
  -7.126000000e-01 1.429000000e-01 6.869000000e-01
  -5.465000000e-02 -9.874000000e-01 1.487000000e-01
 Node:         22
  0.1360E+03  0.1256E+03  0.4913E+03  0.0000E+00
  -2.22E-16
   1.388E-17
  -1.11E-16
  -1.388E-17
   1.006E-16
   1.11E-16
  1.500000000e-16
  -1.456000000e-16
  -2.264000000e-16
  3.432090908e-16
  -7.400000000e-17
  1.617903170e-16
  -2.144000000e-02 3.586000000e-01 9.332000000e-01
  2.280000000e-01 9.106000000e-01 -3.447000000e-01
  -9.734000000e-01 2.054000000e-01 -1.013000000e-01
 Node:         23
  0.1343E+03  0.1253E+03  0.5054E+03  0.0000E+00
   0.0
   2.082E-17
  -4.441E-16
   0.0
   1.314E-16
  -1.665E-16
  1.265000000e-18
  -1.147000000e-16
  -4.972000000e-16
  4.517861704e-16
  -2.035450000e-16
  2.129740431e-16
  9.970000000e-01 6.061000000e-02 4.746000000e-02
  6.644000000e-02 -3.661000000e-01 -9.282000000e-01
  3.888000000e-02 -9.286000000e-01 3.690000000e-01
 Node:         24
  0.1336E+03  0.1248E+03  0.5194E+03  0.0000E+00
  -2.22E-16
   1.214E-17
   0.0
   1.388E-17
   8.674E-19
  -1.665E-16
  6.779000000e-19
  -1.633000000e-16
  -2.259000000e-16
  2.026635839e-16
  -1.295073667e-16
  9.553652964e-17
  -5.504000000e-02 -9.984000000e-01 -9.747000000e-03
  2.257000000e-01 -2.195000000e-02 9.740000000e-01
  -9.726000000e-01 5.141000000e-02 2.265000000e-01
 Node:         25
  0.1400E+03  0.1206E+03  0.4917E+03  0.0000E+00
   0.0
   2.671E-16
  -1.11E-16
  -8.327E-17
  -1.301E-16
   2.22E-16
  3.681000000e-16
  7.580000000e-17
  -3.329000000e-16
  6.098671905e-16
  3.700000000e-17
  2.874941507e-16
  5.089000000e-01 4.781000000e-01 -7.159000000e-01
  6.086000000e-01 3.883000000e-01 6.920000000e-01
  6.088000000e-01 -7.878000000e-01 -9.334000000e-02
 Node:         26
  0.1363E+03  0.1200E+03  0.5055E+03  0.0000E+00
   2.22E-16
   1.076E-16
  -6.106E-16
   2.776E-17
  -1.124E-15
  -5.551E-17
  8.281000000e-16
  2.248000000e-16
  -1.497000000e-15
  2.089815320e-15
  -1.480333333e-16
  9.851483893e-16
  7.371000000e-02 6.174000000e-01 -7.832000000e-01
  9.955000000e-01 1.018000000e-03 9.449000000e-02
  -5.914000000e-02 7.866000000e-01 6.146000000e-01
 Node:         27
  0.1343E+03  0.1203E+03  0.5192E+03  0.0000E+00
   2.22E-16
  -1.943E-16
   2.22E-16
  -1.041E-16
   1.313E-15
   0.0
  1.466000000e-15
  1.875000000e-16
  -1.209000000e-15
  2.317369144e-15
  1.481666667e-16
  1.092418291e-15
  -1.693000000e-01 7.280000000e-01 6.643000000e-01
  9.848000000e-01 9.849000000e-02 1.431000000e-01
  3.876000000e-02 6.785000000e-01 -7.336000000e-01
 Node:         28
  0.1155E+03  0.1124E+03  0.4931E+03 -0.5255E+00
  -2.22E-16
   3.816E-17
   2.22E-16
  -5.551E-17
   5.551E-17
   1.11E-16
  2.455000000e-16
  1.014000000e-16
  -2.359000000e-16
  4.279497985e-16
  3.700000000e-17
  2.017374697e-16
  3.184000000e-02 9.284000000e-01 3.701000000e-01
  1.988000000e-01 3.571000000e-01 -9.127000000e-01
  9.795000000e-01 -1.026000000e-01 1.732000000e-01
 Node:         29
  0.1119E+03  0.1139E+03  0.5068E+03 -0.5255E+00
  -2.22E-16
  -2.082E-17
   0.0
   5.551E-17
   6.939E-18
  -3.331E-16
  1.944000000e-18
  -2.004000000e-16
  -3.566000000e-16
  3.113642034e-16
  -1.850186667e-16
  1.467784931e-16
  -9.118000000e-02 9.958000000e-01 5.517000000e-03
  -9.179000000e-01 -8.189000000e-02 -3.884000000e-01
  -3.863000000e-01 -4.048000000e-02 9.215000000e-01
 Node:         30
  0.1113E+03  0.1159E+03  0.5206E+03 -0.5255E+00
   2.22E-16
   1.249E-16
   2.22E-16
   0.0
  -2.776E-17
   1.11E-16
  3.486000000e-16
  1.238000000e-16
  8.277000000e-17
  2.478750591e-16
  1.850566667e-16
  1.168494234e-16
  -7.001000000e-01 -7.092000000e-01 8.287000000e-02
  -4.685000000e-01 3.686000000e-01 -8.029000000e-01
  -5.389000000e-01 6.009000000e-01 5.903000000e-01
 Node:         31
  0.1203E+03  0.1126E+03  0.4920E+03 -0.5255E+00
  -5.551E-17
   9.714E-17
  -1.11E-16
   2.776E-17
   4.163E-17
  -5.551E-17
  4.114000000e-17
  -7.661000000e-17
  -1.866000000e-16
  1.972667866e-16
  -7.402333333e-17
  9.299245501e-17
  -6.956000000e-01 -5.654000000e-01 -4.433000000e-01
  4.358000000e-01 1.585000000e-01 -8.860000000e-01
  5.712000000e-01 -8.095000000e-01 1.362000000e-01
 Node:         32
  0.1188E+03  0.1134E+03  0.5062E+03 -0.5255E+00
   2.22E-16
  -1.388E-17
  -1.11E-16
  -2.776E-17
   9.714E-17
  -5.551E-17
  2.266000000e-16
  1.331000000e-17
  -1.844000000e-16
  3.560216764e-16
  1.850333333e-17
  1.678302278e-16
  -9.894000000e-01 7.624000000e-02 1.236000000e-01
  1.445000000e-01 5.992000000e-01 7.875000000e-01
  1.402000000e-02 -7.970000000e-01 6.038000000e-01
 Node:         33
  0.1183E+03  0.1150E+03  0.5201E+03 -0.5255E+00
   1.11E-16
   5.551E-17
   0.0
   8.327E-17
   0.0
   0.0
  1.700000000e-16
  0.000000000e+00
  -5.893000000e-17
  2.058903711e-16
  3.702333333e-17
  9.705765171e-17
  -8.617000000e-01 -2.815000000e-01 -4.222000000e-01
  0.000000000e+00 -8.321000000e-01 5.547000000e-01
  -5.074000000e-01 4.780000000e-01 7.170000000e-01
 Node:         34
  0.1255E+03  0.1129E+03  0.4909E+03 -0.5255E+00
   0.0
   0.0
   0.0
   5.551E-17
   9.714E-17
   0.0
  1.119000000e-16
  3.387000000e-33
  -1.119000000e-16
  1.938164854e-16
  0.000000000e+00
  9.136596741e-17
  -3.508000000e-01 -6.139000000e-01 -7.071000000e-01
  8.682000000e-01 -4.961000000e-01 -4.855000000e-17
  -3.508000000e-01 -6.139000000e-01 7.071000000e-01
 Node:         35
  0.1260E+03  0.1135E+03  0.5054E+03 -0.5255E+00
   0.0
   1.11E-16
  -1.11E-16
   1.11E-16
   2.498E-16
  -1.11E-16
  2.410000000e-16
  -1.023000000e-16
  -3.608000000e-16
  5.228959648e-16
  -7.403333333e-17
  2.464955217e-16
  5.458000000e-01 5.925000000e-01 5.925000000e-01
  8.379000000e-01 -3.859000000e-01 -3.859000000e-01
  -4.975000000e-17 -7.071000000e-01 7.071000000e-01
 Node:         36
  0.1257E+03  0.1153E+03  0.5196E+03 -0.5255E+00
   0.0
  -5.551E-17
   0.0
  -5.551E-17
   8.327E-17
   0.0
  1.305000000e-16
  -4.723000000e-17
  -8.327000000e-17
  1.982226619e-16
  0.000000000e+00
  9.344305895e-17
  -5.155000000e-01 6.059000000e-01 6.059000000e-01
  8.569000000e-01 3.645000000e-01 3.645000000e-01
  -1.256000000e-16 7.071000000e-01 -7.071000000e-01
 Node:         37
  0.1132E+03  0.1210E+03  0.4959E+03 -0.5255E+00
  -2.22E-16
   1.388E-16
  -2.22E-16
  -8.327E-17
   1.804E-16
  -2.776E-16
  -4.482000000e-17
  -1.622000000e-16
  -5.146000000e-16
  4.234720019e-16
  -2.405400000e-16
  1.996266161e-16
  3.971000000e-01 7.887000000e-01 4.693000000e-01
  -7.874000000e-01 3.010000000e-02 6.157000000e-01
  4.715000000e-01 -6.140000000e-01 6.330000000e-01
 Node:         38
  0.1111E+03  0.1204E+03  0.5085E+03 -0.5255E+00
  -1.665E-16
   9.714E-17
   0.0
  -2.776E-17
  -8.327E-17
  -2.22E-16
  7.071000000e-17
  -2.091000000e-16
  -2.502000000e-16
  3.024616291e-16
  -1.295300000e-16
  1.425817793e-16
  -3.916000000e-01 -8.746000000e-01 2.859000000e-01
  9.154000000e-01 -3.389000000e-01 2.170000000e-01
  9.287000000e-02 -3.467000000e-01 -9.334000000e-01
 Node:         39
  0.1119E+03  0.1201E+03  0.5207E+03 -0.5255E+00
  -5.551E-17
  -9.714E-17
  -3.331E-16
  -8.327E-17
  -7.633E-17
  -1.11E-16
  8.934000000e-18
  -1.105000000e-16
  -3.981000000e-16
  3.623913061e-16
  -1.665553333e-16
  1.708329000e-16
  8.510000000e-01 -1.281000000e-01 -5.092000000e-01
  4.076000000e-01 -4.503000000e-01 7.944000000e-01
  -3.311000000e-01 -8.836000000e-01 -3.310000000e-01
 Node:         40
  0.1191E+03  0.1220E+03  0.4937E+03 -0.5255E+00
   0.0
   8.327E-17
  -2.22E-16
   8.327E-17
  -1.388E-17
  -2.22E-16
  4.872000000e-17
  -2.082000000e-16
  -2.846000000e-16
  3.024459198e-16
  -1.480266667e-16
  1.425743739e-16
  -9.240000000e-01 -2.703000000e-01 -2.703000000e-01
  0.000000000e+00 -7.071000000e-01 7.071000000e-01
  3.823000000e-01 -6.534000000e-01 -6.534000000e-01
 Node:         41
  0.1182E+03  0.1217E+03  0.5073E+03 -0.5255E+00
   0.0
  -2.776E-17
  -5.551E-17
   5.551E-17
   9.714E-17
   1.11E-16
  1.653000000e-16
  1.073000000e-17
  -1.206000000e-16
  2.478691830e-16
  1.847666667e-17
  1.168466534e-16
  2.406000000e-01 3.653000000e-01 8.993000000e-01
  -8.901000000e-01 4.526000000e-01 5.428000000e-02
  -3.871000000e-01 -8.135000000e-01 4.340000000e-01
 Node:         42
  0.1187E+03  0.1212E+03  0.5204E+03 -0.5255E+00
   0.0
  -5.551E-17
  -1.11E-16
   0.0
   5.551E-17
   1.11E-16
  1.256000000e-16
  1.887000000e-17
  -1.444000000e-16
  2.355296009e-16
  2.333333333e-20
  1.110297186e-16
  1.113000000e-01 -2.517000000e-01 -9.614000000e-01
  9.295000000e-01 -3.159000000e-01 1.903000000e-01
  -3.516000000e-01 -9.148000000e-01 1.988000000e-01
 Node:         43
  0.1258E+03  0.1217E+03  0.4915E+03 -0.5255E+00
   2.22E-16
   1.11E-16
   1.11E-16
  -1.388E-17
   0.0
  -5.551E-17
  2.911000000e-16
  4.294000000e-17
  -5.645000000e-17
  3.100425456e-16
  9.253000000e-17
  1.461554576e-16
  -8.507000000e-01 -5.246000000e-01 3.406000000e-02
  -5.213000000e-01 8.502000000e-01 7.348000000e-02
  6.751000000e-02 -4.475000000e-02 9.967000000e-01
 Node:         44
  0.1259E+03  0.1220E+03  0.5059E+03 -0.5255E+00
  -2.22E-16
   1.388E-16
  -2.22E-16
   9.714E-17
   1.11E-16
  -1.11E-16
  5.081000000e-17
  -2.445000000e-16
  -3.614000000e-16
  3.679610647e-16
  -1.850300000e-16
  1.734585094e-16
  -5.113000000e-01 -5.340000000e-01 -6.733000000e-01
  -5.198000000e-01 -4.318000000e-01 7.372000000e-01
  -6.844000000e-01 7.269000000e-01 -5.679000000e-02
 Node:         45
  0.1261E+03  0.1221E+03  0.5198E+03 -0.5255E+00
  -5.551E-17
  -8.327E-17
  -2.776E-16
   2.776E-17
  -6.939E-18
   1.11E-16
  1.167000000e-16
  -3.339000000e-17
  -3.053000000e-16
  3.705037491e-16
  -7.399666667e-17
  1.746571423e-16
  1.854000000e-01 -5.643000000e-02 9.810000000e-01
  9.302000000e-01 -3.117000000e-01 -1.938000000e-01
  -3.167000000e-01 -9.485000000e-01 5.308000000e-03
 Node:         46
  0.1117E+03  0.1296E+03  0.4959E+03  0.0000E+00
  -5.551E-17
   2.776E-17
  -1.665E-16
   6.939E-18
  -2.602E-17
   0.0
  4.101000000e-18
  -4.897000000e-17
  -1.772000000e-16
  1.614458370e-16
  -7.402300000e-17
  7.610629740e-17
  4.856000000e-02 -1.429000000e-01 9.886000000e-01
  9.724000000e-01 2.327000000e-01 -1.414000000e-02
  -2.280000000e-01 9.620000000e-01 1.502000000e-01
 Node:         47
  0.1107E+03  0.1269E+03  0.5087E+03  0.0000E+00
  -1.665E-16
  -3.123E-17
   1.11E-16
  -2.776E-17
   3.99E-17
   0.0
  1.289000000e-16
  -1.114000000e-17
  -1.732000000e-16
  2.618578385e-16
  -1.848000000e-17
  1.234409689e-16
  -1.292000000e-01 9.390000000e-01 3.186000000e-01
  -1.008000000e-01 -3.321000000e-01 9.379000000e-01
  -9.865000000e-01 -8.906000000e-02 -1.376000000e-01
 Node:         48
  0.1125E+03  0.1242E+03  0.5208E+03  0.0000E+00
   1.11E-16
   3.469E-18
   1.11E-16
   0.0
  -1.735E-18
   1.11E-16
  1.149000000e-16
  1.110000000e-16
  1.071000000e-16
  6.754998150e-18
  1.110000000e-16
  3.184336666e-18
  -6.325000000e-01 -7.071000000e-01 3.162000000e-01
  4.472000000e-01 -4.455000000e-15 8.944000000e-01
  -6.325000000e-01 7.071000000e-01 3.162000000e-01
 Node:         49
  0.1186E+03  0.1311E+03  0.4938E+03  0.0000E+00
  -1.665E-16
  -2.082E-17
   0.0
  -4.163E-17
  -6.072E-18
  -5.551E-17
  2.581000000e-18
  -4.165000000e-17
  -1.830000000e-16
  1.678935845e-16
  -7.402300000e-17
  7.914579474e-17
  1.174000000e-01 -9.929000000e-01 1.965000000e-02
  -3.135000000e-01 -1.827000000e-02 9.494000000e-01
  -9.423000000e-01 -1.176000000e-01 -3.134000000e-01
 Node:         50
  0.1180E+03  0.1298E+03  0.5075E+03  0.0000E+00
   0.0
  -1.301E-17
   3.331E-16
  -4.163E-17
   1.247E-17
   2.22E-16
  3.354000000e-16
  2.276000000e-16
  -7.879000000e-18
  3.040655121e-16
  1.850403333e-16
  1.433378570e-16
  5.441000000e-02 -9.902000000e-01 -1.289000000e-01
  -1.707000000e-01 -1.364000000e-01 9.758000000e-01
  9.838000000e-01 3.109000000e-02 1.765000000e-01
 Node:         51
  0.1192E+03  0.1275E+03  0.5206E+03  0.0000E+00
   0.0
  -3.469E-18
  -5.551E-17
   0.0
   1.475E-17
   1.11E-16
  1.123000000e-16
  2.087000000e-19
  -5.702000000e-17
  1.491791642e-16
  1.849623333e-17
  7.032373239e-17
  -2.705000000e-03 8.758000000e-02 9.962000000e-01
  9.982000000e-01 -6.004000000e-02 7.989000000e-03
  -6.051000000e-02 -9.943000000e-01 8.725000000e-02
 Node:         52
  0.1262E+03  0.1305E+03  0.4920E+03  0.0000E+00
   1.11E-16
  -1.388E-17
   1.11E-16
   1.301E-18
   4.906E-18
   0.0
  1.250000000e-16
  9.734000000e-17
  -2.497000000e-19
  1.139655924e-16
  7.403010000e-17
  5.372389547e-17
  -7.047000000e-01 7.092000000e-01 2.051000000e-02
  7.093000000e-01 7.034000000e-01 4.493000000e-02
  -1.744000000e-02 -4.621000000e-02 9.988000000e-01
 Node:         53
  0.1258E+03  0.1304E+03  0.5063E+03  0.0000E+00
  -1.665E-16
  -1.735E-18
  -1.11E-16
   2.776E-17
   3.383E-17
  -2.22E-16
  -1.010000000e-16
  -1.572000000e-16
  -2.414000000e-16
  1.223933005e-16
  -1.665333333e-16
  5.769675516e-17
  9.684000000e-02 9.526000000e-01 2.883000000e-01
  -9.346000000e-01 1.866000000e-01 -3.027000000e-01
  -3.422000000e-01 -2.402000000e-01 9.084000000e-01
 Node:         54
  0.1265E+03  0.1288E+03  0.5200E+03  0.0000E+00
  -2.22E-16
   2.082E-17
   1.11E-16
   0.0
  -4.337E-18
   1.11E-16
  1.160000000e-16
  1.073000000e-16
  -2.233000000e-16
  3.350347295e-16
  0.000000000e+00
  1.579368861e-16
  -4.656000000e-02 -7.562000000e-01 6.527000000e-01
  -4.117000000e-02 -6.514000000e-01 -7.576000000e-01
  -9.981000000e-01 6.215000000e-02 8.061000000e-04
 Node:         55
  0.1382E+03  0.1167E+03  0.4539E+03 -0.6036E-04
  -0.05693
  -0.009669
   0.05169
   0.002688
   0.01757
   0.03092
  6.694771355e-02
  2.295603148e-02
  -5.630156157e-02
  1.095638656e-01
  1.120072782e-02
  5.164890157e-02
  -1.315295260e-01 3.207078310e-01 2.032509531e-01
  6.404506440e-02 8.174740855e-02 -1.372326636e-01
  -6.857760038e-01 -4.018868109e-02 -6.447895930e-02
 Node:         56
  0.1314E+03  0.1156E+03  0.4690E+03 -0.6036E-04
  -0.05865
   0.002625
   0.02767
   0.01576
   6.656E-4
   0.001687
  2.635154560e-02
  5.590454766e-03
  -6.271710871e-02
  8.079721019e-02
  -1.025836945e-02
  3.808817015e-02
  7.634186141e-02 -4.295353426e-01 5.472849047e-04
  1.642686759e-01 -3.299763833e-02 4.550777640e-01
  -8.320456878e-01 6.291384338e-02 1.059687790e-01
 Node:         57
  0.1285E+03  0.1140E+03  0.4824E+03 -0.6036E-04
  -0.01386
   0.006575
  -0.001276
   0.005199
  -0.003561
  -0.002062
  9.086639361e-04
  -5.620824889e-04
  -1.959191808e-02
  1.927141846e-02
  -6.415112212e-03
  9.084633785e-03
  -1.307200412e-01 -8.825431221e-01 4.317932561e-01
  4.070501288e-01 2.687963215e-01 7.865680690e-01
  -7.824730551e-01 4.031332457e-01 3.122645544e-01
 Node:         58
  0.1485E+03  0.1176E+03  0.4541E+03 -0.6036E-04
  -0.06168
  -0.02762
   0.0886
  -0.004432
   0.01449
   0.004401
  1.060167223e-01
  1.849577486e-03
  -6.638075992e-02
  1.512869149e-01
  1.382851329e-02
  7.131733562e-02
  -3.440360639e-02 -4.657177743e-01 -8.442635755e-02
  1.228431901e-01 -1.898955693e-01 8.893385420e-01
  -5.446220402e-01 -8.351714580e-02 -4.270784647e-02
 Node:         59
  0.1420E+03  0.1166E+03  0.4698E+03 -0.6036E-04
  -0.05709
  -0.02195
   0.06347
   0.006559
   0.006253
  -0.01112
  7.006682895e-02
  -1.157400548e-02
  -6.410914889e-02
  1.179476681e-01
  -1.872108471e-03
  5.560106394e-02
  7.997197321e-02 1.244811437e-01 -5.195339001e-02
  1.656750644e-01 -6.092844049e-02 9.016800608e-01
  -4.875290572e-01 -5.857069552e-02 1.563536960e-01
 Node:         60
  0.1375E+03  0.1150E+03  0.4833E+03 -0.6036E-04
  -0.01152
  -0.002959
   0.009144
   0.004885
  -0.001265
  -0.003466
  9.078265327e-03
  -1.808017770e-03
  -1.502076337e-02
  2.091152282e-02
  -2.583505271e-03
  9.857786393e-03
  -1.369621844e-01 8.406348789e-01 -1.543621061e-01
  -2.474096857e-01 -2.655082432e-01 -1.209873096e-01
  -3.109800103e-01 1.321924611e-01 1.683970737e-01
 Node:         61
  0.1556E+03  0.1219E+03  0.4539E+03 -0.6036E-04
  -0.02845
  -0.02693
   0.04988
  -0.0213
   0.02812
  -0.06529
  7.665622308e-02
  -3.763334019e-02
  -8.235806285e-02
  1.424698998e-01
  -1.444505999e-02
  6.716095484e-02
  -2.050649150e-02 4.907657393e-01 1.774029882e-01
  7.252447707e-01 3.200080886e-01 -1.565918805e-01
  2.611800309e-01 -1.421210453e-01 7.615954147e-01
 Node:         62
  0.1494E+03  0.1202E+03  0.4702E+03 -0.6036E-04
  -0.002946
  -0.0379
   0.05127
  -0.006292
   0.01513
  -0.0607
  7.886889232e-02
  -2.734208521e-02
  -6.809297939e-02
  1.315216548e-01
  -5.522057427e-03
  6.199990265e-02
  -1.903927872e-01 4.245575477e-01 3.841707883e-02
  9.430376610e-01 4.793166924e-01 9.808456109e-02
  5.759374034e-02 6.562345389e-02 2.378834415e-01
 Node:         63
  0.1437E+03  0.1181E+03  0.4839E+03 -0.6036E-04
   0.006843
  -0.01085
   0.01185
   0.001917
  -0.0014
  -0.01075
  2.116711540e-02
  -2.224158712e-03
  -1.190232014e-02
  2.970749089e-02
  2.346878849e-03
  1.400424551e-02
  -3.180277177e-01 3.966280783e-01 -3.497655435e-02
  7.317937146e-01 5.759953220e-01 5.841218444e-02
  -6.960530654e-03 -1.281122566e-01 1.830544565e-01
 Node:         64
  0.1415E+03  0.1253E+03  0.4528E+03 -0.6036E-04
  -0.04106
   0.009834
   0.04826
  -0.01165
   0.008437
  -0.009458
  5.446760381e-02
  -4.926065173e-03
  -5.027440546e-02
  9.079915669e-02
  -2.442889404e-04
  4.280313295e-02
  9.481228233e-02 7.618694487e-01 1.026855404e-01
  2.256458527e-01 5.458174137e-02 -6.716251932e-01
  -4.788037094e-01 9.499811643e-02 -1.809380422e-01
 Node:         65
  0.1342E+03  0.1229E+03  0.4685E+03 -0.6036E-04
  -0.03234
   0.00197
   0.04137
  -0.003378
   0.003407
  -0.0070
  4.371796445e-02
  -6.367843380e-03
  -3.502941319e-02
  6.921747140e-02
  7.735692942e-04
  3.262942894e-02
  -5.996038125e-02 -6.010090160e-01 -3.778263266e-02
  -9.120219474e-02 -2.641849562e-03 7.626561051e-01
  -3.371238022e-01 9.185144771e-02 1.566398970e-01
 Node:         66
  0.1299E+03  0.1214E+03  0.4825E+03 -0.6036E-04
  -0.003449
  -4.848E-4
   0.006755
   0.001964
  -0.001434
  -0.00166
  7.038030912e-03
  -6.177165945e-04
  -5.002768985e-03
  1.068179348e-02
  4.725151108e-04
  5.035445736e-03
  -1.439070994e-01 -2.779191139e-02 7.286968058e-02
  4.491006698e-01 1.668157651e-01 4.366013910e-01
  4.741581659e-01 -6.631957239e-02 -1.901973210e-01
 Node:         67
  0.1502E+03  0.1243E+03  0.4531E+03 -0.6036E-04
  -0.04263
  -0.01552
   0.04342
  -0.009942
   0.006032
   0.00439
  5.336310046e-02
  6.811717671e-03
  -4.718284132e-02
  8.930919081e-02
  4.330658939e-03
  4.210075630e-02
  9.017980422e-03 -3.394518290e-02 -3.424699124e-02
  -7.894380216e-02 -2.117429160e-01 8.203111695e-01
  -6.550526330e-01 -9.986537197e-02 -1.429842865e-01
 Node:         68
  0.1434E+03  0.1224E+03  0.4692E+03 -0.6036E-04
  -0.02858
  -0.0279
   0.04517
  -0.006827
   0.007933
   0.001008
  6.022168470e-02
  4.030329315e-04
  -3.966835240e-02
  8.813303687e-02
  6.985455078e-03
  4.154631201e-02
  1.830978362e-01 -4.470570325e-01 -8.506743946e-02
  -1.656203740e-01 -3.057689335e-01 9.374829985e-01
  -2.817046368e-01 -5.213852066e-02 2.595270479e-03
 Node:         69
  0.1380E+03  0.1205E+03  0.4831E+03 -0.6036E-04
  -0.001277
  -0.008364
   0.01213
  -1.07E-4
   0.00166
  -4.893E-4
  1.702378413e-02
  -5.205646110e-04
  -5.692239722e-03
  2.077574500e-02
  3.603659933e-03
  9.793780117e-03
  -4.332108192e-01 8.906590933e-01 8.939792633e-02
  1.632016471e-01 1.595373004e-02 7.895864812e-01
  7.742093766e-01 3.628484853e-01 -1.059565482e-01
 Node:         70
  0.1558E+03  0.1240E+03  0.4536E+03 -0.6036E-04
  -0.03421
  -0.01914
   3.634E-5
  -0.02274
   0.01537
   0.03875
  6.100799176e-02
  -3.854312389e-03
  -4.472891036e-02
  9.177627471e-02
  4.141589671e-03
  4.326375080e-02
  -1.430520350e-01 2.733946419e-01 -3.588624936e-02
  1.998794075e-01 -7.880231324e-01 4.581654766e-01
  -2.790334673e-01 -4.835304997e-02 -2.197254508e-01
 Node:         71
  0.1496E+03  0.1221E+03  0.4700E+03 -0.6036E-04
  -0.01303
  -0.03936
   0.02677
  -0.02483
   0.02114
   0.01438
  7.510768418e-02
  -1.497041267e-03
  -4.095853941e-02
  1.027347212e-01
  1.088403450e-02
  4.842961199e-02
  -2.954858320e-01 4.848952602e-01 3.445192169e-01
  1.530138897e-01 -2.846677486e-01 6.657060587e-01
  7.611298300e-01 3.626052293e-01 1.888700670e-01
 Node:         72
  0.1435E+03  0.1199E+03  0.4838E+03 -0.6036E-04
   0.003618
  -0.01397
   0.01087
  -0.004308
   0.004489
   0.001089
  2.467579753e-02
  -7.342584235e-04
  -7.550886656e-03
  2.954986495e-02
  5.463550816e-03
  1.392993993e-02
  -5.911020608e-01 7.579506955e-01 2.604055641e-01
  5.122406158e-02 -2.773715095e-01 8.446567043e-01
  6.743973725e-01 5.284533673e-01 -3.016386399e-02
 Node:         73
  0.1447E+03  0.1339E+03  0.4524E+03  0.0000E+00
   0.01522
  -0.008819
  -0.03715
   0.003971
  -0.004391
   0.03217
  3.466982638e-02
  1.856052059e-02
  -4.169389799e-02
  6.964950072e-02
  3.845482992e-03
  3.283308951e-02
  3.026009274e-01 -4.076913704e-02 4.148658320e-01
  5.441140082e-01 -3.540115147e-02 1.757698094e-01
  -4.584574652e-02 -4.897953632e-01 1.660707573e-02
 Node:         74
  0.1369E+03  0.1304E+03  0.4683E+03  0.0000E+00
   0.03642
  -0.009938
  -0.01982
   0.0016
  -0.007565
   0.01994
  4.121383823e-02
  2.232471200e-02
  -2.432352293e-02
  5.810492200e-02
  1.307167577e-02
  2.739092291e-02
  -6.626275116e-03 -9.884582174e-02 5.033101494e-02
  -1.776596394e-01 -1.200942349e-01 8.343478619e-01
  -8.585636373e-02 -4.899500258e-02 -3.471068006e-02
 Node:         75
  0.1313E+03  0.1289E+03  0.4826E+03  0.0000E+00
   0.01257
  -0.004062
  -0.002885
  -0.002737
  -0.001525
   0.001153
  1.479417826e-02
  1.696573879e-03
  -5.035715559e-03
  1.754877802e-02
  3.818345526e-03
  8.272573294e-03
  -9.562904688e-01 2.081063266e-01 1.690859310e-01
  7.833440804e-02 -3.527382658e-01 9.299524472e-01
  2.473854611e-01 7.632684183e-01 2.910003091e-01
 Node:         76
  0.1517E+03  0.1310E+03  0.4526E+03  0.0000E+00
   0.01621
  -0.01241
  -0.05201
  -0.001437
   0.01255
   0.04904
  5.247569346e-02
  2.207602814e-02
  -6.021746677e-02
  1.003797722e-01
  4.778084942e-03
  4.731947841e-02
  6.527044822e-02 1.052176713e-02 1.061375580e-01
  8.061255023e-01 -1.246084029e-01 3.070891293e-03
  5.685103555e-02 2.997613601e-01 -1.959610510e-02
 Node:         77
  0.1447E+03  0.1282E+03  0.4689E+03  0.0000E+00
   0.05365
  -0.002611
  -0.02752
  -0.003001
   0.009035
   0.02081
  5.873803452e-02
  2.346606904e-02
  -3.216969191e-02
  7.868058998e-02
  1.667813721e-02
  3.709038581e-02
  -9.884165379e-01 4.841117774e-02 1.090687630e-01
  1.144615559e-01 1.717668418e-01 9.733898506e-01
  1.006299845e-03 3.195973725e-01 -6.472575992e-02
 Node:         78
  0.1385E+03  0.1261E+03  0.4829E+03  0.0000E+00
   0.02234
   9.269E-4
  -0.002317
  -0.002507
  -3.225E-4
   6.076E-4
  2.451651159e-02
  5.566662030e-04
  -2.700703606e-03
  2.574266116e-02
  7.457491396e-03
  1.213520685e-02
  -9.898810407e-01 -3.401248738e-02 1.127465873e-01
  6.230375219e-02 -6.002777434e-02 6.101053581e-01
  -8.773345080e-02 1.889861412e-01 -1.497670994e-01
 Node:         79
  0.1560E+03  0.1261E+03  0.4534E+03  0.0000E+00
   0.01757
   0.02588
   0.03602
   0.007868
   1.719E-5
  -0.1337
  6.434422926e-02
  -3.716379444e-03
  -1.642221741e-01
  2.037375641e-01
  -3.453144144e-02
  9.604280877e-02
  6.296202473e-01 7.561884956e-01 4.680434415e-02
  8.550366821e-02 5.830915044e-02 -2.431341061e-02
  -3.618793096e-02 5.601285218e-02 9.574923405e-01
 Node:         80
  0.1497E+03  0.1240E+03  0.4698E+03  0.0000E+00
   0.05897
   0.02253
   0.01694
   0.003603
  -0.002201
  -0.1106
  7.617309119e-02
  4.971976198e-03
  -1.367516687e-01
  1.898002171e-01
  -1.853553378e-02
  8.947268041e-02
  7.006307573e-01 3.650513086e-01 1.457566718e-02
  -4.039268934e-01 9.510481092e-01 -6.449703812e-02
  -2.821366100e-02 5.694523287e-02 1.049937950e+00
 Node:         81
  0.1433E+03  0.1217E+03  0.4837E+03  0.0000E+00
   0.02472
   0.004808
   0.001005
  -0.001041
  -2.92E-4
  -0.01471
  2.737121484e-02
  -2.008422257e-04
  -1.858365430e-02
  4.045142373e-02
  2.862239437e-03
  1.906898402e-02
  -9.817006182e-01 -1.899149408e-01 2.651210098e-02
  -1.834284905e-01 1.007843071e+00 6.367536528e-03
  1.327035033e-02 -2.257727975e-04 1.021355951e+00
 Node:         82
  0.1267E+03  0.1149E+03  0.4569E+03 -0.2031E-01
  -0.02007
  -0.004592
   0.01618
   0.004306
   0.01334
   0.003903
  2.582571046e-02
  -2.026684956e-03
  -2.392842865e-02
  4.313948375e-02
  -4.313438090e-05
  2.033614766e-02
  -7.709434518e-02 8.599831530e-01 5.134251932e-01
  -1.946136528e-01 4.392875631e-01 -6.232719217e-01
  8.992704791e-02 -1.332828954e-01 5.931324060e-03
 Node:         83
  0.1234E+03  0.1130E+03  0.4723E+03 -0.2031E-01
  -0.02533
   0.001615
   0.007307
   0.0231
   0.00565
  -0.01616
  9.331789387e-03
  -8.826397733e-04
  -4.559494384e-02
  5.016628807e-02
  -1.238193141e-02
  2.364861499e-02
  2.193782277e-01 7.941835652e-01 3.358813447e-01
  -5.290340546e-01 4.405202782e-01 -6.202639361e-01
  -7.701311695e-01 -1.021944152e-01 5.866300876e-01
 Node:         84
  0.1187E+03  0.1123E+03  0.4849E+03 -0.2031E-01
  -0.003577
   7.218E-4
   5.081E-4
   0.008739
  -3.693E-4
  -0.01548
  4.718949201e-04
  2.319537702e-04
  -2.103906358e-02
  2.104056395e-02
  -6.778404962e-03
  9.918616968e-03
  -6.688816589e-01 -4.069823287e-01 -3.998643483e-01
  5.139425554e-01 -7.952458527e-01 3.103417826e-01
  6.053115404e-01 7.539883565e-02 -8.649152499e-01
 Node:         85
  0.1302E+03  0.1161E+03  0.4557E+03 -0.2031E-01
  -0.02294
  -0.003529
   0.02026
   0.006196
   0.01951
   0.009959
  3.604983926e-02
  -1.930925657e-03
  -2.582806491e-02
  5.401607532e-02
  2.763616229e-03
  2.546342210e-02
  -3.433345698e-02 6.365035549e-01 4.458431633e-01
  -1.615064400e-01 3.911870994e-01 -4.256274601e-01
  6.202158681e-02 2.642689335e-02 -1.026467800e-01
 Node:         86
  0.1252E+03  0.1138E+03  0.4707E+03 -0.2031E-01
  -0.01787
   0.01383
   0.03841
   0.04318
   0.01949
  -0.008673
  6.234789181e-02
  8.335649645e-03
  -5.589275683e-02
  1.026423755e-01
  4.930261542e-03
  4.838607984e-02
  -3.260816538e-01 -7.884824833e-01 -5.018828439e-01
  4.525437919e-01 -6.568254508e-01 5.612189078e-01
  7.416196806e-01 3.133735909e-02 -7.207274086e-01
 Node:         87
  0.1217E+03  0.1126E+03  0.4834E+03 -0.2031E-01
  -0.006864
   4.292E-4
   0.001376
   0.0112
  -0.001826
  -0.01415
  1.047860587e-03
  6.933048557e-04
  -2.336660443e-02
  2.367713877e-02
  -7.208479663e-03
  1.116151025e-02
  -4.694402370e-01 7.963482123e-01 -4.793320618e-01
  6.762880474e-01 7.197909840e-01 4.305930963e-01
  5.669507470e-01 -7.626717156e-02 -8.809431736e-01
 Node:         88
  0.1338E+03  0.1169E+03  0.4541E+03 -0.2031E-01
  -0.04049
  -0.00784
   0.01658
   0.005255
   0.02527
   0.0285
  5.144416899e-02
  -3.558149408e-04
  -4.421772540e-02
  8.265653111e-02
  2.290209548e-03
  3.896466244e-02
  1.327326224e-02 6.552988666e-01 8.048123648e-01
  -2.366845440e-01 5.955757728e-01 -4.836150438e-01
  5.069614632e-01 7.508006182e-02 -1.775763009e-01
 Node:         89
  0.1270E+03  0.1150E+03  0.4690E+03 -0.2031E-01
  -0.04702
   0.005481
   0.009433
   0.01966
   0.006717
  -0.004039
  1.271156260e-02
  -2.328837816e-03
  -5.569002988e-02
  6.143829114e-02
  -1.510243503e-02
  2.896228819e-02
  2.151409737e-01 7.558332303e-01 4.501502318e-01
  -2.115358063e-01 5.120563627e-01 -6.387292633e-01
  -9.896504379e-01 -4.057177640e-02 3.204181453e-01
 Node:         90
  0.1248E+03  0.1132E+03  0.4822E+03 -0.2031E-01
  -0.01192
   0.00673
  -0.003073
   0.006008
  -0.003321
  -0.0035
  -6.548663575e-04
  -4.553081298e-04
  -1.942376569e-02
  1.832107764e-02
  -6.844646725e-03
  8.636638826e-03
  4.258671252e-01 6.403184441e-01 -2.254063885e-02
  2.030279186e-01 -4.063027306e-02 4.604441010e-01
  -8.762082432e-01 3.918872231e-01 4.235569294e-01
 Node:         91
  0.1260E+03  0.1264E+03  0.4552E+03 -0.2031E-01
  -0.02647
   0.01554
   0.04079
  -0.00302
   0.01974
   0.001099
  5.508406904e-02
  -3.919294178e-03
  -3.190982174e-02
  7.687175676e-02
  6.418317706e-03
  3.623769366e-02
  -6.051829469e-02 -3.014633179e-01 -1.091696497e-01
  -2.099818135e-01 -1.828207110e-01 5.783033488e-01
  -2.729417826e-01 2.081972694e-01 -7.031695003e-02
 Node:         92
  0.1210E+03  0.1235E+03  0.4727E+03 -0.2031E-01
  -0.02881
   0.003159
   0.02288
   0.004228
   0.01408
   0.01088
  3.335703555e-02
  2.043566770e-03
  -2.931714013e-02
  5.429206932e-02
  2.027820728e-03
  2.559352692e-02
  -3.605203040e-02 -5.530414219e-01 -3.798557445e-01
  2.998514683e-02 -4.280079341e-01 6.343902628e-01
  -7.980043792e-01 4.904860587e-03 5.468444616e-02
 Node:         93
  0.1159E+03  0.1217E+03  0.4877E+03 -0.2031E-01
  -0.004203
  -0.001459
   0.001818
   0.00399
   0.003847
  -0.002045
  3.524042761e-03
  -2.653698403e-04
  -8.278529160e-03
  1.036460164e-02
  -1.673285413e-03
  4.885920069e-03
  3.842454714e-02 4.009062030e-01 3.214503864e-01
  -1.914263524e-01 1.446526533e-01 -1.315612056e-01
  -1.991798557e-01 -4.715059248e-02 3.781096342e-01
 Node:         94
  0.1315E+03  0.1266E+03  0.4543E+03 -0.2031E-01
  -0.03212
   0.01481
   0.04534
  -0.01118
   0.01841
   0.01446
  5.927148841e-02
  1.376003060e-02
  -3.934248635e-02
  8.539723677e-02
  1.122967755e-02
  4.025664348e-02
  1.285647733e-01 6.976004637e-01 3.393307702e-01
  2.910549201e-01 2.643823235e-01 -6.920608964e-01
  7.975603812e-01 -1.920040659e-01 2.421072643e-01
 Node:         95
  0.1251E+03  0.1236E+03  0.4708E+03 -0.2031E-01
  -0.04009
   0.001105
   0.02717
   0.001581
   0.009517
   0.02306
  3.609213550e-02
  1.579294430e-02
  -3.974461772e-02
  6.792037535e-02
  4.046820692e-03
  3.201797199e-02
