 Group name: predicted_strain_L6A2
 #Fields=  16
 1) coordinates, coordinate, rectangular cartesian, #Components=3
   x.  Value index= 1, #Derivatives=0
   y.  Value index= 2, #Derivatives=0
   z.  Value index= 3, #Derivatives=0
 2) Tensor_1, field, rectangular cartesian, #Components=1
   Tensor_1.  Value index= 4, #Derivatives=0
 3) Tensor_2, field, rectangular cartesian, #Components=1
   Tensor_2.  Value index= 5, #Derivatives=0
 4) Tensor_3, field, rectangular cartesian, #Components=1
   Tensor_3.  Value index= 6, #Derivatives=0
 5) Tensor_4, field, rectangular cartesian, #Components=1
   Tensor_4.  Value index= 7, #Derivatives=0
 6) Tensor_5, field, rectangular cartesian, #Components=1
   Tensor_5.  Value index= 8, #Derivatives=0
 7) Tensor_6, field, rectangular cartesian, #Components=1
   Tensor_6.  Value index= 9, #Derivatives=0
 8) Principal_1, field, rectangular cartesian, #Components=1
   Principal_1.  Value index= 10, #Derivatives=0
 9) Principal_2, field, rectangular cartesian, #Components=1
   Principal_2.  Value index= 11, #Derivatives=0
 10) Principal_3, field, rectangular cartesian, #Components=1
   Principal_3.  Value index= 12, #Derivatives=0
 11) VonMises, field, rectangular cartesian, #Components=1
   VonMises.  Value index= 13, #Derivatives=0
 12) Hydrostatic, field, rectangular cartesian, #Components=1
   VonMises.  Value index= 14, #Derivatives=0
 13) Octahedral, field, rectangular cartesian, #Components=1
   VonMises.  Value index= 15, #Derivatives=0
 14) PrincipalVector1, field, rectangular cartesian, #Components=3
   x.  Value index= 16, #Derivatives=0
   y.  Value index= 17, #Derivatives=0
   z.  Value index= 18, #Derivatives=0
 15) PrincipalVector2, field, rectangular cartesian, #Components=3
   x.  Value index= 19, #Derivatives=0
   y.  Value index= 20, #Derivatives=0
   z.  Value index= 21, #Derivatives=0
 16) PrincipalVector3, field, rectangular cartesian, #Components=3
   x.  Value index= 22, #Derivatives=0
   y.  Value index= 23, #Derivatives=0
   z.  Value index= 24, #Derivatives=0
 Node:          1
  0.1287E+03  0.1133E+03  0.4908E+03 -0.2926E-04
  -1.11E-16
  -8.327E-17
  -2.22E-16
  -2.776E-17
  -4.163E-17
  -3.331E-16
  -6.637000000e-17
  -2.400000000e-16
  -3.598000000e-16
  2.555392160e-16
  -2.220566667e-16
  1.204623416e-16
  8.837000000e-01 -4.676000000e-01 -1.897000000e-02
  4.046000000e-01 7.837000000e-01 -4.712000000e-01
  2.352000000e-01 4.088000000e-01 8.818000000e-01
 Node:          2
  0.1292E+03  0.1137E+03  0.5052E+03 -0.2926E-04
  -5.551E-17
  -1.11E-16
  -1.665E-16
  -5.551E-17
   1.943E-16
  -2.776E-16
  8.603000000e-17
  -1.600000000e-16
  -4.256000000e-16
  4.431926093e-16
  -1.665233333e-16
  2.089229996e-16
  -6.554000000e-01 6.199000000e-01 4.313000000e-01
  7.522000000e-01 4.849000000e-01 4.462000000e-01
  -6.744000000e-02 -6.169000000e-01 7.841000000e-01
 Node:          3
  0.1289E+03  0.1155E+03  0.5194E+03 -0.2926E-04
   2.22E-16
   1.388E-16
   3.331E-16
   1.11E-16
   5.551E-17
   2.22E-16
  4.753000000e-16
  2.118000000e-16
  9.006000000e-17
  3.410738448e-16
  2.590533333e-16
  1.607837524e-16
  -5.696000000e-01 -7.144000000e-01 -4.063000000e-01
  2.395000000e-01 -6.172000000e-01 7.494000000e-01
  -7.862000000e-01 3.296000000e-01 5.227000000e-01
 Node:          4
  0.1361E+03  0.1141E+03  0.4915E+03 -0.2926E-04
   0.0
  -2.776E-17
  -1.11E-16
  -2.776E-17
  -8.327E-17
   2.22E-16
  2.435000000e-16
  6.328000000e-18
  -1.388000000e-16
  3.342648530e-16
  3.700933333e-17
  1.575739629e-16
  -8.549000000e-02 -2.215000000e-01 9.714000000e-01
  9.681000000e-01 -2.491000000e-01 2.840000000e-02
  2.357000000e-01 9.428000000e-01 2.357000000e-01
 Node:          5
  0.1341E+03  0.1144E+03  0.5054E+03 -0.2926E-04
   3.331E-16
   1.388E-16
   3.331E-16
   5.551E-17
  -6.939E-17
   4.441E-16
  4.814000000e-16
  4.627000000e-16
  1.662000000e-16
  3.062784517e-16
  3.701000000e-16
  1.443810468e-16
  -3.480000000e-01 -6.443000000e-01 6.810000000e-01
  -6.589000000e-01 -3.487000000e-01 -6.665000000e-01
  6.669000000e-01 -6.807000000e-01 -3.032000000e-01
 Node:          6
  0.1323E+03  0.1162E+03  0.5191E+03 -0.2926E-04
   2.22E-16
   5.551E-17
   2.22E-16
  -5.551E-17
  -2.776E-17
   0.0
  2.897000000e-16
  1.685000000e-16
  -1.402000000e-17
  2.648101478e-16
  1.480600000e-16
  1.248327008e-16
  -7.150000000e-01 -6.696000000e-01 2.012000000e-01
  6.656000000e-01 -7.399000000e-01 -9.741000000e-02
  -2.141000000e-01 -6.426000000e-02 -9.747000000e-01
 Node:          7
  0.1408E+03  0.1171E+03  0.4920E+03 -0.2926E-04
   3.331E-16
   2.22E-16
   2.22E-16
  -8.327E-17
  -1.11E-16
   0.0
  5.398000000e-16
  6.158000000e-17
  -4.631000000e-17
  5.403052621e-16
  1.850233333e-16
  2.547023432e-16
  -7.537000000e-01 -6.111000000e-01 2.419000000e-01
  -6.560000000e-01 6.770000000e-01 -3.335000000e-01
  -4.004000000e-02 4.101000000e-01 9.112000000e-01
 Node:          8
  0.1367E+03  0.1169E+03  0.5055E+03 -0.2926E-04
   2.22E-16
   1.943E-16
   2.22E-16
  -4.025E-16
  -2.359E-16
  -2.22E-16
  6.547000000e-16
  4.477000000e-17
  -4.775000000e-16
  9.814930967e-16
  7.399000000e-17
  4.626802829e-16
  -6.847000000e-01 -5.611000000e-01 4.652000000e-01
  5.685000000e-01 -8.105000000e-01 -1.409000000e-01
  -4.561000000e-01 -1.681000000e-01 -8.739000000e-01
 Node:          9
  0.1339E+03  0.1180E+03  0.5191E+03 -0.2926E-04
   2.22E-16
   1.665E-16
   0.0
  -3.955E-16
  -2.776E-16
   6.661E-16
  1.002000000e-15
  -9.379000000e-18
  -1.046000000e-16
  1.062195387e-15
  2.960070000e-16
  5.007237074e-16
  -4.817000000e-01 -3.073000000e-01 8.207000000e-01
  -8.565000000e-01 -3.292000000e-02 -5.150000000e-01
  -1.853000000e-01 9.510000000e-01 2.474000000e-01
 Node:         10
  0.1294E+03  0.1212E+03  0.4911E+03 -0.2926E-04
   0.0
   2.776E-17
   1.11E-16
  -1.388E-17
   1.249E-16
   1.11E-16
  2.363000000e-16
  2.303000000e-17
  -3.732000000e-17
  2.489920880e-16
  7.400333333e-17
  1.173759959e-16
  4.210000000e-02 7.100000000e-01 7.030000000e-01
  -7.813000000e-01 -4.152000000e-01 4.661000000e-01
  -6.228000000e-01 5.688000000e-01 -5.372000000e-01
 Node:         11
  0.1295E+03  0.1214E+03  0.5055E+03 -0.2926E-04
  -2.22E-16
  -2.776E-17
  -2.22E-16
  -4.163E-17
   1.388E-17
  -1.665E-16
  -1.365000000e-16
  -2.183000000e-16
  -2.558000000e-16
  1.056645163e-16
  -2.035333333e-16
  4.981073066e-17
  -4.935000000e-01 2.929000000e-01 8.189000000e-01
  3.541000000e-01 -7.924000000e-01 4.968000000e-01
  -7.944000000e-01 -5.351000000e-01 -2.873000000e-01
 Node:         12
  0.1295E+03  0.1217E+03  0.5196E+03 -0.2926E-04
   1.11E-16
   0.0
   1.11E-16
   7.633E-17
   2.776E-17
   2.22E-16
  2.649000000e-16
  1.110000000e-16
  6.816000000e-17
  1.792025435e-16
  1.480200000e-16
  8.447688915e-17
  -4.387000000e-01 -1.595000000e-01 -8.844000000e-01
  3.417000000e-01 -9.398000000e-01 -2.255000000e-17
  8.311000000e-01 3.022000000e-01 -4.668000000e-01
 Node:         13
  0.1361E+03  0.1199E+03  0.4914E+03 -0.2926E-04
   1.11E-16
  -1.388E-16
   0.0
  -9.714E-17
   2.776E-17
  -1.665E-16
  2.285000000e-16
  -8.520000000e-17
  -1.988000000e-16
  3.833392362e-16
  -1.850000000e-17
  1.807078489e-16
  8.171000000e-01 -5.252000000e-01 -2.378000000e-01
  4.648000000e-01 8.442000000e-01 -2.671000000e-01
  3.410000000e-01 1.077000000e-01 9.339000000e-01
 Node:         14
  0.1342E+03  0.1198E+03  0.5054E+03 -0.2926E-04
  -5.551E-17
   2.776E-17
   0.0
   5.551E-17
  -9.021E-17
   1.11E-16
  1.672000000e-16
  -4.940000000e-18
  -1.068000000e-16
  2.398787602e-16
  1.848666667e-17
  1.130799320e-16
  1.634000000e-01 -4.472000000e-01 8.794000000e-01
  -6.569000000e-01 -7.144000000e-01 -2.412000000e-01
  -7.361000000e-01 5.382000000e-01 4.105000000e-01
 Node:         15
  0.1330E+03  0.1205E+03  0.5193E+03 -0.2926E-04
   2.22E-16
  -8.327E-17
  -5.551E-17
   1.388E-17
   4.857E-17
   0.0
  2.451000000e-16
  2.471000000e-17
  -1.033000000e-16
  3.052383267e-16
  5.550333333e-17
  1.438907271e-16
  -9.638000000e-01 2.667000000e-01 -1.723000000e-03
  1.157000000e-01 4.239000000e-01 8.983000000e-01
  2.403000000e-01 8.656000000e-01 -4.394000000e-01
 Node:         16
  0.1404E+03  0.1188E+03  0.4918E+03 -0.2926E-04
   2.22E-16
   5.551E-17
   2.22E-16
  -8.327E-17
  -1.457E-16
   4.441E-16
  5.466000000e-16
  1.950000000e-16
  1.465000000e-16
  3.781896482e-16
  2.960333333e-16
  1.782803099e-16
  -2.927000000e-01 -4.328000000e-01 8.526000000e-01
  -9.222000000e-01 -1.077000000e-01 -3.713000000e-01
  -2.526000000e-01 8.950000000e-01 3.676000000e-01
 Node:         17
  0.1365E+03  0.1184E+03  0.5055E+03 -0.2926E-04
  -1.11E-16
   2.776E-17
  -1.11E-16
   9.714E-17
   1.7E-16
   0.0
  1.573000000e-16
  -1.341000000e-16
  -2.452000000e-16
  3.600440390e-16
  -7.400000000e-17
  1.697263877e-16
  3.368000000e-01 5.285000000e-01 7.792000000e-01
  8.927000000e-01 -4.425000000e-01 -8.566000000e-02
  -2.996000000e-01 -7.244000000e-01 6.209000000e-01
 Node:         18
  0.1341E+03  0.1191E+03  0.5192E+03 -0.2926E-04
   0.0
   0.0
   0.0
   2.645E-17
   1.065E-16
   4.441E-16
  4.697000000e-16
  -1.672000000e-33
  -2.562000000e-17
  4.830198634e-16
  1.480266667e-16
  2.276977472e-16
  -5.484000000e-02 -2.207000000e-01 -9.738000000e-01
  9.705000000e-01 -2.411000000e-01 -6.210000000e-17
  -2.348000000e-01 -9.451000000e-01 2.274000000e-01
 Node:         19
  0.1301E+03  0.1291E+03  0.4914E+03  0.0000E+00
   1.11E-16
   0.0
   1.11E-16
   2.101E-19
   1.001E-17
  -2.22E-16
  1.113000000e-16
  1.110000000e-16
  -2.223000000e-16
  3.334501012e-16
  0.000000000e+00
  1.571898852e-16
  -2.096000000e-02 -9.993000000e-01 -3.003000000e-02
  9.998000000e-01 -2.097000000e-02 1.345000000e-19
  6.298000000e-04 3.003000000e-02 -9.995000000e-01
 Node:         20
  0.1299E+03  0.1291E+03  0.5058E+03  0.0000E+00
   2.22E-16
   0.0
   0.0
   1.041E-17
   1.924E-17
  -5.551E-17
  2.224000000e-16
  5.975000000e-18
  -6.188000000e-17
  2.571567616e-16
  5.549833333e-17
  1.212248600e-16
  -9.993000000e-01 -3.257000000e-03 -3.765000000e-02
  1.428000000e-02 -9.549000000e-01 -2.965000000e-01
  -3.498000000e-02 -2.968000000e-01 9.543000000e-01
 Node:         21
  0.1301E+03  0.1280E+03  0.5197E+03  0.0000E+00
   1.11E-16
   0.0
   0.0
   4.163E-17
   1.475E-17
   1.11E-16
  1.534000000e-16
  7.089000000e-17
  -2.220000000e-18
  1.348528023e-16
  7.402333333e-17
  6.357022067e-17
  -6.994000000e-01 -6.840000000e-02 -7.114000000e-01
  -7.126000000e-01 1.429000000e-01 6.869000000e-01
  -5.465000000e-02 -9.874000000e-01 1.487000000e-01
 Node:         22
  0.1360E+03  0.1256E+03  0.4913E+03  0.0000E+00
  -2.22E-16
   1.388E-17
  -1.11E-16
  -1.388E-17
   1.006E-16
   1.11E-16
  1.500000000e-16
  -1.456000000e-16
  -2.264000000e-16
  3.432090908e-16
  -7.400000000e-17
  1.617903170e-16
  -2.144000000e-02 3.586000000e-01 9.332000000e-01
  2.280000000e-01 9.106000000e-01 -3.447000000e-01
  -9.734000000e-01 2.054000000e-01 -1.013000000e-01
 Node:         23
  0.1343E+03  0.1253E+03  0.5054E+03  0.0000E+00
   0.0
   2.082E-17
  -4.441E-16
   0.0
   1.314E-16
  -1.665E-16
  1.265000000e-18
  -1.147000000e-16
  -4.972000000e-16
  4.517861704e-16
  -2.035450000e-16
  2.129740431e-16
  9.970000000e-01 6.061000000e-02 4.746000000e-02
  6.644000000e-02 -3.661000000e-01 -9.282000000e-01
  3.888000000e-02 -9.286000000e-01 3.690000000e-01
 Node:         24
  0.1336E+03  0.1248E+03  0.5194E+03  0.0000E+00
  -2.22E-16
   1.214E-17
   0.0
   1.388E-17
   8.674E-19
  -1.665E-16
  6.779000000e-19
  -1.633000000e-16
  -2.259000000e-16
  2.026635839e-16
  -1.295073667e-16
  9.553652964e-17
  -5.504000000e-02 -9.984000000e-01 -9.747000000e-03
  2.257000000e-01 -2.195000000e-02 9.740000000e-01
  -9.726000000e-01 5.141000000e-02 2.265000000e-01
 Node:         25
  0.1400E+03  0.1206E+03  0.4917E+03  0.0000E+00
   0.0
   2.671E-16
  -1.11E-16
  -8.327E-17
  -1.301E-16
   2.22E-16
  3.681000000e-16
  7.580000000e-17
  -3.329000000e-16
  6.098671905e-16
  3.700000000e-17
  2.874941507e-16
  5.089000000e-01 4.781000000e-01 -7.159000000e-01
  6.086000000e-01 3.883000000e-01 6.920000000e-01
  6.088000000e-01 -7.878000000e-01 -9.334000000e-02
 Node:         26
  0.1363E+03  0.1200E+03  0.5055E+03  0.0000E+00
   2.22E-16
   1.076E-16
  -6.106E-16
   2.776E-17
  -1.124E-15
  -5.551E-17
  8.281000000e-16
  2.248000000e-16
  -1.497000000e-15
  2.089815320e-15
  -1.480333333e-16
  9.851483893e-16
  7.371000000e-02 6.174000000e-01 -7.832000000e-01
  9.955000000e-01 1.018000000e-03 9.449000000e-02
  -5.914000000e-02 7.866000000e-01 6.146000000e-01
 Node:         27
  0.1343E+03  0.1203E+03  0.5192E+03  0.0000E+00
   2.22E-16
  -1.943E-16
   2.22E-16
  -1.041E-16
   1.313E-15
   0.0
  1.466000000e-15
  1.875000000e-16
  -1.209000000e-15
  2.317369144e-15
  1.481666667e-16
  1.092418291e-15
  -1.693000000e-01 7.280000000e-01 6.643000000e-01
  9.848000000e-01 9.849000000e-02 1.431000000e-01
  3.876000000e-02 6.785000000e-01 -7.336000000e-01
 Node:         28
  0.1155E+03  0.1124E+03  0.4931E+03 -0.1729E-03
  -2.22E-16
   3.816E-17
   2.22E-16
  -5.551E-17
   5.551E-17
   1.11E-16
  2.455000000e-16
  1.014000000e-16
  -2.359000000e-16
  4.279497985e-16
  3.700000000e-17
  2.017374697e-16
  3.184000000e-02 9.284000000e-01 3.701000000e-01
  1.988000000e-01 3.571000000e-01 -9.127000000e-01
  9.795000000e-01 -1.026000000e-01 1.732000000e-01
 Node:         29
  0.1119E+03  0.1139E+03  0.5068E+03 -0.1729E-03
  -2.22E-16
  -2.082E-17
   0.0
   5.551E-17
   6.939E-18
  -3.331E-16
  1.944000000e-18
  -2.004000000e-16
  -3.566000000e-16
  3.113642034e-16
  -1.850186667e-16
  1.467784931e-16
  -9.118000000e-02 9.958000000e-01 5.517000000e-03
  -9.179000000e-01 -8.189000000e-02 -3.884000000e-01
  -3.863000000e-01 -4.048000000e-02 9.215000000e-01
 Node:         30
  0.1113E+03  0.1159E+03  0.5206E+03 -0.1729E-03
   2.22E-16
   1.249E-16
   2.22E-16
   0.0
  -2.776E-17
   1.11E-16
  3.486000000e-16
  1.238000000e-16
  8.277000000e-17
  2.478750591e-16
  1.850566667e-16
  1.168494234e-16
  -7.001000000e-01 -7.092000000e-01 8.287000000e-02
  -4.685000000e-01 3.686000000e-01 -8.029000000e-01
  -5.389000000e-01 6.009000000e-01 5.903000000e-01
 Node:         31
  0.1203E+03  0.1126E+03  0.4920E+03 -0.1729E-03
  -5.551E-17
   9.714E-17
  -1.11E-16
   2.776E-17
   4.163E-17
  -5.551E-17
  4.114000000e-17
  -7.661000000e-17
  -1.866000000e-16
  1.972667866e-16
  -7.402333333e-17
  9.299245501e-17
  -6.956000000e-01 -5.654000000e-01 -4.433000000e-01
  4.358000000e-01 1.585000000e-01 -8.860000000e-01
  5.712000000e-01 -8.095000000e-01 1.362000000e-01
 Node:         32
  0.1188E+03  0.1134E+03  0.5062E+03 -0.1729E-03
   2.22E-16
  -1.388E-17
  -1.11E-16
  -2.776E-17
   9.714E-17
  -5.551E-17
  2.266000000e-16
  1.331000000e-17
  -1.844000000e-16
  3.560216764e-16
  1.850333333e-17
  1.678302278e-16
  -9.894000000e-01 7.624000000e-02 1.236000000e-01
  1.445000000e-01 5.992000000e-01 7.875000000e-01
  1.402000000e-02 -7.970000000e-01 6.038000000e-01
 Node:         33
  0.1183E+03  0.1150E+03  0.5201E+03 -0.1729E-03
   1.11E-16
   5.551E-17
   0.0
   8.327E-17
   0.0
   0.0
  1.700000000e-16
  0.000000000e+00
  -5.893000000e-17
  2.058903711e-16
  3.702333333e-17
  9.705765171e-17
  -8.617000000e-01 -2.815000000e-01 -4.222000000e-01
  0.000000000e+00 -8.321000000e-01 5.547000000e-01
  -5.074000000e-01 4.780000000e-01 7.170000000e-01
 Node:         34
  0.1255E+03  0.1129E+03  0.4909E+03 -0.1729E-03
   0.0
   0.0
   0.0
   5.551E-17
   9.714E-17
   0.0
  1.119000000e-16
  3.387000000e-33
  -1.119000000e-16
  1.938164854e-16
  0.000000000e+00
  9.136596741e-17
  -3.508000000e-01 -6.139000000e-01 -7.071000000e-01
  8.682000000e-01 -4.961000000e-01 -4.855000000e-17
  -3.508000000e-01 -6.139000000e-01 7.071000000e-01
 Node:         35
  0.1260E+03  0.1135E+03  0.5054E+03 -0.1729E-03
   0.0
   1.11E-16
  -1.11E-16
   1.11E-16
   2.498E-16
  -1.11E-16
  2.410000000e-16
  -1.023000000e-16
  -3.608000000e-16
  5.228959648e-16
  -7.403333333e-17
  2.464955217e-16
  5.458000000e-01 5.925000000e-01 5.925000000e-01
  8.379000000e-01 -3.859000000e-01 -3.859000000e-01
  -4.975000000e-17 -7.071000000e-01 7.071000000e-01
 Node:         36
  0.1257E+03  0.1153E+03  0.5196E+03 -0.1729E-03
   0.0
  -5.551E-17
   0.0
  -5.551E-17
   8.327E-17
   0.0
  1.305000000e-16
  -4.723000000e-17
  -8.327000000e-17
  1.982226619e-16
  0.000000000e+00
  9.344305895e-17
  -5.155000000e-01 6.059000000e-01 6.059000000e-01
  8.569000000e-01 3.645000000e-01 3.645000000e-01
  -1.256000000e-16 7.071000000e-01 -7.071000000e-01
 Node:         37
  0.1132E+03  0.1210E+03  0.4959E+03 -0.1729E-03
  -2.22E-16
   1.388E-16
  -2.22E-16
  -8.327E-17
   1.804E-16
  -2.776E-16
  -4.482000000e-17
  -1.622000000e-16
  -5.146000000e-16
  4.234720019e-16
  -2.405400000e-16
  1.996266161e-16
  3.971000000e-01 7.887000000e-01 4.693000000e-01
  -7.874000000e-01 3.010000000e-02 6.157000000e-01
  4.715000000e-01 -6.140000000e-01 6.330000000e-01
 Node:         38
  0.1111E+03  0.1204E+03  0.5085E+03 -0.1729E-03
  -1.665E-16
   9.714E-17
   0.0
  -2.776E-17
  -8.327E-17
  -2.22E-16
  7.071000000e-17
  -2.091000000e-16
  -2.502000000e-16
  3.024616291e-16
  -1.295300000e-16
  1.425817793e-16
  -3.916000000e-01 -8.746000000e-01 2.859000000e-01
  9.154000000e-01 -3.389000000e-01 2.170000000e-01
  9.287000000e-02 -3.467000000e-01 -9.334000000e-01
 Node:         39
  0.1119E+03  0.1201E+03  0.5207E+03 -0.1729E-03
  -5.551E-17
  -9.714E-17
  -3.331E-16
  -8.327E-17
  -7.633E-17
  -1.11E-16
  8.934000000e-18
  -1.105000000e-16
  -3.981000000e-16
  3.623913061e-16
  -1.665553333e-16
  1.708329000e-16
  8.510000000e-01 -1.281000000e-01 -5.092000000e-01
  4.076000000e-01 -4.503000000e-01 7.944000000e-01
  -3.311000000e-01 -8.836000000e-01 -3.310000000e-01
 Node:         40
  0.1191E+03  0.1220E+03  0.4937E+03 -0.1729E-03
   0.0
   8.327E-17
  -2.22E-16
   8.327E-17
  -1.388E-17
  -2.22E-16
  4.872000000e-17
  -2.082000000e-16
  -2.846000000e-16
  3.024459198e-16
  -1.480266667e-16
  1.425743739e-16
  -9.240000000e-01 -2.703000000e-01 -2.703000000e-01
  0.000000000e+00 -7.071000000e-01 7.071000000e-01
  3.823000000e-01 -6.534000000e-01 -6.534000000e-01
 Node:         41
  0.1182E+03  0.1217E+03  0.5073E+03 -0.1729E-03
   0.0
  -2.776E-17
  -5.551E-17
   5.551E-17
   9.714E-17
   1.11E-16
  1.653000000e-16
  1.073000000e-17
  -1.206000000e-16
  2.478691830e-16
  1.847666667e-17
  1.168466534e-16
  2.406000000e-01 3.653000000e-01 8.993000000e-01
  -8.901000000e-01 4.526000000e-01 5.428000000e-02
  -3.871000000e-01 -8.135000000e-01 4.340000000e-01
 Node:         42
  0.1187E+03  0.1212E+03  0.5204E+03 -0.1729E-03
   0.0
  -5.551E-17
  -1.11E-16
   0.0
   5.551E-17
   1.11E-16
  1.256000000e-16
  1.887000000e-17
  -1.444000000e-16
  2.355296009e-16
  2.333333333e-20
  1.110297186e-16
  1.113000000e-01 -2.517000000e-01 -9.614000000e-01
  9.295000000e-01 -3.159000000e-01 1.903000000e-01
  -3.516000000e-01 -9.148000000e-01 1.988000000e-01
 Node:         43
  0.1258E+03  0.1217E+03  0.4915E+03 -0.1729E-03
   2.22E-16
   1.11E-16
   1.11E-16
  -1.388E-17
   0.0
  -5.551E-17
  2.911000000e-16
  4.294000000e-17
  -5.645000000e-17
  3.100425456e-16
  9.253000000e-17
  1.461554576e-16
  -8.507000000e-01 -5.246000000e-01 3.406000000e-02
  -5.213000000e-01 8.502000000e-01 7.348000000e-02
  6.751000000e-02 -4.475000000e-02 9.967000000e-01
 Node:         44
  0.1259E+03  0.1220E+03  0.5059E+03 -0.1729E-03
  -2.22E-16
   1.388E-16
  -2.22E-16
   9.714E-17
   1.11E-16
  -1.11E-16
  5.081000000e-17
  -2.445000000e-16
  -3.614000000e-16
  3.679610647e-16
  -1.850300000e-16
  1.734585094e-16
  -5.113000000e-01 -5.340000000e-01 -6.733000000e-01
  -5.198000000e-01 -4.318000000e-01 7.372000000e-01
  -6.844000000e-01 7.269000000e-01 -5.679000000e-02
 Node:         45
  0.1261E+03  0.1221E+03  0.5198E+03 -0.1729E-03
  -5.551E-17
  -8.327E-17
  -2.776E-16
   2.776E-17
  -6.939E-18
   1.11E-16
  1.167000000e-16
  -3.339000000e-17
  -3.053000000e-16
  3.705037491e-16
  -7.399666667e-17
  1.746571423e-16
  1.854000000e-01 -5.643000000e-02 9.810000000e-01
  9.302000000e-01 -3.117000000e-01 -1.938000000e-01
  -3.167000000e-01 -9.485000000e-01 5.308000000e-03
 Node:         46
  0.1117E+03  0.1296E+03  0.4959E+03  0.0000E+00
  -5.551E-17
   2.776E-17
  -1.665E-16
   6.939E-18
  -2.602E-17
   0.0
  4.101000000e-18
  -4.897000000e-17
  -1.772000000e-16
  1.614458370e-16
  -7.402300000e-17
  7.610629740e-17
  4.856000000e-02 -1.429000000e-01 9.886000000e-01
  9.724000000e-01 2.327000000e-01 -1.414000000e-02
  -2.280000000e-01 9.620000000e-01 1.502000000e-01
 Node:         47
  0.1107E+03  0.1269E+03  0.5087E+03  0.0000E+00
  -1.665E-16
  -3.123E-17
   1.11E-16
  -2.776E-17
   3.99E-17
   0.0
  1.289000000e-16
  -1.114000000e-17
  -1.732000000e-16
  2.618578385e-16
  -1.848000000e-17
  1.234409689e-16
  -1.292000000e-01 9.390000000e-01 3.186000000e-01
  -1.008000000e-01 -3.321000000e-01 9.379000000e-01
  -9.865000000e-01 -8.906000000e-02 -1.376000000e-01
 Node:         48
  0.1125E+03  0.1242E+03  0.5208E+03  0.0000E+00
   1.11E-16
   3.469E-18
   1.11E-16
   0.0
  -1.735E-18
   1.11E-16
  1.149000000e-16
  1.110000000e-16
  1.071000000e-16
  6.754998150e-18
  1.110000000e-16
  3.184336666e-18
  -6.325000000e-01 -7.071000000e-01 3.162000000e-01
  4.472000000e-01 -4.455000000e-15 8.944000000e-01
  -6.325000000e-01 7.071000000e-01 3.162000000e-01
 Node:         49
  0.1186E+03  0.1311E+03  0.4938E+03  0.0000E+00
  -1.665E-16
  -2.082E-17
   0.0
  -4.163E-17
  -6.072E-18
  -5.551E-17
  2.581000000e-18
  -4.165000000e-17
  -1.830000000e-16
  1.678935845e-16
  -7.402300000e-17
  7.914579474e-17
  1.174000000e-01 -9.929000000e-01 1.965000000e-02
  -3.135000000e-01 -1.827000000e-02 9.494000000e-01
  -9.423000000e-01 -1.176000000e-01 -3.134000000e-01
 Node:         50
  0.1180E+03  0.1298E+03  0.5075E+03  0.0000E+00
   0.0
  -1.301E-17
   3.331E-16
  -4.163E-17
   1.247E-17
   2.22E-16
  3.354000000e-16
  2.276000000e-16
  -7.879000000e-18
  3.040655121e-16
  1.850403333e-16
  1.433378570e-16
  5.441000000e-02 -9.902000000e-01 -1.289000000e-01
  -1.707000000e-01 -1.364000000e-01 9.758000000e-01
  9.838000000e-01 3.109000000e-02 1.765000000e-01
 Node:         51
  0.1192E+03  0.1275E+03  0.5206E+03  0.0000E+00
   0.0
  -3.469E-18
  -5.551E-17
   0.0
   1.475E-17
   1.11E-16
  1.123000000e-16
  2.087000000e-19
  -5.702000000e-17
  1.491791642e-16
  1.849623333e-17
  7.032373239e-17
  -2.705000000e-03 8.758000000e-02 9.962000000e-01
  9.982000000e-01 -6.004000000e-02 7.989000000e-03
  -6.051000000e-02 -9.943000000e-01 8.725000000e-02
 Node:         52
  0.1262E+03  0.1305E+03  0.4920E+03  0.0000E+00
   1.11E-16
  -1.388E-17
   1.11E-16
   1.301E-18
   4.906E-18
   0.0
  1.250000000e-16
  9.734000000e-17
  -2.497000000e-19
  1.139655924e-16
  7.403010000e-17
  5.372389547e-17
  -7.047000000e-01 7.092000000e-01 2.051000000e-02
  7.093000000e-01 7.034000000e-01 4.493000000e-02
  -1.744000000e-02 -4.621000000e-02 9.988000000e-01
 Node:         53
  0.1258E+03  0.1304E+03  0.5063E+03  0.0000E+00
  -1.665E-16
  -1.735E-18
  -1.11E-16
   2.776E-17
   3.383E-17
  -2.22E-16
  -1.010000000e-16
  -1.572000000e-16
  -2.414000000e-16
  1.223933005e-16
  -1.665333333e-16
  5.769675516e-17
  9.684000000e-02 9.526000000e-01 2.883000000e-01
  -9.346000000e-01 1.866000000e-01 -3.027000000e-01
  -3.422000000e-01 -2.402000000e-01 9.084000000e-01
 Node:         54
  0.1265E+03  0.1288E+03  0.5200E+03  0.0000E+00
  -2.22E-16
   2.082E-17
   1.11E-16
   0.0
  -4.337E-18
   1.11E-16
  1.160000000e-16
  1.073000000e-16
  -2.233000000e-16
  3.350347295e-16
  0.000000000e+00
  1.579368861e-16
  -4.656000000e-02 -7.562000000e-01 6.527000000e-01
  -4.117000000e-02 -6.514000000e-01 -7.576000000e-01
  -9.981000000e-01 6.215000000e-02 8.061000000e-04
 Node:         55
  0.1381E+03  0.1168E+03  0.4521E+03  0.1302E-01
   0.02257
  -0.01206
   0.002922
  -0.004082
   0.01759
  -0.044
  3.028596748e-02
  -1.372587236e-02
  -3.225511924e-02
  5.422141743e-02
  -5.231674706e-03
  2.556022130e-02
  3.747295664e-01 -4.597246612e-01 -2.541552846e-01
  6.901825474e-01 2.934584824e-01 8.477184282e-01
  -1.241046070e-04 -2.660205420e-01 7.805714092e-01
 Node:         56
  0.1313E+03  0.1156E+03  0.4681E+03  0.1302E-01
   0.03321
  -0.01569
   0.003927
  -0.01326
   0.009836
  -0.02132
  3.061770190e-02
  -8.815528726e-03
  -1.300104607e-02
  3.736199118e-02
  2.933709033e-03
  1.761261155e-02
  -3.952185718e-01 6.975493225e-01 1.385982656e-01
  4.447203252e-01 7.301754634e-01 -2.469816260e-01
  1.575537669e-01 -2.392168564e-01 8.038777778e-01
 Node:         57
  0.1285E+03  0.1140E+03  0.4823E+03  0.1302E-01
   0.009391
  -0.006428
   0.004158
  -0.004019
   0.002803
  -1.48E-4
  9.059430623e-03
  -4.812166748e-04
  1.572589702e-03
  6.947784134e-03
  3.383601217e-03
  3.275216850e-03
  -6.779917615e-01 4.728658537e-01 2.044331978e-01
  5.082463415e-01 6.606189702e-01 8.994357724e-03
  2.211195122e-01 -1.616632791e-01 8.578520325e-01
 Node:         58
  0.1476E+03  0.1179E+03  0.4522E+03  0.1302E-01
   0.02127
  -0.01093
   0.01281
  -0.001565
   0.01135
  -0.07889
  3.748145799e-02
  -2.031378455e-02
  -5.691075068e-02
  8.802309779e-02
  -1.324769241e-02
  4.149448623e-02
  2.415249322e-01 4.427948509e-01 7.475479675e-02
  7.495217995e-01 6.603523035e-01 -8.890840108e-03
  3.796722645e-01 -4.146336043e-02 8.616689160e-01
 Node:         59
  0.1414E+03  0.1167E+03  0.4686E+03  0.1302E-01
   0.04862
  -0.02228
   0.01177
  -0.02549
   0.01944
  -0.02212
  5.958420325e-02
  -7.073552358e-03
  -1.961508401e-02
  7.273336741e-02
  1.096518896e-02
  3.428683821e-02
  -5.252550136e-01 6.366883469e-02 2.140768564e-01
  5.594006504e-01 7.335664504e-01 -3.988604336e-02
  6.372132791e-01 -1.720075881e-01 9.563176043e-01
 Node:         60
  0.1374E+03  0.1150E+03  0.4832E+03  0.1302E-01
   0.01805
  -0.01165
   0.007751
  -0.01263
   0.008189
   0.004639
  2.650766775e-02
  5.291035230e-05
  1.036016531e-03
  2.468194925e-02
  9.198864878e-03
  1.163518246e-02
  -7.067715447e-01 3.665766938e-01 5.215089322e-01
  5.629252033e-01 6.910557182e-01 5.411496314e-01
  6.971607046e-01 -2.240285908e-02 2.754953388e-01
 Node:         61
  0.1546E+03  0.1222E+03  0.4525E+03  0.1302E-01
   0.03869
  -0.007907
  -0.005413
   0.01088
  -0.01745
  -0.02903
  3.153903252e-02
  2.386323035e-03
  -4.381375068e-02
  6.390591689e-02
  -3.296131707e-03
  3.012553813e-02
  -2.214680217e-01 1.230715447e-01 -5.466964770e-02
  5.093070461e-01 8.655978320e-01 -2.820784824e-01
  -5.554939837e-02 3.233414011e-01 1.026121951e+00
 Node:         62
  0.1487E+03  0.1203E+03  0.4692E+03  0.1302E-01
   0.06006
  -0.03543
   0.01356
  -0.02556
   0.0102
   0.02938
  8.704906233e-02
  1.000591491e-02
  -7.145826558e-03
  8.705167441e-02
  2.996971689e-02
  4.103655286e-02
  -8.411211382e-01 4.728989160e-01 3.893780217e-01
  -2.737127371e-05 1.392422764e-01 -7.335653539e-02
  3.168395664e-02 -1.616731707e-02 -6.914449864e-02
 Node:         63
  0.1436E+03  0.1181E+03  0.4838E+03  0.1302E-01
   0.01375
  -0.01923
   0.02087
  -0.01034
   0.01416
   0.01069
  4.293622493e-02
  5.514464499e-04
  -3.810243902e-05
  4.211923951e-02
  1.448318965e-02
  1.985519992e-02
  -6.704758808e-01 8.320279133e-01 4.802679241e-01
  -3.060460705e-01 8.990173442e-02 -5.517253117e-01
  -5.702652575e-01 -5.905164770e-01 6.405688347e-01
 Node:         64
  0.1409E+03  0.1253E+03  0.4518E+03  0.1302E-01
  -0.02485
  -0.01693
   0.03493
  -5.2E-4
   0.001125
  -0.02753
  4.189889702e-02
  -2.696739377e-02
  -3.240311382e-02
  7.067709372e-02
  -5.823870190e-03
  3.331750149e-02
  -1.769837398e-01 2.697306233e-01 -2.458261247e-02
  -2.061493225e-01 -5.943566396e-02 7.804092141e-01
  9.132861789e-01 4.785101355e-02 2.803768022e-01
 Node:         65
  0.1338E+03  0.1229E+03  0.4680E+03  0.1302E-01
   0.009317
  -0.02718
   0.0231
  -0.007841
   0.002896
  -0.01707
  4.187018157e-02
  -1.105300542e-02
  -1.607150407e-02
  5.466658150e-02
  4.915224029e-03
  2.577007365e-02
  5.222285637e-01 -4.410989160e-01 -8.061566396e-02
  -3.769759892e-01 -3.342842276e-01 2.351113821e-01
  1.609975610e-01 -1.195753388e-01 -2.789209756e-01
 Node:         66
  0.1299E+03  0.1214E+03  0.4825E+03  0.1302E-01
   0.009029
  -0.008483
   0.007152
  -0.003532
   0.002739
  -4.149E-4
  1.540541030e-02
  -2.809481572e-04
  2.537945799e-04
  1.501325814e-02
  5.126085574e-03
  7.077317759e-03
  -8.102769377e-01 1.176024661e+00 1.567492954e-01
  7.562636856e-01 8.024804878e-01 -4.173368564e-01
  9.896991870e-02 1.011377778e-01 1.159361518e+00
 Node:         67
  0.1494E+03  0.1245E+03  0.4521E+03  0.1302E-01
  -0.01084
  -0.01208
   0.03351
  -4.006E-5
   0.003441
  -0.07108
  4.031585908e-02
  -2.988758266e-02
  -5.642336314e-02
  8.574847115e-02
  -1.533169557e-02
  4.042221695e-02
  -1.499626016e-01 5.637214092e-01 3.368357724e-02
  9.719945257e-01 3.080149051e-01 -1.702306233e-01
  3.029767526e-01 2.940025203e-02 5.804560976e-01
 Node:         68
  0.1428E+03  0.1224E+03  0.4686E+03  0.1302E-01
   0.03921
  -0.0279
   0.02894
  -0.01947
   0.00839
  -0.03933
  6.568962602e-02
  -5.247506016e-03
  -3.205143089e-02
  8.732994048e-02
  9.463563035e-03
  4.116772874e-02
  -5.571349593e-01 6.166436314e-01 1.678598916e-01
  4.843026656e-01 6.499447154e-01 -2.433009214e-01
  6.969566396e-01 1.336652656e-01 1.014383902e+00
 Node:         69
  0.1379E+03  0.1205E+03  0.4830E+03  0.1302E-01
   0.01875
  -0.01204
   0.008981
  -0.009637
   0.005753
  -9.968E-5
  2.932752033e-02
  2.612142276e-04
  -2.008071274e-03
  3.008153580e-02
  9.193554426e-03
  1.418057197e-02
  -8.341905149e-01 5.051582656e-01 3.895383713e-01
  5.023651463e-01 8.330648780e-01 -3.940711111e-01
  1.993086721e-01 -9.006995122e-02 1.024130894e+00
 Node:         70
  0.1548E+03  0.1243E+03  0.4525E+03  0.1302E-01
   0.002151
  -0.0157
   0.02669
  -0.009446
   0.007747
  -0.09516
  2.205638482e-02
  -1.340103091e-02
  -7.132490244e-02
  8.243027817e-02
  -2.088984951e-02
  3.885800578e-02
  5.073306233e-02 -1.355379404e-01 1.339953388e-01
  5.524658537e-02 1.707929539e-01 9.573628726e-02
  1.854476423e-01 -2.163867209e-02 7.284547425e-01
 Node:         71
  0.1489E+03  0.1222E+03  0.4692E+03  0.1302E-01
   0.06398
  -0.02349
   0.02633
  -0.03698
   0.01511
  -0.03675
  8.668515718e-02
  3.517714092e-03
  -3.636706504e-02
  1.093675891e-01
  1.794526874e-02
  5.155637591e-02
  -8.255821138e-01 3.782596206e-01 2.660216802e-01
  1.549085908e-01 3.489943089e-01 -2.686457995e-01
  1.688758808e-01 -1.742317182e-01 9.496612466e-01
 Node:         72
  0.1434E+03  0.1199E+03  0.4837E+03  0.1302E-01
   0.0292
  -0.01238
   0.007479
  -0.01657
   0.007431
   0.002754
  4.165793225e-02
  8.478356098e-04
  -3.147135501e-03
  4.278623543e-02
  1.311954412e-02
  2.016962481e-02
  -8.652932249e-01 3.472081301e-01 4.527325203e-01
  3.301830433e-01 8.214840108e-01 -2.265006883e-01
  8.401978320e-02 -1.904017832e-01 6.219342005e-01
 Node:         73
  0.1438E+03  0.1339E+03  0.4513E+03  0.0000E+00
   0.03327
   6.582E-4
  -0.02233
  -0.006402
   0.005219
   5.31E-4
  2.848927100e-02
  1.195832959e-02
  -2.771770190e-02
  5.213584488e-02
  4.243299566e-03
  2.457707297e-02
  -7.769379404e-01 -2.759479675e-03 3.125569106e-01
  9.704742547e-03 -9.480482656e-02 7.462791328e-02
  -4.715777778e-02 8.061897019e-02 -1.057016369e-01
 Node:         74
  0.1363E+03  0.1303E+03  0.4678E+03  0.0000E+00
   0.0579
   0.02094
  -0.001278
   0.004458
   0.008529
   0.01311
  6.323069377e-02
  1.714159892e-02
  -8.023623306e-03
  6.187394536e-02
  2.411622313e-02
  2.916765756e-02
  -1.463051491e+00 -2.017609214e-01 -2.184617886e-01
  -1.139811924e-01 2.149622602e-01 7.420758808e-01
  -1.727908889e-01 1.322695122e+00 -1.582400596e-01
 Node:         75
  0.1313E+03  0.1288E+03  0.4826E+03  0.0000E+00
   0.02567
   0.008546
   0.001851
   0.002445
   0.001292
   0.00196
  2.718003902e-02
  1.905151491e-03
  5.862734417e-04
  2.563141422e-02
  9.890487986e-03
  1.208276454e-02
  -9.785102981e-01 -3.684195122e-01 -1.295775285e-01
  -1.205604065e-01 1.764040379e-01 1.008579946e+00
  -3.764910027e-01 7.658189702e-01 -2.399488889e-01
 Node:         76
  0.1511E+03  0.1311E+03  0.4519E+03  0.0000E+00
   0.02605
  -0.00215
  -0.02074
  -0.006843
   6.2E-4
  -0.007176
  2.437300542e-02
  4.867556911e-03
  -2.828124932e-02
  4.930800227e-02
  3.197710027e-04
  2.324401518e-02
  -9.206055014e-01 9.396365854e-02 4.688512195e-01
  -8.220948509e-02 1.392081301e-02 8.173134417e-01
  -1.093010027e-01 -1.165078591e+00 1.088132791e-02
 Node:         77
  0.1443E+03  0.1282E+03  0.4685E+03  0.0000E+00
   0.06893
   0.01887
  -0.001243
   0.005604
   0.003358
   0.004802
  7.600283740e-02
  1.018404607e-02
  -9.454157182e-03
  7.713033022e-02
  2.557757543e-02
  3.635958636e-02
  -9.763032520e-01 -2.666005312e-01 -1.423409837e-01
  -1.810322493e-01 1.474018428e-01 9.871455285e-01
  -2.294458157e-01 1.166114905e+00 -1.995533875e-01
 Node:         78
  0.1384E+03  0.1261E+03  0.4829E+03  0.0000E+00
   0.02956
   0.01007
   0.002065
   0.003368
   0.001494
   0.001338
  3.381799729e-02
  1.525546179e-03
  -1.022817073e-03
  3.363439838e-02
  1.144024213e-02
  1.585540745e-02
  -9.507607046e-01 -3.451528564e-01 -1.444764715e-01
  -1.675596829e-01 2.196147154e-01 1.178748238e+00
  -3.007210136e-01 1.364692954e+00 -1.524713279e-01
 Node:         79
  0.1551E+03  0.1263E+03  0.4525E+03  0.0000E+00
   0.01409
  -0.007229
  -0.08295
  -0.01947
   0.001052
  -0.009375
  1.047079404e-02
  -3.056839783e-02
  -6.585692683e-02
  6.777505951e-02
  -2.865151021e-02
  3.194946945e-02
  1.001502981e+00 -1.319885691e-01 -4.104954634e-01
  9.200661247e-02 2.615667507e-01 3.996021409e-01
  -2.516628184e-02 -5.031752619e-01 3.904673713e-02
 Node:         80
  0.1491E+03  0.1241E+03  0.4692E+03  0.0000E+00
   0.08256
   0.002277
  -0.05197
   0.01153
   0.004838
   0.002759
  8.529866667e-02
  -1.626322168e-02
  -4.169536856e-02
  1.118775466e-01
  9.113358808e-03
  5.273958124e-02
  -1.224300000e+00 -1.897944878e-01 -1.299790190e-01
  -5.317246612e-02 2.826463686e-01 8.691876829e-01
  7.208349051e-03 -8.791644743e-01 2.501148509e-01
 Node:         81
  0.1433E+03  0.1217E+03  0.4836E+03  0.0000E+00
   0.03511
   0.007466
  -0.004531
   0.01193
   0.003517
   0.004327
  4.076642276e-02
  -1.842316016e-03
  -3.827796206e-03
  4.271933739e-02
  1.169877018e-02
  2.013808877e-02
  -9.371517615e-01 -1.798848238e-01 -3.429325095e-01
  -3.225075881e-01 2.504149051e-01 8.661565480e-01
  4.600441734e-02 -9.170134770e-01 2.960785908e-01
 Node:         82
  0.1267E+03  0.1148E+03  0.4554E+03  0.2325E-01
   0.02444
  -0.01394
  -0.007474
  -0.005765
  -0.002153
  -0.009327
  2.099588076e-02
  -5.672228455e-03
  -8.818352304e-03
  2.795709217e-02
  2.168433333e-03
  1.317909964e-02
  -9.862890298e-01 4.199105691e-01 1.047932249e-01
  3.834981030e-02 -5.882615718e-01 9.173078591e-01
  2.053008130e-02 4.081547425e-01 5.572306233e-01
 Node:         83
  0.1234E+03  0.1129E+03  0.4716E+03  0.2325E-01
   0.01002
  -0.01112
  -0.005815
  -0.01317
   6.672E-4
   0.004712
  1.189367480e-02
  -1.677005041e-03
  -7.674861789e-03
  1.733631795e-02
  8.472693225e-04
  8.172418656e-03
  -6.596707317e-01 3.151536585e-01 2.981786721e-01
  1.335978320e-01 -5.002913821e-01 3.881186992e-01
  3.344281843e-01 4.495784011e-01 3.236000000e-01
 Node:         84
  0.1187E+03  0.1123E+03  0.4849E+03  0.2325E-01
   0.00105
  -0.00109
  -5.687E-4
  -0.003816
   1.97E-4
   0.005833
  3.846907534e-03
  -1.408884878e-04
  -6.134195122e-04
  4.146104919e-03
  1.030866511e-03
  1.954492602e-03
  -4.169834688e-01 3.593893496e-01 6.725869919e-01
  -3.865799458e-01 4.473295393e-01 -1.794986450e-01
  -4.573604336e-01 -4.134025149e-01 -2.508300813e-01
 Node:         85
  0.1302E+03  0.1161E+03  0.4541E+03  0.2325E-01
   0.02775
  -0.01581
  -0.007422
  -0.005659
  -0.003926
  -0.01734
  2.272502981e-02
  -6.772107588e-03
  -1.300572358e-02
  3.298308026e-02
  9.823995483e-04
  1.554837315e-02
  -9.414228726e-01 5.856869919e-01 1.760153388e-01
  2.619981030e-01 3.941912737e-01 -2.132818428e-02
  2.650802168e-01 1.939331165e-01 7.866731707e-01
 Node:         86
  0.1252E+03  0.1138E+03  0.4698E+03  0.2325E-01
  -0.009426
  -0.01116
   0.0221
  -0.02738
   0.003886
   9.742E-4
  2.826402710e-02
  2.988508293e-03
  -1.972717344e-02
  4.267520340e-02
  3.841787317e-03
  2.011728381e-02
  -2.446859079e-02 -5.294173442e-02 1.536598916e-01
  -7.006422764e-02 1.509989160e-01 2.292682927e-01
  6.588344173e-01 1.199381355e-01 4.155818428e-01
 Node:         87
  0.1217E+03  0.1126E+03  0.4833E+03  0.2325E-01
   0.003286
  -8.647E-4
  -4.714E-4
  -0.005943
   7.586E-4
   0.006524
  5.938777236e-03
  -6.012735095e-04
  5.168753388e-04
  5.043861251e-03
  1.951459688e-03
  2.377698996e-03
  -4.649775068e-01 1.405227371e-01 6.098106667e-01
  1.874495935e-01 -7.617772358e-01 3.434569106e-01
  7.208747967e-01 2.776621409e-01 4.133636856e-01
 Node:         88
  0.1338E+03  0.1169E+03  0.4524E+03  0.2325E-01
   0.017
  -0.01584
  -3.554E-4
  -0.005796
   0.003025
  -0.009739
  2.329236856e-02
  -5.085005095e-03
  -1.253296206e-02
  3.296007492e-02
  1.891467136e-03
  1.553752832e-02
  -7.483798970e-01 6.010065041e-01 2.652563686e-01
  2.318794038e-01 9.849497290e-02 5.852953930e-02
  2.155501355e-02 -3.294850949e-03 4.148035230e-01
 Node:         89
  0.1270E+03  0.1150E+03  0.4681E+03  0.2325E-01
   0.02682
  -0.01379
  -0.00118
  -0.01495
   6.484E-4
   3.339E-4
  2.203852304e-02
  -1.593492141e-03
  -3.499186992e-03
  2.312888157e-02
  5.648614634e-03
  1.090305933e-02
  -8.209663686e-01 4.962525745e-01 3.515609756e-01
  -7.296666667e-03 -5.191753388e-01 4.991894309e-01
  3.737921409e-01 4.836950244e-01 4.596269377e-01
 Node:         90
  0.1248E+03  0.1132E+03  0.4821E+03  0.2325E-01
   0.006942
  -0.004768
   0.002299
  -0.00372
   0.001922
   0.001705
  6.356613875e-03
  -4.952901897e-05
  1.328507317e-03
  4.773132100e-03
  2.545197391e-03
  2.250076050e-03
  -8.052903252e-01 1.107094851e-01 4.018753659e-01
  7.727073171e-03 -3.333329539e-01 5.471837398e-01
  4.515940379e-01 6.254861789e-01 3.789924119e-01
 Node:         91
  0.1257E+03  0.1258E+03  0.4541E+03  0.2325E-01
  -0.02865
  -0.02607
   0.0245
  -0.01009
   4.56E-4
  -0.01092
  3.504145257e-02
  -9.534363144e-03
  -3.821763144e-02
  6.406008961e-02
  -4.236847335e-03
  3.019821585e-02
  -1.492175881e-01 8.009211382e-01 1.663363686e-01
  -1.080626016e-01 -1.201707317e-01 6.774476965e-01
  -2.635788618e-01 -3.442717073e-01 -1.017715447e-01
 Node:         92
  0.1208E+03  0.1230E+03  0.4722E+03  0.2325E-01
   0.01026
  -0.01799
  -0.002188
  -0.01557
  -7.694E-4
  -0.001814
  2.132486179e-02
  -1.725149539e-03
  -1.386587805e-02
  3.074595292e-02
  1.911278067e-03
  1.449378120e-02
  -5.888308862e-01 4.375344173e-01 3.687663957e-01
  -7.781398374e-03 -4.832788618e-01 6.079162602e-01
  5.927073171e-01 4.493448542e-01 3.810675339e-01
 Node:         93
  0.1159E+03  0.1217E+03  0.4876E+03  0.2325E-01
   0.005766
   2.529E-4
  -0.001349
  -0.007447
  -0.003164
   0.004787
  8.228371274e-03
  3.315040650e-05
  -8.737642276e-05
  7.570051131e-03
  2.724715086e-03
  3.568556326e-03
  -8.311740976e-01 -2.355923035e-01 6.500677507e-01
  7.393725474e-01 -8.632972900e-01 6.066260163e-01
  -4.522899729e-02 -4.012869919e-01 -4.910783198e-01
 Node:         94
  0.1311E+03  0.1260E+03  0.4531E+03  0.2325E-01
  -0.0368
  -0.02566
   0.02992
  -0.006452
  -0.002046
  -0.01844
  3.859724932e-02
  -1.430168835e-02
  -4.485398374e-02
  7.284498064e-02
  -6.852807588e-03
  3.433945319e-02
  -2.559160027e-01 3.308135501e-01 -1.280749593e-01
  -3.085178862e-01 -1.956779946e-01 1.211108943e+00
  -8.891414634e-01 -1.637898970e-01 -2.276753388e-01
 Node:         95
  0.1248E+03  0.1233E+03  0.4703E+03  0.2325E-01
   0.02011
  -0.01629
   0.007906
  -0.01747
   9.22E-4
  -0.01854
  2.745086450e-02
  -2.574561491e-03
  -1.531141734e-02
  3.637174483e-02
  3.188295221e-03
  1.714580494e-02
