 Group name: predicted_strain_L2A3
 #Fields=  16
 1) coordinates, coordinate, rectangular cartesian, #Components=3
   x.  Value index= 1, #Derivatives=0
   y.  Value index= 2, #Derivatives=0
   z.  Value index= 3, #Derivatives=0
 2) Tensor_1, field, rectangular cartesian, #Components=1
   Tensor_1.  Value index= 4, #Derivatives=0
 3) Tensor_2, field, rectangular cartesian, #Components=1
   Tensor_2.  Value index= 5, #Derivatives=0
 4) Tensor_3, field, rectangular cartesian, #Components=1
   Tensor_3.  Value index= 6, #Derivatives=0
 5) Tensor_4, field, rectangular cartesian, #Components=1
   Tensor_4.  Value index= 7, #Derivatives=0
 6) Tensor_5, field, rectangular cartesian, #Components=1
   Tensor_5.  Value index= 8, #Derivatives=0
 7) Tensor_6, field, rectangular cartesian, #Components=1
   Tensor_6.  Value index= 9, #Derivatives=0
 8) Principal_1, field, rectangular cartesian, #Components=1
   Principal_1.  Value index= 10, #Derivatives=0
 9) Principal_2, field, rectangular cartesian, #Components=1
   Principal_2.  Value index= 11, #Derivatives=0
 10) Principal_3, field, rectangular cartesian, #Components=1
   Principal_3.  Value index= 12, #Derivatives=0
 11) VonMises, field, rectangular cartesian, #Components=1
   VonMises.  Value index= 13, #Derivatives=0
 12) Hydrostatic, field, rectangular cartesian, #Components=1
   VonMises.  Value index= 14, #Derivatives=0
 13) Octahedral, field, rectangular cartesian, #Components=1
   VonMises.  Value index= 15, #Derivatives=0
 14) PrincipalVector1, field, rectangular cartesian, #Components=3
   x.  Value index= 16, #Derivatives=0
   y.  Value index= 17, #Derivatives=0
   z.  Value index= 18, #Derivatives=0
 15) PrincipalVector2, field, rectangular cartesian, #Components=3
   x.  Value index= 19, #Derivatives=0
   y.  Value index= 20, #Derivatives=0
   z.  Value index= 21, #Derivatives=0
 16) PrincipalVector3, field, rectangular cartesian, #Components=3
   x.  Value index= 22, #Derivatives=0
   y.  Value index= 23, #Derivatives=0
   z.  Value index= 24, #Derivatives=0
 Node:          1
  0.1287E+03  0.1133E+03  0.4908E+03 -0.8793E-01
  -1.11E-16
  -8.327E-17
  -2.22E-16
  -2.776E-17
  -4.163E-17
  -3.331E-16
  -6.637000000e-17
  -2.400000000e-16
  -3.598000000e-16
  2.555392160e-16
  -2.220566667e-16
  1.204623416e-16
  8.837000000e-01 -4.676000000e-01 -1.897000000e-02
  4.046000000e-01 7.837000000e-01 -4.712000000e-01
  2.352000000e-01 4.088000000e-01 8.818000000e-01
 Node:          2
  0.1292E+03  0.1137E+03  0.5052E+03 -0.8793E-01
  -5.551E-17
  -1.11E-16
  -1.665E-16
  -5.551E-17
   1.943E-16
  -2.776E-16
  8.603000000e-17
  -1.600000000e-16
  -4.256000000e-16
  4.431926093e-16
  -1.665233333e-16
  2.089229996e-16
  -6.554000000e-01 6.199000000e-01 4.313000000e-01
  7.522000000e-01 4.849000000e-01 4.462000000e-01
  -6.744000000e-02 -6.169000000e-01 7.841000000e-01
 Node:          3
  0.1289E+03  0.1155E+03  0.5194E+03 -0.8793E-01
   2.22E-16
   1.388E-16
   3.331E-16
   1.11E-16
   5.551E-17
   2.22E-16
  4.753000000e-16
  2.118000000e-16
  9.006000000e-17
  3.410738448e-16
  2.590533333e-16
  1.607837524e-16
  -5.696000000e-01 -7.144000000e-01 -4.063000000e-01
  2.395000000e-01 -6.172000000e-01 7.494000000e-01
  -7.862000000e-01 3.296000000e-01 5.227000000e-01
 Node:          4
  0.1361E+03  0.1141E+03  0.4915E+03 -0.8793E-01
   0.0
  -2.776E-17
  -1.11E-16
  -2.776E-17
  -8.327E-17
   2.22E-16
  2.435000000e-16
  6.328000000e-18
  -1.388000000e-16
  3.342648530e-16
  3.700933333e-17
  1.575739629e-16
  -8.549000000e-02 -2.215000000e-01 9.714000000e-01
  9.681000000e-01 -2.491000000e-01 2.840000000e-02
  2.357000000e-01 9.428000000e-01 2.357000000e-01
 Node:          5
  0.1341E+03  0.1144E+03  0.5054E+03 -0.8793E-01
   3.331E-16
   1.388E-16
   3.331E-16
   5.551E-17
  -6.939E-17
   4.441E-16
  4.814000000e-16
  4.627000000e-16
  1.662000000e-16
  3.062784517e-16
  3.701000000e-16
  1.443810468e-16
  -3.480000000e-01 -6.443000000e-01 6.810000000e-01
  -6.589000000e-01 -3.487000000e-01 -6.665000000e-01
  6.669000000e-01 -6.807000000e-01 -3.032000000e-01
 Node:          6
  0.1323E+03  0.1162E+03  0.5191E+03 -0.8793E-01
   2.22E-16
   5.551E-17
   2.22E-16
  -5.551E-17
  -2.776E-17
   0.0
  2.897000000e-16
  1.685000000e-16
  -1.402000000e-17
  2.648101478e-16
  1.480600000e-16
  1.248327008e-16
  -7.150000000e-01 -6.696000000e-01 2.012000000e-01
  6.656000000e-01 -7.399000000e-01 -9.741000000e-02
  -2.141000000e-01 -6.426000000e-02 -9.747000000e-01
 Node:          7
  0.1408E+03  0.1171E+03  0.4920E+03 -0.8793E-01
   3.331E-16
   2.22E-16
   2.22E-16
  -8.327E-17
  -1.11E-16
   0.0
  5.398000000e-16
  6.158000000e-17
  -4.631000000e-17
  5.403052621e-16
  1.850233333e-16
  2.547023432e-16
  -7.537000000e-01 -6.111000000e-01 2.419000000e-01
  -6.560000000e-01 6.770000000e-01 -3.335000000e-01
  -4.004000000e-02 4.101000000e-01 9.112000000e-01
 Node:          8
  0.1367E+03  0.1169E+03  0.5055E+03 -0.8793E-01
   2.22E-16
   1.943E-16
   2.22E-16
  -4.025E-16
  -2.359E-16
  -2.22E-16
  6.547000000e-16
  4.477000000e-17
  -4.775000000e-16
  9.814930967e-16
  7.399000000e-17
  4.626802829e-16
  -6.847000000e-01 -5.611000000e-01 4.652000000e-01
  5.685000000e-01 -8.105000000e-01 -1.409000000e-01
  -4.561000000e-01 -1.681000000e-01 -8.739000000e-01
 Node:          9
  0.1339E+03  0.1180E+03  0.5191E+03 -0.8793E-01
   2.22E-16
   1.665E-16
   0.0
  -3.955E-16
  -2.776E-16
   6.661E-16
  1.002000000e-15
  -9.379000000e-18
  -1.046000000e-16
  1.062195387e-15
  2.960070000e-16
  5.007237074e-16
  -4.817000000e-01 -3.073000000e-01 8.207000000e-01
  -8.565000000e-01 -3.292000000e-02 -5.150000000e-01
  -1.853000000e-01 9.510000000e-01 2.474000000e-01
 Node:         10
  0.1294E+03  0.1212E+03  0.4911E+03 -0.8793E-01
   0.0
   2.776E-17
   1.11E-16
  -1.388E-17
   1.249E-16
   1.11E-16
  2.363000000e-16
  2.303000000e-17
  -3.732000000e-17
  2.489920880e-16
  7.400333333e-17
  1.173759959e-16
  4.210000000e-02 7.100000000e-01 7.030000000e-01
  -7.813000000e-01 -4.152000000e-01 4.661000000e-01
  -6.228000000e-01 5.688000000e-01 -5.372000000e-01
 Node:         11
  0.1295E+03  0.1214E+03  0.5055E+03 -0.8793E-01
  -2.22E-16
  -2.776E-17
  -2.22E-16
  -4.163E-17
   1.388E-17
  -1.665E-16
  -1.365000000e-16
  -2.183000000e-16
  -2.558000000e-16
  1.056645163e-16
  -2.035333333e-16
  4.981073066e-17
  -4.935000000e-01 2.929000000e-01 8.189000000e-01
  3.541000000e-01 -7.924000000e-01 4.968000000e-01
  -7.944000000e-01 -5.351000000e-01 -2.873000000e-01
 Node:         12
  0.1295E+03  0.1217E+03  0.5196E+03 -0.8793E-01
   1.11E-16
   0.0
   1.11E-16
   7.633E-17
   2.776E-17
   2.22E-16
  2.649000000e-16
  1.110000000e-16
  6.816000000e-17
  1.792025435e-16
  1.480200000e-16
  8.447688915e-17
  -4.387000000e-01 -1.595000000e-01 -8.844000000e-01
  3.417000000e-01 -9.398000000e-01 -2.255000000e-17
  8.311000000e-01 3.022000000e-01 -4.668000000e-01
 Node:         13
  0.1361E+03  0.1199E+03  0.4914E+03 -0.8793E-01
   1.11E-16
  -1.388E-16
   0.0
  -9.714E-17
   2.776E-17
  -1.665E-16
  2.285000000e-16
  -8.520000000e-17
  -1.988000000e-16
  3.833392362e-16
  -1.850000000e-17
  1.807078489e-16
  8.171000000e-01 -5.252000000e-01 -2.378000000e-01
  4.648000000e-01 8.442000000e-01 -2.671000000e-01
  3.410000000e-01 1.077000000e-01 9.339000000e-01
 Node:         14
  0.1342E+03  0.1198E+03  0.5054E+03 -0.8793E-01
  -5.551E-17
   2.776E-17
   0.0
   5.551E-17
  -9.021E-17
   1.11E-16
  1.672000000e-16
  -4.940000000e-18
  -1.068000000e-16
  2.398787602e-16
  1.848666667e-17
  1.130799320e-16
  1.634000000e-01 -4.472000000e-01 8.794000000e-01
  -6.569000000e-01 -7.144000000e-01 -2.412000000e-01
  -7.361000000e-01 5.382000000e-01 4.105000000e-01
 Node:         15
  0.1330E+03  0.1205E+03  0.5193E+03 -0.8793E-01
   2.22E-16
  -8.327E-17
  -5.551E-17
   1.388E-17
   4.857E-17
   0.0
  2.451000000e-16
  2.471000000e-17
  -1.033000000e-16
  3.052383267e-16
  5.550333333e-17
  1.438907271e-16
  -9.638000000e-01 2.667000000e-01 -1.723000000e-03
  1.157000000e-01 4.239000000e-01 8.983000000e-01
  2.403000000e-01 8.656000000e-01 -4.394000000e-01
 Node:         16
  0.1404E+03  0.1188E+03  0.4918E+03 -0.8793E-01
   2.22E-16
   5.551E-17
   2.22E-16
  -8.327E-17
  -1.457E-16
   4.441E-16
  5.466000000e-16
  1.950000000e-16
  1.465000000e-16
  3.781896482e-16
  2.960333333e-16
  1.782803099e-16
  -2.927000000e-01 -4.328000000e-01 8.526000000e-01
  -9.222000000e-01 -1.077000000e-01 -3.713000000e-01
  -2.526000000e-01 8.950000000e-01 3.676000000e-01
 Node:         17
  0.1365E+03  0.1184E+03  0.5055E+03 -0.8793E-01
  -1.11E-16
   2.776E-17
  -1.11E-16
   9.714E-17
   1.7E-16
   0.0
  1.573000000e-16
  -1.341000000e-16
  -2.452000000e-16
  3.600440390e-16
  -7.400000000e-17
  1.697263877e-16
  3.368000000e-01 5.285000000e-01 7.792000000e-01
  8.927000000e-01 -4.425000000e-01 -8.566000000e-02
  -2.996000000e-01 -7.244000000e-01 6.209000000e-01
 Node:         18
  0.1341E+03  0.1191E+03  0.5192E+03 -0.8793E-01
   0.0
   0.0
   0.0
   2.645E-17
   1.065E-16
   4.441E-16
  4.697000000e-16
  -1.672000000e-33
  -2.562000000e-17
  4.830198634e-16
  1.480266667e-16
  2.276977472e-16
  -5.484000000e-02 -2.207000000e-01 -9.738000000e-01
  9.705000000e-01 -2.411000000e-01 -6.210000000e-17
  -2.348000000e-01 -9.451000000e-01 2.274000000e-01
 Node:         19
  0.1301E+03  0.1291E+03  0.4914E+03  0.0000E+00
   1.11E-16
   0.0
   1.11E-16
   2.101E-19
   1.001E-17
  -2.22E-16
  1.113000000e-16
  1.110000000e-16
  -2.223000000e-16
  3.334501012e-16
  0.000000000e+00
  1.571898852e-16
  -2.096000000e-02 -9.993000000e-01 -3.003000000e-02
  9.998000000e-01 -2.097000000e-02 1.345000000e-19
  6.298000000e-04 3.003000000e-02 -9.995000000e-01
 Node:         20
  0.1299E+03  0.1291E+03  0.5058E+03  0.0000E+00
   2.22E-16
   0.0
   0.0
   1.041E-17
   1.924E-17
  -5.551E-17
  2.224000000e-16
  5.975000000e-18
  -6.188000000e-17
  2.571567616e-16
  5.549833333e-17
  1.212248600e-16
  -9.993000000e-01 -3.257000000e-03 -3.765000000e-02
  1.428000000e-02 -9.549000000e-01 -2.965000000e-01
  -3.498000000e-02 -2.968000000e-01 9.543000000e-01
 Node:         21
  0.1301E+03  0.1280E+03  0.5197E+03  0.0000E+00
   1.11E-16
   0.0
   0.0
   4.163E-17
   1.475E-17
   1.11E-16
  1.534000000e-16
  7.089000000e-17
  -2.220000000e-18
  1.348528023e-16
  7.402333333e-17
  6.357022067e-17
  -6.994000000e-01 -6.840000000e-02 -7.114000000e-01
  -7.126000000e-01 1.429000000e-01 6.869000000e-01
  -5.465000000e-02 -9.874000000e-01 1.487000000e-01
 Node:         22
  0.1360E+03  0.1256E+03  0.4913E+03  0.0000E+00
  -2.22E-16
   1.388E-17
  -1.11E-16
  -1.388E-17
   1.006E-16
   1.11E-16
  1.500000000e-16
  -1.456000000e-16
  -2.264000000e-16
  3.432090908e-16
  -7.400000000e-17
  1.617903170e-16
  -2.144000000e-02 3.586000000e-01 9.332000000e-01
  2.280000000e-01 9.106000000e-01 -3.447000000e-01
  -9.734000000e-01 2.054000000e-01 -1.013000000e-01
 Node:         23
  0.1343E+03  0.1253E+03  0.5054E+03  0.0000E+00
   0.0
   2.082E-17
  -4.441E-16
   0.0
   1.314E-16
  -1.665E-16
  1.265000000e-18
  -1.147000000e-16
  -4.972000000e-16
  4.517861704e-16
  -2.035450000e-16
  2.129740431e-16
  9.970000000e-01 6.061000000e-02 4.746000000e-02
  6.644000000e-02 -3.661000000e-01 -9.282000000e-01
  3.888000000e-02 -9.286000000e-01 3.690000000e-01
 Node:         24
  0.1336E+03  0.1248E+03  0.5194E+03  0.0000E+00
  -2.22E-16
   1.214E-17
   0.0
   1.388E-17
   8.674E-19
  -1.665E-16
  6.779000000e-19
  -1.633000000e-16
  -2.259000000e-16
  2.026635839e-16
  -1.295073667e-16
  9.553652964e-17
  -5.504000000e-02 -9.984000000e-01 -9.747000000e-03
  2.257000000e-01 -2.195000000e-02 9.740000000e-01
  -9.726000000e-01 5.141000000e-02 2.265000000e-01
 Node:         25
  0.1400E+03  0.1206E+03  0.4917E+03  0.0000E+00
   0.0
   2.671E-16
  -1.11E-16
  -8.327E-17
  -1.301E-16
   2.22E-16
  3.681000000e-16
  7.580000000e-17
  -3.329000000e-16
  6.098671905e-16
  3.700000000e-17
  2.874941507e-16
  5.089000000e-01 4.781000000e-01 -7.159000000e-01
  6.086000000e-01 3.883000000e-01 6.920000000e-01
  6.088000000e-01 -7.878000000e-01 -9.334000000e-02
 Node:         26
  0.1363E+03  0.1200E+03  0.5055E+03  0.0000E+00
   2.22E-16
   1.076E-16
  -6.106E-16
   2.776E-17
  -1.124E-15
  -5.551E-17
  8.281000000e-16
  2.248000000e-16
  -1.497000000e-15
  2.089815320e-15
  -1.480333333e-16
  9.851483893e-16
  7.371000000e-02 6.174000000e-01 -7.832000000e-01
  9.955000000e-01 1.018000000e-03 9.449000000e-02
  -5.914000000e-02 7.866000000e-01 6.146000000e-01
 Node:         27
  0.1343E+03  0.1203E+03  0.5192E+03  0.0000E+00
   2.22E-16
  -1.943E-16
   2.22E-16
  -1.041E-16
   1.313E-15
   0.0
  1.466000000e-15
  1.875000000e-16
  -1.209000000e-15
  2.317369144e-15
  1.481666667e-16
  1.092418291e-15
  -1.693000000e-01 7.280000000e-01 6.643000000e-01
  9.848000000e-01 9.849000000e-02 1.431000000e-01
  3.876000000e-02 6.785000000e-01 -7.336000000e-01
 Node:         28
  0.1155E+03  0.1124E+03  0.4931E+03 -0.5254E+00
  -2.22E-16
   3.816E-17
   2.22E-16
  -5.551E-17
   5.551E-17
   1.11E-16
  2.455000000e-16
  1.014000000e-16
  -2.359000000e-16
  4.279497985e-16
  3.700000000e-17
  2.017374697e-16
  3.184000000e-02 9.284000000e-01 3.701000000e-01
  1.988000000e-01 3.571000000e-01 -9.127000000e-01
  9.795000000e-01 -1.026000000e-01 1.732000000e-01
 Node:         29
  0.1119E+03  0.1139E+03  0.5068E+03 -0.5254E+00
  -2.22E-16
  -2.082E-17
   0.0
   5.551E-17
   6.939E-18
  -3.331E-16
  1.944000000e-18
  -2.004000000e-16
  -3.566000000e-16
  3.113642034e-16
  -1.850186667e-16
  1.467784931e-16
  -9.118000000e-02 9.958000000e-01 5.517000000e-03
  -9.179000000e-01 -8.189000000e-02 -3.884000000e-01
  -3.863000000e-01 -4.048000000e-02 9.215000000e-01
 Node:         30
  0.1113E+03  0.1159E+03  0.5206E+03 -0.5254E+00
   2.22E-16
   1.249E-16
   2.22E-16
   0.0
  -2.776E-17
   1.11E-16
  3.486000000e-16
  1.238000000e-16
  8.277000000e-17
  2.478750591e-16
  1.850566667e-16
  1.168494234e-16
  -7.001000000e-01 -7.092000000e-01 8.287000000e-02
  -4.685000000e-01 3.686000000e-01 -8.029000000e-01
  -5.389000000e-01 6.009000000e-01 5.903000000e-01
 Node:         31
  0.1203E+03  0.1126E+03  0.4920E+03 -0.5254E+00
  -5.551E-17
   9.714E-17
  -1.11E-16
   2.776E-17
   4.163E-17
  -5.551E-17
  4.114000000e-17
  -7.661000000e-17
  -1.866000000e-16
  1.972667866e-16
  -7.402333333e-17
  9.299245501e-17
  -6.956000000e-01 -5.654000000e-01 -4.433000000e-01
  4.358000000e-01 1.585000000e-01 -8.860000000e-01
  5.712000000e-01 -8.095000000e-01 1.362000000e-01
 Node:         32
  0.1188E+03  0.1134E+03  0.5062E+03 -0.5254E+00
   2.22E-16
  -1.388E-17
  -1.11E-16
  -2.776E-17
   9.714E-17
  -5.551E-17
  2.266000000e-16
  1.331000000e-17
  -1.844000000e-16
  3.560216764e-16
  1.850333333e-17
  1.678302278e-16
  -9.894000000e-01 7.624000000e-02 1.236000000e-01
  1.445000000e-01 5.992000000e-01 7.875000000e-01
  1.402000000e-02 -7.970000000e-01 6.038000000e-01
 Node:         33
  0.1183E+03  0.1150E+03  0.5201E+03 -0.5254E+00
   1.11E-16
   5.551E-17
   0.0
   8.327E-17
   0.0
   0.0
  1.700000000e-16
  0.000000000e+00
  -5.893000000e-17
  2.058903711e-16
  3.702333333e-17
  9.705765171e-17
  -8.617000000e-01 -2.815000000e-01 -4.222000000e-01
  0.000000000e+00 -8.321000000e-01 5.547000000e-01
  -5.074000000e-01 4.780000000e-01 7.170000000e-01
 Node:         34
  0.1255E+03  0.1129E+03  0.4909E+03 -0.5254E+00
   0.0
   0.0
   0.0
   5.551E-17
   9.714E-17
   0.0
  1.119000000e-16
  3.387000000e-33
  -1.119000000e-16
  1.938164854e-16
  0.000000000e+00
  9.136596741e-17
  -3.508000000e-01 -6.139000000e-01 -7.071000000e-01
  8.682000000e-01 -4.961000000e-01 -4.855000000e-17
  -3.508000000e-01 -6.139000000e-01 7.071000000e-01
 Node:         35
  0.1260E+03  0.1135E+03  0.5054E+03 -0.5254E+00
   0.0
   1.11E-16
  -1.11E-16
   1.11E-16
   2.498E-16
  -1.11E-16
  2.410000000e-16
  -1.023000000e-16
  -3.608000000e-16
  5.228959648e-16
  -7.403333333e-17
  2.464955217e-16
  5.458000000e-01 5.925000000e-01 5.925000000e-01
  8.379000000e-01 -3.859000000e-01 -3.859000000e-01
  -4.975000000e-17 -7.071000000e-01 7.071000000e-01
 Node:         36
  0.1257E+03  0.1153E+03  0.5196E+03 -0.5254E+00
   0.0
  -5.551E-17
   0.0
  -5.551E-17
   8.327E-17
   0.0
  1.305000000e-16
  -4.723000000e-17
  -8.327000000e-17
  1.982226619e-16
  0.000000000e+00
  9.344305895e-17
  -5.155000000e-01 6.059000000e-01 6.059000000e-01
  8.569000000e-01 3.645000000e-01 3.645000000e-01
  -1.256000000e-16 7.071000000e-01 -7.071000000e-01
 Node:         37
  0.1132E+03  0.1210E+03  0.4959E+03 -0.5254E+00
  -2.22E-16
   1.388E-16
  -2.22E-16
  -8.327E-17
   1.804E-16
  -2.776E-16
  -4.482000000e-17
  -1.622000000e-16
  -5.146000000e-16
  4.234720019e-16
  -2.405400000e-16
  1.996266161e-16
  3.971000000e-01 7.887000000e-01 4.693000000e-01
  -7.874000000e-01 3.010000000e-02 6.157000000e-01
  4.715000000e-01 -6.140000000e-01 6.330000000e-01
 Node:         38
  0.1111E+03  0.1204E+03  0.5085E+03 -0.5254E+00
  -1.665E-16
   9.714E-17
   0.0
  -2.776E-17
  -8.327E-17
  -2.22E-16
  7.071000000e-17
  -2.091000000e-16
  -2.502000000e-16
  3.024616291e-16
  -1.295300000e-16
  1.425817793e-16
  -3.916000000e-01 -8.746000000e-01 2.859000000e-01
  9.154000000e-01 -3.389000000e-01 2.170000000e-01
  9.287000000e-02 -3.467000000e-01 -9.334000000e-01
 Node:         39
  0.1119E+03  0.1201E+03  0.5207E+03 -0.5254E+00
  -5.551E-17
  -9.714E-17
  -3.331E-16
  -8.327E-17
  -7.633E-17
  -1.11E-16
  8.934000000e-18
  -1.105000000e-16
  -3.981000000e-16
  3.623913061e-16
  -1.665553333e-16
  1.708329000e-16
  8.510000000e-01 -1.281000000e-01 -5.092000000e-01
  4.076000000e-01 -4.503000000e-01 7.944000000e-01
  -3.311000000e-01 -8.836000000e-01 -3.310000000e-01
 Node:         40
  0.1191E+03  0.1220E+03  0.4937E+03 -0.5254E+00
   0.0
   8.327E-17
  -2.22E-16
   8.327E-17
  -1.388E-17
  -2.22E-16
  4.872000000e-17
  -2.082000000e-16
  -2.846000000e-16
  3.024459198e-16
  -1.480266667e-16
  1.425743739e-16
  -9.240000000e-01 -2.703000000e-01 -2.703000000e-01
  0.000000000e+00 -7.071000000e-01 7.071000000e-01
  3.823000000e-01 -6.534000000e-01 -6.534000000e-01
 Node:         41
  0.1182E+03  0.1217E+03  0.5073E+03 -0.5254E+00
   0.0
  -2.776E-17
  -5.551E-17
   5.551E-17
   9.714E-17
   1.11E-16
  1.653000000e-16
  1.073000000e-17
  -1.206000000e-16
  2.478691830e-16
  1.847666667e-17
  1.168466534e-16
  2.406000000e-01 3.653000000e-01 8.993000000e-01
  -8.901000000e-01 4.526000000e-01 5.428000000e-02
  -3.871000000e-01 -8.135000000e-01 4.340000000e-01
 Node:         42
  0.1187E+03  0.1212E+03  0.5204E+03 -0.5254E+00
   0.0
  -5.551E-17
  -1.11E-16
   0.0
   5.551E-17
   1.11E-16
  1.256000000e-16
  1.887000000e-17
  -1.444000000e-16
  2.355296009e-16
  2.333333333e-20
  1.110297186e-16
  1.113000000e-01 -2.517000000e-01 -9.614000000e-01
  9.295000000e-01 -3.159000000e-01 1.903000000e-01
  -3.516000000e-01 -9.148000000e-01 1.988000000e-01
 Node:         43
  0.1258E+03  0.1217E+03  0.4915E+03 -0.5254E+00
   2.22E-16
   1.11E-16
   1.11E-16
  -1.388E-17
   0.0
  -5.551E-17
  2.911000000e-16
  4.294000000e-17
  -5.645000000e-17
  3.100425456e-16
  9.253000000e-17
  1.461554576e-16
  -8.507000000e-01 -5.246000000e-01 3.406000000e-02
  -5.213000000e-01 8.502000000e-01 7.348000000e-02
  6.751000000e-02 -4.475000000e-02 9.967000000e-01
 Node:         44
  0.1259E+03  0.1220E+03  0.5059E+03 -0.5254E+00
  -2.22E-16
   1.388E-16
  -2.22E-16
   9.714E-17
   1.11E-16
  -1.11E-16
  5.081000000e-17
  -2.445000000e-16
  -3.614000000e-16
  3.679610647e-16
  -1.850300000e-16
  1.734585094e-16
  -5.113000000e-01 -5.340000000e-01 -6.733000000e-01
  -5.198000000e-01 -4.318000000e-01 7.372000000e-01
  -6.844000000e-01 7.269000000e-01 -5.679000000e-02
 Node:         45
  0.1261E+03  0.1221E+03  0.5198E+03 -0.5254E+00
  -5.551E-17
  -8.327E-17
  -2.776E-16
   2.776E-17
  -6.939E-18
   1.11E-16
  1.167000000e-16
  -3.339000000e-17
  -3.053000000e-16
  3.705037491e-16
  -7.399666667e-17
  1.746571423e-16
  1.854000000e-01 -5.643000000e-02 9.810000000e-01
  9.302000000e-01 -3.117000000e-01 -1.938000000e-01
  -3.167000000e-01 -9.485000000e-01 5.308000000e-03
 Node:         46
  0.1117E+03  0.1296E+03  0.4959E+03  0.0000E+00
  -5.551E-17
   2.776E-17
  -1.665E-16
   6.939E-18
  -2.602E-17
   0.0
  4.101000000e-18
  -4.897000000e-17
  -1.772000000e-16
  1.614458370e-16
  -7.402300000e-17
  7.610629740e-17
  4.856000000e-02 -1.429000000e-01 9.886000000e-01
  9.724000000e-01 2.327000000e-01 -1.414000000e-02
  -2.280000000e-01 9.620000000e-01 1.502000000e-01
 Node:         47
  0.1107E+03  0.1269E+03  0.5087E+03  0.0000E+00
  -1.665E-16
  -3.123E-17
   1.11E-16
  -2.776E-17
   3.99E-17
   0.0
  1.289000000e-16
  -1.114000000e-17
  -1.732000000e-16
  2.618578385e-16
  -1.848000000e-17
  1.234409689e-16
  -1.292000000e-01 9.390000000e-01 3.186000000e-01
  -1.008000000e-01 -3.321000000e-01 9.379000000e-01
  -9.865000000e-01 -8.906000000e-02 -1.376000000e-01
 Node:         48
  0.1125E+03  0.1242E+03  0.5208E+03  0.0000E+00
   1.11E-16
   3.469E-18
   1.11E-16
   0.0
  -1.735E-18
   1.11E-16
  1.149000000e-16
  1.110000000e-16
  1.071000000e-16
  6.754998150e-18
  1.110000000e-16
  3.184336666e-18
  -6.325000000e-01 -7.071000000e-01 3.162000000e-01
  4.472000000e-01 -4.455000000e-15 8.944000000e-01
  -6.325000000e-01 7.071000000e-01 3.162000000e-01
 Node:         49
  0.1186E+03  0.1311E+03  0.4938E+03  0.0000E+00
  -1.665E-16
  -2.082E-17
   0.0
  -4.163E-17
  -6.072E-18
  -5.551E-17
  2.581000000e-18
  -4.165000000e-17
  -1.830000000e-16
  1.678935845e-16
  -7.402300000e-17
  7.914579474e-17
  1.174000000e-01 -9.929000000e-01 1.965000000e-02
  -3.135000000e-01 -1.827000000e-02 9.494000000e-01
  -9.423000000e-01 -1.176000000e-01 -3.134000000e-01
 Node:         50
  0.1180E+03  0.1298E+03  0.5075E+03  0.0000E+00
   0.0
  -1.301E-17
   3.331E-16
  -4.163E-17
   1.247E-17
   2.22E-16
  3.354000000e-16
  2.276000000e-16
  -7.879000000e-18
  3.040655121e-16
  1.850403333e-16
  1.433378570e-16
  5.441000000e-02 -9.902000000e-01 -1.289000000e-01
  -1.707000000e-01 -1.364000000e-01 9.758000000e-01
  9.838000000e-01 3.109000000e-02 1.765000000e-01
 Node:         51
  0.1192E+03  0.1275E+03  0.5206E+03  0.0000E+00
   0.0
  -3.469E-18
  -5.551E-17
   0.0
   1.475E-17
   1.11E-16
  1.123000000e-16
  2.087000000e-19
  -5.702000000e-17
  1.491791642e-16
  1.849623333e-17
  7.032373239e-17
  -2.705000000e-03 8.758000000e-02 9.962000000e-01
  9.982000000e-01 -6.004000000e-02 7.989000000e-03
  -6.051000000e-02 -9.943000000e-01 8.725000000e-02
 Node:         52
  0.1262E+03  0.1305E+03  0.4920E+03  0.0000E+00
   1.11E-16
  -1.388E-17
   1.11E-16
   1.301E-18
   4.906E-18
   0.0
  1.250000000e-16
  9.734000000e-17
  -2.497000000e-19
  1.139655924e-16
  7.403010000e-17
  5.372389547e-17
  -7.047000000e-01 7.092000000e-01 2.051000000e-02
  7.093000000e-01 7.034000000e-01 4.493000000e-02
  -1.744000000e-02 -4.621000000e-02 9.988000000e-01
 Node:         53
  0.1258E+03  0.1304E+03  0.5063E+03  0.0000E+00
  -1.665E-16
  -1.735E-18
  -1.11E-16
   2.776E-17
   3.383E-17
  -2.22E-16
  -1.010000000e-16
  -1.572000000e-16
  -2.414000000e-16
  1.223933005e-16
  -1.665333333e-16
  5.769675516e-17
  9.684000000e-02 9.526000000e-01 2.883000000e-01
  -9.346000000e-01 1.866000000e-01 -3.027000000e-01
  -3.422000000e-01 -2.402000000e-01 9.084000000e-01
 Node:         54
  0.1265E+03  0.1288E+03  0.5200E+03  0.0000E+00
  -2.22E-16
   2.082E-17
   1.11E-16
   0.0
  -4.337E-18
   1.11E-16
  1.160000000e-16
  1.073000000e-16
  -2.233000000e-16
  3.350347295e-16
  0.000000000e+00
  1.579368861e-16
  -4.656000000e-02 -7.562000000e-01 6.527000000e-01
  -4.117000000e-02 -6.514000000e-01 -7.576000000e-01
  -9.981000000e-01 6.215000000e-02 8.061000000e-04
 Node:         55
  0.1382E+03  0.1167E+03  0.4534E+03  0.1745E-02
  -0.0241
  -0.006196
   0.02285
   5.117E-4
   0.009823
   0.007846
  4.398758704e-02
  1.570672449e-02
  -4.112808502e-02
  7.582897915e-02
  6.188742173e-03
  3.574612358e-02
  -4.009888664e-02 4.840720648e-01 2.796524291e-01
  1.900878138e-01 3.567643320e-01 -2.731933198e-01
  -5.256549729e-01 -9.293686235e-02 1.514063158e-01
 Node:         56
  0.1314E+03  0.1156E+03  0.4687E+03  0.1745E-02
  -0.02394
  -7.358E-4
   0.01294
   0.00567
   0.001626
  -0.001799
  2.109835020e-02
  3.964502024e-03
  -4.294995344e-02
  5.823808966e-02
  -5.962367072e-03
  2.745369875e-02
  -5.371110931e-02 -5.183645749e-01 8.402388664e-03
  3.250815789e-01 1.592074615e-01 6.101788664e-01
  -5.294291903e-01 1.858590081e-02 2.692742915e-01
 Node:         57
  0.1285E+03  0.1140E+03  0.4823E+03  0.1745E-02
  -0.005264
   0.002266
  -8.4E-5
   0.001909
  -0.001277
  -9.515E-4
  2.356532186e-03
  -3.208504130e-04
  -1.287718522e-02
  1.440803911e-02
  -3.613834483e-03
  6.792014773e-03
  -2.741593117e-01 -5.276315789e-01 3.973674899e-01
  4.200172065e-01 3.892168826e-01 5.821775061e-01
  -4.777775304e-01 2.728790891e-01 4.650155870e-01
 Node:         58
  0.1482E+03  0.1175E+03  0.4538E+03  0.1745E-02
  -0.0252
  -0.0137
   0.03935
  -0.002343
   0.007669
  -0.008357
  6.753654251e-02
  4.132208704e-03
  -5.071109312e-02
  1.035232840e-01
  6.985886032e-03
  4.880134410e-02
  7.274979757e-02 -4.359724696e-01 -7.690605263e-02
  2.761676255e-01 3.370080972e-02 6.695469433e-01
  -4.803876650e-01 -1.048295951e-01 2.028173279e-01
 Node:         59
  0.1418E+03  0.1165E+03  0.4696E+03  0.1745E-02
  -0.02072
  -0.01212
   0.02928
   8.875E-5
   0.00513
  -0.007579
  5.009892713e-02
  -5.998018557e-03
  -4.473016599e-02
  8.298766023e-02
  -2.097524744e-04
  3.912075820e-02
  -1.440218623e-01 3.812811741e-01 4.131844130e-02
  2.801112348e-01 1.706082500e-01 6.941676053e-01
  -2.861771255e-01 -1.049433806e-01 3.582060142e-01
 Node:         60
  0.1375E+03  0.1150E+03  0.4832E+03  0.1745E-02
  -0.003219
  -0.002566
   0.005001
   7.954E-4
   3.739E-4
  -0.00102
  9.113894737e-03
  -1.088635401e-03
  -1.040981741e-02
  1.729648527e-02
  -7.948526910e-04
  8.153641350e-03
  -2.665188259e-01 7.619479757e-01 -2.831289879e-02
  -1.559153846e-01 -5.184979757e-02 -3.460714514e-01
  -3.907080972e-01 2.827827530e-02 3.095214170e-01
 Node:         61
  0.1552E+03  0.1216E+03  0.4541E+03  0.1745E-02
  -0.007268
  -0.01253
   0.01728
  -0.008355
   0.01041
  -0.03354
  5.099546761e-02
  -2.400796093e-02
  -5.433510121e-02
  9.430495914e-02
  -9.115864845e-03
  4.445578407e-02
  2.384412955e-03 3.702421053e-01 1.441644737e-01
  6.493643725e-01 4.663694332e-01 -2.179044737e-01
  1.996631781e-01 -1.723455668e-02 8.171479757e-01
 Node:         62
  0.1491E+03  0.1200E+03  0.4702E+03  0.1745E-02
   0.005119
  -0.02075
   0.02255
  -0.005114
   0.00787
  -0.02432
  5.595556680e-02
  -1.570888482e-02
  -4.320205870e-02
  8.879302814e-02
  -9.851255735e-04
  4.185743488e-02
  -4.206044534e-01 5.915524291e-01 1.432627530e-01
  7.253955466e-01 3.386927126e-01 1.409992262e-01
  8.807275304e-02 9.074495142e-02 2.412642510e-01
 Node:         63
  0.1436E+03  0.1181E+03  0.4839E+03  0.1745E-02
   0.00447
  -0.00688
   0.007515
  -1.509E-4
   8.866E-4
  -0.003674
  1.693699190e-02
  -1.055465061e-03
  -8.121640891e-03
  2.260812088e-02
  2.586628650e-03
  1.065757039e-02
  -3.636497976e-01 4.517850202e-01 5.737165385e-02
  4.194036437e-01 4.536288057e-01 -1.766505870e-01
  -1.444627935e-01 -2.466087854e-01 -5.625506073e-03
 Node:         64
  0.1413E+03  0.1253E+03  0.4529E+03  0.1745E-02
  -0.02101
   0.002599
   0.02485
  -0.005205
   0.003856
  -0.007682
  3.658481984e-02
  -5.217771255e-03
  -3.366311538e-02
  6.163894679e-02
  -7.653556005e-04
  2.905687817e-02
  4.000157895e-02 7.264457490e-01 8.011581174e-02
  1.458617409e-01 2.715483806e-02 -3.759538462e-01
  -3.970070850e-01 1.380119757e-01 -1.880317004e-01
 Node:         65
  0.1340E+03  0.1229E+03  0.4685E+03  0.1745E-02
  -0.01334
  -0.001956
   0.02078
  -0.002382
   0.001794
  -0.005248
  3.117012348e-02
  -4.596927126e-03
  -2.420899595e-02
  4.887767651e-02
  7.880668016e-04
  2.304115767e-02
  1.003511943e-01 -6.395813765e-01 -5.507473684e-02
  -1.348096964e-01 -7.426433198e-02 5.669214575e-01
  -3.822979757e-01 6.468696356e-02 5.513848178e-02
 Node:         66
  0.1299E+03  0.1214E+03  0.4825E+03  0.1745E-02
  -5.943E-4
  -0.0011
   0.003828
   4.941E-4
  -3.243E-4
  -7.949E-4
  6.084607287e-03
  -3.852889474e-04
  -3.660999798e-03
  8.734308207e-03
  6.794395142e-04
  4.117392375e-03
  -2.602571255e-01 -1.767570850e-02 1.328622874e-01
  4.360137652e-01 2.928186235e-01 2.420431174e-01
  6.081246964e-01 -4.423995951e-02 2.842105263e-04
 Node:         67
  0.1499E+03  0.1242E+03  0.4534E+03  0.1745E-02
  -0.01996
  -0.008309
   0.02194
  -0.004509
   0.002766
  -0.008071
  3.525157287e-02
  4.288441296e-03
  -3.658222672e-02
  6.354929193e-02
  9.859291498e-04
  2.995742351e-02
  -8.213340081e-02 3.577348178e-01 1.517350202e-02
  2.075257490e-01 -9.113927126e-02 5.970701316e-01
  -5.292182263e-01 -8.773023887e-02 9.089311741e-02
 Node:         68
  0.1432E+03  0.1223E+03  0.4693E+03  0.1745E-02
  -0.008658
  -0.01524
   0.02265
  -0.005424
   0.004331
  -0.004648
  4.247568826e-02
  1.972012915e-03
  -2.991227328e-02
  6.332808634e-02
  4.845142632e-03
  2.985314619e-02
  2.222510121e-02 -3.297647773e-01 -4.429757085e-02
  6.416165992e-03 -5.951477733e-02 6.911102227e-01
  -3.023131579e-01 -8.867532976e-02 1.503137247e-01
 Node:         69
  0.1380E+03  0.1205E+03  0.4831E+03  0.1745E-02
   0.001299
  -0.004967
   0.00638
  -0.001108
   0.001387
  -2.416E-4
  1.317354251e-02
  -1.529427935e-04
  -4.316684615e-03
  1.591701167e-02
  2.901305034e-03
  7.503351260e-03
  -4.951633603e-01 8.153556680e-01 1.355426923e-01
  2.929996721e-01 2.638795547e-01 5.555284211e-01
  6.818246964e-01 2.376649595e-01 1.025264372e-01
 Node:         70
  0.1555E+03  0.1237E+03  0.4540E+03  0.1745E-02
  -0.01411
  -0.01026
   0.001647
  -0.01049
   0.007438
   0.005444
  4.213550202e-02
  -3.301674073e-03
  -3.766753036e-02
  6.955612469e-02
  3.887658623e-04
  3.278907163e-02
  -1.469321862e-01 2.438006073e-01 1.083882794e-01
  2.552045951e-01 -5.562095142e-01 2.997081174e-01
  -8.316477733e-03 2.942848178e-02 2.556234818e-02
 Node:         71
  0.1493E+03  0.1219E+03  0.4701E+03  0.1745E-02
   8.157E-4
  -0.01986
   0.0137
  -0.01462
   0.01079
   0.0023
  5.306817814e-02
  1.191631781e-03
  -3.111669028e-02
  7.386758634e-02
  7.714373212e-03
  3.482151414e-02
  -5.049046559e-01 5.802661943e-01 4.157641700e-01
  1.938707085e-01 -1.281593117e-01 4.956661741e-01
  6.605785425e-01 2.625461134e-01 3.402732794e-01
 Node:         72
  0.1435E+03  0.1199E+03  0.4838E+03  0.1745E-02
   0.004508
  -0.007521
   0.005573
  -0.003678
   0.002811
   8.418E-4
  1.876034818e-02
  -2.220896761e-04
  -5.575721660e-03
  2.223575630e-02
  4.320845614e-03
  1.048203604e-02
  -6.326435223e-01 6.840238866e-01 2.865275304e-01
  1.708988524e-01 6.691234818e-02 6.282771397e-01
  5.606295547e-01 3.689605951e-01 4.271755061e-02
 Node:         73
  0.1444E+03  0.1339E+03  0.4526E+03  0.0000E+00
   0.01024
  -0.003637
  -0.01926
   0.001078
  -0.001247
   0.01467
  2.517989271e-02
  1.014061921e-02
  -2.766453239e-02
  4.741572111e-02
  2.551993178e-03
  2.235198529e-02
  4.273481781e-02 -3.464017206e-02 3.491733198e-01
  2.122294737e-01 -2.666173077e-02 1.415242915e-01
  -4.379046761e-02 -2.558301619e-01 -1.668746761e-02
 Node:         74
  0.1367E+03  0.1304E+03  0.4684E+03  0.0000E+00
   0.02202
  -0.002069
  -0.009159
   0.001068
  -0.00246
   0.01043
  3.065740891e-02
  1.471928947e-02
  -1.654599595e-02
  4.197981491e-02
  9.610234143e-03
  1.978947453e-02
  -7.901801619e-02 -1.715664372e-01 2.870769231e-02
  -2.029798381e-01 -5.262311741e-02 9.353261134e-01
  -1.491119190e-01 5.666963563e-02 -1.103476316e-01
 Node:         75
  0.1313E+03  0.1288E+03  0.4826E+03  0.0000E+00
   0.00819
  -8.847E-4
  -0.001101
  -0.001063
  -5.688E-4
   7.302E-4
  1.153164575e-02
  1.184862146e-03
  -3.557365587e-03
  1.349809369e-02
  3.053047436e-03
  6.363062385e-03
  -9.464115385e-01 1.090230972e-01 1.215373138e-01
  2.728956275e-02 -2.546507713e-01 9.346603239e-01
  1.513782794e-01 8.670435223e-01 2.087109312e-01
 Node:         76
  0.1516E+03  0.1309E+03  0.4532E+03  0.0000E+00
   0.009877
  -0.005377
  -0.02599
  -0.001208
   0.005439
   0.02172
  3.545088866e-02
  1.157764966e-02
  -3.887892105e-02
  6.597322225e-02
  2.716539089e-03
  3.110007522e-02
  -1.264118826e-01 7.500708502e-03 6.505850202e-02
  6.985941296e-01 -1.143776113e-01 1.979819838e-01
  6.245777328e-02 1.888321862e-01 -4.506500000e-02
 Node:         77
  0.1446E+03  0.1281E+03  0.4691E+03  0.0000E+00
   0.03042
   0.001053
  -0.01248
  -8.463E-4
   0.004281
   0.01031
  4.164526316e-02
  1.445300607e-02
  -2.049806275e-02
  5.454055644e-02
  1.186673549e-02
  2.571066487e-02
  -9.794621457e-01 -1.044961741e-02 8.244973887e-02
  8.003562753e-02 1.556970850e-01 9.734560729e-01
  -6.042243522e-02 2.372886640e-01 -4.479170040e-02
 Node:         78
  0.1384E+03  0.1261E+03  0.4830E+03  0.0000E+00
   0.0128
   0.001497
  -8.006E-4
  -9.189E-4
  -1.504E-5
   4.119E-4
  1.766398988e-02
  3.195491903e-04
  -1.874315385e-03
  1.854229969e-02
  5.369741228e-03
  8.740923899e-03
  -9.770052632e-01 -8.639174494e-02 7.669280162e-02
  1.771693725e-02 -5.626886640e-02 6.272574899e-01
  -1.350869170e-01 1.935180162e-01 -1.729170040e-01
 Node:         79
  0.1557E+03  0.1258E+03  0.4539E+03  0.0000E+00
   0.009019
   0.009611
   0.003357
   0.001611
   5.874E-4
  -0.05278
  4.367683401e-02
  -3.751003036e-03
  -1.067897571e-01
  1.337685083e-01
  -2.228797537e-02
  6.305907954e-02
  6.687400810e-01 5.743761741e-01 -7.674736235e-02
  1.439001619e-01 -7.900953441e-03 1.761858401e-01
  -5.317820040e-02 -1.887708167e-01 6.761925850e-01
 Node:         80
  0.1495E+03  0.1238E+03  0.4701E+03  0.0000E+00
   0.03404
   0.01022
   5.789E-4
   0.002131
  -3.62E-4
  -0.04267
  5.324301619e-02
  4.759142105e-03
  -8.721547773e-02
  1.255219730e-01
  -9.737773144e-03
  5.917162555e-02
  2.620455466e-01 2.837647267e-01 -3.107698381e-02
  -3.618826923e-01 7.398516599e-01 1.891066113e-01
  -1.104795749e-02 -1.957136640e-01 8.240925911e-01
 Node:         81
  0.1433E+03  0.1217E+03  0.4837E+03  0.0000E+00
   0.01449
   0.003036
  -6.674E-5
   6.379E-4
   2.153E-4
  -0.005225
  2.006203846e-02
  1.390116599e-04
  -1.194501417e-02
  2.840103452e-02
  2.752011984e-03
  1.338837607e-02
  -9.680459514e-01 -1.914607287e-01 -3.969795142e-02
  -2.265929150e-01 7.886291498e-01 2.451306733e-01
  6.155004049e-02 -2.475618623e-01 8.123408907e-01
 Node:         82
  0.1267E+03  0.1148E+03  0.4564E+03 -0.5913E-02
  -0.005941
  -0.003466
   0.006277
   0.001224
   0.005512
   3.63E-4
  1.937084008e-02
  -2.042681174e-03
  -1.682289271e-02
  3.166137118e-02
  1.684220648e-04
  1.492531351e-02
  -2.684279879e-01 7.380815789e-01 4.175728745e-01
  -1.626274291e-01 2.539557490e-01 -3.051502024e-01
  3.447182186e-01 1.047224696e-01 7.897186235e-02
 Node:         83
  0.1234E+03  0.1129E+03  0.4720E+03 -0.5913E-02
  -0.01041
  -4.868E-4
   0.002623
   0.009236
   0.002588
  -0.00723
  8.936475304e-03
  -6.853510121e-04
  -3.050010931e-02
  3.580690932e-02
  -7.416328340e-03
  1.687953893e-02
  -4.943198381e-03 7.178275304e-01 4.022773482e-01
  -3.460445344e-01 2.286008907e-01 -3.137048583e-01
  -4.147755061e-01 1.260959717e-01 4.948736842e-01
 Node:         84
  0.1187E+03  0.1123E+03  0.4849E+03 -0.5913E-02
  -0.001506
   2.092E-4
   1.652E-4
   0.003586
  -1.54E-4
  -0.006511
  1.274814696e-03
  1.431149636e-04
  -1.349288178e-02
  1.435464109e-02
  -4.024984040e-03
  6.766842706e-03
  -6.206230769e-01 -2.833571862e-01 -9.652834008e-02
  3.750421053e-01 -4.650684211e-01 2.219159919e-01
  3.853414980e-01 -5.076194332e-03 -6.956072874e-01
 Node:         85
  0.1302E+03  0.1161E+03  0.4552E+03 -0.5913E-02
  -0.00782
  -0.003372
   0.008069
   0.001842
   0.008248
   0.00289
  2.635670445e-02
  -2.319788057e-03
  -1.873415992e-02
  3.961862295e-02
  1.767585493e-03
  1.867639797e-02
  -2.408305668e-01 5.806441296e-01 3.729664372e-01
  -2.631700405e-02 4.839209312e-01 -4.159629555e-01
  3.959251012e-02 1.061734818e-01 1.418186235e-01
 Node:         86
  0.1252E+03  0.1138E+03  0.4703E+03 -0.5913E-02
  -0.01024
   0.004214
   0.01939
   0.01691
   0.009478
  -0.004151
  4.243267611e-02
  6.775723158e-03
  -3.934002834e-02
  7.118459554e-02
  3.289456977e-03
  3.355674015e-02
  -2.490033603e-01 -5.974775304e-01 -3.867240891e-01
  2.634182186e-01 -5.133724696e-01 4.187307692e-01
  7.525402834e-01 5.315536640e-02 -3.991704453e-01
 Node:         87
  0.1217E+03  0.1126E+03  0.4834E+03 -0.5913E-02
  -0.002787
   8.58E-5
   5.807E-4
   0.00448
  -7.301E-4
  -0.0058
  1.939094737e-03
  4.218928138e-04
  -1.501768583e-02
  1.646918166e-02
  -4.218899426e-03
  7.763646687e-03
  -5.040823887e-01 6.271105668e-01 -1.817218785e-01
  5.558726721e-01 3.310119433e-01 3.898506073e-01
  6.142684211e-01 1.582728745e-02 -5.417852227e-01
 Node:         88
  0.1338E+03  0.1169E+03  0.4536E+03 -0.5913E-02
  -0.01737
  -0.005647
   0.00739
   0.001679
   0.01165
   0.01136
  3.455425709e-02
  -1.135342510e-03
  -2.894023279e-02
  5.526203497e-02
  1.492893927e-03
  2.605077311e-02
  -1.781677814e-01 6.275601215e-01 6.644095142e-01
  -1.284441296e-01 5.190608300e-01 -3.942965587e-01
  4.228131579e-01 4.692267206e-02 -2.412834008e-02
 Node:         89
  0.1270E+03  0.1150E+03  0.4687E+03 -0.5913E-02
  -0.01944
   7.232E-4
   0.004337
   0.007505
   0.00329
  -0.001886
  1.234917814e-02
  -1.573683806e-03
  -3.685135020e-02
  4.435447532e-02
  -8.691951957e-03
  2.090890018e-02
  -2.544307692e-02 7.446544534e-01 4.737852227e-01
  -1.546531377e-01 2.692589069e-01 -3.300809717e-01
  -6.304372470e-01 1.237718988e-01 3.709963158e-01
 Node:         90
  0.1248E+03  0.1132E+03  0.4822E+03 -0.5913E-02
  -0.004703
   0.00253
  -0.001111
   0.002338
  -0.001286
  -0.001403
  9.612676113e-04
  -2.666360223e-04
  -1.254514534e-02
  1.316903725e-02
  -3.950171252e-03
  6.207943696e-03
  1.477702632e-01 5.743493927e-01 9.874265182e-02
  2.746345344e-01 -1.630470850e-01 7.608293522e-01
  -5.238680162e-01 4.596779352e-01 4.063427126e-01
 Node:         91
  0.1259E+03  0.1262E+03  0.4550E+03 -0.5913E-02
  -0.01593
   0.00421
   0.02094
  -0.002551
   0.008911
  -0.001091
  3.728128947e-02
  -2.985123482e-03
  -2.400975911e-02
  5.397128293e-02
  3.428802294e-03
  2.544230677e-02
  -1.308367409e-01 -2.207706478e-01 -1.198057895e-01
  -2.774493927e-01 -2.474686235e-01 8.727627530e-01
  -3.590157895e-01 1.149464575e-01 -1.014726721e-01
 Node:         92
  0.1209E+03  0.1234E+03  0.4726E+03 -0.5913E-02
  -0.01242
  -6.063E-4
   0.01012
   3.55E-4
   0.006403
   0.004475
  2.393721457e-02
  1.242566397e-03
  -2.107138866e-02
  3.901213941e-02
  1.369464103e-03
  1.839049888e-02
  -2.453938138e-01 -3.427862348e-01 -2.159155870e-01
  2.962578947e-02 -5.410921053e-01 7.554168016e-01
  -4.033995951e-01 1.712606429e-01 1.832292713e-01
 Node:         93
  0.1159E+03  0.1217E+03  0.4877E+03 -0.5913E-02
  -0.00129
  -6.385E-4
   6.792E-4
   0.001007
   0.001426
  -4.305E-4
  3.842431174e-03
  -1.254577733e-04
  -6.147644534e-03
  8.836381175e-03
  -8.102237112e-04
  4.165510033e-03
  -1.234127045e-01 4.140122672e-01 5.266200405e-01
  -1.969662955e-01 4.236497976e-02 -1.593338057e-01
  -3.566686235e-01 -2.282340081e-01 2.772947368e-01
 Node:         94
  0.1313E+03  0.1264E+03  0.4541E+03 -0.5913E-02
  -0.01944
   0.003863
   0.02336
  -0.005796
   0.00785
   0.004205
  4.000667206e-02
  7.216359514e-03
  -2.898409717e-02
  5.986955764e-02
  6.079644804e-03
  2.822278013e-02
  3.286677126e-02 7.739214575e-01 2.718339372e-01
  1.733779352e-01 1.781163158e-01 -2.643844130e-01
  3.357384615e-01 -2.323914939e-01 1.218421053e-01
 Node:         95
  0.1250E+03  0.1235E+03  0.4707E+03 -0.5913E-02
  -0.01646
  -0.001382
   0.01312
  -9.42E-4
   0.004357
   0.008042
  2.626943320e-02
  1.024911520e-02
  -2.849958907e-02
  4.905593643e-02
  2.672986444e-03
