 Group name: predicted_strain_L3A2
 #Fields=  16
 1) coordinates, coordinate, rectangular cartesian, #Components=3
   x.  Value index= 1, #Derivatives=0
   y.  Value index= 2, #Derivatives=0
   z.  Value index= 3, #Derivatives=0
 2) Tensor_1, field, rectangular cartesian, #Components=1
   Tensor_1.  Value index= 4, #Derivatives=0
 3) Tensor_2, field, rectangular cartesian, #Components=1
   Tensor_2.  Value index= 5, #Derivatives=0
 4) Tensor_3, field, rectangular cartesian, #Components=1
   Tensor_3.  Value index= 6, #Derivatives=0
 5) Tensor_4, field, rectangular cartesian, #Components=1
   Tensor_4.  Value index= 7, #Derivatives=0
 6) Tensor_5, field, rectangular cartesian, #Components=1
   Tensor_5.  Value index= 8, #Derivatives=0
 7) Tensor_6, field, rectangular cartesian, #Components=1
   Tensor_6.  Value index= 9, #Derivatives=0
 8) Principal_1, field, rectangular cartesian, #Components=1
   Principal_1.  Value index= 10, #Derivatives=0
 9) Principal_2, field, rectangular cartesian, #Components=1
   Principal_2.  Value index= 11, #Derivatives=0
 10) Principal_3, field, rectangular cartesian, #Components=1
   Principal_3.  Value index= 12, #Derivatives=0
 11) VonMises, field, rectangular cartesian, #Components=1
   VonMises.  Value index= 13, #Derivatives=0
 12) Hydrostatic, field, rectangular cartesian, #Components=1
   VonMises.  Value index= 14, #Derivatives=0
 13) Octahedral, field, rectangular cartesian, #Components=1
   VonMises.  Value index= 15, #Derivatives=0
 14) PrincipalVector1, field, rectangular cartesian, #Components=3
   x.  Value index= 16, #Derivatives=0
   y.  Value index= 17, #Derivatives=0
   z.  Value index= 18, #Derivatives=0
 15) PrincipalVector2, field, rectangular cartesian, #Components=3
   x.  Value index= 19, #Derivatives=0
   y.  Value index= 20, #Derivatives=0
   z.  Value index= 21, #Derivatives=0
 16) PrincipalVector3, field, rectangular cartesian, #Components=3
   x.  Value index= 22, #Derivatives=0
   y.  Value index= 23, #Derivatives=0
   z.  Value index= 24, #Derivatives=0
 Node:          1
  0.1287E+03  0.1133E+03  0.4908E+03 -0.3663E-04
  -1.11E-16
  -8.327E-17
  -2.22E-16
  -2.776E-17
  -4.163E-17
  -3.331E-16
  -6.637000000e-17
  -2.400000000e-16
  -3.598000000e-16
  2.555392160e-16
  -2.220566667e-16
  1.204623416e-16
  8.837000000e-01 -4.676000000e-01 -1.897000000e-02
  4.046000000e-01 7.837000000e-01 -4.712000000e-01
  2.352000000e-01 4.088000000e-01 8.818000000e-01
 Node:          2
  0.1292E+03  0.1137E+03  0.5052E+03 -0.3663E-04
  -5.551E-17
  -1.11E-16
  -1.665E-16
  -5.551E-17
   1.943E-16
  -2.776E-16
  8.603000000e-17
  -1.600000000e-16
  -4.256000000e-16
  4.431926093e-16
  -1.665233333e-16
  2.089229996e-16
  -6.554000000e-01 6.199000000e-01 4.313000000e-01
  7.522000000e-01 4.849000000e-01 4.462000000e-01
  -6.744000000e-02 -6.169000000e-01 7.841000000e-01
 Node:          3
  0.1289E+03  0.1155E+03  0.5194E+03 -0.3663E-04
   2.22E-16
   1.388E-16
   3.331E-16
   1.11E-16
   5.551E-17
   2.22E-16
  4.753000000e-16
  2.118000000e-16
  9.006000000e-17
  3.410738448e-16
  2.590533333e-16
  1.607837524e-16
  -5.696000000e-01 -7.144000000e-01 -4.063000000e-01
  2.395000000e-01 -6.172000000e-01 7.494000000e-01
  -7.862000000e-01 3.296000000e-01 5.227000000e-01
 Node:          4
  0.1361E+03  0.1141E+03  0.4915E+03 -0.3663E-04
   0.0
  -2.776E-17
  -1.11E-16
  -2.776E-17
  -8.327E-17
   2.22E-16
  2.435000000e-16
  6.328000000e-18
  -1.388000000e-16
  3.342648530e-16
  3.700933333e-17
  1.575739629e-16
  -8.549000000e-02 -2.215000000e-01 9.714000000e-01
  9.681000000e-01 -2.491000000e-01 2.840000000e-02
  2.357000000e-01 9.428000000e-01 2.357000000e-01
 Node:          5
  0.1341E+03  0.1144E+03  0.5054E+03 -0.3663E-04
   3.331E-16
   1.388E-16
   3.331E-16
   5.551E-17
  -6.939E-17
   4.441E-16
  4.814000000e-16
  4.627000000e-16
  1.662000000e-16
  3.062784517e-16
  3.701000000e-16
  1.443810468e-16
  -3.480000000e-01 -6.443000000e-01 6.810000000e-01
  -6.589000000e-01 -3.487000000e-01 -6.665000000e-01
  6.669000000e-01 -6.807000000e-01 -3.032000000e-01
 Node:          6
  0.1323E+03  0.1162E+03  0.5191E+03 -0.3663E-04
   2.22E-16
   5.551E-17
   2.22E-16
  -5.551E-17
  -2.776E-17
   0.0
  2.897000000e-16
  1.685000000e-16
  -1.402000000e-17
  2.648101478e-16
  1.480600000e-16
  1.248327008e-16
  -7.150000000e-01 -6.696000000e-01 2.012000000e-01
  6.656000000e-01 -7.399000000e-01 -9.741000000e-02
  -2.141000000e-01 -6.426000000e-02 -9.747000000e-01
 Node:          7
  0.1408E+03  0.1171E+03  0.4920E+03 -0.3663E-04
   3.331E-16
   2.22E-16
   2.22E-16
  -8.327E-17
  -1.11E-16
   0.0
  5.398000000e-16
  6.158000000e-17
  -4.631000000e-17
  5.403052621e-16
  1.850233333e-16
  2.547023432e-16
  -7.537000000e-01 -6.111000000e-01 2.419000000e-01
  -6.560000000e-01 6.770000000e-01 -3.335000000e-01
  -4.004000000e-02 4.101000000e-01 9.112000000e-01
 Node:          8
  0.1367E+03  0.1169E+03  0.5055E+03 -0.3663E-04
   2.22E-16
   1.943E-16
   2.22E-16
  -4.025E-16
  -2.359E-16
  -2.22E-16
  6.547000000e-16
  4.477000000e-17
  -4.775000000e-16
  9.814930967e-16
  7.399000000e-17
  4.626802829e-16
  -6.847000000e-01 -5.611000000e-01 4.652000000e-01
  5.685000000e-01 -8.105000000e-01 -1.409000000e-01
  -4.561000000e-01 -1.681000000e-01 -8.739000000e-01
 Node:          9
  0.1339E+03  0.1180E+03  0.5191E+03 -0.3663E-04
   2.22E-16
   1.665E-16
   0.0
  -3.955E-16
  -2.776E-16
   6.661E-16
  1.002000000e-15
  -9.379000000e-18
  -1.046000000e-16
  1.062195387e-15
  2.960070000e-16
  5.007237074e-16
  -4.817000000e-01 -3.073000000e-01 8.207000000e-01
  -8.565000000e-01 -3.292000000e-02 -5.150000000e-01
  -1.853000000e-01 9.510000000e-01 2.474000000e-01
 Node:         10
  0.1294E+03  0.1212E+03  0.4911E+03 -0.3663E-04
   0.0
   2.776E-17
   1.11E-16
  -1.388E-17
   1.249E-16
   1.11E-16
  2.363000000e-16
  2.303000000e-17
  -3.732000000e-17
  2.489920880e-16
  7.400333333e-17
  1.173759959e-16
  4.210000000e-02 7.100000000e-01 7.030000000e-01
  -7.813000000e-01 -4.152000000e-01 4.661000000e-01
  -6.228000000e-01 5.688000000e-01 -5.372000000e-01
 Node:         11
  0.1295E+03  0.1214E+03  0.5055E+03 -0.3663E-04
  -2.22E-16
  -2.776E-17
  -2.22E-16
  -4.163E-17
   1.388E-17
  -1.665E-16
  -1.365000000e-16
  -2.183000000e-16
  -2.558000000e-16
  1.056645163e-16
  -2.035333333e-16
  4.981073066e-17
  -4.935000000e-01 2.929000000e-01 8.189000000e-01
  3.541000000e-01 -7.924000000e-01 4.968000000e-01
  -7.944000000e-01 -5.351000000e-01 -2.873000000e-01
 Node:         12
  0.1295E+03  0.1217E+03  0.5196E+03 -0.3663E-04
   1.11E-16
   0.0
   1.11E-16
   7.633E-17
   2.776E-17
   2.22E-16
  2.649000000e-16
  1.110000000e-16
  6.816000000e-17
  1.792025435e-16
  1.480200000e-16
  8.447688915e-17
  -4.387000000e-01 -1.595000000e-01 -8.844000000e-01
  3.417000000e-01 -9.398000000e-01 -2.255000000e-17
  8.311000000e-01 3.022000000e-01 -4.668000000e-01
 Node:         13
  0.1361E+03  0.1199E+03  0.4914E+03 -0.3663E-04
   1.11E-16
  -1.388E-16
   0.0
  -9.714E-17
   2.776E-17
  -1.665E-16
  2.285000000e-16
  -8.520000000e-17
  -1.988000000e-16
  3.833392362e-16
  -1.850000000e-17
  1.807078489e-16
  8.171000000e-01 -5.252000000e-01 -2.378000000e-01
  4.648000000e-01 8.442000000e-01 -2.671000000e-01
  3.410000000e-01 1.077000000e-01 9.339000000e-01
 Node:         14
  0.1342E+03  0.1198E+03  0.5054E+03 -0.3663E-04
  -5.551E-17
   2.776E-17
   0.0
   5.551E-17
  -9.021E-17
   1.11E-16
  1.672000000e-16
  -4.940000000e-18
  -1.068000000e-16
  2.398787602e-16
  1.848666667e-17
  1.130799320e-16
  1.634000000e-01 -4.472000000e-01 8.794000000e-01
  -6.569000000e-01 -7.144000000e-01 -2.412000000e-01
  -7.361000000e-01 5.382000000e-01 4.105000000e-01
 Node:         15
  0.1330E+03  0.1205E+03  0.5193E+03 -0.3663E-04
   2.22E-16
  -8.327E-17
  -5.551E-17
   1.388E-17
   4.857E-17
   0.0
  2.451000000e-16
  2.471000000e-17
  -1.033000000e-16
  3.052383267e-16
  5.550333333e-17
  1.438907271e-16
  -9.638000000e-01 2.667000000e-01 -1.723000000e-03
  1.157000000e-01 4.239000000e-01 8.983000000e-01
  2.403000000e-01 8.656000000e-01 -4.394000000e-01
 Node:         16
  0.1404E+03  0.1188E+03  0.4918E+03 -0.3663E-04
   2.22E-16
   5.551E-17
   2.22E-16
  -8.327E-17
  -1.457E-16
   4.441E-16
  5.466000000e-16
  1.950000000e-16
  1.465000000e-16
  3.781896482e-16
  2.960333333e-16
  1.782803099e-16
  -2.927000000e-01 -4.328000000e-01 8.526000000e-01
  -9.222000000e-01 -1.077000000e-01 -3.713000000e-01
  -2.526000000e-01 8.950000000e-01 3.676000000e-01
 Node:         17
  0.1365E+03  0.1184E+03  0.5055E+03 -0.3663E-04
  -1.11E-16
   2.776E-17
  -1.11E-16
   9.714E-17
   1.7E-16
   0.0
  1.573000000e-16
  -1.341000000e-16
  -2.452000000e-16
  3.600440390e-16
  -7.400000000e-17
  1.697263877e-16
  3.368000000e-01 5.285000000e-01 7.792000000e-01
  8.927000000e-01 -4.425000000e-01 -8.566000000e-02
  -2.996000000e-01 -7.244000000e-01 6.209000000e-01
 Node:         18
  0.1341E+03  0.1191E+03  0.5192E+03 -0.3663E-04
   0.0
   0.0
   0.0
   2.645E-17
   1.065E-16
   4.441E-16
  4.697000000e-16
  -1.672000000e-33
  -2.562000000e-17
  4.830198634e-16
  1.480266667e-16
  2.276977472e-16
  -5.484000000e-02 -2.207000000e-01 -9.738000000e-01
  9.705000000e-01 -2.411000000e-01 -6.210000000e-17
  -2.348000000e-01 -9.451000000e-01 2.274000000e-01
 Node:         19
  0.1301E+03  0.1291E+03  0.4914E+03  0.0000E+00
   1.11E-16
   0.0
   1.11E-16
   2.101E-19
   1.001E-17
  -2.22E-16
  1.113000000e-16
  1.110000000e-16
  -2.223000000e-16
  3.334501012e-16
  0.000000000e+00
  1.571898852e-16
  -2.096000000e-02 -9.993000000e-01 -3.003000000e-02
  9.998000000e-01 -2.097000000e-02 1.345000000e-19
  6.298000000e-04 3.003000000e-02 -9.995000000e-01
 Node:         20
  0.1299E+03  0.1291E+03  0.5058E+03  0.0000E+00
   2.22E-16
   0.0
   0.0
   1.041E-17
   1.924E-17
  -5.551E-17
  2.224000000e-16
  5.975000000e-18
  -6.188000000e-17
  2.571567616e-16
  5.549833333e-17
  1.212248600e-16
  -9.993000000e-01 -3.257000000e-03 -3.765000000e-02
  1.428000000e-02 -9.549000000e-01 -2.965000000e-01
  -3.498000000e-02 -2.968000000e-01 9.543000000e-01
 Node:         21
  0.1301E+03  0.1280E+03  0.5197E+03  0.0000E+00
   1.11E-16
   0.0
   0.0
   4.163E-17
   1.475E-17
   1.11E-16
  1.534000000e-16
  7.089000000e-17
  -2.220000000e-18
  1.348528023e-16
  7.402333333e-17
  6.357022067e-17
  -6.994000000e-01 -6.840000000e-02 -7.114000000e-01
  -7.126000000e-01 1.429000000e-01 6.869000000e-01
  -5.465000000e-02 -9.874000000e-01 1.487000000e-01
 Node:         22
  0.1360E+03  0.1256E+03  0.4913E+03  0.0000E+00
  -2.22E-16
   1.388E-17
  -1.11E-16
  -1.388E-17
   1.006E-16
   1.11E-16
  1.500000000e-16
  -1.456000000e-16
  -2.264000000e-16
  3.432090908e-16
  -7.400000000e-17
  1.617903170e-16
  -2.144000000e-02 3.586000000e-01 9.332000000e-01
  2.280000000e-01 9.106000000e-01 -3.447000000e-01
  -9.734000000e-01 2.054000000e-01 -1.013000000e-01
 Node:         23
  0.1343E+03  0.1253E+03  0.5054E+03  0.0000E+00
   0.0
   2.082E-17
  -4.441E-16
   0.0
   1.314E-16
  -1.665E-16
  1.265000000e-18
  -1.147000000e-16
  -4.972000000e-16
  4.517861704e-16
  -2.035450000e-16
  2.129740431e-16
  9.970000000e-01 6.061000000e-02 4.746000000e-02
  6.644000000e-02 -3.661000000e-01 -9.282000000e-01
  3.888000000e-02 -9.286000000e-01 3.690000000e-01
 Node:         24
  0.1336E+03  0.1248E+03  0.5194E+03  0.0000E+00
  -2.22E-16
   1.214E-17
   0.0
   1.388E-17
   8.674E-19
  -1.665E-16
  6.779000000e-19
  -1.633000000e-16
  -2.259000000e-16
  2.026635839e-16
  -1.295073667e-16
  9.553652964e-17
  -5.504000000e-02 -9.984000000e-01 -9.747000000e-03
  2.257000000e-01 -2.195000000e-02 9.740000000e-01
  -9.726000000e-01 5.141000000e-02 2.265000000e-01
 Node:         25
  0.1400E+03  0.1206E+03  0.4917E+03  0.0000E+00
   0.0
   2.671E-16
  -1.11E-16
  -8.327E-17
  -1.301E-16
   2.22E-16
  3.681000000e-16
  7.580000000e-17
  -3.329000000e-16
  6.098671905e-16
  3.700000000e-17
  2.874941507e-16
  5.089000000e-01 4.781000000e-01 -7.159000000e-01
  6.086000000e-01 3.883000000e-01 6.920000000e-01
  6.088000000e-01 -7.878000000e-01 -9.334000000e-02
 Node:         26
  0.1363E+03  0.1200E+03  0.5055E+03  0.0000E+00
   2.22E-16
   1.076E-16
  -6.106E-16
   2.776E-17
  -1.124E-15
  -5.551E-17
  8.281000000e-16
  2.248000000e-16
  -1.497000000e-15
  2.089815320e-15
  -1.480333333e-16
  9.851483893e-16
  7.371000000e-02 6.174000000e-01 -7.832000000e-01
  9.955000000e-01 1.018000000e-03 9.449000000e-02
  -5.914000000e-02 7.866000000e-01 6.146000000e-01
 Node:         27
  0.1343E+03  0.1203E+03  0.5192E+03  0.0000E+00
   2.22E-16
  -1.943E-16
   2.22E-16
  -1.041E-16
   1.313E-15
   0.0
  1.466000000e-15
  1.875000000e-16
  -1.209000000e-15
  2.317369144e-15
  1.481666667e-16
  1.092418291e-15
  -1.693000000e-01 7.280000000e-01 6.643000000e-01
  9.848000000e-01 9.849000000e-02 1.431000000e-01
  3.876000000e-02 6.785000000e-01 -7.336000000e-01
 Node:         28
  0.1155E+03  0.1124E+03  0.4931E+03 -0.2165E-03
  -2.22E-16
   3.816E-17
   2.22E-16
  -5.551E-17
   5.551E-17
   1.11E-16
  2.455000000e-16
  1.014000000e-16
  -2.359000000e-16
  4.279497985e-16
  3.700000000e-17
  2.017374697e-16
  3.184000000e-02 9.284000000e-01 3.701000000e-01
  1.988000000e-01 3.571000000e-01 -9.127000000e-01
  9.795000000e-01 -1.026000000e-01 1.732000000e-01
 Node:         29
  0.1119E+03  0.1139E+03  0.5068E+03 -0.2165E-03
  -2.22E-16
  -2.082E-17
   0.0
   5.551E-17
   6.939E-18
  -3.331E-16
  1.944000000e-18
  -2.004000000e-16
  -3.566000000e-16
  3.113642034e-16
  -1.850186667e-16
  1.467784931e-16
  -9.118000000e-02 9.958000000e-01 5.517000000e-03
  -9.179000000e-01 -8.189000000e-02 -3.884000000e-01
  -3.863000000e-01 -4.048000000e-02 9.215000000e-01
 Node:         30
  0.1113E+03  0.1159E+03  0.5206E+03 -0.2165E-03
   2.22E-16
   1.249E-16
   2.22E-16
   0.0
  -2.776E-17
   1.11E-16
  3.486000000e-16
  1.238000000e-16
  8.277000000e-17
  2.478750591e-16
  1.850566667e-16
  1.168494234e-16
  -7.001000000e-01 -7.092000000e-01 8.287000000e-02
  -4.685000000e-01 3.686000000e-01 -8.029000000e-01
  -5.389000000e-01 6.009000000e-01 5.903000000e-01
 Node:         31
  0.1203E+03  0.1126E+03  0.4920E+03 -0.2165E-03
  -5.551E-17
   9.714E-17
  -1.11E-16
   2.776E-17
   4.163E-17
  -5.551E-17
  4.114000000e-17
  -7.661000000e-17
  -1.866000000e-16
  1.972667866e-16
  -7.402333333e-17
  9.299245501e-17
  -6.956000000e-01 -5.654000000e-01 -4.433000000e-01
  4.358000000e-01 1.585000000e-01 -8.860000000e-01
  5.712000000e-01 -8.095000000e-01 1.362000000e-01
 Node:         32
  0.1188E+03  0.1134E+03  0.5062E+03 -0.2165E-03
   2.22E-16
  -1.388E-17
  -1.11E-16
  -2.776E-17
   9.714E-17
  -5.551E-17
  2.266000000e-16
  1.331000000e-17
  -1.844000000e-16
  3.560216764e-16
  1.850333333e-17
  1.678302278e-16
  -9.894000000e-01 7.624000000e-02 1.236000000e-01
  1.445000000e-01 5.992000000e-01 7.875000000e-01
  1.402000000e-02 -7.970000000e-01 6.038000000e-01
 Node:         33
  0.1183E+03  0.1150E+03  0.5201E+03 -0.2165E-03
   1.11E-16
   5.551E-17
   0.0
   8.327E-17
   0.0
   0.0
  1.700000000e-16
  0.000000000e+00
  -5.893000000e-17
  2.058903711e-16
  3.702333333e-17
  9.705765171e-17
  -8.617000000e-01 -2.815000000e-01 -4.222000000e-01
  0.000000000e+00 -8.321000000e-01 5.547000000e-01
  -5.074000000e-01 4.780000000e-01 7.170000000e-01
 Node:         34
  0.1255E+03  0.1129E+03  0.4909E+03 -0.2165E-03
   0.0
   0.0
   0.0
   5.551E-17
   9.714E-17
   0.0
  1.119000000e-16
  3.387000000e-33
  -1.119000000e-16
  1.938164854e-16
  0.000000000e+00
  9.136596741e-17
  -3.508000000e-01 -6.139000000e-01 -7.071000000e-01
  8.682000000e-01 -4.961000000e-01 -4.855000000e-17
  -3.508000000e-01 -6.139000000e-01 7.071000000e-01
 Node:         35
  0.1260E+03  0.1135E+03  0.5054E+03 -0.2165E-03
   0.0
   1.11E-16
  -1.11E-16
   1.11E-16
   2.498E-16
  -1.11E-16
  2.410000000e-16
  -1.023000000e-16
  -3.608000000e-16
  5.228959648e-16
  -7.403333333e-17
  2.464955217e-16
  5.458000000e-01 5.925000000e-01 5.925000000e-01
  8.379000000e-01 -3.859000000e-01 -3.859000000e-01
  -4.975000000e-17 -7.071000000e-01 7.071000000e-01
 Node:         36
  0.1257E+03  0.1153E+03  0.5196E+03 -0.2165E-03
   0.0
  -5.551E-17
   0.0
  -5.551E-17
   8.327E-17
   0.0
  1.305000000e-16
  -4.723000000e-17
  -8.327000000e-17
  1.982226619e-16
  0.000000000e+00
  9.344305895e-17
  -5.155000000e-01 6.059000000e-01 6.059000000e-01
  8.569000000e-01 3.645000000e-01 3.645000000e-01
  -1.256000000e-16 7.071000000e-01 -7.071000000e-01
 Node:         37
  0.1132E+03  0.1210E+03  0.4959E+03 -0.2165E-03
  -2.22E-16
   1.388E-16
  -2.22E-16
  -8.327E-17
   1.804E-16
  -2.776E-16
  -4.482000000e-17
  -1.622000000e-16
  -5.146000000e-16
  4.234720019e-16
  -2.405400000e-16
  1.996266161e-16
  3.971000000e-01 7.887000000e-01 4.693000000e-01
  -7.874000000e-01 3.010000000e-02 6.157000000e-01
  4.715000000e-01 -6.140000000e-01 6.330000000e-01
 Node:         38
  0.1111E+03  0.1204E+03  0.5085E+03 -0.2165E-03
  -1.665E-16
   9.714E-17
   0.0
  -2.776E-17
  -8.327E-17
  -2.22E-16
  7.071000000e-17
  -2.091000000e-16
  -2.502000000e-16
  3.024616291e-16
  -1.295300000e-16
  1.425817793e-16
  -3.916000000e-01 -8.746000000e-01 2.859000000e-01
  9.154000000e-01 -3.389000000e-01 2.170000000e-01
  9.287000000e-02 -3.467000000e-01 -9.334000000e-01
 Node:         39
  0.1119E+03  0.1201E+03  0.5207E+03 -0.2165E-03
  -5.551E-17
  -9.714E-17
  -3.331E-16
  -8.327E-17
  -7.633E-17
  -1.11E-16
  8.934000000e-18
  -1.105000000e-16
  -3.981000000e-16
  3.623913061e-16
  -1.665553333e-16
  1.708329000e-16
  8.510000000e-01 -1.281000000e-01 -5.092000000e-01
  4.076000000e-01 -4.503000000e-01 7.944000000e-01
  -3.311000000e-01 -8.836000000e-01 -3.310000000e-01
 Node:         40
  0.1191E+03  0.1220E+03  0.4937E+03 -0.2165E-03
   0.0
   8.327E-17
  -2.22E-16
   8.327E-17
  -1.388E-17
  -2.22E-16
  4.872000000e-17
  -2.082000000e-16
  -2.846000000e-16
  3.024459198e-16
  -1.480266667e-16
  1.425743739e-16
  -9.240000000e-01 -2.703000000e-01 -2.703000000e-01
  0.000000000e+00 -7.071000000e-01 7.071000000e-01
  3.823000000e-01 -6.534000000e-01 -6.534000000e-01
 Node:         41
  0.1182E+03  0.1217E+03  0.5073E+03 -0.2165E-03
   0.0
  -2.776E-17
  -5.551E-17
   5.551E-17
   9.714E-17
   1.11E-16
  1.653000000e-16
  1.073000000e-17
  -1.206000000e-16
  2.478691830e-16
  1.847666667e-17
  1.168466534e-16
  2.406000000e-01 3.653000000e-01 8.993000000e-01
  -8.901000000e-01 4.526000000e-01 5.428000000e-02
  -3.871000000e-01 -8.135000000e-01 4.340000000e-01
 Node:         42
  0.1187E+03  0.1212E+03  0.5204E+03 -0.2165E-03
   0.0
  -5.551E-17
  -1.11E-16
   0.0
   5.551E-17
   1.11E-16
  1.256000000e-16
  1.887000000e-17
  -1.444000000e-16
  2.355296009e-16
  2.333333333e-20
  1.110297186e-16
  1.113000000e-01 -2.517000000e-01 -9.614000000e-01
  9.295000000e-01 -3.159000000e-01 1.903000000e-01
  -3.516000000e-01 -9.148000000e-01 1.988000000e-01
 Node:         43
  0.1258E+03  0.1217E+03  0.4915E+03 -0.2165E-03
   2.22E-16
   1.11E-16
   1.11E-16
  -1.388E-17
   0.0
  -5.551E-17
  2.911000000e-16
  4.294000000e-17
  -5.645000000e-17
  3.100425456e-16
  9.253000000e-17
  1.461554576e-16
  -8.507000000e-01 -5.246000000e-01 3.406000000e-02
  -5.213000000e-01 8.502000000e-01 7.348000000e-02
  6.751000000e-02 -4.475000000e-02 9.967000000e-01
 Node:         44
  0.1259E+03  0.1220E+03  0.5059E+03 -0.2165E-03
  -2.22E-16
   1.388E-16
  -2.22E-16
   9.714E-17
   1.11E-16
  -1.11E-16
  5.081000000e-17
  -2.445000000e-16
  -3.614000000e-16
  3.679610647e-16
  -1.850300000e-16
  1.734585094e-16
  -5.113000000e-01 -5.340000000e-01 -6.733000000e-01
  -5.198000000e-01 -4.318000000e-01 7.372000000e-01
  -6.844000000e-01 7.269000000e-01 -5.679000000e-02
 Node:         45
  0.1261E+03  0.1221E+03  0.5198E+03 -0.2165E-03
  -5.551E-17
  -8.327E-17
  -2.776E-16
   2.776E-17
  -6.939E-18
   1.11E-16
  1.167000000e-16
  -3.339000000e-17
  -3.053000000e-16
  3.705037491e-16
  -7.399666667e-17
  1.746571423e-16
  1.854000000e-01 -5.643000000e-02 9.810000000e-01
  9.302000000e-01 -3.117000000e-01 -1.938000000e-01
  -3.167000000e-01 -9.485000000e-01 5.308000000e-03
 Node:         46
  0.1117E+03  0.1296E+03  0.4959E+03  0.0000E+00
  -5.551E-17
   2.776E-17
  -1.665E-16
   6.939E-18
  -2.602E-17
   0.0
  4.101000000e-18
  -4.897000000e-17
  -1.772000000e-16
  1.614458370e-16
  -7.402300000e-17
  7.610629740e-17
  4.856000000e-02 -1.429000000e-01 9.886000000e-01
  9.724000000e-01 2.327000000e-01 -1.414000000e-02
  -2.280000000e-01 9.620000000e-01 1.502000000e-01
 Node:         47
  0.1107E+03  0.1269E+03  0.5087E+03  0.0000E+00
  -1.665E-16
  -3.123E-17
   1.11E-16
  -2.776E-17
   3.99E-17
   0.0
  1.289000000e-16
  -1.114000000e-17
  -1.732000000e-16
  2.618578385e-16
  -1.848000000e-17
  1.234409689e-16
  -1.292000000e-01 9.390000000e-01 3.186000000e-01
  -1.008000000e-01 -3.321000000e-01 9.379000000e-01
  -9.865000000e-01 -8.906000000e-02 -1.376000000e-01
 Node:         48
  0.1125E+03  0.1242E+03  0.5208E+03  0.0000E+00
   1.11E-16
   3.469E-18
   1.11E-16
   0.0
  -1.735E-18
   1.11E-16
  1.149000000e-16
  1.110000000e-16
  1.071000000e-16
  6.754998150e-18
  1.110000000e-16
  3.184336666e-18
  -6.325000000e-01 -7.071000000e-01 3.162000000e-01
  4.472000000e-01 -4.455000000e-15 8.944000000e-01
  -6.325000000e-01 7.071000000e-01 3.162000000e-01
 Node:         49
  0.1186E+03  0.1311E+03  0.4938E+03  0.0000E+00
  -1.665E-16
  -2.082E-17
   0.0
  -4.163E-17
  -6.072E-18
  -5.551E-17
  2.581000000e-18
  -4.165000000e-17
  -1.830000000e-16
  1.678935845e-16
  -7.402300000e-17
  7.914579474e-17
  1.174000000e-01 -9.929000000e-01 1.965000000e-02
  -3.135000000e-01 -1.827000000e-02 9.494000000e-01
  -9.423000000e-01 -1.176000000e-01 -3.134000000e-01
 Node:         50
  0.1180E+03  0.1298E+03  0.5075E+03  0.0000E+00
   0.0
  -1.301E-17
   3.331E-16
  -4.163E-17
   1.247E-17
   2.22E-16
  3.354000000e-16
  2.276000000e-16
  -7.879000000e-18
  3.040655121e-16
  1.850403333e-16
  1.433378570e-16
  5.441000000e-02 -9.902000000e-01 -1.289000000e-01
  -1.707000000e-01 -1.364000000e-01 9.758000000e-01
  9.838000000e-01 3.109000000e-02 1.765000000e-01
 Node:         51
  0.1192E+03  0.1275E+03  0.5206E+03  0.0000E+00
   0.0
  -3.469E-18
  -5.551E-17
   0.0
   1.475E-17
   1.11E-16
  1.123000000e-16
  2.087000000e-19
  -5.702000000e-17
  1.491791642e-16
  1.849623333e-17
  7.032373239e-17
  -2.705000000e-03 8.758000000e-02 9.962000000e-01
  9.982000000e-01 -6.004000000e-02 7.989000000e-03
  -6.051000000e-02 -9.943000000e-01 8.725000000e-02
 Node:         52
  0.1262E+03  0.1305E+03  0.4920E+03  0.0000E+00
   1.11E-16
  -1.388E-17
   1.11E-16
   1.301E-18
   4.906E-18
   0.0
  1.250000000e-16
  9.734000000e-17
  -2.497000000e-19
  1.139655924e-16
  7.403010000e-17
  5.372389547e-17
  -7.047000000e-01 7.092000000e-01 2.051000000e-02
  7.093000000e-01 7.034000000e-01 4.493000000e-02
  -1.744000000e-02 -4.621000000e-02 9.988000000e-01
 Node:         53
  0.1258E+03  0.1304E+03  0.5063E+03  0.0000E+00
  -1.665E-16
  -1.735E-18
  -1.11E-16
   2.776E-17
   3.383E-17
  -2.22E-16
  -1.010000000e-16
  -1.572000000e-16
  -2.414000000e-16
  1.223933005e-16
  -1.665333333e-16
  5.769675516e-17
  9.684000000e-02 9.526000000e-01 2.883000000e-01
  -9.346000000e-01 1.866000000e-01 -3.027000000e-01
  -3.422000000e-01 -2.402000000e-01 9.084000000e-01
 Node:         54
  0.1265E+03  0.1288E+03  0.5200E+03  0.0000E+00
  -2.22E-16
   2.082E-17
   1.11E-16
   0.0
  -4.337E-18
   1.11E-16
  1.160000000e-16
  1.073000000e-16
  -2.233000000e-16
  3.350347295e-16
  0.000000000e+00
  1.579368861e-16
  -4.656000000e-02 -7.562000000e-01 6.527000000e-01
  -4.117000000e-02 -6.514000000e-01 -7.576000000e-01
  -9.981000000e-01 6.215000000e-02 8.061000000e-04
 Node:         55
  0.1381E+03  0.1167E+03  0.4529E+03  0.4974E-02
   0.00174
  -0.005315
   0.00558
  -0.001337
   0.00782
  -0.01283
  2.281701056e-02
  2.553897285e-03
  -2.714455857e-02
  4.428902784e-02
  -5.912169097e-04
  2.087804795e-02
  1.913076672e-01 1.823437908e-01 1.183173454e-01
  3.799288788e-01 4.731919256e-01 2.398903972e-02
  -3.122557224e-01 -1.685821921e-01 4.344611714e-01
 Node:         56
  0.1314E+03  0.1156E+03  0.4684E+03  0.4974E-02
   0.005281
  -0.005469
   0.004078
  -0.003348
   0.003675
  -0.006997
  1.958319256e-02
  -6.415830568e-04
  -2.009634289e-02
  3.558820634e-02
  -3.849111279e-04
  1.677644136e-02
  -2.935681292e-01 -9.414338864e-02 7.934481649e-02
  4.069325792e-01 4.316409744e-01 3.718592760e-01
  -1.794697637e-01 -7.341500251e-02 4.948860231e-01
 Node:         57
  0.1285E+03  0.1140E+03  0.4823E+03  0.4974E-02
   0.002024
  -0.001707
   0.001412
  -9.67E-4
   6.889E-4
  -1.921E-4
  5.184801860e-03
  -1.869141086e-04
  -4.023943037e-03
  8.762367733e-03
  3.246482383e-04
  4.130619762e-03
  -4.616970337e-01 -8.022277526e-02 3.251089844e-01
  4.444817496e-01 5.229797989e-01 3.352090166e-01
  -1.285315234e-01 8.006617396e-02 6.531630468e-01
 Node:         58
  0.1479E+03  0.1175E+03  0.4533E+03  0.4974E-02
   8.551E-4
  -0.006676
   0.01158
  -0.001149
   0.005431
  -0.02791
  3.011975666e-02
  -5.946619910e-04
  -3.978176722e-02
  6.254106841e-02
  -3.418890850e-03
  2.948214238e-02
  2.470830065e-01 -3.073447461e-01 -4.926371041e-02
  4.626488245e-01 3.398236300e-01 3.784024937e-01
  -2.622386189e-01 -1.090385923e-01 5.075709854e-01
 Node:         59
  0.1416E+03  0.1165E+03  0.4693E+03  0.4974E-02
   0.01048
  -0.01001
   0.009626
  -0.008591
   0.007615
  -0.00829
  3.708519608e-02
  -2.172973940e-03
  -2.316758472e-02
  5.326695786e-02
  3.914879141e-03
  2.511028474e-02
  -3.530170940e-01 3.200526898e-01 1.257087883e-01
  4.043953243e-01 4.480549789e-01 4.053270367e-01
  -7.897486174e-02 -1.834981096e-01 6.346439859e-01
 Node:         60
  0.1375E+03  0.1150E+03  0.4832E+03  0.4974E-02
   0.005191
  -0.004444
   0.00366
  -0.003983
   0.0028
   0.001362
  1.347242785e-02
  -2.570838180e-04
  -3.868969281e-03
  1.623304487e-02
  3.115458251e-03
  7.652330737e-03
  -4.611028658e-01 6.206688788e-01 1.932961408e-01
  1.170662142e-01 2.757800402e-01 -1.411279316e-01
  -9.706284565e-03 -3.701670940e-02 4.283921770e-01
 Node:         61
  0.1549E+03  0.1216E+03  0.4538E+03  0.4974E-02
   0.0104
  -0.005852
  -6.213E-4
   0.001553
  -0.003711
  -0.01762
  2.621175113e-02
  -6.640708949e-03
  -2.989776269e-02
  4.923754083e-02
  -3.442240171e-03
  2.321079934e-02
  -1.322760684e-01 2.797369532e-01 6.587987431e-02
  5.710433384e-01 6.572830568e-01 -2.758553947e-01
  9.175509804e-02 1.518901745e-01 9.066453997e-01
 Node:         62
  0.1489E+03  0.1200E+03  0.4700E+03  0.4974E-02
   0.01903
  -0.01672
   0.008028
  -0.00931
   0.005416
   0.003558
  4.599910005e-02
  1.326676722e-05
  -1.479474862e-02
  5.508818541e-02
  1.040587273e-02
  2.596881964e-02
  -5.871466063e-01 5.334860231e-01 2.492483912e-01
  4.180462544e-01 2.221428356e-01 9.769550807e-02
  8.664077426e-02 4.983085370e-02 3.126013172e-01
 Node:         63
  0.1436E+03  0.1181E+03  0.4839E+03  0.4974E-02
   0.005339
  -0.007811
   0.008434
  -0.003386
   0.004862
   0.002623
  2.018995827e-02
  2.437155757e-04
  -3.108593665e-03
  2.197561860e-02
  5.775026727e-03
  1.035940596e-02
  -5.459776269e-01 6.774687280e-01 2.159303851e-01
  5.522679739e-02 2.958183811e-01 -4.016761790e-01
  -3.298136551e-01 -4.081355556e-01 3.008903972e-02
 Node:         64
  0.1411E+03  0.1253E+03  0.4527E+03  0.4974E-02
  -0.01319
  -0.005347
   0.01598
  -0.001156
   0.0011
  -0.01073
  2.404904625e-02
  -1.092908170e-02
  -2.039770588e-02
  4.125491149e-02
  -2.425913776e-03
  1.944775178e-02
  -3.422944193e-02 5.352323278e-01 3.823791755e-02
  2.623373555e-02 -6.740849673e-03 5.895877325e-02
  9.211478130e-02 1.315520804e-01 -4.215448969e-02
 Node:         65
  0.1339E+03  0.1229E+03  0.4684E+03  0.4974E-02
   5.342E-4
  -0.00964
   0.01134
  -0.003081
   0.001276
  -0.0067
  2.411148969e-02
  -4.886938663e-03
  -1.369341931e-02
  3.449547599e-02
  1.843710575e-03
  1.626132333e-02
  3.101604927e-01 -7.457822524e-01 -8.154514832e-02
  -3.129019206e-01 -2.442748718e-01 5.351003017e-01
  -3.585987934e-01 -2.192650578e-02 -1.878926697e-01
 Node:         66
  0.1299E+03  0.1214E+03  0.4825E+03  0.4974E-02
   0.003003
  -0.003119
   0.003139
  -0.001125
   8.802E-4
  -2.69E-4
  7.657127200e-03
  -1.992122423e-04
  -1.584827200e-03
  8.746586239e-03
  1.957695919e-03
  4.123180295e-03
  -4.724891956e-01 2.803102061e-01 1.797672951e-01
  5.750174460e-01 5.175835596e-01 6.853398693e-02
  4.570031674e-01 -5.082574158e-03 4.845916038e-01
 Node:         67
  0.1496E+03  0.1242E+03  0.4532E+03  0.4974E-02
  -0.008435
  -0.006068
   0.01461
  -9.681E-4
   0.001681
  -0.02533
  2.248573957e-02
  -6.381409251e-03
  -3.323512569e-02
  4.912194207e-02
  -5.710265125e-03
  2.315630556e-02
  -1.779158371e-01 7.406578683e-01 5.920265460e-02
  5.552225540e-01 8.245002514e-02 2.837442634e-01
  -2.672629457e-01 -5.957048718e-02 4.479757164e-01
 Node:         68
  0.1430E+03  0.1223E+03  0.4692E+03  0.4974E-02
   0.01071
  -0.01256
   0.0133
  -0.007926
   0.003698
  -0.01362
  3.454063348e-02
  1.212402172e-03
  -2.268343590e-02
  5.004960786e-02
  4.356533253e-03
  2.359361141e-02
  -2.335926094e-01 -1.217310206e-02 3.595977878e-02
  2.060697335e-01 2.580517345e-01 3.238256913e-01
  -6.453795877e-02 -5.249490508e-02 4.577553243e-01
 Node:         69
  0.1379E+03  0.1205E+03  0.4831E+03  0.4974E-02
   0.006527
  -0.005051
   0.004216
  -0.003499
   0.002226
  -8.723E-6
  1.422843891e-02
  2.125410407e-04
  -2.626218753e-03
  1.567568302e-02
  3.938253734e-03
  7.389587840e-03
  -6.203375063e-01 6.891175465e-01 2.303799070e-01
  4.053932624e-01 5.358170437e-01 1.989288185e-01
  5.112253896e-01 8.495010558e-02 4.703663047e-01
 Node:         70
  0.1552E+03  0.1237E+03  0.4538E+03  0.4974E-02
  -0.003211
  -0.007777
   0.00722
  -0.005389
   0.004078
  -0.02998
  2.218564806e-02
  -5.178999093e-03
  -4.050303922e-02
  5.524145290e-02
  -7.832130081e-03
  2.604107063e-02
  -8.153479135e-02 8.763328306e-02 2.207029311e-01
  1.639347964e-01 -2.723128708e-01 1.772085621e-01
  8.779828054e-02 2.675016088e-02 3.082298140e-01
 Node:         71
  0.1491E+03  0.1219E+03  0.4700E+03  0.4974E-02
   0.01984
  -0.01211
   0.009949
  -0.01568
   0.00715
  -0.01051
  4.443508547e-02
  3.755863901e-03
  -2.458907240e-02
  6.033599709e-02
  7.867292324e-03
  2.844266180e-02
  -6.287844646e-01 4.755041730e-01 3.466875314e-01
  1.848429311e-01 5.520346908e-02 2.181726596e-01
  4.799417295e-01 9.700707893e-02 5.933697838e-01
 Node:         72
  0.1435E+03  0.1199E+03  0.4838E+03  0.4974E-02
   0.01048
  -0.005676
   0.003484
  -0.006316
   0.003049
   0.001221
  1.991779839e-02
  4.328677225e-04
  -3.399618904e-03
  2.170298340e-02
  5.650349070e-03
  1.023088449e-02
  -7.183894922e-01 5.510826546e-01 3.460460030e-01
  2.751970523e-01 4.456908999e-01 2.989273208e-01
  3.719795877e-01 1.345699206e-01 2.335991755e-01
 Node:         73
  0.1441E+03  0.1339E+03  0.4525E+03  0.0000E+00
   0.01283
  -4.925E-4
  -0.01204
  -0.00201
   0.001459
   0.003675
  1.850991503e-02
  4.172294630e-03
  -1.673322876e-02
  3.129605822e-02
  1.982993635e-03
  1.475310333e-02
  -3.053790850e-01 -2.439008296e-02 3.157225038e-01
  -6.510094017e-02 -4.939530669e-02 5.144896933e-03
  -4.482939568e-02 4.908833585e-02 -7.352359075e-02
 Node:         74
  0.1365E+03  0.1303E+03  0.4683E+03  0.0000E+00
   0.02319
   0.006637
  -0.002681
   0.001786
   0.002399
   0.00695
  3.065207642e-02
  9.386588738e-03
  -8.311015586e-03
  3.440705420e-02
  1.057588319e-02
  1.621964090e-02
  -4.632510809e-01 -2.309249271e-01 -4.213092006e-02
  -1.960222826e-01 5.734194570e-02 9.650537959e-01
  -1.995477295e-01 4.372084465e-01 -1.746344444e-01
 Node:         75
  0.1313E+03  0.1288E+03  0.4826E+03  0.0000E+00
   0.01019
   0.002739
   3.977E-4
   6.327E-4
   3.27E-4
   8.462E-4
  1.291539065e-02
  9.598453494e-04
  -1.341247562e-03
  1.336956729e-02
  4.177996145e-03
  6.302474464e-03
  -9.486498240e-01 -7.602003017e-02 2.936302866e-02
  -3.976365913e-02 -8.923389542e-02 9.553731021e-01
  -4.311726496e-02 9.220717446e-01 5.206535948e-02
 Node:         76
  0.1514E+03  0.1308E+03  0.4531E+03  0.0000E+00
   0.0102
  -0.001849
  -0.01299
  -0.002649
   0.001076
   0.00191
  1.939875163e-02
  1.773720332e-03
  -1.957806988e-02
  3.504762628e-02
  5.314673605e-04
  1.652160947e-02
  -4.467187079e-01 4.160209653e-02 2.693387632e-01
  4.549008547e-01 -7.950173454e-02 4.689951232e-01
  5.800713927e-03 -3.354178482e-01 -3.597759175e-02
 Node:         77
  0.1444E+03  0.1280E+03  0.4691E+03  0.0000E+00
   0.02844
   0.006753
  -0.003346
   0.001873
   0.00198
   0.00391
  3.700846908e-02
  6.358537456e-03
  -8.609528909e-03
  4.143656719e-02
  1.158582588e-02
  1.953338510e-02
  -9.729138763e-01 -1.139054942e-01 9.348417798e-03
  -7.350246355e-03 1.430496129e-01 9.770641026e-01
  -1.419849844e-01 5.178274007e-01 -8.878391151e-02
 Node:         78
  0.1384E+03  0.1261E+03  0.4829E+03  0.0000E+00
   0.0124
   0.003805
   5.429E-4
   0.001015
   5.252E-4
   5.768E-4
  1.638830216e-02
  4.371879336e-04
  -1.009159729e-03
  1.672507520e-02
  5.272110122e-03
  7.884276059e-03
  -9.620379085e-01 -1.858622001e-01 -6.371131222e-04
  -4.252369985e-02 7.727556561e-03 8.908462544e-01
  -2.102945631e-01 4.769916541e-01 -1.888423630e-01
 Node:         79
  0.1554E+03  0.1257E+03  0.4538E+03  0.0000E+00
   0.005924
  -2.784E-4
  -0.02801
  -0.006124
   6.234E-4
  -0.01159
  1.906028859e-02
  -1.019060734e-02
  -5.222776772e-02
  6.292347258e-02
  -1.445269549e-02
  2.966240944e-02
  7.828908497e-01 2.776260332e-01 -2.419036229e-01
  6.723445953e-02 1.125488170e-01 3.439898592e-01
  -6.007691755e-02 -4.162362323e-01 3.472793218e-01
 Node:         80
  0.1493E+03  0.1238E+03  0.4700E+03  0.0000E+00
   0.03347
   0.003543
  -0.01757
   0.004347
   0.001855
  -0.005551
  4.349478130e-02
  -5.909715435e-04
  -3.757639165e-02
  7.223846326e-02
  1.775806033e-03
  3.405353816e-02
  -3.476082956e-01 1.163924887e-01 -8.393495726e-02
  -2.552369030e-01 5.030131021e-01 5.068038929e-01
  1.618145802e-03 -5.137302559e-01 5.467776370e-01
 Node:         81
  0.1433E+03  0.1217E+03  0.4837E+03  0.0000E+00
   0.01454
   0.00319
  -0.001491
   0.004182
   0.001217
   7.114E-4
  1.958222021e-02
  -1.059428205e-04
  -4.768296631e-03
  2.264960006e-02
  4.902660253e-03
  1.067712386e-02
  -9.512600804e-01 -1.901987431e-01 -1.581708919e-01
  -2.795865259e-01 5.232450478e-01 5.409514247e-01
  8.517625440e-02 -5.616396204e-01 5.590541981e-01
 Node:         82
  0.1267E+03  0.1148E+03  0.4559E+03  0.6575E-02
   0.006616
  -0.005448
  -0.001311
  -0.001676
   4.737E-4
  -0.002977
  1.470860583e-02
  -2.904216440e-03
  -9.269005530e-03
  2.170833638e-02
  8.451279537e-04
  1.023340791e-02
  -5.649445088e-01 5.839530920e-01 2.798689794e-01
  -1.183208547e-01 -7.497455003e-02 1.613345902e-01
  3.004179487e-01 2.808376571e-01 2.927910005e-01
 Node:         83
  0.1234E+03  0.1129E+03  0.4718E+03  0.6575E-02
   0.001114
  -0.003843
  -0.001513
  -0.002459
   7.413E-4
   1.342E-4
  9.409479336e-03
  -7.327209653e-04
  -1.311011765e-02
  2.013012361e-02
  -1.477786425e-03
  9.489431276e-03
  -3.010465158e-01 5.764583710e-01 4.269300804e-01
  -1.250891905e-01 -8.219631976e-02 2.946003017e-02
  -1.816043238e-02 3.422275666e-01 4.056101056e-01
 Node:         84
  0.1187E+03  0.1123E+03  0.4849E+03  0.6575E-02
   4.378E-5
  -3.237E-4
  -1.645E-4
  -5.447E-4
   2.962E-5
   6.296E-4
  2.607658512e-03
  6.536322775e-06
  -4.456215385e-03
  6.722842680e-03
  -6.140068500e-04
  3.169178432e-03
  -5.473404726e-01 -5.701206637e-02 2.715117647e-01
  5.823624937e-02 2.658350930e-02 2.921407743e-02
  -2.144912016e-02 -2.146200402e-01 -5.204737557e-01
 Node:         85
  0.1302E+03  0.1161E+03  0.4547E+03  0.6575E-02
   0.007124
  -0.006083
  -8.401E-4
  -0.001549
   5.338E-4
  -0.005054
  1.788071694e-02
  -3.660846104e-03
  -1.181737858e-02
  2.671647024e-02
  8.008307525e-04
  1.259426485e-02
  -5.412700553e-01 5.487134238e-01 2.843011362e-01
  9.931362494e-02 5.131768829e-01 -3.439959779e-01
  9.845630970e-02 2.110178984e-01 4.253671192e-01
 Node:         86
  0.1252E+03  0.1138E+03  0.4701E+03  0.6575E-02
  -0.00539
  -0.003331
   0.01062
  -0.005883
   0.002695
  -0.001051
  2.343811262e-02
  4.777495686e-03
  -2.170294671e-02
  3.975117791e-02
  2.170887200e-03
  1.873888497e-02
  -1.402623580e-01 -3.296605832e-01 -1.848059829e-01
  8.331689291e-02 -2.610706888e-01 2.664950226e-01
  7.361649573e-01 8.884321166e-02 -2.879738562e-03
 Node:         87
  0.1217E+03  0.1126E+03  0.4833E+03  0.6575E-02
   5.084E-4
  -2.786E-4
  -3.729E-5
  -0.001064
   1.143E-4
   0.001006
  3.709607240e-03
  -5.809166415e-05
  -4.681369784e-03
  8.122912257e-03
  -3.432847360e-04
  3.829177560e-03
  -5.140267974e-01 4.081966114e-01 1.920416772e-01
  3.929832579e-01 -1.721313725e-01 3.493595777e-01
  6.701401207e-01 1.286552589e-01 -1.058620412e-01
 Node:         88
  0.1338E+03  0.1169E+03  0.4530E+03  0.6575E-02
   0.001462
  -0.006552
   0.001266
  -0.001553
   0.0035
  -6.879E-4
  1.869829965e-02
  -2.833190548e-03
  -1.294201609e-02
  2.851657028e-02
  9.743643372e-04
  1.344284015e-02
  -4.453005440e-01 5.968218703e-01 4.724982906e-01
  9.130819507e-03 4.079930820e-01 -3.011271996e-01
  3.370662645e-01 7.364338864e-02 1.962384113e-01
 Node:         89
  0.1270E+03  0.1150E+03  0.4684E+03  0.6575E-02
   0.004258
  -0.004619
   5.423E-4
  -0.003317
   0.001092
  -4.356E-5
  1.461489542e-02
  -9.720373555e-04
  -1.393684615e-02
  2.593111892e-02
  -9.799602815e-05
  1.222404669e-02
  -3.997398140e-01 5.251000503e-01 3.718443439e-01
  -3.240060332e-02 -1.675427350e-01 1.893393665e-01
  -1.791608346e-01 3.060774178e-01 4.309883057e-01
 Node:         90
  0.1248E+03  0.1132E+03  0.4822E+03  0.6575E-02
   0.001323
  -0.001091
   5.639E-4
  -7.648E-4
   4.018E-4
   3.049E-4
  3.609259025e-03
  -6.777052288e-05
  -3.739170739e-03
  7.117516804e-03
  -6.589407910e-05
  3.355229598e-03
  -2.507173303e-01 4.303593263e-01 2.382365460e-01
  1.993299849e-01 -2.640855304e-01 7.660101056e-01
  -7.839934641e-02 5.430723982e-01 3.863620412e-01
 Node:         91
  0.1258E+03  0.1260E+03  0.4547E+03  0.6575E-02
  -0.01323
  -0.007957
   0.01216
  -0.003784
   0.001919
  -0.003873
  2.287966114e-02
  -3.917825540e-03
  -2.143818904e-02
  3.870673908e-02
  -8.254511480e-04
  1.824653179e-02
  -1.845133585e-01 8.708235294e-02 -5.664863248e-02
  -2.360120664e-01 -2.126594268e-01 8.718641528e-01
  -5.180730015e-01 -2.730829563e-02 -1.558408748e-01
 Node:         92
  0.1208E+03  0.1232E+03  0.4725E+03  0.6575E-02
   8.068E-4
  -0.006195
   0.001147
  -0.005027
   0.001056
   2.346E-4
  1.597670287e-02
  -1.284765711e-04
  -1.286378431e-02
  2.508218689e-02
  9.948139936e-04
  1.182385629e-02
  -4.594115822e-01 1.059384113e-01 1.138599296e-01
  1.415280543e-02 -5.063273002e-01 6.555924585e-01
  6.540196078e-02 3.408370482e-01 3.105638210e-01
 Node:         93
  0.1159E+03  0.1217E+03  0.4877E+03  0.6575E-02
   0.00167
  -3.368E-5
  -3.268E-4
  -0.002299
  -7.801E-4
   0.001571
  5.150229764e-03
  1.595645551e-05
  -2.918087330e-03
  7.243425135e-03
  7.493662963e-04
  3.414583355e-03
  -3.976912006e-01 1.450993866e-01 5.954550025e-01
  1.174638260e-01 -2.893843640e-01 7.547903469e-02
  -2.756576672e-01 -3.279760181e-01 -5.702016088e-02
 Node:         94
  0.1312E+03  0.1262E+03  0.4538E+03  0.6575E-02
  -0.01669
  -0.00792
   0.01428
  -0.003244
   8.432E-4
  -0.005305
  2.467968979e-02
  -3.294646657e-03
  -2.491219306e-02
  4.328597737e-02
  -1.175716642e-03
  2.040520542e-02
  -1.041808773e-01 7.291730518e-01 1.302697360e-01
  -1.658657617e-02 3.914320261e-02 3.378257919e-01
  -2.324251885e-01 -2.399776692e-01 -3.667335344e-02
 Node:         95
  0.1249E+03  0.1234E+03  0.4705E+03  0.6575E-02
   0.003313
  -0.005733
   0.005181
  -0.005905
   0.001065
  -0.00469
  1.897559829e-02
  2.687518467e-03
  -1.645716239e-02
  3.122722955e-02
