 Group name: gastroc_stress
 #Fields=  16
 1) coordinates, coordinate, rectangular cartesian, #Components=3
   x.  Value index= 1, #Derivatives=0
   y.  Value index= 2, #Derivatives=0
   z.  Value index= 3, #Derivatives=0
 2) Tensor_1, field, rectangular cartesian, #Components=1
   Tensor_1.  Value index= 4, #Derivatives=0
 3) Tensor_2, field, rectangular cartesian, #Components=1
   Tensor_2.  Value index= 5, #Derivatives=0
 4) Tensor_3, field, rectangular cartesian, #Components=1
   Tensor_3.  Value index= 6, #Derivatives=0
 5) Tensor_4, field, rectangular cartesian, #Components=1
   Tensor_4.  Value index= 7, #Derivatives=0
 6) Tensor_5, field, rectangular cartesian, #Components=1
   Tensor_5.  Value index= 8, #Derivatives=0
 7) Tensor_6, field, rectangular cartesian, #Components=1
   Tensor_6.  Value index= 9, #Derivatives=0
 8) Principal_1, field, rectangular cartesian, #Components=1
   Principal_1.  Value index= 10, #Derivatives=0
 9) Principal_2, field, rectangular cartesian, #Components=1
   Principal_2.  Value index= 11, #Derivatives=0
 10) Principal_3, field, rectangular cartesian, #Components=1
   Principal_3.  Value index= 12, #Derivatives=0
 11) VonMises, field, rectangular cartesian, #Components=1
   VonMises.  Value index= 13, #Derivatives=0
 12) Hydrostatic, field, rectangular cartesian, #Components=1
   VonMises.  Value index= 14, #Derivatives=0
 13) Octahedral, field, rectangular cartesian, #Components=1
   VonMises.  Value index= 15, #Derivatives=0
 14) PrincipalVector1, field, rectangular cartesian, #Components=3
   x.  Value index= 16, #Derivatives=0
   y.  Value index= 17, #Derivatives=0
   z.  Value index= 18, #Derivatives=0
 15) PrincipalVector2, field, rectangular cartesian, #Components=3
   x.  Value index= 19, #Derivatives=0
   y.  Value index= 20, #Derivatives=0
   z.  Value index= 21, #Derivatives=0
 16) PrincipalVector3, field, rectangular cartesian, #Components=3
   x.  Value index= 22, #Derivatives=0
   y.  Value index= 23, #Derivatives=0
   z.  Value index= 24, #Derivatives=0
 Node:          1
  0.1287E+03  0.1133E+03  0.4908E+03 -0.3663E-04
  -7.325E-5
  -1.439E-16
  -7.325E-5
  -4.798E-17
  -7.196E-17
  -7.325E-5
   -7.325E-5
   -7.325E-5
   -7.325E-5
   0.0
   -7.325E-5
   0.0
   0.966    -0.2572    -0.02713
   0.2489    0.9532    -0.1718
   0.07003    0.1592    0.9848
 Node:          2
  0.1292E+03  0.1137E+03  0.5052E+03 -0.3663E-04
  -7.325E-5
  -1.919E-16
  -7.325E-5
  -9.595E-17
   3.358E-16
  -7.325E-5
   -7.325E-5
   -7.325E-5
   -7.325E-5
   0.0
   -7.325E-5
   0.0
   0.895    -0.3984    -0.2008
   0.4462    0.7982    0.4047
   -9.547E-4    -0.4518    0.8921
 Node:          3
  0.1289E+03  0.1155E+03  0.5194E+03 -0.3663E-04
  -7.325E-5
   2.399E-16
  -7.325E-5
   1.919E-16
   9.595E-17
  -7.325E-5
   -7.325E-5
   -7.325E-5
   -7.325E-5
   0.0
   -7.325E-5
   0.0
   -0.4091    -0.8757    -0.2565
   0.496    -0.4494    0.743
   0.7659    -0.1767    -0.6182
 Node:          4
  0.1361E+03  0.1141E+03  0.4915E+03 -0.3663E-04
  -7.325E-5
  -4.798E-17
  -7.325E-5
  -4.798E-17
  -1.439E-16
  -7.325E-5
   -7.325E-5
   -7.325E-5
   -7.325E-5
   0.0
   -7.325E-5
   0.0
   -0.04307    -0.0943    0.9946
   -0.9939    0.1055    -0.03303
   -0.1018    -0.9899    -0.09827
 Node:          5
  0.1341E+03  0.1144E+03  0.5054E+03 -0.3663E-04
  -7.325E-5
   2.399E-16
  -7.325E-5
   9.595E-17
  -1.199E-16
  -7.325E-5
   -7.325E-5
   -7.325E-5
   -7.325E-5
   0.0
   -7.325E-5
   0.0
   0.09701    -0.1794    0.979
   0.7185    0.6933    0.05582
   -0.6888    0.698    0.1961
 Node:          6
  0.1323E+03  0.1162E+03  0.5191E+03 -0.3663E-04
  -7.325E-5
   9.595E-17
  -7.325E-5
  -9.595E-17
  -4.798E-17
  -7.325E-5
   -7.325E-5
   -7.325E-5
   -7.325E-5
   0.0
   -7.325E-5
   0.0
   -0.715    -0.6929    0.09322
   0.693    -0.72    -0.03579
   0.09192    0.03901    0.995
 Node:          7
  0.1408E+03  0.1171E+03  0.4920E+03 -0.3663E-04
  -7.325E-5
   3.838E-16
  -7.325E-5
  -1.439E-16
  -1.919E-16
  -7.325E-5
   -7.325E-5
   -7.325E-5
   -7.325E-5
   0.0
   -7.325E-5
   0.0
   0.8642    0.487    -0.1268
   -0.5006    0.8577    -0.1173
   0.05166    0.1648    0.985
 Node:          8
  0.1367E+03  0.1169E+03  0.5055E+03 -0.3663E-04
  -7.325E-5
   3.358E-16
  -7.325E-5
  -6.957E-16
  -4.078E-16
  -7.325E-5
   -7.325E-5
   -7.325E-5
   -7.325E-5
   0.0
   -7.325E-5
   0.0
   -0.7207    -0.6267    0.2964
   0.6357    -0.768    -0.07815
   0.2766    0.1321    0.9519
 Node:          9
  0.1339E+03  0.1180E+03  0.5191E+03 -0.3663E-04
  -7.325E-5
   2.879E-16
  -7.325E-5
  -6.837E-16
  -4.798E-16
  -7.325E-5
   -7.325E-5
   -7.325E-5
   -7.325E-5
   0.0
   -7.325E-5
   0.0
   0.3024    0.1643    -0.9389
   0.9345    0.1428    0.326
   -0.1877    0.976    0.1104
 Node:         10
  0.1294E+03  0.1212E+03  0.4911E+03 -0.3663E-04
  -7.325E-5
   4.798E-17
  -7.325E-5
  -2.399E-17
   2.159E-16
  -7.325E-5
   -7.325E-5
   -7.325E-5
   -7.325E-5
   0.0
   -7.325E-5
   0.0
   0.02408    0.709    0.7048
   0.1744    0.6912    -0.7013
   -0.9844    0.1398    -0.107
 Node:         11
  0.1295E+03  0.1214E+03  0.5055E+03 -0.3663E-04
  -7.325E-5
  -4.798E-17
  -7.325E-5
  -7.196E-17
   2.399E-17
  -7.325E-5
   -7.325E-5
   -7.325E-5
   -7.325E-5
   0.0
   -7.325E-5
   0.0
   -0.2763    0.1331    0.9518
   -0.5867    0.7611    -0.2768
   0.7612    0.6349    0.1322
 Node:         12
  0.1295E+03  0.1217E+03  0.5196E+03 -0.3663E-04
  -7.325E-5
  -6.207E-37
  -7.325E-5
   1.319E-16
   4.798E-17
  -7.325E-5
   -7.325E-5
   -7.325E-5
   -7.325E-5
   0.0
   -7.325E-5
   0.0
   -0.2404    -0.08744    -0.9667
   -0.3418    0.9398    2.162E-6
   0.9085    0.3305    -0.2558
 Node:         13
  0.1361E+03  0.1199E+03  0.4914E+03 -0.3663E-04
  -7.325E-5
  -2.399E-16
  -7.325E-5
  -1.679E-16
   4.798E-17
  -7.325E-5
   -7.325E-5
   -7.325E-5
   -7.325E-5
   0.0
   -7.325E-5
   0.0
   0.9203    -0.37    -0.1273
   0.3696    0.9288    -0.02724
   0.1283    -0.02198    0.9915
 Node:         14
  0.1342E+03  0.1198E+03  0.5054E+03 -0.3663E-04
  -7.325E-5
   4.798E-17
  -7.325E-5
   9.595E-17
  -1.559E-16
  -7.325E-5
   -7.325E-5
   -7.325E-5
   -7.325E-5
   0.0
   -7.325E-5
   0.0
   0.09996    -0.2649    0.9591
   -0.2953    -0.9284    -0.2256
   -0.9502    0.2607    0.171
 Node:         15
  0.1330E+03  0.1205E+03  0.5193E+03 -0.3663E-04
  -7.325E-5
  -1.439E-16
  -7.325E-5
   2.399E-17
   8.396E-17
  -7.325E-5
   -7.325E-5
   -7.325E-5
   -7.325E-5
   0.0
   -7.325E-5
   0.0
   0.9934    -0.1134    0.01425
   -0.01886    -0.2856    -0.9582
   0.1127    0.9516    -0.2859
 Node:         16
  0.1404E+03  0.1188E+03  0.4918E+03 -0.3663E-04
  -7.325E-5
   9.595E-17
  -7.325E-5
  -1.439E-16
  -2.519E-16
  -7.325E-5
   -7.325E-5
   -7.325E-5
   -7.325E-5
   0.0
   -7.325E-5
   0.0
   -0.1502    -0.2388    0.9594
   -0.794    -0.549    -0.2609
   0.589    -0.801    -0.1072
 Node:         17
  0.1365E+03  0.1184E+03  0.5055E+03 -0.3663E-04
  -7.325E-5
   4.798E-17
  -7.325E-5
   1.679E-16
   2.939E-16
  -7.325E-5
   -7.325E-5
   -7.325E-5
   -7.325E-5
   0.0
   -7.325E-5
   0.0
   0.2481    0.4018    0.8815
   0.9357    -0.3351    -0.1106
   -0.251    -0.8522    0.4591
 Node:         18
  0.1341E+03  0.1191E+03  0.5192E+03 -0.3663E-04
  -7.325E-5
  -8.253E-37
  -7.325E-5
   4.573E-17
   1.84E-16
  -7.325E-5
   -7.325E-5
   -7.325E-5
   -7.325E-5
   0.0
   -7.325E-5
   0.0
   0.02288    0.09202    0.9955
   0.9713    -0.238    -3.228E-4
   -0.2369    -0.9669    0.09482
 Node:         19
  0.1301E+03  0.1291E+03  0.4914E+03  0.0000E+00
   4.934E-16
   0.0
   4.934E-16
   3.631E-19
   1.731E-17
  -9.869E-16
   4.936E-16
   4.934E-16
   -9.871E-16
   1.4806000101310279E-15
   -3.3333333333314155E-20
   6.979615382590138E-16
   -0.02097    -0.9997    -0.01169
   -0.9998    0.02097    -8.123E-17
   2.452E-4    0.01169    -0.9999
 Node:         20
  0.1299E+03  0.1291E+03  0.5058E+03  0.0000E+00
   9.869E-16
   0.0
   0.0
   1.799E-17
   3.326E-17
  -2.467E-16
   9.871E-16
   4.4E-18
   -2.514E-16
   1.1324785163525177E-15
   2.467E-16
   5.338554923072971E-16
   -0.9999    -4.917E-4    -0.01459
   0.002401    -0.9914    -0.1311
   -0.0144    -0.1312    0.9913
 Node:         21
  0.1301E+03  0.1280E+03  0.5197E+03  0.0000E+00
   4.934E-16
   0.0
   0.0
   7.196E-17
   2.549E-17
   4.934E-16
   5.66E-16
   4.222E-16
   -1.341E-18
   5.108528305500519E-16
   3.28953E-16
   2.408183337801893E-16
   -0.7039    -0.03195    -0.7096
   -0.7102    0.04241    0.7027
   -0.007642    -0.9986    0.05255
 Node:         22
  0.1360E+03  0.1256E+03  0.4913E+03  0.0000E+00
  -9.869E-16
   2.399E-17
  -4.934E-16
  -2.399E-17
   1.739E-16
   4.934E-16
   5.234E-16
   -5.215E-16
   -9.888E-16
   1.3410693755358072E-15
   -3.2896666666666662E-16
   6.321861663219854E-16
   -0.01298    0.1683    0.9857
   0.05935    0.9841    -0.1672
   -0.9982    0.05633    -0.02276
 Node:         23
  0.1343E+03  0.1253E+03  0.5054E+03  0.0000E+00
   0.0
   3.598E-17
  -1.974E-15
   0.0
   2.271E-16
  -7.401E-16
   6.796E-19
   -6.997E-16
   -2.015E-15
   1.7724996366646057E-15
   -9.046734666666666E-16
   8.355643418241562E-16
   0.9998    0.01889    0.00579
   -0.009011    0.1753    0.9845
   0.01758    -0.9843    0.1754
 Node:         24
  0.1336E+03  0.1248E+03  0.5194E+03  0.0000E+00
  -9.869E-16
   2.099E-17
   0.0
   2.399E-17
   1.499E-18
  -7.401E-16
   4.516E-19
   -7.379E-16
   -9.896E-16
   8.912682384908372E-16
   -5.756827999999999E-16
   4.2014787686204007E-16
   -0.02132    -0.9998    -0.002714
   0.09549    -0.004739    0.9954
   -0.9952    0.02096    0.09557
 Node:         25
  0.1400E+03  0.1206E+03  0.4917E+03  0.0000E+00
   0.0
   4.617E-16
  -4.934E-16
  -1.439E-16
  -2.249E-16
   9.869E-16
   1.067E-15
   2.05E-16
   -7.785E-16
   1.5994040296310373E-15
   1.6449999999999999E-16
   7.539662901394642E-16
   -0.2161    -0.2016    0.9553
   0.839    0.4621    0.2874
   -0.4994    0.8636    0.06929
 Node:         26
  0.1363E+03  0.1200E+03  0.5055E+03  0.0000E+00
   9.869E-16
   1.859E-16
  -2.714E-15
   4.797E-17
  -1.943E-15
  -2.467E-16
   1.006E-15
   8.09E-16
   -3.789E-15
   4.699597748744035E-15
   -6.579999999999999E-16
   2.215411624657293E-15
   0.968    0.1526    -0.1995
   0.2481    -0.4578    0.8538
   -0.03892    0.8759    0.4809
 Node:         27
  0.1343E+03  0.1203E+03  0.5192E+03  0.0000E+00
   9.869E-16
  -3.358E-16
   9.869E-16
  -1.799E-16
   2.27E-15
   0.0
   2.89E-15
   9.15E-16
   -1.831E-15
   4.1066398673367985E-15
   6.58E-16
   1.9358885987232494E-15
   -0.1931    0.7658    0.6135
   0.9808    0.1345    0.1409
   0.02534    0.6289    -0.7771
 Node:         28
  0.1155E+03  0.1124E+03  0.4931E+03 -0.2164E-03
  -4.329E-4
   6.6E-17
  -4.329E-4
  -9.599E-17
   9.599E-17
  -4.329E-4
   -4.329E-4
   -4.329E-4
   -4.329E-4
   0.0
   -4.329E-4
   0.0
   0.02396    0.9834    0.1797
   0.07205    0.1776    -0.9815
   -0.9971    0.03646    -0.0666
 Node:         29
  0.1119E+03  0.1139E+03  0.5068E+03 -0.2164E-03
  -4.329E-4
  -3.6E-17
  -4.329E-4
   9.599E-17
   1.2E-17
  -4.329E-4
   -4.329E-4
   -4.329E-4
   -4.329E-4
   0.0
   -4.329E-4
   0.0
   -0.03581    0.9993    0.005692
   -0.982    -0.03413    -0.1856
   -0.1852    -0.01224    0.9826
 Node:         30
  0.1113E+03  0.1159E+03  0.5206E+03 -0.2164E-03
  -4.329E-4
   2.16E-16
  -4.329E-4
   6.003E-36
  -4.8E-17
  -4.329E-4
   -4.329E-4
   -4.329E-4
   -4.329E-4
   0.0
   -4.329E-4
   0.0
   0.704    0.7086    -0.04776
   -0.7084    0.6958    -0.1189
   -0.05099    0.1175    0.9918
 Node:         31
  0.1203E+03  0.1126E+03  0.4920E+03 -0.2164E-03
  -4.329E-4
   1.68E-16
  -4.329E-4
   4.8E-17
   7.199E-17
  -4.329E-4
   -4.329E-4
   -4.329E-4
   -4.329E-4
   0.0
   -4.329E-4
   0.0
   -0.7438    -0.4291    -0.5125
   0.5144    0.1221    -0.8488
   0.4268    -0.895    0.1299
 Node:         32
  0.1188E+03  0.1134E+03  0.5062E+03 -0.2164E-03
  -4.329E-4
  -2.4E-17
  -4.329E-4
  -4.8E-17
   1.68E-16
  -4.329E-4
   -4.329E-4
   -4.329E-4
   -4.329E-4
   0.0
   -4.329E-4
   0.0
   0.9989    -0.02092    -0.04168
   0.04663    0.4513    0.8912
   1.616E-4    -0.8921    0.4518
 Node:         33
  0.1183E+03  0.1150E+03  0.5201E+03 -0.2164E-03
  -4.329E-4
   9.599E-17
  -4.329E-4
   1.44E-16
  -8.004E-36
  -4.329E-4
   -4.329E-4
   -4.329E-4
   -4.329E-4
   0.0
   -4.329E-4
   0.0
   0.9536    0.1668    0.2505
   0.001701    0.8295    -0.5586
   -0.301    0.5331    0.7907
 Node:         34
  0.1255E+03  0.1129E+03  0.4909E+03 -0.2164E-03
  -4.329E-4
  -9.338E-36
  -4.329E-4
   9.599E-17
   1.68E-16
  -4.329E-4
   -4.329E-4
   -4.329E-4
   -4.329E-4
   0.0
   -4.329E-4
   0.0
   0.3512    0.6139    0.707
   0.8682    -0.4962    -3.973E-4
   -0.3506    -0.614    0.7072
 Node:         35
  0.1260E+03  0.1135E+03  0.5054E+03 -0.2164E-03
  -4.329E-4
   1.92E-16
  -4.329E-4
   1.92E-16
   4.32E-16
  -4.329E-4
   -4.329E-4
   -4.329E-4
   -4.329E-4
   0.0
   -4.329E-4
   0.0
   0.746    0.4709    0.4709
   -0.666    0.5274    0.5276
   8.099E-5    -0.7072    0.707
 Node:         36
  0.1257E+03  0.1153E+03  0.5196E+03 -0.2164E-03
  -4.329E-4
  -9.599E-17
  -4.329E-4
  -9.599E-17
   1.44E-16
  -4.329E-4
   -4.329E-4
   -4.329E-4
   -4.329E-4
   0.0
   -4.329E-4
   0.0
   -0.5156    0.6059    0.6058
   0.8568    0.3639    0.3653
   -8.511E-4    -0.7074    0.7068
 Node:         37
  0.1132E+03  0.1210E+03  0.4959E+03 -0.2164E-03
  -4.329E-4
   2.4E-16
  -4.329E-4
  -1.44E-16
   3.12E-16
  -4.329E-4
   -4.329E-4
   -4.329E-4
   -4.329E-4
   0.0
   -4.329E-4
   0.0
   -0.5077    -0.7956    -0.3306
   0.7555    -0.2266    -0.6148
   0.4142    -0.5619    0.7161
 Node:         38
  0.1111E+03  0.1204E+03  0.5085E+03 -0.2164E-03
  -4.329E-4
   1.68E-16
  -4.329E-4
  -4.8E-17
  -1.44E-16
  -4.329E-4
   -4.329E-4
   -4.329E-4
   -4.329E-4
   0.0
   -4.329E-4
   0.0
   0.2119    0.9668    -0.1429
   0.9724    -0.2232    -0.0684
   0.09802    0.1244    0.9874
 Node:         39
  0.1119E+03  0.1201E+03  0.5207E+03 -0.2164E-03
  -4.329E-4
  -1.68E-16
  -4.329E-4
  -1.44E-16
  -1.32E-16
  -4.329E-4
   -4.329E-4
   -4.329E-4
   -4.329E-4
   0.0
   -4.329E-4
   0.0
   0.9213    -0.07987    -0.3805
   0.3607    -0.1892    0.9133
   -0.1449    -0.9787    -0.1455
 Node:         40
  0.1191E+03  0.1220E+03  0.4937E+03 -0.2164E-03
  -4.329E-4
   1.44E-16
  -4.329E-4
   1.44E-16
  -2.4E-17
  -4.329E-4
   -4.329E-4
   -4.329E-4
   -4.329E-4
   0.0
   -4.329E-4
   0.0
   0.9817    0.1345    0.1345
   -2.114E-4    0.7079    -0.7063
   -0.1902    0.6934    0.695
 Node:         41
  0.1182E+03  0.1217E+03  0.5073E+03 -0.2164E-03
  -4.329E-4
  -4.8E-17
  -4.329E-4
   9.599E-17
   1.68E-16
  -4.329E-4
   -4.329E-4
   -4.329E-4
   -4.329E-4
   0.0
   -4.329E-4
   0.0
   -0.1537    -0.1966    -0.9684
   -0.9621    0.2533    0.1013
   0.2253    0.9472    -0.2281
 Node:         42
  0.1187E+03  0.1212E+03  0.5204E+03 -0.2164E-03
  -4.329E-4
  -9.599E-17
  -4.329E-4
   5.336E-36
   9.599E-17
  -4.329E-4
   -4.329E-4
   -4.329E-4
   -4.329E-4
   0.0
   -4.329E-4
   0.0
   -0.01859    0.09773    0.995
   -0.9834    0.1779    -0.03584
   -0.1806    -0.9792    0.0928
 Node:         43
  0.1258E+03  0.1217E+03  0.4915E+03 -0.2164E-03
  -4.329E-4
   1.92E-16
  -4.329E-4
  -2.4E-17
   2.668E-36
  -4.329E-4
   -4.329E-4
   -4.329E-4
   -4.329E-4
   0.0
   -4.329E-4
   0.0
   0.9459    0.3241    -0.01747
   -0.324    0.946    0.01164
   0.0203    -0.005355    0.9998
 Node:         44
  0.1259E+03  0.1220E+03  0.5059E+03 -0.2164E-03
  -4.329E-4
   2.4E-16
  -4.329E-4
   1.68E-16
   1.92E-16
  -4.329E-4
   -4.329E-4
   -4.329E-4
   -4.329E-4
   0.0
   -4.329E-4
   0.0
   -0.3604    -0.3834    -0.8503
   -0.6209    -0.5817    0.5255
   0.6961    -0.7174    0.02841
 Node:         45
  0.1261E+03  0.1221E+03  0.5198E+03 -0.2164E-03
  -4.329E-4
  -1.44E-16
  -4.329E-4
   4.8E-17
  -1.2E-17
  -4.329E-4
   -4.329E-4
   -4.329E-4
   -4.329E-4
   0.0
   -4.329E-4
   0.0
   0.06682    -0.01252    0.9977
   -0.9877    0.1408    0.06791
   -0.1414    -0.99    -0.002954
 Node:         46
  0.1117E+03  0.1296E+03  0.4959E+03  0.0000E+00
  -2.467E-16
   4.797E-17
  -7.401E-16
   1.199E-17
  -4.497E-17
   0.0
   3.057E-18
   -2.423E-16
   -7.476E-16
   6.629532710146319E-16
   -3.2894766666666664E-16
   3.125191690294995E-16
   0.03676    -0.058    0.9976
   0.9946    0.09864    -0.03092
   -0.09662    0.9934    0.06131
 Node:         47
  0.1107E+03  0.1269E+03  0.5087E+03  0.0000E+00
  -7.401E-16
  -5.397E-17
   4.934E-16
  -4.797E-17
   6.896E-17
   0.0
   5.058E-16
   -7.273E-18
   -7.452E-16
   1.0892155802819752E-15
   -8.222433333333333E-17
   5.1346114866095E-16
   -0.04821    0.9891    0.1394
   -0.05424    -0.142    0.9884
   -0.9974    -0.04009    -0.06049
 Node:         48
  0.1125E+03  0.1242E+03  0.5208E+03  0.0000E+00
   4.934E-16
   5.997E-18
   4.934E-16
   0.0
  -2.998E-18
   4.934E-16
   5.001E-16
   4.934E-16
   4.867E-16
   1.1604740410711462E-17
   4.934E-16
   5.470527092215756E-18
   -0.6325    -0.7071    0.3162
   0.4472    -2.276E-15    0.8944
   0.6325    -0.7071    -0.3162
 Node:         49
  0.1186E+03  0.1311E+03  0.4938E+03  0.0000E+00
  -7.401E-16
  -3.598E-17
   0.0
  -7.196E-17
  -1.049E-17
  -2.467E-16
   1.947E-18
   -2.366E-16
   -7.523E-16
   6.677348643803167E-16
   -3.2898433333333336E-16
   3.1477323375866775E-16
   0.04561    -0.9985    0.02894
   -0.143    0.02215    0.9895
   -0.9887    -0.04926    -0.1418
 Node:         50
  0.1180E+03  0.1298E+03  0.5075E+03  0.0000E+00
   0.0
  -2.249E-17
   1.48E-15
  -7.196E-17
   2.155E-17
   9.869E-16
   1.482E-15
   9.91E-16
   -5.513E-18
   1.3127859849072886E-15
   8.224956666666666E-16
   6.188532481164029E-16
   0.01739    -0.9988    -0.04603
   -0.07128    -0.04716    0.9963
   0.9973    0.01405    0.07201
 Node:         51
  0.1192E+03  0.1275E+03  0.5206E+03  0.0000E+00
   0.0
  -5.997E-18
  -2.467E-16
   0.0
   2.549E-17
   4.934E-16
   4.943E-16
   1.449E-19
   -2.477E-16
   6.54286006770747E-16
   8.22483E-17
   3.0843338148204166E-16
   -4.17E-4    0.03438    0.9994
   0.9997    -0.02416    0.001248
   0.02418    0.9991    -0.03436
 Node:         52
  0.1262E+03  0.1305E+03  0.4920E+03  0.0000E+00
   4.934E-16
  -2.399E-17
   4.934E-16
   2.249E-18
   8.48E-18
   0.0
   5.175E-16
   4.696E-16
   -1.6E-19
   4.95449666061044E-16
   3.2898E-16
   2.335572124055831E-16
   -0.7061    0.708    0.008534
   0.7081    0.706    0.01614
   -0.005403    -0.01744    0.9998
 Node:         53
  0.1258E+03  0.1304E+03  0.5063E+03  0.0000E+00
  -7.401E-16
  -2.998E-18
  -4.934E-16
   4.797E-17
   5.847E-17
  -9.869E-16
   -4.866E-16
   -7.314E-16
   -1.002E-15
   4.465358664206045E-16
   -7.399999999999999E-16
   2.104990261260132E-16
   0.0104    0.9931    0.1171
   -0.9836    0.03123    -0.1776
   -0.18    -0.1133    0.9771
 Node:         54
  0.1265E+03  0.1288E+03  0.5200E+03  0.0000E+00
  -9.869E-16
   3.598E-17
   4.934E-16
   0.0
  -7.496E-18
   4.934E-16
   5.014E-16
   4.864E-16
   -9.877E-16
   1.4816569474746847E-15
   3.3333333333314155E-20
   6.984597833010066E-16
   0.01758    0.7272    -0.6862
   0.01675    0.686    0.7274
   -0.9997    0.02428    1.229E-4
 Node:         55
  0.1381E+03  0.1167E+03  0.4528E+03  0.5075E-02
   0.0143
  -0.007669
   0.01044
  -0.002596
   0.01135
   0.007027
   0.02601
   0.009742
   -0.003274
   0.025412759944563282
   0.010826
   0.011979689923644378
   -0.582    0.6606    0.4742
   0.7901    0.3212    0.5221
   -0.1926    -0.6785    0.7089
 Node:         56
  0.1314E+03  0.1156E+03  0.4684E+03  0.5075E-02
   0.01513
  -0.01012
   0.01052
  -0.008445
   0.006321
   0.008695
   0.02938
   0.003185
   0.002325
   0.026635414864424393
   0.01163
   0.012556054980234302
   -0.7049    0.5443    0.4549
   0.1258    -0.5351    0.8354
   0.6981    0.6461    0.3087
 Node:         57
  0.1285E+03  0.1140E+03  0.4823E+03  0.5075E-02
   0.01353
  -0.004056
   0.01047
  -0.002519
   0.001755
   0.01015
   0.01771
   0.008832
   0.007627
   0.009537761739527782
   0.011389666666666666
   0.0044961440022411306
   -0.7626    0.525    0.3779
   0.3161    -0.2072    0.9258
   0.5644    0.8255    -0.007951
 Node:         58
  0.1478E+03  0.1175E+03  0.4533E+03  0.5075E-02
   0.01411
  -0.007683
   0.0111
  -0.00127
   0.00758
   0.004391
   0.02325
   0.008515
   -0.001298
   0.021401162328247503
   0.010155666666666667
   0.010088604671718593
   -0.676    0.6672    0.313
   0.6978    0.4428    0.5631
   -0.2371    -0.599    0.7648
 Node:         59
  0.1416E+03  0.1165E+03  0.4692E+03  0.5075E-02
   0.01617
  -0.01488
   0.01107
  -0.0166
   0.01266
   0.008656
   0.0432
   -0.001229
   -0.004543
   0.046175278483188385
   0.012476000000000001
   0.02176723502575986
   -0.6685    0.5338    0.5178
   0.4987    0.8383    -0.2204
   -0.5518    0.1108    -0.8266
 Node:         60
  0.1375E+03  0.1150E+03  0.4832E+03  0.5075E-02
   0.01416
  -0.007553
   0.01076
  -0.007844
   0.005153
   0.0105
   0.02623
   0.005449
   0.003966
   0.021560785537637538
   0.011881666666666665
   0.010163851774248231
   -0.6859    0.515    0.5141
   -0.1192    -0.7764    0.6188
   0.7179    0.3632    0.5939
 Node:         61
  0.1549E+03  0.1216E+03  0.4539E+03  0.5075E-02
   0.0155
  -0.0068
   0.00935
   0.006006
  -0.01083
   0.007697
   0.02732
   0.008227
   -0.002286
   0.025995971360962836
   0.011087
   0.01225461842191207
   -0.644    0.5691    -0.5112
   0.7649    0.4654    -0.4454
   0.01559    0.6778    0.735
 Node:         62
  0.1489E+03  0.1199E+03  0.4700E+03  0.5075E-02
   0.01702
  -0.02508
   0.01101
  -0.01612
   0.007533
   0.01201
   0.04898
   0.004954
   -0.01213
   0.05461036454740071
   0.013934666666666666
   0.025743572729690977
   -0.7109    0.5582    0.4279
   0.1427    -0.4813    0.8649
   0.6887    0.6759    0.2624
 Node:         63
  0.1436E+03  0.1181E+03  0.4839E+03  0.5075E-02
   0.01387
  -0.01249
   0.01173
  -0.006362
   0.008939
   0.01089
   0.0316
   0.005805
   -4.834E-4
   0.029447160772475164
   0.012307199999999999
   0.013881524712605122
   -0.6304    0.6208    0.4661
   0.5588    -0.05391    0.8276
   -0.5389    -0.7821    0.3129
 Node:         64
  0.1411E+03  0.1253E+03  0.4527E+03  0.5075E-02
   0.01079
  -0.0112
   0.0127
  -2.914E-4
   6.502E-4
   0.008109
   0.0236
   0.007988
   5.015E-4
   0.020412287090132746
   0.0106965
   0.00962244441397299
   -0.6721    0.7391    0.04432
   0.05204    -0.01255    0.9986
   0.7386    0.6734    -0.03003
 Node:         65
  0.1339E+03  0.1229E+03  0.4684E+03  0.5075E-02
   0.01355
  -0.01796
   0.01181
  -0.004942
   0.001718
   0.008891
   0.03251
   0.008091
   -0.005553
   0.03340088521282033
   0.011682666666666666
   0.015745328287745827
   -0.723    0.6613    0.1998
   0.03859    -0.2501    0.9675
   0.6898    0.7072    0.1553
 Node:         66
  0.1299E+03  0.1214E+03  0.4825E+03  0.5075E-02
   0.01355
  -0.005531
   0.01069
  -0.0023
   0.001769
   0.01012
   0.01894
   0.009091
   0.006367
   0.011456511379996964
   0.011465999999999999
   0.0054006512570244705
   -0.7523    0.5792    0.314
   0.2465    -0.1945    0.9494
   0.611    0.7917    0.00351
 Node:         67
  0.1496E+03  0.1241E+03  0.4533E+03  0.5075E-02
   0.01179
  -0.008581
   0.01252
  -1.583E-4
   0.002238
   0.004956
   0.02173
   0.00562
   0.002621
   0.01779999974719101
   0.009990333333333332
   0.008391000350905063
   -0.6774    0.7281    0.1045
   -0.4828    -0.3329    -0.81
   -0.555    -0.5991    0.5771
 Node:         68
  0.1430E+03  0.1222E+03  0.4692E+03  0.5075E-02
   0.01569
  -0.01878
   0.01219
  -0.01318
   0.005444
   0.007363
   0.04004
   0.00374
   -0.00713
   0.042783500324307264
   0.012216666666666667
   0.020168335468143016
   -0.7177    0.5805    0.3847
   -0.02883    -0.5767    0.8165
   0.6958    0.5749    0.4306
 Node:         69
  0.1379E+03  0.1205E+03  0.4831E+03  0.5075E-02
   0.01428
  -0.007842
   0.01082
  -0.006238
   0.003703
   0.01016
   0.02455
   0.006769
   0.004112
   0.01924753820622263
   0.011810333333333332
   0.009073376524511454
   -0.7139    0.5371    0.4493
   0.1061    -0.5513    0.8275
   0.6922    0.6385    0.3366
 Node:         70
  0.1551E+03  0.1236E+03  0.4539E+03  0.5075E-02
   0.01269
  -0.01126
   0.01168
  -0.00658
   0.005029
   0.003357
   0.02758
   0.001563
   -2.264E-4
   0.02695628055129268
   0.009638866666666666
   0.012707312515590735
   -0.6935    0.6445    0.3222
   0.4098    0.7206    -0.5594
   -0.5926    -0.2559    -0.7638
 Node:         71
  0.1491E+03  0.1219E+03  0.4700E+03  0.5075E-02
   0.01743
  -0.01622
   0.01179
  -0.02535
   0.009749
   0.007753
   0.04997
   0.002493
   -0.01312
   0.05691300114209407
   0.013114333333333334
   0.026829046030168294
   -0.713    0.4573    0.5315
   -0.2483    -0.8736    0.4186
   0.6557    0.1665    0.7364
 Node:         72
  0.1435E+03  0.1199E+03  0.4838E+03  0.5075E-02
   0.01505
  -0.008124
   0.01069
  -0.01074
   0.004761
   0.01039
   0.02904
   0.006093
   0.001349
   0.025650163995577104
   0.012160666666666667
   0.0120916032665464
   -0.7125    0.4601    0.5298
   -0.1849    -0.8514    0.4908
   0.6769    0.2517    0.6917
 Node:         73
  0.1441E+03  0.1339E+03  0.4525E+03  0.0000E+00
   0.005421
   3.173E-4
  -0.002055
  -0.00427
   0.003177
   2.02E-4
   0.008141
   6.839E-4
   -0.005037
   0.011445451524950863
   0.0012626333333333334
   0.005395437591356443
   -0.8473    0.1354    0.5136
   0.4484    0.7005    0.5551
   0.2846    -0.7006    0.6543
 Node:         74
  0.1364E+03  0.1303E+03  0.4684E+03  0.0000E+00
   0.007532
   0.01359
  -2.365E-4
   0.003054
   0.005483
   0.001212
   0.0199
   -2.29E-5
   -0.01076
   0.02694664042900339
   0.0030390333333333336
   0.012702768118362585
   -0.753    -0.5879    -0.2956
   -0.3688    0.005086    0.9295
   -0.545    0.8089    -0.2207
 Node:         75
  0.1313E+03  0.1288E+03  0.4826E+03  0.0000E+00
   0.004857
   0.005564
   1.48E-4
   0.001615
   8.354E-4
   1.723E-4
   0.008995
   -1.886E-4
   -0.003516
   0.011223529318356146
   0.0017634666666666663
   0.0052908224599037745
   -0.8207    -0.5349    -0.2008
   -0.1359    -0.1586    0.9779
   -0.555    0.8299    0.0575
 Node:         76
  0.1514E+03  0.1308E+03  0.4532E+03  0.0000E+00
   0.004762
  -0.001665
  -0.001971
  -0.004668
   5.49E-5
  -5.89E-4
   0.007841
   -0.001769
   -0.003682
   0.01069558782863289
   7.96666666666667E-4
   0.005041948454935078
   -0.8628    0.1497    0.4828
   0.1059    -0.8804    0.4622
   0.4943    0.4499    0.7438
 Node:         77
  0.1444E+03  0.1280E+03  0.4691E+03  0.0000E+00
   0.008507
   0.0127
  -2.475E-4
   0.003936
   0.002237
   4.425E-4
   0.01905
   -6.329E-4
   -0.00911
   0.025022623531716255
   0.0031023666666666672
   0.011795777854903093
   -0.7993    -0.5528    -0.2355
   -0.1613    -0.1801    0.9703
   -0.5788    0.8136    0.05479
 Node:         78
  0.1384E+03  0.1261E+03  0.4830E+03  0.0000E+00
   0.005203
   0.006772
   1.695E-4
   0.002309
   0.001015
   1.203E-4
   0.01061
   -4.112E-4
   -0.004543
   0.01356746162109921
   0.0018852666666666663
   0.0063957627438449875
   -0.8061    -0.5452    -0.23
   -0.124    -0.2245    0.9666
   -0.5786    0.8077    0.1134
 Node:         79
  0.1554E+03  0.1257E+03  0.4538E+03  0.0000E+00
   0.00373
  -0.00376
  -0.006886
  -0.01247
   8.636E-4
  -5.224E-4
   0.0155
   -0.006553
   -0.01186
   0.025130346774368234
   -9.710000000000002E-4
   0.011846559078483506
   0.7665    -0.1544    -0.6234
   -0.107    0.9264    -0.361
   0.6333    0.3434    0.6936
 Node:         80
  0.1492E+03  0.1238E+03  0.4700E+03  0.0000E+00
   0.009675
   0.003118
  -0.00428
   0.007772
   0.003688
   5.182E-4
   0.01576
   -0.002849
   -0.006146
   0.020457736018435667
   0.0022549999999999996
   0.009643869244240095
   -0.842    -0.2234    -0.4911
   -0.5241    0.555    0.646
   -0.1283    -0.8013    0.5844
 Node:         81
  0.1433E+03  0.1217E+03  0.4837E+03  0.0000E+00
   0.005667
   0.004999
  -3.601E-4
   0.007846
   0.002256
   4.006E-4
   0.01361
   -0.002095
   -0.005523
   0.017670171164988754
   0.0019973333333333336
   0.00832979857032703
   -0.7726    -0.3618    -0.5217
   0.1056    -0.8835    0.4564
   -0.626    0.2975    0.7208
 Node:         82
  0.1267E+03  0.1148E+03  0.4558E+03  0.8380E-02
   0.02109
  -0.00906
   0.01624
  -0.003545
  -0.001016
   0.01614
   0.02894
   0.01674
   0.008063
   0.01816561942241442
   0.017914333333333334
   0.008563355118695527
   -0.8045    0.5662    0.1795
   -0.07495    -0.3966    0.9149
   0.5892    0.7226    0.3615
 Node:         83
  0.1234E+03  0.1129E+03  0.4717E+03  0.8380E-02
   0.02011
  -0.00708
   0.01634
  -0.008067
   4.883E-4
   0.0171
   0.02992
   0.01612
   0.007754
   0.01938764441596761
   0.01793133333333333
   0.009139423225176132
   -0.7568    0.4167    0.5036
   0.03545    -0.7431    0.6682
   0.6527    0.5236    0.5477
 Node:         84
  0.1187E+03  0.1123E+03  0.4849E+03  0.8380E-02
   0.01953
  -6.806E-4
   0.01672
  -0.002324
   1.156E-4
   0.01716
   0.02109
   0.01665
   0.01564
   0.00502176263875544
   0.017793333333333335
   0.0023672816102488147
   -0.8431    0.1462    0.5175
   0.02196    -0.9522    0.3048
   0.5373    0.2684    0.7996
 Node:         85
  0.1302E+03  0.1161E+03  0.4546E+03  0.8380E-02
   0.02132
  -0.01027
   0.01627
  -0.003427
  -0.001929
   0.01558
   0.03017
   0.01675
   0.006641
   0.020443851422860614
   0.017853666666666667
   0.009637323983116659
   -0.8018    0.5872    0.1111
   -0.1492    -0.3767    0.9142
   0.5787    0.7165    0.3897
 Node:         86
  0.1252E+03  0.1138E+03  0.4700E+03  0.8380E-02
   0.01879
  -0.007621
   0.01823
  -0.0176
   0.001554
   0.01672
   0.03833
   0.017
   -7.942E-4
   0.033928641877328365
   0.0181786
   0.01599411516527251
   -0.7167    0.3319    0.6133
   -0.08936    -0.916    0.3912
   0.6916    0.2256    0.6861
 Node:         87
  0.1217E+03  0.1126E+03  0.4833E+03  0.8380E-02
   0.01968
  -5.485E-4
   0.01673
  -0.003629
   4.748E-4
   0.01721
   0.02246
   0.01658
   0.01456
   0.007108614492290323
   0.01786666666666667
   0.0033510330082263027
   -0.8039    0.1266    0.5812
   -0.1209    -0.9915    0.04875
   0.5824    -0.0311    0.8123
 Node:         88
  0.1338E+03  0.1169E+03  0.4530E+03  0.8380E-02
   0.0205
  -0.01023
   0.01673
  -0.003465
   0.002382
   0.01618
   0.03076
   0.01482
   0.008114
   0.020148143239514655
   0.017897999999999997
   0.00949792580865247
   -0.7463    0.604    0.2796
   0.1815    -0.2195    0.9586
   0.6403    0.7662    0.05415
 Node:         89
  0.1270E+03  0.1150E+03  0.4683E+03  0.8380E-02
   0.02119
  -0.008938
   0.0167
  -0.009059
   8.473E-4
   0.01683
   0.03278
   0.01576
   0.006453
   0.023123706212456508
   0.018331
   0.010900619645995662
   -0.7625    0.4526    0.4624
   0.005537    -0.71    0.7042
   0.647    0.5395    0.5389
 Node:         90
  0.1248E+03  0.1132E+03  0.4822E+03  0.8380E-02
   0.01993
  -0.00296
   0.01692
  -0.002281
   0.001216
   0.01688
   0.02296
   0.01574
   0.01501
   0.00761130080866602
   0.017903333333333334
   0.003588001610305597
   -0.7879    0.4725    0.3948
   0.2233    -0.3783    0.8984
   0.5739    0.796    0.1925
 Node:         91
  0.1258E+03  0.1260E+03  0.4547E+03  0.8380E-02
   0.01738
  -0.01679
   0.01847
  -0.006177
   3.281E-4
   0.01602
   0.03666
   0.01612
   -1.898E-5
   0.03184105721612271
   0.017587006666666665
   0.015010018318446144
   -0.6975    0.6813    0.2219
   -0.0376    -0.3441    0.9382
   0.7156    0.6461    0.2656
 Node:         92
  0.1208E+03  0.1232E+03  0.4725E+03  0.8380E-02
   0.02016
  -0.0115
   0.01659
  -0.009691
  -4.136E-4
   0.01664
   0.03397
   0.01698
   0.002961
   0.026895636653554048
   0.01797033333333333
   0.012678724708038352
   -0.7584    0.4993    0.419
   -0.002785    -0.6452    0.764
   0.6518    0.5782    0.4907
 Node:         93
  0.1159E+03  0.1217E+03  0.4876E+03  0.8380E-02
   0.01986
   1.698E-4
   0.01666
  -0.004689
  -0.001985
   0.01711
   0.02378
   0.01697
   0.01289
   0.009529286437084363
   0.017879999999999997
   0.004492148706354232
   -0.7687    -0.1926    0.61
   -0.3859    0.9001    -0.2022
   -0.5101    -0.3908    -0.7662
 Node:         94
  0.1312E+03  0.1262E+03  0.4538E+03  0.8380E-02
   0.01679
  -0.01659
   0.01884
  -0.003962
  -0.001255
   0.01551
   0.03557
   0.01625
   2.658E-4
   0.030619794147577154
   0.017361933333333333
   0.014434309386858643
   -0.6876    0.7206    0.08928
   -0.1167    -0.2311    0.9659
   0.7167    0.6537    0.243
 Node:         95
  0.1249E+03  0.1234E+03  0.4705E+03  0.8380E-02
   0.02086
  -0.01033
   0.01732
  -0.01091
   3.655E-4
   0.01548
   0.03469
   0.016
   0.003519
   0.027172805357562915
   0.018069666666666668
   0.012809383288129925
   -0.7607    0.4754    0.4419
   -0.07142    -0.738    0.671
   0.6451    0.4789    0.5954
 Node:         96
  0.1205E+03  0.1222E+03  0.4852E+03  0.8380E-02
   0.02023
  -5.483E-4
   0.01677
  -0.005544
  -3.536E-4
   0.01685
   0.02452
   0.01678
   0.01256
   0.010506131543056178
   0.017953333333333335
   0.004952637905421941
   -0.8075    0.03014    0.5891
   0.06306    -0.9886    0.137
   0.5865    0.1478    0.7963
 Node:         97
  0.1367E+03  0.1259E+03  0.4527E+03  0.8380E-02
   0.01737
  -0.01351
   0.01903
  -0.004694
  -8.632E-4
   0.01503
   0.03298
   0.01595
   0.003228
   0.025855866723047596
   0.017386000000000002
   0.012188572462215034
   -0.6889    0.7103    0.1444
   -0.1477    -0.3326    0.9314
   0.7096    0.6204    0.3341
 Node:         98
  0.1295E+03  0.1232E+03  0.4685E+03  0.8380E-02
   0.02026
  -0.01677
   0.0179
  -0.008736
  -1.155E-4
   0.01553
   0.03876
   0.01597
   -2.176E-4
   0.033916631580391356
   0.0181708
   0.015988453457000357
   -0.74    0.6137    0.2754
   -0.06306    -0.4709    0.88
   0.6697    0.6338    0.3871
 Node:         99
  0.1260E+03  0.1218E+03  0.4827E+03  0.8380E-02
   0.02011
  -0.004418
   0.01706
  -0.003036
   0.001268
   0.01676
   0.02474
   0.01561
   0.01357
   0.01030260646632686
   0.017973333333333334
   0.004856695264157398
   -0.7702    0.5138    0.3779
   0.0887    -0.5004    0.8612
   0.6316    0.6969    0.3398
 Node:        100
  0.1249E+03  0.1372E+03  0.4534E+03  0.0000E+00
   0.006048
   0.002667
  -0.001184
  -0.003768
  -0.001874
   0.001533
   0.009304
   -5.467E-4
   -0.002197
   0.010771090510714317
   0.0021867666666666665
   0.005077540760600112
   -0.8288    -0.2953    0.4754
   -0.5357    0.1729    -0.8265
   -0.1619    0.9396    0.3015
 Node:        101
  0.1187E+03  0.1336E+03  0.4717E+03  0.0000E+00
   0.005549
   0.006195
   1.606E-5
   0.004907
   0.003594
   0.002536
   0.01314
   -9.301E-4
   -0.003941
   0.015792304990405927
   0.0027563
   0.007444563966188125
   -0.7248    -0.4764    -0.4976
   -0.4685    -0.1888    0.8631
   -0.5051    0.8587    -0.08635
 Node:        102
  0.1139E+03  0.1312E+03  0.4875E+03  0.0000E+00
   0.003575
   0.004699
   4.336E-4
   0.00409
   0.003287
   4.728E-4
   0.009948
   -0.002332
   -0.003025
   0.012640755080294847
   0.0015303333333333334
   0.005958909091063191
   -0.7052    -0.5179    -0.4842
   0.5852    -0.03957    -0.8099
   -0.4003    0.8545    -0.331
 Node:        103
  0.1322E+03  0.1364E+03  0.4528E+03  0.0000E+00
   0.005981
   0.001669
  -0.00221
  -0.004441
  -0.002028
   0.001693
   0.009463
   -7.645E-4
   -0.002999
   0.011508609614110646
   0.0018998333333333332
   0.005425210600110889
   -0.8215    -0.2101    0.5301
   -0.5684    0.3765    -0.7316
   0.04591    0.9023    0.4287
 Node:        104
  0.1249E+03  0.1330E+03  0.4701E+03  0.0000E+00
   0.00621
   0.007989
  -7.427E-4
   0.005239
   0.004531
   0.002735
   0.01537
   -9.092E-4
   -0.005942
   0.019294335599859356
   0.0028396
   0.009095437027433042
   -0.7256    -0.4931    -0.48
   0.484    0.1301    -0.8653
   -0.4892    0.8602    -0.1443
 Node:        105
  0.1200E+03  0.1317E+03  0.4853E+03  0.0000E+00
   0.004049
   0.005045
   2.739E-4
   0.00455
   0.003073
   4.473E-4
   0.01062
   -0.002514
   -0.003202
   0.013491163478366125
   0.0016346666666666662
   0.006359795454432652
   -0.7262    -0.497    -0.475
   -0.3377    -0.344    0.8761
   -0.5989    0.7966    0.08199
 Node:        106
  0.1396E+03  0.1350E+03  0.4524E+03  0.0000E+00
   0.005658
   6.388E-4
  -0.003228
  -0.00463
   7.194E-5
   0.001221
   0.008791
   -0.001605
   -0.003245
   0.01130556747801719
   0.0013136666666666668
   0.005329495619245367
   -0.8485    -0.04188    0.5276
   -0.5027    -0.2481    -0.8281
   -0.1656    0.9678    -0.1895
 Node:        107
  0.1320E+03  0.1315E+03  0.4685E+03  0.0000E+00
   0.007131
   0.01145
  -0.001163
   0.004538
   0.004776
   0.002029
   0.01806
   -4.457E-4
   -0.009085
   0.024020298311844504
   0.0028431
   0.011323277214952686
   -0.753    -0.5402    -0.3758
   -0.3844    -0.1024    0.9175
   -0.5341    0.8353    -0.1306
 Node:        108
  0.1273E+03  0.1303E+03  0.4831E+03  0.0000E+00
   0.004598
   0.005246
   1.408E-4
   0.002781
   0.001419
   2.463E-4
   0.009225
   -7.846E-4
   -0.003343
   0.01150417590964255
   0.0016991333333333334
   0.005423120531780778
   -0.7953    -0.5105    -0.327
   -0.2002    -0.2879    0.9365
   -0.5722    0.8103    0.1267
 Node:        109
  0.1018E+03  0.1092E+03  0.4946E+03 -0.4797E-04
  -9.595E-5
   2.399E-16
  -9.595E-5
   9.596E-17
  -2.399E-17
  -9.595E-5
   -9.595E-5
   -9.595E-5
   -9.595E-5
   0.0
   -9.594999999999999E-5
   0.0
   -0.3792    -0.925    -0.02396
   0.48    -0.2188    0.8496
   0.7911    -0.3107    -0.527
 Node:        110
  0.1058E+03  0.1118E+03  0.5081E+03 -0.4797E-04
  -9.595E-5
   4.798E-17
  -9.595E-5
  -2.399E-17
  -8.996E-17
  -9.595E-5
   -9.595E-5
   -9.595E-5
   -9.595E-5
   0.0
   -9.594999999999999E-5
   0.0
   -0.02839    -0.09123    0.9954
   0.7347    0.6733    0.08267
   -0.6778    0.7337    0.04792
 Node:        111
  0.1108E+03  0.1137E+03  0.5210E+03 -0.4797E-04
  -9.595E-5
   9.596E-17
  -9.595E-5
  -4.798E-17
   5.637E-16
  -9.595E-5
   -9.595E-5
   -9.595E-5
   -9.595E-5
   0.0
   -9.594999999999999E-5
   0.0
   0.9392    0.3169    0.1318
   0.3364    -0.7738    -0.5367
   -0.06809    0.5484    -0.8334
 Node:        112
  0.1072E+03  0.1111E+03  0.4942E+03 -0.4797E-04
  -9.595E-5
   2.399E-16
  -9.595E-5
  -7.392E-37
   2.399E-17
  -9.595E-5
   -9.595E-5
   -9.595E-5
   -9.595E-5
   0.0
   -9.594999999999999E-5
   0.0
   0.3759    0.9265    0.01672
   0.9266    -0.3757    -0.01402
   0.006711    -0.02076    0.9998
 Node:        113
  0.1071E+03  0.1139E+03  0.5077E+03 -0.4797E-04
  -9.595E-5
   9.757E-36
  -9.595E-5
   2.879E-16
  -2.639E-16
  -9.595E-5
   -9.595E-5
   -9.595E-5
   -9.595E-5
   0.0
   -9.594999999999999E-5
   0.0
   -0.1653    0.6537    -0.7384
   -0.2298    -0.7537    -0.6158
   -0.9591    0.06789    0.2749
 Node:        114
  0.1093E+03  0.1164E+03  0.5209E+03 -0.4797E-04
  -9.595E-5
   1.919E-16
  -9.595E-5
  -4.798E-17
   9.596E-17
  -9.595E-5
   -9.595E-5
   -9.595E-5
   -9.595E-5
   0.0
   -9.594999999999999E-5
   0.0
   -0.6573    -0.7285    -0.1931
   -0.4203    0.1416    0.8962
   0.6256    -0.6702    0.3993
 Node:        115
  0.1129E+03  0.1120E+03  0.4932E+03 -0.4797E-04
  -9.595E-5
  -8.87E-37
  -9.595E-5
  -1.439E-16
  -4.798E-17
  -9.595E-5
   -9.595E-5
   -9.595E-5
   -9.595E-5
   0.0
   -9.594999999999999E-5
   0.0
   0.6708    0.2235    -0.7072
   0.3161    -0.9487    9.047E-6
   -0.6709    -0.2236    -0.707
 Node:        116
  0.1092E+03  0.1143E+03  0.5068E+03 -0.4797E-04
  -9.595E-5
   8.996E-17
  -9.595E-5
   2.879E-16
   3.598E-17
  -9.595E-5
   -9.595E-5
   -9.595E-5
   -9.595E-5
   0.0
   -9.594999999999999E-5
   0.0
   -0.223    -0.9699    -0.09799
   0.8805    -0.2435    0.4067
   -0.4183    0.004401    0.9083
 Node:        117
  0.1089E+03  0.1172E+03  0.5207E+03 -0.4797E-04
  -9.595E-5
  -1.199E-16
  -9.595E-5
  -2.399E-16
  -2.879E-16
  -9.595E-5
   -9.595E-5
   -9.595E-5
   -9.595E-5
   0.0
   -9.594999999999999E-5
   0.0
