 Group name: gastroc_Strain
 #Fields=  16
 1) coordinates, coordinate, rectangular cartesian, #Components=3
   x.  Value index= 1, #Derivatives=0
   y.  Value index= 2, #Derivatives=0
   z.  Value index= 3, #Derivatives=0
 2) Tensor_1, field, rectangular cartesian, #Components=1
   Tensor_1.  Value index= 4, #Derivatives=0
 3) Tensor_2, field, rectangular cartesian, #Components=1
   Tensor_2.  Value index= 5, #Derivatives=0
 4) Tensor_3, field, rectangular cartesian, #Components=1
   Tensor_3.  Value index= 6, #Derivatives=0
 5) Tensor_4, field, rectangular cartesian, #Components=1
   Tensor_4.  Value index= 7, #Derivatives=0
 6) Tensor_5, field, rectangular cartesian, #Components=1
   Tensor_5.  Value index= 8, #Derivatives=0
 7) Tensor_6, field, rectangular cartesian, #Components=1
   Tensor_6.  Value index= 9, #Derivatives=0
 8) Principal_1, field, rectangular cartesian, #Components=1
   Principal_1.  Value index= 10, #Derivatives=0
 9) Principal_2, field, rectangular cartesian, #Components=1
   Principal_2.  Value index= 11, #Derivatives=0
 10) Principal_3, field, rectangular cartesian, #Components=1
   Principal_3.  Value index= 12, #Derivatives=0
 11) VonMises, field, rectangular cartesian, #Components=1
   VonMises.  Value index= 13, #Derivatives=0
 12) Hydrostatic, field, rectangular cartesian, #Components=1
   VonMises.  Value index= 14, #Derivatives=0
 13) Octahedral, field, rectangular cartesian, #Components=1
   VonMises.  Value index= 15, #Derivatives=0
 14) PrincipalVector1, field, rectangular cartesian, #Components=3
   x.  Value index= 16, #Derivatives=0
   y.  Value index= 17, #Derivatives=0
   z.  Value index= 18, #Derivatives=0
 15) PrincipalVector2, field, rectangular cartesian, #Components=3
   x.  Value index= 19, #Derivatives=0
   y.  Value index= 20, #Derivatives=0
   z.  Value index= 21, #Derivatives=0
 16) PrincipalVector3, field, rectangular cartesian, #Components=3
   x.  Value index= 22, #Derivatives=0
   y.  Value index= 23, #Derivatives=0
   z.  Value index= 24, #Derivatives=0
 Node:          1
  0.1287E+03  0.1133E+03  0.4908E+03 -0.3663E-04
  -1.11E-16
  -8.327E-17
  -2.22E-16
  -2.776E-17
  -4.163E-17
  -3.331E-16
   -6.637E-17
   -2.4E-16
   -3.598E-16
   2.5553921597281306E-16
   -2.2205666666666663E-16
   1.204623416489799E-16
   0.8837    -0.4676    -0.01897
   0.4046    0.7837    -0.4712
   0.2352    0.4088    0.8818
 Node:          2
  0.1292E+03  0.1137E+03  0.5052E+03 -0.3663E-04
  -5.551E-17
  -1.11E-16
  -1.665E-16
  -5.551E-17
   1.943E-16
  -2.776E-16
   8.603E-17
   -1.6E-16
   -4.256E-16
   4.4319260925696854E-16
   -1.6652333333333334E-16
   2.089229995849082E-16
   -0.6554    0.6199    0.4313
   0.7522    0.4849    0.4462
   -0.06744    -0.6169    0.7841
 Node:          3
  0.1289E+03  0.1155E+03  0.5194E+03 -0.3663E-04
   2.22E-16
   1.388E-16
   3.331E-16
   1.11E-16
   5.551E-17
   2.22E-16
   4.753E-16
   2.118E-16
   9.006E-17
   3.4107384479024473E-16
   2.590533333333333E-16
   1.6078375235770005E-16
   -0.5696    -0.7144    -0.4063
   0.2395    -0.6172    0.7494
   -0.7862    0.3296    0.5227
 Node:          4
  0.1361E+03  0.1141E+03  0.4915E+03 -0.3663E-04
   0.0
  -2.776E-17
  -1.11E-16
  -2.776E-17
  -8.327E-17
   2.22E-16
   2.435E-16
   6.328E-18
   -1.388E-16
   3.3426485304919515E-16
   3.700933333333334E-17
   1.5757396286894045E-16
   -0.08549    -0.2215    0.9714
   0.9681    -0.2491    0.0284
   0.2357    0.9428    0.2357
 Node:          5
  0.1341E+03  0.1144E+03  0.5054E+03 -0.3663E-04
   3.331E-16
   1.388E-16
   3.331E-16
   5.551E-17
  -6.939E-17
   4.441E-16
   4.814E-16
   4.627E-16
   1.662E-16
   3.062784517395894E-16
   3.7010000000000004E-16
   1.4438104677092028E-16
   -0.348    -0.6443    0.681
   -0.6589    -0.3487    -0.6665
   0.6669    -0.6807    -0.3032
 Node:          6
  0.1323E+03  0.1162E+03  0.5191E+03 -0.3663E-04
   2.22E-16
   5.551E-17
   2.22E-16
  -5.551E-17
  -2.776E-17
   0.0
   2.897E-16
   1.685E-16
   -1.402E-17
   2.648101478418076E-16
   1.4806E-16
   1.2483270084396958E-16
   -0.715    -0.6696    0.2012
   0.6656    -0.7399    -0.09741
   -0.2141    -0.06426    -0.9747
 Node:          7
  0.1408E+03  0.1171E+03  0.4920E+03 -0.3663E-04
   3.331E-16
   2.22E-16
   2.22E-16
  -8.327E-17
  -1.11E-16
   0.0
   5.398E-16
   6.158E-17
   -4.631E-17
   5.403052621435404E-16
   1.8502333333333335E-16
   2.5470234318164845E-16
   -0.7537    -0.6111    0.2419
   -0.656    0.677    -0.3335
   -0.04004    0.4101    0.9112
 Node:          8
  0.1367E+03  0.1169E+03  0.5055E+03 -0.3663E-04
   2.22E-16
   1.943E-16
   2.22E-16
  -4.025E-16
  -2.359E-16
  -2.22E-16
   6.547E-16
   4.477E-17
   -4.775E-16
   9.814930967154074E-16
   7.399000000000001E-17
   4.626802829168323E-16
   -0.6847    -0.5611    0.4652
   0.5685    -0.8105    -0.1409
   -0.4561    -0.1681    -0.8739
 Node:          9
  0.1339E+03  0.1180E+03  0.5191E+03 -0.3663E-04
   2.22E-16
   1.665E-16
   0.0
  -3.955E-16
  -2.776E-16
   6.661E-16
   1.002E-15
   -9.379E-18
   -1.046E-16
   1.062195387036208E-15
   2.96007E-16
   5.007237074122481E-16
   -0.4817    -0.3073    0.8207
   -0.8565    -0.03292    -0.515
   -0.1853    0.951    0.2474
 Node:         10
  0.1294E+03  0.1212E+03  0.4911E+03 -0.3663E-04
   0.0
   2.776E-17
   1.11E-16
  -1.388E-17
   1.249E-16
   1.11E-16
   2.363E-16
   2.303E-17
   -3.732E-17
   2.48992088026909E-16
   7.400333333333333E-17
   1.173759959370834E-16
   0.0421    0.71    0.703
   -0.7813    -0.4152    0.4661
   -0.6228    0.5688    -0.5372
 Node:         11
  0.1295E+03  0.1214E+03  0.5055E+03 -0.3663E-04
  -2.22E-16
  -2.776E-17
  -2.22E-16
  -4.163E-17
   1.388E-17
  -1.665E-16
   -1.365E-16
   -2.183E-16
   -2.558E-16
   1.0566451627675205E-16
   -2.035333333333333E-16
   4.9810730660058464E-17
   -0.4935    0.2929    0.8189
   0.3541    -0.7924    0.4968
   -0.7944    -0.5351    -0.2873
 Node:         12
  0.1295E+03  0.1217E+03  0.5196E+03 -0.3663E-04
   1.11E-16
   0.0
   1.11E-16
   7.633E-17
   2.776E-17
   2.22E-16
   2.649E-16
   1.11E-16
   6.816E-17
   1.792025435087348E-16
   1.4801999999999999E-16
   8.447688914726913E-17
   -0.4387    -0.1595    -0.8844
   0.3417    -0.9398    -2.255E-17
   0.8311    0.3022    -0.4668
 Node:         13
  0.1361E+03  0.1199E+03  0.4914E+03 -0.3663E-04
   1.11E-16
  -1.388E-16
   0.0
  -9.714E-17
   2.776E-17
  -1.665E-16
   2.285E-16
   -8.52E-17
   -1.988E-16
   3.833392361864358E-16
   -1.849999999999999E-17
   1.807078489348669E-16
   0.8171    -0.5252    -0.2378
   0.4648    0.8442    -0.2671
   0.341    0.1077    0.9339
 Node:         14
  0.1342E+03  0.1198E+03  0.5054E+03 -0.3663E-04
  -5.551E-17
   2.776E-17
   0.0
   5.551E-17
  -9.021E-17
   1.11E-16
   1.672E-16
   -4.94E-18
   -1.068E-16
   2.398787602102362E-16
   1.8486666666666665E-17
   1.130799320048532E-16
   0.1634    -0.4472    0.8794
   -0.6569    -0.7144    -0.2412
   -0.7361    0.5382    0.4105
 Node:         15
  0.1330E+03  0.1205E+03  0.5193E+03 -0.3663E-04
   2.22E-16
  -8.327E-17
  -5.551E-17
   1.388E-17
   4.857E-17
   0.0
   2.451E-16
   2.471E-17
   -1.033E-16
   3.0523832672192397E-16
   5.550333333333333E-17
   1.438907271354049E-16
   -0.9638    0.2667    -0.001723
   0.1157    0.4239    0.8983
   0.2403    0.8656    -0.4394
 Node:         16
  0.1404E+03  0.1188E+03  0.4918E+03 -0.3663E-04
   2.22E-16
   5.551E-17
   2.22E-16
  -8.327E-17
  -1.457E-16
   4.441E-16
   5.466E-16
   1.95E-16
   1.465E-16
   3.7818964819254375E-16
   2.9603333333333337E-16
   1.7828030987433498E-16
   -0.2927    -0.4328    0.8526
   -0.9222    -0.1077    -0.3713
   -0.2526    0.895    0.3676
 Node:         17
  0.1365E+03  0.1184E+03  0.5055E+03 -0.3663E-04
  -1.11E-16
   2.776E-17
  -1.11E-16
   9.714E-17
   1.7E-16
   0.0
   1.573E-16
   -1.341E-16
   -2.452E-16
   3.600440389730123E-16
   -7.400000000000001E-17
   1.697263876557404E-16
   0.3368    0.5285    0.7792
   0.8927    -0.4425    -0.08566
   -0.2996    -0.7244    0.6209
 Node:         18
  0.1341E+03  0.1191E+03  0.5192E+03 -0.3663E-04
   0.0
   0.0
   0.0
   2.645E-17
   1.065E-16
   4.441E-16
   4.697E-16
   -1.672E-33
   -2.562E-17
   4.830198633596759E-16
   1.4802666666666666E-16
   2.2769774721961763E-16
   -0.05484    -0.2207    -0.9738
   0.9705    -0.2411    -6.21E-17
   -0.2348    -0.9451    0.2274
 Node:         19
  0.1301E+03  0.1291E+03  0.4914E+03  0.0000E+00
   1.11E-16
   0.0
   1.11E-16
   2.101E-19
   1.001E-17
  -2.22E-16
   1.113E-16
   1.11E-16
   -2.223E-16
   3.3345010121455954E-16
   0.0
   1.5718988517077046E-16
   -0.02096    -0.9993    -0.03003
   0.9998    -0.02097    1.345E-19
   6.298E-4    0.03003    -0.9995
 Node:         20
  0.1299E+03  0.1291E+03  0.5058E+03  0.0000E+00
   2.22E-16
   0.0
   0.0
   1.041E-17
   1.924E-17
  -5.551E-17
   2.224E-16
   5.975E-18
   -6.188E-17
   2.5715676157744715E-16
   5.549833333333335E-17
   1.2122485995959007E-16
   -0.9993    -0.003257    -0.03765
   0.01428    -0.9549    -0.2965
   -0.03498    -0.2968    0.9543
 Node:         21
  0.1301E+03  0.1280E+03  0.5197E+03  0.0000E+00
   1.11E-16
   0.0
   0.0
   4.163E-17
   1.475E-17
   1.11E-16
   1.534E-16
   7.089E-17
   -2.22E-18
   1.3485280234388901E-16
   7.402333333333333E-17
   6.357022066624871E-17
   -0.6994    -0.0684    -0.7114
   -0.7126    0.1429    0.6869
   -0.05465    -0.9874    0.1487
 Node:         22
  0.1360E+03  0.1256E+03  0.4913E+03  0.0000E+00
  -2.22E-16
   1.388E-17
  -1.11E-16
  -1.388E-17
   1.006E-16
   1.11E-16
   1.5E-16
   -1.456E-16
   -2.264E-16
   3.432090907886911E-16
   -7.4E-17
   1.617903169743686E-16
   -0.02144    0.3586    0.9332
   0.228    0.9106    -0.3447
   -0.9734    0.2054    -0.1013
 Node:         23
  0.1343E+03  0.1253E+03  0.5054E+03  0.0000E+00
   0.0
   2.082E-17
  -4.441E-16
   0.0
   1.314E-16
  -1.665E-16
   1.265E-18
   -1.147E-16
   -4.972E-16
   4.517861703560657E-16
   -2.0354499999999996E-16
   2.1297404313671653E-16
   0.997    0.06061    0.04746
   0.06644    -0.3661    -0.9282
   0.03888    -0.9286    0.369
 Node:         24
  0.1336E+03  0.1248E+03  0.5194E+03  0.0000E+00
  -2.22E-16
   1.214E-17
   0.0
   1.388E-17
   8.674E-19
  -1.665E-16
   6.779E-19
   -1.633E-16
   -2.259E-16
   2.026635838733984E-16
   -1.2950736666666666E-16
   9.553652963763242E-17
   -0.05504    -0.9984    -0.009747
   0.2257    -0.02195    0.974
   -0.9726    0.05141    0.2265
 Node:         25
  0.1400E+03  0.1206E+03  0.4917E+03  0.0000E+00
   0.0
   2.671E-16
  -1.11E-16
  -8.327E-17
  -1.301E-16
   2.22E-16
   3.681E-16
   7.58E-17
   -3.329E-16
   6.098671904603493E-16
   3.699999999999999E-17
   2.8749415066513385E-16
   0.5089    0.4781    -0.7159
   0.6086    0.3883    0.692
   0.6088    -0.7878    -0.09334
 Node:         26
  0.1363E+03  0.1200E+03  0.5055E+03  0.0000E+00
   2.22E-16
   1.076E-16
  -6.106E-16
   2.776E-17
  -1.124E-15
  -5.551E-17
   8.281E-16
   2.248E-16
   -1.497E-15
   2.089815319591662E-15
   -1.4803333333333336E-16
   9.851483892738641E-16
   0.07371    0.6174    -0.7832
   0.9955    0.001018    0.09449
   -0.05914    0.7866    0.6146
 Node:         27
  0.1343E+03  0.1203E+03  0.5192E+03  0.0000E+00
   2.22E-16
  -1.943E-16
   2.22E-16
  -1.041E-16
   1.313E-15
   0.0
   1.466E-15
   1.875E-16
   -1.209E-15
   2.3173691440942246E-15
   1.4816666666666667E-16
   1.0924182908676612E-15
   -0.1693    0.728    0.6643
   0.9848    0.09849    0.1431
   0.03876    0.6785    -0.7336
 Node:         28
  0.1155E+03  0.1124E+03  0.4931E+03 -0.2164E-03
  -2.22E-16
   3.816E-17
   2.22E-16
  -5.551E-17
   5.551E-17
   1.11E-16
   2.455E-16
   1.014E-16
   -2.359E-16
   4.279497984577163E-16
   3.699999999999999E-17
   2.0173746966457835E-16
   0.03184    0.9284    0.3701
   0.1988    0.3571    -0.9127
   0.9795    -0.1026    0.1732
 Node:         29
  0.1119E+03  0.1139E+03  0.5068E+03 -0.2164E-03
  -2.22E-16
  -2.082E-17
   0.0
   5.551E-17
   6.939E-18
  -3.331E-16
   1.944E-18
   -2.004E-16
   -3.566E-16
   3.113642033631998E-16
   -1.8501866666666668E-16
   1.4677849307791052E-16
   -0.09118    0.9958    0.005517
   -0.9179    -0.08189    -0.3884
   -0.3863    -0.04048    0.9215
 Node:         30
  0.1113E+03  0.1159E+03  0.5206E+03 -0.2164E-03
   2.22E-16
   1.249E-16
   2.22E-16
   0.0
  -2.776E-17
   1.11E-16
   3.486E-16
   1.238E-16
   8.277E-17
   2.4787505905193444E-16
   1.8505666666666664E-16
   1.1684942342842583E-16
   -0.7001    -0.7092    0.08287
   -0.4685    0.3686    -0.8029
   -0.5389    0.6009    0.5903
 Node:         31
  0.1203E+03  0.1126E+03  0.4920E+03 -0.2164E-03
  -5.551E-17
   9.714E-17
  -1.11E-16
   2.776E-17
   4.163E-17
  -5.551E-17
   4.114E-17
   -7.661E-17
   -1.866E-16
   1.9726678661143135E-16
   -7.402333333333333E-17
   9.29924550105485E-17
   -0.6956    -0.5654    -0.4433
   0.4358    0.1585    -0.886
   0.5712    -0.8095    0.1362
 Node:         32
  0.1188E+03  0.1134E+03  0.5062E+03 -0.2164E-03
   2.22E-16
  -1.388E-17
  -1.11E-16
  -2.776E-17
   9.714E-17
  -5.551E-17
   2.266E-16
   1.331E-17
   -1.844E-16
   3.5602167644681415E-16
   1.8503333333333345E-17
   1.6783022777663014E-16
   -0.9894    0.07624    0.1236
   0.1445    0.5992    0.7875
   0.01402    -0.797    0.6038
 Node:         33
  0.1183E+03  0.1150E+03  0.5201E+03 -0.2164E-03
   1.11E-16
   5.551E-17
   0.0
   8.327E-17
   0.0
   0.0
   1.7E-16
   0.0
   -5.893E-17
   2.0589037107159722E-16
   3.702333333333333E-17
   9.705765171049398E-17
   -0.8617    -0.2815    -0.4222
   0.0    -0.8321    0.5547
   -0.5074    0.478    0.717
 Node:         34
  0.1255E+03  0.1129E+03  0.4909E+03 -0.2164E-03
   0.0
   0.0
   0.0
   5.551E-17
   9.714E-17
   0.0
   1.119E-16
   3.387E-33
   -1.119E-16
   1.9381648536695736E-16
   0.0
   9.136596740581255E-17
   -0.3508    -0.6139    -0.7071
   0.8682    -0.4961    -4.855E-17
   -0.3508    -0.6139    0.7071
 Node:         35
  0.1260E+03  0.1135E+03  0.5054E+03 -0.2164E-03
   0.0
   1.11E-16
  -1.11E-16
   1.11E-16
   2.498E-16
  -1.11E-16
   2.41E-16
   -1.023E-16
   -3.608E-16
   5.228959647960578E-16
   -7.403333333333333E-17
   2.4649552170824977E-16
   0.5458    0.5925    0.5925
   0.8379    -0.3859    -0.3859
   -4.975E-17    -0.7071    0.7071
 Node:         36
  0.1257E+03  0.1153E+03  0.5196E+03 -0.2164E-03
   0.0
  -5.551E-17
   0.0
  -5.551E-17
   8.327E-17
   0.0
   1.305E-16
   -4.723E-17
   -8.327E-17
   1.982226619234037E-16
   0.0
   9.344305895392481E-17
   -0.5155    0.6059    0.6059
   0.8569    0.3645    0.3645
   -1.256E-16    0.7071    -0.7071
 Node:         37
  0.1132E+03  0.1210E+03  0.4959E+03 -0.2164E-03
  -2.22E-16
   1.388E-16
  -2.22E-16
  -8.327E-17
   1.804E-16
  -2.776E-16
   -4.482E-17
   -1.622E-16
   -5.146E-16
   4.2347200190803645E-16
   -2.4054E-16
   1.9962661612787678E-16
   0.3971    0.7887    0.4693
   -0.7874    0.0301    0.6157
   0.4715    -0.614    0.633
 Node:         38
  0.1111E+03  0.1204E+03  0.5085E+03 -0.2164E-03
  -1.665E-16
   9.714E-17
   0.0
  -2.776E-17
  -8.327E-17
  -2.22E-16
   7.071E-17
   -2.091E-16
   -2.502E-16
   3.0246162913665597E-16
   -1.2953E-16
   1.4258177934084005E-16
   -0.3916    -0.8746    0.2859
   0.9154    -0.3389    0.217
   0.09287    -0.3467    -0.9334
 Node:         39
  0.1119E+03  0.1201E+03  0.5207E+03 -0.2164E-03
  -5.551E-17
  -9.714E-17
  -3.331E-16
  -8.327E-17
  -7.633E-17
  -1.11E-16
   8.934E-18
   -1.105E-16
   -3.981E-16
   3.6239130612640252E-16
   -1.6655533333333335E-16
   1.7083290000335286E-16
   0.851    -0.1281    -0.5092
   0.4076    -0.4503    0.7944
   -0.3311    -0.8836    -0.331
 Node:         40
  0.1191E+03  0.1220E+03  0.4937E+03 -0.2164E-03
   0.0
   8.327E-17
  -2.22E-16
   8.327E-17
  -1.388E-17
  -2.22E-16
   4.872E-17
   -2.082E-16
   -2.846E-16
   3.0244591979393603E-16
   -1.4802666666666666E-16
   1.4257437388566321E-16
   -0.924    -0.2703    -0.2703
   0.0    -0.7071    0.7071
   0.3823    -0.6534    -0.6534
 Node:         41
  0.1182E+03  0.1217E+03  0.5073E+03 -0.2164E-03
   0.0
  -2.776E-17
  -5.551E-17
   5.551E-17
   9.714E-17
   1.11E-16
   1.653E-16
   1.073E-17
   -1.206E-16
   2.478691830381502E-16
   1.8476666666666666E-17
   1.168466534489637E-16
   0.2406    0.3653    0.8993
   -0.8901    0.4526    0.05428
   -0.3871    -0.8135    0.434
 Node:         42
  0.1187E+03  0.1212E+03  0.5204E+03 -0.2164E-03
   0.0
  -5.551E-17
  -1.11E-16
   0.0
   5.551E-17
   1.11E-16
   1.256E-16
   1.887E-17
   -1.444E-16
   2.3552960089975954E-16
   2.3333333333339628E-20
   1.1102971864425409E-16
   0.1113    -0.2517    -0.9614
   0.9295    -0.3159    0.1903
   -0.3516    -0.9148    0.1988
 Node:         43
  0.1258E+03  0.1217E+03  0.4915E+03 -0.2164E-03
   2.22E-16
   1.11E-16
   1.11E-16
  -1.388E-17
   0.0
  -5.551E-17
   2.911E-16
   4.294E-17
   -5.645E-17
   3.1004254562882173E-16
   9.253E-17
   1.4615545764698628E-16
   -0.8507    -0.5246    0.03406
   -0.5213    0.8502    0.07348
   0.06751    -0.04475    0.9967
 Node:         44
  0.1259E+03  0.1220E+03  0.5059E+03 -0.2164E-03
  -2.22E-16
   1.388E-16
  -2.22E-16
   9.714E-17
   1.11E-16
  -1.11E-16
   5.081E-17
   -2.445E-16
   -3.614E-16
   3.679610646522265E-16
   -1.8503E-16
   1.7345850935214064E-16
   -0.5113    -0.534    -0.6733
   -0.5198    -0.4318    0.7372
   -0.6844    0.7269    -0.05679
 Node:         45
  0.1261E+03  0.1221E+03  0.5198E+03 -0.2164E-03
  -5.551E-17
  -8.327E-17
  -2.776E-16
   2.776E-17
  -6.939E-18
   1.11E-16
   1.167E-16
   -3.339E-17
   -3.053E-16
   3.7050374910383835E-16
   -7.399666666666666E-17
   1.7465714229757554E-16
   0.1854    -0.05643    0.981
   0.9302    -0.3117    -0.1938
   -0.3167    -0.9485    0.005308
 Node:         46
  0.1117E+03  0.1296E+03  0.4959E+03  0.0000E+00
  -5.551E-17
   2.776E-17
  -1.665E-16
   6.939E-18
  -2.602E-17
   0.0
   4.101E-18
   -4.897E-17
   -1.772E-16
   1.6144583695778595E-16
   -7.402300000000001E-17
   7.610629740479211E-17
   0.04856    -0.1429    0.9886
   0.9724    0.2327    -0.01414
   -0.228    0.962    0.1502
 Node:         47
  0.1107E+03  0.1269E+03  0.5087E+03  0.0000E+00
  -1.665E-16
  -3.123E-17
   1.11E-16
  -2.776E-17
   3.99E-17
   0.0
   1.289E-16
   -1.114E-17
   -1.732E-16
   2.6185783853075704E-16
   -1.8479999999999997E-17
   1.2344096888796688E-16
   -0.1292    0.939    0.3186
   -0.1008    -0.3321    0.9379
   -0.9865    -0.08906    -0.1376
 Node:         48
  0.1125E+03  0.1242E+03  0.5208E+03  0.0000E+00
   1.11E-16
   3.469E-18
   1.11E-16
   0.0
  -1.735E-18
   1.11E-16
   1.149E-16
   1.11E-16
   1.071E-16
   6.75499814951862E-18
   1.1099999999999999E-16
   3.1843366656181307E-18
   -0.6325    -0.7071    0.3162
   0.4472    -4.455E-15    0.8944
   -0.6325    0.7071    0.3162
 Node:         49
  0.1186E+03  0.1311E+03  0.4938E+03  0.0000E+00
  -1.665E-16
  -2.082E-17
   0.0
  -4.163E-17
  -6.072E-18
  -5.551E-17
   2.581E-18
   -4.165E-17
   -1.83E-16
   1.6789358448433935E-16
   -7.402300000000001E-17
   7.914579473772858E-17
   0.1174    -0.9929    0.01965
   -0.3135    -0.01827    0.9494
   -0.9423    -0.1176    -0.3134
 Node:         50
  0.1180E+03  0.1298E+03  0.5075E+03  0.0000E+00
   0.0
  -1.301E-17
   3.331E-16
  -4.163E-17
   1.247E-17
   2.22E-16
   3.354E-16
   2.276E-16
   -7.879E-18
   3.040655120874448E-16
   1.8504033333333332E-16
   1.4333785701466156E-16
   0.05441    -0.9902    -0.1289
   -0.1707    -0.1364    0.9758
   0.9838    0.03109    0.1765
 Node:         51
  0.1192E+03  0.1275E+03  0.5206E+03  0.0000E+00
   0.0
  -3.469E-18
  -5.551E-17
   0.0
   1.475E-17
   1.11E-16
   1.123E-16
   2.087E-19
   -5.702E-17
   1.491791641607165E-16
   1.849623333333333E-17
   7.03237323931892E-17
   -0.002705    0.08758    0.9962
   0.9982    -0.06004    0.007989
   -0.06051    -0.9943    0.08725
 Node:         52
  0.1262E+03  0.1305E+03  0.4920E+03  0.0000E+00
   1.11E-16
  -1.388E-17
   1.11E-16
   1.301E-18
   4.906E-18
   0.0
   1.25E-16
   9.734E-17
   -2.497E-19
   1.1396559238686912E-16
   7.403009999999999E-17
   5.372389546579809E-17
   -0.7047    0.7092    0.02051
   0.7093    0.7034    0.04493
   -0.01744    -0.04621    0.9988
 Node:         53
  0.1258E+03  0.1304E+03  0.5063E+03  0.0000E+00
  -1.665E-16
  -1.735E-18
  -1.11E-16
   2.776E-17
   3.383E-17
  -2.22E-16
   -1.01E-16
   -1.572E-16
   -2.414E-16
   1.2239330047024632E-16
   -1.6653333333333332E-16
   5.769675515620921E-17
   0.09684    0.9526    0.2883
   -0.9346    0.1866    -0.3027
   -0.3422    -0.2402    0.9084
 Node:         54
  0.1265E+03  0.1288E+03  0.5200E+03  0.0000E+00
  -2.22E-16
   2.082E-17
   1.11E-16
   0.0
  -4.337E-18
   1.11E-16
   1.16E-16
   1.073E-16
   -2.233E-16
   3.350347295430729E-16
   0.0
   1.5793688612860518E-16
   -0.04656    -0.7562    0.6527
   -0.04117    -0.6514    -0.7576
   -0.9981    0.06215    8.061E-4
 Node:         55
  0.1381E+03  0.1167E+03  0.4528E+03  0.5075E-02
   0.007051
  -0.004433
   0.001431
  -0.001513
   0.006523
  -0.01552
   0.01033
   3.672E-4
   -0.01774
   0.024648052414744655
   -0.0023475999999999996
   0.011619203337004938
   0.8189    -0.5433    -0.185
   0.5739    0.7753    0.2636
   1.897E-4    -0.322    0.9467
 Node:         56
  0.1314E+03  0.1156E+03  0.4684E+03  0.5075E-02
   0.01097
  -0.005826
   0.001793
  -0.004875
   0.003662
  -0.007223
   0.01538
   -8.811E-4
   -0.008968
   0.02147843603268171
   0.0018436333333333333
   0.01012503184532715
   -0.8613    0.4384    0.2568
   0.4805    0.8671    0.1313
   0.1651    -0.2365    0.9575
 Node:         57
  0.1285E+03  0.1140E+03  0.4823E+03  0.5075E-02
   0.003338
  -0.002358
   0.001575
  -0.001468
   0.001024
  -3.994E-6
   0.005551
   -6.145E-5
   -5.81E-4
   0.005889437630410904
   0.0016361833333333334
   0.0027763075238925214
   -0.7819    0.5427    0.3067
   0.5722    0.8201    0.007664
   0.2474    -0.1815    0.9518
 Node:         58
  0.1478E+03  0.1175E+03  0.4533E+03  0.5075E-02
   0.006101
  -0.004441
   0.004651
  -7.418E-4
   0.004385
  -0.0287
   0.01018
   0.001139
   -0.02927
   0.035796294933973266
   -0.0059836666666666675
   0.0168745352594441
   0.7409    -0.6657    -0.08921
   0.6717    0.7352    0.09135
   0.00478    -0.1276    0.9918
 Node:         59
  0.1416E+03  0.1165E+03  0.4692E+03  0.5075E-02
   0.01582
  -0.008498
   0.004505
  -0.009457
   0.00726
  -0.007438
   0.0247
   2.122E-4
   -0.01202
   0.03238547101463865
   0.0042974
   0.01526665744424758
   -0.8143    0.4667    0.3451
   0.5344    0.8349    0.1318
   0.2266    -0.2917    0.9293
 Node:         60
  0.1375E+03  0.1150E+03  0.4832E+03  0.5075E-02
   0.006365
  -0.004367
   0.002988
  -0.004533
   0.002991
   0.001708
   0.01217
   1.104E-6
   -0.001115
   0.012763599472672903
   0.003685368
   0.006016818492984035
   -0.7342    0.4989    0.4605
   0.532    0.8442    -0.06634
   0.4218    -0.1963    0.8852
 Node:         61
  0.1549E+03  0.1216E+03  0.4539E+03  0.5075E-02
   0.01269
  -0.003936
  -0.003978
   0.003481
  -0.006234
  -0.01219
   0.01447
   -0.002348
   -0.0156
   0.02610235169481861
   -0.0011593333333333327
   0.01230476659221494
   0.9464    -0.2646    0.1854
   0.3199    0.8475    -0.4236
   -0.04508    0.4602    0.8867
 Node:         62
  0.1489E+03  0.1199E+03  0.4700E+03  0.5075E-02
   0.01967
  -0.0141
   0.00419
  -0.009191
   0.004352
   0.009022
   0.03241
   0.004719
   -0.004238
   0.03309150369807936
   0.010963666666666668
   0.015599484443047753
   -0.7948    0.4584    0.3977
   0.2925    -0.2848    0.9129
   0.5318    0.8419    0.09224
 Node:         63
  0.1436E+03  0.1181E+03  0.4839E+03  0.5075E-02
   0.004938
  -0.007166
   0.007703
  -0.003685
   0.005156
   0.003628
   0.01668
   6.618E-4
   -0.001075
   0.016953454374846445
   0.005422266666666667
   0.007991935035327108
   -0.5645    0.7009    0.4361
   -0.4525    0.1792    -0.8736
   -0.6904    -0.6904    0.216
 Node:         64
  0.1411E+03  0.1253E+03  0.4527E+03  0.5075E-02
  -0.01015
  -0.006436
   0.01232
  -1.705E-4
   3.802E-4
  -0.01013
   0.01404
   -0.01013
   -0.01187
   0.025085300476573928
   -0.0026533333333333335
   0.01182532405005837
   -0.2572    0.9662    0.01702
   -0.033    -0.02638    0.9991
   0.9658    0.2564    0.03867
 Node:         65
  0.1339E+03  0.1229E+03  0.4684E+03  0.5075E-02
   0.003395
  -0.01021
   0.008086
  -0.00287
   0.001002
  -0.006246
   0.01651
   -0.003793
   -0.007482
   0.02237673561983517
   0.0017450000000000002
   0.010548494331736007
   0.6257    -0.7719    -0.1129
   -0.6344    -0.5877    0.5021
   -0.4539    -0.2425    -0.8574
 Node:         66
  0.1299E+03  0.1214E+03  0.4825E+03  0.5075E-02
   0.003436
  -0.003209
   0.00265
  -0.001342
   0.001033
  -1.284E-4
   0.006694
   -1.568E-4
   -5.79E-4
   0.007071359221535843
   0.0019860666666666666
   0.003333470705169347
   -0.7296    0.6403    0.2404
   0.5841    0.7662    -0.2681
   0.3558    0.05517    0.9329
 Node:         67
  0.1496E+03  0.1241E+03  0.4533E+03  0.5075E-02
  -0.005211
  -0.004953
   0.01146
  -9.259E-5
   0.001306
  -0.02586
   0.01286
   -0.006568
   -0.02591
   0.033575832439419875
   -0.006539333333333334
   0.015827799201264703
   -0.2643    0.9639    0.03314
   0.9644    0.264    0.01324
   -0.004015    -0.03546    0.9994
 Node:         68
  0.1430E+03  0.1222E+03  0.4692E+03  0.5075E-02
   0.01357
  -0.01066
   0.009861
  -0.007554
   0.003157
  -0.01386
   0.02415
   0.001225
   -0.01581
   0.03473145872260479
   0.0031883333333333334
   0.016372566655503008
   -0.7629    0.6139    0.2026
   0.5992    0.7892    -0.1349
   0.2427    -0.01846    0.9699
 Node:         69
  0.1379E+03  0.1205E+03  0.4831E+03  0.5075E-02
   0.006918
  -0.004532
   0.003307
  -0.003614
   0.002154
   4.823E-5
   0.01153
   2.642E-4
   -0.001519
   0.012255089817704314
   0.0034250666666666672
   0.0057771047427659546
   -0.7814    0.5208    0.3438
   0.5136    0.8496    -0.1198
   0.3544    -0.08297    0.9314
 Node:         70
  0.1551E+03  0.1236E+03  0.4539E+03  0.5075E-02
  -7.883E-4
  -0.006472
   0.007439
  -0.003814
   0.002922
  -0.0339
   0.01142
   -0.004222
   -0.03445
   0.04038849494596203
   -0.009084
   0.019039319105472234
   -0.4896    0.8665    0.09706
   0.8659    0.4962    -0.06244
   0.1023    -0.05348    0.9933
 Node:         71
  0.1491E+03  0.1219E+03  0.4700E+03  0.5075E-02
   0.02152
  -0.009245
   0.007977
  -0.01425
   0.005615
  -0.01195
   0.03156
   0.00337
   -0.01738
   0.042546223099118916
   0.005849999999999998
   0.020056481911508474
   -0.849    0.4117    0.3311
   0.4178    0.9068    -0.05616
   0.3234    -0.09067    0.9419
 Node:         72
  0.1435E+03  0.1199E+03  0.4838E+03  0.5075E-02
   0.01059
  -0.004692
   0.002667
  -0.006177
   0.002765
   0.001166
   0.01588
   4.906E-4
   -0.00195
   0.016743641490428538
   0.004806866666666666
   0.0078930282930923
   -0.825    0.3804    0.4179
   0.4055    0.9136    -0.03117
   0.3936    -0.1437    0.908
 Node:         73
  0.1441E+03  0.1339E+03  0.4525E+03  0.0000E+00
   0.01194
   1.835E-4
  -0.00925
  -0.002454
   0.001829
   9.075E-4
   0.01246
   7.211E-4
   -0.009586
   0.019105813246496472
   0.0011983666666666667
   0.009006566737787615
   -0.9778    0.009354    0.2091
   -0.2074    -0.1802    -0.9615
   -0.02869    0.9836    -0.1781
 Node:         74
  0.1364E+03  0.1303E+03  0.4684E+03  0.0000E+00
   0.02088
   0.007697
  -0.001064
   0.001759
   0.003145
   0.005403
   0.0237
   0.005678
   -0.00415
   0.024464306325747313
   0.008409333333333333
   0.011532584599973916
   -0.9397    -0.3104    -0.1437
   -0.2131    0.2026    0.9558
   -0.2676    0.9288    -0.2565
 Node:         75
  0.1313E+03  0.1288E+03  0.4826E+03  0.0000E+00
   0.009501
   0.003191
   6.651E-4
   9.32E-4
   4.827E-4
   7.742E-4
   0.01064
   6.933E-4
   -3.945E-4
   0.010532813963514213
   0.0036462666666666668
   0.004965216119051505
   -0.9458    -0.3075    -0.1044
   -0.1474    0.1202    0.9817
   -0.2894    0.9439    -0.1591
 Node:         76
  0.1514E+03  0.1308E+03  0.4532E+03  0.0000E+00
   0.009092
  -9.609E-4
  -0.00887
  -0.002681
   3.176E-5
  -0.00265
   0.009723
   -0.003228
   -0.008924
   0.016551184640381484
   -8.096666666666663E-4
   0.007802303263922918
   -0.976    0.0508    0.2116
   0.2103    -0.03031    0.9772
   -0.05606    -0.9982    -0.0189
 Node:         77
  0.1444E+03  0.1280E+03  0.4691E+03  0.0000E+00
   0.02492
   0.0072
  -0.001114
   0.002263
   0.00129
   0.001985
   0.02703
   0.001829
   -0.003068
   0.02797284946157613
   0.008596999999999999
   0.013186527695593963
   -0.9629    -0.2508    -0.0999
   -0.1311    0.1109    0.9851
   -0.236    0.9616    -0.1397
 Node:         78
  0.1384E+03  0.1261E+03  0.4830E+03  0.0000E+00
   0.011
   0.003876
   7.616E-4
   0.001331
   5.863E-4
   5.408E-4
   0.01248
   3.837E-4
   -5.591E-4
   0.012594194582028657
   0.004101533333333333
   0.005936960261690227
   -0.9406    -0.3173    -0.1205
   -0.1579    0.09502    0.9829
   -0.3004    0.9436    -0.1395
 Node:         79
  0.1554E+03  0.1257E+03  0.4538E+03  0.0000E+00
   0.004576
  -0.002162
  -0.03099
  -0.007072
   4.989E-4
  -0.002351
   0.009097
   -0.00674
   -0.03112
   0.03508989924465443
   -0.009587666666666666
   0.016541537138031907
   0.8486    -0.05233    -0.5265
   0.5257    -0.02939    0.8502
   -0.05996    -0.9982    0.002573
 Node:         80
  0.1492E+03  0.1238E+03  0.4700E+03  0.0000E+00
   0.0297
   0.001795
  -0.01926
   0.004441
   0.002121
   0.002323
   0.03049
   0.001776
   -0.0195
   0.04345205445085422
   0.004255333333333334
   0.02048349490579075
   -0.9864    -0.04236    -0.1587
   -0.1619    0.08534    0.9831
   0.0281    -0.9955    0.09104
 Node:         81
  0.1433E+03  0.1217E+03  0.4837E+03  0.0000E+00
   0.01299
   0.002869
  -0.001621
   0.004483
   0.001301
   0.001797
   0.01515
   2.533E-4
   -0.002238
   0.016285895593733862
   0.004388433333333333
   0.007677244808016886
   -0.9263    -0.1839    -0.3288
   -0.3515    0.1075    0.93
   0.1357    -0.977    0.1642
 Node:         82
  0.1267E+03  0.1148E+03  0.4558E+03  0.8380E-02
   0.008421
  -0.005265
  -0.002745
  -0.002079
  -5.991E-4
  -0.003275
   0.01072
   -0.002683
   -0.005639
   0.015099589828866212
   7.993333333333336E-4
   0.0071180149074178125
   -0.9262    0.3566    0.1223
   -0.09016    -0.5245    0.8466
   0.3661    0.7731    0.5179
 Node:         83
  0.1234E+03  0.1129E+03  0.4717E+03  0.8380E-02
   0.003394
  -0.004128
  -0.002211
  -0.004696
   2.871E-4
   0.001794
   0.008461
   -3.589E-4
   -0.005125
   0.011939131903534695
   9.923666666666663E-4
   0.005628160753646691
   -0.7701    0.3129    0.5559
   0.3111    -0.5765    0.7555
   0.5569    0.7548    0.3466
 Node:         84
  0.1187E+03  0.1123E+03  0.4849E+03  0.8380E-02
   3.637E-4
  -4.011E-4
  -2.15E-4
  -0.001366
   6.818E-5
   0.002102
   0.002873
   1.565E-5
   -6.373E-4
   0.003233651095511079
   7.5045E-4
   0.0015243577450847947
   -0.4866    0.08241    0.8697
   -0.5103    0.7812    -0.3595
   -0.7091    -0.6188    -0.3381
 Node:         85
  0.1302E+03  0.1161E+03  0.4546E+03  0.8380E-02
   0.00957
  -0.005955
  -0.002594
  -0.002011
  -0.001135
  -0.006244
   0.01211
   -0.003767
   -0.007615
   0.01811024375871291
   2.426666666666665E-4
   0.008537250780484831
   -0.9261    0.3689    0.07862
   0.262    0.7791    -0.5696
   0.2714    0.5069    0.8182
 Node:         86
  0.1252E+03  0.1138E+03  0.4700E+03  0.8380E-02
  -0.003569
  -0.004439
   0.00763
  -0.01009
   9.126E-4
  -2.498E-4
   0.01171
   0.004636
   -0.01253
   0.021590398699421927
   0.001272
   0.010177811552588307
   0.5288    -0.6869    -0.4986
   -0.3568    -0.7129    0.6037
   0.7701    0.1414    0.6221
 Node:         87
  0.1217E+03  0.1126E+03  0.4833E+03  0.8380E-02
   0.001152
  -3.233E-4
  -1.637E-4
  -0.002128
   2.799E-4
   0.002353
   0.004006
   -1.777E-4
   -4.863E-4
   0.0043462247376315
   0.0011140000000000002
   0.0020488299896933046
   -0.602    0.09985    0.7922
   0.1818    -0.9489    0.2578
   0.7775    0.2992    0.5531
 Node:         88
  0.1338E+03  0.1169E+03  0.4530E+03  0.8380E-02
   0.00539
  -0.005932
  -1.825E-4
  -0.002032
   0.0014
  -0.003067
   0.009637
   -0.003527
   -0.003969
   0.013390472284426715
   7.136666666666663E-4
   0.006312329170405767
   -0.828    0.5274    0.1905
   0.2693    0.07592    0.9601
   0.4919    0.8462    -0.2049
 Node:         89
  0.1270E+03  0.1150E+03  0.4683E+03  0.8380E-02
   0.008931
  -0.005194
  -3.392E-4
  -0.005264
   4.982E-4
   3.848E-4
   0.01324
   -4.541E-4
   -0.003806
   0.01564176659492143
   0.0029932999999999995
   0.007373599486004104
   -0.8641    0.3441    0.3673
   0.05752    -0.6574    0.7513
   0.5    0.6704    0.5483
 Node:         90
  0.1248E+03  0.1132E+03  0.4822E+03  0.8380E-02
   0.002458
  -0.001738
   8.548E-4
  -0.001341
   7.157E-4
   6.348E-4
   0.004212
   3.476E-5
   -2.995E-4
   0.004354003675653019
   0.0013157533333333332
   0.002052497016243602
   -0.7811    0.4875    0.3903
   0.1201    -0.496    0.86
   0.6128    0.7186    0.3289
 Node:         91
  0.1258E+03  0.1260E+03  0.4547E+03  0.8380E-02
  -0.01105
  -0.009637
   0.008874
  -0.00361
   1.92E-4
  -0.003941
   0.01291
   -0.003178
   -0.01586
   0.02497368382918307
   -0.0020426666666666666
   0.011772707457882782
   -0.3834    0.9189    0.09258
   -0.2128    -0.1854    0.9593
   -0.8987    -0.3481    -0.2666
 Node:         92
  0.1208E+03  0.1232E+03  0.4725E+03  0.8380E-02
   0.003628
  -0.006657
  -9.046E-4
  -0.005627
  -2.454E-4
  -6.446E-4
   0.01032
   -5.106E-4
   -0.007729
   0.015734891100989544
   6.934666666666665E-4
   0.007417498799161045
   -0.7933    0.4618    0.3968
   0.009737    -0.6419    0.7667
   0.6088    0.612    0.5047
 Node:         93
  0.1159E+03  0.1217E+03  0.4876E+03  0.8380E-02
   0.002114
   1.0E-4
  -5.037E-4
  -0.002744
  -0.001167
   0.001828
   0.004865
   5.692E-5
   -0.001483
   0.005735245892409497
   0.001146306666666667
   0.0027036208415300318
   -0.6997    -0.1642    0.6954
   0.5639    -0.7245    0.3964
   -0.4387    -0.6695    -0.5995
 Node:         94
  0.1312E+03  0.1262E+03  0.4538E+03  0.8380E-02
  -0.01415
  -0.009527
   0.01074
  -0.002324
  -7.395E-4
  -0.006656
   0.01397
   -0.006127
   -0.01791
   0.027920090418908028
   -0.0033556666666666665
   0.013161656844367613
   -0.321    0.9471    0.00222
   -0.1999    -0.07004    0.9773
   -0.9257    -0.3133    -0.2118
 Node:         95
  0.1249E+03  0.1234E+03  0.4705E+03  0.8380E-02
   0.007209
  -0.005989
   0.002913
  -0.006321
   2.141E-4
  -0.006791
   0.01291
   -3.695E-6
   -0.009575
   0.019544163105081398
   0.001110435
   0.00921320684281266
   -0.8235    0.4991    0.2697
   -0.4007    -0.8482    0.3464
   0.4016    0.1772    0.8985
 Node:         96
  0.1205E+03  0.1222E+03  0.4852E+03  0.8380E-02
   0.004016
  -3.232E-4
   4.835E-5
  -0.00324
  -2.085E-4
   4.749E-4
   0.005943
   1.189E-4
   -0.001523
   0.006795481308192968
   0.0015129666666666667
   0.003203420609633119
   -0.8604    0.02917    0.5088
   0.08472    -0.9763    0.1992
   0.5025    0.2145    0.8375
 Node:         97
  0.1367E+03  0.1259E+03  0.4527E+03  0.8380E-02
  -0.01104
  -0.007797
   0.01168
  -0.00275
  -5.094E-4
  -0.009199
   0.0141
   -0.007833
   -0.01483
   0.0261434446659196
   -0.0028543333333333333
   0.012324138004564682
   -0.2975    0.9546    0.01425
   -0.4187    -0.1439    0.8967
   -0.858    -0.2608    -0.4425
 Node:         98
  0.1295E+03  0.1232E+03  0.4685E+03  0.8380E-02
   0.004119
  -0.009621
   0.005941
  -0.005081
  -7.005E-5
  -0.006565
   0.01523
   -0.001917
   -0.00982
   0.02218084216164932
   0.0011643333333333332
   0.010456149269953809
   -0.6866    0.7097    0.1578
   0.5191    0.6305    -0.5771
   0.509    0.3143    0.8013
 Node:         99
  0.1260E+03  0.1218E+03  0.4827E+03  0.8380E-02
   0.003389
  -0.002587
   0.001568
  -0.001782
   7.46E-4
   1.584E-5
   0.005835
   1.696E-6
   -8.636E-4
   0.006310602771686395
   0.0016576986666666665
   0.002974846675489381
   -0.7882    0.532    0.3095
   -0.3254    -0.7871    0.5241
   0.5224    0.3123    0.7934
 Node:        100
  0.1249E+03  0.1372E+03  0.4534E+03  0.0000E+00
   0.01462
   0.001537
  -0.005327
  -0.002167
  -0.001081
   0.006818
   0.01534
   0.006294
   -0.005514
   0.01811281722979614
   0.005373333333333334
   0.008538463926387591
   -0.963    -0.08499    0.2558
   -0.2609    0.05515    -0.9638
   -0.06781    0.9949    0.07528
 Node:        101
  0.1187E+03  0.1336E+03  0.4717E+03  0.0000E+00
   0.01249
   0.003549
   7.227E-5
   0.002817
   0.002067
   0.0112
   0.01579
   0.008985
   -0.001012
   0.01463822458496931
   0.007921
   0.006900525245708957
   -0.7704    -0.2511    -0.5861
   0.5943    0.05042    -0.8027
   -0.2311    0.9667    -0.1103
 Node:        102
  0.1139E+03  0.1312E+03  0.4875E+03  0.0000E+00
   0.00389
   0.002698
   0.001945
   0.002351
   0.001892
   0.00212
   0.007479
   4.942E-4
   -1.746E-5
   0.0072541760223749745
   0.0026519133333333333
   0.003419651371561467
   -0.7057    -0.5116    -0.4901
   0.5839    -0.02819    -0.8113
   -0.4013    0.8588    -0.3186
 Node:        103
  0.1322E+03  0.1364E+03  0.4528E+03  0.0000E+00
   0.01434
   9.628E-4
  -0.009947
  -0.002551
  -0.001169
   0.007523
   0.01525
   0.006712
   -0.01005
   0.02229295951640338
   0.003970666666666667
   0.010509001897844004
   -0.9461    -0.051    0.3199
   -0.3223    0.04774    -0.9454
   -0.03294    0.9976    0.0616
 Node:        104
  0.1249E+03  0.1330E+03  0.4701E+03  0.0000E+00
   0.01531
   0.004563
  -0.003342
   0.003006
   0.002602
   0.01206
   0.01837
   0.01027
   -0.004613
   0.020190740179597183
   0.008009
   0.009518006198779239
   0.8364    0.2351    0.4952
   -0.5082    -0.005744    0.8612
   0.2053    -0.972    0.1147
 Node:        105
  0.1200E+03  0.1317E+03  0.4853E+03  0.0000E+00
   0.005978
   0.002895
   0.00123
   0.002614
   0.001769
   0.002006
   0.008788
   7.777E-4
   -3.515E-4
   0.00863048257573121
   0.0030714
   0.004068448502807919
   -0.8108    -0.4087    -0.4191
   -0.5334    0.2209    0.8165
   0.2411    -0.8855    0.3971
 Node:        106
  0.1396E+03  0.1350E+03  0.4524E+03  0.0000E+00
   0.01296
   3.692E-4
  -0.01452
  -0.002659
   4.162E-5
   0.005443
   0.01381
   0.004599
   -0.01453
   0.02503913698592665
   0.0012929999999999997
   0.01180356237187175
   0.9529    0.01197    -0.3029
   -0.3029    -0.007921    -0.953
   -0.01381    0.9999    -0.003922
 Node:        107
  0.1320E+03  0.1315E+03  0.4685E+03  0.0000E+00
   0.01921
   0.006503
  -0.005232
   0.002606
   0.002742
   0.008994
   0.02164
   0.00844
   -0.007117
   0.024932160937231253
   0.0076543333333333324
   0.011753133378900377
   -0.9357    -0.2517    -0.2473
   -0.271    0.06372    0.9605
   -0.2259    0.9657    -0.1278
 Node:        108
  0.1273E+03  0.1303E+03  0.4831E+03  0.0000E+00
   0.008379
   0.00301
   6.33E-4
   0.001602
   8.193E-4
   0.001106
   0.009777
   7.929E-4
   -4.517E-4
   0.009666679514186864
   0.0033727333333333337
   0.004556916424025742
   -0.9249    -0.3225    -0.2013
   0.254    -0.1302    -0.9584
   -0.2829    0.9376    -0.2023
 Node:        109
  0.1018E+03  0.1092E+03  0.4946E+03 -0.4797E-04
   0.0
   1.388E-16
   1.11E-16
   5.551E-17
  -1.388E-17
   0.0
   2.069E-16
   2.266E-17
   -1.186E-16
   2.827092280064448E-16
   3.698666666666666E-17
   1.3327040815158061E-16
   -0.5724    -0.814    -0.09897
   0.2904    -0.3141    0.9039
   0.7668    -0.4887    -0.4162
 Node:        110
  0.1058E+03  0.1118E+03  0.5081E+03 -0.4797E-04
   0.0
   2.776E-17
   0.0
  -1.388E-17
  -5.204E-17
   2.22E-16
   2.353E-16
   1.788E-17
   -3.112E-17
   2.456135916434593E-16
   7.402E-17
   1.157833574684491E-16
   -0.08376    -0.2246    0.9708
   0.7726    0.6007    0.2056
   0.6293    -0.7673    -0.1232
 Node:        111
  0.1108E+03  0.1137E+03  0.5210E+03 -0.4797E-04
   0.0
   5.551E-17
  -1.11E-16
  -2.776E-17
   3.261E-16
  -2.22E-16
   1.68E-16
   2.779E-18
   -5.038E-16
   6.063148942925615E-16
   -1.1100700000000001E-16
