 Group name: gastroc_Strain
 #Fields=  16
 1) coordinates, coordinate, rectangular cartesian, #Components=3
   x.  Value index= 1, #Derivatives=0
   y.  Value index= 2, #Derivatives=0
   z.  Value index= 3, #Derivatives=0
 2) Tensor_1, field, rectangular cartesian, #Components=1
   Tensor_1.  Value index= 4, #Derivatives=0
 3) Tensor_2, field, rectangular cartesian, #Components=1
   Tensor_2.  Value index= 5, #Derivatives=0
 4) Tensor_3, field, rectangular cartesian, #Components=1
   Tensor_3.  Value index= 6, #Derivatives=0
 5) Tensor_4, field, rectangular cartesian, #Components=1
   Tensor_4.  Value index= 7, #Derivatives=0
 6) Tensor_5, field, rectangular cartesian, #Components=1
   Tensor_5.  Value index= 8, #Derivatives=0
 7) Tensor_6, field, rectangular cartesian, #Components=1
   Tensor_6.  Value index= 9, #Derivatives=0
 8) Principal_1, field, rectangular cartesian, #Components=1
   Principal_1.  Value index= 10, #Derivatives=0
 9) Principal_2, field, rectangular cartesian, #Components=1
   Principal_2.  Value index= 11, #Derivatives=0
 10) Principal_3, field, rectangular cartesian, #Components=1
   Principal_3.  Value index= 12, #Derivatives=0
 11) VonMises, field, rectangular cartesian, #Components=1
   VonMises.  Value index= 13, #Derivatives=0
 12) Hydrostatic, field, rectangular cartesian, #Components=1
   VonMises.  Value index= 14, #Derivatives=0
 13) Octahedral, field, rectangular cartesian, #Components=1
   VonMises.  Value index= 15, #Derivatives=0
 14) PrincipalVector1, field, rectangular cartesian, #Components=3
   x.  Value index= 16, #Derivatives=0
   y.  Value index= 17, #Derivatives=0
   z.  Value index= 18, #Derivatives=0
 15) PrincipalVector2, field, rectangular cartesian, #Components=3
   x.  Value index= 19, #Derivatives=0
   y.  Value index= 20, #Derivatives=0
   z.  Value index= 21, #Derivatives=0
 16) PrincipalVector3, field, rectangular cartesian, #Components=3
   x.  Value index= 22, #Derivatives=0
   y.  Value index= 23, #Derivatives=0
   z.  Value index= 24, #Derivatives=0
 Node:          1
  0.1287E+03  0.1133E+03  0.4908E+03 -0.8793E-01
  -1.11E-16
  -8.327E-17
  -2.22E-16
  -2.776E-17
  -4.163E-17
  -3.331E-16
   -6.637E-17
   -2.4E-16
   -3.598E-16
   2.5553921597281306E-16
   -2.2205666666666663E-16
   1.204623416489799E-16
   0.8837    -0.4676    -0.01897
   0.4046    0.7837    -0.4712
   0.2352    0.4088    0.8818
 Node:          2
  0.1292E+03  0.1137E+03  0.5052E+03 -0.8793E-01
  -5.551E-17
  -1.11E-16
  -1.665E-16
  -5.551E-17
   1.943E-16
  -2.776E-16
   8.603E-17
   -1.6E-16
   -4.256E-16
   4.4319260925696854E-16
   -1.6652333333333334E-16
   2.089229995849082E-16
   -0.6554    0.6199    0.4313
   0.7522    0.4849    0.4462
   -0.06744    -0.6169    0.7841
 Node:          3
  0.1289E+03  0.1155E+03  0.5194E+03 -0.8793E-01
   2.22E-16
   1.388E-16
   3.331E-16
   1.11E-16
   5.551E-17
   2.22E-16
   4.753E-16
   2.118E-16
   9.006E-17
   3.4107384479024473E-16
   2.590533333333333E-16
   1.6078375235770005E-16
   -0.5696    -0.7144    -0.4063
   0.2395    -0.6172    0.7494
   -0.7862    0.3296    0.5227
 Node:          4
  0.1361E+03  0.1141E+03  0.4915E+03 -0.8793E-01
   0.0
  -2.776E-17
  -1.11E-16
  -2.776E-17
  -8.327E-17
   2.22E-16
   2.435E-16
   6.328E-18
   -1.388E-16
   3.3426485304919515E-16
   3.700933333333334E-17
   1.5757396286894045E-16
   -0.08549    -0.2215    0.9714
   0.9681    -0.2491    0.0284
   0.2357    0.9428    0.2357
 Node:          5
  0.1341E+03  0.1144E+03  0.5054E+03 -0.8793E-01
   3.331E-16
   1.388E-16
   3.331E-16
   5.551E-17
  -6.939E-17
   4.441E-16
   4.814E-16
   4.627E-16
   1.662E-16
   3.062784517395894E-16
   3.7010000000000004E-16
   1.4438104677092028E-16
   -0.348    -0.6443    0.681
   -0.6589    -0.3487    -0.6665
   0.6669    -0.6807    -0.3032
 Node:          6
  0.1323E+03  0.1162E+03  0.5191E+03 -0.8793E-01
   2.22E-16
   5.551E-17
   2.22E-16
  -5.551E-17
  -2.776E-17
   0.0
   2.897E-16
   1.685E-16
   -1.402E-17
   2.648101478418076E-16
   1.4806E-16
   1.2483270084396958E-16
   -0.715    -0.6696    0.2012
   0.6656    -0.7399    -0.09741
   -0.2141    -0.06426    -0.9747
 Node:          7
  0.1408E+03  0.1171E+03  0.4920E+03 -0.8793E-01
   3.331E-16
   2.22E-16
   2.22E-16
  -8.327E-17
  -1.11E-16
   0.0
   5.398E-16
   6.158E-17
   -4.631E-17
   5.403052621435404E-16
   1.8502333333333335E-16
   2.5470234318164845E-16
   -0.7537    -0.6111    0.2419
   -0.656    0.677    -0.3335
   -0.04004    0.4101    0.9112
 Node:          8
  0.1367E+03  0.1169E+03  0.5055E+03 -0.8793E-01
   2.22E-16
   1.943E-16
   2.22E-16
  -4.025E-16
  -2.359E-16
  -2.22E-16
   6.547E-16
   4.477E-17
   -4.775E-16
   9.814930967154074E-16
   7.399000000000001E-17
   4.626802829168323E-16
   -0.6847    -0.5611    0.4652
   0.5685    -0.8105    -0.1409
   -0.4561    -0.1681    -0.8739
 Node:          9
  0.1339E+03  0.1180E+03  0.5191E+03 -0.8793E-01
   2.22E-16
   1.665E-16
   0.0
  -3.955E-16
  -2.776E-16
   6.661E-16
   1.002E-15
   -9.379E-18
   -1.046E-16
   1.062195387036208E-15
   2.96007E-16
   5.007237074122481E-16
   -0.4817    -0.3073    0.8207
   -0.8565    -0.03292    -0.515
   -0.1853    0.951    0.2474
 Node:         10
  0.1294E+03  0.1212E+03  0.4911E+03 -0.8793E-01
   0.0
   2.776E-17
   1.11E-16
  -1.388E-17
   1.249E-16
   1.11E-16
   2.363E-16
   2.303E-17
   -3.732E-17
   2.48992088026909E-16
   7.400333333333333E-17
   1.173759959370834E-16
   0.0421    0.71    0.703
   -0.7813    -0.4152    0.4661
   -0.6228    0.5688    -0.5372
 Node:         11
  0.1295E+03  0.1214E+03  0.5055E+03 -0.8793E-01
  -2.22E-16
  -2.776E-17
  -2.22E-16
  -4.163E-17
   1.388E-17
  -1.665E-16
   -1.365E-16
   -2.183E-16
   -2.558E-16
   1.0566451627675205E-16
   -2.035333333333333E-16
   4.9810730660058464E-17
   -0.4935    0.2929    0.8189
   0.3541    -0.7924    0.4968
   -0.7944    -0.5351    -0.2873
 Node:         12
  0.1295E+03  0.1217E+03  0.5196E+03 -0.8793E-01
   1.11E-16
   0.0
   1.11E-16
   7.633E-17
   2.776E-17
   2.22E-16
   2.649E-16
   1.11E-16
   6.816E-17
   1.792025435087348E-16
   1.4801999999999999E-16
   8.447688914726913E-17
   -0.4387    -0.1595    -0.8844
   0.3417    -0.9398    -2.255E-17
   0.8311    0.3022    -0.4668
 Node:         13
  0.1361E+03  0.1199E+03  0.4914E+03 -0.8793E-01
   1.11E-16
  -1.388E-16
   0.0
  -9.714E-17
   2.776E-17
  -1.665E-16
   2.285E-16
   -8.52E-17
   -1.988E-16
   3.833392361864358E-16
   -1.849999999999999E-17
   1.807078489348669E-16
   0.8171    -0.5252    -0.2378
   0.4648    0.8442    -0.2671
   0.341    0.1077    0.9339
 Node:         14
  0.1342E+03  0.1198E+03  0.5054E+03 -0.8793E-01
  -5.551E-17
   2.776E-17
   0.0
   5.551E-17
  -9.021E-17
   1.11E-16
   1.672E-16
   -4.94E-18
   -1.068E-16
   2.398787602102362E-16
   1.8486666666666665E-17
   1.130799320048532E-16
   0.1634    -0.4472    0.8794
   -0.6569    -0.7144    -0.2412
   -0.7361    0.5382    0.4105
 Node:         15
  0.1330E+03  0.1205E+03  0.5193E+03 -0.8793E-01
   2.22E-16
  -8.327E-17
  -5.551E-17
   1.388E-17
   4.857E-17
   0.0
   2.451E-16
   2.471E-17
   -1.033E-16
   3.0523832672192397E-16
   5.550333333333333E-17
   1.438907271354049E-16
   -0.9638    0.2667    -0.001723
   0.1157    0.4239    0.8983
   0.2403    0.8656    -0.4394
 Node:         16
  0.1404E+03  0.1188E+03  0.4918E+03 -0.8793E-01
   2.22E-16
   5.551E-17
   2.22E-16
  -8.327E-17
  -1.457E-16
   4.441E-16
   5.466E-16
   1.95E-16
   1.465E-16
   3.7818964819254375E-16
   2.9603333333333337E-16
   1.7828030987433498E-16
   -0.2927    -0.4328    0.8526
   -0.9222    -0.1077    -0.3713
   -0.2526    0.895    0.3676
 Node:         17
  0.1365E+03  0.1184E+03  0.5055E+03 -0.8793E-01
  -1.11E-16
   2.776E-17
  -1.11E-16
   9.714E-17
   1.7E-16
   0.0
   1.573E-16
   -1.341E-16
   -2.452E-16
   3.600440389730123E-16
   -7.400000000000001E-17
   1.697263876557404E-16
   0.3368    0.5285    0.7792
   0.8927    -0.4425    -0.08566
   -0.2996    -0.7244    0.6209
 Node:         18
  0.1341E+03  0.1191E+03  0.5192E+03 -0.8793E-01
   0.0
   0.0
   0.0
   2.645E-17
   1.065E-16
   4.441E-16
   4.697E-16
   -1.672E-33
   -2.562E-17
   4.830198633596759E-16
   1.4802666666666666E-16
   2.2769774721961763E-16
   -0.05484    -0.2207    -0.9738
   0.9705    -0.2411    -6.21E-17
   -0.2348    -0.9451    0.2274
 Node:         19
  0.1301E+03  0.1291E+03  0.4914E+03  0.0000E+00
   1.11E-16
   0.0
   1.11E-16
   2.101E-19
   1.001E-17
  -2.22E-16
   1.113E-16
   1.11E-16
   -2.223E-16
   3.3345010121455954E-16
   0.0
   1.5718988517077046E-16
   -0.02096    -0.9993    -0.03003
   0.9998    -0.02097    1.345E-19
   6.298E-4    0.03003    -0.9995
 Node:         20
  0.1299E+03  0.1291E+03  0.5058E+03  0.0000E+00
   2.22E-16
   0.0
   0.0
   1.041E-17
   1.924E-17
  -5.551E-17
   2.224E-16
   5.975E-18
   -6.188E-17
   2.5715676157744715E-16
   5.549833333333335E-17
   1.2122485995959007E-16
   -0.9993    -0.003257    -0.03765
   0.01428    -0.9549    -0.2965
   -0.03498    -0.2968    0.9543
 Node:         21
  0.1301E+03  0.1280E+03  0.5197E+03  0.0000E+00
   1.11E-16
   0.0
   0.0
   4.163E-17
   1.475E-17
   1.11E-16
   1.534E-16
   7.089E-17
   -2.22E-18
   1.3485280234388901E-16
   7.402333333333333E-17
   6.357022066624871E-17
   -0.6994    -0.0684    -0.7114
   -0.7126    0.1429    0.6869
   -0.05465    -0.9874    0.1487
 Node:         22
  0.1360E+03  0.1256E+03  0.4913E+03  0.0000E+00
  -2.22E-16
   1.388E-17
  -1.11E-16
  -1.388E-17
   1.006E-16
   1.11E-16
   1.5E-16
   -1.456E-16
   -2.264E-16
   3.432090907886911E-16
   -7.4E-17
   1.617903169743686E-16
   -0.02144    0.3586    0.9332
   0.228    0.9106    -0.3447
   -0.9734    0.2054    -0.1013
 Node:         23
  0.1343E+03  0.1253E+03  0.5054E+03  0.0000E+00
   0.0
   2.082E-17
  -4.441E-16
   0.0
   1.314E-16
  -1.665E-16
   1.265E-18
   -1.147E-16
   -4.972E-16
   4.517861703560657E-16
   -2.0354499999999996E-16
   2.1297404313671653E-16
   0.997    0.06061    0.04746
   0.06644    -0.3661    -0.9282
   0.03888    -0.9286    0.369
 Node:         24
  0.1336E+03  0.1248E+03  0.5194E+03  0.0000E+00
  -2.22E-16
   1.214E-17
   0.0
   1.388E-17
   8.674E-19
  -1.665E-16
   6.779E-19
   -1.633E-16
   -2.259E-16
   2.026635838733984E-16
   -1.2950736666666666E-16
   9.553652963763242E-17
   -0.05504    -0.9984    -0.009747
   0.2257    -0.02195    0.974
   -0.9726    0.05141    0.2265
 Node:         25
  0.1400E+03  0.1206E+03  0.4917E+03  0.0000E+00
   0.0
   2.671E-16
  -1.11E-16
  -8.327E-17
  -1.301E-16
   2.22E-16
   3.681E-16
   7.58E-17
   -3.329E-16
   6.098671904603493E-16
   3.699999999999999E-17
   2.8749415066513385E-16
   0.5089    0.4781    -0.7159
   0.6086    0.3883    0.692
   0.6088    -0.7878    -0.09334
 Node:         26
  0.1363E+03  0.1200E+03  0.5055E+03  0.0000E+00
   2.22E-16
   1.076E-16
  -6.106E-16
   2.776E-17
  -1.124E-15
  -5.551E-17
   8.281E-16
   2.248E-16
   -1.497E-15
   2.089815319591662E-15
   -1.4803333333333336E-16
   9.851483892738641E-16
   0.07371    0.6174    -0.7832
   0.9955    0.001018    0.09449
   -0.05914    0.7866    0.6146
 Node:         27
  0.1343E+03  0.1203E+03  0.5192E+03  0.0000E+00
   2.22E-16
  -1.943E-16
   2.22E-16
  -1.041E-16
   1.313E-15
   0.0
   1.466E-15
   1.875E-16
   -1.209E-15
   2.3173691440942246E-15
   1.4816666666666667E-16
   1.0924182908676612E-15
   -0.1693    0.728    0.6643
   0.9848    0.09849    0.1431
   0.03876    0.6785    -0.7336
 Node:         28
  0.1155E+03  0.1124E+03  0.4931E+03 -0.5254E+00
  -2.22E-16
   3.816E-17
   2.22E-16
  -5.551E-17
   5.551E-17
   1.11E-16
   2.455E-16
   1.014E-16
   -2.359E-16
   4.279497984577163E-16
   3.699999999999999E-17
   2.0173746966457835E-16
   0.03184    0.9284    0.3701
   0.1988    0.3571    -0.9127
   0.9795    -0.1026    0.1732
 Node:         29
  0.1119E+03  0.1139E+03  0.5068E+03 -0.5254E+00
  -2.22E-16
  -2.082E-17
   0.0
   5.551E-17
   6.939E-18
  -3.331E-16
   1.944E-18
   -2.004E-16
   -3.566E-16
   3.113642033631998E-16
   -1.8501866666666668E-16
   1.4677849307791052E-16
   -0.09118    0.9958    0.005517
   -0.9179    -0.08189    -0.3884
   -0.3863    -0.04048    0.9215
 Node:         30
  0.1113E+03  0.1159E+03  0.5206E+03 -0.5254E+00
   2.22E-16
   1.249E-16
   2.22E-16
   0.0
  -2.776E-17
   1.11E-16
   3.486E-16
   1.238E-16
   8.277E-17
   2.4787505905193444E-16
   1.8505666666666664E-16
   1.1684942342842583E-16
   -0.7001    -0.7092    0.08287
   -0.4685    0.3686    -0.8029
   -0.5389    0.6009    0.5903
 Node:         31
  0.1203E+03  0.1126E+03  0.4920E+03 -0.5254E+00
  -5.551E-17
   9.714E-17
  -1.11E-16
   2.776E-17
   4.163E-17
  -5.551E-17
   4.114E-17
   -7.661E-17
   -1.866E-16
   1.9726678661143135E-16
   -7.402333333333333E-17
   9.29924550105485E-17
   -0.6956    -0.5654    -0.4433
   0.4358    0.1585    -0.886
   0.5712    -0.8095    0.1362
 Node:         32
  0.1188E+03  0.1134E+03  0.5062E+03 -0.5254E+00
   2.22E-16
  -1.388E-17
  -1.11E-16
  -2.776E-17
   9.714E-17
  -5.551E-17
   2.266E-16
   1.331E-17
   -1.844E-16
   3.5602167644681415E-16
   1.8503333333333345E-17
   1.6783022777663014E-16
   -0.9894    0.07624    0.1236
   0.1445    0.5992    0.7875
   0.01402    -0.797    0.6038
 Node:         33
  0.1183E+03  0.1150E+03  0.5201E+03 -0.5254E+00
   1.11E-16
   5.551E-17
   0.0
   8.327E-17
   0.0
   0.0
   1.7E-16
   0.0
   -5.893E-17
   2.0589037107159722E-16
   3.702333333333333E-17
   9.705765171049398E-17
   -0.8617    -0.2815    -0.4222
   0.0    -0.8321    0.5547
   -0.5074    0.478    0.717
 Node:         34
  0.1255E+03  0.1129E+03  0.4909E+03 -0.5254E+00
   0.0
   0.0
   0.0
   5.551E-17
   9.714E-17
   0.0
   1.119E-16
   3.387E-33
   -1.119E-16
   1.9381648536695736E-16
   0.0
   9.136596740581255E-17
   -0.3508    -0.6139    -0.7071
   0.8682    -0.4961    -4.855E-17
   -0.3508    -0.6139    0.7071
 Node:         35
  0.1260E+03  0.1135E+03  0.5054E+03 -0.5254E+00
   0.0
   1.11E-16
  -1.11E-16
   1.11E-16
   2.498E-16
  -1.11E-16
   2.41E-16
   -1.023E-16
   -3.608E-16
   5.228959647960578E-16
   -7.403333333333333E-17
   2.4649552170824977E-16
   0.5458    0.5925    0.5925
   0.8379    -0.3859    -0.3859
   -4.975E-17    -0.7071    0.7071
 Node:         36
  0.1257E+03  0.1153E+03  0.5196E+03 -0.5254E+00
   0.0
  -5.551E-17
   0.0
  -5.551E-17
   8.327E-17
   0.0
   1.305E-16
   -4.723E-17
   -8.327E-17
   1.982226619234037E-16
   0.0
   9.344305895392481E-17
   -0.5155    0.6059    0.6059
   0.8569    0.3645    0.3645
   -1.256E-16    0.7071    -0.7071
 Node:         37
  0.1132E+03  0.1210E+03  0.4959E+03 -0.5254E+00
  -2.22E-16
   1.388E-16
  -2.22E-16
  -8.327E-17
   1.804E-16
  -2.776E-16
   -4.482E-17
   -1.622E-16
   -5.146E-16
   4.2347200190803645E-16
   -2.4054E-16
   1.9962661612787678E-16
   0.3971    0.7887    0.4693
   -0.7874    0.0301    0.6157
   0.4715    -0.614    0.633
 Node:         38
  0.1111E+03  0.1204E+03  0.5085E+03 -0.5254E+00
  -1.665E-16
   9.714E-17
   0.0
  -2.776E-17
  -8.327E-17
  -2.22E-16
   7.071E-17
   -2.091E-16
   -2.502E-16
   3.0246162913665597E-16
   -1.2953E-16
   1.4258177934084005E-16
   -0.3916    -0.8746    0.2859
   0.9154    -0.3389    0.217
   0.09287    -0.3467    -0.9334
 Node:         39
  0.1119E+03  0.1201E+03  0.5207E+03 -0.5254E+00
  -5.551E-17
  -9.714E-17
  -3.331E-16
  -8.327E-17
  -7.633E-17
  -1.11E-16
   8.934E-18
   -1.105E-16
   -3.981E-16
   3.6239130612640252E-16
   -1.6655533333333335E-16
   1.7083290000335286E-16
   0.851    -0.1281    -0.5092
   0.4076    -0.4503    0.7944
   -0.3311    -0.8836    -0.331
 Node:         40
  0.1191E+03  0.1220E+03  0.4937E+03 -0.5254E+00
   0.0
   8.327E-17
  -2.22E-16
   8.327E-17
  -1.388E-17
  -2.22E-16
   4.872E-17
   -2.082E-16
   -2.846E-16
   3.0244591979393603E-16
   -1.4802666666666666E-16
   1.4257437388566321E-16
   -0.924    -0.2703    -0.2703
   0.0    -0.7071    0.7071
   0.3823    -0.6534    -0.6534
 Node:         41
  0.1182E+03  0.1217E+03  0.5073E+03 -0.5254E+00
   0.0
  -2.776E-17
  -5.551E-17
   5.551E-17
   9.714E-17
   1.11E-16
   1.653E-16
   1.073E-17
   -1.206E-16
   2.478691830381502E-16
   1.8476666666666666E-17
   1.168466534489637E-16
   0.2406    0.3653    0.8993
   -0.8901    0.4526    0.05428
   -0.3871    -0.8135    0.434
 Node:         42
  0.1187E+03  0.1212E+03  0.5204E+03 -0.5254E+00
   0.0
  -5.551E-17
  -1.11E-16
   0.0
   5.551E-17
   1.11E-16
   1.256E-16
   1.887E-17
   -1.444E-16
   2.3552960089975954E-16
   2.3333333333339628E-20
   1.1102971864425409E-16
   0.1113    -0.2517    -0.9614
   0.9295    -0.3159    0.1903
   -0.3516    -0.9148    0.1988
 Node:         43
  0.1258E+03  0.1217E+03  0.4915E+03 -0.5254E+00
   2.22E-16
   1.11E-16
   1.11E-16
  -1.388E-17
   0.0
  -5.551E-17
   2.911E-16
   4.294E-17
   -5.645E-17
   3.1004254562882173E-16
   9.253E-17
   1.4615545764698628E-16
   -0.8507    -0.5246    0.03406
   -0.5213    0.8502    0.07348
   0.06751    -0.04475    0.9967
 Node:         44
  0.1259E+03  0.1220E+03  0.5059E+03 -0.5254E+00
  -2.22E-16
   1.388E-16
  -2.22E-16
   9.714E-17
   1.11E-16
  -1.11E-16
   5.081E-17
   -2.445E-16
   -3.614E-16
   3.679610646522265E-16
   -1.8503E-16
   1.7345850935214064E-16
   -0.5113    -0.534    -0.6733
   -0.5198    -0.4318    0.7372
   -0.6844    0.7269    -0.05679
 Node:         45
  0.1261E+03  0.1221E+03  0.5198E+03 -0.5254E+00
  -5.551E-17
  -8.327E-17
  -2.776E-16
   2.776E-17
  -6.939E-18
   1.11E-16
   1.167E-16
   -3.339E-17
   -3.053E-16
   3.7050374910383835E-16
   -7.399666666666666E-17
   1.7465714229757554E-16
   0.1854    -0.05643    0.981
   0.9302    -0.3117    -0.1938
   -0.3167    -0.9485    0.005308
 Node:         46
  0.1117E+03  0.1296E+03  0.4959E+03  0.0000E+00
  -5.551E-17
   2.776E-17
  -1.665E-16
   6.939E-18
  -2.602E-17
   0.0
   4.101E-18
   -4.897E-17
   -1.772E-16
   1.6144583695778595E-16
   -7.402300000000001E-17
   7.610629740479211E-17
   0.04856    -0.1429    0.9886
   0.9724    0.2327    -0.01414
   -0.228    0.962    0.1502
 Node:         47
  0.1107E+03  0.1269E+03  0.5087E+03  0.0000E+00
  -1.665E-16
  -3.123E-17
   1.11E-16
  -2.776E-17
   3.99E-17
   0.0
   1.289E-16
   -1.114E-17
   -1.732E-16
   2.6185783853075704E-16
   -1.8479999999999997E-17
   1.2344096888796688E-16
   -0.1292    0.939    0.3186
   -0.1008    -0.3321    0.9379
   -0.9865    -0.08906    -0.1376
 Node:         48
  0.1125E+03  0.1242E+03  0.5208E+03  0.0000E+00
   1.11E-16
   3.469E-18
   1.11E-16
   0.0
  -1.735E-18
   1.11E-16
   1.149E-16
   1.11E-16
   1.071E-16
   6.75499814951862E-18
   1.1099999999999999E-16
   3.1843366656181307E-18
   -0.6325    -0.7071    0.3162
   0.4472    -4.455E-15    0.8944
   -0.6325    0.7071    0.3162
 Node:         49
  0.1186E+03  0.1311E+03  0.4938E+03  0.0000E+00
  -1.665E-16
  -2.082E-17
   0.0
  -4.163E-17
  -6.072E-18
  -5.551E-17
   2.581E-18
   -4.165E-17
   -1.83E-16
   1.6789358448433935E-16
   -7.402300000000001E-17
   7.914579473772858E-17
   0.1174    -0.9929    0.01965
   -0.3135    -0.01827    0.9494
   -0.9423    -0.1176    -0.3134
 Node:         50
  0.1180E+03  0.1298E+03  0.5075E+03  0.0000E+00
   0.0
  -1.301E-17
   3.331E-16
  -4.163E-17
   1.247E-17
   2.22E-16
   3.354E-16
   2.276E-16
   -7.879E-18
   3.040655120874448E-16
   1.8504033333333332E-16
   1.4333785701466156E-16
   0.05441    -0.9902    -0.1289
   -0.1707    -0.1364    0.9758
   0.9838    0.03109    0.1765
 Node:         51
  0.1192E+03  0.1275E+03  0.5206E+03  0.0000E+00
   0.0
  -3.469E-18
  -5.551E-17
   0.0
   1.475E-17
   1.11E-16
   1.123E-16
   2.087E-19
   -5.702E-17
   1.491791641607165E-16
   1.849623333333333E-17
   7.03237323931892E-17
   -0.002705    0.08758    0.9962
   0.9982    -0.06004    0.007989
   -0.06051    -0.9943    0.08725
 Node:         52
  0.1262E+03  0.1305E+03  0.4920E+03  0.0000E+00
   1.11E-16
  -1.388E-17
   1.11E-16
   1.301E-18
   4.906E-18
   0.0
   1.25E-16
   9.734E-17
   -2.497E-19
   1.1396559238686912E-16
   7.403009999999999E-17
   5.372389546579809E-17
   -0.7047    0.7092    0.02051
   0.7093    0.7034    0.04493
   -0.01744    -0.04621    0.9988
 Node:         53
  0.1258E+03  0.1304E+03  0.5063E+03  0.0000E+00
  -1.665E-16
  -1.735E-18
  -1.11E-16
   2.776E-17
   3.383E-17
  -2.22E-16
   -1.01E-16
   -1.572E-16
   -2.414E-16
   1.2239330047024632E-16
   -1.6653333333333332E-16
   5.769675515620921E-17
   0.09684    0.9526    0.2883
   -0.9346    0.1866    -0.3027
   -0.3422    -0.2402    0.9084
 Node:         54
  0.1265E+03  0.1288E+03  0.5200E+03  0.0000E+00
  -2.22E-16
   2.082E-17
   1.11E-16
   0.0
  -4.337E-18
   1.11E-16
   1.16E-16
   1.073E-16
   -2.233E-16
   3.350347295430729E-16
   0.0
   1.5793688612860518E-16
   -0.04656    -0.7562    0.6527
   -0.04117    -0.6514    -0.7576
   -0.9981    0.06215    8.061E-4
 Node:         55
  0.1382E+03  0.1167E+03  0.4534E+03  0.1745E-02
  -0.0241
  -0.006196
   0.02285
   5.117E-4
   0.009823
   0.007846
   0.02826
   0.003347
   -0.02501
   0.04616530037809783
   0.002199000000000001
   0.021762531301911244
   0.102    -0.8974    -0.4293
   0.1113    -0.4186    0.9013
   -0.9885    -0.1397    0.05717
 Node:         56
  0.1314E+03  0.1156E+03  0.4687E+03  0.1745E-02
  -0.02394
  -7.358E-4
   0.01294
   0.00567
   0.001626
  -0.001799
   0.01312
   -5.772E-4
   -0.02534
   0.03376374647221484
   -0.004265733333333334
   0.015916382725844325
   -0.003355    0.9942    0.1071
   -0.2377    0.1032    -0.9658
   -0.9713    -0.02869    0.236
 Node:         57
  0.1285E+03  0.1140E+03  0.4823E+03  0.1745E-02
  -0.005264
   0.002266
  -8.4E-5
   0.001909
  -0.001277
  -9.515E-4
   9.894E-4
   -3.353E-4
   -0.006954
   0.00737087590927971
   -0.0020999666666666667
   0.003474664225824162
   -0.2073    -0.8984    0.3872
   0.4513    0.2633    0.8526
   -0.8679    0.3515    0.3509
 Node:         58
  0.1482E+03  0.1175E+03  0.4538E+03  0.1745E-02
  -0.0252
  -0.0137
   0.03935
  -0.002343
   0.007669
  -0.008357
   0.04337
   -0.009557
   -0.02802
   0.06418209173126099
   0.0019309999999999987
   0.030255728195941124
   0.1987    -0.9681    -0.1525
   -0.009828    -0.1576    0.9875
   -0.98    -0.1947    -0.04083
 Node:         59
  0.1418E+03  0.1165E+03  0.4696E+03  0.1745E-02
  -0.02072
  -0.01212
   0.02928
   8.875E-5
   0.00513
  -0.007579
   0.03268
   -0.008097
   -0.0236
   0.05035149023613899
   3.276666666666671E-4
   0.02373592012588141
   0.2195    -0.9679    -0.1228
   0.1047    -0.1018    0.9893
   -0.97    -0.23    0.07901
 Node:         60
  0.1375E+03  0.1150E+03  0.4832E+03  0.1745E-02
  -0.003219
  -0.002566
   0.005001
   7.954E-4
   3.739E-4
  -0.00102
   0.005739
   -7.856E-4
   -0.004192
   0.008740672946632885
   2.5379999999999993E-4
   0.00412039274179861
   -0.2736    0.9616    0.021
   0.2596    0.0528    0.9643
   0.9262    0.2693    -0.264
 Node:         61
  0.1552E+03  0.1216E+03  0.4541E+03  0.1745E-02
  -0.007268
  -0.01253
   0.01728
  -0.008355
   0.01041
  -0.03354
   0.02535
   -0.01202
   -0.03686
   0.05423848541395676
   -0.007843333333333332
   0.025568267224997648
   -0.3975    0.8923    0.2141
   0.892    0.4305    -0.1381
   0.2154    -0.136    0.967
 Node:         62
  0.1491E+03  0.1200E+03  0.4702E+03  0.1745E-02
   0.005119
  -0.02075
   0.02255
  -0.005114
   0.00787
  -0.02432
   0.03776
   -0.008674
   -0.02574
   0.0569193056528275
   0.0011153333333333338
   0.026832018005029407
   0.5471    -0.8236    -0.1495
   0.8334    0.5526    0.005501
   0.07806    -0.1276    0.9888
 Node:         63
  0.1436E+03  0.1181E+03  0.4839E+03  0.1745E-02
   0.00447
  -0.00688
   0.007515
  -1.509E-4
   8.866E-4
  -0.003674
   0.01308
   -9.848E-4
   -0.003781
   0.01565136822261875
   0.0027714000000000003
   0.007378125736707573
   -0.6243    0.7798    0.0469
   0.7755    0.6113    0.158
   -0.09455    -0.135    0.9863
 Node:         64
  0.1413E+03  0.1253E+03  0.4529E+03  0.1745E-02
  -0.02101
   0.002599
   0.02485
  -0.005205
   0.003856
  -0.007682
   0.02539
   -0.006137
   -0.02309
   0.04261259401867011
   -0.001279
   0.020087769463033967
   0.0434    0.9931    0.109
   0.3426    0.08766    -0.9354
   0.9385    -0.07793    0.3364
 Node:         65
  0.1340E+03  0.1229E+03  0.4685E+03  0.1745E-02
  -0.01334
  -0.001956
   0.02078
  -0.002382
   0.001794
  -0.005248
   0.02103
   -0.004795
   -0.01404
   0.031482578912789216
   7.316666666666664E-4
   0.01484103002564924
   0.06175    -0.9954    -0.07353
   -0.2491    -0.08671    0.9646
   -0.9665    -0.04125    -0.2533
 Node:         66
  0.1299E+03  0.1214E+03  0.4825E+03  0.1745E-02
  -5.943E-4
  -0.0011
   0.003828
   4.941E-4
  -3.243E-4
  -7.949E-4
   0.004124
   -4.371E-4
   -0.001248
   0.005015953350062179
   8.129666666666667E-4
   0.0023645430852962316
   -0.2348    0.9681    -0.08742
   0.6641    0.2254    0.7129
   -0.7098    -0.1093    0.6958
 Node:         67
  0.1499E+03  0.1242E+03  0.4534E+03  0.1745E-02
  -0.01996
  -0.008309
   0.02194
  -0.004509
   0.002766
  -0.008071
   0.02393
   -0.007402
   -0.02262
   0.04111073003487046
   -0.0020306666666666667
   0.019379783991457584
   0.1959    -0.9742    -0.1118
   -0.2393    -0.1581    0.958
   -0.951    -0.1609    -0.2641
 Node:         68
  0.1432E+03  0.1223E+03  0.4693E+03  0.1745E-02
  -0.008658
  -0.01524
   0.02265
  -0.005424
   0.004331
  -0.004648
   0.02991
   -0.004617
   -0.01595
   0.04137444995404773
   0.0031143333333333335
   0.01950410275358039
   -0.3829    0.9073    0.1738
   -0.2238    -0.2736    0.9354
   0.8963    0.3192    0.3078
 Node:         69
  0.1380E+03  0.1205E+03  0.4831E+03  0.1745E-02
   0.001299
  -0.004967
   0.00638
  -0.001108
   0.001387
  -2.416E-4
   0.00973
   -5.141E-4
   -0.001779
   0.010931574402161841
   0.0024789666666666667
   0.005153193592542612
   -0.5167    0.8383    0.174
   -0.05943    -0.2379    0.9695
   0.8541    0.4906    0.1728
 Node:         70
  0.1555E+03  0.1237E+03  0.4540E+03  0.1745E-02
  -0.01411
  -0.01026
   0.001647
  -0.01049
   0.007438
   0.005444
   0.01788
   -0.004015
   -0.02089
   0.033669493239429665
   -0.002341666666666667
   0.015871951325810225
   -0.4156    0.5825    0.6985
   0.0691    -0.7456    0.6628
   -0.9069    -0.3238    -0.2696
 Node:         71
  0.1493E+03  0.1219E+03  0.4701E+03  0.1745E-02
   8.157E-4
  -0.01986
   0.0137
  -0.01462
   0.01079
   0.0023
   0.03695
   -0.003954
   -0.01618
   0.04819444569657379
   0.005605333333333333
   0.022719079578382765
   0.5631    -0.6912    -0.4529
   -0.1108    -0.6063    0.7875
   0.8189    0.3933    0.418
 Node:         72
  0.1435E+03  0.1199E+03  0.4838E+03  0.1745E-02
   0.004508
  -0.007521
   0.005573
  -0.003678
   0.002811
   8.418E-4
   0.01415
   -4.606E-4
   -0.002766
   0.015889234681380975
   0.003641133333333333
   0.00749025706071264
   -0.6556    0.6815    0.3251
   -0.03513    -0.4576    0.8884
   0.7543    0.5711    0.324
 Node:         73
  0.1444E+03  0.1339E+03  0.4526E+03  0.0000E+00
   0.01024
  -0.003637
  -0.01926
   0.001078
  -0.001247
   0.01467
   0.01505
   0.01034
   -0.01974
   0.0326904772066729
   0.001883333333333333
   0.01541043874204178
   0.2632    -0.0629    0.9627
   0.9573    -0.1063    -0.2687
   -0.1192    -0.9923    -0.03224
 Node:         74
  0.1367E+03  0.1304E+03  0.4684E+03  0.0000E+00
   0.02202
  -0.002069
  -0.009159
   0.001068
  -0.00246
   0.01043
   0.02228
   0.01058
   -0.00958
   0.027913932005362484
   0.00776
   0.013158753740381344
   -0.9918    0.07346    -0.1046
   -0.1124    -0.1112    0.9874
   0.06089    0.9911    0.1186
 Node:         75
  0.1313E+03  0.1288E+03  0.4826E+03  0.0000E+00
   0.00819
  -8.847E-4
  -0.001101
  -0.001063
  -5.688E-4
   7.302E-4
   0.008406
   8.167E-4
   -0.001403
   0.008909012952622754
   0.002606566666666667
   0.004199748981652224
   -0.9879    0.08411    0.1306
   0.0968    -0.3239    0.9411
   0.1214    0.9423    0.3118
 Node:         76
  0.1516E+03  0.1309E+03  0.4532E+03  0.0000E+00
   0.009877
  -0.005377
  -0.02599
  -0.001208
   0.005439
   0.02172
   0.0226
   0.01034
   -0.02734
   0.045078229778907686
   0.0018666666666666658
   0.02125008130703399
   -0.1465    0.126    0.9811
   0.9794    -0.1207    0.1618
   -0.1388    -0.9847    0.1058
 Node:         77
  0.1446E+03  0.1281E+03  0.4691E+03  0.0000E+00
   0.03042
   0.001053
  -0.01248
  -8.463E-4
   0.004281
   0.01031
   0.03048
   0.01106
   -0.01329
   0.03798599610382753
   0.009416666666666667
   0.01790677029009481
   -0.9991    -0.02075    0.03752
   0.03317    0.1803    0.9831
   -0.02716    0.9834    -0.1794
 Node:         78
  0.1384E+03  0.1261E+03  0.4830E+03  0.0000E+00
   0.0128
   0.001497
  -8.006E-4
  -9.189E-4
  -1.504E-5
   4.119E-4
   0.01303
   3.509E-4
   -9.69E-4
   0.013387936992307664
   0.0041373
   0.00631113402223932
   -0.9916    -0.1075    0.07236
   0.0649    0.07139    0.9953
   -0.1121    0.9916    -0.06382
 Node:         79
  0.1557E+03  0.1258E+03  0.4539E+03  0.0000E+00
   0.009019
   0.009611
   0.003357
   0.001611
   5.874E-4
  -0.05278
   0.01625
   -0.003827
   -0.05283
   0.06154846195478812
   -0.013469
   0.029014223213221935
   0.8009    0.5983    0.02378
   -0.5982    0.8012    -0.01008
   -0.02509    -0.006159    0.9997
 Node:         80
  0.1495E+03  0.1238E+03  0.4701E+03  0.0000E+00
   0.03404
   0.01022
   5.789E-4
   0.002131
  -3.62E-4
  -0.04267
   0.03696
   -0.002275
   -0.04274
   0.06902496450560477
   -0.002685
   0.03253868031538259
   0.9625    0.2702    0.02452
   -0.2696    0.9627    -0.02285
   -0.02978    0.01538    0.9994
 Node:         81
  0.1433E+03  0.1217E+03  0.4837E+03  0.0000E+00
   0.01449
   0.003036
  -6.674E-5
   6.379E-4
   2.153E-4
  -0.005225
   0.01512
   -6.731E-4
   -0.005248
   0.01850955350109775
   0.0030662999999999997
   0.008725487198240948
   -0.98    -0.1964    -0.03281
   -0.1971    0.9802    0.01875
   -0.02848    -0.02484    0.9993
 Node:         82
  0.1267E+03  0.1148E+03  0.4564E+03 -0.5913E-02
  -0.005941
  -0.003466
   0.006277
   0.001224
   0.005512
   3.63E-4
   0.009936
   -0.00136
   -0.007876
   0.015609695961164651
   2.3333333333333366E-4
   0.007358481244266525
   -0.1519    0.8648    0.4786
   -0.4837    0.3572    -0.799
   -0.8619    -0.3529    0.3641
 Node:         83
  0.1234E+03  0.1129E+03  0.4720E+03 -0.5913E-02
  -0.01041
  -4.868E-4
   0.002623
   0.009236
   0.002588
  -0.00723
   0.003695
   -3.219E-4
   -0.01839
   0.020375707941320716
   -0.005005633333333333
   0.00960520083785631
   0.2378    0.8807    0.4097
   -0.6103    0.4636    -0.6423
   -0.7556    -0.09727    0.6478
 Node:         84
  0.1187E+03  0.1123E+03  0.4849E+03 -0.5913E-02
  -0.001506
   2.092E-4
   1.652E-4
   0.003586
  -1.54E-4
  -0.006511
   4.172E-4
   1.184E-4
   -0.008388
   0.00865966712524217
   -0.0026174666666666665
   0.004082206231384636
   -0.8091    -0.4215    -0.4094
   0.3624    -0.9064    0.2171
   0.4626    -0.02727    -0.8862
 Node:         85
  0.1302E+03  0.1161E+03  0.4552E+03 -0.5913E-02
  -0.00782
  -0.003372
   0.008069
   0.001842
   0.008248
   0.00289
   0.01425
   -0.001343
   -0.009766
   0.021105175123651548
   0.001047
   0.009949074965375759
   -0.07593    0.8126    0.5778
   -0.4633    0.4844    -0.7421
   0.883    0.324    -0.3397
 Node:         86
  0.1252E+03  0.1138E+03  0.4703E+03 -0.5913E-02
  -0.01024
   0.004214
   0.01939
   0.01691
   0.009478
  -0.004151
   0.02583
   0.003742
   -0.02458
   0.04376747381332397
   0.0016639999999999988
   0.020632185019204018
   -0.3046    -0.8452    -0.4391
   0.584    -0.5299    0.6149
   0.7524    0.0691    -0.655
 Node:         87
  0.1217E+03  0.1126E+03  0.4834E+03 -0.5913E-02
  -0.002787
   8.58E-5
   5.807E-4
   0.00448
  -7.301E-4
  -0.0058
   8.968E-4
   1.606E-4
   -0.009063
   0.009612866467396704
   -0.0026685333333333334
   0.004531548710491321
   -0.4648    0.7913    -0.3972
   0.6688    0.6078    0.4283
   0.5803    -0.06661    -0.8117
 Node:         88
  0.1338E+03  0.1169E+03  0.4536E+03 -0.5913E-02
  -0.01737
  -0.005647
   0.00739
   0.001679
   0.01165
   0.01136
   0.02135
   -7.228E-4
   -0.01924
   0.035196898270160114
   4.6240000000000056E-4
   0.01659197696237552
   -0.0628    0.6546    0.7534
   -0.3041    0.7065    -0.6391
   0.9506    0.2692    -0.1547
 Node:         89
  0.1270E+03  0.1150E+03  0.4687E+03 -0.5913E-02
  -0.01944
   7.232E-4
   0.004337
   0.007505
   0.00329
  -0.001886
   0.006373
   -0.001143
   -0.02222
   0.025673817733247232
   -0.005663333333333333
   0.012102753745417702
   -0.167    -0.8544    -0.4921
   0.3067    -0.5193    0.7976
   -0.937    -0.01769    0.3488
 Node:         90
  0.1248E+03  0.1132E+03  0.4822E+03 -0.5913E-02
  -0.004703
   0.00253
  -0.001111
   0.002338
  -0.001286
  -0.001403
   2.057E-4
   -1.927E-4
   -0.007231
   0.00724571929969689
   -0.0024059999999999997
   0.0034156648342599425
   0.3958    0.9061    -0.1494
   -0.44    0.04432    -0.8969
   -0.8061    0.4207    0.4162
 Node:         91
  0.1259E+03  0.1262E+03  0.4550E+03 -0.5913E-02
  -0.01593
   0.00421
   0.02094
  -0.002551
   0.008911
  -0.001091
   0.02434
   -0.003141
   -0.01728
   0.03665611191875102
   0.001306333333333333
   0.01727985687312125
   0.07816    0.9433    0.3227
   0.2781    0.2902    -0.9157
   -0.9574    0.1613    -0.2396
 Node:         92
  0.1209E+03  0.1234E+03  0.4726E+03 -0.5913E-02
  -0.01242
  -6.063E-4
   0.01012
   3.55E-4
   0.006403
   0.004475
   0.0143
   3.303E-4
   -0.01245
   0.023173811578805933
   7.267666666666671E-4
   0.01092423954220867
   -0.01176    0.8379    0.5458
   -0.0492    0.5447    -0.8372
   -0.9987    -0.0367    0.03482
 Node:         93
  0.1159E+03  0.1217E+03  0.4877E+03 -0.5913E-02
  -0.00129
  -6.385E-4
   6.792E-4
   0.001007
   0.001426
  -4.305E-4
   0.001655
   -1.56E-4
   -0.002541
   0.0036451585699390364
   -3.4733333333333334E-4
   0.001718344228869434
   -0.01663    -0.8216    -0.5698
   0.7238    -0.403    0.56
   0.6898    0.4031    -0.6014
 Node:         94
  0.1313E+03  0.1264E+03  0.4541E+03 -0.5913E-02
  -0.01944
   0.003863
   0.02336
  -0.005796
   0.00785
   0.004205
   0.02623
   0.003389
   -0.0215
   0.041348074332428104
   0.0027063333333333336
   0.019491669166310226
   0.03845    0.9444    0.3265
   0.2823    0.3031    -0.9102
   0.9585    -0.1272    0.255
 Node:         95
  0.1250E+03  0.1235E+03  0.4707E+03 -0.5913E-02
  -0.01646
  -0.001382
   0.01312
  -9.42E-4
   0.004357
   0.008042
   0.01571
   0.005537
   -0.01654
   0.028556491013428102
   0.0015689999999999999
   0.013461658961658476
   -0.05179    0.8655    0.4983
   -0.005736    -0.4992    0.8665
   -0.9986    -0.04201    -0.03082
 Node:         96
  0.1205E+03  0.1222E+03  0.4852E+03 -0.5913E-02
  -0.002016
  -7.101E-4
   9.606E-4
   0.001208
   0.001182
  -5.066E-4
   0.001618
   -1.261E-4
   -0.003054
   0.004089136046893036
   -5.206999999999999E-4
   0.0019276372186349448
   -0.01147    0.8767    0.481
   -0.5953    0.3805    -0.7077
   -0.8034    -0.2945    0.5175
 Node:         97
  0.1368E+03  0.1260E+03  0.4530E+03 -0.5913E-02
  -0.02453
   0.002573
   0.02343
  -0.005204
   0.008222
   0.003659
   0.02641
   0.001943
   -0.02579
   0.04523601097577017
   8.543333333333331E-4
   0.02132446007653079
   0.0131    0.9413    0.3372
   0.2128    0.3269    -0.9208
   0.977    -0.08382    0.196
 Node:         98
  0.1296E+03  0.1233E+03  0.4686E+03 -0.5913E-02
  -0.01514
  -4.758E-4
   0.01684
  -1.33E-4
   0.004534
   0.003183
   0.01821
   0.001815
   -0.01514
   0.028883304433530457
   0.0016283333333333334
   0.013615720285349906
   0.01481    -0.9572    -0.2889
   5.985E-4    -0.2889    0.9574
   -0.9999    -0.01435    -0.003706
 Node:         99
  0.1260E+03  0.1218E+03  0.4827E+03 -0.5913E-02
  -0.001447
  -3.179E-4
   0.002464
   8.574E-4
   1.475E-4
  -5.877E-4
   0.002492
   -5.879E-5
   -0.002003
   0.003904581100976134
   1.434033333333333E-4
   0.0018406371827953735
   -0.07459    0.9968    0.02699
   -0.5229    -0.01605    -0.8522
   0.8491    0.07768    -0.5224
 Node:        100
  0.1252E+03  0.1375E+03  0.4536E+03  0.0000E+00
   0.008267
   5.766E-4
   0.005018
  -0.001316
  -2.562E-4
  -0.002577
   0.008528
   0.004919
   -0.002739
   0.009965318208667499
   0.0035693333333333336
   0.004697696054687045
   0.9782    0.1695    -0.1198
   -0.1711    0.9852    -0.003637
   0.1174    0.02406    0.9928
 Node:        101
  0.1188E+03  0.1338E+03  0.4718E+03  0.0000E+00
   0.01183
   0.001514
   0.006897
  -0.001547
  -0.00105
  -0.004591
   0.01244
   0.006499
   -0.004807
   0.015175310968807195
   0.004710666666666666
   0.007153710195105443
   -0.9543    -0.2803    0.1039
   -0.2865    0.9567    -0.0506
   0.08526    0.07806    0.9933
 Node:        102
  0.1139E+03  0.1312E+03  0.4875E+03  0.0000E+00
   0.004571
   5.374E-4
  -5.075E-4
  -3.866E-5
  -9.683E-4
  -7.773E-4
   0.004631
   2.925E-4
   -0.001637
   0.005560277713388064
   0.0010955
   0.0026211400509447533
   -0.9937    -0.1089    0.02661
   -0.09891    0.7395    -0.6658
   -0.05286    0.6643    0.7456
 Node:        103
  0.1325E+03  0.1366E+03  0.4531E+03  0.0000E+00
   0.009717
  -9.074E-4
   0.003702
  -0.001418
  -6.537E-4
  -0.005364
   0.009963
   0.003646
   -0.005555
   0.013516123963622116
   0.0026846666666666664
   0.006371561940023463
   -0.9873    0.1341    0.08559
   -0.1263    -0.9878    0.09152
   0.09682    0.07955    0.9921
 Node:        104
  0.1251E+03  0.1331E+03  0.4702E+03  0.0000E+00
   0.01413
   8.081E-4
   0.001839
  -0.001914
  -0.001592
  -0.003845
   0.01441
   0.002126
   -0.004409
   0.016549284606894643
   0.004042333333333333
   0.007801407579547567
   -0.9908    -0.07774    0.1107
   -0.1013    0.9689    -0.2259
   -0.08968    -0.235    -0.9678
 Node:        105
  0.1201E+03  0.1317E+03  0.4854E+03  0.0000E+00
   0.004921
   5.271E-5
  -0.001485
  -4.856E-4
  -0.001011
  -6.903E-4
   0.004966
   -3.837E-5
   -0.002182
   0.006353454677331066
   9.1521E-4
   0.0029950472575347897
   -0.9957    -0.02216    0.08945
   -0.08614    0.5687    -0.818
   0.03275    0.8222    0.5682
 Node:        106
  0.1399E+03  0.1351E+03  0.4526E+03  0.0000E+00
   0.01044
  -0.001115
  -0.005531
   2.677E-4
  -0.003201
   7.759E-4
   0.01054
   0.002061
   -0.00692
   0.015122886662274501
   0.001893666666666667
   0.0071289971400065955
   -0.9954    0.07967    -0.05339
   -0.07968    -0.3773    0.9227
   0.05336    0.9227    0.3819
 Node:        107
  0.1322E+03  0.1316E+03  0.4686E+03  0.0000E+00
   0.01882
  -5.533E-4
  -0.001683
  -5.867E-4
  -0.004211
   0.001695
   0.01885
   0.00454
   -0.004558
   0.020438739785025885
   0.006277333333333333
   0.009634914333932721
   -0.9994    0.02098    0.02903
   0.01227    -0.5611    0.8277
   0.03365    0.8275    0.5604
 Node:        108
  0.1273E+03  0.1304E+03  0.4831E+03  0.0000E+00
   0.006376
  -5.381E-4
  -0.001048
  -0.001109
  -8.51E-4
   3.161E-5
   0.006584
   4.211E-4
   -0.001646
   0.007415764924132911
   0.0017863666666666665
   0.003495825110359816
   -0.9857    0.05164    0.1601
   0.1092    -0.5278    0.8423
   0.128    0.8478    0.5147
 Node:        109
  0.1018E+03  0.1092E+03  0.4946E+03 -0.1180E+00
   0.0
   1.388E-16
   1.11E-16
   5.551E-17
  -1.388E-17
   0.0
   2.069E-16
   2.266E-17
   -1.186E-16
   2.827092280064448E-16
   3.698666666666666E-17
   1.3327040815158061E-16
   -0.5724    -0.814    -0.09897
   0.2904    -0.3141    0.9039
   0.7668    -0.4887    -0.4162
 Node:        110
  0.1058E+03  0.1118E+03  0.5081E+03 -0.1180E+00
   0.0
   2.776E-17
   0.0
  -1.388E-17
  -5.204E-17
   2.22E-16
   2.353E-16
   1.788E-17
   -3.112E-17
   2.456135916434593E-16
   7.402E-17
   1.157833574684491E-16
   -0.08376    -0.2246    0.9708
   0.7726    0.6007    0.2056
   0.6293    -0.7673    -0.1232
 Node:        111
  0.1108E+03  0.1137E+03  0.5210E+03 -0.1180E+00
   0.0
   5.551E-17
  -1.11E-16
  -2.776E-17
   3.261E-16
  -2.22E-16
   1.68E-16
   2.779E-18
   -5.038E-16
   6.063148942925615E-16
   -1.1100700000000001E-16
