 Group name: gastroc_stress
 #Fields=  16
 1) coordinates, coordinate, rectangular cartesian, #Components=3
   x.  Value index= 1, #Derivatives=0
   y.  Value index= 2, #Derivatives=0
   z.  Value index= 3, #Derivatives=0
 2) Tensor_1, field, rectangular cartesian, #Components=1
   Tensor_1.  Value index= 4, #Derivatives=0
 3) Tensor_2, field, rectangular cartesian, #Components=1
   Tensor_2.  Value index= 5, #Derivatives=0
 4) Tensor_3, field, rectangular cartesian, #Components=1
   Tensor_3.  Value index= 6, #Derivatives=0
 5) Tensor_4, field, rectangular cartesian, #Components=1
   Tensor_4.  Value index= 7, #Derivatives=0
 6) Tensor_5, field, rectangular cartesian, #Components=1
   Tensor_5.  Value index= 8, #Derivatives=0
 7) Tensor_6, field, rectangular cartesian, #Components=1
   Tensor_6.  Value index= 9, #Derivatives=0
 8) Principal_1, field, rectangular cartesian, #Components=1
   Principal_1.  Value index= 10, #Derivatives=0
 9) Principal_2, field, rectangular cartesian, #Components=1
   Principal_2.  Value index= 11, #Derivatives=0
 10) Principal_3, field, rectangular cartesian, #Components=1
   Principal_3.  Value index= 12, #Derivatives=0
 11) VonMises, field, rectangular cartesian, #Components=1
   VonMises.  Value index= 13, #Derivatives=0
 12) Hydrostatic, field, rectangular cartesian, #Components=1
   VonMises.  Value index= 14, #Derivatives=0
 13) Octahedral, field, rectangular cartesian, #Components=1
   VonMises.  Value index= 15, #Derivatives=0
 14) PrincipalVector1, field, rectangular cartesian, #Components=3
   x.  Value index= 16, #Derivatives=0
   y.  Value index= 17, #Derivatives=0
   z.  Value index= 18, #Derivatives=0
 15) PrincipalVector2, field, rectangular cartesian, #Components=3
   x.  Value index= 19, #Derivatives=0
   y.  Value index= 20, #Derivatives=0
   z.  Value index= 21, #Derivatives=0
 16) PrincipalVector3, field, rectangular cartesian, #Components=3
   x.  Value index= 22, #Derivatives=0
   y.  Value index= 23, #Derivatives=0
   z.  Value index= 24, #Derivatives=0
 Node:          1
  0.1287E+03  0.1133E+03  0.4908E+03 -0.8793E-01
  -0.1759
  -1.732E-16
  -0.1759
  -5.773E-17
  -8.66E-17
  -0.1759
   -0.1759
   -0.1759
   -0.1759
   0.0
   -0.17590000000000003
   0.0
   0.9627    -0.2663    -0.04863
   0.2513    0.9458    -0.2059
   0.1008    0.186    0.9774
 Node:          2
  0.1292E+03  0.1137E+03  0.5052E+03 -0.8793E-01
  -0.1759
  -2.309E-16
  -0.1759
  -1.155E-16
   4.041E-16
  -0.1759
   -0.1759
   -0.1759
   -0.1759
   0.0
   -0.17590000000000003
   0.0
   -0.9188    0.3438    0.1939
   -0.3947    -0.8003    -0.4513
   0.0    -0.4912    0.8711
 Node:          3
  0.1289E+03  0.1155E+03  0.5194E+03 -0.8793E-01
  -0.1759
   2.887E-16
  -0.1759
   2.309E-16
   1.155E-16
  -0.1759
   -0.1759
   -0.1759
   -0.1759
   0.0
   -0.17590000000000003
   0.0
   -0.3606    -0.8685    -0.3402
   0.4443    -0.4806    0.756
   0.8201    -0.1214    -0.5592
 Node:          4
  0.1361E+03  0.1141E+03  0.4915E+03 -0.8793E-01
  -0.1759
  -5.773E-17
  -0.1759
  -5.773E-17
  -1.732E-16
  -0.1759
   -0.1759
   -0.1759
   -0.1759
   0.0
   -0.17590000000000003
   0.0
   -0.01624    -0.07306    0.9972
   -0.9989    0.04607    -0.01289
   -0.045    -0.9963    -0.07372
 Node:          5
  0.1341E+03  0.1144E+03  0.5054E+03 -0.8793E-01
  -0.1759
   2.887E-16
  -0.1759
   1.155E-16
  -1.443E-16
  -0.1759
   -0.1759
   -0.1759
   -0.1759
   0.0
   -0.17590000000000003
   0.0
   0.1312    -0.1587    0.9786
   0.6851    0.7279    0.02618
   -0.7165    0.667    0.2042
 Node:          6
  0.1323E+03  0.1162E+03  0.5191E+03 -0.8793E-01
  -0.1759
   1.155E-16
  -0.1759
  -1.155E-16
  -5.773E-17
  -0.1759
   -0.1759
   -0.1759
   -0.1759
   0.0
   -0.17590000000000003
   0.0
   -0.6782    -0.7321    0.06429
   -0.7345    0.6782    -0.02463
   0.02557    0.06392    0.9976
 Node:          7
  0.1408E+03  0.1171E+03  0.4920E+03 -0.8793E-01
  -0.1759
   4.619E-16
  -0.1759
  -1.732E-16
  -2.309E-16
  -0.1759
   -0.1759
   -0.1759
   -0.1759
   0.0
   -0.17590000000000003
   0.0
   0.9147    0.3774    -0.1445
   -0.3924    0.915    -0.09429
   0.09661    0.1429    0.985
 Node:          8
  0.1367E+03  0.1169E+03  0.5055E+03 -0.8793E-01
  -0.1759
   4.041E-16
  -0.1759
  -8.371E-16
  -4.907E-16
  -0.1759
   -0.1759
   -0.1759
   -0.1759
   0.0
   -0.17590000000000003
   0.0
   0.8878    -0.4283    -0.1683
   0.4551    0.8714    0.183
   0.06824    -0.2391    0.9686
 Node:          9
  0.1339E+03  0.1180E+03  0.5191E+03 -0.8793E-01
  -0.1759
   3.464E-16
  -0.1759
  -8.227E-16
  -5.773E-16
  -0.1759
   -0.1759
   -0.1759
   -0.1759
   0.0
   -0.17590000000000003
   0.0
   0.3716    0.5321    0.7608
   0.9259    -0.1525    -0.3456
   0.06785    -0.8329    0.5493
 Node:         10
  0.1294E+03  0.1212E+03  0.4911E+03 -0.8793E-01
  -0.1759
   5.773E-17
  -0.1759
  -2.887E-17
   2.598E-16
  -0.1759
   -0.1759
   -0.1759
   -0.1759
   0.0
   -0.17590000000000003
   0.0
   0.02415    -0.7888    -0.6142
   0.02921    0.6146    -0.7883
   0.9993    0.001098    0.03788
 Node:         11
  0.1295E+03  0.1214E+03  0.5055E+03 -0.8793E-01
  -0.1759
  -5.773E-17
  -0.1759
  -8.66E-17
   2.887E-17
  -0.1759
   -0.1759
   -0.1759
   -0.1759
   0.0
   -0.17590000000000003
   0.0
   0.2671    -0.1444    -0.9528
   0.113    -0.9772    0.1797
   0.957    0.1557    0.2446
 Node:         12
  0.1295E+03  0.1217E+03  0.5196E+03 -0.8793E-01
  -0.1759
  -1.49E-33
  -0.1759
   1.588E-16
   5.773E-17
  -0.1759
   -0.1759
   -0.1759
   -0.1759
   0.0
   -0.17590000000000003
   0.0
   -0.2591    -0.05417    -0.9643
   -0.2033    0.9791    -3.852E-4
   -0.9442    -0.1959    0.2647
 Node:         13
  0.1361E+03  0.1199E+03  0.4914E+03 -0.8793E-01
  -0.1759
  -2.887E-16
  -0.1759
  -2.021E-16
   5.773E-17
  -0.1759
   -0.1759
   -0.1759
   -0.1759
   0.0
   -0.17590000000000003
   0.0
   0.9143    -0.3856    -0.124
   0.381    0.9227    -0.05936
   0.1373    0.007043    0.9905
 Node:         14
  0.1342E+03  0.1198E+03  0.5054E+03 -0.8793E-01
  -0.1759
   5.773E-17
  -0.1759
   1.155E-16
  -1.876E-16
  -0.1759
   -0.1759
   -0.1759
   -0.1759
   0.0
   -0.17590000000000003
   0.0
   0.04873    -0.1967    0.9792
   -0.09622    -0.9768    -0.1914
   -0.9942    0.08489    0.06653
 Node:         15
  0.1330E+03  0.1205E+03  0.5193E+03 -0.8793E-01
  -0.1759
  -1.732E-16
  -0.1759
   2.887E-17
   1.01E-16
  -0.1759
   -0.1759
   -0.1759
   -0.1759
   0.0
   -0.17590000000000003
   0.0
   0.9938    -0.1102    -0.01336
   -0.06606    -0.4903    -0.8691
   0.08925    0.8646    -0.4945
 Node:         16
  0.1404E+03  0.1188E+03  0.4918E+03 -0.8793E-01
  -0.1759
   1.155E-16
  -0.1759
  -1.732E-16
  -3.031E-16
  -0.1759
   -0.1759
   -0.1759
   -0.1759
   0.0
   -0.17590000000000003
   0.0
   -0.1476    -0.2005    0.9685
   0.9485    0.249    0.1961
   -0.2804    0.9475    0.1534
 Node:         17
  0.1365E+03  0.1184E+03  0.5055E+03 -0.8793E-01
  -0.1759
   5.773E-17
  -0.1759
   2.021E-16
   3.536E-16
  -0.1759
   -0.1759
   -0.1759
   -0.1759
   0.0
   -0.17590000000000003
   0.0
   0.3802    0.7095    0.5933
   0.8814    -0.4724    1.184E-4
   -0.2804    -0.5229    0.8049
 Node:         18
  0.1341E+03  0.1191E+03  0.5192E+03 -0.8793E-01
  -0.1759
  -1.981E-33
  -0.1759
   5.503E-17
   2.215E-16
  -0.1759
   -0.1759
   -0.1759
   -0.1759
   0.0
   -0.17590000000000003
   0.0
   -0.09669    -0.2642    -0.9596
   -0.398    -0.8734    0.2806
   -0.9123    0.4091    -0.02073
 Node:         19
  0.1301E+03  0.1291E+03  0.4914E+03  0.0000E+00
   4.934E-16
   0.0
   4.934E-16
   3.631E-19
   1.731E-17
  -9.869E-16
   4.936E-16
   4.934E-16
   -9.871E-16
   1.4806000101310279E-15
   -3.3333333333314155E-20
   6.979615382590138E-16
   -0.02097    -0.9997    -0.01169
   -0.9998    0.02097    -8.123E-17
   2.452E-4    0.01169    -0.9999
 Node:         20
  0.1299E+03  0.1291E+03  0.5058E+03  0.0000E+00
   9.869E-16
   0.0
   0.0
   1.799E-17
   3.326E-17
  -2.467E-16
   9.871E-16
   4.4E-18
   -2.514E-16
   1.1324785163525177E-15
   2.467E-16
   5.338554923072971E-16
   -0.9999    -4.917E-4    -0.01459
   0.002401    -0.9914    -0.1311
   -0.0144    -0.1312    0.9913
 Node:         21
  0.1301E+03  0.1280E+03  0.5197E+03  0.0000E+00
   4.934E-16
   0.0
   0.0
   7.196E-17
   2.549E-17
   4.934E-16
   5.66E-16
   4.222E-16
   -1.341E-18
   5.108528305500519E-16
   3.28953E-16
   2.408183337801893E-16
   -0.7039    -0.03195    -0.7096
   -0.7102    0.04241    0.7027
   -0.007642    -0.9986    0.05255
 Node:         22
  0.1360E+03  0.1256E+03  0.4913E+03  0.0000E+00
  -9.869E-16
   2.399E-17
  -4.934E-16
  -2.399E-17
   1.739E-16
   4.934E-16
   5.234E-16
   -5.215E-16
   -9.888E-16
   1.3410693755358072E-15
   -3.2896666666666662E-16
   6.321861663219854E-16
   -0.01298    0.1683    0.9857
   0.05935    0.9841    -0.1672
   -0.9982    0.05633    -0.02276
 Node:         23
  0.1343E+03  0.1253E+03  0.5054E+03  0.0000E+00
   0.0
   3.598E-17
  -1.974E-15
   0.0
   2.271E-16
  -7.401E-16
   6.796E-19
   -6.997E-16
   -2.015E-15
   1.7724996366646057E-15
   -9.046734666666666E-16
   8.355643418241562E-16
   0.9998    0.01889    0.00579
   -0.009011    0.1753    0.9845
   0.01758    -0.9843    0.1754
 Node:         24
  0.1336E+03  0.1248E+03  0.5194E+03  0.0000E+00
  -9.869E-16
   2.099E-17
   0.0
   2.399E-17
   1.499E-18
  -7.401E-16
   4.516E-19
   -7.379E-16
   -9.896E-16
   8.912682384908372E-16
   -5.756827999999999E-16
   4.2014787686204007E-16
   -0.02132    -0.9998    -0.002714
   0.09549    -0.004739    0.9954
   -0.9952    0.02096    0.09557
 Node:         25
  0.1400E+03  0.1206E+03  0.4917E+03  0.0000E+00
   0.0
   4.617E-16
  -4.934E-16
  -1.439E-16
  -2.249E-16
   9.869E-16
   1.067E-15
   2.05E-16
   -7.785E-16
   1.5994040296310373E-15
   1.6449999999999999E-16
   7.539662901394642E-16
   -0.2161    -0.2016    0.9553
   0.839    0.4621    0.2874
   -0.4994    0.8636    0.06929
 Node:         26
  0.1363E+03  0.1200E+03  0.5055E+03  0.0000E+00
   9.869E-16
   1.859E-16
  -2.714E-15
   4.797E-17
  -1.943E-15
  -2.467E-16
   1.006E-15
   8.09E-16
   -3.789E-15
   4.699597748744035E-15
   -6.579999999999999E-16
   2.215411624657293E-15
   0.968    0.1526    -0.1995
   0.2481    -0.4578    0.8538
   -0.03892    0.8759    0.4809
 Node:         27
  0.1343E+03  0.1203E+03  0.5192E+03  0.0000E+00
   9.869E-16
  -3.358E-16
   9.869E-16
  -1.799E-16
   2.27E-15
   0.0
   2.89E-15
   9.15E-16
   -1.831E-15
   4.1066398673367985E-15
   6.58E-16
   1.9358885987232494E-15
   -0.1931    0.7658    0.6135
   0.9808    0.1345    0.1409
   0.02534    0.6289    -0.7771
 Node:         28
  0.1155E+03  0.1124E+03  0.4931E+03 -0.5254E+00
  -1.051
   1.462E-16
  -1.051
  -2.126E-16
   2.126E-16
  -1.051
   -1.051
   -1.051
   -1.051
   0.0
   -1.051
   0.0
   0.1408    0.9748    -0.1732
   -0.03505    0.1797    0.9831
   -0.9894    0.1323    -0.05947
 Node:         29
  0.1119E+03  0.1139E+03  0.5068E+03 -0.5254E+00
  -1.051
  -7.973E-17
  -1.051
   2.126E-16
   2.658E-17
  -1.051
   -1.051
   -1.051
   -1.051
   0.0
   -1.051
   0.0
   0.08643    -0.9529    0.2906
   -0.9706    -0.1463    -0.1909
   0.2244    -0.2656    -0.9376
 Node:         30
  0.1113E+03  0.1159E+03  0.5206E+03 -0.5254E+00
  -1.051
   4.784E-16
  -1.051
   1.457E-32
  -1.063E-16
  -1.051
   -1.051
   -1.051
   -1.051
   0.0
   -1.051
   0.0
   -0.9602    -0.2656    -0.08659
   0.0    -0.31    0.9507
   0.2793    -0.9129    -0.2977
 Node:         31
  0.1203E+03  0.1126E+03  0.4920E+03 -0.5254E+00
  -1.051
   3.721E-16
  -1.051
   1.063E-16
   1.595E-16
  -1.051
   -1.051
   -1.051
   -1.051
   0.0
   -1.051
   0.0
   1.0    0.0    0.0
   0.0    0.8486    -0.529
   0.0    0.529    0.8486
 Node:         32
  0.1188E+03  0.1134E+03  0.5062E+03 -0.5254E+00
  -1.051
  -5.315E-17
  -1.051
  -1.063E-16
   3.721E-16
  -1.051
   -1.051
   -1.051
   -1.051
   0.0
   -1.051
   0.0
   0.9661    -0.1057    -0.2356
   0.2526    0.1978    0.9471
   -0.05355    -0.9745    0.2178
 Node:         33
  0.1183E+03  0.1150E+03  0.5201E+03 -0.5254E+00
  -1.051
   2.126E-16
  -1.051
   3.189E-16
  -1.943E-32
  -1.051
   -1.051
   -1.051
   -1.051
   0.0
   -1.051
   0.0
   0.7962    -0.1448    0.5875
   -0.5705    -0.5028    0.6494
   0.2014    -0.8522    -0.4829
 Node:         34
  0.1255E+03  0.1129E+03  0.4909E+03 -0.5254E+00
  -1.051
  -2.267E-32
  -1.051
   2.126E-16
   3.721E-16
  -1.051
   -1.051
   -1.051
   -1.051
   0.0
   -1.051
   0.0
   0.7071    -0.1233    0.6963
   0.0    0.9847    0.1744
   0.7071    0.1233    -0.6963
 Node:         35
  0.1260E+03  0.1135E+03  0.5054E+03 -0.5254E+00
  -1.051
   4.252E-16
  -1.051
   4.252E-16
   9.568E-16
  -1.051
   -1.051
   -1.051
   -1.051
   0.0
   -1.051
   0.0
   0.5002    0.6491    0.5731
   0.8576    -0.2795    -0.4318
   0.1201    -0.7075    0.6964
 Node:         36
  0.1257E+03  0.1153E+03  0.5196E+03 -0.5254E+00
  -1.051
  -2.126E-16
  -1.051
  -2.126E-16
   3.189E-16
  -1.051
   -1.051
   -1.051
   -1.051
   0.0
   -1.051
   0.0
   -0.9876    0.104    -0.1173
   0.0    0.7483    0.6634
   -0.1568    -0.6552    0.739
 Node:         37
  0.1132E+03  0.1210E+03  0.4959E+03 -0.5254E+00
  -1.051
   5.315E-16
  -1.051
  -3.189E-16
   6.91E-16
  -1.051
   -1.051
   -1.051
   -1.051
   0.0
   -1.051
   0.0
   0.545    0.8369    0.05052
   0.0    -0.06025    0.9982
   -0.8384    0.5441    0.03284
 Node:         38
  0.1111E+03  0.1204E+03  0.5085E+03 -0.5254E+00
  -1.051
   3.721E-16
  -1.051
  -1.063E-16
  -3.189E-16
  -1.051
   -1.051
   -1.051
   -1.051
   0.0
   -1.051
   0.0
   0.134    0.9819    -0.1335
   0.9759    -0.1074    0.19
   -0.1723    0.1557    0.9727
 Node:         39
  0.1119E+03  0.1201E+03  0.5207E+03 -0.5254E+00
  -1.051
  -3.721E-16
  -1.051
  -3.189E-16
  -2.923E-16
  -1.051
   -1.051
   -1.051
   -1.051
   0.0
   -1.051
   0.0
   0.9512    0.007278    -0.3085
   0.2903    -0.36    0.8866
   -0.1046    -0.9329    -0.3446
 Node:         40
  0.1191E+03  0.1220E+03  0.4937E+03 -0.5254E+00
  -1.051
   3.189E-16
  -1.051
   3.189E-16
  -5.315E-17
  -1.051
   -1.051
   -1.051
   -1.051
   0.0
   -1.051
   0.0
   -0.9842    -0.1084    -0.1397
   0.0    -0.79    0.6131
   0.1769    -0.6035    -0.7775
 Node:         41
  0.1182E+03  0.1217E+03  0.5073E+03 -0.5254E+00
  -1.051
  -1.063E-16
  -1.051
   2.126E-16
   3.721E-16
  -1.051
   -1.051
   -1.051
   -1.051
   0.0
   -1.051
   0.0
   0.0    0.07833    -0.9969
   1.0    0.0    0.0
   0.0    0.9969    0.07833
 Node:         42
  0.1187E+03  0.1212E+03  0.5204E+03 -0.5254E+00
  -1.051
  -2.126E-16
  -1.051
   1.295E-32
   2.126E-16
  -1.051
   -1.051
   -1.051
   -1.051
   0.0
   -1.051
   0.0
   0.0    0.05038    0.9987
   1.0    0.0    0.0
   0.0    -0.9987    0.05038
 Node:         43
  0.1258E+03  0.1217E+03  0.4915E+03 -0.5254E+00
  -1.051
   4.252E-16
  -1.051
  -5.315E-17
   6.476E-33
  -1.051
   -1.051
   -1.051
   -1.051
   0.0
   -1.051
   0.0
   0.8302    -0.5214    -0.1973
   -0.5575    -0.7765    -0.2938
   0.0    -0.3539    0.9353
 Node:         44
  0.1259E+03  0.1220E+03  0.5059E+03 -0.5254E+00
  -1.051
   5.315E-16
  -1.051
   3.721E-16
   4.252E-16
  -1.051
   -1.051
   -1.051
   -1.051
   0.0
   -1.051
   0.0
   0.3037    0.2957    0.9057
   -0.9209    0.335    0.1994
   -0.2444    -0.8946    0.374
 Node:         45
  0.1261E+03  0.1221E+03  0.5198E+03 -0.5254E+00
  -1.051
  -3.189E-16
  -1.051
   1.063E-16
  -2.658E-17
  -1.051
   -1.051
   -1.051
   -1.051
   0.0
   -1.051
   0.0
   0.1019    -0.14    0.9849
   -0.9755    0.1797    0.1265
   -0.1947    -0.9737    -0.1183
 Node:         46
  0.1117E+03  0.1296E+03  0.4959E+03  0.0000E+00
  -2.467E-16
   4.797E-17
  -7.401E-16
   1.199E-17
  -4.497E-17
   0.0
   3.057E-18
   -2.423E-16
   -7.476E-16
   6.629532710146319E-16
   -3.2894766666666664E-16
   3.125191690294995E-16
   0.03676    -0.058    0.9976
   0.9946    0.09864    -0.03092
   -0.09662    0.9934    0.06131
 Node:         47
  0.1107E+03  0.1269E+03  0.5087E+03  0.0000E+00
  -7.401E-16
  -5.397E-17
   4.934E-16
  -4.797E-17
   6.896E-17
   0.0
   5.058E-16
   -7.273E-18
   -7.452E-16
   1.0892155802819752E-15
   -8.222433333333333E-17
   5.1346114866095E-16
   -0.04821    0.9891    0.1394
   -0.05424    -0.142    0.9884
   -0.9974    -0.04009    -0.06049
 Node:         48
  0.1125E+03  0.1242E+03  0.5208E+03  0.0000E+00
   4.934E-16
   5.997E-18
   4.934E-16
   0.0
  -2.998E-18
   4.934E-16
   5.001E-16
   4.934E-16
   4.867E-16
   1.1604740410711462E-17
   4.934E-16
   5.470527092215756E-18
   -0.6325    -0.7071    0.3162
   0.4472    -2.276E-15    0.8944
   0.6325    -0.7071    -0.3162
 Node:         49
  0.1186E+03  0.1311E+03  0.4938E+03  0.0000E+00
  -7.401E-16
  -3.598E-17
   0.0
  -7.196E-17
  -1.049E-17
  -2.467E-16
   1.947E-18
   -2.366E-16
   -7.523E-16
   6.677348643803167E-16
   -3.2898433333333336E-16
   3.1477323375866775E-16
   0.04561    -0.9985    0.02894
   -0.143    0.02215    0.9895
   -0.9887    -0.04926    -0.1418
 Node:         50
  0.1180E+03  0.1298E+03  0.5075E+03  0.0000E+00
   0.0
  -2.249E-17
   1.48E-15
  -7.196E-17
   2.155E-17
   9.869E-16
   1.482E-15
   9.91E-16
   -5.513E-18
   1.3127859849072886E-15
   8.224956666666666E-16
   6.188532481164029E-16
   0.01739    -0.9988    -0.04603
   -0.07128    -0.04716    0.9963
   0.9973    0.01405    0.07201
 Node:         51
  0.1192E+03  0.1275E+03  0.5206E+03  0.0000E+00
   0.0
  -5.997E-18
  -2.467E-16
   0.0
   2.549E-17
   4.934E-16
   4.943E-16
   1.449E-19
   -2.477E-16
   6.54286006770747E-16
   8.22483E-17
   3.0843338148204166E-16
   -4.17E-4    0.03438    0.9994
   0.9997    -0.02416    0.001248
   0.02418    0.9991    -0.03436
 Node:         52
  0.1262E+03  0.1305E+03  0.4920E+03  0.0000E+00
   4.934E-16
  -2.399E-17
   4.934E-16
   2.249E-18
   8.48E-18
   0.0
   5.175E-16
   4.696E-16
   -1.6E-19
   4.95449666061044E-16
   3.2898E-16
   2.335572124055831E-16
   -0.7061    0.708    0.008534
   0.7081    0.706    0.01614
   -0.005403    -0.01744    0.9998
 Node:         53
  0.1258E+03  0.1304E+03  0.5063E+03  0.0000E+00
  -7.401E-16
  -2.998E-18
  -4.934E-16
   4.797E-17
   5.847E-17
  -9.869E-16
   -4.866E-16
   -7.314E-16
   -1.002E-15
   4.465358664206045E-16
   -7.399999999999999E-16
   2.104990261260132E-16
   0.0104    0.9931    0.1171
   -0.9836    0.03123    -0.1776
   -0.18    -0.1133    0.9771
 Node:         54
  0.1265E+03  0.1288E+03  0.5200E+03  0.0000E+00
  -9.869E-16
   3.598E-17
   4.934E-16
   0.0
  -7.496E-18
   4.934E-16
   5.014E-16
   4.864E-16
   -9.877E-16
   1.4816569474746847E-15
   3.3333333333314155E-20
   6.984597833010066E-16
   0.01758    0.7272    -0.6862
   0.01675    0.686    0.7274
   -0.9997    0.02428    1.229E-4
 Node:         55
  0.1382E+03  0.1167E+03  0.4534E+03  0.1745E-02
   0.01966
  -0.01085
   0.008619
   8.811E-4
   0.01739
   0.005205
   0.03103
   0.01534
   -0.01257
   0.03824986405204599
   0.011266666666666666
   0.018031158833776848
   -0.5797    0.6757    0.4553
   0.7761    0.2876    0.5612
   -0.2482    -0.6787    0.6912
 Node:         56
  0.1314E+03  0.1156E+03  0.4687E+03  0.1745E-02
   0.0197
  -0.001269
   0.006342
   0.009916
   0.002812
   0.003104
   0.0239
   0.007682
   -0.002581
   0.023125700573171832
   0.009667
   0.010901559796652955
   -0.9035    -0.008158    -0.4286
   -0.1453    0.9465    0.2882
   0.4033    0.3227    -0.8563
 Node:         57
  0.1285E+03  0.1140E+03  0.4823E+03  0.1745E-02
   0.0239
   0.003926
   0.003473
   0.003304
  -0.002206
   0.003286
   0.02497
   0.005619
   7.64E-5
   0.02263705962266301
   0.0102218
   0.010671212243539467
   -0.9774    -0.1651    -0.1322
   0.02309    -0.7044    0.7094
   -0.2103    0.6903    0.6923
 Node:         58
  0.1482E+03  0.1175E+03  0.4538E+03  0.1745E-02
   0.01942
  -0.02452
   0.01259
  -0.00406
   0.01349
   0.001694
   0.04584
   0.002737
   -0.0132
   0.05290358295049589
   0.01179233333333333
   0.02493898816890711
   -0.6915    0.6673    0.2767
   0.5456    0.2314    0.8055
   -0.4734    -0.708    0.5241
 Node:         59
  0.1418E+03  0.1165E+03  0.4696E+03  0.1745E-02
   0.02043
  -0.02159
   0.01014
   1.519E-4
   0.00896
   0.001861
   0.03926
   0.005083
   -0.01094
   0.04441195704987566
   0.011134333333333335
   0.02093599733048852
   -0.7545    0.6371    0.1576
   -0.4338    -0.3039    -0.8482
   -0.4925    -0.7083    0.5057
 Node:         60
  0.1375E+03  0.1150E+03  0.4832E+03  0.1745E-02
   0.02436
  -0.004449
   0.004577
   0.001372
   6.443E-4
   0.003271
   0.02528
   0.004372
   0.002472
   0.021919846349826452
   0.010708
   0.010333114664352983
   -0.9762    0.2098    -0.05445
   0.1324    0.776    0.6166
   -0.1716    -0.5948    0.7854
 Node:         61
  0.1552E+03  0.1216E+03  0.4541E+03  0.1745E-02
   0.02345
  -0.02234
   0.00733
  -0.01472
   0.01844
  -0.003708
   0.05189
   -0.004353
   -0.01715
   0.0636143060089474
   0.010128999999999999
   0.02998807143960189
   -0.7284    0.5669    0.3847
   0.6791    0.5235    0.5145
   -0.09024    -0.636    0.7664
 Node:         62
  0.1491E+03  0.1200E+03  0.4702E+03  0.1745E-02
   0.02625
  -0.03789
   0.008552
  -0.008932
   0.01385
  -0.001734
   0.06419
   -0.003943
   -0.02272
   0.0792086785586024
   0.012508999999999998
   0.03733932915840883
   -0.7602    0.6061    0.2338
   0.3522    0.08214    0.9323
   0.5459    0.7911    -0.2759
 Node:         63
  0.1436E+03  0.1181E+03  0.4839E+03  0.1745E-02
   0.0261
  -0.01208
   0.005131
  -2.599E-4
   0.00153
   0.0027
   0.03202
   0.0031
   -8.397E-4
   0.03107770519343409
   0.011426766666666666
   0.014650170723995751
   -0.9095    0.4147    0.03024
   0.1689    0.3019    0.9383
   0.38    0.8584    -0.3446
 Node:         64
  0.1413E+03  0.1253E+03  0.4529E+03  0.1745E-02
   0.02036
   0.004506
   0.009086
  -0.009089
   0.00671
   0.001839
   0.02366
   0.01364
   -0.005958
   0.02609317849553787
   0.010447333333333335
   0.012300442304603884
   0.9324    0.1314    -0.3366
   0.04759    0.8788    0.4749
   0.3582    -0.4588    0.8131
 Node:         65
  0.1340E+03  0.1229E+03  0.4685E+03  0.1745E-02
   0.02209
  -0.003386
   0.008134
  -0.004127
   0.003104
   0.002362
   0.02346
   0.008198
   6.887E-4
   0.020097889617818086
   0.010782233333333335
   0.009474236024198586
   -0.9391    0.2638    0.2202
   0.3183    0.9092    0.2682
   0.1295    -0.322    0.9378
 Node:         66
  0.1299E+03  0.1214E+03  0.4825E+03  0.1745E-02
   0.02495
  -0.001899
   0.004321
   8.518E-4
  -5.589E-4
   0.00332
   0.02509
   0.004376
   0.003061
   0.021401820740301516
   0.010842333333333334
   0.010088915050137398
   -0.9948    0.09277    -0.04136
   0.1016    0.9119    -0.3977
   -8.157E-4    0.3998    0.9166
 Node:         67
  0.1499E+03  0.1242E+03  0.4534E+03  0.1745E-02
   0.0206
  -0.01464
   0.008406
  -0.007859
   0.0048
   0.001755
   0.03348
   -7.489E-4
   -0.001549
   0.034635881656311276
   0.010394033333333335
   0.016327511194368302
   -0.7943    0.5399    0.2784
   -0.06384    -0.53    0.8456
   0.6041    0.6539    0.4554
 Node:         68
  0.1432E+03  0.1223E+03  0.4693E+03  0.1745E-02
   0.02314
  -0.02738
   0.008573
  -0.00948
   0.007549
   0.002491
   0.04891
   -7.532E-4
   -0.01228
   0.0563183657987339
   0.011958933333333333
   0.026548732241086184
   -0.7687    0.5869    0.2541
   0.2174    -0.1339    0.9668
   0.6015    0.7985    -0.02471
 Node:         69
  0.1380E+03  0.1205E+03  0.4831E+03  0.1745E-02
   0.02538
  -0.008671
   0.00488
  -0.001913
   0.002398
   0.003439
   0.02893
   0.004157
   6.866E-4
   0.026678032617867456
   0.011257866666666666
   0.01257614518187332
   -0.9314    0.3491    0.1034
   0.2717    0.4773    0.8357
   -0.2424    -0.8064    0.5394
 Node:         70
  0.1555E+03  0.1237E+03  0.4540E+03  0.1745E-02
   0.02191
  -0.01817
   0.003849
  -0.01859
   0.01308
   0.004676
   0.04718
   -0.006315
   -0.00882
   0.05479046472699424
   0.010681666666666666
   0.025828472768546645
   -0.7405    0.4717    0.4788
   0.6719    0.5023    0.5443
   -0.01625    -0.7247    0.6888
 Node:         71
  0.1493E+03  0.1219E+03  0.4701E+03  0.1745E-02
   0.02528
  -0.03616
   0.006519
  -0.02622
   0.01916
   0.003992
   0.07308
   -0.01171
   -0.02073
   0.08964100791490466
   0.01354666666666667
   0.042257176379350704
   -0.7244    0.5387    0.4302
   0.3047    -0.3095    0.9008
   0.6184    0.7836    0.06004
 Node:         72
  0.1435E+03  0.1199E+03  0.4838E+03  0.1745E-02
   0.02611
  -0.01322
   0.004703
  -0.006397
   0.004877
   0.003673
   0.03491
   0.002278
   -0.002235
   0.035106734524874283
   0.011651
   0.016549473365236326
   -0.8708    0.4256    0.2463
   0.3721    0.243    0.8958
   -0.3214    -0.8717    0.37
 Node:         73
  0.1444E+03  0.1339E+03  0.4526E+03  0.0000E+00
   0.02401
  -0.006351
  -0.00428
   0.001868
  -0.002163
   0.003342
   0.02602
   0.003509
   -0.005714
   0.028274154328644385
   0.007938333333333334
   0.01332856417206628
   -0.9725    0.2089    -0.1028
   -0.1383    -0.163    0.9769
   0.1873    0.9643    0.1874
 Node:         74
  0.1367E+03  0.1304E+03  0.4684E+03  0.0000E+00
   0.02688
  -0.003597
  -0.002035
   0.001852
  -0.004281
   0.002359
   0.02812
   0.004418
   -0.004628
   0.029292033251380828
   0.009303333333333332
   0.013808396897862145
   -0.987    0.1304    -0.09369
   0.1462    0.4885    -0.8602
   0.06643    0.8628    0.5012
 Node:         75
  0.1313E+03  0.1288E+03  0.4826E+03  0.0000E+00
   0.02352
  -0.001533
  -2.446E-4
  -0.001843
  -9.848E-4
   1.625E-4
   0.02396
   9.497E-4
   -0.001258
   0.024189826057456468
   0.007883900000000001
   0.011403193360633676
   -0.9954    0.05979    0.07463
   0.01812    -0.6483    0.7611
   0.0939    0.759    0.6443
 Node:         76
  0.1516E+03  0.1309E+03  0.4532E+03  0.0000E+00
   0.02392
  -0.009434
  -0.005777
  -0.002096
   0.009545
   0.005006
   0.02822
   0.008432
   -0.01219
   0.03499857088510901
   0.008154
   0.016498484536465765
   -0.9221    0.3172    0.2218
   0.3365    0.3739    0.8643
   0.1912    0.8716    -0.4515
 Node:         77
  0.1446E+03  0.1281E+03  0.4691E+03  0.0000E+00
   0.029
   0.001825
  -0.002773
  -0.001466
   0.007487
   0.00233
   0.03009
   0.007581
   -0.007913
   0.033097938953959044
   0.009919333333333332
   0.015602518051761884
   -0.9981    -0.0452    0.04108
   0.006776    0.5865    0.8099
   -0.0607    0.8087    -0.5851
 Node:         78
  0.1384E+03  0.1261E+03  0.4830E+03  0.0000E+00
   0.02462
   0.002599
  -1.779E-4
  -0.001592
  -2.6E-5
   9.16E-5
   0.02533
   3.006E-5
   -4.805E-4
   0.025559044835118547
   0.008293186666666666
   0.01204864928237555
   -0.9929    -0.1012    0.0628
   0.03184    0.2826    0.9587
   -0.1147    0.9539    -0.2774
 Node:         79
  0.1557E+03  0.1258E+03  0.4539E+03  0.0000E+00
   0.02372
   0.01707
   7.501E-4
   0.002797
   0.001017
  -0.01173
   0.03555
   -0.008586
   -0.01121
   0.04550477706790793
   0.005251333333333333
   0.021451157627399867
   -0.8848    -0.4617    -0.06259
   -0.4484    0.8804    -0.1544
   -0.1264    0.1086    0.986
 Node:         80
  0.1495E+03  0.1238E+03  0.4701E+03  0.0000E+00
   0.02993
   0.01818
   1.288E-4
   0.003705
  -6.263E-4
  -0.009482
   0.04197
   -0.006682
   -0.01082
   0.050847439699556164
   0.008156
   0.023969712945020153
   -0.9091    -0.4121    -0.06059
   0.2693    -0.6924    0.6693
   -0.3178    0.5922    0.7405
 Node:         81
  0.1433E+03  0.1217E+03  0.4837E+03  0.0000E+00
   0.02503
   0.005292
  -1.483E-5
   0.001105
   3.724E-4
  -0.001161
   0.0267
   -9.778E-4
   -0.001285
   0.027832671536164116
   0.008145733333333334
   0.013120447187839633
   -0.9798    -0.1957    -0.04148
   -0.1845    0.8042    0.5649
   0.0772    -0.5612    0.8241
 Node:         82
  0.1267E+03  0.1148E+03  0.4564E+03 -0.5913E-02
   0.008248
  -0.006131
  -0.01027
   0.002153
   0.009804
  -0.01174
   0.01007
   -0.001969
   -0.02178
   0.027855302385721828
   -0.004559666666666667
   0.01313111547263048
   -0.9512    0.305    0.04706
   0.2468    0.6602    0.7093
   -0.1853    -0.6863    0.7033
 Node:         83
  0.1234E+03  0.1129E+03  0.4720E+03 -0.5913E-02
   0.007096
  -8.554E-4
  -0.01118
   0.01661
   0.004567
  -0.01361
   0.01659
   -0.009962
   -0.02393
   0.03565097563882369
   -0.005767333333333333
   0.016806031086752427
   0.875    0.05692    0.4808
   0.2046    -0.9435    -0.2606
   0.4388    0.3264    -0.8372
 Node:         84
  0.1187E+03  0.1123E+03  0.4849E+03 -0.5913E-02
   0.009383
   3.668E-4
  -0.01179
   0.006346
  -2.7E-4
  -0.01343
   0.01112
   -0.01185
   -0.01499
   0.024690206560496815
   -0.005239999999999999
   0.011639074991882587
   0.9689    0.01232    0.2472
   0.01559    0.9937    -0.1106
   -0.247    0.111    0.9626
 Node:         85
  0.1302E+03  0.1161E+03  0.4552E+03 -0.5913E-02
   0.007766
  -0.005964
  -0.009825
   0.003246
   0.01478
  -0.01112
   0.009664
   0.003632
   -0.02619
   0.033250909942436166
   -0.004298000000000001
   0.01567462926727987
   -0.9165    0.3778    0.1316
   0.3569    0.6237    0.6954
   -0.1807    -0.6843    0.7065
 Node:         86
  0.1252E+03  0.1138E+03  0.4703E+03 -0.5913E-02
   0.00713
   0.00746
  -0.006939
   0.03106
   0.01704
  -0.01287
   0.03698
   -0.01012
   -0.03694
   0.0648146927787211
   -0.0033600000000000006
   0.03055393918957096
   0.7337    0.3676    0.5715
   -0.4853    0.8721    0.06213
   -0.4756    -0.3229    0.8183
 Node:         87
  0.1217E+03  0.1126E+03  0.4834E+03 -0.5913E-02
   0.009055
   1.505E-4
  -0.01168
   0.007949
  -0.001282
  -0.01326
   0.01168
   -0.01143
   -0.01603
   0.02572038296759984
   -0.00526
   0.012124704807403216
   0.9537    -0.01107    0.3004
   0.09479    0.9594    -0.2656
   -0.2853    0.2818    0.9161
 Node:         88
  0.1338E+03  0.1169E+03  0.4536E+03 -0.5913E-02
   0.005308
  -0.01005
  -0.009999
   0.002958
   0.02108
  -0.008997
   0.01513
   0.004351
   -0.03247
   0.043230387934877476
   -0.0043296666666666666
   0.02037900030805131
   -0.5213    0.6701    0.5284
   0.8223    0.229    0.5209
   0.2281    0.706    -0.6705
 Node:         89
  0.1270E+03  0.1150E+03  0.4687E+03 -0.5913E-02
   0.004774
   0.001269
  -0.01075
   0.01343
   0.005815
  -0.01229
   0.01285
   -0.009671
   -0.02152
   0.030239801107150157
   -0.006113666666666667
   0.01425517894973223
   0.857    0.171    0.4862
   -0.3387    0.8979    0.2812
   -0.3884    -0.4057    0.8274
 Node:         90
  0.1248E+03  0.1132E+03  0.4822E+03 -0.5913E-02
   0.008565
   0.004464
  -0.0121
   0.004123
  -0.002262
  -0.01217
   0.01009
   -0.009949
   -0.01588
   0.023570948029300817
   -0.005246333333333332
   0.011111451460342864
   0.9715    0.1756    0.1591
   -0.01067    0.703    -0.7111
   -0.2367    0.6891    0.6849
 Node:         91
  0.1259E+03  0.1262E+03  0.4550E+03 -0.5913E-02
   0.005679
   0.007463
  -0.006534
  -0.004505
   0.01599
  -0.0121
   0.01016
   0.004571
   -0.02733
   0.03503149170389408
   -0.004199666666666667
   0.016514003559269193
   -0.7114    -0.6267    -0.318
   0.6627    -0.4474    -0.6006
   0.2341    -0.638    0.7336
 Node:         92
  0.1209E+03  0.1234E+03  0.4726E+03 -0.5913E-02
   0.006584
  -0.001064
  -0.009307
   6.228E-4
   0.01141
  -0.01072
   0.006483
   0.001434
   -0.02149
   0.025821414620426975
   -0.0045243333333333325
   0.012172331585288918
   0.9968    -0.07842    -0.01752
   0.06923    0.7274    0.6827
   0.04079    0.6817    -0.7305
 Node:         93
  0.1159E+03  0.1217E+03  0.4877E+03 -0.5913E-02
   0.009439
  -0.001121
  -0.01166
   0.001769
   0.002509
  -0.01193
   0.009613
   -0.009331
   -0.01446
   0.02196236674404651
   -0.004726
   0.010353158970414136
   0.9962    -0.04251    0.07556
   0.02054    -0.7311    -0.682
   0.08423    0.681    -0.7274
 Node:         94
  0.1313E+03  0.1264E+03  0.4541E+03 -0.5913E-02
   0.004772
   0.006842
  -0.005902
  -0.01032
   0.01405
  -0.01079
   0.009663
   0.005675
   -0.02694
   0.03478089977272008
   -0.0038673333333333324
   0.016395873390040012
   0.8828    -0.05901    -0.4659
   -0.3183    -0.8047    -0.5012
   -0.3453    0.5908    -0.7292
 Node:         95
  0.1250E+03  0.1235E+03  0.4707E+03 -0.5913E-02
   0.005545
  -0.002431
  -0.008546
  -0.001655
   0.007722
  -0.009829
   0.006423
   -0.00253
   -0.01708
   0.02054567737992593
   -0.004395666666666667
   0.009685325199611123
   0.9391    -0.2645    -0.2194
   0.3431    0.6854    0.6423
   -0.01951    -0.6785    0.7344
 Node:         96
  0.1205E+03  0.1222E+03  0.4852E+03 -0.5913E-02
   0.009253
  -0.001247
  -0.01159
   0.002123
   0.002077
  -0.01195
   0.009497
   -0.009743
   -0.01409
   0.021741901687754916
   -0.004778666666666666
   0.01024923074620183
   0.9946    -0.04853    0.0922
   0.02543    -0.7451    -0.6665
   0.101    0.6652    -0.7398
 Node:         97
  0.1368E+03  0.1260E+03  0.4530E+03 -0.5913E-02
   0.003459
   0.004542
  -0.005883
  -0.009256
   0.01473
  -0.01093
   0.009042
   0.004321
   -0.0265
   0.0334324366895385
   -0.004379
   0.015760201796508402
   0.6547    -0.4383    -0.6159
   0.6927    0.6741    0.2566
   0.3026    -0.5946    0.7449
 Node:         98
  0.1296E+03  0.1233E+03  0.4686E+03 -0.5913E-02
   0.005885
  -8.346E-4
  -0.007593
  -2.331E-4
   0.008039
  -0.01104
   0.00578
   -0.001216
   -0.01761
   0.02079422217828789
   -0.0043486666666666665
   0.009802490341178046
   0.9934    -0.09747    -0.06047
   0.1138    0.7699    0.6279
   -0.01464    -0.6306    0.7759
 Node:         99
  0.1260E+03  0.1218E+03  0.4827E+03 -0.5913E-02
   0.009399
  -5.574E-4
  -0.01122
   0.001506
   2.586E-4
  -0.01197
   0.00949
   -0.01118
   -0.01215
   0.021171672111573996
   -0.004613333333333333
   0.00998042194610139
   0.9973    -0.02557    0.06861
   -0.002297    -0.9475    -0.3197
   0.07318    0.3187    -0.945
 Node:        100
  0.1252E+03  0.1375E+03  0.4536E+03  0.0000E+00
   0.02354
   9.981E-4
   0.001125
  -0.002282
  -4.431E-4
  -5.727E-4
   0.02395
   0.001139
   -8.363E-4
   0.023860052376095068
   0.008084233333333333
   0.011247736556402014
   -0.9946    -0.04556    0.09293
   -0.06111    0.9832    -0.1721
   -0.08352    -0.1769    -0.9807
 Node:        101
  0.1188E+03  0.1338E+03  0.4718E+03  0.0000E+00
   0.02439
   0.002628
   0.00155
  -0.002685
  -0.00182
  -0.00102
   0.02527
   0.001928
   -0.00198
   0.025521402077472156
   0.008406
   0.012030904316246002
   -0.987    -0.1188    0.1084
   -0.1534    0.8983    -0.4118
   0.04848    0.4231    0.9048
 Node:        102
  0.1139E+03  0.1312E+03  0.4875E+03  0.0000E+00
   0.02266
   9.303E-4
  -1.128E-4
  -6.682E-5
  -0.001678
  -1.727E-4
   0.02284
   0.001508
   -0.001824
   0.023178323321586484
   0.007508
   0.010926366398152072
   -0.9991    -0.04099    0.005956
   -0.0333    0.7094    -0.704
   -0.02463    0.7036    0.7102
 Node:        103
  0.1325E+03  0.1366E+03  0.4531E+03  0.0000E+00
   0.02388
  -0.001572
   8.277E-4
  -0.00246
  -0.001132
  -0.001192
   0.0245
   0.001324
   -0.001988
   0.02499710447231839
   0.007945333333333334
   0.011783748054936606
   -0.9938    0.06182    0.09199
   -0.01715    -0.9058    0.4234
   0.1095    0.4193    0.9012
 Node:        104
  0.1251E+03  0.1331E+03  0.4702E+03  0.0000E+00
   0.02494
   0.0014
   4.1E-4
  -0.003326
  -0.002764
  -8.544E-4
   0.02591
   0.002162
   -0.003112
   0.026777407118688694
   0.00832
   0.012622990770811804
   -0.9891    -0.06924    0.1298
   -0.1325    0.8025    -0.5817
   0.06391    0.5926    0.803
 Node:        105
  0.1201E+03  0.1317E+03  0.4854E+03  0.0000E+00
   0.02275
   9.112E-5
  -3.3E-4
  -8.405E-4
  -0.001753
  -1.534E-4
   0.02294
   0.001488
   -0.001993
   0.023387605200190974
   0.0074783333333333325
   0.011025022821845866
   -0.9993    -0.006831    0.03694
   -0.03137    0.6929    -0.7204
   0.02068    0.721    0.6926
 Node:        106
  0.1399E+03  0.1351E+03  0.4526E+03  0.0000E+00
   0.02406
  -0.001933
  -0.001229
   4.631E-4
  -0.005582
   1.726E-4
   0.02461
   0.004944
   -0.006089
   0.026934246286094584
   0.007821666666666666
   0.012696925463364041
   -0.9958    0.08303    -0.03825
   0.08348    0.6554    -0.7506
   0.03726    0.7507    0.6596
 Node:        107
  0.1322E+03  0.1316E+03  0.4686E+03  0.0000E+00
   0.02609
  -9.578E-4
  -3.741E-4
  -0.001016
  -0.007364
   3.777E-4
   0.02664
   0.007302
   -0.007231
   0.029431369098293744
   0.008903666666666666
   0.01387408044600514
   -0.9992    0.02653    0.03112
   0.004096    -0.6922    0.7217
   0.04068    0.7212    0.6915
 Node:        108
  0.1273E+03  0.1304E+03  0.4831E+03  0.0000E+00
   0.02309
  -9.314E-4
  -2.329E-4
  -0.001923
  -0.001474
   7.025E-6
   0.02345
   0.001334
   -0.001738
   0.023801155266078997
   0.007681999999999999
   0.01121997219247891
   -0.9962    0.03397    0.07958
   0.0337    -0.6948    0.7184
   0.0797    0.7184    0.691
 Node:        109
  0.1018E+03  0.1092E+03  0.4946E+03 -0.1180E+00
  -0.2361
   3.054E-16
  -0.2361
   1.222E-16
  -3.054E-17
  -0.2361
   -0.2361
   -0.2361
   -0.2361
   0.0
   -0.2361
   0.0
   -0.3525    -0.9326    0.07689
   0.3634    -0.06071    0.9297
   0.8624    -0.3557    -0.3603
 Node:        110
  0.1058E+03  0.1118E+03  0.5081E+03 -0.1180E+00
  -0.2361
   6.108E-17
  -0.2361
  -3.054E-17
  -1.145E-16
  -0.2361
   -0.2361
   -0.2361
   -0.2361
   0.0
   -0.2361
   0.0
   -0.05392    -0.06362    0.9965
   0.6738    0.7342    0.08333
   -0.7369    0.676    0.003282
 Node:        111
  0.1108E+03  0.1137E+03  0.5210E+03 -0.1180E+00
  -0.2361
   1.222E-16
  -0.2361
  -6.108E-17
   7.177E-16
  -0.2361
   -0.2361
   -0.2361
   -0.2361
   0.0
   -0.2361
   0.0
   0.06104    0.9185    0.3907
   -0.9723    -0.03384    0.2315
   0.2258    -0.394    0.8909
 Node:        112
  0.1072E+03  0.1111E+03  0.4942E+03 -0.1180E+00
  -0.2361
   3.054E-16
  -0.2361
  -1.819E-33
   3.054E-17
  -0.2361
   -0.2361
   -0.2361
   -0.2361
   0.0
   -0.2361
   0.0
   0.4016    0.911    0.09333
   -0.9158    0.3995    0.04093
   0.0    -0.1019    0.9948
 Node:        113
  0.1071E+03  0.1139E+03  0.5077E+03 -0.1180E+00
  -0.2361
   2.401E-32
  -0.2361
   3.665E-16
  -3.359E-16
  -0.2361
   -0.2361
   -0.2361
   -0.2361
   0.0
   -0.2361
   0.0
   0.0    -0.6335    0.7737
   0.2428    0.7506    0.6145
   -0.9701    0.1878    0.1538
 Node:        114
  0.1093E+03  0.1164E+03  0.5209E+03 -0.1180E+00
  -0.2361
   2.443E-16
  -0.2361
  -6.108E-17
   1.222E-16
  -0.2361
   -0.2361
   -0.2361
   -0.2361
   0.0
   -0.2361
   0.0
   -0.7978    -0.6029    0.007357
   -0.2252    0.3093    0.9239
   0.5593    -0.7354    0.3826
 Node:        115
  0.1129E+03  0.1120E+03  0.4932E+03 -0.1180E+00
  -0.2361
  -2.183E-33
  -0.2361
  -1.832E-16
  -6.108E-17
  -0.2361
   -0.2361
   -0.2361
   -0.2361
   0.0
   -0.2361
   0.0
   -0.4742    0.0    0.8804
   0.0    -1.0    0.0
   -0.8804    0.0    -0.4742
 Node:        116
  0.1092E+03  0.1143E+03  0.5068E+03 -0.1180E+00
  -0.2361
   1.145E-16
  -0.2361
   3.665E-16
   4.581E-17
  -0.2361
   -0.2361
   -0.2361
   -0.2361
   0.0
   -0.2361
   0.0
   -0.293    -0.9453    -0.1436
   0.9153    -0.3207    0.2438
   -0.2765    -0.05994    0.9591
 Node:        117
  0.1089E+03  0.1172E+03  0.5207E+03 -0.1180E+00
  -0.2361
  -1.527E-16
  -0.2361
  -3.054E-16
  -3.665E-16
  -0.2361
   -0.2361
   -0.2361
   -0.2361
   0.0
   -0.2361
   0.0
   -0.1426    -0.1857    0.9722
   -0.8202    0.572    -0.01105
   -0.554    -0.799    -0.2339
 Node:        118
  0.1017E+03  0.1094E+03  0.4948E+03 -0.1180E+00
  -0.2361
   1.832E-16
  -0.2361
  -3.054E-16
  -3.97E-16
  -0.2361
   -0.2361
   -0.2361
   -0.2361
   0.0
   -0.2361
   0.0
   0.3212    0.3937    -0.8613
   -0.6482    -0.5717    -0.503
   0.6904    -0.7199    -0.07155
 Node:        119
  0.1058E+03  0.1120E+03  0.5082E+03 -0.1180E+00
  -0.2361
  -7.635E-17
  -0.2361
   1.222E-16
  -6.49E-17
  -0.2361
   -0.2361
   -0.2361
   -0.2361
   0.0
   -0.2361
   0.0
   0.7888    0.3982    -0.4682
   -0.6137    0.5525    -0.5641
