 Group name: gastroc_Strain
 #Fields=  16
 1) coordinates, coordinate, rectangular cartesian, #Components=3
   x.  Value index= 1, #Derivatives=0
   y.  Value index= 2, #Derivatives=0
   z.  Value index= 3, #Derivatives=0
 2) Tensor_1, field, rectangular cartesian, #Components=1
   Tensor_1.  Value index= 4, #Derivatives=0
 3) Tensor_2, field, rectangular cartesian, #Components=1
   Tensor_2.  Value index= 5, #Derivatives=0
 4) Tensor_3, field, rectangular cartesian, #Components=1
   Tensor_3.  Value index= 6, #Derivatives=0
 5) Tensor_4, field, rectangular cartesian, #Components=1
   Tensor_4.  Value index= 7, #Derivatives=0
 6) Tensor_5, field, rectangular cartesian, #Components=1
   Tensor_5.  Value index= 8, #Derivatives=0
 7) Tensor_6, field, rectangular cartesian, #Components=1
   Tensor_6.  Value index= 9, #Derivatives=0
 8) Principal_1, field, rectangular cartesian, #Components=1
   Principal_1.  Value index= 10, #Derivatives=0
 9) Principal_2, field, rectangular cartesian, #Components=1
   Principal_2.  Value index= 11, #Derivatives=0
 10) Principal_3, field, rectangular cartesian, #Components=1
   Principal_3.  Value index= 12, #Derivatives=0
 11) VonMises, field, rectangular cartesian, #Components=1
   VonMises.  Value index= 13, #Derivatives=0
 12) Hydrostatic, field, rectangular cartesian, #Components=1
   VonMises.  Value index= 14, #Derivatives=0
 13) Octahedral, field, rectangular cartesian, #Components=1
   VonMises.  Value index= 15, #Derivatives=0
 14) PrincipalVector1, field, rectangular cartesian, #Components=3
   x.  Value index= 16, #Derivatives=0
   y.  Value index= 17, #Derivatives=0
   z.  Value index= 18, #Derivatives=0
 15) PrincipalVector2, field, rectangular cartesian, #Components=3
   x.  Value index= 19, #Derivatives=0
   y.  Value index= 20, #Derivatives=0
   z.  Value index= 21, #Derivatives=0
 16) PrincipalVector3, field, rectangular cartesian, #Components=3
   x.  Value index= 22, #Derivatives=0
   y.  Value index= 23, #Derivatives=0
   z.  Value index= 24, #Derivatives=0
 Node:          1
  0.1287E+03  0.1133E+03  0.4908E+03 -0.2751E-08
  -1.11E-16
  -8.327E-17
  -2.22E-16
  -2.776E-17
  -4.163E-17
  -3.331E-16
   -6.637E-17
   -2.4E-16
   -3.598E-16
   2.5553921597281306E-16
   -2.2205666666666663E-16
   1.204623416489799E-16
   0.8837    -0.4676    -0.01897
   0.4046    0.7837    -0.4712
   0.2352    0.4088    0.8818
 Node:          2
  0.1292E+03  0.1137E+03  0.5052E+03 -0.2751E-08
  -5.551E-17
  -1.11E-16
  -1.665E-16
  -5.551E-17
   1.943E-16
  -2.776E-16
   8.603E-17
   -1.6E-16
   -4.256E-16
   4.4319260925696854E-16
   -1.6652333333333334E-16
   2.089229995849082E-16
   -0.6554    0.6199    0.4313
   0.7522    0.4849    0.4462
   -0.06744    -0.6169    0.7841
 Node:          3
  0.1289E+03  0.1155E+03  0.5194E+03 -0.2751E-08
   2.22E-16
   1.388E-16
   3.331E-16
   1.11E-16
   5.551E-17
   2.22E-16
   4.753E-16
   2.118E-16
   9.006E-17
   3.4107384479024473E-16
   2.590533333333333E-16
   1.6078375235770005E-16
   -0.5696    -0.7144    -0.4063
   0.2395    -0.6172    0.7494
   -0.7862    0.3296    0.5227
 Node:          4
  0.1361E+03  0.1141E+03  0.4915E+03 -0.2751E-08
   0.0
  -2.776E-17
  -1.11E-16
  -2.776E-17
  -8.327E-17
   2.22E-16
   2.435E-16
   6.328E-18
   -1.388E-16
   3.3426485304919515E-16
   3.700933333333334E-17
   1.5757396286894045E-16
   -0.08549    -0.2215    0.9714
   0.9681    -0.2491    0.0284
   0.2357    0.9428    0.2357
 Node:          5
  0.1341E+03  0.1144E+03  0.5054E+03 -0.2751E-08
   3.331E-16
   1.388E-16
   3.331E-16
   5.551E-17
  -6.939E-17
   4.441E-16
   4.814E-16
   4.627E-16
   1.662E-16
   3.062784517395894E-16
   3.7010000000000004E-16
   1.4438104677092028E-16
   -0.348    -0.6443    0.681
   -0.6589    -0.3487    -0.6665
   0.6669    -0.6807    -0.3032
 Node:          6
  0.1323E+03  0.1162E+03  0.5191E+03 -0.2751E-08
   2.22E-16
   5.551E-17
   2.22E-16
  -5.551E-17
  -2.776E-17
   0.0
   2.897E-16
   1.685E-16
   -1.402E-17
   2.648101478418076E-16
   1.4806E-16
   1.2483270084396958E-16
   -0.715    -0.6696    0.2012
   0.6656    -0.7399    -0.09741
   -0.2141    -0.06426    -0.9747
 Node:          7
  0.1408E+03  0.1171E+03  0.4920E+03 -0.2751E-08
   3.331E-16
   2.22E-16
   2.22E-16
  -8.327E-17
  -1.11E-16
   0.0
   5.398E-16
   6.158E-17
   -4.631E-17
   5.403052621435404E-16
   1.8502333333333335E-16
   2.5470234318164845E-16
   -0.7537    -0.6111    0.2419
   -0.656    0.677    -0.3335
   -0.04004    0.4101    0.9112
 Node:          8
  0.1367E+03  0.1169E+03  0.5055E+03 -0.2751E-08
   2.22E-16
   1.943E-16
   2.22E-16
  -4.025E-16
  -2.359E-16
  -2.22E-16
   6.547E-16
   4.477E-17
   -4.775E-16
   9.814930967154074E-16
   7.399000000000001E-17
   4.626802829168323E-16
   -0.6847    -0.5611    0.4652
   0.5685    -0.8105    -0.1409
   -0.4561    -0.1681    -0.8739
 Node:          9
  0.1339E+03  0.1180E+03  0.5191E+03 -0.2751E-08
   2.22E-16
   1.665E-16
   0.0
  -3.955E-16
  -2.776E-16
   6.661E-16
   1.002E-15
   -9.379E-18
   -1.046E-16
   1.062195387036208E-15
   2.96007E-16
   5.007237074122481E-16
   -0.4817    -0.3073    0.8207
   -0.8565    -0.03292    -0.515
   -0.1853    0.951    0.2474
 Node:         10
  0.1294E+03  0.1212E+03  0.4911E+03 -0.2751E-08
   0.0
   2.776E-17
   1.11E-16
  -1.388E-17
   1.249E-16
   1.11E-16
   2.363E-16
   2.303E-17
   -3.732E-17
   2.48992088026909E-16
   7.400333333333333E-17
   1.173759959370834E-16
   0.0421    0.71    0.703
   -0.7813    -0.4152    0.4661
   -0.6228    0.5688    -0.5372
 Node:         11
  0.1295E+03  0.1214E+03  0.5055E+03 -0.2751E-08
  -2.22E-16
  -2.776E-17
  -2.22E-16
  -4.163E-17
   1.388E-17
  -1.665E-16
   -1.365E-16
   -2.183E-16
   -2.558E-16
   1.0566451627675205E-16
   -2.035333333333333E-16
   4.9810730660058464E-17
   -0.4935    0.2929    0.8189
   0.3541    -0.7924    0.4968
   -0.7944    -0.5351    -0.2873
 Node:         12
  0.1295E+03  0.1217E+03  0.5196E+03 -0.2751E-08
   1.11E-16
   0.0
   1.11E-16
   7.633E-17
   2.776E-17
   2.22E-16
   2.649E-16
   1.11E-16
   6.816E-17
   1.792025435087348E-16
   1.4801999999999999E-16
   8.447688914726913E-17
   -0.4387    -0.1595    -0.8844
   0.3417    -0.9398    -2.255E-17
   0.8311    0.3022    -0.4668
 Node:         13
  0.1361E+03  0.1199E+03  0.4914E+03 -0.2751E-08
   1.11E-16
  -1.388E-16
   0.0
  -9.714E-17
   2.776E-17
  -1.665E-16
   2.285E-16
   -8.52E-17
   -1.988E-16
   3.833392361864358E-16
   -1.849999999999999E-17
   1.807078489348669E-16
   0.8171    -0.5252    -0.2378
   0.4648    0.8442    -0.2671
   0.341    0.1077    0.9339
 Node:         14
  0.1342E+03  0.1198E+03  0.5054E+03 -0.2751E-08
  -5.551E-17
   2.776E-17
   0.0
   5.551E-17
  -9.021E-17
   1.11E-16
   1.672E-16
   -4.94E-18
   -1.068E-16
   2.398787602102362E-16
   1.8486666666666665E-17
   1.130799320048532E-16
   0.1634    -0.4472    0.8794
   -0.6569    -0.7144    -0.2412
   -0.7361    0.5382    0.4105
 Node:         15
  0.1330E+03  0.1205E+03  0.5193E+03 -0.2751E-08
   2.22E-16
  -8.327E-17
  -5.551E-17
   1.388E-17
   4.857E-17
   0.0
   2.451E-16
   2.471E-17
   -1.033E-16
   3.0523832672192397E-16
   5.550333333333333E-17
   1.438907271354049E-16
   -0.9638    0.2667    -0.001723
   0.1157    0.4239    0.8983
   0.2403    0.8656    -0.4394
 Node:         16
  0.1404E+03  0.1188E+03  0.4918E+03 -0.2751E-08
   2.22E-16
   5.551E-17
   2.22E-16
  -8.327E-17
  -1.457E-16
   4.441E-16
   5.466E-16
   1.95E-16
   1.465E-16
   3.7818964819254375E-16
   2.9603333333333337E-16
   1.7828030987433498E-16
   -0.2927    -0.4328    0.8526
   -0.9222    -0.1077    -0.3713
   -0.2526    0.895    0.3676
 Node:         17
  0.1365E+03  0.1184E+03  0.5055E+03 -0.2751E-08
  -1.11E-16
   2.776E-17
  -1.11E-16
   9.714E-17
   1.7E-16
   0.0
   1.573E-16
   -1.341E-16
   -2.452E-16
   3.600440389730123E-16
   -7.400000000000001E-17
   1.697263876557404E-16
   0.3368    0.5285    0.7792
   0.8927    -0.4425    -0.08566
   -0.2996    -0.7244    0.6209
 Node:         18
  0.1341E+03  0.1191E+03  0.5192E+03 -0.2751E-08
   0.0
   0.0
   0.0
   2.645E-17
   1.065E-16
   4.441E-16
   4.697E-16
   -1.672E-33
   -2.562E-17
   4.830198633596759E-16
   1.4802666666666666E-16
   2.2769774721961763E-16
   -0.05484    -0.2207    -0.9738
   0.9705    -0.2411    -6.21E-17
   -0.2348    -0.9451    0.2274
 Node:         19
  0.1301E+03  0.1291E+03  0.4914E+03  0.0000E+00
   1.11E-16
   0.0
   1.11E-16
   2.101E-19
   1.001E-17
  -2.22E-16
   1.113E-16
   1.11E-16
   -2.223E-16
   3.3345010121455954E-16
   0.0
   1.5718988517077046E-16
   -0.02096    -0.9993    -0.03003
   0.9998    -0.02097    1.345E-19
   6.298E-4    0.03003    -0.9995
 Node:         20
  0.1299E+03  0.1291E+03  0.5058E+03  0.0000E+00
   2.22E-16
   0.0
   0.0
   1.041E-17
   1.924E-17
  -5.551E-17
   2.224E-16
   5.975E-18
   -6.188E-17
   2.5715676157744715E-16
   5.549833333333335E-17
   1.2122485995959007E-16
   -0.9993    -0.003257    -0.03765
   0.01428    -0.9549    -0.2965
   -0.03498    -0.2968    0.9543
 Node:         21
  0.1301E+03  0.1280E+03  0.5197E+03  0.0000E+00
   1.11E-16
   0.0
   0.0
   4.163E-17
   1.475E-17
   1.11E-16
   1.534E-16
   7.089E-17
   -2.22E-18
   1.3485280234388901E-16
   7.402333333333333E-17
   6.357022066624871E-17
   -0.6994    -0.0684    -0.7114
   -0.7126    0.1429    0.6869
   -0.05465    -0.9874    0.1487
 Node:         22
  0.1360E+03  0.1256E+03  0.4913E+03  0.0000E+00
  -2.22E-16
   1.388E-17
  -1.11E-16
  -1.388E-17
   1.006E-16
   1.11E-16
   1.5E-16
   -1.456E-16
   -2.264E-16
   3.432090907886911E-16
   -7.4E-17
   1.617903169743686E-16
   -0.02144    0.3586    0.9332
   0.228    0.9106    -0.3447
   -0.9734    0.2054    -0.1013
 Node:         23
  0.1343E+03  0.1253E+03  0.5054E+03  0.0000E+00
   0.0
   2.082E-17
  -4.441E-16
   0.0
   1.314E-16
  -1.665E-16
   1.265E-18
   -1.147E-16
   -4.972E-16
   4.517861703560657E-16
   -2.0354499999999996E-16
   2.1297404313671653E-16
   0.997    0.06061    0.04746
   0.06644    -0.3661    -0.9282
   0.03888    -0.9286    0.369
 Node:         24
  0.1336E+03  0.1248E+03  0.5194E+03  0.0000E+00
  -2.22E-16
   1.214E-17
   0.0
   1.388E-17
   8.674E-19
  -1.665E-16
   6.779E-19
   -1.633E-16
   -2.259E-16
   2.026635838733984E-16
   -1.2950736666666666E-16
   9.553652963763242E-17
   -0.05504    -0.9984    -0.009747
   0.2257    -0.02195    0.974
   -0.9726    0.05141    0.2265
 Node:         25
  0.1400E+03  0.1206E+03  0.4917E+03  0.0000E+00
   0.0
   2.671E-16
  -1.11E-16
  -8.327E-17
  -1.301E-16
   2.22E-16
   3.681E-16
   7.58E-17
   -3.329E-16
   6.098671904603493E-16
   3.699999999999999E-17
   2.8749415066513385E-16
   0.5089    0.4781    -0.7159
   0.6086    0.3883    0.692
   0.6088    -0.7878    -0.09334
 Node:         26
  0.1363E+03  0.1200E+03  0.5055E+03  0.0000E+00
   2.22E-16
   1.076E-16
  -6.106E-16
   2.776E-17
  -1.124E-15
  -5.551E-17
   8.281E-16
   2.248E-16
   -1.497E-15
   2.089815319591662E-15
   -1.4803333333333336E-16
   9.851483892738641E-16
   0.07371    0.6174    -0.7832
   0.9955    0.001018    0.09449
   -0.05914    0.7866    0.6146
 Node:         27
  0.1343E+03  0.1203E+03  0.5192E+03  0.0000E+00
   2.22E-16
  -1.943E-16
   2.22E-16
  -1.041E-16
   1.313E-15
   0.0
   1.466E-15
   1.875E-16
   -1.209E-15
   2.3173691440942246E-15
   1.4816666666666667E-16
   1.0924182908676612E-15
   -0.1693    0.728    0.6643
   0.9848    0.09849    0.1431
   0.03876    0.6785    -0.7336
 Node:         28
  0.1155E+03  0.1124E+03  0.4931E+03 -0.1625E-07
  -2.22E-16
   3.816E-17
   2.22E-16
  -5.551E-17
   5.551E-17
   1.11E-16
   2.455E-16
   1.014E-16
   -2.359E-16
   4.279497984577163E-16
   3.699999999999999E-17
   2.0173746966457835E-16
   0.03184    0.9284    0.3701
   0.1988    0.3571    -0.9127
   0.9795    -0.1026    0.1732
 Node:         29
  0.1119E+03  0.1139E+03  0.5068E+03 -0.1625E-07
  -2.22E-16
  -2.082E-17
   0.0
   5.551E-17
   6.939E-18
  -3.331E-16
   1.944E-18
   -2.004E-16
   -3.566E-16
   3.113642033631998E-16
   -1.8501866666666668E-16
   1.4677849307791052E-16
   -0.09118    0.9958    0.005517
   -0.9179    -0.08189    -0.3884
   -0.3863    -0.04048    0.9215
 Node:         30
  0.1113E+03  0.1159E+03  0.5206E+03 -0.1625E-07
   2.22E-16
   1.249E-16
   2.22E-16
   0.0
  -2.776E-17
   1.11E-16
   3.486E-16
   1.238E-16
   8.277E-17
   2.4787505905193444E-16
   1.8505666666666664E-16
   1.1684942342842583E-16
   -0.7001    -0.7092    0.08287
   -0.4685    0.3686    -0.8029
   -0.5389    0.6009    0.5903
 Node:         31
  0.1203E+03  0.1126E+03  0.4920E+03 -0.1625E-07
  -5.551E-17
   9.714E-17
  -1.11E-16
   2.776E-17
   4.163E-17
  -5.551E-17
   4.114E-17
   -7.661E-17
   -1.866E-16
   1.9726678661143135E-16
   -7.402333333333333E-17
   9.29924550105485E-17
   -0.6956    -0.5654    -0.4433
   0.4358    0.1585    -0.886
   0.5712    -0.8095    0.1362
 Node:         32
  0.1188E+03  0.1134E+03  0.5062E+03 -0.1625E-07
   2.22E-16
  -1.388E-17
  -1.11E-16
  -2.776E-17
   9.714E-17
  -5.551E-17
   2.266E-16
   1.331E-17
   -1.844E-16
   3.5602167644681415E-16
   1.8503333333333345E-17
   1.6783022777663014E-16
   -0.9894    0.07624    0.1236
   0.1445    0.5992    0.7875
   0.01402    -0.797    0.6038
 Node:         33
  0.1183E+03  0.1150E+03  0.5201E+03 -0.1625E-07
   1.11E-16
   5.551E-17
   0.0
   8.327E-17
   0.0
   0.0
   1.7E-16
   0.0
   -5.893E-17
   2.0589037107159722E-16
   3.702333333333333E-17
   9.705765171049398E-17
   -0.8617    -0.2815    -0.4222
   0.0    -0.8321    0.5547
   -0.5074    0.478    0.717
 Node:         34
  0.1255E+03  0.1129E+03  0.4909E+03 -0.1625E-07
   0.0
   0.0
   0.0
   5.551E-17
   9.714E-17
   0.0
   1.119E-16
   3.387E-33
   -1.119E-16
   1.9381648536695736E-16
   0.0
   9.136596740581255E-17
   -0.3508    -0.6139    -0.7071
   0.8682    -0.4961    -4.855E-17
   -0.3508    -0.6139    0.7071
 Node:         35
  0.1260E+03  0.1135E+03  0.5054E+03 -0.1625E-07
   0.0
   1.11E-16
  -1.11E-16
   1.11E-16
   2.498E-16
  -1.11E-16
   2.41E-16
   -1.023E-16
   -3.608E-16
   5.228959647960578E-16
   -7.403333333333333E-17
   2.4649552170824977E-16
   0.5458    0.5925    0.5925
   0.8379    -0.3859    -0.3859
   -4.975E-17    -0.7071    0.7071
 Node:         36
  0.1257E+03  0.1153E+03  0.5196E+03 -0.1625E-07
   0.0
  -5.551E-17
   0.0
  -5.551E-17
   8.327E-17
   0.0
   1.305E-16
   -4.723E-17
   -8.327E-17
   1.982226619234037E-16
   0.0
   9.344305895392481E-17
   -0.5155    0.6059    0.6059
   0.8569    0.3645    0.3645
   -1.256E-16    0.7071    -0.7071
 Node:         37
  0.1132E+03  0.1210E+03  0.4959E+03 -0.1625E-07
  -2.22E-16
   1.388E-16
  -2.22E-16
  -8.327E-17
   1.804E-16
  -2.776E-16
   -4.482E-17
   -1.622E-16
   -5.146E-16
   4.2347200190803645E-16
   -2.4054E-16
   1.9962661612787678E-16
   0.3971    0.7887    0.4693
   -0.7874    0.0301    0.6157
   0.4715    -0.614    0.633
 Node:         38
  0.1111E+03  0.1204E+03  0.5085E+03 -0.1625E-07
  -1.665E-16
   9.714E-17
   0.0
  -2.776E-17
  -8.327E-17
  -2.22E-16
   7.071E-17
   -2.091E-16
   -2.502E-16
   3.0246162913665597E-16
   -1.2953E-16
   1.4258177934084005E-16
   -0.3916    -0.8746    0.2859
   0.9154    -0.3389    0.217
   0.09287    -0.3467    -0.9334
 Node:         39
  0.1119E+03  0.1201E+03  0.5207E+03 -0.1625E-07
  -5.551E-17
  -9.714E-17
  -3.331E-16
  -8.327E-17
  -7.633E-17
  -1.11E-16
   8.934E-18
   -1.105E-16
   -3.981E-16
   3.6239130612640252E-16
   -1.6655533333333335E-16
   1.7083290000335286E-16
   0.851    -0.1281    -0.5092
   0.4076    -0.4503    0.7944
   -0.3311    -0.8836    -0.331
 Node:         40
  0.1191E+03  0.1220E+03  0.4937E+03 -0.1625E-07
   0.0
   8.327E-17
  -2.22E-16
   8.327E-17
  -1.388E-17
  -2.22E-16
   4.872E-17
   -2.082E-16
   -2.846E-16
   3.0244591979393603E-16
   -1.4802666666666666E-16
   1.4257437388566321E-16
   -0.924    -0.2703    -0.2703
   0.0    -0.7071    0.7071
   0.3823    -0.6534    -0.6534
 Node:         41
  0.1182E+03  0.1217E+03  0.5073E+03 -0.1625E-07
   0.0
  -2.776E-17
  -5.551E-17
   5.551E-17
   9.714E-17
   1.11E-16
   1.653E-16
   1.073E-17
   -1.206E-16
   2.478691830381502E-16
   1.8476666666666666E-17
   1.168466534489637E-16
   0.2406    0.3653    0.8993
   -0.8901    0.4526    0.05428
   -0.3871    -0.8135    0.434
 Node:         42
  0.1187E+03  0.1212E+03  0.5204E+03 -0.1625E-07
   0.0
  -5.551E-17
  -1.11E-16
   0.0
   5.551E-17
   1.11E-16
   1.256E-16
   1.887E-17
   -1.444E-16
   2.3552960089975954E-16
   2.3333333333339628E-20
   1.1102971864425409E-16
   0.1113    -0.2517    -0.9614
   0.9295    -0.3159    0.1903
   -0.3516    -0.9148    0.1988
 Node:         43
  0.1258E+03  0.1217E+03  0.4915E+03 -0.1625E-07
   2.22E-16
   1.11E-16
   1.11E-16
  -1.388E-17
   0.0
  -5.551E-17
   2.911E-16
   4.294E-17
   -5.645E-17
   3.1004254562882173E-16
   9.253E-17
   1.4615545764698628E-16
   -0.8507    -0.5246    0.03406
   -0.5213    0.8502    0.07348
   0.06751    -0.04475    0.9967
 Node:         44
  0.1259E+03  0.1220E+03  0.5059E+03 -0.1625E-07
  -2.22E-16
   1.388E-16
  -2.22E-16
   9.714E-17
   1.11E-16
  -1.11E-16
   5.081E-17
   -2.445E-16
   -3.614E-16
   3.679610646522265E-16
   -1.8503E-16
   1.7345850935214064E-16
   -0.5113    -0.534    -0.6733
   -0.5198    -0.4318    0.7372
   -0.6844    0.7269    -0.05679
 Node:         45
  0.1261E+03  0.1221E+03  0.5198E+03 -0.1625E-07
  -5.551E-17
  -8.327E-17
  -2.776E-16
   2.776E-17
  -6.939E-18
   1.11E-16
   1.167E-16
   -3.339E-17
   -3.053E-16
   3.7050374910383835E-16
   -7.399666666666666E-17
   1.7465714229757554E-16
   0.1854    -0.05643    0.981
   0.9302    -0.3117    -0.1938
   -0.3167    -0.9485    0.005308
 Node:         46
  0.1117E+03  0.1296E+03  0.4959E+03  0.0000E+00
  -5.551E-17
   2.776E-17
  -1.665E-16
   6.939E-18
  -2.602E-17
   0.0
   4.101E-18
   -4.897E-17
   -1.772E-16
   1.6144583695778595E-16
   -7.402300000000001E-17
   7.610629740479211E-17
   0.04856    -0.1429    0.9886
   0.9724    0.2327    -0.01414
   -0.228    0.962    0.1502
 Node:         47
  0.1107E+03  0.1269E+03  0.5087E+03  0.0000E+00
  -1.665E-16
  -3.123E-17
   1.11E-16
  -2.776E-17
   3.99E-17
   0.0
   1.289E-16
   -1.114E-17
   -1.732E-16
   2.6185783853075704E-16
   -1.8479999999999997E-17
   1.2344096888796688E-16
   -0.1292    0.939    0.3186
   -0.1008    -0.3321    0.9379
   -0.9865    -0.08906    -0.1376
 Node:         48
  0.1125E+03  0.1242E+03  0.5208E+03  0.0000E+00
   1.11E-16
   3.469E-18
   1.11E-16
   0.0
  -1.735E-18
   1.11E-16
   1.149E-16
   1.11E-16
   1.071E-16
   6.75499814951862E-18
   1.1099999999999999E-16
   3.1843366656181307E-18
   -0.6325    -0.7071    0.3162
   0.4472    -4.455E-15    0.8944
   -0.6325    0.7071    0.3162
 Node:         49
  0.1186E+03  0.1311E+03  0.4938E+03  0.0000E+00
  -1.665E-16
  -2.082E-17
   0.0
  -4.163E-17
  -6.072E-18
  -5.551E-17
   2.581E-18
   -4.165E-17
   -1.83E-16
   1.6789358448433935E-16
   -7.402300000000001E-17
   7.914579473772858E-17
   0.1174    -0.9929    0.01965
   -0.3135    -0.01827    0.9494
   -0.9423    -0.1176    -0.3134
 Node:         50
  0.1180E+03  0.1298E+03  0.5075E+03  0.0000E+00
   0.0
  -1.301E-17
   3.331E-16
  -4.163E-17
   1.247E-17
   2.22E-16
   3.354E-16
   2.276E-16
   -7.879E-18
   3.040655120874448E-16
   1.8504033333333332E-16
   1.4333785701466156E-16
   0.05441    -0.9902    -0.1289
   -0.1707    -0.1364    0.9758
   0.9838    0.03109    0.1765
 Node:         51
  0.1192E+03  0.1275E+03  0.5206E+03  0.0000E+00
   0.0
  -3.469E-18
  -5.551E-17
   0.0
   1.475E-17
   1.11E-16
   1.123E-16
   2.087E-19
   -5.702E-17
   1.491791641607165E-16
   1.849623333333333E-17
   7.03237323931892E-17
   -0.002705    0.08758    0.9962
   0.9982    -0.06004    0.007989
   -0.06051    -0.9943    0.08725
 Node:         52
  0.1262E+03  0.1305E+03  0.4920E+03  0.0000E+00
   1.11E-16
  -1.388E-17
   1.11E-16
   1.301E-18
   4.906E-18
   0.0
   1.25E-16
   9.734E-17
   -2.497E-19
   1.1396559238686912E-16
   7.403009999999999E-17
   5.372389546579809E-17
   -0.7047    0.7092    0.02051
   0.7093    0.7034    0.04493
   -0.01744    -0.04621    0.9988
 Node:         53
  0.1258E+03  0.1304E+03  0.5063E+03  0.0000E+00
  -1.665E-16
  -1.735E-18
  -1.11E-16
   2.776E-17
   3.383E-17
  -2.22E-16
   -1.01E-16
   -1.572E-16
   -2.414E-16
   1.2239330047024632E-16
   -1.6653333333333332E-16
   5.769675515620921E-17
   0.09684    0.9526    0.2883
   -0.9346    0.1866    -0.3027
   -0.3422    -0.2402    0.9084
 Node:         54
  0.1265E+03  0.1288E+03  0.5200E+03  0.0000E+00
  -2.22E-16
   2.082E-17
   1.11E-16
   0.0
  -4.337E-18
   1.11E-16
   1.16E-16
   1.073E-16
   -2.233E-16
   3.350347295430729E-16
   0.0
   1.5793688612860518E-16
   -0.04656    -0.7562    0.6527
   -0.04117    -0.6514    -0.7576
   -0.9981    0.06215    8.061E-4
 Node:         55
  0.1382E+03  0.1167E+03  0.4533E+03 -0.2009E-03
  -0.009059
  -0.001439
   0.007213
   4.117E-4
   0.002229
   0.004703
   0.008577
   0.003492
   -0.009212
   0.015869741050187302
   9.523333333333334E-4
   0.007481067674841309
   -0.0593    0.868    0.4931
   -0.08442    0.4878    -0.8689
   -0.9947    -0.09315    0.04435
 Node:         56
  0.1314E+03  0.1156E+03  0.4686E+03 -0.2009E-03
  -0.009643
   6.336E-4
   0.004037
   0.002681
  -2.113E-5
   3.729E-4
   0.00407
   0.001039
   -0.01034
   0.013158964662920864
   -0.0017436666666666668
   0.00620319543103033
   -0.05244    -0.9981    -0.03232
   0.2407    -0.04404    0.9696
   -0.9692    0.04306    0.2426
 Node:         57
  0.1285E+03  0.1140E+03  0.4823E+03 -0.2009E-03
  -0.002268
   0.001123
  -2.657E-4
   8.672E-4
  -5.852E-4
  -3.256E-4
   3.376E-4
   -4.821E-5
   -0.003149
   0.003310598702666936
   -9.532033333333333E-4
   0.001560631194962118
   -0.2069    -0.8519    0.4812
   0.4857    0.3375    0.8063
   -0.8493    0.4005    0.3439
 Node:         58
  0.1480E+03  0.1173E+03  0.4540E+03 -0.2009E-03
  -0.009081
  -0.003821
   0.01206
  -6.408E-4
   0.001847
   0.00122
   0.01304
   9.137E-4
   -0.009759
   0.01975788548883711
   0.001398233333333333
   0.009313956540709337
   0.1725    -0.9717    -0.1611
   -6.67E-4    -0.1637    0.9865
   -0.985    -0.1701    -0.02888
 Node:         59
  0.1417E+03  0.1164E+03  0.4696E+03 -0.2009E-03
  -0.009088
  -0.002686
   0.008977
   0.001503
   5.692E-4
  -0.00152
   0.009379
   -0.001233
   -0.009777
   0.016621775115793137
   -5.436666666666663E-4
   0.007835579933156759
   -0.1413    0.9894    0.03219
   0.1895    -0.00488    0.9819
   -0.9717    -0.1448    0.1868
 Node:         60
  0.1375E+03  0.1149E+03  0.4832E+03 -0.2009E-03
  -0.002031
  -1.855E-4
   0.001222
   9.548E-4
  -3.296E-4
  -6.021E-4
   0.001321
   -2.228E-4
   -0.002509
   0.0033375836229224284
   -4.702666666666667E-4
   0.0015733520083637427
   -0.1174    0.9675    -0.2241
   -0.4313    -0.2529    -0.866
   -0.8945    -0.004987    0.447
 Node:         61
  0.1551E+03  0.1213E+03  0.4546E+03 -0.2009E-03
  -0.003949
  -0.003442
   0.005701
  -0.003153
   0.004266
  -0.009155
   0.008269
   -0.004621
   -0.01105
   0.017039775556033598
   -0.0024673333333333335
   0.008032627230378753
   -0.3265    0.9027    0.2801
   0.8855    0.3958    -0.2433
   0.3305    -0.1686    0.9286
 Node:         62
  0.1491E+03  0.1198E+03  0.4705E+03 -0.2009E-03
  -0.001019
  -0.004624
   0.006465
  -1.909E-4
   0.001816
  -0.009232
   0.008836
   -0.003167
   -0.009455
   0.01609614292307322
   -0.0012619999999999999
   0.007587794541235287
   -0.4244    0.9005    0.09499
   0.9043    0.416    0.09609
   -0.04701    -0.1267    0.9908
 Node:         63
  0.1436E+03  0.1181E+03  0.4839E+03 -0.2009E-03
   7.412E-4
  -0.001185
   0.001298
   5.482E-4
  -5.089E-4
  -0.001771
   0.002369
   -1.904E-4
   -0.00191
   0.0037294365204411243
   8.953333333333337E-5
   0.0017580732357391207
   -0.6174    0.7667    -0.176
   0.7703    0.6346    0.06284
   0.1599    -0.09677    -0.9824
 Node:         64
  0.1412E+03  0.1253E+03  0.4532E+03 -0.2009E-03
  -0.005351
   0.001889
   0.006293
  -0.001702
   0.00121
  -0.001059
   0.006707
   -5.017E-4
   -0.006323
   0.0113056134150253
   -3.923333333333308E-5
   0.00532951727415866
   0.1366    0.9829    0.1232
   0.3537    0.06773    -0.9329
   -0.9253    0.171    -0.3384
 Node:         65
  0.1340E+03  0.1229E+03  0.4686E+03 -0.2009E-03
  -0.004969
   9.851E-4
   0.005675
  -3.384E-4
   4.217E-4
  -8.307E-4
   0.005789
   -8.204E-4
   -0.005093
   0.009496241443855562
   -4.1466666666666735E-5
   0.0044765711471566666
   -0.0892    -0.9943    -0.05878
   -0.09309    -0.05044    0.9944
   -0.9917    0.09417    -0.08806
 Node:         66
  0.1299E+03  0.1214E+03  0.4825E+03 -0.2009E-03
  -7.609E-4
   1.535E-4
   8.737E-4
   3.799E-4
  -2.692E-4
  -2.496E-4
   9.376E-4
   -7.405E-5
   -0.0010
   0.001678557846039272
   -4.5483333333333325E-5
   7.912797570321694E-4
   -0.04174    -0.9772    0.2083
   0.5049    0.1592    0.8484
   0.8622    -0.1406    -0.4867
 Node:         67
  0.1498E+03  0.1240E+03  0.4539E+03 -0.2009E-03
  -0.005695
  -0.001954
   0.005387
  -0.001451
   6.726E-4
   8.425E-4
   0.00589
   9.204E-4
   -0.006275
   0.010593817308222755
   1.784666666666667E-4
   0.004993973371530485
   -0.1857    0.9656    0.1821
   -0.1496    -0.2109    0.966
   -0.9711    -0.1521    -0.1836
 Node:         68
  0.1431E+03  0.1222E+03  0.4695E+03 -0.2009E-03
  -0.004894
  -0.003323
   0.005972
  -6.087E-4
   8.959E-4
   3.863E-4
   0.007066
   2.472E-4
   -0.005849
   0.011190552106129528
   4.8806666666666686E-4
   0.00527527685297706
   0.2718    -0.9502    -0.1522
   -0.01236    -0.1616    0.9868
   -0.9623    -0.2663    -0.05567
 Node:         69
  0.1379E+03  0.1205E+03  0.4831E+03 -0.2009E-03
  -6.868E-4
  -9.342E-4
   0.001628
   1.994E-4
   1.253E-4
  -9.949E-5
   0.001959
   -4.644E-5
   -0.001071
   0.0026694955316688583
   2.8052E-4
   0.0012584122618601583
   -0.3311    0.9433    0.02536
   0.2255    0.05301    0.9728
   0.9163    0.3278    -0.2303
 Node:         70
  0.1554E+03  0.1233E+03  0.4546E+03 -0.2009E-03
  -0.004233
  -0.002343
  -5.153E-4
  -0.002721
   0.001931
   0.006488
   0.007863
   -5.163E-4
   -0.005607
   0.011780678991042919
   5.799000000000001E-4
   0.005553465334365561
   -0.2627    0.2859    0.9216
   0.2955    -0.8854    0.3589
   0.9185    0.3666    0.1481
 Node:         71
  0.1492E+03  0.1217E+03  0.4704E+03 -0.2009E-03
  -0.002906
  -0.005078
   0.003343
  -0.00245
   0.002651
   0.002318
   0.008269
   3.305E-4
   -0.005844
   0.012253999377754187
   9.184999999999997E-4
   0.005776590704443813
   -0.446    0.7348    0.511
   0.1457    -0.5037    0.8515
   0.8831    0.4542    0.1176
 Node:         72
  0.1435E+03  0.1199E+03  0.4838E+03 -0.2009E-03
  -1.894E-4
  -0.001774
   0.001459
  -2.446E-4
   5.085E-4
   8.436E-5
   0.002711
   -3.18E-5
   -0.001324
   0.0035688904214055107
   4.517333333333333E-4
   0.0016823910788583678
   -0.523    0.8264    0.2087
   0.1552    -0.1485    0.9767
   0.8381    0.5432    -0.05056
 Node:         73
  0.1443E+03  0.1339E+03  0.4531E+03  0.0000E+00
   0.001551
  -0.001199
  -0.004879
   7.508E-4
  -6.739E-4
   0.004615
   0.00488
   0.001531
   -0.005125
   0.00882094558423302
   4.286666666666666E-4
   0.004158233626059133
   0.2522    -0.09745    0.9628
   -0.9525    0.1503    0.2647
   -0.1705    -0.9838    -0.05493
 Node:         74
  0.1366E+03  0.1303E+03  0.4687E+03  0.0000E+00
   0.004019
  -0.001879
  -0.002838
   3.832E-5
  -0.001319
   0.002477
   0.00457
   0.002673
   -0.003585
   0.007391386811688319
   0.0012193333333333333
   0.0034843331579450833
   0.9433    -0.2729    0.1892
   -0.2358    -0.1494    0.9602
   -0.2338    -0.9504    -0.2053
 Node:         75
  0.1313E+03  0.1288E+03  0.4827E+03  0.0000E+00
   0.001203
  -7.999E-4
  -4.706E-4
  -5.254E-4
  -2.7E-4
   1.084E-4
   0.001628
   1.969E-4
   -9.841E-4
   0.0022655986648124596
   2.8026666666666674E-4
   0.0010680134528907189
   -0.913    0.3145    0.2597
   0.09049    -0.4647    0.8808
   0.3977    0.8277    0.3958
 Node:         76
  0.1516E+03  0.1307E+03  0.4538E+03  0.0000E+00
   0.001864
  -0.001557
  -0.007225
   7.886E-5
   0.001761
   0.007588
   0.007797
   0.002116
   -0.007685
   0.013565133357250861
   7.426666666666666E-4
   0.00639466518974128
   -0.01784    0.1182    0.9928
   0.9868    -0.1576    0.0365
   0.1608    0.9804    -0.1139
 Node:         77
  0.1445E+03  0.1280E+03  0.4695E+03  0.0000E+00
   0.006086
  -7.666E-4
  -0.003906
  -6.882E-4
   0.001195
   0.003034
   0.006335
   0.003026
   -0.004147
   0.009280994935889148
   0.0017380000000000006
   0.004375102970216815
   -0.9662    0.1001    0.2377
   0.25    0.1375    0.9584
   -0.0632    -0.9854    0.1579
 Node:         78
  0.1384E+03  0.1261E+03  0.4830E+03  0.0000E+00
   0.002473
  -1.292E-4
  -3.831E-4
  -5.632E-4
  -1.065E-4
   3.098E-5
   0.0026
   -4.232E-5
   -4.371E-4
   0.0028602170058231596
   7.068599999999998E-4
   0.001348319226988426
   -0.9765    0.0347    0.2126
   0.1866    -0.3569    0.9153
   -0.1076    -0.9335    -0.342
 Node:         79
  0.1556E+03  0.1254E+03  0.4545E+03  0.0000E+00
   0.002254
   0.00323
   0.005389
   0.001653
   1.187E-4
  -0.01613
   0.007453
   3.393E-4
   -0.01628
   0.021095747784565497
   -0.002829233333333333
   0.009944630875111566
   0.5369    0.8426    0.04188
   -0.8388    0.5384    -0.08034
   -0.09025    0.007998    0.9959
 Node:         80
  0.1494E+03  0.1237E+03  0.4704E+03  0.0000E+00
   0.006539
   0.002944
   0.002964
  -7.447E-5
  -4.752E-4
  -0.01371
   0.0082
   0.001317
   -0.01373
   0.019425663412094837
   -0.0014043333333333327
   0.009157345551826443
   0.871    0.491    -0.01361
   -0.4912    0.8707    -0.0251
   -4.74E-4    0.02855    0.9996
 Node:         81
  0.1433E+03  0.1217E+03  0.4837E+03  0.0000E+00
   0.002749
   5.715E-4
   2.124E-4
  -5.427E-4
  -1.225E-4
  -0.001934
   0.002935
   8.96E-5
   -0.001998
   0.004288873040788221
   3.4219999999999997E-4
   0.002021794140526346
   -0.9713    -0.209    0.1135
   -0.2106    0.9776    -0.002712
   0.1104    0.02654    0.9935
 Node:         82
  0.1267E+03  0.1148E+03  0.4562E+03 -0.3207E-02
  -0.003085
  -2.566E-4
   0.002476
   7.384E-4
   0.00185
   5.319E-4
   0.003598
   -3.712E-4
   -0.003304
   0.005999727847161069
   -2.573333333333331E-5
   0.0028282988306675724
   0.0248    0.8533    0.5209
   -0.2706    0.5073    -0.8182
   0.9624    0.1207    -0.2435
 Node:         83
  0.1234E+03  0.1129E+03  0.4719E+03 -0.3207E-02
  -0.003984
   4.944E-4
   0.001226
   0.003837
   8.12E-4
  -0.002749
   0.001878
   -1.285E-4
   -0.007255
   0.008313384795015807
   -0.0018351666666666666
   0.0039189671754458755
   0.3586    0.8224    0.4417
   -0.5425    0.5687    -0.6183
   -0.7597    -0.01795    0.6501
 Node:         84
  0.1187E+03  0.1123E+03  0.4849E+03 -0.3207E-02
  -5.607E-4
   1.338E-4
   8.976E-5
   0.001418
  -6.26E-5
  -0.002521
   2.381E-4
   3.846E-5
   -0.003268
   0.003410664969708986
   -9.971466666666667E-4
   0.0016078028856244232
   -0.761    -0.5266    -0.3791
   0.4525    -0.8494    0.2714
   0.4649    -0.03502    -0.8847
 Node:         85
  0.1302E+03  0.1161E+03  0.4550E+03 -0.3207E-02
  -0.003963
  -1.517E-4
   0.003014
   8.845E-4
   0.002831
   0.001907
   0.005367
   -2.62E-4
   -0.004147
   0.008285380558550102
   3.193333333333335E-4
   0.003905765851774641
   0.0482    0.7669    0.6399
   -0.2041    0.6347    -0.7453
   -0.9778    -0.09471    0.1872
 Node:         86
  0.1252E+03  0.1138E+03  0.4702E+03 -0.3207E-02
  -0.003042
   0.002025
   0.005297
   0.007317
   0.003183
  -0.001264
   0.008992
   0.001548
   -0.009549
   0.016160526383753718
   3.303333333333335E-4
   0.007618145195664246
   -0.4485    -0.7116    -0.5408
   0.5003    -0.7013    0.5079
   0.7406    0.04277    -0.6705
 Node:         87
  0.1217E+03  0.1126E+03  0.4834E+03 -0.3207E-02
  -0.001113
   7.871E-5
   2.205E-4
   0.001838
  -2.879E-4
  -0.002323
   3.343E-4
   1.235E-4
   -0.003673
   0.003906168338666423
   -0.0010717333333333334
   0.0018413854138181454
   -0.5099    0.7432    -0.4332
   0.6325    0.6652    0.3969
   0.5831    -0.07163    -0.8092
 Node:         88
  0.1338E+03  0.1169E+03  0.4534E+03 -0.3207E-02
  -0.006577
  -9.806E-4
   0.002443
   8.556E-4
   0.003587
   0.004132
   0.006973
   -1.356E-4
   -0.006839
   0.011963258534362618
   -5.333333333330572E-7
   0.00563953415649043
   0.004652    0.6202    0.7845
   -0.1978    0.7695    -0.6072
   0.9802    0.1524    -0.1263
 Node:         89
  0.1270E+03  0.1150E+03  0.4686E+03 -0.3207E-02
  -0.007869
   0.001035
   0.001518
   0.00335
   0.001005
  -7.815E-4
   0.002457
   -3.549E-4
   -0.009235
   0.010570378934078003
   -0.0023776333333333332
   0.004982924415998657
   0.2486    0.822    0.5123
   -0.2692    0.5667    -0.7787
   -0.9305    0.05568    0.3622
 Node:         90
  0.1248E+03  0.1132E+03  0.4822E+03 -0.3207E-02
  -0.001954
   0.001118
  -5.025E-4
   9.944E-4
  -5.443E-4
  -5.739E-4
   1.045E-4
   -6.011E-5
   -0.003075
   0.0031004740294187276
   -0.0010102033333333333
   0.0014615774740631743
   0.4697    0.8826    -0.01965
   0.3729    -0.1782    0.9106
   -0.8002    0.4351    0.4128
 Node:         91
  0.1259E+03  0.1262E+03  0.4551E+03 -0.3207E-02
  -0.003693
   0.002893
   0.00554
  -3.285E-4
   0.002905
   2.057E-4
   0.007401
   -5.368E-4
   -0.004811
   0.010733368494559385
   6.843999999999996E-4
   0.005059758431651324
   -0.2259    -0.9068    -0.3558
   -0.3401    -0.2688    0.9011
   -0.9128    0.3246    -0.2477
 Node:         92
  0.1209E+03  0.1233E+03  0.4726E+03 -0.3207E-02
  -0.004768
   8.408E-4
   0.003515
   9.962E-4
   0.002163
   0.001589
   0.005078
   2.114E-4
   -0.004953
   0.008688376831146311
   1.1213333333333324E-4
   0.004095740116538429
   -0.1261    -0.8267    -0.5484
   0.07093    -0.5589    0.8262
   -0.9895    0.06527    0.1291
 Node:         93
  0.1159E+03  0.1217E+03  0.4877E+03 -0.3207E-02
  -7.685E-4
  -2.297E-4
   3.073E-4
   7.746E-4
   6.618E-4
  -4.402E-4
   7.272E-4
   -3.796E-5
   -0.001591
   0.002045904971791212
   -3.005866666666666E-4
   9.644488528112254E-4
   0.1715    0.8039    0.5695
   -0.6968    0.5076    -0.5067
   -0.6964    -0.31    0.6472
 Node:         94
  0.1313E+03  0.1264E+03  0.4542E+03 -0.3207E-02
  -0.004408
   0.002747
   0.006054
  -0.001597
   0.002661
   0.002399
   0.007713
   0.002038
   -0.005706
   0.011667148794799869
   0.0013483333333333331
   0.005499946686610295
   0.1507    0.9013    0.4061
   0.3581    0.3332    -0.8722
   0.9214    -0.2769    0.2725
 Node:         95
  0.1249E+03  0.1235E+03  0.4707E+03 -0.3207E-02
  -0.006705
   4.636E-4
   0.003924
   6.862E-4
   0.001395
   0.003737
   0.005283
   0.002436
   -0.006763
   0.010904887115417565
   3.1866666666666675E-4
   0.005140613084923713
   0.06726    0.7257    0.6847
   0.01967    -0.6871    0.7263
   -0.9975    0.03538    0.06049
 Node:         96
  0.1205E+03  0.1222E+03  0.4852E+03 -0.3207E-02
  -0.001315
  -1.862E-4
   3.152E-4
   9.241E-4
   4.276E-4
  -2.565E-4
   6.063E-4
   5.224E-5
   -0.001915
   0.002294991219068169
   -4.1882000000000003E-4
   0.0010818692358444558
   0.2212    0.7586    0.6129
   -0.4921    0.6294    -0.6014
   -0.8419    -0.1686    0.5126
 Node:         97
  0.1368E+03  0.1260E+03  0.4532E+03 -0.3207E-02
  -0.006421
   0.002072
   0.005922
  -0.001346
   0.002764
   0.002561
   0.007575
   0.001589
   -0.007102
   0.012782409905804147
   6.873333333333335E-4
   0.006025685816200141
   0.08604    0.8821    0.4631
   0.2567    0.4295    -0.8658
   -0.9627    0.1934    -0.1894
 Node:         98
  0.1296E+03  0.1233E+03  0.4687E+03 -0.3207E-02
  -0.005699
   0.001374
   0.004697
   7.304E-4
   0.001491
   0.002019
   0.005575
   0.001356
   -0.005914
   0.010066031541774545
   3.389999999999999E-4
   0.004745172775217639
   0.1364    0.9033    0.4067
   0.01404    -0.4122    0.911
   -0.9906    0.1186    0.06892
 Node:         99
  0.1260E+03  0.1218E+03  0.4827E+03 -0.3207E-02
  -0.00103
   3.112E-4
   5.819E-4
   5.728E-4
  -7.006E-5
  -2.068E-4
   6.419E-4
   7.598E-5
   -0.001372
   0.0017989864836623981
   -2.1803999999999997E-4
   8.48050361240416E-4
   -0.2009    -0.9781    -0.05485
   0.4249    -0.1374    0.8947
   -0.8827    0.1564    0.4432
 Node:        100
  0.1251E+03  0.1375E+03  0.4539E+03  0.0000E+00
   4.488E-4
  -9.52E-5
   0.002489
  -7.849E-5
   9.216E-5
  -0.001884
   0.002495
   4.467E-4
   -0.001889
   0.003799373854992425
   3.508999999999999E-4
   0.0017910420114186788
   0.04729    -0.9986    -0.02186
   -0.9983    -0.04797    0.03172
   0.03273    -0.02033    0.9993
 Node:        101
  0.1187E+03  0.1337E+03  0.4719E+03  0.0000E+00
   0.001953
  -8.405E-5
   0.002305
  -9.447E-4
  -6.911E-4
  -0.003292
   0.002393
   0.002113
   -0.00354
   0.005798072869497245
   3.219999999999998E-4
   0.00273323776255683
   -0.1072    -0.9847    0.1375
   0.9796    -0.1282    -0.1548
   -0.1701    -0.1181    -0.9783
 Node:        102
  0.1139E+03  0.1312E+03  0.4875E+03  0.0000E+00
   9.013E-4
  -2.563E-4
  -4.81E-4
  -3.851E-4
  -6.271E-4
  -5.946E-4
   0.001003
   8.685E-5
   -0.001264
   0.0019752741005997117
   -5.8049999999999954E-5
   9.311531408241432E-4
   -0.9757    0.08286    0.2027
   0.07167    -0.7538    0.6532
   -0.2069    -0.6519    -0.7296
 Node:        103
  0.1324E+03  0.1365E+03  0.4534E+03  0.0000E+00
   9.85E-4
  -4.61E-4
   0.002692
  -3.684E-5
  -1.417E-5
  -0.002868
   0.002808
   8.688E-4
   -0.002868
   0.004997056477567569
   2.6960000000000005E-4
   0.0023556350141734606
   -0.2451    0.9695    -8.298E-4
   0.9695    0.2451    -0.01049
   0.009963    0.003374    0.9999
 Node:        104
  0.1250E+03  0.1331E+03  0.4704E+03  0.0000E+00
   0.002271
  -4.759E-4
   0.001105
  -0.001085
  -9.435E-4
  -0.003158
   0.002546
   0.00126
   -0.003588
   0.005602805368741627
   7.266666666666678E-5
   0.0026411877799370665
   -0.9639    0.2223    0.1467
   -0.1817    -0.9516    0.2479
   -0.1947    -0.2123    -0.9576
 Node:        105
  0.1200E+03  0.1317E+03  0.4854E+03  0.0000E+00
   6.814E-4
  -4.543E-4
  -7.019E-4
  -5.756E-4
  -6.209E-4
  -5.48E-4
   9.375E-4
   -1.45E-5
   -0.001492
   0.002120351444926053
   -1.8966666666666668E-4
   9.995432568039376E-4
   0.9415    -0.1458    -0.3038
   0.1157    -0.7068    0.6979
   0.3165    0.6922    0.6486
 Node:        106
  0.1398E+03  0.1351E+03  0.4530E+03  0.0000E+00
   0.00145
  -4.522E-4
   3.432E-4
   5.281E-4
  -0.001016
  -5.451E-4
   0.00194
   5.334E-4
   -0.001225
   0.0027466087380622673
   4.161333333333334E-4
   0.0012947637759667034
   -0.8119    0.4592    -0.3603
   0.5785    0.7157    -0.3913
   -0.07821    0.5262    0.8468
 Node:        107
  0.1321E+03  0.1316E+03  0.4688E+03  0.0000E+00
   0.003219
  -0.001232
   1.817E-4
  -6.111E-4
  -0.001817
  -8.761E-4
   0.003656
   0.001376
   -0.002507
   0.005397159345433484
   8.416666666666667E-4
   0.00254424531486691
   0.9411    -0.3382    0.008648
   -0.2628    -0.7148    0.648
   -0.2129    -0.6121    -0.7616
 Node:        108
  0.1273E+03  0.1304E+03  0.4831E+03  0.0000E+00
   7.811E-4
  -6.65E-4
  -4.605E-4
  -6.329E-4
  -4.169E-4
  -1.692E-4
   0.001216
   1.16E-4
   -0.00118
   0.002077309798754148
   5.066666666666667E-5
   9.792532302162137E-4
   -0.9028    0.2762    0.3295
   0.08085    -0.6436    0.7611
   0.4223    0.7138    0.5587
 Node:        109
  0.1018E+03  0.1092E+03  0.4946E+03 -0.3603E-08
   0.0
   1.388E-16
   1.11E-16
   5.551E-17
  -1.388E-17
   0.0
   2.069E-16
   2.266E-17
   -1.186E-16
   2.827092280064448E-16
   3.698666666666666E-17
   1.3327040815158061E-16
   -0.5724    -0.814    -0.09897
   0.2904    -0.3141    0.9039
   0.7668    -0.4887    -0.4162
 Node:        110
  0.1058E+03  0.1118E+03  0.5081E+03 -0.3603E-08
   0.0
   2.776E-17
   0.0
  -1.388E-17
  -5.204E-17
   2.22E-16
   2.353E-16
   1.788E-17
   -3.112E-17
   2.456135916434593E-16
   7.402E-17
   1.157833574684491E-16
   -0.08376    -0.2246    0.9708
   0.7726    0.6007    0.2056
