 Group name: gastroc_stress
 #Fields=  16
 1) coordinates, coordinate, rectangular cartesian, #Components=3
   x.  Value index= 1, #Derivatives=0
   y.  Value index= 2, #Derivatives=0
   z.  Value index= 3, #Derivatives=0
 2) Tensor_1, field, rectangular cartesian, #Components=1
   Tensor_1.  Value index= 4, #Derivatives=0
 3) Tensor_2, field, rectangular cartesian, #Components=1
   Tensor_2.  Value index= 5, #Derivatives=0
 4) Tensor_3, field, rectangular cartesian, #Components=1
   Tensor_3.  Value index= 6, #Derivatives=0
 5) Tensor_4, field, rectangular cartesian, #Components=1
   Tensor_4.  Value index= 7, #Derivatives=0
 6) Tensor_5, field, rectangular cartesian, #Components=1
   Tensor_5.  Value index= 8, #Derivatives=0
 7) Tensor_6, field, rectangular cartesian, #Components=1
   Tensor_6.  Value index= 9, #Derivatives=0
 8) Principal_1, field, rectangular cartesian, #Components=1
   Principal_1.  Value index= 10, #Derivatives=0
 9) Principal_2, field, rectangular cartesian, #Components=1
   Principal_2.  Value index= 11, #Derivatives=0
 10) Principal_3, field, rectangular cartesian, #Components=1
   Principal_3.  Value index= 12, #Derivatives=0
 11) VonMises, field, rectangular cartesian, #Components=1
   VonMises.  Value index= 13, #Derivatives=0
 12) Hydrostatic, field, rectangular cartesian, #Components=1
   VonMises.  Value index= 14, #Derivatives=0
 13) Octahedral, field, rectangular cartesian, #Components=1
   VonMises.  Value index= 15, #Derivatives=0
 14) PrincipalVector1, field, rectangular cartesian, #Components=3
   x.  Value index= 16, #Derivatives=0
   y.  Value index= 17, #Derivatives=0
   z.  Value index= 18, #Derivatives=0
 15) PrincipalVector2, field, rectangular cartesian, #Components=3
   x.  Value index= 19, #Derivatives=0
   y.  Value index= 20, #Derivatives=0
   z.  Value index= 21, #Derivatives=0
 16) PrincipalVector3, field, rectangular cartesian, #Components=3
   x.  Value index= 22, #Derivatives=0
   y.  Value index= 23, #Derivatives=0
   z.  Value index= 24, #Derivatives=0
 Node:          1
  0.1287E+03  0.1133E+03  0.4908E+03 -0.2751E-08
  -5.501E-9
  -1.439E-16
  -5.501E-9
  -4.797E-17
  -7.196E-17
  -5.501E-9
   -5.501E-9
   -5.501E-9
   -5.501E-9
   0.0
   -5.501E-9
   0.0
   0.966    -0.2571    -0.02712
   0.2489    0.9532    -0.1718
   0.07002    0.1592    0.9848
 Node:          2
  0.1292E+03  0.1137E+03  0.5052E+03 -0.2751E-08
  -5.501E-9
  -1.919E-16
  -5.501E-9
  -9.595E-17
   3.358E-16
  -5.501E-9
   -5.501E-9
   -5.501E-9
   -5.501E-9
   0.0
   -5.501E-9
   0.0
   0.895    -0.3984    -0.2008
   0.4461    0.7982    0.4048
   -9.609E-4    -0.4518    0.8921
 Node:          3
  0.1289E+03  0.1155E+03  0.5194E+03 -0.2751E-08
  -5.501E-9
   2.399E-16
  -5.501E-9
   1.919E-16
   9.595E-17
  -5.501E-9
   -5.501E-9
   -5.501E-9
   -5.501E-9
   0.0
   -5.501E-9
   0.0
   -0.4092    -0.8757    -0.2565
   0.496    -0.4494    0.7429
   0.7658    -0.1767    -0.6183
 Node:          4
  0.1361E+03  0.1141E+03  0.4915E+03 -0.2751E-08
  -5.501E-9
  -4.797E-17
  -5.501E-9
  -4.797E-17
  -1.439E-16
  -5.501E-9
   -5.501E-9
   -5.501E-9
   -5.501E-9
   0.0
   -5.501E-9
   0.0
   -0.04308    -0.0943    0.9946
   -0.9939    0.1055    -0.03304
   -0.1018    -0.9899    -0.09827
 Node:          5
  0.1341E+03  0.1144E+03  0.5054E+03 -0.2751E-08
  -5.501E-9
   2.399E-16
  -5.501E-9
   9.595E-17
  -1.199E-16
  -5.501E-9
   -5.501E-9
   -5.501E-9
   -5.501E-9
   0.0
   -5.501E-9
   0.0
   0.09698    -0.1794    0.979
   0.7185    0.6933    0.05585
   -0.6888    0.698    0.1961
 Node:          6
  0.1323E+03  0.1162E+03  0.5191E+03 -0.2751E-08
  -5.501E-9
   9.595E-17
  -5.501E-9
  -9.595E-17
  -4.797E-17
  -5.501E-9
   -5.501E-9
   -5.501E-9
   -5.501E-9
   0.0
   -5.501E-9
   0.0
   -0.715    -0.6928    0.09323
   0.693    -0.72    -0.03581
   0.09194    0.039    0.995
 Node:          7
  0.1408E+03  0.1171E+03  0.4920E+03 -0.2751E-08
  -5.501E-9
   3.838E-16
  -5.501E-9
  -1.439E-16
  -1.919E-16
  -5.501E-9
   -5.501E-9
   -5.501E-9
   -5.501E-9
   0.0
   -5.501E-9
   0.0
   0.8641    0.487    -0.1268
   -0.5006    0.8577    -0.1173
   0.05165    0.1648    0.985
 Node:          8
  0.1367E+03  0.1169E+03  0.5055E+03 -0.2751E-08
  -5.501E-9
   3.358E-16
  -5.501E-9
  -6.956E-16
  -4.078E-16
  -5.501E-9
   -5.501E-9
   -5.501E-9
   -5.501E-9
   0.0
   -5.501E-9
   0.0
   -0.7204    -0.627    0.2965
   0.636    -0.7677    -0.07823
   0.2767    0.1322    0.9518
 Node:          9
  0.1339E+03  0.1180E+03  0.5191E+03 -0.2751E-08
  -5.501E-9
   2.878E-16
  -5.501E-9
  -6.836E-16
  -4.797E-16
  -5.501E-9
   -5.501E-9
   -5.501E-9
   -5.501E-9
   0.0
   -5.501E-9
   0.0
   0.3025    0.1646    -0.9388
   0.9346    0.1421    0.3261
   -0.1871    0.9761    0.1108
 Node:         10
  0.1294E+03  0.1212E+03  0.4911E+03 -0.2751E-08
  -5.501E-9
   4.797E-17
  -5.501E-9
  -2.399E-17
   2.159E-16
  -5.501E-9
   -5.501E-9
   -5.501E-9
   -5.501E-9
   0.0
   -5.501E-9
   0.0
   0.02409    0.7089    0.7049
   0.1744    0.6913    -0.7012
   -0.9844    0.1398    -0.107
 Node:         11
  0.1295E+03  0.1214E+03  0.5055E+03 -0.2751E-08
  -5.501E-9
  -4.797E-17
  -5.501E-9
  -7.196E-17
   2.399E-17
  -5.501E-9
   -5.501E-9
   -5.501E-9
   -5.501E-9
   0.0
   -5.501E-9
   0.0
   -0.2763    0.1332    0.9518
   -0.5868    0.761    -0.2768
   0.7611    0.635    0.1321
 Node:         12
  0.1295E+03  0.1217E+03  0.5196E+03 -0.2751E-08
  -5.501E-9
  -4.662E-41
  -5.501E-9
   1.319E-16
   4.797E-17
  -5.501E-9
   -5.501E-9
   -5.501E-9
   -5.501E-9
   0.0
   -5.501E-9
   0.0
   -0.2404    -0.08741    -0.9667
   -0.3417    0.9398    -2.252E-10
   -0.9085    -0.3304    0.2558
 Node:         13
  0.1361E+03  0.1199E+03  0.4914E+03 -0.2751E-08
  -5.501E-9
  -2.399E-16
  -5.501E-9
  -1.679E-16
   4.797E-17
  -5.501E-9
   -5.501E-9
   -5.501E-9
   -5.501E-9
   0.0
   -5.501E-9
   0.0
   0.9203    -0.37    -0.1273
   0.3697    0.9288    -0.02722
   0.1283    -0.02201    0.9915
 Node:         14
  0.1342E+03  0.1198E+03  0.5054E+03 -0.2751E-08
  -5.501E-9
   4.797E-17
  -5.501E-9
   9.595E-17
  -1.559E-16
  -5.501E-9
   -5.501E-9
   -5.501E-9
   -5.501E-9
   0.0
   -5.501E-9
   0.0
   0.09999    -0.2648    0.9591
   -0.2953    -0.9284    -0.2256
   -0.9502    0.2607    0.171
 Node:         15
  0.1330E+03  0.1205E+03  0.5193E+03 -0.2751E-08
  -5.501E-9
  -1.439E-16
  -5.501E-9
   2.399E-17
   8.395E-17
  -5.501E-9
   -5.501E-9
   -5.501E-9
   -5.501E-9
   0.0
   -5.501E-9
   0.0
   0.9934    -0.1134    0.01426
   -0.01884    -0.2856    -0.9582
   0.1127    0.9516    -0.2858
 Node:         16
  0.1404E+03  0.1188E+03  0.4918E+03 -0.2751E-08
  -5.501E-9
   9.595E-17
  -5.501E-9
  -1.439E-16
  -2.519E-16
  -5.501E-9
   -5.501E-9
   -5.501E-9
   -5.501E-9
   0.0
   -5.501E-9
   0.0
   -0.1502    -0.2388    0.9594
   -0.794    -0.5491    -0.261
   0.5891    -0.8009    -0.1072
 Node:         17
  0.1365E+03  0.1184E+03  0.5055E+03 -0.2751E-08
  -5.501E-9
   4.797E-17
  -5.501E-9
   1.679E-16
   2.938E-16
  -5.501E-9
   -5.501E-9
   -5.501E-9
   -5.501E-9
   0.0
   -5.501E-9
   0.0
   0.248    0.4017    0.8816
   0.9357    -0.3351    -0.1105
   -0.251    -0.8523    0.4589
 Node:         18
  0.1341E+03  0.1191E+03  0.5192E+03 -0.2751E-08
  -5.501E-9
  -6.198E-41
  -5.501E-9
   4.572E-17
   1.84E-16
  -5.501E-9
   -5.501E-9
   -5.501E-9
   -5.501E-9
   0.0
   -5.501E-9
   0.0
   0.02285    0.09197    0.9955
   0.9705    -0.2411    -2.234E-8
   -0.2401    -0.9661    0.09477
 Node:         19
  0.1301E+03  0.1291E+03  0.4914E+03  0.0000E+00
   4.934E-16
   0.0
   4.934E-16
   3.631E-19
   1.731E-17
  -9.869E-16
   4.936E-16
   4.934E-16
   -9.871E-16
   1.4806000101310279E-15
   -3.3333333333314155E-20
   6.979615382590138E-16
   -0.02097    -0.9997    -0.01169
   -0.9998    0.02097    -8.123E-17
   2.452E-4    0.01169    -0.9999
 Node:         20
  0.1299E+03  0.1291E+03  0.5058E+03  0.0000E+00
   9.869E-16
   0.0
   0.0
   1.799E-17
   3.326E-17
  -2.467E-16
   9.871E-16
   4.4E-18
   -2.514E-16
   1.1324785163525177E-15
   2.467E-16
   5.338554923072971E-16
   -0.9999    -4.917E-4    -0.01459
   0.002401    -0.9914    -0.1311
   -0.0144    -0.1312    0.9913
 Node:         21
  0.1301E+03  0.1280E+03  0.5197E+03  0.0000E+00
   4.934E-16
   0.0
   0.0
   7.196E-17
   2.549E-17
   4.934E-16
   5.66E-16
   4.222E-16
   -1.341E-18
   5.108528305500519E-16
   3.28953E-16
   2.408183337801893E-16
   -0.7039    -0.03195    -0.7096
   -0.7102    0.04241    0.7027
   -0.007642    -0.9986    0.05255
 Node:         22
  0.1360E+03  0.1256E+03  0.4913E+03  0.0000E+00
  -9.869E-16
   2.399E-17
  -4.934E-16
  -2.399E-17
   1.739E-16
   4.934E-16
   5.234E-16
   -5.215E-16
   -9.888E-16
   1.3410693755358072E-15
   -3.2896666666666662E-16
   6.321861663219854E-16
   -0.01298    0.1683    0.9857
   0.05935    0.9841    -0.1672
   -0.9982    0.05633    -0.02276
 Node:         23
  0.1343E+03  0.1253E+03  0.5054E+03  0.0000E+00
   0.0
   3.598E-17
  -1.974E-15
   0.0
   2.271E-16
  -7.401E-16
   6.796E-19
   -6.997E-16
   -2.015E-15
   1.7724996366646057E-15
   -9.046734666666666E-16
   8.355643418241562E-16
   0.9998    0.01889    0.00579
   -0.009011    0.1753    0.9845
   0.01758    -0.9843    0.1754
 Node:         24
  0.1336E+03  0.1248E+03  0.5194E+03  0.0000E+00
  -9.869E-16
   2.099E-17
   0.0
   2.399E-17
   1.499E-18
  -7.401E-16
   4.516E-19
   -7.379E-16
   -9.896E-16
   8.912682384908372E-16
   -5.756827999999999E-16
   4.2014787686204007E-16
   -0.02132    -0.9998    -0.002714
   0.09549    -0.004739    0.9954
   -0.9952    0.02096    0.09557
 Node:         25
  0.1400E+03  0.1206E+03  0.4917E+03  0.0000E+00
   0.0
   4.617E-16
  -4.934E-16
  -1.439E-16
  -2.249E-16
   9.869E-16
   1.067E-15
   2.05E-16
   -7.785E-16
   1.5994040296310373E-15
   1.6449999999999999E-16
   7.539662901394642E-16
   -0.2161    -0.2016    0.9553
   0.839    0.4621    0.2874
   -0.4994    0.8636    0.06929
 Node:         26
  0.1363E+03  0.1200E+03  0.5055E+03  0.0000E+00
   9.869E-16
   1.859E-16
  -2.714E-15
   4.797E-17
  -1.943E-15
  -2.467E-16
   1.006E-15
   8.09E-16
   -3.789E-15
   4.699597748744035E-15
   -6.579999999999999E-16
   2.215411624657293E-15
   0.968    0.1526    -0.1995
   0.2481    -0.4578    0.8538
   -0.03892    0.8759    0.4809
 Node:         27
  0.1343E+03  0.1203E+03  0.5192E+03  0.0000E+00
   9.869E-16
  -3.358E-16
   9.869E-16
  -1.799E-16
   2.27E-15
   0.0
   2.89E-15
   9.15E-16
   -1.831E-15
   4.1066398673367985E-15
   6.58E-16
   1.9358885987232494E-15
   -0.1931    0.7658    0.6135
   0.9808    0.1345    0.1409
   0.02534    0.6289    -0.7771
 Node:         28
  0.1155E+03  0.1124E+03  0.4931E+03 -0.1625E-07
  -3.251E-8
   6.596E-17
  -3.251E-8
  -9.595E-17
   9.595E-17
  -3.251E-8
   -3.251E-8
   -3.251E-8
   -3.251E-8
   0.0
   -3.251E-8
   0.0
   0.0239    0.9834    0.1796
   0.07203    0.1775    -0.9815
   -0.9971    0.0364    -0.06659
 Node:         29
  0.1119E+03  0.1139E+03  0.5068E+03 -0.1625E-07
  -3.251E-8
  -3.598E-17
  -3.251E-8
   9.595E-17
   1.199E-17
  -3.251E-8
   -3.251E-8
   -3.251E-8
   -3.251E-8
   0.0
   -3.251E-8
   0.0
   -0.03582    0.9993    0.005769
   -0.9821    -0.03413    -0.1854
   -0.1851    -0.01231    0.9826
 Node:         30
  0.1113E+03  0.1159E+03  0.5206E+03 -0.1625E-07
  -3.251E-8
   2.159E-16
  -3.251E-8
   4.508E-40
  -4.797E-17
  -3.251E-8
   -3.251E-8
   -3.251E-8
   -3.251E-8
   0.0
   -3.251E-8
   0.0
   0.7036    0.7089    -0.04784
   -0.7087    0.6955    -0.1185
   -0.05072    0.1173    0.9918
 Node:         31
  0.1203E+03  0.1126E+03  0.4920E+03 -0.1625E-07
  -3.251E-8
   1.679E-16
  -3.251E-8
   4.797E-17
   7.196E-17
  -3.251E-8
   -3.251E-8
   -3.251E-8
   -3.251E-8
   0.0
   -3.251E-8
   0.0
   -0.7438    -0.4294    -0.5123
   0.5143    0.1219    -0.8489
   0.4269    -0.8949    0.1302
 Node:         32
  0.1188E+03  0.1134E+03  0.5062E+03 -0.1625E-07
  -3.251E-8
  -2.399E-17
  -3.251E-8
  -4.797E-17
   1.679E-16
  -3.251E-8
   -3.251E-8
   -3.251E-8
   -3.251E-8
   0.0
   -3.251E-8
   0.0
   0.9989    -0.02087    -0.0416
   0.04654    0.4512    0.8912
   1.698E-4    -0.8922    0.4516
 Node:         33
  0.1183E+03  0.1150E+03  0.5201E+03 -0.1625E-07
  -3.251E-8
   9.595E-17
  -3.251E-8
   1.439E-16
  -6.011E-40
  -3.251E-8
   -3.251E-8
   -3.251E-8
   -3.251E-8
   0.0
   -3.251E-8
   0.0
   0.9536    0.167    0.2504
   1.352E-7    0.8321    -0.5547
   -0.301    0.529    0.7935
 Node:         34
  0.1255E+03  0.1129E+03  0.4909E+03 -0.1625E-07
  -3.251E-8
  -7.012E-40
  -3.251E-8
   9.595E-17
   1.679E-16
  -3.251E-8
   -3.251E-8
   -3.251E-8
   -3.251E-8
   0.0
   -3.251E-8
   0.0
   0.3508    0.6139    0.7071
   0.8682    -0.4961    -3.687E-8
   -0.3508    -0.6139    0.7071
 Node:         35
  0.1260E+03  0.1135E+03  0.5054E+03 -0.1625E-07
  -3.251E-8
   1.919E-16
  -3.251E-8
   1.919E-16
   4.318E-16
  -3.251E-8
   -3.251E-8
   -3.251E-8
   -3.251E-8
   0.0
   -3.251E-8
   0.0
   0.746    0.4709    0.4709
   -0.666    0.5275    0.5275
   9.123E-9    -0.7071    0.7071
 Node:         36
  0.1257E+03  0.1153E+03  0.5196E+03 -0.1625E-07
  -3.251E-8
  -9.595E-17
  -3.251E-8
  -9.595E-17
   1.439E-16
  -3.251E-8
   -3.251E-8
   -3.251E-8
   -3.251E-8
   0.0
   -3.251E-8
   0.0
   -0.5155    0.6059    0.6059
   0.8569    0.3645    0.3645
   -3.63E-8    -0.7071    0.7071
 Node:         37
  0.1132E+03  0.1210E+03  0.4959E+03 -0.1625E-07
  -3.251E-8
   2.399E-16
  -3.251E-8
  -1.439E-16
   3.118E-16
  -3.251E-8
   -3.251E-8
   -3.251E-8
   -3.251E-8
   0.0
   -3.251E-8
   0.0
   -0.507    -0.7958    -0.331
   0.756    -0.2261    -0.6143
   0.414    -0.5617    0.7163
 Node:         38
  0.1111E+03  0.1204E+03  0.5085E+03 -0.1625E-07
  -3.251E-8
   1.679E-16
  -3.251E-8
  -4.797E-17
  -1.439E-16
  -3.251E-8
   -3.251E-8
   -3.251E-8
   -3.251E-8
   0.0
   -3.251E-8
   0.0
   0.2119    0.9668    -0.1429
   0.9723    -0.2233    -0.06859
   0.09821    0.1244    0.9874
 Node:         39
  0.1119E+03  0.1201E+03  0.5207E+03 -0.1625E-07
  -3.251E-8
  -1.679E-16
  -3.251E-8
  -1.439E-16
  -1.319E-16
  -3.251E-8
   -3.251E-8
   -3.251E-8
   -3.251E-8
   0.0
   -3.251E-8
   0.0
   0.9213    -0.07991    -0.3805
   0.3608    -0.1891    0.9133
   -0.145    -0.9787    -0.1454
 Node:         40
  0.1191E+03  0.1220E+03  0.4937E+03 -0.1625E-07
  -3.251E-8
   1.439E-16
  -3.251E-8
   1.439E-16
  -2.399E-17
  -3.251E-8
   -3.251E-8
   -3.251E-8
   -3.251E-8
   0.0
   -3.251E-8
   0.0
   0.9817    0.1345    0.1345
   -3.22E-8    0.7071    -0.7071
   -0.1902    0.6942    0.6942
 Node:         41
  0.1182E+03  0.1217E+03  0.5073E+03 -0.1625E-07
  -3.251E-8
  -4.797E-17
  -3.251E-8
   9.595E-17
   1.679E-16
  -3.251E-8
   -3.251E-8
   -3.251E-8
   -3.251E-8
   0.0
   -3.251E-8
   0.0
   -0.1538    -0.1966    -0.9683
   -0.962    0.2534    0.1013
   0.2255    0.9472    -0.2281
 Node:         42
  0.1187E+03  0.1212E+03  0.5204E+03 -0.1625E-07
  -3.251E-8
  -9.595E-17
  -3.251E-8
   4.007E-40
   9.595E-17
  -3.251E-8
   -3.251E-8
   -3.251E-8
   -3.251E-8
   0.0
   -3.251E-8
   0.0
   -0.01863    0.09762    0.995
   -0.9834    0.178    -0.03587
   -0.1806    -0.9792    0.09268
 Node:         43
  0.1258E+03  0.1217E+03  0.4915E+03 -0.1625E-07
  -3.251E-8
   1.919E-16
  -3.251E-8
  -2.399E-17
   2.004E-40
  -3.251E-8
   -3.251E-8
   -3.251E-8
   -3.251E-8
   0.0
   -3.251E-8
   0.0
   0.9458    0.3243    -0.01745
   -0.3241    0.9459    0.01153
   0.02025    -0.005246    0.9998
 Node:         44
  0.1259E+03  0.1220E+03  0.5059E+03 -0.1625E-07
  -3.251E-8
   2.399E-16
  -3.251E-8
   1.679E-16
   1.919E-16
  -3.251E-8
   -3.251E-8
   -3.251E-8
   -3.251E-8
   0.0
   -3.251E-8
   0.0
   -0.3605    -0.3834    -0.8503
   -0.6208    -0.5817    0.5255
   0.6961    -0.7173    0.0283
 Node:         45
  0.1261E+03  0.1221E+03  0.5198E+03 -0.1625E-07
  -3.251E-8
  -1.439E-16
  -3.251E-8
   4.797E-17
  -1.199E-17
  -3.251E-8
   -3.251E-8
   -3.251E-8
   -3.251E-8
   0.0
   -3.251E-8
   0.0
   0.06679    -0.01247    0.9977
   -0.9877    0.1408    0.06788
   -0.1413    -0.99    -0.002916
 Node:         46
  0.1117E+03  0.1296E+03  0.4959E+03  0.0000E+00
  -2.467E-16
   4.797E-17
  -7.401E-16
   1.199E-17
  -4.497E-17
   0.0
   3.057E-18
   -2.423E-16
   -7.476E-16
   6.629532710146319E-16
   -3.2894766666666664E-16
   3.125191690294995E-16
   0.03676    -0.058    0.9976
   0.9946    0.09864    -0.03092
   -0.09662    0.9934    0.06131
 Node:         47
  0.1107E+03  0.1269E+03  0.5087E+03  0.0000E+00
  -7.401E-16
  -5.397E-17
   4.934E-16
  -4.797E-17
   6.896E-17
   0.0
   5.058E-16
   -7.273E-18
   -7.452E-16
   1.0892155802819752E-15
   -8.222433333333333E-17
   5.1346114866095E-16
   -0.04821    0.9891    0.1394
   -0.05424    -0.142    0.9884
   -0.9974    -0.04009    -0.06049
 Node:         48
  0.1125E+03  0.1242E+03  0.5208E+03  0.0000E+00
   4.934E-16
   5.997E-18
   4.934E-16
   0.0
  -2.998E-18
   4.934E-16
   5.001E-16
   4.934E-16
   4.867E-16
   1.1604740410711462E-17
   4.934E-16
   5.470527092215756E-18
   -0.6325    -0.7071    0.3162
   0.4472    -2.276E-15    0.8944
   0.6325    -0.7071    -0.3162
 Node:         49
  0.1186E+03  0.1311E+03  0.4938E+03  0.0000E+00
  -7.401E-16
  -3.598E-17
   0.0
  -7.196E-17
  -1.049E-17
  -2.467E-16
   1.947E-18
   -2.366E-16
   -7.523E-16
   6.677348643803167E-16
   -3.2898433333333336E-16
   3.1477323375866775E-16
   0.04561    -0.9985    0.02894
   -0.143    0.02215    0.9895
   -0.9887    -0.04926    -0.1418
 Node:         50
  0.1180E+03  0.1298E+03  0.5075E+03  0.0000E+00
   0.0
  -2.249E-17
   1.48E-15
  -7.196E-17
   2.155E-17
   9.869E-16
   1.482E-15
   9.91E-16
   -5.513E-18
   1.3127859849072886E-15
   8.224956666666666E-16
   6.188532481164029E-16
   0.01739    -0.9988    -0.04603
   -0.07128    -0.04716    0.9963
   0.9973    0.01405    0.07201
 Node:         51
  0.1192E+03  0.1275E+03  0.5206E+03  0.0000E+00
   0.0
  -5.997E-18
  -2.467E-16
   0.0
   2.549E-17
   4.934E-16
   4.943E-16
   1.449E-19
   -2.477E-16
   6.54286006770747E-16
   8.22483E-17
   3.0843338148204166E-16
   -4.17E-4    0.03438    0.9994
   0.9997    -0.02416    0.001248
   0.02418    0.9991    -0.03436
 Node:         52
  0.1262E+03  0.1305E+03  0.4920E+03  0.0000E+00
   4.934E-16
  -2.399E-17
   4.934E-16
   2.249E-18
   8.48E-18
   0.0
   5.175E-16
   4.696E-16
   -1.6E-19
   4.95449666061044E-16
   3.2898E-16
   2.335572124055831E-16
   -0.7061    0.708    0.008534
   0.7081    0.706    0.01614
   -0.005403    -0.01744    0.9998
 Node:         53
  0.1258E+03  0.1304E+03  0.5063E+03  0.0000E+00
  -7.401E-16
  -2.998E-18
  -4.934E-16
   4.797E-17
   5.847E-17
  -9.869E-16
   -4.866E-16
   -7.314E-16
   -1.002E-15
   4.465358664206045E-16
   -7.399999999999999E-16
   2.104990261260132E-16
   0.0104    0.9931    0.1171
   -0.9836    0.03123    -0.1776
   -0.18    -0.1133    0.9771
 Node:         54
  0.1265E+03  0.1288E+03  0.5200E+03  0.0000E+00
  -9.869E-16
   3.598E-17
   4.934E-16
   0.0
  -7.496E-18
   4.934E-16
   5.014E-16
   4.864E-16
   -9.877E-16
   1.4816569474746847E-15
   3.3333333333314155E-20
   6.984597833010066E-16
   0.01758    0.7272    -0.6862
   0.01675    0.686    0.7274
   -0.9997    0.02428    1.229E-4
 Node:         55
  0.1382E+03  0.1167E+03  0.4533E+03 -0.2009E-03
   0.003951
  -0.002498
   0.001226
   7.127E-4
   0.003878
   6.554E-4
   0.00603
   0.003413
   -0.003623
   0.008646802703890033
   0.00194
   0.004076141885001878
   -0.6352    0.6609    0.3996
   0.7165    0.3113    0.6243
   0.2882    0.6829    -0.6713
 Node:         56
  0.1314E+03  0.1156E+03  0.4686E+03 -0.2009E-03
   0.003819
   0.001098
   5.048E-4
   0.004671
  -3.654E-5
  -3.185E-4
   0.006965
   4.872E-4
   -0.003443
   0.009103154092950422
   0.0013364
   0.004291267992874212
   -0.8351    -0.139    -0.5323
   0.02873    -0.9773    0.21
   -0.5494    0.1601    0.8201
 Node:         57
  0.1285E+03  0.1140E+03  0.4823E+03 -0.2009E-03
   0.005485
   0.001947
  -4.61E-4
   0.001503
  -0.001014
  -4.744E-4
   0.006272
   5.347E-4
   -0.002252
   0.007527977290746831
   0.0015182333333333333
   0.003548722527270279
   -0.9527    -0.2487    -0.1744
   0.0408    -0.6737    0.7379
   -0.3011    0.6959    0.652
 Node:         58
  0.1480E+03  0.1173E+03  0.4540E+03 -0.2009E-03
   0.003946
  -0.006679
   0.002343
  -0.00111
   0.00321
  -1.292E-4
   0.01077
   -1.839E-4
   -0.004335
   0.01351629722631165
   0.0020836999999999995
   0.006371643616838594
   -0.6978    0.6638    0.2692
   -0.4771    -0.1505    -0.8658
   -0.5342    -0.7326    0.4218
 Node:         59
  0.1417E+03  0.1164E+03  0.4696E+03 -0.2009E-03
   0.003944
  -0.00468
   0.001631
   0.002609
   9.858E-4
  -7.408E-4
   0.00788
   8.965E-4
   -0.003906
   0.010265063918456621
   0.0016235
   0.004838997537369353
   -0.7993    0.5756    -0.1727
   0.2588    0.5891    0.7655
   0.5424    0.5672    -0.6198
 Node:         60
  0.1375E+03  0.1149E+03  0.4832E+03 -0.2009E-03
   0.005539
  -3.209E-4
  -1.286E-4
   0.001655
  -5.705E-4
  -5.36E-4
   0.005986
   5.786E-5
   -0.001177
   0.0066323559946372
   0.0016222866666666667
   0.0031265225993674754
   -0.9651    0.07448    -0.2511
   0.1717    0.9039    -0.3917
   -0.1978    0.4212    0.8852
 Node:         61
  0.1551E+03  0.1213E+03  0.4546E+03 -0.2009E-03
   0.005106
  -0.006009
   8.817E-4
  -0.0055
   0.007465
  -0.002444
   0.01442
   -0.002161
   -0.008389
   0.020420186409531135
   0.0012900000000000001
   0.009626168188848563
   -0.6697    0.5724    0.4731
   0.7409    0.5585    0.3731
   -0.05068    0.6004    -0.7981
 Node:         62
  0.1491E+03  0.1198E+03  0.4705E+03 -0.2009E-03
   0.005768
  -0.0081
   0.001056
  -3.304E-4
   0.003156
  -0.002461
   0.01238
   -0.001332
   -0.006443
   0.01685892336420093
   0.0015350000000000001
   0.007947372689553868
   -0.7802    0.6078    0.1481
   -0.4237    -0.3392    -0.8399
   -0.4602    -0.718    0.5222
 Node:         63
  0.1436E+03  0.1181E+03  0.4839E+03 -0.2009E-03
   0.006166
  -0.002056
  -1.115E-4
   9.494E-4
  -8.813E-4
  -7.967E-4
   0.006974
   -2.684E-4
   -0.001425
   0.0078845824975074
   0.0017602
   0.003716827833874831
   -0.9444    0.2932    -0.1486
   0.3199    0.7158    -0.6207
   0.07562    0.6338    0.7698
 Node:         64
  0.1412E+03  0.1253E+03  0.4532E+03 -0.2009E-03
   0.004789
   0.003284
   0.001017
  -0.002957
   0.002099
  -6.379E-4
   0.00703
   0.002299
   -0.004143
   0.009713847178126697
   0.0017286666666666668
   0.004579151474042131
   0.8859    0.4046    -0.227
   -0.1567    0.7215    0.6745
   0.4367    -0.5619    0.7025
 Node:         65
  0.1340E+03  0.1229E+03  0.4686E+03 -0.2009E-03
   0.004875
   0.001708
   8.76E-4
  -5.858E-4
   7.301E-4
  -5.87E-4
   0.005487
   8.097E-4
   -0.00116
   0.005913521048411006
   0.001712233333333333
   0.0027876605560138695
   -0.9387    -0.3413    0.04854
   0.2648    -0.804    -0.5325
   -0.2208    0.487    -0.8451
 Node:         66
  0.1299E+03  0.1214E+03  0.4825E+03 -0.2009E-03
   0.005826
   2.656E-4
  -2.066E-4
   6.576E-4
  -4.659E-4
  -4.574E-4
   0.005895
   1.449E-4
   -8.843E-4
   0.006327788363243512
   0.0017185333333333333
   0.0029829480410418743
   -0.9943    -0.03552    -0.1002
   -0.0307    -0.8064    0.5906
   -0.1018    0.5903    0.8007
 Node:         67
  0.1498E+03  0.1240E+03  0.4539E+03 -0.2009E-03
   0.004711
  -0.003398
   8.105E-4
  -0.00252
   0.001165
  -2.136E-4
   0.007646
   -9.353E-4
   -0.001406
   0.00882606855230572
   0.0017682333333333333
   0.004160648616368473
   -0.8203    0.4662    0.3315
   -0.1611    -0.7443    0.6481
   0.5488    0.4782    0.6856
 Node:         68
  0.1431E+03  0.1222E+03  0.4695E+03 -0.2009E-03
   0.004892
  -0.0058
   9.434E-4
  -0.001054
   0.001553
  -3.155E-4
   0.009397
   -4.853E-4
   -0.003351
   0.011584118304385535
   0.0018535666666666673
   0.005460805738065482
   -0.7945    0.5801    0.1797
   0.278    0.08427    0.9569
   0.5399    0.8102    -0.2282
 Node:         69
  0.1379E+03  0.1205E+03  0.4831E+03 -0.2009E-03
   0.005843
  -0.00162
  -3.762E-5
   3.449E-4
   2.168E-4
  -4.239E-4
   0.006265
   -1.492E-4
   -7.404E-4
   0.0067293056194528715
   0.0017917999999999996
   0.0031722250907945775
   -0.968    0.2473    -0.04174
   0.1431    0.6812    0.718
   -0.206    -0.689    0.6948
 Node:         70
  0.1554E+03  0.1233E+03  0.4546E+03 -0.2009E-03
   0.005041
  -0.004078
  -5.167E-4
  -0.00474
   0.003358
   0.001061
   0.01073
   -0.00187
   -0.003195
   0.013312048114396222
   0.0018883333333333332
   0.006275359662114108
   -0.7433    0.426    0.5158
   0.663    0.367    0.6525
   -0.08867    -0.8269    0.5552
 Node:         71
  0.1492E+03  0.1217E+03  0.4704E+03 -0.2009E-03
   0.005341
  -0.008907
   3.48E-4
  -0.004266
   0.004618
   1.172E-4
   0.01488
   -0.00225
   -0.006601
   0.019669792347658376
   0.002009666666666667
   0.009272429035706999
   -0.7231    0.5705    0.3895
   -0.4513    0.03664    -0.8916
   -0.5229    -0.8205    0.231
 Node:         72
  0.1435E+03  0.1199E+03  0.4838E+03 -0.2009E-03
   0.005955
  -0.003083
  -7.544E-5
  -4.233E-4
   8.806E-4
  -3.829E-4
   0.007333
   -1.204E-4
   -0.001701
   0.008356572979397715
   0.0018372
   0.003939326280808264
   -0.915    0.3922    0.09522
   0.2585    0.3883    0.8846
   -0.3099    -0.8339    0.4566
 Node:         73
  0.1443E+03  0.1339E+03  0.4531E+03  0.0000E+00
   0.006749
  -0.002078
  -0.001084
   0.0013
  -0.001167
   0.001033
   0.007657
   9.285E-4
   -0.001837
   0.008457444605198428
   0.0022494999999999998
   0.0039868776212302615
   -0.9393    0.2537    -0.2309
   0.292    0.2383    -0.9262
   0.1799    0.9375    0.2979
 Node:         74
  0.1366E+03  0.1303E+03  0.4687E+03  0.0000E+00
   0.00731
  -0.003264
  -6.306E-4
   6.624E-5
  -0.002288
   5.528E-4
   0.008617
   0.001736
   -0.003045
   0.01015402299583766
   0.002436
   0.004786652344453968
   -0.9288    0.3543    -0.1088
   -0.2714    -0.45    0.8508
   0.2525    0.8197    0.5141
 Node:         75
  0.1313E+03  0.1288E+03  0.4827E+03  0.0000E+00
   0.006671
  -0.001386
  -1.046E-4
  -9.094E-4
  -4.67E-4
   2.41E-5
   0.007051
   4.254E-4
   -8.689E-4
   0.007358620925825708
   0.0022025
   0.003468887171221726
   -0.9767    0.1815    0.1143
   -0.02457    -0.6241    0.781
   0.2131    0.76    0.614
 Node:         76
  0.1516E+03  0.1307E+03  0.4538E+03  0.0000E+00
   0.006821
  -0.002703
  -0.001606
   1.363E-4
   0.003059
   0.001708
   0.007733
   0.003204
   -0.003916
   0.01017117107318523
   0.0023403333333333336
   0.004794736025638487
   0.9379    -0.3168    -0.1414
   0.2696    0.4087    0.8719
   -0.2184    -0.8559    0.4687
 Node:         77
  0.1445E+03  0.1280E+03  0.4695E+03  0.0000E+00
   0.007783
  -0.001328
  -8.68E-4
  -0.001192
   0.002072
   6.777E-4
   0.008348
   0.001627
   -0.002299
   0.009325875991026258
   0.0025586666666666666
   0.004396260102506321
   -0.9624    0.1839    0.2001
   0.2683    0.5275    0.8061
   -0.04269    -0.8295    0.5569
 Node:         78
  0.1384E+03  0.1261E+03  0.4830E+03  0.0000E+00
   0.006959
  -2.234E-4
  -8.514E-5
  -9.75E-4
  -1.842E-4
   6.886E-6
   0.00712
   1.045E-4
   -3.216E-4
   0.007237962835632689
   0.0023009666666666665
   0.0034120084020347243
   -0.9905    0.02721    0.1351
   0.07149    -0.7368    0.6724
   0.1178    0.6756    0.7278
 Node:         79
  0.1556E+03  0.1254E+03  0.4545E+03  0.0000E+00
   0.006909
   0.005634
   0.001208
   0.002871
   2.053E-4
  -0.003584
   0.01105
   -0.001576
   -0.004646
   0.014408421009951091
   0.001609333333333334
   0.006792194801551427
   -0.8488    -0.4995    -0.173
   0.3747    -0.7994    0.4697
   0.3729    -0.3338    -0.8657
 Node:         80
  0.1494E+03  0.1237E+03  0.4704E+03  0.0000E+00
   0.007887
   0.005131
   6.62E-4
  -1.287E-4
  -8.225E-4
  -0.003047
   0.01079
   -0.00168
   -0.003328
   0.013370391318132762
   0.0019273333333333336
   0.006302862912112946
   -0.8874    -0.4595    0.03574
   -0.4249    0.7856    -0.4497
   -0.1786    0.4143    0.8925
 Node:         81
  0.1433E+03  0.1217E+03  0.4837E+03  0.0000E+00
   0.007021
   9.894E-4
   4.722E-5
  -9.394E-4
  -2.119E-4
  -4.298E-4
   0.007313
   -7.689E-5
   -5.6E-4
   0.007642905157209528
   0.0022253700000000004
   0.0036029000430856622
   -0.9828    -0.1377    0.123
   -0.1571    0.9736    -0.1655
   0.09693    0.182    0.9785
 Node:         82
  0.1267E+03  0.1148E+03  0.4562E+03 -0.3207E-02
  -7.489E-4
  -4.471E-4
  -0.00583
   0.001288
   0.003238
  -0.006289
   -4.429E-4
   -0.002956
   -0.009473
   0.008072473803611877
   -0.0042906333333333335
   0.0038054006449898137
   0.9657    0.07149    0.2496
   0.2187    -0.7423    -0.6333
   0.14    0.6662    -0.7325
 Node:         83
  0.1234E+03  0.1129E+03  0.4719E+03 -0.3207E-02
  -9.633E-4
   8.621E-4
  -0.006126
   0.006754
   0.001417
  -0.007061
   0.003649
   -0.0063
   -0.01143
   0.013279227048288616
   -0.004693666666666666
   0.0062598876631738
   0.8291    0.1517    0.5381
   -0.2023    0.9787    0.03588
   -0.5212    -0.1386    0.8421
 Node:         84
  0.1187E+03  0.1123E+03  0.4849E+03 -0.3207E-02
  -1.481E-4
   2.331E-4
  -0.006393
   0.002478
  -1.09E-4
  -0.007007
   6.608E-4
   -0.006397
   -0.007804
   0.007856367763795174
   -0.0045134
   0.0037035272808499733
   0.9519    0.02646    0.3054
   0.013    0.9919    -0.1265
   -0.3062    0.1244    0.9438
 Node:         85
  0.1302E+03  0.1161E+03  0.4550E+03 -0.3207E-02
  -9.58E-4
  -2.643E-4
  -0.005703
   0.001544
   0.004968
  -0.005965
   5.423E-5
   -0.001709
   -0.01095
   0.01023714166468844
   -0.00420159
   0.0048258348607123575
   0.7196    0.4363    0.5402
   -0.6828    0.5864    0.4358
   -0.1266    -0.6825    0.7199
 Node:         86
  0.1252E+03  0.1138E+03  0.4702E+03 -0.3207E-02
  -7.401E-4
   0.003544
  -0.00516
   0.013
   0.005591
  -0.006713
   0.01209
   -0.007071
   -0.01718
   0.025749453411674585
   -0.004053666666666667
   0.012138408746161454
   0.7223    0.3478    0.5977
   -0.3952    0.9169    -0.05594
   -0.5675    -0.1958    0.7998
 Node:         87
  0.1217E+03  0.1126E+03  0.4834E+03 -0.3207E-02
  -2.795E-4
   1.371E-4
  -0.006362
   0.003217
  -5.017E-4
  -0.00696
   0.001021
   -0.006253
   -0.00836
   0.008525071436650837
   -0.004530666666666666
   0.004018757215303701
   0.9282    -0.008394    0.372
   0.1009    0.968    -0.2299
   -0.3582    0.251    0.8993
 Node:         88
  0.1338E+03  0.1169E+03  0.4534E+03 -0.3207E-02
  -0.001581
  -0.001712
  -0.005838
   0.001493
   0.006308
  -0.005437
   6.903E-4
   -0.001101
   -0.0124
   0.012292927047290243
   -0.004270233333333333
   0.0057949413838469695
   -0.06411    0.7054    0.7059
   -0.9776    0.09785    -0.1866
   -0.2007    -0.702    0.6833
 Node:         89
  0.1270E+03  0.1150E+03  0.4686E+03 -0.3207E-02
  -0.001889
   0.001807
  -0.006057
   0.005889
   0.001755
  -0.006598
   0.002807
   -0.006756
   -0.01058
   0.011943318508689285
   -0.004843
   0.005630134338243331
   0.796    0.2691    0.5422
   -0.2865    0.9565    -0.05412
   -0.5332    -0.1123    0.8385
 Node:         90
  0.1248E+03  0.1132E+03  0.4822E+03 -0.3207E-02
  -4.797E-4
   0.001952
  -0.006532
   0.001736
  -9.493E-4
  -0.006549
   3.883E-4
   -0.005612
   -0.008345
   0.00773768111193528
   -0.0045229
   0.003647577856605668
   0.9499    0.2375    0.2031
   -0.01874    0.692    -0.7216
   -0.3119    0.6817    0.6618
 Node:         91
  0.1259E+03  0.1262E+03  0.4551E+03 -0.3207E-02
  -8.94E-4
   0.005078
  -0.005102
  -5.728E-4
   0.005098
  -0.006366
   0.003227
   -0.003307
   -0.01219
   0.01340307304314947
   -0.00409
   0.00631826922503307
   -0.7313    -0.6187    -0.2871
   0.5924    -0.3677    -0.7168
   0.3379    -0.6943    0.6354
 Node:         92
  0.1209E+03  0.1233E+03  0.4726E+03 -0.3207E-02
  -0.00115
   0.001467
  -0.005584
   0.001739
   0.003788
  -0.00604
   7.228E-4
   -0.003877
   -0.009619
   0.008974451272362006
   -0.004257733333333334
   0.004230596901410276
   0.7741    0.4482    0.4471
   -0.6323    0.5832    0.5101
   -0.03215    -0.6775    0.7348
 Node:         93
  0.1159E+03  0.1217E+03  0.4877E+03 -0.3207E-02
  -1.975E-4
  -4.002E-4
  -0.006342
   0.001352
   0.001154
  -0.006518
   8.356E-5
   -0.00535
   -0.007793
   0.006983266453000343
   -0.004353146666666666
   0.003291943375832714
   0.9805    -0.02533    0.1947
   0.1057    -0.7676    -0.6322
   0.1655    0.6405    -0.7499
 Node:         94
  0.1313E+03  0.1264E+03  0.4542E+03 -0.3207E-02
  -0.001064
   0.00482
  -0.004979
  -0.002794
   0.004668
  -0.005849
   0.002195
   -0.001495
   -0.0125
   0.013241396263234478
   -0.003933333333333334
   0.006242054060074206
   0.8143    0.5776    0.05779
   -0.4017    0.4889    0.7744
   0.419    -0.6538    0.6301
 Node:         95
  0.1249E+03  0.1235E+03  0.4707E+03 -0.3207E-02
  -0.001611
   8.083E-4
  -0.005487
   0.001197
   0.002438
  -0.005531
   -7.345E-4
   -0.003936
   -0.007991
   0.00629878637119882
   -0.004220499999999999
   0.002969276370880061
   0.8588    0.3405    0.3828
   -0.5102    0.6357    0.5793
   -0.04609    -0.6928    0.7197
 Node:         96
  0.1205E+03  0.1222E+03  0.4852E+03 -0.3207E-02
  -3.276E-4
  -3.244E-4
  -0.00634
   0.001613
   7.454E-4
  -0.006475
   7.298E-5
   -0.005776
   -0.007448
   0.006840003333361761
   -0.004383673333333333
   0.00322440849357246
   0.9718    -0.02122    0.235
   0.1215    -0.8088    -0.5754
   0.2023    0.5877    -0.7834
 Node:         97
  0.1368E+03  0.1260E+03  0.4532E+03 -0.3207E-02
  -0.001544
   0.003629
  -0.00501
  -0.002353
   0.004849
  -0.00581
   8.569E-4
   -0.00125
   -0.01192
   0.011864592306944222
   -0.004104366666666667
   0.005593022450836003
   -0.7634    -0.6187    -0.1856
   -0.5298    0.4354    0.7278
   0.3694    -0.6539    0.6602
 Node:         98
  0.1296E+03  0.1233E+03  0.4687E+03 -0.3207E-02
  -0.001372
   0.002401
  -0.005303
   0.001274
   0.002606
  -0.005938
   6.098E-4
   -0.004898
   -0.008338
   0.007817691017173806
   -0.004208733333333333
   0.0036852948876431708
   0.8088    0.4764    0.3449
   -0.5775    0.5326    0.6187
   0.111    -0.6996    0.7058
 Node:         99
  0.1260E+03  0.1218E+03  0.4827E+03 -0.3207E-02
  -2.596E-4
   5.423E-4
  -0.006277
   9.99E-4
  -1.22E-4
  -0.006463
   -5.966E-5
   -0.006227
   -0.006723
   0.00642970445009722
   -0.004336553333333333
   0.0030309917451260444
   0.9851    0.08219    0.1509
   -0.002836    0.8858    -0.4641
   -0.1718    0.4567    0.8729
 Node:        100
  0.1251E+03  0.1375E+03  0.4539E+03  0.0000E+00
   0.006501
  -1.646E-4
   5.554E-4
  -1.357E-4
   1.593E-4
  -4.188E-4
   0.006507
   5.772E-4
   -4.438E-4
   0.006500714948372986
   0.0022134666666666666
   0.003064466415036864
   -0.9994    0.02827    0.02018
   0.03104    0.9876    0.1539
   0.01558    -0.1545    0.9879
 Node:        101
  0.1187E+03  0.1337E+03  0.4719E+03  0.0000E+00
   0.006841
  -1.453E-4
   5.143E-4
  -0.001637
  -0.001197
  -7.316E-4
   0.007204
   0.001162
   -0.001706
   0.00787779436136791
   0.00222
   0.003713627875810931
   -0.9789    -0.01568    0.2038
   0.1101    -0.8804    0.4613
   0.1722    0.474    0.8635
 Node:        102
  0.1139E+03  0.1312E+03  0.4875E+03  0.0000E+00
   0.006603
  -4.433E-4
  -1.069E-4
  -6.664E-4
  -0.001086
  -1.321E-4
   0.006699
   9.628E-4
   -0.001281
   0.00712807929529407
   0.0021269333333333333
   0.003360208804358576
   -0.9948    0.05042    0.08898
   0.02583    -0.7179    0.6956
   0.09895    0.6943    0.7129
 Node:        103
  0.1324E+03  0.1365E+03  0.4534E+03  0.0000E+00
   0.006622
  -7.978E-4
   6.009E-4
  -6.367E-5
  -2.449E-5
  -6.373E-4
   0.006736
   5.0E-4
   -6.345E-4
   0.006873829227584869
   0.0022004999999999998
   0.003240354173029033
   -0.9916    0.1294    0.008106
   0.1291    0.9912    -0.02862
   0.01174    0.02733    0.9996
 Node:        104
  0.1250E+03  0.1331E+03  0.4704E+03  0.0000E+00
   0.006913
  -8.236E-4
   2.46E-4
  -0.001882
  -0.001635
  -7.018E-4
   0.007415
   0.001442
   -0.00235
   0.008526758411025846
   0.0021690000000000004
   0.004019552462650538
   -0.975    0.06309    0.2129
   0.07012    -0.8222    0.5649
   0.2107    0.5657    0.7973
 Node:        105
  0.1200E+03  0.1317E+03  0.4854E+03  0.0000E+00
   0.006553
  -7.863E-4
  -1.56E-4
  -9.964E-4
  -0.001075
  -1.218E-4
   0.006772
   9.329E-4
   -0.00141
   0.007298266685316452
   0.0020983000000000004
   0.003440435909396753
   -0.9875    0.0919    0.1284
   0.02495    -0.712    0.7017
   0.1559    0.6961    0.7008
 Node:        106
  0.1398E+03  0.1351E+03  0.4530E+03  0.0000E+00
   0.006727
  -7.825E-4
   7.63E-5
   9.14E-4
  -0.001762
  -1.211E-4
   0.007016
   0.00147
   -0.001783
   0.007705923890099097
   0.0022343333333333334
   0.0036326073586643273
   -0.975    0.1519    -0.1624
   0.2218    0.7151    -0.6629
   -0.01549    0.6824    0.7308
 Node:        107
  0.1321E+03  0.1316E+03  0.4688E+03  0.0000E+00
   0.007128
  -0.002136
   4.04E-5
  -0.001058
  -0.003156
  -1.947E-4
   0.007763
   0.002952
   -0.003677
   0.009948943712776749
   0.0023460000000000004
   0.004689977043298471
   -0.9661    0.2567    0.02604
   -0.1588    -0.6712    0.7241
   0.2033    0.6954    0.6892
 Node:        108
  0.1273E+03  0.1304E+03  0.4831E+03  0.0000E+00
   0.006576
  -0.001151
  -1.023E-4
  -0.001096
  -7.213E-4
  -3.761E-5
   0.006918
   6.521E-4
   -0.001118
   0.007313414141835535
   0.0021506999999999997
   0.0034475764888783345
   -0.9794    0.1461    0.1391
   -4.523E-4    -0.691    0.7228
   0.2018    0.7079    0.6769
 Node:        109
  0.1018E+03  0.1092E+03  0.4946E+03 -0.3603E-08
  -7.206E-9
   2.399E-16
  -7.206E-9
   9.595E-17
  -2.399E-17
  -7.206E-9
   -7.206E-9
   -7.206E-9
   -7.206E-9
   0.0
   -7.206000000000001E-9
   0.0
   -0.3792    -0.925    -0.02402
   0.4801    -0.2189    0.8495
   0.791    -0.3106    -0.5271
 Node:        110
  0.1058E+03  0.1118E+03  0.5081E+03 -0.3603E-08
  -7.206E-9
   4.797E-17
  -7.206E-9
  -2.399E-17
  -8.995E-17
  -7.206E-9
   -7.206E-9
   -7.206E-9
   -7.206E-9
   0.0
   -7.206000000000001E-9
   0.0
   -0.02837    -0.09128    0.9954
   0.7346    0.6735    0.0827
   -0.6779    0.7336    0.04794
 Node:        111
  0.1108E+03  0.1137E+03  0.5210E+03 -0.3603E-08
  -7.206E-9
   9.595E-17
  -7.206E-9
  -4.797E-17
   5.637E-16
  -7.206E-9
   -7.206E-9
   -7.206E-9
   -7.206E-9
   0.0
   -7.206000000000001E-9
   0.0
   0.9393    0.3168    0.1319
   0.3364    -0.7738    -0.5367
   -0.068    0.5485    -0.8334
 Node:        112
  0.1072E+03  0.1111E+03  0.4942E+03 -0.3603E-08
  -7.206E-9
   2.399E-16
  -7.206E-9
  -5.551E-41
   2.399E-17
  -7.206E-9
   -7.206E-9
   -7.206E-9
   -7.206E-9
   0.0
   -7.206000000000001E-9
   0.0
   0.3759    0.9265    0.01669
   0.9266    -0.3757    -0.01402
   0.006716    -0.02074    0.9998
 Node:        113
  0.1071E+03  0.1139E+03  0.5077E+03 -0.3603E-08
  -7.206E-9
   7.327E-40
  -7.206E-9
   2.878E-16
  -2.638E-16
  -7.206E-9
   -7.206E-9
   -7.206E-9
   -7.206E-9
   0.0
   -7.206000000000001E-9
   0.0
   -0.1654    0.6537    -0.7384
   -0.2298    -0.7537    -0.6157
   -0.9591    0.06782    0.2749
 Node:        114
  0.1093E+03  0.1164E+03  0.5209E+03 -0.3603E-08
  -7.206E-9
   1.919E-16
  -7.206E-9
  -4.797E-17
   9.595E-17
  -7.206E-9
   -7.206E-9
   -7.206E-9
   -7.206E-9
   0.0
   -7.206000000000001E-9
   0.0
   -0.6573    -0.7285    -0.1932
   -0.4203    0.1416    0.8963
   0.6255    -0.6703    0.3993
 Node:        115
  0.1129E+03  0.1120E+03  0.4932E+03 -0.3603E-08
  -7.206E-9
  -6.661E-41
  -7.206E-9
  -1.439E-16
  -4.797E-17
  -7.206E-9
   -7.206E-9
   -7.206E-9
   -7.206E-9
   0.0
   -7.206000000000001E-9
   0.0
   0.6708    0.2236    -0.7071
   0.3162    -0.9487    -1.474E-9
   -0.6708    -0.2236    -0.7071
 Node:        116
  0.1092E+03  0.1143E+03  0.5068E+03 -0.3603E-08
  -7.206E-9
   8.995E-17
  -7.206E-9
   2.878E-16
   3.598E-17
  -7.206E-9
   -7.206E-9
   -7.206E-9
   -7.206E-9
   0.0
   -7.206000000000001E-9
   0.0
   -0.223    -0.9699    -0.09798
