 Group name: gastroc_stress
 #Fields=  16
 1) coordinates, coordinate, rectangular cartesian, #Components=3
   x.  Value index= 1, #Derivatives=0
   y.  Value index= 2, #Derivatives=0
   z.  Value index= 3, #Derivatives=0
 2) Tensor_1, field, rectangular cartesian, #Components=1
   Tensor_1.  Value index= 4, #Derivatives=0
 3) Tensor_2, field, rectangular cartesian, #Components=1
   Tensor_2.  Value index= 5, #Derivatives=0
 4) Tensor_3, field, rectangular cartesian, #Components=1
   Tensor_3.  Value index= 6, #Derivatives=0
 5) Tensor_4, field, rectangular cartesian, #Components=1
   Tensor_4.  Value index= 7, #Derivatives=0
 6) Tensor_5, field, rectangular cartesian, #Components=1
   Tensor_5.  Value index= 8, #Derivatives=0
 7) Tensor_6, field, rectangular cartesian, #Components=1
   Tensor_6.  Value index= 9, #Derivatives=0
 8) Principal_1, field, rectangular cartesian, #Components=1
   Principal_1.  Value index= 10, #Derivatives=0
 9) Principal_2, field, rectangular cartesian, #Components=1
   Principal_2.  Value index= 11, #Derivatives=0
 10) Principal_3, field, rectangular cartesian, #Components=1
   Principal_3.  Value index= 12, #Derivatives=0
 11) VonMises, field, rectangular cartesian, #Components=1
   VonMises.  Value index= 13, #Derivatives=0
 12) Hydrostatic, field, rectangular cartesian, #Components=1
   VonMises.  Value index= 14, #Derivatives=0
 13) Octahedral, field, rectangular cartesian, #Components=1
   VonMises.  Value index= 15, #Derivatives=0
 14) PrincipalVector1, field, rectangular cartesian, #Components=3
   x.  Value index= 16, #Derivatives=0
   y.  Value index= 17, #Derivatives=0
   z.  Value index= 18, #Derivatives=0
 15) PrincipalVector2, field, rectangular cartesian, #Components=3
   x.  Value index= 19, #Derivatives=0
   y.  Value index= 20, #Derivatives=0
   z.  Value index= 21, #Derivatives=0
 16) PrincipalVector3, field, rectangular cartesian, #Components=3
   x.  Value index= 22, #Derivatives=0
   y.  Value index= 23, #Derivatives=0
   z.  Value index= 24, #Derivatives=0
 Node:          1
  0.1287E+03  0.1133E+03  0.4908E+03 -0.2689E-04
  -5.378E-5
  -1.439E-16
  -5.378E-5
  -4.798E-17
  -7.196E-17
  -5.378E-5
   -5.378E-5
   -5.378E-5
   -5.378E-5
   0.0
   -5.378E-5
   0.0
   0.966    -0.2571    -0.02713
   0.2489    0.9532    -0.1718
   0.07003    0.1592    0.9848
 Node:          2
  0.1292E+03  0.1137E+03  0.5052E+03 -0.2689E-04
  -5.378E-5
  -1.919E-16
  -5.378E-5
  -9.595E-17
   3.358E-16
  -5.378E-5
   -5.378E-5
   -5.378E-5
   -5.378E-5
   0.0
   -5.378E-5
   0.0
   0.895    -0.3984    -0.2008
   0.4461    0.7982    0.4048
   -9.597E-4    -0.4518    0.8921
 Node:          3
  0.1289E+03  0.1155E+03  0.5194E+03 -0.2689E-04
  -5.378E-5
   2.399E-16
  -5.378E-5
   1.919E-16
   9.595E-17
  -5.378E-5
   -5.378E-5
   -5.378E-5
   -5.378E-5
   0.0
   -5.378E-5
   0.0
   -0.4092    -0.8757    -0.2565
   0.496    -0.4494    0.743
   0.7659    -0.1767    -0.6182
 Node:          4
  0.1361E+03  0.1141E+03  0.4915E+03 -0.2689E-04
  -5.378E-5
  -4.798E-17
  -5.378E-5
  -4.798E-17
  -1.439E-16
  -5.378E-5
   -5.378E-5
   -5.378E-5
   -5.378E-5
   0.0
   -5.378E-5
   0.0
   -0.04307    -0.0943    0.9946
   -0.9939    0.1055    -0.03304
   -0.1018    -0.9899    -0.09826
 Node:          5
  0.1341E+03  0.1144E+03  0.5054E+03 -0.2689E-04
  -5.378E-5
   2.399E-16
  -5.378E-5
   9.595E-17
  -1.199E-16
  -5.378E-5
   -5.378E-5
   -5.378E-5
   -5.378E-5
   0.0
   -5.378E-5
   0.0
   0.097    -0.1794    0.979
   0.7185    0.6933    0.05584
   -0.6888    0.6979    0.1961
 Node:          6
  0.1323E+03  0.1162E+03  0.5191E+03 -0.2689E-04
  -5.378E-5
   9.595E-17
  -5.378E-5
  -9.595E-17
  -4.798E-17
  -5.378E-5
   -5.378E-5
   -5.378E-5
   -5.378E-5
   0.0
   -5.378E-5
   0.0
   -0.715    -0.6928    0.09322
   0.693    -0.72    -0.0358
   0.09193    0.03901    0.995
 Node:          7
  0.1408E+03  0.1171E+03  0.4920E+03 -0.2689E-04
  -5.378E-5
   3.838E-16
  -5.378E-5
  -1.439E-16
  -1.919E-16
  -5.378E-5
   -5.378E-5
   -5.378E-5
   -5.378E-5
   0.0
   -5.378E-5
   0.0
   0.8641    0.487    -0.1268
   -0.5006    0.8577    -0.1173
   0.05166    0.1648    0.985
 Node:          8
  0.1367E+03  0.1169E+03  0.5055E+03 -0.2689E-04
  -5.378E-5
   3.358E-16
  -5.378E-5
  -6.956E-16
  -4.078E-16
  -5.378E-5
   -5.378E-5
   -5.378E-5
   -5.378E-5
   0.0
   -5.378E-5
   0.0
   -0.7206    -0.6268    0.2964
   0.6358    -0.7679    -0.07817
   0.2766    0.1322    0.9518
 Node:          9
  0.1339E+03  0.1180E+03  0.5191E+03 -0.2689E-04
  -5.378E-5
   2.879E-16
  -5.378E-5
  -6.837E-16
  -4.798E-16
  -5.378E-5
   -5.378E-5
   -5.378E-5
   -5.378E-5
   0.0
   -5.378E-5
   0.0
   0.3024    0.1644    -0.9389
   0.9345    0.1427    0.326
   -0.1875    0.976    0.1105
 Node:         10
  0.1294E+03  0.1212E+03  0.4911E+03 -0.2689E-04
  -5.378E-5
   4.798E-17
  -5.378E-5
  -2.399E-17
   2.159E-16
  -5.378E-5
   -5.378E-5
   -5.378E-5
   -5.378E-5
   0.0
   -5.378E-5
   0.0
   0.02408    0.7089    0.7049
   0.1744    0.6913    -0.7012
   -0.9844    0.1398    -0.107
 Node:         11
  0.1295E+03  0.1214E+03  0.5055E+03 -0.2689E-04
  -5.378E-5
  -4.798E-17
  -5.378E-5
  -7.196E-17
   2.399E-17
  -5.378E-5
   -5.378E-5
   -5.378E-5
   -5.378E-5
   0.0
   -5.378E-5
   0.0
   -0.2764    0.1332    0.9518
   -0.5866    0.7611    -0.2768
   0.7613    0.6348    0.1322
 Node:         12
  0.1295E+03  0.1217E+03  0.5196E+03 -0.2689E-04
  -5.378E-5
  -4.557E-37
  -5.378E-5
   1.319E-16
   4.798E-17
  -5.378E-5
   -5.378E-5
   -5.378E-5
   -5.378E-5
   0.0
   -5.378E-5
   0.0
   -0.2404    -0.08742    -0.9667
   -0.3418    0.9398    3.02E-6
   0.9085    0.3304    -0.2558
 Node:         13
  0.1361E+03  0.1199E+03  0.4914E+03 -0.2689E-04
  -5.378E-5
  -2.399E-16
  -5.378E-5
  -1.679E-16
   4.798E-17
  -5.378E-5
   -5.378E-5
   -5.378E-5
   -5.378E-5
   0.0
   -5.378E-5
   0.0
   0.9203    -0.37    -0.1273
   0.3696    0.9288    -0.02723
   0.1283    -0.02199    0.9915
 Node:         14
  0.1342E+03  0.1198E+03  0.5054E+03 -0.2689E-04
  -5.378E-5
   4.798E-17
  -5.378E-5
   9.595E-17
  -1.559E-16
  -5.378E-5
   -5.378E-5
   -5.378E-5
   -5.378E-5
   0.0
   -5.378E-5
   0.0
   0.09998    -0.2649    0.9591
   -0.2953    -0.9284    -0.2256
   -0.9502    0.2607    0.171
 Node:         15
  0.1330E+03  0.1205E+03  0.5193E+03 -0.2689E-04
  -5.378E-5
  -1.439E-16
  -5.378E-5
   2.399E-17
   8.396E-17
  -5.378E-5
   -5.378E-5
   -5.378E-5
   -5.378E-5
   0.0
   -5.378E-5
   0.0
   0.9934    -0.1134    0.01425
   -0.01885    -0.2856    -0.9582
   0.1127    0.9516    -0.2858
 Node:         16
  0.1404E+03  0.1188E+03  0.4918E+03 -0.2689E-04
  -5.378E-5
   9.595E-17
  -5.378E-5
  -1.439E-16
  -2.519E-16
  -5.378E-5
   -5.378E-5
   -5.378E-5
   -5.378E-5
   0.0
   -5.378E-5
   0.0
   -0.1502    -0.2388    0.9594
   -0.794    -0.5491    -0.261
   0.5891    -0.8009    -0.1072
 Node:         17
  0.1365E+03  0.1184E+03  0.5055E+03 -0.2689E-04
  -5.378E-5
   4.798E-17
  -5.378E-5
   1.679E-16
   2.939E-16
  -5.378E-5
   -5.378E-5
   -5.378E-5
   -5.378E-5
   0.0
   -5.378E-5
   0.0
   0.2481    0.4017    0.8815
   0.9357    -0.3351    -0.1106
   -0.251    -0.8522    0.459
 Node:         18
  0.1341E+03  0.1191E+03  0.5192E+03 -0.2689E-04
  -5.378E-5
  -6.058E-37
  -5.378E-5
   4.573E-17
   1.84E-16
  -5.378E-5
   -5.378E-5
   -5.378E-5
   -5.378E-5
   0.0
   -5.378E-5
   0.0
   0.02287    0.09202    0.9955
   0.971    -0.2392    -2.004E-4
   -0.2381    -0.9666    0.09482
 Node:         19
  0.1301E+03  0.1291E+03  0.4914E+03  0.0000E+00
   4.934E-16
   0.0
   4.934E-16
   3.631E-19
   1.731E-17
  -9.869E-16
   4.936E-16
   4.934E-16
   -9.871E-16
   1.4806000101310279E-15
   -3.3333333333314155E-20
   6.979615382590138E-16
   -0.02097    -0.9997    -0.01169
   -0.9998    0.02097    -8.123E-17
   2.452E-4    0.01169    -0.9999
 Node:         20
  0.1299E+03  0.1291E+03  0.5058E+03  0.0000E+00
   9.869E-16
   0.0
   0.0
   1.799E-17
   3.326E-17
  -2.467E-16
   9.871E-16
   4.4E-18
   -2.514E-16
   1.1324785163525177E-15
   2.467E-16
   5.338554923072971E-16
   -0.9999    -4.917E-4    -0.01459
   0.002401    -0.9914    -0.1311
   -0.0144    -0.1312    0.9913
 Node:         21
  0.1301E+03  0.1280E+03  0.5197E+03  0.0000E+00
   4.934E-16
   0.0
   0.0
   7.196E-17
   2.549E-17
   4.934E-16
   5.66E-16
   4.222E-16
   -1.341E-18
   5.108528305500519E-16
   3.28953E-16
   2.408183337801893E-16
   -0.7039    -0.03195    -0.7096
   -0.7102    0.04241    0.7027
   -0.007642    -0.9986    0.05255
 Node:         22
  0.1360E+03  0.1256E+03  0.4913E+03  0.0000E+00
  -9.869E-16
   2.399E-17
  -4.934E-16
  -2.399E-17
   1.739E-16
   4.934E-16
   5.234E-16
   -5.215E-16
   -9.888E-16
   1.3410693755358072E-15
   -3.2896666666666662E-16
   6.321861663219854E-16
   -0.01298    0.1683    0.9857
   0.05935    0.9841    -0.1672
   -0.9982    0.05633    -0.02276
 Node:         23
  0.1343E+03  0.1253E+03  0.5054E+03  0.0000E+00
   0.0
   3.598E-17
  -1.974E-15
   0.0
   2.271E-16
  -7.401E-16
   6.796E-19
   -6.997E-16
   -2.015E-15
   1.7724996366646057E-15
   -9.046734666666666E-16
   8.355643418241562E-16
   0.9998    0.01889    0.00579
   -0.009011    0.1753    0.9845
   0.01758    -0.9843    0.1754
 Node:         24
  0.1336E+03  0.1248E+03  0.5194E+03  0.0000E+00
  -9.869E-16
   2.099E-17
   0.0
   2.399E-17
   1.499E-18
  -7.401E-16
   4.516E-19
   -7.379E-16
   -9.896E-16
   8.912682384908372E-16
   -5.756827999999999E-16
   4.2014787686204007E-16
   -0.02132    -0.9998    -0.002714
   0.09549    -0.004739    0.9954
   -0.9952    0.02096    0.09557
 Node:         25
  0.1400E+03  0.1206E+03  0.4917E+03  0.0000E+00
   0.0
   4.617E-16
  -4.934E-16
  -1.439E-16
  -2.249E-16
   9.869E-16
   1.067E-15
   2.05E-16
   -7.785E-16
   1.5994040296310373E-15
   1.6449999999999999E-16
   7.539662901394642E-16
   -0.2161    -0.2016    0.9553
   0.839    0.4621    0.2874
   -0.4994    0.8636    0.06929
 Node:         26
  0.1363E+03  0.1200E+03  0.5055E+03  0.0000E+00
   9.869E-16
   1.859E-16
  -2.714E-15
   4.797E-17
  -1.943E-15
  -2.467E-16
   1.006E-15
   8.09E-16
   -3.789E-15
   4.699597748744035E-15
   -6.579999999999999E-16
   2.215411624657293E-15
   0.968    0.1526    -0.1995
   0.2481    -0.4578    0.8538
   -0.03892    0.8759    0.4809
 Node:         27
  0.1343E+03  0.1203E+03  0.5192E+03  0.0000E+00
   9.869E-16
  -3.358E-16
   9.869E-16
  -1.799E-16
   2.27E-15
   0.0
   2.89E-15
   9.15E-16
   -1.831E-15
   4.1066398673367985E-15
   6.58E-16
   1.9358885987232494E-15
   -0.1931    0.7658    0.6135
   0.9808    0.1345    0.1409
   0.02534    0.6289    -0.7771
 Node:         28
  0.1155E+03  0.1124E+03  0.4931E+03 -0.1589E-03
  -3.178E-4
   6.599E-17
  -3.178E-4
  -9.598E-17
   9.598E-17
  -3.178E-4
   -3.178E-4
   -3.178E-4
   -3.178E-4
   0.0
   -3.178E-4
   0.0
   0.02396    0.9835    0.1794
   0.07203    0.1773    -0.9815
   -0.9971    0.03644    -0.06659
 Node:         29
  0.1119E+03  0.1139E+03  0.5068E+03 -0.1589E-03
  -3.178E-4
  -3.599E-17
  -3.178E-4
   9.598E-17
   1.2E-17
  -3.178E-4
   -3.178E-4
   -3.178E-4
   -3.178E-4
   0.0
   -3.178E-4
   0.0
   -0.03582    0.9993    0.005727
   -0.9821    -0.03413    -0.1855
   -0.1852    -0.01227    0.9826
 Node:         30
  0.1113E+03  0.1159E+03  0.5206E+03 -0.1589E-03
  -3.178E-4
   2.16E-16
  -3.178E-4
   4.407E-36
  -4.799E-17
  -3.178E-4
   -3.178E-4
   -3.178E-4
   -3.178E-4
   0.0
   -3.178E-4
   0.0
   0.7039    0.7087    -0.04778
   -0.7085    0.6957    -0.1187
   -0.05091    0.1174    0.9918
 Node:         31
  0.1203E+03  0.1126E+03  0.4920E+03 -0.1589E-03
  -3.178E-4
   1.68E-16
  -3.178E-4
   4.799E-17
   7.199E-17
  -3.178E-4
   -3.178E-4
   -3.178E-4
   -3.178E-4
   0.0
   -3.178E-4
   0.0
   -0.7439    -0.4293    -0.5122
   0.5143    0.1219    -0.8489
   0.4269    -0.8949    0.1301
 Node:         32
  0.1188E+03  0.1134E+03  0.5062E+03 -0.1589E-03
  -3.178E-4
  -2.4E-17
  -3.178E-4
  -4.799E-17
   1.68E-16
  -3.178E-4
   -3.178E-4
   -3.178E-4
   -3.178E-4
   0.0
   -3.178E-4
   0.0
   0.9989    -0.02091    -0.04166
   0.04661    0.4511    0.8913
   1.572E-4    -0.8922    0.4516
 Node:         33
  0.1183E+03  0.1150E+03  0.5201E+03 -0.1589E-03
  -3.178E-4
   9.598E-17
  -3.178E-4
   1.44E-16
  -5.876E-36
  -3.178E-4
   -3.178E-4
   -3.178E-4
   -3.178E-4
   0.0
   -3.178E-4
   0.0
   0.9536    0.1668    0.2505
   8.728E-4    0.8307    -0.5567
   -0.301    0.5311    0.7921
 Node:         34
  0.1255E+03  0.1129E+03  0.4909E+03 -0.1589E-03
  -3.178E-4
  -6.855E-36
  -3.178E-4
   9.598E-17
   1.68E-16
  -3.178E-4
   -3.178E-4
   -3.178E-4
   -3.178E-4
   0.0
   -3.178E-4
   0.0
   0.351    0.6139    0.707
   -0.868    0.4965    -2.139E-4
   -0.3512    -0.6137    0.7072
 Node:         35
  0.1260E+03  0.1135E+03  0.5054E+03 -0.1589E-03
  -3.178E-4
   1.92E-16
  -3.178E-4
   1.92E-16
   4.319E-16
  -3.178E-4
   -3.178E-4
   -3.178E-4
   -3.178E-4
   0.0
   -3.178E-4
   0.0
   0.7461    0.4708    0.4709
   -0.6659    0.5274    0.5277
   8.471E-5    -0.7072    0.707
 Node:         36
  0.1257E+03  0.1153E+03  0.5196E+03 -0.1589E-03
  -3.178E-4
  -9.598E-17
  -3.178E-4
  -9.598E-17
   1.44E-16
  -3.178E-4
   -3.178E-4
   -3.178E-4
   -3.178E-4
   0.0
   -3.178E-4
   0.0
   -0.5155    0.606    0.6059
   0.8569    0.3641    0.3649
   -4.962E-4    -0.7073    0.707
 Node:         37
  0.1132E+03  0.1210E+03  0.4959E+03 -0.1589E-03
  -3.178E-4
   2.4E-16
  -3.178E-4
  -1.44E-16
   3.119E-16
  -3.178E-4
   -3.178E-4
   -3.178E-4
   -3.178E-4
   0.0
   -3.178E-4
   0.0
   -0.5073    -0.7958    -0.3307
   0.7557    -0.2263    -0.6146
   0.4143    -0.5617    0.7162
 Node:         38
  0.1111E+03  0.1204E+03  0.5085E+03 -0.1589E-03
  -3.178E-4
   1.68E-16
  -3.178E-4
  -4.799E-17
  -1.44E-16
  -3.178E-4
   -3.178E-4
   -3.178E-4
   -3.178E-4
   0.0
   -3.178E-4
   0.0
   0.2119    0.9668    -0.1429
   0.9723    -0.2233    -0.06846
   0.09809    0.1244    0.9874
 Node:         39
  0.1119E+03  0.1201E+03  0.5207E+03 -0.1589E-03
  -3.178E-4
  -1.68E-16
  -3.178E-4
  -1.44E-16
  -1.32E-16
  -3.178E-4
   -3.178E-4
   -3.178E-4
   -3.178E-4
   0.0
   -3.178E-4
   0.0
   0.9213    -0.07987    -0.3805
   0.3608    -0.1892    0.9133
   -0.1449    -0.9787    -0.1455
 Node:         40
  0.1191E+03  0.1220E+03  0.4937E+03 -0.1589E-03
  -3.178E-4
   1.44E-16
  -3.178E-4
   1.44E-16
  -2.4E-17
  -3.178E-4
   -3.178E-4
   -3.178E-4
   -3.178E-4
   0.0
   -3.178E-4
   0.0
   0.9817    0.1345    0.1345
   -1.153E-4    0.7075    -0.7067
   -0.1902    0.6938    0.6946
 Node:         41
  0.1182E+03  0.1217E+03  0.5073E+03 -0.1589E-03
  -3.178E-4
  -4.799E-17
  -3.178E-4
   9.598E-17
   1.68E-16
  -3.178E-4
   -3.178E-4
   -3.178E-4
   -3.178E-4
   0.0
   -3.178E-4
   0.0
   -0.1538    -0.1965    -0.9684
   -0.9621    0.2533    0.1014
   0.2254    0.9472    -0.228
 Node:         42
  0.1187E+03  0.1212E+03  0.5204E+03 -0.1589E-03
  -3.178E-4
  -9.598E-17
  -3.178E-4
   3.917E-36
   9.598E-17
  -3.178E-4
   -3.178E-4
   -3.178E-4
   -3.178E-4
   0.0
   -3.178E-4
   0.0
   -0.0186    0.09769    0.995
   -0.9834    0.1779    -0.03585
   -0.1805    -0.9792    0.09276
 Node:         43
  0.1258E+03  0.1217E+03  0.4915E+03 -0.1589E-03
  -3.178E-4
   1.92E-16
  -3.178E-4
  -2.4E-17
   1.959E-36
  -3.178E-4
   -3.178E-4
   -3.178E-4
   -3.178E-4
   0.0
   -3.178E-4
   0.0
   0.9458    0.3242    -0.01746
   -0.324    0.946    0.01164
   0.02029    -0.005351    0.9998
 Node:         44
  0.1259E+03  0.1220E+03  0.5059E+03 -0.1589E-03
  -3.178E-4
   2.4E-16
  -3.178E-4
   1.68E-16
   1.92E-16
  -3.178E-4
   -3.178E-4
   -3.178E-4
   -3.178E-4
   0.0
   -3.178E-4
   0.0
   -0.3605    -0.3831    -0.8505
   -0.6212    -0.5816    0.5253
   0.6959    -0.7176    0.02837
 Node:         45
  0.1261E+03  0.1221E+03  0.5198E+03 -0.1589E-03
  -3.178E-4
  -1.44E-16
  -3.178E-4
   4.799E-17
  -1.2E-17
  -3.178E-4
   -3.178E-4
   -3.178E-4
   -3.178E-4
   0.0
   -3.178E-4
   0.0
   0.0668    -0.01249    0.9977
   -0.9877    0.1408    0.0679
   -0.1413    -0.99    -0.002931
 Node:         46
  0.1117E+03  0.1296E+03  0.4959E+03  0.0000E+00
  -2.467E-16
   4.797E-17
  -7.401E-16
   1.199E-17
  -4.497E-17
   0.0
   3.057E-18
   -2.423E-16
   -7.476E-16
   6.629532710146319E-16
   -3.2894766666666664E-16
   3.125191690294995E-16
   0.03676    -0.058    0.9976
   0.9946    0.09864    -0.03092
   -0.09662    0.9934    0.06131
 Node:         47
  0.1107E+03  0.1269E+03  0.5087E+03  0.0000E+00
  -7.401E-16
  -5.397E-17
   4.934E-16
  -4.797E-17
   6.896E-17
   0.0
   5.058E-16
   -7.273E-18
   -7.452E-16
   1.0892155802819752E-15
   -8.222433333333333E-17
   5.1346114866095E-16
   -0.04821    0.9891    0.1394
   -0.05424    -0.142    0.9884
   -0.9974    -0.04009    -0.06049
 Node:         48
  0.1125E+03  0.1242E+03  0.5208E+03  0.0000E+00
   4.934E-16
   5.997E-18
   4.934E-16
   0.0
  -2.998E-18
   4.934E-16
   5.001E-16
   4.934E-16
   4.867E-16
   1.1604740410711462E-17
   4.934E-16
   5.470527092215756E-18
   -0.6325    -0.7071    0.3162
   0.4472    -2.276E-15    0.8944
   0.6325    -0.7071    -0.3162
 Node:         49
  0.1186E+03  0.1311E+03  0.4938E+03  0.0000E+00
  -7.401E-16
  -3.598E-17
   0.0
  -7.196E-17
  -1.049E-17
  -2.467E-16
   1.947E-18
   -2.366E-16
   -7.523E-16
   6.677348643803167E-16
   -3.2898433333333336E-16
   3.1477323375866775E-16
   0.04561    -0.9985    0.02894
   -0.143    0.02215    0.9895
   -0.9887    -0.04926    -0.1418
 Node:         50
  0.1180E+03  0.1298E+03  0.5075E+03  0.0000E+00
   0.0
  -2.249E-17
   1.48E-15
  -7.196E-17
   2.155E-17
   9.869E-16
   1.482E-15
   9.91E-16
   -5.513E-18
   1.3127859849072886E-15
   8.224956666666666E-16
   6.188532481164029E-16
   0.01739    -0.9988    -0.04603
   -0.07128    -0.04716    0.9963
   0.9973    0.01405    0.07201
 Node:         51
  0.1192E+03  0.1275E+03  0.5206E+03  0.0000E+00
   0.0
  -5.997E-18
  -2.467E-16
   0.0
   2.549E-17
   4.934E-16
   4.943E-16
   1.449E-19
   -2.477E-16
   6.54286006770747E-16
   8.22483E-17
   3.0843338148204166E-16
   -4.17E-4    0.03438    0.9994
   0.9997    -0.02416    0.001248
   0.02418    0.9991    -0.03436
 Node:         52
  0.1262E+03  0.1305E+03  0.4920E+03  0.0000E+00
   4.934E-16
  -2.399E-17
   4.934E-16
   2.249E-18
   8.48E-18
   0.0
   5.175E-16
   4.696E-16
   -1.6E-19
   4.95449666061044E-16
   3.2898E-16
   2.335572124055831E-16
   -0.7061    0.708    0.008534
   0.7081    0.706    0.01614
   -0.005403    -0.01744    0.9998
 Node:         53
  0.1258E+03  0.1304E+03  0.5063E+03  0.0000E+00
  -7.401E-16
  -2.998E-18
  -4.934E-16
   4.797E-17
   5.847E-17
  -9.869E-16
   -4.866E-16
   -7.314E-16
   -1.002E-15
   4.465358664206045E-16
   -7.399999999999999E-16
   2.104990261260132E-16
   0.0104    0.9931    0.1171
   -0.9836    0.03123    -0.1776
   -0.18    -0.1133    0.9771
 Node:         54
  0.1265E+03  0.1288E+03  0.5200E+03  0.0000E+00
  -9.869E-16
   3.598E-17
   4.934E-16
   0.0
  -7.496E-18
   4.934E-16
   5.014E-16
   4.864E-16
   -9.877E-16
   1.4816569474746847E-15
   3.3333333333314155E-20
   6.984597833010066E-16
   0.01758    0.7272    -0.6862
   0.01675    0.686    0.7274
   -0.9997    0.02428    1.229E-4
 Node:         55
  0.1381E+03  0.1168E+03  0.4527E+03  0.9884E-02
   0.04021
  -0.0229
   0.02368
  -0.004497
   0.03421
   0.01589
   0.07321
   0.02776
   -0.01674
   0.07790043324654876
   0.028076666666666666
   0.036722616404003074
   -0.5891    0.666    0.4576
   0.7775    0.313    0.5454
   -0.22    -0.6771    0.7023
 Node:         56
  0.1314E+03  0.1156E+03  0.4684E+03  0.9884E-02
   0.04149
  -0.01864
   0.02217
  -0.00688
   0.0134
   0.0171
   0.05907
   0.0191
   0.004203
   0.04914218756832056
   0.02745766666666666
   0.02316584938126715
   -0.7807    0.5439    0.3076
   0.5741    0.4299    0.6969
   -0.2468    -0.7207    0.6479
 Node:         57
  0.1285E+03  0.1140E+03  0.4823E+03  0.9884E-02
   0.04169
  -0.00382
   0.02023
  -0.001716
   0.001309
   0.01961
   0.04259
   0.02048
   0.01845
   0.02319172912915292
   0.027173333333333338
   0.010932685956443743
   -0.9805    0.1773    0.08491
   0.1884    0.7242    0.6634
   -0.05612    -0.6665    0.7434
 Node:         58
  0.1479E+03  0.1178E+03  0.4527E+03  0.9884E-02
   0.03997
  -0.03271
   0.02771
  -0.005483
   0.02334
   0.009793
   0.08012
   0.01555
   -0.01148
   0.08151829794592133
   0.02806333333333333
   0.03842809417889758
   -0.695    0.6617    0.2813
   0.6212    0.3555    0.6984
   -0.3622    -0.6601    0.6581
 Node:         59
  0.1416E+03  0.1167E+03  0.4689E+03  0.9884E-02
   0.04398
  -0.04303
   0.02583
  -0.02866
   0.02959
   0.01624
   0.1068
   -0.001332
   -0.01132
   0.1134562117470877
   0.03138266666666667
   0.0534837711294017
   -0.7006    0.5801    0.4155
   0.5966    0.1568    0.7871
   -0.3915    -0.7993    0.4559
 Node:         60
  0.1375E+03  0.1150E+03  0.4832E+03  0.9884E-02
   0.0431
  -0.01612
   0.02141
  -0.0127
   0.009424
   0.02017
   0.05944
   0.01514
   0.01084
   0.04659903432475827
   0.028473333333333337
   0.02196699544518751
   -0.8087    0.4524    0.376
   0.5658    0.4235    0.7074
   -0.1608    -0.7848    0.5985
 Node:         61
  0.1549E+03  0.1222E+03  0.4528E+03  0.9884E-02
   0.04504
  -0.02629
   0.02168
  -0.001388
  -0.003862
   0.01134
   0.06727
   0.01248
   0.002726
   0.060261980352457716
   0.027492000000000003
   0.028407769969968896
   -0.8441    0.5359    -0.01721
   -0.2553    -0.3735    0.8918
   0.4715    0.7571    0.4521
 Node:         62
  0.1489E+03  0.1203E+03  0.4694E+03  0.9884E-02
   0.05019
  -0.07419
   0.02517
  -0.03661
   0.02296
   0.01934
   0.1416
   0.003263
   -0.03568
   0.16137205646889427
   0.03639433333333333
   0.0760715169487824
   -0.7498    0.5706    0.3351
   0.1776    -0.3142    0.9326
   0.6374    0.7588    0.1342
 Node:         63
  0.1436E+03  0.1181E+03  0.4838E+03  0.9884E-02
   0.04379
  -0.0311
   0.02346
  -0.01172
   0.01684
   0.02049
   0.07615
   0.01551
   -0.001746
   0.07086171728091269
   0.029971333333333332
   0.03340453387723821
   -0.7466    0.5733    0.3375
   0.4897    0.1303    0.8621
   -0.4502    -0.8089    0.378
 Node:         64
  0.1411E+03  0.1253E+03  0.4521E+03  0.9884E-02
   0.03518
  -0.01521
   0.0283
  -0.007684
   0.006767
   0.01551
   0.05201
   0.01644
   0.01209
   0.037932530893680164
   0.026846666666666668
   0.0178815665483263
   -0.709    0.6507    0.2719
   0.6795    0.7335    0.01653
   0.1887    -0.1964    0.9622
 Node:         65
  0.1339E+03  0.1229E+03  0.4682E+03  0.9884E-02
   0.04049
  -0.03376
   0.02591
  -0.01201
   0.005903
   0.01707
   0.07425
   0.01391
   -0.001827
   0.06955673474941157
   0.02877766666666667
   0.032789359212335265
   -0.7641    0.6054    0.2231
   0.0569    -0.2812    0.958
   0.6426    0.7446    0.1804
 Node:         66
  0.1299E+03  0.1214E+03  0.4825E+03  0.9884E-02
   0.04241
  -0.01083
   0.02117
  -0.003181
   0.002546
   0.01961
   0.04795
   0.01922
   0.01607
   0.03042753522715897
   0.02774666666666667
   0.01434367766261111
   -0.9092    0.3923    0.1392
   -0.2669    -0.293    -0.9181
   -0.3194    -0.8719    0.3712
 Node:         67
  0.1496E+03  0.1245E+03  0.4523E+03  0.9884E-02
   0.03702
  -0.02545
   0.02758
  -0.006743
   0.007416
   0.01063
   0.06477
   0.008798
   0.005891
   0.057480657938127316
   0.026486333333333334
   0.02709664201007612
   -0.7369    0.6509    0.1825
   -0.4545    -0.2771    -0.8465
   -0.5005    -0.7067    0.5001
 Node:         68
  0.1430E+03  0.1224E+03  0.4688E+03  0.9884E-02
   0.04495
  -0.05524
   0.02706
  -0.03011
   0.01561
   0.01466
   0.1137
   0.004235
   -0.0213
   0.12421679123612878
   0.032211666666666666
   0.058556356946866915
   -0.7475    0.5832    0.318
   0.06963    -0.4073    0.9106
   0.6606    0.7028    0.2639
 Node:         69
  0.1379E+03  0.1205E+03  0.4831E+03  0.9884E-02
   0.04396
  -0.02015
   0.02177
  -0.0121
   0.008173
   0.01973
   0.06266
   0.0143
   0.009524
   0.05091627574754461
   0.028828000000000003
   0.024002162569235295
   -0.8138    0.4819    0.3247
   -0.3625    0.01568    -0.9319
   -0.4542    -0.8761    0.1619
 Node:         70
  0.1551E+03  0.1242E+03  0.4527E+03  0.9884E-02
   0.03943
  -0.03229
   0.02325
  -0.02563
   0.01951
   0.01007
   0.087
   -0.001966
   -0.004573
   0.09029772957832327
   0.026820333333333335
   0.042566757940387646
   -0.728    0.5634    0.3907
   0.5717    0.8133    -0.1077
   0.3784    -0.145    0.9142
 Node:         71
  0.1491E+03  0.1222E+03  0.4694E+03  0.9884E-02
   0.05008
  -0.05667
   0.02521
  -0.06671
   0.03263
   0.01621
   0.1542
   -0.00891
   -0.03469
   0.17741041767607674
   0.036866666666666666
   0.08363207292792774
   -0.7348    0.489    0.47
   -0.1888    -0.813    0.5507
   0.6514    0.316    0.6898
 Node:         72
  0.1435E+03  0.1199E+03  0.4837E+03  0.9884E-02
   0.04587
  -0.02404
   0.02147
  -0.02368
   0.01192
   0.02025
   0.07666
   0.008657
   0.004746
   0.07004044305256786
   0.030021000000000003
   0.033017381493187295
   -0.7837    0.4498    0.4283
   -0.06105    -0.7421    0.6675
   0.6181    0.497    0.6091
 Node:         73
  0.1441E+03  0.1339E+03  0.4515E+03  0.0000E+00
   0.02871
  -0.004123
  -0.006627
  -0.00552
   0.004215
   0.002958
   0.03195
   0.002897
   -0.007797
   0.03562486809800143
   0.009016666666666666
   0.016793723873982074
   -0.9695    0.1269    0.2099
   0.2398    0.3103    0.9199
   -0.05159    -0.9421    0.3313
 Node:         74
  0.1365E+03  0.1304E+03  0.4679E+03  0.0000E+00
   0.03533
   0.0211
  -0.001823
   0.0066
   0.006165
   0.004044
   0.04849
   0.00282
   -0.01107
   0.05397256062111561
   0.013413333333333333
   0.025442909075461914
   -0.8988    -0.3953    -0.1897
   -0.2498    0.106    0.9625
   -0.3603    0.9124    -0.194
 Node:         75
  0.1313E+03  0.1288E+03  0.4826E+03  0.0000E+00
   0.02708
   0.008386
   6.98E-5
   0.001288
   6.331E-4
   4.259E-4
   0.03019
   3.736E-4
   -0.002287
   0.031231810949094833
   0.009425533333333335
   0.014722816873894146
   -0.9621    -0.2684    -0.04741
   -0.07073    0.07791    0.9944
   -0.2632    0.9602    -0.09394
 Node:         76
  0.1513E+03  0.1311E+03  0.4520E+03  0.0000E+00
   0.02753
  -0.009887
  -0.007581
  -0.009571
   0.008573
   0.003213
   0.03611
   0.001587
   -0.01203
   0.04298092494351419
   0.008555666666666668
   0.020261402326152606
   -0.8979    0.2734    0.3449
   0.4254    0.3379    0.8396
   -0.113    -0.9006    0.4197
 Node:         77
  0.1444E+03  0.1282E+03  0.4686E+03  0.0000E+00
   0.03924
   0.02309
  -0.002423
   0.005243
   0.009765
   0.002856
   0.05402
   0.003808
   -0.01415
   0.061200014738560314
   0.014559333333333332
   0.028849963620235102
   -0.9027    -0.396    -0.1685
   0.2947    -0.2833    -0.9126
   -0.3136    0.8735    -0.3724
 Node:         78
  0.1384E+03  0.1261E+03  0.4829E+03  0.0000E+00
   0.02861
   0.01353
   1.514E-4
   0.002619
   0.001641
   2.942E-4
   0.0353
   7.67E-5
   -0.005148
   0.038105242795316234
   0.010076233333333332
   0.01796298371955196
   -0.9284    -0.3613    -0.08652
   -0.1173    0.06399    0.991
   -0.3525    0.9303    -0.1018
 Node:         79
  0.1554E+03  0.1263E+03  0.4526E+03  0.0000E+00
   0.02549
   0.00598
  -0.0114
  -0.0199
   0.00285
  -0.0106
   0.03899
   -0.009187
   -0.02162
   0.05544896265035081
   0.002727666666666665
   0.02613889166654844
   -0.9202    -0.09028    0.381
   0.09247    0.8954    0.4355
   -0.3805    0.436    -0.8156
 Node:         80
  0.1493E+03  0.1241E+03  0.4694E+03  0.0000E+00
   0.04262
   0.01821
  -0.007297
   0.01541
   0.005153
  -0.007088
   0.06016
   -0.01073
   -0.01239
   0.07173440666793028
   0.012346666666666667
   0.03381592359952466
   -0.9293    -0.2793    -0.2416
   -0.2242    -0.09346    0.9701
   -0.2936    0.9556    0.02423
 Node:         81
  0.1433E+03  0.1217E+03  0.4836E+03  0.0000E+00
   0.02983
   0.01257
  -6.354E-4
   0.01453
   0.004008
  -2.587E-4
   0.0416
   -0.004226
   -0.006438
   0.04697107974062338
   0.010312
   0.0221423793361659
   -0.8917    -0.2997    -0.3393
   0.07321    -0.835    0.5453
   -0.4468    0.4614    0.7665
 Node:         82
  0.1267E+03  0.1148E+03  0.4559E+03  0.1025E-01
   0.04414
  -0.0209
   0.02058
  -0.004837
   0.005393
   0.01948
   0.05951
   0.01839
   0.007741
   0.047351266941867566
   0.028547
   0.0223216013015793
   -0.851    0.4955    0.1741
   0.2533    0.09691    0.9625
   0.4601    0.8632    -0.208
 Node:         83
  0.1234E+03  0.1129E+03  0.4718E+03  0.1025E-01
   0.04173
  -0.01288
   0.0202
  -0.001268
   0.004109
   0.0199
   0.0488
   0.02108
   0.01261
   0.0327860900383074
   0.027496666666666666
   0.015455511063119919
   -0.8958    0.4318    0.1052
   -0.2681    -0.336    -0.9029
   -0.3545    -0.837    0.4168
 Node:         84
  0.1187E+03  0.1123E+03  0.4849E+03  0.1025E-01
   0.042
  -8.84E-4
   0.02046
   8.258E-4
  -2.855E-5
   0.0202
   0.04213
   0.02046
   0.02015
   0.02182665114029177
   0.027580000000000004
   0.010289182021262267
   -0.9984    0.04191    -0.03853
   0.04116    0.9989    0.02019
   -0.03934    -0.01857    0.9991
 Node:         85
  0.1302E+03  0.1161E+03  0.4546E+03  0.1025E-01
   0.04406
  -0.02299
   0.02087
  -0.004186
   0.007686
   0.01906
   0.06185
   0.01877
   0.005121
   0.05128528561878154
   0.028580333333333333
   0.024176115490752898
   -0.8347    0.5204    0.1802
   -0.3211    -0.1941    -0.9269
   -0.4474    -0.8316    0.3291
 Node:         86
  0.1252E+03  0.1138E+03  0.4701E+03  0.1025E-01
   0.03933
  -0.007194
   0.02614
  -0.006683
   0.01654
   0.01989
   0.05014
   0.02936
   0.006112
   0.038149329535392885
   0.028537333333333335
   0.017983766408131034
   -0.6467    0.595    0.4772
   0.7625    0.5212    0.3834
   0.02055    -0.6118    0.7908
 Node:         87
  0.1217E+03  0.1126E+03  0.4833E+03  0.1025E-01
   0.04206
  -8.234E-4
   0.02053
  -2.306E-4
  -1.695E-4
   0.0204
   0.04211
   0.02064
   0.02025
   0.021667632542573728
   0.02766666666666667
   0.010214219935408131
   -0.9992    0.03902    0.01054
   -0.02597    -0.8195    0.5725
   0.03098    0.5717    0.8199
 Node:         88
  0.1338E+03  0.1169E+03  0.4529E+03  0.1025E-01
   0.04127
  -0.0265
   0.02163
  -0.004133
   0.02025
   0.02107
   0.06745
   0.02419
   -0.0054
   0.06345911360868507
   0.028746666666666667
   0.029914913040525824
   -0.7212    0.6008    0.345
   0.579    0.2492    0.7763
   -0.3804    -0.7596    0.5275
 Node:         89
  0.1270E+03  0.1150E+03  0.4684E+03  0.1025E-01
   0.04214
  -0.01454
   0.02102
  -0.005626
   0.005544
   0.02031
   0.05225
   0.01925
   0.01255
   0.03681018880690508
   0.028016666666666665
   0.017352489414746486
   -0.8574    0.4567    0.2372
   0.37    0.2268    0.9009
   -0.3577    -0.8602    0.3634
 Node:         90
  0.1248E+03  0.1132E+03  0.4822E+03  0.1025E-01
   0.0422
  -0.001668
   0.0206
  -7.808E-4
   3.258E-4
   0.02049
   0.04238
   0.02073
   0.02019
   0.021924988027362754
   0.027766666666666665
   0.010335538474388046
   -0.9962    0.07878    0.03758
   0.08305    0.7229    0.686
   -0.02688    -0.6865    0.7267
 Node:         91
  0.1258E+03  0.1260E+03  0.4544E+03  0.1025E-01
   0.03619
  -0.02305
   0.02699
  -0.01433
   0.01345
   0.01904
   0.06613
   0.01055
   0.007638
   0.057091725354905844
   0.028106000000000003
   0.026913297432062583
   -0.6865    0.6104    0.3951
   0.5166    0.02709    0.8558
   -0.5117    -0.7916    0.334
 Node:         92
  0.1209E+03  0.1232E+03  0.4724E+03  0.1025E-01
   0.04135
  -0.02114
   0.02178
  -0.01628
   0.008621
   0.02091
   0.06469
   0.01315
   0.007697
   0.05447159286270229
   0.02851233333333333
   0.025678155130166355
   -0.7795    0.4848    0.3967
   0.176    -0.4383    0.8814
   0.6011    0.7569    0.2563
 Node:         93
  0.1159E+03  0.1217E+03  0.4876E+03  0.1025E-01
   0.0426
  -6.051E-4
   0.02044
  -0.006701
  -0.001409
   0.02099
   0.04471
   0.02136
   0.01799
   0.02520454125747977
   0.02802
   0.01188153469324004
   -0.9606    0.007056    0.2778
   -0.1474    0.8344    -0.531
   -0.2355    -0.5511    -0.8005
 Node:         94
  0.1312E+03  0.1262E+03  0.4534E+03  0.1025E-01
   0.03477
  -0.02298
   0.02808
  -0.01504
   0.009126
   0.01897
   0.06387
   0.01358
   0.006507
   0.05417391068586428
   0.027985666666666662
   0.025537826406245998
   -0.6951    0.6184    0.3666
   -0.08385    -0.5763    0.813
   0.714    0.5344    0.4524
 Node:         95
  0.1249E+03  0.1234E+03  0.4704E+03  0.1025E-01
   0.04198
  -0.02017
   0.02345
  -0.02037
   0.007426
   0.01949
   0.06684
   0.0143
   0.005512
   0.05744042186474608
   0.028883999999999996
   0.027077674543185326
   -0.7846    0.4621    0.4133
   -0.1518    -0.7896    0.5946
   0.6011    0.4038    0.6897
 Node:         96
  0.1205E+03  0.1222E+03  0.4852E+03  0.1025E-01
   0.04313
  -0.001917
   0.02065
  -0.007898
   0.001031
   0.02056
   0.04621
   0.02043
   0.01783
   0.027173450277798734
   0.028156666666666667
   0.012809687306444639
   -0.9496    0.0857    0.3014
   -0.128    -0.9841    -0.1235
   0.286    -0.1558    0.9455
 Node:         97
  0.1367E+03  0.1259E+03  0.4522E+03  0.1025E-01
   0.03516
  -0.0194
   0.02846
  -0.01578
   0.01014
   0.01815
   0.06187
   0.01383
   0.008103
   0.051144552095017906
   0.027934333333333335
   0.02410977307142387
   -0.6887    0.6076    0.3956
   0.398    0.7728    -0.4943
   -0.6061    -0.183    -0.7741
 Node:         98
  0.1295E+03  0.1232E+03  0.4683E+03  0.1025E-01
   0.04123
  -0.02984
   0.02515
  -0.01606
   0.006431
   0.01893
   0.07231
   0.01469
   6.904E-4
   0.06574732049414637
   0.029230133333333328
   0.03099358411083745
   -0.7693    0.5635    0.301
   0.02599    -0.4431    0.8961
   0.6383    0.6972    0.3263
 Node:         99
  0.1260E+03  0.1218E+03  0.4827E+03  0.1025E-01
   0.043
  -0.007977
   0.02135
  -0.004047
   0.002351
   0.02042
   0.04677
   0.02003
   0.018
   0.027810622071431628
   0.028266666666666666
   0.013110052970483716
   -0.9322    0.3174    0.1742
   0.3173    0.4846    0.8152
   -0.1743    -0.8151    0.5524
 Node:        100
  0.1250E+03  0.1373E+03  0.4528E+03  0.0000E+00
   0.02942
   0.00631
  -0.00106
  -0.008363
  -0.003657
   0.002194
   0.03418
   7.566E-4
   -0.003322
   0.03563817229825346
   0.010538200000000003
   0.01679999553412639
   -0.9425    -0.1964    0.2704
   -0.3324    0.4674    -0.8192
   -0.03453    0.862    0.5058
 Node:        101
  0.1187E+03  0.1336E+03  0.4714E+03  0.0000E+00
   0.02932
   0.01344
   0.001242
   0.006389
   0.004517
   0.003655
   0.03702
   0.002315
   -0.004437
   0.03852732392731163
   0.011632666666666666
   0.01816195467331519
   -0.9045    -0.3639    -0.2222
   0.2973    -0.1648    -0.9404
   -0.3056    0.9167    -0.2573
 Node:        102
  0.1139E+03  0.1312E+03  0.4875E+03  0.0000E+00
   0.02409
   0.008908
   6.277E-4
   0.007128
   0.004307
   6.896E-4
   0.02977
   -2.12E-4
   -0.003718
   0.031879919259621727
   0.008613333333333334
   0.01502833806143876
   -0.9084    -0.3191    -0.2703
   -0.407    0.5263    0.7466
   0.09598    -0.7882    0.6079
 Node:        103
  0.1323E+03  0.1364E+03  0.4521E+03  0.0000E+00
   0.0296
   0.002187
  -0.003126
  -0.009862
  -0.004365
   0.001902
   0.0344
   0.001266
   -0.005742
   0.03713727362098623
   0.009974666666666668
   0.017506678674786436
   -0.9481    -0.09193    0.3045
   -0.2975    0.5954    -0.7463
   0.1127    0.7982    0.5918
 Node:        104
  0.1250E+03  0.1329E+03  0.4698E+03  0.0000E+00
   0.03105
   0.01574
  -0.001073
   0.006416
   0.005482
   0.004104
   0.04034
   0.002875
   -0.007677
   0.04370699725444428
   0.011846
   0.020603676095946245
   -0.9041    -0.368    -0.2174
   0.2874    -0.1468    -0.9465
   -0.3164    0.9182    -0.2385
 Node:        105
  0.1200E+03  0.1317E+03  0.4853E+03  0.0000E+00
   0.02501
   0.008845
   1.81E-4
   0.00726
   0.003896
   6.556E-4
   0.03058
   -5.635E-4
   -0.003586
   0.03275949217020924
   0.008810166666666666
   0.015442972707855038
   -0.9167    -0.3014    -0.2622
   -0.3834    0.4791    0.7896
   0.1123    -0.8244    0.5548
 Node:        106
  0.1396E+03  0.1350E+03  0.4515E+03  0.0000E+00
   0.02916
  -3.722E-5
  -0.006453
  -0.00762
  -0.004183
   0.002198
   0.03285
   0.0021
   -0.007913
   0.03679296697739936
   0.009012333333333332
   0.017344370966461197
   -0.9673    -0.02732    0.2521
   -0.2385    0.436    -0.8678
   0.08622    0.8995    0.4283
 Node:        107
  0.1321E+03  0.1315E+03  0.4681E+03  0.0000E+00
   0.03384
   0.01984
  -0.002315
   0.006916
   0.002484
   0.003868
   0.04569
   0.002495
   -0.01034
   0.050842433802877694
   0.012615
   0.02396735314269531
   -0.9086    -0.3793    -0.1749
   -0.1452    -0.1058    0.9837
   -0.3916    0.9192    0.04103
 Node:        108
  0.1273E+03  0.1303E+03  0.4831E+03  0.0000E+00
   0.02628
   0.008375
   5.01E-5
   0.00327
   0.001258
   4.308E-4
   0.02972
   3.984E-5
   -0.002375
   0.030958297553735088
   0.00912828
   0.014593881422824658
   -0.9544    -0.2741    -0.1185
   -0.1456    0.0809    0.986
   -0.2607    0.9583    -0.1171
 Node:        109
  0.1018E+03  0.1092E+03  0.4946E+03 -0.3522E-04
  -7.044E-5
   2.399E-16
  -7.044E-5
   9.595E-17
  -2.399E-17
  -7.044E-5
   -7.044E-5
   -7.044E-5
   -7.044E-5
   0.0
   -7.044E-5
   0.0
   -0.3792    -0.925    -0.024
   0.4801    -0.2188    0.8495
   0.7911    -0.3106    -0.527
 Node:        110
  0.1058E+03  0.1118E+03  0.5081E+03 -0.3522E-04
  -7.044E-5
   4.798E-17
  -7.044E-5
  -2.399E-17
  -8.996E-17
  -7.044E-5
   -7.044E-5
   -7.044E-5
   -7.044E-5
   0.0
   -7.044E-5
   0.0
   -0.02839    -0.09126    0.9954
   0.7347    0.6733    0.08268
   -0.6777    0.7337    0.04794
 Node:        111
  0.1108E+03  0.1137E+03  0.5210E+03 -0.3522E-04
  -7.044E-5
   9.595E-17
  -7.044E-5
  -4.798E-17
   5.637E-16
  -7.044E-5
   -7.044E-5
   -7.044E-5
   -7.044E-5
   0.0
   -7.044E-5
   0.0
   0.9393    0.3169    0.1318
   0.3364    -0.7738    -0.5367
   -0.06806    0.5485    -0.8334
 Node:        112
  0.1072E+03  0.1111E+03  0.4942E+03 -0.3522E-04
  -7.044E-5
   2.399E-16
  -7.044E-5
  -5.426E-37
   2.399E-17
  -7.044E-5
   -7.044E-5
   -7.044E-5
   -7.044E-5
   0.0
   -7.044E-5
   0.0
   0.3759    0.9265    0.01671
   0.9266    -0.3757    -0.01402
   0.006713    -0.02076    0.9998
 Node:        113
  0.1071E+03  0.1139E+03  0.5077E+03 -0.3522E-04
  -7.044E-5
   7.163E-36
  -7.044E-5
   2.879E-16
  -2.639E-16
  -7.044E-5
   -7.044E-5
   -7.044E-5
   -7.044E-5
   0.0
   -7.044E-5
   0.0
   -0.1654    0.6537    -0.7384
   -0.2298    -0.7537    -0.6158
   -0.9591    0.06786    0.2749
 Node:        114
  0.1093E+03  0.1164E+03  0.5209E+03 -0.3522E-04
  -7.044E-5
   1.919E-16
  -7.044E-5
  -4.798E-17
   9.595E-17
  -7.044E-5
   -7.044E-5
   -7.044E-5
   -7.044E-5
   0.0
   -7.044E-5
   0.0
   -0.6573    -0.7285    -0.1932
   -0.4203    0.1416    0.8963
   0.6256    -0.6703    0.3993
 Node:        115
  0.1129E+03  0.1120E+03  0.4932E+03 -0.3522E-04
  -7.044E-5
  -6.512E-37
  -7.044E-5
  -1.439E-16
  -4.798E-17
  -7.044E-5
   -7.044E-5
   -7.044E-5
   -7.044E-5
   0.0
   -7.044E-5
   0.0
   -0.6708    -0.2234    0.7072
   0.316    -0.9488    -4.588E-5
   -0.671    -0.2234    -0.707
 Node:        116
  0.1092E+03  0.1143E+03  0.5068E+03 -0.3522E-04
  -7.044E-5
   8.996E-17
  -7.044E-5
   2.879E-16
   3.598E-17
  -7.044E-5
   -7.044E-5
   -7.044E-5
   -7.044E-5
   0.0
   -7.044E-5
   0.0
   -0.223    -0.9699    -0.09796
   0.8805    -0.2435    0.4067
   -0.4183    0.004443    0.9083
 Node:        117
  0.1089E+03  0.1172E+03  0.5207E+03 -0.3522E-04
  -7.044E-5
  -1.199E-16
  -7.044E-5
  -2.399E-16
  -2.879E-16
  -7.044E-5
   -7.044E-5
   -7.044E-5
   -7.044E-5
   0.0
   -7.044E-5
   0.0
   -0.232    -0.2201    0.9475
   -0.8739    0.475    -0.1036
   -0.4272    -0.852    -0.3026
 Node:        118
  0.1017E+03  0.1094E+03  0.4948E+03 -0.3522E-04
  -7.044E-5
   1.439E-16
  -7.044E-5
  -2.399E-16
  -3.118E-16
  -7.044E-5
