 Group name: gastroc_Strain
 #Fields=  16
 1) coordinates, coordinate, rectangular cartesian, #Components=3
   x.  Value index= 1, #Derivatives=0
   y.  Value index= 2, #Derivatives=0
   z.  Value index= 3, #Derivatives=0
 2) Tensor_1, field, rectangular cartesian, #Components=1
   Tensor_1.  Value index= 4, #Derivatives=0
 3) Tensor_2, field, rectangular cartesian, #Components=1
   Tensor_2.  Value index= 5, #Derivatives=0
 4) Tensor_3, field, rectangular cartesian, #Components=1
   Tensor_3.  Value index= 6, #Derivatives=0
 5) Tensor_4, field, rectangular cartesian, #Components=1
   Tensor_4.  Value index= 7, #Derivatives=0
 6) Tensor_5, field, rectangular cartesian, #Components=1
   Tensor_5.  Value index= 8, #Derivatives=0
 7) Tensor_6, field, rectangular cartesian, #Components=1
   Tensor_6.  Value index= 9, #Derivatives=0
 8) Principal_1, field, rectangular cartesian, #Components=1
   Principal_1.  Value index= 10, #Derivatives=0
 9) Principal_2, field, rectangular cartesian, #Components=1
   Principal_2.  Value index= 11, #Derivatives=0
 10) Principal_3, field, rectangular cartesian, #Components=1
   Principal_3.  Value index= 12, #Derivatives=0
 11) VonMises, field, rectangular cartesian, #Components=1
   VonMises.  Value index= 13, #Derivatives=0
 12) Hydrostatic, field, rectangular cartesian, #Components=1
   VonMises.  Value index= 14, #Derivatives=0
 13) Octahedral, field, rectangular cartesian, #Components=1
   VonMises.  Value index= 15, #Derivatives=0
 14) PrincipalVector1, field, rectangular cartesian, #Components=3
   x.  Value index= 16, #Derivatives=0
   y.  Value index= 17, #Derivatives=0
   z.  Value index= 18, #Derivatives=0
 15) PrincipalVector2, field, rectangular cartesian, #Components=3
   x.  Value index= 19, #Derivatives=0
   y.  Value index= 20, #Derivatives=0
   z.  Value index= 21, #Derivatives=0
 16) PrincipalVector3, field, rectangular cartesian, #Components=3
   x.  Value index= 22, #Derivatives=0
   y.  Value index= 23, #Derivatives=0
   z.  Value index= 24, #Derivatives=0
 Node:          1
  0.1287E+03  0.1133E+03  0.4908E+03 -0.2689E-04
  -1.11E-16
  -8.327E-17
  -2.22E-16
  -2.776E-17
  -4.163E-17
  -3.331E-16
   -6.637E-17
   -2.4E-16
   -3.598E-16
   2.5553921597281306E-16
   -2.2205666666666663E-16
   1.204623416489799E-16
   0.8837    -0.4676    -0.01897
   0.4046    0.7837    -0.4712
   0.2352    0.4088    0.8818
 Node:          2
  0.1292E+03  0.1137E+03  0.5052E+03 -0.2689E-04
  -5.551E-17
  -1.11E-16
  -1.665E-16
  -5.551E-17
   1.943E-16
  -2.776E-16
   8.603E-17
   -1.6E-16
   -4.256E-16
   4.4319260925696854E-16
   -1.6652333333333334E-16
   2.089229995849082E-16
   -0.6554    0.6199    0.4313
   0.7522    0.4849    0.4462
   -0.06744    -0.6169    0.7841
 Node:          3
  0.1289E+03  0.1155E+03  0.5194E+03 -0.2689E-04
   2.22E-16
   1.388E-16
   3.331E-16
   1.11E-16
   5.551E-17
   2.22E-16
   4.753E-16
   2.118E-16
   9.006E-17
   3.4107384479024473E-16
   2.590533333333333E-16
   1.6078375235770005E-16
   -0.5696    -0.7144    -0.4063
   0.2395    -0.6172    0.7494
   -0.7862    0.3296    0.5227
 Node:          4
  0.1361E+03  0.1141E+03  0.4915E+03 -0.2689E-04
   0.0
  -2.776E-17
  -1.11E-16
  -2.776E-17
  -8.327E-17
   2.22E-16
   2.435E-16
   6.328E-18
   -1.388E-16
   3.3426485304919515E-16
   3.700933333333334E-17
   1.5757396286894045E-16
   -0.08549    -0.2215    0.9714
   0.9681    -0.2491    0.0284
   0.2357    0.9428    0.2357
 Node:          5
  0.1341E+03  0.1144E+03  0.5054E+03 -0.2689E-04
   3.331E-16
   1.388E-16
   3.331E-16
   5.551E-17
  -6.939E-17
   4.441E-16
   4.814E-16
   4.627E-16
   1.662E-16
   3.062784517395894E-16
   3.7010000000000004E-16
   1.4438104677092028E-16
   -0.348    -0.6443    0.681
   -0.6589    -0.3487    -0.6665
   0.6669    -0.6807    -0.3032
 Node:          6
  0.1323E+03  0.1162E+03  0.5191E+03 -0.2689E-04
   2.22E-16
   5.551E-17
   2.22E-16
  -5.551E-17
  -2.776E-17
   0.0
   2.897E-16
   1.685E-16
   -1.402E-17
   2.648101478418076E-16
   1.4806E-16
   1.2483270084396958E-16
   -0.715    -0.6696    0.2012
   0.6656    -0.7399    -0.09741
   -0.2141    -0.06426    -0.9747
 Node:          7
  0.1408E+03  0.1171E+03  0.4920E+03 -0.2689E-04
   3.331E-16
   2.22E-16
   2.22E-16
  -8.327E-17
  -1.11E-16
   0.0
   5.398E-16
   6.158E-17
   -4.631E-17
   5.403052621435404E-16
   1.8502333333333335E-16
   2.5470234318164845E-16
   -0.7537    -0.6111    0.2419
   -0.656    0.677    -0.3335
   -0.04004    0.4101    0.9112
 Node:          8
  0.1367E+03  0.1169E+03  0.5055E+03 -0.2689E-04
   2.22E-16
   1.943E-16
   2.22E-16
  -4.025E-16
  -2.359E-16
  -2.22E-16
   6.547E-16
   4.477E-17
   -4.775E-16
   9.814930967154074E-16
   7.399000000000001E-17
   4.626802829168323E-16
   -0.6847    -0.5611    0.4652
   0.5685    -0.8105    -0.1409
   -0.4561    -0.1681    -0.8739
 Node:          9
  0.1339E+03  0.1180E+03  0.5191E+03 -0.2689E-04
   2.22E-16
   1.665E-16
   0.0
  -3.955E-16
  -2.776E-16
   6.661E-16
   1.002E-15
   -9.379E-18
   -1.046E-16
   1.062195387036208E-15
   2.96007E-16
   5.007237074122481E-16
   -0.4817    -0.3073    0.8207
   -0.8565    -0.03292    -0.515
   -0.1853    0.951    0.2474
 Node:         10
  0.1294E+03  0.1212E+03  0.4911E+03 -0.2689E-04
   0.0
   2.776E-17
   1.11E-16
  -1.388E-17
   1.249E-16
   1.11E-16
   2.363E-16
   2.303E-17
   -3.732E-17
   2.48992088026909E-16
   7.400333333333333E-17
   1.173759959370834E-16
   0.0421    0.71    0.703
   -0.7813    -0.4152    0.4661
   -0.6228    0.5688    -0.5372
 Node:         11
  0.1295E+03  0.1214E+03  0.5055E+03 -0.2689E-04
  -2.22E-16
  -2.776E-17
  -2.22E-16
  -4.163E-17
   1.388E-17
  -1.665E-16
   -1.365E-16
   -2.183E-16
   -2.558E-16
   1.0566451627675205E-16
   -2.035333333333333E-16
   4.9810730660058464E-17
   -0.4935    0.2929    0.8189
   0.3541    -0.7924    0.4968
   -0.7944    -0.5351    -0.2873
 Node:         12
  0.1295E+03  0.1217E+03  0.5196E+03 -0.2689E-04
   1.11E-16
   0.0
   1.11E-16
   7.633E-17
   2.776E-17
   2.22E-16
   2.649E-16
   1.11E-16
   6.816E-17
   1.792025435087348E-16
   1.4801999999999999E-16
   8.447688914726913E-17
   -0.4387    -0.1595    -0.8844
   0.3417    -0.9398    -2.255E-17
   0.8311    0.3022    -0.4668
 Node:         13
  0.1361E+03  0.1199E+03  0.4914E+03 -0.2689E-04
   1.11E-16
  -1.388E-16
   0.0
  -9.714E-17
   2.776E-17
  -1.665E-16
   2.285E-16
   -8.52E-17
   -1.988E-16
   3.833392361864358E-16
   -1.849999999999999E-17
   1.807078489348669E-16
   0.8171    -0.5252    -0.2378
   0.4648    0.8442    -0.2671
   0.341    0.1077    0.9339
 Node:         14
  0.1342E+03  0.1198E+03  0.5054E+03 -0.2689E-04
  -5.551E-17
   2.776E-17
   0.0
   5.551E-17
  -9.021E-17
   1.11E-16
   1.672E-16
   -4.94E-18
   -1.068E-16
   2.398787602102362E-16
   1.8486666666666665E-17
   1.130799320048532E-16
   0.1634    -0.4472    0.8794
   -0.6569    -0.7144    -0.2412
   -0.7361    0.5382    0.4105
 Node:         15
  0.1330E+03  0.1205E+03  0.5193E+03 -0.2689E-04
   2.22E-16
  -8.327E-17
  -5.551E-17
   1.388E-17
   4.857E-17
   0.0
   2.451E-16
   2.471E-17
   -1.033E-16
   3.0523832672192397E-16
   5.550333333333333E-17
   1.438907271354049E-16
   -0.9638    0.2667    -0.001723
   0.1157    0.4239    0.8983
   0.2403    0.8656    -0.4394
 Node:         16
  0.1404E+03  0.1188E+03  0.4918E+03 -0.2689E-04
   2.22E-16
   5.551E-17
   2.22E-16
  -8.327E-17
  -1.457E-16
   4.441E-16
   5.466E-16
   1.95E-16
   1.465E-16
   3.7818964819254375E-16
   2.9603333333333337E-16
   1.7828030987433498E-16
   -0.2927    -0.4328    0.8526
   -0.9222    -0.1077    -0.3713
   -0.2526    0.895    0.3676
 Node:         17
  0.1365E+03  0.1184E+03  0.5055E+03 -0.2689E-04
  -1.11E-16
   2.776E-17
  -1.11E-16
   9.714E-17
   1.7E-16
   0.0
   1.573E-16
   -1.341E-16
   -2.452E-16
   3.600440389730123E-16
   -7.400000000000001E-17
   1.697263876557404E-16
   0.3368    0.5285    0.7792
   0.8927    -0.4425    -0.08566
   -0.2996    -0.7244    0.6209
 Node:         18
  0.1341E+03  0.1191E+03  0.5192E+03 -0.2689E-04
   0.0
   0.0
   0.0
   2.645E-17
   1.065E-16
   4.441E-16
   4.697E-16
   -1.672E-33
   -2.562E-17
   4.830198633596759E-16
   1.4802666666666666E-16
   2.2769774721961763E-16
   -0.05484    -0.2207    -0.9738
   0.9705    -0.2411    -6.21E-17
   -0.2348    -0.9451    0.2274
 Node:         19
  0.1301E+03  0.1291E+03  0.4914E+03  0.0000E+00
   1.11E-16
   0.0
   1.11E-16
   2.101E-19
   1.001E-17
  -2.22E-16
   1.113E-16
   1.11E-16
   -2.223E-16
   3.3345010121455954E-16
   0.0
   1.5718988517077046E-16
   -0.02096    -0.9993    -0.03003
   0.9998    -0.02097    1.345E-19
   6.298E-4    0.03003    -0.9995
 Node:         20
  0.1299E+03  0.1291E+03  0.5058E+03  0.0000E+00
   2.22E-16
   0.0
   0.0
   1.041E-17
   1.924E-17
  -5.551E-17
   2.224E-16
   5.975E-18
   -6.188E-17
   2.5715676157744715E-16
   5.549833333333335E-17
   1.2122485995959007E-16
   -0.9993    -0.003257    -0.03765
   0.01428    -0.9549    -0.2965
   -0.03498    -0.2968    0.9543
 Node:         21
  0.1301E+03  0.1280E+03  0.5197E+03  0.0000E+00
   1.11E-16
   0.0
   0.0
   4.163E-17
   1.475E-17
   1.11E-16
   1.534E-16
   7.089E-17
   -2.22E-18
   1.3485280234388901E-16
   7.402333333333333E-17
   6.357022066624871E-17
   -0.6994    -0.0684    -0.7114
   -0.7126    0.1429    0.6869
   -0.05465    -0.9874    0.1487
 Node:         22
  0.1360E+03  0.1256E+03  0.4913E+03  0.0000E+00
  -2.22E-16
   1.388E-17
  -1.11E-16
  -1.388E-17
   1.006E-16
   1.11E-16
   1.5E-16
   -1.456E-16
   -2.264E-16
   3.432090907886911E-16
   -7.4E-17
   1.617903169743686E-16
   -0.02144    0.3586    0.9332
   0.228    0.9106    -0.3447
   -0.9734    0.2054    -0.1013
 Node:         23
  0.1343E+03  0.1253E+03  0.5054E+03  0.0000E+00
   0.0
   2.082E-17
  -4.441E-16
   0.0
   1.314E-16
  -1.665E-16
   1.265E-18
   -1.147E-16
   -4.972E-16
   4.517861703560657E-16
   -2.0354499999999996E-16
   2.1297404313671653E-16
   0.997    0.06061    0.04746
   0.06644    -0.3661    -0.9282
   0.03888    -0.9286    0.369
 Node:         24
  0.1336E+03  0.1248E+03  0.5194E+03  0.0000E+00
  -2.22E-16
   1.214E-17
   0.0
   1.388E-17
   8.674E-19
  -1.665E-16
   6.779E-19
   -1.633E-16
   -2.259E-16
   2.026635838733984E-16
   -1.2950736666666666E-16
   9.553652963763242E-17
   -0.05504    -0.9984    -0.009747
   0.2257    -0.02195    0.974
   -0.9726    0.05141    0.2265
 Node:         25
  0.1400E+03  0.1206E+03  0.4917E+03  0.0000E+00
   0.0
   2.671E-16
  -1.11E-16
  -8.327E-17
  -1.301E-16
   2.22E-16
   3.681E-16
   7.58E-17
   -3.329E-16
   6.098671904603493E-16
   3.699999999999999E-17
   2.8749415066513385E-16
   0.5089    0.4781    -0.7159
   0.6086    0.3883    0.692
   0.6088    -0.7878    -0.09334
 Node:         26
  0.1363E+03  0.1200E+03  0.5055E+03  0.0000E+00
   2.22E-16
   1.076E-16
  -6.106E-16
   2.776E-17
  -1.124E-15
  -5.551E-17
   8.281E-16
   2.248E-16
   -1.497E-15
   2.089815319591662E-15
   -1.4803333333333336E-16
   9.851483892738641E-16
   0.07371    0.6174    -0.7832
   0.9955    0.001018    0.09449
   -0.05914    0.7866    0.6146
 Node:         27
  0.1343E+03  0.1203E+03  0.5192E+03  0.0000E+00
   2.22E-16
  -1.943E-16
   2.22E-16
  -1.041E-16
   1.313E-15
   0.0
   1.466E-15
   1.875E-16
   -1.209E-15
   2.3173691440942246E-15
   1.4816666666666667E-16
   1.0924182908676612E-15
   -0.1693    0.728    0.6643
   0.9848    0.09849    0.1431
   0.03876    0.6785    -0.7336
 Node:         28
  0.1155E+03  0.1124E+03  0.4931E+03 -0.1589E-03
  -2.22E-16
   3.816E-17
   2.22E-16
  -5.551E-17
   5.551E-17
   1.11E-16
   2.455E-16
   1.014E-16
   -2.359E-16
   4.279497984577163E-16
   3.699999999999999E-17
   2.0173746966457835E-16
   0.03184    0.9284    0.3701
   0.1988    0.3571    -0.9127
   0.9795    -0.1026    0.1732
 Node:         29
  0.1119E+03  0.1139E+03  0.5068E+03 -0.1589E-03
  -2.22E-16
  -2.082E-17
   0.0
   5.551E-17
   6.939E-18
  -3.331E-16
   1.944E-18
   -2.004E-16
   -3.566E-16
   3.113642033631998E-16
   -1.8501866666666668E-16
   1.4677849307791052E-16
   -0.09118    0.9958    0.005517
   -0.9179    -0.08189    -0.3884
   -0.3863    -0.04048    0.9215
 Node:         30
  0.1113E+03  0.1159E+03  0.5206E+03 -0.1589E-03
   2.22E-16
   1.249E-16
   2.22E-16
   0.0
  -2.776E-17
   1.11E-16
   3.486E-16
   1.238E-16
   8.277E-17
   2.4787505905193444E-16
   1.8505666666666664E-16
   1.1684942342842583E-16
   -0.7001    -0.7092    0.08287
   -0.4685    0.3686    -0.8029
   -0.5389    0.6009    0.5903
 Node:         31
  0.1203E+03  0.1126E+03  0.4920E+03 -0.1589E-03
  -5.551E-17
   9.714E-17
  -1.11E-16
   2.776E-17
   4.163E-17
  -5.551E-17
   4.114E-17
   -7.661E-17
   -1.866E-16
   1.9726678661143135E-16
   -7.402333333333333E-17
   9.29924550105485E-17
   -0.6956    -0.5654    -0.4433
   0.4358    0.1585    -0.886
   0.5712    -0.8095    0.1362
 Node:         32
  0.1188E+03  0.1134E+03  0.5062E+03 -0.1589E-03
   2.22E-16
  -1.388E-17
  -1.11E-16
  -2.776E-17
   9.714E-17
  -5.551E-17
   2.266E-16
   1.331E-17
   -1.844E-16
   3.5602167644681415E-16
   1.8503333333333345E-17
   1.6783022777663014E-16
   -0.9894    0.07624    0.1236
   0.1445    0.5992    0.7875
   0.01402    -0.797    0.6038
 Node:         33
  0.1183E+03  0.1150E+03  0.5201E+03 -0.1589E-03
   1.11E-16
   5.551E-17
   0.0
   8.327E-17
   0.0
   0.0
   1.7E-16
   0.0
   -5.893E-17
   2.0589037107159722E-16
   3.702333333333333E-17
   9.705765171049398E-17
   -0.8617    -0.2815    -0.4222
   0.0    -0.8321    0.5547
   -0.5074    0.478    0.717
 Node:         34
  0.1255E+03  0.1129E+03  0.4909E+03 -0.1589E-03
   0.0
   0.0
   0.0
   5.551E-17
   9.714E-17
   0.0
   1.119E-16
   3.387E-33
   -1.119E-16
   1.9381648536695736E-16
   0.0
   9.136596740581255E-17
   -0.3508    -0.6139    -0.7071
   0.8682    -0.4961    -4.855E-17
   -0.3508    -0.6139    0.7071
 Node:         35
  0.1260E+03  0.1135E+03  0.5054E+03 -0.1589E-03
   0.0
   1.11E-16
  -1.11E-16
   1.11E-16
   2.498E-16
  -1.11E-16
   2.41E-16
   -1.023E-16
   -3.608E-16
   5.228959647960578E-16
   -7.403333333333333E-17
   2.4649552170824977E-16
   0.5458    0.5925    0.5925
   0.8379    -0.3859    -0.3859
   -4.975E-17    -0.7071    0.7071
 Node:         36
  0.1257E+03  0.1153E+03  0.5196E+03 -0.1589E-03
   0.0
  -5.551E-17
   0.0
  -5.551E-17
   8.327E-17
   0.0
   1.305E-16
   -4.723E-17
   -8.327E-17
   1.982226619234037E-16
   0.0
   9.344305895392481E-17
   -0.5155    0.6059    0.6059
   0.8569    0.3645    0.3645
   -1.256E-16    0.7071    -0.7071
 Node:         37
  0.1132E+03  0.1210E+03  0.4959E+03 -0.1589E-03
  -2.22E-16
   1.388E-16
  -2.22E-16
  -8.327E-17
   1.804E-16
  -2.776E-16
   -4.482E-17
   -1.622E-16
   -5.146E-16
   4.2347200190803645E-16
   -2.4054E-16
   1.9962661612787678E-16
   0.3971    0.7887    0.4693
   -0.7874    0.0301    0.6157
   0.4715    -0.614    0.633
 Node:         38
  0.1111E+03  0.1204E+03  0.5085E+03 -0.1589E-03
  -1.665E-16
   9.714E-17
   0.0
  -2.776E-17
  -8.327E-17
  -2.22E-16
   7.071E-17
   -2.091E-16
   -2.502E-16
   3.0246162913665597E-16
   -1.2953E-16
   1.4258177934084005E-16
   -0.3916    -0.8746    0.2859
   0.9154    -0.3389    0.217
   0.09287    -0.3467    -0.9334
 Node:         39
  0.1119E+03  0.1201E+03  0.5207E+03 -0.1589E-03
  -5.551E-17
  -9.714E-17
  -3.331E-16
  -8.327E-17
  -7.633E-17
  -1.11E-16
   8.934E-18
   -1.105E-16
   -3.981E-16
   3.6239130612640252E-16
   -1.6655533333333335E-16
   1.7083290000335286E-16
   0.851    -0.1281    -0.5092
   0.4076    -0.4503    0.7944
   -0.3311    -0.8836    -0.331
 Node:         40
  0.1191E+03  0.1220E+03  0.4937E+03 -0.1589E-03
   0.0
   8.327E-17
  -2.22E-16
   8.327E-17
  -1.388E-17
  -2.22E-16
   4.872E-17
   -2.082E-16
   -2.846E-16
   3.0244591979393603E-16
   -1.4802666666666666E-16
   1.4257437388566321E-16
   -0.924    -0.2703    -0.2703
   0.0    -0.7071    0.7071
   0.3823    -0.6534    -0.6534
 Node:         41
  0.1182E+03  0.1217E+03  0.5073E+03 -0.1589E-03
   0.0
  -2.776E-17
  -5.551E-17
   5.551E-17
   9.714E-17
   1.11E-16
   1.653E-16
   1.073E-17
   -1.206E-16
   2.478691830381502E-16
   1.8476666666666666E-17
   1.168466534489637E-16
   0.2406    0.3653    0.8993
   -0.8901    0.4526    0.05428
   -0.3871    -0.8135    0.434
 Node:         42
  0.1187E+03  0.1212E+03  0.5204E+03 -0.1589E-03
   0.0
  -5.551E-17
  -1.11E-16
   0.0
   5.551E-17
   1.11E-16
   1.256E-16
   1.887E-17
   -1.444E-16
   2.3552960089975954E-16
   2.3333333333339628E-20
   1.1102971864425409E-16
   0.1113    -0.2517    -0.9614
   0.9295    -0.3159    0.1903
   -0.3516    -0.9148    0.1988
 Node:         43
  0.1258E+03  0.1217E+03  0.4915E+03 -0.1589E-03
   2.22E-16
   1.11E-16
   1.11E-16
  -1.388E-17
   0.0
  -5.551E-17
   2.911E-16
   4.294E-17
   -5.645E-17
   3.1004254562882173E-16
   9.253E-17
   1.4615545764698628E-16
   -0.8507    -0.5246    0.03406
   -0.5213    0.8502    0.07348
   0.06751    -0.04475    0.9967
 Node:         44
  0.1259E+03  0.1220E+03  0.5059E+03 -0.1589E-03
  -2.22E-16
   1.388E-16
  -2.22E-16
   9.714E-17
   1.11E-16
  -1.11E-16
   5.081E-17
   -2.445E-16
   -3.614E-16
   3.679610646522265E-16
   -1.8503E-16
   1.7345850935214064E-16
   -0.5113    -0.534    -0.6733
   -0.5198    -0.4318    0.7372
   -0.6844    0.7269    -0.05679
 Node:         45
  0.1261E+03  0.1221E+03  0.5198E+03 -0.1589E-03
  -5.551E-17
  -8.327E-17
  -2.776E-16
   2.776E-17
  -6.939E-18
   1.11E-16
   1.167E-16
   -3.339E-17
   -3.053E-16
   3.7050374910383835E-16
   -7.399666666666666E-17
   1.7465714229757554E-16
   0.1854    -0.05643    0.981
   0.9302    -0.3117    -0.1938
   -0.3167    -0.9485    0.005308
 Node:         46
  0.1117E+03  0.1296E+03  0.4959E+03  0.0000E+00
  -5.551E-17
   2.776E-17
  -1.665E-16
   6.939E-18
  -2.602E-17
   0.0
   4.101E-18
   -4.897E-17
   -1.772E-16
   1.6144583695778595E-16
   -7.402300000000001E-17
   7.610629740479211E-17
   0.04856    -0.1429    0.9886
   0.9724    0.2327    -0.01414
   -0.228    0.962    0.1502
 Node:         47
  0.1107E+03  0.1269E+03  0.5087E+03  0.0000E+00
  -1.665E-16
  -3.123E-17
   1.11E-16
  -2.776E-17
   3.99E-17
   0.0
   1.289E-16
   -1.114E-17
   -1.732E-16
   2.6185783853075704E-16
   -1.8479999999999997E-17
   1.2344096888796688E-16
   -0.1292    0.939    0.3186
   -0.1008    -0.3321    0.9379
   -0.9865    -0.08906    -0.1376
 Node:         48
  0.1125E+03  0.1242E+03  0.5208E+03  0.0000E+00
   1.11E-16
   3.469E-18
   1.11E-16
   0.0
  -1.735E-18
   1.11E-16
   1.149E-16
   1.11E-16
   1.071E-16
   6.75499814951862E-18
   1.1099999999999999E-16
   3.1843366656181307E-18
   -0.6325    -0.7071    0.3162
   0.4472    -4.455E-15    0.8944
   -0.6325    0.7071    0.3162
 Node:         49
  0.1186E+03  0.1311E+03  0.4938E+03  0.0000E+00
  -1.665E-16
  -2.082E-17
   0.0
  -4.163E-17
  -6.072E-18
  -5.551E-17
   2.581E-18
   -4.165E-17
   -1.83E-16
   1.6789358448433935E-16
   -7.402300000000001E-17
   7.914579473772858E-17
   0.1174    -0.9929    0.01965
   -0.3135    -0.01827    0.9494
   -0.9423    -0.1176    -0.3134
 Node:         50
  0.1180E+03  0.1298E+03  0.5075E+03  0.0000E+00
   0.0
  -1.301E-17
   3.331E-16
  -4.163E-17
   1.247E-17
   2.22E-16
   3.354E-16
   2.276E-16
   -7.879E-18
   3.040655120874448E-16
   1.8504033333333332E-16
   1.4333785701466156E-16
   0.05441    -0.9902    -0.1289
   -0.1707    -0.1364    0.9758
   0.9838    0.03109    0.1765
 Node:         51
  0.1192E+03  0.1275E+03  0.5206E+03  0.0000E+00
   0.0
  -3.469E-18
  -5.551E-17
   0.0
   1.475E-17
   1.11E-16
   1.123E-16
   2.087E-19
   -5.702E-17
   1.491791641607165E-16
   1.849623333333333E-17
   7.03237323931892E-17
   -0.002705    0.08758    0.9962
   0.9982    -0.06004    0.007989
   -0.06051    -0.9943    0.08725
 Node:         52
  0.1262E+03  0.1305E+03  0.4920E+03  0.0000E+00
   1.11E-16
  -1.388E-17
   1.11E-16
   1.301E-18
   4.906E-18
   0.0
   1.25E-16
   9.734E-17
   -2.497E-19
   1.1396559238686912E-16
   7.403009999999999E-17
   5.372389546579809E-17
   -0.7047    0.7092    0.02051
   0.7093    0.7034    0.04493
   -0.01744    -0.04621    0.9988
 Node:         53
  0.1258E+03  0.1304E+03  0.5063E+03  0.0000E+00
  -1.665E-16
  -1.735E-18
  -1.11E-16
   2.776E-17
   3.383E-17
  -2.22E-16
   -1.01E-16
   -1.572E-16
   -2.414E-16
   1.2239330047024632E-16
   -1.6653333333333332E-16
   5.769675515620921E-17
   0.09684    0.9526    0.2883
   -0.9346    0.1866    -0.3027
   -0.3422    -0.2402    0.9084
 Node:         54
  0.1265E+03  0.1288E+03  0.5200E+03  0.0000E+00
  -2.22E-16
   2.082E-17
   1.11E-16
   0.0
  -4.337E-18
   1.11E-16
   1.16E-16
   1.073E-16
   -2.233E-16
   3.350347295430729E-16
   0.0
   1.5793688612860518E-16
   -0.04656    -0.7562    0.6527
   -0.04117    -0.6514    -0.7576
   -0.9981    0.06215    8.061E-4
 Node:         55
  0.1381E+03  0.1168E+03  0.4527E+03  0.9884E-02
  -0.006082
  -0.01305
   0.02019
  -0.002634
   0.01917
  -0.02158
   0.03216
   -0.01033
   -0.0293
   0.054509598237374675
   -0.002489999999999999
   0.025696071035601273
   0.325    -0.8856    -0.3318
   0.939    0.2606    0.2243
   -0.1122    -0.3845    0.9163
 Node:         56
  0.1314E+03  0.1156E+03  0.4684E+03  0.9884E-02
   6.028E-4
  -0.01069
   0.01268
  -0.004026
   0.007756
  -0.01471
   0.02105
   -0.005624
   -0.01686
   0.033726236611872365
   -4.780000000000004E-4
   0.01589870040810464
   0.4864    -0.8409    -0.2371
   0.8694    0.4929    0.0355
   0.08702    -0.2234    0.9708
 Node:         57
  0.1285E+03  0.1140E+03  0.4823E+03  0.9884E-02
   0.001676
  -0.002247
   0.002528
  -0.001013
   7.734E-4
  -8.425E-4
   0.00467
   -1.088E-4
   -0.001199
   0.005406968951270202
   0.0011207333333333332
   0.002548869607405517
   -0.6322    0.7428    0.2204
   0.6972    0.6694    -0.2566
   0.3381    0.00859    0.9411
 Node:         58
  0.1479E+03  0.1178E+03  0.4527E+03  0.9884E-02
  -0.007377
  -0.01835
   0.03933
  -0.003216
   0.01332
  -0.05623
   0.04747
   -0.01368
   -0.05806
   0.09177550817075326
   -0.00809
   0.04326338944958735
   -0.3214    0.9379    0.1304
   0.9468    0.3205    0.02872
   0.01485    -0.1327    0.991
 Node:         59
  0.1416E+03  0.1167E+03  0.4689E+03  0.9884E-02
   0.01294
  -0.02374
   0.03054
  -0.01619
   0.01668
  -0.01973
   0.0542
   -0.003062
   -0.02739
   0.07255245112330802
   0.007915999999999998
   0.03420155345399777
   0.5611    -0.7725    -0.2972
   0.7757    0.6161    -0.1369
   0.2889    -0.1537    0.945
 Node:         60
  0.1375E+03  0.1150E+03  0.4832E+03  0.9884E-02
   0.008818
  -0.009285
   0.008739
  -0.00736
   0.005488
   0.002139
   0.0222
   1.449E-4
   -0.002645
   0.023574191428551692
   0.006566633333333333
   0.011112980413412459
   -0.6616    0.6253    0.4139
   0.4593    0.7742    -0.4354
   -0.5927    -0.09801    -0.7994
 Node:         61
  0.1549E+03  0.1222E+03  0.4528E+03  0.9884E-02
   0.01826
  -0.0149
   0.01011
  -8.227E-4
  -0.002277
  -0.04719
   0.02964
   -0.001144
   -0.04731
   0.06708299602730933
   -0.006271333333333333
   0.03162322759548044
   0.7945    -0.6072    0.009485
   0.6068    0.7933    -0.05006
   0.02287    0.04553    0.9987
 Node:         62
  0.1489E+03  0.1203E+03  0.4694E+03  0.9884E-02
   0.04123
  -0.03911
   0.02714
  -0.02039
   0.01305
  -0.002543
   0.08085
   -0.00398
   -0.01104
   0.08857128372107971
   0.02194333333333334
   0.04175290355838209
   -0.7435    0.6087    0.2771
   0.458    0.7653    -0.4523
   -0.4874    -0.2094    -0.8477
 Node:         63
  0.1436E+03  0.1181E+03  0.4838E+03  0.9884E-02
   0.01212
  -0.01749
   0.01914
  -0.006795
   0.009684
   0.00387
   0.0376
   5.024E-5
   -0.00251
   0.03889313181601091
   0.011713413333333334
   0.01833439816578905
   -0.5925    0.7347    0.3303
   -0.4657    0.02223    -0.8847
   -0.6574    -0.678    0.329
 Node:         64
  0.1411E+03  0.1253E+03  0.4521E+03  0.9884E-02
  -0.03257
  -0.008777
   0.04214
  -0.004503
   0.003957
  -0.02355
   0.04345
   -0.02241
   -0.03502
   0.0729866172664551
   -0.00466
   0.0344062213366517
   -0.1183    0.9907    0.06646
   -0.328    -0.1022    0.9391
   0.9372    0.08932    0.337
 Node:         65
  0.1339E+03  0.1229E+03  0.4682E+03  0.9884E-02
  -0.004696
  -0.01891
   0.03104
  -0.006972
   0.003453
  -0.01488
   0.03984
   -0.009004
   -0.01937
   0.054767756901300965
   0.003822000000000001
   0.025817768196857504
   0.4029    -0.9088    -0.1087
   -0.6989    -0.3821    0.6046
   0.591    0.1676    0.7891
 Node:         66
  0.1299E+03  0.1214E+03  0.4825E+03  0.9884E-02
   0.00534
  -0.006296
   0.007514
  -0.001873
   0.0015
  -8.754E-4
   0.01321
   1.826E-4
   -0.001414
   0.013894669091417759
   0.003992866666666667
   0.006550009824589749
   -0.6398    0.7506    0.165
   0.6935    0.6564    -0.2971
   0.3313    0.07565    0.9405
 Node:         67
  0.1496E+03  0.1245E+03  0.4523E+03  0.9884E-02
  -0.02287
  -0.01445
   0.03884
  -0.00396
   0.004338
  -0.05129
   0.04234
   -0.02575
   -0.05189
   0.08425805777490958
   -0.011766666666666667
   0.039719629348164316
   0.2192    -0.9742    -0.05441
   0.9681    0.2241    -0.1121
   -0.1214    0.02811    -0.9922
 Node:         68
  0.1430E+03  0.1224E+03  0.4688E+03  0.9884E-02
   0.01752
  -0.02993
   0.03623
  -0.01698
   0.008983
  -0.0285
   0.0616
   -0.002244
   -0.0341
   0.0844077930999265
   0.008418666666666666
   0.03979021525729941
   0.6007    -0.7764    -0.1906
   0.7324    0.63    -0.2582
   0.3205    0.01544    0.9471
 Node:         69
  0.1379E+03  0.1205E+03  0.4831E+03  0.9884E-02
   0.01302
  -0.01153
   0.0106
  -0.007018
   0.004768
  -2.323E-4
   0.02609
   5.636E-4
   -0.003263
   0.027639089832337097
   0.007796866666666667
   0.013029191897513144
   -0.7168    0.6272    0.3047
   0.5608    0.7782    -0.2826
   0.4144    0.0317    0.9096
 Node:         70
  0.1551E+03  0.1242E+03  0.4527E+03  0.9884E-02
  -0.01032
  -0.01813
   0.01806
  -0.01459
   0.0112
  -0.05471
   0.03014
   -0.01759
   -0.05952
   0.07770197359140886
   -0.01565666666666667
   0.03662906162537549
   -0.4585    0.8674    0.1933
   0.8509    0.4913    -0.1863
   0.2566    -0.07908    0.9633
 Node:         71
  0.1491E+03  0.1222E+03  0.4694E+03  0.9884E-02
   0.04066
  -0.03061
   0.02744
  -0.03559
   0.01828
  -0.02035
   0.08069
   0.004069
   -0.037
   0.10346104702253886
   0.01591966666666667
   0.04877200529219833
   -0.748    0.555    0.3639
   0.5363    0.8285    -0.1612
   0.391    -0.07455    0.9174
 Node:         72
  0.1435E+03  0.1199E+03  0.4837E+03  0.9884E-02
   0.02217
  -0.01367
   0.009006
  -0.01347
   0.006908
   0.002517
   0.0373
   7.208E-4
   -0.00433
   0.039348477437379965
   0.011230266666666667
   0.018549050150224823
   -0.7842    0.4759    0.3982
   0.4216    0.8795    -0.2209
   -0.4553    -0.005374    -0.8903
 Node:         73
  0.1441E+03  0.1339E+03  0.4515E+03  0.0000E+00
   0.02928
  -0.00237
  -0.02982
  -0.003166
   0.002422
   0.01302
   0.03
   0.01252
   -0.03004
   0.05348694046213524
   0.0041600000000000005
   0.025213985537131306
   -0.9808    0.04653    0.1895
   0.1916    0.04536    0.9804
   -0.03702    -0.9979    0.05341
 Node:         74
  0.1365E+03  0.1304E+03  0.4679E+03  0.0000E+00
   0.05427
   0.01181
  -0.008204
   0.003778
   0.003532
   0.01766
   0.05691
   0.01746
   -0.01064
   0.05877463313369127
   0.021243333333333336
   0.027706627767056426
   -0.9768    -0.1832    -0.1105
   -0.1265    0.0779    0.9889
   -0.1725    0.98    -0.09926
 Node:         75
  0.1313E+03  0.1288E+03  0.4826E+03  0.0000E+00
   0.02283
   0.004788
   3.139E-4
   7.439E-4
   3.659E-4
   0.00191
   0.02384
   0.001898
   -6.789E-4
   0.023337397400095838
   0.008353033333333334
   0.011001354637902049
   -0.9791    -0.1999    -0.03656
   -0.05204    0.07278    0.996
   -0.1964    0.9771    -0.08166
 Node:         76
  0.1513E+03  0.1311E+03  0.4520E+03  0.0000E+00
   0.02461
  -0.005631
  -0.03412
  -0.005454
   0.004893
   0.01412
   0.02775
   0.01191
   -0.03504
   0.056558784463600346
   0.0015399999999999997
   0.02666206668658677
   -0.9075    0.1146    0.4041
   0.4113    0.04646    0.9103
   -0.08551    -0.9923    0.08927
 Node:         77
  0.1444E+03  0.1282E+03  0.4686E+03  0.0000E+00
   0.0681
   0.01289
  -0.0109
   0.003008
   0.005563
   0.01259
   0.07041
   0.01329
   -0.01391
   0.07453991145688328
   0.02326333333333333
   0.035138451240138
   -0.9848    -0.1606    -0.06668
   -0.09488    0.1748    0.98
   -0.1458    0.9714    -0.1874
 Node:         78
  0.1384E+03  0.1261E+03  0.4829E+03  0.0000E+00
   0.0289
   0.007664
   6.803E-4
   0.001509
   9.467E-4
   0.001321
   0.03095
   0.001338
   -0.001381
   0.0310608842919837
   0.010302333333333332
   0.014642241275008261
   -0.9674    -0.2468    -0.05715
   -0.1049    0.1847    0.9772
   -0.2306    0.9513    -0.2046
 Node:         79
  0.1554E+03  0.1263E+03  0.4526E+03  0.0000E+00
   0.01635
   0.003427
  -0.05132
  -0.01116
   0.001642
  -0.04768
   0.01838
   -0.04813
   -0.0529
   0.06901873441320118
   -0.02755
   0.032535743421658596
   0.9852    0.04455    -0.1654
   -0.1141    -0.549    -0.828
   -0.1277    0.8347    -0.5358
 Node:         80
  0.1493E+03  0.1241E+03  0.4694E+03  0.0000E+00
   0.07955
   0.01024
  -0.03283
   0.008702
   0.002957
  -0.0319
   0.08118
   -0.03095
   -0.03541
   0.11442520832404021
   0.0049400000000000025
   0.05394056049640814
   -0.9927    -0.0912    -0.07878
   -0.1179    0.6004    0.791
   0.02483    -0.7945    0.6068
 Node:         81
  0.1433E+03  0.1217E+03  0.4836E+03  0.0000E+00
   0.03367
   0.007129
  -0.002859
   0.008214
   0.002304
  -0.001164
   0.03691
   -0.002708
   -0.004555
   0.040573042515936616
   0.009882333333333332
   0.019126315664259253
   -0.9584    -0.1844    -0.2179
   -0.2752    0.3933    0.8773
   0.07608    -0.9007    0.4277
 Node:         82
  0.1267E+03  0.1148E+03  0.4559E+03  0.1025E-01
   0.01039
  -0.01196
   3.473E-4
  -0.002841
   0.003167
  -0.005638
   0.01903
   -0.005736
   -0.008194
   0.026082011962270085
   0.0016999999999999995
   0.012295178350339886
   -0.8177    0.5515    0.165
   -0.3935    -0.3265    -0.8594
   -0.4201    -0.7677    0.484
 Node:         83
  0.1234E+03  0.1129E+03  0.4718E+03  0.1025E-01
  -0.001944
  -0.007471
  -0.001671
  -7.493E-4
   0.002419
  -0.003299
   0.006203
   -0.003608
   -0.009509
   0.013746717171746862
   -0.0023046666666666667
   0.006480264620797176
   -0.6689    0.7061    0.2325
   0.3012    -0.02848    0.9531
   -0.6796    -0.7076    0.1936
 Node:         84
  0.1187E+03  0.1123E+03  0.4849E+03  0.1025E-01
  -5.236E-4
  -5.231E-4
  -2.39E-4
   4.888E-4
  -1.691E-5
  -0.001663
   2.157E-4
   -7.786E-4
   -0.001863
   0.0018007706044913107
   -8.086333333333333E-4
   8.488914038648028E-4
   -0.6429    0.746    -0.174
   -0.6655    -0.6564    -0.3553
   -0.3793    -0.1126    0.9184
 Node:         85
  0.1302E+03  0.1161E+03  0.4546E+03  0.1025E-01
   0.01
  -0.01311
   0.001927
  -0.002461
   0.004496
  -0.007972
   0.02045
   -0.006064
   -0.01043
   0.028945021609941834
   0.0013186666666666666
   0.013644814041320688
   -0.7863    0.5961    0.1624
   0.5536    0.5632    0.6134
   -0.2742    -0.5722    0.7729
 Node:         86
  0.1252E+03  0.1138E+03  0.4701E+03  0.1025E-01
  -0.0146
  -0.004208
   0.02894
  -0.003918
   0.009525
  -0.003429
   0.03209
   -0.005309
   -0.01587
   0.043648490936113706
   0.003637
   0.02057609595299037
   0.1088    -0.9571    -0.2686
   -0.2583    -0.2882    0.9221
   -0.9599    -0.03094    -0.2785
 Node:         87
  0.1217E+03  0.1126E+03  0.4833E+03  0.1025E-01
  -1.806E-4
  -4.873E-4
   1.644E-4
  -1.366E-4
  -1.004E-4
  -5.767E-4
   5.088E-4
   -3.794E-4
   -7.224E-4
   0.0011005457010047333
   -1.9766666666666666E-4
   5.188022187907664E-4
   0.5768    -0.8169    0.002998
   -0.6208    -0.4359    0.6516
   0.531    0.3777    0.7585
 Node:         88
  0.1338E+03  0.1169E+03  0.4529E+03  0.1025E-01
  -0.004408
  -0.01504
   0.005998
  -0.002424
   0.0116
   0.003057
   0.02285
   -0.001673
   -0.01653
   0.03444482818943941
   0.0015489999999999994
   0.016237447726372107
   -0.4539    0.7434    0.4914
   0.5195    -0.2273    0.8237
   0.724    0.6291    -0.283
 Node:         89
  0.1270E+03  0.1150E+03  0.4684E+03  0.1025E-01
   1.768E-4
  -0.00841
   0.002829
  -0.003302
   0.003253
  -0.00109
   0.01169
   -0.002727
   -0.007044
   0.01699189709832307
   6.396666666666669E-4
   0.00801005710896551
   -0.6164    0.7102    0.3401
   -0.1547    0.3143    -0.9366
   0.7721    0.63    0.08392
 Node:         90
  0.1248E+03  0.1132E+03  0.4822E+03  0.1025E-01
   5.499E-4
  -9.856E-4
   5.694E-4
  -4.621E-4
   1.929E-4
  -3.413E-5
   0.001672
   -6.431E-5
   -5.224E-4
   0.002004995040417806
   3.6176333333333335E-4
   9.451637262165511E-4
   -0.6957    0.6681    0.264
   -0.1509    -0.4952    0.8556
   0.7024    0.5554    0.4453
 Node:         91
  0.1258E+03  0.1260E+03  0.4544E+03  0.1025E-01
  -0.03141
  -0.01315
   0.03294
  -0.008304
   0.007783
  -0.008124
   0.03743
   -0.008346
   -0.03568
   0.06398305178717252
   -0.002198666666666668
   0.030161899866479828
   0.2072    -0.9574    -0.2014
   -0.2027    -0.2434    0.9485
   -0.9571    -0.1557    -0.2445
 Node:         92
  0.1209E+03  0.1232E+03  0.4724E+03  0.1025E-01
  -0.003992
  -0.0121
   0.006874
  -0.009391
   0.005028
   0.002196
   0.01987
   -9.282E-4
   -0.01386
   0.029474645667759942
   0.0016939333333333324
   0.013894481216495834
   -0.5397    0.6895    0.483
   -0.05805    -0.6029    0.7957
   0.8398    0.4014    0.3654
 Node:         93
  0.1159E+03  0.1217E+03  0.4876E+03  0.1025E-01
   0.002613
  -3.583E-4
  -3.176E-4
  -0.003926
  -8.33E-4
   0.002685
   0.006592
   1.573E-4
   -0.001769
   0.007583611170807744
   0.0016601
   0.0035749485898401395
   -0.6992    -0.04972    0.7132
   0.3909    -0.8618    0.3232
   0.5986    0.5048    0.622
 Node:         94
  0.1312E+03  0.1262E+03  0.4534E+03  0.1025E-01
  -0.03905
  -0.01312
   0.03802
  -0.008712
   0.005315
  -0.008509
   0.0411
   -0.007659
   -0.04298
   0.07312475477565719
   -0.003179666666666666
   0.03447133998298038
   0.1743    -0.9754    -0.1351
   -0.1974    -0.169    0.9656
   0.9647    0.1417    0.222
 Node:         95
  0.1249E+03  0.1234E+03  0.4704E+03  0.1025E-01
  -6.967E-4
  -0.01156
   0.0156
  -0.01168
   0.004338
  -0.005658
   0.02462
   3.245E-4
   -0.01571
   0.035170196264024456
   0.0030781666666666666
   0.016579389515968983
   0.5096    -0.8021    -0.3114
   -0.5318    -0.5782    0.6187
   0.6763    0.1497    0.7212
 Node:         96
  0.1205E+03  0.1222E+03  0.4852E+03  0.1025E-01
   0.005322
  -0.001132
   8.478E-4
  -0.004618
   6.096E-4
   3.373E-4
   0.008299
   6.275E-4
   -0.002419
   0.009565787957612275
   0.002169166666666667
   0.004509355688146837
   -0.8467    0.1699    0.5041
   -0.1365    -0.9853    0.1027
   0.5142    0.01812    0.8575
 Node:         97
  0.1367E+03  0.1259E+03  0.4522E+03  0.1025E-01
  -0.03694
  -0.01113
   0.03977
  -0.009132
   0.005897
  -0.0131
   0.04228
   -0.01155
   -0.04099
   0.07313779939265332
   -0.0034199999999999994
   0.03447748927440434
   0.1526    -0.9798    -0.1295
   -0.268    -0.1672    0.9488
   -0.9512    -0.1101    -0.2881
 Node:         98
  0.1295E+03  0.1232E+03  0.4683E+03  0.1025E-01
  -0.004707
  -0.01684
   0.02407
  -0.009273
   0.003761
  -0.008748
   0.03313
   -0.004402
   -0.01811
   0.04594615265721385
   0.003539333333333333
   0.021659224075565486
   -0.4358    0.8827    0.1758
   -0.5176    -0.4056    0.7534
   0.7363    0.2374    0.6337
 Node:         99
  0.1260E+03  0.1218E+03  0.4827E+03  0.1025E-01
   0.004649
  -0.004662
   0.004625
  -0.002381
   0.001387
  -4.594E-4
   0.009983
   2.924E-4
   -0.001461
   0.010675843665022453
   0.0029381333333333335
   0.00503264096694988
   -0.698    0.6717    0.2484
   0.5523    0.7256    -0.4105
   0.4559    0.1493    0.8774
 Node:        100
  0.1250E+03  0.1373E+03  0.4528E+03  0.0000E+00
   0.03206
   0.003614
  -0.00477
  -0.004774
  -0.002103
   0.009712
   0.03345
   0.00886
   -0.005307
   0.03396672664535103
   0.012334333333333334
   0.01601206849709167
   -0.9733    -0.1033    0.2049
   -0.2146    0.09314    -0.9723
   -0.08136    0.9903    0.1128
 Node:        101
  0.1187E+03  0.1336E+03  0.4714E+03  0.0000E+00
   0.03167
   0.007614
   0.005538
   0.003659
   0.002595
   0.01601
   0.03468
   0.01526
   0.003283
   0.027444093517549457
   0.017741
   0.01293726975318466
   -0.9386    -0.2649    -0.2208
   -0.246    0.06546    0.9671
   -0.2418    0.962    -0.1266
 Node:        102
  0.1139E+03  0.1312E+03  0.4875E+03  0.0000E+00
   0.01059
   0.005081
   0.002812
   0.004078
   0.002475
   0.003087
   0.015
   0.001333
   1.577E-4
   0.014290942732724106
   0.0054969
   0.006736815010571884
   -0.828    -0.4206    -0.3709
   0.469    -0.1566    -0.8692
   -0.3075    0.8936    -0.3269
 Node:        103
  0.1323E+03  0.1364E+03  0.4521E+03  0.0000E+00
   0.03276
   0.001261
  -0.01407
  -0.005617
  -0.002508
   0.00844
   0.03406
   0.007425
   -0.01435
   0.04199465412406679
   0.009045
   0.01979646980314083
   -0.9754    -0.03688    0.2174
   -0.2201    0.1003    -0.9703
   -0.01398    0.9943    0.106
 Node:        104
  0.1250E+03  0.1329E+03  0.4698E+03  0.0000E+00
   0.03835
   0.008885
  -0.00483
   0.003674
   0.003144
   0.01792
   0.04089
   0.01737
   -0.006817
   0.041316819928450446
   0.01714766666666667
   0.01947693569898053
   -0.9629    -0.1996    -0.1813
   -0.1967    0.05986    0.9786
   -0.1845    0.978    -0.09691
 Node:        105
  0.1200E+03  0.1317E+03  0.4853E+03  0.0000E+00
   0.01439
   0.005046
   8.133E-4
   0.004152
   0.00224
   0.002936
   0.01754
   0.001698
   -0.0011
   0.01741044755312166
   0.006046
   0.008207363685536706
   -0.9002    -0.3121    -0.3037
   -0.3713    0.1856    0.9098
   0.2276    -0.9317    0.283
 Node:        106
  0.1396E+03  0.1350E+03  0.4515E+03  0.0000E+00
   0.03106
  -2.153E-5
  -0.02904
  -0.004355
  -0.002404
   0.00973
   0.03192
   0.009022
   -0.02919
   0.05347386019355625
   0.0039173333333333326
   0.025207819439390006
   -0.9811    -0.00728    0.1934
   0.1935    -0.06195    0.9792
   -0.004852    -0.9981    -0.06219
 Node:        107
  0.1321E+03  0.1315E+03  0.4681E+03  0.0000E+00
   0.04884
   0.01113
  -0.01042
   0.003957
   0.001431
   0.01692
   0.05136
   0.01643
   -0.01245
   0.055343813565745546
   0.018446666666666667
   0.026089323912708476
   -0.9766    -0.1787    -0.1196
   -0.122    0.002337    0.9925
   -0.1771    0.9839    -0.02409
 Node:        108
  0.1273E+03  0.1303E+03  0.4831E+03  0.0000E+00
   0.01957
   0.004781
   2.254E-4
   0.001882
   7.266E-4
   0.001932
   0.0209
   0.001751
   -9.209E-4
   0.02061522407615304
   0.0072433666666666665
   0.009718109826618663
   -0.9681    -0.2276    -0.1048
   -0.1254    0.07806    0.989
   -0.2169    0.9706    -0.1041
 Node:        109
  0.1018E+03  0.1092E+03  0.4946E+03 -0.3522E-04
   0.0
   1.388E-16
   1.11E-16
   5.551E-17
  -1.388E-17
   0.0
   2.069E-16
   2.266E-17
   -1.186E-16
   2.827092280064448E-16
   3.698666666666666E-17
   1.3327040815158061E-16
   -0.5724    -0.814    -0.09897
   0.2904    -0.3141    0.9039
   0.7668    -0.4887    -0.4162
 Node:        110
  0.1058E+03  0.1118E+03  0.5081E+03 -0.3522E-04
   0.0
   2.776E-17
   0.0
  -1.388E-17
  -5.204E-17
   2.22E-16
   2.353E-16
   1.788E-17
   -3.112E-17
   2.456135916434593E-16
   7.402E-17
   1.157833574684491E-16
   -0.08376    -0.2246    0.9708
   0.7726    0.6007    0.2056
   0.6293    -0.7673    -0.1232
 Node:        111
  0.1108E+03  0.1137E+03  0.5210E+03 -0.3522E-04
   0.0
   5.551E-17
  -1.11E-16
  -2.776E-17
   3.261E-16
  -2.22E-16
   1.68E-16
   2.779E-18
   -5.038E-16
   6.063148942925615E-16
   -1.1100700000000001E-16
   2.8581958219244996E-16
   0.1486    0.7638    0.6281
   0.9825    -0.0417    -0.1818
   0.1126    -0.6441    0.7566
 Node:        112
