 Group name: gastroc_Strain
 #Fields=  16
 1) coordinates, coordinate, rectangular cartesian, #Components=3
   x.  Value index= 1, #Derivatives=0
   y.  Value index= 2, #Derivatives=0
   z.  Value index= 3, #Derivatives=0
 2) Tensor_1, field, rectangular cartesian, #Components=1
   Tensor_1.  Value index= 4, #Derivatives=0
 3) Tensor_2, field, rectangular cartesian, #Components=1
   Tensor_2.  Value index= 5, #Derivatives=0
 4) Tensor_3, field, rectangular cartesian, #Components=1
   Tensor_3.  Value index= 6, #Derivatives=0
 5) Tensor_4, field, rectangular cartesian, #Components=1
   Tensor_4.  Value index= 7, #Derivatives=0
 6) Tensor_5, field, rectangular cartesian, #Components=1
   Tensor_5.  Value index= 8, #Derivatives=0
 7) Tensor_6, field, rectangular cartesian, #Components=1
   Tensor_6.  Value index= 9, #Derivatives=0
 8) Principal_1, field, rectangular cartesian, #Components=1
   Principal_1.  Value index= 10, #Derivatives=0
 9) Principal_2, field, rectangular cartesian, #Components=1
   Principal_2.  Value index= 11, #Derivatives=0
 10) Principal_3, field, rectangular cartesian, #Components=1
   Principal_3.  Value index= 12, #Derivatives=0
 11) VonMises, field, rectangular cartesian, #Components=1
   VonMises.  Value index= 13, #Derivatives=0
 12) Hydrostatic, field, rectangular cartesian, #Components=1
   VonMises.  Value index= 14, #Derivatives=0
 13) Octahedral, field, rectangular cartesian, #Components=1
   VonMises.  Value index= 15, #Derivatives=0
 14) PrincipalVector1, field, rectangular cartesian, #Components=3
   x.  Value index= 16, #Derivatives=0
   y.  Value index= 17, #Derivatives=0
   z.  Value index= 18, #Derivatives=0
 15) PrincipalVector2, field, rectangular cartesian, #Components=3
   x.  Value index= 19, #Derivatives=0
   y.  Value index= 20, #Derivatives=0
   z.  Value index= 21, #Derivatives=0
 16) PrincipalVector3, field, rectangular cartesian, #Components=3
   x.  Value index= 22, #Derivatives=0
   y.  Value index= 23, #Derivatives=0
   z.  Value index= 24, #Derivatives=0
 Node:          1
  0.1287E+03  0.1133E+03  0.4908E+03 -0.2244E-04
  -1.11E-16
  -8.327E-17
  -2.22E-16
  -2.776E-17
  -4.163E-17
  -3.331E-16
   -6.637E-17
   -2.4E-16
   -3.598E-16
   2.5553921597281306E-16
   -2.2205666666666663E-16
   1.204623416489799E-16
   0.8837    -0.4676    -0.01897
   0.4046    0.7837    -0.4712
   0.2352    0.4088    0.8818
 Node:          2
  0.1292E+03  0.1137E+03  0.5052E+03 -0.2244E-04
  -5.551E-17
  -1.11E-16
  -1.665E-16
  -5.551E-17
   1.943E-16
  -2.776E-16
   8.603E-17
   -1.6E-16
   -4.256E-16
   4.4319260925696854E-16
   -1.6652333333333334E-16
   2.089229995849082E-16
   -0.6554    0.6199    0.4313
   0.7522    0.4849    0.4462
   -0.06744    -0.6169    0.7841
 Node:          3
  0.1289E+03  0.1155E+03  0.5194E+03 -0.2244E-04
   2.22E-16
   1.388E-16
   3.331E-16
   1.11E-16
   5.551E-17
   2.22E-16
   4.753E-16
   2.118E-16
   9.006E-17
   3.4107384479024473E-16
   2.590533333333333E-16
   1.6078375235770005E-16
   -0.5696    -0.7144    -0.4063
   0.2395    -0.6172    0.7494
   -0.7862    0.3296    0.5227
 Node:          4
  0.1361E+03  0.1141E+03  0.4915E+03 -0.2244E-04
   0.0
  -2.776E-17
  -1.11E-16
  -2.776E-17
  -8.327E-17
   2.22E-16
   2.435E-16
   6.328E-18
   -1.388E-16
   3.3426485304919515E-16
   3.700933333333334E-17
   1.5757396286894045E-16
   -0.08549    -0.2215    0.9714
   0.9681    -0.2491    0.0284
   0.2357    0.9428    0.2357
 Node:          5
  0.1341E+03  0.1144E+03  0.5054E+03 -0.2244E-04
   3.331E-16
   1.388E-16
   3.331E-16
   5.551E-17
  -6.939E-17
   4.441E-16
   4.814E-16
   4.627E-16
   1.662E-16
   3.062784517395894E-16
   3.7010000000000004E-16
   1.4438104677092028E-16
   -0.348    -0.6443    0.681
   -0.6589    -0.3487    -0.6665
   0.6669    -0.6807    -0.3032
 Node:          6
  0.1323E+03  0.1162E+03  0.5191E+03 -0.2244E-04
   2.22E-16
   5.551E-17
   2.22E-16
  -5.551E-17
  -2.776E-17
   0.0
   2.897E-16
   1.685E-16
   -1.402E-17
   2.648101478418076E-16
   1.4806E-16
   1.2483270084396958E-16
   -0.715    -0.6696    0.2012
   0.6656    -0.7399    -0.09741
   -0.2141    -0.06426    -0.9747
 Node:          7
  0.1408E+03  0.1171E+03  0.4920E+03 -0.2244E-04
   3.331E-16
   2.22E-16
   2.22E-16
  -8.327E-17
  -1.11E-16
   0.0
   5.398E-16
   6.158E-17
   -4.631E-17
   5.403052621435404E-16
   1.8502333333333335E-16
   2.5470234318164845E-16
   -0.7537    -0.6111    0.2419
   -0.656    0.677    -0.3335
   -0.04004    0.4101    0.9112
 Node:          8
  0.1367E+03  0.1169E+03  0.5055E+03 -0.2244E-04
   2.22E-16
   1.943E-16
   2.22E-16
  -4.025E-16
  -2.359E-16
  -2.22E-16
   6.547E-16
   4.477E-17
   -4.775E-16
   9.814930967154074E-16
   7.399000000000001E-17
   4.626802829168323E-16
   -0.6847    -0.5611    0.4652
   0.5685    -0.8105    -0.1409
   -0.4561    -0.1681    -0.8739
 Node:          9
  0.1339E+03  0.1180E+03  0.5191E+03 -0.2244E-04
   2.22E-16
   1.665E-16
   0.0
  -3.955E-16
  -2.776E-16
   6.661E-16
   1.002E-15
   -9.379E-18
   -1.046E-16
   1.062195387036208E-15
   2.96007E-16
   5.007237074122481E-16
   -0.4817    -0.3073    0.8207
   -0.8565    -0.03292    -0.515
   -0.1853    0.951    0.2474
 Node:         10
  0.1294E+03  0.1212E+03  0.4911E+03 -0.2244E-04
   0.0
   2.776E-17
   1.11E-16
  -1.388E-17
   1.249E-16
   1.11E-16
   2.363E-16
   2.303E-17
   -3.732E-17
   2.48992088026909E-16
   7.400333333333333E-17
   1.173759959370834E-16
   0.0421    0.71    0.703
   -0.7813    -0.4152    0.4661
   -0.6228    0.5688    -0.5372
 Node:         11
  0.1295E+03  0.1214E+03  0.5055E+03 -0.2244E-04
  -2.22E-16
  -2.776E-17
  -2.22E-16
  -4.163E-17
   1.388E-17
  -1.665E-16
   -1.365E-16
   -2.183E-16
   -2.558E-16
   1.0566451627675205E-16
   -2.035333333333333E-16
   4.9810730660058464E-17
   -0.4935    0.2929    0.8189
   0.3541    -0.7924    0.4968
   -0.7944    -0.5351    -0.2873
 Node:         12
  0.1295E+03  0.1217E+03  0.5196E+03 -0.2244E-04
   1.11E-16
   0.0
   1.11E-16
   7.633E-17
   2.776E-17
   2.22E-16
   2.649E-16
   1.11E-16
   6.816E-17
   1.792025435087348E-16
   1.4801999999999999E-16
   8.447688914726913E-17
   -0.4387    -0.1595    -0.8844
   0.3417    -0.9398    -2.255E-17
   0.8311    0.3022    -0.4668
 Node:         13
  0.1361E+03  0.1199E+03  0.4914E+03 -0.2244E-04
   1.11E-16
  -1.388E-16
   0.0
  -9.714E-17
   2.776E-17
  -1.665E-16
   2.285E-16
   -8.52E-17
   -1.988E-16
   3.833392361864358E-16
   -1.849999999999999E-17
   1.807078489348669E-16
   0.8171    -0.5252    -0.2378
   0.4648    0.8442    -0.2671
   0.341    0.1077    0.9339
 Node:         14
  0.1342E+03  0.1198E+03  0.5054E+03 -0.2244E-04
  -5.551E-17
   2.776E-17
   0.0
   5.551E-17
  -9.021E-17
   1.11E-16
   1.672E-16
   -4.94E-18
   -1.068E-16
   2.398787602102362E-16
   1.8486666666666665E-17
   1.130799320048532E-16
   0.1634    -0.4472    0.8794
   -0.6569    -0.7144    -0.2412
   -0.7361    0.5382    0.4105
 Node:         15
  0.1330E+03  0.1205E+03  0.5193E+03 -0.2244E-04
   2.22E-16
  -8.327E-17
  -5.551E-17
   1.388E-17
   4.857E-17
   0.0
   2.451E-16
   2.471E-17
   -1.033E-16
   3.0523832672192397E-16
   5.550333333333333E-17
   1.438907271354049E-16
   -0.9638    0.2667    -0.001723
   0.1157    0.4239    0.8983
   0.2403    0.8656    -0.4394
 Node:         16
  0.1404E+03  0.1188E+03  0.4918E+03 -0.2244E-04
   2.22E-16
   5.551E-17
   2.22E-16
  -8.327E-17
  -1.457E-16
   4.441E-16
   5.466E-16
   1.95E-16
   1.465E-16
   3.7818964819254375E-16
   2.9603333333333337E-16
   1.7828030987433498E-16
   -0.2927    -0.4328    0.8526
   -0.9222    -0.1077    -0.3713
   -0.2526    0.895    0.3676
 Node:         17
  0.1365E+03  0.1184E+03  0.5055E+03 -0.2244E-04
  -1.11E-16
   2.776E-17
  -1.11E-16
   9.714E-17
   1.7E-16
   0.0
   1.573E-16
   -1.341E-16
   -2.452E-16
   3.600440389730123E-16
   -7.400000000000001E-17
   1.697263876557404E-16
   0.3368    0.5285    0.7792
   0.8927    -0.4425    -0.08566
   -0.2996    -0.7244    0.6209
 Node:         18
  0.1341E+03  0.1191E+03  0.5192E+03 -0.2244E-04
   0.0
   0.0
   0.0
   2.645E-17
   1.065E-16
   4.441E-16
   4.697E-16
   -1.672E-33
   -2.562E-17
   4.830198633596759E-16
   1.4802666666666666E-16
   2.2769774721961763E-16
   -0.05484    -0.2207    -0.9738
   0.9705    -0.2411    -6.21E-17
   -0.2348    -0.9451    0.2274
 Node:         19
  0.1301E+03  0.1291E+03  0.4914E+03  0.0000E+00
   1.11E-16
   0.0
   1.11E-16
   2.101E-19
   1.001E-17
  -2.22E-16
   1.113E-16
   1.11E-16
   -2.223E-16
   3.3345010121455954E-16
   0.0
   1.5718988517077046E-16
   -0.02096    -0.9993    -0.03003
   0.9998    -0.02097    1.345E-19
   6.298E-4    0.03003    -0.9995
 Node:         20
  0.1299E+03  0.1291E+03  0.5058E+03  0.0000E+00
   2.22E-16
   0.0
   0.0
   1.041E-17
   1.924E-17
  -5.551E-17
   2.224E-16
   5.975E-18
   -6.188E-17
   2.5715676157744715E-16
   5.549833333333335E-17
   1.2122485995959007E-16
   -0.9993    -0.003257    -0.03765
   0.01428    -0.9549    -0.2965
   -0.03498    -0.2968    0.9543
 Node:         21
  0.1301E+03  0.1280E+03  0.5197E+03  0.0000E+00
   1.11E-16
   0.0
   0.0
   4.163E-17
   1.475E-17
   1.11E-16
   1.534E-16
   7.089E-17
   -2.22E-18
   1.3485280234388901E-16
   7.402333333333333E-17
   6.357022066624871E-17
   -0.6994    -0.0684    -0.7114
   -0.7126    0.1429    0.6869
   -0.05465    -0.9874    0.1487
 Node:         22
  0.1360E+03  0.1256E+03  0.4913E+03  0.0000E+00
  -2.22E-16
   1.388E-17
  -1.11E-16
  -1.388E-17
   1.006E-16
   1.11E-16
   1.5E-16
   -1.456E-16
   -2.264E-16
   3.432090907886911E-16
   -7.4E-17
   1.617903169743686E-16
   -0.02144    0.3586    0.9332
   0.228    0.9106    -0.3447
   -0.9734    0.2054    -0.1013
 Node:         23
  0.1343E+03  0.1253E+03  0.5054E+03  0.0000E+00
   0.0
   2.082E-17
  -4.441E-16
   0.0
   1.314E-16
  -1.665E-16
   1.265E-18
   -1.147E-16
   -4.972E-16
   4.517861703560657E-16
   -2.0354499999999996E-16
   2.1297404313671653E-16
   0.997    0.06061    0.04746
   0.06644    -0.3661    -0.9282
   0.03888    -0.9286    0.369
 Node:         24
  0.1336E+03  0.1248E+03  0.5194E+03  0.0000E+00
  -2.22E-16
   1.214E-17
   0.0
   1.388E-17
   8.674E-19
  -1.665E-16
   6.779E-19
   -1.633E-16
   -2.259E-16
   2.026635838733984E-16
   -1.2950736666666666E-16
   9.553652963763242E-17
   -0.05504    -0.9984    -0.009747
   0.2257    -0.02195    0.974
   -0.9726    0.05141    0.2265
 Node:         25
  0.1400E+03  0.1206E+03  0.4917E+03  0.0000E+00
   0.0
   2.671E-16
  -1.11E-16
  -8.327E-17
  -1.301E-16
   2.22E-16
   3.681E-16
   7.58E-17
   -3.329E-16
   6.098671904603493E-16
   3.699999999999999E-17
   2.8749415066513385E-16
   0.5089    0.4781    -0.7159
   0.6086    0.3883    0.692
   0.6088    -0.7878    -0.09334
 Node:         26
  0.1363E+03  0.1200E+03  0.5055E+03  0.0000E+00
   2.22E-16
   1.076E-16
  -6.106E-16
   2.776E-17
  -1.124E-15
  -5.551E-17
   8.281E-16
   2.248E-16
   -1.497E-15
   2.089815319591662E-15
   -1.4803333333333336E-16
   9.851483892738641E-16
   0.07371    0.6174    -0.7832
   0.9955    0.001018    0.09449
   -0.05914    0.7866    0.6146
 Node:         27
  0.1343E+03  0.1203E+03  0.5192E+03  0.0000E+00
   2.22E-16
  -1.943E-16
   2.22E-16
  -1.041E-16
   1.313E-15
   0.0
   1.466E-15
   1.875E-16
   -1.209E-15
   2.3173691440942246E-15
   1.4816666666666667E-16
   1.0924182908676612E-15
   -0.1693    0.728    0.6643
   0.9848    0.09849    0.1431
   0.03876    0.6785    -0.7336
 Node:         28
  0.1155E+03  0.1124E+03  0.4931E+03 -0.1326E-03
  -2.22E-16
   3.816E-17
   2.22E-16
  -5.551E-17
   5.551E-17
   1.11E-16
   2.455E-16
   1.014E-16
   -2.359E-16
   4.279497984577163E-16
   3.699999999999999E-17
   2.0173746966457835E-16
   0.03184    0.9284    0.3701
   0.1988    0.3571    -0.9127
   0.9795    -0.1026    0.1732
 Node:         29
  0.1119E+03  0.1139E+03  0.5068E+03 -0.1326E-03
  -2.22E-16
  -2.082E-17
   0.0
   5.551E-17
   6.939E-18
  -3.331E-16
   1.944E-18
   -2.004E-16
   -3.566E-16
   3.113642033631998E-16
   -1.8501866666666668E-16
   1.4677849307791052E-16
   -0.09118    0.9958    0.005517
   -0.9179    -0.08189    -0.3884
   -0.3863    -0.04048    0.9215
 Node:         30
  0.1113E+03  0.1159E+03  0.5206E+03 -0.1326E-03
   2.22E-16
   1.249E-16
   2.22E-16
   0.0
  -2.776E-17
   1.11E-16
   3.486E-16
   1.238E-16
   8.277E-17
   2.4787505905193444E-16
   1.8505666666666664E-16
   1.1684942342842583E-16
   -0.7001    -0.7092    0.08287
   -0.4685    0.3686    -0.8029
   -0.5389    0.6009    0.5903
 Node:         31
  0.1203E+03  0.1126E+03  0.4920E+03 -0.1326E-03
  -5.551E-17
   9.714E-17
  -1.11E-16
   2.776E-17
   4.163E-17
  -5.551E-17
   4.114E-17
   -7.661E-17
   -1.866E-16
   1.9726678661143135E-16
   -7.402333333333333E-17
   9.29924550105485E-17
   -0.6956    -0.5654    -0.4433
   0.4358    0.1585    -0.886
   0.5712    -0.8095    0.1362
 Node:         32
  0.1188E+03  0.1134E+03  0.5062E+03 -0.1326E-03
   2.22E-16
  -1.388E-17
  -1.11E-16
  -2.776E-17
   9.714E-17
  -5.551E-17
   2.266E-16
   1.331E-17
   -1.844E-16
   3.5602167644681415E-16
   1.8503333333333345E-17
   1.6783022777663014E-16
   -0.9894    0.07624    0.1236
   0.1445    0.5992    0.7875
   0.01402    -0.797    0.6038
 Node:         33
  0.1183E+03  0.1150E+03  0.5201E+03 -0.1326E-03
   1.11E-16
   5.551E-17
   0.0
   8.327E-17
   0.0
   0.0
   1.7E-16
   0.0
   -5.893E-17
   2.0589037107159722E-16
   3.702333333333333E-17
   9.705765171049398E-17
   -0.8617    -0.2815    -0.4222
   0.0    -0.8321    0.5547
   -0.5074    0.478    0.717
 Node:         34
  0.1255E+03  0.1129E+03  0.4909E+03 -0.1326E-03
   0.0
   0.0
   0.0
   5.551E-17
   9.714E-17
   0.0
   1.119E-16
   3.387E-33
   -1.119E-16
   1.9381648536695736E-16
   0.0
   9.136596740581255E-17
   -0.3508    -0.6139    -0.7071
   0.8682    -0.4961    -4.855E-17
   -0.3508    -0.6139    0.7071
 Node:         35
  0.1260E+03  0.1135E+03  0.5054E+03 -0.1326E-03
   0.0
   1.11E-16
  -1.11E-16
   1.11E-16
   2.498E-16
  -1.11E-16
   2.41E-16
   -1.023E-16
   -3.608E-16
   5.228959647960578E-16
   -7.403333333333333E-17
   2.4649552170824977E-16
   0.5458    0.5925    0.5925
   0.8379    -0.3859    -0.3859
   -4.975E-17    -0.7071    0.7071
 Node:         36
  0.1257E+03  0.1153E+03  0.5196E+03 -0.1326E-03
   0.0
  -5.551E-17
   0.0
  -5.551E-17
   8.327E-17
   0.0
   1.305E-16
   -4.723E-17
   -8.327E-17
   1.982226619234037E-16
   0.0
   9.344305895392481E-17
   -0.5155    0.6059    0.6059
   0.8569    0.3645    0.3645
   -1.256E-16    0.7071    -0.7071
 Node:         37
  0.1132E+03  0.1210E+03  0.4959E+03 -0.1326E-03
  -2.22E-16
   1.388E-16
  -2.22E-16
  -8.327E-17
   1.804E-16
  -2.776E-16
   -4.482E-17
   -1.622E-16
   -5.146E-16
   4.2347200190803645E-16
   -2.4054E-16
   1.9962661612787678E-16
   0.3971    0.7887    0.4693
   -0.7874    0.0301    0.6157
   0.4715    -0.614    0.633
 Node:         38
  0.1111E+03  0.1204E+03  0.5085E+03 -0.1326E-03
  -1.665E-16
   9.714E-17
   0.0
  -2.776E-17
  -8.327E-17
  -2.22E-16
   7.071E-17
   -2.091E-16
   -2.502E-16
   3.0246162913665597E-16
   -1.2953E-16
   1.4258177934084005E-16
   -0.3916    -0.8746    0.2859
   0.9154    -0.3389    0.217
   0.09287    -0.3467    -0.9334
 Node:         39
  0.1119E+03  0.1201E+03  0.5207E+03 -0.1326E-03
  -5.551E-17
  -9.714E-17
  -3.331E-16
  -8.327E-17
  -7.633E-17
  -1.11E-16
   8.934E-18
   -1.105E-16
   -3.981E-16
   3.6239130612640252E-16
   -1.6655533333333335E-16
   1.7083290000335286E-16
   0.851    -0.1281    -0.5092
   0.4076    -0.4503    0.7944
   -0.3311    -0.8836    -0.331
 Node:         40
  0.1191E+03  0.1220E+03  0.4937E+03 -0.1326E-03
   0.0
   8.327E-17
  -2.22E-16
   8.327E-17
  -1.388E-17
  -2.22E-16
   4.872E-17
   -2.082E-16
   -2.846E-16
   3.0244591979393603E-16
   -1.4802666666666666E-16
   1.4257437388566321E-16
   -0.924    -0.2703    -0.2703
   0.0    -0.7071    0.7071
   0.3823    -0.6534    -0.6534
 Node:         41
  0.1182E+03  0.1217E+03  0.5073E+03 -0.1326E-03
   0.0
  -2.776E-17
  -5.551E-17
   5.551E-17
   9.714E-17
   1.11E-16
   1.653E-16
   1.073E-17
   -1.206E-16
   2.478691830381502E-16
   1.8476666666666666E-17
   1.168466534489637E-16
   0.2406    0.3653    0.8993
   -0.8901    0.4526    0.05428
   -0.3871    -0.8135    0.434
 Node:         42
  0.1187E+03  0.1212E+03  0.5204E+03 -0.1326E-03
   0.0
  -5.551E-17
  -1.11E-16
   0.0
   5.551E-17
   1.11E-16
   1.256E-16
   1.887E-17
   -1.444E-16
   2.3552960089975954E-16
   2.3333333333339628E-20
   1.1102971864425409E-16
   0.1113    -0.2517    -0.9614
   0.9295    -0.3159    0.1903
   -0.3516    -0.9148    0.1988
 Node:         43
  0.1258E+03  0.1217E+03  0.4915E+03 -0.1326E-03
   2.22E-16
   1.11E-16
   1.11E-16
  -1.388E-17
   0.0
  -5.551E-17
   2.911E-16
   4.294E-17
   -5.645E-17
   3.1004254562882173E-16
   9.253E-17
   1.4615545764698628E-16
   -0.8507    -0.5246    0.03406
   -0.5213    0.8502    0.07348
   0.06751    -0.04475    0.9967
 Node:         44
  0.1259E+03  0.1220E+03  0.5059E+03 -0.1326E-03
  -2.22E-16
   1.388E-16
  -2.22E-16
   9.714E-17
   1.11E-16
  -1.11E-16
   5.081E-17
   -2.445E-16
   -3.614E-16
   3.679610646522265E-16
   -1.8503E-16
   1.7345850935214064E-16
   -0.5113    -0.534    -0.6733
   -0.5198    -0.4318    0.7372
   -0.6844    0.7269    -0.05679
 Node:         45
  0.1261E+03  0.1221E+03  0.5198E+03 -0.1326E-03
  -5.551E-17
  -8.327E-17
  -2.776E-16
   2.776E-17
  -6.939E-18
   1.11E-16
   1.167E-16
   -3.339E-17
   -3.053E-16
   3.7050374910383835E-16
   -7.399666666666666E-17
   1.7465714229757554E-16
   0.1854    -0.05643    0.981
   0.9302    -0.3117    -0.1938
   -0.3167    -0.9485    0.005308
 Node:         46
  0.1117E+03  0.1296E+03  0.4959E+03  0.0000E+00
  -5.551E-17
   2.776E-17
  -1.665E-16
   6.939E-18
  -2.602E-17
   0.0
   4.101E-18
   -4.897E-17
   -1.772E-16
   1.6144583695778595E-16
   -7.402300000000001E-17
   7.610629740479211E-17
   0.04856    -0.1429    0.9886
   0.9724    0.2327    -0.01414
   -0.228    0.962    0.1502
 Node:         47
  0.1107E+03  0.1269E+03  0.5087E+03  0.0000E+00
  -1.665E-16
  -3.123E-17
   1.11E-16
  -2.776E-17
   3.99E-17
   0.0
   1.289E-16
   -1.114E-17
   -1.732E-16
   2.6185783853075704E-16
   -1.8479999999999997E-17
   1.2344096888796688E-16
   -0.1292    0.939    0.3186
   -0.1008    -0.3321    0.9379
   -0.9865    -0.08906    -0.1376
 Node:         48
  0.1125E+03  0.1242E+03  0.5208E+03  0.0000E+00
   1.11E-16
   3.469E-18
   1.11E-16
   0.0
  -1.735E-18
   1.11E-16
   1.149E-16
   1.11E-16
   1.071E-16
   6.75499814951862E-18
   1.1099999999999999E-16
   3.1843366656181307E-18
   -0.6325    -0.7071    0.3162
   0.4472    -4.455E-15    0.8944
   -0.6325    0.7071    0.3162
 Node:         49
  0.1186E+03  0.1311E+03  0.4938E+03  0.0000E+00
  -1.665E-16
  -2.082E-17
   0.0
  -4.163E-17
  -6.072E-18
  -5.551E-17
   2.581E-18
   -4.165E-17
   -1.83E-16
   1.6789358448433935E-16
   -7.402300000000001E-17
   7.914579473772858E-17
   0.1174    -0.9929    0.01965
   -0.3135    -0.01827    0.9494
   -0.9423    -0.1176    -0.3134
 Node:         50
  0.1180E+03  0.1298E+03  0.5075E+03  0.0000E+00
   0.0
  -1.301E-17
   3.331E-16
  -4.163E-17
   1.247E-17
   2.22E-16
   3.354E-16
   2.276E-16
   -7.879E-18
   3.040655120874448E-16
   1.8504033333333332E-16
   1.4333785701466156E-16
   0.05441    -0.9902    -0.1289
   -0.1707    -0.1364    0.9758
   0.9838    0.03109    0.1765
 Node:         51
  0.1192E+03  0.1275E+03  0.5206E+03  0.0000E+00
   0.0
  -3.469E-18
  -5.551E-17
   0.0
   1.475E-17
   1.11E-16
   1.123E-16
   2.087E-19
   -5.702E-17
   1.491791641607165E-16
   1.849623333333333E-17
   7.03237323931892E-17
   -0.002705    0.08758    0.9962
   0.9982    -0.06004    0.007989
   -0.06051    -0.9943    0.08725
 Node:         52
  0.1262E+03  0.1305E+03  0.4920E+03  0.0000E+00
   1.11E-16
  -1.388E-17
   1.11E-16
   1.301E-18
   4.906E-18
   0.0
   1.25E-16
   9.734E-17
   -2.497E-19
   1.1396559238686912E-16
   7.403009999999999E-17
   5.372389546579809E-17
   -0.7047    0.7092    0.02051
   0.7093    0.7034    0.04493
   -0.01744    -0.04621    0.9988
 Node:         53
  0.1258E+03  0.1304E+03  0.5063E+03  0.0000E+00
  -1.665E-16
  -1.735E-18
  -1.11E-16
   2.776E-17
   3.383E-17
  -2.22E-16
   -1.01E-16
   -1.572E-16
   -2.414E-16
   1.2239330047024632E-16
   -1.6653333333333332E-16
   5.769675515620921E-17
   0.09684    0.9526    0.2883
   -0.9346    0.1866    -0.3027
   -0.3422    -0.2402    0.9084
 Node:         54
  0.1265E+03  0.1288E+03  0.5200E+03  0.0000E+00
  -2.22E-16
   2.082E-17
   1.11E-16
   0.0
  -4.337E-18
   1.11E-16
   1.16E-16
   1.073E-16
   -2.233E-16
   3.350347295430729E-16
   0.0
   1.5793688612860518E-16
   -0.04656    -0.7562    0.6527
   -0.04117    -0.6514    -0.7576
   -0.9981    0.06215    8.061E-4
 Node:         55
  0.1382E+03  0.1167E+03  0.4531E+03  0.2360E-02
  -0.003944
  -0.003322
   0.006424
  -4.499E-4
   0.004947
  -0.003748
   0.009235
   -0.004297
   -0.006207
   0.014581126293945883
   -4.2299999999999977E-4
   0.0068736088531910705
   -0.24    0.9044    0.3529
   0.848    0.01836    0.5296
   0.4725    0.4264    -0.7713
 Node:         56
  0.1314E+03  0.1156E+03  0.4685E+03  0.2360E-02
  -0.002521
  -0.002348
   0.004077
  -2.712E-4
   0.001791
  -0.003116
   0.005212
   -0.003083
   -0.003688
   0.008613450237854746
   -5.196666666666666E-4
   0.004060419381733315
   -0.2908    0.9334    0.2102
   0.8278    0.1352    0.5444
   0.4797    0.3323    -0.812
 Node:         57
  0.1285E+03  0.1140E+03  0.4823E+03  0.2360E-02
  -1.827E-4
  -2.602E-4
   5.583E-4
  -2.976E-5
   3.849E-5
  -2.508E-4
   6.429E-4
   -2.413E-4
   -2.768E-4
   9.024738167947034E-4
   4.159999999999998E-5
   4.2543023713256047E-4
   0.3019    -0.952    -0.05105
   -0.5382    -0.2144    0.8151
   0.7869    0.2186    0.5771
 Node:         58
  0.1480E+03  0.1174E+03  0.4537E+03  0.2360E-02
  -0.004437
  -0.005246
   0.01174
  -9.138E-4
   0.003605
  -0.01288
   0.01381
   -0.005987
   -0.0134
   0.024364501616080718
   -0.0018590000000000002
   0.011485536208640847
   -0.2801    0.95    0.1379
   0.9598    0.2801    0.01929
   -0.02031    0.1378    -0.9903
 Node:         59
  0.1416E+03  0.1164E+03  0.4695E+03  0.2360E-02
   1.787E-4
  -0.006265
   0.009255
  -0.003428
   0.004014
  -0.004691
   0.01388
   -0.002623
   -0.006513
   0.018753073854704462
   0.0015813333333333332
   0.008840283793835781
   0.4553    -0.8492    -0.2676
   0.7961    0.5228    -0.3048
   0.3987    -0.07428    0.914
 Node:         60
  0.1375E+03  0.1150E+03  0.4832E+03  0.2360E-02
   0.001453
  -0.002263
   0.002416
  -0.001437
   0.001192
   3.583E-4
   0.004979
   -3.42E-5
   -7.163E-4
   0.0053867372657296
   0.0014095
   0.002539332299378454
   -0.6041    0.7058    0.3701
   -0.3667    -0.6585    0.6572
   0.7075    0.2613    0.6566
 Node:         61
  0.1550E+03  0.1214E+03  0.4543E+03  0.2360E-02
   0.002799
  -0.004725
   0.002352
  -9.38E-4
   4.147E-4
  -0.01341
   0.00735
   -0.002144
   -0.01347
   0.018053901406621227
   -0.002754666666666667
   0.008510690740996812
   0.724    -0.6882    -0.04645
   0.6876    0.7254    -0.03054
   0.05471    -0.009831    0.9985
 Node:         62
  0.1490E+03  0.1199E+03  0.4703E+03  0.2360E-02
   0.008357
  -0.01062
   0.007118
  -0.0046
   0.003661
  -0.003208
   0.01986
   -0.002779
   -0.004816
   0.02372318134230736
   0.004088333333333333
   0.011183214932309143
   -0.7087    0.6612    0.2463
   0.6187    0.7501    -0.2334
   0.3391    0.01307    0.9407
 Node:         63
  0.1436E+03  0.1181E+03  0.4839E+03  0.2360E-02
   0.002947
  -0.004408
   0.004766
  -0.001353
   0.0021
   3.352E-4
   0.009064
   -2.08E-4
   -8.082E-4
   0.009586202503598595
   0.0026826
   0.004518979197414685
   -0.6014    0.7506    0.2738
   -0.5543    -0.1451    -0.8196
   -0.5754    -0.6447    0.5033
 Node:         64
  0.1412E+03  0.1253E+03  0.4529E+03  0.2360E-02
  -0.009258
  -0.001671
   0.01089
  -0.001421
   0.001146
  -0.005752
   0.01112
   -0.005409
   -0.009832
   0.019127951719930703
   -0.001373666666666667
   0.009017002914247924
   0.08667    -0.9934    -0.07477
   -0.307    -0.09803    0.9467
   -0.9478    -0.05909    -0.3135
 Node:         65
  0.1340E+03  0.1229E+03  0.4685E+03  0.2360E-02
  -0.002255
  -0.00422
   0.008329
  -0.001672
   8.309E-4
  -0.003671
   0.009938
   -0.00247
   -0.005066
   0.013889162969740115
   8.006666666666669E-4
   0.006547414213938881
   0.3375    -0.9361    -0.09863
   -0.6513    -0.3079    0.6936
   0.6797    0.1699    0.7136
 Node:         66
  0.1299E+03  0.1214E+03  0.4825E+03  0.2360E-02
   0.001094
  -0.001453
   0.001972
  -3.62E-4
   2.967E-4
  -2.53E-4
   0.003112
   4.98E-5
   -3.492E-4
   0.003279952383800716
   9.375333333333334E-4
   0.0015461843817029788
   -0.5946    0.7928    0.1339
   0.7406    0.6049    -0.2926
   0.313    0.07487    0.9468
 Node:         67
  0.1497E+03  0.1241E+03  0.4536E+03  0.2360E-02
  -0.007148
  -0.004009
   0.009717
  -0.001223
   0.00116
  -0.01184
   0.01071
   -0.007838
   -0.01214
   0.021031619148320465
   -0.003089333333333333
   0.009914400346073495
   -0.2227    0.9729    0.06214
   0.9471    0.231    -0.2226
   0.2309    -0.009289    0.9729
 Node:         68
  0.1431E+03  0.1222E+03  0.4694E+03  0.2360E-02
   0.002601
  -0.007843
   0.009383
  -0.004227
   0.002268
  -0.006336
   0.01537
   -0.001648
   -0.008071
   0.02098032094606753
   0.0018836666666666665
   0.00989021814162301
   0.5593    -0.8062    -0.1932
   -0.7213    -0.5881    0.366
   -0.4086    -0.06535    -0.9104
 Node:         69
  0.1379E+03  0.1205E+03  0.4831E+03  0.2360E-02
   0.002829
  -0.002943
   0.002873
  -0.001612
   0.001153
  -4.185E-5
   0.006389
   5.366E-5
   -7.821E-4
   0.006791896013014334
   0.0018868533333333331
   0.0032017304852775407
   -0.6844    0.6684    0.2914
   0.5494    0.7355    -0.3966
   0.4794    0.1114    0.8705
 Node:         70
  0.1553E+03  0.1235E+03  0.4542E+03  0.2360E-02
  -0.003922
  -0.005061
   0.002926
  -0.004047
   0.002969
  -0.01112
   0.006777
   -0.005925
   -0.01297
   0.017333736440825448
   -0.004039333333333333
   0.008171201720405363
   -0.4896    0.8356    0.2493
   -0.7826    -0.5471    0.2969
   -0.3845    0.04975    -0.9218
 Node:         71
  0.1492E+03  0.1218E+03  0.4702E+03  0.2360E-02
   0.007892
  -0.008538
   0.006296
  -0.008959
   0.004828
  -0.003705
   0.01986
   -7.94E-4
   -0.008581
   0.025456979062724625
   0.003495
   0.012000535015851028
   -0.7102    0.586    0.3901
   0.5228    0.8102    -0.2652
   0.4715    -0.0156    0.8817
 Node:         72
  0.1435E+03  0.1199E+03  0.4838E+03  0.2360E-02
   0.004977
  -0.003674
   0.00242
  -0.003208
   0.001744
   6.593E-4
   0.009142
   -1.18E-5
   -0.001074
   0.009728488558866686
   0.0026854000000000005
   0.004586053487113584
   -0.7598    0.5174    0.3938
   0.3809    0.845    -0.3754
   -0.5269    -0.1352    -0.8391
 Node:         73
  0.1442E+03  0.1339E+03  0.4528E+03  0.0000E+00
   0.00698
  -8.534E-4
  -0.008472
  -6.109E-4
   3.565E-4
   0.004247
   0.007163
   0.004119
   -0.008527
   0.014411164977197367
   9.183333333333335E-4
   0.006793488320116225
   0.9757    -0.05807    -0.2115
   0.2126    0.01325    0.9771
   0.05394    0.9982    -0.02528
 Node:         74
  0.1365E+03  0.1303E+03  0.4685E+03  0.0000E+00
   0.01326
   0.002284
  -0.00282
   9.055E-4
   5.018E-4
   0.004737
   0.01368
   0.00465
   -0.003156
   0.014593242134632044
   0.005058
   0.006879320315263711
   -0.9844    -0.1395    -0.1075
   -0.113    0.03216    0.9931
   -0.1351    0.9897    -0.04742
 Node:         75
  0.1313E+03  0.1288E+03  0.4826E+03  0.0000E+00
   0.005574
   9.365E-4
  -4.598E-5
   4.599E-5
   2.329E-5
   4.755E-4
   0.005726
   4.754E-4
   -1.983E-4
   0.005617828875108248
   0.0020010333333333333
   0.002648269928756424
   -0.987    -0.1602    -0.009356
   -0.01295    0.02139    0.9997
   -0.1599    0.9869    -0.02319
 Node:         76
  0.1515E+03  0.1308E+03  0.4535E+03  0.0000E+00
   0.005839
  -0.00171
  -0.01014
  -0.001274
   0.001391
   0.004805
   0.006978
   0.00395
   -0.01043
   0.016108874076110967
   1.6600000000000005E-4
   0.0075937960643321645
   0.8181    -0.1273    -0.5609
   -0.5668    -0.01253    -0.8238
   -0.09783    -0.9918    0.08239
 Node:         77
  0.1445E+03  0.1280E+03  0.4693E+03  0.0000E+00
   0.01685
   0.002937
  -0.003692
   5.924E-4
   0.001577
   0.003497
   0.01731
   0.003729
   -0.004382
   0.018983871391262636
   0.005552333333333333
   0.00894908279595674
   -0.988    -0.1426    -0.05865
   -0.08354    0.1754    0.9809
   -0.1296    0.9741    -0.1852
 Node:         78
  0.1384E+03  0.1261E+03  0.4830E+03  0.0000E+00
   0.007299
   0.001812
   7.132E-5
   2.218E-4
   2.069E-4
   3.054E-4
   0.007737
   3.29E-4
   -3.902E-4
   0.007792531439782581
   0.0025586
   0.003673434549119756
   -0.9724    -0.2307    -0.03544
   -0.08305    0.2    0.9763
   -0.2182    0.9522    -0.2137
 Node:         79
  0.1555E+03  0.1256E+03  0.4542E+03  0.0000E+00
   0.003942
   0.001574
  -0.01096
  -0.002122
   3.854E-4
  -0.01363
   0.004345
   -0.011
   -0.01399
   0.01703791874026872
   -0.006881666666666667
   0.008031751919032914
   0.9885    0.09874    -0.1146
   0.07398    -0.9764    -0.2031
   -0.1319    0.1923    -0.9724
 Node:         80
  0.1493E+03  0.1237E+03  0.4702E+03  0.0000E+00
   0.01949
   0.003365
  -0.007064
   0.002098
   7.17E-4
  -0.00946
   0.02007
   -0.007393
   -0.009711
   0.028692311287172388
   9.886666666666672E-4
   0.013525685252716609
   -0.9895    -0.1247    -0.07332
   -0.1369    0.9707    0.1977
   -0.04653    -0.2056    0.9775
 Node:         81
  0.1433E+03  0.1217E+03  0.4837E+03  0.0000E+00
   0.00847
   0.00186
  -6.105E-4
   0.001773
   5.303E-4
  -6.03E-4
   0.009183
   -7.881E-4
   -0.001139
   0.010151099694614371
   0.0024186333333333335
   0.004785274287041676
   -0.9636    -0.193    -0.1851
   -0.2666    0.6399    0.7207
   0.0207    -0.7438    0.6681
 Node:         82
  0.1267E+03  0.1148E+03  0.4561E+03  0.1566E-02
   0.001573
  -0.002811
   6.205E-4
  -4.384E-4
   0.0012
  -0.001158
   0.004181
   -9.255E-4
   -0.00222
   0.0058619482043088715
   3.4516666666666653E-4
   0.002763348884154072
   -0.7331    0.6482    0.2059
   0.5218    0.3418    0.7816
   -0.4362    -0.6805    0.5888
 Node:         83
  0.1234E+03  0.1129E+03  0.4718E+03  0.1566E-02
  -0.001522
  -0.001629
  -1.252E-4
   7.779E-4
   7.795E-4
  -0.001335
   9.738E-4
   -7.384E-4
   -0.003218
   0.0036504268407954706
   -9.942E-4
   0.0017208277155679084
   -0.5186    0.8477    0.1115
   -0.479    -0.18    -0.8592
   0.7083    0.499    -0.4994
 Node:         84
  0.1187E+03  0.1123E+03  0.4849E+03  0.1566E-02
  -2.664E-4
  -8.994E-5
  -3.547E-5
   4.612E-4
  -1.808E-5
  -9.837E-4
   5.086E-5
   -1.267E-4
   -0.00121
   0.0011821240170134433
   -4.286133333333333E-4
   5.572586057557917E-4
   -0.6306    0.7184    -0.2937
   0.6389    0.6953    0.3292
   0.4407    0.01993    -0.8975
 Node:         85
  0.1302E+03  0.1161E+03  0.4549E+03  0.1566E-02
   0.001345
  -0.003067
   0.001145
  -2.976E-4
   0.00175
  -0.001466
   0.004657
   -7.947E-4
   -0.002839
   0.0067115650700861115
   3.411E-4
   0.0031638621156217703
   -0.6718    0.703    0.2335
   0.6257    0.3698    0.6869
   0.3965    0.6076    -0.6883
 Node:         86
  0.1252E+03  0.1138E+03  0.4702E+03  0.1566E-02
  -0.004218
  -6.553E-4
   0.007821
   8.568E-4
   0.002868
  -0.001247
   0.008664
   -0.001682
   -0.004626
   0.01208989148007541
   7.853333333333335E-4
   0.0056992294995805255
   -0.03056    0.9608    0.2754
   -0.3665    0.2456    -0.8974
   0.9299    0.1284    -0.3447
 Node:         87
  0.1217E+03  0.1126E+03  0.4833E+03  0.1566E-02
  -3.258E-4
  -9.71E-5
   9.556E-5
   4.239E-4
  -8.978E-5
  -6.976E-4
   1.727E-4
   -1.255E-4
   -9.75E-4
   0.0010314525631360853
   -3.0926666666666663E-4
   4.862314012438476E-4
   -0.4155    0.8617    -0.2913
   0.7287    0.507    0.4604
   0.5444    -0.02095    -0.8386
 Node:         88
  0.1338E+03  0.1169E+03  0.4532E+03  0.1566E-02
  -0.002773
  -0.003711
   0.001855
  -3.06E-4
   0.003572
   0.001838
   0.006377
   -2.581E-4
   -0.005199
   0.010060835472762687
   3.066333333333335E-4
   0.004742723324795107
   -0.3179    0.7345    0.5995
   0.5041    -0.4046    0.763
   0.803    0.5448    -0.2417
 Node:         89
  0.1270E+03  0.1150E+03  0.4685E+03  0.1566E-02
  -0.002075
  -0.001745
   0.001051
   1.239E-4
   0.001085
  -3.75E-4
   0.002184
   -6.012E-4
   -0.002982
   0.004478454179736575
   -4.663999999999999E-4
   0.002111163546483313
   -0.3461    0.8697    0.3519
   0.3479    -0.2293    0.909
   -0.8713    -0.437    0.2233
 Node:         90
  0.1248E+03  0.1132E+03  0.4822E+03  0.1566E-02
  -3.622E-4
   3.797E-5
   2.148E-5
   1.362E-4
  -7.883E-5
  -1.411E-4
   5.42E-5
   -9.862E-5
   -4.374E-4
   4.357731065589065E-4
   -1.6060666666666665E-4
   2.054254124710205E-4
   0.04839    -0.9141    0.4027
   0.4675    0.377    0.7996
   -0.8826    0.1496    0.4456
 Node:         91
  0.1258E+03  0.1261E+03  0.4549E+03  0.1566E-02
  -0.008398
  -0.002408
   0.008719
  -0.001992
   0.002416
  -0.001776
   0.009679
   -0.002016
   -0.009119
   0.01644065749901749
   -4.8533333333333355E-4
   0.007750200269813822
   -0.1533    0.9612    0.2294
   -0.1981    -0.2573    0.9458
   0.9681    0.09957    0.2298
 Node:         92
  0.1209E+03  0.1233E+03  0.4726E+03  0.1566E-02
  -0.002061
  -0.002598
   0.002334
  -0.001923
   0.001624
   9.169E-4
   0.004896
   -1.392E-4
   -0.003566
   0.007372300905416166
   3.9693333333333335E-4
   0.0034753359754449964
   -0.4211    0.7502    0.5097
   -0.03816    -0.5761    0.8165
   0.9062    0.3243    0.2712
 Node:         93
  0.1159E+03  0.1217E+03  0.4877E+03  0.1566E-02
   4.222E-4
  -1.323E-4
  -3.979E-6
  -7.276E-4
  -4.357E-5
   5.51E-4
   0.00122
   4.844E-5
   -2.989E-4
   0.0013784511451625696
   3.2318E-4
   6.4980810151921E-4
   -0.6775    0.04712    0.734
   0.2635    -0.9162    0.302
   0.6868    0.398    0.6083
 Node:         94
  0.1313E+03  0.1263E+03  0.4540E+03  0.1566E-02
  -0.01045
  -0.002469
   0.009989
  -0.002379
   0.001768
  -0.001353
   0.01064
   -0.001226
   -0.01122
   0.01895444000755496
   -6.020000000000001E-4
   0.008935208708623804
   -0.1336    0.9763    0.1705
   -0.1958    -0.1947    0.9611
   -0.9715    -0.09498    -0.2172
 Node:         95
  0.1249E+03  0.1235E+03  0.4706E+03  0.1566E-02
  -0.00182
  -0.002557
   0.004513
  -0.002506
   0.001216
  -3.957E-4
   0.006068
   1.761E-4
   -0.003947
   0.008718218402288393
   7.656999999999999E-4
   0.004109807568082314
   -0.3812    0.8704    0.3116
   -0.4037    -0.4599    0.7909
   0.8317    0.1757    0.5267
 Node:         96
  0.1205E+03  0.1222E+03  0.4852E+03  0.1566E-02
   9.286E-4
  -3.047E-4
   2.725E-4
  -8.619E-4
   2.361E-4
   4.612E-5
   0.001569
   1.619E-4
   -4.836E-4
   0.0018179339124401634
   4.1576666666666667E-4
   8.569822648236206E-4
   -0.815    0.2836    0.5053
   -0.2747    -0.9569    0.09389
   0.5101    -0.06229    0.8578
 Node:         97
  0.1367E+03  0.1260E+03  0.4530E+03  0.1566E-02
  -0.01054
  -0.002171
   0.01031
  -0.002382
   0.001949
  -0.002449
   0.01089
   -0.002267
   -0.01131
   0.019335491951331368
   -8.956666666666667E-4
   0.009114838317576214
   -0.1174    0.9794    0.164
   -0.226    -0.1872    0.956
   -0.967    -0.07516    -0.2433
 Node:         98
  0.1295E+03  0.1233E+03  0.4686E+03  0.1566E-02
  -0.002495
  -0.003619
   0.006545
  -0.001882
   0.001146
  -0.001597
   0.008119
   -0.001169
   -0.004497
   0.011324883752162755
   8.176666666666665E-4
   0.005338601398202424
   -0.3454    0.9219    0.1756
   -0.3864    -0.3102    0.8686
   0.8552    0.2322    0.4633
 Node:         99
  0.1260E+03  0.1218E+03  0.4827E+03  0.1566E-02
   8.551E-4
  -0.001025
   0.001221
  -4.259E-4
   3.143E-4
  -1.449E-4
   0.002193
   4.581E-5
   -3.07E-4
   0.002343597639549076
   6.439366666666667E-4
   0.0011047825221986252
   -0.6362    0.7408    0.2155
   0.653    0.6658    -0.361
   0.4109    0.08894    0.9073
 Node:        100
  0.1250E+03  0.1374E+03  0.4537E+03  0.0000E+00
   0.007413
   7.003E-4
  -6.575E-4
  -0.001117
  -4.582E-4
   0.001956
   0.007704
   0.001776
   -7.686E-4
   0.007529977553751405
   0.0029038000000000002
   0.0035496654602934063
   -0.976    -0.09254    0.197
   -0.2075    0.123    -0.9705
   -0.06557    0.9881    0.1393
 Node:        101
  0.1187E+03  0.1337E+03  0.4718E+03  0.0000E+00
   0.007623
   0.001691
   0.001805
   6.195E-4
   4.596E-4
   0.002932
   0.008177
   0.002885
   0.001298
   0.006238768868935602
   0.00412
   0.002940983848986594
   -0.9551    -0.2632    -0.1359
   -0.1767    0.1381    0.9745
   -0.2378    0.9548    -0.1784
 Node:        102
  0.1139E+03  0.1312E+03  0.4875E+03  0.0000E+00
   0.002624
   0.001123
   5.662E-4
   8.365E-4
   4.262E-4
   5.656E-4
   0.003426
   2.712E-4
   5.939E-5
   0.0032658604844818463
   0.0012521966666666667
   0.0015395413966575314
   -0.8678    -0.3871    -0.3115
   0.3766    -0.1035    -0.9206
   -0.3241    0.9162    -0.2357
 Node:        103
  0.1323E+03  0.1365E+03  0.4531E+03  0.0000E+00
   0.007687
   1.216E-4
  -0.00273
  -0.001286
  -5.882E-4
   0.001468
   0.007947
   0.001289
   -0.002811
   0.009404082305041785
   0.0021416666666666663
   0.004433126912487643
   -0.9802    -0.02199    0.1966
   -0.1978    0.1361    -0.9708
   0.005413    0.9904    0.1378
 Node:        104
  0.1250E+03  0.1331E+03  0.4702E+03  0.0000E+00
   0.009225
   0.001878
  -7.567E-4
   5.955E-4
   5.222E-4
   0.003445
   0.009641
   0.003407
   -0.001135
   0.009370557507427187
   0.003971
   0.004417323171333518
   -0.9772    -0.182    -0.1093
   -0.1234    0.06849    0.99
   -0.1727    0.9809    -0.0894
 Node:        105
  0.1200E+03  0.1317E+03  0.4854E+03  0.0000E+00
   0.003465
   0.001068
   5.659E-5
   8.157E-4
   3.732E-4
   5.496E-4
   0.0040
   3.493E-4
   -2.783E-4
   0.00400158363276341
   0.001357
   0.0018863646148080707
   -0.9286    -0.275    -0.2493
   0.2939    -0.1346    -0.9463
   -0.2267    0.952    -0.2058
 Node:        106
  0.1397E+03  0.1351E+03  0.4527E+03  0.0000E+00
   0.007386
  -1.557E-4
  -0.006823
  -8.938E-4
  -8.071E-4
   0.002307
   0.007539
   0.002229
   -0.006898
   0.012647632149932255
   9.566666666666664E-4
   0.00596215097278006
   -0.9858    0.001231    0.1682
   0.1674    -0.09041    0.9817
   -0.01642    -0.9959    -0.08892
 Node:        107
  0.1321E+03  0.1315E+03  0.4687E+03  0.0000E+00
   0.01183
   0.002232
  -0.002393
   7.891E-4
  -9.902E-5
   0.003782
   0.01224
   0.00372
   -0.002742
   0.013015532413236117
   0.004405999999999999
   0.006135580820101713
   -0.9846    -0.1495    -0.09009
   -0.08396    -0.04677    0.9954
   -0.153    0.9877    0.0335
 Node:        108
  0.1273E+03  0.1303E+03  0.4831E+03  0.0000E+00
   0.004703
   9.565E-4
  -4.459E-5
   2.821E-4
   7.236E-5
   4.146E-4
   0.004908
   3.963E-4
   -2.305E-4
   0.004855537940331638
   0.0016912666666666666
   0.002288922535944709
   -0.9796    -0.1902    -0.06458
   -0.06864    0.01481    0.9975
   -0.1887    0.9816    -0.02756
 Node:        109
  0.1018E+03  0.1092E+03  0.4946E+03 -0.2939E-04
   0.0
   1.388E-16
   1.11E-16
   5.551E-17
  -1.388E-17
   0.0
   2.069E-16
   2.266E-17
   -1.186E-16
   2.827092280064448E-16
   3.698666666666666E-17
   1.3327040815158061E-16
   -0.5724    -0.814    -0.09897
   0.2904    -0.3141    0.9039
   0.7668    -0.4887    -0.4162
 Node:        110
  0.1058E+03  0.1118E+03  0.5081E+03 -0.2939E-04
   0.0
   2.776E-17
   0.0
  -1.388E-17
  -5.204E-17
   2.22E-16
   2.353E-16
   1.788E-17
   -3.112E-17
   2.456135916434593E-16
   7.402E-17
   1.157833574684491E-16
   -0.08376    -0.2246    0.9708
   0.7726    0.6007    0.2056
   0.6293    -0.7673    -0.1232
 Node:        111
  0.1108E+03  0.1137E+03  0.5210E+03 -0.2939E-04
   0.0
   5.551E-17
  -1.11E-16
  -2.776E-17
   3.261E-16
  -2.22E-16
   1.68E-16
   2.779E-18
