 Group name: predicted_stress_L5A1
 #Fields=  16
 1) coordinates, coordinate, rectangular cartesian, #Components=3
   x.  Value index= 1, #Derivatives=0
   y.  Value index= 2, #Derivatives=0
   z.  Value index= 3, #Derivatives=0
 2) Tensor_1, field, rectangular cartesian, #Components=1
   Tensor_1.  Value index= 4, #Derivatives=0
 3) Tensor_2, field, rectangular cartesian, #Components=1
   Tensor_2.  Value index= 5, #Derivatives=0
 4) Tensor_3, field, rectangular cartesian, #Components=1
   Tensor_3.  Value index= 6, #Derivatives=0
 5) Tensor_4, field, rectangular cartesian, #Components=1
   Tensor_4.  Value index= 7, #Derivatives=0
 6) Tensor_5, field, rectangular cartesian, #Components=1
   Tensor_5.  Value index= 8, #Derivatives=0
 7) Tensor_6, field, rectangular cartesian, #Components=1
   Tensor_6.  Value index= 9, #Derivatives=0
 8) Principal_1, field, rectangular cartesian, #Components=1
   Principal_1.  Value index= 10, #Derivatives=0
 9) Principal_2, field, rectangular cartesian, #Components=1
   Principal_2.  Value index= 11, #Derivatives=0
 10) Principal_3, field, rectangular cartesian, #Components=1
   Principal_3.  Value index= 12, #Derivatives=0
 11) VonMises, field, rectangular cartesian, #Components=1
   VonMises.  Value index= 13, #Derivatives=0
 12) Hydrostatic, field, rectangular cartesian, #Components=1
   VonMises.  Value index= 14, #Derivatives=0
 13) Octahedral, field, rectangular cartesian, #Components=1
   VonMises.  Value index= 15, #Derivatives=0
 14) PrincipalVector1, field, rectangular cartesian, #Components=3
   x.  Value index= 16, #Derivatives=0
   y.  Value index= 17, #Derivatives=0
   z.  Value index= 18, #Derivatives=0
 15) PrincipalVector2, field, rectangular cartesian, #Components=3
   x.  Value index= 19, #Derivatives=0
   y.  Value index= 20, #Derivatives=0
   z.  Value index= 21, #Derivatives=0
 16) PrincipalVector3, field, rectangular cartesian, #Components=3
   x.  Value index= 22, #Derivatives=0
   y.  Value index= 23, #Derivatives=0
   z.  Value index= 24, #Derivatives=0
 Node:          1
  0.1287E+03  0.1133E+03  0.4908E+03 -0.3432E-04
  -6.864E-5
  -1.439E-16
  -6.864E-5
  -4.798E-17
  -7.196E-17
  -6.864E-5
  1.544574691e-02
  1.544574691e-02
  1.544574691e-02
  0.000000000e+00
  1.544574691e-02
  0.000000000e+00
  9.862491285e-01 -2.662227669e-01 -2.603363834e-02
  2.542549020e-01 9.564582789e-01 -1.563505447e-01
  6.584479303e-02 1.441742919e-01 9.892580610e-01
 Node:          2
  0.1292E+03  0.1137E+03  0.5052E+03 -0.3432E-04
  -6.864E-5
  -1.919E-16
  -6.864E-5
  -9.595E-17
   3.358E-16
  -6.864E-5
  1.544574691e-02
  1.544574691e-02
  1.544574691e-02
  0.000000000e+00
  1.544574691e-02
  0.000000000e+00
  1.074540087e+00 -4.725679739e-01 -2.400011983e-01
  5.203111111e-01 9.392441176e-01 4.803153595e-01
  -1.042242810e-03 -4.483332244e-01 8.939529412e-01
 Node:          3
  0.1289E+03  0.1155E+03  0.5194E+03 -0.3432E-04
  -6.864E-5
   2.399E-16
  -6.864E-5
   1.919E-16
   9.595E-17
  -6.864E-5
  1.544574691e-02
  1.544574691e-02
  1.544574691e-02
  0.000000000e+00
  1.544574691e-02
  0.000000000e+00
  -4.134347495e-01 -8.763352941e-01 -2.491147059e-01
  5.005606754e-01 -4.466470588e-01 7.418200436e-01
  7.611179739e-01 -1.815708061e-01 -6.233996732e-01
 Node:          4
  0.1361E+03  0.1141E+03  0.4915E+03 -0.3432E-04
  -6.864E-5
  -4.798E-17
  -6.864E-5
  -4.798E-17
  -1.439E-16
  -6.864E-5
  1.544574691e-02
  1.544574691e-02
  1.544574691e-02
  0.000000000e+00
  1.544574691e-02
  0.000000000e+00
  -4.537545752e-02 -9.803035948e-02 9.942542484e-01
  -1.015093028e+00 1.136701525e-01 -3.535141612e-02
  -1.096371242e-01 -1.010756318e+00 -1.044299564e-01
 Node:          5
  0.1341E+03  0.1144E+03  0.5054E+03 -0.3432E-04
  -6.864E-5
   2.399E-16
  -6.864E-5
   9.595E-17
  -1.199E-16
  -6.864E-5
  1.544574691e-02
  1.544574691e-02
  1.544574691e-02
  0.000000000e+00
  1.544574691e-02
  0.000000000e+00
  9.398595861e-02 -1.812043573e-01 9.790352941e-01
  7.213827887e-01 6.902834423e-01 5.845080610e-02
  -6.863569717e-01 7.006690632e-01 1.953852941e-01
 Node:          6
  0.1323E+03  0.1162E+03  0.5191E+03 -0.3432E-04
  -6.864E-5
   9.595E-17
  -6.864E-5
  -9.595E-17
  -4.798E-17
  -6.864E-5
  1.544574691e-02
  1.544574691e-02
  1.544574691e-02
  0.000000000e+00
  1.544574691e-02
  0.000000000e+00
  -7.182717865e-01 -6.893791939e-01 9.577016340e-02
  8.340739651e-01 -8.590769063e-01 -3.755970588e-02
  9.777960784e-02 3.680435730e-02 9.947705882e-01
 Node:          7
  0.1408E+03  0.1171E+03  0.4920E+03 -0.3432E-04
  -6.864E-5
   3.838E-16
  -6.864E-5
  -1.439E-16
  -1.919E-16
  -6.864E-5
  1.544574691e-02
  1.544574691e-02
  1.544574691e-02
  0.000000000e+00
  1.544574691e-02
  0.000000000e+00
  8.784711329e-01 5.074302832e-01 -1.278184096e-01
  -5.101084967e-01 8.528467320e-01 -1.177084096e-01
  4.815236383e-02 1.651625272e-01 9.852026144e-01
 Node:          8
  0.1367E+03  0.1169E+03  0.5055E+03 -0.3432E-04
  -6.864E-5
   3.358E-16
  -6.864E-5
  -6.957E-16
  -4.078E-16
  -6.864E-5
  1.544574691e-02
  1.544574691e-02
  1.544574691e-02
  0.000000000e+00
  1.544574691e-02
  0.000000000e+00
  -8.626190632e-01 -6.444935730e-01 3.375674292e-01
  6.518230937e-01 -9.124921569e-01 -1.018810458e-01
  2.951171460e-01 1.655535948e-01 9.505015251e-01
 Node:          9
  0.1339E+03  0.1180E+03  0.5191E+03 -0.3432E-04
  -6.864E-5
   2.879E-16
  -6.864E-5
  -6.837E-16
  -4.798E-16
  -6.864E-5
  1.544574691e-02
  1.544574691e-02
  1.544574691e-02
  0.000000000e+00
  1.544574691e-02
  0.000000000e+00
  3.033079521e-01 1.347726580e-01 -1.109019826e+00
  9.554373638e-01 1.722572985e-01 3.916771242e-01
  -2.097844009e-01 1.135065142e+00 7.086514161e-02
 Node:         10
  0.1294E+03  0.1212E+03  0.4911E+03 -0.3432E-04
  -6.864E-5
   4.798E-17
  -6.864E-5
  -2.399E-17
   2.159E-16
  -6.864E-5
  1.544574691e-02
  1.544574691e-02
  1.544574691e-02
  0.000000000e+00
  1.544574691e-02
  0.000000000e+00
  2.426911765e-02 8.435254902e-01 8.179808279e-01
  1.872067865e-01 7.013177560e-01 -6.911301743e-01
  -1.180882789e+00 1.550892603e-01 -1.219981373e-01
 Node:         11
  0.1295E+03  0.1214E+03  0.5055E+03 -0.3432E-04
  -6.864E-5
  -4.798E-17
  -6.864E-5
  -7.196E-17
   2.399E-17
  -6.864E-5
  1.544574691e-02
  1.544574691e-02
  1.544574691e-02
  0.000000000e+00
  1.544574691e-02
  0.000000000e+00
  -3.075710240e-01 1.517309150e-01 1.064520153e+00
  -6.379962963e-01 8.870535948e-01 -3.081968410e-01
  8.031187364e-01 7.168867102e-01 1.396373638e-01
 Node:         12
  0.1295E+03  0.1217E+03  0.5196E+03 -0.3432E-04
  -6.864E-5
  -5.817E-37
  -6.864E-5
   1.319E-16
   4.798E-17
  -6.864E-5
  1.544574691e-02
  1.544574691e-02
  1.544574691e-02
  0.000000000e+00
  1.544574691e-02
  0.000000000e+00
  -2.391694989e-01 -9.092238780e-02 -9.669957516e-01
  -3.492522876e-01 9.688328976e-01 -6.024754374e-03
  3.897199346e-01 1.079728758e-01 -1.043721133e-01
 Node:         13
  0.1361E+03  0.1199E+03  0.4914E+03 -0.3432E-04
  -6.864E-5
  -2.399E-16
  -6.864E-5
  -1.679E-16
   4.798E-17
  -6.864E-5
  1.544574691e-02
  1.544574691e-02
  1.544574691e-02
  0.000000000e+00
  1.544574691e-02
  0.000000000e+00
  9.410637255e-01 -3.761610022e-01 -1.306263617e-01
  3.680314815e-01 9.295612200e-01 -2.517496732e-02
  1.280488017e-01 -2.385476013e-02 9.915106754e-01
 Node:         14
  0.1342E+03  0.1198E+03  0.5054E+03 -0.3432E-04
  -6.864E-5
   4.798E-17
  -6.864E-5
   9.595E-17
  -1.559E-16
  -6.864E-5
  1.544574691e-02
  1.544574691e-02
  1.544574691e-02
  0.000000000e+00
  1.544574691e-02
  0.000000000e+00
  1.045038235e-01 -2.634374728e-01 9.591442266e-01
  -3.069698911e-01 -9.479678649e-01 -2.272570806e-01
  -9.690752723e-01 2.704945752e-01 1.799937908e-01
 Node:         15
  0.1330E+03  0.1205E+03  0.5193E+03 -0.3432E-04
  -6.864E-5
  -1.439E-16
  -6.864E-5
   2.399E-17
   8.396E-17
  -6.864E-5
  1.544574691e-02
  1.544574691e-02
  1.544574691e-02
  0.000000000e+00
  1.544574691e-02
  0.000000000e+00
  1.014886928e+00 -1.172963290e-01 1.686145969e-02
  -1.687663399e-02 -2.855903050e-01 -9.812874728e-01
  1.150062309e-01 9.535787582e-01 -2.793932462e-01
 Node:         16
  0.1404E+03  0.1188E+03  0.4918E+03 -0.3432E-04
  -6.864E-5
   9.595E-17
  -6.864E-5
  -1.439E-16
  -2.519E-16
  -6.864E-5
  1.544574691e-02
  1.544574691e-02
  1.544574691e-02
  0.000000000e+00
  1.544574691e-02
  0.000000000e+00
  -1.504727669e-01 -2.366425926e-01 9.599428105e-01
  -7.706294118e-01 -5.557302832e-01 -2.583502179e-01
  5.946384532e-01 -7.785523965e-01 -9.921416122e-02
 Node:         17
  0.1365E+03  0.1184E+03  0.5055E+03 -0.3432E-04
  -6.864E-5
   4.798E-17
  -6.864E-5
   1.679E-16
   2.939E-16
  -6.864E-5
  1.544574691e-02
  1.544574691e-02
  1.544574691e-02
  0.000000000e+00
  1.544574691e-02
  0.000000000e+00
  2.381027233e-01 3.869098039e-01 9.247194989e-01
  9.623717865e-01 -3.280326797e-01 -1.181650031e-01
  -2.493805011e-01 -8.788709150e-01 4.298056645e-01
 Node:         18
  0.1341E+03  0.1191E+03  0.5192E+03 -0.3432E-04
  -6.864E-5
  -7.733E-37
  -6.864E-5
   4.573E-17
   1.84E-16
  -6.864E-5
  1.544574691e-02
  1.544574691e-02
  1.544574691e-02
  0.000000000e+00
  1.544574691e-02
  0.000000000e+00
  1.484833333e-02 7.513961874e-02 9.811699346e-01
  1.009489760e+00 -3.501844227e-01 2.652598706e-02
  -1.856749455e-01 -1.114281046e+00 1.074584096e-01
 Node:         19
  0.1301E+03  0.1291E+03  0.4914E+03  0.0000E+00
   4.934E-16
   0.0
   4.934E-16
   3.631E-19
   1.731E-17
  -9.869E-16
  4.936000000e-16
  4.934000000e-16
  -9.871000000e-16
  1.480600010e-15
  -3.333333333e-20
  6.979615383e-16
  -2.097000000e-02 -9.997000000e-01 -1.169000000e-02
  -9.998000000e-01 2.097000000e-02 -8.123000000e-17
  2.452000000e-04 1.169000000e-02 -9.999000000e-01
 Node:         20
  0.1299E+03  0.1291E+03  0.5058E+03  0.0000E+00
   9.869E-16
   0.0
   0.0
   1.799E-17
   3.326E-17
  -2.467E-16
  9.871000000e-16
  4.400000000e-18
  -2.514000000e-16
  1.132478516e-15
  2.467000000e-16
  5.338554923e-16
  -9.999000000e-01 -4.917000000e-04 -1.459000000e-02
  2.401000000e-03 -9.914000000e-01 -1.311000000e-01
  -1.440000000e-02 -1.312000000e-01 9.913000000e-01
 Node:         21
  0.1301E+03  0.1280E+03  0.5197E+03  0.0000E+00
   4.934E-16
   0.0
   0.0
   7.196E-17
   2.549E-17
   4.934E-16
  5.660000000e-16
  4.222000000e-16
  -1.341000000e-18
  5.108528306e-16
  3.289530000e-16
  2.408183338e-16
  -7.039000000e-01 -3.195000000e-02 -7.096000000e-01
  -7.102000000e-01 4.241000000e-02 7.027000000e-01
  -7.642000000e-03 -9.986000000e-01 5.255000000e-02
 Node:         22
  0.1360E+03  0.1256E+03  0.4913E+03  0.0000E+00
  -9.869E-16
   2.399E-17
  -4.934E-16
  -2.399E-17
   1.739E-16
   4.934E-16
  5.234000000e-16
  -5.215000000e-16
  -9.888000000e-16
  1.341069376e-15
  -3.289666667e-16
  6.321861663e-16
  -1.298000000e-02 1.683000000e-01 9.857000000e-01
  5.935000000e-02 9.841000000e-01 -1.672000000e-01
  -9.982000000e-01 5.633000000e-02 -2.276000000e-02
 Node:         23
  0.1343E+03  0.1253E+03  0.5054E+03  0.0000E+00
   0.0
   3.598E-17
  -1.974E-15
   0.0
   2.271E-16
  -7.401E-16
  6.796000000e-19
  -6.997000000e-16
  -2.015000000e-15
  1.772499637e-15
  -9.046734667e-16
  8.355643418e-16
  9.998000000e-01 1.889000000e-02 5.790000000e-03
  -9.011000000e-03 1.753000000e-01 9.845000000e-01
  1.758000000e-02 -9.843000000e-01 1.754000000e-01
 Node:         24
  0.1336E+03  0.1248E+03  0.5194E+03  0.0000E+00
  -9.869E-16
   2.099E-17
   0.0
   2.399E-17
   1.499E-18
  -7.401E-16
  4.516000000e-19
  -7.379000000e-16
  -9.896000000e-16
  8.912682385e-16
  -5.756828000e-16
  4.201478769e-16
  -2.132000000e-02 -9.998000000e-01 -2.714000000e-03
  9.549000000e-02 -4.739000000e-03 9.954000000e-01
  -9.952000000e-01 2.096000000e-02 9.557000000e-02
 Node:         25
  0.1400E+03  0.1206E+03  0.4917E+03  0.0000E+00
   0.0
   4.617E-16
  -4.934E-16
  -1.439E-16
  -2.249E-16
   9.869E-16
  1.067000000e-15
  2.050000000e-16
  -7.785000000e-16
  1.599404030e-15
  1.645000000e-16
  7.539662901e-16
  -2.161000000e-01 -2.016000000e-01 9.553000000e-01
  8.390000000e-01 4.621000000e-01 2.874000000e-01
  -4.994000000e-01 8.636000000e-01 6.929000000e-02
 Node:         26
  0.1363E+03  0.1200E+03  0.5055E+03  0.0000E+00
   9.869E-16
   1.859E-16
  -2.714E-15
   4.797E-17
  -1.943E-15
  -2.467E-16
  1.006000000e-15
  8.090000000e-16
  -3.789000000e-15
  4.699597749e-15
  -6.580000000e-16
  2.215411625e-15
  9.680000000e-01 1.526000000e-01 -1.995000000e-01
  2.481000000e-01 -4.578000000e-01 8.538000000e-01
  -3.892000000e-02 8.759000000e-01 4.809000000e-01
 Node:         27
  0.1343E+03  0.1203E+03  0.5192E+03  0.0000E+00
   9.869E-16
  -3.358E-16
   9.869E-16
  -1.799E-16
   2.27E-15
   0.0
  2.890000000e-15
  9.150000000e-16
  -1.831000000e-15
  4.106639867e-15
  6.580000000e-16
  1.935888599e-15
  -1.931000000e-01 7.658000000e-01 6.135000000e-01
  9.808000000e-01 1.345000000e-01 1.409000000e-01
  2.534000000e-02 6.289000000e-01 -7.771000000e-01
 Node:         28
  0.1155E+03  0.1124E+03  0.4931E+03 -0.2028E-03
  -4.056E-4
   6.599E-17
  -4.056E-4
  -9.599E-17
   9.599E-17
  -4.056E-4
  9.233290371e-02
  9.233290371e-02
  9.233290371e-02
  0.000000000e+00
  9.233290371e-02
  0.000000000e+00
  1.779260349e-02 1.002766558e+00 1.779082789e-01
  7.421769063e-02 1.554741830e-01 -1.116002941e+00
  -1.019858606e+00 2.682011983e-02 -6.826772331e-02
 Node:         29
  0.1119E+03  0.1139E+03  0.5068E+03 -0.2028E-03
  -4.056E-4
  -3.6E-17
  -4.056E-4
   9.599E-17
   1.2E-17
  -4.056E-4
  9.233290371e-02
  9.233290371e-02
  9.233290371e-02
  0.000000000e+00
  9.233290371e-02
  0.000000000e+00
  -2.657751634e-02 1.120236057e+00 4.348877124e-02
  -1.064246514e+00 -5.905330065e-02 -1.817376362e-01
  -2.259835512e-01 -4.750260349e-02 1.117095861e+00
 Node:         30
  0.1113E+03  0.1159E+03  0.5206E+03 -0.2028E-03
  -4.056E-4
   2.16E-16
  -4.056E-4
   5.625E-36
  -4.8E-17
  -4.056E-4
  9.233290371e-02
  9.233290371e-02
  9.233290371e-02
  0.000000000e+00
  9.233290371e-02
  0.000000000e+00
  8.602357298e-01 8.245620915e-01 -4.066066449e-02
  -7.709430283e-01 7.844830065e-01 -2.131849673e-01
  -9.537655773e-02 2.027936819e-01 1.103750000e+00
 Node:         31
  0.1203E+03  0.1126E+03  0.4920E+03 -0.2028E-03
  -4.056E-4
   1.68E-16
  -4.056E-4
   4.8E-17
   7.199E-17
  -4.056E-4
  9.233290371e-02
  9.233290371e-02
  9.233290371e-02
  0.000000000e+00
  9.233290371e-02
  0.000000000e+00
  -8.976686275e-01 -4.671419390e-01 -5.576035948e-01
  5.709285403e-01 2.377697168e-01 -9.665800654e-01
  4.738689542e-01 -9.690422658e-01 2.466381264e-01
 Node:         32
  0.1188E+03  0.1134E+03  0.5062E+03 -0.2028E-03
  -4.056E-4
  -2.4E-17
  -4.056E-4
  -4.8E-17
   1.68E-16
  -4.056E-4
  9.233290371e-02
  9.233290371e-02
  9.233290371e-02
  0.000000000e+00
  9.233290371e-02
  0.000000000e+00
  1.076081699e+00 -2.649305011e-02 -4.672864924e-02
  5.344183007e-02 4.939897603e-01 9.332295207e-01
  4.040613725e-03 -8.902583878e-01 4.607428105e-01
 Node:         33
  0.1183E+03  0.1150E+03  0.5201E+03 -0.2028E-03
  -4.056E-4
   9.599E-17
  -4.056E-4
   1.44E-16
  -7.5E-36
  -4.056E-4
  9.233290371e-02
  9.233290371e-02
  9.233290371e-02
  0.000000000e+00
  9.233290371e-02
  0.000000000e+00
  1.088532680e+00 1.861356427e-01 3.148544662e-01
  -3.500778228e-02 9.163660131e-01 -5.867656863e-01
  -3.419843137e-01 6.615107843e-01 8.841923747e-01
 Node:         34
  0.1255E+03  0.1129E+03  0.4909E+03 -0.2028E-03
  -4.056E-4
  -8.75E-36
  -4.056E-4
   9.599E-17
   1.68E-16
  -4.056E-4
  9.233290371e-02
  9.233290371e-02
  9.233290371e-02
  0.000000000e+00
  9.233290371e-02
  0.000000000e+00
  3.020112200e-01 6.481662309e-01 6.725644880e-01
  -6.507843137e-03 -8.294694989e-02 -1.560475904e-02
  -4.190559913e-01 -6.347266885e-01 7.801527233e-01
 Node:         35
  0.1260E+03  0.1135E+03  0.5054E+03 -0.2028E-03
  -4.056E-4
   1.92E-16
  -4.056E-4
   1.92E-16
   4.32E-16
  -4.056E-4
  9.233290371e-02
  9.233290371e-02
  9.233290371e-02
  0.000000000e+00
  9.233290371e-02
  0.000000000e+00
  7.755602397e-01 4.734786492e-01 4.745220044e-01
  -7.196874728e-01 5.523531590e-01 5.476885621e-01
  -1.124478563e-02 -7.019497821e-01 7.154029412e-01
 Node:         36
  0.1257E+03  0.1153E+03  0.5196E+03 -0.2028E-03
  -4.056E-4
  -9.599E-17
  -4.056E-4
  -9.599E-17
   1.44E-16
  -4.056E-4
  9.233290371e-02
  9.233290371e-02
  9.233290371e-02
  0.000000000e+00
  9.233290371e-02
  0.000000000e+00
  -6.060858388e-01 5.809669935e-01 6.161265795e-01
  5.049347495e-01 3.014500000e-01 2.489645534e-01
  -2.865621443e-02 -8.094722222e-01 8.624944444e-01
 Node:         37
  0.1132E+03  0.1210E+03  0.4959E+03 -0.2028E-03
  -4.056E-4
   2.4E-16
  -4.056E-4
  -1.44E-16
   3.12E-16
  -4.056E-4
  9.233290371e-02
  9.233290371e-02
  9.233290371e-02
  0.000000000e+00
  9.233290371e-02
  0.000000000e+00
  -5.163208061e-01 -8.356245098e-01 -3.530280828e-01
  8.288766885e-01 -2.514718736e-01 -6.361722222e-01
  4.208732026e-01 -5.747167756e-01 7.726303486e-01
 Node:         38
  0.1111E+03  0.1204E+03  0.5085E+03 -0.2028E-03
  -4.056E-4
   1.68E-16
  -4.056E-4
  -4.8E-17
  -1.44E-16
  -4.056E-4
  9.233290371e-02
  9.233290371e-02
  9.233290371e-02
  0.000000000e+00
  9.233290371e-02
  0.000000000e+00
  2.232248366e-01 9.862810458e-01 -1.490518301e-01
  9.933208061e-01 -2.378115468e-01 -9.282810458e-02
  1.222296078e-01 1.237988017e-01 9.884443355e-01
 Node:         39
  0.1119E+03  0.1201E+03  0.5207E+03 -0.2028E-03
  -4.056E-4
  -1.68E-16
  -4.056E-4
  -1.44E-16
  -1.32E-16
  -4.056E-4
  9.233290371e-02
  9.233290371e-02
  9.233290371e-02
  0.000000000e+00
  9.233290371e-02
  0.000000000e+00
  9.368381264e-01 -9.121798039e-02 -4.020348584e-01
  3.732089325e-01 -1.678297386e-01 9.167075163e-01
  -1.542786383e-01 -1.006869826e+00 -1.239116558e-01
 Node:         40
  0.1191E+03  0.1220E+03  0.4937E+03 -0.2028E-03
  -4.056E-4
   1.44E-16
  -4.056E-4
   1.44E-16
  -2.4E-17
  -4.056E-4
  9.233290371e-02
  9.233290371e-02
  9.233290371e-02
  0.000000000e+00
  9.233290371e-02
  0.000000000e+00
  3.712038126e-01 5.805398693e-02 5.279662309e-02
  -6.149913949e-03 2.841356209e-01 -2.557148148e-01
  -7.530511983e-02 2.344309368e-01 2.637161220e-01
 Node:         41
  0.1182E+03  0.1217E+03  0.5073E+03 -0.2028E-03
  -4.056E-4
  -4.8E-17
  -4.056E-4
   9.599E-17
   1.68E-16
  -4.056E-4
  9.233290371e-02
  9.233290371e-02
  9.233290371e-02
  0.000000000e+00
  9.233290371e-02
  0.000000000e+00
  -1.706879085e-01 -2.208075817e-01 -9.882122004e-01
  -1.156163399e+00 2.811752723e-01 1.124989107e-01
  2.451986928e-01 9.440723312e-01 -2.508007190e-01
 Node:         42
  0.1187E+03  0.1212E+03  0.5204E+03 -0.2028E-03
  -4.056E-4
  -9.599E-17
  -4.056E-4
   5.0E-36
   9.599E-17
  -4.056E-4
  9.233290371e-02
  9.233290371e-02
  9.233290371e-02
  0.000000000e+00
  9.233290371e-02
  0.000000000e+00
  -2.023779956e-02 1.392228976e-01 1.182858932e+00
  -1.179830719e+00 1.975466231e-01 -3.980149237e-02
  -2.004671024e-01 -1.004273965e+00 7.099238562e-02
 Node:         43
  0.1258E+03  0.1217E+03  0.4915E+03 -0.2028E-03
  -4.056E-4
   1.92E-16
  -4.056E-4
  -2.4E-17
   2.5E-36
  -4.056E-4
  9.233290371e-02
  9.233290371e-02
  9.233290371e-02
  0.000000000e+00
  9.233290371e-02
  0.000000000e+00
  9.770515251e-01 4.066497821e-01 -2.602919390e-03
  -3.027873638e-01 1.098022985e+00 3.726805011e-02
  2.208227669e-02 2.396815359e-02 1.004994989e+00
 Node:         44
  0.1259E+03  0.1220E+03  0.5059E+03 -0.2028E-03
  -4.056E-4
   2.4E-16
  -4.056E-4
   1.68E-16
   1.92E-16
  -4.056E-4
  9.233290371e-02
  9.233290371e-02
  9.233290371e-02
  0.000000000e+00
  9.233290371e-02
  0.000000000e+00
  -4.179373638e-01 -4.622181917e-01 -1.019402723e+00
  -6.424834423e-01 -6.369271242e-01 5.464198257e-01
  7.661599129e-01 -7.594910675e-01 2.320570806e-02
 Node:         45
  0.1261E+03  0.1221E+03  0.5198E+03 -0.2028E-03
  -4.056E-4
  -1.44E-16
  -4.056E-4
   4.8E-17
  -1.2E-17
  -4.056E-4
  9.233290371e-02
  9.233290371e-02
  9.233290371e-02
  0.000000000e+00
  9.233290371e-02
  0.000000000e+00
  6.343427015e-02 -2.126263617e-03 9.987421569e-01
  -1.010139869e+00 1.412484749e-01 6.420264706e-02
  -1.405787582e-01 -1.012735403e+00 6.369360566e-03
 Node:         46
  0.1117E+03  0.1296E+03  0.4959E+03  0.0000E+00
  -2.467E-16
   4.797E-17
  -7.401E-16
   1.199E-17
  -4.497E-17
   0.0
  3.057000000e-18
  -2.423000000e-16
  -7.476000000e-16
  6.629532710e-16
  -3.289476667e-16
  3.125191690e-16
  3.676000000e-02 -5.800000000e-02 9.976000000e-01
  9.946000000e-01 9.864000000e-02 -3.092000000e-02
  -9.662000000e-02 9.934000000e-01 6.131000000e-02
 Node:         47
  0.1107E+03  0.1269E+03  0.5087E+03  0.0000E+00
  -7.401E-16
  -5.397E-17
   4.934E-16
  -4.797E-17
   6.896E-17
   0.0
  5.058000000e-16
  -7.273000000e-18
  -7.452000000e-16
  1.089215580e-15
  -8.222433333e-17
  5.134611487e-16
  -4.821000000e-02 9.891000000e-01 1.394000000e-01
  -5.424000000e-02 -1.420000000e-01 9.884000000e-01
  -9.974000000e-01 -4.009000000e-02 -6.049000000e-02
 Node:         48
  0.1125E+03  0.1242E+03  0.5208E+03  0.0000E+00
   4.934E-16
   5.997E-18
   4.934E-16
   0.0
  -2.998E-18
   4.934E-16
  5.001000000e-16
  4.934000000e-16
  4.867000000e-16
  1.160474041e-17
  4.934000000e-16
  5.470527092e-18
  -6.325000000e-01 -7.071000000e-01 3.162000000e-01
  4.472000000e-01 -2.276000000e-15 8.944000000e-01
  6.325000000e-01 -7.071000000e-01 -3.162000000e-01
 Node:         49
  0.1186E+03  0.1311E+03  0.4938E+03  0.0000E+00
  -7.401E-16
  -3.598E-17
   0.0
  -7.196E-17
  -1.049E-17
  -2.467E-16
  1.947000000e-18
  -2.366000000e-16
  -7.523000000e-16
  6.677348644e-16
  -3.289843333e-16
  3.147732338e-16
  4.561000000e-02 -9.985000000e-01 2.894000000e-02
  -1.430000000e-01 2.215000000e-02 9.895000000e-01
  -9.887000000e-01 -4.926000000e-02 -1.418000000e-01
 Node:         50
  0.1180E+03  0.1298E+03  0.5075E+03  0.0000E+00
   0.0
  -2.249E-17
   1.48E-15
  -7.196E-17
   2.155E-17
   9.869E-16
  1.482000000e-15
  9.910000000e-16
  -5.513000000e-18
  1.312785985e-15
  8.224956667e-16
  6.188532481e-16
  1.739000000e-02 -9.988000000e-01 -4.603000000e-02
  -7.128000000e-02 -4.716000000e-02 9.963000000e-01
  9.973000000e-01 1.405000000e-02 7.201000000e-02
 Node:         51
  0.1192E+03  0.1275E+03  0.5206E+03  0.0000E+00
   0.0
  -5.997E-18
  -2.467E-16
   0.0
   2.549E-17
   4.934E-16
  4.943000000e-16
  1.449000000e-19
  -2.477000000e-16
  6.542860068e-16
  8.224830000e-17
  3.084333815e-16
  -4.170000000e-04 3.438000000e-02 9.994000000e-01
  9.997000000e-01 -2.416000000e-02 1.248000000e-03
  2.418000000e-02 9.991000000e-01 -3.436000000e-02
 Node:         52
  0.1262E+03  0.1305E+03  0.4920E+03  0.0000E+00
   4.934E-16
  -2.399E-17
   4.934E-16
   2.249E-18
   8.48E-18
   0.0
  5.175000000e-16
  4.696000000e-16
  -1.600000000e-19
  4.954496661e-16
  3.289800000e-16
  2.335572124e-16
  -7.061000000e-01 7.080000000e-01 8.534000000e-03
  7.081000000e-01 7.060000000e-01 1.614000000e-02
  -5.403000000e-03 -1.744000000e-02 9.998000000e-01
 Node:         53
  0.1258E+03  0.1304E+03  0.5063E+03  0.0000E+00
  -7.401E-16
  -2.998E-18
  -4.934E-16
   4.797E-17
   5.847E-17
  -9.869E-16
  -4.866000000e-16
  -7.314000000e-16
  -1.002000000e-15
  4.465358664e-16
  -7.400000000e-16
  2.104990261e-16
  1.040000000e-02 9.931000000e-01 1.171000000e-01
  -9.836000000e-01 3.123000000e-02 -1.776000000e-01
  -1.800000000e-01 -1.133000000e-01 9.771000000e-01
 Node:         54
  0.1265E+03  0.1288E+03  0.5200E+03  0.0000E+00
  -9.869E-16
   3.598E-17
   4.934E-16
   0.0
  -7.496E-18
   4.934E-16
  5.014000000e-16
  4.864000000e-16
  -9.877000000e-16
  1.481656947e-15
  3.333333333e-20
  6.984597833e-16
  1.758000000e-02 7.272000000e-01 -6.862000000e-01
  1.675000000e-02 6.860000000e-01 7.274000000e-01
  -9.997000000e-01 2.428000000e-02 1.229000000e-04
 Node:         55
  0.1381E+03  0.1168E+03  0.4523E+03  0.1040E-01
   0.0274
  -0.01509
   0.02077
  -0.005555
   0.0224
   0.01452
  4.644641612e-02
  1.115407298e-02
  -1.812636166e-04
  3.896908429e-02
  1.913974183e-02
  1.837020251e-02
  -7.564465142e-01 8.110389978e-01 5.552622004e-01
  8.044588235e-01 3.975803486e-01 6.258738562e-01
  -2.177192810e-01 -7.381101307e-01 7.714476035e-01
 Node:         56
  0.1314E+03  0.1156E+03  0.4681E+03  0.1040E-01
   0.02916
  -0.02185
   0.02115
  -0.01979
   0.0132
   0.0179
  4.161562636e-02
  1.089572113e-02
  1.402736340e-02
  2.850081453e-02
  2.217957030e-02
  1.343541282e-02
  -7.197558824e-01 6.664090044e-01 5.485520806e-01
  3.594297168e-01 1.137260349e-01 8.744048257e-01
  4.257294118e-01 3.103683007e-02 2.277449673e-01
 Node:         57
  0.1285E+03  0.1140E+03  0.4823E+03  0.1040E-01
   0.02501
  -0.009331
   0.02142
  -0.005901
   0.004082
   0.02082
  1.850270153e-02
  1.894007026e-02
  2.426679869e-02
  -3.875341911e-03
  2.056985683e-02
  -1.826853697e-03
  -8.055003268e-01 5.133160893e-01 3.526284318e-01
  2.361804203e-01 1.862737473e-01 6.158628540e-01
  2.261827560e-01 -1.109594771e-01 2.873366057e-01
 Node:         58
  0.1476E+03  0.1177E+03  0.4526E+03  0.1040E-01
   0.0271
  -0.0125
   0.02177
  -0.001749
   0.01427
   0.01003
  2.310141612e-02
  1.797117625e-02
  7.315642702e-03
  1.289922555e-02
  1.612941169e-02
  6.080753241e-03
  -6.922752723e-01 6.550262527e-01 3.036391068e-01
  6.575489107e-01 4.449904139e-01 5.170810458e-01
  -2.389282135e-01 -6.084298475e-01 7.614019608e-01
 Node:         59
  0.1414E+03  0.1166E+03  0.4688E+03  0.1040E-01
   0.03157
  -0.02937
   0.02191
  -0.0367
   0.02632
   0.01797
  7.483700436e-02
  -3.450735839e-03
  5.968300654e-05
  7.503661149e-02
  2.381531718e-02
  3.537259788e-02
  -6.664017429e-01 5.373229847e-01 5.911476841e-01
  6.466520697e-01 6.992200436e-01 1.490318083e-01
  -4.890154684e-01 -3.795038344e-01 -9.822483660e-02
 Node:         60
  0.1374E+03  0.1150E+03  0.4832E+03  0.1040E-01
   0.02628
  -0.01575
   0.02186
  -0.01758
   0.01115
   0.02152
  3.793517429e-02
  1.397139052e-02
  1.308451961e-02
  2.436329621e-02
  2.166369481e-02
  1.148496798e-02
  -6.865833333e-01 5.700439434e-01 5.869277015e-01
  4.373671024e-02 -5.655687364e-01 7.499846841e-01
  4.152652505e-01 -2.646401438e-01 4.951905229e-01
 Node:         61
  0.1546E+03  0.1220E+03  0.4530E+03  0.1040E-01
   0.02949
  -0.009703
   0.01939
   0.01638
  -0.02676
   0.01727
  -7.117429194e-04
  2.511983856e-02
  2.425008222e-02
  -2.391342071e-02
  1.621939262e-02
  -1.127289463e-02
  -7.103787582e-01 5.402721133e-01 -4.823661438e-01
  5.517738453e-01 3.663909586e-01 -3.151237473e-01
  6.700820261e-02 6.630052288e-01 8.077449020e-01
 Node:         62
  0.1487E+03  0.1201E+03  0.4695E+03  0.1040E-01
   0.0328
  -0.04857
   0.0222
  -0.03519
   0.01323
   0.0257
  6.712298475e-02
  1.459505414e-02
  -7.573276688e-03
  6.638071113e-02
  2.471492073e-02
  3.129216732e-02
  -7.179038126e-01 5.475578431e-01 4.425979303e-01
  2.493569717e-01 -4.713442102e-01 1.236268519e+00
  8.949305011e-01 9.955093682e-01 1.990150926e-01
 Node:         63
  0.1436E+03  0.1181E+03  0.4838E+03  0.1040E-01
   0.02546
  -0.02573
   0.02379
  -0.0141
   0.01949
   0.02244
  4.782502179e-02
  1.494720980e-02
  3.000604248e-03
  3.992274922e-02
  2.192427861e-02
  1.881976446e-02
  -6.168027233e-01 6.735911765e-01 5.134459869e-01
  3.629354031e-01 -1.207902887e-01 7.388218954e-01
  -6.470631264e-01 -1.107764924e+00 3.175069717e-01
 Node:         64
  0.1410E+03  0.1253E+03  0.4521E+03  0.1040E-01
   0.02027
  -0.02471
   0.02547
   4.88E-4
   5.684E-4
   0.01705
  3.089404139e-02
  1.044467647e-02
  1.634215370e-02
  1.393939386e-02
  1.922695719e-02
  6.571093282e-03
  -8.442898693e-01 8.141175381e-01 1.536480120e-01
  2.092074717e-01 -9.012160131e-02 8.077954684e-01
  7.304700436e-01 6.091574074e-01 1.338908736e-01
 Node:         65
  0.1338E+03  0.1229E+03  0.4681E+03  0.1040E-01
   0.02525
  -0.03899
   0.02374
  -0.01017
   0.003383
   0.01848
  5.747451525e-02
  1.283283279e-02
  -4.607033115e-03
  5.582263613e-02
  2.190010497e-02
  2.631504303e-02
  -6.926839869e-01 8.071715142e-01 2.388642157e-01
  7.995132026e-02 -3.528120915e-01 1.081789427e+00
  8.092833551e-01 7.495785403e-01 4.068828976e-01
 Node:         66
  0.1299E+03  0.1214E+03  0.4825E+03  0.1040E-01
   0.02488
  -0.01157
   0.02177
  -0.004976
   0.003821
   0.02077
  2.245497495e-02
  2.028162593e-02
  1.804251906e-02
  3.607350869e-03
  2.025970664e-02
  1.700521508e-03
  -7.679364924e-01 6.114776514e-01 3.122326906e-01
  2.119769063e-01 -3.781303922e-02 8.010575163e-01
  4.334837183e-01 2.746253813e-01 -8.759433551e-03
 Node:         67
  0.1494E+03  0.1243E+03  0.4526E+03  0.1040E-01
   0.02221
  -0.01562
   0.02526
   9.101E-4
   0.004178
   0.01108
  2.911514161e-02
  1.435776394e-02
  1.079855643e-02
  1.681502804e-02
  1.809048733e-02
  7.926680236e-03
  -6.735412854e-01 7.452791939e-01 9.037384532e-02
  -6.316097168e-01 -4.974575272e-01 -9.145971678e-01
  -4.987303922e-01 -4.462422658e-01 5.383006754e-01
 Node:         68
  0.1429E+03  0.1223E+03  0.4688E+03  0.1040E-01
   0.02981
  -0.0372
   0.02455
  -0.02671
   0.01064
   0.01544
  6.510617102e-02
  8.326193464e-03
  -5.625971678e-03
  6.489904788e-02
  2.260213094e-02
  3.059370457e-02
  -7.162571895e-01 5.849417211e-01 3.938099129e-01
  -4.496120980e-02 -6.385679978e-01 8.406982571e-01
  7.137224401e-01 5.954693900e-01 4.940617680e-01
 Node:         69
  0.1379E+03  0.1205E+03  0.4831E+03  0.1040E-01
   0.02632
  -0.01577
   0.02198
  -0.01316
   0.007616
   0.02082
  3.463306645e-02
  1.620415882e-02
  1.184154054e-02
  2.087728844e-02
  2.089292194e-02
  9.841648155e-03
  -7.060862745e-01 5.770443355e-01 4.853685403e-01
  1.528076580e-01 -5.610510240e-01 7.643379085e-01
  5.673277778e-01 5.568935730e-01 1.965741721e-01
 Node:         70
  0.1549E+03  0.1240E+03  0.4530E+03  0.1040E-01
   0.02391
  -0.02073
   0.02442
  -0.01118
   0.009005
   0.007668
  2.878095861e-02
  9.564102723e-03
  1.121755664e-02
  1.828247671e-02
  1.652087266e-02
  8.618442173e-03
  -6.980899782e-01 6.636103486e-01 2.985520697e-01
  3.801822440e-01 6.172540305e-01 -4.373864924e-01
  -3.786010566e-01 -1.086591612e-01 -4.858535948e-01
 Node:         71
  0.1489E+03  0.1220E+03  0.4695E+03  0.1040E-01
   0.03372
  -0.02988
   0.02419
  -0.05179
   0.01872
   0.01582
  6.745082789e-02
  1.034466124e-02
  -8.680652505e-03
  6.867218553e-02
  2.303827887e-02
  3.237237871e-02
  -7.188063181e-01 4.547338780e-01 5.293338780e-01
  -2.629314902e-01 -1.034083475e+00 5.900533769e-01
  8.780077342e-01 4.438950980e-01 8.265871678e-01
 Node:         72
  0.1434E+03  0.1199E+03  0.4837E+03  0.1040E-01
   0.02788
  -0.01575
   0.02177
  -0.02253
   0.009637
   0.02122
  4.261470044e-02
  1.303412898e-02
  8.830771242e-03
  3.200767429e-02
  2.149320022e-02
  1.508856236e-02
  -7.003713508e-01 4.804021786e-01 5.706919390e-01
  -2.017234205e-01 -9.822695752e-01 4.254185185e-01
  7.408886710e-01 4.523864924e-01 6.388730937e-01
 Node:         73
  0.1438E+03  0.1339E+03  0.4517E+03  0.0000E+00
   0.008535
   0.001595
  -0.003613
  -0.009417
   0.007397
  -2.28E-4
  -6.617684096e-03
  -1.525869608e-03
  -4.827638344e-03
  -2.154020289e-03
  -4.323730683e-03
  -1.015414902e-03
  -6.118689542e-01 6.732603486e-02 3.284988192e-01
  3.903516307e-01 5.991016449e-01 9.931342048e-01
  2.088961002e-01 -8.435076253e-01 5.327980610e-01
 Node:         74
  0.1363E+03  0.1303E+03  0.4680E+03  0.0000E+00
   0.01307
   0.03079
  -8.051E-5
   0.006168
   0.01259
   0.002142
  1.359034967e-02
  -4.371344935e-03
  -1.177746514e-02
  2.275857620e-02
  -8.528201344e-04
  1.072849571e-02
  -7.810188453e-01 -6.615963399e-01 -2.794236819e-01
  -4.411193028e-01 -1.189315359e-01 1.386728540e+00
  -5.997068301e-01 8.546663399e-01 -3.298484096e-01
 Node:         75
  0.1313E+03  0.1288E+03  0.4826E+03  0.0000E+00
   0.007211
   0.01231
   3.579E-4
   0.003707
   0.001937
   3.36E-4
  -3.289440087e-03
  -1.299900886e-03
  -4.183923094e-03
  -2.268841843e-05
  -2.924421355e-03
  -1.069542302e-05
  -8.441155773e-01 -5.476438344e-01 -1.837371318e-01
  -1.226932843e-01 3.959702614e-02 9.175866013e-01
  -5.623417211e-01 8.864092593e-01 -6.553160131e-02
 Node:         76
  0.1512E+03  0.1310E+03  0.4524E+03  0.0000E+00
   0.007107
  -0.002098
  -0.003178
  -0.009585
  -6.921E-4
  -0.001966
  -7.646152505e-03
  -1.226626024e-02
  1.647139434e-03
  -6.564488301e-03
  -6.088424437e-03
  -3.094529462e-03
  -7.107316993e-01 1.102151416e-01 4.590808279e-01
  1.539513889e-01 -5.001990632e-01 3.936282135e-01
  1.594799564e-01 -5.330006536e-01 7.477360349e-01
 Node:         77
  0.1443E+03  0.1281E+03  0.4687E+03  0.0000E+00
   0.0151
   0.02737
   5.465E-6
   0.008355
   0.00379
   5.464E-4
  1.298397603e-02
  -5.123627658e-03
  -1.125282571e-02
  2.181947688e-02
  -1.130825777e-03
  1.028580004e-02
  -8.111554466e-01 -6.103628431e-01 -2.573635425e-01
  -1.482428889e-01 -2.841127451e-01 6.069041394e-01
  -5.660459597e-01 1.205064597e+00 -2.742220588e-01
 Node:         78
  0.1384E+03  0.1261E+03  0.4829E+03  0.0000E+00
   0.007833
   0.01416
   3.907E-4
   0.005058
   0.002136
   2.317E-4
  -3.044814815e-04
  -6.688387146e-04
  -7.989492484e-03
  4.854345111e-03
  -2.987604227e-03
  2.288360231e-03
  -8.197781046e-01 -5.715420850e-01 -2.182165610e-01
  -1.335498911e-01 -1.683567865e-01 1.243628540e+00
  -5.968739325e-01 8.433088235e-01 -6.976126253e-02
 Node:         79
  0.1551E+03  0.1260E+03  0.4530E+03  0.0000E+00
   0.004867
  -0.01149
  -0.01483
  -0.02841
   0.001337
  -6.507E-5
  -3.326315142e-02
  -5.175844227e-03
  -8.710692810e-03
  -2.547406279e-02
  -1.571656282e-02
  -1.200858836e-02
  2.718007625e-01 -5.299477124e-02 -2.518473192e-01
  -1.276324292e-01 8.433903050e-01 -3.683345316e-01
  5.776976035e-01 1.521882353e-01 9.783006536e-02
 Node:         80
  0.1491E+03  0.1239E+03  0.4695E+03  0.0000E+00
   0.01788
   0.002188
  -0.009253
   0.01635
   0.007322
   0.001895
  -1.512760566e-02
  -1.868405229e-03
  -1.591043573e-03
  -1.321622969e-02
  -6.195684822e-03
  -6.230190425e-03
  -8.741131808e-01 -1.812600218e-01 -4.586459904e-01
  -4.207163617e-01 4.756722004e-01 4.504106754e-01
  -1.321050763e-01 -2.522391068e-01 5.455474510e-01
 Node:         81
  0.1433E+03  0.1217E+03  0.4837E+03  0.0000E+00
   0.00885
   0.009982
  -7.958E-4
   0.01696
   0.004888
   9.481E-4
  5.244397603e-03
  -4.370838834e-03
  -8.618661220e-03
  1.213474834e-02
  -2.581700817e-03
  5.720375227e-03
  -7.803484749e-01 -3.868854031e-01 -5.466640414e-01
  1.265279042e-01 -1.190455991e+00 5.670633224e-01
  -6.631448244e-01 4.075169499e-01 6.473644880e-01
 Node:         82
  0.1267E+03  0.1148E+03  0.4555E+03  0.1916E-01
   0.04415
  -0.01843
   0.03735
  -0.007909
  -0.00374
   0.03726
  6.506884041e-02
  4.098684423e-02
  4.743025153e-02
  1.482183069e-02
  5.116197872e-02
  6.987077996e-03
  -1.234402288e+00 6.624567582e-01 1.769927451e-01
  1.022561002e-02 -2.246531373e-01 1.115481373e+00
  5.137476035e-01 5.901880174e-01 4.213946623e-01
 Node:         83
  0.1234E+03  0.1129E+03  0.4716E+03  0.1916E-01
   0.04242
  -0.01505
   0.03759
  -0.01999
   4.399E-4
   0.03906
  5.021019063e-02
  5.480558497e-02
  5.131605512e-02
  -1.619640597e-03
  5.211061024e-02
  -7.635058996e-04
  -1.211561111e+00 4.429208290e-01 2.863117647e-01
  8.707593682e-02 -6.918656863e-01 7.269920479e-01
  7.352384532e-01 6.738677560e-01 1.300677560e-01
 Node:         84
  0.1187E+03  0.1123E+03  0.4849E+03  0.1916E-01
   0.04116
  -0.001492
   0.03824
  -0.005848
   2.96E-4
   0.03913
  4.244822985e-02
  5.490875381e-02
  5.606016122e-02
  -1.295165097e-02
  5.113904829e-02
  -6.105466820e-03
  -1.333857734e+00 1.259772593e-01 3.323395861e-01
  3.148112200e-02 -7.304872549e-01 2.731658170e-01
  4.779664706e-01 5.552485839e-02 2.335674292e-01
 Node:         85
  0.1302E+03  0.1161E+03  0.4542E+03  0.1916E-01
   0.04468
  -0.02106
   0.03734
  -0.007734
  -0.006645
   0.03627
  6.506899188e-02
  3.765251471e-02
  4.825427669e-02
  1.251532708e-02
  5.032526109e-02
  5.899781764e-03
  -8.398088235e-01 3.629215686e-01 1.933020697e-02
  9.464490632e-02 -3.744540305e-01 8.695686275e-01
  2.663149237e-01 2.960613290e-01 2.714923747e-01
 Node:         86
  0.1252E+03  0.1138E+03  0.4699E+03  0.1916E-01
   0.04023
  -0.01639
   0.04061
  -0.04285
   0.002477
   0.03853
  2.755822113e-02
  6.081483007e-02
  4.929447146e-02
  -2.192394504e-02
  4.588917422e-02
  -1.033504681e-02
  -9.626019608e-01 3.074736383e-01 4.697393246e-01
  1.541383007e-01 -9.966812636e-01 3.482075815e-01
  7.836979303e-01 2.147304248e-01 3.564458606e-01
 Node:         87
  0.1217E+03  0.1126E+03  0.4833E+03  0.1916E-01
   0.04145
  -0.001171
   0.03825
  -0.00891
   0.001166
   0.0392
  4.383945207e-02
  5.435648366e-02
  5.588516013e-02
  -1.116860782e-02
  5.136036529e-02
  -5.264932219e-03
  -1.303621133e+00 1.162794303e-01 3.821378867e-01
  -1.007040632e-01 -8.420311547e-01 6.820905447e-02
  5.530711547e-01 -1.398330610e-01 2.570354031e-01
 Node:         88
  0.1338E+03  0.1169E+03  0.4525E+03  0.1916E-01
   0.04342
  -0.02041
   0.03814
  -0.007968
   0.001833
   0.03704
  6.464430991e-02
  3.532914327e-02
  5.094712854e-02
  1.012939738e-02
  5.030686057e-02
  4.775043720e-03
  -9.280601852e-01 7.176021786e-01 3.496363834e-01
  2.808548148e-01 -1.214196460e-01 7.907322658e-01
  2.990619826e-01 3.230285403e-01 1.559739542e-01
 Node:         89
  0.1270E+03  0.1150E+03  0.4681E+03  0.1916E-01
   0.04479
  -0.01913
   0.03812
  -0.02199
   4.839E-4
   0.03844
  5.888473312e-02
  5.682620915e-02
  4.684186776e-02
  9.475532650e-03
  5.418427001e-02
  4.466808928e-03
  -1.206059913e+00 4.439361874e-01 3.002937146e-01
  1.467710915e-01 -7.096932462e-01 8.823454248e-01
  7.226837691e-01 6.704074619e-01 1.562704793e-01
 Node:         90
  0.1248E+03  0.1132E+03  0.4821E+03  0.1916E-01
   0.04193
  -0.006928
   0.03861
  -0.005455
   0.002852
   0.03854
  4.686171732e-02
  5.132396580e-02
  5.676278649e-02
  -7.856875520e-03
  5.164948987e-02
  -3.703766640e-03
  -1.294185839e+00 3.526509989e-01 2.828867211e-01
  2.195457802e-01 -4.225383442e-01 1.169932462e+00
  3.654206318e-01 1.281288671e-01 3.759128540e-01
 Node:         91
  0.1257E+03  0.1258E+03  0.4543E+03  0.1916E-01
   0.03807
  -0.03774
   0.04095
  -0.01291
  -0.00139
   0.03711
  6.647696623e-02
  4.139534336e-02
  3.891826484e-02
  2.501767113e-02
  4.893019147e-02
  1.179344327e-02
  -6.665465142e-01 9.485647059e-01 4.375104575e-01
  4.542182026e-02 -1.044490414e-01 1.158749108e+00
  6.027137691e-01 5.971084967e-01 2.753272331e-01
 Node:         92
  0.1208E+03  0.1231E+03  0.4723E+03  0.1916E-01
   0.04257
  -0.02467
   0.03788
  -0.02137
  -0.002474
   0.03805
  7.218424292e-02
  4.363637821e-02
  3.749503551e-02
  3.078253860e-02
  5.110521888e-02
  1.451102786e-02
  -1.129686166e+00 5.070046187e-01 4.186750218e-01
  2.482342288e-01 -6.824668845e-01 7.925006536e-01
  6.282844118e-01 6.019684096e-01 4.493340959e-01
 Node:         93
  0.1159E+03  0.1217E+03  0.4876E+03  0.1916E-01
   0.04173
   4.902E-4
   0.03814
  -0.01026
  -0.004552
   0.0389
  4.896297691e-02
  5.191833377e-02
  5.143749020e-02
  -2.264768878e-03
  5.077293362e-02
  -1.067622288e-03
  -1.253219172e+00 -1.456448889e-01 5.567207081e-01
  -3.081456863e-01 9.288729847e-01 1.028415033e-01
  -4.771990860e-01 -5.780063181e-01 -4.779119826e-01
 Node:         94
  0.1311E+03  0.1261E+03  0.4533E+03  0.1916E-01
   0.0372
  -0.03712
   0.0416
  -0.007246
  -0.004478
   0.03615
  6.919963290e-02
  3.402427179e-02
  4.047950185e-02
  2.370570442e-02
  4.790113551e-02
  1.117497623e-02
  -8.922630719e-01 7.669392375e-01 2.096409150e-01
  5.966603486e-02 -1.615284314e-01 9.455958388e-01
  7.743367102e-01 6.078038126e-01 4.149224401e-01
 Node:         95
  0.1248E+03  0.1233E+03  0.4703E+03  0.1916E-01
   0.04391
  -0.02204
   0.03901
  -0.02377
   3.39E-5
   0.03608
  7.933494390e-02
  4.143671612e-02
  3.394716220e-02
  4.065383826e-02
  5.157294074e-02
  1.916440314e-02
  -1.146665142e+00 5.131585403e-01 4.752256209e-01
