 Group name: predicted_stress_L4A2
 #Fields=  16
 1) coordinates, coordinate, rectangular cartesian, #Components=3
   x.  Value index= 1, #Derivatives=0
   y.  Value index= 2, #Derivatives=0
   z.  Value index= 3, #Derivatives=0
 2) Tensor_1, field, rectangular cartesian, #Components=1
   Tensor_1.  Value index= 4, #Derivatives=0
 3) Tensor_2, field, rectangular cartesian, #Components=1
   Tensor_2.  Value index= 5, #Derivatives=0
 4) Tensor_3, field, rectangular cartesian, #Components=1
   Tensor_3.  Value index= 6, #Derivatives=0
 5) Tensor_4, field, rectangular cartesian, #Components=1
   Tensor_4.  Value index= 7, #Derivatives=0
 6) Tensor_5, field, rectangular cartesian, #Components=1
   Tensor_5.  Value index= 8, #Derivatives=0
 7) Tensor_6, field, rectangular cartesian, #Components=1
   Tensor_6.  Value index= 9, #Derivatives=0
 8) Principal_1, field, rectangular cartesian, #Components=1
   Principal_1.  Value index= 10, #Derivatives=0
 9) Principal_2, field, rectangular cartesian, #Components=1
   Principal_2.  Value index= 11, #Derivatives=0
 10) Principal_3, field, rectangular cartesian, #Components=1
   Principal_3.  Value index= 12, #Derivatives=0
 11) VonMises, field, rectangular cartesian, #Components=1
   VonMises.  Value index= 13, #Derivatives=0
 12) Hydrostatic, field, rectangular cartesian, #Components=1
   VonMises.  Value index= 14, #Derivatives=0
 13) Octahedral, field, rectangular cartesian, #Components=1
   VonMises.  Value index= 15, #Derivatives=0
 14) PrincipalVector1, field, rectangular cartesian, #Components=3
   x.  Value index= 16, #Derivatives=0
   y.  Value index= 17, #Derivatives=0
   z.  Value index= 18, #Derivatives=0
 15) PrincipalVector2, field, rectangular cartesian, #Components=3
   x.  Value index= 19, #Derivatives=0
   y.  Value index= 20, #Derivatives=0
   z.  Value index= 21, #Derivatives=0
 16) PrincipalVector3, field, rectangular cartesian, #Components=3
   x.  Value index= 22, #Derivatives=0
   y.  Value index= 23, #Derivatives=0
   z.  Value index= 24, #Derivatives=0
 Node:          1
  0.1287E+03  0.1133E+03  0.4908E+03 -0.3598E-04
  -7.195E-5
  -1.439E-16
  -7.195E-5
  -4.798E-17
  -7.196E-17
  -7.195E-5
  -4.559530667e-03
  -4.559530667e-03
  -4.559530667e-03
  0.000000000e+00
  -4.559530667e-03
  0.000000000e+00
  9.271082453e-01 -2.468015083e-01 -2.655979387e-02
  2.486084967e-01 9.525513826e-01 -1.739782805e-01
  7.097410256e-02 1.611977878e-01 9.840923580e-01
 Node:          2
  0.1292E+03  0.1137E+03  0.5052E+03 -0.3598E-04
  -7.195E-5
  -1.919E-16
  -7.195E-5
  -9.595E-17
   3.358E-16
  -7.195E-5
  -4.559530667e-03
  -4.559530667e-03
  -4.559530667e-03
  0.000000000e+00
  -4.559530667e-03
  0.000000000e+00
  8.124943188e-01 -3.633450980e-01 -1.826030669e-01
  4.245551031e-01 7.572128205e-01 3.828346405e-01
  -9.339616893e-04 -4.528252891e-01 8.915615385e-01
 Node:          3
  0.1289E+03  0.1155E+03  0.5194E+03 -0.3598E-04
  -7.195E-5
   2.399E-16
  -7.195E-5
   1.919E-16
   9.595E-17
  -7.195E-5
  -4.559530667e-03
  -4.559530667e-03
  -4.559530667e-03
  0.000000000e+00
  -4.559530667e-03
  0.000000000e+00
  -4.079247863e-01 -8.755153846e-01 -2.586461538e-01
  4.946763700e-01 -4.502000000e-01 7.432891905e-01
  7.672775264e-01 -1.752835093e-01 -6.167011061e-01
 Node:          4
  0.1361E+03  0.1141E+03  0.4915E+03 -0.3598E-04
  -7.195E-5
  -4.798E-17
  -7.195E-5
  -4.798E-17
  -1.439E-16
  -7.195E-5
  -4.559530667e-03
  -4.559530667e-03
  -4.559530667e-03
  0.000000000e+00
  -4.559530667e-03
  0.000000000e+00
  -4.238377074e-02 -9.376311714e-02 9.946660633e-01
  -9.540522373e-01 9.973589744e-02 -3.118969834e-02
  -9.625204625e-02 -9.502483660e-01 -9.369010558e-02
 Node:          5
  0.1341E+03  0.1144E+03  0.5054E+03 -0.3598E-04
  -7.195E-5
   2.399E-16
  -7.195E-5
   9.595E-17
  -1.199E-16
  -7.195E-5
  -4.559530667e-03
  -4.559530667e-03
  -4.559530667e-03
  0.000000000e+00
  -4.559530667e-03
  0.000000000e+00
  9.787530417e-02 -1.788548014e-01 9.789897436e-01
  7.176038713e-01 6.942101056e-01 5.507671192e-02
  -6.895082453e-01 6.971612871e-01 1.963076923e-01
 Node:          6
  0.1323E+03  0.1162E+03  0.5191E+03 -0.3598E-04
  -7.195E-5
   9.595E-17
  -7.195E-5
  -9.595E-17
  -4.798E-17
  -7.195E-5
  -4.559530667e-03
  -4.559530667e-03
  -4.559530667e-03
  0.000000000e+00
  -4.559530667e-03
  0.000000000e+00
  -7.140695827e-01 -6.938488185e-01 9.248040221e-02
  6.285464555e-01 -6.551982403e-01 -3.407381096e-02
  9.022647562e-02 3.964511815e-02 9.950666667e-01
 Node:          7
  0.1408E+03  0.1171E+03  0.4920E+03 -0.3598E-04
  -7.195E-5
   3.838E-16
  -7.195E-5
  -1.439E-16
  -1.919E-16
  -7.195E-5
  -4.559530667e-03
  -4.559530667e-03
  -4.559530667e-03
  0.000000000e+00
  -4.559530667e-03
  0.000000000e+00
  8.306626948e-01 4.646199095e-01 -1.221293615e-01
  -4.978172951e-01 8.591963801e-01 -1.164928004e-01
  5.287176973e-02 1.640293615e-01 9.850271493e-01
 Node:          8
  0.1367E+03  0.1169E+03  0.5055E+03 -0.3598E-04
  -7.195E-5
   3.358E-16
  -7.195E-5
  -6.957E-16
  -4.078E-16
  -7.195E-5
  -4.559530667e-03
  -4.559530667e-03
  -4.559530667e-03
  0.000000000e+00
  -4.559530667e-03
  0.000000000e+00
  -6.793206637e-01 -6.217192559e-01 2.845152841e-01
  6.311645551e-01 -7.258327803e-01 -7.146532428e-02
  2.712825842e-01 1.226216692e-01 9.522418803e-01
 Node:          9
  0.1339E+03  0.1180E+03  0.5191E+03 -0.3598E-04
  -7.195E-5
   2.879E-16
  -7.195E-5
  -6.837E-16
  -4.798E-16
  -7.195E-5
  -4.559530667e-03
  -4.559530667e-03
  -4.559530667e-03
  0.000000000e+00
  -4.559530667e-03
  0.000000000e+00
  2.920116139e-01 1.672186023e-01 -8.575359980e-01
  8.967315234e-01 1.293445953e-01 2.957161388e-01
  -1.809604927e-01 9.296401207e-01 1.217775767e-01
 Node:         10
  0.1294E+03  0.1212E+03  0.4911E+03 -0.3598E-04
  -7.195E-5
   4.798E-17
  -7.195E-5
  -2.399E-17
   2.159E-16
  -7.195E-5
  -4.559530667e-03
  -4.559530667e-03
  -4.559530667e-03
  0.000000000e+00
  -4.559530667e-03
  0.000000000e+00
  2.410669180e-02 6.704036199e-01 6.712132730e-01
  1.707190900e-01 6.891590749e-01 -7.035736048e-01
  -8.939438914e-01 1.306200749e-01 -9.893474610e-02
 Node:         11
  0.1295E+03  0.1214E+03  0.5055E+03 -0.3598E-04
  -7.195E-5
  -4.798E-17
  -7.195E-5
  -7.196E-17
   2.399E-17
  -7.195E-5
  -4.559530667e-03
  -4.559530667e-03
  -4.559530667e-03
  0.000000000e+00
  -4.559530667e-03
  0.000000000e+00
  -2.671015083e-01 1.256269080e-01 9.193132730e-01
  -5.538374560e-01 6.986467572e-01 -2.566149321e-01
  7.235275515e-01 5.879490699e-01 1.255993967e-01
 Node:         12
  0.1295E+03  0.1217E+03  0.5196E+03 -0.3598E-04
  -7.195E-5
  -6.097E-37
  -7.195E-5
   1.319E-16
   4.798E-17
  -7.195E-5
  -4.559530667e-03
  -4.559530667e-03
  -4.559530667e-03
  0.000000000e+00
  -4.559530667e-03
  0.000000000e+00
  -2.410443439e-01 -8.783453394e-02 -9.664936149e-01
  -3.306859729e-01 8.990677728e-01 1.058865037e-03
  8.406525892e-02 3.799688286e-02 -2.462051282e-02
 Node:         13
  0.1361E+03  0.1199E+03  0.4914E+03 -0.3598E-04
  -7.195E-5
  -2.399E-16
  -7.195E-5
  -1.679E-16
   4.798E-17
  -7.195E-5
  -4.559530667e-03
  -4.559530667e-03
  -4.559530667e-03
  0.000000000e+00
  -4.559530667e-03
  0.000000000e+00
  8.831315234e-01 -3.555154349e-01 -1.220965812e-01
  3.699567622e-01 9.286447461e-01 -2.805340372e-02
  1.285335847e-01 -2.125245762e-02 9.914739568e-01
 Node:         14
  0.1342E+03  0.1198E+03  0.5054E+03 -0.3598E-04
  -7.195E-5
   4.798E-17
  -7.195E-5
   9.595E-17
  -1.559E-16
  -7.195E-5
  -4.559530667e-03
  -4.559530667e-03
  -4.559530667e-03
  0.000000000e+00
  -4.559530667e-03
  0.000000000e+00
  9.871723479e-02 -2.634167421e-01 9.595230266e-01
  -2.789728205e-01 -8.920730518e-01 -2.158497738e-01
  -9.129267471e-01 2.462451383e-01 1.617525892e-01
 Node:         15
  0.1330E+03  0.1205E+03  0.5193E+03 -0.3598E-04
  -7.195E-5
  -1.439E-16
  -7.195E-5
   2.399E-17
   8.396E-17
  -7.195E-5
  -4.559530667e-03
  -4.559530667e-03
  -4.559530667e-03
  0.000000000e+00
  -4.559530667e-03
  0.000000000e+00
  9.534608346e-01 -1.086941528e-01 1.297734037e-02
  -1.920602815e-02 -2.786210659e-01 -9.176523379e-01
  1.120774158e-01 9.496485168e-01 -2.904301156e-01
 Node:         16
  0.1404E+03  0.1188E+03  0.4918E+03 -0.3598E-04
  -7.195E-5
   9.595E-17
  -7.195E-5
  -1.439E-16
  -2.519E-16
  -7.195E-5
  -4.559530667e-03
  -4.559530667e-03
  -4.559530667e-03
  0.000000000e+00
  -4.559530667e-03
  0.000000000e+00
  -1.500891905e-01 -2.382798894e-01 9.595089492e-01
  -7.481841126e-01 -5.285633987e-01 -2.492667672e-01
  5.668496229e-01 -7.549079437e-01 -1.006826546e-01
 Node:         17
  0.1365E+03  0.1184E+03  0.5055E+03 -0.3598E-04
  -7.195E-5
   4.798E-17
  -7.195E-5
   1.679E-16
   2.939E-16
  -7.195E-5
  -4.559530667e-03
  -4.559530667e-03
  -4.559530667e-03
  0.000000000e+00
  -4.559530667e-03
  0.000000000e+00
  2.422008044e-01 3.930725993e-01 8.386088487e-01
  8.963396682e-01 -3.256377577e-01 -1.039152454e-01
  -2.516273002e-01 -8.438531423e-01 4.678919558e-01
 Node:         18
  0.1341E+03  0.1191E+03  0.5192E+03 -0.3598E-04
  -7.195E-5
  -8.106E-37
  -7.195E-5
   4.573E-17
   1.84E-16
  -7.195E-5
  -4.559530667e-03
  -4.559530667e-03
  -4.559530667e-03
  0.000000000e+00
  -4.559530667e-03
  0.000000000e+00
  1.970431875e-02 8.262835093e-02 9.443994470e-01
  9.356132730e-01 -2.563078431e-01 7.257559318e-03
  -2.455431373e-01 -8.923843137e-01 8.798599296e-02
 Node:         19
  0.1301E+03  0.1291E+03  0.4914E+03  0.0000E+00
   4.934E-16
   0.0
   4.934E-16
   3.631E-19
   1.731E-17
  -9.869E-16
  4.936000000e-16
  4.934000000e-16
  -9.871000000e-16
  1.480600010e-15
  -3.333333333e-20
  6.979615383e-16
  -2.097000000e-02 -9.997000000e-01 -1.169000000e-02
  -9.998000000e-01 2.097000000e-02 -8.123000000e-17
  2.452000000e-04 1.169000000e-02 -9.999000000e-01
 Node:         20
  0.1299E+03  0.1291E+03  0.5058E+03  0.0000E+00
   9.869E-16
   0.0
   0.0
   1.799E-17
   3.326E-17
  -2.467E-16
  9.871000000e-16
  4.400000000e-18
  -2.514000000e-16
  1.132478516e-15
  2.467000000e-16
  5.338554923e-16
  -9.999000000e-01 -4.917000000e-04 -1.459000000e-02
  2.401000000e-03 -9.914000000e-01 -1.311000000e-01
  -1.440000000e-02 -1.312000000e-01 9.913000000e-01
 Node:         21
  0.1301E+03  0.1280E+03  0.5197E+03  0.0000E+00
   4.934E-16
   0.0
   0.0
   7.196E-17
   2.549E-17
   4.934E-16
  5.660000000e-16
  4.222000000e-16
  -1.341000000e-18
  5.108528306e-16
  3.289530000e-16
  2.408183338e-16
  -7.039000000e-01 -3.195000000e-02 -7.096000000e-01
  -7.102000000e-01 4.241000000e-02 7.027000000e-01
  -7.642000000e-03 -9.986000000e-01 5.255000000e-02
 Node:         22
  0.1360E+03  0.1256E+03  0.4913E+03  0.0000E+00
  -9.869E-16
   2.399E-17
  -4.934E-16
  -2.399E-17
   1.739E-16
   4.934E-16
  5.234000000e-16
  -5.215000000e-16
  -9.888000000e-16
  1.341069376e-15
  -3.289666667e-16
  6.321861663e-16
  -1.298000000e-02 1.683000000e-01 9.857000000e-01
  5.935000000e-02 9.841000000e-01 -1.672000000e-01
  -9.982000000e-01 5.633000000e-02 -2.276000000e-02
 Node:         23
  0.1343E+03  0.1253E+03  0.5054E+03  0.0000E+00
   0.0
   3.598E-17
  -1.974E-15
   0.0
   2.271E-16
  -7.401E-16
  6.796000000e-19
  -6.997000000e-16
  -2.015000000e-15
  1.772499637e-15
  -9.046734667e-16
  8.355643418e-16
  9.998000000e-01 1.889000000e-02 5.790000000e-03
  -9.011000000e-03 1.753000000e-01 9.845000000e-01
  1.758000000e-02 -9.843000000e-01 1.754000000e-01
 Node:         24
  0.1336E+03  0.1248E+03  0.5194E+03  0.0000E+00
  -9.869E-16
   2.099E-17
   0.0
   2.399E-17
   1.499E-18
  -7.401E-16
  4.516000000e-19
  -7.379000000e-16
  -9.896000000e-16
  8.912682385e-16
  -5.756828000e-16
  4.201478769e-16
  -2.132000000e-02 -9.998000000e-01 -2.714000000e-03
  9.549000000e-02 -4.739000000e-03 9.954000000e-01
  -9.952000000e-01 2.096000000e-02 9.557000000e-02
 Node:         25
  0.1400E+03  0.1206E+03  0.4917E+03  0.0000E+00
   0.0
   4.617E-16
  -4.934E-16
  -1.439E-16
  -2.249E-16
   9.869E-16
  1.067000000e-15
  2.050000000e-16
  -7.785000000e-16
  1.599404030e-15
  1.645000000e-16
  7.539662901e-16
  -2.161000000e-01 -2.016000000e-01 9.553000000e-01
  8.390000000e-01 4.621000000e-01 2.874000000e-01
  -4.994000000e-01 8.636000000e-01 6.929000000e-02
 Node:         26
  0.1363E+03  0.1200E+03  0.5055E+03  0.0000E+00
   9.869E-16
   1.859E-16
  -2.714E-15
   4.797E-17
  -1.943E-15
  -2.467E-16
  1.006000000e-15
  8.090000000e-16
  -3.789000000e-15
  4.699597749e-15
  -6.580000000e-16
  2.215411625e-15
  9.680000000e-01 1.526000000e-01 -1.995000000e-01
  2.481000000e-01 -4.578000000e-01 8.538000000e-01
  -3.892000000e-02 8.759000000e-01 4.809000000e-01
 Node:         27
  0.1343E+03  0.1203E+03  0.5192E+03  0.0000E+00
   9.869E-16
  -3.358E-16
   9.869E-16
  -1.799E-16
   2.27E-15
   0.0
  2.890000000e-15
  9.150000000e-16
  -1.831000000e-15
  4.106639867e-15
  6.580000000e-16
  1.935888599e-15
  -1.931000000e-01 7.658000000e-01 6.135000000e-01
  9.808000000e-01 1.345000000e-01 1.409000000e-01
  2.534000000e-02 6.289000000e-01 -7.771000000e-01
 Node:         28
  0.1155E+03  0.1124E+03  0.4931E+03 -0.2126E-03
  -4.252E-4
   6.599E-17
  -4.252E-4
  -9.599E-17
   9.599E-17
  -4.252E-4
  -2.723457111e-02
  -2.723457111e-02
  -2.723457111e-02
  0.000000000e+00
  -2.723457111e-02
  0.000000000e+00
  2.573997486e-02 9.778667672e-01 1.799966315e-01
  7.140127200e-02 1.837884867e-01 -9.424136752e-01
  -9.566945701e-01 3.800244344e-02 -6.384979387e-02
 Node:         29
  0.1119E+03  0.1139E+03  0.5068E+03 -0.2126E-03
  -4.252E-4
  -3.6E-17
  -4.252E-4
   9.599E-17
   1.2E-17
  -4.252E-4
  -2.723457111e-02
  -2.723457111e-02
  -2.723457111e-02
  0.000000000e+00
  -2.723457111e-02
  0.000000000e+00
  -3.487179990e-02 9.642651584e-01 1.142226345e-02
  -9.264110106e-01 -3.418472599e-02 -1.752568376e-01
  -1.719172951e-01 -1.646438411e-02 9.086868778e-01
 Node:         30
  0.1113E+03  0.1159E+03  0.5206E+03 -0.2126E-03
  -4.252E-4
   2.16E-16
  -4.252E-4
   5.896E-36
  -4.8E-17
  -4.252E-4
  -2.723457111e-02
  -2.723457111e-02
  -2.723457111e-02
  0.000000000e+00
  -2.723457111e-02
  0.000000000e+00
  6.328771745e-01 6.552896430e-01 -4.683323278e-02
  -6.903494218e-01 6.698840623e-01 -9.131508296e-02
  -4.251662645e-02 9.098436400e-02 9.587255405e-01
 Node:         31
  0.1203E+03  0.1126E+03  0.4920E+03 -0.2126E-03
  -4.252E-4
   1.68E-16
  -4.252E-4
   4.8E-17
   7.199E-17
  -4.252E-4
  -2.723457111e-02
  -2.723457111e-02
  -2.723457111e-02
  0.000000000e+00
  -2.723457111e-02
  0.000000000e+00
  -6.990689794e-01 -4.183089995e-01 -4.992235294e-01
  4.804577174e-01 1.366487179e-01 -8.068874309e-01
  3.988156360e-01 -8.220163901e-01 1.441643037e-01
 Node:         32
  0.1188E+03  0.1134E+03  0.5062E+03 -0.2126E-03
  -4.252E-4
  -2.4E-17
  -4.252E-4
  -4.8E-17
   1.68E-16
  -4.252E-4
  -2.723457111e-02
  -2.723457111e-02
  -2.723457111e-02
  0.000000000e+00
  -2.723457111e-02
  0.000000000e+00
  9.425265460e-01 -1.835817999e-02 -3.927802413e-02
  4.506044746e-02 4.387037707e-01 8.788857717e-01
  -6.614037707e-04 -8.927754148e-01 4.489783811e-01
 Node:         33
  0.1183E+03  0.1150E+03  0.5201E+03 -0.2126E-03
  -4.252E-4
   9.599E-17
  -4.252E-4
   1.44E-16
  -7.862E-36
  -4.252E-4
  -2.723457111e-02
  -2.723457111e-02
  -2.723457111e-02
  0.000000000e+00
  -2.723457111e-02
  0.000000000e+00
  7.731476119e-01 1.240569532e-01 2.211443439e-01
  -2.553073886e-02 6.244433886e-01 -4.030270488e-01
  -2.398544997e-01 4.121772750e-01 6.309385118e-01
 Node:         34
  0.1255E+03  0.1129E+03  0.4909E+03 -0.2126E-03
  -4.252E-4
  -9.172E-36
  -4.252E-4
   9.599E-17
   1.68E-16
  -4.252E-4
  -2.723457111e-02
  -2.723457111e-02
  -2.723457111e-02
  0.000000000e+00
  -2.723457111e-02
  0.000000000e+00
  2.765110106e-01 4.486876823e-01 5.382648064e-01
  2.122006033e-01 -9.591377577e-02 4.313927507e-03
  -2.542582705e-01 -4.733472097e-01 5.310951735e-01
 Node:         35
  0.1260E+03  0.1135E+03  0.5054E+03 -0.2126E-03
  -4.252E-4
   1.92E-16
  -4.252E-4
   1.92E-16
   4.32E-16
  -4.252E-4
  -2.723457111e-02
  -2.723457111e-02
  -2.723457111e-02
  0.000000000e+00
  -2.723457111e-02
  0.000000000e+00
  7.120871292e-01 4.541978381e-01 4.539355455e-01
  -6.239948718e-01 4.992491704e-01 5.008493715e-01
  3.353142475e-03 -7.086912519e-01 7.046076923e-01
 Node:         36
  0.1257E+03  0.1153E+03  0.5196E+03 -0.2126E-03
  -4.252E-4
  -9.599E-17
  -4.252E-4
  -9.599E-17
   1.44E-16
  -4.252E-4
  -2.723457111e-02
  -2.723457111e-02
  -2.723457111e-02
  0.000000000e+00
  -2.723457111e-02
  0.000000000e+00
  -5.283223228e-01 5.927284565e-01 5.870447964e-01
  5.785221719e-01 2.657343389e-01 2.640900151e-01
  -4.726962366e-03 -7.064457516e-01 7.085854198e-01
 Node:         37
  0.1132E+03  0.1210E+03  0.4959E+03 -0.2126E-03
  -4.252E-4
   2.4E-16
  -4.252E-4
  -1.44E-16
   3.12E-16
  -4.252E-4
  -2.723457111e-02
  -2.723457111e-02
  -2.723457111e-02
  0.000000000e+00
  -2.723457111e-02
  0.000000000e+00
  -4.691989442e-01 -7.398887381e-01 -3.194252489e-01
  7.045287582e-01 -2.138296732e-01 -5.305725490e-01
  3.681175968e-01 -5.220774258e-01 6.981444646e-01
 Node:         38
  0.1111E+03  0.1204E+03  0.5085E+03 -0.2126E-03
  -4.252E-4
   1.68E-16
  -4.252E-4
  -4.8E-17
  -1.44E-16
  -4.252E-4
  -2.723457111e-02
  -2.723457111e-02
  -2.723457111e-02
  0.000000000e+00
  -2.723457111e-02
  0.000000000e+00
  2.013951232e-01 9.283165410e-01 -1.367521971e-01
  9.333289593e-01 -2.113625440e-01 -5.906228255e-02
  9.112890397e-02 1.250881347e-01 9.870391654e-01
 Node:         39
  0.1119E+03  0.1201E+03  0.5207E+03 -0.2126E-03
  -4.252E-4
  -1.68E-16
  -4.252E-4
  -1.44E-16
  -1.32E-16
  -4.252E-4
  -2.723457111e-02
  -2.723457111e-02
  -2.723457111e-02
  0.000000000e+00
  -2.723457111e-02
  0.000000000e+00
  8.850464555e-01 -7.458944897e-02 -3.632894922e-01
  3.589120664e-01 -1.928077929e-01 9.129635998e-01
  -1.379902514e-01 -9.384984414e-01 -1.439695827e-01
 Node:         40
  0.1191E+03  0.1220E+03  0.4937E+03 -0.2126E-03
  -4.252E-4
   1.44E-16
  -4.252E-4
   1.44E-16
  -2.4E-17
  -4.252E-4
  -2.723457111e-02
  -2.723457111e-02
  -2.723457111e-02
  0.000000000e+00
  -2.723457111e-02
  0.000000000e+00
  2.758098542e-01 3.872013072e-02 3.774218200e-02
  -3.121863323e-04 1.978960282e-01 -2.001872800e-01
  -6.176485671e-02 2.243754651e-01 2.221442936e-01
 Node:         41
  0.1182E+03  0.1217E+03  0.5073E+03 -0.2126E-03
  -4.252E-4
  -4.8E-17
  -4.252E-4
   9.599E-17
   1.68E-16
  -4.252E-4
  -2.723457111e-02
  -2.723457111e-02
  -2.723457111e-02
  0.000000000e+00
  -2.723457111e-02
  0.000000000e+00
  -1.436421820e-01 -1.783036903e-01 -9.297978884e-01
  -8.730626948e-01 2.366376571e-01 9.467018602e-02
  2.195765209e-01 9.481181498e-01 -2.169104776e-01
 Node:         42
  0.1187E+03  0.1212E+03  0.5204E+03 -0.2126E-03
  -4.252E-4
  -9.599E-17
  -4.252E-4
   5.241E-36
   9.599E-17
  -4.252E-4
  -2.723457111e-02
  -2.723457111e-02
  -2.723457111e-02
  0.000000000e+00
  -2.723457111e-02
  0.000000000e+00
  -1.812520362e-02 9.667773253e-02 9.960736551e-01
  -8.929900452e-01 1.662450980e-01 -3.349516340e-02
  -1.686985420e-01 -9.403428356e-01 8.781031171e-02
 Node:         43
  0.1258E+03  0.1217E+03  0.4915E+03 -0.2126E-03
  -4.252E-4
   1.92E-16
  -4.252E-4
  -2.4E-17
   2.621E-36
  -4.252E-4
  -2.723457111e-02
  -2.723457111e-02
  -2.723457111e-02
  0.000000000e+00
  -2.723457111e-02
  0.000000000e+00
  9.047039718e-01 2.892262946e-01 -2.118664656e-02
  -3.301691302e-01 9.018109100e-01 4.163499246e-03
  1.976158371e-02 -1.383859477e-02 9.982932127e-01
 Node:         44
  0.1259E+03  0.1220E+03  0.5059E+03 -0.2126E-03
  -4.252E-4
   2.4E-16
  -4.252E-4
   1.68E-16
   1.92E-16
  -4.252E-4
  -2.723457111e-02
  -2.723457111e-02
  -2.723457111e-02
  0.000000000e+00
  -2.723457111e-02
  0.000000000e+00
  -3.315069382e-01 -3.474408245e-01 -7.724198592e-01
  -6.147801911e-01 -5.655491202e-01 5.193340372e-01
  6.520393665e-01 -6.809349422e-01 2.898606335e-02
 Node:         45
  0.1261E+03  0.1221E+03  0.5198E+03 -0.2126E-03
  -4.252E-4
  -1.44E-16
  -4.252E-4
   4.8E-17
  -1.2E-17
  -4.252E-4
  -2.723457111e-02
  -2.723457111e-02
  -2.723457111e-02
  0.000000000e+00
  -2.723457111e-02
  0.000000000e+00
  6.770473102e-02 -1.576800905e-02 9.973713424e-01
  -9.476598793e-01 1.361405229e-01 6.667126194e-02
  -1.369973856e-01 -9.497616390e-01 -5.781680241e-03
 Node:         46
  0.1117E+03  0.1296E+03  0.4959E+03  0.0000E+00
  -2.467E-16
   4.797E-17
  -7.401E-16
   1.199E-17
  -4.497E-17
   0.0
  3.057000000e-18
  -2.423000000e-16
  -7.476000000e-16
  6.629532710e-16
  -3.289476667e-16
  3.125191690e-16
  3.676000000e-02 -5.800000000e-02 9.976000000e-01
  9.946000000e-01 9.864000000e-02 -3.092000000e-02
  -9.662000000e-02 9.934000000e-01 6.131000000e-02
 Node:         47
  0.1107E+03  0.1269E+03  0.5087E+03  0.0000E+00
  -7.401E-16
  -5.397E-17
   4.934E-16
  -4.797E-17
   6.896E-17
   0.0
  5.058000000e-16
  -7.273000000e-18
  -7.452000000e-16
  1.089215580e-15
  -8.222433333e-17
  5.134611487e-16
  -4.821000000e-02 9.891000000e-01 1.394000000e-01
  -5.424000000e-02 -1.420000000e-01 9.884000000e-01
  -9.974000000e-01 -4.009000000e-02 -6.049000000e-02
 Node:         48
  0.1125E+03  0.1242E+03  0.5208E+03  0.0000E+00
   4.934E-16
   5.997E-18
   4.934E-16
   0.0
  -2.998E-18
   4.934E-16
  5.001000000e-16
  4.934000000e-16
  4.867000000e-16
  1.160474041e-17
  4.934000000e-16
  5.470527092e-18
  -6.325000000e-01 -7.071000000e-01 3.162000000e-01
  4.472000000e-01 -2.276000000e-15 8.944000000e-01
  6.325000000e-01 -7.071000000e-01 -3.162000000e-01
 Node:         49
  0.1186E+03  0.1311E+03  0.4938E+03  0.0000E+00
  -7.401E-16
  -3.598E-17
   0.0
  -7.196E-17
  -1.049E-17
  -2.467E-16
  1.947000000e-18
  -2.366000000e-16
  -7.523000000e-16
  6.677348644e-16
  -3.289843333e-16
  3.147732338e-16
  4.561000000e-02 -9.985000000e-01 2.894000000e-02
  -1.430000000e-01 2.215000000e-02 9.895000000e-01
  -9.887000000e-01 -4.926000000e-02 -1.418000000e-01
 Node:         50
  0.1180E+03  0.1298E+03  0.5075E+03  0.0000E+00
   0.0
  -2.249E-17
   1.48E-15
  -7.196E-17
   2.155E-17
   9.869E-16
  1.482000000e-15
  9.910000000e-16
  -5.513000000e-18
  1.312785985e-15
  8.224956667e-16
  6.188532481e-16
  1.739000000e-02 -9.988000000e-01 -4.603000000e-02
  -7.128000000e-02 -4.716000000e-02 9.963000000e-01
  9.973000000e-01 1.405000000e-02 7.201000000e-02
 Node:         51
  0.1192E+03  0.1275E+03  0.5206E+03  0.0000E+00
   0.0
  -5.997E-18
  -2.467E-16
   0.0
   2.549E-17
   4.934E-16
  4.943000000e-16
  1.449000000e-19
  -2.477000000e-16
  6.542860068e-16
  8.224830000e-17
  3.084333815e-16
  -4.170000000e-04 3.438000000e-02 9.994000000e-01
  9.997000000e-01 -2.416000000e-02 1.248000000e-03
  2.418000000e-02 9.991000000e-01 -3.436000000e-02
 Node:         52
  0.1262E+03  0.1305E+03  0.4920E+03  0.0000E+00
   4.934E-16
  -2.399E-17
   4.934E-16
   2.249E-18
   8.48E-18
   0.0
  5.175000000e-16
  4.696000000e-16
  -1.600000000e-19
  4.954496661e-16
  3.289800000e-16
  2.335572124e-16
  -7.061000000e-01 7.080000000e-01 8.534000000e-03
  7.081000000e-01 7.060000000e-01 1.614000000e-02
  -5.403000000e-03 -1.744000000e-02 9.998000000e-01
 Node:         53
  0.1258E+03  0.1304E+03  0.5063E+03  0.0000E+00
  -7.401E-16
  -2.998E-18
  -4.934E-16
   4.797E-17
   5.847E-17
  -9.869E-16
  -4.866000000e-16
  -7.314000000e-16
  -1.002000000e-15
  4.465358664e-16
  -7.400000000e-16
  2.104990261e-16
  1.040000000e-02 9.931000000e-01 1.171000000e-01
  -9.836000000e-01 3.123000000e-02 -1.776000000e-01
  -1.800000000e-01 -1.133000000e-01 9.771000000e-01
 Node:         54
  0.1265E+03  0.1288E+03  0.5200E+03  0.0000E+00
  -9.869E-16
   3.598E-17
   4.934E-16
   0.0
  -7.496E-18
   4.934E-16
  5.014000000e-16
  4.864000000e-16
  -9.877000000e-16
  1.481656947e-15
  3.333333333e-20
  6.984597833e-16
  1.758000000e-02 7.272000000e-01 -6.862000000e-01
  1.675000000e-02 6.860000000e-01 7.274000000e-01
  -9.997000000e-01 2.428000000e-02 1.229000000e-04
 Node:         55
  0.1381E+03  0.1168E+03  0.4526E+03  0.7636E-02
   0.02326
  -0.0129
   0.01619
  -0.003835
   0.01904
   0.01099
  5.044657114e-02
  1.933156913e-02
  -1.036135143e-02
  5.275597570e-02
  1.980559628e-02
  2.486940544e-02
  -5.985231775e-01 6.736910005e-01 4.639642031e-01
  7.372348416e-01 3.077831624e-01 5.228629965e-01
  -1.473058824e-01 -5.117768728e-01 5.394493213e-01
 Node:         56
  0.1314E+03  0.1156E+03  0.4683E+03  0.7636E-02
   0.02445
  -0.01522
   0.01606
  -0.01132
   0.009736
   0.01312
  4.703965058e-02
  1.020430820e-02
  2.254225943e-03
  4.200166952e-02
  1.983272824e-02
  1.979977689e-02
  -7.775473102e-01 4.105922846e-01 2.016797335e-01
  2.076659226e-01 -9.822619407e-02 6.534030518e-01
  2.246592760e-01 1.412357416e-01 2.878515938e-01
 Node:         57
  0.1285E+03  0.1140E+03  0.4823E+03  0.7636E-02
   0.02253
  -0.005517
   0.01572
  -0.003322
   0.002331
   0.01524
  3.299581699e-02
  1.403476496e-02
  1.127500644e-02
  2.050184156e-02
  1.943519613e-02
  9.664660794e-03
  -8.627408748e-01 2.653936802e-01 1.791662904e-01
  1.553902067e-01 -1.218613374e-01 6.513592257e-01
  1.163362645e-01 2.391628457e-01 4.367428688e-01
 Node:         58
  0.1478E+03  0.1176E+03  0.4530E+03  0.7636E-02
   0.02303
  -0.0141
   0.01757
  -0.002286
   0.0127
   0.006986
  5.324943690e-02
  1.276989583e-02
  -6.808413575e-03
  5.322638626e-02
  1.973697305e-02
  2.509115911e-02
  -6.877895425e-01 6.643593766e-01 2.920808446e-01
  5.231348416e-01 3.332796883e-01 4.585453997e-01
  -3.285637004e-01 -6.397525892e-01 6.738004525e-01
 Node:         59
  0.1415E+03  0.1165E+03  0.4691E+03  0.7636E-02
   0.02617
  -0.02465
   0.01728
  -0.02475
   0.01998
   0.01293
  7.775707893e-02
  2.056447964e-04
  -1.035994671e-02
  8.359369121e-02
  2.253425901e-02
  3.940644395e-02
  -7.053723479e-01 5.611252891e-01 3.766694198e-01
  4.563425842e-01 5.289740070e-01 2.136855706e-01
  -3.361579186e-01 -2.468805128e-01 -1.671929613e-01
 Node:         60
  0.1374E+03  0.1150E+03  0.4832E+03  0.7636E-02
   0.0235
  -0.01167
   0.01624
  -0.01159
   0.007744
   0.01574
  4.496511312e-02
  9.800917547e-03
  6.338204625e-03
  3.703301649e-02
  2.036807843e-02
  1.745753139e-02
  -7.870523881e-01 4.142963600e-01 3.293433132e-01
  9.521669180e-02 -4.133423831e-02 4.534831373e-01
  1.906773253e-01 -1.730873243e-01 6.175747612e-01
 Node:         61
  0.1548E+03  0.1218E+03  0.4534E+03  0.7636E-02
   0.02551
  -0.01176
   0.0147
   0.007458
  -0.01402
   0.01115
  5.653833082e-02
  9.767758270e-03
  -5.859686114e-03
  5.679864522e-02
  2.014880099e-02
  2.677513813e-02
  -7.031923077e-01 5.583099548e-01 -1.683622323e-01
  5.949245400e-01 4.008657617e-01 5.728959276e-03
  2.490908497e-02 4.221495224e-01 5.110633886e-01
 Node:         62
  0.1488E+03  0.1201E+03  0.4698E+03  0.7636E-02
   0.02819
  -0.04161
   0.01713
  -0.02545
   0.01233
   0.01748
  9.931256410e-02
  4.562360633e-03
  -2.559158974e-02
  1.129854664e-01
  2.609444500e-02
  5.326185965e-02
  -7.397681750e-01 5.642878834e-01 3.516431373e-01
  1.142004525e-01 -3.638796707e-01 7.215251383e-01
  5.416559075e-01 5.758020613e-01 2.030800277e-01
 Node:         63
  0.1436E+03  0.1181E+03  0.4838E+03  0.7636E-02
   0.02325
  -0.02003
   0.01771
  -0.0096
   0.01354
   0.01627
  5.615208648e-02
  9.346844344e-03
  -1.276734892e-03
  5.295210086e-02
  2.140739864e-02
  2.496185973e-02
  -7.295203117e-01 5.494978884e-01 3.162631493e-01
  2.269050277e-01 9.303769734e-02 2.662114630e-01
  -3.996201357e-01 -5.816551533e-01 3.337095525e-01
 Node:         64
  0.1411E+03  0.1253E+03  0.4524E+03  0.7636E-02
   0.01836
  -0.01591
   0.01963
  -0.00155
   0.00184
   0.01222
  4.009119155e-02
  1.586618351e-02
  1.379192509e-03
  3.458982874e-02
  1.911218919e-02
  1.630580164e-02
  -4.311504274e-01 5.825105581e-01 7.275226295e-02
  1.077248371e-01 2.015325943e-01 6.943983208e-01
  5.181567622e-01 3.077033685e-01 1.931741569e-01
 Node:         65
  0.1339E+03  0.1229E+03  0.4683E+03  0.7636E-02
   0.02235
  -0.02712
   0.01821
  -0.007866
   0.003014
   0.01337
  5.469941931e-02
  1.224138788e-02
  -5.271849472e-03
  5.374695119e-02
  2.055631924e-02
  2.533655577e-02
  -7.808061840e-01 5.066071141e-01 1.940182755e-01
  1.255102805e-01 -1.520013072e-01 7.030572730e-01
  5.017296028e-01 5.522114128e-01 1.812917044e-01
 Node:         66
  0.1299E+03  0.1214E+03  0.4825E+03  0.7636E-02
   0.02265
  -0.008349
   0.01612
  -0.003259
   0.002528
   0.01521
  3.517188185e-02
  1.382367878e-02
  1.030273328e-02
  2.340730823e-02
  1.976609797e-02
  1.103431092e-02
  -8.468247863e-01 4.069064736e-01 1.815607290e-01
  1.515127702e-01 2.534439417e-04 5.752782805e-01
  2.570813899e-01 3.128468074e-01 2.998465711e-01
 Node:         67
  0.1495E+03  0.1243E+03  0.4529E+03  0.7636E-02
   0.01983
  -0.01411
   0.01932
  -0.001167
   0.003818
   0.007768
  4.453894419e-02
  7.488450327e-03
  3.856546104e-03
  3.908324616e-02
  1.862798021e-02
  1.842401893e-02
  -7.184407743e-01 6.615231775e-01 1.674256159e-01
  -3.493466466e-01 -3.099160835e-01 -4.715249372e-01
  -3.462327803e-01 -4.351316742e-01 5.267616792e-01
 Node:         68
  0.1429E+03  0.1223E+03  0.4690E+03  0.7636E-02
   0.02565
  -0.03124
   0.01884
  -0.02056
   0.008961
   0.01118
  7.925996732e-02
  4.168896129e-03
  -1.509263851e-02
  8.636993754e-02
  2.277874165e-02
  4.071517901e-02
  -7.427814982e-01 5.815998492e-01 3.249631976e-01
  6.205821297e-02 -4.028199186e-01 8.803658120e-01
  6.559471594e-01 6.688562594e-01 2.581128441e-01
 Node:         69
  0.1379E+03  0.1205E+03  0.4831E+03  0.7636E-02
   0.02375
  -0.01261
   0.01638
  -0.009431
   0.005747
   0.01527
  4.501955505e-02
  1.071272147e-02
  5.799198683e-03
  3.701498162e-02
  2.051049173e-02
  1.744902967e-02
  -7.937725993e-01 4.699955757e-01 3.233548416e-01
  1.658500101e-01 -1.483318049e-01 7.600387632e-01
  2.793475616e-01 6.890935143e-02 3.556152891e-01
 Node:         70
  0.1551E+03  0.1239E+03  0.4534E+03  0.7636E-02
   0.02129
  -0.01834
   0.01775
  -0.01165
   0.009043
   0.00582
  5.966679739e-02
  -1.403787330e-04
  -2.939688185e-03
  6.125683936e-02
  1.886224349e-02
  2.887675100e-02
  -7.125665661e-01 5.831089995e-01 3.729781297e-01
  4.708939668e-01 5.992253394e-01 -1.251184012e-01
  -1.989576320e-01 -2.981169382e-01 -5.362704877e-02
 Node:         71
  0.1490E+03  0.1220E+03  0.4697E+03  0.7636E-02
   0.02863
  -0.02813
   0.01815
  -0.04099
   0.01683
   0.01184
  1.064793715e-01
  -3.168074922e-03
  -2.520778834e-02
  1.225251069e-01
  2.603450276e-02
  5.775888928e-02
  -7.271592760e-01 4.839702363e-01 4.827663650e-01
  -2.025711222e-01 -7.074472448e-01 3.628949723e-01
  5.327793866e-01 1.923776772e-01 6.043218100e-01
 Node:         72
  0.1435E+03  0.1199E+03  0.4838E+03  0.7636E-02
   0.02498
  -0.01354
   0.01618
  -0.01673
   0.007621
   0.01562
  5.435141026e-02
  8.143724133e-03
  1.513124686e-03
  4.994508506e-02
  2.133608636e-02
  2.354433889e-02
  -7.731451483e-01 4.446884867e-01 4.237031171e-01
  -2.390784314e-02 -5.098566767e-01 5.886708396e-01
  3.817901458e-01 5.462393162e-03 5.597353444e-01
 Node:         73
  0.1440E+03  0.1339E+03  0.4521E+03  0.0000E+00
   0.01085
  -2.044E-4
  -0.003461
  -0.006014
   0.004588
   6.427E-4
  2.200013273e-02
  2.485837255e-03
  -8.036478632e-03
  2.658923702e-02
  5.483163784e-03
  1.253428654e-02
  -6.365335847e-01 1.052927602e-01 9.373666365e-02
  2.984036114e-01 4.286618854e-01 5.562022624e-01
  1.956438813e-01 -2.076350930e-01 4.349111513e-01
 Node:         74
  0.1364E+03  0.1303E+03  0.4682E+03  0.0000E+00
   0.01448
   0.01997
  -5.341E-4
   0.004662
   0.007646
   0.002052
  3.813511765e-02
  1.423733560e-03
  -1.331643891e-02
  4.607102777e-02
  8.747470764e-03
  2.171809077e-02
  -8.445467069e-01 -3.510080744e-01 -2.166247159e-01
  -2.687573555e-01 -1.614670689e-02 8.065013072e-01
  -3.397000654e-01 8.527277024e-01 -3.919716440e-02
 Node:         75
  0.1313E+03  0.1288E+03  0.4826E+03  0.0000E+00
   0.009876
   0.008067
   1.915E-4
   0.002135
   0.001109
   2.714E-4
  2.179926898e-02
  4.166832725e-05
  -4.212190347e-03
  2.433303292e-02
  5.876248987e-03
  1.147070172e-02
  -8.939383610e-01 -3.174854500e-01 -9.439480292e-02
  -8.394410005e-02 -1.679698441e-01 8.356174460e-01
  -3.202832076e-01 8.477663147e-01 1.709502564e-01
 Node:         76
  0.1513E+03  0.1309E+03  0.4527E+03  0.0000E+00
   0.009862
  -0.003425
  -0.003498
  -0.007069
   0.001441
  -2.382E-4
  2.337586124e-02
  1.126789794e-03
  -9.246706888e-03
  2.913168194e-02
  5.085314714e-03
  1.373280657e-02
  -6.738353947e-01 1.404126998e-01 3.498008547e-01
  2.416592232e-01 -2.364376370e-01 6.327089995e-01
  1.327624937e-01 -3.428204123e-01 5.519680342e-01
 Node:         77
  0.1444E+03  0.1281E+03  0.4689E+03  0.0000E+00
   0.01627
   0.01903
  -6.336E-4
   0.005484
   0.00419
   9.55E-4
  3.932850176e-02
  2.545318296e-03
  -1.362833937e-02
  4.704062568e-02
  9.415160230e-03
  2.217516361e-02
  -8.716671694e-01 -3.730730568e-01 -1.360288225e-01
  -4.384402614e-02 7.172297637e-04 6.362946707e-01
  -3.822528703e-01 6.619200101e-01 -9.509548014e-02
 Node:         78
  0.1384E+03  0.1261E+03  0.4829E+03  0.0000E+00
   0.01053
   0.01028
   2.297E-4
   0.003146
   0.001468
   1.873E-4
  2.481147009e-02
  -2.981523177e-04
  -5.639197034e-03
  2.833357419e-02
  6.291373578e-03
  1.335657496e-02
  -8.801115133e-01 -3.831621046e-01 -1.186886410e-01
  -8.457144294e-02 -1.257423881e-01 9.449834590e-01
  -3.883453645e-01 8.402737557e-01 5.656496682e-02
 Node:         79
  0.1553E+03  0.1259E+03  0.4534E+03  0.0000E+00
   0.008281
  -0.004084
  -0.01017
  -0.01842
   0.001428
  -0.002249
  3.517908145e-02
  -1.019661840e-02
  -2.055380794e-02
  5.150517486e-02
  1.476218368e-03
  2.427977228e-02
  -1.695914530e-01 -2.128284867e-01 -1.639832433e-01
  -1.888933635e-02 3.732326797e-01 -2.469431875e-02
  2.668728004e-01 2.718178482e-01 9.415867270e-02
 Node:         80
  0.1492E+03  0.1239E+03  0.4697E+03  0.0000E+00
   0.01827
   0.006014
  -0.006351
   0.01176
   0.005108
  -4.698E-4
  4.264400804e-02
  -6.380011061e-03
  -1.154777275e-02
  5.192155238e-02
  8.238741411e-03
  2.447605452e-02
  -8.842751131e-01 -2.633140774e-01 -3.130078689e-01
  -1.646532831e-01 7.356577174e-02 4.017899950e-01
  -1.124722976e-01 5.193197587e-02 3.652458723e-01
 Node:         81
  0.1433E+03  0.1217E+03  0.4837E+03  0.0000E+00
   0.01129
   0.007994
  -5.411E-4
   0.01177
   0.003375
   4.434E-4
  2.974095173e-02
  -3.153500654e-03
  -7.102756159e-03
  3.515839490e-02
  6.494898307e-03
  1.657382630e-02
  -8.520385621e-01 -2.995910508e-01 -3.488999548e-01
  3.572990564e-02 -4.500098542e-01 3.564491554e-01
  -4.244856391e-01 2.913621619e-01 7.399141780e-01
 Node:         82
  0.1267E+03  0.1148E+03  0.4557E+03  0.1185E-01
   0.03233
  -0.01409
   0.02314
  -0.005048
  -5.438E-4
   0.02285
  4.505502991e-02
  2.089777627e-02
  4.446117697e-03
  3.560817575e-02
  2.346630796e-02
  1.678585503e-02
  -6.567872800e-01 4.673132006e-01 1.697440724e-01
  8.892911513e-02 -1.436160483e-01 7.418007039e-01
  3.075428859e-01 3.420057315e-01 2.802929110e-01
 Node:         83
  0.1234E+03  0.1129E+03  0.4717E+03  0.1185E-01
   0.03081
  -0.01055
   0.0232
  -0.01003
   0.001198
   0.024
  4.487979135e-02
  1.922426998e-02
  4.652869482e-03
  3.536337670e-02
  2.291897694e-02
  1.667045564e-02
  -5.681941679e-01 3.235985767e-01 3.103509804e-01
  1.161524887e-02 -2.029600804e-01 4.979371041e-01
  3.986998492e-01 4.290390649e-01 1.966950729e-01
 Node:         84
  0.1187E+03  0.1123E+03  0.4849E+03  0.1185E-01
   0.03017
  -9.57E-4
   0.02365
  -0.002693
   1.369E-4
   0.02411
  3.372044294e-02
  1.847310407e-02
  1.626860835e-02
  1.654900292e-02
  2.282071845e-02
  7.801274793e-03
  -6.123481146e-01 8.718073705e-02 2.848511614e-01
  2.395297335e-02 -1.379544495e-01 1.394052187e-01
  2.384282956e-01 5.881235797e-02 4.004787833e-01
 Node:         85
  0.1302E+03  0.1161E+03  0.4545E+03  0.1185E-01
   0.03258
  -0.01592
   0.0232
  -0.004849
  -0.001366
   0.02216
  4.651286981e-02
  2.302823605e-02
  1.122219708e-03
  4.005343205e-02
  2.355444186e-02
  1.888136894e-02
  -4.043890397e-01 3.605562594e-01 1.345935395e-01
  -3.959709603e-02 -1.592327803e-02 7.462825540e-01
  1.482074409e-01 4.866546003e-02 3.545205631e-01
 Node:         86
  0.1252E+03  0.1138E+03  0.4700E+03  0.1185E-01
   0.02895
  -0.01025
   0.02623
  -0.02241
   0.004701
   0.02361
  5.773599447e-02
  2.222026948e-02
  -7.697599196e-03
  5.704362530e-02
  2.408622159e-02
  2.689062285e-02
  -4.060370538e-01 2.921688788e-01 4.491988436e-01
  1.542166918e-02 -3.986061840e-01 1.978170871e-01
  3.624605832e-01 1.207977728e-01 4.190491202e-01
 Node:         87
  0.1217E+03  0.1126E+03  0.4833E+03  0.1185E-01
   0.03035
  -7.864E-4
   0.02368
  -0.004443
   5.459E-4
   0.0242
  3.520333987e-02
  1.851729915e-02
  1.496578331e-02
  1.885325579e-02
  2.289547411e-02
  8.887510010e-03
  -6.001154349e-01 7.411642685e-02 3.285311815e-01
  -3.047092509e-02 -1.883993464e-01 -5.918850679e-02
  2.808232680e-01 -2.740387632e-02 3.749918049e-01
 Node:         88
  0.1338E+03  0.1169E+03  0.4528E+03  0.1185E-01
   0.03122
  -0.01646
   0.02384
  -0.004892
   0.005749
   0.0231
  4.982960860e-02
  2.238475972e-02
  -1.352158874e-03
  4.517837442e-02
  2.362073648e-02
  2.129728994e-02
  -6.479808195e-01 6.297679236e-01 3.760133736e-01
  2.259137657e-01 -4.716269231e-02 5.448582604e-01
  1.658965812e-01 1.281795877e-01 1.729762242e-01
 Node:         89
  0.1270E+03  0.1150E+03  0.4683E+03  0.1185E-01
   0.03216
  -0.01305
   0.02371
  -0.01197
   0.001741
   0.02374
  4.672636249e-02
  1.951042735e-02
  3.702539668e-03
  3.782904409e-02
  2.331310984e-02
  1.783278240e-02
  -5.737233283e-01 3.601659025e-01 3.245433736e-01
  4.468171946e-03 -1.321703369e-01 6.063725490e-01
  3.313035696e-01 3.855691554e-01 3.303072901e-01
 Node:         90
  0.1248E+03  0.1132E+03  0.4822E+03  0.1185E-01
   0.03066
  -0.003841
   0.0239
  -0.002887
   0.001512
   0.02384
  3.529728884e-02
  1.803649241e-02
  1.549371644e-02
  1.869226532e-02
  2.294249923e-02
  8.811618377e-03
  -5.900336853e-01 2.799938426e-01 2.276813927e-01
  1.212657500e-01 -1.321343389e-01 5.654755153e-01
  1.913157667e-01 3.998264957e-01 4.981672197e-01
 Node:         91
  0.1258E+03  0.1259E+03  0.4545E+03  0.1185E-01
   0.02692
  -0.02405
   0.02662
  -0.009769
   0.002409
   0.02265
  5.340093263e-02
  2.230738502e-02
  -5.446473363e-03
  5.241827576e-02
  2.342061476e-02
  2.471021217e-02
  -6.714779286e-01 4.606528406e-01 2.175583208e-01
  2.698387330e-01 -1.580264857e-01 5.493401051e-01
  4.679050075e-01 1.324975365e-01 4.354667672e-01
 Node:         92
  0.1208E+03  0.1232E+03  0.4724E+03  0.1185E-01
   0.03081
  -0.01723
   0.02371
  -0.01435
   7.923E-4
   0.02363
  4.995542785e-02
  2.138155797e-02
  -6.830525892e-04
  4.479193894e-02
  2.355131108e-02
  2.111512251e-02
  -4.705114630e-01 4.255939467e-01 3.673778934e-01
  6.267920111e-02 -2.007289090e-01 7.173710910e-01
  3.866246757e-01 1.843615385e-01 4.916221719e-01
 Node:         93
  0.1159E+03  0.1217E+03  0.4876E+03  0.1185E-01
   0.03064
   1.084E-4
   0.02359
  -0.006706
  -0.002611
   0.02417
  3.638788954e-02
  1.927138039e-02
  1.366152036e-02
  2.072490871e-02
  2.310693010e-02
  9.769815657e-03
  -5.870764706e-01 -1.012148778e-01 4.000708849e-01
  -1.756458824e-01 4.041742081e-01 -6.226163901e-02
  -2.672654678e-01 -1.747823027e-01 -4.827750126e-01
 Node:         94
  0.1312E+03  0.1262E+03  0.4536E+03  0.1185E-01
   0.02606
  -0.02378
   0.02722
  -0.007141
  -1.735E-4
   0.02206
  5.268459276e-02
  2.183495299e-02
  -4.555880493e-03
  5.075938524e-02
  2.332122175e-02
  2.392820367e-02
  -4.229874811e-01 5.738334238e-01 1.286332127e-01
  2.500359980e-02 2.718024133e-02 7.161875918e-01
  5.674096028e-01 2.563079437e-01 4.160091001e-01
 Node:         95
  0.1249E+03  0.1234E+03  0.4704E+03  0.1185E-01
   0.0317
  -0.01568
   0.02477
  -0.01646
   0.001621
   0.02212
  5.166000126e-02
  1.869504052e-02
  1.003765259e-03
