 Group name: predicted_stress_L5A2
 #Fields=  16
 1) coordinates, coordinate, rectangular cartesian, #Components=3
   x.  Value index= 1, #Derivatives=0
   y.  Value index= 2, #Derivatives=0
   z.  Value index= 3, #Derivatives=0
 2) Tensor_1, field, rectangular cartesian, #Components=1
   Tensor_1.  Value index= 4, #Derivatives=0
 3) Tensor_2, field, rectangular cartesian, #Components=1
   Tensor_2.  Value index= 5, #Derivatives=0
 4) Tensor_3, field, rectangular cartesian, #Components=1
   Tensor_3.  Value index= 6, #Derivatives=0
 5) Tensor_4, field, rectangular cartesian, #Components=1
   Tensor_4.  Value index= 7, #Derivatives=0
 6) Tensor_5, field, rectangular cartesian, #Components=1
   Tensor_5.  Value index= 8, #Derivatives=0
 7) Tensor_6, field, rectangular cartesian, #Components=1
   Tensor_6.  Value index= 9, #Derivatives=0
 8) Principal_1, field, rectangular cartesian, #Components=1
   Principal_1.  Value index= 10, #Derivatives=0
 9) Principal_2, field, rectangular cartesian, #Components=1
   Principal_2.  Value index= 11, #Derivatives=0
 10) Principal_3, field, rectangular cartesian, #Components=1
   Principal_3.  Value index= 12, #Derivatives=0
 11) VonMises, field, rectangular cartesian, #Components=1
   VonMises.  Value index= 13, #Derivatives=0
 12) Hydrostatic, field, rectangular cartesian, #Components=1
   VonMises.  Value index= 14, #Derivatives=0
 13) Octahedral, field, rectangular cartesian, #Components=1
   VonMises.  Value index= 15, #Derivatives=0
 14) PrincipalVector1, field, rectangular cartesian, #Components=3
   x.  Value index= 16, #Derivatives=0
   y.  Value index= 17, #Derivatives=0
   z.  Value index= 18, #Derivatives=0
 15) PrincipalVector2, field, rectangular cartesian, #Components=3
   x.  Value index= 19, #Derivatives=0
   y.  Value index= 20, #Derivatives=0
   z.  Value index= 21, #Derivatives=0
 16) PrincipalVector3, field, rectangular cartesian, #Components=3
   x.  Value index= 22, #Derivatives=0
   y.  Value index= 23, #Derivatives=0
   z.  Value index= 24, #Derivatives=0
 Node:          1
  0.1287E+03  0.1133E+03  0.4908E+03 -0.3432E-04
  -6.864E-5
  -1.439E-16
  -6.864E-5
  -4.798E-17
  -7.196E-17
  -6.864E-5
  5.105609247e-03
  5.105609247e-03
  5.105609247e-03
  0.000000000e+00
  5.105609247e-03
  0.000000000e+00
  9.855919114e-01 -2.637646059e-01 -2.713122617e-02
  2.509178259e-01 9.543399794e-01 -1.662275116e-01
  6.858520866e-02 1.537578568e-01 9.863932509e-01
 Node:          2
  0.1292E+03  0.1137E+03  0.5052E+03 -0.3432E-04
  -6.864E-5
  -1.919E-16
  -6.864E-5
  -9.595E-17
   3.358E-16
  -6.864E-5
  5.105609247e-03
  5.105609247e-03
  5.105609247e-03
  0.000000000e+00
  5.105609247e-03
  0.000000000e+00
  9.667087069e-01 -4.284058733e-01 -2.165289541e-01
  4.708056157e-01 8.451420402e-01 4.299260690e-01
  -9.865663060e-04 -4.506639361e-01 8.927166924e-01
 Node:          3
  0.1289E+03  0.1155E+03  0.5194E+03 -0.3432E-04
  -6.864E-5
   2.399E-16
  -6.864E-5
   1.919E-16
   9.595E-17
  -6.864E-5
  5.105609247e-03
  5.105609247e-03
  5.105609247e-03
  0.000000000e+00
  5.105609247e-03
  0.000000000e+00
  -4.105974240e-01 -8.759114374e-01 -2.540420402e-01
  4.975172076e-01 -4.484837713e-01 7.425835137e-01
  7.643032457e-01 -1.783248326e-01 -6.199357548e-01
 Node:          4
  0.1361E+03  0.1141E+03  0.4915E+03 -0.3432E-04
  -6.864E-5
  -4.798E-17
  -6.864E-5
  -4.798E-17
  -1.439E-16
  -6.864E-5
  5.105609247e-03
  5.105609247e-03
  5.105609247e-03
  0.000000000e+00
  5.105609247e-03
  0.000000000e+00
  -4.383505410e-02 -9.564218959e-02 9.944785162e-01
  -1.014227872e+00 1.096629057e-01 -3.423840804e-02
  -1.058015250e-01 -1.010055435e+00 -1.017296754e-01
 Node:          5
  0.1341E+03  0.1144E+03  0.5054E+03 -0.3432E-04
  -6.864E-5
   2.399E-16
  -6.864E-5
   9.595E-17
  -1.199E-16
  -6.864E-5
  5.105609247e-03
  5.105609247e-03
  5.105609247e-03
  0.000000000e+00
  5.105609247e-03
  0.000000000e+00
  9.599637816e-02 -1.799887687e-01 9.790117465e-01
  7.194390520e-01 6.923111283e-01 5.670471406e-02
  -6.879875837e-01 6.988631118e-01 1.958621329e-01
 Node:          6
  0.1323E+03  0.1162E+03  0.5191E+03 -0.3432E-04
  -6.864E-5
   9.595E-17
  -6.864E-5
  -9.595E-17
  -4.798E-17
  -6.864E-5
  5.105609247e-03
  5.105609247e-03
  5.105609247e-03
  0.000000000e+00
  5.105609247e-03
  0.000000000e+00
  -7.160986605e-01 -6.916848016e-01 9.406928387e-02
  7.492188563e-01 -7.759130345e-01 -3.686504894e-02
  9.387535291e-02 3.827218444e-02 9.949236476e-01
 Node:          7
  0.1408E+03  0.1171E+03  0.4920E+03 -0.3432E-04
  -6.864E-5
   3.838E-16
  -6.864E-5
  -1.439E-16
  -1.919E-16
  -6.864E-5
  5.105609247e-03
  5.105609247e-03
  5.105609247e-03
  0.000000000e+00
  5.105609247e-03
  0.000000000e+00
  8.804399794e-01 5.003168470e-01 -1.288181865e-01
  -5.037589902e-01 8.561007728e-01 -1.173076455e-01
  5.052776404e-02 1.647967027e-01 9.850834621e-01
 Node:          8
  0.1367E+03  0.1169E+03  0.5055E+03 -0.3432E-04
  -6.864E-5
   3.358E-16
  -6.864E-5
  -6.957E-16
  -4.078E-16
  -6.864E-5
  5.105609247e-03
  5.105609247e-03
  5.105609247e-03
  0.000000000e+00
  5.105609247e-03
  0.000000000e+00
  -7.678511592e-01 -6.327118496e-01 3.101335909e-01
  6.411451314e-01 -8.160000515e-01 -8.609690881e-02
  2.827845337e-01 1.433028851e-01 9.513868109e-01
 Node:          9
  0.1339E+03  0.1180E+03  0.5191E+03 -0.3432E-04
  -6.864E-5
   2.879E-16
  -6.864E-5
  -6.837E-16
  -4.798E-16
  -6.864E-5
  5.105609247e-03
  5.105609247e-03
  5.105609247e-03
  0.000000000e+00
  5.105609247e-03
  0.000000000e+00
  3.067840804e-01 1.567009789e-01 -1.008030860e+00
  9.539675425e-01 1.544133952e-01 3.521938176e-01
  -1.949081710e-01 1.028918393e+00 9.726759402e-02
 Node:         10
  0.1294E+03  0.1212E+03  0.4911E+03 -0.3432E-04
  -6.864E-5
   4.798E-17
  -6.864E-5
  -2.399E-17
   2.159E-16
  -6.864E-5
  5.105609247e-03
  5.105609247e-03
  5.105609247e-03
  0.000000000e+00
  5.105609247e-03
  0.000000000e+00
  2.415953117e-02 7.538250386e-01 7.423703246e-01
  1.786699176e-01 6.947766100e-01 -6.977452859e-01
  -1.062942195e+00 1.467570103e-01 -1.134058372e-01
 Node:         11
  0.1295E+03  0.1214E+03  0.5055E+03 -0.3432E-04
  -6.864E-5
  -4.798E-17
  -6.864E-5
  -7.196E-17
   2.399E-17
  -6.864E-5
  5.105609247e-03
  5.105609247e-03
  5.105609247e-03
  0.000000000e+00
  5.105609247e-03
  0.000000000e+00
  -2.866897991e-01 1.389377434e-01 9.893655332e-01
  -6.119439464e-01 8.131612056e-01 -2.906302937e-01
  7.853905204e-01 6.703451829e-01 1.364527048e-01
 Node:         12
  0.1295E+03  0.1217E+03  0.5196E+03 -0.3432E-04
  -6.864E-5
  -5.817E-37
  -6.864E-5
   1.319E-16
   4.798E-17
  -6.864E-5
  5.105609247e-03
  5.105609247e-03
  5.105609247e-03
  0.000000000e+00
  5.105609247e-03
  0.000000000e+00
  -2.400438949e-01 -8.884761669e-02 -9.667759918e-01
  -3.493088099e-01 9.619312725e-01 -2.132967389e-03
  9.559577537e-02 2.314549201e-02 -2.502720247e-02
 Node:         13
  0.1361E+03  0.1199E+03  0.4914E+03 -0.3432E-04
  -6.864E-5
  -2.399E-16
  -6.864E-5
  -1.679E-16
   4.798E-17
  -6.864E-5
  5.105609247e-03
  5.105609247e-03
  5.105609247e-03
  0.000000000e+00
  5.105609247e-03
  0.000000000e+00
  9.395131376e-01 -3.769637300e-01 -1.301218444e-01
  3.690946419e-01 9.290656363e-01 -2.658514168e-02
  1.282463163e-01 -2.258011777e-02 9.914992787e-01
 Node:         14
  0.1342E+03  0.1198E+03  0.5054E+03 -0.3432E-04
  -6.864E-5
   4.798E-17
  -6.864E-5
   9.595E-17
  -1.559E-16
  -6.864E-5
  5.105609247e-03
  5.105609247e-03
  5.105609247e-03
  0.000000000e+00
  5.105609247e-03
  0.000000000e+00
  1.014933642e-01 -2.640403400e-01 9.591959299e-01
  -3.025833694e-01 -9.474665121e-01 -2.288624420e-01
  -9.692434827e-01 2.669127460e-01 1.761188047e-01
 Node:         15
  0.1330E+03  0.1205E+03  0.5193E+03 -0.3432E-04
  -6.864E-5
  -1.439E-16
  -6.864E-5
   2.399E-17
   8.396E-17
  -6.864E-5
  5.105609247e-03
  5.105609247e-03
  5.105609247e-03
  0.000000000e+00
  5.105609247e-03
  0.000000000e+00
  1.013814735e+00 -1.162616744e-01 1.530432251e-02
  -1.852339516e-02 -2.899130860e-01 -9.784282844e-01
  1.134764245e-01 9.520021123e-01 -2.841891293e-01
 Node:         16
  0.1404E+03  0.1188E+03  0.4918E+03 -0.3432E-04
  -6.864E-5
   9.595E-17
  -6.864E-5
  -1.439E-16
  -2.519E-16
  -6.864E-5
  5.105609247e-03
  5.105609247e-03
  5.105609247e-03
  0.000000000e+00
  5.105609247e-03
  0.000000000e+00
  -1.502849047e-01 -2.378682638e-01 9.596303452e-01
  -7.764341061e-01 -5.477927872e-01 -2.577642452e-01
  5.870647604e-01 -7.837211231e-01 -1.028955178e-01
 Node:         17
  0.1365E+03  0.1184E+03  0.5055E+03 -0.3432E-04
  -6.864E-5
   4.798E-17
  -6.864E-5
   1.679E-16
   2.939E-16
  -6.864E-5
  5.105609247e-03
  5.105609247e-03
  5.105609247e-03
  0.000000000e+00
  5.105609247e-03
  0.000000000e+00
  2.479930963e-01 4.022923235e-01 9.075790829e-01
  9.570981453e-01 -3.371983514e-01 -1.144529344e-01
  -2.504859351e-01 -8.609703761e-01 4.493718187e-01
 Node:         18
  0.1341E+03  0.1191E+03  0.5192E+03 -0.3432E-04
  -6.864E-5
  -7.734E-37
  -6.864E-5
   4.573E-17
   1.84E-16
  -6.864E-5
  5.105609247e-03
  5.105609247e-03
  5.105609247e-03
  0.000000000e+00
  5.105609247e-03
  0.000000000e+00
  1.917645028e-02 8.373330242e-02 9.804340546e-01
  9.792958269e-01 -2.852955178e-01 1.152789849e-02
  -2.238986090e-01 -1.028929675e+00 1.002963885e-01
 Node:         19
  0.1301E+03  0.1291E+03  0.4914E+03  0.0000E+00
   4.934E-16
   0.0
   4.934E-16
   3.631E-19
   1.731E-17
  -9.869E-16
  4.936000000e-16
  4.934000000e-16
  -9.871000000e-16
  1.480600010e-15
  -3.333333333e-20
  6.979615383e-16
  -2.097000000e-02 -9.997000000e-01 -1.169000000e-02
  -9.998000000e-01 2.097000000e-02 -8.123000000e-17
  2.452000000e-04 1.169000000e-02 -9.999000000e-01
 Node:         20
  0.1299E+03  0.1291E+03  0.5058E+03  0.0000E+00
   9.869E-16
   0.0
   0.0
   1.799E-17
   3.326E-17
  -2.467E-16
  9.871000000e-16
  4.400000000e-18
  -2.514000000e-16
  1.132478516e-15
  2.467000000e-16
  5.338554923e-16
  -9.999000000e-01 -4.917000000e-04 -1.459000000e-02
  2.401000000e-03 -9.914000000e-01 -1.311000000e-01
  -1.440000000e-02 -1.312000000e-01 9.913000000e-01
 Node:         21
  0.1301E+03  0.1280E+03  0.5197E+03  0.0000E+00
   4.934E-16
   0.0
   0.0
   7.196E-17
   2.549E-17
   4.934E-16
  5.660000000e-16
  4.222000000e-16
  -1.341000000e-18
  5.108528306e-16
  3.289530000e-16
  2.408183338e-16
  -7.039000000e-01 -3.195000000e-02 -7.096000000e-01
  -7.102000000e-01 4.241000000e-02 7.027000000e-01
  -7.642000000e-03 -9.986000000e-01 5.255000000e-02
 Node:         22
  0.1360E+03  0.1256E+03  0.4913E+03  0.0000E+00
  -9.869E-16
   2.399E-17
  -4.934E-16
  -2.399E-17
   1.739E-16
   4.934E-16
  5.234000000e-16
  -5.215000000e-16
  -9.888000000e-16
  1.341069376e-15
  -3.289666667e-16
  6.321861663e-16
  -1.298000000e-02 1.683000000e-01 9.857000000e-01
  5.935000000e-02 9.841000000e-01 -1.672000000e-01
  -9.982000000e-01 5.633000000e-02 -2.276000000e-02
 Node:         23
  0.1343E+03  0.1253E+03  0.5054E+03  0.0000E+00
   0.0
   3.598E-17
  -1.974E-15
   0.0
   2.271E-16
  -7.401E-16
  6.796000000e-19
  -6.997000000e-16
  -2.015000000e-15
  1.772499637e-15
  -9.046734667e-16
  8.355643418e-16
  9.998000000e-01 1.889000000e-02 5.790000000e-03
  -9.011000000e-03 1.753000000e-01 9.845000000e-01
  1.758000000e-02 -9.843000000e-01 1.754000000e-01
 Node:         24
  0.1336E+03  0.1248E+03  0.5194E+03  0.0000E+00
  -9.869E-16
   2.099E-17
   0.0
   2.399E-17
   1.499E-18
  -7.401E-16
  4.516000000e-19
  -7.379000000e-16
  -9.896000000e-16
  8.912682385e-16
  -5.756828000e-16
  4.201478769e-16
  -2.132000000e-02 -9.998000000e-01 -2.714000000e-03
  9.549000000e-02 -4.739000000e-03 9.954000000e-01
  -9.952000000e-01 2.096000000e-02 9.557000000e-02
 Node:         25
  0.1400E+03  0.1206E+03  0.4917E+03  0.0000E+00
   0.0
   4.617E-16
  -4.934E-16
  -1.439E-16
  -2.249E-16
   9.869E-16
  1.067000000e-15
  2.050000000e-16
  -7.785000000e-16
  1.599404030e-15
  1.645000000e-16
  7.539662901e-16
  -2.161000000e-01 -2.016000000e-01 9.553000000e-01
  8.390000000e-01 4.621000000e-01 2.874000000e-01
  -4.994000000e-01 8.636000000e-01 6.929000000e-02
 Node:         26
  0.1363E+03  0.1200E+03  0.5055E+03  0.0000E+00
   9.869E-16
   1.859E-16
  -2.714E-15
   4.797E-17
  -1.943E-15
  -2.467E-16
  1.006000000e-15
  8.090000000e-16
  -3.789000000e-15
  4.699597749e-15
  -6.580000000e-16
  2.215411625e-15
  9.680000000e-01 1.526000000e-01 -1.995000000e-01
  2.481000000e-01 -4.578000000e-01 8.538000000e-01
  -3.892000000e-02 8.759000000e-01 4.809000000e-01
 Node:         27
  0.1343E+03  0.1203E+03  0.5192E+03  0.0000E+00
   9.869E-16
  -3.358E-16
   9.869E-16
  -1.799E-16
   2.27E-15
   0.0
  2.890000000e-15
  9.150000000e-16
  -1.831000000e-15
  4.106639867e-15
  6.580000000e-16
  1.935888599e-15
  -1.931000000e-01 7.658000000e-01 6.135000000e-01
  9.808000000e-01 1.345000000e-01 1.409000000e-01
  2.534000000e-02 6.289000000e-01 -7.771000000e-01
 Node:         28
  0.1155E+03  0.1124E+03  0.4931E+03 -0.2028E-03
  -4.057E-4
   6.599E-17
  -4.057E-4
  -9.599E-17
   9.599E-17
  -4.057E-4
  3.052629278e-02
  3.052629278e-02
  3.052629278e-02
  0.000000000e+00
  3.052629278e-02
  0.000000000e+00
  2.190130345e-02 9.898943843e-01 1.789872746e-01
  7.276147347e-02 1.701050489e-01 -1.026265018e+00
  -1.017992736e+00 3.372374034e-02 -6.804002061e-02
 Node:         29
  0.1119E+03  0.1139E+03  0.5068E+03 -0.2028E-03
  -4.057E-4
  -3.6E-17
  -4.057E-4
   9.599E-17
   1.2E-17
  -4.057E-4
  3.052629278e-02
  3.052629278e-02
  3.052629278e-02
  0.000000000e+00
  3.052629278e-02
  0.000000000e+00
  -3.206386914e-02 1.039570015e+00 2.142370891e-02
  -1.022821020e+00 -4.445085523e-02 -1.857846728e-01
  -2.021371973e-01 -2.694965482e-02 1.040202473e+00
 Node:         30
  0.1113E+03  0.1159E+03  0.5206E+03 -0.2028E-03
  -4.057E-4
   2.16E-16
  -4.057E-4
   5.625E-36
  -4.8E-17
  -4.057E-4
  3.052629278e-02
  3.052629278e-02
  3.052629278e-02
  0.000000000e+00
  3.052629278e-02
  0.000000000e+00
  7.649980938e-01 7.575376095e-01 -4.579287996e-02
  -7.292851108e-01 7.252309634e-01 -1.501749614e-01
  -6.655178259e-02 1.455335909e-01 1.028958011e+00
 Node:         31
  0.1203E+03  0.1126E+03  0.4920E+03 -0.2028E-03
  -4.057E-4
   1.68E-16
  -4.057E-4
   4.8E-17
   7.199E-17
  -4.057E-4
  3.052629278e-02
  3.052629278e-02
  3.052629278e-02
  0.000000000e+00
  3.052629278e-02
  0.000000000e+00
  -7.949972694e-01 -4.419095312e-01 -5.274151468e-01
  5.400436888e-01 1.719105100e-01 -9.032908295e-01
  4.482500258e-01 -9.276052035e-01 1.803742401e-01
 Node:         32
  0.1188E+03  0.1134E+03  0.5062E+03 -0.2028E-03
  -4.057E-4
  -2.4E-17
  -4.057E-4
  -4.8E-17
   1.68E-16
  -4.057E-4
  3.052629278e-02
  3.052629278e-02
  3.052629278e-02
  0.000000000e+00
  3.052629278e-02
  0.000000000e+00
  1.037912674e+00 -2.300388460e-02 -4.399327666e-02
  4.896223596e-02 4.654295209e-01 9.051684183e-01
  1.509674807e-03 -8.915499227e-01 4.546889748e-01
 Node:         33
  0.1183E+03  0.1150E+03  0.5201E+03 -0.2028E-03
  -4.057E-4
   9.599E-17
  -4.057E-4
   1.44E-16
  -7.5E-36
  -4.057E-4
  3.052629278e-02
  3.052629278e-02
  3.052629278e-02
  0.000000000e+00
  3.052629278e-02
  0.000000000e+00
  8.285565173e-01 1.412112519e-01 2.322026275e-01
  -1.806465297e-02 7.002968573e-01 -4.558393096e-01
  -2.542100979e-01 4.690281813e-01 6.627674395e-01
 Node:         34
  0.1255E+03  0.1129E+03  0.4909E+03 -0.2028E-03
  -4.057E-4
  -8.75E-36
  -4.057E-4
   9.599E-17
   1.68E-16
  -4.057E-4
  3.052629278e-02
  3.052629278e-02
  3.052629278e-02
  0.000000000e+00
  3.052629278e-02
  0.000000000e+00
  3.112537867e-01 5.842971149e-01 6.483531170e-01
  -3.748825348e-02 -7.321380732e-03 -5.279480006e-03
  -3.455063885e-01 -5.715754250e-01 6.747802164e-01
 Node:         35
  0.1260E+03  0.1135E+03  0.5054E+03 -0.2028E-03
  -4.057E-4
   1.92E-16
  -4.057E-4
   1.92E-16
   4.32E-16
  -4.057E-4
  3.052629278e-02
  3.052629278e-02
  3.052629278e-02
  0.000000000e+00
  3.052629278e-02
  0.000000000e+00
  7.657518805e-01 4.780708913e-01 4.784293148e-01
  -6.127021638e-01 4.793389490e-01 4.778764039e-01
  -3.707004408e-03 -7.054126739e-01 7.098472952e-01
 Node:         36
  0.1257E+03  0.1153E+03  0.5196E+03 -0.2028E-03
  -4.057E-4
  -9.599E-17
  -4.057E-4
  -9.599E-17
   1.44E-16
  -4.057E-4
  3.052629278e-02
  3.052629278e-02
  3.052629278e-02
  0.000000000e+00
  3.052629278e-02
  0.000000000e+00
  -5.529663060e-01 5.938075219e-01 6.063374034e-01
  6.182455951e-01 3.000047398e-01 2.798263369e-01
  -1.222353705e-02 -7.466991242e-01 7.674141164e-01
 Node:         37
  0.1132E+03  0.1210E+03  0.4959E+03 -0.2028E-03
  -4.057E-4
   2.4E-16
  -4.057E-4
  -1.44E-16
   3.12E-16
  -4.057E-4
  3.052629278e-02
  3.052629278e-02
  3.052629278e-02
  0.000000000e+00
  3.052629278e-02
  0.000000000e+00
  -5.037658423e-01 -8.007539928e-01 -3.372318702e-01
  7.893158681e-01 -2.382472231e-01 -6.193823802e-01
  4.081829469e-01 -5.593813498e-01 7.346601855e-01
 Node:         38
  0.1111E+03  0.1204E+03  0.5085E+03 -0.2028E-03
  -4.057E-4
   1.68E-16
  -4.057E-4
  -4.8E-17
  -1.44E-16
  -4.057E-4
  3.052629278e-02
  3.052629278e-02
  3.052629278e-02
  0.000000000e+00
  3.052629278e-02
  0.000000000e+00
  2.184973210e-01 9.861865018e-01 -1.469421741e-01
  9.923207110e-01 -2.310759918e-01 -7.748590933e-02
  1.061299897e-01 1.243037609e-01 9.877368882e-01
 Node:         39
  0.1119E+03  0.1201E+03  0.5207E+03 -0.2028E-03
  -4.057E-4
  -1.68E-16
  -4.057E-4
  -1.44E-16
  -1.32E-16
  -4.057E-4
  3.052629278e-02
  3.052629278e-02
  3.052629278e-02
  0.000000000e+00
  3.052629278e-02
  0.000000000e+00
  9.386933539e-01 -8.485227306e-02 -3.930963421e-01
  3.652221020e-01 -1.815919114e-01 9.145558990e-01
  -1.500911540e-01 -1.001362700e+00 -1.397124163e-01
 Node:         40
  0.1191E+03  0.1220E+03  0.4937E+03 -0.2028E-03
  -4.057E-4
   1.44E-16
  -4.057E-4
   1.44E-16
  -2.4E-17
  -4.057E-4
  3.052629278e-02
  3.052629278e-02
  3.052629278e-02
  0.000000000e+00
  3.052629278e-02
  0.000000000e+00
  4.401433282e-01 6.326121587e-02 6.104461618e-02
  -2.487482681e-03 3.235497166e-01 -3.126228233e-01
  -8.440015456e-02 2.920088614e-01 3.032971664e-01
 Node:         41
  0.1182E+03  0.1217E+03  0.5073E+03 -0.2028E-03
  -4.057E-4
  -4.8E-17
  -4.057E-4
   9.599E-17
   1.68E-16
  -4.057E-4
  3.052629278e-02
  3.052629278e-02
  3.052629278e-02
  0.000000000e+00
  3.052629278e-02
  0.000000000e+00
  -1.614616177e-01 -2.064140752e-01 -9.879122102e-01
  -1.039514941e+00 2.659756826e-01 1.064185987e-01
  2.319543019e-01 9.461637300e-01 -2.347847089e-01
 Node:         42
  0.1187E+03  0.1212E+03  0.5204E+03 -0.2028E-03
  -4.057E-4
  -9.599E-17
  -4.057E-4
   5.0E-36
   9.599E-17
  -4.057E-4
  3.052629278e-02
  3.052629278e-02
  3.052629278e-02
  0.000000000e+00
  3.052629278e-02
  0.000000000e+00
  -1.914536321e-02 1.135773519e-01 1.067893096e+00
  -1.061910974e+00 1.868619784e-01 -3.764947965e-02
  -1.896190623e-01 -1.000925039e+00 8.524019578e-02
 Node:         43
  0.1258E+03  0.1217E+03  0.4915E+03 -0.2028E-03
  -4.057E-4
   1.92E-16
  -4.057E-4
  -2.4E-17
   2.5E-36
  -4.057E-4
  3.052629278e-02
  3.052629278e-02
  3.052629278e-02
  0.000000000e+00
  3.052629278e-02
  0.000000000e+00
  9.688450283e-01 3.559774858e-01 -1.274897476e-02
  -3.169522926e-01 9.965938691e-01 2.014986090e-02
  2.088112828e-02 4.426130860e-03 1.001529521e+00
 Node:         44
  0.1259E+03  0.1220E+03  0.5059E+03 -0.2028E-03
  -4.057E-4
   2.4E-16
  -4.057E-4
   1.68E-16
   1.92E-16
  -4.057E-4
  3.052629278e-02
  3.052629278e-02
  3.052629278e-02
  0.000000000e+00
  3.052629278e-02
  0.000000000e+00
  -3.843887172e-01 -4.147082947e-01 -9.179865018e-01
  -6.281761463e-01 -6.000205049e-01 5.324141680e-01
  7.286500773e-01 -7.410432251e-01 2.707023184e-02
 Node:         45
  0.1261E+03  0.1221E+03  0.5198E+03 -0.2028E-03
  -4.057E-4
  -1.44E-16
  -4.057E-4
   4.8E-17
  -1.2E-17
  -4.057E-4
  3.052629278e-02
  3.052629278e-02
  3.052629278e-02
  0.000000000e+00
  3.052629278e-02
  0.000000000e+00
  6.566855744e-02 -9.092843895e-03 9.980420402e-01
  -1.008352550e+00 1.428741370e-01 6.757529624e-02
  -1.429997939e-01 -1.010775219e+00 7.656259660e-05
 Node:         46
  0.1117E+03  0.1296E+03  0.4959E+03  0.0000E+00
  -2.467E-16
   4.797E-17
  -7.401E-16
   1.199E-17
  -4.497E-17
   0.0
  3.057000000e-18
  -2.423000000e-16
  -7.476000000e-16
  6.629532710e-16
  -3.289476667e-16
  3.125191690e-16
  3.676000000e-02 -5.800000000e-02 9.976000000e-01
  9.946000000e-01 9.864000000e-02 -3.092000000e-02
  -9.662000000e-02 9.934000000e-01 6.131000000e-02
 Node:         47
  0.1107E+03  0.1269E+03  0.5087E+03  0.0000E+00
  -7.401E-16
  -5.397E-17
   4.934E-16
  -4.797E-17
   6.896E-17
   0.0
  5.058000000e-16
  -7.273000000e-18
  -7.452000000e-16
  1.089215580e-15
  -8.222433333e-17
  5.134611487e-16
  -4.821000000e-02 9.891000000e-01 1.394000000e-01
  -5.424000000e-02 -1.420000000e-01 9.884000000e-01
  -9.974000000e-01 -4.009000000e-02 -6.049000000e-02
 Node:         48
  0.1125E+03  0.1242E+03  0.5208E+03  0.0000E+00
   4.934E-16
   5.997E-18
   4.934E-16
   0.0
  -2.998E-18
   4.934E-16
  5.001000000e-16
  4.934000000e-16
  4.867000000e-16
  1.160474041e-17
  4.934000000e-16
  5.470527092e-18
  -6.325000000e-01 -7.071000000e-01 3.162000000e-01
  4.472000000e-01 -2.276000000e-15 8.944000000e-01
  6.325000000e-01 -7.071000000e-01 -3.162000000e-01
 Node:         49
  0.1186E+03  0.1311E+03  0.4938E+03  0.0000E+00
  -7.401E-16
  -3.598E-17
   0.0
  -7.196E-17
  -1.049E-17
  -2.467E-16
  1.947000000e-18
  -2.366000000e-16
  -7.523000000e-16
  6.677348644e-16
  -3.289843333e-16
  3.147732338e-16
  4.561000000e-02 -9.985000000e-01 2.894000000e-02
  -1.430000000e-01 2.215000000e-02 9.895000000e-01
  -9.887000000e-01 -4.926000000e-02 -1.418000000e-01
 Node:         50
  0.1180E+03  0.1298E+03  0.5075E+03  0.0000E+00
   0.0
  -2.249E-17
   1.48E-15
  -7.196E-17
   2.155E-17
   9.869E-16
  1.482000000e-15
  9.910000000e-16
  -5.513000000e-18
  1.312785985e-15
  8.224956667e-16
  6.188532481e-16
  1.739000000e-02 -9.988000000e-01 -4.603000000e-02
  -7.128000000e-02 -4.716000000e-02 9.963000000e-01
  9.973000000e-01 1.405000000e-02 7.201000000e-02
 Node:         51
  0.1192E+03  0.1275E+03  0.5206E+03  0.0000E+00
   0.0
  -5.997E-18
  -2.467E-16
   0.0
   2.549E-17
   4.934E-16
  4.943000000e-16
  1.449000000e-19
  -2.477000000e-16
  6.542860068e-16
  8.224830000e-17
  3.084333815e-16
  -4.170000000e-04 3.438000000e-02 9.994000000e-01
  9.997000000e-01 -2.416000000e-02 1.248000000e-03
  2.418000000e-02 9.991000000e-01 -3.436000000e-02
 Node:         52
  0.1262E+03  0.1305E+03  0.4920E+03  0.0000E+00
   4.934E-16
  -2.399E-17
   4.934E-16
   2.249E-18
   8.48E-18
   0.0
  5.175000000e-16
  4.696000000e-16
  -1.600000000e-19
  4.954496661e-16
  3.289800000e-16
  2.335572124e-16
  -7.061000000e-01 7.080000000e-01 8.534000000e-03
  7.081000000e-01 7.060000000e-01 1.614000000e-02
  -5.403000000e-03 -1.744000000e-02 9.998000000e-01
 Node:         53
  0.1258E+03  0.1304E+03  0.5063E+03  0.0000E+00
  -7.401E-16
  -2.998E-18
  -4.934E-16
   4.797E-17
   5.847E-17
  -9.869E-16
  -4.866000000e-16
  -7.314000000e-16
  -1.002000000e-15
  4.465358664e-16
  -7.400000000e-16
  2.104990261e-16
  1.040000000e-02 9.931000000e-01 1.171000000e-01
  -9.836000000e-01 3.123000000e-02 -1.776000000e-01
  -1.800000000e-01 -1.133000000e-01 9.771000000e-01
 Node:         54
  0.1265E+03  0.1288E+03  0.5200E+03  0.0000E+00
  -9.869E-16
   3.598E-17
   4.934E-16
   0.0
  -7.496E-18
   4.934E-16
  5.014000000e-16
  4.864000000e-16
  -9.877000000e-16
  1.481656947e-15
  3.333333333e-20
  6.984597833e-16
  1.758000000e-02 7.272000000e-01 -6.862000000e-01
  1.675000000e-02 6.860000000e-01 7.274000000e-01
  -9.997000000e-01 2.428000000e-02 1.229000000e-04
 Node:         55
  0.1381E+03  0.1168E+03  0.4524E+03  0.1033E-01
   0.02991
  -0.01681
   0.02138
  -0.005386
   0.0248
   0.01481
  6.525823287e-02
  2.365555538e-02
  -1.199925348e-02
  6.656572274e-02
  2.563817826e-02
  3.137938263e-02
  -6.544797012e-01 7.413244719e-01 5.148690366e-01
  7.752205564e-01 3.384458681e-01 5.473025760e-01
  -2.118421947e-01 -7.069534261e-01 7.446625966e-01
 Node:         56
  0.1314E+03  0.1156E+03  0.4682E+03  0.1033E-01
   0.03156
  -0.02126
   0.0214
  -0.01711
   0.01328
   0.01778
  5.631840546e-02
  1.484197115e-02
  6.649530757e-03
  4.682892710e-02
  2.593663579e-02
  2.207536794e-02
  -7.709541989e-01 5.154894292e-01 3.365331118e-01
  2.471086347e-01 1.242957239e-01 7.298012416e-01
  3.391259660e-01 8.047273055e-02 1.466370428e-01
 Node:         57
  0.1285E+03  0.1140E+03  0.4823E+03  0.1033E-01
   0.02833
  -0.008204
   0.02124
  -0.005044
   0.003519
   0.02063
  3.968486347e-02
  1.875075605e-02
  1.753425420e-02
  2.142470512e-02
  2.532329124e-02
  1.009970285e-02
  -8.482387944e-01 3.548729985e-01 2.400349875e-01
  2.209406397e-01 -7.076826378e-02 7.723382792e-01
  2.277586759e-01 2.072770737e-01 4.106521113e-01
 Node:         58
  0.1477E+03  0.1177E+03  0.4526E+03  0.1033E-01
   0.02965
  -0.01654
   0.02292
  -0.002512
   0.01608
   0.009988
  6.616022669e-02
  1.698821844e-02
  -6.530537249e-03
  6.447610100e-02
  2.553930263e-02
  3.039432550e-02
  -6.884358063e-01 6.626274601e-01 2.947177743e-01
  6.645803709e-01 4.092504379e-01 6.320918083e-01
  -2.932303452e-01 -6.250965482e-01 7.149403400e-01
 Node:         59
  0.1415E+03  0.1166E+03  0.4688E+03  0.1033E-01
   0.03402
  -0.03212
   0.02271
  -0.0351
   0.02705
   0.01766
  9.927918599e-02
  5.993253478e-04
  -1.099154044e-02
  1.050093977e-01
  2.962899030e-02
  4.950190482e-02
  -6.895300876e-01 5.582605358e-01 4.815697208e-01
  5.022176713e-01 5.111160227e-01 1.506090160e-01
  -4.784687790e-01 -4.465309737e-01 2.309484802e-02
 Node:         60
  0.1374E+03  0.1150E+03  0.4832E+03  0.1033E-01
   0.02963
  -0.01585
   0.02183
  -0.01662
   0.01083
   0.0213
  5.539197836e-02
  1.382003730e-02
  1.034011231e-02
  4.341499516e-02
  2.651737599e-02
  2.046602499e-02
  -7.567590933e-01 4.774610922e-01 4.372091448e-01
  1.038643998e-01 -2.180425039e-01 6.831925193e-01
  2.837883565e-01 -2.949684513e-01 5.810861927e-01
 Node:         61
  0.1547E+03  0.1220E+03  0.4529E+03  0.1033E-01
   0.03263
  -0.01293
   0.01982
   0.01283
  -0.02213
   0.01611
  6.380051520e-02
  1.445552169e-02
  2.051767955e-04
  5.862164522e-02
  2.615373789e-02
  2.763450857e-02
  -7.134302937e-01 5.510508501e-01 -2.781959505e-01
  5.635561206e-01 3.811721793e-01 -5.163122102e-02
  3.690577022e-03 3.454505925e-01 7.617404122e-01
 Node:         62
  0.1488E+03  0.1202E+03  0.4695E+03  0.1033E-01
   0.0363
  -0.05368
   0.02279
  -0.03543
   0.0151
   0.02444
  1.276533076e-01
  6.893176662e-03
  -2.991372798e-02
  1.429150658e-01
  3.487758542e-02
  6.737080811e-02
  -7.345204019e-01 5.546866564e-01 3.873774343e-01
  2.259336940e-01 -3.641188279e-01 1.066641061e+00
  7.553395157e-01 8.643750644e-01 1.349473545e-01
 Node:         63
  0.1436E+03  0.1181E+03  0.4838E+03  0.1033E-01
   0.0291
  -0.02686
   0.02378
  -0.01362
   0.01899
   0.0221
  7.003986605e-02
  1.328924019e-02
  8.869392066e-05
  6.439961532e-02
  2.780593338e-02
  3.035826980e-02
  -6.903175683e-01 6.003871716e-01 4.024129892e-01
  1.710526018e-01 -4.340921432e-02 3.797984544e-01
  -4.977595827e-01 -8.348698094e-01 2.768890778e-01
 Node:         64
  0.1410E+03  0.1253E+03  0.4521E+03  0.1033E-01
   0.02324
  -0.02276
   0.02608
  -0.001176
   0.001842
   0.01678
  4.763867079e-02
  2.065999948e-02
  6.016950902e-03
  3.756473371e-02
  2.477187372e-02
  1.770818529e-02
  -7.273301906e-01 6.407397218e-01 1.581819449e-01
  1.764841283e-01 1.095533230e-01 6.809185884e-01
  5.327142710e-01 4.558628027e-01 1.011111870e-01
 Node:         65
  0.1339E+03  0.1229E+03  0.4681E+03  0.1033E-01
   0.02827
  -0.03793
   0.02423
  -0.01057
   0.00392
   0.01825
  6.906589645e-02
  1.585197862e-02
  -4.554082844e-03
  6.631108437e-02
  2.678793074e-02
  3.125934495e-02
  -7.484137558e-01 6.753799330e-01 2.254621587e-01
  1.226325626e-01 -5.906517259e-02 9.184758825e-01
  6.347251108e-01 5.469205049e-01 4.202018547e-01
 Node:         66
  0.1299E+03  0.1214E+03  0.4825E+03  0.1033E-01
   0.02836
  -0.01142
   0.02171
  -0.004613
   0.00357
   0.02059
  4.302271973e-02
  1.865300098e-02
  1.522306363e-02
  2.639788249e-02
  2.563292811e-02
  1.244408115e-02
  -8.215258630e-01 4.870257743e-01 2.309765430e-01
  1.674708913e-01 1.535927409e-01 5.133540958e-01
  2.982797433e-01 1.940606388e-01 2.297914941e-01
 Node:         67
  0.1495E+03  0.1244E+03  0.4525E+03  0.1033E-01
   0.02517
  -0.01761
   0.02577
  -6.374E-4
   0.004796
   0.01099
  5.563061824e-02
  1.070245497e-02
  6.428604122e-03
  4.732221774e-02
  2.425389244e-02
  2.230790738e-02
  -6.996009789e-01 6.983320969e-01 1.365288769e-01
  -3.899870891e-01 -2.694980268e-01 -6.406196806e-01
  -4.810539928e-01 -5.566343122e-01 5.290502524e-01
 Node:         68
  0.1429E+03  0.1223E+03  0.4688E+03  0.1033E-01
   0.03282
  -0.04079
   0.0251
  -0.02746
   0.01165
   0.01531
  1.023236450e-01
  5.692970222e-03
  -1.784952293e-02
  1.103234964e-01
  3.005569744e-02
  5.200699497e-02
  -7.340287996e-01 5.820078825e-01 3.514511592e-01
  2.360023586e-02 -4.941103833e-01 8.709570840e-01
  6.775688820e-01 6.483833076e-01 3.493709176e-01
 Node:         69
  0.1379E+03  0.1205E+03  0.4831E+03  0.1033E-01
   0.02982
  -0.01667
   0.022
  -0.01296
   0.007745
   0.02065
  5.613178516e-02
  1.501319310e-02
  8.719522483e-03
  4.459352628e-02
  2.662150025e-02
  2.102158989e-02
  -7.627015971e-01 5.132293148e-01 3.906647295e-01
  1.679685265e-01 -2.962443998e-01 7.511786708e-01
  3.570417826e-01 1.921485317e-01 2.865872901e-01
 Node:         70
  0.1549E+03  0.1241E+03  0.4529E+03  0.1033E-01
   0.02702
  -0.02303
   0.02426
  -0.01394
   0.01111
   0.008148
  7.383858836e-02
  1.219237558e-03
  -1.628325914e-03
  7.407402314e-02
  2.447650000e-02
  3.491882938e-02
  -7.086424008e-01 6.134659454e-01 3.432068006e-01
  4.642724884e-01 6.786346213e-01 -2.759103555e-01
  -2.084672798e-01 -2.154846832e-01 -1.146804225e-01
 Node:         71
  0.1490E+03  0.1221E+03  0.4695E+03  0.1033E-01
   0.03699
  -0.03513
   0.02446
  -0.05472
   0.0215
   0.01593
  1.364255848e-01
  -3.823707501e-03
  -2.859433952e-02
  1.546648140e-01
  3.466917924e-02
  7.290969252e-02
  -7.299009274e-01 4.674555899e-01 4.975557960e-01
  -1.670156445e-01 -8.596854766e-01 5.982596084e-01
  7.555773313e-01 4.305649150e-01 6.782341267e-01
 Node:         72
  0.1434E+03  0.1199E+03  0.4837E+03  0.1033E-01
   0.03146
  -0.01744
   0.02176
  -0.02279
   0.01012
   0.02108
  6.821238794e-02
  1.111956677e-02
  3.903150953e-03
  6.114146932e-02
  2.774503522e-02
  2.882236505e-02
  -7.473609480e-01 4.560405976e-01 4.859478619e-01
  -8.537758887e-02 -6.680046316e-01 4.899313241e-01
  4.842180319e-01 1.239197321e-01 5.727176713e-01
 Node:         73
  0.1439E+03  0.1339E+03  0.4517E+03  0.0000E+00
   0.0125
   4.611E-4
  -0.004228
  -0.008609
   0.006794
   4.097E-4
  2.421096445e-02
  2.622869088e-03
  -8.926536837e-03
  2.939102605e-02
  5.969098901e-03
  1.385506255e-02
  -5.450524987e-01 6.888717156e-02 1.231995425e-01
  2.872521273e-01 4.405471252e-01 8.871088099e-01
  2.021888923e-01 -3.729446162e-01 4.436378877e-01
 Node:         74
  0.1364E+03  0.1303E+03  0.4680E+03  0.0000E+00
   0.01745
   0.02885
  -4.334E-4
   0.006234
   0.01129
   0.002526
  4.389928748e-02
  6.214180062e-04
  -1.398727512e-02
  5.237023675e-02
  1.017781012e-02
  2.468756636e-02
  -8.320079856e-01 -4.802579495e-01 -2.340848944e-01
  -2.912271200e-01 1.760955693e-02 8.800183411e-01
  -4.475220453e-01 8.634232870e-01 -1.429418238e-01
 Node:         75
  0.1313E+03  0.1288E+03  0.4826E+03  0.0000E+00
   0.01111
   0.01152
   2.995E-4
   0.003191
   0.001668
   3.545E-4
  2.413788150e-02
  -2.341111475e-04
  -4.512727357e-03
  2.700534701e-02
  6.463681000e-03
  1.273044266e-02
  -8.800974240e-01 -4.061135909e-01 -1.302391752e-01
  -9.125335137e-02 -8.322293148e-02 8.409152499e-01
  -4.143226687e-01 8.649942298e-01 9.318780526e-02
 Node:         76
  0.1512E+03  0.1310E+03  0.4523E+03  0.0000E+00
   0.01112
  -0.003603
  -0.004078
  -0.009558
   0.001167
  -9.133E-4
  2.648519011e-02
  -6.198605358e-04
  -9.710693457e-03
  3.247921410e-02
  5.384878705e-03
  1.531084836e-02
  -8.335248326e-01 1.774192581e-01 4.181317877e-01
  2.108704250e-01 -2.640616589e-01 4.982356517e-01
  1.076343637e-01 -5.165465739e-01 6.274022978e-01
 Node:         77
  0.1443E+03  0.1281E+03  0.4687E+03  0.0000E+00
   0.01983
   0.02654
  -4.815E-4
   0.00769
   0.004994
   0.001023
  4.672696548e-02
  2.719029505e-03
  -1.590574807e-02
  5.573720310e-02
  1.118008231e-02
  2.627476952e-02
  -8.569366821e-01 -4.730872901e-01 -1.939095229e-01
  -9.937956929e-02 -1.021486347e-01 5.839899021e-01
  -4.376257635e-01 9.729353426e-01 -2.530261103e-01
 Node:         78
  0.1384E+03  0.1261E+03  0.4829E+03  0.0000E+00
   0.0119
   0.01404
   3.429E-4
   0.004526
   0.00203
   2.442E-4
  2.825709531e-02
  -3.726399176e-04
  -6.935388305e-03
  3.259012379e-02
  6.983022363e-03
  1.536313169e-02
  -8.612473467e-01 -4.566458413e-01 -1.622590371e-01
  -1.095814013e-01 -3.498964967e-02 1.062980113e+00
  -4.762576455e-01 8.681137558e-01 -8.980623029e-02
 Node:         79
  0.1552E+03  0.1261E+03  0.4529E+03  0.0000E+00
   0.008911
  -0.008155
  -0.01424
  -0.02669
   0.001687
  -0.002076
  3.613474961e-02
  -1.217703246e-02
  -2.324466873e-02
  5.491423800e-02
  2.376828095e-04
  2.588682005e-02
  -2.968505925e-02 -1.620648635e-01 -1.840573637e-01
  -8.267554869e-02 6.691166409e-01 -8.362895415e-02
  2.701579083e-01 3.526445647e-01 6.117109737e-02
 Node:         80
  0.1492E+03  0.1240E+03  0.4695E+03  0.0000E+00
   0.02273
   0.005294
  -0.008902
   0.01609
   0.006869
   1.576E-4
  5.093713344e-02
  -7.853869140e-03
  -1.280376404e-02
  6.157877628e-02
  1.009316675e-02
  2.902851352e-02
  -8.864574961e-01 -2.229842865e-01 -3.682734038e-01
  -1.495439670e-01 2.426968573e-02 4.627188047e-01
  -1.282135600e-01 1.175799073e-01 3.697523545e-01
 Node:         81
  0.1433E+03  0.1217E+03  0.4837E+03  0.0000E+00
   0.01297
   0.01053
  -7.661E-4
   0.01645
   0.004717
   7.159E-4
  3.466206028e-02
  -4.134261875e-03
  -8.542243174e-03
  4.134195889e-02
  7.328518410e-03
  1.948878632e-02
  -8.294643998e-01 -3.295382792e-01 -4.327887326e-01
  6.735202584e-02 -7.101920144e-01 4.514427666e-01
  -5.175571399e-01 2.970913035e-01 7.226457496e-01
 Node:         82
  0.1267E+03  0.1148E+03  0.4556E+03  0.1741E-01
   0.04421
  -0.01889
   0.03403
  -0.007295
  -0.001987
   0.03376
  6.117238150e-02
  2.953158217e-02
  1.342114441e-02
  4.162372046e-02
  3.470836936e-02
  1.962161000e-02
  -9.997098403e-01 5.493404266e-01 1.561314683e-01
  7.744121072e-02 -2.472506955e-02 9.984848016e-01
  3.388751674e-01 2.848489954e-01 4.655292117e-01
 Node:         83
  0.1234E+03  0.1129E+03  0.4716E+03  0.1741E-01
   0.04234
  -0.01461
   0.03417
  -0.0161
   0.001149
   0.03532
  5.603932251e-02
  3.094886090e-02
  1.560797537e-02
  3.543328467e-02
  3.419871959e-02
  1.670341058e-02
  -8.967467285e-01 3.480220902e-01 2.309854714e-01
  4.201355487e-02 -3.856672849e-01 5.756154560e-01
  5.680400309e-01 5.362523957e-01 2.991998970e-02
 Node:         84
  0.1187E+03  0.1123E+03  0.4849E+03  0.1741E-01
   0.04133
  -0.00137
   0.03476
  -0.004492
   2.28E-4
   0.03545
  4.487107213e-02
  2.944319011e-02
  2.761568058e-02
  1.653805337e-02
  3.397664760e-02
  7.796113122e-03
  -9.750190108e-01 9.616546007e-02 2.621123029e-01
  2.100143328e-02 -3.844618238e-01 1.454888408e-01
  3.355211437e-01 2.101068521e-02 2.957153529e-01
 Node:         85
  0.1302E+03  0.1161E+03  0.4543E+03  0.1741E-01
   0.04461
  -0.02146
   0.03407
  -0.007107
  -0.003824
   0.03287
  6.190146906e-02
  3.208136708e-02
  1.000369500e-02
  4.544277879e-02
  3.466217705e-02
  2.142193136e-02
  -6.321541473e-01 3.268391036e-01 5.203882020e-02
  1.068508954e-01 -1.248252447e-01 7.873553838e-01
  1.661801133e-01 1.342191654e-01 2.803572385e-01
 Node:         86
  0.1252E+03  0.1138E+03  0.4699E+03  0.1741E-01
   0.04006
  -0.01466
   0.03769
  -0.03521
   0.005297
   0.03488
  6.266463112e-02
  3.599824214e-02
  4.079319217e-03
  5.033005948e-02
  3.424739749e-02
  2.372581757e-02
  -6.979562081e-01 2.302413704e-01 3.584566203e-01
  1.456172591e-01 -6.642094281e-01 2.352842651e-01
  5.524257599e-01 1.706267439e-01 2.890750644e-01
 Node:         87
  0.1217E+03  0.1126E+03  0.4833E+03  0.1741E-01
   0.04159
  -0.001102
   0.03477
  -0.007141
   8.97E-4
   0.03554
  4.636503297e-02
  2.942184132e-02
  2.650203452e-02
  1.876003404e-02
  3.409630294e-02
  8.843564857e-03
  -9.566801133e-01 8.851190572e-02 2.965311489e-01
  -4.871082432e-02 -3.605909840e-01 -7.176448223e-03
  4.024711695e-01 -8.249043277e-02 1.697273055e-01
 Node:         88
  0.1338E+03  0.1169E+03  0.4526E+03  0.1741E-01
   0.04307
  -0.02174
   0.03487
  -0.007229
   0.005409
   0.03384
  6.651832535e-02
  3.127092552e-02
  6.752662545e-03
  5.214908512e-02
  3.484730447e-02
  2.458331448e-02
  -7.759687532e-01 6.323209171e-01 3.299636270e-01
  3.518204740e-01 -5.996285162e-02 7.081533952e-01
  2.166595569e-01 2.102546625e-01 1.591248326e-01
 Node:         89
  0.1270E+03  0.1150E+03  0.4682E+03  0.1741E-01
   0.04433
  -0.01825
   0.03475
  -0.01861
   0.001488
   0.03489
  5.863718444e-02
  3.229244719e-02
  1.396726028e-02
  3.890421230e-02
  3.496563064e-02
  1.833962155e-02
  -8.969894384e-01 3.602782277e-01 2.486481247e-01
  7.555321175e-02 -3.716416280e-01 7.182697063e-01
  5.001784647e-01 4.841741113e-01 1.742941783e-01
 Node:         90
  0.1248E+03  0.1132E+03  0.4821E+03  0.1741E-01
   0.04201
  -0.005863
   0.03509
  -0.004507
   0.002341
   0.03501
  4.697512287e-02
  2.839048233e-02
  2.719414529e-02
  1.911789185e-02
  3.418658350e-02
  9.012260645e-03
  -9.496645028e-01 2.725664446e-01 2.189205925e-01
  1.471662094e-01 -3.143783101e-01 8.536582174e-01
  2.414080268e-01 2.499481710e-01 4.775982483e-01
 Node:         91
  0.1258E+03  0.1259E+03  0.4543E+03  0.1741E-01
   0.03773
  -0.03478
   0.03814
  -0.01324
   0.001572
   0.03355
  6.601812725e-02
  3.342447522e-02
  2.790820216e-03
  5.715445788e-02
  3.407780756e-02
  2.694286983e-02
  -6.290359608e-01 7.082683668e-01 3.454123132e-01
  2.301742179e-01 -9.333505410e-02 8.008009670e-01
  4.792277589e-01 2.748167955e-01 3.976184956e-01
 Node:         92
  0.1208E+03  0.1231E+03  0.4723E+03  0.1741E-01
   0.04238
  -0.02401
   0.03468
  -0.02034
  -2.162E-4
   0.03467
  6.523556208e-02
  3.169835260e-02
  7.078821844e-03
  5.171011597e-02
  3.467091218e-02
  2.437638244e-02
  -7.139465224e-01 4.056150335e-01 3.401855693e-01
  2.170666528e-01 -3.433885111e-01 7.529832045e-01
  4.635667388e-01 3.091200927e-01 4.918319938e-01
 Node:         93
  0.1159E+03  0.1217E+03  0.4876E+03  0.1741E-01
   0.04191
   2.675E-4
   0.03467
  -0.009551
  -0.003912
   0.0354
  4.856554400e-02
  2.957666708e-02
  2.449513756e-02
  2.227130466e-02
  3.421244954e-02
  1.049879370e-02
  -9.869721793e-01 -1.096123215e-01 4.276871046e-01
  -2.151906646e-01 6.996761978e-01 1.374068521e-01
  -3.515558536e-01 -3.880911386e-01 -4.063130345e-01
 Node:         94
  0.1311E+03  0.1261E+03  0.4533E+03  0.1741E-01
   0.03677
  -0.03427
   0.03887
  -0.008843
  -0.001772
   0.03274
  6.667862597e-02
  3.034861798e-02
  4.286548738e-03
  5.546492901e-02
  3.377126423e-02
  2.614641828e-02
  -6.257367852e-01 5.673508192e-01 1.292718083e-01
  1.545112004e-01 -2.106275116e-02 7.348291396e-01
  6.156797012e-01 3.792368882e-01 4.261258630e-01
 Node:         95
  0.1249E+03  0.1233E+03  0.4704E+03  0.1741E-01
   0.04359
  -0.02172
   0.03591
  -0.02308
   0.001526
   0.03277
  6.929178181e-02
  2.767664647e-02
  8.106753890e-03
  5.449299345e-02
  3.502506072e-02
  2.568824347e-02
  -7.267403400e-01 3.820854611e-01 3.516425760e-01
  1.185339928e-01 -4.359850077e-01 5.890841937e-01
