 Group name: predicted_stress_L6A4
 #Fields=  16
 1) coordinates, coordinate, rectangular cartesian, #Components=3
   x.  Value index= 1, #Derivatives=0
   y.  Value index= 2, #Derivatives=0
   z.  Value index= 3, #Derivatives=0
 2) Tensor_1, field, rectangular cartesian, #Components=1
   Tensor_1.  Value index= 4, #Derivatives=0
 3) Tensor_2, field, rectangular cartesian, #Components=1
   Tensor_2.  Value index= 5, #Derivatives=0
 4) Tensor_3, field, rectangular cartesian, #Components=1
   Tensor_3.  Value index= 6, #Derivatives=0
 5) Tensor_4, field, rectangular cartesian, #Components=1
   Tensor_4.  Value index= 7, #Derivatives=0
 6) Tensor_5, field, rectangular cartesian, #Components=1
   Tensor_5.  Value index= 8, #Derivatives=0
 7) Tensor_6, field, rectangular cartesian, #Components=1
   Tensor_6.  Value index= 9, #Derivatives=0
 8) Principal_1, field, rectangular cartesian, #Components=1
   Principal_1.  Value index= 10, #Derivatives=0
 9) Principal_2, field, rectangular cartesian, #Components=1
   Principal_2.  Value index= 11, #Derivatives=0
 10) Principal_3, field, rectangular cartesian, #Components=1
   Principal_3.  Value index= 12, #Derivatives=0
 11) VonMises, field, rectangular cartesian, #Components=1
   VonMises.  Value index= 13, #Derivatives=0
 12) Hydrostatic, field, rectangular cartesian, #Components=1
   VonMises.  Value index= 14, #Derivatives=0
 13) Octahedral, field, rectangular cartesian, #Components=1
   VonMises.  Value index= 15, #Derivatives=0
 14) PrincipalVector1, field, rectangular cartesian, #Components=3
   x.  Value index= 16, #Derivatives=0
   y.  Value index= 17, #Derivatives=0
   z.  Value index= 18, #Derivatives=0
 15) PrincipalVector2, field, rectangular cartesian, #Components=3
   x.  Value index= 19, #Derivatives=0
   y.  Value index= 20, #Derivatives=0
   z.  Value index= 21, #Derivatives=0
 16) PrincipalVector3, field, rectangular cartesian, #Components=3
   x.  Value index= 22, #Derivatives=0
   y.  Value index= 23, #Derivatives=0
   z.  Value index= 24, #Derivatives=0
 Node:          1
  0.1287E+03  0.1133E+03  0.4908E+03 -0.1169E-04
  -2.337E-5
  -1.439E-16
  -2.337E-5
  -4.797E-17
  -7.196E-17
  -2.337E-5
  -4.336798532e-03
  -4.336798532e-03
  -4.336798532e-03
  0.000000000e+00
  -4.336798532e-03
  0.000000000e+00
  1.050071816e+00 -2.781257453e-01 -2.993327913e-02
  2.470479675e-01 9.522116531e-01 -1.767501355e-01
  7.126330623e-02 1.640498645e-01 9.833948509e-01
 Node:          2
  0.1292E+03  0.1137E+03  0.5052E+03 -0.1169E-04
  -2.337E-5
  -1.919E-16
  -2.337E-5
  -9.595E-17
   3.358E-16
  -2.337E-5
  -4.336798532e-03
  -4.336798532e-03
  -4.336798532e-03
  0.000000000e+00
  -4.336798532e-03
  0.000000000e+00
  9.283761518e-01 -4.148471545e-01 -2.085867209e-01
  4.255926829e-01 7.592121951e-01 3.839195122e-01
  -9.357528455e-04 -4.527850949e-01 8.915878049e-01
 Node:          3
  0.1289E+03  0.1155E+03  0.5194E+03 -0.1169E-04
  -2.337E-5
   2.399E-16
  -2.337E-5
   1.919E-16
   9.595E-17
  -2.337E-5
  -4.336798532e-03
  -4.336798532e-03
  -4.336798532e-03
  0.000000000e+00
  -4.336798532e-03
  0.000000000e+00
  -4.079986450e-01 -8.755243902e-01 -2.585414634e-01
  4.947346883e-01 -4.501609756e-01 7.432840108e-01
  7.672130081e-01 -1.753704607e-01 -6.167715447e-01
 Node:          4
  0.1361E+03  0.1141E+03  0.4915E+03 -0.1169E-04
  -2.337E-5
  -4.797E-17
  -2.337E-5
  -4.797E-17
  -1.439E-16
  -2.337E-5
  -4.336798532e-03
  -4.336798532e-03
  -4.336798532e-03
  0.000000000e+00
  -4.336798532e-03
  0.000000000e+00
  -4.243943089e-02 -9.310317073e-02 9.947056911e-01
  -1.080220867e+00 1.129714363e-01 -3.547750678e-02
  -1.090221138e-01 -1.075953930e+00 -1.055076965e-01
 Node:          5
  0.1341E+03  0.1144E+03  0.5054E+03 -0.1169E-04
  -2.337E-5
   2.399E-16
  -2.337E-5
   9.595E-17
  -1.199E-16
  -2.337E-5
  -4.336798532e-03
  -4.336798532e-03
  -4.336798532e-03
  0.000000000e+00
  -4.336798532e-03
  0.000000000e+00
  9.783246612e-02 -1.788742547e-01 9.789902439e-01
  7.176457995e-01 6.941612466e-01 5.511306233e-02
  -6.894799458e-01 6.971897019e-01 1.962975610e-01
 Node:          6
  0.1323E+03  0.1162E+03  0.5191E+03 -0.1169E-04
  -2.337E-5
   9.595E-17
  -2.337E-5
  -9.595E-17
  -4.797E-17
  -2.337E-5
  -4.336798532e-03
  -4.336798532e-03
  -4.336798532e-03
  0.000000000e+00
  -4.336798532e-03
  0.000000000e+00
  -7.141086721e-01 -6.937905149e-01 9.251723577e-02
  7.182945799e-01 -7.483457995e-01 -3.863691057e-02
  9.030926829e-02 3.961506775e-02 9.950634146e-01
 Node:          7
  0.1408E+03  0.1171E+03  0.4920E+03 -0.1169E-04
  -2.337E-5
   3.838E-16
  -2.337E-5
  -1.439E-16
  -1.919E-16
  -2.337E-5
  -4.336798532e-03
  -4.336798532e-03
  -4.336798532e-03
  0.000000000e+00
  -4.336798532e-03
  0.000000000e+00
  9.402997290e-01 5.265046070e-01 -1.383010840e-01
  -4.979691057e-01 8.590162602e-01 -1.173895393e-01
  5.257149051e-02 1.648953930e-01 9.849186992e-01
 Node:          8
  0.1367E+03  0.1169E+03  0.5055E+03 -0.1169E-04
  -2.337E-5
   3.358E-16
  -2.337E-5
  -6.956E-16
  -4.078E-16
  -2.337E-5
  -4.336798532e-03
  -4.336798532e-03
  -4.336798532e-03
  0.000000000e+00
  -4.336798532e-03
  0.000000000e+00
  -6.812953930e-01 -6.219327913e-01 2.850579946e-01
  6.313867209e-01 -7.278959350e-01 -7.156113821e-02
  2.714902981e-01 1.228666667e-01 9.521631436e-01
 Node:          9
  0.1339E+03  0.1180E+03  0.5191E+03 -0.1169E-04
  -2.337E-5
   2.878E-16
  -2.337E-5
  -6.836E-16
  -4.797E-16
  -2.337E-5
  -4.336798532e-03
  -4.336798532e-03
  -4.336798532e-03
  0.000000000e+00
  -4.336798532e-03
  0.000000000e+00
  3.302271003e-01 1.879149051e-01 -9.789598916e-01
  1.015453930e+00 1.476043360e-01 3.381471545e-01
  -1.813945257e-01 9.320872629e-01 1.215140921e-01
 Node:         10
  0.1294E+03  0.1212E+03  0.4911E+03 -0.1169E-04
  -2.337E-5
   4.797E-17
  -2.337E-5
  -2.399E-17
   2.159E-16
  -2.337E-5
  -4.336798532e-03
  -4.336798532e-03
  -4.336798532e-03
  0.000000000e+00
  -4.336798532e-03
  0.000000000e+00
  2.400813008e-02 6.715422764e-01 6.738376694e-01
  1.708479404e-01 6.883002710e-01 -7.041791328e-01
  -1.021383198e+00 1.485430542e-01 -1.128013821e-01
 Node:         11
  0.1295E+03  0.1214E+03  0.5055E+03 -0.1169E-04
  -2.337E-5
  -4.797E-17
  -2.337E-5
  -7.196E-17
   2.399E-17
  -2.337E-5
  -4.336798532e-03
  -4.336798532e-03
  -4.336798532e-03
  0.000000000e+00
  -4.336798532e-03
  0.000000000e+00
  -2.677010840e-01 1.286284553e-01 9.205623306e-01
  -6.262712737e-01 7.968373984e-01 -2.942669377e-01
  8.201750678e-01 6.715059621e-01 1.424035230e-01
 Node:         12
  0.1295E+03  0.1217E+03  0.5196E+03 -0.1169E-04
  -2.337E-5
  -1.981E-37
  -2.337E-5
   1.319E-16
   4.797E-17
  -2.337E-5
  -4.336798532e-03
  -4.336798532e-03
  -4.336798532e-03
  0.000000000e+00
  -4.336798532e-03
  0.000000000e+00
  -2.406558266e-01 -8.602428184e-02 -9.666536585e-01
  -3.706186992e-01 1.019031436e+00 1.882032111e-03
  1.801325203e-01 7.573658537e-02 -5.239728997e-02
 Node:         13
  0.1361E+03  0.1199E+03  0.4914E+03 -0.1169E-04
  -2.337E-5
  -2.399E-16
  -2.337E-5
  -1.679E-16
   4.797E-17
  -2.337E-5
  -4.336798532e-03
  -4.336798532e-03
  -4.336798532e-03
  0.000000000e+00
  -4.336798532e-03
  0.000000000e+00
  9.998959350e-01 -4.026574526e-01 -1.381639566e-01
  3.701620596e-01 9.285701897e-01 -2.772699187e-02
  1.283222222e-01 -2.154738049e-02 9.915037940e-01
 Node:         14
  0.1342E+03  0.1198E+03  0.5054E+03 -0.1169E-04
  -2.337E-5
   4.797E-17
  -2.337E-5
   9.595E-17
  -1.559E-16
  -2.337E-5
  -4.336798532e-03
  -4.336798532e-03
  -4.336798532e-03
  0.000000000e+00
  -4.336798532e-03
  0.000000000e+00
  9.870487805e-02 -2.658346883e-01 9.589596206e-01
  -3.203594038e-01 -1.008851762e+00 -2.465420054e-01
  -1.032918970e+00 2.829681301e-01 1.846443902e-01
 Node:         15
  0.1330E+03  0.1205E+03  0.5193E+03 -0.1169E-04
  -2.337E-5
  -1.439E-16
  -2.337E-5
   2.399E-17
   8.395E-17
  -2.337E-5
  -4.336798532e-03
  -4.336798532e-03
  -4.336798532e-03
  0.000000000e+00
  -4.336798532e-03
  0.000000000e+00
  1.079600000e+00 -1.227607859e-01 1.486127371e-02
  -2.102211382e-02 -3.112929539e-01 -1.041085908e+00
  1.120485095e-01 9.514577236e-01 -2.868092141e-01
 Node:         16
  0.1404E+03  0.1188E+03  0.4918E+03 -0.1169E-04
  -2.337E-5
   9.595E-17
  -2.337E-5
  -1.439E-16
  -2.519E-16
  -2.337E-5
  -4.336798532e-03
  -4.336798532e-03
  -4.336798532e-03
  0.000000000e+00
  -4.336798532e-03
  0.000000000e+00
  -1.501338753e-01 -2.397336043e-01 9.591715447e-01
  -8.159853659e-01 -5.525566396e-01 -2.652915989e-01
  5.935135501e-01 -8.226539295e-01 -1.120059621e-01
 Node:         17
  0.1365E+03  0.1184E+03  0.5055E+03 -0.1169E-04
  -2.337E-5
   4.797E-17
  -2.337E-5
   1.679E-16
   2.938E-16
  -2.337E-5
  -4.336798532e-03
  -4.336798532e-03
  -4.336798532e-03
  0.000000000e+00
  -4.336798532e-03
  0.000000000e+00
  2.739205962e-01 4.429292683e-01 9.514655827e-01
  1.015060705e+00 -3.682024390e-01 -1.189432889e-01
  -2.514181572e-01 -8.450235772e-01 4.670010840e-01
 Node:         18
  0.1341E+03  0.1191E+03  0.5192E+03 -0.1169E-04
  -2.337E-5
  -2.633E-37
  -2.337E-5
   4.573E-17
   1.84E-16
  -2.337E-5
  -4.336798532e-03
  -4.336798532e-03
  -4.336798532e-03
  0.000000000e+00
  -4.336798532e-03
  0.000000000e+00
  2.670626016e-02 1.008727913e-01 1.015709756e+00
  9.674956640e-01 -1.936905149e-01 -1.209382867e-02
  -2.744970190e-01 -1.015025203e+00 1.000827913e-01
 Node:         19
  0.1301E+03  0.1291E+03  0.4914E+03  0.0000E+00
   4.934E-16
   0.0
   4.934E-16
   3.631E-19
   1.731E-17
  -9.869E-16
  4.936000000e-16
  4.934000000e-16
  -9.871000000e-16
  1.480600010e-15
  -3.333333333e-20
  6.979615383e-16
  -2.097000000e-02 -9.997000000e-01 -1.169000000e-02
  -9.998000000e-01 2.097000000e-02 -8.123000000e-17
  2.452000000e-04 1.169000000e-02 -9.999000000e-01
 Node:         20
  0.1299E+03  0.1291E+03  0.5058E+03  0.0000E+00
   9.869E-16
   0.0
   0.0
   1.799E-17
   3.326E-17
  -2.467E-16
  9.871000000e-16
  4.400000000e-18
  -2.514000000e-16
  1.132478516e-15
  2.467000000e-16
  5.338554923e-16
  -9.999000000e-01 -4.917000000e-04 -1.459000000e-02
  2.401000000e-03 -9.914000000e-01 -1.311000000e-01
  -1.440000000e-02 -1.312000000e-01 9.913000000e-01
 Node:         21
  0.1301E+03  0.1280E+03  0.5197E+03  0.0000E+00
   4.934E-16
   0.0
   0.0
   7.196E-17
   2.549E-17
   4.934E-16
  5.660000000e-16
  4.222000000e-16
  -1.341000000e-18
  5.108528306e-16
  3.289530000e-16
  2.408183338e-16
  -7.039000000e-01 -3.195000000e-02 -7.096000000e-01
  -7.102000000e-01 4.241000000e-02 7.027000000e-01
  -7.642000000e-03 -9.986000000e-01 5.255000000e-02
 Node:         22
  0.1360E+03  0.1256E+03  0.4913E+03  0.0000E+00
  -9.869E-16
   2.399E-17
  -4.934E-16
  -2.399E-17
   1.739E-16
   4.934E-16
  5.234000000e-16
  -5.215000000e-16
  -9.888000000e-16
  1.341069376e-15
  -3.289666667e-16
  6.321861663e-16
  -1.298000000e-02 1.683000000e-01 9.857000000e-01
  5.935000000e-02 9.841000000e-01 -1.672000000e-01
  -9.982000000e-01 5.633000000e-02 -2.276000000e-02
 Node:         23
  0.1343E+03  0.1253E+03  0.5054E+03  0.0000E+00
   0.0
   3.598E-17
  -1.974E-15
   0.0
   2.271E-16
  -7.401E-16
  6.796000000e-19
  -6.997000000e-16
  -2.015000000e-15
  1.772499637e-15
  -9.046734667e-16
  8.355643418e-16
  9.998000000e-01 1.889000000e-02 5.790000000e-03
  -9.011000000e-03 1.753000000e-01 9.845000000e-01
  1.758000000e-02 -9.843000000e-01 1.754000000e-01
 Node:         24
  0.1336E+03  0.1248E+03  0.5194E+03  0.0000E+00
  -9.869E-16
   2.099E-17
   0.0
   2.399E-17
   1.499E-18
  -7.401E-16
  4.516000000e-19
  -7.379000000e-16
  -9.896000000e-16
  8.912682385e-16
  -5.756828000e-16
  4.201478769e-16
  -2.132000000e-02 -9.998000000e-01 -2.714000000e-03
  9.549000000e-02 -4.739000000e-03 9.954000000e-01
  -9.952000000e-01 2.096000000e-02 9.557000000e-02
 Node:         25
  0.1400E+03  0.1206E+03  0.4917E+03  0.0000E+00
   0.0
   4.617E-16
  -4.934E-16
  -1.439E-16
  -2.249E-16
   9.869E-16
  1.067000000e-15
  2.050000000e-16
  -7.785000000e-16
  1.599404030e-15
  1.645000000e-16
  7.539662901e-16
  -2.161000000e-01 -2.016000000e-01 9.553000000e-01
  8.390000000e-01 4.621000000e-01 2.874000000e-01
  -4.994000000e-01 8.636000000e-01 6.929000000e-02
 Node:         26
  0.1363E+03  0.1200E+03  0.5055E+03  0.0000E+00
   9.869E-16
   1.859E-16
  -2.714E-15
   4.797E-17
  -1.943E-15
  -2.467E-16
  1.006000000e-15
  8.090000000e-16
  -3.789000000e-15
  4.699597749e-15
  -6.580000000e-16
  2.215411625e-15
  9.680000000e-01 1.526000000e-01 -1.995000000e-01
  2.481000000e-01 -4.578000000e-01 8.538000000e-01
  -3.892000000e-02 8.759000000e-01 4.809000000e-01
 Node:         27
  0.1343E+03  0.1203E+03  0.5192E+03  0.0000E+00
   9.869E-16
  -3.358E-16
   9.869E-16
  -1.799E-16
   2.27E-15
   0.0
  2.890000000e-15
  9.150000000e-16
  -1.831000000e-15
  4.106639867e-15
  6.580000000e-16
  1.935888599e-15
  -1.931000000e-01 7.658000000e-01 6.135000000e-01
  9.808000000e-01 1.345000000e-01 1.409000000e-01
  2.534000000e-02 6.289000000e-01 -7.771000000e-01
 Node:         28
  0.1155E+03  0.1124E+03  0.4931E+03 -0.6907E-04
  -1.381E-4
   6.597E-17
  -1.381E-4
  -9.596E-17
   9.596E-17
  -1.381E-4
  -2.592530027e-02
  -2.592530027e-02
  -2.592530027e-02
  0.000000000e+00
  -2.592530027e-02
  0.000000000e+00
  2.565826558e-02 9.781647696e-01 1.799010840e-01
  7.142962060e-02 1.834073171e-01 -9.443203252e-01
  -1.083283198e+00 4.247102981e-02 -7.230401084e-02
 Node:         29
  0.1119E+03  0.1139E+03  0.5068E+03 -0.6907E-04
  -1.381E-4
  -3.599E-17
  -1.381E-4
   9.596E-17
   1.2E-17
  -1.381E-4
  -2.592530027e-02
  -2.592530027e-02
  -2.592530027e-02
  0.000000000e+00
  -2.592530027e-02
  0.000000000e+00
  -3.943073171e-02 9.658384824e-01 -9.525138211e-03
  -1.050009214e+00 -2.790105691e-02 -2.052285908e-01
  -1.896241192e-01 6.102710027e-04 1.037001084e+00
 Node:         30
  0.1113E+03  0.1159E+03  0.5206E+03 -0.6907E-04
  -1.381E-4
   2.159E-16
  -1.381E-4
   1.916E-36
  -4.798E-17
  -1.381E-4
  -2.592530027e-02
  -2.592530027e-02
  -2.592530027e-02
  0.000000000e+00
  -2.592530027e-02
  0.000000000e+00
  7.264441734e-01 7.411845528e-01 -5.460230352e-02
  -6.912411924e-01 6.711227642e-01 -9.263252033e-02
  -3.729590786e-02 9.432655827e-02 9.610138211e-01
 Node:         31
  0.1203E+03  0.1126E+03  0.4920E+03 -0.6907E-04
  -1.381E-4
   1.679E-16
  -1.381E-4
   4.798E-17
   7.197E-17
  -1.381E-4
  -2.592530027e-02
  -2.592530027e-02
  -2.592530027e-02
  0.000000000e+00
  -2.592530027e-02
  0.000000000e+00
  -7.012536585e-01 -4.188514905e-01 -4.998666667e-01
  5.464116531e-01 8.587018970e-02 -8.888634146e-01
  4.535235772e-01 -9.635612466e-01 9.450216802e-02
 Node:         32
  0.1188E+03  0.1134E+03  0.5062E+03 -0.6907E-04
  -1.381E-4
  -2.399E-17
  -1.381E-4
  -4.798E-17
   1.679E-16
  -1.381E-4
  -2.592530027e-02
  -2.592530027e-02
  -2.592530027e-02
  0.000000000e+00
  -2.592530027e-02
  0.000000000e+00
  1.070233333e+00 -2.136344173e-02 -4.396289973e-02
  4.458691057e-02 4.393712737e-01 8.796132791e-01
  -1.000090244e-03 -8.927143631e-01 4.491967480e-01
 Node:         33
  0.1183E+03  0.1150E+03  0.5201E+03 -0.6907E-04
  -1.381E-4
   9.596E-17
  -1.381E-4
   1.439E-16
  -2.554E-36
  -1.381E-4
  -2.592530027e-02
  -2.592530027e-02
  -2.592530027e-02
  0.000000000e+00
  -2.592530027e-02
  0.000000000e+00
  8.991886179e-01 1.621997290e-01 2.204436314e-01
  2.124642078e-02 8.097983740e-01 -5.559406504e-01
  -2.607593496e-01 4.416878049e-01 6.921891599e-01
 Node:         34
  0.1255E+03  0.1129E+03  0.4909E+03 -0.6907E-04
  -1.381E-4
  -2.98E-36
  -1.381E-4
   9.596E-17
   1.679E-16
  -1.381E-4
  -2.592530027e-02
  -2.592530027e-02
  -2.592530027e-02
  0.000000000e+00
  -2.592530027e-02
  0.000000000e+00
  3.615588076e-01 5.992420054e-01 7.106262873e-01
  -3.904552846e-01 2.474246612e-01 4.116923315e-03
  -2.966043360e-01 -5.459403794e-01 6.154490515e-01
 Node:         35
  0.1260E+03  0.1135E+03  0.5054E+03 -0.6907E-04
  -1.381E-4
   1.919E-16
  -1.381E-4
   1.919E-16
   4.318E-16
  -1.381E-4
  -2.592530027e-02
  -2.592530027e-02
  -2.592530027e-02
  0.000000000e+00
  -2.592530027e-02
  0.000000000e+00
  8.069636856e-01 5.138745257e-01 5.136295393e-01
  -4.601932249e-01 3.692915989e-01 3.708195122e-01
  3.191173193e-03 -7.086092141e-01 7.047479675e-01
 Node:         36
  0.1257E+03  0.1153E+03  0.5196E+03 -0.6907E-04
  -1.381E-4
  -9.596E-17
  -1.381E-4
  -9.596E-17
   1.439E-16
  -1.381E-4
  -2.592530027e-02
  -2.592530027e-02
  -2.592530027e-02
  0.000000000e+00
  -2.592530027e-02
  0.000000000e+00
  -4.790338753e-01 6.188398374e-01 6.077140921e-01
  8.532189702e-01 3.250934959e-01 3.463095393e-01
  1.074335174e-02 -6.706731707e-01 6.500601626e-01
 Node:         37
  0.1132E+03  0.1210E+03  0.4959E+03 -0.6907E-04
  -1.381E-4
   2.399E-16
  -1.381E-4
  -1.439E-16
   3.119E-16
  -1.381E-4
  -2.592530027e-02
  -2.592530027e-02
  -2.592530027e-02
  0.000000000e+00
  -2.592530027e-02
  0.000000000e+00
  -5.155623306e-01 -7.976333333e-01 -3.259331165e-01
  8.066720867e-01 -2.398918157e-01 -6.824040650e-01
  4.252626016e-01 -5.687945799e-01 7.010088347e-01
 Node:         38
  0.1111E+03  0.1204E+03  0.5085E+03 -0.6907E-04
  -1.381E-4
   1.679E-16
  -1.381E-4
  -4.798E-17
  -1.439E-16
  -1.381E-4
  -2.592530027e-02
  -2.592530027e-02
  -2.592530027e-02
  0.000000000e+00
  -2.592530027e-02
  0.000000000e+00
  2.284479675e-01 1.051095935e+00 -1.542939837e-01
  1.056725745e+00 -2.400100271e-01 -6.806341463e-02
  9.137447154e-02 1.244555556e-01 9.871281843e-01
 Node:         39
  0.1119E+03  0.1201E+03  0.5207E+03 -0.6907E-04
  -1.381E-4
  -1.679E-16
  -1.381E-4
  -1.439E-16
  -1.319E-16
  -1.381E-4
  -2.592530027e-02
  -2.592530027e-02
  -2.592530027e-02
  0.000000000e+00
  -2.592530027e-02
  0.000000000e+00
  1.002651762e+00 -8.394312195e-02 -4.092013550e-01
  3.567612466e-01 -1.958268293e-01 9.121658537e-01
  -1.555283198e-01 -1.061342005e+00 -1.657550136e-01
 Node:         40
  0.1191E+03  0.1220E+03  0.4937E+03 -0.6907E-04
  -1.381E-4
   1.439E-16
  -1.381E-4
   1.439E-16
  -2.399E-17
  -1.381E-4
  -2.592530027e-02
  -2.592530027e-02
  -2.592530027e-02
  0.000000000e+00
  -2.592530027e-02
  0.000000000e+00
  9.501436314e-01 1.272983740e-01 1.294883469e-01
  2.122463796e-03 6.792292683e-01 -6.874392954e-01
  -1.646842818e-01 6.152151762e-01 6.067409214e-01
 Node:         41
  0.1182E+03  0.1217E+03  0.5073E+03 -0.6907E-04
  -1.381E-4
  -4.798E-17
  -1.381E-4
   9.596E-17
   1.679E-16
  -1.381E-4
  -2.592530027e-02
  -2.592530027e-02
  -2.592530027e-02
  0.000000000e+00
  -2.592530027e-02
  0.000000000e+00
  -1.633747967e-01 -2.094442276e-01 -1.052693767e+00
  -9.976390244e-01 2.691173442e-01 1.076924119e-01
  2.198552846e-01 9.480742547e-01 -2.231190244e-01
 Node:         42
  0.1187E+03  0.1212E+03  0.5204E+03 -0.6907E-04
  -1.381E-4
  -9.596E-17
  -1.381E-4
   1.703E-36
   9.596E-17
  -1.381E-4
  -2.592530027e-02
  -2.592530027e-02
  -2.592530027e-02
  0.000000000e+00
  -2.592530027e-02
  0.000000000e+00
  -1.814582656e-02 8.298159892e-02 9.267010840e-01
  -1.020305691e+00 1.890623306e-01 -3.809525745e-02
  -1.918433604e-01 -1.062608401e+00 1.097794309e-01
 Node:         43
  0.1258E+03  0.1217E+03  0.4915E+03 -0.6907E-04
  -1.381E-4
   1.919E-16
  -1.381E-4
  -2.399E-17
   8.513E-37
  -1.381E-4
  -2.592530027e-02
  -2.592530027e-02
  -2.592530027e-02
  0.000000000e+00
  -2.592530027e-02
  0.000000000e+00
  1.024910298e+00 3.314750678e-01 -2.318710027e-02
  -3.298531165e-01 9.039807588e-01 4.525636856e-03
  1.978712737e-02 -1.342996748e-02 9.983631436e-01
 Node:         44
  0.1259E+03  0.1220E+03  0.5059E+03 -0.6907E-04
  -1.381E-4
   2.399E-16
  -1.381E-4
   1.679E-16
   1.919E-16
  -1.381E-4
  -2.592530027e-02
  -2.592530027e-02
  -2.592530027e-02
  0.000000000e+00
  -2.592530027e-02
  0.000000000e+00
  -3.779685637e-01 -3.971168022e-01 -8.825018970e-01
  -6.150848238e-01 -5.663317073e-01 5.196420054e-01
  7.412132791e-01 -7.723582656e-01 3.249891599e-02
 Node:         45
  0.1261E+03  0.1221E+03  0.5198E+03 -0.6907E-04
  -1.381E-4
  -1.439E-16
  -1.381E-4
   4.798E-17
  -1.2E-17
  -1.381E-4
  -2.592530027e-02
  -2.592530027e-02
  -2.592530027e-02
  0.000000000e+00
  -2.592530027e-02
  0.000000000e+00
  6.776338753e-02 -1.528672087e-02 9.974195122e-01
  -1.073113008e+00 1.536588076e-01 7.521617886e-02
  -1.545268293e-01 -1.075554743e+00 -5.710281843e-03
 Node:         46
  0.1117E+03  0.1296E+03  0.4959E+03  0.0000E+00
  -2.467E-16
   4.797E-17
  -7.401E-16
   1.199E-17
  -4.497E-17
   0.0
  3.057000000e-18
  -2.423000000e-16
  -7.476000000e-16
  6.629532710e-16
  -3.289476667e-16
  3.125191690e-16
  3.676000000e-02 -5.800000000e-02 9.976000000e-01
  9.946000000e-01 9.864000000e-02 -3.092000000e-02
  -9.662000000e-02 9.934000000e-01 6.131000000e-02
 Node:         47
  0.1107E+03  0.1269E+03  0.5087E+03  0.0000E+00
  -7.401E-16
  -5.397E-17
   4.934E-16
  -4.797E-17
   6.896E-17
   0.0
  5.058000000e-16
  -7.273000000e-18
  -7.452000000e-16
  1.089215580e-15
  -8.222433333e-17
  5.134611487e-16
  -4.821000000e-02 9.891000000e-01 1.394000000e-01
  -5.424000000e-02 -1.420000000e-01 9.884000000e-01
  -9.974000000e-01 -4.009000000e-02 -6.049000000e-02
 Node:         48
  0.1125E+03  0.1242E+03  0.5208E+03  0.0000E+00
   4.934E-16
   5.997E-18
   4.934E-16
   0.0
  -2.998E-18
   4.934E-16
  5.001000000e-16
  4.934000000e-16
  4.867000000e-16
  1.160474041e-17
  4.934000000e-16
  5.470527092e-18
  -6.325000000e-01 -7.071000000e-01 3.162000000e-01
  4.472000000e-01 -2.276000000e-15 8.944000000e-01
  6.325000000e-01 -7.071000000e-01 -3.162000000e-01
 Node:         49
  0.1186E+03  0.1311E+03  0.4938E+03  0.0000E+00
  -7.401E-16
  -3.598E-17
   0.0
  -7.196E-17
  -1.049E-17
  -2.467E-16
  1.947000000e-18
  -2.366000000e-16
  -7.523000000e-16
  6.677348644e-16
  -3.289843333e-16
  3.147732338e-16
  4.561000000e-02 -9.985000000e-01 2.894000000e-02
  -1.430000000e-01 2.215000000e-02 9.895000000e-01
  -9.887000000e-01 -4.926000000e-02 -1.418000000e-01
 Node:         50
  0.1180E+03  0.1298E+03  0.5075E+03  0.0000E+00
   0.0
  -2.249E-17
   1.48E-15
  -7.196E-17
   2.155E-17
   9.869E-16
  1.482000000e-15
  9.910000000e-16
  -5.513000000e-18
  1.312785985e-15
  8.224956667e-16
  6.188532481e-16
  1.739000000e-02 -9.988000000e-01 -4.603000000e-02
  -7.128000000e-02 -4.716000000e-02 9.963000000e-01
  9.973000000e-01 1.405000000e-02 7.201000000e-02
 Node:         51
  0.1192E+03  0.1275E+03  0.5206E+03  0.0000E+00
   0.0
  -5.997E-18
  -2.467E-16
   0.0
   2.549E-17
   4.934E-16
  4.943000000e-16
  1.449000000e-19
  -2.477000000e-16
  6.542860068e-16
  8.224830000e-17
  3.084333815e-16
  -4.170000000e-04 3.438000000e-02 9.994000000e-01
  9.997000000e-01 -2.416000000e-02 1.248000000e-03
  2.418000000e-02 9.991000000e-01 -3.436000000e-02
 Node:         52
  0.1262E+03  0.1305E+03  0.4920E+03  0.0000E+00
   4.934E-16
  -2.399E-17
   4.934E-16
   2.249E-18
   8.48E-18
   0.0
  5.175000000e-16
  4.696000000e-16
  -1.600000000e-19
  4.954496661e-16
  3.289800000e-16
  2.335572124e-16
  -7.061000000e-01 7.080000000e-01 8.534000000e-03
  7.081000000e-01 7.060000000e-01 1.614000000e-02
  -5.403000000e-03 -1.744000000e-02 9.998000000e-01
 Node:         53
  0.1258E+03  0.1304E+03  0.5063E+03  0.0000E+00
  -7.401E-16
  -2.998E-18
  -4.934E-16
   4.797E-17
   5.847E-17
  -9.869E-16
  -4.866000000e-16
  -7.314000000e-16
  -1.002000000e-15
  4.465358664e-16
  -7.400000000e-16
  2.104990261e-16
  1.040000000e-02 9.931000000e-01 1.171000000e-01
  -9.836000000e-01 3.123000000e-02 -1.776000000e-01
  -1.800000000e-01 -1.133000000e-01 9.771000000e-01
 Node:         54
  0.1265E+03  0.1288E+03  0.5200E+03  0.0000E+00
  -9.869E-16
   3.598E-17
   4.934E-16
   0.0
  -7.496E-18
   4.934E-16
  5.014000000e-16
  4.864000000e-16
  -9.877000000e-16
  1.481656947e-15
  3.333333333e-20
  6.984597833e-16
  1.758000000e-02 7.272000000e-01 -6.862000000e-01
  1.675000000e-02 6.860000000e-01 7.274000000e-01
  -9.997000000e-01 2.428000000e-02 1.229000000e-04
 Node:         55
  0.1382E+03  0.1168E+03  0.4529E+03  0.1141E-01
   0.06714
  -0.03586
   0.0326
  -0.004306
   0.05704
   0.02131
  1.136305962e-01
  5.082292954e-02
  -3.501098103e-02
  1.299697231e-01
  4.314751491e-02
  6.126831504e-02
  -5.246392954e-01 6.847376694e-01 4.946799458e-01
  7.537821138e-01 2.566405257e-01 4.237243902e-01
  -2.731634146e-01 -8.612056911e-01 9.156094851e-01
 Node:         56
  0.1314E+03  0.1156E+03  0.4686E+03  0.1141E-01
   0.06844
  -0.01953
   0.02799
   0.004109
   0.01679
   0.02009
  9.355635501e-02
  2.459123144e-02
  -1.846222764e-03
  8.637484692e-02
  3.876712123e-02
  4.071749332e-02
  -8.508040650e-01 3.415652629e-01 8.945550136e-02
  1.331784824e-01 3.920306233e-01 5.850900542e-01
  3.413130081e-01 2.122143902e-01 -1.933715447e-01
 Node:         57
  0.1285E+03  0.1140E+03  0.4823E+03  0.1141E-01
   0.07306
   8.849E-4
   0.0232
   0.00216
  -0.001253
   0.02247
  8.505459079e-02
  2.313055528e-02
  1.116619350e-02
  6.872830449e-02
  3.978377986e-02
  3.239883344e-02
  -9.133512195e-01 1.745892141e-01 1.074765799e-01
  8.560046179e-02 -2.743823848e-01 6.114287263e-01
  4.175149051e-02 3.064365854e-01 5.386521572e-01
 Node:         58
  0.1481E+03  0.1180E+03  0.4526E+03  0.1141E-01
   0.06652
  -0.06494
   0.04251
  -0.01083
   0.03994
   0.01267
  1.570878320e-01
  1.949014417e-02
  -3.140127263e-02
  1.691619362e-01
  4.839223451e-02
  7.974370148e-02
  -6.827157182e-01 6.744742547e-01 2.803598916e-01
  8.371062331e-01 4.292720867e-01 1.042805691e+00
  -3.557734417e-01 -6.402116531e-01 6.760195122e-01
 Node:         59
  0.1417E+03  0.1168E+03  0.4689E+03  0.1141E-01
   0.0715
  -0.07069
   0.0365
  -0.02758
   0.04076
   0.01812
  1.650408401e-01
  7.619984011e-03
  -3.122594309e-02
  1.808533698e-01
  4.714496034e-02
  8.525509614e-02
  -7.150189702e-01 5.941457995e-01 3.920044661e-01
  2.676921409e-01 1.591417344e-01 -2.906233062e-03
  -6.669360434e-01 -7.264514905e-01 3.024495935e-01
 Node:         60
  0.1375E+03  0.1150E+03  0.4832E+03  0.1141E-01
   0.07497
  -0.02044
   0.02537
  -0.01065
   0.009753
   0.02297
  9.815810840e-02
  1.659681333e-02
  9.488975610e-03
  8.536026713e-02
  4.141463245e-02
  4.023921582e-02
  -8.493991870e-01 3.759312737e-01 2.799057615e-01
  1.926132791e-01 1.776696477e-01 7.899675881e-01
  1.744143631e-01 -4.200816585e-01 7.106048780e-01
 Node:         61
  0.1551E+03  0.1226E+03  0.4521E+03  0.1141E-01
   0.07529
  -0.05321
   0.03098
  -0.0231
   0.02153
   0.008212
  1.902474526e-01
  1.486000000e-04
  -3.881477919e-02
  2.129632073e-01
  5.052709113e-02
  1.003918187e-01
  -7.365081301e-01 5.636013550e-01 -4.258731707e-02
  5.553365583e-01 3.906661247e-01 2.612775068e-01
  -6.626349593e-02 -2.113731707e-01 9.723479675e-01
 Node:         62
  0.1491E+03  0.1205E+03  0.4691E+03  0.1141E-01
   0.08446
  -0.126
   0.03549
  -0.05019
   0.04122
   0.01704
  2.661756369e-01
  -4.684870190e-03
  -7.530289973e-02
  3.123694028e-01
  6.206262231e-02
  1.472523486e-01
  -7.594932249e-01 5.587154472e-01 3.235582656e-01
  3.017287263e-01 -1.669237263e-01 1.123450136e+00
  7.270449864e-01 9.306728997e-01 -5.541119241e-02
 Node:         63
  0.1436E+03  0.1181E+03  0.4838E+03  0.1141E-01
   0.07757
  -0.04494
   0.0281
  -0.01278
   0.01835
   0.02277
  1.246970949e-01
  1.371910244e-02
  -3.897070732e-03
  1.209587117e-01
  4.483970885e-02
  5.702048352e-02
  -7.824482385e-01 5.202886179e-01 2.914719675e-01
  1.524742547e-02 -1.181619377e-01 1.913699187e-01
  -3.123923306e-01 -5.692972900e-01 1.242905149e-01
 Node:         64
  0.1412E+03  0.1253E+03  0.4517E+03  0.1141E-01
   0.06303
  -0.009334
   0.03825
  -0.01859
   0.01561
   0.01742
  8.613070461e-02
  4.363147154e-02
  -8.497502168e-03
  8.468044767e-02
  4.042155799e-02
  3.991874585e-02
  -8.100756098e-01 3.741639566e-01 2.436127290e-01
  1.368856775e-01 2.994194309e-01 4.901773442e-01
  1.919018970e-01 4.203086721e-01 -1.726463469e-01
 Node:         65
  0.1340E+03  0.1229E+03  0.4680E+03  0.1141E-01
   0.06998
  -0.0378
   0.0342
  -0.01702
   0.01045
   0.01932
  1.044097534e-01
  2.618089946e-02
  -5.242511653e-03
  9.829463567e-02
  4.178271373e-02
  4.633653562e-02
  -8.184886179e-01 6.103636043e-01 2.338953659e-01
  2.081301463e-01 6.504365854e-01 8.189906558e-01
  4.356915989e-01 1.044758808e-01 7.441200542e-01
 Node:         66
  0.1299E+03  0.1214E+03  0.4825E+03  0.1141E-01
   0.07494
  -0.01306
   0.02495
  -0.002104
   0.001772
   0.0225
  8.850914092e-02
  2.036090629e-02
  1.475831409e-02
  7.125588113e-02
  4.120945377e-02
  3.359034450e-02
  -8.935574526e-01 3.494934417e-01 1.364551491e-01
  9.763669377e-02 6.569939024e-01 -1.530707317e-01
  1.184740537e-01 4.607127371e-02 5.515355556e-01
 Node:         67
  0.1498E+03  0.1247E+03  0.4517E+03  0.1141E-01
   0.06504
  -0.04292
   0.03692
  -0.01725
   0.01383
   0.01351
  1.146938808e-01
  7.278001355e-03
  8.130363144e-04
  1.108888812e-01
  4.092830614e-02
  5.227351991e-02
  -7.288092141e-01 6.506758808e-01 1.899624119e-01
  5.426899729e-02 2.221955827e-01 -2.463173442e-01
  -5.845357724e-01 -8.878579946e-01 5.239942005e-01
 Node:         68
  0.1431E+03  0.1225E+03  0.4685E+03  0.1141E-01
   0.07558
  -0.09298
   0.03633
  -0.04135
   0.02588
   0.01737
  1.925368808e-01
  2.453082927e-03
  -4.294953930e-02
  2.164156151e-01
  5.068014146e-02
  1.020192993e-01
  -7.572650407e-01 5.774005420e-01 3.019205962e-01
  1.076351724e-01 -3.276821734e-01 9.162062331e-01
  6.344720867e-01 7.232230352e-01 1.827240894e-01
 Node:         69
  0.1380E+03  0.1205E+03  0.4830E+03  0.1141E-01
   0.07707
  -0.03031
   0.0261
  -0.01398
   0.01074
   0.02273
  1.065373035e-01
  1.682751057e-02
  5.867934688e-03
  9.567628274e-02
  4.307758293e-02
  4.510223222e-02
  -8.331674797e-01 4.428493225e-01 2.894293767e-01
  1.870670190e-01 9.050298103e-03 7.087967480e-01
  1.042593496e-01 -2.363533875e-01 3.577767209e-01
 Node:         70
  0.1553E+03  0.1247E+03  0.4519E+03  0.1141E-01
   0.0685
  -0.05396
   0.02733
  -0.05195
   0.03722
   0.01585
  1.700288076e-01
  -1.265787940e-02
  -2.394382818e-02
  1.886013629e-01
  4.447570000e-02
  8.890753509e-02
  -7.247636856e-01 5.522981030e-01 3.959401084e-01
  6.029054201e-01 8.867108401e-01 -1.641159892e-01
  6.577493225e-02 -3.002517344e-01 4.133813008e-01
 Node:         71
  0.1493E+03  0.1224E+03  0.4690E+03  0.1141E-01
   0.08348
  -0.1059
   0.0323
  -0.1061
   0.05833
   0.02042
  2.914427100e-01
  -3.004672797e-02
  -6.861302168e-02
  3.429432661e-01
  6.426098679e-02
  1.616650060e-01
  -7.526474255e-01 4.745289973e-01 4.549891599e-01
  4.917969106e-02 -6.943397019e-01 8.619384824e-01
  7.655891599e-01 6.591162602e-01 4.769966938e-01
 Node:         72
  0.1435E+03  0.1199E+03  0.4837E+03  0.1141E-01
   0.07994
  -0.03939
   0.02567
  -0.03119
   0.01729
   0.02346
  1.287201653e-01
  1.076007290e-02
  -3.162105691e-03
  1.255909217e-01
  4.543937751e-02
  5.920412827e-02
  -8.061547425e-01 4.237704607e-01 3.965862873e-01
  1.230555556e-01 -3.046204878e-01 7.130769648e-01
  2.011962060e-01 -2.512628726e-01 5.148184282e-01
 Node:         73
  0.1443E+03  0.1339E+03  0.4509E+03  0.0000E+00
   0.06191
  -0.01188
  -0.01147
  -0.00282
   0.001548
   0.007344
  8.283961518e-02
  1.035213740e-02
  -1.734618970e-02
  8.986631078e-02
  2.528185429e-02
  4.236338517e-02
  -7.303764228e-01 1.046460705e-01 5.721317615e-02
  9.156132520e-02 1.772836043e-01 1.047924932e+00
  1.794831436e-01 1.801712737e-01 3.384138753e-01
 Node:         74
  0.1366E+03  0.1304E+03  0.4676E+03  0.0000E+00
   0.07357
   0.01637
  -0.004096
   0.009445
   0.00106
   0.00733
  1.057661870e-01
  9.190627561e-03
  -1.961073442e-02
  1.139707317e-01
  3.178202671e-02
  5.372631814e-02
  -9.088257453e-01 -2.919030894e-01 -1.720146883e-01
  -3.796428184e-02 3.484411382e-01 -6.315338753e-02
  -2.873103252e-01 8.823276423e-01 8.759159892e-02
 Node:         75
  0.1313E+03  0.1288E+03  0.4826E+03  0.0000E+00
   0.05953
   0.006422
  -2.141E-4
  -4.793E-4
  -5.039E-4
   6.394E-4
  7.673996206e-02
  1.522435664e-03
  -5.562025745e-03
  7.920558541e-02
  2.423345733e-02
  3.733787103e-02
  -9.341013550e-01 -2.471778320e-01 -7.007360434e-02
  -5.350496748e-02 -1.949521138e-01 6.798276423e-01
  -2.467393225e-01 8.414953930e-01 2.929142276e-01
 Node:         76
  0.1514E+03  0.1313E+03  0.4511E+03  0.0000E+00
   0.06075
  -0.02226
  -0.01402
  -0.01286
   0.02203
   0.009964
  9.200160434e-02
  1.818467127e-02
  -3.013454743e-02
  1.069577487e-01
  2.668390939e-02
  5.042036627e-02
  -1.244599187e+00 3.576996206e-01 4.131823848e-01
  2.678750163e-01 9.560542005e-03 6.123425474e-01
  5.569338753e-02 -5.372203252e-01 5.622024932e-01
 Node:         77
  0.1445E+03  0.1283E+03  0.4681E+03  0.0000E+00
   0.08169
   0.02415
  -0.005662
   0.003929
   0.0191
   0.006132
  1.161614526e-01
  1.682979786e-02
  -2.672773713e-02
  1.268986828e-01
  3.542117110e-02
  5.982061278e-02
  -9.235395664e-01 -3.311883740e-01 -1.421283089e-01
  -1.175812033e-01 2.252474797e-01 6.800062331e-01
  -2.686386477e-01 8.769070461e-01 -3.638210569e-01
 Node:         78
  0.1384E+03  0.1261E+03  0.4829E+03  0.0000E+00
   0.0627
   0.01648
  -7.229E-5
   0.001491
   0.001639
   4.59E-4
  8.404351762e-02
  3.914303523e-05
  -6.328015447e-03
  8.769306264e-02
  2.591821507e-02
  4.133890617e-02
  -9.189008130e-01 -3.275961789e-01 -1.056906477e-01
  -9.422468835e-02 3.082143035e-01 8.478457995e-01
  -3.519317344e-01 9.497016260e-01 -2.765839539e-01
 Node:         79
  0.1555E+03  0.1267E+03  0.4517E+03  0.0000E+00
   0.05844
   0.0323
  -0.009132
  -0.0169
   0.004622
  -0.02816
  1.679778835e-01
  -2.823079133e-02
  -5.283029268e-02
  2.099150978e-01
  2.897226649e-02
  9.895492611e-02
  -3.467273713e-01 -2.926903740e-01 -1.045872331e-01
  -3.476685637e-02 6.408020596e-01 3.378579946e-01
  -2.666636856e-01 7.871967480e-01 8.320878049e-02
 Node:         80
  0.1494E+03  0.1243E+03  0.4689E+03  0.0000E+00
   0.08727
   0.04279
  -0.006462
   0.02014
   0.004475
  -0.02149
  1.813584607e-01
  -2.030989431e-02
  -3.468649864e-02
  2.093506588e-01
  4.212068925e-02
  9.868884698e-02
  -9.161888889e-01 -2.564915989e-01 -2.607261134e-01
  1.120067751e-01 -4.631106233e-01 8.451663957e-01
  -2.419373442e-01 4.204555556e-01 3.606806504e-01
 Node:         81
  0.1433E+03  0.1217E+03  0.4836E+03  0.0000E+00
   0.06449
   0.01821
  -5.948E-4
   0.0166
   0.004005
  -0.001975
  9.360081030e-02
  -4.673483035e-03
  -1.004534417e-02
  1.012261957e-01
  2.629399436e-02
  4.771848628e-02
  -8.955197832e-01 -2.580362060e-01 -3.161378591e-01
  -2.497388509e-02 -8.782384824e-03 3.276720054e-01
  -3.485906249e-01 7.788135501e-02 8.397791328e-01
 Node:         82
  0.1267E+03  0.1148E+03  0.4563E+03  0.2647E-02
   0.0568
  -0.03059
   0.007146
  -0.002892
   0.01859
   0.004407
  6.969472818e-02
  1.752982385e-02
  -4.029241003e-02
  9.669472203e-02
  1.564404734e-02
  4.558232910e-02
  -9.229089431e-01 4.208448780e-01 1.007508943e-01
  1.668458266e-01 4.398791870e-01 1.075356911e+00
  1.068550136e-01 -2.327826558e-01 7.257771274e-01
 Node:         83
  0.1234E+03  0.1129E+03  0.4720E+03  0.2647E-02
   0.05313
  -0.01404
   0.005623
   0.0179
   0.009479
   0.002788
  7.860011653e-02
  -2.059975610e-03
  -3.900709539e-02
  1.043413203e-01
  1.251101518e-02
  4.918697008e-02
  -6.231471545e-01 2.157260461e-01 8.729024390e-02
  -8.695799458e-03 -1.183341463e-01 3.677273713e-01
  4.458168022e-01 3.843067751e-01 -2.512054201e-01
 Node:         84
  0.1187E+03  0.1123E+03  0.4849E+03  0.2647E-02
   0.05593
  -4.62E-4
   0.005284
   0.008206
  -3.618E-4
   0.003312
  5.998118320e-02
  -6.401636856e-03
  -1.294828997e-02
  6.996540225e-02
  1.354375212e-02
  3.298200692e-02
  -6.789054201e-01 5.456311653e-02 1.161493767e-01
  -3.750948509e-04 -1.479767480e-01 -5.668073171e-02
  1.443887805e-01 -5.403710027e-02 5.073423848e-01
 Node:         85
  0.1302E+03  0.1161E+03  0.4550E+03  0.2647E-02
   0.05619
  -0.03198
   0.008041
  -3.025E-4
   0.02751
   0.004557
  7.096039542e-02
  3.135425935e-02
  -5.143020596e-02
  1.114033633e-01
  1.696148294e-02
  5.251604908e-02
  -4.383162602e-01 1.887666667e-01 1.708913279e-02
  2.586242710e-01 1.737428184e-01 6.787626016e-01
  4.629891599e-02 2.928265583e-02 1.561407046e-01
 Node:         86
  0.1252E+03  0.1138E+03  0.4703E+03  0.2647E-02
   0.05052
   0.002828
   0.01752
   0.02822
   0.03588
   0.003418
  1.353932818e-01
  1.246845528e-03
  -6.683044336e-02
  1.791626136e-01
  2.326989467e-02
  8.445806600e-02
  -4.825829268e-01 1.191539295e-01 1.548092141e-01
  1.803951220e-01 -2.807338753e-01 1.246305198e-01
  3.384842818e-01 7.497487805e-02 1.693075881e-01
 Node:         87
  0.1217E+03  0.1126E+03  0.4834E+03  0.2647E-02
   0.05565
  -6.498E-4
   0.005473
   0.008958
  -0.001661
   0.003732
  6.178997019e-02
  -5.527650407e-03
  -1.570582114e-02
  7.307336961e-02
  1.351883288e-02
  3.444711678e-02
  -6.671054201e-01 5.311796477e-02 1.312170190e-01
  1.711655827e-02 2.338168022e-01 -6.275484011e-02
  2.439459621e-01 7.380027100e-03 -5.569972900e-02
 Node:         88
  0.1338E+03  0.1169E+03  0.4532E+03  0.2647E-02
   0.05046
  -0.0395
   0.008758
  -8.36E-4
   0.04845
   0.009119
  8.624201653e-02
  3.215482634e-02
  -6.555987534e-02
  1.358083408e-01
  1.761232251e-02
  6.402066580e-02
  -6.256534688e-01 4.655379404e-01 2.353856369e-01
  6.201975068e-01 3.268665312e-02 7.351106775e-01
  1.698696477e-01 2.170498645e-01 3.415650407e-02
 Node:         89
  0.1270E+03  0.1150E+03  0.4686E+03  0.2647E-02
   0.05103
  -0.01294
   0.006991
   0.009466
   0.01261
   0.004713
  7.145169377e-02
  -1.467934959e-03
  -3.637274851e-02
  9.568836647e-02
  1.120367010e-02
  4.510792854e-02
  -6.243653117e-01 2.162864499e-01 1.051246883e-01
  8.239040650e-03 -9.652222222e-02 5.249349593e-01
  2.702807588e-01 2.038600271e-01 1.585590786e-01
 Node:         90
  0.1248E+03  0.1132E+03  0.4822E+03  0.2647E-02
   0.05528
   0.003507
   0.005126
   0.003977
  -0.002296
   0.00494
  5.852890000e-02
  -3.395472087e-03
  -1.530780759e-02
  6.870336081e-02
  1.327520678e-02
  3.238707488e-02
  -6.662639566e-01 1.350911680e-01 1.053825745e-01
  7.758106938e-02 -2.021295393e-01 5.812775068e-01
  1.065775881e-01 4.238157182e-01 5.674783198e-01
 Node:         91
  0.1259E+03  0.1261E+03  0.4544E+03  0.2647E-02
   0.0451
  -0.01339
   0.01925
  -0.01911
   0.0345
   0.003351
  7.831202981e-02
  3.010561843e-02
  -5.590308000e-02
  1.225447657e-01
  1.750485608e-02
  5.776815656e-02
  -5.079921409e-01 5.085073171e-01 2.931626016e-01
  4.930056829e-01 -1.002915989e-01 4.248795203e-01
  2.987501897e-01 -9.592845528e-02 5.410840108e-01
 Node:         92
  0.1209E+03  0.1232E+03  0.4724E+03  0.2647E-02
   0.0521
  -0.0227
   0.009546
  -0.01542
   0.02336
   0.006881
  6.764535393e-02
  2.078979946e-02
  -4.173995393e-02
  9.774317770e-02
  1.556506649e-02
  4.607657584e-02
  -1.363590786e-01 1.749308401e-01 1.495033875e-01
  2.729150407e-01 5.889051491e-02 7.340821138e-01
  2.931358374e-01 3.732791328e-03 5.459693767e-01
 Node:         93
  0.1159E+03  0.1217E+03  0.4876E+03  0.2647E-02
   0.05672
  -0.001954
   0.005399
  -0.004725
   0.001562
   0.005742
  5.986759897e-02
  -7.662298103e-04
  -1.455469919e-02
  6.879618353e-02
  1.484888999e-02
  3.243083193e-02
  -9.065062331e-01 -4.956769106e-02 2.306156640e-01
  -1.064860976e-01 5.596002710e-01 3.127276423e-01
  -2.263774192e-01 -2.100823848e-01 -3.419021680e-01
 Node:         94
  0.1313E+03  0.1263E+03  0.4533E+03  0.2647E-02
   0.04258
  -0.01361
   0.02131
  -0.02744
   0.02821
   0.004634
  7.598689160e-02
  3.351344851e-02
  -5.446861003e-02
  1.200192079e-01
  1.834391003e-02
  5.657759719e-02
  -3.102308943e-01 1.614735501e-01 -6.228373984e-02
  4.192319241e-01 9.235853659e-02 4.103094851e-01
  4.023018970e-01 1.729094851e-01 4.043997290e-01
 Node:         95
  0.1250E+03  0.1234E+03  0.4704E+03  0.2647E-02
   0.05188
  -0.02323
   0.01229
  -0.02272
   0.01813
   0.006149
  6.823147832e-02
