 Group name: predicted_stress_L6A1
 #Fields=  16
 1) coordinates, coordinate, rectangular cartesian, #Components=3
   x.  Value index= 1, #Derivatives=0
   y.  Value index= 2, #Derivatives=0
   z.  Value index= 3, #Derivatives=0
 2) Tensor_1, field, rectangular cartesian, #Components=1
   Tensor_1.  Value index= 4, #Derivatives=0
 3) Tensor_2, field, rectangular cartesian, #Components=1
   Tensor_2.  Value index= 5, #Derivatives=0
 4) Tensor_3, field, rectangular cartesian, #Components=1
   Tensor_3.  Value index= 6, #Derivatives=0
 5) Tensor_4, field, rectangular cartesian, #Components=1
   Tensor_4.  Value index= 7, #Derivatives=0
 6) Tensor_5, field, rectangular cartesian, #Components=1
   Tensor_5.  Value index= 8, #Derivatives=0
 7) Tensor_6, field, rectangular cartesian, #Components=1
   Tensor_6.  Value index= 9, #Derivatives=0
 8) Principal_1, field, rectangular cartesian, #Components=1
   Principal_1.  Value index= 10, #Derivatives=0
 9) Principal_2, field, rectangular cartesian, #Components=1
   Principal_2.  Value index= 11, #Derivatives=0
 10) Principal_3, field, rectangular cartesian, #Components=1
   Principal_3.  Value index= 12, #Derivatives=0
 11) VonMises, field, rectangular cartesian, #Components=1
   VonMises.  Value index= 13, #Derivatives=0
 12) Hydrostatic, field, rectangular cartesian, #Components=1
   VonMises.  Value index= 14, #Derivatives=0
 13) Octahedral, field, rectangular cartesian, #Components=1
   VonMises.  Value index= 15, #Derivatives=0
 14) PrincipalVector1, field, rectangular cartesian, #Components=3
   x.  Value index= 16, #Derivatives=0
   y.  Value index= 17, #Derivatives=0
   z.  Value index= 18, #Derivatives=0
 15) PrincipalVector2, field, rectangular cartesian, #Components=3
   x.  Value index= 19, #Derivatives=0
   y.  Value index= 20, #Derivatives=0
   z.  Value index= 21, #Derivatives=0
 16) PrincipalVector3, field, rectangular cartesian, #Components=3
   x.  Value index= 22, #Derivatives=0
   y.  Value index= 23, #Derivatives=0
   z.  Value index= 24, #Derivatives=0
 Node:          1
  0.1287E+03  0.1133E+03  0.4908E+03 -0.2926E-04
  -5.852E-5
  -1.439E-16
  -5.852E-5
  -4.798E-17
  -7.196E-17
  -5.852E-5
  2.720534730e-02
  2.720534730e-02
  2.720534730e-02
  0.000000000e+00
  2.720534730e-02
  0.000000000e+00
  1.053678736e+00 -2.859419540e-01 -2.662632184e-02
  2.571344828e-01 9.586511494e-01 -1.467919540e-01
  6.292298851e-02 1.349908046e-01 9.920902299e-01
 Node:          2
  0.1292E+03  0.1137E+03  0.5052E+03 -0.2926E-04
  -5.852E-5
  -1.919E-16
  -5.852E-5
  -9.595E-17
   3.358E-16
  -5.852E-5
  2.720534730e-02
  2.720534730e-02
  2.720534730e-02
  0.000000000e+00
  2.720534730e-02
  0.000000000e+00
  1.258750575e+00 -5.502034483e-01 -2.805109195e-01
  5.765931034e-01 1.046243103e+00 5.376189655e-01
  -1.106550000e-03 -4.457178161e-01 8.953586207e-01
 Node:          3
  0.1289E+03  0.1155E+03  0.5194E+03 -0.2926E-04
  -5.852E-5
   2.399E-16
  -5.852E-5
   1.919E-16
   9.595E-17
  -5.852E-5
  2.720534730e-02
  2.720534730e-02
  2.720534730e-02
  0.000000000e+00
  2.720534730e-02
  0.000000000e+00
  -4.166821839e-01 -8.768172414e-01 -2.435120690e-01
  5.040178161e-01 -4.445586207e-01 7.409597701e-01
  7.574982759e-01 -1.852712644e-01 -6.273362069e-01
 Node:          4
  0.1361E+03  0.1141E+03  0.4915E+03 -0.2926E-04
  -5.852E-5
  -4.798E-17
  -5.852E-5
  -4.798E-17
  -1.439E-16
  -5.852E-5
  2.720534730e-02
  2.720534730e-02
  2.720534730e-02
  0.000000000e+00
  2.720534730e-02
  0.000000000e+00
  -4.714051724e-02 -1.003498276e-01 9.940241379e-01
  -1.084488506e+00 1.253536782e-01 -3.892908046e-02
  -1.208751724e-01 -1.079716667e+00 -1.138667816e-01
 Node:          5
  0.1341E+03  0.1144E+03  0.5054E+03 -0.2926E-04
  -5.852E-5
   2.399E-16
  -5.852E-5
   9.595E-17
  -1.199E-16
  -5.852E-5
  2.720534730e-02
  2.720534730e-02
  2.720534730e-02
  0.000000000e+00
  2.720534730e-02
  0.000000000e+00
  9.169890805e-02 -1.826045977e-01 9.790620690e-01
  7.236252874e-01 6.879735632e-01 6.043471264e-02
  -6.845063218e-01 7.027494253e-01 1.948431034e-01
 Node:          6
  0.1323E+03  0.1162E+03  0.5191E+03 -0.2926E-04
  -5.852E-5
   9.595E-17
  -5.852E-5
  -9.595E-17
  -4.798E-17
  -5.852E-5
  2.720534730e-02
  2.720534730e-02
  2.720534730e-02
  0.000000000e+00
  2.720534730e-02
  0.000000000e+00
  -7.207350575e-01 -6.867718391e-01 9.770603448e-02
  9.782718391e-01 -1.003190805e+00 -4.081637931e-02
  1.022179310e-01 3.514045977e-02 9.945965517e-01
 Node:          7
  0.1408E+03  0.1171E+03  0.4920E+03 -0.2926E-04
  -5.852E-5
   3.838E-16
  -5.852E-5
  -1.439E-16
  -1.919E-16
  -5.852E-5
  2.720534730e-02
  2.720534730e-02
  2.720534730e-02
  0.000000000e+00
  2.720534730e-02
  0.000000000e+00
  9.357074713e-01 5.489954023e-01 -1.354649425e-01
  -5.173379310e-01 8.490844828e-01 -1.186621839e-01
  4.531063218e-02 1.660597701e-01 9.852758621e-01
 Node:          8
  0.1367E+03  0.1169E+03  0.5055E+03 -0.2926E-04
  -5.852E-5
   3.358E-16
  -5.852E-5
  -6.956E-16
  -4.078E-16
  -5.852E-5
  2.720534730e-02
  2.720534730e-02
  2.720534730e-02
  0.000000000e+00
  2.720534730e-02
  0.000000000e+00
  -9.703442529e-01 -6.578787356e-01 3.687442529e-01
  6.639505747e-01 -1.022206897e+00 -1.196968966e-01
  3.091160920e-01 1.907103448e-01 9.494574713e-01
 Node:          9
  0.1339E+03  0.1180E+03  0.5191E+03 -0.2926E-04
  -5.852E-5
   2.879E-16
  -5.852E-5
  -6.837E-16
  -4.798E-16
  -5.852E-5
  2.720534730e-02
  2.720534730e-02
  2.720534730e-02
  0.000000000e+00
  2.720534730e-02
  0.000000000e+00
  3.201235632e-01 1.213097701e-01 -1.288529885e+00
  1.021482184e+00 2.022390805e-01 4.591379310e-01
  -2.267440230e-01 1.255866667e+00 4.102873563e-02
 Node:         10
  0.1294E+03  0.1212E+03  0.4911E+03 -0.2926E-04
  -5.852E-5
   4.798E-17
  -5.852E-5
  -2.399E-17
   2.159E-16
  -5.852E-5
  2.720534730e-02
  2.720534730e-02
  2.720534730e-02
  0.000000000e+00
  2.720534730e-02
  0.000000000e+00
  2.433775862e-02 9.450758621e-01 9.045080460e-01
  1.968841954e-01 7.081959770e-01 -6.840166667e-01
  -1.382739080e+00 1.741870747e-01 -1.391908621e-01
 Node:         11
  0.1295E+03  0.1214E+03  0.5055E+03 -0.2926E-04
  -5.852E-5
  -4.798E-17
  -5.852E-5
  -7.196E-17
   2.399E-17
  -5.852E-5
  2.720534730e-02
  2.720534730e-02
  2.720534730e-02
  0.000000000e+00
  2.720534730e-02
  0.000000000e+00
  -3.314011494e-01 1.678134483e-01 1.149779885e+00
  -7.065402299e-01 1.023482759e+00 -3.484063218e-01
  8.754735632e-01 8.146080460e-01 1.523304598e-01
 Node:         12
  0.1295E+03  0.1217E+03  0.5196E+03 -0.2926E-04
  -5.852E-5
  -4.959E-37
  -5.852E-5
   1.319E-16
   4.798E-17
  -5.852E-5
  2.720534730e-02
  2.720534730e-02
  2.720534730e-02
  0.000000000e+00
  2.720534730e-02
  0.000000000e+00
  -2.379678161e-01 -9.224009195e-02 -9.673327586e-01
  -3.707551724e-01 1.041698851e+00 -9.950535494e-03
  4.969568966e-01 1.236706897e-01 -1.310747126e-01
 Node:         13
  0.1361E+03  0.1199E+03  0.4914E+03 -0.2926E-04
  -5.852E-5
  -2.399E-16
  -5.852E-5
  -1.679E-16
   4.798E-17
  -5.852E-5
  2.720534730e-02
  2.720534730e-02
  2.720534730e-02
  0.000000000e+00
  2.720534730e-02
  0.000000000e+00
  1.006129310e+00 -4.008264368e-01 -1.399057471e-01
  3.669614943e-01 9.300770115e-01 -2.340103448e-02
  1.277080460e-01 -2.546077586e-02 9.915402299e-01
 Node:         14
  0.1342E+03  0.1198E+03  0.5054E+03 -0.2926E-04
  -5.852E-5
   4.798E-17
  -5.852E-5
   9.595E-17
  -1.559E-16
  -5.852E-5
  2.720534730e-02
  2.720534730e-02
  2.720534730e-02
  0.000000000e+00
  2.720534730e-02
  0.000000000e+00
  1.078853448e-01 -2.640781609e-01 9.587701149e-01
  -3.344112644e-01 -1.011841954e+00 -2.421333333e-01
  -1.033958046e+00 2.944800000e-01 1.967800000e-01
 Node:         15
  0.1330E+03  0.1205E+03  0.5193E+03 -0.2926E-04
  -5.852E-5
  -1.439E-16
  -5.852E-5
   2.399E-17
   8.396E-17
  -5.852E-5
  2.720534730e-02
  2.720534730e-02
  2.720534730e-02
  0.000000000e+00
  2.720534730e-02
  0.000000000e+00
  1.084500000e+00 -1.260828161e-01 1.963643678e-02
  -1.599465517e-02 -2.983787356e-01 -1.051476437e+00
  1.167112644e-01 9.563672414e-01 -2.719321839e-01
 Node:         16
  0.1404E+03  0.1188E+03  0.4918E+03 -0.2926E-04
  -5.852E-5
   9.595E-17
  -5.852E-5
  -1.439E-16
  -2.519E-16
  -5.852E-5
  2.720534730e-02
  2.720534730e-02
  2.720534730e-02
  0.000000000e+00
  2.720534730e-02
  0.000000000e+00
  -1.507091954e-01 -2.360787356e-01 9.601051724e-01
  -8.021172414e-01 -5.781160920e-01 -2.680247126e-01
  6.181109195e-01 -8.107270115e-01 -1.014218391e-01
 Node:         17
  0.1365E+03  0.1184E+03  0.5055E+03 -0.2926E-04
  -5.852E-5
   4.798E-17
  -5.852E-5
   1.679E-16
   2.939E-16
  -5.852E-5
  2.720534730e-02
  2.720534730e-02
  2.720534730e-02
  0.000000000e+00
  2.720534730e-02
  0.000000000e+00
  2.441752874e-01 3.966137931e-01 1.005224713e+00
  1.032697126e+00 -3.408241379e-01 -1.305126253e-01
  -2.480097701e-01 -8.996672414e-01 4.073080460e-01
 Node:         18
  0.1341E+03  0.1191E+03  0.5192E+03 -0.2926E-04
  -5.852E-5
  -6.594E-37
  -5.852E-5
   4.573E-17
   1.84E-16
  -5.852E-5
  2.720534730e-02
  2.720534730e-02
  2.720534730e-02
  0.000000000e+00
  2.720534730e-02
  0.000000000e+00
  1.390603448e-02 7.569545977e-02 1.021986207e+00
  1.061354023e+00 -3.879890805e-01 3.253886220e-02
  -1.582494253e-01 -1.276855172e+00 1.220721839e-01
 Node:         19
  0.1301E+03  0.1291E+03  0.4914E+03  0.0000E+00
   4.934E-16
   0.0
   4.934E-16
   3.631E-19
   1.731E-17
  -9.869E-16
  4.936000000e-16
  4.934000000e-16
  -9.871000000e-16
  1.480600010e-15
  -3.333333333e-20
  6.979615383e-16
  -2.097000000e-02 -9.997000000e-01 -1.169000000e-02
  -9.998000000e-01 2.097000000e-02 -8.123000000e-17
  2.452000000e-04 1.169000000e-02 -9.999000000e-01
 Node:         20
  0.1299E+03  0.1291E+03  0.5058E+03  0.0000E+00
   9.869E-16
   0.0
   0.0
   1.799E-17
   3.326E-17
  -2.467E-16
  9.871000000e-16
  4.400000000e-18
  -2.514000000e-16
  1.132478516e-15
  2.467000000e-16
  5.338554923e-16
  -9.999000000e-01 -4.917000000e-04 -1.459000000e-02
  2.401000000e-03 -9.914000000e-01 -1.311000000e-01
  -1.440000000e-02 -1.312000000e-01 9.913000000e-01
 Node:         21
  0.1301E+03  0.1280E+03  0.5197E+03  0.0000E+00
   4.934E-16
   0.0
   0.0
   7.196E-17
   2.549E-17
   4.934E-16
  5.660000000e-16
  4.222000000e-16
  -1.341000000e-18
  5.108528306e-16
  3.289530000e-16
  2.408183338e-16
  -7.039000000e-01 -3.195000000e-02 -7.096000000e-01
  -7.102000000e-01 4.241000000e-02 7.027000000e-01
  -7.642000000e-03 -9.986000000e-01 5.255000000e-02
 Node:         22
  0.1360E+03  0.1256E+03  0.4913E+03  0.0000E+00
  -9.869E-16
   2.399E-17
  -4.934E-16
  -2.399E-17
   1.739E-16
   4.934E-16
  5.234000000e-16
  -5.215000000e-16
  -9.888000000e-16
  1.341069376e-15
  -3.289666667e-16
  6.321861663e-16
  -1.298000000e-02 1.683000000e-01 9.857000000e-01
  5.935000000e-02 9.841000000e-01 -1.672000000e-01
  -9.982000000e-01 5.633000000e-02 -2.276000000e-02
 Node:         23
  0.1343E+03  0.1253E+03  0.5054E+03  0.0000E+00
   0.0
   3.598E-17
  -1.974E-15
   0.0
   2.271E-16
  -7.401E-16
  6.796000000e-19
  -6.997000000e-16
  -2.015000000e-15
  1.772499637e-15
  -9.046734667e-16
  8.355643418e-16
  9.998000000e-01 1.889000000e-02 5.790000000e-03
  -9.011000000e-03 1.753000000e-01 9.845000000e-01
  1.758000000e-02 -9.843000000e-01 1.754000000e-01
 Node:         24
  0.1336E+03  0.1248E+03  0.5194E+03  0.0000E+00
  -9.869E-16
   2.099E-17
   0.0
   2.399E-17
   1.499E-18
  -7.401E-16
  4.516000000e-19
  -7.379000000e-16
  -9.896000000e-16
  8.912682385e-16
  -5.756828000e-16
  4.201478769e-16
  -2.132000000e-02 -9.998000000e-01 -2.714000000e-03
  9.549000000e-02 -4.739000000e-03 9.954000000e-01
  -9.952000000e-01 2.096000000e-02 9.557000000e-02
 Node:         25
  0.1400E+03  0.1206E+03  0.4917E+03  0.0000E+00
   0.0
   4.617E-16
  -4.934E-16
  -1.439E-16
  -2.249E-16
   9.869E-16
  1.067000000e-15
  2.050000000e-16
  -7.785000000e-16
  1.599404030e-15
  1.645000000e-16
  7.539662901e-16
  -2.161000000e-01 -2.016000000e-01 9.553000000e-01
  8.390000000e-01 4.621000000e-01 2.874000000e-01
  -4.994000000e-01 8.636000000e-01 6.929000000e-02
 Node:         26
  0.1363E+03  0.1200E+03  0.5055E+03  0.0000E+00
   9.869E-16
   1.859E-16
  -2.714E-15
   4.797E-17
  -1.943E-15
  -2.467E-16
  1.006000000e-15
  8.090000000e-16
  -3.789000000e-15
  4.699597749e-15
  -6.580000000e-16
  2.215411625e-15
  9.680000000e-01 1.526000000e-01 -1.995000000e-01
  2.481000000e-01 -4.578000000e-01 8.538000000e-01
  -3.892000000e-02 8.759000000e-01 4.809000000e-01
 Node:         27
  0.1343E+03  0.1203E+03  0.5192E+03  0.0000E+00
   9.869E-16
  -3.358E-16
   9.869E-16
  -1.799E-16
   2.27E-15
   0.0
  2.890000000e-15
  9.150000000e-16
  -1.831000000e-15
  4.106639867e-15
  6.580000000e-16
  1.935888599e-15
  -1.931000000e-01 7.658000000e-01 6.135000000e-01
  9.808000000e-01 1.345000000e-01 1.409000000e-01
  2.534000000e-02 6.289000000e-01 -7.771000000e-01
 Node:         28
  0.1155E+03  0.1124E+03  0.4931E+03 -0.1729E-03
  -3.459E-4
   6.599E-17
  -3.459E-4
  -9.598E-17
   9.598E-17
  -3.459E-4
  1.626117494e-01
  1.626117494e-01
  1.626117494e-01
  0.000000000e+00
  1.626117494e-01
  0.000000000e+00
  1.311833333e-02 1.017386782e+00 1.767597701e-01
  7.587701149e-02 1.388879310e-01 -1.218039655e+00
  -1.090608046e+00 2.147660920e-02 -7.311166667e-02
 Node:         29
  0.1119E+03  0.1139E+03  0.5068E+03 -0.1729E-03
  -3.459E-4
  -3.599E-17
  -3.459E-4
   9.598E-17
   1.2E-17
  -3.459E-4
  1.626117494e-01
  1.626117494e-01
  1.626117494e-01
  0.000000000e+00
  1.626117494e-01
  0.000000000e+00
  -2.296172414e-02 1.211878736e+00 5.658189655e-02
  -1.177889080e+00 -7.187775862e-02 -1.935566092e-01
  -2.623109195e-01 -6.103729885e-02 1.273263218e+00
 Node:         30
  0.1113E+03  0.1159E+03  0.5206E+03 -0.1729E-03
  -3.459E-4
   2.16E-16
  -3.459E-4
   4.796E-36
  -4.799E-17
  -3.459E-4
  1.626117494e-01
  1.626117494e-01
  1.626117494e-01
  0.000000000e+00
  1.626117494e-01
  0.000000000e+00
  1.018190805e+00 9.465000000e-01 -3.913166667e-02
  -8.183350575e-01 8.518275862e-01 -2.848034483e-01
  -1.248771264e-01 2.691022989e-01 1.189184483e+00
 Node:         31
  0.1203E+03  0.1126E+03  0.4920E+03 -0.1729E-03
  -3.459E-4
   1.68E-16
  -3.459E-4
   4.799E-17
   7.199E-17
  -3.459E-4
  1.626117494e-01
  1.626117494e-01
  1.626117494e-01
  0.000000000e+00
  1.626117494e-01
  0.000000000e+00
  -1.014341379e+00 -4.959028736e-01 -5.919327586e-01
  6.414735632e-01 2.831114943e-01 -1.081753448e+00
  5.324258621e-01 -1.092908046e+00 2.930850575e-01
 Node:         32
  0.1188E+03  0.1134E+03  0.5062E+03 -0.1729E-03
  -3.459E-4
  -2.4E-17
  -3.459E-4
  -4.799E-17
   1.68E-16
  -3.459E-4
  1.626117494e-01
  1.626117494e-01
  1.626117494e-01
  0.000000000e+00
  1.626117494e-01
  0.000000000e+00
  1.188300000e+00 -3.205563218e-02 -5.233574713e-02
  5.821517241e-02 5.265126437e-01 9.651925287e-01
  6.698896552e-03 -8.887540230e-01 4.676913793e-01
 Node:         33
  0.1183E+03  0.1150E+03  0.5201E+03 -0.1729E-03
  -3.459E-4
   9.598E-17
  -3.459E-4
   1.44E-16
  -6.395E-36
  -3.459E-4
  1.626117494e-01
  1.626117494e-01
  1.626117494e-01
  0.000000000e+00
  1.626117494e-01
  0.000000000e+00
  8.733965517e-01 1.568664368e-01 2.555367816e-01
  -2.800575029e-02 7.589931034e-01 -4.831155172e-01
  -2.705724138e-01 5.747500000e-01 6.885609195e-01
 Node:         34
  0.1255E+03  0.1129E+03  0.4909E+03 -0.1729E-03
  -3.459E-4
  -7.46E-36
  -3.459E-4
   9.598E-17
   1.68E-16
  -3.459E-4
  1.626117494e-01
  1.626117494e-01
  1.626117494e-01
  0.000000000e+00
  1.626117494e-01
  0.000000000e+00
  3.401373563e-01 8.058954023e-01 7.981183908e-01
  1.547620690e-01 -2.411040230e-01 -2.730739890e-02
  -5.271597701e-01 -7.493764368e-01 9.493252874e-01
 Node:         35
  0.1260E+03  0.1135E+03  0.5054E+03 -0.1729E-03
  -3.459E-4
   1.92E-16
  -3.459E-4
   1.92E-16
   4.319E-16
  -3.459E-4
  1.626117494e-01
  1.626117494e-01
  1.626117494e-01
  0.000000000e+00
  1.626117494e-01
  0.000000000e+00
  8.379614943e-01 5.007264368e-01 5.025218391e-01
  -7.962074713e-01 5.995609195e-01 5.911706897e-01
  -1.982778324e-02 -6.979683908e-01 7.217706897e-01
 Node:         36
  0.1257E+03  0.1153E+03  0.5196E+03 -0.1729E-03
  -3.459E-4
  -9.598E-17
  -3.459E-4
  -9.598E-17
   1.44E-16
  -3.459E-4
  1.626117494e-01
  1.626117494e-01
  1.626117494e-01
  0.000000000e+00
  1.626117494e-01
  0.000000000e+00
  -6.382195402e-01 5.811568966e-01 6.387321839e-01
  5.374959770e-01 3.389465517e-01 2.629032184e-01
  -3.846201457e-02 -8.600465517e-01 9.366465517e-01
 Node:         37
  0.1132E+03  0.1210E+03  0.4959E+03 -0.1729E-03
  -3.459E-4
   2.4E-16
  -3.459E-4
  -1.44E-16
   3.119E-16
  -3.459E-4
  1.626117494e-01
  1.626117494e-01
  1.626117494e-01
  0.000000000e+00
  1.626117494e-01
  0.000000000e+00
  -5.564212644e-01 -9.072810345e-01 -3.743656322e-01
  9.289126437e-01 -2.804704598e-01 -7.387465517e-01
  4.672034483e-01 -6.180873563e-01 8.170322989e-01
 Node:         38
  0.1111E+03  0.1204E+03  0.5085E+03 -0.1729E-03
  -3.459E-4
   1.68E-16
  -3.459E-4
  -4.799E-17
  -1.44E-16
  -3.459E-4
  1.626117494e-01
  1.626117494e-01
  1.626117494e-01
  0.000000000e+00
  1.626117494e-01
  0.000000000e+00
  2.432172414e-01 1.052972414e+00 -1.609279310e-01
  1.061379885e+00 -2.609321839e-01 -1.149689655e-01
  1.404751724e-01 1.228959770e-01 9.892902299e-01
 Node:         39
  0.1119E+03  0.1201E+03  0.5207E+03 -0.1729E-03
  -3.459E-4
  -1.68E-16
  -3.459E-4
  -1.44E-16
  -1.32E-16
  -3.459E-4
  1.626117494e-01
  1.626117494e-01
  1.626117494e-01
  0.000000000e+00
  1.626117494e-01
  0.000000000e+00
  9.985574713e-01 -1.034403793e-01 -4.369298851e-01
  3.809666667e-01 -1.540603448e-01 9.186810345e-01
  -1.684854598e-01 -1.079659195e+00 -1.180281609e-01
 Node:         40
  0.1191E+03  0.1220E+03  0.4937E+03 -0.1729E-03
  -3.459E-4
   1.44E-16
  -3.459E-4
   1.44E-16
  -2.4E-17
  -3.459E-4
  1.626117494e-01
  1.626117494e-01
  1.626117494e-01
  0.000000000e+00
  1.626117494e-01
  0.000000000e+00
  5.403109195e-01 8.385448276e-02 7.695229885e-02
  -8.890882574e-03 4.149534483e-01 -3.702804598e-01
  -9.775919540e-02 2.975333333e-01 3.434528736e-01
 Node:         41
  0.1182E+03  0.1217E+03  0.5073E+03 -0.1729E-03
  -3.459E-4
  -4.799E-17
  -3.459E-4
   9.598E-17
   1.68E-16
  -3.459E-4
  1.626117494e-01
  1.626117494e-01
  1.626117494e-01
  0.000000000e+00
  1.626117494e-01
  0.000000000e+00
  -1.917534483e-01 -2.540055172e-01 -1.055218391e+00
  -1.355006897e+00 3.159063218e-01 1.263781609e-01
  2.602620690e-01 9.416942529e-01 -2.723072414e-01
 Node:         42
  0.1187E+03  0.1212E+03  0.5204E+03 -0.1729E-03
  -3.459E-4
  -9.598E-17
  -3.459E-4
   4.263E-36
   9.598E-17
  -3.459E-4
  1.626117494e-01
  1.626117494e-01
  1.626117494e-01
  0.000000000e+00
  1.626117494e-01
  0.000000000e+00
  -2.147747126e-02 1.603926437e-01 1.273309770e+00
  -1.381596552e+00 2.219298851e-01 -4.471660920e-02
  -2.252287356e-01 -1.074309770e+00 6.706155172e-02
 Node:         43
  0.1258E+03  0.1217E+03  0.4915E+03 -0.1729E-03
  -3.459E-4
   1.92E-16
  -3.459E-4
  -2.4E-17
   2.132E-36
  -3.459E-4
  1.626117494e-01
  1.626117494e-01
  1.626117494e-01
  0.000000000e+00
  1.626117494e-01
  0.000000000e+00
  1.051462644e+00 4.866201149e-01 7.731954023e-03
  -2.866977011e-01 1.213361494e+00 5.672270115e-02
  2.344488506e-02 4.619243103e-02 1.008933333e+00
 Node:         44
  0.1259E+03  0.1220E+03  0.5059E+03 -0.1729E-03
  -3.459E-4
   2.4E-16
  -3.459E-4
   1.68E-16
   1.92E-16
  -3.459E-4
  1.626117494e-01
  1.626117494e-01
  1.626117494e-01
  0.000000000e+00
  1.626117494e-01
  0.000000000e+00
  -4.808994253e-01 -5.426178161e-01 -1.193251149e+00
  -6.587563218e-01 -6.788913793e-01 5.623471264e-01
  8.567494253e-01 -8.298436782e-01 2.077333333e-02
 Node:         45
  0.1261E+03  0.1221E+03  0.5198E+03 -0.1729E-03
  -3.459E-4
  -1.44E-16
  -3.459E-4
   4.799E-17
  -1.2E-17
  -3.459E-4
  1.626117494e-01
  1.626117494e-01
  1.626117494e-01
  0.000000000e+00
  1.626117494e-01
  0.000000000e+00
  6.095195402e-02 5.978908046e-03 9.995568966e-01
  -1.080186207e+00 1.489132184e-01 6.504189655e-02
  -1.473534483e-01 -1.083161494e+00 1.349440805e-02
 Node:         46
  0.1117E+03  0.1296E+03  0.4959E+03  0.0000E+00
  -2.467E-16
   4.797E-17
  -7.401E-16
   1.199E-17
  -4.497E-17
   0.0
  3.057000000e-18
  -2.423000000e-16
  -7.476000000e-16
  6.629532710e-16
  -3.289476667e-16
  3.125191690e-16
  3.676000000e-02 -5.800000000e-02 9.976000000e-01
  9.946000000e-01 9.864000000e-02 -3.092000000e-02
  -9.662000000e-02 9.934000000e-01 6.131000000e-02
 Node:         47
  0.1107E+03  0.1269E+03  0.5087E+03  0.0000E+00
  -7.401E-16
  -5.397E-17
   4.934E-16
  -4.797E-17
   6.896E-17
   0.0
  5.058000000e-16
  -7.273000000e-18
  -7.452000000e-16
  1.089215580e-15
  -8.222433333e-17
  5.134611487e-16
  -4.821000000e-02 9.891000000e-01 1.394000000e-01
  -5.424000000e-02 -1.420000000e-01 9.884000000e-01
  -9.974000000e-01 -4.009000000e-02 -6.049000000e-02
 Node:         48
  0.1125E+03  0.1242E+03  0.5208E+03  0.0000E+00
   4.934E-16
   5.997E-18
   4.934E-16
   0.0
  -2.998E-18
   4.934E-16
  5.001000000e-16
  4.934000000e-16
  4.867000000e-16
  1.160474041e-17
  4.934000000e-16
  5.470527092e-18
  -6.325000000e-01 -7.071000000e-01 3.162000000e-01
  4.472000000e-01 -2.276000000e-15 8.944000000e-01
  6.325000000e-01 -7.071000000e-01 -3.162000000e-01
 Node:         49
  0.1186E+03  0.1311E+03  0.4938E+03  0.0000E+00
  -7.401E-16
  -3.598E-17
   0.0
  -7.196E-17
  -1.049E-17
  -2.467E-16
  1.947000000e-18
  -2.366000000e-16
  -7.523000000e-16
  6.677348644e-16
  -3.289843333e-16
  3.147732338e-16
  4.561000000e-02 -9.985000000e-01 2.894000000e-02
  -1.430000000e-01 2.215000000e-02 9.895000000e-01
  -9.887000000e-01 -4.926000000e-02 -1.418000000e-01
 Node:         50
  0.1180E+03  0.1298E+03  0.5075E+03  0.0000E+00
   0.0
  -2.249E-17
   1.48E-15
  -7.196E-17
   2.155E-17
   9.869E-16
  1.482000000e-15
  9.910000000e-16
  -5.513000000e-18
  1.312785985e-15
  8.224956667e-16
  6.188532481e-16
  1.739000000e-02 -9.988000000e-01 -4.603000000e-02
  -7.128000000e-02 -4.716000000e-02 9.963000000e-01
  9.973000000e-01 1.405000000e-02 7.201000000e-02
 Node:         51
  0.1192E+03  0.1275E+03  0.5206E+03  0.0000E+00
   0.0
  -5.997E-18
  -2.467E-16
   0.0
   2.549E-17
   4.934E-16
  4.943000000e-16
  1.449000000e-19
  -2.477000000e-16
  6.542860068e-16
  8.224830000e-17
  3.084333815e-16
  -4.170000000e-04 3.438000000e-02 9.994000000e-01
  9.997000000e-01 -2.416000000e-02 1.248000000e-03
  2.418000000e-02 9.991000000e-01 -3.436000000e-02
 Node:         52
  0.1262E+03  0.1305E+03  0.4920E+03  0.0000E+00
   4.934E-16
  -2.399E-17
   4.934E-16
   2.249E-18
   8.48E-18
   0.0
  5.175000000e-16
  4.696000000e-16
  -1.600000000e-19
  4.954496661e-16
  3.289800000e-16
  2.335572124e-16
  -7.061000000e-01 7.080000000e-01 8.534000000e-03
  7.081000000e-01 7.060000000e-01 1.614000000e-02
  -5.403000000e-03 -1.744000000e-02 9.998000000e-01
 Node:         53
  0.1258E+03  0.1304E+03  0.5063E+03  0.0000E+00
  -7.401E-16
  -2.998E-18
  -4.934E-16
   4.797E-17
   5.847E-17
  -9.869E-16
  -4.866000000e-16
  -7.314000000e-16
  -1.002000000e-15
  4.465358664e-16
  -7.400000000e-16
  2.104990261e-16
  1.040000000e-02 9.931000000e-01 1.171000000e-01
  -9.836000000e-01 3.123000000e-02 -1.776000000e-01
  -1.800000000e-01 -1.133000000e-01 9.771000000e-01
 Node:         54
  0.1265E+03  0.1288E+03  0.5200E+03  0.0000E+00
  -9.869E-16
   3.598E-17
   4.934E-16
   0.0
  -7.496E-18
   4.934E-16
  5.014000000e-16
  4.864000000e-16
  -9.877000000e-16
  1.481656947e-15
  3.333333333e-20
  6.984597833e-16
  1.758000000e-02 7.272000000e-01 -6.862000000e-01
  1.675000000e-02 6.860000000e-01 7.274000000e-01
  -9.997000000e-01 2.428000000e-02 1.229000000e-04
 Node:         55
  0.1381E+03  0.1168E+03  0.4520E+03  0.1308E-01
   0.03404
  -0.01916
   0.02601
  -0.007037
   0.02851
   0.01854
  6.065070115e-02
  1.489320115e-02
  -1.376333333e-03
  5.171441270e-02
  2.472252299e-02
  2.437840794e-02
  -8.272614943e-01 8.945149425e-01 6.176787356e-01
  8.497793103e-01 4.358039885e-01 6.581586207e-01
  -2.919327586e-01 -9.639017241e-01 1.008428161e+00
 Node:         56
  0.1313E+03  0.1156E+03  0.4680E+03  0.1308E-01
   0.03632
  -0.02817
   0.02649
  -0.02581
   0.01686
   0.02259
  4.844879885e-02
  1.600278161e-02
  1.989410000e-02
  2.982705714e-02
  2.811522682e-02
  1.406060958e-02
  -7.103465517e-01 7.946535977e-01 7.115683333e-01
  4.113997701e-01 3.713074713e-01 9.809083333e-01
  6.147379310e-01 5.744224138e-02 2.548689655e-02
 Node:         57
  0.1285E+03  0.1140E+03  0.4823E+03  0.1308E-01
   0.03075
  -0.01211
   0.02691
  -0.007674
   0.005297
   0.02617
  2.364147126e-02
  2.379967759e-02
  3.161381724e-02
  -5.231532109e-03
  2.635165536e-02
  -2.466167887e-03
  -7.909844828e-01 6.186113218e-01 4.235180805e-01
  2.506394897e-01 2.880074713e-01 5.755821839e-01
  2.974927011e-01 -2.182758621e-01 2.393517356e-01
 Node:         58
  0.1475E+03  0.1178E+03  0.4522E+03  0.1308E-01
   0.03372
  -0.01484
   0.02723
  -0.001848
   0.01776
   0.01344
  3.466842529e-02
  2.188302805e-02
  8.111367816e-03
  2.250381643e-02
  2.155427372e-02
  1.060840080e-02
  -6.927718391e-01 6.529132184e-01 3.075109195e-01
  8.182936782e-01 5.306988506e-01 7.125827586e-01
  -1.985925287e-01 -5.928321839e-01 8.082896552e-01
 Node:         59
  0.1414E+03  0.1167E+03  0.4686E+03  0.1308E-01
   0.03963
  -0.03726
   0.02742
  -0.04774
   0.03373
   0.02271
  9.427918391e-02
  -3.079741954e-03
  6.791206897e-04
  9.358629966e-02
  3.062618755e-02
  4.411700474e-02
  -6.461356322e-01 5.348649425e-01 7.167573563e-01
  7.084356322e-01 6.797908046e-01 8.574597701e-02
  -7.133632184e-01 -5.966490805e-01 2.691379310e-02
 Node:         60
  0.1374E+03  0.1150E+03  0.4832E+03  0.1308E-01
   0.03235
  -0.02016
   0.02742
  -0.02296
   0.0144
   0.02704
  4.666666667e-02
  1.835874276e-02
  1.801151034e-02
  2.836497283e-02
  2.767897326e-02
  1.337137642e-02
  -6.504534483e-01 6.465147126e-01 7.157730230e-01
  5.609597701e-02 -7.714649425e-01 1.018068736e+00
  5.166660920e-01 -4.202626897e-01 4.490189655e-01
 Node:         61
  0.1545E+03  0.1222E+03  0.4525E+03  0.1308E-01
   0.03667
  -0.01046
   0.02475
   0.0225
  -0.03545
   0.02232
  1.432747126e-03
  3.005841379e-02
  3.354638552e-02
  -2.943577538e-02
  2.167918215e-02
  -1.387615759e-02
  -7.261258621e-01 5.314988506e-01 -6.107762069e-01
  5.115617816e-01 3.360166667e-01 -3.928333333e-01
  5.506051724e-02 5.874379310e-01 1.097844828e+00
 Node:         62
  0.1487E+03  0.1202E+03  0.4692E+03  0.1308E-01
   0.0412
  -0.06091
   0.02795
  -0.04613
   0.01586
   0.03276
  9.310952874e-02
  1.701418333e-02
  -1.052495402e-02
  9.304686960e-02
  3.319958602e-02
  4.386271498e-02
  -7.103660920e-01 5.391017241e-01 4.839488506e-01
  3.829390805e-01 -4.689529598e-01 1.649207471e+00
  1.149742529e+00 1.340226437e+00 1.150758908e-01
 Node:         63
  0.1436E+03  0.1181E+03  0.4838E+03  0.1308E-01
   0.03128
  -0.03305
   0.02983
  -0.01836
   0.02529
   0.02823
  5.984298851e-02
  1.947808966e-02
  5.045863793e-03
  4.888020846e-02
  2.812231398e-02
  2.304235125e-02
  -5.701890805e-01 7.351396552e-01 6.157532414e-01
  3.598683908e-01 -2.921891667e-01 9.675224138e-01
  -7.647976437e-01 -1.414205747e+00 2.556942529e-01
 Node:         64
  0.1409E+03  0.1253E+03  0.4518E+03  0.1308E-01
   0.0252
  -0.03178
   0.03196
   7.739E-4
   5.999E-4
   0.02166
  3.638226437e-02
  1.484858966e-02
  2.274694080e-02
  1.365908632e-02
  2.465926494e-02
  6.438955039e-03
  -1.190887931e+00 8.876291954e-01 2.557750575e-01
  2.940634080e-01 -2.040987931e-01 7.907228736e-01
  7.522787356e-01 7.810557471e-01 3.405590805e-02
 Node:         65
  0.1338E+03  0.1229E+03  0.4680E+03  0.1308E-01
   0.03109
  -0.05047
   0.0298
  -0.01302
   0.004345
   0.02337
  7.027710920e-02
  1.617423046e-02
  -2.631918391e-03
  6.604117651e-02
  2.793980709e-02
  3.113210916e-02
  -6.529741379e-01 1.007907529e+00 2.769846552e-01
  7.672551724e-02 -2.583672414e-01 1.335491816e+00
  9.697457471e-01 7.498752874e-01 6.870143678e-01
 Node:         66
  0.1299E+03  0.1214E+03  0.4824E+03  0.1308E-01
   0.03053
  -0.01474
   0.02732
  -0.006345
   0.004879
   0.02611
  2.905482184e-02
  2.527515115e-02
  2.364820977e-02
  4.866027298e-03
  2.599272759e-02
  2.293867266e-03
  -7.400178161e-01 7.060553563e-01 3.695368391e-01
  2.318790805e-01 1.392846552e-01 7.350206897e-01
  4.771156345e-01 1.295557471e-01 -9.747298851e-02
 Node:         67
  0.1493E+03  0.1245E+03  0.4522E+03  0.1308E-01
   0.02755
  -0.01899
   0.03176
   0.001501
   0.005206
   0.01463
  3.913621839e-02
  1.757296609e-02
  1.375006092e-02
  2.375459799e-02
  2.348641513e-02
  1.119802488e-02
  -6.531270115e-01 7.873614943e-01 5.478936782e-02
  -6.864742529e-01 -4.606716667e-01 -1.120563218e+00
  -6.517017241e-01 -5.813701149e-01 5.372171264e-01
 Node:         68
  0.1428E+03  0.1224E+03  0.4686E+03  0.1308E-01
   0.03701
  -0.04725
   0.03087
  -0.03375
   0.01342
   0.01967
  8.672799425e-02
  9.845206897e-03
  -7.583908046e-03
  8.691119326e-02
  2.966309770e-02
  4.097032941e-02
  -7.050258621e-01 5.856316092e-01 4.267718391e-01
  -9.143734138e-02 -7.499428046e-01 8.288505747e-01
  7.406436782e-01 5.698442529e-01 6.047932241e-01
 Node:         69
  0.1379E+03  0.1205E+03  0.4830E+03  0.1308E-01
   0.03233
  -0.02004
   0.02759
  -0.01683
   0.009694
   0.02617
  4.448658046e-02
  2.077194276e-02
  1.530976747e-02
  2.676548915e-02
  2.685609690e-02
  1.261737259e-02
  -6.695965517e-01 6.289454023e-01 5.652566667e-01
  1.573951149e-01 -7.369087356e-01 7.540000000e-01
  6.579189655e-01 7.076373563e-01 1.106669540e-01
 Node:         70
  0.1548E+03  0.1242E+03  0.4525E+03  0.1308E-01
   0.02967
  -0.02531
   0.03107
  -0.01341
   0.01107
   0.01061
  4.097270115e-02
  1.114663391e-02
  1.308279080e-02
  2.871847363e-02
  2.173404195e-02
  1.353801830e-02
  -6.945321839e-01 6.980109195e-01 2.654873563e-01
  3.668178161e-01 7.058287356e-01 -6.100678161e-01
  -3.890978736e-01 -6.677183908e-03 -5.576793103e-01
 Node:         71
  0.1489E+03  0.1221E+03  0.4692E+03  0.1308E-01
   0.04237
  -0.03715
   0.03062
  -0.06611
   0.0237
   0.01998
  9.481625287e-02
  9.668256207e-03
  -1.058562644e-02
  9.732693485e-02
  3.129962755e-02
  4.588035708e-02
  -7.203873563e-01 4.363936782e-01 5.481936782e-01
  -2.250674828e-01 -1.216815460e+00 8.650425287e-01
  1.143921264e+00 7.245534483e-01 9.161632184e-01
 Node:         72
  0.1434E+03  0.1199E+03  0.4837E+03  0.1308E-01
   0.03432
  -0.01991
   0.02734
  -0.02894
   0.01228
   0.02665
  5.507647701e-02
  1.606377851e-02
  1.205899655e-02
  4.128227494e-02
  2.773308402e-02
  1.946065103e-02
  -6.694649425e-01 4.948988506e-01 6.448521839e-01
  -2.756195402e-01 -1.175081207e+00 3.095022989e-01
  8.666287356e-01 6.029816092e-01 6.541350575e-01
 Node:         73
  0.1437E+03  0.1339E+03  0.4513E+03  0.0000E+00
   0.01033
   0.002252
  -0.004352
  -0.01209
   0.009734
  -5.282E-4
  -6.081701149e-03
  -1.709905172e-03
  -4.951763218e-03
  -1.506785212e-03
  -4.247789847e-03
  -7.103053608e-04
  -5.921500000e-01 4.141436782e-02 4.251309885e-01
  3.780726379e-01 6.127427011e-01 1.391188506e+00
  2.117036782e-01 -1.052421839e+00 5.414022989e-01
 Node:         74
  0.1363E+03  0.1303E+03  0.4678E+03  0.0000E+00
   0.01635
   0.04033
   6.462E-5
   0.007724
   0.01639
   0.002576
  1.652677586e-02
  -5.474382241e-03
  -1.093513218e-02
  2.532354186e-02
  3.908714559e-05
  1.193763211e-02
  -7.660833333e-01 -8.159003448e-01 -3.013112644e-01
  -4.739919540e-01 -8.780579310e-02 1.496945977e+00
  -7.280732759e-01 8.683672414e-01 -4.568235632e-01
 Node:         75
  0.1313E+03  0.1288E+03  0.4826E+03  0.0000E+00
   0.00852
   0.01591
   4.704E-4
   0.004767
   0.00251
   4.174E-4
  -2.628954023e-03
  -1.629046302e-03
  -3.912364368e-03
  6.298194247e-04
  -2.723454898e-03
  2.968997241e-04
  -8.298488506e-01 -6.514318391e-01 -2.246696839e-01
  -1.319704655e-01 1.468467241e-01 9.244948276e-01
  -6.719691954e-01 9.103304598e-01 -1.627925862e-01
 Node:         76
  0.1511E+03  0.1310E+03  0.4520E+03  0.0000E+00
   0.008485
  -0.002264
  -0.003717
  -0.01207
  -8.1E-4
  -0.002666
  -5.998781609e-03
  -1.482080632e-02
  2.101195402e-03
  -5.190653204e-03
  -6.239464176e-03
  -2.446897386e-03
  -8.865224138e-01 1.542028736e-01 5.357632184e-01
  1.403727414e-01 -6.138256322e-01 3.278442529e-01
  1.768378161e-01 -6.685241379e-01 9.090581609e-01
 Node:         77
  0.1443E+03  0.1281E+03  0.4685E+03  0.0000E+00
   0.01905
   0.03524
   2.051E-4
   0.01049
   0.004658
   5.774E-4
  1.813116092e-02
  -5.202880977e-03
  -1.260268851e-02
  2.774074737e-02
  1.085304789e-04
  1.307711372e-02
  -7.932867816e-01 -7.296163793e-01 -3.274759310e-01
  -2.148431724e-01 -4.098968966e-01 5.377367816e-01
  -6.325336954e-01 1.578355747e+00 -4.653450000e-01
 Node:         78
  0.1384E+03  0.1261E+03  0.4829E+03  0.0000E+00
   0.009303
   0.01803
   5.08E-4
   0.006398
   0.0027
   2.831E-4
  1.551678161e-03
  -7.120847126e-04
  -8.939081034e-03
  7.270399257e-03
  -2.699829195e-03
  3.427299078e-03
  -7.988086207e-01 -6.580928276e-01 -2.685942471e-01
  -1.636398851e-01 -6.570543678e-02 1.391494253e+00
  -6.995671839e-01 8.770603448e-01 -2.421001667e-01
 Node:         79
  0.1550E+03  0.1262E+03  0.4525E+03  0.0000E+00
   0.005585
  -0.01611
  -0.01898
  -0.03729
   0.001394
  -9.416E-5
  -3.794382184e-02
  -6.681528736e-03
  -9.090827586e-03
  -2.931869528e-02
  -1.790539272e-02
  -1.382096550e-02
  4.264166667e-01 1.201072414e-02 -2.669670402e-01
  -2.044395977e-01 1.184341149e+00 -4.453833333e-01
  5.884712644e-01 2.365344828e-01 4.478931034e-02
 Node:         80
  0.1491E+03  0.1240E+03  0.4693E+03  0.0000E+00
   0.02288
   8.648E-4
  -0.01189
   0.02089
   0.008921
   0.002341
  -1.000742529e-02
  -3.349168966e-03
  -1.767494253e-03
  -7.372282212e-03
  -5.041362835e-03
  -3.475327163e-03
  -8.760959770e-01 -1.407419540e-01 -5.234458989e-01
  -4.518678161e-01 5.113266667e-01 5.756540230e-01
  -1.866808046e-01 -2.471109195e-01 6.283493103e-01
 Node:         81
  0.1433E+03  0.1217E+03  0.4836E+03  0.0000E+00
   0.01065
   0.01264
  -0.001037
   0.02182
   0.006327
   0.001195
  8.391936782e-03
  -5.322689425e-03
  -9.529680460e-03
  1.621693534e-02
  -2.153477701e-03
  7.644736631e-03
  -7.543477011e-01 -4.233721839e-01 -6.452252299e-01
  1.641939839e-01 -1.509159770e+00 6.830528161e-01
  -7.736921092e-01 4.219316092e-01 6.238114943e-01
 Node:         82
  0.1267E+03  0.1148E+03  0.4553E+03  0.2496E-01
   0.0563
  -0.0233
   0.04889
  -0.01018
  -0.005233
   0.04879
  8.100740747e-02
  4.929068391e-02
  5.860599713e-02
  1.871785235e-02
  6.296802950e-02
  8.823680218e-03
  -1.644774138e+00 7.616578276e-01 1.629289655e-01
  -4.464942529e-04 -8.898758621e-02 1.418432759e+00
  5.528212644e-01 5.304597701e-01 6.319636782e-01
 Node:         83
  0.1234E+03  0.1129E+03  0.4715E+03  0.2496E-01
   0.05429
  -0.01924
   0.04917
  -0.02633
   4.483E-4
   0.05079
  5.911047701e-02
  6.760481034e-02
  6.530890230e-02
  -6.210411841e-03
  6.400806322e-02
  -2.927616218e-03
  -1.608536207e+00 4.764918678e-01 1.896793103e-01
  1.238804023e-01 -9.064017241e-01 8.243222989e-01
  9.356178161e-01 8.060252874e-01 -6.988160920e-02
 Node:         84
  0.1187E+03  0.1123E+03  0.4849E+03  0.2496E-01
   0.0528
  -0.001907
   0.04985
  -0.007648
   3.924E-4
   0.05086
  5.290958046e-02
  6.686743678e-02
  6.901645977e-02
  -1.503624775e-02
  6.293115900e-02
  -7.088155165e-03
  -1.777133333e+00 1.365355287e-01 2.992790805e-01
  2.842652874e-02 -1.017181379e+00 2.807748276e-01
  5.875406897e-01 6.325747126e-03 1.031690805e-01
 Node:         85
  0.1302E+03  0.1161E+03  0.4540E+03  0.2496E-01
   0.05698
  -0.02668
   0.04888
  -0.009951
  -0.009267
   0.04773
  7.988213937e-02
  4.606710862e-02
  5.974822989e-02
  1.497217244e-02
  6.189915929e-02
  7.057949776e-03
  -1.436563793e+00 5.676275862e-01 -4.906109195e-02
  2.719544598e-01 -5.065166667e-01 9.184931034e-01
  5.139385057e-01 6.732729885e-01 3.705802299e-01
 Node:         86
  0.1252E+03  0.1138E+03  0.4698E+03  0.2496E-01
   0.05193
  -0.02058
   0.05254
  -0.05629
   0.003811
   0.05036
  2.596186782e-02
  7.604944828e-02
  6.589767126e-02
  -3.875268098e-02
  5.596966245e-02
  -1.826818901e-02
  -1.309996552e+00 2.395873563e-01 3.650856322e-01
  3.113858621e-01 -1.310681609e+00 3.964235011e-01
  1.010595402e+00 2.757536207e-01 1.989373563e-01
 Node:         87
  0.1217E+03  0.1126E+03  0.4833E+03  0.2496E-01
   0.05313
  -0.001486
   0.04985
  -0.01165
   0.001508
   0.05093
  5.407723563e-02
  6.623882759e-02
  6.930308621e-02
  -1.374694376e-02
  6.320638314e-02
  -6.480371435e-03
  -1.737305747e+00 1.328876264e-01 3.407214943e-01
  -1.228295977e-01 -1.048173563e+00 1.301538851e-01
  6.937056322e-01 -2.069636782e-01 1.234770115e-02
 Node:         88
  0.1338E+03  0.1169E+03  0.4523E+03  0.2496E-01
   0.05555
  -0.02577
   0.04974
  -0.01036
   0.001465
   0.04849
  8.086069598e-02
  4.380375655e-02
  6.147042529e-02
  1.443240524e-02
  6.204495927e-02
  6.803501077e-03
  -1.082777989e+00 7.262540230e-01 3.013494253e-01
  4.321345977e-01 -1.309311782e-01 9.785632184e-01
  3.522247126e-01 4.111045977e-01 1.354081034e-01
 Node:         89
  0.1270E+03  0.1150E+03  0.4680E+03  0.2496E-01
   0.05721
  -0.02438
   0.04971
  -0.02903
   1.086E-4
   0.05007
  6.867527011e-02
  7.089572414e-02
  6.009223563e-02
  6.008495444e-03
  6.655440996e-02
  2.832431915e-03
  -1.595677011e+00 4.489721839e-01 2.092635057e-01
  2.329701379e-01 -9.907425287e-01 1.022421379e+00
  9.247545977e-01 7.930423563e-01 -3.472011494e-02
 Node:         90
  0.1248E+03  0.1132E+03  0.4821E+03  0.2496E-01
   0.05367
  -0.008964
   0.05025
  -0.00709
   0.003667
   0.05018
  5.779495345e-02
  6.259542184e-02
  7.028788506e-02
  -9.649590063e-03
  6.355942011e-02
  -4.548860380e-03
  -1.731536782e+00 3.418699713e-01 2.701231609e-01
  2.503711425e-01 -6.488563218e-01 1.521532184e+00
  4.659483908e-01 5.869597701e-02 3.371356322e-01
 Node:         91
  0.1257E+03  0.1258E+03  0.4541E+03  0.2496E-01
   0.0497
  -0.04902
   0.05291
  -0.01659
  -0.002165
   0.04864
  7.641276437e-02
  5.248234368e-02
  5.052330207e-02
  2.464291366e-02
  5.980613670e-02
  1.161678091e-02
  -6.174821839e-01 1.245893103e+00 5.943896552e-01
  -1.224637931e-03 -2.548643678e-02 1.461931190e+00
  6.168994253e-01 7.664448276e-01 2.285942529e-01
 Node:         92
  0.1208E+03  0.1230E+03  0.4722E+03  0.2496E-01
   0.05447
  -0.03165
   0.04948
  -0.02772
  -0.003488
   0.04966
  8.637973563e-02
  5.388250805e-02
  4.785183333e-02
  3.457245810e-02
  6.270469234e-02
  1.629761304e-02
  -1.429224713e+00 4.881887356e-01 3.893535057e-01
  4.324111379e-01 -8.549091954e-01 8.360000000e-01
  7.206356552e-01 7.536494253e-01 4.462545977e-01
 Node:         93
  0.1159E+03  0.1217E+03  0.4876E+03  0.2496E-01
   0.05343
   6.395E-4
   0.04974
  -0.01316
  -0.005858
   0.05057
  6.047941046e-02
  6.298096322e-02
  6.395351724e-02
  -2.745801438e-03
  6.247129697e-02
  -1.294383211e-03
  -1.734191954e+00 -1.521532414e-01 5.887872989e-01
  -3.538658621e-01 1.273697701e+00 3.328879310e-01
  -5.728970221e-01 -8.352321839e-01 -3.860574713e-01
 Node:         94
  0.1311E+03  0.1260E+03  0.4531E+03  0.2496E-01
   0.04881
  -0.04812
   0.05368
  -0.009084
  -0.006048
   0.04761
  8.086812299e-02
  4.190513161e-02
  5.267651437e-02
  2.341483951e-02
  5.848325632e-02
  1.103786120e-02
  -1.136618966e+00 7.668547126e-01 2.183727586e-01
  2.113616092e-01 -2.204051724e-01 9.722454023e-01
  8.362373563e-01 7.525212644e-01 4.310643678e-01
 Node:         95
  0.1248E+03  0.1232E+03  0.4702E+03  0.2496E-01
   0.05604
  -0.02832
   0.05068
  -0.03079
   5.039E-5
   0.04757
  9.630113391e-02
  5.045003218e-02
  4.316419253e-02
  4.784594640e-02
  6.330511954e-02
  2.255479544e-02
  -1.465608046e+00 5.149635632e-01 4.662441379e-01
