 Group name: predicted_stress_L5A3
 #Fields=  16
 1) coordinates, coordinate, rectangular cartesian, #Components=3
   x.  Value index= 1, #Derivatives=0
   y.  Value index= 2, #Derivatives=0
   z.  Value index= 3, #Derivatives=0
 2) Tensor_1, field, rectangular cartesian, #Components=1
   Tensor_1.  Value index= 4, #Derivatives=0
 3) Tensor_2, field, rectangular cartesian, #Components=1
   Tensor_2.  Value index= 5, #Derivatives=0
 4) Tensor_3, field, rectangular cartesian, #Components=1
   Tensor_3.  Value index= 6, #Derivatives=0
 5) Tensor_4, field, rectangular cartesian, #Components=1
   Tensor_4.  Value index= 7, #Derivatives=0
 6) Tensor_5, field, rectangular cartesian, #Components=1
   Tensor_5.  Value index= 8, #Derivatives=0
 7) Tensor_6, field, rectangular cartesian, #Components=1
   Tensor_6.  Value index= 9, #Derivatives=0
 8) Principal_1, field, rectangular cartesian, #Components=1
   Principal_1.  Value index= 10, #Derivatives=0
 9) Principal_2, field, rectangular cartesian, #Components=1
   Principal_2.  Value index= 11, #Derivatives=0
 10) Principal_3, field, rectangular cartesian, #Components=1
   Principal_3.  Value index= 12, #Derivatives=0
 11) VonMises, field, rectangular cartesian, #Components=1
   VonMises.  Value index= 13, #Derivatives=0
 12) Hydrostatic, field, rectangular cartesian, #Components=1
   VonMises.  Value index= 14, #Derivatives=0
 13) Octahedral, field, rectangular cartesian, #Components=1
   VonMises.  Value index= 15, #Derivatives=0
 14) PrincipalVector1, field, rectangular cartesian, #Components=3
   x.  Value index= 16, #Derivatives=0
   y.  Value index= 17, #Derivatives=0
   z.  Value index= 18, #Derivatives=0
 15) PrincipalVector2, field, rectangular cartesian, #Components=3
   x.  Value index= 19, #Derivatives=0
   y.  Value index= 20, #Derivatives=0
   z.  Value index= 21, #Derivatives=0
 16) PrincipalVector3, field, rectangular cartesian, #Components=3
   x.  Value index= 22, #Derivatives=0
   y.  Value index= 23, #Derivatives=0
   z.  Value index= 24, #Derivatives=0
 Node:          1
  0.1287E+03  0.1133E+03  0.4908E+03 -0.2689E-04
  -5.378E-5
  -1.439E-16
  -5.378E-5
  -4.798E-17
  -7.196E-17
  -5.378E-5
  -4.319561779e-03
  -4.319561779e-03
  -4.319561779e-03
  0.000000000e+00
  -4.319561779e-03
  0.000000000e+00
  9.856753036e-01 -2.617327935e-01 -2.815109312e-02
  2.478886640e-01 9.524121457e-01 -1.752072874e-01
  7.108028340e-02 1.624696356e-01 9.837878543e-01
 Node:          2
  0.1292E+03  0.1137E+03  0.5052E+03 -0.2689E-04
  -5.378E-5
  -1.919E-16
  -5.378E-5
  -9.595E-17
   3.358E-16
  -5.378E-5
  -4.319561779e-03
  -4.319561779e-03
  -4.319561779e-03
  0.000000000e+00
  -4.319561779e-03
  0.000000000e+00
  8.690574899e-01 -3.884356275e-01 -1.952769231e-01
  4.256827935e-01 7.593700405e-01 3.839969636e-01
  -9.355287449e-04 -4.527759109e-01 8.915898785e-01
 Node:          3
  0.1289E+03  0.1155E+03  0.5194E+03 -0.2689E-04
  -5.378E-5
   2.399E-16
  -5.378E-5
   1.919E-16
   9.595E-17
  -5.378E-5
  -4.319561779e-03
  -4.319561779e-03
  -4.319561779e-03
  0.000000000e+00
  -4.319561779e-03
  0.000000000e+00
  -4.079945344e-01 -8.755251012e-01 -2.585331984e-01
  4.947431174e-01 -4.501578947e-01 7.432781377e-01
  7.672062753e-01 -1.753663968e-01 -6.167787449e-01
 Node:          4
  0.1361E+03  0.1141E+03  0.4915E+03 -0.2689E-04
  -5.378E-5
  -4.798E-17
  -5.378E-5
  -4.798E-17
  -1.439E-16
  -5.378E-5
  -4.319561779e-03
  -4.319561779e-03
  -4.319561779e-03
  0.000000000e+00
  -4.319561779e-03
  0.000000000e+00
  -4.243089069e-02 -9.347076923e-02 9.946825911e-01
  -1.014144130e+00 1.060870445e-01 -3.324643725e-02
  -1.023794332e-01 -1.010118219e+00 -9.934362348e-02
 Node:          5
  0.1341E+03  0.1144E+03  0.5054E+03 -0.2689E-04
  -5.378E-5
   2.399E-16
  -5.378E-5
   9.595E-17
  -1.199E-16
  -5.378E-5
  -4.319561779e-03
  -4.319561779e-03
  -4.319561779e-03
  0.000000000e+00
  -4.319561779e-03
  0.000000000e+00
  9.782880567e-02 -1.788801619e-01 9.789902834e-01
  7.176502024e-01 6.941601215e-01 5.511591093e-02
  -6.894738866e-01 6.972058704e-01 1.962967611e-01
 Node:          6
  0.1323E+03  0.1162E+03  0.5191E+03 -0.2689E-04
  -5.378E-5
   9.595E-17
  -5.378E-5
  -9.595E-17
  -4.798E-17
  -5.378E-5
  -4.319561779e-03
  -4.319561779e-03
  -4.319561779e-03
  0.000000000e+00
  -4.319561779e-03
  0.000000000e+00
  -7.141184211e-01 -6.937902834e-01 9.252060729e-02
  6.723700405e-01 -7.006220648e-01 -3.625572874e-02
  9.031635628e-02 3.961176113e-02 9.950631579e-01
 Node:          7
  0.1408E+03  0.1171E+03  0.4920E+03 -0.2689E-04
  -5.378E-5
   3.838E-16
  -5.378E-5
  -1.439E-16
  -1.919E-16
  -5.378E-5
  -4.319561779e-03
  -4.319561779e-03
  -4.319561779e-03
  0.000000000e+00
  -4.319561779e-03
  0.000000000e+00
  8.828481781e-01 4.941791498e-01 -1.298186235e-01
  -4.979712551e-01 8.590676113e-01 -1.169355466e-01
  5.269475709e-02 1.644566802e-01 9.849757085e-01
 Node:          8
  0.1367E+03  0.1169E+03  0.5055E+03 -0.2689E-04
  -5.378E-5
   3.358E-16
  -5.378E-5
  -6.956E-16
  -4.078E-16
  -5.378E-5
  -4.319561779e-03
  -4.319561779e-03
  -4.319561779e-03
  0.000000000e+00
  -4.319561779e-03
  0.000000000e+00
  -6.814714575e-01 -6.219742915e-01 2.851299595e-01
  6.314103239e-01 -7.280483806e-01 -7.171161943e-02
  2.715447773e-01 1.230192308e-01 9.521947368e-01
 Node:          9
  0.1339E+03  0.1180E+03  0.5191E+03 -0.2689E-04
  -5.378E-5
   2.879E-16
  -5.378E-5
  -6.837E-16
  -4.798E-16
  -5.378E-5
  -4.319561779e-03
  -4.319561779e-03
  -4.319561779e-03
  0.000000000e+00
  -4.319561779e-03
  0.000000000e+00
  3.101692308e-01 1.768002024e-01 -9.166459514e-01
  9.532914980e-01 1.382514170e-01 3.164358300e-01
  -1.813510931e-01 9.321668016e-01 1.213279352e-01
 Node:         10
  0.1294E+03  0.1212E+03  0.4911E+03 -0.2689E-04
  -5.378E-5
   4.798E-17
  -5.378E-5
  -2.399E-17
   2.159E-16
  -5.378E-5
  -4.319561779e-03
  -4.319561779e-03
  -4.319561779e-03
  0.000000000e+00
  -4.319561779e-03
  0.000000000e+00
  2.406052632e-02 6.720874494e-01 6.734414980e-01
  1.708891498e-01 6.888220648e-01 -7.037854251e-01
  -9.561400810e-01 1.392615547e-01 -1.056492308e-01
 Node:         11
  0.1295E+03  0.1214E+03  0.5055E+03 -0.2689E-04
  -5.378E-5
  -4.798E-17
  -5.378E-5
  -7.196E-17
   2.399E-17
  -5.378E-5
  -4.319561779e-03
  -4.319561779e-03
  -4.319561779e-03
  0.000000000e+00
  -4.319561779e-03
  0.000000000e+00
  -2.676497976e-01 1.272514980e-01 9.208663968e-01
  -5.886352227e-01 7.463483806e-01 -2.747955466e-01
  7.697690283e-01 6.283603239e-01 1.336443320e-01
 Node:         12
  0.1295E+03  0.1217E+03  0.5196E+03 -0.2689E-04
  -5.378E-5
  -4.557E-37
  -5.378E-5
   1.319E-16
   4.798E-17
  -5.378E-5
  -4.319561779e-03
  -4.319561779e-03
  -4.319561779e-03
  0.000000000e+00
  -4.319561779e-03
  0.000000000e+00
  -2.408437247e-01 -8.697630769e-02 -9.665744939e-01
  -3.496540486e-01 9.562892713e-01 1.411204468e-03
  3.628360324e-02 2.171801619e-02 -1.148016194e-02
 Node:         13
  0.1361E+03  0.1199E+03  0.4914E+03 -0.2689E-04
  -5.378E-5
  -2.399E-16
  -5.378E-5
  -1.679E-16
   4.798E-17
  -5.378E-5
  -4.319561779e-03
  -4.319561779e-03
  -4.319561779e-03
  0.000000000e+00
  -4.319561779e-03
  0.000000000e+00
  9.387530364e-01 -3.779562753e-01 -1.297530364e-01
  3.700512146e-01 9.286145749e-01 -2.787550607e-02
  1.284279352e-01 -2.141401700e-02 9.914886640e-01
 Node:         14
  0.1342E+03  0.1198E+03  0.5054E+03 -0.2689E-04
  -5.378E-5
   4.798E-17
  -5.378E-5
   9.595E-17
  -1.559E-16
  -5.378E-5
  -4.319561779e-03
  -4.319561779e-03
  -4.319561779e-03
  0.000000000e+00
  -4.319561779e-03
  0.000000000e+00
  9.874953441e-02 -2.645834008e-01 9.592473684e-01
  -2.987817409e-01 -9.476761134e-01 -2.304696356e-01
  -9.700582996e-01 2.638181377e-01 1.727157895e-01
 Node:         15
  0.1330E+03  0.1205E+03  0.5193E+03 -0.2689E-04
  -5.378E-5
  -1.439E-16
  -5.378E-5
   2.399E-17
   8.396E-17
  -5.378E-5
  -4.319561779e-03
  -4.319561779e-03
  -4.319561779e-03
  0.000000000e+00
  -4.319561779e-03
  0.000000000e+00
  1.013541700e+00 -1.154017004e-01 1.389485830e-02
  -2.004352227e-02 -2.940823887e-01 -9.764882591e-01
  1.120825101e-01 9.505514170e-01 -2.886042510e-01
 Node:         16
  0.1404E+03  0.1188E+03  0.4918E+03 -0.2689E-04
  -5.378E-5
   9.595E-17
  -5.378E-5
  -1.439E-16
  -2.519E-16
  -5.378E-5
  -4.319561779e-03
  -4.319561779e-03
  -4.319561779e-03
  0.000000000e+00
  -4.319561779e-03
  0.000000000e+00
  -1.501133603e-01 -2.389740891e-01 9.593481781e-01
  -7.812052632e-01 -5.403686235e-01 -2.570890688e-01
  5.799528340e-01 -7.879178138e-01 -1.061635628e-01
 Node:         17
  0.1365E+03  0.1184E+03  0.5055E+03 -0.2689E-04
  -5.378E-5
   4.798E-17
  -5.378E-5
   1.679E-16
   2.939E-16
  -5.378E-5
  -4.319561779e-03
  -4.319561779e-03
  -4.319561779e-03
  0.000000000e+00
  -4.319561779e-03
  0.000000000e+00
  2.571789474e-01 4.166087045e-01 8.925769231e-01
  9.529400810e-01 -3.457917004e-01 -1.111242640e-01
  -2.515109312e-01 -8.446487854e-01 4.672133603e-01
 Node:         18
  0.1341E+03  0.1191E+03  0.5192E+03 -0.2689E-04
  -5.378E-5
  -6.058E-37
  -5.378E-5
   4.573E-17
   1.84E-16
  -5.378E-5
  -4.319561779e-03
  -4.319561779e-03
  -4.319561779e-03
  0.000000000e+00
  -4.319561779e-03
  0.000000000e+00
  2.306734818e-02 9.142429150e-02 9.792165992e-01
  9.515404858e-01 -2.266068826e-01 -1.995067147e-03
  -2.588809717e-01 -9.518417004e-01 9.383552632e-02
 Node:         19
  0.1301E+03  0.1291E+03  0.4914E+03  0.0000E+00
   4.934E-16
   0.0
   4.934E-16
   3.631E-19
   1.731E-17
  -9.869E-16
  4.936000000e-16
  4.934000000e-16
  -9.871000000e-16
  1.480600010e-15
  -3.333333333e-20
  6.979615383e-16
  -2.097000000e-02 -9.997000000e-01 -1.169000000e-02
  -9.998000000e-01 2.097000000e-02 -8.123000000e-17
  2.452000000e-04 1.169000000e-02 -9.999000000e-01
 Node:         20
  0.1299E+03  0.1291E+03  0.5058E+03  0.0000E+00
   9.869E-16
   0.0
   0.0
   1.799E-17
   3.326E-17
  -2.467E-16
  9.871000000e-16
  4.400000000e-18
  -2.514000000e-16
  1.132478516e-15
  2.467000000e-16
  5.338554923e-16
  -9.999000000e-01 -4.917000000e-04 -1.459000000e-02
  2.401000000e-03 -9.914000000e-01 -1.311000000e-01
  -1.440000000e-02 -1.312000000e-01 9.913000000e-01
 Node:         21
  0.1301E+03  0.1280E+03  0.5197E+03  0.0000E+00
   4.934E-16
   0.0
   0.0
   7.196E-17
   2.549E-17
   4.934E-16
  5.660000000e-16
  4.222000000e-16
  -1.341000000e-18
  5.108528306e-16
  3.289530000e-16
  2.408183338e-16
  -7.039000000e-01 -3.195000000e-02 -7.096000000e-01
  -7.102000000e-01 4.241000000e-02 7.027000000e-01
  -7.642000000e-03 -9.986000000e-01 5.255000000e-02
 Node:         22
  0.1360E+03  0.1256E+03  0.4913E+03  0.0000E+00
  -9.869E-16
   2.399E-17
  -4.934E-16
  -2.399E-17
   1.739E-16
   4.934E-16
  5.234000000e-16
  -5.215000000e-16
  -9.888000000e-16
  1.341069376e-15
  -3.289666667e-16
  6.321861663e-16
  -1.298000000e-02 1.683000000e-01 9.857000000e-01
  5.935000000e-02 9.841000000e-01 -1.672000000e-01
  -9.982000000e-01 5.633000000e-02 -2.276000000e-02
 Node:         23
  0.1343E+03  0.1253E+03  0.5054E+03  0.0000E+00
   0.0
   3.598E-17
  -1.974E-15
   0.0
   2.271E-16
  -7.401E-16
  6.796000000e-19
  -6.997000000e-16
  -2.015000000e-15
  1.772499637e-15
  -9.046734667e-16
  8.355643418e-16
  9.998000000e-01 1.889000000e-02 5.790000000e-03
  -9.011000000e-03 1.753000000e-01 9.845000000e-01
  1.758000000e-02 -9.843000000e-01 1.754000000e-01
 Node:         24
  0.1336E+03  0.1248E+03  0.5194E+03  0.0000E+00
  -9.869E-16
   2.099E-17
   0.0
   2.399E-17
   1.499E-18
  -7.401E-16
  4.516000000e-19
  -7.379000000e-16
  -9.896000000e-16
  8.912682385e-16
  -5.756828000e-16
  4.201478769e-16
  -2.132000000e-02 -9.998000000e-01 -2.714000000e-03
  9.549000000e-02 -4.739000000e-03 9.954000000e-01
  -9.952000000e-01 2.096000000e-02 9.557000000e-02
 Node:         25
  0.1400E+03  0.1206E+03  0.4917E+03  0.0000E+00
   0.0
   4.617E-16
  -4.934E-16
  -1.439E-16
  -2.249E-16
   9.869E-16
  1.067000000e-15
  2.050000000e-16
  -7.785000000e-16
  1.599404030e-15
  1.645000000e-16
  7.539662901e-16
  -2.161000000e-01 -2.016000000e-01 9.553000000e-01
  8.390000000e-01 4.621000000e-01 2.874000000e-01
  -4.994000000e-01 8.636000000e-01 6.929000000e-02
 Node:         26
  0.1363E+03  0.1200E+03  0.5055E+03  0.0000E+00
   9.869E-16
   1.859E-16
  -2.714E-15
   4.797E-17
  -1.943E-15
  -2.467E-16
  1.006000000e-15
  8.090000000e-16
  -3.789000000e-15
  4.699597749e-15
  -6.580000000e-16
  2.215411625e-15
  9.680000000e-01 1.526000000e-01 -1.995000000e-01
  2.481000000e-01 -4.578000000e-01 8.538000000e-01
  -3.892000000e-02 8.759000000e-01 4.809000000e-01
 Node:         27
  0.1343E+03  0.1203E+03  0.5192E+03  0.0000E+00
   9.869E-16
  -3.358E-16
   9.869E-16
  -1.799E-16
   2.27E-15
   0.0
  2.890000000e-15
  9.150000000e-16
  -1.831000000e-15
  4.106639867e-15
  6.580000000e-16
  1.935888599e-15
  -1.931000000e-01 7.658000000e-01 6.135000000e-01
  9.808000000e-01 1.345000000e-01 1.409000000e-01
  2.534000000e-02 6.289000000e-01 -7.771000000e-01
 Node:         28
  0.1155E+03  0.1124E+03  0.4931E+03 -0.1589E-03
  -3.178E-4
   6.599E-17
  -3.178E-4
  -9.598E-17
   9.598E-17
  -3.178E-4
  -2.581106762e-02
  -2.581106762e-02
  -2.581106762e-02
  0.000000000e+00
  -2.581106762e-02
  0.000000000e+00
  2.564730769e-02 9.781740891e-01 1.799378543e-01
  7.143327935e-02 1.834204453e-01 -9.444708502e-01
  -1.016999190e+00 4.004095142e-02 -6.787848178e-02
 Node:         29
  0.1119E+03  0.1139E+03  0.5068E+03 -0.1589E-03
  -3.178E-4
  -3.599E-17
  -3.178E-4
   9.598E-17
   1.2E-17
  -3.178E-4
  -2.581106762e-02
  -2.581106762e-02
  -2.581106762e-02
  0.000000000e+00
  -2.581106762e-02
  0.000000000e+00
  -3.702817814e-02 9.660457490e-01 1.479165992e-03
  -9.857730769e-01 -3.124834008e-02 -1.895550607e-01
  -1.805803644e-01 -8.374008097e-03 9.707975709e-01
 Node:         30
  0.1113E+03  0.1159E+03  0.5206E+03 -0.1589E-03
  -3.178E-4
   2.16E-16
  -3.178E-4
   4.407E-36
  -4.799E-17
  -3.178E-4
  -2.581106762e-02
  -2.581106762e-02
  -2.581106762e-02
  0.000000000e+00
  -2.581106762e-02
  0.000000000e+00
  6.786724696e-01 6.969919028e-01 -5.049080972e-02
  -6.913149798e-01 6.712230769e-01 -9.274696356e-02
  -4.032500000e-02 9.332975709e-02 9.607813765e-01
 Node:         31
  0.1203E+03  0.1126E+03  0.4920E+03 -0.1589E-03
  -3.178E-4
   1.68E-16
  -3.178E-4
   4.799E-17
   7.199E-17
  -3.178E-4
  -2.581106762e-02
  -2.581106762e-02
  -2.581106762e-02
  0.000000000e+00
  -2.581106762e-02
  0.000000000e+00
  -7.014182186e-01 -4.188848178e-01 -4.999261134e-01
  5.122617409e-01 1.125078947e-01 -8.464097166e-01
  4.251919028e-01 -8.902759109e-01 1.205566802e-01
 Node:         32
  0.1188E+03  0.1134E+03  0.5062E+03 -0.1589E-03
  -3.178E-4
  -2.4E-17
  -3.178E-4
  -4.799E-17
   1.68E-16
  -3.178E-4
  -2.581106762e-02
  -2.581106762e-02
  -2.581106762e-02
  0.000000000e+00
  -2.581106762e-02
  0.000000000e+00
  1.003829960e+00 -1.983637652e-02 -4.153463563e-02
  4.488362348e-02 4.394004049e-01 8.795840081e-01
  -7.940732794e-04 -8.927269231e-01 4.491734818e-01
 Node:         33
  0.1183E+03  0.1150E+03  0.5201E+03 -0.1589E-03
  -3.178E-4
   9.598E-17
  -3.178E-4
   1.44E-16
  -5.876E-36
  -3.178E-4
  -2.581106762e-02
  -2.581106762e-02
  -2.581106762e-02
  0.000000000e+00
  -2.581106762e-02
  0.000000000e+00
  8.373781377e-01 1.431466802e-01 2.216937247e-01
  -2.901852516e-03 7.171338057e-01 -4.790089069e-01
  -2.514396761e-01 4.295097166e-01 6.643384615e-01
 Node:         34
  0.1255E+03  0.1129E+03  0.4909E+03 -0.1589E-03
  -3.178E-4
  -6.855E-36
  -3.178E-4
   9.598E-17
   1.68E-16
  -3.178E-4
  -2.581106762e-02
  -2.581106762e-02
  -2.581106762e-02
  0.000000000e+00
  -2.581106762e-02
  0.000000000e+00
  3.184362348e-01 5.239044534e-01 6.237795547e-01
  1.062348178e-02 1.801255061e-02 4.102994944e-03
  -2.768935223e-01 -5.114410931e-01 5.757248988e-01
 Node:         35
  0.1260E+03  0.1135E+03  0.5054E+03 -0.1589E-03
  -3.178E-4
   1.92E-16
  -3.178E-4
   1.92E-16
   4.319E-16
  -3.178E-4
  -2.581106762e-02
  -2.581106762e-02
  -2.581106762e-02
  0.000000000e+00
  -2.581106762e-02
  0.000000000e+00
  7.573746964e-01 4.825686235e-01 4.823131579e-01
  -5.113694332e-01 4.097925101e-01 4.113016194e-01
  3.173815256e-03 -7.085963563e-01 7.047566802e-01
 Node:         36
  0.1257E+03  0.1153E+03  0.5196E+03 -0.1589E-03
  -3.178E-4
  -9.598E-17
  -3.178E-4
  -9.598E-17
   1.44E-16
  -3.178E-4
  -2.581106762e-02
  -2.581106762e-02
  -2.581106762e-02
  0.000000000e+00
  -2.581106762e-02
  0.000000000e+00
  -5.049402834e-01 6.053036437e-01 5.972572874e-01
  7.150712551e-01 2.963858300e-01 3.054987449e-01
  2.618956709e-03 -6.897746964e-01 6.812022267e-01
 Node:         37
  0.1132E+03  0.1210E+03  0.4959E+03 -0.1589E-03
  -3.178E-4
   2.4E-16
  -3.178E-4
  -1.44E-16
   3.119E-16
  -3.178E-4
  -2.581106762e-02
  -2.581106762e-02
  -2.581106762e-02
  0.000000000e+00
  -2.581106762e-02
  0.000000000e+00
  -4.919834008e-01 -7.685107287e-01 -3.228102024e-01
  7.537433198e-01 -2.263776113e-01 -6.039542510e-01
  3.961562753e-01 -5.450797571e-01 7.000208097e-01
 Node:         38
  0.1111E+03  0.1204E+03  0.5085E+03 -0.1589E-03
  -3.178E-4
   1.68E-16
  -3.178E-4
  -4.799E-17
  -1.44E-16
  -3.178E-4
  -2.581106762e-02
  -2.581106762e-02
  -2.581106762e-02
  0.000000000e+00
  -2.581106762e-02
  0.000000000e+00
  2.143384615e-01 9.867854251e-01 -1.451251822e-01
  9.921034413e-01 -2.250931174e-01 -6.354799595e-02
  9.145366397e-02 1.247722672e-01 9.870914980e-01
 Node:         39
  0.1119E+03  0.1201E+03  0.5207E+03 -0.1589E-03
  -3.178E-4
  -1.68E-16
  -3.178E-4
  -1.44E-16
  -1.32E-16
  -3.178E-4
  -2.581106762e-02
  -2.581106762e-02
  -2.581106762e-02
  0.000000000e+00
  -2.581106762e-02
  0.000000000e+00
  9.410360324e-01 -7.911434818e-02 -3.852346154e-01
  3.579550607e-01 -1.941095142e-01 9.126012146e-01
  -1.463842510e-01 -9.970485830e-01 -1.541886640e-01
 Node:         40
  0.1191E+03  0.1220E+03  0.4937E+03 -0.1589E-03
  -3.178E-4
   1.44E-16
  -3.178E-4
   1.44E-16
  -2.4E-17
  -3.178E-4
  -2.581106762e-02
  -2.581106762e-02
  -2.581106762e-02
  0.000000000e+00
  -2.581106762e-02
  0.000000000e+00
  4.850137652e-01 6.557587045e-02 6.610607287e-02
  8.314707713e-04 3.465698381e-01 -3.515386640e-01
  -8.910283401e-02 3.312738866e-01 3.262119433e-01
 Node:         41
  0.1182E+03  0.1217E+03  0.5073E+03 -0.1589E-03
  -3.178E-4
  -4.799E-17
  -3.178E-4
   9.598E-17
   1.68E-16
  -3.178E-4
  -2.581106762e-02
  -2.581106762e-02
  -2.581106762e-02
  0.000000000e+00
  -2.581106762e-02
  0.000000000e+00
  -1.531576923e-01 -1.933942915e-01 -9.883246964e-01
  -9.338734818e-01 2.523020243e-01 1.009441296e-01
  2.198777328e-01 9.480702429e-01 -2.201465182e-01
 Node:         42
  0.1187E+03  0.1212E+03  0.5204E+03 -0.1589E-03
  -3.178E-4
  -9.598E-17
  -3.178E-4
   3.917E-36
   9.598E-17
  -3.178E-4
  -2.581106762e-02
  -2.581106762e-02
  -2.581106762e-02
  0.000000000e+00
  -2.581106762e-02
  0.000000000e+00
  -1.814937247e-02 9.031242915e-02 9.636548583e-01
  -9.551271255e-01 1.772518219e-01 -3.571368421e-02
  -1.798653846e-01 -9.985829960e-01 9.821297571e-02
 Node:         43
  0.1258E+03  0.1217E+03  0.4915E+03 -0.1589E-03
  -3.178E-4
   1.92E-16
  -3.178E-4
  -2.4E-17
   1.959E-36
  -3.178E-4
  -2.581106762e-02
  -2.581106762e-02
  -2.581106762e-02
  0.000000000e+00
  -2.581106762e-02
  0.000000000e+00
  9.620524291e-01 3.099888664e-01 -2.200929150e-02
  -3.298317814e-01 9.041433198e-01 4.552125506e-03
  1.978763158e-02 -1.339119838e-02 9.983708502e-01
 Node:         44
  0.1259E+03  0.1220E+03  0.5059E+03 -0.1589E-03
  -3.178E-4
   2.4E-16
  -3.178E-4
   1.68E-16
   1.92E-16
  -3.178E-4
  -2.581106762e-02
  -2.581106762e-02
  -2.581106762e-02
  0.000000000e+00
  -2.581106762e-02
  0.000000000e+00
  -3.540605263e-01 -3.717218623e-01 -8.261275304e-01
  -6.150947368e-01 -5.663973684e-01 5.196716599e-01
  6.949929150e-01 -7.246979757e-01 3.060880567e-02
 Node:         45
  0.1261E+03  0.1221E+03  0.5198E+03 -0.1589E-03
  -3.178E-4
  -1.44E-16
  -3.178E-4
   4.799E-17
  -1.2E-17
  -3.178E-4
  -2.581106762e-02
  -2.581106762e-02
  -2.581106762e-02
  0.000000000e+00
  -2.581106762e-02
  0.000000000e+00
  6.770473684e-02 -1.544443320e-02 9.974036437e-01
  -1.007423482e+00 1.444580972e-01 7.069615385e-02
  -1.453095142e-01 -1.009689879e+00 -5.662406883e-03
 Node:         46
  0.1117E+03  0.1296E+03  0.4959E+03  0.0000E+00
  -2.467E-16
   4.797E-17
  -7.401E-16
   1.199E-17
  -4.497E-17
   0.0
  3.057000000e-18
  -2.423000000e-16
  -7.476000000e-16
  6.629532710e-16
  -3.289476667e-16
  3.125191690e-16
  3.676000000e-02 -5.800000000e-02 9.976000000e-01
  9.946000000e-01 9.864000000e-02 -3.092000000e-02
  -9.662000000e-02 9.934000000e-01 6.131000000e-02
 Node:         47
  0.1107E+03  0.1269E+03  0.5087E+03  0.0000E+00
  -7.401E-16
  -5.397E-17
   4.934E-16
  -4.797E-17
   6.896E-17
   0.0
  5.058000000e-16
  -7.273000000e-18
  -7.452000000e-16
  1.089215580e-15
  -8.222433333e-17
  5.134611487e-16
  -4.821000000e-02 9.891000000e-01 1.394000000e-01
  -5.424000000e-02 -1.420000000e-01 9.884000000e-01
  -9.974000000e-01 -4.009000000e-02 -6.049000000e-02
 Node:         48
  0.1125E+03  0.1242E+03  0.5208E+03  0.0000E+00
   4.934E-16
   5.997E-18
   4.934E-16
   0.0
  -2.998E-18
   4.934E-16
  5.001000000e-16
  4.934000000e-16
  4.867000000e-16
  1.160474041e-17
  4.934000000e-16
  5.470527092e-18
  -6.325000000e-01 -7.071000000e-01 3.162000000e-01
  4.472000000e-01 -2.276000000e-15 8.944000000e-01
  6.325000000e-01 -7.071000000e-01 -3.162000000e-01
 Node:         49
  0.1186E+03  0.1311E+03  0.4938E+03  0.0000E+00
  -7.401E-16
  -3.598E-17
   0.0
  -7.196E-17
  -1.049E-17
  -2.467E-16
  1.947000000e-18
  -2.366000000e-16
  -7.523000000e-16
  6.677348644e-16
  -3.289843333e-16
  3.147732338e-16
  4.561000000e-02 -9.985000000e-01 2.894000000e-02
  -1.430000000e-01 2.215000000e-02 9.895000000e-01
  -9.887000000e-01 -4.926000000e-02 -1.418000000e-01
 Node:         50
  0.1180E+03  0.1298E+03  0.5075E+03  0.0000E+00
   0.0
  -2.249E-17
   1.48E-15
  -7.196E-17
   2.155E-17
   9.869E-16
  1.482000000e-15
  9.910000000e-16
  -5.513000000e-18
  1.312785985e-15
  8.224956667e-16
  6.188532481e-16
  1.739000000e-02 -9.988000000e-01 -4.603000000e-02
  -7.128000000e-02 -4.716000000e-02 9.963000000e-01
  9.973000000e-01 1.405000000e-02 7.201000000e-02
 Node:         51
  0.1192E+03  0.1275E+03  0.5206E+03  0.0000E+00
   0.0
  -5.997E-18
  -2.467E-16
   0.0
   2.549E-17
   4.934E-16
  4.943000000e-16
  1.449000000e-19
  -2.477000000e-16
  6.542860068e-16
  8.224830000e-17
  3.084333815e-16
  -4.170000000e-04 3.438000000e-02 9.994000000e-01
  9.997000000e-01 -2.416000000e-02 1.248000000e-03
  2.418000000e-02 9.991000000e-01 -3.436000000e-02
 Node:         52
  0.1262E+03  0.1305E+03  0.4920E+03  0.0000E+00
   4.934E-16
  -2.399E-17
   4.934E-16
   2.249E-18
   8.48E-18
   0.0
  5.175000000e-16
  4.696000000e-16
  -1.600000000e-19
  4.954496661e-16
  3.289800000e-16
  2.335572124e-16
  -7.061000000e-01 7.080000000e-01 8.534000000e-03
  7.081000000e-01 7.060000000e-01 1.614000000e-02
  -5.403000000e-03 -1.744000000e-02 9.998000000e-01
 Node:         53
  0.1258E+03  0.1304E+03  0.5063E+03  0.0000E+00
  -7.401E-16
  -2.998E-18
  -4.934E-16
   4.797E-17
   5.847E-17
  -9.869E-16
  -4.866000000e-16
  -7.314000000e-16
  -1.002000000e-15
  4.465358664e-16
  -7.400000000e-16
  2.104990261e-16
  1.040000000e-02 9.931000000e-01 1.171000000e-01
  -9.836000000e-01 3.123000000e-02 -1.776000000e-01
  -1.800000000e-01 -1.133000000e-01 9.771000000e-01
 Node:         54
  0.1265E+03  0.1288E+03  0.5200E+03  0.0000E+00
  -9.869E-16
   3.598E-17
   4.934E-16
   0.0
  -7.496E-18
   4.934E-16
  5.014000000e-16
  4.864000000e-16
  -9.877000000e-16
  1.481656947e-15
  3.333333333e-20
  6.984597833e-16
  1.758000000e-02 7.272000000e-01 -6.862000000e-01
  1.675000000e-02 6.860000000e-01 7.274000000e-01
  -9.997000000e-01 2.428000000e-02 1.229000000e-04
 Node:         55
  0.1381E+03  0.1168E+03  0.4527E+03  0.9884E-02
   0.04021
  -0.0229
   0.02368
  -0.004497
   0.03421
   0.01589
  8.257981781e-02
  3.515541903e-02
  -2.286988462e-02
  9.195725683e-02
  3.162178408e-02
  4.334906659e-02
  -5.624070850e-01 6.792248988e-01 4.789131579e-01
  7.474301619e-01 2.838829656e-01 4.754965587e-01
  -2.072172065e-01 -6.793210526e-01 7.207206478e-01
 Node:         56
  0.1314E+03  0.1156E+03  0.4684E+03  0.9884E-02
   0.04149
  -0.01864
   0.02217
  -0.00688
   0.0134
   0.0171
  6.982256073e-02
  1.804776113e-02
  3.112961538e-04
  6.359564409e-02
  2.939387267e-02
  2.997927413e-02
  -8.177429150e-01 3.752171215e-01 1.408537045e-01
  1.702571660e-01 1.511613360e-01 6.250239676e-01
  2.930208502e-01 2.336133198e-01 -2.134526316e-02
 Node:         57
  0.1285E+03  0.1140E+03  0.4823E+03  0.9884E-02
   0.04169
  -0.00382
   0.02023
  -0.001716
   0.001309
   0.01961
  5.910527328e-02
  1.853479049e-02
  1.146450020e-02
  4.457163175e-02
  2.970152132e-02
  2.101126871e-02
  -8.866340081e-01 2.160060931e-01 1.412721563e-01
  1.172377083e-01 -2.851467611e-01 6.337435223e-01
  6.761615385e-02 3.172578947e-01 4.853888401e-01
 Node:         58
  0.1479E+03  0.1178E+03  0.4527E+03  0.9884E-02
   0.03997
  -0.03271
   0.02771
  -0.005483
   0.02334
   0.009793
  1.058338968e-01
  1.607156093e-02
  -1.924472105e-02
  1.119473336e-01
  3.422024555e-02
  5.277247915e-02
  -6.853524291e-01 6.693680162e-01 2.860834008e-01
  6.715165992e-01 3.769987854e-01 7.396068826e-01
  -3.437724696e-01 -6.408147773e-01 6.725000000e-01
 Node:         59
  0.1416E+03  0.1167E+03  0.4689E+03  0.9884E-02
   0.04398
  -0.04303
   0.02583
  -0.02866
   0.02959
   0.01624
  1.217511741e-01
  4.133000000e-03
  -2.090268826e-02
  1.325256558e-01
  3.499382861e-02
  6.247319327e-02
  -7.106680162e-01 5.778127530e-01 3.814625040e-01
  3.669955466e-01 3.658840081e-01 1.060502024e-01
  -4.707791498e-01 -4.679642308e-01 8.213238866e-02
 Node:         60
  0.1375E+03  0.1150E+03  0.4832E+03  0.9884E-02
   0.0431
  -0.01612
   0.02141
  -0.0127
   0.009424
   0.02017
  7.144478745e-02
  1.352166589e-02
  7.994553644e-03
  6.090384660e-02
  3.098700233e-02
  2.871034862e-02
  -8.206560729e-01 3.926668421e-01 3.002841296e-01
  1.244578947e-01 4.969008097e-02 6.183004453e-01
  1.976495951e-01 -2.713569960e-01 6.629012146e-01
 Node:         61
  0.1549E+03  0.1222E+03  0.4528E+03  0.9884E-02
   0.04504
  -0.02629
   0.02168
  -0.001388
  -0.003862
   0.01134
  1.230678644e-01
  4.724914777e-03
  -2.178678372e-02
  1.343307092e-01
  3.533533181e-02
  6.332410362e-02
  -7.166115385e-01 5.613159919e-01 -1.003386640e-01
  6.247281781e-01 4.428785425e-01 1.060321862e-01
  -6.834364372e-02 3.614514170e-02 7.374622672e-01
 Node:         62
  0.1489E+03  0.1203E+03  0.4694E+03  0.9884E-02
   0.05019
  -0.07419
   0.02517
  -0.03661
   0.02296
   0.01934
  1.834963866e-01
  -1.813135628e-04
  -5.046498785e-02
  2.134664801e-01
  4.428336174e-02
  1.006290638e-01
  -7.498896761e-01 5.618012146e-01 3.361777328e-01
  2.057145749e-01 -2.643946964e-01 9.158334008e-01
  6.294722672e-01 7.479672065e-01 7.451220648e-02
 Node:         63
  0.1436E+03  0.1181E+03  0.4838E+03  0.9884E-02
   0.04379
  -0.0311
   0.02346
  -0.01172
   0.01684
   0.02049
  9.045847166e-02
  1.175286498e-02
  -2.537565587e-03
  8.686857005e-02
  3.322459035e-02
  4.095023663e-02
  -7.577125506e-01 5.334625506e-01 3.008967571e-01
  1.313542510e-01 -5.637449393e-04 2.497829960e-01
  -3.585528340e-01 -5.831293522e-01 2.378866397e-01
 Node:         64
  0.1411E+03  0.1253E+03  0.4521E+03  0.9884E-02
   0.03518
  -0.01521
   0.0283
  -0.007684
   0.006767
   0.01551
  6.296240891e-02
  3.023544130e-02
  -3.562295951e-03
  5.924218762e-02
  2.987851808e-02
  2.792703506e-02
  -6.193842105e-01 4.802903846e-01 1.610426053e-01
  1.158297713e-01 2.449450202e-01 6.131316599e-01
  3.748888664e-01 3.618279352e-01 1.474118623e-02
 Node:         65
  0.1339E+03  0.1229E+03  0.4682E+03  0.9884E-02
   0.04049
  -0.03376
   0.02591
  -0.01201
   0.005903
   0.01707
  7.967184211e-02
  1.872039474e-02
  -4.524144130e-03
  7.587571182e-02
  3.128936424e-02
  3.576815357e-02
  -7.997441296e-01 5.552421053e-01 2.135994939e-01
  1.649083320e-01 2.213483806e-01 7.652510061e-01
  4.721913158e-01 3.517443320e-01 4.411459514e-01
 Node:         66
  0.1299E+03  0.1214E+03  0.4825E+03  0.9884E-02
   0.04241
  -0.01083
   0.02117
  -0.003181
   0.002546
   0.01961
  6.191687449e-02
  1.713765415e-02
  1.268905263e-02
  4.729926677e-02
  3.058119376e-02
  2.229708818e-02
  -8.710589069e-01 3.744971093e-01 1.569125101e-01
  1.587515182e-01 3.641308502e-01 3.502052632e-01
  2.103407170e-01 2.104522267e-01 4.268006680e-01
 Node:         67
  0.1496E+03  0.1245E+03  0.4523E+03  0.9884E-02
   0.03702
  -0.02545
   0.02758
  -0.006743
   0.007416
   0.01063
  8.002304656e-02
  7.346681984e-03
  2.434734615e-03
  7.535681157e-02
  2.993482105e-02
  3.552354165e-02
  -7.242939271e-01 6.548842105e-01 1.795594130e-01
  -1.635922267e-01 -5.846078947e-02 -3.782595142e-01
  -4.616139676e-01 -6.559176113e-01 5.223568016e-01
 Node:         68
  0.1430E+03  0.1224E+03  0.4688E+03  0.9884E-02
   0.04495
  -0.05524
   0.02706
  -0.03011
   0.01561
   0.01466
  1.366453543e-01
  3.261935830e-03
  -2.908762348e-02
  1.521882543e-01
  3.693988887e-02
  7.174223107e-02
  -7.503813765e-01 5.794091093e-01 3.125309717e-01
  8.637155709e-02 -3.619863684e-01 8.989852227e-01
  6.444722672e-01 6.971955466e-01 2.171026802e-01
 Node:         69
  0.1379E+03  0.1205E+03  0.4831E+03  0.9884E-02
   0.04396
  -0.02015
   0.02177
  -0.0121
   0.008173
   0.01973
  7.590262146e-02
  1.389874494e-02
  5.892857206e-03
  6.638070197e-02
  3.189807453e-02
  3.129216300e-02
  -8.148412955e-01 4.549540486e-01 3.039104453e-01
  2.218547368e-01 -6.562246964e-02 8.533344130e-01
  2.164522267e-01 -5.613056680e-02 3.695333401e-01
 Node:         70
  0.1551E+03  0.1242E+03  0.4527E+03  0.9884E-02
   0.03943
  -0.03229
   0.02325
  -0.02563
   0.01951
   0.01007
  1.153315486e-01
  -6.427840283e-03
  -1.345284211e-02
  1.254301890e-01
  3.181695540e-02
  5.912835815e-02
  -7.190255061e-01 5.666860324e-01 3.851708502e-01
  5.351842105e-01 7.344797571e-01 -1.350101215e-01
  -9.427006073e-02 -3.129477328e-01 1.433222672e-01
 Node:         71
  0.1491E+03  0.1222E+03  0.4694E+03  0.9884E-02
   0.05008
  -0.05667
   0.02521
  -0.06671
   0.03263
   0.01621
  2.000638664e-01
  -1.688437377e-02
  -4.688924494e-02
  2.339326102e-01
  4.543008256e-02
  1.102768900e-01
  -7.400265182e-01 4.796180162e-01 4.681700405e-01
  -7.811119231e-02 -6.991161741e-01 6.083046559e-01
  6.452234818e-01 4.225248988e-01 5.406371660e-01
 Node:         72
  0.1435E+03  0.1199E+03  0.4837E+03  0.9884E-02
   0.04587
  -0.02404
   0.02147
  -0.02368
   0.01192
   0.02025
  9.176186235e-02
  9.407140385e-03
  -6.495829960e-04
  8.791733405e-02
  3.350647325e-02
  4.144462873e-02
  -7.906564777e-01 4.338708502e-01 4.081742915e-01
  1.999271255e-02 -3.748754251e-01 5.419791498e-01
  2.399795547e-01 -1.959854251e-01 5.129161943e-01
 Node:         73
  0.1441E+03  0.1339E+03  0.4515E+03  0.0000E+00
   0.02871
  -0.004123
  -0.006627
  -0.00552
   0.004215
   0.002958
  5.254179757e-02
  6.423650000e-03
  -1.261036640e-02
  5.828500567e-02
  1.545169372e-02
  2.747581517e-02
  -6.892412955e-01 1.067609312e-01 7.645455061e-02
  1.933301437e-01 2.998436842e-01 7.941111336e-01
  2.001850202e-01 8.111153846e-02 3.699338259e-01
 Node:         74
  0.1365E+03  0.1304E+03  0.4679E+03  0.0000E+00
   0.03533
   0.0211
  -0.001823
   0.0066
   0.006165
   0.004044
  7.178594737e-02
  5.228683603e-03
  -1.599611134e-02
  7.958946239e-02
  2.033950655e-02
  3.751883238e-02
  -8.779991903e-01 -3.152650202e-01 -1.931736235e-01
  -1.543855466e-01 1.435253340e-01 4.062087045e-01
  -3.089167206e-01 8.704251012e-01 3.107850202e-02
 Node:         75
  0.1313E+03  0.1288E+03  0.4826E+03  0.0000E+00
   0.02708
   0.008386
   6.98E-5
   0.001288
   6.331E-4
   4.259E-4
  4.933078340e-02
  7.523738619e-04
  -4.757509514e-03
  5.177359453e-02
  1.510854925e-02
  2.440630652e-02
  -9.140297571e-01 -2.784223077e-01 -8.120003239e-02
  -6.416453441e-02 -1.999893725e-01 7.654977733e-01
  -2.798342105e-01 8.456963563e-01 2.462460324e-01
 Node:         76
  0.1513E+03  0.1311E+03  0.4520E+03  0.0000E+00
   0.02753
  -0.009887
  -0.007581
  -0.009571
   0.008573
   0.003213
  5.788468826e-02
  9.745487449e-03
  -1.975281781e-02
  6.826717012e-02
  1.595911930e-02
  3.218145262e-02
  -9.472040486e-01 2.450471053e-01 3.783710526e-01
  2.371041498e-01 -9.646744939e-02 5.830014170e-01
  8.031983806e-02 -4.467046559e-01 5.327142510e-01
 Node:         77
  0.1444E+03  0.1282E+03  0.4686E+03  0.0000E+00
   0.03924
   0.02309
  -0.002423
   0.005243
   0.009765
   0.002856
  7.780313765e-02
  9.867605729e-03
  -2.008047874e-02
  8.690932375e-02
  2.253008821e-02
  4.096944811e-02
  -8.987170040e-01 -3.476476113e-01 -1.364695870e-01
  -8.794683401e-02 8.831022267e-02 6.682384615e-01
  -3.228666154e-01 7.650821862e-01 -2.299945344e-01
 Node:         78
  0.1384E+03  0.1261E+03  0.4829E+03  0.0000E+00
   0.02861
   0.01353
   1.514E-4
   0.002619
   0.001641
   2.942E-4
  5.451479352e-02
  -1.048002429e-04
  -5.912561336e-03
  5.804443420e-02
  1.616581065e-02
  2.736240869e-02
  -9.000759109e-01 -3.521438704e-01 -1.107399271e-01
  -8.802115385e-02 8.721593117e-02 8.992297571e-01
  -3.663658097e-01 8.926427126e-01 -1.082072611e-01
 Node:         79
  0.1554E+03  0.1263E+03  0.4526E+03  0.0000E+00
   0.02549
   0.00598
  -0.0114
  -0.0199
   0.00285
  -0.0106
  1.002686660e-01
  -1.898115486e-02
  -3.637723279e-02
  1.291120985e-01
  1.497009278e-02
  6.086402693e-02
  -2.272463563e-01 -2.630844534e-01 -1.637087085e-01
  -4.372759109e-02 5.061000000e-01 1.531275304e-01
  3.063724696e-02 5.198085020e-01 1.105783401e-01
 Node:         80
  0.1493E+03  0.1241E+03  0.4694E+03  0.0000E+00
   0.04262
   0.01821
  -0.007297
   0.01541
   0.005153
  -0.007088
  1.118894514e-01
  -1.335064069e-02
  -2.306178947e-02
  1.304936198e-01
  2.515900709e-02
  6.151528230e-02
  -8.997198381e-01 -2.615285425e-01 -2.845240462e-01
  -2.407643725e-02 -1.964981781e-01 6.071145749e-01
  -1.746606883e-01 1.873244939e-01 4.047382591e-01
 Node:         81
  0.1433E+03  0.1217E+03  0.4836E+03  0.0000E+00
   0.02983
   0.01257
  -6.354E-4
   0.01453
   0.004008
  -2.587E-4
  6.172613563e-02
  -3.913452682e-03
  -8.437254049e-03
  6.817582075e-02
  1.645847630e-02
  3.213839011e-02
  -8.747771255e-01 -2.773437247e-01 -3.289333401e-01
  1.229549198e-02 -2.600275304e-01 3.401676923e-01
  -3.835365990e-01 1.890309312e-01 7.932554656e-01
 Node:         82
  0.1267E+03  0.1148E+03  0.4559E+03  0.1025E-01
   0.04414
  -0.0209
   0.02058
  -0.004837
   0.005393
   0.01948
  5.758840789e-02
  1.907896559e-02
  -1.789310891e-02
  6.620686958e-02
  1.959142152e-02
  3.121021763e-02
  -7.876248988e-01 4.449985466e-01 1.370292915e-01
  1.308034008e-01 1.473793522e-01 8.922661943e-01
  1.738746964e-01 -1.838562753e-02 5.397048583e-01
 Node:         83
  0.1234E+03  0.1129E+03  0.4718E+03  0.1025E-01
   0.04173
  -0.01288
   0.0202
  -0.001268
   0.004109
   0.0199
  6.142384615e-02
  8.932046559e-03
  -1.714001862e-02
  6.944400443e-02
  1.773862470e-02
  3.273621763e-02
  -6.037589069e-01 2.612640243e-01 1.863888664e-01
  1.890821862e-02 -1.053089069e-01 5.406636640e-01
  4.691085020e-01 5.036309717e-01 -7.730607287e-02
 Node:         84
  0.1187E+03  0.1123E+03  0.4849E+03  0.1025E-01
   0.042
  -8.84E-4
   0.02046
   8.258E-4
  -2.855E-5
   0.0202
  4.693651417e-02
  6.033022267e-03
  1.653712551e-03
  4.334326928e-02
  1.820774966e-02
  2.043221309e-02
  -6.522599190e-01 7.083817206e-02 2.004410931e-01
  1.210017814e-02 -1.622172065e-01 4.913738866e-02
  2.100238866e-01 1.165107287e-02 3.353840081e-01
 Node:         85
  0.1302E+03  0.1161E+03  0.4546E+03  0.1025E-01
   0.04406
  -0.02299
   0.02087
  -0.004186
   0.007686
   0.01906
  5.893219322e-02
  2.708690789e-02
  -2.520088664e-02
  7.564356753e-02
  2.027273816e-02
  3.565871970e-02
  -4.332560729e-01 2.845872470e-01 8.117307692e-02
  1.481737490e-01 1.069129555e-01 8.250038462e-01
  1.231145749e-01 6.470870445e-02 2.808427126e-01
 Node:         86
  0.1252E+03  0.1138E+03  0.4701E+03  0.1025E-01
   0.03933
  -0.007194
   0.02614
  -0.006683
   0.01654
   0.01989
  9.531250202e-02
  1.262274696e-02
  -3.730668947e-02
  1.169757812e-01
  2.354285317e-02
  5.514291208e-02
  -4.552868421e-01 1.465192308e-01 2.508912955e-01
  8.137327935e-02 -4.350704453e-01 1.260012134e-01
  3.735765182e-01 1.740454251e-01 2.087487854e-01
 Node:         87
  0.1217E+03  0.1126E+03  0.4833E+03  0.1025E-01
   0.04206
  -8.234E-4
   0.02053
  -2.306E-4
  -1.695E-4
   0.0204
  4.855879757e-02
  6.498696356e-03
  -3.550890688e-04
  4.600718987e-02
  1.823413495e-02
  2.168799729e-02
  -6.390283401e-01 6.377849393e-02 2.284479757e-01
  -4.189210526e-03 9.795303644e-02 -1.183281053e-01
  2.758260729e-01 -7.163923077e-02 7.676396761e-02
 Node:         88
  0.1338E+03  0.1169E+03  0.4529E+03  0.1025E-01
   0.04127
  -0.0265
   0.02163
  -0.004133
   0.02025
   0.02107
  6.824629858e-02
  2.730629850e-02
  -3.360761741e-02
  9.069189867e-02
  2.064832656e-02
  4.275257103e-02
  -6.368658907e-01 5.534967611e-01 3.123556680e-01
  4.204608502e-01 -5.972935223e-03 6.371044737e-01
  1.856030364e-01 1.895585020e-01 1.074974089e-01
 Node:         89
  0.1270E+03  0.1150E+03  0.4684E+03  0.1025E-01
   0.04214
  -0.01454
   0.02102
  -0.005626
   0.005544
   0.02031
  5.845119433e-02
  9.760809717e-03
  -1.630506316e-02
  6.598193353e-02
  1.730231363e-02
  3.110418176e-02
  -6.106236842e-01 2.813941498e-01 2.017883401e-01
  -1.148855668e-02 -9.895384615e-02 5.598024291e-01
  3.488842105e-01 4.026253036e-01 1.866467611e-01
 Node:         90
  0.1248E+03  0.1132E+03  0.4822E+03  0.1025E-01
   0.0422
  -0.001668
   0.0206
  -7.808E-4
   3.258E-4
   0.02049
  4.697218320e-02
  7.305177733e-03
  1.448056680e-04
  4.372472105e-02
  1.814072220e-02
  2.061203117e-02
  -6.338633603e-01 2.059410850e-01 1.655500000e-01
  1.027486702e-01 -2.499463563e-01 5.829528340e-01
  1.321150810e-01 4.607417004e-01 5.236854251e-01
 Node:         91
  0.1258E+03  0.1260E+03  0.4544E+03  0.1025E-01
   0.03619
  -0.02305
   0.02699
  -0.01433
   0.01345
   0.01904
  6.542292510e-02
  2.673339190e-02
  -3.087272296e-02
  8.668263416e-02
  2.042786468e-02
  4.086258562e-02
  -5.927431174e-01 4.877927126e-01 2.608799595e-01
  3.830260081e-01 -1.020453441e-01 4.671876478e-01
  4.332561134e-01 5.278117409e-02 5.104690283e-01
 Node:         92
  0.1209E+03  0.1232E+03  0.4724E+03  0.1025E-01
   0.04135
  -0.02114
   0.02178
  -0.01628
   0.008621
   0.02091
  5.876260223e-02
  2.111543239e-02
  -2.117354291e-02
  7.089424399e-02
  1.956816390e-02
  3.341986711e-02
  -3.252791498e-01 3.088761538e-01 2.650592308e-01
  1.854462510e-01 -2.932834008e-02 7.096267206e-01
  3.064254555e-01 1.784170040e-02 5.450338057e-01
 Node:         93
  0.1159E+03  0.1217E+03  0.4876E+03  0.1025E-01
   0.0426
  -6.051E-4
   0.02044
  -0.006701
  -0.001409
   0.02099
  4.814195152e-02
  9.114757490e-03
  -2.674534413e-04
  4.473020853e-02
  1.899641852e-02
  2.108602252e-02
  -7.458465587e-01 -7.563753036e-02 3.128772874e-01
  -1.323152227e-01 4.829265182e-01 1.848234818e-01
  -2.355161447e-01 -2.092261134e-01 -3.287720648e-01
 Node:         94
  0.1312E+03  0.1262E+03  0.4534E+03  0.1025E-01
   0.03477
  -0.02298
   0.02808
  -0.01504
   0.009126
   0.01897
  6.417134615e-02
  2.755878138e-02
  -2.937515506e-02
  8.465409181e-02
  2.078499082e-02
  3.990632158e-02
  -3.767216599e-01 3.805381781e-01 4.944285425e-02
  2.566416194e-01 1.293698381e-01 5.391790283e-01
  4.647228745e-01 1.641520243e-01 4.315969636e-01
 Node:         95
  0.1249E+03  0.1234E+03  0.4704E+03  0.1025E-01
   0.04198
  -0.02017
   0.02345
  -0.02037
   0.007426
   0.01949
  6.000938259e-02
  1.525536984e-02
  -1.580906032e-02
