 Group name: predicted_stress_L2A2
 #Fields=  16
 1) coordinates, coordinate, rectangular cartesian, #Components=3
   x.  Value index= 1, #Derivatives=0
   y.  Value index= 2, #Derivatives=0
   z.  Value index= 3, #Derivatives=0
 2) Tensor_1, field, rectangular cartesian, #Components=1
   Tensor_1.  Value index= 4, #Derivatives=0
 3) Tensor_2, field, rectangular cartesian, #Components=1
   Tensor_2.  Value index= 5, #Derivatives=0
 4) Tensor_3, field, rectangular cartesian, #Components=1
   Tensor_3.  Value index= 6, #Derivatives=0
 5) Tensor_4, field, rectangular cartesian, #Components=1
   Tensor_4.  Value index= 7, #Derivatives=0
 6) Tensor_5, field, rectangular cartesian, #Components=1
   Tensor_5.  Value index= 8, #Derivatives=0
 7) Tensor_6, field, rectangular cartesian, #Components=1
   Tensor_6.  Value index= 9, #Derivatives=0
 8) Principal_1, field, rectangular cartesian, #Components=1
   Principal_1.  Value index= 10, #Derivatives=0
 9) Principal_2, field, rectangular cartesian, #Components=1
   Principal_2.  Value index= 11, #Derivatives=0
 10) Principal_3, field, rectangular cartesian, #Components=1
   Principal_3.  Value index= 12, #Derivatives=0
 11) VonMises, field, rectangular cartesian, #Components=1
   VonMises.  Value index= 13, #Derivatives=0
 12) Hydrostatic, field, rectangular cartesian, #Components=1
   VonMises.  Value index= 14, #Derivatives=0
 13) Octahedral, field, rectangular cartesian, #Components=1
   VonMises.  Value index= 15, #Derivatives=0
 14) PrincipalVector1, field, rectangular cartesian, #Components=3
   x.  Value index= 16, #Derivatives=0
   y.  Value index= 17, #Derivatives=0
   z.  Value index= 18, #Derivatives=0
 15) PrincipalVector2, field, rectangular cartesian, #Components=3
   x.  Value index= 19, #Derivatives=0
   y.  Value index= 20, #Derivatives=0
   z.  Value index= 21, #Derivatives=0
 16) PrincipalVector3, field, rectangular cartesian, #Components=3
   x.  Value index= 22, #Derivatives=0
   y.  Value index= 23, #Derivatives=0
   z.  Value index= 24, #Derivatives=0
 Node:          1
  0.1287E+03  0.1133E+03  0.4908E+03 -0.2244E-04
  -4.488E-5
  -1.439E-16
  -4.488E-5
  -4.798E-17
  -7.196E-17
  -4.488E-5
  -2.422549742e-02
  -2.422549742e-02
  -2.422549742e-02
  0.000000000e+00
  -2.422549742e-02
  0.000000000e+00
  8.072555899e-01 -2.120948995e-01 -2.537544565e-02
  2.439682123e-01 9.489260690e-01 -1.896414219e-01
  7.582193199e-02 1.762258630e-01 9.794380732e-01
 Node:          2
  0.1292E+03  0.1137E+03  0.5052E+03 -0.2244E-04
  -4.488E-5
  -1.919E-16
  -4.488E-5
  -9.595E-17
   3.358E-16
  -4.488E-5
  -2.422549742e-02
  -2.422549742e-02
  -2.422549742e-02
  0.000000000e+00
  -2.422549742e-02
  0.000000000e+00
  4.979445647e-01 -2.306228748e-01 -1.134012880e-01
  3.304556929e-01 5.783136012e-01 2.870222050e-01
  -8.268290572e-04 -4.572240598e-01 8.892112828e-01
 Node:          3
  0.1289E+03  0.1155E+03  0.5194E+03 -0.2244E-04
  -4.488E-5
   2.399E-16
  -4.488E-5
   1.919E-16
   9.595E-17
  -4.488E-5
  -2.422549742e-02
  -2.422549742e-02
  -2.422549742e-02
  0.000000000e+00
  -2.422549742e-02
  0.000000000e+00
  -4.024841319e-01 -8.747095827e-01 -2.680136012e-01
  4.888964967e-01 -4.536918083e-01 7.447301906e-01
  7.733282844e-01 -1.690957754e-01 -6.101206079e-01
 Node:          4
  0.1361E+03  0.1141E+03  0.4915E+03 -0.2244E-04
  -4.488E-5
  -4.798E-17
  -4.488E-5
  -4.798E-17
  -1.439E-16
  -4.488E-5
  -2.422549742e-02
  -2.422549742e-02
  -2.422549742e-02
  0.000000000e+00
  -2.422549742e-02
  0.000000000e+00
  -3.943029366e-02 -8.996424523e-02 9.950460587e-01
  -8.307447192e-01 7.945425039e-02 -2.495493045e-02
  -7.674149408e-02 -8.276925296e-01 -7.727193199e-02
 Node:          5
  0.1341E+03  0.1144E+03  0.5054E+03 -0.2244E-04
  -4.488E-5
   2.399E-16
  -4.488E-5
   9.595E-17
  -1.199E-16
  -4.488E-5
  -2.422549742e-02
  -2.422549742e-02
  -2.422549742e-02
  0.000000000e+00
  -2.422549742e-02
  0.000000000e+00
  1.017006285e-01 -1.765464194e-01 9.789449768e-01
  7.138834106e-01 6.980755796e-01 5.175901082e-02
  -6.926021123e-01 6.937117980e-01 1.972142195e-01
 Node:          6
  0.1323E+03  0.1162E+03  0.5191E+03 -0.2244E-04
  -4.488E-5
   9.595E-17
  -4.488E-5
  -9.595E-17
  -4.798E-17
  -4.488E-5
  -2.422549742e-02
  -2.422549742e-02
  -2.422549742e-02
  0.000000000e+00
  -2.422549742e-02
  0.000000000e+00
  -7.099513653e-01 -6.982382792e-01 8.924702731e-02
  3.824035549e-01 -4.089782586e-01 -2.836147862e-02
  8.280226172e-02 4.243654302e-02 9.953576507e-01
 Node:          7
  0.1408E+03  0.1171E+03  0.4920E+03 -0.2244E-04
  -4.488E-5
   3.838E-16
  -4.488E-5
  -1.439E-16
  -1.919E-16
  -4.488E-5
  -2.422549742e-02
  -2.422549742e-02
  -2.422549742e-02
  0.000000000e+00
  -2.422549742e-02
  0.000000000e+00
  7.286446162e-01 3.915656878e-01 -1.084052035e-01
  -4.857274601e-01 8.654986090e-01 -1.148032251e-01
  5.764968058e-02 1.624375064e-01 9.849165379e-01
 Node:          8
  0.1367E+03  0.1169E+03  0.5055E+03 -0.2244E-04
  -4.488E-5
   3.358E-16
  -4.488E-5
  -6.956E-16
  -4.078E-16
  -4.488E-5
  -2.422549742e-02
  -2.422549742e-02
  -2.422549742e-02
  0.000000000e+00
  -2.422549742e-02
  0.000000000e+00
  -4.992143740e-01 -5.993399794e-01 2.323887687e-01
  6.108587326e-01 -5.423944874e-01 -4.170213292e-02
  2.478841937e-01 8.054786193e-02 9.540019578e-01
 Node:          9
  0.1339E+03  0.1180E+03  0.5191E+03 -0.2244E-04
  -4.488E-5
   2.879E-16
  -4.488E-5
  -6.836E-16
  -4.798E-16
  -4.488E-5
  -2.422549742e-02
  -2.422549742e-02
  -2.422549742e-02
  0.000000000e+00
  -2.422549742e-02
  0.000000000e+00
  2.616877898e-01 1.884621844e-01 -5.505099948e-01
  7.794574961e-01 7.822514168e-02 1.805140649e-01
  -1.525979083e-01 7.276442040e-01 1.716334364e-01
 Node:         10
  0.1294E+03  0.1212E+03  0.4911E+03 -0.2244E-04
  -4.488E-5
   4.798E-17
  -4.488E-5
  -2.399E-17
   2.159E-16
  -4.488E-5
  -2.422549742e-02
  -2.422549742e-02
  -2.422549742e-02
  0.000000000e+00
  -2.422549742e-02
  0.000000000e+00
  2.400299330e-02 5.007055641e-01 5.263992272e-01
  1.545443534e-01 6.777651726e-01 -7.153899536e-01
  -5.492364760e-01 9.766515868e-02 -6.939421432e-02
 Node:         11
  0.1295E+03  0.1214E+03  0.5055E+03 -0.2244E-04
  -4.488E-5
  -4.798E-17
  -4.488E-5
  -7.196E-17
   2.399E-17
  -4.488E-5
  -2.422549742e-02
  -2.422549742e-02
  -2.422549742e-02
  0.000000000e+00
  -2.422549742e-02
  0.000000000e+00
  -2.272425039e-01 9.845081917e-02 7.767986090e-01
  -4.351767130e-01 4.650017002e-01 -1.871030912e-01
  5.970239052e-01 4.196638846e-01 1.034202473e-01
 Node:         12
  0.1295E+03  0.1217E+03  0.5196E+03 -0.2244E-04
  -4.488E-5
  -3.803E-37
  -4.488E-5
   1.319E-16
   4.798E-17
  -4.488E-5
  -2.422549742e-02
  -2.422549742e-02
  -2.422549742e-02
  0.000000000e+00
  -2.422549742e-02
  0.000000000e+00
  -2.430930448e-01 -8.584091499e-02 -9.659135497e-01
  -2.926321484e-01 7.703189078e-01 7.522698029e-03
  1.486911386e-01 1.001297269e-01 -4.856476043e-02
 Node:         13
  0.1361E+03  0.1199E+03  0.4914E+03 -0.2244E-04
  -4.488E-5
  -2.399E-16
  -4.488E-5
  -1.679E-16
   4.798E-17
  -4.488E-5
  -2.422549742e-02
  -2.422549742e-02
  -2.422549742e-02
  0.000000000e+00
  -2.422549742e-02
  0.000000000e+00
  7.676108192e-01 -3.115442555e-01 -1.056600206e-01
  3.717164348e-01 9.277914477e-01 -3.104848016e-02
  1.291254508e-01 -1.854421298e-02 9.914213807e-01
 Node:         14
  0.1342E+03  0.1198E+03  0.5054E+03 -0.2244E-04
  -4.488E-5
   4.798E-17
  -4.488E-5
   9.595E-17
  -1.559E-16
  -4.488E-5
  -2.422549742e-02
  -2.422549742e-02
  -2.422549742e-02
  0.000000000e+00
  -2.422549742e-02
  0.000000000e+00
  9.307121587e-02 -2.620595054e-01 9.602086038e-01
  -2.305240495e-01 -7.785910871e-01 -1.891010819e-01
  -7.975444101e-01 2.038285729e-01 1.323177228e-01
 Node:         15
  0.1330E+03  0.1205E+03  0.5193E+03 -0.2244E-04
  -4.488E-5
  -1.439E-16
  -4.488E-5
   2.399E-17
   8.396E-17
  -4.488E-5
  -2.422549742e-02
  -2.422549742e-02
  -2.422549742e-02
  0.000000000e+00
  -2.422549742e-02
  0.000000000e+00
  8.297900052e-01 -9.320998970e-02 8.228959299e-03
  -2.059778465e-02 -2.555192684e-01 -7.930922720e-01
  1.092332097e-01 9.447965482e-01 -3.032481710e-01
 Node:         16
  0.1404E+03  0.1188E+03  0.4918E+03 -0.2244E-04
  -4.488E-5
   9.595E-17
  -4.488E-5
  -1.439E-16
  -2.519E-16
  -4.488E-5
  -2.422549742e-02
  -2.422549742e-02
  -2.422549742e-02
  0.000000000e+00
  -2.422549742e-02
  0.000000000e+00
  -1.496895415e-01 -2.390645544e-01 9.592742401e-01
  -6.882851108e-01 -4.885884596e-01 -2.314005667e-01
  5.247760433e-01 -6.938620814e-01 -9.577341577e-02
 Node:         17
  0.1365E+03  0.1184E+03  0.5055E+03 -0.2244E-04
  -4.488E-5
   4.798E-17
  -4.488E-5
   1.679E-16
   2.938E-16
  -4.488E-5
  -2.422549742e-02
  -2.422549742e-02
  -2.422549742e-02
  0.000000000e+00
  -2.422549742e-02
  0.000000000e+00
  2.301867594e-01 3.739856775e-01 6.974863472e-01
  7.719190108e-01 -3.017900052e-01 -8.236851025e-02
  -2.539319938e-01 -8.089994333e-01 5.055844925e-01
 Node:         18
  0.1341E+03  0.1191E+03  0.5192E+03 -0.2244E-04
  -4.488E-5
  -5.056E-37
  -4.488E-5
   4.573E-17
   1.84E-16
  -4.488E-5
  -2.422549742e-02
  -2.422549742e-02
  -2.422549742e-02
  0.000000000e+00
  -2.422549742e-02
  0.000000000e+00
  2.052527563e-02 7.972497166e-02 8.685391551e-01
  8.456326121e-01 -1.996021638e-01 -7.300336439e-04
  -2.893848532e-01 -6.137727975e-01 6.286147347e-02
 Node:         19
  0.1301E+03  0.1291E+03  0.4914E+03  0.0000E+00
   4.934E-16
   0.0
   4.934E-16
   3.631E-19
   1.731E-17
  -9.869E-16
  4.936000000e-16
  4.934000000e-16
  -9.871000000e-16
  1.480600010e-15
  -3.333333333e-20
  6.979615383e-16
  -2.097000000e-02 -9.997000000e-01 -1.169000000e-02
  -9.998000000e-01 2.097000000e-02 -8.123000000e-17
  2.452000000e-04 1.169000000e-02 -9.999000000e-01
 Node:         20
  0.1299E+03  0.1291E+03  0.5058E+03  0.0000E+00
   9.869E-16
   0.0
   0.0
   1.799E-17
   3.326E-17
  -2.467E-16
  9.871000000e-16
  4.400000000e-18
  -2.514000000e-16
  1.132478516e-15
  2.467000000e-16
  5.338554923e-16
  -9.999000000e-01 -4.917000000e-04 -1.459000000e-02
  2.401000000e-03 -9.914000000e-01 -1.311000000e-01
  -1.440000000e-02 -1.312000000e-01 9.913000000e-01
 Node:         21
  0.1301E+03  0.1280E+03  0.5197E+03  0.0000E+00
   4.934E-16
   0.0
   0.0
   7.196E-17
   2.549E-17
   4.934E-16
  5.660000000e-16
  4.222000000e-16
  -1.341000000e-18
  5.108528306e-16
  3.289530000e-16
  2.408183338e-16
  -7.039000000e-01 -3.195000000e-02 -7.096000000e-01
  -7.102000000e-01 4.241000000e-02 7.027000000e-01
  -7.642000000e-03 -9.986000000e-01 5.255000000e-02
 Node:         22
  0.1360E+03  0.1256E+03  0.4913E+03  0.0000E+00
  -9.869E-16
   2.399E-17
  -4.934E-16
  -2.399E-17
   1.739E-16
   4.934E-16
  5.234000000e-16
  -5.215000000e-16
  -9.888000000e-16
  1.341069376e-15
  -3.289666667e-16
  6.321861663e-16
  -1.298000000e-02 1.683000000e-01 9.857000000e-01
  5.935000000e-02 9.841000000e-01 -1.672000000e-01
  -9.982000000e-01 5.633000000e-02 -2.276000000e-02
 Node:         23
  0.1343E+03  0.1253E+03  0.5054E+03  0.0000E+00
   0.0
   3.598E-17
  -1.974E-15
   0.0
   2.271E-16
  -7.401E-16
  6.796000000e-19
  -6.997000000e-16
  -2.015000000e-15
  1.772499637e-15
  -9.046734667e-16
  8.355643418e-16
  9.998000000e-01 1.889000000e-02 5.790000000e-03
  -9.011000000e-03 1.753000000e-01 9.845000000e-01
  1.758000000e-02 -9.843000000e-01 1.754000000e-01
 Node:         24
  0.1336E+03  0.1248E+03  0.5194E+03  0.0000E+00
  -9.869E-16
   2.099E-17
   0.0
   2.399E-17
   1.499E-18
  -7.401E-16
  4.516000000e-19
  -7.379000000e-16
  -9.896000000e-16
  8.912682385e-16
  -5.756828000e-16
  4.201478769e-16
  -2.132000000e-02 -9.998000000e-01 -2.714000000e-03
  9.549000000e-02 -4.739000000e-03 9.954000000e-01
  -9.952000000e-01 2.096000000e-02 9.557000000e-02
 Node:         25
  0.1400E+03  0.1206E+03  0.4917E+03  0.0000E+00
   0.0
   4.617E-16
  -4.934E-16
  -1.439E-16
  -2.249E-16
   9.869E-16
  1.067000000e-15
  2.050000000e-16
  -7.785000000e-16
  1.599404030e-15
  1.645000000e-16
  7.539662901e-16
  -2.161000000e-01 -2.016000000e-01 9.553000000e-01
  8.390000000e-01 4.621000000e-01 2.874000000e-01
  -4.994000000e-01 8.636000000e-01 6.929000000e-02
 Node:         26
  0.1363E+03  0.1200E+03  0.5055E+03  0.0000E+00
   9.869E-16
   1.859E-16
  -2.714E-15
   4.797E-17
  -1.943E-15
  -2.467E-16
  1.006000000e-15
  8.090000000e-16
  -3.789000000e-15
  4.699597749e-15
  -6.580000000e-16
  2.215411625e-15
  9.680000000e-01 1.526000000e-01 -1.995000000e-01
  2.481000000e-01 -4.578000000e-01 8.538000000e-01
  -3.892000000e-02 8.759000000e-01 4.809000000e-01
 Node:         27
  0.1343E+03  0.1203E+03  0.5192E+03  0.0000E+00
   9.869E-16
  -3.358E-16
   9.869E-16
  -1.799E-16
   2.27E-15
   0.0
  2.890000000e-15
  9.150000000e-16
  -1.831000000e-15
  4.106639867e-15
  6.580000000e-16
  1.935888599e-15
  -1.931000000e-01 7.658000000e-01 6.135000000e-01
  9.808000000e-01 1.345000000e-01 1.409000000e-01
  2.534000000e-02 6.289000000e-01 -7.771000000e-01
 Node:         28
  0.1155E+03  0.1124E+03  0.4931E+03 -0.1326E-03
  -2.652E-4
   6.598E-17
  -2.652E-4
  -9.597E-17
   9.597E-17
  -2.652E-4
  -1.447615490e-01
  -1.447615490e-01
  -1.447615490e-01
  0.000000000e+00
  -1.447615490e-01
  0.000000000e+00
  3.355362184e-02 9.533936115e-01 1.820178774e-01
  6.863258630e-02 2.115950026e-01 -7.718112313e-01
  -8.311006182e-01 4.667666151e-02 -5.526604843e-02
 Node:         29
  0.1119E+03  0.1139E+03  0.5068E+03 -0.1326E-03
  -2.652E-4
  -3.599E-17
  -2.652E-4
   9.597E-17
   1.2E-17
  -2.652E-4
  -1.447615490e-01
  -1.447615490e-01
  -1.447615490e-01
  0.000000000e+00
  -1.447615490e-01
  0.000000000e+00
  -4.041805770e-02 8.110562597e-01 -8.158697579e-03
  -7.294423493e-01 -1.365555384e-02 -1.534412416e-01
  -1.104920659e-01 4.195337455e-03 6.401721793e-01
 Node:         30
  0.1113E+03  0.1159E+03  0.5206E+03 -0.1326E-03
  -2.652E-4
   2.159E-16
  -2.652E-4
   3.678E-36
  -4.799E-17
  -2.652E-4
  -1.447615490e-01
  -1.447615490e-01
  -1.447615490e-01
  0.000000000e+00
  -1.447615490e-01
  0.000000000e+00
  3.634087584e-01 4.467887687e-01 -4.884198351e-02
  -6.110889748e-01 5.573003606e-01 2.841839258e-02
  6.167413704e-03 -2.007305513e-02 8.158068521e-01
 Node:         31
  0.1203E+03  0.1126E+03  0.4920E+03 -0.1326E-03
  -2.652E-4
   1.68E-16
  -2.652E-4
   4.799E-17
   7.198E-17
  -2.652E-4
  -1.447615490e-01
  -1.447615490e-01
  -1.447615490e-01
  0.000000000e+00
  -1.447615490e-01
  0.000000000e+00
  -5.039102524e-01 -3.702664091e-01 -4.418635240e-01
  3.587676455e-01 6.721267388e-02 -6.109712004e-01
  2.978297785e-01 -6.054487893e-01 7.279526018e-02
 Node:         32
  0.1188E+03  0.1134E+03  0.5062E+03 -0.1326E-03
  -2.652E-4
  -2.399E-17
  -2.652E-4
  -4.799E-17
   1.68E-16
  -2.652E-4
  -1.447615490e-01
  -1.447615490e-01
  -1.447615490e-01
  0.000000000e+00
  -1.447615490e-01
  0.000000000e+00
  7.475720247e-01 -8.878351365e-03 -2.967170015e-02
  3.714452344e-02 3.843758887e-01 8.253897476e-01
  -5.063027202e-03 -8.952519320e-01 4.374059763e-01
 Node:         33
  0.1183E+03  0.1150E+03  0.5201E+03 -0.1326E-03
  -2.652E-4
   9.597E-17
  -2.652E-4
   1.44E-16
  -4.904E-36
  -2.652E-4
  -1.447615490e-01
  -1.447615490e-01
  -1.447615490e-01
  0.000000000e+00
  -1.447615490e-01
  0.000000000e+00
  6.489422978e-01 8.657731066e-02 1.968499227e-01
  -4.226100593e-02 4.571877383e-01 -2.863842865e-01
  -2.066070067e-01 2.900696033e-01 5.550431736e-01
 Node:         34
  0.1255E+03  0.1129E+03  0.4909E+03 -0.1326E-03
  -2.652E-4
  -5.721E-36
  -2.652E-4
   9.597E-17
   1.68E-16
  -2.652E-4
  -1.447615490e-01
  -1.447615490e-01
  -1.447615490e-01
  0.000000000e+00
  -1.447615490e-01
  0.000000000e+00
  2.014918083e-01 1.652029882e-01 3.055789284e-01
  3.650381762e-01 -7.307609480e-02 2.388775940e-02
  -6.469216899e-02 -2.664126739e-01 2.306511592e-01
 Node:         35
  0.1260E+03  0.1135E+03  0.5054E+03 -0.1326E-03
  -2.652E-4
   1.919E-16
  -2.652E-4
   1.919E-16
   4.319E-16
  -2.652E-4
  -1.447615490e-01
  -1.447615490e-01
  -1.447615490e-01
  0.000000000e+00
  -1.447615490e-01
  0.000000000e+00
  6.021909840e-01 4.052633179e-01 4.037065945e-01
  -4.149684699e-01 3.560349304e-01 3.637981968e-01
  1.769440514e-02 -7.153083462e-01 6.940017002e-01
 Node:         36
  0.1257E+03  0.1153E+03  0.5196E+03 -0.1326E-03
  -2.652E-4
  -9.597E-17
  -2.652E-4
  -9.597E-17
   1.44E-16
  -2.652E-4
  -1.447615490e-01
  -1.447615490e-01
  -1.447615490e-01
  0.000000000e+00
  -1.447615490e-01
  0.000000000e+00
  -4.800296754e-01 5.895498712e-01 5.470607419e-01
  4.784131376e-01 1.898421432e-01 2.252378053e-01
  9.881836470e-03 -6.259294178e-01 5.909992787e-01
 Node:         37
  0.1132E+03  0.1210E+03  0.4959E+03 -0.1326E-03
  -2.652E-4
   2.399E-16
  -2.652E-4
  -1.44E-16
   3.119E-16
  -2.652E-4
  -1.447615490e-01
  -1.447615490e-01
  -1.447615490e-01
  0.000000000e+00
  -1.447615490e-01
  0.000000000e+00
  -3.972326121e-01 -6.140168985e-01 -2.829829675e-01
  5.311648635e-01 -1.640553529e-01 -3.467197836e-01
  2.845755281e-01 -4.445308089e-01 6.237735085e-01
 Node:         38
  0.1111E+03  0.1204E+03  0.5085E+03 -0.1326E-03
  -2.652E-4
   1.68E-16
  -2.652E-4
  -4.799E-17
  -1.44E-16
  -2.652E-4
  -1.447615490e-01
  -1.447615490e-01
  -1.447615490e-01
  0.000000000e+00
  -1.447615490e-01
  0.000000000e+00
  1.664113859e-01 8.097215868e-01 -1.159161463e-01
  8.124550232e-01 -1.710500258e-01 -2.151802679e-02
  6.060886141e-02 1.266915507e-01 9.856169500e-01
 Node:         39
  0.1119E+03  0.1201E+03  0.5207E+03 -0.1326E-03
  -2.652E-4
  -1.68E-16
  -2.652E-4
  -1.44E-16
  -1.32E-16
  -2.652E-4
  -1.447615490e-01
  -1.447615490e-01
  -1.447615490e-01
  0.000000000e+00
  -1.447615490e-01
  0.000000000e+00
  7.750638331e-01 -5.366525914e-02 -3.023981968e-01
  3.461511592e-01 -2.155072128e-01 9.097540443e-01
  -1.132758217e-01 -8.097874292e-01 -1.523875322e-01
 Node:         40
  0.1191E+03  0.1220E+03  0.4937E+03 -0.1326E-03
  -2.652E-4
   1.44E-16
  -2.652E-4
   1.44E-16
  -2.399E-17
  -2.652E-4
  -1.447615490e-01
  -1.447615490e-01
  -1.447615490e-01
  0.000000000e+00
  -1.447615490e-01
  0.000000000e+00
  5.560886141e-02 4.567738279e-03 5.994538897e-03
  3.975730717e-03 2.479824833e-02 -5.341509531e-02
  -3.812689335e-02 1.678456466e-01 1.386906749e-01
 Node:         41
  0.1182E+03  0.1217E+03  0.5073E+03 -0.1326E-03
  -2.652E-4
  -4.799E-17
  -2.652E-4
   9.597E-17
   1.68E-16
  -2.652E-4
  -1.447615490e-01
  -1.447615490e-01
  -1.447615490e-01
  0.000000000e+00
  -1.447615490e-01
  0.000000000e+00
  -1.072660999e-01 -1.207255435e-01 -8.107054096e-01
  -5.335526533e-01 1.767082947e-01 7.069866048e-02
  1.943963421e-01 9.520951056e-01 -1.803147244e-01
 Node:         42
  0.1187E+03  0.1212E+03  0.5204E+03 -0.1326E-03
  -2.652E-4
  -9.597E-17
  -2.652E-4
   3.269E-36
   9.597E-17
  -2.652E-4
  -1.447615490e-01
  -1.447615490e-01
  -1.447615490e-01
  0.000000000e+00
  -1.447615490e-01
  0.000000000e+00
  -1.604958269e-02 6.280616177e-02 8.525144256e-01
  -5.484408037e-01 1.241466770e-01 -2.501182895e-02
  -1.259827409e-01 -8.162956723e-01 9.258691911e-02
 Node:         43
  0.1258E+03  0.1217E+03  0.4915E+03 -0.1326E-03
  -2.652E-4
   1.919E-16
  -2.652E-4
  -2.399E-17
   1.635E-36
  -2.652E-4
  -1.447615490e-01
  -1.447615490e-01
  -1.447615490e-01
  0.000000000e+00
  -1.447615490e-01
  0.000000000e+00
  7.733737764e-01 1.531195260e-01 -3.833846471e-02
  -3.570507470e-01 7.089666667e-01 -2.835874807e-02
  1.748500773e-02 -5.100314426e-02 9.917088099e-01
 Node:         44
  0.1259E+03  0.1220E+03  0.5059E+03 -0.1326E-03
  -2.652E-4
   2.399E-16
  -2.652E-4
   1.68E-16
   1.919E-16
  -2.652E-4
  -1.447615490e-01
  -1.447615490e-01
  -1.447615490e-01
  0.000000000e+00
  -1.447615490e-01
  0.000000000e+00
  -2.235916538e-01 -2.102127769e-01 -4.755177228e-01
  -5.875775374e-01 -4.953820196e-01 4.927073673e-01
  4.955066461e-01 -5.580555899e-01 3.286755796e-02
 Node:         45
  0.1261E+03  0.1221E+03  0.5198E+03 -0.1326E-03
  -2.652E-4
  -1.44E-16
  -2.652E-4
   4.799E-17
  -1.2E-17
  -2.652E-4
  -1.447615490e-01
  -1.447615490e-01
  -1.447615490e-01
  0.000000000e+00
  -1.447615490e-01
  0.000000000e+00
  7.184427615e-02 -2.936406491e-02 9.960055641e-01
  -8.233040185e-01 1.223276146e-01 6.477456981e-02
  -1.246733642e-01 -8.247492530e-01 -1.771285935e-02
 Node:         46
  0.1117E+03  0.1296E+03  0.4959E+03  0.0000E+00
  -2.467E-16
   4.797E-17
  -7.401E-16
   1.199E-17
  -4.497E-17
   0.0
  3.057000000e-18
  -2.423000000e-16
  -7.476000000e-16
  6.629532710e-16
  -3.289476667e-16
  3.125191690e-16
  3.676000000e-02 -5.800000000e-02 9.976000000e-01
  9.946000000e-01 9.864000000e-02 -3.092000000e-02
  -9.662000000e-02 9.934000000e-01 6.131000000e-02
 Node:         47
  0.1107E+03  0.1269E+03  0.5087E+03  0.0000E+00
  -7.401E-16
  -5.397E-17
   4.934E-16
  -4.797E-17
   6.896E-17
   0.0
  5.058000000e-16
  -7.273000000e-18
  -7.452000000e-16
  1.089215580e-15
  -8.222433333e-17
  5.134611487e-16
  -4.821000000e-02 9.891000000e-01 1.394000000e-01
  -5.424000000e-02 -1.420000000e-01 9.884000000e-01
  -9.974000000e-01 -4.009000000e-02 -6.049000000e-02
 Node:         48
  0.1125E+03  0.1242E+03  0.5208E+03  0.0000E+00
   4.934E-16
   5.997E-18
   4.934E-16
   0.0
  -2.998E-18
   4.934E-16
  5.001000000e-16
  4.934000000e-16
  4.867000000e-16
  1.160474041e-17
  4.934000000e-16
  5.470527092e-18
  -6.325000000e-01 -7.071000000e-01 3.162000000e-01
  4.472000000e-01 -2.276000000e-15 8.944000000e-01
  6.325000000e-01 -7.071000000e-01 -3.162000000e-01
 Node:         49
  0.1186E+03  0.1311E+03  0.4938E+03  0.0000E+00
  -7.401E-16
  -3.598E-17
   0.0
  -7.196E-17
  -1.049E-17
  -2.467E-16
  1.947000000e-18
  -2.366000000e-16
  -7.523000000e-16
  6.677348644e-16
  -3.289843333e-16
  3.147732338e-16
  4.561000000e-02 -9.985000000e-01 2.894000000e-02
  -1.430000000e-01 2.215000000e-02 9.895000000e-01
  -9.887000000e-01 -4.926000000e-02 -1.418000000e-01
 Node:         50
  0.1180E+03  0.1298E+03  0.5075E+03  0.0000E+00
   0.0
  -2.249E-17
   1.48E-15
  -7.196E-17
   2.155E-17
   9.869E-16
  1.482000000e-15
  9.910000000e-16
  -5.513000000e-18
  1.312785985e-15
  8.224956667e-16
  6.188532481e-16
  1.739000000e-02 -9.988000000e-01 -4.603000000e-02
  -7.128000000e-02 -4.716000000e-02 9.963000000e-01
  9.973000000e-01 1.405000000e-02 7.201000000e-02
 Node:         51
  0.1192E+03  0.1275E+03  0.5206E+03  0.0000E+00
   0.0
  -5.997E-18
  -2.467E-16
   0.0
   2.549E-17
   4.934E-16
  4.943000000e-16
  1.449000000e-19
  -2.477000000e-16
  6.542860068e-16
  8.224830000e-17
  3.084333815e-16
  -4.170000000e-04 3.438000000e-02 9.994000000e-01
  9.997000000e-01 -2.416000000e-02 1.248000000e-03
  2.418000000e-02 9.991000000e-01 -3.436000000e-02
 Node:         52
  0.1262E+03  0.1305E+03  0.4920E+03  0.0000E+00
   4.934E-16
  -2.399E-17
   4.934E-16
   2.249E-18
   8.48E-18
   0.0
  5.175000000e-16
  4.696000000e-16
  -1.600000000e-19
  4.954496661e-16
  3.289800000e-16
  2.335572124e-16
  -7.061000000e-01 7.080000000e-01 8.534000000e-03
  7.081000000e-01 7.060000000e-01 1.614000000e-02
  -5.403000000e-03 -1.744000000e-02 9.998000000e-01
 Node:         53
  0.1258E+03  0.1304E+03  0.5063E+03  0.0000E+00
  -7.401E-16
  -2.998E-18
  -4.934E-16
   4.797E-17
   5.847E-17
  -9.869E-16
  -4.866000000e-16
  -7.314000000e-16
  -1.002000000e-15
  4.465358664e-16
  -7.400000000e-16
  2.104990261e-16
  1.040000000e-02 9.931000000e-01 1.171000000e-01
  -9.836000000e-01 3.123000000e-02 -1.776000000e-01
  -1.800000000e-01 -1.133000000e-01 9.771000000e-01
 Node:         54
  0.1265E+03  0.1288E+03  0.5200E+03  0.0000E+00
  -9.869E-16
   3.598E-17
   4.934E-16
   0.0
  -7.496E-18
   4.934E-16
  5.014000000e-16
  4.864000000e-16
  -9.877000000e-16
  1.481656947e-15
  3.333333333e-20
  6.984597833e-16
  1.758000000e-02 7.272000000e-01 -6.862000000e-01
  1.675000000e-02 6.860000000e-01 7.274000000e-01
  -9.997000000e-01 2.428000000e-02 1.229000000e-04
 Node:         55
  0.1382E+03  0.1167E+03  0.4531E+03  0.2360E-02
   0.01027
  -0.005763
   0.006103
  -7.747E-4
   0.008622
   0.003922
  2.116061309e-02
  1.089089078e-02
  -7.306809892e-03
  2.561244275e-02
  8.248231324e-03
  1.207382130e-02
  -4.868299330e-01 5.391884596e-01 3.629642452e-01
  6.588585781e-01 2.463382638e-01 4.713725914e-01
  -1.208964451e-02 -1.088858836e-01 1.174877898e-01
 Node:         56
  0.1314E+03  0.1156E+03  0.4685E+03  0.2360E-02
   0.01058
  -0.004063
   0.005593
  -4.666E-4
   0.003094
   0.004056
  2.835117208e-02
  1.205104070e-03
  -6.511158269e-03
  3.208710110e-02
  7.681705959e-03
  1.512600452e-02
  -7.872005667e-01 1.931417816e-01 -6.957381247e-02
  1.522728697e-01 -5.155316332e-01 4.827948429e-01
  -1.351672334e-01 6.098234415e-02 5.954520041e-01
 Node:         57
  0.1285E+03  0.1140E+03  0.4823E+03  0.2360E-02
   0.01108
  -4.477E-4
   0.004838
  -5.117E-5
   6.617E-5
   0.004666
  1.982579083e-02
  4.680216641e-03
  -1.221706543e-03
  1.881914888e-02
  7.761433642e-03
  8.871431862e-03
  -8.874972179e-01 9.686908810e-02 6.592977702e-02
  1.565032975e-01 -3.155976301e-01 7.372265327e-01
  -7.756657908e-02 3.371507986e-01 4.811177960e-01
 Node:         58
  0.1480E+03  0.1174E+03  0.4537E+03  0.2360E-02
   0.01016
  -0.009153
   0.007272
  -0.001575
   0.006261
   0.001981
  2.825456981e-02
  4.220116126e-03
  -7.651455023e-03
  3.174928166e-02
  8.274410304e-03
  1.496675490e-02
  -6.861052035e-01 6.680605358e-01 2.871587326e-01
  2.325111283e-01 1.790705307e-01 9.523029366e-02
  -3.981167439e-01 -6.683608449e-01 5.920131376e-01
 Node:         59
  0.1416E+03  0.1164E+03  0.4695E+03  0.2360E-02
   0.01116
  -0.01096
   0.006723
  -0.00595
   0.006979
   0.003722
  3.482308089e-02
  -5.419034003e-04
  -9.043062854e-03
  4.085212188e-02
  8.412704877e-03
  1.925787494e-02
  -7.370735188e-01 5.655047398e-01 1.648296095e-01
  3.651119526e-01 5.956540443e-01 3.019771767e-01
  1.295658423e-01 1.537864606e-01 -3.120994333e-01
 Node:         60
  0.1375E+03  0.1150E+03  0.4832E+03  0.2360E-02
   0.01143
  -0.003916
   0.005236
  -0.002481
   0.002057
   0.004796
  2.418321484e-02
  1.795539001e-03
  -1.478006698e-03
  2.422556739e-02
  8.166915714e-03
  1.142004198e-02
  -8.447590933e-01 2.863774446e-01 1.134310922e-01
  5.083626996e-02 2.730188563e-01 -2.175573416e-02
  3.879175683e-02 1.368273385e-01 6.885319423e-01
 Node:         61
  0.1550E+03  0.1214E+03  0.4543E+03  0.2360E-02
   0.01173
  -0.00823
   0.005222
  -0.001616
   7.136E-4
   0.001868
  4.246824317e-02
  1.985117980e-04
  -1.796820379e-02
  5.362074381e-02
  8.232850393e-03
  2.527706104e-02
  -6.802672334e-01 5.735836167e-01 3.823659969e-02
  6.985818547e-01 4.813224111e-01 1.629520866e-02
  4.410751674e-02 5.507223081e-01 3.523274601e-02
 Node:         62
  0.1490E+03  0.1199E+03  0.4703E+03  0.2360E-02
   0.01295
  -0.01881
   0.006256
  -0.008012
   0.006359
   0.004037
  4.358811437e-02
  -2.870055641e-04
  -1.724082689e-02
  5.431462981e-02
  8.686760639e-03
  2.560416204e-02
  -7.501879444e-01 5.832858836e-01 2.800873261e-01
  -1.161072643e-01 -3.678854740e-01 1.777815559e-02
  1.074438434e-01 -1.327964967e-02 3.466156388e-01
 Node:         63
  0.1436E+03  0.1181E+03  0.4839E+03  0.2360E-02
   0.01176
  -0.007672
   0.005743
  -0.002335
   0.003632
   0.004791
  2.851295724e-02
  1.561640804e-03
  -3.927314116e-03
  3.010695870e-02
  8.715761309e-03
  1.419255644e-02
  -8.061086038e-01 4.465520866e-01 1.445879382e-01
  3.224793405e-01 3.638228413e-01 -6.132921175e-03
  -1.980260433e-01 -5.884569809e-02 4.456974240e-01
 Node:         64
  0.1412E+03  0.1253E+03  0.4529E+03  0.2360E-02
   0.009124
  -0.002886
   0.007083
  -0.002452
   0.001976
   0.003496
  2.500044822e-02
  6.398311695e-03
  -7.759840134e-03
  2.858347560e-02
  7.879639928e-03
  1.347437962e-02
  1.846127769e-01 4.668561051e-01 -1.138205652e-01
  -6.902575116e-02 3.303393045e-01 7.764727151e-01
  5.125073158e-01 6.038134982e-02 3.161751190e-01
 Node:         65
  0.1340E+03  0.1229E+03  0.4685E+03  0.2360E-02
   0.01063
  -0.007342
   0.006519
  -0.002888
   0.001432
   0.003938
  2.589744204e-02
  5.054321741e-03
  -6.435674189e-03
  2.834727229e-02
  8.172029864e-03
  1.336303231e-02
  -8.458579598e-01 1.631102267e-01 1.289782329e-01
  1.382868501e-01 -3.253718187e-01 2.542430046e-01
  2.263732406e-01 5.487691911e-01 -3.003035549e-01
 Node:         66
  0.1299E+03  0.1214E+03  0.4825E+03  0.2360E-02
   0.01136
  -0.002508
   0.00514
  -6.23E-4
   5.105E-4
   0.004665
  1.973887738e-02
  4.163549974e-03
  5.364824833e-04
  1.764762709e-02
  8.146303280e-03
  8.319171191e-03
  -8.943003606e-01 2.492277032e-01 8.590649665e-02
  1.148334879e-01 -3.317425605e-01 6.793408037e-01
  2.108958218e-01 6.531700670e-01 4.130621741e-01
 Node:         67
  0.1497E+03  0.1241E+03  0.4536E+03  0.2360E-02
   0.009578
  -0.006969
   0.006824
  -0.00211
   0.002001
   0.002203
  2.281591963e-02
  9.427634724e-04
  -1.335603606e-03
  2.314143214e-02
  7.474359832e-03
  1.090897573e-02
  -7.555794951e-01 5.883926842e-01 2.284517517e-01
  -2.648321278e-01 -4.014844565e-01 -1.022570840e-01
  -6.102153529e-02 -1.713417311e-01 5.333563421e-01
 Node:         68
  0.1431E+03  0.1222E+03  0.4694E+03  0.2360E-02
   0.01168
  -0.01378
   0.006752
  -0.007353
   0.003924
   0.003372
  3.371420144e-02
  1.053982586e-03
  -9.717682123e-03
  3.914652534e-02
  8.350167302e-03
  1.845384902e-02
  -7.602968058e-01 5.804822257e-01 2.719672334e-01
  1.384730841e-01 -2.192804977e-01 8.974229263e-01
  6.120574446e-01 7.079794436e-01 7.482284338e-02
 Node:         69
  0.1379E+03  0.1205E+03  0.4831E+03  0.2360E-02
   0.01173
  -0.005101
   0.005334
  -0.002784
   0.001988
   0.00471
  2.307342349e-02
  2.138134673e-03
  9.817753735e-06
  2.209409291e-02
  8.407125307e-03
  1.041525528e-02
  -8.547233900e-01 3.828698094e-01 1.891068315e-01
  1.503930397e-01 1.335322926e-01 7.705372488e-01
  1.780464194e-01 -8.723323029e-02 4.896268264e-01
 Node:         70
  0.1553E+03  0.1235E+03  0.4542E+03  0.2360E-02
   0.01027
  -0.008825
   0.005346
  -0.007035
   0.005147
   0.002356
  3.203266873e-02
  -3.039662597e-03
  -5.816235961e-03
  3.655022439e-02
  7.725590057e-03
  1.722994101e-02
  -7.202550747e-01 5.228191139e-01 4.320293663e-01
  4.810930448e-01 4.245268934e-01 1.882032457e-01
  -1.587542040e-01 -4.849423493e-01 1.298591448e-01
 Node:         71
  0.1492E+03  0.1218E+03  0.4702E+03  0.2360E-02
   0.01285
  -0.01504
   0.006076
  -0.0158
   0.008415
   0.003933
  4.769439464e-02
  -2.212461381e-03
  -1.866565327e-02
  5.961616476e-02
  8.938759997e-03
  2.810332958e-02
  -7.218411128e-01 5.164248326e-01 4.533302937e-01
  -2.776097651e-01 -3.966552756e-01 -1.238244719e-01
  7.701071613e-02 -2.953102009e-01 4.533267697e-01
 Node:         72
  0.1435E+03  0.1199E+03  0.4838E+03  0.2360E-02
   0.0122
  -0.006382
   0.005237
  -0.005565
   0.003014
   0.00486
  2.697255796e-02
  2.168758733e-03
  -3.214359093e-03
  2.786816084e-02
  8.642319200e-03
  1.313717701e-02
  -8.243244719e-01 4.212634724e-01 2.990432251e-01
  8.439103555e-02 -1.964334415e-01 7.665358063e-01
  1.608602267e-01 -2.856394642e-01 5.544263266e-01
 Node:         73
  0.1442E+03  0.1339E+03  0.4528E+03  0.0000E+00
   0.007989
  -0.001479
  -0.001883
  -0.001058
   6.167E-4
   9.504E-4
  1.801930603e-02
  2.227295981e-03
  -6.188719217e-03
  2.134368400e-02
  4.685960931e-03
  1.006150913e-02
  -7.973395157e-01 1.736483771e-01 2.583943740e-02
  3.293652710e-01 4.217477743e-01 -1.275035549e-01
  1.991217208e-01 1.734433282e-01 4.356438228e-01
 Node:         74
  0.1365E+03  0.1303E+03  0.4685E+03  0.0000E+00
   0.009449
   0.003973
  -6.267E-4
   0.001569
   8.685E-4
   0.001061
  2.676091345e-02
  3.114677202e-03
  -1.174490263e-02
  3.343722174e-02
  6.043562674e-03
  1.576245749e-02
  -8.647129315e-01 -9.322144256e-02 -1.849664709e-01
  -2.295718496e-01 -8.634541989e-02 6.465477074e-01
  -1.245765121e-01 8.256766100e-01 1.723147759e-01
 Node:         75
  0.1313E+03  0.1288E+03  0.4826E+03  0.0000E+00
   0.007666
   0.001623
  -1.022E-5
   7.951E-5
   4.025E-5
   1.058E-4
  1.747457548e-02
  6.179125622e-04
  -3.506159505e-03
  1.925968130e-02
  4.862109511e-03
  9.079100832e-03
  -9.187509016e-01 -1.451127872e-01 -2.614741937e-02
  -7.446910098e-02 -3.481956826e-01 8.136665636e-01
  -1.363507986e-01 8.072358063e-01 3.396041731e-01
 Node:         76
  0.1515E+03  0.1308E+03  0.4535E+03  0.0000E+00
   0.007726
  -0.00297
  -0.002254
  -0.002209
   0.002413
   0.001076
  1.772244977e-02
  4.704680577e-03
  -8.387665636e-03
  2.305268034e-02
  4.679821570e-03
  1.086713773e-02
  -3.383648635e-01 5.953499227e-02 2.123101494e-01
  2.344819552e-01 1.690081401e-02 6.753656363e-01
  5.828459557e-02 -1.465573931e-01 2.126149098e-01
 Node:         77
  0.1445E+03  0.1280E+03  0.4693E+03  0.0000E+00
   0.0103
   0.005118
  -8.203E-4
   0.001026
   0.002737
   7.817E-4
  2.488917568e-02
  2.331753648e-03
  -8.998472952e-03
  2.990804263e-02
  6.074152126e-03
  1.409878650e-02
  -8.988292633e-01 -1.716586656e-01 -1.916755075e-02
  3.163368573e-02 2.434026790e-01 8.677356517e-01
  -2.774502643e-01 2.811030397e-02 2.404392839e-01
 Node:         78
  0.1384E+03  0.1261E+03  0.4830E+03  0.0000E+00
   0.008062
   0.003147
   1.585E-5
   3.836E-4
   3.578E-4
   6.791E-5
  1.831945389e-02
  -1.360578465e-04
  -2.947821381e-03
  2.014750165e-02
  5.078524888e-03
  9.497623362e-03
  -9.155144256e-01 -2.380017115e-01 -3.430000464e-02
  -3.372637816e-02 -3.242547192e-01 7.072930963e-01
  -2.148104122e-01 7.808621329e-01 3.644238655e-01
 Node:         79
  0.1555E+03  0.1256E+03  0.4542E+03  0.0000E+00
   0.007293
   0.002732
  -0.002436
  -0.003689
   6.669E-4
  -0.003028
  3.353636476e-02
  -6.370536321e-03
  -1.491731324e-02
  4.484414554e-02
  4.082838399e-03
  2.113973294e-02
  -3.756760948e-01 -3.090247707e-01 -1.599209310e-01
  1.171620711e-01 -2.446057702e-01 5.978402885e-02
  3.093586811e-01 6.914255538e-02 2.451117465e-01
 Node:         80
  0.1493E+03  0.1237E+03  0.4702E+03  0.0000E+00
   0.01093
   0.005872
  -0.00157
   0.003647
   0.001242
  -0.002102
  2.691831736e-02
  -3.620131891e-03
  -9.098935600e-03
  3.358119416e-02
  4.733083290e-03
  1.583032674e-02
  -8.784296754e-01 -3.440155075e-01 -2.058475528e-01
  -2.030075528e-01 1.885586502e-01 2.480965482e-01
  -4.109257084e-02 -1.647349304e-01 3.628304379e-01
 Node:         81
  0.1433E+03  0.1217E+03  0.4837E+03  0.0000E+00
   0.008333
   0.003231
  -1.357E-4
   0.00308
   9.179E-4
  -1.34E-4
  2.026378207e-02
  -1.180083359e-03
  -4.105199897e-03
  2.307894506e-02
  4.992832938e-03
  1.087951904e-02
  -8.949725914e-01 -2.393614632e-01 -1.829588717e-01
  -1.968537731e-02 7.864399794e-02 1.328283308e-01
  -2.371598101e-01 2.465128181e-01 7.948765070e-01
 Node:         82
  0.1267E+03  0.1148E+03  0.4561E+03  0.1566E-02
   0.009876
  -0.004879
   0.003265
  -7.56E-4
   0.002074
   0.002881
  1.262391473e-02
  3.170566718e-03
  -1.393714323e-02
  2.381383460e-02
  6.191127426e-04
  1.122594929e-02
  4.385028336e-02 3.015858485e-01 1.980121175e-01
  9.501475013e-02 -4.170135703e-01 2.225286965e-01
  3.009176713e-01 5.577466770e-01 -1.137179289e-01
 Node:         83
  0.1234E+03  0.1129E+03  0.4718E+03  0.1566E-02
   0.009198
  -0.002818
   0.003104
   0.001342
   0.001345
   0.002843
  2.219839516e-02
  -4.761520866e-03
  -1.752375322e-02
  3.519009959e-02
  -2.895964280e-05
  1.658877203e-02
  1.147752190e-01 2.776103313e-01 4.968347759e-01
  -5.808768161e-02 1.015099948e-01 3.316154560e-01
  6.437650696e-02 2.027165379e-01 5.932393096e-01
 Node:         84
  0.1187E+03  0.1123E+03  0.4849E+03  0.1566E-02
   0.009472
  -1.549E-4
   0.003123
   7.953E-4
  -3.114E-5
   0.002919
  1.128941370e-02
  -3.965944359e-03
  -6.882645544e-03
  1.691882417e-02
  1.469412674e-04
  7.975610200e-03
  1.320111283e-01 7.169307676e-02 3.441781144e-01
  3.339666048e-02 2.635176198e-01 1.619418856e-01
  3.501811437e-02 1.659533282e-01 7.292887687e-01
 Node:         85
  0.1302E+03  0.1161E+03  0.4549E+03  0.1566E-02
   0.009826
  -0.005328
   0.003379
  -5.13E-4
   0.003028
   0.002815
  1.546678065e-02
  4.511758114e-03
  -1.706245492e-02
  2.948727515e-02
  9.720279495e-04
  1.390043481e-02
  8.291942298e-02 4.156944359e-01 2.982578310e-01
  -3.616189840e-01 1.723637816e-01 6.631195260e-01
  1.570145801e-01 -4.614327666e-02 4.772359093e-01
 Node:         86
  0.1252E+03  0.1138E+03  0.4702E+03  0.1566E-02
   0.008608
  -0.001131
   0.004844
   0.001479
   0.00498
   0.002862
  4.754168985e-02
  -6.120711489e-03
  -3.133454384e-02
  7.018833272e-02
  3.362144839e-03
  3.308709735e-02
  1.212507470e-01 3.874138588e-01 6.128832045e-01
  -3.301918599e-01 1.234857805e-01 1.440034732e-01
  -1.290777950e-03 -2.274209686e-02 7.802370428e-01
 Node:         87
  0.1217E+03  0.1126E+03  0.4833E+03  0.1566E-02
   0.009459
  -1.673E-4
   0.003152
   7.309E-4
  -1.546E-4
   0.00298
  1.268138691e-02
  -3.780296239e-03
  -8.503885111e-03
  1.927076440e-02
  1.324018547e-04
  9.084325459e-03
  1.341208140e-01 4.681166461e-02 4.153428336e-01
  -3.952045337e-03 5.924549201e-02 -1.434713879e-01
  3.938220505e-02 1.074357805e-01 9.036392066e-01
 Node:         88
  0.1338E+03  0.1169E+03  0.4532E+03  0.1566E-02
   0.008924
  -0.006458
   0.003533
  -5.275E-4
   0.006214
   0.003529
  1.632344436e-02
  4.378204719e-03
  -1.825325554e-02
  3.175349487e-02
  8.161311798e-04
  1.496874103e-02
  -3.872491242e-01 6.262989696e-01 4.705688820e-01
  -3.922150438e-02 -2.848297527e-02 2.041288820e-01
  1.026773313e-01 4.385667182e-02 1.389543380e-01
 Node:         89
  0.1270E+03  0.1150E+03  0.4685E+03  0.1566E-02
   0.009077
  -0.00302
   0.003359
   2.135E-4
   0.001874
   0.00305
  2.244009016e-02
  -6.594681092e-03
  -1.701045440e-02
  3.549507563e-02
  -3.883484458e-04
  1.673253912e-02
  9.780839773e-02 3.592956002e-01 4.929263163e-01
  -1.613596662e-01 2.951937661e-01 3.753579598e-01
  -1.125553838e-03 1.670999227e-01 7.153512107e-01
 Node:         90
  0.1248E+03  0.1132E+03  0.4822E+03  0.1566E-02
   0.009451
   6.539E-5
   0.003136
   2.347E-4
  -1.358E-4
   0.003101
  1.172255255e-02
  -3.067999588e-03
  -8.376234930e-03
  1.806249553e-02
  9.277267731e-05
  8.514742047e-03
  1.520450799e-01 3.100978928e-01 2.583557548e-01
  1.066462625e-01 3.565587841e-01 -1.517934055e-02
  -3.568650180e-02 3.835691911e-01 5.327789284e-01
 Node:         91
  0.1258E+03  0.1261E+03  0.4549E+03  0.1566E-02
   0.007694
  -0.004175
   0.005044
  -0.003449
   0.004189
   0.002748
  2.750709171e-02
  -2.153974240e-04
  -2.220893073e-02
  4.270444645e-02
  1.694254518e-03
  2.013106912e-02
  -7.550950026e-01 -4.393348789e-02 -5.138536837e-02
  3.139136955e-01 -3.521191963e-01 6.289879083e-02
  4.825228748e-01 -9.006558475e-02 4.777044307e-01
 Node:         92
  0.1209E+03  0.1233E+03  0.4726E+03  0.1566E-02
   0.00908
  -0.004507
   0.003637
  -0.00333
   0.00281
   0.00333
  1.891883874e-02
  3.929776404e-04
  -1.652496765e-02
  3.083061341e-02
  9.289495793e-04
  1.453369054e-02
  4.002905719e-02 4.622800721e-01 4.197516280e-01
  -2.880842669e-01 3.651349820e-02 6.468617208e-01
  2.831425348e-01 2.005255023e-02 4.838298300e-01
 Node:         93
  0.1159E+03  0.1217E+03  0.4877E+03  0.1566E-02
   0.009623
  -2.28E-4
   0.00313
  -0.001256
  -7.504E-5
   0.00325
  1.182754616e-02
  -1.779021020e-03
  -8.426159196e-03
  1.783545342e-02
  5.407886485e-04
  8.407713371e-03
  2.362386399e-01 -8.868220711e-02 3.554186656e-01
  -1.133196136e-01 -8.240834621e-02 -5.242616177e-01
  -1.280135098e-01 1.856648120e-01 -7.470369912e-01
 Node:         94
  0.1313E+03  0.1263E+03  0.4540E+03  0.1566E-02
   0.007246
  -0.004281
   0.005327
  -0.004124
   0.003061
   0.002839
  2.405658887e-02
  4.580392324e-03
  -2.261587707e-02
  4.113301732e-02
  2.007034707e-03
  1.939029032e-02
  2.804945904e-03 5.870855023e-01 1.095485935e-01
  -2.765887378e-01 5.081591963e-02 7.461344874e-01
  4.850738279e-01 4.888835652e-02 3.572700670e-01
 Node:         95
