 Group name: predicted_stress_L6A5
 #Fields=  16
 1) coordinates, coordinate, rectangular cartesian, #Components=3
   x.  Value index= 1, #Derivatives=0
   y.  Value index= 2, #Derivatives=0
   z.  Value index= 3, #Derivatives=0
 2) Tensor_1, field, rectangular cartesian, #Components=1
   Tensor_1.  Value index= 4, #Derivatives=0
 3) Tensor_2, field, rectangular cartesian, #Components=1
   Tensor_2.  Value index= 5, #Derivatives=0
 4) Tensor_3, field, rectangular cartesian, #Components=1
   Tensor_3.  Value index= 6, #Derivatives=0
 5) Tensor_4, field, rectangular cartesian, #Components=1
   Tensor_4.  Value index= 7, #Derivatives=0
 6) Tensor_5, field, rectangular cartesian, #Components=1
   Tensor_5.  Value index= 8, #Derivatives=0
 7) Tensor_6, field, rectangular cartesian, #Components=1
   Tensor_6.  Value index= 9, #Derivatives=0
 8) Principal_1, field, rectangular cartesian, #Components=1
   Principal_1.  Value index= 10, #Derivatives=0
 9) Principal_2, field, rectangular cartesian, #Components=1
   Principal_2.  Value index= 11, #Derivatives=0
 10) Principal_3, field, rectangular cartesian, #Components=1
   Principal_3.  Value index= 12, #Derivatives=0
 11) VonMises, field, rectangular cartesian, #Components=1
   VonMises.  Value index= 13, #Derivatives=0
 12) Hydrostatic, field, rectangular cartesian, #Components=1
   VonMises.  Value index= 14, #Derivatives=0
 13) Octahedral, field, rectangular cartesian, #Components=1
   VonMises.  Value index= 15, #Derivatives=0
 14) PrincipalVector1, field, rectangular cartesian, #Components=3
   x.  Value index= 16, #Derivatives=0
   y.  Value index= 17, #Derivatives=0
   z.  Value index= 18, #Derivatives=0
 15) PrincipalVector2, field, rectangular cartesian, #Components=3
   x.  Value index= 19, #Derivatives=0
   y.  Value index= 20, #Derivatives=0
   z.  Value index= 21, #Derivatives=0
 16) PrincipalVector3, field, rectangular cartesian, #Components=3
   x.  Value index= 22, #Derivatives=0
   y.  Value index= 23, #Derivatives=0
   z.  Value index= 24, #Derivatives=0
 Node:          1
  0.1287E+03  0.1133E+03  0.4908E+03 -0.1602E-05
  -3.204E-6
  -1.439E-16
  -3.204E-6
  -4.797E-17
  -7.196E-17
  -3.204E-6
  -1.519965275e-02
  -1.519965275e-02
  -1.519965275e-02
  0.000000000e+00
  -1.519965275e-02
  0.000000000e+00
  1.055633908e+00 -2.772120690e-01 -3.126126437e-02
  2.435367816e-01 9.499856322e-01 -1.871344828e-01
  7.414275862e-02 1.741264368e-01 9.803833333e-01
 Node:          2
  0.1292E+03  0.1137E+03  0.5052E+03 -0.1602E-05
  -3.204E-6
  -1.919E-16
  -3.204E-6
  -9.595E-17
   3.358E-16
  -3.204E-6
  -1.519965275e-02
  -1.519965275e-02
  -1.519965275e-02
  0.000000000e+00
  -1.519965275e-02
  0.000000000e+00
  8.209367816e-01 -3.710517241e-01 -1.852385057e-01
  3.736091954e-01 6.603982759e-01 3.310063218e-01
  -8.768362069e-04 -4.552201149e-01 8.902896552e-01
 Node:          3
  0.1289E+03  0.1155E+03  0.5194E+03 -0.1602E-05
  -3.204E-6
   2.399E-16
  -3.204E-6
   1.919E-16
   9.595E-17
  -3.204E-6
  -1.519965275e-02
  -1.519965275e-02
  -1.519965275e-02
  0.000000000e+00
  -1.519965275e-02
  0.000000000e+00
  -4.050074713e-01 -8.750793103e-01 -2.637155172e-01
  4.915385057e-01 -4.520896552e-01 7.441022989e-01
  7.705775862e-01 -1.719632184e-01 -6.131143678e-01
 Node:          4
  0.1361E+03  0.1141E+03  0.4915E+03 -0.1602E-05
  -3.204E-6
  -4.797E-17
  -3.204E-6
  -4.797E-17
  -1.439E-16
  -3.204E-6
  -1.519965275e-02
  -1.519965275e-02
  -1.519965275e-02
  0.000000000e+00
  -1.519965275e-02
  0.000000000e+00
  -4.082155172e-02 -9.059201149e-02 9.949413793e-01
  -1.085743678e+00 1.094451724e-01 -3.452310345e-02
  -1.056521839e-01 -1.081623563e+00 -1.033031034e-01
 Node:          5
  0.1341E+03  0.1144E+03  0.5054E+03 -0.1602E-05
  -3.204E-6
   2.399E-16
  -3.204E-6
   9.595E-17
  -1.199E-16
  -3.204E-6
  -1.519965275e-02
  -1.519965275e-02
  -1.519965275e-02
  0.000000000e+00
  -1.519965275e-02
  0.000000000e+00
  9.994614943e-02 -1.775954023e-01 9.789655172e-01
  7.155908046e-01 6.962931034e-01 5.327931034e-02
  -6.911925287e-01 6.952781609e-01 1.967982759e-01
 Node:          6
  0.1323E+03  0.1162E+03  0.5191E+03 -0.1602E-05
  -3.204E-6
   9.595E-17
  -3.204E-6
  -9.595E-17
  -4.797E-17
  -3.204E-6
  -1.519965275e-02
  -1.519965275e-02
  -1.519965275e-02
  0.000000000e+00
  -1.519965275e-02
  0.000000000e+00
  -7.118281609e-01 -6.962097701e-01 9.073166667e-02
  6.336706897e-01 -6.656781609e-01 -3.813787356e-02
  8.620919540e-02 4.115678161e-02 9.952241379e-01
 Node:          7
  0.1408E+03  0.1171E+03  0.4920E+03 -0.1602E-05
  -3.204E-6
   3.838E-16
  -3.204E-6
  -1.439E-16
  -1.919E-16
  -3.204E-6
  -1.519965275e-02
  -1.519965275e-02
  -1.519965275e-02
  0.000000000e+00
  -1.519965275e-02
  0.000000000e+00
  9.479614943e-01 5.221862069e-01 -1.401718391e-01
  -4.913011494e-01 8.624327586e-01 -1.169725287e-01
  5.506522989e-02 1.645149425e-01 9.847931034e-01
 Node:          8
  0.1367E+03  0.1169E+03  0.5055E+03 -0.1602E-05
  -3.204E-6
   3.358E-16
  -3.204E-6
  -6.956E-16
  -4.078E-16
  -3.204E-6
  -1.519965275e-02
  -1.519965275e-02
  -1.519965275e-02
  0.000000000e+00
  -1.519965275e-02
  0.000000000e+00
  -5.818051724e-01 -6.095373563e-01 2.562488506e-01
  6.201551724e-01 -6.265954023e-01 -5.498034483e-02
  2.585360920e-01 9.950114943e-02 9.530942529e-01
 Node:          9
  0.1339E+03  0.1180E+03  0.5191E+03 -0.1602E-05
  -3.204E-6
   2.878E-16
  -3.204E-6
  -6.836E-16
  -4.797E-16
  -3.204E-6
  -1.519965275e-02
  -1.519965275e-02
  -1.519965275e-02
  0.000000000e+00
  -1.519965275e-02
  0.000000000e+00
  3.358327586e-01 2.119867816e-01 -8.789942529e-01
  1.019956897e+00 1.298321839e-01 2.987931034e-01
  -1.658235632e-01 8.206068966e-01 1.492126437e-01
 Node:         10
  0.1294E+03  0.1212E+03  0.4911E+03 -0.1602E-05
  -3.204E-6
   4.797E-17
  -3.204E-6
  -2.399E-17
   2.159E-16
  -3.204E-6
  -1.519965275e-02
  -1.519965275e-02
  -1.519965275e-02
  0.000000000e+00
  -1.519965275e-02
  0.000000000e+00
  2.389235632e-02 5.773586207e-01 5.944482759e-01
  1.618833908e-01 6.814270115e-01 -7.111396552e-01
  -9.039068966e-01 1.406985115e-01 -1.044716667e-01
 Node:         11
  0.1295E+03  0.1214E+03  0.5055E+03 -0.1602E-05
  -3.204E-6
  -4.797E-17
  -3.204E-6
  -7.196E-17
   2.399E-17
  -3.204E-6
  -1.519965275e-02
  -1.519965275e-02
  -1.519965275e-02
  0.000000000e+00
  -1.519965275e-02
  0.000000000e+00
  -2.457758621e-01 1.152058621e-01 8.416431034e-01
  -6.026781609e-01 7.241724138e-01 -2.776258621e-01
  8.064873563e-01 6.267298851e-01 1.399362069e-01
 Node:         12
  0.1295E+03  0.1217E+03  0.5196E+03 -0.1602E-05
  -3.204E-6
  -2.715E-38
  -3.204E-6
   1.319E-16
   4.797E-17
  -3.204E-6
  -1.519965275e-02
  -1.519965275e-02
  -1.519965275e-02
  0.000000000e+00
  -1.519965275e-02
  0.000000000e+00
  -2.415724138e-01 -8.384096552e-02 -9.664235632e-01
  -3.729068966e-01 1.017850575e+00 5.977323846e-03
  1.621028736e-01 9.244885057e-02 -5.096896552e-02
 Node:         13
  0.1361E+03  0.1199E+03  0.4914E+03 -0.1602E-05
  -3.204E-6
  -2.399E-16
  -3.204E-6
  -1.679E-16
   4.797E-17
  -3.204E-6
  -1.519965275e-02
  -1.519965275e-02
  -1.519965275e-02
  0.000000000e+00
  -1.519965275e-02
  0.000000000e+00
  1.004222414e+00 -4.058954023e-01 -1.384574713e-01
  3.712660920e-01 9.280494253e-01 -2.920908046e-02
  1.285287356e-01 -2.020707241e-02 9.914919540e-01
 Node:         14
  0.1342E+03  0.1198E+03  0.5054E+03 -0.1602E-05
  -3.204E-6
   4.797E-17
  -3.204E-6
   9.595E-17
  -1.559E-16
  -3.204E-6
  -1.519965275e-02
  -1.519965275e-02
  -1.519965275e-02
  0.000000000e+00
  -1.519965275e-02
  0.000000000e+00
  9.554270115e-02 -2.664965517e-01 9.590114943e-01
  -3.176917241e-01 -1.014328161e+00 -2.496965517e-01
  -1.039248851e+00 2.809225287e-01 1.816970115e-01
 Node:         15
  0.1330E+03  0.1205E+03  0.5193E+03 -0.1602E-05
  -3.204E-6
  -1.439E-16
  -3.204E-6
   2.399E-17
   8.395E-17
  -3.204E-6
  -1.519965275e-02
  -1.519965275e-02
  -1.519965275e-02
  0.000000000e+00
  -1.519965275e-02
  0.000000000e+00
  1.084902299e+00 -1.224066092e-01 1.331666667e-02
  -2.287408046e-02 -3.176649425e-01 -1.044291379e+00
  1.104418391e-01 9.498097701e-01 -2.918425287e-01
 Node:         16
  0.1404E+03  0.1188E+03  0.4918E+03 -0.1602E-05
  -3.204E-6
   9.595E-17
  -3.204E-6
  -1.439E-16
  -2.519E-16
  -3.204E-6
  -1.519965275e-02
  -1.519965275e-02
  -1.519965275e-02
  0.000000000e+00
  -1.519965275e-02
  0.000000000e+00
  -1.499367816e-01 -2.410270115e-01 9.588419540e-01
  -8.223770115e-01 -5.443022989e-01 -2.647132184e-01
  5.856568966e-01 -8.283925287e-01 -1.159206897e-01
 Node:         17
  0.1365E+03  0.1184E+03  0.5055E+03 -0.1602E-05
  -3.204E-6
   4.797E-17
  -3.204E-6
   1.679E-16
   2.938E-16
  -3.204E-6
  -1.519965275e-02
  -1.519965275e-02
  -1.519965275e-02
  0.000000000e+00
  -1.519965275e-02
  0.000000000e+00
  2.859143678e-01 4.616781609e-01 9.391545977e-01
  1.015567241e+00 -3.799919540e-01 -1.157592920e-01
  -2.525879310e-01 -8.262109195e-01 4.875632184e-01
 Node:         18
  0.1341E+03  0.1191E+03  0.5192E+03 -0.1602E-05
  -3.204E-6
  -3.61E-38
  -3.204E-6
   4.572E-17
   1.84E-16
  -3.204E-6
  -1.519965275e-02
  -1.519965275e-02
  -1.519965275e-02
  0.000000000e+00
  -1.519965275e-02
  0.000000000e+00
  3.128385057e-02 1.099792529e-01 1.015243678e+00
  9.359724138e-01 -1.251120690e-01 -2.794540368e-02
  -3.160241379e-01 -9.316689655e-01 9.318022989e-02
 Node:         19
  0.1301E+03  0.1291E+03  0.4914E+03  0.0000E+00
   4.934E-16
   0.0
   4.934E-16
   3.631E-19
   1.731E-17
  -9.869E-16
  4.936000000e-16
  4.934000000e-16
  -9.871000000e-16
  1.480600010e-15
  -3.333333333e-20
  6.979615383e-16
  -2.097000000e-02 -9.997000000e-01 -1.169000000e-02
  -9.998000000e-01 2.097000000e-02 -8.123000000e-17
  2.452000000e-04 1.169000000e-02 -9.999000000e-01
 Node:         20
  0.1299E+03  0.1291E+03  0.5058E+03  0.0000E+00
   9.869E-16
   0.0
   0.0
   1.799E-17
   3.326E-17
  -2.467E-16
  9.871000000e-16
  4.400000000e-18
  -2.514000000e-16
  1.132478516e-15
  2.467000000e-16
  5.338554923e-16
  -9.999000000e-01 -4.917000000e-04 -1.459000000e-02
  2.401000000e-03 -9.914000000e-01 -1.311000000e-01
  -1.440000000e-02 -1.312000000e-01 9.913000000e-01
 Node:         21
  0.1301E+03  0.1280E+03  0.5197E+03  0.0000E+00
   4.934E-16
   0.0
   0.0
   7.196E-17
   2.549E-17
   4.934E-16
  5.660000000e-16
  4.222000000e-16
  -1.341000000e-18
  5.108528306e-16
  3.289530000e-16
  2.408183338e-16
  -7.039000000e-01 -3.195000000e-02 -7.096000000e-01
  -7.102000000e-01 4.241000000e-02 7.027000000e-01
  -7.642000000e-03 -9.986000000e-01 5.255000000e-02
 Node:         22
  0.1360E+03  0.1256E+03  0.4913E+03  0.0000E+00
  -9.869E-16
   2.399E-17
  -4.934E-16
  -2.399E-17
   1.739E-16
   4.934E-16
  5.234000000e-16
  -5.215000000e-16
  -9.888000000e-16
  1.341069376e-15
  -3.289666667e-16
  6.321861663e-16
  -1.298000000e-02 1.683000000e-01 9.857000000e-01
  5.935000000e-02 9.841000000e-01 -1.672000000e-01
  -9.982000000e-01 5.633000000e-02 -2.276000000e-02
 Node:         23
  0.1343E+03  0.1253E+03  0.5054E+03  0.0000E+00
   0.0
   3.598E-17
  -1.974E-15
   0.0
   2.271E-16
  -7.401E-16
  6.796000000e-19
  -6.997000000e-16
  -2.015000000e-15
  1.772499637e-15
  -9.046734667e-16
  8.355643418e-16
  9.998000000e-01 1.889000000e-02 5.790000000e-03
  -9.011000000e-03 1.753000000e-01 9.845000000e-01
  1.758000000e-02 -9.843000000e-01 1.754000000e-01
 Node:         24
  0.1336E+03  0.1248E+03  0.5194E+03  0.0000E+00
  -9.869E-16
   2.099E-17
   0.0
   2.399E-17
   1.499E-18
  -7.401E-16
  4.516000000e-19
  -7.379000000e-16
  -9.896000000e-16
  8.912682385e-16
  -5.756828000e-16
  4.201478769e-16
  -2.132000000e-02 -9.998000000e-01 -2.714000000e-03
  9.549000000e-02 -4.739000000e-03 9.954000000e-01
  -9.952000000e-01 2.096000000e-02 9.557000000e-02
 Node:         25
  0.1400E+03  0.1206E+03  0.4917E+03  0.0000E+00
   0.0
   4.617E-16
  -4.934E-16
  -1.439E-16
  -2.249E-16
   9.869E-16
  1.067000000e-15
  2.050000000e-16
  -7.785000000e-16
  1.599404030e-15
  1.645000000e-16
  7.539662901e-16
  -2.161000000e-01 -2.016000000e-01 9.553000000e-01
  8.390000000e-01 4.621000000e-01 2.874000000e-01
  -4.994000000e-01 8.636000000e-01 6.929000000e-02
 Node:         26
  0.1363E+03  0.1200E+03  0.5055E+03  0.0000E+00
   9.869E-16
   1.859E-16
  -2.714E-15
   4.797E-17
  -1.943E-15
  -2.467E-16
  1.006000000e-15
  8.090000000e-16
  -3.789000000e-15
  4.699597749e-15
  -6.580000000e-16
  2.215411625e-15
  9.680000000e-01 1.526000000e-01 -1.995000000e-01
  2.481000000e-01 -4.578000000e-01 8.538000000e-01
  -3.892000000e-02 8.759000000e-01 4.809000000e-01
 Node:         27
  0.1343E+03  0.1203E+03  0.5192E+03  0.0000E+00
   9.869E-16
  -3.358E-16
   9.869E-16
  -1.799E-16
   2.27E-15
   0.0
  2.890000000e-15
  9.150000000e-16
  -1.831000000e-15
  4.106639867e-15
  6.580000000e-16
  1.935888599e-15
  -1.931000000e-01 7.658000000e-01 6.135000000e-01
  9.808000000e-01 1.345000000e-01 1.409000000e-01
  2.534000000e-02 6.289000000e-01 -7.771000000e-01
 Node:         28
  0.1155E+03  0.1124E+03  0.4931E+03 -0.9469E-05
  -1.894E-5
   6.596E-17
  -1.894E-5
  -9.595E-17
   9.595E-17
  -1.894E-5
  -9.085613846e-02
  -9.085613846e-02
  -9.085613846e-02
  0.000000000e+00
  -9.085613846e-02
  0.000000000e+00
  2.997936782e-02 9.646821839e-01 1.809666667e-01
  6.989885057e-02 1.987166667e-01 -8.500890805e-01
  -1.087775862e+00 4.995879310e-02 -7.249454023e-02
 Node:         29
  0.1119E+03  0.1139E+03  0.5068E+03 -0.9469E-05
  -1.894E-5
  -3.598E-17
  -1.894E-5
   9.595E-17
   1.199E-17
  -1.894E-5
  -9.085613846e-02
  -9.085613846e-02
  -9.085613846e-02
  0.000000000e+00
  -9.085613846e-02
  0.000000000e+00
  -4.521160920e-02 8.811327586e-01 -3.278074713e-02
  -1.012853448e+00 -1.273902299e-02 -2.107066092e-01
  -1.657718391e-01 2.218902299e-02 9.626241379e-01
 Node:         30
  0.1113E+03  0.1159E+03  0.5206E+03 -0.9469E-05
  -1.894E-5
   2.159E-16
  -1.894E-5
   2.626E-37
  -4.797E-17
  -1.894E-5
  -9.085613846e-02
  -9.085613846e-02
  -9.085613846e-02
  0.000000000e+00
  -9.085613846e-02
  0.000000000e+00
  6.310114943e-01 6.753574713e-01 -6.030557471e-02
  -6.474856322e-01 6.089126437e-01 -2.649310345e-02
  -7.019195402e-03 3.421264368e-02 8.824798851e-01
 Node:         31
  0.1203E+03  0.1126E+03  0.4920E+03 -0.9469E-05
  -1.894E-5
   1.679E-16
  -1.894E-5
   4.797E-17
   7.196E-17
  -1.894E-5
  -9.085613846e-02
  -9.085613846e-02
  -9.085613846e-02
  0.000000000e+00
  -9.085613846e-02
  0.000000000e+00
  -5.934609195e-01 -3.923063218e-01 -4.681775862e-01
  5.173080460e-01 1.722413793e-02 -8.277821839e-01
  4.293649425e-01 -9.259701149e-01 2.542298851e-02
 Node:         32
  0.1188E+03  0.1134E+03  0.5062E+03 -0.9469E-05
  -1.894E-5
  -2.399E-17
  -1.894E-5
  -4.797E-17
   1.679E-16
  -1.894E-5
  -9.085613846e-02
  -9.085613846e-02
  -9.085613846e-02
  0.000000000e+00
  -9.085613846e-02
  0.000000000e+00
  1.036617241e+00 -1.784022989e-02 -4.136172414e-02
  3.988597701e-02 4.093862069e-01 8.501477011e-01
  -3.659531034e-03 -8.940689655e-01 4.428649425e-01
 Node:         33
  0.1183E+03  0.1150E+03  0.5201E+03 -0.9469E-05
  -1.894E-5
   9.595E-17
  -1.894E-5
   1.439E-16
  -3.502E-37
  -1.894E-5
  -9.085613846e-02
  -9.085613846e-02
  -9.085613846e-02
  0.000000000e+00
  -9.085613846e-02
  0.000000000e+00
  9.034080460e-01 1.635993103e-01 2.063482759e-01
  3.944998821e-02 8.248114943e-01 -5.805143678e-01
  -2.542436782e-01 3.905074713e-01 6.851195402e-01
 Node:         34
  0.1255E+03  0.1129E+03  0.4909E+03 -0.9469E-05
  -1.894E-5
  -4.085E-37
  -1.894E-5
   9.595E-17
   1.679E-16
  -1.894E-5
  -9.085613846e-02
  -9.085613846e-02
  -9.085613846e-02
  0.000000000e+00
  -9.085613846e-02
  0.000000000e+00
  3.695706897e-01 5.291781609e-01 6.817528736e-01
  -5.537275862e-01 4.016166667e-01 1.492968225e-02
  -2.153643678e-01 -4.726741379e-01 4.967758621e-01
 Node:         35
  0.1260E+03  0.1135E+03  0.5054E+03 -0.9469E-05
  -1.894E-5
   1.919E-16
  -1.894E-5
   1.919E-16
   4.318E-16
  -1.894E-5
  -9.085613846e-02
  -9.085613846e-02
  -9.085613846e-02
  0.000000000e+00
  -9.085613846e-02
  0.000000000e+00
  8.015097701e-01 5.217218391e-01 5.207701149e-01
  -3.316362069e-01 2.797931034e-01 2.847488506e-01
  1.111938727e-02 -7.122706897e-01 6.988913793e-01
 Node:         36
  0.1257E+03  0.1153E+03  0.5196E+03 -0.9469E-05
  -1.894E-5
  -9.595E-17
  -1.894E-5
  -9.595E-17
   1.439E-16
  -1.894E-5
  -9.085613846e-02
  -9.085613846e-02
  -9.085613846e-02
  0.000000000e+00
  -9.085613846e-02
  0.000000000e+00
  -4.230379310e-01 6.324545977e-01 5.975206897e-01
  9.581637931e-01 3.173201149e-01 3.726124138e-01
  2.803541824e-02 -6.046040230e-01 5.499557471e-01
 Node:         37
  0.1132E+03  0.1210E+03  0.4959E+03 -0.9469E-05
  -1.894E-5
   2.399E-16
  -1.894E-5
  -1.439E-16
   3.118E-16
  -1.894E-5
  -9.085613846e-02
  -9.085613846e-02
  -9.085613846e-02
  0.000000000e+00
  -9.085613846e-02
  0.000000000e+00
  -5.026086207e-01 -7.612454023e-01 -3.093755172e-01
  7.700183908e-01 -2.274660920e-01 -6.690948276e-01
  4.121942529e-01 -5.529402299e-01 6.611051724e-01
 Node:         38
  0.1111E+03  0.1204E+03  0.5085E+03 -0.9469E-05
  -1.894E-5
   1.679E-16
  -1.894E-5
  -4.797E-17
  -1.439E-16
  -1.894E-5
  -9.085613846e-02
  -9.085613846e-02
  -9.085613846e-02
  0.000000000e+00
  -9.085613846e-02
  0.000000000e+00
  2.248563218e-01 1.057252874e+00 -1.529994253e-01
  1.061967241e+00 -2.343804598e-01 -5.238781609e-02
  7.445678161e-02 1.249798851e-01 9.863856322e-01
 Node:         39
  0.1119E+03  0.1201E+03  0.5207E+03 -0.9469E-05
  -1.894E-5
  -1.679E-16
  -1.894E-5
  -1.439E-16
  -1.319E-16
  -1.894E-5
  -9.085613846e-02
  -9.085613846e-02
  -9.085613846e-02
  0.000000000e+00
  -9.085613846e-02
  0.000000000e+00
  1.010562069e+00 -7.776877011e-02 -4.022678161e-01
  3.483482759e-01 -2.103097701e-01 9.099028736e-01
  -1.520644253e-01 -1.061885632e+00 -1.833212644e-01
 Node:         40
  0.1191E+03  0.1220E+03  0.4937E+03 -0.9469E-05
  -1.894E-5
   1.439E-16
  -1.894E-5
   1.439E-16
  -2.399E-17
  -1.894E-5
  -9.085613846e-02
  -9.085613846e-02
  -9.085613846e-02
  0.000000000e+00
  -9.085613846e-02
  0.000000000e+00
  1.106783333e+00 1.442921839e-01 1.496890805e-01
  5.971800477e-03 7.813063218e-01 -8.078597701e-01
  -1.893120690e-01 7.307402299e-01 7.033977011e-01
 Node:         41
  0.1182E+03  0.1217E+03  0.5073E+03 -0.9469E-05
  -1.894E-5
  -4.797E-17
  -1.894E-5
   9.595E-17
   1.679E-16
  -1.894E-5
  -9.085613846e-02
  -9.085613846e-02
  -9.085613846e-02
  0.000000000e+00
  -9.085613846e-02
  0.000000000e+00
  -1.546856322e-01 -1.956239080e-01 -1.058662069e+00
  -8.813770115e-01 2.547925287e-01 1.019712644e-01
  2.059264368e-01 9.502712644e-01 -2.063221839e-01
 Node:         42
  0.1187E+03  0.1212E+03  0.5204E+03 -0.9469E-05
  -1.894E-5
  -9.595E-17
  -1.894E-5
   2.334E-37
   9.595E-17
  -1.894E-5
  -9.085613846e-02
  -9.085613846e-02
  -9.085613846e-02
  0.000000000e+00
  -9.085613846e-02
  0.000000000e+00
  -1.699655172e-02 5.599908046e-02 8.056695402e-01
  -9.028448276e-01 1.789965517e-01 -3.606591954e-02
  -1.816195402e-01 -1.065418966e+00 1.253933908e-01
 Node:         43
  0.1258E+03  0.1217E+03  0.4915E+03 -0.9469E-05
  -1.894E-5
   1.919E-16
  -1.894E-5
  -2.399E-17
   1.167E-37
  -1.894E-5
  -9.085613846e-02
  -9.085613846e-02
  -9.085613846e-02
  0.000000000e+00
  -9.085613846e-02
  0.000000000e+00
  1.022424713e+00 2.803247126e-01 -3.395632184e-02
  -3.446885057e-01 7.974936782e-01 -1.343603448e-02
  1.852982759e-02 -3.396293678e-02 9.947241379e-01
 Node:         44
  0.1259E+03  0.1220E+03  0.5059E+03 -0.9469E-05
  -1.894E-5
   2.399E-16
  -1.894E-5
   1.679E-16
   1.919E-16
  -1.894E-5
  -9.085613846e-02
  -9.085613846e-02
  -9.085613846e-02
  0.000000000e+00
  -9.085613846e-02
  0.000000000e+00
  -3.450706897e-01 -3.497270115e-01 -7.815028736e-01
  -6.000666667e-01 -5.275821839e-01 5.049425287e-01
  7.063448276e-01 -7.576114943e-01 3.674206897e-02
 Node:         45
  0.1261E+03  0.1221E+03  0.5198E+03 -0.9469E-05
  -1.894E-5
  -1.439E-16
  -1.894E-5
   4.797E-17
  -1.199E-17
  -1.894E-5
  -9.085613846e-02
  -9.085613846e-02
  -9.085613846e-02
  0.000000000e+00
  -9.085613846e-02
  0.000000000e+00
  7.011080460e-02 -2.260051724e-02 9.966844828e-01
  -1.077627586e+00 1.562752874e-01 7.919649425e-02
  -1.579821839e-01 -1.079902874e+00 -1.233456897e-02
 Node:         46
  0.1117E+03  0.1296E+03  0.4959E+03  0.0000E+00
  -2.467E-16
   4.797E-17
  -7.401E-16
   1.199E-17
  -4.497E-17
   0.0
  3.057000000e-18
  -2.423000000e-16
  -7.476000000e-16
  6.629532710e-16
  -3.289476667e-16
  3.125191690e-16
  3.676000000e-02 -5.800000000e-02 9.976000000e-01
  9.946000000e-01 9.864000000e-02 -3.092000000e-02
  -9.662000000e-02 9.934000000e-01 6.131000000e-02
 Node:         47
  0.1107E+03  0.1269E+03  0.5087E+03  0.0000E+00
  -7.401E-16
  -5.397E-17
   4.934E-16
  -4.797E-17
   6.896E-17
   0.0
  5.058000000e-16
  -7.273000000e-18
  -7.452000000e-16
  1.089215580e-15
  -8.222433333e-17
  5.134611487e-16
  -4.821000000e-02 9.891000000e-01 1.394000000e-01
  -5.424000000e-02 -1.420000000e-01 9.884000000e-01
  -9.974000000e-01 -4.009000000e-02 -6.049000000e-02
 Node:         48
  0.1125E+03  0.1242E+03  0.5208E+03  0.0000E+00
   4.934E-16
   5.997E-18
   4.934E-16
   0.0
  -2.998E-18
   4.934E-16
  5.001000000e-16
  4.934000000e-16
  4.867000000e-16
  1.160474041e-17
  4.934000000e-16
  5.470527092e-18
  -6.325000000e-01 -7.071000000e-01 3.162000000e-01
  4.472000000e-01 -2.276000000e-15 8.944000000e-01
  6.325000000e-01 -7.071000000e-01 -3.162000000e-01
 Node:         49
  0.1186E+03  0.1311E+03  0.4938E+03  0.0000E+00
  -7.401E-16
  -3.598E-17
   0.0
  -7.196E-17
  -1.049E-17
  -2.467E-16
  1.947000000e-18
  -2.366000000e-16
  -7.523000000e-16
  6.677348644e-16
  -3.289843333e-16
  3.147732338e-16
  4.561000000e-02 -9.985000000e-01 2.894000000e-02
  -1.430000000e-01 2.215000000e-02 9.895000000e-01
  -9.887000000e-01 -4.926000000e-02 -1.418000000e-01
 Node:         50
  0.1180E+03  0.1298E+03  0.5075E+03  0.0000E+00
   0.0
  -2.249E-17
   1.48E-15
  -7.196E-17
   2.155E-17
   9.869E-16
  1.482000000e-15
  9.910000000e-16
  -5.513000000e-18
  1.312785985e-15
  8.224956667e-16
  6.188532481e-16
  1.739000000e-02 -9.988000000e-01 -4.603000000e-02
  -7.128000000e-02 -4.716000000e-02 9.963000000e-01
  9.973000000e-01 1.405000000e-02 7.201000000e-02
 Node:         51
  0.1192E+03  0.1275E+03  0.5206E+03  0.0000E+00
   0.0
  -5.997E-18
  -2.467E-16
   0.0
   2.549E-17
   4.934E-16
  4.943000000e-16
  1.449000000e-19
  -2.477000000e-16
  6.542860068e-16
  8.224830000e-17
  3.084333815e-16
  -4.170000000e-04 3.438000000e-02 9.994000000e-01
  9.997000000e-01 -2.416000000e-02 1.248000000e-03
  2.418000000e-02 9.991000000e-01 -3.436000000e-02
 Node:         52
  0.1262E+03  0.1305E+03  0.4920E+03  0.0000E+00
   4.934E-16
  -2.399E-17
   4.934E-16
   2.249E-18
   8.48E-18
   0.0
  5.175000000e-16
  4.696000000e-16
  -1.600000000e-19
  4.954496661e-16
  3.289800000e-16
  2.335572124e-16
  -7.061000000e-01 7.080000000e-01 8.534000000e-03
  7.081000000e-01 7.060000000e-01 1.614000000e-02
  -5.403000000e-03 -1.744000000e-02 9.998000000e-01
 Node:         53
  0.1258E+03  0.1304E+03  0.5063E+03  0.0000E+00
  -7.401E-16
  -2.998E-18
  -4.934E-16
   4.797E-17
   5.847E-17
  -9.869E-16
  -4.866000000e-16
  -7.314000000e-16
  -1.002000000e-15
  4.465358664e-16
  -7.400000000e-16
  2.104990261e-16
  1.040000000e-02 9.931000000e-01 1.171000000e-01
  -9.836000000e-01 3.123000000e-02 -1.776000000e-01
  -1.800000000e-01 -1.133000000e-01 9.771000000e-01
 Node:         54
  0.1265E+03  0.1288E+03  0.5200E+03  0.0000E+00
  -9.869E-16
   3.598E-17
   4.934E-16
   0.0
  -7.496E-18
   4.934E-16
  5.014000000e-16
  4.864000000e-16
  -9.877000000e-16
  1.481656947e-15
  3.333333333e-20
  6.984597833e-16
  1.758000000e-02 7.272000000e-01 -6.862000000e-01
  1.675000000e-02 6.860000000e-01 7.274000000e-01
  -9.997000000e-01 2.428000000e-02 1.229000000e-04
 Node:         55
  0.1382E+03  0.1168E+03  0.4536E+03  0.8171E-02
   0.09752
  -0.04118
   0.03722
   5.268E-4
   0.07732
   0.02265
  1.281911839e-01
  6.015204023e-02
  -4.418782759e-02
  1.514298409e-01
  4.805179885e-02
  7.138471160e-02
  -4.329201149e-01 6.111402299e-01 4.482545977e-01
  7.086965517e-01 1.982812529e-01 3.509011494e-01
  -2.786465517e-01 -8.446821839e-01 8.970982759e-01
 Node:         56
  0.1314E+03  0.1156E+03  0.4690E+03  0.8171E-02
   0.09831
  -0.00973
   0.02616
   0.02838
   0.01349
   0.01513
  1.049297299e-01
  2.831587126e-02
  -8.207575862e-03
  1.009522353e-01
  4.167934176e-02
  4.758934012e-02
  -8.959477011e-01 2.528939425e-01 -6.471752874e-02
  1.436790805e-01 4.188695402e-01 4.892555747e-01
  2.160965517e-01 2.767740805e-01 -2.865347126e-01
 Node:         57
  0.1285E+03  0.1140E+03  0.4824E+03  0.8171E-02
   0.1124
   0.01125
   0.0164
   0.009975
  -0.006686
   0.01574
  9.989956322e-02
  2.321054770e-02
  6.824656322e-03
  8.621595834e-02
  4.331158908e-02
  4.064259253e-02
  -9.694706897e-01 2.057465517e-02 -7.289252874e-03
  1.766070805e-02 -4.687683908e-01 5.783166667e-01
  -6.583201149e-02 4.253356322e-01 6.841898276e-01
 Node:         58
  0.1486E+03  0.1181E+03  0.4530E+03  0.8171E-02
   0.09467
  -0.1062
   0.05981
  -0.01595
   0.05859
   0.01095
  1.880478046e-01
  1.846528644e-02
  -4.199458621e-02
  2.067036118e-01
  5.483950161e-02
  9.744101708e-02
  -6.821545977e-01 6.792339080e-01 2.703327586e-01
  8.573568966e-01 3.998919540e-01 1.187962069e+00
  -4.109178161e-01 -6.606045977e-01 6.292482759e-01
 Node:         59
  0.1420E+03  0.1169E+03  0.4693E+03  0.8171E-02
   0.1002
  -0.09858
   0.04354
  -0.009593
   0.04224
   0.01127
  1.832681264e-01
  9.615581034e-03
  -3.910627011e-02
  2.033433320e-01
  5.125914579e-02
  9.585696597e-02
  -7.340873563e-01 6.153166667e-01 3.014837471e-01
  1.208885057e-01 -8.098160920e-02 -2.777356322e-02
  -6.531517241e-01 -8.313755172e-01 4.620563218e-01
 Node:         60
  0.1375E+03  0.1150E+03  0.4832E+03  0.8171E-02
   0.1144
  -0.02015
   0.02002
   4.47E-4
   0.004831
   0.01583
  1.109975172e-01
  1.688441954e-02
  7.347128736e-03
  9.930009236e-02
  4.507635517e-02
  4.681051245e-02
  -9.135764368e-01 3.062542529e-01 1.603420115e-01
  3.075683908e-01 5.241224138e-01 7.405531034e-01
  2.463735632e-02 -4.833842069e-01 7.864132184e-01
 Node:         61
  0.1556E+03  0.1229E+03  0.4519E+03  0.8171E-02
   0.1085
  -0.1004
   0.03986
  -0.06497
   0.07477
  -0.006804
  2.317274368e-01
  -7.648749425e-03
  -5.456924161e-02
  2.664502375e-01
  5.650314858e-02
  1.256058465e-01
  -7.621568966e-01 5.675655172e-01 1.623858621e-01
  5.211839655e-01 3.733258621e-01 5.477689655e-01
  -1.263754598e-01 -5.475597701e-01 9.128459770e-01
 Node:         62
  0.1494E+03  0.1207E+03  0.4691E+03  0.8171E-02
   0.1228
  -0.1852
   0.04212
  -0.05407
   0.06464
  -1.146E-4
  3.060141034e-01
  -1.076611897e-02
  -9.128279310e-02
  3.638574648e-01
  6.798839713e-02
  1.715240538e-01
  -7.748844828e-01 5.669511494e-01 2.737844828e-01
  2.782903448e-01 -7.482002874e-02 9.715649425e-01
  6.000045977e-01 8.132839080e-01 -1.069903046e-01
 Node:         63
  0.1437E+03  0.1181E+03  0.4838E+03  0.8171E-02
   0.1209
  -0.05314
   0.02296
  -0.007884
   0.01164
   0.01427
  1.412861609e-01
  1.298051724e-02
  -6.667031609e-03
  1.394658186e-01
  4.919988218e-02
  6.574481739e-02
  -8.478408046e-01 4.638396552e-01 1.988398621e-01
  6.622816092e-02 4.417548851e-02 3.654293103e-01
  -1.557232759e-01 -2.658218391e-01 6.509195402e-02
 Node:         64
  0.1414E+03  0.1252E+03  0.4516E+03  0.8171E-02
   0.09676
   0.008024
   0.04104
  -0.03482
   0.02848
   0.01072
  9.939300000e-02
  4.925484943e-02
  -1.489243736e-02
  1.014773759e-01
  4.458513736e-02
  4.783689377e-02
  -6.631764368e-01 2.535082759e-01 2.562522575e-01
  1.520443621e-01 4.596663793e-01 3.130821839e-01
  7.818333333e-02 1.380867816e-01 1.035553793e-01
 Node:         65
  0.1342E+03  0.1229E+03  0.4681E+03  0.8171E-02
   0.1054
  -0.02773
   0.03506
  -0.01918
   0.01553
   0.01256
  1.140136034e-01
  2.657365460e-02
  -4.006037931e-03
  1.070564497e-01
  4.552707337e-02
  5.046689437e-02
  -8.637155172e-01 5.035161494e-01 2.249606322e-01
  1.924950345e-01 7.986867816e-01 7.731826207e-01
  3.447425287e-01 7.978218391e-02 6.489948276e-01
 Node:         66
  0.1299E+03  0.1214E+03  0.4825E+03  0.8171E-02
   0.1165
  -0.01181
   0.01931
   0.00123
  -8.386E-4
   0.01581
  1.032677529e-01
  1.952588609e-02
  1.289200632e-02
  8.733464879e-02
  4.522854843e-02
  4.116994826e-02
  -9.517316092e-01 2.389584828e-01 5.714247126e-02
  5.891287356e-02 8.286976437e-01 -3.320482759e-01
  -7.114672184e-02 -2.198890805e-01 7.388718391e-01
 Node:         67
  0.1501E+03  0.1247E+03  0.4514E+03  0.8171E-02
   0.09782
  -0.06226
   0.03916
  -0.03225
   0.02411
   0.01201
  1.344516897e-01
  4.230668391e-03
  -2.194612644e-03
  1.336148028e-01
  4.549591513e-02
  6.298662207e-02
  -7.559902299e-01 6.068408046e-01 2.323572989e-01
  1.396291954e-01 3.581682184e-01 -2.361954023e-01
  -6.079902299e-01 -1.029151724e+00 4.656205747e-01
 Node:         68
  0.1434E+03  0.1226E+03  0.4684E+03  0.8171E-02
   0.1109
  -0.134
   0.03843
  -0.04489
   0.03658
   0.01325
  2.188037299e-01
  3.515540230e-04
  -5.194678161e-02
  2.487929992e-01
  5.573616743e-02
  1.172821446e-01
  -7.728109195e-01 5.760672414e-01 2.641913793e-01
  1.673879207e-01 -2.057062759e-01 9.480229885e-01
  6.054666667e-01 7.744431034e-01 6.064620115e-02
 Node:         69
  0.1380E+03  0.1205E+03  0.4830E+03  0.8171E-02
   0.119
  -0.03848
   0.02126
  -0.01108
   0.01092
   0.01624
  1.223704310e-01
  1.579112023e-02
  3.840238046e-03
  1.130488620e-01
  4.733392977e-02
  5.329174463e-02
  -8.851367816e-01 3.917649425e-01 2.080548276e-01
  2.228258046e-01 2.594636782e-01 6.955862069e-01
  -1.348408046e-01 -6.090120690e-01 4.116413218e-01
 Node:         70
  0.1558E+03  0.1249E+03  0.4515E+03  0.8171E-02
   0.1017
  -0.07753
   0.02134
  -0.09272
   0.05996
   0.02064
  2.022427011e-01
  -1.909933966e-02
  -3.287013563e-02
  2.285721110e-01
  5.009107529e-02
  1.077499264e-01
  -7.364540230e-01 5.059201149e-01 4.380482759e-01
  6.955017241e-01 9.593068966e-01 2.472413793e-03
  2.511443103e-01 -3.933922414e-01 8.202563218e-01
 Node:         71
  0.1496E+03  0.1226E+03  0.4689E+03  0.8171E-02
   0.1205
  -0.1709
   0.03124
  -0.1443
   0.0893
   0.01833
  3.382365747e-01
  -4.017826402e-02
  -8.374492529e-02
  4.022790672e-01
  7.143779513e-02
  1.896361709e-01
  -7.616724138e-01 4.887580460e-01 4.261396552e-01
  1.172866552e-01 -5.578866092e-01 8.602218391e-01
  6.569729885e-01 6.262603448e-01 3.697386207e-01
 Node:         72
  0.1435E+03  0.1199E+03  0.4837E+03  0.8171E-02
   0.1226
  -0.05511
   0.02077
  -0.03188
   0.02059
   0.0171
  1.477995690e-01
  8.672901034e-03
  -6.427571264e-03
  1.473552060e-01
  5.001496625e-02
  6.946391029e-02
  -8.474798851e-01 4.059149425e-01 3.247183908e-01
  1.277068966e-01 -3.730614943e-02 5.098425287e-01
  -7.430229885e-02 -5.676367816e-01 4.069454023e-01
 Node:         73
  0.1446E+03  0.1339E+03  0.4506E+03  0.0000E+00
   0.1128
  -0.02566
  -0.01673
   0.004447
  -0.007067
   0.01393
  1.048197931e-01
  1.319024310e-02
  -2.018758851e-02
  1.122466691e-01
  3.260748257e-02
  5.291358725e-02
  -8.802890805e-01 1.383741379e-01 2.628965517e-04
  1.583505747e-04 3.583568966e-02 9.784827586e-01
  1.530760920e-01 6.405643678e-01 2.041926437e-01
 Node:         74
  0.1369E+03  0.1304E+03  0.4675E+03  0.0000E+00
   0.1299
  -0.003898
  -0.007427
   0.01224
  -0.01106
   0.01099
  1.268586724e-01
  1.308169052e-02
  -2.088236207e-02
  1.342462386e-01
  3.968600029e-02
  6.328428378e-02
  -9.634132184e-01 -1.407254023e-01 -1.270177011e-01
  8.560988506e-02 4.163027126e-01 -2.736954023e-01
  -1.584379885e-01 9.082304598e-01 2.138637931e-01
 Node:         75
  0.1313E+03  0.1289E+03  0.4826E+03  0.0000E+00
   0.1105
  -0.001395
  -7.641E-4
  -0.003575
  -0.002622
   7.903E-4
  9.618419540e-02
  2.349842867e-03
  -5.385196552e-03
  9.804963829e-02
  3.104961391e-02
  4.622104275e-02
  -9.779143678e-01 -1.143626437e-01 -1.293535057e-02
  -1.933204023e-02 -2.353513218e-01 6.104545977e-01
  -1.071218391e-01 8.554787356e-01 3.882312069e-01
 Node:         76
  0.1515E+03  0.1315E+03  0.4504E+03  0.0000E+00
   0.1122
  -0.04312
  -0.0216
  -0.01547
   0.04112
   0.0197
  1.161418621e-01
  2.656280402e-02
  -3.860314943e-02
  1.350060371e-01
  3.470050556e-02
  6.364245621e-02
  -1.393027011e+00 4.443796552e-01 3.749218391e-01
  3.288273276e-01 2.752297701e-01 7.287166667e-01
  -1.119666667e-02 -5.469885057e-01 4.264370115e-01
 Node:         77
  0.1447E+03  0.1284E+03  0.4678E+03  0.0000E+00
   0.144
   0.01357
  -0.01045
   5.265E-4
   0.03126
   0.009539
  1.393864943e-01
  2.243823776e-02
  -2.983923793e-02
  1.501388298e-01
  4.399516469e-02
  7.077612311e-02
  -9.691040230e-01 -2.165454598e-01 -9.091505747e-02
  -3.377374713e-02 2.485591954e-01 3.854839080e-01
  -1.473298448e-01 6.553339080e-01 -3.482193678e-01
 Node:         78
  0.1385E+03  0.1261E+03  0.4829E+03  0.0000E+00
   0.1162
   0.01509
  -5.557E-4
  -4.8E-4
   0.001155
   5.708E-4
  1.043183218e-01
  3.177454023e-04
  -5.296948851e-03
  1.071256689e-01
  3.311303946e-02
  5.049952462e-02
  -9.640626437e-01 -2.241969885e-01 -4.810032759e-02
  -7.920908046e-02 4.541093908e-01 6.628712644e-01
  -2.403799425e-01 9.878706897e-01 -3.001013966e-01
 Node:         79
  0.1559E+03  0.1269E+03  0.4511E+03  0.0000E+00
   0.1109
   0.09125
   0.004056
  -0.00264
   1.982E-4
  -0.0633
  2.085125345e-01
  -3.139658621e-02
  -6.172818391e-02
  2.566710927e-01
  3.846258812e-02
  1.209959134e-01
  -6.835178161e-01 -3.734118046e-01 7.612028736e-03
  -4.178793103e-03 5.858114943e-01 5.748408046e-01
  -5.816781609e-01 9.366678161e-01 -7.991206897e-02
 Node:         80
  0.1497E+03  0.1245E+03  0.4687E+03  0.0000E+00
   0.1512
   0.08471
  -1.171E-4
   0.02989
   0.002905
  -0.05125
  2.207568506e-01
  -2.457497816e-02
  -4.189588506e-02
  2.545210088e-01
  5.142866245e-02
  1.199823542e-01
  -9.354879310e-01 -2.969660920e-01 -1.674620791e-01
  2.732519540e-01 -7.908940230e-01 1.019552874e+00
  -2.940833333e-01 6.083362069e-01 3.562447126e-01
 Node:         81
  0.1433E+03  0.1218E+03  0.4836E+03  0.0000E+00
   0.1182
   0.02147
  -1.604E-4
   0.01398
   0.002762
  -0.006175
  1.142791207e-01
  -4.639372644e-03
  -9.509754023e-03
  1.215211699e-01
  3.337666467e-02
  5.728562887e-02
  -9.454201149e-01 -2.107914943e-01 -2.138812069e-01
  -3.970130345e-02 1.761873563e-01 2.765115517e-01
  -2.291640885e-01 5.063643678e-02 8.947517241e-01
 Node:         82
  0.1267E+03  0.1149E+03  0.4571E+03 -0.1906E-01
   0.05393
  -0.03708
  -0.03109
   0.005192
   0.04394
  -0.03742
  6.644030747e-02
  7.253890805e-03
  -6.473713046e-02
  1.160942346e-01
  2.985689272e-03
  5.472734703e-02
  -6.842994253e-01 3.088234828e-01 8.108758621e-02
  2.459159195e-01 6.482262069e-01 9.939925287e-01
  -8.781666667e-02 -5.582758621e-01 7.582268966e-01
 Node:         83
  0.1234E+03  0.1129E+03  0.4724E+03 -0.1906E-01
   0.04921
  -0.009123
  -0.03571
   0.0567
   0.01817
  -0.04519
  8.119333908e-02
  -2.015018966e-02
  -6.474230920e-02
  1.296983659e-01
  -1.233053257e-03
  6.114039603e-02
  -2.889074713e-01 1.596423161e-01 5.436896552e-02
  -2.177879310e-02 1.547787356e-01 2.468910345e-01
  2.611844828e-01 2.717862069e-01 -3.432356322e-01
 Node:         84
  0.1187E+03  0.1123E+03  0.4849E+03 -0.1906E-01
   0.06
   8.009E-4
  -0.038
   0.02176
  -8.858E-4
  -0.04457
  6.064618046e-02
  -2.563327586e-02
  -3.402928736e-02
  9.081627711e-02
  3.278724138e-04
  4.281120359e-02
  -3.065724138e-01 2.367973563e-02 2.821241379e-02
  -2.903632184e-03 5.970358621e-01 -2.294948276e-01
  2.879241379e-02 -1.308170115e-01 2.391702299e-01
 Node:         85
  0.1302E+03  0.1161E+03  0.4557E+03 -0.1906E-01
   0.05328
  -0.03529
  -0.0286
   0.01332
   0.06383
  -0.03654
  6.892225971e-02
  2.430411207e-02
  -7.873843678e-02
  1.351868961e-01
  4.829311667e-03
  6.372771398e-02
  -1.805005747e-01 1.223793103e-01 4.538408046e-02
  2.879058161e-01 4.147063218e-01 5.986885057e-01
  -8.022356322e-02 -1.377534483e-01 1.048629885e-01
 Node:         86
  0.1252E+03  0.1138E+03  0.4708E+03 -0.1906E-01
   0.04968
   0.0292
  -0.0131
   0.1061
   0.06036
  -0.04368
  1.571576954e-01
  -1.584898851e-02
  -9.934242529e-02
  2.283849691e-01
  1.398876054e-02
  1.076617069e-01
  -1.760701149e-01 5.950459770e-02 5.513505747e-02
  1.786663218e-01 1.437413793e-01 -9.018708046e-03
  6.230804598e-02 3.352591954e-02 1.451821839e-01
 Node:         87
  0.1217E+03  0.1126E+03  0.4834E+03 -0.1906E-01
   0.05861
   1.807E-4
  -0.03754
   0.02677
  -0.004384
  -0.04374
  6.233110920e-02
  -2.436245977e-02
  -3.728313218e-02
  9.391793811e-02
  2.285057471e-04
  4.427334061e-02
  -3.049333333e-01 2.256018966e-02 4.027436782e-02
  7.083511494e-02 7.344954023e-01 -1.428467586e-01
  5.225045977e-02 7.612841379e-02 -1.226626437e-01
 Node:         88
  0.1338E+03  0.1169E+03  0.4540E+03 -0.1906E-01
   0.04113
  -0.04507
  -0.02968
   0.008785
   0.09316
  -0.02493
  8.762296379e-02
  2.730626092e-02
  -9.831502299e-02
  1.668079576e-01
  5.538067241e-03
  7.863402531e-02
  -4.982231609e-01 3.554126437e-01 1.847011494e-01
  6.923925287e-01 1.250237069e-01 6.781618391e-01
  -1.390287356e-02 -1.623436782e-01 2.541495977e-01
 Node:         89
  0.1270E+03  0.1150E+03  0.4691E+03 -0.1906E-01
   0.03966
  -7.613E-4
  -0.03372
   0.04268
   0.0231
  -0.03947
  7.008155747e-02
  -2.046956322e-02
  -5.992807931e-02
  1.160493062e-01
  -3.438695019e-03
  5.470616759e-02
  -2.980287356e-01 1.964498851e-01 1.028585632e-01
  -1.120482069e-01 5.593149425e-01 5.866331034e-01
  1.944080460e-02 1.118568966e-02 2.242764368e-01
 Node:         90
  0.1248E+03  0.1132E+03  0.4822E+03 -0.1906E-01
   0.05656
   0.01432
  -0.03917
   0.01342
  -0.007376
  -0.03946
  5.735656379e-02
  -2.063599195e-02
  -3.711765517e-02
  8.751311404e-02
  -1.323611111e-04
  4.125407759e-02
  -3.060609195e-01 5.347809770e-02 3.691798851e-02
  1.628134943e-02 -2.630459770e-02 2.463045977e-01
  -3.640563218e-02 5.256649425e-01 6.630114943e-01
 Node:         91
  0.1261E+03  0.1264E+03  0.4546E+03 -0.1906E-01
   0.04032
   0.01668
  -0.01066
  -0.01907
   0.06724
  -0.03984
  8.113252299e-02
  1.795279425e-02
  -8.076773103e-02
  1.453929059e-01
  6.105862069e-03
  6.853887311e-02
  -6.175821839e-01 2.077091954e-01 1.790494253e-01
  6.500663621e-01 2.697931034e-03 1.521434080e-01
  1.546396552e-01 -4.232057471e-01 6.673873563e-01
 Node:         92
  0.1210E+03  0.1234E+03  0.4725E+03 -0.1906E-01
   0.04765
  -0.01295
  -0.02687
  -0.005399
   0.04562
  -0.03331
  6.394616322e-02
  7.931409195e-03
  -6.285709770e-02
  1.134034162e-01
  3.006824904e-03
  5.345888305e-02
  -1.334310345e-02 2.033818391e-01 1.715145402e-01
  2.767650920e-01 3.792609195e-01 6.962988506e-01
  1.209137241e-01 -2.844931034e-01 5.720534483e-01
 Node:         93
  0.1159E+03  0.1217E+03  0.4877E+03 -0.1906E-01
   0.06078
  -0.004101
  -0.03751
   0.002389
   0.007811
  -0.03811
  5.843461805e-02
  -1.789363448e-02
  -3.424496552e-02
  8.588792017e-02
  2.098672682e-03
  4.048795385e-02
  -6.429620690e-01 -1.564965517e-03 1.061133908e-01
  1.132724138e-02 2.934448276e-01 3.297005747e-01
  -8.985079218e-02 -2.778528736e-01 -1.700229885e-02
 Node:         94
  0.1315E+03  0.1265E+03  0.4535E+03 -0.1906E-01
   0.03586
   0.01584
  -0.007082
  -0.04198
   0.06087
  -0.03466
  7.500243793e-02
  2.667155575e-02
  -7.920767529e-02
  1.420531229e-01
  7.488772797e-03
  6.696448434e-02
  -2.714362069e-01 1.370075862e-01 5.728379310e-02
  5.175694253e-01 2.184948276e-01 1.786971264e-01
  2.350614943e-01 -2.684540230e-02 4.161402299e-01
 Node:         95
  0.1251E+03  0.1236E+03  0.4706E+03 -0.1906E-01
   0.04393
  -0.01644
  -0.02276
  -0.01674
   0.0336
  -0.03049
  6.138539023e-02
  -6.845885057e-04
  -5.114879713e-02
