 Group name: predicted_stress_L6A2
 #Fields=  16
 1) coordinates, coordinate, rectangular cartesian, #Components=3
   x.  Value index= 1, #Derivatives=0
   y.  Value index= 2, #Derivatives=0
   z.  Value index= 3, #Derivatives=0
 2) Tensor_1, field, rectangular cartesian, #Components=1
   Tensor_1.  Value index= 4, #Derivatives=0
 3) Tensor_2, field, rectangular cartesian, #Components=1
   Tensor_2.  Value index= 5, #Derivatives=0
 4) Tensor_3, field, rectangular cartesian, #Components=1
   Tensor_3.  Value index= 6, #Derivatives=0
 5) Tensor_4, field, rectangular cartesian, #Components=1
   Tensor_4.  Value index= 7, #Derivatives=0
 6) Tensor_5, field, rectangular cartesian, #Components=1
   Tensor_5.  Value index= 8, #Derivatives=0
 7) Tensor_6, field, rectangular cartesian, #Components=1
   Tensor_6.  Value index= 9, #Derivatives=0
 8) Principal_1, field, rectangular cartesian, #Components=1
   Principal_1.  Value index= 10, #Derivatives=0
 9) Principal_2, field, rectangular cartesian, #Components=1
   Principal_2.  Value index= 11, #Derivatives=0
 10) Principal_3, field, rectangular cartesian, #Components=1
   Principal_3.  Value index= 12, #Derivatives=0
 11) VonMises, field, rectangular cartesian, #Components=1
   VonMises.  Value index= 13, #Derivatives=0
 12) Hydrostatic, field, rectangular cartesian, #Components=1
   VonMises.  Value index= 14, #Derivatives=0
 13) Octahedral, field, rectangular cartesian, #Components=1
   VonMises.  Value index= 15, #Derivatives=0
 14) PrincipalVector1, field, rectangular cartesian, #Components=3
   x.  Value index= 16, #Derivatives=0
   y.  Value index= 17, #Derivatives=0
   z.  Value index= 18, #Derivatives=0
 15) PrincipalVector2, field, rectangular cartesian, #Components=3
   x.  Value index= 19, #Derivatives=0
   y.  Value index= 20, #Derivatives=0
   z.  Value index= 21, #Derivatives=0
 16) PrincipalVector3, field, rectangular cartesian, #Components=3
   x.  Value index= 22, #Derivatives=0
   y.  Value index= 23, #Derivatives=0
   z.  Value index= 24, #Derivatives=0
 Node:          1
  0.1287E+03  0.1133E+03  0.4908E+03 -0.2926E-04
  -5.853E-5
  -1.439E-16
  -5.853E-5
  -4.798E-17
  -7.196E-17
  -5.853E-5
  1.565851798e-02
  1.565851798e-02
  1.565851798e-02
  0.000000000e+00
  1.565851798e-02
  0.000000000e+00
  1.049149864e+00 -2.822422764e-01 -2.774728997e-02
  2.534598916e-01 9.562978320e-01 -1.577268293e-01
  6.597227642e-02 1.455956640e-01 9.889151762e-01
 Node:          2
  0.1292E+03  0.1137E+03  0.5052E+03 -0.2926E-04
  -5.853E-5
  -1.919E-16
  -5.853E-5
  -9.595E-17
   3.358E-16
  -5.853E-5
  1.565851798e-02
  1.565851798e-02
  1.565851798e-02
  0.000000000e+00
  1.565851798e-02
  0.000000000e+00
  1.134824932e+00 -4.993252033e-01 -2.535119241e-01
  5.213086721e-01 9.411552846e-01 4.813466125e-01
  -1.044070732e-03 -4.483043360e-01 8.939780488e-01
 Node:          3
  0.1289E+03  0.1155E+03  0.5194E+03 -0.2926E-04
  -5.853E-5
   2.399E-16
  -5.853E-5
   1.919E-16
   9.595E-17
  -5.853E-5
  1.565851798e-02
  1.565851798e-02
  1.565851798e-02
  0.000000000e+00
  1.565851798e-02
  0.000000000e+00
  -4.135037940e-01 -8.763439024e-01 -2.490146341e-01
  5.006192412e-01 -4.466097561e-01 7.418119241e-01
  7.610552846e-01 -1.816457995e-01 -6.234680217e-01
 Node:          4
  0.1361E+03  0.1141E+03  0.4915E+03 -0.2926E-04
  -5.853E-5
  -4.798E-17
  -5.853E-5
  -4.798E-17
  -1.439E-16
  -5.853E-5
  1.565851798e-02
  1.565851798e-02
  1.565851798e-02
  0.000000000e+00
  1.565851798e-02
  0.000000000e+00
  -4.541951220e-02 -9.770344173e-02 9.942731707e-01
  -1.079628997e+00 1.204730081e-01 -3.755512195e-02
  -1.162004336e-01 -1.075054743e+00 -1.104869919e-01
 Node:          5
  0.1341E+03  0.1144E+03  0.5054E+03 -0.2926E-04
  -5.853E-5
   2.399E-16
  -5.853E-5
   9.595E-17
  -1.199E-16
  -5.853E-5
  1.565851798e-02
  1.565851798e-02
  1.565851798e-02
  0.000000000e+00
  1.565851798e-02
  0.000000000e+00
  9.394409214e-02 -1.812265583e-01 9.790357724e-01
  7.214384824e-01 6.902243902e-01 5.848520325e-02
  -6.863271003e-01 7.007168022e-01 1.953756098e-01
 Node:          6
  0.1323E+03  0.1162E+03  0.5191E+03 -0.2926E-04
  -5.853E-5
   9.595E-17
  -5.853E-5
  -9.595E-17
  -4.798E-17
  -5.853E-5
  1.565851798e-02
  1.565851798e-02
  1.565851798e-02
  0.000000000e+00
  1.565851798e-02
  0.000000000e+00
  -7.183086721e-01 -6.893401084e-01 9.580677507e-02
  8.807894309e-01 -9.074981030e-01 -3.989994580e-02
  9.785850949e-02 3.677850949e-02 9.947674797e-01
 Node:          7
  0.1408E+03  0.1171E+03  0.4920E+03 -0.2926E-04
  -5.853E-5
   3.838E-16
  -5.853E-5
  -1.439E-16
  -1.919E-16
  -5.853E-5
  1.565851798e-02
  1.565851798e-02
  1.565851798e-02
  0.000000000e+00
  1.565851798e-02
  0.000000000e+00
  9.345214092e-01 5.391463415e-01 -1.360815718e-01
  -5.102466125e-01 8.527219512e-01 -1.181862873e-01
  4.797135501e-02 1.656238482e-01 9.851463415e-01
 Node:          8
  0.1367E+03  0.1169E+03  0.5055E+03 -0.2926E-04
  -5.853E-5
   3.358E-16
  -5.853E-5
  -6.956E-16
  -4.078E-16
  -5.853E-5
  1.565851798e-02
  1.565851798e-02
  1.565851798e-02
  0.000000000e+00
  1.565851798e-02
  0.000000000e+00
  -8.645146341e-01 -6.447222222e-01 3.381086721e-01
  6.520325203e-01 -9.144501355e-01 -1.020775610e-01
  2.953450949e-01 1.658897019e-01 9.504482385e-01
 Node:          9
  0.1339E+03  0.1180E+03  0.5191E+03 -0.2926E-04
  -5.853E-5
   2.879E-16
  -5.853E-5
  -6.837E-16
  -4.798E-16
  -5.853E-5
  1.565851798e-02
  1.565851798e-02
  1.565851798e-02
  0.000000000e+00
  1.565851798e-02
  0.000000000e+00
  3.228235772e-01 1.451509485e-01 -1.172070190e+00
  1.016177236e+00 1.817547425e-01 4.137609756e-01
  -2.101285637e-01 1.137321951e+00 7.048915989e-02
 Node:         10
  0.1294E+03  0.1212E+03  0.4911E+03 -0.2926E-04
  -5.853E-5
   4.798E-17
  -5.853E-5
  -2.399E-17
   2.159E-16
  -5.853E-5
  1.565851798e-02
  1.565851798e-02
  1.565851798e-02
  0.000000000e+00
  1.565851798e-02
  0.000000000e+00
  2.421856369e-02 8.449373984e-01 8.200447154e-01
  1.873523848e-01 7.009230352e-01 -6.913894309e-01
  -1.247173984e+00 1.643344092e-01 -1.291730352e-01
 Node:         11
  0.1295E+03  0.1214E+03  0.5055E+03 -0.2926E-04
  -5.853E-5
  -4.798E-17
  -5.853E-5
  -7.196E-17
   2.399E-17
  -5.853E-5
  1.565851798e-02
  1.565851798e-02
  1.565851798e-02
  0.000000000e+00
  1.565851798e-02
  0.000000000e+00
  -3.080772358e-01 1.534255285e-01 1.065862602e+00
  -6.752647696e-01 9.379479675e-01 -3.276430894e-01
  8.526913279e-01 7.601168022e-01 1.482577236e-01
 Node:         12
  0.1295E+03  0.1217E+03  0.5196E+03 -0.2926E-04
  -5.853E-5
  -4.96E-37
  -5.853E-5
   1.319E-16
   4.798E-17
  -5.853E-5
  1.565851798e-02
  1.565851798e-02
  1.565851798e-02
  0.000000000e+00
  1.565851798e-02
  0.000000000e+00
  -2.389560976e-01 -8.998191870e-02 -9.670823848e-01
  -3.696081301e-01 1.030276965e+00 -5.627698900e-03
  3.380214092e-01 9.046883469e-02 -9.017073171e-02
 Node:         13
  0.1361E+03  0.1199E+03  0.4914E+03 -0.2926E-04
  -5.853E-5
  -2.399E-16
  -5.853E-5
  -1.679E-16
   4.798E-17
  -5.853E-5
  1.565851798e-02
  1.565851798e-02
  1.565851798e-02
  0.000000000e+00
  1.565851798e-02
  0.000000000e+00
  1.000795122e+00 -4.002672087e-01 -1.388468835e-01
  3.681322493e-01 9.295262873e-01 -2.498921409e-02
  1.279352304e-01 -2.402416748e-02 9.915265583e-01
 Node:         14
  0.1342E+03  0.1198E+03  0.5054E+03 -0.2926E-04
  -5.853E-5
   4.798E-17
  -5.853E-5
   9.595E-17
  -1.559E-16
  -5.853E-5
  1.565851798e-02
  1.565851798e-02
  1.565851798e-02
  0.000000000e+00
  1.565851798e-02
  0.000000000e+00
  1.045257995e-01 -2.647040650e-01 9.588457995e-01
  -3.282434146e-01 -1.007679404e+00 -2.429756098e-01
  -1.030433875e+00 2.893610840e-01 1.917566938e-01
 Node:         15
  0.1330E+03  0.1205E+03  0.5193E+03 -0.2926E-04
  -5.853E-5
  -1.439E-16
  -5.853E-5
   2.399E-17
   8.396E-17
  -5.853E-5
  1.565851798e-02
  1.565851798e-02
  1.565851798e-02
  0.000000000e+00
  1.565851798e-02
  0.000000000e+00
  1.079410298e+00 -1.244942818e-01 1.784035230e-02
  -1.778010840e-02 -3.021986450e-01 -1.044473984e+00
  1.150048238e-01 9.545498645e-01 -2.774303523e-01
 Node:         16
  0.1404E+03  0.1188E+03  0.4918E+03 -0.2926E-04
  -5.853E-5
   9.595E-17
  -5.853E-5
  -1.439E-16
  -2.519E-16
  -5.853E-5
  1.565851798e-02
  1.565851798e-02
  1.565851798e-02
  0.000000000e+00
  1.565851798e-02
  0.000000000e+00
  -1.504981030e-01 -2.374002710e-01 9.597672087e-01
  -8.064181572e-01 -5.684915989e-01 -2.668433604e-01
  6.088073171e-01 -8.143336043e-01 -1.051691057e-01
 Node:         17
  0.1365E+03  0.1184E+03  0.5055E+03 -0.2926E-04
  -5.853E-5
   4.798E-17
  -5.853E-5
   1.679E-16
   2.939E-16
  -5.853E-5
  1.565851798e-02
  1.565851798e-02
  1.565851798e-02
  0.000000000e+00
  1.565851798e-02
  0.000000000e+00
  2.542346883e-01 4.122444444e-01 9.826108401e-01
  1.023138211e+00 -3.497330623e-01 -1.258960802e-01
  -2.492593496e-01 -8.796517615e-01 4.291669377e-01
 Node:         18
  0.1341E+03  0.1191E+03  0.5192E+03 -0.2926E-04
  -5.853E-5
  -6.594E-37
  -5.853E-5
   4.573E-17
   1.84E-16
  -5.853E-5
  1.565851798e-02
  1.565851798e-02
  1.565851798e-02
  0.000000000e+00
  1.565851798e-02
  0.000000000e+00
  1.851241192e-02 8.471132791e-02 1.018889160e+00
  1.026598374e+00 -3.177398374e-01 1.643637988e-02
  -2.001902439e-01 -1.177765854e+00 1.137124932e-01
 Node:         19
  0.1301E+03  0.1291E+03  0.4914E+03  0.0000E+00
   4.934E-16
   0.0
   4.934E-16
   3.631E-19
   1.731E-17
  -9.869E-16
  4.936000000e-16
  4.934000000e-16
  -9.871000000e-16
  1.480600010e-15
  -3.333333333e-20
  6.979615383e-16
  -2.097000000e-02 -9.997000000e-01 -1.169000000e-02
  -9.998000000e-01 2.097000000e-02 -8.123000000e-17
  2.452000000e-04 1.169000000e-02 -9.999000000e-01
 Node:         20
  0.1299E+03  0.1291E+03  0.5058E+03  0.0000E+00
   9.869E-16
   0.0
   0.0
   1.799E-17
   3.326E-17
  -2.467E-16
  9.871000000e-16
  4.400000000e-18
  -2.514000000e-16
  1.132478516e-15
  2.467000000e-16
  5.338554923e-16
  -9.999000000e-01 -4.917000000e-04 -1.459000000e-02
  2.401000000e-03 -9.914000000e-01 -1.311000000e-01
  -1.440000000e-02 -1.312000000e-01 9.913000000e-01
 Node:         21
  0.1301E+03  0.1280E+03  0.5197E+03  0.0000E+00
   4.934E-16
   0.0
   0.0
   7.196E-17
   2.549E-17
   4.934E-16
  5.660000000e-16
  4.222000000e-16
  -1.341000000e-18
  5.108528306e-16
  3.289530000e-16
  2.408183338e-16
  -7.039000000e-01 -3.195000000e-02 -7.096000000e-01
  -7.102000000e-01 4.241000000e-02 7.027000000e-01
  -7.642000000e-03 -9.986000000e-01 5.255000000e-02
 Node:         22
  0.1360E+03  0.1256E+03  0.4913E+03  0.0000E+00
  -9.869E-16
   2.399E-17
  -4.934E-16
  -2.399E-17
   1.739E-16
   4.934E-16
  5.234000000e-16
  -5.215000000e-16
  -9.888000000e-16
  1.341069376e-15
  -3.289666667e-16
  6.321861663e-16
  -1.298000000e-02 1.683000000e-01 9.857000000e-01
  5.935000000e-02 9.841000000e-01 -1.672000000e-01
  -9.982000000e-01 5.633000000e-02 -2.276000000e-02
 Node:         23
  0.1343E+03  0.1253E+03  0.5054E+03  0.0000E+00
   0.0
   3.598E-17
  -1.974E-15
   0.0
   2.271E-16
  -7.401E-16
  6.796000000e-19
  -6.997000000e-16
  -2.015000000e-15
  1.772499637e-15
  -9.046734667e-16
  8.355643418e-16
  9.998000000e-01 1.889000000e-02 5.790000000e-03
  -9.011000000e-03 1.753000000e-01 9.845000000e-01
  1.758000000e-02 -9.843000000e-01 1.754000000e-01
 Node:         24
  0.1336E+03  0.1248E+03  0.5194E+03  0.0000E+00
  -9.869E-16
   2.099E-17
   0.0
   2.399E-17
   1.499E-18
  -7.401E-16
  4.516000000e-19
  -7.379000000e-16
  -9.896000000e-16
  8.912682385e-16
  -5.756828000e-16
  4.201478769e-16
  -2.132000000e-02 -9.998000000e-01 -2.714000000e-03
  9.549000000e-02 -4.739000000e-03 9.954000000e-01
  -9.952000000e-01 2.096000000e-02 9.557000000e-02
 Node:         25
  0.1400E+03  0.1206E+03  0.4917E+03  0.0000E+00
   0.0
   4.617E-16
  -4.934E-16
  -1.439E-16
  -2.249E-16
   9.869E-16
  1.067000000e-15
  2.050000000e-16
  -7.785000000e-16
  1.599404030e-15
  1.645000000e-16
  7.539662901e-16
  -2.161000000e-01 -2.016000000e-01 9.553000000e-01
  8.390000000e-01 4.621000000e-01 2.874000000e-01
  -4.994000000e-01 8.636000000e-01 6.929000000e-02
 Node:         26
  0.1363E+03  0.1200E+03  0.5055E+03  0.0000E+00
   9.869E-16
   1.859E-16
  -2.714E-15
   4.797E-17
  -1.943E-15
  -2.467E-16
  1.006000000e-15
  8.090000000e-16
  -3.789000000e-15
  4.699597749e-15
  -6.580000000e-16
  2.215411625e-15
  9.680000000e-01 1.526000000e-01 -1.995000000e-01
  2.481000000e-01 -4.578000000e-01 8.538000000e-01
  -3.892000000e-02 8.759000000e-01 4.809000000e-01
 Node:         27
  0.1343E+03  0.1203E+03  0.5192E+03  0.0000E+00
   9.869E-16
  -3.358E-16
   9.869E-16
  -1.799E-16
   2.27E-15
   0.0
  2.890000000e-15
  9.150000000e-16
  -1.831000000e-15
  4.106639867e-15
  6.580000000e-16
  1.935888599e-15
  -1.931000000e-01 7.658000000e-01 6.135000000e-01
  9.808000000e-01 1.345000000e-01 1.409000000e-01
  2.534000000e-02 6.289000000e-01 -7.771000000e-01
 Node:         28
  0.1155E+03  0.1124E+03  0.4931E+03 -0.1729E-03
  -3.459E-4
   6.599E-17
  -3.459E-4
  -9.598E-17
   9.598E-17
  -3.459E-4
  9.359296457e-02
  9.359296457e-02
  9.359296457e-02
  0.000000000e+00
  9.359296457e-02
  0.000000000e+00
  1.770826558e-02 1.003027100e+00 1.779116531e-01
  7.424859079e-02 1.551897019e-01 -1.117825474e+00
  -1.084618699e+00 2.904154472e-02 -7.259501355e-02
 Node:         29
  0.1119E+03  0.1139E+03  0.5068E+03 -0.1729E-03
  -3.459E-4
  -3.599E-17
  -3.459E-4
   9.598E-17
   1.2E-17
  -3.459E-4
  9.359296457e-02
  9.359296457e-02
  9.359296457e-02
  0.000000000e+00
  9.359296457e-02
  0.000000000e+00
  -2.893932249e-02 1.121800000e+00 3.261023035e-02
  -1.127821138e+00 -5.578899729e-02 -1.971415989e-01
  -2.351563686e-01 -3.863157182e-02 1.183481301e+00
 Node:         30
  0.1113E+03  0.1159E+03  0.5206E+03 -0.1729E-03
  -3.459E-4
   2.16E-16
  -3.459E-4
   4.796E-36
  -4.799E-17
  -3.459E-4
  9.359296457e-02
  9.359296457e-02
  9.359296457e-02
  0.000000000e+00
  9.359296457e-02
  0.000000000e+00
  9.089807588e-01 8.690761518e-01 -4.461989160e-02
  -7.718401084e-01 7.856460705e-01 -2.144390244e-01
  -9.286859079e-02 2.050696477e-01 1.105638753e+00
 Node:         31
  0.1203E+03  0.1126E+03  0.4920E+03 -0.1729E-03
  -3.459E-4
   1.68E-16
  -3.459E-4
   4.799E-17
   7.199E-17
  -3.459E-4
  9.359296457e-02
  9.359296457e-02
  9.359296457e-02
  0.000000000e+00
  9.359296457e-02
  0.000000000e+00
  -8.997273713e-01 -4.676921409e-01 -5.582227642e-01
  6.049612466e-01 2.112479675e-01 -1.008622222e+00
  5.021352304e-01 -1.042279946e+00 2.207070461e-01
 Node:         32
  0.1188E+03  0.1134E+03  0.5062E+03 -0.1729E-03
  -3.459E-4
  -2.4E-17
  -3.459E-4
  -4.799E-17
   1.68E-16
  -3.459E-4
  9.359296457e-02
  9.359296457e-02
  9.359296457e-02
  0.000000000e+00
  9.359296457e-02
  0.000000000e+00
  1.141758537e+00 -2.806639566e-02 -4.913837398e-02
  5.322888889e-02 4.945544715e-01 9.338856369e-01
  3.882926829e-03 -8.902317073e-01 4.608661247e-01
 Node:         33
  0.1183E+03  0.1150E+03  0.5201E+03 -0.1729E-03
  -3.459E-4
   9.598E-17
  -3.459E-4
   1.44E-16
  -6.395E-36
  -3.459E-4
  9.359296457e-02
  9.359296457e-02
  9.359296457e-02
  0.000000000e+00
  9.359296457e-02
  0.000000000e+00
  8.850368564e-01 1.590248780e-01 2.436479675e-01
  -1.050239786e-02 7.786636856e-01 -5.101623306e-01
  -2.684550136e-01 5.287159892e-01 6.937135501e-01
 Node:         34
  0.1255E+03  0.1129E+03  0.4909E+03 -0.1729E-03
  -3.459E-4
  -7.461E-36
  -3.459E-4
   9.598E-17
   1.68E-16
  -3.459E-4
  9.359296457e-02
  9.359296457e-02
  9.359296457e-02
  0.000000000e+00
  9.359296457e-02
  0.000000000e+00
  3.476853659e-01 7.297265583e-01 7.655018970e-01
  1.420650407e-02 -9.601029810e-02 -1.579733349e-02
  -4.436135501e-01 -6.764260163e-01 8.288422764e-01
 Node:         35
  0.1260E+03  0.1135E+03  0.5054E+03 -0.1729E-03
  -3.459E-4
   1.92E-16
  -3.459E-4
   1.92E-16
   4.319E-16
  -3.459E-4
  9.359296457e-02
  9.359296457e-02
  9.359296457e-02
  0.000000000e+00
  9.359296457e-02
  0.000000000e+00
  8.241620596e-01 5.039644986e-01 5.050108401e-01
  -6.792495935e-01 5.200666667e-01 5.153306233e-01
  -1.139964352e-02 -7.018609756e-01 7.155268293e-01
 Node:         36
  0.1257E+03  0.1153E+03  0.5196E+03 -0.1729E-03
  -3.459E-4
  -9.598E-17
  -3.459E-4
  -9.598E-17
   1.44E-16
  -3.459E-4
  9.359296457e-02
  9.359296457e-02
  9.359296457e-02
  0.000000000e+00
  9.359296457e-02
  0.000000000e+00
  -5.805016260e-01 5.946742547e-01 6.271333333e-01
  6.548552846e-01 3.353392954e-01 2.945190244e-01
  -2.055806454e-02 -7.910761518e-01 8.324517615e-01
 Node:         37
  0.1132E+03  0.1210E+03  0.4959E+03 -0.1729E-03
  -3.459E-4
   2.4E-16
  -3.459E-4
  -1.44E-16
   3.119E-16
  -3.459E-4
  9.359296457e-02
  9.359296457e-02
  9.359296457e-02
  0.000000000e+00
  9.359296457e-02
  0.000000000e+00
  -5.409447154e-01 -8.664899729e-01 -3.565869919e-01
  8.815864499e-01 -2.648873713e-01 -7.152455285e-01
  4.512075881e-01 -5.995338753e-01 7.745200000e-01
 Node:         38
  0.1111E+03  0.1204E+03  0.5085E+03 -0.1729E-03
  -3.459E-4
   1.68E-16
  -3.459E-4
  -4.799E-17
  -1.44E-16
  -3.459E-4
  9.359296457e-02
  9.359296457e-02
  9.359296457e-02
  0.000000000e+00
  9.359296457e-02
  0.000000000e+00
  2.371059621e-01 1.049077507e+00 -1.580464499e-01
  1.056434959e+00 -2.525441734e-01 -9.757021680e-02
  1.225034688e-01 1.234728997e-01 9.884978320e-01
 Node:         39
  0.1119E+03  0.1201E+03  0.5207E+03 -0.1729E-03
  -3.459E-4
  -1.68E-16
  -3.459E-4
  -1.44E-16
  -1.32E-16
  -3.459E-4
  9.359296457e-02
  9.359296457e-02
  9.359296457e-02
  0.000000000e+00
  9.359296457e-02
  0.000000000e+00
  9.969910569e-01 -9.604786450e-02 -4.255460705e-01
  3.721284553e-01 -1.693165312e-01 9.163051491e-01
  -1.632715718e-01 -1.069723035e+00 -1.349802168e-01
 Node:         40
  0.1191E+03  0.1220E+03  0.4937E+03 -0.1729E-03
  -3.459E-4
   1.44E-16
  -3.459E-4
   1.44E-16
  -2.4E-17
  -3.459E-4
  9.359296457e-02
  9.359296457e-02
  9.359296457e-02
  0.000000000e+00
  9.359296457e-02
  0.000000000e+00
  6.032135501e-01 8.786433604e-02 8.425474255e-02
  -4.881565610e-03 4.489734417e-01 -4.236295393e-01
  -1.060495935e-01 3.545159892e-01 3.805555556e-01
 Node:         41
  0.1182E+03  0.1217E+03  0.5073E+03 -0.1729E-03
  -3.459E-4
  -4.799E-17
  -3.459E-4
   9.598E-17
   1.68E-16
  -3.459E-4
  9.359296457e-02
  9.359296457e-02
  9.359296457e-02
  0.000000000e+00
  9.359296457e-02
  0.000000000e+00
  -1.808539295e-01 -2.369737669e-01 -1.051083740e+00
  -1.220972629e+00 2.979392954e-01 1.191972900e-01
  2.454712737e-01 9.440298103e-01 -2.542339295e-01
 Node:         42
  0.1187E+03  0.1212E+03  0.5204E+03 -0.1729E-03
  -3.459E-4
  -9.598E-17
  -3.459E-4
   4.263E-36
   9.598E-17
  -3.459E-4
  9.359296457e-02
  9.359296457e-02
  9.359296457e-02
  0.000000000e+00
  9.359296457e-02
  0.000000000e+00
  -2.025821138e-02 1.322079133e-01 1.147214363e+00
  -1.246058537e+00 2.093073171e-01 -4.217346883e-02
  -2.124070461e-01 -1.066800813e+00 8.227384824e-02
 Node:         43
  0.1258E+03  0.1217E+03  0.4915E+03 -0.1729E-03
  -3.459E-4
   1.92E-16
  -3.459E-4
  -2.4E-17
   2.132E-36
  -3.459E-4
  9.359296457e-02
  9.359296457e-02
  9.359296457e-02
  0.000000000e+00
  9.359296457e-02
  0.000000000e+00
  1.038602981e+00 4.287289973e-01 -3.530189702e-03
  -3.024842818e-01 1.100090786e+00 3.761284553e-02
  2.210455285e-02 2.436322222e-02 1.005063415e+00
 Node:         44
  0.1259E+03  0.1220E+03  0.5059E+03 -0.1729E-03
  -3.459E-4
   2.4E-16
  -3.459E-4
   1.68E-16
   1.92E-16
  -3.459E-4
  9.359296457e-02
  9.359296457e-02
  9.359296457e-02
  0.000000000e+00
  9.359296457e-02
  0.000000000e+00
  -4.420219512e-01 -4.880636856e-01 -1.076669377e+00
  -6.427888889e-01 -6.376710027e-01 5.467010840e-01
  8.121024390e-01 -8.064425474e-01 2.497097561e-02
 Node:         45
  0.1261E+03  0.1221E+03  0.5198E+03 -0.1729E-03
  -3.459E-4
  -1.44E-16
  -3.459E-4
   4.799E-17
  -1.2E-17
  -3.459E-4
  9.359296457e-02
  9.359296457e-02
  9.359296457e-02
  0.000000000e+00
  9.359296457e-02
  0.000000000e+00
  6.344376694e-02 -1.809430894e-03 9.987739837e-01
  -1.074319512e+00 1.501872629e-01 6.854084011e-02
  -1.495149051e-01 -1.077091328e+00 6.470520325e-03
 Node:         46
  0.1117E+03  0.1296E+03  0.4959E+03  0.0000E+00
  -2.467E-16
   4.797E-17
  -7.401E-16
   1.199E-17
  -4.497E-17
   0.0
  3.057000000e-18
  -2.423000000e-16
  -7.476000000e-16
  6.629532710e-16
  -3.289476667e-16
  3.125191690e-16
  3.676000000e-02 -5.800000000e-02 9.976000000e-01
  9.946000000e-01 9.864000000e-02 -3.092000000e-02
  -9.662000000e-02 9.934000000e-01 6.131000000e-02
 Node:         47
  0.1107E+03  0.1269E+03  0.5087E+03  0.0000E+00
  -7.401E-16
  -5.397E-17
   4.934E-16
  -4.797E-17
   6.896E-17
   0.0
  5.058000000e-16
  -7.273000000e-18
  -7.452000000e-16
  1.089215580e-15
  -8.222433333e-17
  5.134611487e-16
  -4.821000000e-02 9.891000000e-01 1.394000000e-01
  -5.424000000e-02 -1.420000000e-01 9.884000000e-01
  -9.974000000e-01 -4.009000000e-02 -6.049000000e-02
 Node:         48
  0.1125E+03  0.1242E+03  0.5208E+03  0.0000E+00
   4.934E-16
   5.997E-18
   4.934E-16
   0.0
  -2.998E-18
   4.934E-16
  5.001000000e-16
  4.934000000e-16
  4.867000000e-16
  1.160474041e-17
  4.934000000e-16
  5.470527092e-18
  -6.325000000e-01 -7.071000000e-01 3.162000000e-01
  4.472000000e-01 -2.276000000e-15 8.944000000e-01
  6.325000000e-01 -7.071000000e-01 -3.162000000e-01
 Node:         49
  0.1186E+03  0.1311E+03  0.4938E+03  0.0000E+00
  -7.401E-16
  -3.598E-17
   0.0
  -7.196E-17
  -1.049E-17
  -2.467E-16
  1.947000000e-18
  -2.366000000e-16
  -7.523000000e-16
  6.677348644e-16
  -3.289843333e-16
  3.147732338e-16
  4.561000000e-02 -9.985000000e-01 2.894000000e-02
  -1.430000000e-01 2.215000000e-02 9.895000000e-01
  -9.887000000e-01 -4.926000000e-02 -1.418000000e-01
 Node:         50
  0.1180E+03  0.1298E+03  0.5075E+03  0.0000E+00
   0.0
  -2.249E-17
   1.48E-15
  -7.196E-17
   2.155E-17
   9.869E-16
  1.482000000e-15
  9.910000000e-16
  -5.513000000e-18
  1.312785985e-15
  8.224956667e-16
  6.188532481e-16
  1.739000000e-02 -9.988000000e-01 -4.603000000e-02
  -7.128000000e-02 -4.716000000e-02 9.963000000e-01
  9.973000000e-01 1.405000000e-02 7.201000000e-02
 Node:         51
  0.1192E+03  0.1275E+03  0.5206E+03  0.0000E+00
   0.0
  -5.997E-18
  -2.467E-16
   0.0
   2.549E-17
   4.934E-16
  4.943000000e-16
  1.449000000e-19
  -2.477000000e-16
  6.542860068e-16
  8.224830000e-17
  3.084333815e-16
  -4.170000000e-04 3.438000000e-02 9.994000000e-01
  9.997000000e-01 -2.416000000e-02 1.248000000e-03
  2.418000000e-02 9.991000000e-01 -3.436000000e-02
 Node:         52
  0.1262E+03  0.1305E+03  0.4920E+03  0.0000E+00
   4.934E-16
  -2.399E-17
   4.934E-16
   2.249E-18
   8.48E-18
   0.0
  5.175000000e-16
  4.696000000e-16
  -1.600000000e-19
  4.954496661e-16
  3.289800000e-16
  2.335572124e-16
  -7.061000000e-01 7.080000000e-01 8.534000000e-03
  7.081000000e-01 7.060000000e-01 1.614000000e-02
  -5.403000000e-03 -1.744000000e-02 9.998000000e-01
 Node:         53
  0.1258E+03  0.1304E+03  0.5063E+03  0.0000E+00
  -7.401E-16
  -2.998E-18
  -4.934E-16
   4.797E-17
   5.847E-17
  -9.869E-16
  -4.866000000e-16
  -7.314000000e-16
  -1.002000000e-15
  4.465358664e-16
  -7.400000000e-16
  2.104990261e-16
  1.040000000e-02 9.931000000e-01 1.171000000e-01
  -9.836000000e-01 3.123000000e-02 -1.776000000e-01
  -1.800000000e-01 -1.133000000e-01 9.771000000e-01
 Node:         54
  0.1265E+03  0.1288E+03  0.5200E+03  0.0000E+00
  -9.869E-16
   3.598E-17
   4.934E-16
   0.0
  -7.496E-18
   4.934E-16
  5.014000000e-16
  4.864000000e-16
  -9.877000000e-16
  1.481656947e-15
  3.333333333e-20
  6.984597833e-16
  1.758000000e-02 7.272000000e-01 -6.862000000e-01
  1.675000000e-02 6.860000000e-01 7.274000000e-01
  -9.997000000e-01 2.428000000e-02 1.229000000e-04
 Node:         55
  0.1381E+03  0.1168E+03  0.4521E+03  0.1302E-01
   0.0366
  -0.02098
   0.02658
  -0.006936
   0.03095
   0.01881
  8.021418970e-02
  2.802672900e-02
  -1.371560976e-02
  8.051185307e-02
  3.150843631e-02
  3.795365152e-02
  -7.161059621e-01 8.163785908e-01 5.714815718e-01
  8.163520325e-01 3.716634417e-01 5.736271003e-01
  -2.814105691e-01 -9.181905149e-01 9.668699187e-01
 Node:         56
  0.1313E+03  0.1156E+03  0.4681E+03  0.1302E-01
   0.03875
  -0.0276
   0.02674
  -0.02313
   0.01697
   0.02248
  6.464705420e-02
  1.995377453e-02
  1.154950732e-02
  5.024862117e-02
  3.205011201e-02
  2.368742718e-02
  -7.648856369e-01 6.281706287e-01 4.795068022e-01
  2.983355556e-01 3.781468835e-01 8.218011111e-01
  5.078780488e-01 1.108318970e-01 -6.012883469e-02
 Node:         57
  0.1285E+03  0.1140E+03  0.4823E+03  0.1302E-01
   0.0341
  -0.01099
   0.02675
  -0.006821
   0.004741
   0.02601
  4.620085637e-02
  2.353055149e-02
  2.412300108e-02
  2.194227648e-02
  3.128480298e-02
  1.034368833e-02
  -8.351544715e-01 4.468914634e-01 3.020751599e-01
  1.735511881e-01 3.516476965e-02 5.805181572e-01
  2.055092412e-01 -2.679647696e-02 3.832028943e-01
 Node:         58
  0.1476E+03  0.1179E+03  0.4522E+03  0.1302E-01
   0.03634
  -0.01894
   0.02832
  -0.002638
   0.01956
   0.0134
  7.954097019e-02
  2.103038005e-02
  -6.375476423e-03
  7.629580615e-02
  3.139862461e-02
  3.596618794e-02
  -6.887848238e-01 6.609644986e-01 2.979032520e-01
  8.168951220e-01 4.894176152e-01 8.208691057e-01
  -2.565932249e-01 -6.103027100e-01 7.577886179e-01
 Node:         59
  0.1414E+03  0.1167E+03  0.4686E+03  0.1302E-01
   0.0421
  -0.04002
   0.02818
  -0.04612
   0.0345
   0.02243
  1.203143469e-01
  1.212010569e-03
  -1.135291328e-02
  1.256756205e-01
  3.672448139e-02
  5.924405568e-02
  -6.720238482e-01 5.563018970e-01 5.945302331e-01
  5.521062331e-01 4.833766938e-01 9.123956640e-02
  -6.895219512e-01 -6.551318699e-01 1.475279133e-01
 Node:         60
  0.1374E+03  0.1150E+03  0.4832E+03  0.1302E-01
   0.03574
  -0.02023
   0.0274
  -0.022
   0.01408
   0.02685
  6.538104065e-02
  1.806909583e-02
  1.472574092e-02
  4.904255177e-02
  3.272529247e-02
  2.311888061e-02
  -7.257842818e-01 5.448671003e-01 5.514957995e-01
  1.190181572e-01 -3.940447154e-01 9.327546341e-01
  3.731726287e-01 -4.433910244e-01 5.413376694e-01
 Node:         61
  0.1546E+03  0.1222E+03  0.4525E+03  0.1302E-01
   0.03987
  -0.01361
   0.02515
   0.01884
  -0.03071
   0.02123
  7.038272087e-02
  1.891860379e-02
  7.171792954e-03
  5.921648428e-02
  3.215770587e-02
  2.791491840e-02
  -7.266260163e-01 5.434487805e-01 -3.899832520e-01
  5.258065854e-01 3.545105691e-01 -1.073569106e-01
  -1.465791328e-02 2.563420054e-01 1.032248238e+00
 Node:         62
  0.1487E+03  0.1203E+03  0.4692E+03  0.1302E-01
   0.04476
  -0.06613
   0.02855
  -0.04638
   0.01772
   0.03151
  1.564490894e-01
  9.056800813e-03
  -3.414692683e-02
  1.732784748e-01
  4.378632114e-02
  8.168425638e-02
  -7.284593496e-01 5.457945799e-01 4.246951220e-01
  3.500409756e-01 -3.588737263e-01 1.445371003e+00
  9.883010840e-01 1.181201897e+00 5.491368835e-02
 Node:         63
  0.1436E+03  0.1181E+03  0.4838E+03  0.1302E-01
   0.03495
  -0.03416
   0.02985
  -0.01791
   0.02479
   0.02793
  8.352267209e-02
  1.748576260e-02
  1.760546612e-03
  7.516452401e-02
  3.425632710e-02
  3.543289642e-02
  -6.494880759e-01 6.547975610e-01 4.937249431e-01
  1.011672087e-01 -1.898989295e-01 4.904000000e-01
  -6.022477236e-01 -1.109223035e+00 2.151883469e-01
 Node:         64
  0.1409E+03  0.1253E+03  0.4518E+03  0.1302E-01
   0.02823
  -0.02982
   0.0326
  -8.719E-4
   0.001894
   0.02143
  5.453108943e-02
  2.560445474e-02
  1.123691111e-02
  3.949616953e-02
  3.045748509e-02
  1.861867287e-02
  -1.048037127e+00 7.010559350e-01 2.531549046e-01
  2.538213252e-01 1.367585366e-02 6.581851491e-01
  5.430956640e-01 6.098981030e-01 5.190162602e-03
 Node:         65
  0.1338E+03  0.1229E+03  0.4680E+03  0.1302E-01
   0.03416
  -0.04939
   0.03029
  -0.01345
   0.004918
   0.02317
  8.284961789e-02
  1.942003279e-02
  -3.136731707e-03
  7.783482618e-02
  3.304430632e-02
  3.669168894e-02
  -7.138504065e-01 8.579619783e-01 2.603001897e-01
  1.216149268e-01 4.570785908e-02 1.149337268e+00
  7.769942547e-01 5.366766938e-01 6.849154472e-01
 Node:         66
  0.1299E+03  0.1214E+03  0.4825E+03  0.1302E-01
   0.03404
  -0.01459
   0.02728
  -0.005987
   0.004633
   0.02596
  5.080548238e-02
  2.351527518e-02
  2.040546694e-02
  2.915020897e-02
  3.157540817e-02
  1.374154029e-02
  -7.964054201e-01 5.707659512e-01 2.820274526e-01
  1.830760434e-01 3.282178591e-01 4.354308943e-01
  3.341889859e-01 5.106639566e-02 1.599718157e-01
 Node:         67
  0.1494E+03  0.1245E+03  0.4521E+03  0.1302E-01
   0.03058
  -0.02099
   0.0323
  -7.16E-5
   0.00581
   0.01455
  6.687666667e-02
  1.381380027e-02
  9.055679133e-03
  5.572659057e-02
  2.991538202e-02
  2.626976672e-02
  -6.804476965e-01 7.366872629e-01 1.043618428e-01
  -4.298440108e-01 -2.231094038e-01 -8.200769648e-01
  -6.251997290e-01 -6.880398374e-01 5.282811924e-01
 Node:         68
  0.1428E+03  0.1224E+03  0.4686E+03  0.1302E-01
   0.04007
  -0.05091
   0.03144
  -0.03454
   0.01445
   0.01956
  1.256084851e-01
  7.146675339e-03
  -2.051330623e-02
  1.344556777e-01
  3.741395140e-02
  6.338301430e-02
  -7.244460705e-01 5.824951220e-01 3.802756098e-01
  -1.704657724e-02 -5.919889919e-01 8.611680217e-01
  7.009937669e-01 6.267512195e-01 4.468051247e-01
 Node:         69
  0.1379E+03  0.1205E+03  0.4830E+03  0.1302E-01
   0.03587
  -0.02093
   0.02762
  -0.01663
   0.009822
   0.02603
  6.716532520e-02
  1.944537810e-02
  1.181740385e-02
  5.193422227e-02
  3.280936905e-02
  2.448202716e-02
  -7.304387534e-01 5.591783198e-01 4.618700813e-01
  1.719498645e-01 -4.495277507e-01 7.396691057e-01
  4.322883469e-01 3.134780488e-01 2.111855556e-01
 Node:         70
  0.1548E+03  0.1243E+03  0.4525E+03  0.1302E-01
   0.03284
  -0.0276
   0.03095
  -0.01617
   0.01323
   0.01103
  8.821222222e-02
  2.446766667e-03
  -4.077734417e-04
  8.720180831e-02
  3.008373848e-02
  4.110732666e-02
  -7.050216802e-01 6.446921409e-01 3.127593496e-01
  4.560934959e-01 7.632837398e-01 -4.331138211e-01
  -2.104799187e-01 -1.270617073e-01 -1.619046070e-01
 Node:         71
  0.1489E+03  0.1222E+03  0.4692E+03  0.1302E-01
   0.0457
  -0.0424
   0.03091
  -0.06917
   0.02651
   0.0201
  1.668949160e-01
  -4.909198103e-03
  -3.173424661e-02
  1.873359580e-01
  4.341715709e-02
  8.831101749e-02
  -7.323390244e-01 4.502612466e-01 5.136821138e-01
  -1.264468130e-01 -1.023365501e+00 8.569888889e-01
  9.995094851e-01 6.938487805e-01 7.555221138e-01
 Node:         72
  0.1434E+03  0.1199E+03  0.4837E+03  0.1302E-01
   0.03793
  -0.02157
   0.02735
  -0.0292
   0.01275
   0.02654
  8.202041463e-02
  1.408348667e-02
  6.595654743e-03
  7.211000762e-02
  3.423318535e-02
  3.399298359e-02
  -7.202021680e-01 4.683718157e-01 5.521119783e-01
  -1.491186992e-01 -8.336849051e-01 3.835482385e-01
  5.899092141e-01 2.481506775e-01 5.834517615e-01
 Node:         73
  0.1438E+03  0.1339E+03  0.4513E+03  0.0000E+00
   0.01432
   0.00114
  -0.004963
  -0.01127
   0.009153
   1.181E-4
  2.642248780e-02
  2.716197561e-03
  -9.564824932e-03
  3.200218930e-02
  6.524620145e-03
  1.508597671e-02
  -4.385913279e-01 2.745365854e-02 1.450918699e-01
  2.714996070e-01 4.462402439e-01 1.253300813e+00
  2.070042818e-01 -5.434831978e-01 4.472600542e-01
 Node:         74
  0.1363E+03  0.1303E+03  0.4678E+03  0.0000E+00
   0.02078
   0.03839
  -2.841E-4
   0.007802
   0.0151
   0.002978
  4.900740650e-02
  -2.183829268e-04
  -1.391394309e-02
  5.752030573e-02
  1.162502683e-02
  2.711533216e-02
  -8.200092141e-01 -6.170584282e-01 -2.523583198e-01
  -3.142903523e-01 5.357577778e-02 9.576644986e-01
  -5.614760705e-01 8.762506775e-01 -2.527682927e-01
 Node:         75
  0.1313E+03  0.1288E+03  0.4826E+03  0.0000E+00
   0.01243
   0.01513
   4.127E-4
   0.004254
   0.00224
   4.37E-4
  2.638815176e-02
  -5.144779282e-04
  -4.550572358e-03
  2.942846277e-02
  7.107700492e-03
  1.387271039e-02
  -8.669476965e-01 -4.981389160e-01 -1.671797371e-01
  -9.823040379e-02 9.981111111e-03 8.430888889e-01
  -5.118698645e-01 8.847734417e-01 1.040715447e-02
 Node:         76
  0.1511E+03  0.1311E+03  0.4519E+03  0.0000E+00
   0.01252
  -0.003738
  -0.004608
  -0.01206
   0.001073
  -0.001595
  2.979479675e-02
  -2.380169377e-03
  -1.011392141e-02
  3.594111099e-02
  5.766901987e-03
  1.694280220e-02
  -1.004888889e+00 2.186697561e-01 4.901157182e-01
  2.063791870e-01 -3.579208672e-01 4.429027100e-01
  1.226218428e-01 -6.398005420e-01 7.710132791e-01
 Node:         77
  0.1443E+03  0.1282E+03  0.4685E+03  0.0000E+00
   0.02386
   0.0344
  -2.763E-4
   0.009838
   0.005858
   0.001076
  5.386755556e-02
  3.026676829e-03
  -1.787903902e-02
  6.393464289e-02
  1.300506445e-02
  3.013907969e-02
  -8.419850949e-01 -5.792465312e-01 -2.563288022e-01
  -1.581441843e-01 -2.123846612e-01 5.174116531e-01
  -4.944752602e-01 1.311977507e+00 -4.306137940e-01
 Node:         78
  0.1384E+03  0.1261E+03  0.4829E+03  0.0000E+00
   0.01339
   0.01791
   4.606E-4
   0.005877
   0.002593
   2.98E-4
  3.168241734e-02
  -4.240646612e-04
  -8.042809485e-03
  3.669408132e-02
  7.738514399e-03
  1.729775582e-02
  -8.423501355e-01 -5.335421843e-01 -2.078332114e-01
  -1.364332791e-01 6.732357182e-02 1.192635501e+00
  -5.684338482e-01 8.997495935e-01 -2.526183333e-01
 Node:         79
  0.1551E+03  0.1263E+03  0.4525E+03  0.0000E+00
   0.009645
  -0.01275
  -0.01843
  -0.03556
   0.001824
  -0.002083
  3.612179675e-02
  -1.406661789e-02
  -2.519666125e-02
  5.685985214e-02
  -1.047160795e-03
  2.680399135e-02
  9.998563686e-02 -1.070903198e-01 -1.950782737e-01
  -1.525879675e-01 9.813205962e-01 -1.415542005e-01
  2.648214092e-01 4.423485095e-01 8.533333333e-03
 Node:         80
  0.1491E+03  0.1241E+03  0.4692E+03  0.0000E+00
   0.02783
   0.003961
  -0.01155
   0.02058
   0.008476
   6.158E-4
  5.950270461e-02
  -9.501667209e-03
  -1.387538753e-02
  7.147237116e-02
  1.204188329e-02
  3.369239888e-02
  -8.885227642e-01 -1.837956640e-01 -4.261020609e-01
  -1.287357182e-01 -4.595859079e-02 5.240742547e-01
  -1.418646070e-01 2.096341463e-01 3.680381030e-01
 Node:         81
  0.1433E+03  0.1217E+03  0.4836E+03  0.0000E+00
   0.01478
   0.01318
  -0.001007
   0.02133
   0.00614
   9.686E-4
  3.947994309e-02
  -5.090705583e-03
  -9.718642818e-03
  4.725976282e-02
  8.223531563e-03
  2.227846584e-02
  -8.065027100e-01 -3.612441734e-01 -5.209704878e-01
  1.000702341e-01 -9.859159892e-01 5.544038211e-01
  -6.153225371e-01 3.039312737e-01 7.036739837e-01
 Node:         82
  0.1267E+03  0.1148E+03  0.4554E+03  0.2325E-01
   0.0565
  -0.0238
   0.04558
  -0.009599
  -0.003521
   0.04532
  7.704783225e-02
  3.771026287e-02
  2.255882087e-02
  4.727860413e-02
  4.577230533e-02
  2.228734772e-02
  -1.374219783e+00 6.375586341e-01 1.412915447e-01
  6.961257453e-02 1.132954472e-01 1.277669377e+00
  3.667046070e-01 2.118804878e-01 6.673595122e-01
 Node:         83
  0.1234E+03  0.1129E+03  0.4716E+03  0.2325E-01
   0.05433
  -0.01881
   0.04578
  -0.02243
   0.00112
   0.04715
  6.620039295e-02
  4.260856098e-02
  2.706306938e-02
  3.419087161e-02
  4.529067444e-02
  1.611773145e-02
  -1.254363144e+00 3.733341924e-01 1.382772358e-01
  7.473528455e-02 -5.732818428e-01 6.575201626e-01
  7.486991870e-01 6.522959350e-01 -1.633807588e-01
 Node:         84
  0.1187E+03  0.1123E+03  0.4849E+03  0.2325E-01
   0.05304
  -0.001789
   0.04643
  -0.006316
   3.234E-4
   0.04728
  5.579945312e-02
  4.020847154e-02
  3.891863957e-02
  1.641232046e-02
  4.497552141e-02
  7.736842059e-03
  -1.371021951e+00 1.046155718e-01 2.300653659e-01
  1.748189160e-02 -6.367320325e-01 1.458281301e-01
  4.341692683e-01 -2.798661247e-02 1.725133875e-01
 Node:         85
  0.1302E+03  0.1161E+03  0.4541E+03  0.2325E-01
   0.05705
  -0.02715
   0.0456
  -0.009408
  -0.00646
   0.04433
  7.683172079e-02
  4.073063171e-02
  1.912594580e-02
  5.021730697e-02
  4.556276610e-02
  2.367266553e-02
  -8.730745257e-01 2.839000000e-01 -3.760379404e-02
  2.721927371e-01 -2.358379404e-01 8.286598916e-01
  1.756070461e-01 2.112097561e-01 1.971146883e-01
 Node:         86
  0.1252E+03  0.1138E+03  0.4698E+03  0.2325E-01
   0.05184
  -0.01891
   0.04966
  -0.04854
   0.006498
   0.04677
  6.517524932e-02
  4.996952304e-02
  1.696907209e-02
  4.046842788e-02
  4.403794815e-02
  1.907699985e-02
  -1.012091328e+00 1.607701897e-01 2.542420054e-01
  2.942456369e-01 -9.435455285e-01 2.737016428e-01
  7.541644986e-01 2.256009485e-01 1.373636856e-01
 Node:         87
  0.1217E+03  0.1126E+03  0.4833E+03  0.2325E-01
   0.05335
  -0.001419
   0.04644
  -0.009901
   0.001245
   0.04738
  5.717944444e-02
  4.013176152e-02
  3.811542818e-02
  1.834129084e-02
  4.514221138e-02
  8.646167418e-03
  -1.345688347e+00 1.031044146e-01 2.545904607e-01
  -6.674712737e-02 -5.298701897e-01 4.779009756e-02
  5.289069377e-01 -1.428463577e-01 -6.755501355e-02
 Node:         88
  0.1338E+03  0.1169E+03  0.4524E+03  0.2325E-01
   0.05536
  -0.0272
   0.0465
  -0.009659
   0.005002
   0.04527
  8.294769512e-02
  3.997088119e-02
  1.477545799e-02
  5.890462683e-02
  4.589801144e-02
  2.776790738e-02
  -9.142451762e-01 6.360907859e-01 2.823799458e-01
  4.945383198e-01 -6.809857724e-02 8.790210840e-01
  2.614241192e-01 2.854466125e-01 1.440344986e-01
 Node:         89
  0.1270E+03  0.1150E+03  0.4681E+03  0.2325E-01
   0.05692
  -0.02355
   0.04638
  -0.02563
   0.001099
   0.04658
  6.938474526e-02
  4.513195664e-02
  2.482065203e-02
  3.841953457e-02
  4.644578464e-02
  1.811114228e-02
  -1.248384011e+00 3.593262331e-01 1.611188889e-01
  1.536901789e-01 -6.202720867e-01 8.402749593e-01
  6.791523035e-01 5.892688618e-01 -4.213279133e-03
 Node:         90
  0.1248E+03  0.1132E+03  0.4821E+03  0.2325E-01
   0.05385
  -0.007918
   0.04681
  -0.006158
   0.003166
   0.04673
  5.832269350e-02
  3.857169051e-02
  3.894775610e-02
  1.924519129e-02
  4.528071337e-02
  9.072270179e-03
  -1.342142005e+00 2.593768482e-01 2.048263144e-01
  1.735347686e-01 -5.185653117e-01 1.168344986e+00
  3.301426558e-01 1.892344173e-01 4.413669377e-01
 Node:         91
  0.1257E+03  0.1258E+03  0.4541E+03  0.2325E-01
   0.04943
  -0.04604
   0.05013
  -0.01693
   7.985E-4
   0.04513
  7.709702168e-02
  4.442540596e-02
  1.173187463e-02
  6.007191686e-02
  4.441810076e-02
  2.831817318e-02
  -5.810287263e-01 9.763143631e-01 4.869214092e-01
  1.945068374e-01 -1.733365854e-02 1.068276198e+00
  4.857934959e-01 4.180555556e-01 3.601937669e-01
 Node:         92
  0.1208E+03  0.1230E+03  0.4722E+03  0.2325E-01
   0.05442
  -0.03106
   0.04628
  -0.02668
  -0.001209
   0.04631
  7.964305474e-02
  4.173600867e-02
  1.532498103e-02
  5.751450717e-02
  4.556801481e-02
  2.711259869e-02
  -9.749186992e-01 3.821373442e-01 3.087697290e-01
  3.891725257e-01 -4.889596206e-01 7.914111111e-01
  5.419603252e-01 4.366219512e-01 4.916308943e-01
 Node:         93
  0.1159E+03  0.1217E+03  0.4876E+03  0.2325E-01
   0.05369
   4.183E-4
   0.04633
  -0.01246
  -0.005226
   0.04715
  6.041685068e-02
  3.961941789e-02
  3.542993496e-02
  2.350615708e-02
  4.515540117e-02
  1.108090871e-02
  -1.424404878e+00 -1.159872846e-01 4.525236043e-01
  -2.537469919e-01 1.012913821e+00 3.600859079e-01
  -4.375272674e-01 -6.189059621e-01 -3.148054201e-01
 Node:         94
  0.1311E+03  0.1260E+03  0.4531E+03  0.2325E-01
   0.04845
  -0.04524
   0.05099
  -0.01067
  -0.003337
   0.04419
  7.933867805e-02
  3.845814282e-02
  1.384486640e-02
  5.844048959e-02
  4.388056242e-02
  2.754911099e-02
  -8.423325203e-01 5.568372358e-01 1.313293496e-01
  3.012843360e-01 -6.776504065e-02 7.490151762e-01
  6.655092141e-01 5.041880759e-01 4.417932249e-01
 Node:         95
  0.1248E+03  0.1233E+03  0.4703E+03  0.2325E-01
   0.05588
  -0.02804
   0.0476
  -0.0301
   0.001562
   0.04423
  8.621174770e-02
  3.633323360e-02
  1.559419214e-02
  6.310949687e-02
  4.604639115e-02
  2.975010213e-02
  -1.005706504e+00 3.767194038e-01 3.369877507e-01
  2.640770461e-01 -5.757886179e-01 5.838899729e-01
