 Group name: predicted_stress_L6A3
 #Fields=  16
 1) coordinates, coordinate, rectangular cartesian, #Components=3
   x.  Value index= 1, #Derivatives=0
   y.  Value index= 2, #Derivatives=0
   z.  Value index= 3, #Derivatives=0
 2) Tensor_1, field, rectangular cartesian, #Components=1
   Tensor_1.  Value index= 4, #Derivatives=0
 3) Tensor_2, field, rectangular cartesian, #Components=1
   Tensor_2.  Value index= 5, #Derivatives=0
 4) Tensor_3, field, rectangular cartesian, #Components=1
   Tensor_3.  Value index= 6, #Derivatives=0
 5) Tensor_4, field, rectangular cartesian, #Components=1
   Tensor_4.  Value index= 7, #Derivatives=0
 6) Tensor_5, field, rectangular cartesian, #Components=1
   Tensor_5.  Value index= 8, #Derivatives=0
 7) Tensor_6, field, rectangular cartesian, #Components=1
   Tensor_6.  Value index= 9, #Derivatives=0
 8) Principal_1, field, rectangular cartesian, #Components=1
   Principal_1.  Value index= 10, #Derivatives=0
 9) Principal_2, field, rectangular cartesian, #Components=1
   Principal_2.  Value index= 11, #Derivatives=0
 10) Principal_3, field, rectangular cartesian, #Components=1
   Principal_3.  Value index= 12, #Derivatives=0
 11) VonMises, field, rectangular cartesian, #Components=1
   VonMises.  Value index= 13, #Derivatives=0
 12) Hydrostatic, field, rectangular cartesian, #Components=1
   VonMises.  Value index= 14, #Derivatives=0
 13) Octahedral, field, rectangular cartesian, #Components=1
   VonMises.  Value index= 15, #Derivatives=0
 14) PrincipalVector1, field, rectangular cartesian, #Components=3
   x.  Value index= 16, #Derivatives=0
   y.  Value index= 17, #Derivatives=0
   z.  Value index= 18, #Derivatives=0
 15) PrincipalVector2, field, rectangular cartesian, #Components=3
   x.  Value index= 19, #Derivatives=0
   y.  Value index= 20, #Derivatives=0
   z.  Value index= 21, #Derivatives=0
 16) PrincipalVector3, field, rectangular cartesian, #Components=3
   x.  Value index= 22, #Derivatives=0
   y.  Value index= 23, #Derivatives=0
   z.  Value index= 24, #Derivatives=0
 Node:          1
  0.1287E+03  0.1133E+03  0.4908E+03 -0.2072E-04
  -4.145E-5
  -1.439E-16
  -4.145E-5
  -4.797E-17
  -7.196E-17
  -4.145E-5
  5.554767522e-03
  5.554767522e-03
  5.554767522e-03
  0.000000000e+00
  5.554767522e-03
  0.000000000e+00
  1.048054255e+00 -2.797542553e-01 -2.880893617e-02
  2.502287234e-01 9.542351064e-01 -1.673234043e-01
  6.864340426e-02 1.549042553e-01 9.861297872e-01
 Node:          2
  0.1292E+03  0.1137E+03  0.5052E+03 -0.2072E-04
  -4.145E-5
  -1.919E-16
  -4.145E-5
  -9.595E-17
   3.358E-16
  -4.145E-5
  5.554767522e-03
  5.554767522e-03
  5.554767522e-03
  0.000000000e+00
  5.554767522e-03
  0.000000000e+00
  1.029057447e+00 -4.559936170e-01 -2.304861702e-01
  4.729414894e-01 8.492159574e-01 4.321148936e-01
  -9.889882979e-04 -4.505563830e-01 8.927702128e-01
 Node:          3
  0.1289E+03  0.1155E+03  0.5194E+03 -0.2072E-04
  -4.145E-5
   2.399E-16
  -4.145E-5
   1.919E-16
   9.595E-17
  -4.145E-5
  5.554767522e-03
  5.554767522e-03
  5.554767522e-03
  0.000000000e+00
  5.554767522e-03
  0.000000000e+00
  -4.107223404e-01 -8.759297872e-01 -2.538287234e-01
  4.976457447e-01 -4.484042553e-01 7.425680851e-01
  7.641670213e-01 -1.784744681e-01 -6.200840426e-01
 Node:          4
  0.1361E+03  0.1141E+03  0.4915E+03 -0.2072E-04
  -4.145E-5
  -4.797E-17
  -4.145E-5
  -4.797E-17
  -1.439E-16
  -4.145E-5
  5.554767522e-03
  5.554767522e-03
  5.554767522e-03
  0.000000000e+00
  5.554767522e-03
  0.000000000e+00
  -4.391414894e-02 -9.538276596e-02 9.944914894e-01
  -1.078323404e+00 1.165132979e-01 -3.645159574e-02
  -1.124100000e-01 -1.073910638e+00 -1.078160638e-01
 Node:          5
  0.1341E+03  0.1144E+03  0.5054E+03 -0.2072E-04
  -4.145E-5
   2.399E-16
  -4.145E-5
   9.595E-17
  -1.199E-16
  -4.145E-5
  5.554767522e-03
  5.554767522e-03
  5.554767522e-03
  0.000000000e+00
  5.554767522e-03
  0.000000000e+00
  9.590946809e-02 -1.800382979e-01 9.790127660e-01
  7.195159574e-01 6.922202128e-01 5.678127660e-02
  -6.879202128e-01 6.989287234e-01 1.958414894e-01
 Node:          6
  0.1323E+03  0.1162E+03  0.5191E+03 -0.2072E-04
  -4.145E-5
   9.595E-17
  -4.145E-5
  -9.595E-17
  -4.797E-17
  -4.145E-5
  5.554767522e-03
  5.554767522e-03
  5.554767522e-03
  0.000000000e+00
  5.554767522e-03
  0.000000000e+00
  -7.161744681e-01 -6.915882979e-01 9.414446809e-02
  7.975585106e-01 -8.259010638e-01 -3.920521277e-02
  9.404446809e-02 3.821106383e-02 9.949170213e-01
 Node:          7
  0.1408E+03  0.1171E+03  0.4920E+03 -0.2072E-04
  -4.145E-5
   3.838E-16
  -4.145E-5
  -1.439E-16
  -1.919E-16
  -4.145E-5
  5.554767522e-03
  5.554767522e-03
  5.554767522e-03
  0.000000000e+00
  5.554767522e-03
  0.000000000e+00
  9.360457447e-01 5.319723404e-01 -1.369978723e-01
  -5.040425532e-01 8.559031915e-01 -1.177788298e-01
  5.029659574e-02 1.652510638e-01 9.850319149e-01
 Node:          8
  0.1367E+03  0.1169E+03  0.5055E+03 -0.2072E-04
  -4.145E-5
   3.358E-16
  -4.145E-5
  -6.956E-16
  -4.078E-16
  -4.145E-5
  5.554767522e-03
  5.554767522e-03
  5.554767522e-03
  0.000000000e+00
  5.554767522e-03
  0.000000000e+00
  -7.719361702e-01 -6.332010638e-01 3.112957447e-01
  6.415946809e-01 -8.201861702e-01 -8.665851064e-02
  2.832975532e-01 1.441446809e-01 9.513148936e-01
 Node:          9
  0.1339E+03  0.1180E+03  0.5191E+03 -0.2072E-04
  -4.145E-5
   2.878E-16
  -4.145E-5
  -6.836E-16
  -4.797E-16
  -4.145E-5
  5.554767522e-03
  5.554767522e-03
  5.554767522e-03
  0.000000000e+00
  5.554767522e-03
  0.000000000e+00
  3.260712766e-01 1.665000000e-01 -1.072964894e+00
  1.014296809e+00 1.642734043e-01 3.750308511e-01
  -1.956126596e-01 1.033611702e+00 9.627340426e-02
 Node:         10
  0.1294E+03  0.1212E+03  0.4911E+03 -0.2072E-04
  -4.145E-5
   4.797E-17
  -4.145E-5
  -2.399E-17
   2.159E-16
  -4.145E-5
  5.554767522e-03
  5.554767522e-03
  5.554767522e-03
  0.000000000e+00
  5.554767522e-03
  0.000000000e+00
  2.411223404e-02 7.573212766e-01 7.461585106e-01
  1.790126596e-01 6.945500000e-01 -6.978478723e-01
  -1.131488298e+00 1.561289681e-01 -1.207268085e-01
 Node:         11
  0.1295E+03  0.1214E+03  0.5055E+03 -0.2072E-04
  -4.145E-5
  -4.797E-17
  -4.145E-5
  -7.196E-17
   2.399E-17
  -4.145E-5
  5.554767522e-03
  5.554767522e-03
  5.554767522e-03
  0.000000000e+00
  5.554767522e-03
  0.000000000e+00
  -2.876734043e-01 1.408812766e-01 9.924414894e-01
  -6.495617021e-01 8.654255319e-01 -3.103191489e-01
  8.350393617e-01 7.142914894e-01 1.450861702e-01
 Node:         12
  0.1295E+03  0.1217E+03  0.5196E+03 -0.2072E-04
  -4.145E-5
  -3.512E-37
  -4.145E-5
   1.319E-16
   4.797E-17
  -4.145E-5
  5.554767522e-03
  5.554767522e-03
  5.554767522e-03
  0.000000000e+00
  5.554767522e-03
  0.000000000e+00
  -2.398170213e-01 -8.798953191e-02 -9.668648936e-01
  -3.695659574e-01 1.023074468e+00 -1.839009294e-03
  2.469893617e-02 -1.909574468e-03 -5.326595745e-03
 Node:         13
  0.1361E+03  0.1199E+03  0.4914E+03 -0.2072E-04
  -4.145E-5
  -2.399E-16
  -4.145E-5
  -1.679E-16
   4.797E-17
  -4.145E-5
  5.554767522e-03
  5.554767522e-03
  5.554767522e-03
  0.000000000e+00
  5.554767522e-03
  0.000000000e+00
  9.988553191e-01 -4.008765957e-01 -1.382968085e-01
  3.691574468e-01 9.290436170e-01 -2.637414894e-02
  1.281319149e-01 -2.277065319e-02 9.915148936e-01
 Node:         14
  0.1342E+03  0.1198E+03  0.5054E+03 -0.2072E-04
  -4.145E-5
   4.797E-17
  -4.145E-5
   9.595E-17
  -1.559E-16
  -4.145E-5
  5.554767522e-03
  5.554767522e-03
  5.554767522e-03
  0.000000000e+00
  5.554767522e-03
  0.000000000e+00
  1.015848936e-01 -2.652489362e-01 9.589063830e-01
  -3.237497872e-01 -1.006778723e+00 -2.444021277e-01
  -1.030171277e+00 2.856905319e-01 1.878803191e-01
 Node:         15
  0.1330E+03  0.1205E+03  0.5193E+03 -0.2072E-04
  -4.145E-5
  -1.439E-16
  -4.145E-5
   2.399E-17
   8.396E-17
  -4.145E-5
  5.554767522e-03
  5.554767522e-03
  5.554767522e-03
  0.000000000e+00
  5.554767522e-03
  0.000000000e+00
  1.077902128e+00 -1.234371277e-01 1.631170213e-02
  -1.939085106e-02 -3.063521277e-01 -1.041205319e+00
  1.135112766e-01 9.529776596e-01 -2.821882979e-01
 Node:         16
  0.1404E+03  0.1188E+03  0.4918E+03 -0.2072E-04
  -4.145E-5
   9.595E-17
  -4.145E-5
  -1.439E-16
  -2.519E-16
  -4.145E-5
  5.554767522e-03
  5.554767522e-03
  5.554767522e-03
  0.000000000e+00
  5.554767522e-03
  0.000000000e+00
  -1.503138298e-01 -2.385712766e-01 9.594680851e-01
  -8.108882979e-01 -5.603095745e-01 -2.659595745e-01
  6.009223404e-01 -8.181680851e-01 -1.085617021e-01
 Node:         17
  0.1365E+03  0.1184E+03  0.5055E+03 -0.2072E-04
  -4.145E-5
   4.797E-17
  -4.145E-5
   1.679E-16
   2.938E-16
  -4.145E-5
  5.554767522e-03
  5.554767522e-03
  5.554767522e-03
  0.000000000e+00
  5.554767522e-03
  0.000000000e+00
  2.637851064e-01 4.271117021e-01 9.654457447e-01
  1.017546809e+00 -3.585234043e-01 -1.221928553e-01
  -2.503510638e-01 -8.621489362e-01 4.482872340e-01
 Node:         18
  0.1341E+03  0.1191E+03  0.5192E+03 -0.2072E-04
  -4.145E-5
  -4.67E-37
  -4.145E-5
   4.573E-17
   1.84E-16
  -4.145E-5
  5.554767522e-03
  5.554767522e-03
  5.554767522e-03
  0.000000000e+00
  5.554767522e-03
  0.000000000e+00
  2.261351064e-02 9.277595745e-02 1.016893617e+00
  9.965670213e-01 -2.553744681e-01 2.123976868e-03
  -2.373244681e-01 -1.093984043e+00 1.066710638e-01
 Node:         19
  0.1301E+03  0.1291E+03  0.4914E+03  0.0000E+00
   4.934E-16
   0.0
   4.934E-16
   3.631E-19
   1.731E-17
  -9.869E-16
  4.936000000e-16
  4.934000000e-16
  -9.871000000e-16
  1.480600010e-15
  -3.333333333e-20
  6.979615383e-16
  -2.097000000e-02 -9.997000000e-01 -1.169000000e-02
  -9.998000000e-01 2.097000000e-02 -8.123000000e-17
  2.452000000e-04 1.169000000e-02 -9.999000000e-01
 Node:         20
  0.1299E+03  0.1291E+03  0.5058E+03  0.0000E+00
   9.869E-16
   0.0
   0.0
   1.799E-17
   3.326E-17
  -2.467E-16
  9.871000000e-16
  4.400000000e-18
  -2.514000000e-16
  1.132478516e-15
  2.467000000e-16
  5.338554923e-16
  -9.999000000e-01 -4.917000000e-04 -1.459000000e-02
  2.401000000e-03 -9.914000000e-01 -1.311000000e-01
  -1.440000000e-02 -1.312000000e-01 9.913000000e-01
 Node:         21
  0.1301E+03  0.1280E+03  0.5197E+03  0.0000E+00
   4.934E-16
   0.0
   0.0
   7.196E-17
   2.549E-17
   4.934E-16
  5.660000000e-16
  4.222000000e-16
  -1.341000000e-18
  5.108528306e-16
  3.289530000e-16
  2.408183338e-16
  -7.039000000e-01 -3.195000000e-02 -7.096000000e-01
  -7.102000000e-01 4.241000000e-02 7.027000000e-01
  -7.642000000e-03 -9.986000000e-01 5.255000000e-02
 Node:         22
  0.1360E+03  0.1256E+03  0.4913E+03  0.0000E+00
  -9.869E-16
   2.399E-17
  -4.934E-16
  -2.399E-17
   1.739E-16
   4.934E-16
  5.234000000e-16
  -5.215000000e-16
  -9.888000000e-16
  1.341069376e-15
  -3.289666667e-16
  6.321861663e-16
  -1.298000000e-02 1.683000000e-01 9.857000000e-01
  5.935000000e-02 9.841000000e-01 -1.672000000e-01
  -9.982000000e-01 5.633000000e-02 -2.276000000e-02
 Node:         23
  0.1343E+03  0.1253E+03  0.5054E+03  0.0000E+00
   0.0
   3.598E-17
  -1.974E-15
   0.0
   2.271E-16
  -7.401E-16
  6.796000000e-19
  -6.997000000e-16
  -2.015000000e-15
  1.772499637e-15
  -9.046734667e-16
  8.355643418e-16
  9.998000000e-01 1.889000000e-02 5.790000000e-03
  -9.011000000e-03 1.753000000e-01 9.845000000e-01
  1.758000000e-02 -9.843000000e-01 1.754000000e-01
 Node:         24
  0.1336E+03  0.1248E+03  0.5194E+03  0.0000E+00
  -9.869E-16
   2.099E-17
   0.0
   2.399E-17
   1.499E-18
  -7.401E-16
  4.516000000e-19
  -7.379000000e-16
  -9.896000000e-16
  8.912682385e-16
  -5.756828000e-16
  4.201478769e-16
  -2.132000000e-02 -9.998000000e-01 -2.714000000e-03
  9.549000000e-02 -4.739000000e-03 9.954000000e-01
  -9.952000000e-01 2.096000000e-02 9.557000000e-02
 Node:         25
  0.1400E+03  0.1206E+03  0.4917E+03  0.0000E+00
   0.0
   4.617E-16
  -4.934E-16
  -1.439E-16
  -2.249E-16
   9.869E-16
  1.067000000e-15
  2.050000000e-16
  -7.785000000e-16
  1.599404030e-15
  1.645000000e-16
  7.539662901e-16
  -2.161000000e-01 -2.016000000e-01 9.553000000e-01
  8.390000000e-01 4.621000000e-01 2.874000000e-01
  -4.994000000e-01 8.636000000e-01 6.929000000e-02
 Node:         26
  0.1363E+03  0.1200E+03  0.5055E+03  0.0000E+00
   9.869E-16
   1.859E-16
  -2.714E-15
   4.797E-17
  -1.943E-15
  -2.467E-16
  1.006000000e-15
  8.090000000e-16
  -3.789000000e-15
  4.699597749e-15
  -6.580000000e-16
  2.215411625e-15
  9.680000000e-01 1.526000000e-01 -1.995000000e-01
  2.481000000e-01 -4.578000000e-01 8.538000000e-01
  -3.892000000e-02 8.759000000e-01 4.809000000e-01
 Node:         27
  0.1343E+03  0.1203E+03  0.5192E+03  0.0000E+00
   9.869E-16
  -3.358E-16
   9.869E-16
  -1.799E-16
   2.27E-15
   0.0
  2.890000000e-15
  9.150000000e-16
  -1.831000000e-15
  4.106639867e-15
  6.580000000e-16
  1.935888599e-15
  -1.931000000e-01 7.658000000e-01 6.135000000e-01
  9.808000000e-01 1.345000000e-01 1.409000000e-01
  2.534000000e-02 6.289000000e-01 -7.771000000e-01
 Node:         28
  0.1155E+03  0.1124E+03  0.4931E+03 -0.1225E-03
  -2.45E-4
   6.598E-17
  -2.45E-4
  -9.597E-17
   9.597E-17
  -2.45E-4
  3.319979272e-02
  3.319979272e-02
  3.319979272e-02
  0.000000000e+00
  3.319979272e-02
  0.000000000e+00
  2.172478723e-02 9.904638298e-01 1.789223404e-01
  7.282404255e-02 1.694542553e-01 -1.030150000e+00
  -1.082334043e+00 3.576882979e-02 -7.234042553e-02
 Node:         29
  0.1119E+03  0.1139E+03  0.5068E+03 -0.1225E-03
  -2.45E-4
  -3.599E-17
  -2.45E-4
   9.597E-17
   1.2E-17
  -2.45E-4
  3.319979272e-02
  3.319979272e-02
  3.319979272e-02
  0.000000000e+00
  3.319979272e-02
  0.000000000e+00
  -3.421595745e-02 1.042990426e+00 1.143000000e-02
  -1.086926596e+00 -4.170170213e-02 -2.009047872e-01
  -2.118957447e-01 -1.888159574e-02 1.107864894e+00
 Node:         30
  0.1113E+03  0.1159E+03  0.5206E+03 -0.1225E-03
  -2.45E-4
   2.159E-16
  -2.45E-4
   3.397E-36
  -4.799E-17
  -2.45E-4
  3.319979272e-02
  3.319979272e-02
  3.319979272e-02
  0.000000000e+00
  3.319979272e-02
  0.000000000e+00
  8.156053191e-01 8.033234043e-01 -4.957670213e-02
  -7.311000000e-01 7.277808511e-01 -1.528872340e-01
  -6.481648936e-02 1.490968085e-01 1.032553191e+00
 Node:         31
  0.1203E+03  0.1126E+03  0.4920E+03 -0.1225E-03
  -2.45E-4
   1.68E-16
  -2.45E-4
   4.799E-17
   7.198E-17
  -2.45E-4
  3.319979272e-02
  3.319979272e-02
  3.319979272e-02
  0.000000000e+00
  3.319979272e-02
  0.000000000e+00
  -7.994351064e-01 -4.430117021e-01 -5.287212766e-01
  5.745319149e-01 1.480510638e-01 -9.468957447e-01
  4.768744681e-01 -1.000909574e+00 1.571042553e-01
 Node:         32
  0.1188E+03  0.1134E+03  0.5062E+03 -0.1225E-03
  -2.45E-4
  -2.399E-17
  -2.45E-4
  -4.799E-17
   1.68E-16
  -2.45E-4
  3.319979272e-02
  3.319979272e-02
  3.319979272e-02
  0.000000000e+00
  3.319979272e-02
  0.000000000e+00
  1.104002128e+00 -2.464457447e-02 -4.645872340e-02
  4.886542553e-02 4.666829787e-01 9.064531915e-01
  1.418463830e-03 -8.914797872e-01 4.549829787e-01
 Node:         33
  0.1183E+03  0.1150E+03  0.5201E+03 -0.1225E-03
  -2.45E-4
   9.597E-17
  -2.45E-4
   1.44E-16
  -4.529E-36
  -2.45E-4
  3.319979272e-02
  3.319979272e-02
  3.319979272e-02
  0.000000000e+00
  3.319979272e-02
  0.000000000e+00
  8.932574468e-01 1.607410638e-01 2.323893617e-01
  5.204700740e-03 7.950468085e-01 -5.332957447e-01
  -2.652914894e-01 4.858351064e-01 6.949340426e-01
 Node:         34
  0.1255E+03  0.1129E+03  0.4909E+03 -0.1225E-03
  -2.45E-4
  -5.284E-36
  -2.45E-4
   9.597E-17
   1.68E-16
  -2.45E-4
  3.319979272e-02
  3.319979272e-02
  3.319979272e-02
  0.000000000e+00
  3.319979272e-02
  0.000000000e+00
  4.367085106e-01 8.071978723e-01 9.029840426e-01
  -8.304574468e-02 1.619361702e-02 -5.723274726e-03
  -4.519489362e-01 -7.548755319e-01 8.873521277e-01
 Node:         35
  0.1260E+03  0.1135E+03  0.5054E+03 -0.1225E-03
  -2.45E-4
   1.919E-16
  -2.45E-4
   1.919E-16
   4.319E-16
  -2.45E-4
  3.319979272e-02
  3.319979272e-02
  3.319979272e-02
  0.000000000e+00
  3.319979272e-02
  0.000000000e+00
  8.142659574e-01 5.082000000e-01 5.086117021e-01
  -5.715138298e-01 4.462191489e-01 4.446468085e-01
  -4.026448911e-03 -7.052765957e-01 7.100808511e-01
 Node:         36
  0.1257E+03  0.1153E+03  0.5196E+03 -0.1225E-03
  -2.45E-4
  -9.597E-17
  -2.45E-4
  -9.597E-17
   1.44E-16
  -2.45E-4
  3.319979272e-02
  3.319979272e-02
  3.319979272e-02
  0.000000000e+00
  3.319979272e-02
  0.000000000e+00
  -5.294670213e-01 6.067712766e-01 6.172159574e-01
  7.559755319e-01 3.308521277e-01 3.211790426e-01
  -4.790569580e-03 -7.304074468e-01 7.406329787e-01
 Node:         37
  0.1132E+03  0.1210E+03  0.4959E+03 -0.1225E-03
  -2.45E-4
   2.399E-16
  -2.45E-4
  -1.44E-16
   3.119E-16
  -2.45E-4
  3.319979272e-02
  3.319979272e-02
  3.319979272e-02
  0.000000000e+00
  3.319979272e-02
  0.000000000e+00
  -5.278468085e-01 -8.313914894e-01 -3.410770213e-01
  8.424946809e-01 -2.518940426e-01 -6.972500000e-01
  4.377925532e-01 -5.837478723e-01 7.373561702e-01
 Node:         38
  0.1111E+03  0.1204E+03  0.5085E+03 -0.1225E-03
  -2.45E-4
   1.68E-16
  -2.45E-4
  -4.799E-17
  -1.44E-16
  -2.45E-4
  3.319979272e-02
  3.319979272e-02
  3.319979272e-02
  0.000000000e+00
  3.319979272e-02
  0.000000000e+00
  2.323765957e-01 1.048536170e+00 -1.559163830e-01
  1.055018085e+00 -2.458425532e-01 -8.255329787e-02
  1.067759574e-01 1.239723404e-01 9.878053191e-01
 Node:         39
  0.1119E+03  0.1201E+03  0.5207E+03 -0.1225E-03
  -2.45E-4
  -1.68E-16
  -2.45E-4
  -1.44E-16
  -1.32E-16
  -2.45E-4
  3.319979272e-02
  3.319979272e-02
  3.319979272e-02
  0.000000000e+00
  3.319979272e-02
  0.000000000e+00
  9.983595745e-01 -8.980785106e-02 -4.166989362e-01
  3.643819149e-01 -1.826882979e-01 9.142180851e-01
  -1.591300000e-01 -1.063915957e+00 -1.502702128e-01
 Node:         40
  0.1191E+03  0.1220E+03  0.4937E+03 -0.1225E-03
  -2.45E-4
   1.44E-16
  -2.45E-4
   1.44E-16
  -2.399E-17
  -2.45E-4
  3.319979272e-02
  3.319979272e-02
  3.319979272e-02
  0.000000000e+00
  3.319979272e-02
  0.000000000e+00
  6.473393617e-01 8.983914894e-02 8.914255319e-02
  -1.345476289e-03 4.708223404e-01 -4.624776596e-01
  -1.105893617e-01 3.946340426e-01 4.031904255e-01
 Node:         41
  0.1182E+03  0.1217E+03  0.5073E+03 -0.1225E-03
  -2.45E-4
  -4.799E-17
  -2.45E-4
   9.597E-17
   1.68E-16
  -2.45E-4
  3.319979272e-02
  3.319979272e-02
  3.319979272e-02
  0.000000000e+00
  3.319979272e-02
  0.000000000e+00
  -1.717734043e-01 -2.227136170e-01 -1.050327660e+00
  -1.106558511e+00 2.829723404e-01 1.132255319e-01
  2.325329787e-01 9.460734043e-01 -2.384795745e-01
 Node:         42
  0.1187E+03  0.1212E+03  0.5204E+03 -0.1225E-03
  -2.45E-4
  -9.597E-17
  -2.45E-4
   3.019E-36
   9.597E-17
  -2.45E-4
  3.319979272e-02
  3.319979272e-02
  3.319979272e-02
  0.000000000e+00
  3.319979272e-02
  0.000000000e+00
  -1.919031915e-02 1.074073404e-01 1.036176596e+00
  -1.130393617e+00 1.987787234e-01 -4.005244681e-02
  -2.017127660e-01 -1.063112766e+00 9.596329787e-02
 Node:         43
  0.1258E+03  0.1217E+03  0.4915E+03 -0.1225E-03
  -2.45E-4
   1.919E-16
  -2.45E-4
  -2.399E-17
   1.51E-36
  -2.45E-4
  3.319979272e-02
  3.319979272e-02
  3.319979272e-02
  0.000000000e+00
  3.319979272e-02
  0.000000000e+00
  1.030156383e+00 3.790680851e-01 -1.343500000e-02
  -3.163212766e-01 1.000992553e+00 2.089393617e-02
  2.093393617e-02 5.265106383e-03 1.001677660e+00
 Node:         44
  0.1259E+03  0.1220E+03  0.5059E+03 -0.1225E-03
  -2.45E-4
   2.399E-16
  -2.45E-4
   1.68E-16
   1.919E-16
  -2.45E-4
  3.319979272e-02
  3.319979272e-02
  3.319979272e-02
  0.000000000e+00
  3.319979272e-02
  0.000000000e+00
  -4.090670213e-01 -4.414765957e-01 -9.771787234e-01
  -6.287872340e-01 -6.016351064e-01 5.330170213e-01
  7.751648936e-01 -7.880531915e-01 2.871595745e-02
 Node:         45
  0.1261E+03  0.1221E+03  0.5198E+03 -0.1225E-03
  -2.45E-4
  -1.44E-16
  -2.45E-4
   4.799E-17
  -1.2E-17
  -2.45E-4
  3.319979272e-02
  3.319979272e-02
  3.319979272e-02
  0.000000000e+00
  3.319979272e-02
  0.000000000e+00
  6.562468085e-02 -8.617765957e-03 9.980893617e-01
  -1.072114894e+00 1.517159574e-01 7.180308511e-02
  -1.518212766e-01 -1.074715957e+00 3.218829787e-04
 Node:         46
  0.1117E+03  0.1296E+03  0.4959E+03  0.0000E+00
  -2.467E-16
   4.797E-17
  -7.401E-16
   1.199E-17
  -4.497E-17
   0.0
  3.057000000e-18
  -2.423000000e-16
  -7.476000000e-16
  6.629532710e-16
  -3.289476667e-16
  3.125191690e-16
  3.676000000e-02 -5.800000000e-02 9.976000000e-01
  9.946000000e-01 9.864000000e-02 -3.092000000e-02
  -9.662000000e-02 9.934000000e-01 6.131000000e-02
 Node:         47
  0.1107E+03  0.1269E+03  0.5087E+03  0.0000E+00
  -7.401E-16
  -5.397E-17
   4.934E-16
  -4.797E-17
   6.896E-17
   0.0
  5.058000000e-16
  -7.273000000e-18
  -7.452000000e-16
  1.089215580e-15
  -8.222433333e-17
  5.134611487e-16
  -4.821000000e-02 9.891000000e-01 1.394000000e-01
  -5.424000000e-02 -1.420000000e-01 9.884000000e-01
  -9.974000000e-01 -4.009000000e-02 -6.049000000e-02
 Node:         48
  0.1125E+03  0.1242E+03  0.5208E+03  0.0000E+00
   4.934E-16
   5.997E-18
   4.934E-16
   0.0
  -2.998E-18
   4.934E-16
  5.001000000e-16
  4.934000000e-16
  4.867000000e-16
  1.160474041e-17
  4.934000000e-16
  5.470527092e-18
  -6.325000000e-01 -7.071000000e-01 3.162000000e-01
  4.472000000e-01 -2.276000000e-15 8.944000000e-01
  6.325000000e-01 -7.071000000e-01 -3.162000000e-01
 Node:         49
  0.1186E+03  0.1311E+03  0.4938E+03  0.0000E+00
  -7.401E-16
  -3.598E-17
   0.0
  -7.196E-17
  -1.049E-17
  -2.467E-16
  1.947000000e-18
  -2.366000000e-16
  -7.523000000e-16
  6.677348644e-16
  -3.289843333e-16
  3.147732338e-16
  4.561000000e-02 -9.985000000e-01 2.894000000e-02
  -1.430000000e-01 2.215000000e-02 9.895000000e-01
  -9.887000000e-01 -4.926000000e-02 -1.418000000e-01
 Node:         50
  0.1180E+03  0.1298E+03  0.5075E+03  0.0000E+00
   0.0
  -2.249E-17
   1.48E-15
  -7.196E-17
   2.155E-17
   9.869E-16
  1.482000000e-15
  9.910000000e-16
  -5.513000000e-18
  1.312785985e-15
  8.224956667e-16
  6.188532481e-16
  1.739000000e-02 -9.988000000e-01 -4.603000000e-02
  -7.128000000e-02 -4.716000000e-02 9.963000000e-01
  9.973000000e-01 1.405000000e-02 7.201000000e-02
 Node:         51
  0.1192E+03  0.1275E+03  0.5206E+03  0.0000E+00
   0.0
  -5.997E-18
  -2.467E-16
   0.0
   2.549E-17
   4.934E-16
  4.943000000e-16
  1.449000000e-19
  -2.477000000e-16
  6.542860068e-16
  8.224830000e-17
  3.084333815e-16
  -4.170000000e-04 3.438000000e-02 9.994000000e-01
  9.997000000e-01 -2.416000000e-02 1.248000000e-03
  2.418000000e-02 9.991000000e-01 -3.436000000e-02
 Node:         52
  0.1262E+03  0.1305E+03  0.4920E+03  0.0000E+00
   4.934E-16
  -2.399E-17
   4.934E-16
   2.249E-18
   8.48E-18
   0.0
  5.175000000e-16
  4.696000000e-16
  -1.600000000e-19
  4.954496661e-16
  3.289800000e-16
  2.335572124e-16
  -7.061000000e-01 7.080000000e-01 8.534000000e-03
  7.081000000e-01 7.060000000e-01 1.614000000e-02
  -5.403000000e-03 -1.744000000e-02 9.998000000e-01
 Node:         53
  0.1258E+03  0.1304E+03  0.5063E+03  0.0000E+00
  -7.401E-16
  -2.998E-18
  -4.934E-16
   4.797E-17
   5.847E-17
  -9.869E-16
  -4.866000000e-16
  -7.314000000e-16
  -1.002000000e-15
  4.465358664e-16
  -7.400000000e-16
  2.104990261e-16
  1.040000000e-02 9.931000000e-01 1.171000000e-01
  -9.836000000e-01 3.123000000e-02 -1.776000000e-01
  -1.800000000e-01 -1.133000000e-01 9.771000000e-01
 Node:         54
  0.1265E+03  0.1288E+03  0.5200E+03  0.0000E+00
  -9.869E-16
   3.598E-17
   4.934E-16
   0.0
  -7.496E-18
   4.934E-16
  5.014000000e-16
  4.864000000e-16
  -9.877000000e-16
  1.481656947e-15
  3.333333333e-20
  6.984597833e-16
  1.758000000e-02 7.272000000e-01 -6.862000000e-01
  1.675000000e-02 6.860000000e-01 7.274000000e-01
  -9.997000000e-01 2.428000000e-02 1.229000000e-04
 Node:         55
  0.1381E+03  0.1168E+03  0.4524E+03  0.1264E-01
   0.04714
  -0.02746
   0.02881
  -0.006332
   0.04056
   0.01981
  9.746927660e-02
  3.978274468e-02
  -2.467776596e-02
  1.059997683e-01
  3.752475177e-02
  4.996876998e-02
  -6.182170213e-01 7.495521277e-01 5.328255319e-01
  7.865244681e-01 3.140745532e-01 4.972436170e-01
  -2.746425532e-01 -8.851808511e-01 9.377872340e-01
 Node:         56
  0.1314E+03  0.1156E+03  0.4682E+03  0.1264E-01
   0.04885
  -0.02507
   0.02752
  -0.0129
   0.0172
   0.0219
  7.924165957e-02
  2.273655745e-02
  4.608255319e-03
  6.870211883e-02
  3.552882411e-02
  3.238648940e-02
  -8.136329787e-01 4.775294468e-01 2.730873404e-01
  1.735953191e-01 3.403191489e-01 7.105471277e-01
  5.099180851e-01 3.334841489e-01 -2.229827660e-01
 Node:         57
  0.1285E+03  0.1140E+03  0.4823E+03  0.1264E-01
   0.04765
  -0.006605
   0.02587
  -0.003506
   0.002558
   0.02513
  6.657515957e-02
  2.304930638e-02
  1.739177234e-02
  4.654719333e-02
  3.567207943e-02
  2.194255736e-02
  -8.661925532e-01 3.071584043e-01 2.049744043e-01
  1.104165809e-01 -2.617468085e-01 6.007170213e-01
  1.703259574e-01 3.171393617e-01 4.325006170e-01
 Node:         58
  0.1478E+03  0.1179E+03  0.4523E+03  0.1264E-01
   0.04696
  -0.03537
   0.03293
  -0.00575
   0.0268
   0.01321
  1.195897447e-01
  2.029767745e-02
  -1.930085957e-02
  1.242711609e-01
  4.019552085e-02
  5.858198707e-02
  -6.852680851e-01 6.680904255e-01 2.894404255e-01
  8.235500000e-01 4.577085106e-01 9.251734043e-01
  -3.056670213e-01 -6.243563830e-01 7.162755319e-01
 Node:         59
  0.1415E+03  0.1167E+03  0.4687E+03  0.1264E-01
   0.05219
  -0.05101
   0.0312
  -0.03959
   0.03722
   0.02116
  1.434341277e-01
  5.120319149e-03
  -2.215001064e-02
  1.542236436e-01
  4.213481206e-02
  7.270172279e-02
  -6.944393617e-01 5.750212766e-01 4.893913617e-01
  3.967755319e-01 3.631276596e-01 -6.303191489e-03
  -6.927255319e-01 -6.325114894e-01 1.385648936e-01
 Node:         60
  0.1374E+03  0.1150E+03  0.4832E+03  0.1264E-01
   0.04941
  -0.02041
   0.02707
  -0.01808
   0.01268
   0.02586
  8.221948936e-02
  1.763061234e-02
  1.177064681e-02
  6.771656930e-02
  3.720691617e-02
  3.192189690e-02
  -7.905893617e-01 4.554452128e-01 4.081247021e-01
  9.614148936e-02 -1.726436170e-01 8.567707447e-01
  3.224957447e-01 -3.629610638e-01 6.283925532e-01
 Node:         61
  0.1548E+03  0.1224E+03  0.4523E+03  0.1264E-01
   0.05252
  -0.02663
   0.0269
   0.004106
  -0.01202
   0.01678
  1.331696596e-01
  8.817982979e-03
  -1.705800255e-02
  1.400911407e-01
  4.164321333e-02
  6.603959704e-02
  -7.182319149e-01 5.557085106e-01 -2.137763830e-01
  5.622355319e-01 3.712936170e-01 1.966680851e-01
  -1.096404255e-01 -6.998829787e-02 9.989090426e-01
 Node:         62
  0.1488E+03  0.1204E+03  0.4692E+03  0.1264E-01
   0.05889
  -0.08703
   0.03095
  -0.0476
   0.02554
   0.02654
  2.132721064e-01
  2.009731915e-03
  -5.538124468e-02
  2.452545571e-01
  5.330019787e-02
  1.156141070e-01
  -7.440851064e-01 5.516287234e-01 3.736893617e-01
  3.252732979e-01 -2.604355851e-01 1.275800000e+00
  8.525042553e-01 1.049186170e+00 -1.984861702e-03
 Node:         63
  0.1436E+03  0.1181E+03  0.4838E+03  0.1264E-01
   0.04976
  -0.03832
   0.02962
  -0.0161
   0.02264
   0.02649
  1.047208298e-01
  1.553839787e-02
  -1.113370213e-03
  9.870786857e-02
  3.971528582e-02
  4.653133548e-02
  -7.178957447e-01 5.844138298e-01 3.882847872e-01
  6.090744681e-02 -1.484362234e-01 3.511957447e-01
  -4.575772340e-01 -8.384361702e-01 1.721404255e-01
 Node:         64
  0.1410E+03  0.1253E+03  0.4518E+03  0.1264E-01
   0.04043
  -0.02223
   0.03492
  -0.007302
   0.006894
   0.02031
  7.076536170e-02
  3.607074043e-02
  -2.443723404e-05
  6.302651301e-02
  3.560388830e-02
  2.971098316e-02
  -9.284095745e-01 5.318231915e-01 2.476718309e-01
  2.163664681e-01 2.237697872e-01 5.253140426e-01
  3.452329787e-01 4.460372340e-01 -2.092137234e-02
 Node:         65
  0.1339E+03  0.1229E+03  0.4680E+03  0.1264E-01
   0.04664
  -0.04515
   0.03202
  -0.01494
   0.007028
   0.02214
  9.391102128e-02
  2.254588298e-02
  -3.780522340e-03
  8.828783881e-02
  3.755879397e-02
  4.161928635e-02
  -7.677882979e-01 7.293024468e-01 2.461661702e-01
  1.652231277e-01 3.392468085e-01 9.842131702e-01
  6.042713830e-01 3.310202128e-01 7.018063830e-01
 Node:         66
  0.1299E+03  0.1214E+03  0.4825E+03  0.1264E-01
   0.04825
  -0.01401
   0.02685
  -0.004573
   0.003627
   0.02511
  7.034204255e-02
  2.185143745e-02
  1.743478085e-02
  5.102345517e-02
  3.654275362e-02
  2.405268743e-02
  -8.429234043e-01 4.559138511e-01 2.087325532e-01
  1.996196809e-01 5.323950000e-01 3.638063830e-01
  2.997123160e-01 1.549670213e-01 3.647293617e-01
 Node:         67
  0.1495E+03  0.1246E+03  0.4520E+03  0.1264E-01
   0.04273
  -0.0289
   0.03422
  -0.006284
   0.008371
   0.01422
  9.157387234e-02
  1.047045851e-02
  4.791170213e-03
  8.422339868e-02
  3.561183369e-02
  3.970329089e-02
  -7.039723404e-01 6.933234043e-01 1.472567021e-01
  -3.060261702e-01 -7.879255319e-02 -7.295159574e-01
  -6.054872340e-01 -7.861191489e-01 5.214014894e-01
 Node:         68
  0.1430E+03  0.1225E+03  0.4686E+03  0.1264E-01
   0.05241
  -0.06564
   0.03348
  -0.03737
   0.01853
   0.019
  1.602396809e-01
  4.759415957e-03
  -3.208750000e-02
  1.768328899e-01
  4.430386560e-02
  8.335982373e-02
  -7.412351064e-01 5.797042553e-01 3.402010638e-01
  4.723851277e-02 -4.551925000e-01 8.884946809e-01
  6.664042553e-01 6.754010638e-01 3.099892021e-01
 Node:         69
  0.1379E+03  0.1205E+03  0.4830E+03  0.1264E-01
   0.05018
  -0.02437
   0.02747
  -0.01578
   0.01025
   0.02523
  8.745808511e-02
  1.824194936e-02
  8.615960000e-03
  7.449735614e-02
  3.810533149e-02
  3.511839047e-02
  -7.826638298e-01 4.985308511e-01 3.728026596e-01
  1.712831915e-01 -2.141612766e-01 7.173297872e-01
  2.281297872e-01 -7.689574468e-02 3.328040426e-01
 Node:         70
  0.1550E+03  0.1244E+03  0.4522E+03  0.1264E-01
   0.04552
  -0.03681
   0.03012
  -0.02788
   0.02181
   0.0127
  1.304601064e-01
  -5.320502128e-03
  -1.258432447e-02
  1.395574511e-01
  3.751842660e-02
  6.578801337e-02
  -7.142563830e-01 5.984372340e-01 3.540670213e-01
  5.278776596e-01 8.158765957e-01 -2.953606383e-01
  -1.383487234e-01 -2.398290426e-01 2.114680851e-02
 Node:         71
  0.1490E+03  0.1223E+03  0.4691E+03  0.1264E-01
   0.059
  -0.06399
   0.0318
  -0.08175
   0.03774
   0.02045
  2.313861489e-01
  -1.791958872e-02
  -5.068669149e-02
  2.678792255e-01
  5.425995624e-02
  1.262794779e-01
  -7.428414894e-01 4.620106383e-01 4.839042553e-01
  -3.440708511e-02 -8.528365957e-01 8.592872340e-01
  8.787510638e-01 6.772127660e-01 6.102896809e-01
 Node:         72
  0.1435E+03  0.1199E+03  0.4837E+03  0.1264E-01
   0.05254
  -0.02805
   0.02714
  -0.0301
   0.01451
   0.02583
  1.060733830e-01
  1.243494213e-02
  1.546379787e-03
  9.966481216e-02
  4.001823496e-02
  4.698244301e-02
  -7.640978723e-01 4.450042553e-01 4.719821277e-01
  -3.601595745e-02 -5.214292553e-01 4.402329787e-01
  3.334414894e-01 -9.145744681e-02 5.171393617e-01
 Node:         73
  0.1440E+03  0.1339E+03  0.4511E+03  0.0000E+00
   0.03059
  -0.003336
  -0.007353
  -0.008121
   0.006668
   0.002705
  5.558890426e-02
  6.729773404e-03
  -1.376991277e-02
  6.207268873e-02
  1.618292163e-02
  2.926134608e-02
  -5.866351064e-01 7.020212766e-02 1.053495106e-01
  1.773133830e-01 3.053942553e-01 1.134647872e+00
  2.162944681e-01 -5.366170213e-02 3.733540426e-01
 Node:         74
  0.1364E+03  0.1303E+03  0.4677E+03  0.0000E+00
   0.03884
   0.03058
  -0.00166
   0.008216
   0.009999
   0.004571
  7.835188298e-02
  4.471752234e-03
  -1.681160638e-02
  8.677604212e-02
  2.200400961e-02
  4.090661855e-02
  -8.649063830e-01 -4.447611702e-01 -2.109668085e-01
  -1.711385106e-01 1.807632340e-01 4.580138298e-01
  -4.179357447e-01 8.808425532e-01 -6.620585106e-02
 Node:         75
  0.1313E+03  0.1288E+03  0.4826E+03  0.0000E+00
   0.02845
   0.01201
   1.855E-4
   0.002366
   0.001207
   5.137E-4
  5.248098936e-02
  4.737292612e-04
  -5.200360638e-03
  5.536063251e-02
  1.591811933e-02
  2.609725244e-02
  -8.969404255e-01 -3.698969149e-01 -1.199993511e-01
  -6.965743617e-02 -1.236436170e-01 7.627042553e-01
  -3.779081915e-01 8.581702128e-01 1.786540426e-01
 Node:         76
  0.1512E+03  0.1312E+03  0.4516E+03  0.0000E+00
   0.02902
  -0.009915
  -0.008084
  -0.01212
   0.008567
   0.002587
  6.186291489e-02
  8.431896809e-03
  -2.065579787e-02
  7.267457293e-02
  1.654633794e-02
  3.425912223e-02
  -1.119705319e+00 2.827186170e-01 4.522755319e-01
  2.068958830e-01 -2.523278723e-01 4.976489362e-01
  1.214170213e-01 -5.157670213e-01 6.909387234e-01
 Node:         77
  0.1444E+03  0.1282E+03  0.4683E+03  0.0000E+00
   0.04355
   0.03091
  -0.002201
   0.007452
   0.01061
   0.003006
  8.601965957e-02
  1.039953213e-02
  -2.273004043e-02
  9.656715749e-02
  2.456305043e-02
  4.552219460e-02
  -8.834297872e-01 -4.494931915e-01 -1.953043404e-01
  -9.886963830e-02 -5.981159574e-02 4.865553191e-01
  -3.794505745e-01 1.082815957e+00 -3.902696809e-01
 Node:         78
  0.1384E+03  0.1261E+03  0.4829E+03  0.0000E+00
   0.03014
   0.01741
   2.706E-4
   0.004017
   0.002202
   3.578E-4
  5.874579787e-02
  -1.900293617e-04
  -7.273609574e-03
  6.314885289e-02
  1.709405298e-02
  2.976865473e-02
  -8.788797872e-01 -4.278000745e-01 -1.572428511e-01
  -1.125810638e-01 1.864561702e-01 1.016497872e+00
  -4.582968085e-01 9.194765957e-01 -2.640573191e-01
 Node:         79
  0.1552E+03  0.1264E+03  0.4522E+03  0.0000E+00
   0.02628
   0.001456
  -0.01576
  -0.02873
   0.003321
  -0.01053
  1.039255213e-01
  -2.122210638e-02
  -3.989422340e-02
  1.358257342e-01
  1.426973050e-02
  6.402886512e-02
  -2.812234043e-02 -2.310646809e-01 -2.339883936e-01
  -1.253580851e-01 7.961060638e-01 8.729893617e-02
  7.260212766e-02 6.350489362e-01 1.413758511e-01
 Node:         80
  0.1492E+03  0.1242E+03  0.4691E+03  0.0000E+00
   0.04809
   0.01693
  -0.009993
   0.01968
   0.006807
  -0.006554
  1.223742553e-01
  -1.490954681e-02
  -2.493911702e-02
  1.427284295e-01
  2.750853050e-02
  6.728282690e-02
  -8.996617021e-01 -2.195148936e-01 -3.448902877e-01
  1.105542553e-02 -2.987114894e-01 6.722351064e-01
  -2.335574468e-01 4.102159574e-01 3.808546809e-01
 Node:         81
  0.1433E+03  0.1217E+03  0.4836E+03  0.0000E+00
   0.0317
   0.01516
  -8.732E-4
   0.01945
   0.005362
   1.666E-5
  6.742915957e-02
  -4.875379787e-03
  -9.976982979e-03
  7.520344051e-02
  1.752559894e-02
  3.545124184e-02
  -8.505329787e-01 -3.074034043e-01 -4.152862766e-01
  4.173469787e-02 -5.072021277e-01 4.355958511e-01
  -4.778627085e-01 1.879337234e-01 7.744531915e-01
 Node:         82
  0.1267E+03  0.1148E+03  0.4557E+03  0.1622E-01
   0.05701
  -0.02603
   0.03219
  -0.007284
   0.003673
   0.03119
  7.337505957e-02
  2.782126596e-02
  -1.019238617e-02
  7.289875328e-02
  3.033464645e-02
  3.436480185e-02
  -1.143084043e+00 5.282929468e-01 1.208800000e-01
  1.218597872e-01 2.916178723e-01 1.154701064e+00
  1.911819149e-01 -1.123819149e-01 7.433457447e-01
 Node:         83
  0.1234E+03  0.1129E+03  0.4717E+03  0.1622E-01
   0.05427
  -0.01712
   0.03196
  -0.007539
   0.003927
   0.03214
  7.302240426e-02
  2.039091489e-02
  -7.933651064e-03
  7.124451819e-02
  2.849322270e-02
  3.358498795e-02
  -9.371180851e-01 2.757826170e-01 9.934042553e-02
  9.582978723e-03 -3.226382979e-01 4.766412766e-01
  5.958904255e-01 4.813648936e-01 -2.171744681e-01
 Node:         84
  0.1187E+03  0.1123E+03  0.4849E+03  0.1622E-01
   0.05401
  -0.001316
   0.03238
  -0.00109
   6.03E-5
   0.03246
  5.830325106e-02
  1.627985106e-02
  1.200746809e-02
  4.442243184e-02
  2.886352340e-02
  2.094093520e-02
  -1.012189362e+00 8.160831915e-02 1.906708511e-01
  1.665075532e-02 -3.901840426e-01 1.741157447e-01
  3.400540426e-01 8.703010638e-02 3.275180851e-01
 Node:         85
  0.1302E+03  0.1161E+03  0.4544E+03  0.1622E-01
   0.05706
  -0.02897
   0.03242
  -0.006829
   0.004918
   0.03056
  7.388554638e-02
  3.675966064e-02
  -1.792334043e-02
  8.194614617e-02
  3.090728887e-02
  3.862978377e-02
  -6.584159574e-01 2.426882979e-01 -9.212978723e-03
  2.620247021e-01 -1.603723404e-02 7.360925532e-01
  6.635531915e-02 1.836382979e-02 2.473840426e-01
 Node:         86
  0.1252E+03  0.1138E+03  0.4700E+03  0.1622E-01
   0.0514
  -0.01178
   0.03819
  -0.01964
   0.01718
   0.03205
  1.018337340e-01
  2.666265957e-02
  -2.828522128e-02
  1.139127830e-01
  3.340372411e-02
  5.369900086e-02
  -7.514180851e-01 6.757446809e-02 1.458840426e-01
  1.913481915e-01 -7.973957447e-01 1.861096649e-01
  5.615297872e-01 2.467176596e-01 4.493404255e-02
 Node:         87
  0.1217E+03  0.1126E+03  0.4833E+03  0.1622E-01
   0.05417
  -0.00115
   0.03244
  -0.003086
   2.027E-4
   0.03265
  6.005822340e-02
  1.671417021e-02
  1.002540426e-02
  4.721424023e-02
  2.893259929e-02
  2.225700629e-02
  -9.925244681e-01 8.017096809e-02 2.018597872e-01
  -3.774893617e-02 -2.612031915e-01 -6.028404255e-02
  4.444009574e-01 -1.266085851e-01 4.237872340e-02
 Node:         88
  0.1338E+03  0.1169E+03  0.4527E+03  0.1622E-01
   0.05423
  -0.03239
   0.03339
  -0.006711
   0.01972
   0.03241
  8.466360851e-02
  3.651484851e-02
  -2.693459574e-02
  9.868236774e-02
  3.141462043e-02
  4.651931428e-02
  -7.660835106e-01 5.534404255e-01 2.623063830e-01
  5.421967021e-01 -3.568484043e-02 8.029897872e-01
  2.878627660e-01 3.407202128e-01 8.737085106e-02
 Node:         89
  0.1270E+03  0.1150E+03  0.4683E+03  0.1622E-01
   0.05543
  -0.02005
   0.03281
  -0.0126
   0.005128
   0.03228
  7.034012766e-02
  2.246402128e-02
  -7.644672340e-03
  6.818874519e-02
  2.838649220e-02
  3.214448275e-02
  -9.400606383e-01 2.729995745e-01 1.170224468e-01
  6.874119149e-02 -3.094882979e-01 6.562390426e-01
  4.619861702e-01 3.761278723e-01 3.774787234e-02
 Node:         90
  0.1248E+03  0.1132E+03  0.4822E+03  0.1622E-01
   0.05446
  -0.003796
   0.03262
  -0.002494
   0.001195
   0.03251
  5.887671277e-02
  1.686984255e-02
  1.087654255e-02
  4.526729930e-02
  2.887436596e-02
  2.133920953e-02
  -9.913085106e-01 2.014121383e-01 1.606552128e-01
  1.109672915e-01 -5.079553191e-01 8.773797872e-01
  2.548526596e-01 4.861223404e-01 4.852053191e-01
 Node:         91
  0.1258E+03  0.1259E+03  0.4542E+03  0.1622E-01
   0.04812
  -0.03426
   0.03914
  -0.01801
   0.01266
   0.03078
  7.753531915e-02
  3.861370745e-02
  -2.429174106e-02
  9.240720760e-02
  3.061909518e-02
  4.356117542e-02
  -5.441585106e-01 7.410797872e-01 3.896382979e-01
  3.710114362e-01 5.591489362e-04 7.097068617e-01
  3.565898936e-01 8.326702128e-02 4.953127660e-01
 Node:         92
  0.1208E+03  0.1231E+03  0.4723E+03  0.1622E-01
   0.05395
  -0.02843
   0.03341
  -0.02257
   0.007674
   0.03268
  7.338262340e-02
  3.178878085e-02
  -1.461592553e-02
  7.822773968e-02
  3.018515957e-02
  3.687691014e-02
  -5.614095745e-01 2.804842553e-01 2.311197872e-01
  3.579140638e-01 -1.505819149e-01 7.466968085e-01
  3.740800851e-01 1.312680851e-01 5.405861702e-01
 Node:         93
  0.1159E+03  0.1217E+03  0.4876E+03  0.1622E-01
   0.05472
  -4.448E-4
   0.03233
  -0.009688
  -0.002753
   0.03304
  6.042096000e-02
  1.873339149e-02
  9.701191489e-03
  4.719842669e-02
  2.961851433e-02
  2.224955172e-02
  -1.153814894e+00 -8.912736170e-02 3.408213830e-01
  -2.208365957e-01 9.810542553e-01 3.101372340e-01
  -3.237493609e-01 -4.194063830e-01 -2.324372340e-01
 Node:         94
  0.1312E+03  0.1261E+03  0.4532E+03  0.1622E-01
   0.04669
  -0.03388
   0.04038
  -0.01683
   0.007503
   0.0304
  7.784744043e-02
  3.651995638e-02
  -2.201438085e-02
  9.046872581e-02
  3.078433865e-02
  4.264736634e-02
  -5.761914894e-01 3.621309574e-01 3.858680851e-02
  3.951024468e-01 9.413404255e-02 5.409340426e-01
  5.053063830e-01 2.721382979e-01 4.523521277e-01
 Node:         95
  0.1249E+03  0.1233E+03  0.4703E+03  0.1622E-01
   0.05496
  -0.02667
   0.03523
  -0.02738
   0.007541
   0.03082
  7.696259362e-02
  2.425775319e-02
  -9.587120213e-03
  7.676739087e-02
  3.054440887e-02
  3.618849510e-02
  -5.879542553e-01 2.458542553e-01 2.148031915e-01
  3.333511702e-01 -1.757489362e-01 5.821989362e-01
