 Group name: predicted_stress_L2A1
 #Fields=  16
 1) coordinates, coordinate, rectangular cartesian, #Components=3
   x.  Value index= 1, #Derivatives=0
   y.  Value index= 2, #Derivatives=0
   z.  Value index= 3, #Derivatives=0
 2) Tensor_1, field, rectangular cartesian, #Components=1
   Tensor_1.  Value index= 4, #Derivatives=0
 3) Tensor_2, field, rectangular cartesian, #Components=1
   Tensor_2.  Value index= 5, #Derivatives=0
 4) Tensor_3, field, rectangular cartesian, #Components=1
   Tensor_3.  Value index= 6, #Derivatives=0
 5) Tensor_4, field, rectangular cartesian, #Components=1
   Tensor_4.  Value index= 7, #Derivatives=0
 6) Tensor_5, field, rectangular cartesian, #Components=1
   Tensor_5.  Value index= 8, #Derivatives=0
 7) Tensor_6, field, rectangular cartesian, #Components=1
   Tensor_6.  Value index= 9, #Derivatives=0
 8) Principal_1, field, rectangular cartesian, #Components=1
   Principal_1.  Value index= 10, #Derivatives=0
 9) Principal_2, field, rectangular cartesian, #Components=1
   Principal_2.  Value index= 11, #Derivatives=0
 10) Principal_3, field, rectangular cartesian, #Components=1
   Principal_3.  Value index= 12, #Derivatives=0
 11) VonMises, field, rectangular cartesian, #Components=1
   VonMises.  Value index= 13, #Derivatives=0
 12) Hydrostatic, field, rectangular cartesian, #Components=1
   VonMises.  Value index= 14, #Derivatives=0
 13) Octahedral, field, rectangular cartesian, #Components=1
   VonMises.  Value index= 15, #Derivatives=0
 14) PrincipalVector1, field, rectangular cartesian, #Components=3
   x.  Value index= 16, #Derivatives=0
   y.  Value index= 17, #Derivatives=0
   z.  Value index= 18, #Derivatives=0
 15) PrincipalVector2, field, rectangular cartesian, #Components=3
   x.  Value index= 19, #Derivatives=0
   y.  Value index= 20, #Derivatives=0
   z.  Value index= 21, #Derivatives=0
 16) PrincipalVector3, field, rectangular cartesian, #Components=3
   x.  Value index= 22, #Derivatives=0
   y.  Value index= 23, #Derivatives=0
   z.  Value index= 24, #Derivatives=0
 Node:          1
  0.1287E+03  0.1133E+03  0.4908E+03 -0.2244E-04
  -4.488E-5
  -1.439E-16
  -4.488E-5
  -4.798E-17
  -7.196E-17
  -4.488E-5
  -1.556415115e-02
  -1.556415115e-02
  -1.556415115e-02
  0.000000000e+00
  -1.556415115e-02
  0.000000000e+00
  7.977138344e-01 -2.115894336e-01 -2.417657952e-02
  2.469078431e-01 9.507347495e-01 -1.811034858e-01
  7.349538126e-02 1.679272331e-01 9.819051198e-01
 Node:          2
  0.1292E+03  0.1137E+03  0.5052E+03 -0.2244E-04
  -4.488E-5
  -1.919E-16
  -4.488E-5
  -9.595E-17
   3.358E-16
  -4.488E-5
  -1.556415115e-02
  -1.556415115e-02
  -1.556415115e-02
  0.000000000e+00
  -1.556415115e-02
  0.000000000e+00
  5.789675381e-01 -2.634738562e-01 -1.309757081e-01
  3.719346405e-01 6.571558824e-01 3.292388889e-01
  -8.735316993e-04 -4.552828976e-01 8.902470588e-01
 Node:          3
  0.1289E+03  0.1155E+03  0.5194E+03 -0.2244E-04
  -4.488E-5
   2.399E-16
  -4.488E-5
   1.919E-16
   9.595E-17
  -4.488E-5
  -1.556415115e-02
  -1.556415115e-02
  -1.556415115e-02
  0.000000000e+00
  -1.556415115e-02
  0.000000000e+00
  -4.048661220e-01 -8.750647059e-01 -2.638852941e-01
  4.914469499e-01 -4.521529412e-01 7.440952070e-01
  7.706591503e-01 -1.718139434e-01 -6.130232026e-01
 Node:          4
  0.1361E+03  0.1141E+03  0.4915E+03 -0.2244E-04
  -4.488E-5
  -4.798E-17
  -4.488E-5
  -4.798E-17
  -1.439E-16
  -4.488E-5
  -1.556415115e-02
  -1.556415115e-02
  -1.556415115e-02
  0.000000000e+00
  -1.556415115e-02
  0.000000000e+00
  -4.071879085e-02 -9.202683007e-02 9.948542484e-01
  -8.211165577e-01 8.173387800e-02 -2.553644880e-02
  -7.891516340e-02 -8.179641612e-01 -7.857348584e-02
 Node:          5
  0.1341E+03  0.1144E+03  0.5054E+03 -0.2244E-04
  -4.488E-5
   2.399E-16
  -4.488E-5
   9.595E-17
  -1.199E-16
  -4.488E-5
  -1.556415115e-02
  -1.556415115e-02
  -1.556415115e-02
  0.000000000e+00
  -1.556415115e-02
  0.000000000e+00
  1.000155664e-01 -1.775651416e-01 9.789647059e-01
  7.155180828e-01 6.963775599e-01 5.322139434e-02
  -6.912354031e-01 6.952318083e-01 1.968147059e-01
 Node:          6
  0.1323E+03  0.1162E+03  0.5191E+03 -0.2244E-04
  -4.488E-5
   9.595E-17
  -4.488E-5
  -9.595E-17
  -4.798E-17
  -4.488E-5
  -1.556415115e-02
  -1.556415115e-02
  -1.556415115e-02
  0.000000000e+00
  -1.556415115e-02
  0.000000000e+00
  -7.117672113e-01 -6.963131808e-01 9.067212418e-02
  4.462863834e-01 -4.711429194e-01 -2.857068627e-02
  8.607267974e-02 4.120801743e-02 9.952294118e-01
 Node:          7
  0.1408E+03  0.1171E+03  0.4920E+03 -0.2244E-04
  -4.488E-5
   3.838E-16
  -4.488E-5
  -1.439E-16
  -1.919E-16
  -4.488E-5
  -1.556415115e-02
  -1.556415115e-02
  -1.556415115e-02
  0.000000000e+00
  -1.556415115e-02
  0.000000000e+00
  7.179946623e-01 3.924596950e-01 -1.062380174e-01
  -4.910457516e-01 8.627820261e-01 -1.150607625e-01
  5.568157952e-02 1.626684096e-01 9.850261438e-01
 Node:          8
  0.1367E+03  0.1169E+03  0.5055E+03 -0.2244E-04
  -4.488E-5
   3.358E-16
  -4.488E-5
  -6.956E-16
  -4.078E-16
  -4.488E-5
  -1.556415115e-02
  -1.556415115e-02
  -1.556415115e-02
  0.000000000e+00
  -1.556415115e-02
  0.000000000e+00
  -5.786190632e-01 -6.092131808e-01 2.553706972e-01
  6.197989107e-01 -6.232392157e-01 -5.494620915e-02
  2.582208715e-01 9.920392157e-02 9.532662309e-01
 Node:          9
  0.1339E+03  0.1180E+03  0.5191E+03 -0.2244E-04
  -4.488E-5
   2.879E-16
  -4.488E-5
  -6.836E-16
  -4.798E-16
  -4.488E-5
  -1.556415115e-02
  -1.556415115e-02
  -1.556415115e-02
  0.000000000e+00
  -1.556415115e-02
  0.000000000e+00
  2.556269063e-01 1.683445534e-01 -6.253335512e-01
  7.709471678e-01 9.172331155e-02 2.101790850e-01
  -1.650601525e-01 8.165612200e-01 1.494782135e-01
 Node:         10
  0.1294E+03  0.1212E+03  0.4911E+03 -0.2244E-04
  -4.488E-5
   4.798E-17
  -4.488E-5
  -2.399E-17
   2.159E-16
  -4.488E-5
  -1.556415115e-02
  -1.556415115e-02
  -1.556415115e-02
  0.000000000e+00
  -1.556415115e-02
  0.000000000e+00
  2.410362745e-02 5.759215686e-01 5.896527233e-01
  1.617014924e-01 6.833334423e-01 -7.097752723e-01
  -6.377984749e-01 1.031898682e-01 -7.546950980e-02
 Node:         11
  0.1295E+03  0.1214E+03  0.5055E+03 -0.2244E-04
  -4.488E-5
  -4.798E-17
  -4.488E-5
  -7.196E-17
   2.399E-17
  -4.488E-5
  -1.556415115e-02
  -1.556415115e-02
  -1.556415115e-02
  0.000000000e+00
  -1.556415115e-02
  0.000000000e+00
  -2.447239651e-01 1.089285621e-01 8.397966231e-01
  -4.511198257e-01 5.189830065e-01 -1.987432462e-01
  6.039795207e-01 4.518690632e-01 1.047157952e-01
 Node:         12
  0.1295E+03  0.1217E+03  0.5196E+03 -0.2244E-04
  -4.488E-5
  -3.803E-37
  -4.488E-5
   1.319E-16
   4.798E-17
  -4.488E-5
  -1.556415115e-02
  -1.556415115e-02
  -1.556415115e-02
  0.000000000e+00
  -1.556415115e-02
  0.000000000e+00
  -2.423930283e-01 -8.773739434e-02 -9.660839869e-01
  -2.892882353e-01 7.662766885e-01 4.177342960e-03
  2.720620915e-02 3.714542484e-02 -1.138714597e-02
 Node:         13
  0.1361E+03  0.1199E+03  0.4914E+03 -0.2244E-04
  -4.488E-5
  -2.399E-16
  -4.488E-5
  -1.679E-16
   4.798E-17
  -4.488E-5
  -1.556415115e-02
  -1.556415115e-02
  -1.556415115e-02
  0.000000000e+00
  -1.556415115e-02
  0.000000000e+00
  7.593303922e-01 -3.070002179e-01 -1.047655773e-01
  3.708118736e-01 9.282141612e-01 -2.989183007e-02
  1.289782135e-01 -1.958977582e-02 9.914283224e-01
 Node:         14
  0.1342E+03  0.1198E+03  0.5054E+03 -0.2244E-04
  -4.488E-5
   4.798E-17
  -4.488E-5
   9.595E-17
  -1.559E-16
  -4.488E-5
  -1.556415115e-02
  -1.556415115e-02
  -1.556415115e-02
  0.000000000e+00
  -1.556415115e-02
  0.000000000e+00
  9.560088235e-02 -2.613289760e-01 9.602148148e-01
  -2.307808715e-01 -7.694345316e-01 -1.852217865e-01
  -7.875654684e-01 2.037939869e-01 1.336790850e-01
 Node:         15
  0.1330E+03  0.1205E+03  0.5193E+03 -0.2244E-04
  -4.488E-5
  -1.439E-16
  -4.488E-5
   2.399E-17
   8.396E-17
  -4.488E-5
  -1.556415115e-02
  -1.556415115e-02
  -1.556415115e-02
  0.000000000e+00
  -1.556415115e-02
  0.000000000e+00
  8.203379085e-01 -9.292632898e-02 9.381459695e-03
  -1.906879085e-02 -2.492295207e-01 -7.853521786e-01
  1.105203486e-01 9.459611111e-01 -2.995422658e-01
 Node:         16
  0.1404E+03  0.1188E+03  0.4918E+03 -0.2244E-04
  -4.488E-5
   9.595E-17
  -4.488E-5
  -1.439E-16
  -2.519E-16
  -4.488E-5
  -1.556415115e-02
  -1.556415115e-02
  -1.556415115e-02
  0.000000000e+00
  -1.556415115e-02
  0.000000000e+00
  -1.498433551e-01 -2.379072985e-01 9.595663399e-01
  -6.774248366e-01 -4.931544662e-01 -2.305018519e-01
  5.287874728e-01 -6.835543573e-01 -9.168474946e-02
 Node:         17
  0.1365E+03  0.1184E+03  0.5055E+03 -0.2244E-04
  -4.488E-5
   4.798E-17
  -4.488E-5
   1.679E-16
   2.938E-16
  -4.488E-5
  -1.556415115e-02
  -1.556415115e-02
  -1.556415115e-02
  0.000000000e+00
  -1.556415115e-02
  0.000000000e+00
  2.192693900e-01 3.569986928e-01 7.026116558e-01
  7.666110022e-01 -2.905993464e-01 -8.426006449e-02
  -2.530236383e-01 -8.239277778e-01 4.892474946e-01
 Node:         18
  0.1341E+03  0.1191E+03  0.5192E+03 -0.2244E-04
  -4.488E-5
  -5.056E-37
  -4.488E-5
   4.573E-17
   1.84E-16
  -4.488E-5
  -1.556415115e-02
  -1.556415115e-02
  -1.556415115e-02
  0.000000000e+00
  -1.556415115e-02
  0.000000000e+00
  1.627486928e-02 7.090262527e-02 8.628758170e-01
  8.681851852e-01 -2.595360566e-01 1.356236092e-02
  -2.548520697e-01 -6.753986928e-01 6.788318083e-02
 Node:         19
  0.1301E+03  0.1291E+03  0.4914E+03  0.0000E+00
   4.934E-16
   0.0
   4.934E-16
   3.631E-19
   1.731E-17
  -9.869E-16
  4.936000000e-16
  4.934000000e-16
  -9.871000000e-16
  1.480600010e-15
  -3.333333333e-20
  6.979615383e-16
  -2.097000000e-02 -9.997000000e-01 -1.169000000e-02
  -9.998000000e-01 2.097000000e-02 -8.123000000e-17
  2.452000000e-04 1.169000000e-02 -9.999000000e-01
 Node:         20
  0.1299E+03  0.1291E+03  0.5058E+03  0.0000E+00
   9.869E-16
   0.0
   0.0
   1.799E-17
   3.326E-17
  -2.467E-16
  9.871000000e-16
  4.400000000e-18
  -2.514000000e-16
  1.132478516e-15
  2.467000000e-16
  5.338554923e-16
  -9.999000000e-01 -4.917000000e-04 -1.459000000e-02
  2.401000000e-03 -9.914000000e-01 -1.311000000e-01
  -1.440000000e-02 -1.312000000e-01 9.913000000e-01
 Node:         21
  0.1301E+03  0.1280E+03  0.5197E+03  0.0000E+00
   4.934E-16
   0.0
   0.0
   7.196E-17
   2.549E-17
   4.934E-16
  5.660000000e-16
  4.222000000e-16
  -1.341000000e-18
  5.108528306e-16
  3.289530000e-16
  2.408183338e-16
  -7.039000000e-01 -3.195000000e-02 -7.096000000e-01
  -7.102000000e-01 4.241000000e-02 7.027000000e-01
  -7.642000000e-03 -9.986000000e-01 5.255000000e-02
 Node:         22
  0.1360E+03  0.1256E+03  0.4913E+03  0.0000E+00
  -9.869E-16
   2.399E-17
  -4.934E-16
  -2.399E-17
   1.739E-16
   4.934E-16
  5.234000000e-16
  -5.215000000e-16
  -9.888000000e-16
  1.341069376e-15
  -3.289666667e-16
  6.321861663e-16
  -1.298000000e-02 1.683000000e-01 9.857000000e-01
  5.935000000e-02 9.841000000e-01 -1.672000000e-01
  -9.982000000e-01 5.633000000e-02 -2.276000000e-02
 Node:         23
  0.1343E+03  0.1253E+03  0.5054E+03  0.0000E+00
   0.0
   3.598E-17
  -1.974E-15
   0.0
   2.271E-16
  -7.401E-16
  6.796000000e-19
  -6.997000000e-16
  -2.015000000e-15
  1.772499637e-15
  -9.046734667e-16
  8.355643418e-16
  9.998000000e-01 1.889000000e-02 5.790000000e-03
  -9.011000000e-03 1.753000000e-01 9.845000000e-01
  1.758000000e-02 -9.843000000e-01 1.754000000e-01
 Node:         24
  0.1336E+03  0.1248E+03  0.5194E+03  0.0000E+00
  -9.869E-16
   2.099E-17
   0.0
   2.399E-17
   1.499E-18
  -7.401E-16
  4.516000000e-19
  -7.379000000e-16
  -9.896000000e-16
  8.912682385e-16
  -5.756828000e-16
  4.201478769e-16
  -2.132000000e-02 -9.998000000e-01 -2.714000000e-03
  9.549000000e-02 -4.739000000e-03 9.954000000e-01
  -9.952000000e-01 2.096000000e-02 9.557000000e-02
 Node:         25
  0.1400E+03  0.1206E+03  0.4917E+03  0.0000E+00
   0.0
   4.617E-16
  -4.934E-16
  -1.439E-16
  -2.249E-16
   9.869E-16
  1.067000000e-15
  2.050000000e-16
  -7.785000000e-16
  1.599404030e-15
  1.645000000e-16
  7.539662901e-16
  -2.161000000e-01 -2.016000000e-01 9.553000000e-01
  8.390000000e-01 4.621000000e-01 2.874000000e-01
  -4.994000000e-01 8.636000000e-01 6.929000000e-02
 Node:         26
  0.1363E+03  0.1200E+03  0.5055E+03  0.0000E+00
   9.869E-16
   1.859E-16
  -2.714E-15
   4.797E-17
  -1.943E-15
  -2.467E-16
  1.006000000e-15
  8.090000000e-16
  -3.789000000e-15
  4.699597749e-15
  -6.580000000e-16
  2.215411625e-15
  9.680000000e-01 1.526000000e-01 -1.995000000e-01
  2.481000000e-01 -4.578000000e-01 8.538000000e-01
  -3.892000000e-02 8.759000000e-01 4.809000000e-01
 Node:         27
  0.1343E+03  0.1203E+03  0.5192E+03  0.0000E+00
   9.869E-16
  -3.358E-16
   9.869E-16
  -1.799E-16
   2.27E-15
   0.0
  2.890000000e-15
  9.150000000e-16
  -1.831000000e-15
  4.106639867e-15
  6.580000000e-16
  1.935888599e-15
  -1.931000000e-01 7.658000000e-01 6.135000000e-01
  9.808000000e-01 1.345000000e-01 1.409000000e-01
  2.534000000e-02 6.289000000e-01 -7.771000000e-01
 Node:         28
  0.1155E+03  0.1124E+03  0.4931E+03 -0.1326E-03
  -2.652E-4
   6.598E-17
  -2.652E-4
  -9.597E-17
   9.597E-17
  -2.652E-4
  -9.298759030e-02
  -9.298759030e-02
  -9.298759030e-02
  0.000000000e+00
  -9.298759030e-02
  0.000000000e+00
  3.011188453e-02 9.641639434e-01 1.811409586e-01
  6.985468410e-02 1.993513072e-01 -8.469970588e-01
  -8.222782135e-01 4.051639434e-02 -5.476465142e-02
 Node:         29
  0.1119E+03  0.1139E+03  0.5068E+03 -0.1326E-03
  -2.652E-4
  -3.599E-17
  -2.652E-4
   9.597E-17
   1.2E-17
  -2.652E-4
  -9.298759030e-02
  -9.298759030e-02
  -9.298759030e-02
  0.000000000e+00
  -9.298759030e-02
  0.000000000e+00
  -3.540947712e-02 8.786537037e-01 1.221404575e-02
  -7.540896514e-01 -2.649683007e-02 -1.475444989e-01
  -1.290972767e-01 -1.457587146e-02 6.941880174e-01
 Node:         30
  0.1113E+03  0.1159E+03  0.5206E+03 -0.1326E-03
  -2.652E-4
   2.159E-16
  -2.652E-4
   3.678E-36
  -4.799E-17
  -2.652E-4
  -9.298759030e-02
  -9.298759030e-02
  -9.298759030e-02
  0.000000000e+00
  -9.298759030e-02
  0.000000000e+00
  4.356566449e-01 4.960647059e-01 -4.388386710e-02
  -6.460103486e-01 6.069254902e-01 -2.436928105e-02
  -1.850028322e-02 2.770740741e-02 8.784088235e-01
 Node:         31
  0.1203E+03  0.1126E+03  0.4920E+03 -0.1326E-03
  -2.652E-4
   1.68E-16
  -2.652E-4
   4.799E-17
   7.198E-17
  -2.652E-4
  -9.298759030e-02
  -9.298759030e-02
  -9.298759030e-02
  0.000000000e+00
  -9.298759030e-02
  0.000000000e+00
  -5.899143791e-01 -3.914360566e-01 -4.671650327e-01
  3.793141612e-01 1.270468410e-01 -6.575284314e-01
  3.148519608e-01 -6.284474946e-01 1.329498911e-01
 Node:         32
  0.1188E+03  0.1134E+03  0.5062E+03 -0.1326E-03
  -2.652E-4
  -2.399E-17
  -2.652E-4
  -4.799E-17
   1.68E-16
  -2.652E-4
  -9.298759030e-02
  -9.298759030e-02
  -9.298759030e-02
  0.000000000e+00
  -9.298759030e-02
  0.000000000e+00
  7.691366013e-01 -1.156082789e-02 -3.158917211e-02
  4.094941176e-02 4.082949891e-01 8.488883442e-01
  -2.908401307e-03 -8.941721133e-01 4.424656863e-01
 Node:         33
  0.1183E+03  0.1150E+03  0.5201E+03 -0.1326E-03
  -2.652E-4
   9.597E-17
  -2.652E-4
   1.44E-16
  -4.904E-36
  -2.652E-4
  -9.298759030e-02
  -9.298759030e-02
  -9.298759030e-02
  0.000000000e+00
  -9.298759030e-02
  0.000000000e+00
  6.243941176e-01 8.039420479e-02 2.054407407e-01
  -6.074947307e-02 4.202954248e-01 -2.477473856e-01
  -2.050967320e-01 3.198218954e-01 5.423786492e-01
 Node:         34
  0.1255E+03  0.1129E+03  0.4909E+03 -0.1326E-03
  -2.652E-4
  -5.721E-36
  -2.652E-4
   9.597E-17
   1.68E-16
  -2.652E-4
  -9.298759030e-02
  -9.298759030e-02
  -9.298759030e-02
  0.000000000e+00
  -9.298759030e-02
  0.000000000e+00
  2.869275599e-01 3.816132898e-01 5.135448802e-01
  4.190215686e-01 -1.524737473e-01 1.523454216e-02
  -2.231579521e-01 -4.886351852e-01 5.139644880e-01
 Node:         35
  0.1260E+03  0.1135E+03  0.5054E+03 -0.1326E-03
  -2.652E-4
   1.919E-16
  -2.652E-4
   1.919E-16
   4.319E-16
  -2.652E-4
  -9.298759030e-02
  -9.298759030e-02
  -9.298759030e-02
  0.000000000e+00
  -9.298759030e-02
  0.000000000e+00
  6.026079521e-01 3.965302832e-01 3.955403050e-01
  -5.106828976e-01 4.219917211e-01 4.270401961e-01
  1.137451558e-02 -7.123883442e-01 6.986741830e-01
 Node:         36
  0.1257E+03  0.1153E+03  0.5196E+03 -0.1326E-03
  -2.652E-4
  -9.597E-17
  -2.652E-4
  -9.597E-17
   1.44E-16
  -2.652E-4
  -9.298759030e-02
  -9.298759030e-02
  -9.298759030e-02
  0.000000000e+00
  -9.298759030e-02
  0.000000000e+00
  -5.290067538e-01 5.764284314e-01 5.534742919e-01
  6.035340959e-01 2.897245098e-01 2.961725926e-01
  -5.409982289e-03 -6.818820261e-01 6.759042484e-01
 Node:         37
  0.1132E+03  0.1210E+03  0.4959E+03 -0.1326E-03
  -2.652E-4
   2.399E-16
  -2.652E-4
  -1.44E-16
   3.119E-16
  -2.652E-4
  -9.298759030e-02
  -9.298759030e-02
  -9.298759030e-02
  0.000000000e+00
  -9.298759030e-02
  0.000000000e+00
  -4.037064270e-01 -6.382166667e-01 -2.956191939e-01
  5.559420479e-01 -1.730714815e-01 -3.479218954e-01
  2.902111111e-01 -4.532605664e-01 6.554164924e-01
 Node:         38
  0.1111E+03  0.1204E+03  0.5085E+03 -0.1326E-03
  -2.652E-4
   1.68E-16
  -2.652E-4
  -4.799E-17
  -1.44E-16
  -2.652E-4
  -9.298759030e-02
  -9.298759030e-02
  -9.298759030e-02
  0.000000000e+00
  -9.298759030e-02
  0.000000000e+00
  1.681601307e-01 7.997241830e-01 -1.162514379e-01
  8.031744009e-01 -1.743527233e-01 -3.365516340e-02
  7.410000000e-02 1.263144880e-01 9.862031590e-01
 Node:         39
  0.1119E+03  0.1201E+03  0.5207E+03 -0.1326E-03
  -2.652E-4
  -1.68E-16
  -2.652E-4
  -1.44E-16
  -1.32E-16
  -2.652E-4
  -9.298759030e-02
  -9.298759030e-02
  -9.298759030e-02
  0.000000000e+00
  -9.298759030e-02
  0.000000000e+00
  7.638564270e-01 -5.825084314e-02 -3.061440087e-01
  3.530559913e-01 -2.036846405e-01 9.116310458e-01
  -1.153578540e-01 -8.043384532e-01 -1.373116558e-01
 Node:         40
  0.1191E+03  0.1220E+03  0.4937E+03 -0.1326E-03
  -2.652E-4
   1.44E-16
  -2.652E-4
   1.44E-16
  -2.399E-17
  -2.652E-4
  -9.298759030e-02
  -9.298759030e-02
  -9.298759030e-02
  0.000000000e+00
  -9.298759030e-02
  0.000000000e+00
  7.696394336e-02 1.138784314e-02 9.982244009e-03
  6.764194956e-04 4.919901961e-02 -6.253769063e-02
  -4.814041394e-02 1.825459695e-01 1.691206972e-01
 Node:         41
  0.1182E+03  0.1217E+03  0.5073E+03 -0.1326E-03
  -2.652E-4
  -4.799E-17
  -2.652E-4
   9.597E-17
   1.68E-16
  -2.652E-4
  -9.298759030e-02
  -9.298759030e-02
  -9.298759030e-02
  0.000000000e+00
  -9.298759030e-02
  0.000000000e+00
  -1.133872549e-01 -1.302329412e-01 -8.008710240e-01
  -6.212797386e-01 1.867883442e-01 7.472178649e-02
  2.054640523e-01 9.503429194e-01 -1.932300000e-01
 Node:         42
  0.1187E+03  0.1212E+03  0.5204E+03 -0.1326E-03
  -2.652E-4
  -9.597E-17
  -2.652E-4
   3.269E-36
   9.597E-17
  -2.652E-4
  -9.298759030e-02
  -9.298759030e-02
  -9.298759030e-02
  0.000000000e+00
  -9.298759030e-02
  0.000000000e+00
  -1.696296296e-02 8.554753813e-02 9.551628540e-01
  -6.369954248e-01 1.312302832e-01 -2.643966231e-02
  -1.331827887e-01 -8.090857298e-01 7.875924837e-02
 Node:         43
  0.1258E+03  0.1217E+03  0.4915E+03 -0.1326E-03
  -2.652E-4
   1.919E-16
  -2.652E-4
  -2.399E-17
   1.635E-36
  -2.652E-4
  -9.298759030e-02
  -9.298759030e-02
  -9.298759030e-02
  0.000000000e+00
  -9.298759030e-02
  0.000000000e+00
  7.703927015e-01 1.922164488e-01 -2.965586057e-02
  -3.452050109e-01 7.939465142e-01 -1.401966231e-02
  1.849077342e-02 -3.462606209e-02 9.946126362e-01
 Node:         44
  0.1259E+03  0.1220E+03  0.5059E+03 -0.1326E-03
  -2.652E-4
   2.399E-16
  -2.652E-4
   1.68E-16
   1.919E-16
  -2.652E-4
  -9.298759030e-02
  -9.298759030e-02
  -9.298759030e-02
  0.000000000e+00
  -9.298759030e-02
  0.000000000e+00
  -2.479386710e-01 -2.460247277e-01 -5.516380174e-01
  -5.995572985e-01 -5.263101307e-01 5.044479303e-01
  5.196945534e-01 -5.660270153e-01 2.933629630e-02
 Node:         45
  0.1261E+03  0.1221E+03  0.5198E+03 -0.1326E-03
  -2.652E-4
  -1.44E-16
  -2.652E-4
   4.799E-17
  -1.2E-17
  -2.652E-4
  -9.298759030e-02
  -9.298759030e-02
  -9.298759030e-02
  0.000000000e+00
  -9.298759030e-02
  0.000000000e+00
  6.996230937e-02 -2.355332244e-02 9.965892157e-01
  -8.145084967e-01 1.195269063e-01 6.124232026e-02
  -1.212042484e-01 -8.160706972e-01 -1.243494662e-02
 Node:         46
  0.1117E+03  0.1296E+03  0.4959E+03  0.0000E+00
  -2.467E-16
   4.797E-17
  -7.401E-16
   1.199E-17
  -4.497E-17
   0.0
  3.057000000e-18
  -2.423000000e-16
  -7.476000000e-16
  6.629532710e-16
  -3.289476667e-16
  3.125191690e-16
  3.676000000e-02 -5.800000000e-02 9.976000000e-01
  9.946000000e-01 9.864000000e-02 -3.092000000e-02
  -9.662000000e-02 9.934000000e-01 6.131000000e-02
 Node:         47
  0.1107E+03  0.1269E+03  0.5087E+03  0.0000E+00
  -7.401E-16
  -5.397E-17
   4.934E-16
  -4.797E-17
   6.896E-17
   0.0
  5.058000000e-16
  -7.273000000e-18
  -7.452000000e-16
  1.089215580e-15
  -8.222433333e-17
  5.134611487e-16
  -4.821000000e-02 9.891000000e-01 1.394000000e-01
  -5.424000000e-02 -1.420000000e-01 9.884000000e-01
  -9.974000000e-01 -4.009000000e-02 -6.049000000e-02
 Node:         48
  0.1125E+03  0.1242E+03  0.5208E+03  0.0000E+00
   4.934E-16
   5.997E-18
   4.934E-16
   0.0
  -2.998E-18
   4.934E-16
  5.001000000e-16
  4.934000000e-16
  4.867000000e-16
  1.160474041e-17
  4.934000000e-16
  5.470527092e-18
  -6.325000000e-01 -7.071000000e-01 3.162000000e-01
  4.472000000e-01 -2.276000000e-15 8.944000000e-01
  6.325000000e-01 -7.071000000e-01 -3.162000000e-01
 Node:         49
  0.1186E+03  0.1311E+03  0.4938E+03  0.0000E+00
  -7.401E-16
  -3.598E-17
   0.0
  -7.196E-17
  -1.049E-17
  -2.467E-16
  1.947000000e-18
  -2.366000000e-16
  -7.523000000e-16
  6.677348644e-16
  -3.289843333e-16
  3.147732338e-16
  4.561000000e-02 -9.985000000e-01 2.894000000e-02
  -1.430000000e-01 2.215000000e-02 9.895000000e-01
  -9.887000000e-01 -4.926000000e-02 -1.418000000e-01
 Node:         50
  0.1180E+03  0.1298E+03  0.5075E+03  0.0000E+00
   0.0
  -2.249E-17
   1.48E-15
  -7.196E-17
   2.155E-17
   9.869E-16
  1.482000000e-15
  9.910000000e-16
  -5.513000000e-18
  1.312785985e-15
  8.224956667e-16
  6.188532481e-16
  1.739000000e-02 -9.988000000e-01 -4.603000000e-02
  -7.128000000e-02 -4.716000000e-02 9.963000000e-01
  9.973000000e-01 1.405000000e-02 7.201000000e-02
 Node:         51
  0.1192E+03  0.1275E+03  0.5206E+03  0.0000E+00
   0.0
  -5.997E-18
  -2.467E-16
   0.0
   2.549E-17
   4.934E-16
  4.943000000e-16
  1.449000000e-19
  -2.477000000e-16
  6.542860068e-16
  8.224830000e-17
  3.084333815e-16
  -4.170000000e-04 3.438000000e-02 9.994000000e-01
  9.997000000e-01 -2.416000000e-02 1.248000000e-03
  2.418000000e-02 9.991000000e-01 -3.436000000e-02
 Node:         52
  0.1262E+03  0.1305E+03  0.4920E+03  0.0000E+00
   4.934E-16
  -2.399E-17
   4.934E-16
   2.249E-18
   8.48E-18
   0.0
  5.175000000e-16
  4.696000000e-16
  -1.600000000e-19
  4.954496661e-16
  3.289800000e-16
  2.335572124e-16
  -7.061000000e-01 7.080000000e-01 8.534000000e-03
  7.081000000e-01 7.060000000e-01 1.614000000e-02
  -5.403000000e-03 -1.744000000e-02 9.998000000e-01
 Node:         53
  0.1258E+03  0.1304E+03  0.5063E+03  0.0000E+00
  -7.401E-16
  -2.998E-18
  -4.934E-16
   4.797E-17
   5.847E-17
  -9.869E-16
  -4.866000000e-16
  -7.314000000e-16
  -1.002000000e-15
  4.465358664e-16
  -7.400000000e-16
  2.104990261e-16
  1.040000000e-02 9.931000000e-01 1.171000000e-01
  -9.836000000e-01 3.123000000e-02 -1.776000000e-01
  -1.800000000e-01 -1.133000000e-01 9.771000000e-01
 Node:         54
  0.1265E+03  0.1288E+03  0.5200E+03  0.0000E+00
  -9.869E-16
   3.598E-17
   4.934E-16
   0.0
  -7.496E-18
   4.934E-16
  5.014000000e-16
  4.864000000e-16
  -9.877000000e-16
  1.481656947e-15
  3.333333333e-20
  6.984597833e-16
  1.758000000e-02 7.272000000e-01 -6.862000000e-01
  1.675000000e-02 6.860000000e-01 7.274000000e-01
  -9.997000000e-01 2.428000000e-02 1.229000000e-04
 Node:         55
  0.1381E+03  0.1167E+03  0.4530E+03  0.2473E-02
   0.007928
  -0.004288
   0.005428
  -0.001139
   0.006352
   0.00357
  1.990403050e-03
  -1.563619826e-03
  4.587383442e-03
  -2.266267324e-03
  1.671388889e-03
  -1.068328662e-03
  -5.798896514e-01 5.972984749e-01 3.938693900e-01
  6.808562092e-01 3.010368519e-01 5.458535948e-01
  -6.570261438e-03 -1.054388889e-01 1.086959695e-01
 Node:         56
  0.1314E+03  0.1156E+03  0.4685E+03  0.2473E-02
   0.008311
  -0.004701
   0.005322
  -0.003126
   0.003097
   0.004234
  1.493722767e-02
  -3.078827887e-03
  -1.922816993e-04
  1.582020180e-02
  3.888706028e-03
  7.457714648e-03
  -7.436630719e-01 3.215725207e-01 1.074094662e-01
  1.797240959e-01 -6.310641612e-01 5.967452832e-01
  -1.050588235e-02 6.681415033e-02 7.486739869e-01
 Node:         57
  0.1285E+03  0.1140E+03  0.4823E+03  0.2473E-02
   0.007887
  -0.001569
   0.005098
  -9.137E-4
   6.453E-4
   0.004932
  -7.238997821e-04
  4.734034314e-03
  4.807060784e-03
  -5.354807123e-03
  2.939065105e-03
  -2.524280286e-03
  -8.427787582e-01 2.251419717e-01 1.594093808e-01
  1.758878379e-01 -1.095994553e-01 6.990262527e-01
  7.731321351e-02 2.964104575e-01 3.865476972e-01
 Node:         58
  0.1479E+03  0.1173E+03  0.4537E+03  0.2473E-02
   0.007819
  -0.005261
   0.00597
  -9.072E-4
   0.004417
   0.002045
  -1.529554466e-02
  5.383834423e-03
  6.147704139e-03
  -2.026455528e-02
  -1.254668700e-03
  -9.552802971e-03
  -6.899354031e-01 6.607935730e-01 2.952920479e-01
  1.995253813e-01 2.013224401e-01 -5.121241830e-02
  -3.494412854e-01 -6.532814815e-01 6.303947712e-01
 Node:         59
  0.1416E+03  0.1164E+03  0.4694E+03  0.2473E-02
   0.008829
  -0.008257
   0.005824
  -0.007481
   0.006386
   0.00413
  1.074131808e-02
  -4.428069172e-03
  1.189950980e-03
  1.166492113e-02
  2.501066630e-03
  5.498896554e-03
  -7.188906318e-01 5.447844227e-01 2.522492331e-01
  4.731631808e-01 7.521102397e-01 3.343082789e-01
  4.762570806e-02 2.554140087e-01 -5.813261438e-01
 Node:         60
  0.1375E+03  0.1149E+03  0.4832E+03  0.2473E-02
   0.00821
  -0.003758
   0.005314
  -0.003441
   0.00239
   0.005095
  7.391023965e-03
  1.811071242e-03
  5.488039216e-04
  6.301515843e-03
  3.250299710e-03
  2.970563056e-03
  -7.838258170e-01 3.640221786e-01 2.374633224e-01
  8.751056645e-02 -7.710206972e-02 2.289237037e-01
  2.561632898e-01 2.610973987e-01 6.751931373e-01
 Node:         61
  0.1550E+03  0.1214E+03  0.4543E+03  0.2473E-02
   0.00875
  -0.004807
   0.004728
   0.001625
  -0.003622
   0.003228
  -2.003445534e-02
  1.073213856e-02
  4.132839346e-03
  -2.553678909e-02
  -1.723159143e-03
  -1.203815782e-02
  -6.654016340e-01 5.631093682e-01 -1.316773203e-01
  6.585961983e-01 4.325791939e-01 -6.231263617e-02
  1.002999673e-01 8.802084967e-01 5.578954248e-03
 Node:         62
  0.1489E+03  0.1198E+03  0.4703E+03  0.2473E-02
   0.009602
  -0.01403
   0.005654
  -0.007805
   0.004495
   0.005412
  -1.760325708e-02
  7.580989434e-03
  4.772612200e-03
  -2.268009455e-02
  -1.749885149e-03
  -1.069149910e-02
  -7.358998911e-01 5.752480392e-01 3.290665577e-01
  -1.114845316e-01 -4.739393410e-01 1.244005447e-01
  2.076501089e-01 6.639760349e-02 4.217674782e-01
 Node:         63
  0.1436E+03  0.1181E+03  0.4839E+03  0.2473E-02
   0.00819
  -0.00651
   0.005808
  -0.00287
   0.004147
   0.005233
  6.853028322e-03
  2.851028758e-03
  -1.390397059e-03
  6.545339425e-03
  2.771220007e-03
  3.085502595e-03
  -7.417791939e-01 5.084957516e-01 2.359861699e-01
  3.561236383e-01 3.383149728e-01 9.521013072e-02
  -3.317154139e-01 -2.867296296e-01 4.931729847e-01
 Node:         64
  0.1412E+03  0.1253E+03  0.4529E+03  0.2473E-02
   0.00632
  -0.00479
   0.006506
  -7.571E-4
   7.556E-4
   0.00385
  9.279923747e-03
  -3.730892157e-03
  1.302815795e-03
  6.812814435e-03
  2.283949129e-03
  3.211591524e-03
  1.163937908e-01 6.207649237e-01 -1.300811874e-01
  -1.126019499e-02 2.325078105e-01 8.276050763e-01
  6.697935730e-01 1.074724401e-01 4.384401089e-01
 Node:         65
  0.1339E+03  0.1229E+03  0.4685E+03  0.2473E-02
   0.007775
  -0.008352
   0.006033
  -0.002541
   9.897E-4
   0.004264
  1.488784858e-02
  2.141891612e-03
  -7.362469063e-03
  1.904607040e-02
  3.222423711e-03
  8.978403689e-03
  -7.979859477e-01 2.625738017e-01 1.366207516e-01
  9.517260131e-02 -6.369218954e-01 3.786522179e-01
  3.748536819e-01 7.526661220e-01 -3.510896514e-01
 Node:         66
  0.1299E+03  0.1214E+03  0.4825E+03  0.2473E-02
   0.007973
  -0.002663
   0.00526
  -9.994E-4
   7.768E-4
   0.004922
  -4.788943355e-04
  5.724498802e-03
  2.879296841e-03
  -4.469431644e-03
  2.708300436e-03
  -2.106910282e-03
  -8.439253813e-01 3.537715207e-01 1.561992266e-01
  1.487886710e-01 -5.355197712e-01 9.653437908e-01
  2.924819255e-01 6.018953159e-01 2.557343573e-01
 Node:         67
  0.1497E+03  0.1240E+03  0.4536E+03  0.2473E-02
   0.006813
  -0.005013
   0.006363
  -6.35E-4
   0.00134
   0.002317
  -3.810511983e-03
  4.637720806e-03
  2.796235512e-03
  -7.341244877e-03
  1.207814779e-03
  -3.460696023e-03
  -7.312432462e-01 6.292393246e-01 1.869330610e-01
  -4.948774292e-01 -6.277714488e-01 -3.487625272e-01
  -5.904281046e-02 -3.893638344e-02 5.328206754e-01
 Node:         68
  0.1430E+03  0.1222E+03  0.4694E+03  0.2473E-02
   0.008821
  -0.01039
   0.006223
  -0.006728
   0.003007
   0.003549
  -4.021181917e-03
  3.804453595e-03
  2.332374728e-03
  -6.705251005e-03
  7.052154684e-04
  -3.160885637e-03
  -7.450140523e-01 5.832247277e-01 3.077942266e-01
  7.938952614e-02 -3.424084619e-01 8.706636166e-01
  6.428923747e-01 6.615909586e-01 1.983852908e-01
 Node:         69
  0.1379E+03  0.1205E+03  0.4831E+03  0.2473E-02
   0.008338
  -0.00418
   0.005361
  -0.002987
   0.001866
   0.004948
  1.804144880e-03
  3.206275163e-03
  2.800313486e-03
  -1.143587701e-03
  2.603577843e-03
  -5.390924124e-04
  -8.044555556e-01 4.373652505e-01 2.692842919e-01
  1.343262200e-01 -8.414200436e-02 7.760614379e-01
  2.989558824e-01 1.016994553e-01 4.393729956e-01
 Node:         70
  0.1552E+03  0.1235E+03  0.4543E+03  0.2473E-02
   0.007329
  -0.006489
   0.005629
  -0.004279
   0.003174
   0.001767
  -1.316913943e-02
  5.289591612e-03
  6.901142919e-03
  -1.930646325e-02
  -3.261349673e-04
  -9.101154057e-03
  -7.091108932e-01 5.690770153e-01 3.901912854e-01
  5.165476035e-01 5.659108932e-01 -8.741721133e-02
  -4.915285730e-01 -4.500002070e-01 -4.529967320e-01
 Node:         71
  0.1491E+03  0.1218E+03  0.4702E+03  0.2473E-02
   0.00973
  -0.009855
   0.005879
  -0.01324
   0.005725
   0.003863
  -2.217897603e-02
  1.246259967e-02
  6.946546841e-04
  -2.707313618e-02
  -3.007240559e-03
  -1.276239879e-02
  -7.116690632e-01 5.056175381e-01 4.811874728e-01
  -3.738700458e-01 -5.414899455e-01 -1.684590414e-01
  1.606730937e-01 -3.163486928e-01 5.844715468e-01
 Node:         72
  0.1435E+03  0.1199E+03  0.4838E+03  0.2473E-02
   0.008743
  -0.004629
   0.005285
  -0.005326
   0.002516
   0.005075
  1.502543573e-03
  4.141812309e-03
  1.250715686e-03
  -8.697880082e-04
  2.298357190e-03
  -4.100219992e-04
  -7.827530501e-01 4.428400871e-01 3.709919390e-01
  1.695206972e-03 -4.576082026e-01 7.387296296e-01
  3.962533769e-01 4.666884532e-02 5.883449891e-01
 Node:         73
  0.1442E+03  0.1339E+03  0.4529E+03  0.0000E+00
   0.004076
  -2.913E-4
  -0.001261
  -0.001818
   0.001282
   3.427E-4
  -1.247766449e-02
  -1.791487908e-03
  -2.655723312e-03
  -9.440852781e-03
  -5.641625236e-03
  -4.450460681e-03
  -6.406924837e-01 1.393090414e-01 5.903070153e-02
  4.225006569e-01 5.613943246e-01 -8.558867102e-02
  2.062477996e-01 -2.612729847e-01 5.012183878e-01
 Node:         74
  0.1365E+03  0.1303E+03  0.4685E+03  0.0000E+00
   0.005193
   0.005865
  -2.649E-4
   0.001526
   0.002182
   7.28E-4
  -2.476911765e-03
  -1.816187092e-03
  -1.068824946e-02
  5.676795386e-03
  -4.993782771e-03
  2.676067008e-03
  -8.198593682e-01 -2.415445098e-01 -2.226568192e-01
  -3.659105447e-01 -2.348492810e-01 1.142563181e+00
  -2.507052614e-01 8.183885621e-01 1.381714597e-02
 Node:         75
  0.1313E+03  0.1288E+03  0.4826E+03  0.0000E+00
   0.003801
   0.002422
   4.981E-5
   5.995E-4
   3.096E-4
   9.098E-5
  -9.491570806e-03
  -4.471075054e-04
  -3.665872113e-03
  -6.983155699e-03
  -4.534850142e-03
  -3.291891166e-03
  -8.821913943e-01 -2.644050763e-01 -7.247066776e-02
  -9.664403595e-02 -2.467776797e-01 8.871774510e-01
  -2.636061002e-01 8.214373638e-01 1.999519935e-01
 Node:         76
  0.1514E+03  0.1307E+03  0.4536E+03  0.0000E+00
   0.003771
  -0.001412
  -0.001335
  -0.002276
   6.262E-4
   7.694E-5
  -1.639125054e-02
  -6.431768083e-03
  2.300675381e-03
  -1.559931902e-02
  -6.840781082e-03
  -7.353589505e-03
  -1.855761438e-01 -2.451845316e-02 2.441128540e-01
  1.646975654e-01 -2.263249455e-01 5.347752723e-01
  1.587730937e-01 -6.807712418e-02 3.820511983e-01
 Node:         77
  0.1444E+03  0.1280E+03  0.4693E+03  0.0000E+00
   0.005751
   0.005908
  -3.214E-4
   0.001708
   0.001539
   3.723E-4
  -8.368899782e-03
  -5.482486939e-03
  -5.071306100e-03
  -3.020957851e-03
  -6.307564274e-03
  -1.424093188e-03
  -8.583110022e-01 -2.863603595e-01 -6.719776471e-02
  5.062962092e-02 3.436437908e-02 7.460956427e-01
  -3.869932669e-01 1.983815904e-01 2.379697712e-01
 Node:         78
  0.1384E+03  0.1261E+03  0.4830E+03  0.0000E+00
   0.004029
   0.003278
   6.491E-5
   9.361E-4
   4.639E-4
   6.207E-5
  -9.910148148e-03
  -4.702630283e-04
  -4.350595752e-03
  -6.997135029e-03
  -4.910335643e-03
  -3.298481085e-03
  -8.761767974e-01 -3.358573595e-01 -8.110482244e-02
  -4.970838780e-02 -4.655652832e-01 8.644252723e-01
  -3.168334749e-01 7.468611111e-01 4.016777767e-01
 Node:         79
  0.1555E+03  0.1255E+03  0.4542E+03  0.0000E+00
   0.003288
  -5.406E-4
  -0.003126
  -0.005365
   5.065E-4
  -9.6E-4
  -3.406913834e-02
  5.727472767e-04
  -1.749215686e-03
  -3.286641688e-02
  -1.174853558e-02
  -1.549337750e-02
  -1.657374728e-02 -2.502283987e-01 -3.220385414e-01
  8.433972767e-02 1.386893246e-01 -1.953619826e-01
  5.496283224e-01 -5.897973856e-02 1.366290850e-01
 Node:         80
  0.1493E+03  0.1237E+03  0.4702E+03  0.0000E+00
   0.006309
   0.002849
  -0.001953
   0.003761
   0.001712
  -3.403E-4
  -3.915396514e-02
  2.516356209e-03
  1.551590414e-03
  -4.093706796e-02
  -1.169533951e-02
  -1.929791891e-02
  -8.639288671e-01 -3.037593682e-01 -2.855985630e-01
  -3.134451852e-01 4.273286710e-01 5.260675381e-02
  -3.493827887e-02 -1.740515251e-01 3.484986275e-01
 Node:         81
  0.1433E+03  0.1217E+03  0.4837E+03  0.0000E+00
   0.004262
   0.002668
  -1.64E-4
   0.003618
   0.001053
   1.121E-4
  -8.773850763e-03
  -1.435604357e-03
  -4.621318083e-03
  -5.466901498e-03
  -4.943591068e-03
  -2.577122081e-03
  -8.502066449e-01 -2.891618736e-01 -2.777935839e-01
  2.327159730e-02 -3.344559913e-01 2.515828649e-01
  -3.618938891e-01 3.777968845e-01 7.002827887e-01
 Node:         82
  0.1267E+03  0.1148E+03  0.4560E+03  0.3397E-02
   0.01021
  -0.004568
   0.006624
  -0.001467
   2.14E-4
   0.006487
  1.650109858e-02
  1.517225599e-02
  1.916019074e-02
  -2.210795998e-03
  1.694451511e-02
  -1.042179228e-03
  -1.323192810e-01 3.991018366e-01 2.183062745e-01
  4.510717865e-02 -5.958243137e-01 2.820218954e-01
  3.953299564e-01 7.317533769e-01 -1.539494553e-01
 Node:         83
  0.1234E+03  0.1129E+03  0.4718E+03  0.3397E-02
   0.009657
  -0.003299
   0.00662
  -0.002494
   5.396E-4
   0.006852
  1.780966776e-02
  1.899024510e-02
  1.648386427e-02
  8.252674664e-04
  1.776125904e-02
  3.890348145e-04
  -1.483852941e-01 3.505554564e-01 5.402450980e-01
  -1.551151416e-02 -9.534803922e-02 4.444427015e-01
  1.864835512e-01 3.033677560e-01 6.490769063e-01
 Node:         84
  0.1187E+03  0.1123E+03  0.4849E+03  0.3397E-02
   0.009505
  -2.868E-4
   0.006776
  -6.164E-4
   3.229E-5
   0.006894
  9.269301743e-03
  2.134508715e-02
  2.089702397e-02
  -1.168692487e-02
  1.717047095e-02
  -5.509269219e-03
  -1.431315904e-01 9.851011547e-02 4.276942919e-01
  3.038967756e-02 7.326078431e-02 1.839596732e-01
  1.912606536e-01 9.631446623e-02 5.546438998e-01
 Node:         85
  0.1302E+03  0.1161E+03  0.4548E+03  0.3397E-02
   0.01028
  -0.005119
   0.006667
  -0.001362
   1.619E-4
   0.00625
  1.889040790e-02
  1.072966503e-02
  2.000328976e-02
  -2.191813315e-03
  1.654112090e-02
  -1.033230705e-03
  -8.353039216e-02 4.572287582e-01 2.753505991e-01
  -3.836744009e-01 -1.471579521e-02 7.191039216e-01
  1.753979303e-01 -3.748507625e-02 5.279368192e-01
 Node:         86
  0.1252E+03  0.1138E+03  0.4701E+03  0.3397E-02
   0.008984
  -0.003107
   0.007797
  -0.005831
   0.001801
   0.006693
  1.607175708e-02
  1.884711111e-02
  1.061729107e-02
  4.100265026e-03
  1.517871975e-02
  1.932883470e-03
  -1.315751634e-02 4.863344227e-01 7.523608932e-01
  -2.277833333e-01 -1.165832244e-01 2.163033782e-01
  1.596570806e-01 6.264179739e-02 7.402112200e-01
 Node:         87
  0.1217E+03  0.1126E+03  0.4833E+03  0.3397E-02
   0.00956
  -2.435E-4
   0.006787
  -0.001098
   1.3E-4
   0.006929
  1.076504031e-02
  2.099994771e-02
  2.000008824e-02
  -9.413661681e-03
  1.725502542e-02
  -4.437642674e-03
  -1.370492375e-01 7.231773747e-02 4.952923965e-01
  -3.401837691e-02 -2.338403050e-01 -8.345620044e-02
  1.773790632e-01 5.078625272e-02 8.556798475e-01
 Node:         88
  0.1338E+03  0.1169E+03  0.4532E+03  0.3397E-02
   0.009722
  -0.005409
   0.006883
  -0.001369
   0.002559
   0.006679
  1.444480338e-02
  8.895134510e-03
  2.510950109e-02
  -9.532908251e-03
  1.614981299e-02
  -4.493856046e-03
  -5.159255447e-01 7.122028322e-01 4.978736383e-01
  -2.764446623e-02 -8.844928649e-02 5.019983442e-01
  2.638286492e-01 2.333148148e-01 1.726021895e-01
 Node:         89
  0.1270E+03  0.1150E+03  0.4684E+03  0.3397E-02
   0.01003
  -0.004031
   0.00683
  -0.003132
   8.525E-4
   0.006807
  2.411381808e-02
  1.771428758e-02
  1.419995142e-02
  8.731626542e-03
  1.867601903e-02
  4.116128226e-03
  -1.626010893e-01 4.319937691e-01 5.405289434e-01
  -8.374239216e-02 7.793028322e-02 5.048594771e-01
  1.667452070e-01 3.297682462e-01 6.481789760e-01
 Node:         90
  0.1248E+03  0.1132E+03  0.4822E+03  0.3397E-02
   0.009655
  -0.001044
   0.006859
  -7.531E-4
   4.033E-4
   0.006833
  1.213128268e-02
  1.965801678e-02
  2.043267538e-02
  -7.841391076e-03
  1.740732495e-02
  -3.696467202e-03
  -1.183858388e-01 3.820743388e-01 3.183274401e-01
  1.183004606e-01 1.038616558e-01 2.328769063e-01
  1.406148802e-01 4.671393246e-01 4.554801743e-01
 Node:         91
  0.1258E+03  0.1261E+03  0.4549E+03  0.3397E-02
   0.008181
  -0.007096
   0.007952
  -0.003124
   0.001237
   0.006402
  2.967928649e-02
  7.890187146e-03
  1.213146719e-02
  1.343393586e-02
  1.656698028e-02
  6.332818097e-03
  -7.990229847e-01 1.505562092e-01 1.881764706e-02
  1.840847810e-01 -2.873661002e-01 3.333345523e-01
  5.471501743e-01 1.047980392e-01 4.109514161e-01
 Node:         92
  0.1209E+03  0.1233E+03  0.4725E+03  0.3397E-02
   0.009645
  -0.005323
   0.006855
  -0.004338
   6.075E-4
   0.006797
  2.658844227e-02
  1.260142789e-02
  1.266146558e-02
  1.156170636e-02
  1.728377858e-02
  5.450240647e-03
  -3.342469499e-01 5.648714161e-01 5.020035185e-01
  -2.384708562e-01 -1.979466231e-01 6.735869281e-01
  3.644192810e-01 1.721135076e-01 4.514334423e-01
 Node:         93
  0.1159E+03  0.1217E+03  0.4877E+03  0.3397E-02
   0.009676
   1.445E-6
   0.006756
  -0.002021
  -7.35E-4
   0.006962
  1.262770142e-02
  2.044921089e-02
  1.785517647e-02
  -5.795607495e-03
  1.697736293e-02
  -2.732075574e-03
  4.636448802e-02 -1.284517124e-01 4.709320153e-01
  -1.777066013e-01 -4.438191721e-02 -4.906277778e-01
  -2.099401048e-01 1.289080610e-01 -6.931668845e-01
 Node:         94
  0.1312E+03  0.1263E+03  0.4540E+03  0.3397E-02
   0.007832
  -0.007063
   0.008163
  -0.002518
   3.611E-4
   0.006225
  2.810027342e-02
  8.564418845e-03
  1.189148355e-02
  1.216999043e-02
  1.618539194e-02
  5.736988507e-03
  -2.267238562e-01 7.808236166e-01 1.917281699e-01
