 Group name: predicted_stress_L2A5
 #Fields=  16
 1) coordinates, coordinate, rectangular cartesian, #Components=3
   x.  Value index= 1, #Derivatives=0
   y.  Value index= 2, #Derivatives=0
   z.  Value index= 3, #Derivatives=0
 2) Tensor_1, field, rectangular cartesian, #Components=1
   Tensor_1.  Value index= 4, #Derivatives=0
 3) Tensor_2, field, rectangular cartesian, #Components=1
   Tensor_2.  Value index= 5, #Derivatives=0
 4) Tensor_3, field, rectangular cartesian, #Components=1
   Tensor_3.  Value index= 6, #Derivatives=0
 5) Tensor_4, field, rectangular cartesian, #Components=1
   Tensor_4.  Value index= 7, #Derivatives=0
 6) Tensor_5, field, rectangular cartesian, #Components=1
   Tensor_5.  Value index= 8, #Derivatives=0
 7) Tensor_6, field, rectangular cartesian, #Components=1
   Tensor_6.  Value index= 9, #Derivatives=0
 8) Principal_1, field, rectangular cartesian, #Components=1
   Principal_1.  Value index= 10, #Derivatives=0
 9) Principal_2, field, rectangular cartesian, #Components=1
   Principal_2.  Value index= 11, #Derivatives=0
 10) Principal_3, field, rectangular cartesian, #Components=1
   Principal_3.  Value index= 12, #Derivatives=0
 11) VonMises, field, rectangular cartesian, #Components=1
   VonMises.  Value index= 13, #Derivatives=0
 12) Hydrostatic, field, rectangular cartesian, #Components=1
   VonMises.  Value index= 14, #Derivatives=0
 13) Octahedral, field, rectangular cartesian, #Components=1
   VonMises.  Value index= 15, #Derivatives=0
 14) PrincipalVector1, field, rectangular cartesian, #Components=3
   x.  Value index= 16, #Derivatives=0
   y.  Value index= 17, #Derivatives=0
   z.  Value index= 18, #Derivatives=0
 15) PrincipalVector2, field, rectangular cartesian, #Components=3
   x.  Value index= 19, #Derivatives=0
   y.  Value index= 20, #Derivatives=0
   z.  Value index= 21, #Derivatives=0
 16) PrincipalVector3, field, rectangular cartesian, #Components=3
   x.  Value index= 22, #Derivatives=0
   y.  Value index= 23, #Derivatives=0
   z.  Value index= 24, #Derivatives=0
 Node:          1
  0.1287E+03  0.1133E+03  0.4908E+03 -0.8791E-01
  -0.1758
  -1.732E-16
  -0.1758
  -5.773E-17
  -8.66E-17
  -0.1758
  -3.046907199e-02
  -3.046907199e-02
  -3.046907199e-02
  0.000000000e+00
  -3.046907199e-02
  0.000000000e+00
  7.986896514e-01 -2.072415033e-01 -2.564538126e-02
  2.400172113e-01 9.450818083e-01 -2.028437908e-01
  7.835045752e-02 1.892858388e-01 9.748221133e-01
 Node:          2
  0.1292E+03  0.1137E+03  0.5052E+03 -0.8791E-01
  -0.1758
  -2.309E-16
  -0.1758
  -1.155E-16
   4.041E-16
  -0.1758
  -3.046907199e-02
  -3.046907199e-02
  -3.046907199e-02
  0.000000000e+00
  -3.046907199e-02
  0.000000000e+00
  4.248538126e-01 -2.004111111e-01 -9.743910675e-02
  3.004636166e-01 5.213356209e-01 2.565288671e-01
  -7.943558824e-04 -4.586229847e-01 8.884627451e-01
 Node:          3
  0.1289E+03  0.1155E+03  0.5194E+03 -0.8791E-01
  -0.1758
   2.887E-16
  -0.1758
   2.309E-16
   1.155E-16
  -0.1758
  -3.046907199e-02
  -3.046907199e-02
  -3.046907199e-02
  0.000000000e+00
  -3.046907199e-02
  0.000000000e+00
  -4.007900871e-01 -8.744529412e-01 -2.709970588e-01
  4.870541394e-01 -4.548039216e-01 7.451701525e-01
  7.752415033e-01 -1.671389978e-01 -6.080482571e-01
 Node:          4
  0.1361E+03  0.1141E+03  0.4915E+03 -0.8791E-01
  -0.1758
  -5.773E-17
  -0.1758
  -5.773E-17
  -1.732E-16
  -0.1758
  -3.046907199e-02
  -3.046907199e-02
  -3.046907199e-02
  0.000000000e+00
  -3.046907199e-02
  0.000000000e+00
  -3.849807190e-02 -8.859321351e-02 9.951771242e-01
  -8.215583878e-01 7.613300654e-02 -2.398934641e-02
  -7.355559913e-02 -8.186354031e-01 -7.485836601e-02
 Node:          5
  0.1341E+03  0.1144E+03  0.5054E+03 -0.8791E-01
  -0.1758
   2.887E-16
  -0.1758
   1.155E-16
  -1.443E-16
  -0.1758
  -3.046907199e-02
  -3.046907199e-02
  -3.046907199e-02
  0.000000000e+00
  -3.046907199e-02
  0.000000000e+00
  1.029100109e-01 -1.758139434e-01 9.789307190e-01
  7.127259259e-01 6.992869281e-01 5.070745098e-02
  -6.935889978e-01 6.926283224e-01 1.975029412e-01
 Node:          6
  0.1323E+03  0.1162E+03  0.5191E+03 -0.8791E-01
  -0.1758
   1.155E-16
  -0.1758
  -1.155E-16
  -5.773E-17
  -0.1758
  -3.046907199e-02
  -3.046907199e-02
  -3.046907199e-02
  0.000000000e+00
  -3.046907199e-02
  0.000000000e+00
  -7.086319172e-01 -6.996066449e-01 8.821903050e-02
  3.249650327e-01 -3.523407407e-01 -2.763118736e-02
  8.044492375e-02 4.331838780e-02 9.954503268e-01
 Node:          7
  0.1408E+03  0.1171E+03  0.4920E+03 -0.8791E-01
  -0.1758
   4.619E-16
  -0.1758
  -1.732E-16
  -2.309E-16
  -0.1758
  -3.046907199e-02
  -3.046907199e-02
  -3.046907199e-02
  0.000000000e+00
  -3.046907199e-02
  0.000000000e+00
  7.222602397e-01 3.831281046e-01 -1.077654684e-01
  -4.818566449e-01 8.676245098e-01 -1.133156645e-01
  5.943711329e-02 1.610174292e-01 9.850000000e-01
 Node:          8
  0.1367E+03  0.1169E+03  0.5055E+03 -0.8791E-01
  -0.1758
   4.041E-16
  -0.1758
  -8.371E-16
  -4.907E-16
  -0.1758
  -3.046907199e-02
  -3.046907199e-02
  -3.046907199e-02
  0.000000000e+00
  -3.046907199e-02
  0.000000000e+00
  -4.417160131e-01 -5.922399782e-01 2.157835512e-01
  6.044594771e-01 -4.838753813e-01 -3.210084967e-02
  2.404825708e-01 6.704488017e-02 9.544984749e-01
 Node:          9
  0.1339E+03  0.1180E+03  0.5191E+03 -0.8791E-01
  -0.1758
   3.464E-16
  -0.1758
  -8.227E-16
  -5.773E-16
  -0.1758
  -3.046907199e-02
  -3.046907199e-02
  -3.046907199e-02
  0.000000000e+00
  -3.046907199e-02
  0.000000000e+00
  2.610153595e-01 2.004842048e-01 -4.811187364e-01
  7.705565359e-01 6.604095861e-02 1.539882353e-01
  -1.434479521e-01 6.634352941e-01 1.878237473e-01
 Node:         10
  0.1294E+03  0.1212E+03  0.4911E+03 -0.8791E-01
  -0.1758
   5.773E-17
  -0.1758
  -2.887E-17
   2.598E-16
  -0.1758
  -3.046907199e-02
  -3.046907199e-02
  -3.046907199e-02
  0.000000000e+00
  -3.046907199e-02
  0.000000000e+00
  2.406595861e-02 4.457346405e-01 4.815686275e-01
  1.496119717e-01 6.729040305e-01 -7.200081699e-01
  -4.692555556e-01 9.140964815e-02 -6.299406318e-02
 Node:         11
  0.1295E+03  0.1214E+03  0.5055E+03 -0.8791E-01
  -0.1758
  -5.773E-17
  -0.1758
  -8.66E-17
   2.887E-17
  -0.1758
  -3.046907199e-02
  -3.046907199e-02
  -3.046907199e-02
  0.000000000e+00
  -3.046907199e-02
  0.000000000e+00
  -2.411222222e-01 8.838725490e-02 8.229872549e-01
  -4.634270153e-01 4.850300654e-01 -1.889643791e-01
  5.118553377e-01 3.351322440e-01 7.693169935e-02
 Node:         12
  0.1295E+03  0.1217E+03  0.5196E+03 -0.8791E-01
  -0.1758
  -1.49E-33
  -0.1758
   1.588E-16
   5.773E-17
  -0.1758
  -3.046907199e-02
  -3.046907199e-02
  -3.046907199e-02
  0.000000000e+00
  -3.046907199e-02
  0.000000000e+00
  -2.445581699e-01 -9.175189542e-02 -9.649635076e-01
  -3.245627451e-01 7.359394336e-01 1.579323102e-02
  -2.114433551e-02 7.133649237e-02 -7.911764706e-03
 Node:         13
  0.1361E+03  0.1199E+03  0.4914E+03 -0.8791E-01
  -0.1758
  -2.887E-16
  -0.1758
  -2.021E-16
   5.773E-17
  -0.1758
  -3.046907199e-02
  -3.046907199e-02
  -3.046907199e-02
  0.000000000e+00
  -3.046907199e-02
  0.000000000e+00
  7.586591503e-01 -3.087845316e-01 -1.042557734e-01
  3.723175381e-01 9.275004357e-01 -3.193461874e-02
  1.292671024e-01 -1.774447778e-02 9.914113290e-01
 Node:         14
  0.1342E+03  0.1198E+03  0.5054E+03 -0.8791E-01
  -0.1758
   5.773E-17
  -0.1758
   1.155E-16
  -1.876E-16
  -0.1758
  -3.046907199e-02
  -3.046907199e-02
  -3.046907199e-02
  0.000000000e+00
  -3.046907199e-02
  0.000000000e+00
  9.157445534e-02 -2.640326797e-01 9.597389978e-01
  -2.287394771e-01 -7.689580610e-01 -1.891686275e-01
  -7.884476035e-01 2.024630501e-01 1.301086710e-01
 Node:         15
  0.1330E+03  0.1205E+03  0.5193E+03 -0.8791E-01
  -0.1758
  -1.732E-16
  -0.1758
   2.887E-17
   1.01E-16
  -0.1758
  -3.046907199e-02
  -3.046907199e-02
  -3.046907199e-02
  0.000000000e+00
  -3.046907199e-02
  0.000000000e+00
  8.205178649e-01 -9.125410675e-02 7.204553377e-03
  -2.089556645e-02 -2.515896514e-01 -7.845101307e-01
  1.081893246e-01 9.453543573e-01 -3.020572985e-01
 Node:         16
  0.1404E+03  0.1188E+03  0.4918E+03 -0.8791E-01
  -0.1758
   1.155E-16
  -0.1758
  -1.732E-16
  -3.031E-16
  -0.1758
  -3.046907199e-02
  -3.046907199e-02
  -3.046907199e-02
  0.000000000e+00
  -3.046907199e-02
  0.000000000e+00
  -1.493270153e-01 -2.423523965e-01 9.583979303e-01
  -6.831664488e-01 -4.832721133e-01 -2.308628540e-01
  5.200931373e-01 -6.879537037e-01 -9.858104575e-02
 Node:         17
  0.1365E+03  0.1184E+03  0.5055E+03 -0.8791E-01
  -0.1758
   5.773E-17
  -0.1758
   2.021E-16
   3.536E-16
  -0.1758
  -3.046907199e-02
  -3.046907199e-02
  -3.046907199e-02
  0.000000000e+00
  -3.046907199e-02
  0.000000000e+00
  2.379855120e-01 3.774021786e-01 6.791125272e-01
  7.587741830e-01 -3.069989107e-01 -8.269788584e-02
  -2.538107843e-01 -7.986194989e-01 5.173612200e-01
 Node:         18
  0.1341E+03  0.1191E+03  0.5192E+03 -0.8791E-01
  -0.1758
  -1.981E-33
  -0.1758
   5.503E-17
   2.215E-16
  -0.1758
  -3.046907199e-02
  -3.046907199e-02
  -3.046907199e-02
  0.000000000e+00
  -3.046907199e-02
  0.000000000e+00
  2.235985839e-02 8.299445534e-02 8.604976035e-01
  8.245647059e-01 -1.685872549e-01 -7.616833541e-03
  -3.111130719e-01 -5.528549020e-01 5.742440087e-02
 Node:         19
  0.1301E+03  0.1291E+03  0.4914E+03  0.0000E+00
   4.934E-16
   0.0
   4.934E-16
   3.631E-19
   1.731E-17
  -9.869E-16
  4.936000000e-16
  4.934000000e-16
  -9.871000000e-16
  1.480600010e-15
  -3.333333333e-20
  6.979615383e-16
  -2.097000000e-02 -9.997000000e-01 -1.169000000e-02
  -9.998000000e-01 2.097000000e-02 -8.123000000e-17
  2.452000000e-04 1.169000000e-02 -9.999000000e-01
 Node:         20
  0.1299E+03  0.1291E+03  0.5058E+03  0.0000E+00
   9.869E-16
   0.0
   0.0
   1.799E-17
   3.326E-17
  -2.467E-16
  9.871000000e-16
  4.400000000e-18
  -2.514000000e-16
  1.132478516e-15
  2.467000000e-16
  5.338554923e-16
  -9.999000000e-01 -4.917000000e-04 -1.459000000e-02
  2.401000000e-03 -9.914000000e-01 -1.311000000e-01
  -1.440000000e-02 -1.312000000e-01 9.913000000e-01
 Node:         21
  0.1301E+03  0.1280E+03  0.5197E+03  0.0000E+00
   4.934E-16
   0.0
   0.0
   7.196E-17
   2.549E-17
   4.934E-16
  5.660000000e-16
  4.222000000e-16
  -1.341000000e-18
  5.108528306e-16
  3.289530000e-16
  2.408183338e-16
  -7.039000000e-01 -3.195000000e-02 -7.096000000e-01
  -7.102000000e-01 4.241000000e-02 7.027000000e-01
  -7.642000000e-03 -9.986000000e-01 5.255000000e-02
 Node:         22
  0.1360E+03  0.1256E+03  0.4913E+03  0.0000E+00
  -9.869E-16
   2.399E-17
  -4.934E-16
  -2.399E-17
   1.739E-16
   4.934E-16
  5.234000000e-16
  -5.215000000e-16
  -9.888000000e-16
  1.341069376e-15
  -3.289666667e-16
  6.321861663e-16
  -1.298000000e-02 1.683000000e-01 9.857000000e-01
  5.935000000e-02 9.841000000e-01 -1.672000000e-01
  -9.982000000e-01 5.633000000e-02 -2.276000000e-02
 Node:         23
  0.1343E+03  0.1253E+03  0.5054E+03  0.0000E+00
   0.0
   3.598E-17
  -1.974E-15
   0.0
   2.271E-16
  -7.401E-16
  6.796000000e-19
  -6.997000000e-16
  -2.015000000e-15
  1.772499637e-15
  -9.046734667e-16
  8.355643418e-16
  9.998000000e-01 1.889000000e-02 5.790000000e-03
  -9.011000000e-03 1.753000000e-01 9.845000000e-01
  1.758000000e-02 -9.843000000e-01 1.754000000e-01
 Node:         24
  0.1336E+03  0.1248E+03  0.5194E+03  0.0000E+00
  -9.869E-16
   2.099E-17
   0.0
   2.399E-17
   1.499E-18
  -7.401E-16
  4.516000000e-19
  -7.379000000e-16
  -9.896000000e-16
  8.912682385e-16
  -5.756828000e-16
  4.201478769e-16
  -2.132000000e-02 -9.998000000e-01 -2.714000000e-03
  9.549000000e-02 -4.739000000e-03 9.954000000e-01
  -9.952000000e-01 2.096000000e-02 9.557000000e-02
 Node:         25
  0.1400E+03  0.1206E+03  0.4917E+03  0.0000E+00
   0.0
   4.617E-16
  -4.934E-16
  -1.439E-16
  -2.249E-16
   9.869E-16
  1.067000000e-15
  2.050000000e-16
  -7.785000000e-16
  1.599404030e-15
  1.645000000e-16
  7.539662901e-16
  -2.161000000e-01 -2.016000000e-01 9.553000000e-01
  8.390000000e-01 4.621000000e-01 2.874000000e-01
  -4.994000000e-01 8.636000000e-01 6.929000000e-02
 Node:         26
  0.1363E+03  0.1200E+03  0.5055E+03  0.0000E+00
   9.869E-16
   1.859E-16
  -2.714E-15
   4.797E-17
  -1.943E-15
  -2.467E-16
  1.006000000e-15
  8.090000000e-16
  -3.789000000e-15
  4.699597749e-15
  -6.580000000e-16
  2.215411625e-15
  9.680000000e-01 1.526000000e-01 -1.995000000e-01
  2.481000000e-01 -4.578000000e-01 8.538000000e-01
  -3.892000000e-02 8.759000000e-01 4.809000000e-01
 Node:         27
  0.1343E+03  0.1203E+03  0.5192E+03  0.0000E+00
   9.869E-16
  -3.358E-16
   9.869E-16
  -1.799E-16
   2.27E-15
   0.0
  2.890000000e-15
  9.150000000e-16
  -1.831000000e-15
  4.106639867e-15
  6.580000000e-16
  1.935888599e-15
  -1.931000000e-01 7.658000000e-01 6.135000000e-01
  9.808000000e-01 1.345000000e-01 1.409000000e-01
  2.534000000e-02 6.289000000e-01 -7.771000000e-01
 Node:         28
  0.1155E+03  0.1124E+03  0.4931E+03 -0.5253E+00
  -1.051
   1.462E-16
  -1.051
  -2.126E-16
   2.126E-16
  -1.051
  -1.820520958e-01
  -1.820520958e-01
  -1.820520958e-01
  0.000000000e+00
  -1.820520958e-01
  0.000000000e+00
  2.927809368e-02 9.154465142e-01 2.359108932e-01
  7.958479303e-02 2.557602397e-01 -7.807772331e-01
  -8.207013072e-01 5.371624183e-02 -5.520502179e-02
 Node:         29
  0.1119E+03  0.1139E+03  0.5068E+03 -0.5253E+00
  -1.051
  -7.972E-17
  -1.051
   2.126E-16
   2.657E-17
  -1.051
  -1.820520958e-01
  -1.820520958e-01
  -1.820520958e-01
  0.000000000e+00
  -1.820520958e-01
  0.000000000e+00
  -5.590119826e-02 8.464565359e-01 -3.015057734e-02
  -6.068911765e-01 3.218703704e-03 -1.376853486e-01
  -1.208988017e-01 2.653900871e-02 6.682346405e-01
 Node:         30
  0.1113E+03  0.1159E+03  0.5206E+03 -0.5253E+00
  -1.051
   4.783E-16
  -1.051
   1.457E-32
  -1.063E-16
  -1.051
  -1.820520958e-01
  -1.820520958e-01
  -1.820520958e-01
  0.000000000e+00
  -1.820520958e-01
  0.000000000e+00
  2.992514161e-01 4.007453159e-01 -5.136293028e-02
  -5.859948802e-01 5.212976035e-01 6.670915033e-02
  2.309174292e-02 -5.505468410e-02 7.704417211e-01
 Node:         31
  0.1203E+03  0.1126E+03  0.4920E+03 -0.5253E+00
  -1.051
   3.72E-16
  -1.051
   1.063E-16
   1.594E-16
  -1.051
  -1.820520958e-01
  -1.820520958e-01
  -1.820520958e-01
  0.000000000e+00
  -1.820520958e-01
  0.000000000e+00
  -4.417636166e-01 -3.549909586e-01 -4.235447712e-01
  3.355782135e-01 3.341895425e-02 -5.681622004e-01
  2.785785403e-01 -5.696553377e-01 3.876688453e-02
 Node:         32
  0.1188E+03  0.1134E+03  0.5062E+03 -0.5253E+00
  -1.051
  -5.315E-17
  -1.051
  -1.063E-16
   3.72E-16
  -1.051
  -1.820520958e-01
  -1.820520958e-01
  -1.820520958e-01
  0.000000000e+00
  -1.820520958e-01
  0.000000000e+00
  6.296411765e-01 1.521978214e-02 4.178366013e-03
  -3.839694989e-03 3.334091503e-01 7.312981481e-01
  -3.477673203e-03 -8.875568627e-01 4.521151416e-01
 Node:         33
  0.1183E+03  0.1150E+03  0.5201E+03 -0.5253E+00
  -1.051
   2.126E-16
  -1.051
   3.189E-16
  -1.943E-32
  -1.051
  -1.820520958e-01
  -1.820520958e-01
  -1.820520958e-01
  0.000000000e+00
  -1.820520958e-01
  0.000000000e+00
  8.889409586e-01 1.063679739e-01 2.990294118e-01
  -9.868660717e-02 5.680278867e-01 -3.247044662e-01
  -2.546387800e-01 3.612809368e-01 6.795302832e-01
 Node:         34
  0.1255E+03  0.1129E+03  0.4909E+03 -0.5253E+00
  -1.051
  -2.266E-32
  -1.051
   2.126E-16
   3.72E-16
  -1.051
  -1.820520958e-01
  -1.820520958e-01
  -1.820520958e-01
  0.000000000e+00
  -1.820520958e-01
  0.000000000e+00
  1.626375817e-01 4.884989107e-02 2.014729847e-01
  2.128333333e-01 4.903017429e-02 3.020937946e-02
  2.122331155e-02 -1.558964052e-01 8.351960784e-02
 Node:         35
  0.1260E+03  0.1135E+03  0.5054E+03 -0.5253E+00
  -1.051
   4.252E-16
  -1.051
   4.252E-16
   9.567E-16
  -1.051
  -1.820520958e-01
  -1.820520958e-01
  -1.820520958e-01
  0.000000000e+00
  -1.820520958e-01
  0.000000000e+00
  6.034007625e-01 3.908239651e-01 3.981246187e-01
  -2.894879085e-01 2.349882353e-01 2.745541394e-01
  2.342748796e-02 -7.258800654e-01 6.785349673e-01
 Node:         36
  0.1257E+03  0.1153E+03  0.5196E+03 -0.5253E+00
  -1.051
  -2.126E-16
  -1.051
  -2.126E-16
   3.189E-16
  -1.051
  -1.820520958e-01
  -1.820520958e-01
  -1.820520958e-01
  0.000000000e+00
  -1.820520958e-01
  0.000000000e+00
  -4.532516340e-01 5.945262527e-01 5.389771242e-01
  7.516794118e-01 2.824406318e-01 3.344508497e-01
  1.838457821e-02 -5.918011983e-01 5.399685185e-01
 Node:         37
  0.1132E+03  0.1210E+03  0.4959E+03 -0.5253E+00
  -1.051
   5.315E-16
  -1.051
  -3.189E-16
   6.909E-16
  -1.051
  -1.820520958e-01
  -1.820520958e-01
  -1.820520958e-01
  0.000000000e+00
  -1.820520958e-01
  0.000000000e+00
  -3.248434641e-01 -5.130273420e-01 -2.649096078e-01
  4.932187364e-01 -1.580588453e-01 -2.279696078e-01
  1.971161220e-01 -3.701995643e-01 5.978954902e-01
 Node:         38
  0.1111E+03  0.1204E+03  0.5085E+03 -0.5253E+00
  -1.051
   3.72E-16
  -1.051
  -1.063E-16
  -3.189E-16
  -1.051
  -1.820520958e-01
  -1.820520958e-01
  -1.820520958e-01
  0.000000000e+00
  -1.820520958e-01
  0.000000000e+00
  1.617592593e-01 8.013220044e-01 -1.125623312e-01
  8.033140523e-01 -1.652363834e-01 -1.167969499e-02
  5.081394336e-02 1.261757081e-01 9.852765795e-01
 Node:         39
  0.1119E+03  0.1201E+03  0.5207E+03 -0.5253E+00
  -1.051
  -3.72E-16
  -1.051
  -3.189E-16
  -2.923E-16
  -1.051
  -1.820520958e-01
  -1.820520958e-01
  -1.820520958e-01
  0.000000000e+00
  -1.820520958e-01
  0.000000000e+00
  7.681588235e-01 -5.004010240e-02 -2.936263617e-01
  3.412673203e-01 -2.195641612e-01 9.104295207e-01
  -1.091806645e-01 -7.998602397e-01 -1.563266885e-01
 Node:         40
  0.1191E+03  0.1220E+03  0.4937E+03 -0.5253E+00
  -1.051
   3.189E-16
  -1.051
   3.189E-16
  -5.315E-17
  -1.051
  -1.820520958e-01
  -1.820520958e-01
  -1.820520958e-01
  0.000000000e+00
  -1.820520958e-01
  0.000000000e+00
  -5.496350763e-02 -1.160413943e-02 -9.417538126e-03
  4.860138727e-03 -5.529400871e-02 2.534204793e-02
  -1.771274510e-02 9.730675381e-02 6.661873638e-02
 Node:         41
  0.1182E+03  0.1217E+03  0.5073E+03 -0.5253E+00
  -1.051
  -1.063E-16
  -1.051
   2.126E-16
   3.72E-16
  -1.051
  -1.820520958e-01
  -1.820520958e-01
  -1.820520958e-01
  0.000000000e+00
  -1.820520958e-01
  0.000000000e+00
  -1.003726580e-01 -9.154775599e-02 -8.000653595e-01
  -4.545128540e-01 1.653262527e-01 6.615185185e-02
  1.864335512e-01 9.513538126e-01 -1.518683442e-01
 Node:         42
  0.1187E+03  0.1212E+03  0.5204E+03 -0.5253E+00
  -1.051
  -2.126E-16
  -1.051
   1.295E-32
   2.126E-16
  -1.051
  -1.820520958e-01
  -1.820520958e-01
  -1.820520958e-01
  0.000000000e+00
  -1.820520958e-01
  0.000000000e+00
  -1.539620915e-02 4.873925926e-02 7.905547930e-01
  -4.684712418e-01 1.161366013e-01 -2.339959695e-02
  -1.178224401e-01 -8.059513072e-01 9.926340959e-02
 Node:         43
  0.1258E+03  0.1217E+03  0.4915E+03 -0.5253E+00
  -1.051
   4.252E-16
  -1.051
  -5.315E-17
   6.475E-33
  -1.051
  -1.820520958e-01
  -1.820520958e-01
  -1.820520958e-01
  0.000000000e+00
  -1.820520958e-01
  0.000000000e+00
  7.594953159e-01 1.183025054e-01 -4.330305011e-02
  -3.666224401e-01 6.474835512e-01 -3.660003268e-02
  1.674094771e-02 -6.043653486e-02 9.904352941e-01
 Node:         44
  0.1259E+03  0.1220E+03  0.5059E+03 -0.5253E+00
  -1.051
   5.315E-16
  -1.051
   3.72E-16
   4.252E-16
  -1.051
  -1.820520958e-01
  -1.820520958e-01
  -1.820520958e-01
  0.000000000e+00
  -1.820520958e-01
  0.000000000e+00
  -2.147232026e-01 -1.608876906e-01 -4.139105664e-01
  -5.007834423e-01 -5.147308279e-01 4.969403050e-01
  5.124000000e-01 -4.721298475e-01 -5.266274510e-03
 Node:         45
  0.1261E+03  0.1221E+03  0.5198E+03 -0.5253E+00
  -1.051
  -3.189E-16
  -1.051
   1.063E-16
  -2.657E-17
  -1.051
  -1.820520958e-01
  -1.820520958e-01
  -1.820520958e-01
  0.000000000e+00
  -1.820520958e-01
  0.000000000e+00
  7.317572985e-02 -3.359669935e-02 9.955781046e-01
  -8.136078431e-01 1.221184096e-01 6.621236383e-02
  -1.249360566e-01 -8.149236383e-01 -2.151661765e-02
 Node:         46
  0.1117E+03  0.1296E+03  0.4959E+03  0.0000E+00
  -2.467E-16
   4.797E-17
  -7.401E-16
   1.199E-17
  -4.497E-17
   0.0
  3.057000000e-18
  -2.423000000e-16
  -7.476000000e-16
  6.629532710e-16
  -3.289476667e-16
  3.125191690e-16
  3.676000000e-02 -5.800000000e-02 9.976000000e-01
  9.946000000e-01 9.864000000e-02 -3.092000000e-02
  -9.662000000e-02 9.934000000e-01 6.131000000e-02
 Node:         47
  0.1107E+03  0.1269E+03  0.5087E+03  0.0000E+00
  -7.401E-16
  -5.397E-17
   4.934E-16
  -4.797E-17
   6.896E-17
   0.0
  5.058000000e-16
  -7.273000000e-18
  -7.452000000e-16
  1.089215580e-15
  -8.222433333e-17
  5.134611487e-16
  -4.821000000e-02 9.891000000e-01 1.394000000e-01
  -5.424000000e-02 -1.420000000e-01 9.884000000e-01
  -9.974000000e-01 -4.009000000e-02 -6.049000000e-02
 Node:         48
  0.1125E+03  0.1242E+03  0.5208E+03  0.0000E+00
   4.934E-16
   5.997E-18
   4.934E-16
   0.0
  -2.998E-18
   4.934E-16
  5.001000000e-16
  4.934000000e-16
  4.867000000e-16
  1.160474041e-17
  4.934000000e-16
  5.470527092e-18
  -6.325000000e-01 -7.071000000e-01 3.162000000e-01
  4.472000000e-01 -2.276000000e-15 8.944000000e-01
  6.325000000e-01 -7.071000000e-01 -3.162000000e-01
 Node:         49
  0.1186E+03  0.1311E+03  0.4938E+03  0.0000E+00
  -7.401E-16
  -3.598E-17
   0.0
  -7.196E-17
  -1.049E-17
  -2.467E-16
  1.947000000e-18
  -2.366000000e-16
  -7.523000000e-16
  6.677348644e-16
  -3.289843333e-16
  3.147732338e-16
  4.561000000e-02 -9.985000000e-01 2.894000000e-02
  -1.430000000e-01 2.215000000e-02 9.895000000e-01
  -9.887000000e-01 -4.926000000e-02 -1.418000000e-01
 Node:         50
  0.1180E+03  0.1298E+03  0.5075E+03  0.0000E+00
   0.0
  -2.249E-17
   1.48E-15
  -7.196E-17
   2.155E-17
   9.869E-16
  1.482000000e-15
  9.910000000e-16
  -5.513000000e-18
  1.312785985e-15
  8.224956667e-16
  6.188532481e-16
  1.739000000e-02 -9.988000000e-01 -4.603000000e-02
  -7.128000000e-02 -4.716000000e-02 9.963000000e-01
  9.973000000e-01 1.405000000e-02 7.201000000e-02
 Node:         51
  0.1192E+03  0.1275E+03  0.5206E+03  0.0000E+00
   0.0
  -5.997E-18
  -2.467E-16
   0.0
   2.549E-17
   4.934E-16
  4.943000000e-16
  1.449000000e-19
  -2.477000000e-16
  6.542860068e-16
  8.224830000e-17
  3.084333815e-16
  -4.170000000e-04 3.438000000e-02 9.994000000e-01
  9.997000000e-01 -2.416000000e-02 1.248000000e-03
  2.418000000e-02 9.991000000e-01 -3.436000000e-02
 Node:         52
  0.1262E+03  0.1305E+03  0.4920E+03  0.0000E+00
   4.934E-16
  -2.399E-17
   4.934E-16
   2.249E-18
   8.48E-18
   0.0
  5.175000000e-16
  4.696000000e-16
  -1.600000000e-19
  4.954496661e-16
  3.289800000e-16
  2.335572124e-16
  -7.061000000e-01 7.080000000e-01 8.534000000e-03
  7.081000000e-01 7.060000000e-01 1.614000000e-02
  -5.403000000e-03 -1.744000000e-02 9.998000000e-01
 Node:         53
  0.1258E+03  0.1304E+03  0.5063E+03  0.0000E+00
  -7.401E-16
  -2.998E-18
  -4.934E-16
   4.797E-17
   5.847E-17
  -9.869E-16
  -4.866000000e-16
  -7.314000000e-16
  -1.002000000e-15
  4.465358664e-16
  -7.400000000e-16
  2.104990261e-16
  1.040000000e-02 9.931000000e-01 1.171000000e-01
  -9.836000000e-01 3.123000000e-02 -1.776000000e-01
  -1.800000000e-01 -1.133000000e-01 9.771000000e-01
 Node:         54
  0.1265E+03  0.1288E+03  0.5200E+03  0.0000E+00
  -9.869E-16
   3.598E-17
   4.934E-16
   0.0
  -7.496E-18
   4.934E-16
  5.014000000e-16
  4.864000000e-16
  -9.877000000e-16
  1.481656947e-15
  3.333333333e-20
  6.984597833e-16
  1.758000000e-02 7.272000000e-01 -6.862000000e-01
  1.675000000e-02 6.860000000e-01 7.274000000e-01
  -9.997000000e-01 2.428000000e-02 1.229000000e-04
 Node:         55
  0.1383E+03  0.1167E+03  0.4546E+03 -0.4477E-02
   0.06224
  -0.02104
   0.01623
   0.01183
   0.04948
   0.008841
  7.274994553e-02
  4.360001198e-02
  -3.892077778e-02
  9.997957786e-02
  2.580972658e-02
  4.713082499e-02
  -3.191935730e-01 5.398989107e-01 3.926412854e-01
  5.405150327e-01 9.177674292e-02 2.642318083e-01
  7.914052288e-03 7.774400871e-03 3.825163399e-03
 Node:         56
  0.1315E+03  0.1156E+03  0.4695E+03 -0.4477E-02
   0.06089
   0.0146
   0.002986
   0.05571
  -0.00379
  -0.007009
  6.085497277e-02
  1.452136819e-02
  -2.157636667e-02
  7.054134747e-02
  1.793332476e-02
  3.325351010e-02
  -9.446680828e-01 -1.870330349e-01 -6.510104684e-01
  1.071860566e-02 -9.815239651e-02 1.443802505e-01
  -4.386601307e-01 1.217717756e-01 1.465031808e-01
 Node:         57
  0.1285E+03  0.1140E+03  0.4824E+03 -0.4477E-02
   0.08371
   0.02227
  -0.009691
   0.01717
  -0.01193
  -0.009777
  7.298272331e-02
  4.909434096e-03
  -1.572658845e-02
  8.054101153e-02
  2.072185632e-02
  3.796739694e-02
  -1.053653922e+00 -3.886234967e-01 -2.918027978e-01
  -2.879989630e-02 -7.398563181e-01 6.773497821e-01
  -4.283160893e-01 6.780161220e-01 8.917968693e-01
 Node:         58
  0.1490E+03  0.1177E+03  0.4545E+03 -0.4477E-02
   0.05763
  -0.08874
   0.0403
  -0.01095
   0.04306
  -0.001336
  1.432778540e-01
  8.717132898e-04
  -4.411603007e-02
  1.691785464e-01
  3.334451242e-02
  7.975153159e-02
  -6.808876906e-01 6.852399782e-01 2.590120915e-01
  2.296558824e-01 6.234858388e-02 4.200673203e-01
  -5.687574074e-01 -7.299638344e-01 4.457856209e-01
 Node:         59
  0.1423E+03  0.1167E+03  0.4701E+03 -0.4477E-02
   0.05932
  -0.06678
   0.02199
   0.02983
   0.0106
  -0.01221
  9.748757081e-02
  1.078760294e-02
  -3.559002070e-02
  1.162276678e-01
  2.422838435e-02
  5.479024805e-02
  -7.977141612e-01 6.370765795e-01 -1.173551678e-01
  -2.262592593e-02 -6.201132898e-02 3.582694989e-01
  8.221699346e-02 -2.711260784e-01 2.978808279e-01
 Node:         60
  0.1375E+03  0.1150E+03  0.4833E+03 -0.4477E-02
   0.08428
  -0.00585
  -0.005476
   0.01954
  -0.006889
  -0.01062
  6.692627451e-02
  2.893287800e-03
  -5.623087146e-03
  6.879029970e-02
  2.139882505e-02
  3.242805826e-02
  -1.058180283e+00 4.199716776e-02 -2.972166558e-01
  2.991229847e-01 1.341268954e+00 -7.671921569e-02
  -4.326757081e-01 -1.769563268e-01 9.072007625e-01
 Node:         61
  0.1561E+03  0.1222E+03  0.4536E+03 -0.4477E-02
   0.07193
  -0.09705
   0.02168
  -0.07532
   0.1069
  -0.03391
  2.014654793e-01
  -2.762449325e-02
  -7.275532885e-02
  2.543645302e-01
  3.369521907e-02
  1.199085895e-01
  -7.430598039e-01 5.946941176e-01 6.765664706e-01
  6.177871569e-01 4.358473856e-01 8.288032680e-01
  -5.067791939e-02 -4.327893246e-01 2.201272331e-02
 Node:         62
  0.1497E+03  0.1204E+03  0.4701E+03 -0.4477E-02
   0.08554
  -0.1251
   0.01694
  -0.01562
   0.04618
  -0.03581
  2.037316667e-01
  -2.103725784e-02
  -7.434913072e-02
  2.555181675e-01
  3.611509270e-02
  1.204524193e-01
  -7.966068627e-01 6.127889978e-01 1.184035948e-01
  -9.726470588e-02 -6.676105664e-03 -2.308698257e-01
  -1.695982571e-01 -1.857505447e-01 7.207860022e-02
 Node:         63
  0.1437E+03  0.1181E+03  0.4839E+03 -0.4477E-02
   0.09369
  -0.02868
  -0.004802
   0.008327
  -0.008541
  -0.01395
  8.427551198e-02
  -8.926052288e-04
  -9.671103159e-03
  8.997700122e-02
  2.457060120e-02
  4.241556514e-02
  -1.022921024e+00 2.572767974e-01 -1.649369673e-01
  1.803469499e-01 4.695165087e-01 -2.755709150e-01
  2.039799020e-01 5.792734205e-01 2.808152505e-01
 Node:         64
  0.1417E+03  0.1252E+03  0.4528E+03 -0.4477E-02
   0.07096
   0.03608
   0.01244
  -0.03764
   0.02704
  -0.01108
  6.443493464e-02
  3.374230828e-02
  -2.966624194e-02
  8.248236307e-02
  2.283700033e-02
  3.888255884e-02
  3.373974946e-01 -4.916666667e-02 -5.962357298e-03
  -6.168634967e-02 9.074114052e-01 2.990188017e-01
  -1.238654684e-01 -3.726406318e-01 2.365497908e-01
 Node:         65
  0.1344E+03  0.1229E+03  0.4686E+03 -0.4477E-02
   0.07397
   0.01325
   0.009061
  -0.007653
   0.01035
  -0.01071
  5.385733660e-02
  1.247895370e-02
  -1.711876471e-03
  5.032453068e-02
  2.154147128e-02
  2.372321127e-02
  -9.950676471e-01 -1.434494009e-01 1.167653050e-01
  3.168203137e-01 4.096391068e-01 -2.130029020e-01
  -2.214872767e-01 -5.033061002e-02 -7.949509804e-02
 Node:         66
  0.1299E+03  0.1214E+03  0.4825E+03 -0.4477E-02
   0.08887
   6.671E-4
  -0.006464
   0.006924
  -0.005197
  -0.009594
  7.220975272e-02
  4.837051198e-04
  -4.524307734e-03
  7.430158197e-02
  2.272305004e-02
  3.502610164e-02
  -1.075498584e+00 -1.112630065e-01 -1.661261547e-01
  1.123572985e-02 4.764789434e-01 -2.221058824e-01
  -2.762051442e-01 2.126476035e-01 1.090928475e+00
 Node:         67
  0.1505E+03  0.1244E+03  0.4528E+03 -0.4477E-02
   0.06904
  -0.04585
   0.01088
  -0.03063
   0.02091
  -7.04E-4
  9.326846405e-02
  -8.971371786e-03
  -1.160310871e-02
  1.034938843e-01
  2.423132785e-02
  4.878748495e-02
  -8.404312636e-01 4.490713508e-01 3.665869826e-01
  3.536663617e-01 1.974062200e-01 5.585128540e-01
  -1.246917211e-02 -4.824352941e-01 4.542017211e-01
 Node:         68
  0.1437E+03  0.1225E+03  0.4691E+03 -0.4477E-02
   0.07441
  -0.08831
   0.01123
  -0.01328
   0.02314
  -0.0055
  1.336371296e-01
  -6.374250109e-03
  -4.087157734e-02
  1.601132005e-01
  2.879710073e-02
  7.547808653e-02
  -8.088704793e-01 5.749460784e-01 1.565669935e-01
  3.328267065e-01 1.701568758e-01 9.974296296e-01
  5.185259259e-01 8.710905229e-01 -3.176488159e-01
 Node:         69
  0.1380E+03  0.1205E+03  0.4831E+03 -0.4477E-02
   0.08959
  -0.0231
  -0.004176
   0.002574
   0.003091
  -0.009104
  7.848596405e-02
  8.014923747e-05
  -6.702678453e-03
  8.200606913e-02
  2.395447828e-02
  3.865803172e-02
  -1.024310022e+00 2.129445534e-01 -7.752006536e-02
  2.510056318e-01 9.232266231e-01 7.527660131e-01
  -5.223144880e-01 -1.205552614e+00 6.796506645e-01
 Node:         70
  0.1563E+03  0.1243E+03  0.4532E+03 -0.4477E-02
   0.07169
  -0.05617
  -0.007784
  -0.08035
   0.04982
   0.01642
  1.503697495e-01
  -2.499820294e-02
  -3.857212854e-02
  1.825598783e-01
  2.893313932e-02
  8.605955196e-02
  -7.586002179e-01 3.730262527e-01 5.667699346e-01
  7.096885621e-01 6.165692810e-01 6.661496732e-01
  3.353506209e-01 -7.296295098e-01 1.175472985e+00
 Node:         71
  0.1499E+03  0.1223E+03  0.4698E+03 -0.4477E-02
   0.08081
  -0.1353
   0.003512
  -0.07596
   0.06759
  -6.417E-4
  2.313502179e-01
  -4.178889022e-02
  -6.824189651e-02
  2.870614039e-01
  4.043981038e-02
  1.353220435e-01
  -7.502908497e-01 5.595053377e-01 3.627937908e-01
  5.998714379e-02 4.003425926e-02 1.189867102e-01
  -1.354883442e-01 -1.442539216e-01 4.337111111e-02
 Node:         72
  0.1435E+03  0.1199E+03  0.4838E+03 -0.4477E-02
   0.09156
  -0.04141
  -0.004493
  -0.008476
   0.01145
  -0.008662
  9.363645425e-02
  -2.921267647e-03
  -1.393901852e-02
  1.025015664e-01
  2.559205603e-02
  4.831970177e-02
  -9.592077342e-01 3.621298475e-01 6.576448802e-02
  4.372555556e-01 6.681995316e-01 9.620546841e-01
  -5.500237473e-01 -1.110653159e+00 3.260332244e-01
 Node:         73
  0.1451E+03  0.1339E+03  0.4520E+03  0.0000E+00
   0.1056
  -0.03005
  -0.01311
   0.01417
  -0.01686
   0.01338
  9.697224837e-02
  1.264296765e-02
  -1.488740087e-02
  1.006929345e-01
  3.157593838e-02
  4.746710455e-02
  -1.258049129e+00 2.808630719e-01 -1.602416732e-01
  -2.192464815e-02 -1.335606863e-01 -1.322549020e-01
  1.052909368e-01 1.403974074e+00 1.068406100e-01
 Node:         74
  0.1372E+03  0.1304E+03  0.4682E+03  0.0000E+00
   0.1155
  -0.03875
  -0.007415
   0.004871
  -0.02593
   0.007432
  1.006430817e-01
  1.584688448e-02
  -1.228924510e-02
  1.020431614e-01
  3.473357369e-02
  4.810360762e-02
  -1.034847821e+00 4.088559259e-01 -4.468605664e-02
  1.743552505e-01 2.644480610e-01 -6.379335512e-01
  3.021595534e-01 8.798118736e-01 6.691561438e-01
 Node:         75
  0.1314E+03  0.1289E+03  0.4826E+03  0.0000E+00
   0.1049
  -0.01486
  -0.001159
  -0.008009
  -0.004687
   3.65E-4
  8.709336166e-02
  3.385685811e-03
  -2.398255556e-03
  8.658816614e-02
  2.936026397e-02
  4.081805296e-02
  -1.051686166e+00 2.802598475e-01 1.510780795e-01
  2.548257625e-02 -6.060291612e-01 5.841824619e-01
  3.142433551e-01 7.884484749e-01 7.352374183e-01
 Node:         76
  0.1519E+03  0.1312E+03  0.4519E+03  0.0000E+00
   0.1064
  -0.04328
  -0.01866
  -0.004288
   0.04097
   0.0208
  1.064897908e-01
  3.389327440e-02
  -3.653576906e-02
  1.237593702e-01
  3.461576540e-02
  5.834072658e-02
  -6.726399782e-01 2.826157516e-01 7.078736383e-02
  4.138283824e-01 8.161395861e-01 1.037663508e+00
  -2.127981481e-01 -4.339525054e-01 -6.311577342e-02
 Node:         77
  0.1450E+03  0.1283E+03  0.4686E+03  0.0000E+00
   0.1252
  -0.01481
  -0.01051
  -0.009178
   0.02812
   0.007339
  1.101377887e-01
  2.332530271e-02
  -1.852143464e-02
  1.137124983e-01
  3.831388558e-02
  5.360458575e-02
  -1.041943028e+00 2.062258061e-01 1.486174423e-01
  1.742359390e-01 7.294057734e-01 5.933108932e-01
  1.135463301e-01 -4.358717865e-01 1.096077887e-01
 Node:         78
  0.1385E+03  0.1261E+03  0.4829E+03  0.0000E+00
   0.1098
   1.557E-4
  -9.715E-4
  -0.006854
  -0.001021
   1.725E-4
  9.130719390e-02
  8.503642048e-04
  1.203947821e-03
  8.993623586e-02
  3.112050198e-02
  4.239634817e-02
  -1.055574401e+00 9.649782135e-02 1.450558203e-01
  3.352159041e-02 4.476249455e-02 4.301185185e-01
  1.423499891e-01 8.922264706e-01 1.757601405e-01
 Node:         79
  0.1564E+03  0.1263E+03  0.4527E+03  0.0000E+00
   0.1079
   0.1045
   0.02514
   0.02669
  -0.007128
  -0.06497
  2.011791209e-01
  -2.373826797e-02
  -4.700595207e-02
  2.372815414e-01
  4.347830029e-02
  1.118555913e-01
  -1.386920806e+00 -5.809263508e-01 1.503944325e-01
  2.530535621e-01 -6.823126362e-01 9.190857298e-01
  -6.260427015e-01 5.809257081e-01 -6.059052288e-02
 Node:         80
  0.1500E+03  0.1242E+03  0.4696E+03  0.0000E+00
   0.1278
   0.07674
   0.01075
   0.02001
  -0.007616
  -0.05401
  1.961442832e-01
  -1.998560675e-02
  -3.629461002e-02
  2.246715582e-01
  4.662135548e-02
  1.059111882e-01
  -9.307473856e-01 -4.825940087e-01 8.657708322e-02
  2.042526362e-01 -6.230752505e-01 7.695657952e-01
  -2.038439434e-01 4.351460784e-01 2.727210675e-01
 Node:         81
  0.1434E+03  0.1217E+03  0.4837E+03  0.0000E+00
   0.1106
   0.01181
   5.811E-4
  -0.004502
  -9.754E-4
  -0.007572
  9.511425163e-02
  -4.995525054e-04
  -1.977753813e-03
  9.620741998e-02
  3.087898177e-02
  4.535261271e-02
  -1.051969390e+00 -8.375141612e-02 1.498750654e-01
  -1.994726946e-01 1.365055991e+00 -1.179231699e-01
  1.800845619e-01 2.828976035e-04 9.735555556e-01
 Node:         82
  0.1267E+03  0.1149E+03  0.4577E+03 -0.4346E-01
  -0.005729
  -0.0116
  -0.07512
   0.01815
   0.04993
  -0.08322
  2.644971133e-03
  -2.903120153e-02
  -9.909142691e-02
  9.056378250e-02
  -4.182588577e-02
  4.269217649e-02
  4.965763617e-01 1.073839869e-02 1.344801307e-01
  3.611532571e-01 3.738266667e-01 7.494716776e-02
  -3.027883442e-01 -5.529777778e-01 1.566830065e-01
 Node:         83
  0.1234E+03  0.1130E+03  0.4727E+03 -0.4346E-01
  -0.008397
   0.008991
  -0.08154
   0.08766
   0.01911
  -0.0984
  3.124558279e-02
  -6.556084641e-02
  -1.046633492e-01
  1.211190170e-01
  -4.632620428e-02
  5.709605219e-02
  8.274249455e-01 2.231653486e-02 2.122254902e-01
  -1.538251307e-01 1.026600763e+00 -3.847973856e-02
  -3.652709150e-01 -7.948366013e-02 4.507864924e-02
 Node:         84
  0.1187E+03  0.1123E+03  0.4850E+03 -0.4346E-01
   0.01011
   0.00271
  -0.08653
   0.03062
  -0.001195
  -0.09787
  1.636807952e-02
  -6.978327451e-02
  -7.897787364e-02
  9.104371579e-02
  -4.413102288e-02
  4.291841921e-02
  9.227934641e-01 -2.946132244e-02 3.296470588e-03
  1.088037473e-02 1.366275817e+00 -1.964318301e-01
  -4.429779085e-01 4.556610022e-02 6.819181917e-01
 Node:         85
  0.1302E+03  0.1162E+03  0.4565E+03 -0.4346E-01
  -0.006242
  -0.006433
  -0.07226
   0.02675
   0.07216
  -0.08034
  5.690129793e-03
  -1.196959314e-02
  -1.126028061e-01
  1.102788248e-01
  -3.962742315e-02
  5.198593656e-02
  5.567491285e-01 2.585581699e-01 3.619600763e-01
  -1.387539913e-01 9.274929194e-01 4.521740741e-01
  -2.133543573e-01 -5.946852941e-01 4.277969499e-01
 Node:         86
  0.1252E+03  0.1139E+03  0.4711E+03 -0.4346E-01
  -3.479E-4
   0.05853
  -0.06172
   0.1805
   0.0635
  -0.09499
  1.209255806e-01
  -6.813494989e-02
  -1.380977547e-01
  2.324249418e-01
  -2.843570799e-02
  1.095661683e-01
  8.364172113e-01 1.946128540e-01 2.431828976e-01
  -2.257619826e-01 1.015405882e+00 -1.944779312e-01
  -6.318819172e-01 -1.060275926e-01 3.697112200e-01
 Node:         87
  0.1217E+03  0.1126E+03  0.4834E+03 -0.4346E-01
   0.007412
   0.001828
  -0.08597
   0.04007
  -0.006356
  -0.09711
  1.720966558e-02
  -6.818685403e-02
  -8.220409259e-02
  9.313994023e-02
  -4.439376035e-02
  4.390658889e-02
  9.004278867e-01 -4.522859150e-02 4.193531590e-02
  1.549924946e-01 1.556367538e+00 -3.987117124e-01
  -4.345921786e-01 1.911670588e-01 4.049981481e-01
 Node:         88
  0.1338E+03  0.1169E+03  0.4548E+03 -0.4346E-01
  -0.01912
  -0.01768
  -0.07627
   0.02053
   0.09077
  -0.06629
  2.110734477e-02
  -7.133563965e-03
  -1.314585773e-01
  1.391212933e-01
  -3.916159885e-02
  6.558240661e-02
  -4.599074074e-03 5.653884532e-01 5.898331155e-01
  1.785293900e-01 2.879104412e-01 -8.300217865e-03
  -2.687157952e-01 -5.270172113e-01 2.414748475e-01
 Node:         89
  0.1270E+03  0.1150E+03  0.4695E+03 -0.4346E-01
  -0.02611
   0.02513
  -0.08092
   0.07502
   0.0208
  -0.0901
  1.512500545e-02
  -6.806618736e-02
  -9.659898758e-02
  1.006811583e-01
  -4.984672317e-02
  4.746155320e-02
  8.045230937e-01 1.221759041e-01 2.532092266e-01
  -3.034592549e-01 1.311142919e+00 -6.788627451e-03
  -6.086763617e-01 -2.889560458e-01 5.572371460e-01
 Node:         90
  0.1248E+03  0.1132E+03  0.4822E+03 -0.4346E-01
   0.003312
   0.02421
  -0.08927
   0.02125
  -0.01167
  -0.08946
  1.023280882e-02
  -6.214729695e-02
  -8.275116340e-02
  8.466469554e-02
  -4.488855051e-02
  3.991132023e-02
  9.081631808e-01 -1.095737473e-03 -2.694455338e-03
  -6.826228453e-02 6.306237473e-01 -7.807976035e-01
  -4.893899129e-01 7.020380174e-01 8.162461874e-01
 Node:         91
  0.1262E+03  0.1267E+03  0.4554E+03 -0.4346E-01
  -0.004421
   0.0633
  -0.06101
  -0.005411
   0.06971
  -0.08495
  1.777330610e-02
  -2.063420937e-02
  -1.092721969e-01
  1.138797844e-01
  -3.737770004e-02
  5.368344520e-02
  -6.247805011e-01 -6.332847495e-01 -2.065492375e-01
  9.251293235e-01 -1.959939869e-01 -9.076172669e-01
  6.732359477e-02 -1.079512636e+00 8.626089325e-01
 Node:         92
  0.1211E+03  0.1237E+03  0.4729E+03 -0.4346E-01
  -0.009771
   0.01692
  -0.07145
   0.01864
   0.04749
  -0.07911
  -2.939361656e-03
  -3.153383573e-02
  -9.057200501e-02
  7.812987131e-02
  -4.168173413e-02
  3.683077454e-02
  1.106957190e+00 1.547263181e-01 1.740058061e-01
  -2.311416841e-01 1.052648584e+00 5.500008715e-01
  -2.435685621e-01 -8.725444444e-01 5.766218954e-01
 Node:         93
  0.1160E+03  0.1217E+03  0.4877E+03 -0.4346E-01
   0.009344
  -0.004835
  -0.08563
   0.01569
   0.01357
  -0.08858
  9.185381808e-03
  -5.993709412e-02
  -7.593840523e-02
  7.832230645e-02
  -4.223003918e-02
  3.692148934e-02
  7.539104575e-01 6.259534641e-02 -7.175436819e-02
  1.980405882e-01 -7.760163399e-01 -3.033112200e-01
  2.981697209e-01 6.957159041e-01 -3.446296296e-01
 Node:         94
  0.1317E+03  0.1268E+03  0.4545E+03 -0.4346E-01
  -0.007909
   0.06104
  -0.05785
  -0.03524
   0.0675
  -0.07557
  1.034508170e-02
  -6.634290305e-03
  -1.096840112e-01
  1.119061089e-01
  -3.532440661e-02
  5.275304562e-02
  6.357748366e-01 -4.422888889e-02 -7.328816993e-02
  3.448788671e-02 6.266833333e-01 2.072065577e-01
  1.043889978e-01 -7.931815904e-01 6.231119826e-01
 Node:         95
  0.1252E+03  0.1238E+03  0.4709E+03 -0.4346E-01
  -0.01991
   0.0102
  -0.06908
   0.008994
   0.03201
  -0.06926
  -1.224464325e-02
  -3.682675643e-02
  -7.657654891e-02
  5.679324274e-02
  -4.188264953e-02
  2.677259138e-02
  1.144229412e+00 -2.228474946e-03 1.271076253e-02
  -1.823122004e-02 1.079972549e+00 5.701932898e-01
