 Group name: predicted_stress_L1A5
 #Fields=  16
 1) coordinates, coordinate, rectangular cartesian, #Components=3
   x.  Value index= 1, #Derivatives=0
   y.  Value index= 2, #Derivatives=0
   z.  Value index= 3, #Derivatives=0
 2) Tensor_1, field, rectangular cartesian, #Components=1
   Tensor_1.  Value index= 4, #Derivatives=0
 3) Tensor_2, field, rectangular cartesian, #Components=1
   Tensor_2.  Value index= 5, #Derivatives=0
 4) Tensor_3, field, rectangular cartesian, #Components=1
   Tensor_3.  Value index= 6, #Derivatives=0
 5) Tensor_4, field, rectangular cartesian, #Components=1
   Tensor_4.  Value index= 7, #Derivatives=0
 6) Tensor_5, field, rectangular cartesian, #Components=1
   Tensor_5.  Value index= 8, #Derivatives=0
 7) Tensor_6, field, rectangular cartesian, #Components=1
   Tensor_6.  Value index= 9, #Derivatives=0
 8) Principal_1, field, rectangular cartesian, #Components=1
   Principal_1.  Value index= 10, #Derivatives=0
 9) Principal_2, field, rectangular cartesian, #Components=1
   Principal_2.  Value index= 11, #Derivatives=0
 10) Principal_3, field, rectangular cartesian, #Components=1
   Principal_3.  Value index= 12, #Derivatives=0
 11) VonMises, field, rectangular cartesian, #Components=1
   VonMises.  Value index= 13, #Derivatives=0
 12) Hydrostatic, field, rectangular cartesian, #Components=1
   VonMises.  Value index= 14, #Derivatives=0
 13) Octahedral, field, rectangular cartesian, #Components=1
   VonMises.  Value index= 15, #Derivatives=0
 14) PrincipalVector1, field, rectangular cartesian, #Components=3
   x.  Value index= 16, #Derivatives=0
   y.  Value index= 17, #Derivatives=0
   z.  Value index= 18, #Derivatives=0
 15) PrincipalVector2, field, rectangular cartesian, #Components=3
   x.  Value index= 19, #Derivatives=0
   y.  Value index= 20, #Derivatives=0
   z.  Value index= 21, #Derivatives=0
 16) PrincipalVector3, field, rectangular cartesian, #Components=3
   x.  Value index= 22, #Derivatives=0
   y.  Value index= 23, #Derivatives=0
   z.  Value index= 24, #Derivatives=0
 Node:          1
  0.1287E+03  0.1133E+03  0.4908E+03 -0.1831E-05
  -3.662E-6
  -1.439E-16
  -3.662E-6
  -4.797E-17
  -7.196E-17
  -3.662E-6
  -6.972819804e-02
  -6.972819804e-02
  -6.972819804e-02
  0.000000000e+00
  -6.972819804e-02
  0.000000000e+00
  7.240718391e-01 -1.811327586e-01 -2.799540230e-02
  2.306160920e-01 9.399201149e-01 -2.306655172e-01
  8.759724138e-02 2.158988506e-01 9.674522989e-01
 Node:          2
  0.1292E+03  0.1137E+03  0.5052E+03 -0.1831E-05
  -3.662E-6
  -1.919E-16
  -3.662E-6
  -9.595E-17
   3.358E-16
  -3.662E-6
  -6.972819804e-02
  -6.972819804e-02
  -6.972819804e-02
  0.000000000e+00
  -6.972819804e-02
  0.000000000e+00
  -5.058735632e-02 -3.334482759e-03 6.495977011e-03
  1.126712644e-01 1.643120690e-01 6.532011494e-02
  -5.800568966e-04 -4.674166667e-01 8.837724138e-01
 Node:          3
  0.1289E+03  0.1155E+03  0.5194E+03 -0.1831E-05
  -3.662E-6
   2.399E-16
  -3.662E-6
   1.919E-16
   9.595E-17
  -3.662E-6
  -6.972819804e-02
  -6.972819804e-02
  -6.972819804e-02
  0.000000000e+00
  -6.972819804e-02
  0.000000000e+00
  -3.899385057e-01 -8.728448276e-01 -2.896913793e-01
  4.755109195e-01 -4.617724138e-01 7.480781609e-01
  7.873568966e-01 -1.548045977e-01 -5.948660920e-01
 Node:          4
  0.1361E+03  0.1141E+03  0.4915E+03 -0.1831E-05
  -3.662E-6
  -4.797E-17
  -3.662E-6
  -4.797E-17
  -1.439E-16
  -3.662E-6
  -6.972819804e-02
  -6.972819804e-02
  -6.972819804e-02
  0.000000000e+00
  -6.972819804e-02
  0.000000000e+00
  -3.263224138e-02 -8.003408046e-02 9.959965517e-01
  -7.446126437e-01 5.328137931e-02 -1.726482759e-02
  -5.162390805e-02 -7.425752874e-01 -5.783137931e-02
 Node:          5
  0.1341E+03  0.1144E+03  0.5054E+03 -0.1831E-05
  -3.662E-6
   2.399E-16
  -3.662E-6
   9.595E-17
  -1.199E-16
  -3.662E-6
  -6.972819804e-02
  -6.972819804e-02
  -6.972819804e-02
  0.000000000e+00
  -6.972819804e-02
  0.000000000e+00
  1.105499425e-01 -1.711954023e-01 9.788413793e-01
  7.052770115e-01 7.070103448e-01 4.408275862e-02
  -6.997718391e-01 6.857160920e-01 1.993120690e-01
 Node:          6
  0.1323E+03  0.1162E+03  0.5191E+03 -0.1831E-05
  -3.662E-6
   9.595E-17
  -3.662E-6
  -9.595E-17
  -4.797E-17
  -3.662E-6
  -6.972819804e-02
  -6.972819804e-02
  -6.972819804e-02
  0.000000000e+00
  -6.972819804e-02
  0.000000000e+00
  -7.004143678e-01 -7.083787356e-01 8.176614943e-02
  -4.832586207e-02 1.652528736e-02 -2.232959770e-02
  6.562367816e-02 4.889402299e-02 9.960310345e-01
 Node:          7
  0.1408E+03  0.1171E+03  0.4920E+03 -0.1831E-05
  -3.662E-6
   3.838E-16
  -3.662E-6
  -1.439E-16
  -1.919E-16
  -3.662E-6
  -6.972819804e-02
  -6.972819804e-02
  -6.972819804e-02
  0.000000000e+00
  -6.972819804e-02
  0.000000000e+00
  6.657442529e-01 3.199965517e-01 -1.022201149e-01
  -4.577770115e-01 8.799051724e-01 -1.123163218e-01
  6.830626437e-02 1.601287356e-01 9.844827586e-01
 Node:          8
  0.1367E+03  0.1169E+03  0.5055E+03 -0.1831E-05
  -3.662E-6
   3.358E-16
  -3.662E-6
  -6.956E-16
  -4.078E-16
  -3.662E-6
  -6.972819804e-02
  -6.972819804e-02
  -6.972819804e-02
  0.000000000e+00
  -6.972819804e-02
  0.000000000e+00
  -8.235689655e-02 -5.474925287e-01 1.117212644e-01
  5.638620690e-01 -1.179091954e-01 2.755517241e-02
  1.936495402e-01 -1.715747126e-02 9.579563218e-01
 Node:          9
  0.1339E+03  0.1180E+03  0.5191E+03 -0.1831E-05
  -3.662E-6
   2.878E-16
  -3.662E-6
  -6.836E-16
  -4.797E-16
  -3.662E-6
  -6.972819804e-02
  -6.972819804e-02
  -6.972819804e-02
  0.000000000e+00
  -6.972819804e-02
  0.000000000e+00
  2.520051724e-01 2.710522989e-01 -2.837356322e-02
  6.955086207e-01 -1.184712644e-02 -2.039310345e-02
  -8.714528736e-02 2.604793103e-01 2.874885057e-01
 Node:         10
  0.1294E+03  0.1212E+03  0.4911E+03 -0.1831E-05
  -3.662E-6
   4.797E-17
  -3.662E-6
  -2.399E-17
   2.159E-16
  -3.662E-6
  -6.972819804e-02
  -6.972819804e-02
  -6.972819804e-02
  0.000000000e+00
  -6.972819804e-02
  0.000000000e+00
  2.360132184e-02 1.067448276e-01 1.929310345e-01
  1.170292529e-01 6.497994253e-01 -7.439293103e-01
  5.117241379e-02 4.942716667e-02 -2.264545977e-02
 Node:         11
  0.1295E+03  0.1214E+03  0.5055E+03 -0.1831E-05
  -3.662E-6
  -4.797E-17
  -3.662E-6
  -7.196E-17
   2.399E-17
  -3.662E-6
  -6.972819804e-02
  -6.972819804e-02
  -6.972819804e-02
  0.000000000e+00
  -6.972819804e-02
  0.000000000e+00
  -1.352517241e-01 3.993275862e-02 4.464396552e-01
  -2.740333333e-01 7.687586207e-02 -8.516379310e-02
  4.562770115e-01 1.606643678e-01 7.852241379e-02
 Node:         12
  0.1295E+03  0.1217E+03  0.5196E+03 -0.1831E-05
  -3.662E-6
  -3.103E-38
  -3.662E-6
   1.319E-16
   4.797E-17
  -3.662E-6
  -6.972819804e-02
  -6.972819804e-02
  -6.972819804e-02
  0.000000000e+00
  -6.972819804e-02
  0.000000000e+00
  -2.472413793e-01 -7.824482759e-02 -9.648201149e-01
  -2.675034483e-01 6.616057471e-01 2.392641044e-02
  -1.592471264e-02 1.349385057e-01 -1.681379310e-02
 Node:         13
  0.1361E+03  0.1199E+03  0.4914E+03 -0.1831E-05
  -3.662E-6
  -2.399E-16
  -3.662E-6
  -1.679E-16
   4.797E-17
  -3.662E-6
  -6.972819804e-02
  -6.972819804e-02
  -6.972819804e-02
  0.000000000e+00
  -6.972819804e-02
  0.000000000e+00
  6.846224138e-01 -2.842678161e-01 -9.297816092e-02
  3.761557471e-01 9.256804598e-01 -3.750425287e-02
  1.301632184e-01 -1.270658276e-02 9.913471264e-01
 Node:         14
  0.1342E+03  0.1198E+03  0.5054E+03 -0.1831E-05
  -3.662E-6
   4.797E-17
  -3.662E-6
   9.595E-17
  -1.559E-16
  -3.662E-6
  -6.972819804e-02
  -6.972819804e-02
  -6.972819804e-02
  0.000000000e+00
  -6.972819804e-02
  0.000000000e+00
  7.988580460e-02 -2.628137931e-01 9.608942529e-01
  -1.837041379e-01 -7.003557471e-01 -1.757724138e-01
  -7.200212644e-01 1.636214943e-01 1.002470115e-01
 Node:         15
  0.1330E+03  0.1205E+03  0.5193E+03 -0.1831E-05
  -3.662E-6
  -1.439E-16
  -3.662E-6
   2.399E-17
   8.395E-17
  -3.662E-6
  -6.972819804e-02
  -6.972819804e-02
  -6.972819804e-02
  0.000000000e+00
  -6.972819804e-02
  0.000000000e+00
  7.427643678e-01 -7.954902299e-02 1.621839080e-04
  -2.672925287e-02 -2.537201149e-01 -6.997155172e-01
  1.025528736e-01 9.364132184e-01 -3.272770115e-01
 Node:         16
  0.1404E+03  0.1188E+03  0.4918E+03 -0.1831E-05
  -3.662E-6
   9.595E-17
  -3.662E-6
  -1.439E-16
  -2.519E-16
  -3.662E-6
  -6.972819804e-02
  -6.972819804e-02
  -6.972819804e-02
  0.000000000e+00
  -6.972819804e-02
  0.000000000e+00
  -1.488298851e-01 -2.432511494e-01 9.581798851e-01
  -6.584908046e-01 -4.342298851e-01 -2.157132184e-01
  4.698500000e-01 -6.613270115e-01 -1.026793103e-01
 Node:         17
  0.1365E+03  0.1184E+03  0.5055E+03 -0.1831E-05
  -3.662E-6
   4.797E-17
  -3.662E-6
   1.679E-16
   2.938E-16
  -3.662E-6
  -6.972819804e-02
  -6.972819804e-02
  -6.972819804e-02
  0.000000000e+00
  -6.972819804e-02
  0.000000000e+00
  2.527936782e-01 4.090505747e-01 5.485511494e-01
  6.712982759e-01 -3.141609195e-01 -5.610807816e-02
  -2.589948276e-01 -7.295867816e-01 5.920735632e-01
 Node:         18
  0.1341E+03  0.1191E+03  0.5192E+03 -0.1831E-05
  -3.662E-6
  -4.126E-38
  -3.662E-6
   4.572E-17
   1.84E-16
  -3.662E-6
  -6.972819804e-02
  -6.972819804e-02
  -6.972819804e-02
  0.000000000e+00
  -6.972819804e-02
  0.000000000e+00
  3.379005747e-02 1.025254598e-01 8.072091954e-01
  6.874206897e-01 3.402586207e-02 -5.071639746e-02
  -4.379586207e-01 -1.597655172e-01 2.357988506e-02
 Node:         19
  0.1301E+03  0.1291E+03  0.4914E+03  0.0000E+00
   4.934E-16
   0.0
   4.934E-16
   3.631E-19
   1.731E-17
  -9.869E-16
  4.936000000e-16
  4.934000000e-16
  -9.871000000e-16
  1.480600010e-15
  -3.333333333e-20
  6.979615383e-16
  -2.097000000e-02 -9.997000000e-01 -1.169000000e-02
  -9.998000000e-01 2.097000000e-02 -8.123000000e-17
  2.452000000e-04 1.169000000e-02 -9.999000000e-01
 Node:         20
  0.1299E+03  0.1291E+03  0.5058E+03  0.0000E+00
   9.869E-16
   0.0
   0.0
   1.799E-17
   3.326E-17
  -2.467E-16
  9.871000000e-16
  4.400000000e-18
  -2.514000000e-16
  1.132478516e-15
  2.467000000e-16
  5.338554923e-16
  -9.999000000e-01 -4.917000000e-04 -1.459000000e-02
  2.401000000e-03 -9.914000000e-01 -1.311000000e-01
  -1.440000000e-02 -1.312000000e-01 9.913000000e-01
 Node:         21
  0.1301E+03  0.1280E+03  0.5197E+03  0.0000E+00
   4.934E-16
   0.0
   0.0
   7.196E-17
   2.549E-17
   4.934E-16
  5.660000000e-16
  4.222000000e-16
  -1.341000000e-18
  5.108528306e-16
  3.289530000e-16
  2.408183338e-16
  -7.039000000e-01 -3.195000000e-02 -7.096000000e-01
  -7.102000000e-01 4.241000000e-02 7.027000000e-01
  -7.642000000e-03 -9.986000000e-01 5.255000000e-02
 Node:         22
  0.1360E+03  0.1256E+03  0.4913E+03  0.0000E+00
  -9.869E-16
   2.399E-17
  -4.934E-16
  -2.399E-17
   1.739E-16
   4.934E-16
  5.234000000e-16
  -5.215000000e-16
  -9.888000000e-16
  1.341069376e-15
  -3.289666667e-16
  6.321861663e-16
  -1.298000000e-02 1.683000000e-01 9.857000000e-01
  5.935000000e-02 9.841000000e-01 -1.672000000e-01
  -9.982000000e-01 5.633000000e-02 -2.276000000e-02
 Node:         23
  0.1343E+03  0.1253E+03  0.5054E+03  0.0000E+00
   0.0
   3.598E-17
  -1.974E-15
   0.0
   2.271E-16
  -7.401E-16
  6.796000000e-19
  -6.997000000e-16
  -2.015000000e-15
  1.772499637e-15
  -9.046734667e-16
  8.355643418e-16
  9.998000000e-01 1.889000000e-02 5.790000000e-03
  -9.011000000e-03 1.753000000e-01 9.845000000e-01
  1.758000000e-02 -9.843000000e-01 1.754000000e-01
 Node:         24
  0.1336E+03  0.1248E+03  0.5194E+03  0.0000E+00
  -9.869E-16
   2.099E-17
   0.0
   2.399E-17
   1.499E-18
  -7.401E-16
  4.516000000e-19
  -7.379000000e-16
  -9.896000000e-16
  8.912682385e-16
  -5.756828000e-16
  4.201478769e-16
  -2.132000000e-02 -9.998000000e-01 -2.714000000e-03
  9.549000000e-02 -4.739000000e-03 9.954000000e-01
  -9.952000000e-01 2.096000000e-02 9.557000000e-02
 Node:         25
  0.1400E+03  0.1206E+03  0.4917E+03  0.0000E+00
   0.0
   4.617E-16
  -4.934E-16
  -1.439E-16
  -2.249E-16
   9.869E-16
  1.067000000e-15
  2.050000000e-16
  -7.785000000e-16
  1.599404030e-15
  1.645000000e-16
  7.539662901e-16
  -2.161000000e-01 -2.016000000e-01 9.553000000e-01
  8.390000000e-01 4.621000000e-01 2.874000000e-01
  -4.994000000e-01 8.636000000e-01 6.929000000e-02
 Node:         26
  0.1363E+03  0.1200E+03  0.5055E+03  0.0000E+00
   9.869E-16
   1.859E-16
  -2.714E-15
   4.797E-17
  -1.943E-15
  -2.467E-16
  1.006000000e-15
  8.090000000e-16
  -3.789000000e-15
  4.699597749e-15
  -6.580000000e-16
  2.215411625e-15
  9.680000000e-01 1.526000000e-01 -1.995000000e-01
  2.481000000e-01 -4.578000000e-01 8.538000000e-01
  -3.892000000e-02 8.759000000e-01 4.809000000e-01
 Node:         27
  0.1343E+03  0.1203E+03  0.5192E+03  0.0000E+00
   9.869E-16
  -3.358E-16
   9.869E-16
  -1.799E-16
   2.27E-15
   0.0
  2.890000000e-15
  9.150000000e-16
  -1.831000000e-15
  4.106639867e-15
  6.580000000e-16
  1.935888599e-15
  -1.931000000e-01 7.658000000e-01 6.135000000e-01
  9.808000000e-01 1.345000000e-01 1.409000000e-01
  2.534000000e-02 6.289000000e-01 -7.771000000e-01
 Node:         28
  0.1155E+03  0.1124E+03  0.4931E+03 -0.1082E-04
  -2.164E-5
   6.596E-17
  -2.164E-5
  -9.595E-17
   9.595E-17
  -2.164E-5
  -4.167285314e-01
  -4.167285314e-01
  -4.167285314e-01
  0.000000000e+00
  -4.167285314e-01
  0.000000000e+00
  5.164178161e-02 8.968201149e-01 1.866011494e-01
  6.222091954e-02 2.758545977e-01 -3.770097701e-01
  -7.403068966e-01 7.403775862e-02 -4.874522989e-02
 Node:         29
  0.1119E+03  0.1139E+03  0.5068E+03 -0.1082E-04
  -2.164E-5
  -3.598E-17
  -2.164E-5
   9.595E-17
   1.199E-17
  -2.164E-5
  -4.167285314e-01
  -4.167285314e-01
  -4.167285314e-01
  0.000000000e+00
  -4.167285314e-01
  0.000000000e+00
  -6.074367816e-02 4.562810345e-01 -8.777926437e-02
  -4.674051724e-01 4.451545977e-02 -1.505738506e-01
  4.614367816e-03 8.009212644e-02 2.188896552e-01
 Node:         30
  0.1113E+03  0.1159E+03  0.5206E+03 -0.1082E-04
  -2.164E-5
   2.159E-16
  -2.164E-5
   3.001E-37
  -4.797E-17
  -2.164E-5
  -4.167285314e-01
  -4.167285314e-01
  -4.167285314e-01
  0.000000000e+00
  -4.167285314e-01
  0.000000000e+00
  -1.156367816e-01 9.762988506e-02 -6.597902299e-02
  -4.277511494e-01 2.966816092e-01 3.055620690e-01
  1.281921839e-01 -2.736977011e-01 4.861902299e-01
 Node:         31
  0.1203E+03  0.1126E+03  0.4920E+03 -0.1082E-04
  -2.164E-5
   1.679E-16
  -2.164E-5
   4.797E-17
   7.196E-17
  -2.164E-5
  -4.167285314e-01
  -4.167285314e-01
  -4.167285314e-01
  0.000000000e+00
  -4.167285314e-01
  0.000000000e+00
  -5.228850575e-02 -2.590925287e-01 -3.091051724e-01
  1.802804598e-01 -1.774448276e-01 -2.843028736e-01
  1.496683908e-01 -3.270183908e-01 -1.745873563e-01
 Node:         32
  0.1188E+03  0.1134E+03  0.5062E+03 -0.1082E-04
  -2.164E-5
  -2.399E-17
  -2.164E-5
  -4.797E-17
   1.679E-16
  -2.164E-5
  -4.167285314e-01
  -4.167285314e-01
  -4.167285314e-01
  0.000000000e+00
  -4.167285314e-01
  0.000000000e+00
  4.968172414e-01 8.424942529e-03 -1.473206897e-02
  1.791149425e-02 2.587068966e-01 7.018235632e-01
  -1.587832069e-02 -9.009517241e-01 4.107477011e-01
 Node:         33
  0.1183E+03  0.1150E+03  0.5201E+03 -0.1082E-04
  -2.164E-5
   9.595E-17
  -2.164E-5
   1.439E-16
  -4.002E-37
  -2.164E-5
  -4.167285314e-01
  -4.167285314e-01
  -4.167285314e-01
  0.000000000e+00
  -4.167285314e-01
  0.000000000e+00
  5.694701149e-01 6.202413793e-02 1.406206897e-01
  -5.500587544e-03 3.727632184e-01 -2.655557471e-01
  -1.657402299e-01 5.787988506e-02 4.847781609e-01
 Node:         34
  0.1255E+03  0.1129E+03  0.4909E+03 -0.1082E-04
  -2.164E-5
  -4.669E-37
  -2.164E-5
   9.595E-17
   1.679E-16
  -2.164E-5
  -4.167285314e-01
  -4.167285314e-01
  -4.167285314e-01
  0.000000000e+00
  -4.167285314e-01
  0.000000000e+00
  3.106603448e-01 4.012643678e-03 3.370770115e-01
  1.946172414e-01 2.793408046e-01 6.919038300e-02
  1.615045977e-01 -1.593293103e-01 -3.636896552e-02
 Node:         35
  0.1260E+03  0.1135E+03  0.5054E+03 -0.1082E-04
  -2.164E-5
   1.919E-16
  -2.164E-5
   1.919E-16
   4.318E-16
  -2.164E-5
  -4.167285314e-01
  -4.167285314e-01
  -4.167285314e-01
  0.000000000e+00
  -4.167285314e-01
  0.000000000e+00
  4.974028736e-01 3.863735632e-01 3.818459770e-01
  -2.396120690e-01 2.688379310e-01 2.909005747e-01
  5.089753094e-02 -7.306534483e-01 6.694465517e-01
 Node:         36
  0.1257E+03  0.1153E+03  0.5196E+03 -0.1082E-04
  -2.164E-5
  -9.595E-17
  -2.164E-5
  -9.595E-17
   1.439E-16
  -2.164E-5
  -4.167285314e-01
  -4.167285314e-01
  -4.167285314e-01
  0.000000000e+00
  -4.167285314e-01
  0.000000000e+00
  -2.874344828e-01 6.245235632e-01 4.873137931e-01
  6.981879310e-01 1.125063218e-01 2.711575862e-01
  6.913518740e-02 -3.800695402e-01 2.219660920e-01
 Node:         37
  0.1132E+03  0.1210E+03  0.4959E+03 -0.1082E-04
  -2.164E-5
   2.399E-16
  -2.164E-5
  -1.439E-16
   3.118E-16
  -2.164E-5
  -4.167285314e-01
  -4.167285314e-01
  -4.167285314e-01
  0.000000000e+00
  -4.167285314e-01
  0.000000000e+00
  -3.045120690e-01 -4.140798851e-01 -2.085162069e-01
  2.900804598e-01 -8.951367816e-02 -1.621465517e-01
  1.823839080e-01 -3.393954023e-01 4.549451724e-01
 Node:         38
  0.1111E+03  0.1204E+03  0.5085E+03 -0.1082E-04
  -2.164E-5
   1.679E-16
  -2.164E-5
  -4.797E-17
  -1.439E-16
  -2.164E-5
  -4.167285314e-01
  -4.167285314e-01
  -4.167285314e-01
  0.000000000e+00
  -4.167285314e-01
  0.000000000e+00
  1.280183908e-01 7.291701149e-01 -9.531597701e-02
  7.275465517e-01 -1.227804598e-01 5.165218391e-02
  -1.016011494e-02 1.294040230e-01 9.824442529e-01
 Node:         39
  0.1119E+03  0.1201E+03  0.5207E+03 -0.1082E-04
  -2.164E-5
  -1.679E-16
  -2.164E-5
  -1.439E-16
  -1.319E-16
  -2.164E-5
  -4.167285314e-01
  -4.167285314e-01
  -4.167285314e-01
  0.000000000e+00
  -4.167285314e-01
  0.000000000e+00
  7.063275862e-01 -1.978242529e-02 -2.336574713e-01
  3.129068966e-01 -2.733649425e-01 9.009752874e-01
  -8.361752874e-02 -7.057097701e-01 -2.068867816e-01
 Node:         40
  0.1191E+03  0.1220E+03  0.4937E+03 -0.1082E-04
  -2.164E-5
   1.439E-16
  -2.164E-5
   1.439E-16
  -2.399E-17
  -2.164E-5
  -4.167285314e-01
  -4.167285314e-01
  -4.167285314e-01
  0.000000000e+00
  -4.167285314e-01
  0.000000000e+00
  9.283505747e-02 -5.798850575e-03 6.371839080e-03
  1.800550872e-02 1.042701149e-02 -1.106218391e-01
  -4.534655172e-02 2.885057471e-01 1.858494253e-01
 Node:         41
  0.1182E+03  0.1217E+03  0.5073E+03 -0.1082E-04
  -2.164E-5
  -4.797E-17
  -2.164E-5
   9.595E-17
   1.679E-16
  -2.164E-5
  -4.167285314e-01
  -4.167285314e-01
  -4.167285314e-01
  0.000000000e+00
  -4.167285314e-01
  0.000000000e+00
  -5.394080460e-02 -3.631218391e-02 -7.292000000e-01
  5.930574713e-02 8.882701149e-02 3.556091954e-02
  1.360988506e-01 9.612988506e-01 -1.050518391e-01
 Node:         42
  0.1187E+03  0.1212E+03  0.5204E+03 -0.1082E-04
  -2.164E-5
  -9.595E-17
  -2.164E-5
   2.668E-37
   9.595E-17
  -2.164E-5
  -4.167285314e-01
  -4.167285314e-01
  -4.167285314e-01
  0.000000000e+00
  -4.167285314e-01
  0.000000000e+00
  -1.124241379e-02 -3.840057471e-02 4.052385057e-01
  5.179655172e-02 6.239655172e-02 -1.257005747e-02
  -6.329195402e-02 -7.221568966e-01 1.390447701e-01
 Node:         43
  0.1258E+03  0.1217E+03  0.4915E+03 -0.1082E-04
  -2.164E-5
   1.919E-16
  -2.164E-5
  -2.399E-17
   1.334E-37
  -2.164E-5
  -4.167285314e-01
  -4.167285314e-01
  -4.167285314e-01
  0.000000000e+00
  -4.167285314e-01
  0.000000000e+00
  6.589902299e-01 -9.678218391e-02 -8.153218391e-02
  -4.192850575e-01 2.627385057e-01 -1.036367241e-01
  1.221120690e-02 -1.370026264e-01 9.764655172e-01
 Node:         44
  0.1259E+03  0.1220E+03  0.5059E+03 -0.1082E-04
  -2.164E-5
   2.399E-16
  -2.164E-5
   1.679E-16
   1.919E-16
  -2.164E-5
  -4.167285314e-01
  -4.167285314e-01
  -4.167285314e-01
  0.000000000e+00
  -4.167285314e-01
  0.000000000e+00
  -4.613275862e-02 3.050057471e-02 4.111781609e-02
  -5.246011494e-01 -3.330235632e-01 4.311045977e-01
  2.728551724e-01 -4.174321839e-01 4.751586207e-02
 Node:         45
  0.1261E+03  0.1221E+03  0.5198E+03 -0.1082E-04
  -2.164E-5
  -1.439E-16
  -2.164E-5
   4.797E-17
  -1.199E-17
  -2.164E-5
  -4.167285314e-01
  -4.167285314e-01
  -4.167285314e-01
  0.000000000e+00
  -4.167285314e-01
  0.000000000e+00
  8.159114943e-02 -6.028258621e-02 9.928982759e-01
  -7.335862069e-01 1.180752874e-01 7.398787356e-02
  -1.239097701e-01 -7.340442529e-01 -4.540370690e-02
 Node:         46
  0.1117E+03  0.1296E+03  0.4959E+03  0.0000E+00
  -2.467E-16
   4.797E-17
  -7.401E-16
   1.199E-17
  -4.497E-17
   0.0
  3.057000000e-18
  -2.423000000e-16
  -7.476000000e-16
  6.629532710e-16
  -3.289476667e-16
  3.125191690e-16
  3.676000000e-02 -5.800000000e-02 9.976000000e-01
  9.946000000e-01 9.864000000e-02 -3.092000000e-02
  -9.662000000e-02 9.934000000e-01 6.131000000e-02
 Node:         47
  0.1107E+03  0.1269E+03  0.5087E+03  0.0000E+00
  -7.401E-16
  -5.397E-17
   4.934E-16
  -4.797E-17
   6.896E-17
   0.0
  5.058000000e-16
  -7.273000000e-18
  -7.452000000e-16
  1.089215580e-15
  -8.222433333e-17
  5.134611487e-16
  -4.821000000e-02 9.891000000e-01 1.394000000e-01
  -5.424000000e-02 -1.420000000e-01 9.884000000e-01
  -9.974000000e-01 -4.009000000e-02 -6.049000000e-02
 Node:         48
  0.1125E+03  0.1242E+03  0.5208E+03  0.0000E+00
   4.934E-16
   5.997E-18
   4.934E-16
   0.0
  -2.998E-18
   4.934E-16
  5.001000000e-16
  4.934000000e-16
  4.867000000e-16
  1.160474041e-17
  4.934000000e-16
  5.470527092e-18
  -6.325000000e-01 -7.071000000e-01 3.162000000e-01
  4.472000000e-01 -2.276000000e-15 8.944000000e-01
  6.325000000e-01 -7.071000000e-01 -3.162000000e-01
 Node:         49
  0.1186E+03  0.1311E+03  0.4938E+03  0.0000E+00
  -7.401E-16
  -3.598E-17
   0.0
  -7.196E-17
  -1.049E-17
  -2.467E-16
  1.947000000e-18
  -2.366000000e-16
  -7.523000000e-16
  6.677348644e-16
  -3.289843333e-16
  3.147732338e-16
  4.561000000e-02 -9.985000000e-01 2.894000000e-02
  -1.430000000e-01 2.215000000e-02 9.895000000e-01
  -9.887000000e-01 -4.926000000e-02 -1.418000000e-01
 Node:         50
  0.1180E+03  0.1298E+03  0.5075E+03  0.0000E+00
   0.0
  -2.249E-17
   1.48E-15
  -7.196E-17
   2.155E-17
   9.869E-16
  1.482000000e-15
  9.910000000e-16
  -5.513000000e-18
  1.312785985e-15
  8.224956667e-16
  6.188532481e-16
  1.739000000e-02 -9.988000000e-01 -4.603000000e-02
  -7.128000000e-02 -4.716000000e-02 9.963000000e-01
  9.973000000e-01 1.405000000e-02 7.201000000e-02
 Node:         51
  0.1192E+03  0.1275E+03  0.5206E+03  0.0000E+00
   0.0
  -5.997E-18
  -2.467E-16
   0.0
   2.549E-17
   4.934E-16
  4.943000000e-16
  1.449000000e-19
  -2.477000000e-16
  6.542860068e-16
  8.224830000e-17
  3.084333815e-16
  -4.170000000e-04 3.438000000e-02 9.994000000e-01
  9.997000000e-01 -2.416000000e-02 1.248000000e-03
  2.418000000e-02 9.991000000e-01 -3.436000000e-02
 Node:         52
  0.1262E+03  0.1305E+03  0.4920E+03  0.0000E+00
   4.934E-16
  -2.399E-17
   4.934E-16
   2.249E-18
   8.48E-18
   0.0
  5.175000000e-16
  4.696000000e-16
  -1.600000000e-19
  4.954496661e-16
  3.289800000e-16
  2.335572124e-16
  -7.061000000e-01 7.080000000e-01 8.534000000e-03
  7.081000000e-01 7.060000000e-01 1.614000000e-02
  -5.403000000e-03 -1.744000000e-02 9.998000000e-01
 Node:         53
  0.1258E+03  0.1304E+03  0.5063E+03  0.0000E+00
  -7.401E-16
  -2.998E-18
  -4.934E-16
   4.797E-17
   5.847E-17
  -9.869E-16
  -4.866000000e-16
  -7.314000000e-16
  -1.002000000e-15
  4.465358664e-16
  -7.400000000e-16
  2.104990261e-16
  1.040000000e-02 9.931000000e-01 1.171000000e-01
  -9.836000000e-01 3.123000000e-02 -1.776000000e-01
  -1.800000000e-01 -1.133000000e-01 9.771000000e-01
 Node:         54
  0.1265E+03  0.1288E+03  0.5200E+03  0.0000E+00
  -9.869E-16
   3.598E-17
   4.934E-16
   0.0
  -7.496E-18
   4.934E-16
  5.014000000e-16
  4.864000000e-16
  -9.877000000e-16
  1.481656947e-15
  3.333333333e-20
  6.984597833e-16
  1.758000000e-02 7.272000000e-01 -6.862000000e-01
  1.675000000e-02 6.860000000e-01 7.274000000e-01
  -9.997000000e-01 2.428000000e-02 1.229000000e-04
 Node:         55
  0.1383E+03  0.1167E+03  0.4548E+03 -0.7430E-02
   0.05397
  -0.01711
   0.01126
   0.01435
   0.04375
   0.005766
  5.786945977e-02
  3.902028161e-02
  -3.709993103e-02
  8.557247318e-02
  1.992993678e-02
  4.033925071e-02
  -1.865201149e-01 2.257574713e-01 1.390925287e-01
  4.682206897e-01 8.138045977e-02 2.487735632e-01
  4.243103448e-03 -5.258045977e-03 2.931896552e-02
 Node:         56
  0.1315E+03  0.1156E+03  0.4696E+03 -0.7430E-02
   0.052
   0.01994
  -0.002501
   0.0619
  -0.00758
  -0.0122
  4.758817816e-02
  1.071138851e-02
  -2.283915862e-02
  5.922042974e-02
  1.182013602e-02
  2.791677830e-02
  -9.595890805e-01 -3.086541264e-01 -8.159085632e-01
  -9.429885057e-03 -2.685132184e-01 2.445660920e-02
  -6.368137931e-01 4.688821839e-02 3.008852874e-01
 Node:         57
  0.1285E+03  0.1140E+03  0.4824E+03 -0.7430E-02
   0.07696
   0.02468
  -0.01582
   0.01875
  -0.01307
  -0.01575
  6.491818391e-02
  4.941166667e-04
  -2.059194023e-02
  7.722088076e-02
  1.494012011e-02
  3.640227229e-02
  -1.080284483e+00 -5.056212069e-01 -3.743241356e-01
  -4.443314368e-02 -8.106166667e-01 6.994683908e-01
  -5.336761494e-01 7.402804598e-01 9.580001379e-01
 Node:         58
  0.1491E+03  0.1176E+03  0.4547E+03 -0.7430E-02
   0.04905
  -0.08477
   0.03568
  -0.009866
   0.03959
  -0.003669
  1.302579770e-01
  -3.753317011e-03
  -4.416111724e-02
  1.577315125e-01
  2.744784759e-02
  7.435534806e-02
  -6.812994253e-01 6.860821839e-01 2.561155172e-01
  5.174310345e-02 -3.230804598e-02 2.007517241e-01
  -6.121074713e-01 -7.503459770e-01 3.952655172e-01
 Node:         59
  0.1423E+03  0.1167E+03  0.4703E+03 -0.7430E-02
   0.04971
  -0.06006
   0.01689
   0.03885
   0.004016
  -0.01773
  7.268812644e-02
  1.213753966e-02
  -3.344354598e-02
  9.002464426e-02
  1.712737337e-02
  4.243802429e-02
  -8.156114943e-01 6.493994253e-01 -2.190549080e-01
  -8.365632184e-02 -1.055471264e-01 4.360781609e-01
  2.848310345e-01 -1.066310345e-01 2.739149425e-01
 Node:         60
  0.1375E+03  0.1150E+03  0.4833E+03 -0.7430E-02
   0.07719
  -0.002765
  -0.01148
   0.02367
  -0.009448
  -0.01683
  5.406217241e-02
  -6.057511494e-04
  -7.482578161e-03
  5.847644899e-02
  1.532461437e-02
  2.756606241e-02
  -1.101131609e+00 -2.875850575e-02 -4.218765402e-01
  3.059614943e-01 1.590156897e+00 -3.063955172e-01
  -5.603005747e-01 -9.414462069e-02 9.529994253e-01
 Node:         61
  0.1562E+03  0.1221E+03  0.4540E+03 -0.7430E-02
   0.06339
  -0.09496
   0.01771
  -0.07727
   0.1135
  -0.0396
  1.893872644e-01
  -3.244167011e-02
  -7.518963195e-02
  2.454043796e-01
  2.725198743e-02
  1.156847340e-01
  -7.425879310e-01 6.003965517e-01 8.247075862e-01
  6.356853448e-01 4.490568966e-01 9.214827586e-01
  -2.189959770e-02 -4.083149425e-01 -2.207791954e-01
 Node:         62
  0.1498E+03  0.1204E+03  0.4703E+03 -0.7430E-02
   0.07709
  -0.1118
   0.01115
  -0.008461
   0.04118
  -0.04412
  1.749201379e-01
  -2.327278448e-02
  -6.872186207e-02
  2.242170709e-01
  2.764183046e-02
  1.056969409e-01
  -8.015534483e-01 6.268614943e-01 7.799482759e-02
  -2.027113793e-01 2.678117816e-02 -5.872419540e-01
  -3.984816092e-01 -4.817471264e-01 1.109995230e-01
 Node:         63
  0.1437E+03  0.1181E+03  0.4839E+03 -0.7430E-02
   0.08732
  -0.02354
  -0.01137
   0.01171
  -0.01296
  -0.02057
  6.783150575e-02
  -4.752927586e-03
  -8.570472989e-03
  7.448709144e-02
  1.816936839e-02
  3.511355165e-02
  -1.072495977e+00 2.050672414e-01 -2.632016552e-01
  2.292419540e-01 6.065442816e-01 -4.052948276e-01
  3.357146552e-01 8.689367816e-01 3.135436782e-01
 Node:         64
  0.1417E+03  0.1252E+03  0.4530E+03 -0.7430E-02
   0.0653
   0.04247
   0.005843
  -0.03827
   0.02672
  -0.01596
  5.351851724e-02
  2.992967701e-02
  -3.211288218e-02
  7.473764263e-02
  1.711177069e-02
  3.523166261e-02
  1.017602874e+00 1.358241379e-02 -1.682203115e-01
  -1.266525690e-01 1.029996724e+00 2.797266667e-01
  -1.443390805e-02 -7.667821839e-01 6.232863103e-01
 Node:         65
  0.1344E+03  0.1229E+03  0.4687E+03 -0.7430E-02
   0.06652
   0.02247
   0.003012
  -0.005149
   0.009232
  -0.01603
  3.563153448e-02
  1.040882701e-02
  -6.237931034e-05
  3.200712968e-02
  1.532599406e-02
  1.508830563e-02
  -1.040377586e+00 -3.079304023e-01 9.421752874e-02
  2.575754483e-01 6.330109195e-01 -3.001322414e-01
  -3.721678161e-01 -8.584540230e-02 -3.066603448e-01
 Node:         66
  0.1299E+03  0.1214E+03  0.4825E+03 -0.7430E-02
   0.08233
   0.003451
  -0.01252
   0.008242
  -0.006206
  -0.01553
  6.312506322e-02
  -4.093912184e-03
  -8.229545402e-03
  6.925859078e-02
  1.693386854e-02
  3.264881280e-02
  -1.112335057e+00 -2.072210345e-01 -2.292816667e-01
  -8.278850575e-03 3.813572989e-01 -2.131931034e-01
  -3.414749322e-01 3.075557471e-01 1.194454943e+00
 Node:         67
  0.1506E+03  0.1243E+03  0.4531E+03 -0.7430E-02
   0.0627
  -0.04192
   0.004431
  -0.03017
   0.02011
  -0.003131
  8.166427586e-02
  -1.233044195e-02
  -1.357874023e-02
  9.447115222e-02
  1.858503123e-02
  4.453412824e-02
  -8.638385057e-01 4.076028736e-01 4.024986782e-01
  3.934733333e-01 1.401678736e-01 7.470563218e-01
  1.486235632e-01 -3.271241379e-01 4.396660920e-01
 Node:         68
  0.1437E+03  0.1224E+03  0.4693E+03 -0.7430E-02
   0.06585
  -0.07857
   0.005022
  -0.006281
   0.02012
  -0.009697
  1.101687299e-01
  -8.042287356e-03
  -3.705185057e-02
  1.350873334e-01
  2.169153065e-02
  6.368077965e-02
  -8.170178161e-01 5.761534483e-01 1.322051724e-01
  3.802020379e-01 2.643545172e-01 1.014612644e+00
  4.974114943e-01 9.011879310e-01 -4.150430057e-01
 Node:         69
  0.1380E+03  0.1205E+03  0.4831E+03 -0.7430E-02
   0.08263
  -0.01973
  -0.01015
   0.005641
   0.00136
  -0.01504
  6.597267241e-02
  -3.320445287e-03
  -8.879506092e-03
  7.220926114e-02
  1.792424034e-02
  3.403977215e-02
  -1.063533333e+00 1.677614943e-01 -1.531041379e-01
  2.634113218e-01 1.098069195e+00 7.813482759e-01
  -6.430925287e-01 -1.401277586e+00 7.368185632e-01
 Node:         70
  0.1564E+03  0.1241E+03  0.4535E+03 -0.7430E-02
   0.06512
  -0.0507
  -0.01425
  -0.07739
   0.04765
   0.01595
  1.349580460e-01
  -2.638038103e-02
  -3.927656667e-02
  1.681714748e-01
  2.310036609e-02
  7.927679347e-02
  -7.657919540e-01 3.378442529e-01 6.007862069e-01
  7.178913793e-01 5.286689655e-01 8.530689655e-01
  3.652143103e-01 -8.217667241e-01 1.294742529e+00
 Node:         71
  0.1500E+03  0.1223E+03  0.4700E+03 -0.7430E-02
   0.07165
  -0.1267
  -0.002628
  -0.06186
   0.06295
  -0.005096
  2.010510575e-01
  -4.234750471e-02
  -6.255058046e-02
  2.535944037e-01
  3.205099077e-02
  1.195455483e-01
  -7.466793103e-01 5.788821839e-01 3.468706897e-01
  -1.353800000e-01 2.138551149e-01 -4.578609195e-01
  -3.710959770e-01 -3.713431034e-01 -6.592448276e-02
 Node:         72
  0.1435E+03  0.1199E+03  0.4838E+03 -0.7430E-02
   0.08424
  -0.03832
  -0.01039
  -0.003497
   0.009459
  -0.01472
  7.834646552e-02
  -5.375380000e-03
  -1.516541609e-02
  8.898013758e-02
  1.926855648e-02
  4.194563911e-02
  -9.893557471e-01 3.534183908e-01 -5.954022989e-05
  5.288637931e-01 8.607121264e-01 1.082642529e+00
  -6.886471264e-01 -1.265974713e+00 2.945316092e-01
 Node:         73
  0.1452E+03  0.1339E+03  0.4524E+03  0.0000E+00
   0.1042
  -0.03072
  -0.01221
   0.01635
  -0.01891
   0.01316
  9.313431034e-02
  1.233411207e-02
  -1.306217471e-02
  9.566417734e-02
  3.080208257e-02
  4.509652567e-02
  -1.373647701e+00 3.203810345e-01 -1.999093103e-01
  -3.617244253e-02 -1.876932759e-01 -4.581793103e-01
  9.109229885e-02 1.628105747e+00 6.777091954e-02
 Node:         74
  0.1372E+03  0.1304E+03  0.4684E+03  0.0000E+00
   0.1128
  -0.04633
  -0.007314
   0.003229
  -0.02925
   0.006624
  9.085594828e-02
  1.633210603e-02
  -8.744362069e-03
  8.986468561e-02
  3.281456408e-02
  4.236261905e-02
  -1.059061494e+00 5.588156322e-01 -1.953735632e-02
  1.938919540e-01 2.163704713e-01 -7.122505747e-01
  4.281275287e-01 8.743442529e-01 7.975468966e-01
 Node:         75
  0.1314E+03  0.1289E+03  0.4826E+03  0.0000E+00
   0.1037
  -0.01779
  -0.001238
  -0.008966
  -0.005138
   2.692E-4
  8.304950575e-02
  3.608142120e-03
  -1.255934483e-03
  8.172954410e-02
  2.846723779e-02
  3.852767657e-02
  -1.074728161e+00 3.902859770e-01 1.983744080e-01
  3.971640805e-02 -7.003799425e-01 5.618408046e-01
  4.323647126e-01 7.710201149e-01 8.327225862e-01
 Node:         76
  0.1520E+03  0.1311E+03  0.4523E+03  0.0000E+00
   0.1054
  -0.04301
  -0.01788
  -0.001671
   0.04124
   0.02108
  1.022915862e-01
  3.515318678e-02
  -3.545173563e-02
  1.188532260e-01
  3.399767912e-02
  5.602794805e-02
  -4.745235632e-01 2.405844828e-01 -1.234367816e-02
  4.428685345e-01 9.773973563e-01 1.128161494e+00
  -2.748397701e-01 -4.046747126e-01 -2.052533333e-01
 Node:         77
  0.1450E+03  0.1283E+03  0.4687E+03  0.0000E+00
   0.1216
  -0.0212
  -0.01043
  -0.01148
   0.0274
   0.006869
  9.979373563e-02
  2.376364155e-02
  -1.500725517e-02
  1.011641208e-01
  3.618337400e-02
  4.768922391e-02
  -1.065441954e+00 3.184607471e-01 2.122569425e-01
  2.286937701e-01 8.635522989e-01 6.299839080e-01
  1.948940862e-01 -7.648143678e-01 2.546858046e-01
 Node:         78
  0.1385E+03  0.1261E+03  0.4829E+03  0.0000E+00
   0.1084
  -0.003126
  -0.001058
  -0.008338
  -0.001527
   8.284E-5
  8.620663218e-02
  8.888198851e-04
  3.272237356e-03
  8.358562509e-02
  3.012256314e-02
  3.940264154e-02
  -1.082931609e+00 1.837099425e-01 1.993981552e-01
  4.828919540e-02 1.722093908e-01 4.090919540e-02
  2.460286782e-01 8.786051724e-01 2.999693276e-01
 Node:         79
  0.1565E+03  0.1262E+03  0.4531E+03  0.0000E+00
   0.1075
   0.1062
   0.03034
   0.03253
  -0.008483
  -0.06582
  1.923805345e-01
  -2.168563793e-02
  -4.157804598e-02
  2.244046725e-01
  4.303895019e-02
  1.057853771e-01
  -1.600038506e+00 -6.366999080e-01 1.983636494e-01
  3.247432759e-01 -1.031724023e+00 1.007999425e+00
  -6.476298851e-01 4.813816092e-01 -7.750758621e-02
 Node:         80
  0.1501E+03  0.1242E+03  0.4698E+03  0.0000E+00
   0.1235
   0.07331
   0.01326
   0.01786
  -0.01031
  -0.05499
  1.855993678e-01
  -1.904278851e-02
  -3.415322989e-02
  2.124818548e-01
  4.413444981e-02
  1.001649069e-01
  -9.306465517e-01 -5.349178161e-01 1.590668451e-01
  1.831771264e-01 -5.787188506e-01 7.151735632e-01
  -2.993647126e-01 6.179810345e-01 5.379036782e-01
 Node:         81
  0.1434E+03  0.1217E+03  0.4837E+03  0.0000E+00
   0.1091
   0.00965
   7.344E-4
  -0.008526
  -0.001802
  -0.007926
  8.821712069e-02
  5.733995977e-04
  4.387459770e-04
  8.745908039e-02
  2.974308875e-02
  4.122860588e-02
  -1.083278736e+00 -5.093563218e-02 2.490077586e-01
  -2.446943490e-01 1.689373563e+00 -2.169274138e-01
  2.928199701e-01 -1.977563218e-02 9.933551724e-01
 Node:         82
  0.1267E+03  0.1149E+03  0.4578E+03 -0.4886E-01
  -0.01921
  -0.005962
  -0.08473
   0.02102
   0.05096
  -0.09326
  -1.455422701e-02
  -3.704962644e-02
  -1.057978580e-01
  8.165248656e-02
  -5.246723716e-02
  3.849135130e-02
  8.639867816e-01 -1.136144828e-01 1.250527586e-01
  3.571179885e-01 3.103182759e-01 -1.848109195e-01
  -3.672545977e-01 -5.644310345e-01 -4.840344828e-03
 Node:         83
  0.1234E+03  0.1130E+03  0.4727E+03 -0.4886E-01
  -0.02135
   0.01319
  -0.09154
   0.09463
   0.01927
  -0.1104
  1.711747701e-02
  -7.570615517e-02
  -1.122793575e-01
  1.153933228e-01
  -5.695601188e-02
  5.439693404e-02
  1.197530460e+00 -1.623864943e-02 2.771344828e-01
  -1.855229310e-01 1.250771839e+00 -1.238320690e-01
  -5.544672414e-01 -2.014655172e-01 1.728540230e-01
 Node:         84
  0.1187E+03  0.1123E+03  0.4850E+03 -0.4886E-01
  -9.545E-4
   0.003141
  -0.09726
   0.03259
  -0.001256
  -0.1098
  4.851697701e-03
  -7.975462069e-02
  -8.889694253e-02
  8.944213163e-02
  -5.459995517e-02
  4.216342520e-02
  1.328320690e+00 -4.543195402e-02 9.741379310e-04
  1.588736782e-02 1.687199655e+00 -2.045768966e-01
  -5.759500000e-01 8.448885057e-02 7.730357471e-01
 Node:         85
  0.1303E+03  0.1162E+03  0.4566E+03 -0.4886E-01
  -0.01975
  -1.149E-4
  -0.08185
   0.02953
   0.0736
  -0.08974
  -1.247961787e-02
  -1.936609483e-02
  -1.189870230e-01
  1.009677188e-01
  -5.027757856e-02
  4.759663908e-02
  8.198994253e-01 2.709310345e-01 4.441978736e-01
  -2.579468046e-01 1.085094253e+00 4.097885057e-01
  -2.518821839e-01 -7.040637931e-01 4.875940230e-01
 Node:         86
  0.1252E+03  0.1139E+03  0.4711E+03 -0.4886E-01
  -0.01133
   0.06579
  -0.07274
   0.1982
   0.06465
  -0.1064
  1.063348333e-01
  -7.998350575e-02
  -1.442019494e-01
  2.252236033e-01
  -3.928354061e-02
  1.061714248e-01
  1.173026437e+00 2.572114943e-01 3.241729885e-01
  -3.688491954e-01 1.330031034e+00 -2.386962149e-01
  -8.567798851e-01 -1.737230460e-01 4.818270115e-01
 Node:         87
  0.1217E+03  0.1126E+03  0.4834E+03 -0.4886E-01
  -0.003981
   0.002211
  -0.09668
   0.04302
  -0.006806
  -0.1091
  5.351005747e-03
  -7.807514943e-02
  -9.193133908e-02
  9.103647358e-02
  -5.488516092e-02
  4.291500520e-02
  1.298532184e+00 -6.587625862e-02 4.937367816e-02
  1.805492529e-01 1.803516092e+00 -4.700649655e-01
  -5.898402299e-01 2.457554828e-01 5.972683908e-01
 Node:         88
  0.1338E+03  0.1169E+03  0.4550E+03 -0.4886E-01
  -0.03254
  -0.01186
  -0.08654
   0.02306
   0.08984
  -0.07543
  2.949808621e-03
  -1.471738667e-02
  -1.377778161e-01
  1.294608788e-01
  -4.984846471e-02
  6.102844351e-02
  8.190787356e-02 3.448781609e-01 4.286080460e-01
  4.056432184e-01 2.551276724e-01 -2.115350575e-01
  -3.090856322e-01 -4.187574713e-01 6.695804598e-03
 Node:         89
  0.1270E+03  0.1150E+03  0.4695E+03 -0.4886E-01
  -0.0411
   0.03119
  -0.09139
   0.08228
   0.01994
  -0.1015
  -1.822356322e-04
  -7.869818391e-02
  -1.031256103e-01
  9.308351242e-02
  -6.066867663e-02
  4.387998857e-02
  1.169771264e+00 1.104522989e-01 3.195320115e-01
  -3.904885172e-01 1.615273563e+00 -1.110396552e-01
  -8.071178161e-01 -4.301191379e-01 7.067591954e-01
 Node:         90
  0.1248E+03  0.1132E+03  0.4822E+03 -0.4886E-01
  -0.0086
   0.02643
  -0.1004
   0.023
  -0.01266
  -0.1006
  -2.004522414e-03
  -7.151631609e-02
  -9.265410345e-02
  8.217261542e-02
  -5.539164732e-02
  3.873654240e-02
  1.309297701e+00 -1.383717816e-02 -1.100580460e-02
  -9.378083333e-02 8.634126437e-01 -1.115147126e+00
  -6.206663218e-01 7.469545977e-01 8.637080460e-01
 Node:         91
  0.1262E+03  0.1267E+03  0.4556E+03 -0.4886E-01
  -0.01373
   0.07416
  -0.07244
  -0.002446
   0.07021
  -0.09469
  -6.217873563e-04
  -2.965797471e-02
  -1.138358786e-01
  1.011565221e-01
  -4.803854690e-02
  4.768564185e-02
  -6.621925287e-01 -9.194666667e-01 -3.449298851e-01
  1.001503983e+00 -2.544375862e-01 -1.206105178e+00
  3.240482759e-02 -1.271395402e+00 9.244390805e-01
 Node:         92
  0.1211E+03  0.1237E+03  0.4729E+03 -0.4886E-01
  -0.02277
   0.02372
  -0.08126
   0.02421
   0.04789
  -0.08918
  -2.191206092e-02
  -3.964437701e-02
  -9.548811149e-02
  6.575386943e-02
  -5.234818314e-02
  3.099667131e-02
  1.406877586e+00 1.551935632e-01 1.869704023e-01
  -3.757126322e-01 1.252667816e+00 5.123678161e-01
  -3.503977586e-01 -1.033224138e+00 5.666534483e-01
 Node:         93
  0.1160E+03  0.1217E+03  0.4877E+03 -0.4886E-01
  -0.002166
  -0.005022
  -0.09625
   0.01879
   0.01489
  -0.09987
  -3.670797471e-03
  -6.957413793e-02
  -8.488303448e-02
  7.461724255e-02
  -5.270932330e-02
  3.517490547e-02
  1.190448276e+00 8.034648276e-02 -1.274821264e-01
  2.527858621e-01 -1.119127586e+00 -5.099683908e-01
  4.082412092e-01 9.420333333e-01 -3.989747126e-01
 Node:         94
  0.1317E+03  0.1268E+03  0.4547E+03 -0.4886E-01
  -0.01683
   0.07157
  -0.06936
  -0.0338
   0.06898
  -0.08428
  -8.988389655e-03
  -1.398604770e-02
  -1.147476822e-01
  9.987522185e-02
  -4.590737318e-02
  4.708163110e-02
  8.608086207e-01 -7.620724138e-02 -8.401655172e-02
  7.516494253e-02 5.481120690e-01 -6.892425287e-02
  -7.093505747e-02 -7.502522989e-01 4.107540230e-01
 Node:         95
  0.1252E+03  0.1238E+03  0.4710E+03 -0.4886E-01
  -0.03464
   0.01616
  -0.07943
