 Group name: predicted_stress_L2A3
 #Fields=  16
 1) coordinates, coordinate, rectangular cartesian, #Components=3
   x.  Value index= 1, #Derivatives=0
   y.  Value index= 2, #Derivatives=0
   z.  Value index= 3, #Derivatives=0
 2) Tensor_1, field, rectangular cartesian, #Components=1
   Tensor_1.  Value index= 4, #Derivatives=0
 3) Tensor_2, field, rectangular cartesian, #Components=1
   Tensor_2.  Value index= 5, #Derivatives=0
 4) Tensor_3, field, rectangular cartesian, #Components=1
   Tensor_3.  Value index= 6, #Derivatives=0
 5) Tensor_4, field, rectangular cartesian, #Components=1
   Tensor_4.  Value index= 7, #Derivatives=0
 6) Tensor_5, field, rectangular cartesian, #Components=1
   Tensor_5.  Value index= 8, #Derivatives=0
 7) Tensor_6, field, rectangular cartesian, #Components=1
   Tensor_6.  Value index= 9, #Derivatives=0
 8) Principal_1, field, rectangular cartesian, #Components=1
   Principal_1.  Value index= 10, #Derivatives=0
 9) Principal_2, field, rectangular cartesian, #Components=1
   Principal_2.  Value index= 11, #Derivatives=0
 10) Principal_3, field, rectangular cartesian, #Components=1
   Principal_3.  Value index= 12, #Derivatives=0
 11) VonMises, field, rectangular cartesian, #Components=1
   VonMises.  Value index= 13, #Derivatives=0
 12) Hydrostatic, field, rectangular cartesian, #Components=1
   VonMises.  Value index= 14, #Derivatives=0
 13) Octahedral, field, rectangular cartesian, #Components=1
   VonMises.  Value index= 15, #Derivatives=0
 14) PrincipalVector1, field, rectangular cartesian, #Components=3
   x.  Value index= 16, #Derivatives=0
   y.  Value index= 17, #Derivatives=0
   z.  Value index= 18, #Derivatives=0
 15) PrincipalVector2, field, rectangular cartesian, #Components=3
   x.  Value index= 19, #Derivatives=0
   y.  Value index= 20, #Derivatives=0
   z.  Value index= 21, #Derivatives=0
 16) PrincipalVector3, field, rectangular cartesian, #Components=3
   x.  Value index= 22, #Derivatives=0
   y.  Value index= 23, #Derivatives=0
   z.  Value index= 24, #Derivatives=0
 Node:          1
  0.1287E+03  0.1133E+03  0.4908E+03 -0.8793E-01
  -0.1759
  -1.732E-16
  -0.1759
  -5.773E-17
  -8.66E-17
  -0.1759
  -2.209434363e-02
  -2.209434363e-02
  -2.209434363e-02
  0.000000000e+00
  -2.209434363e-02
  0.000000000e+00
  8.107048583e-01 -2.103929150e-01 -2.507641700e-02
  2.409115385e-01 9.475585020e-01 -1.960665992e-01
  7.625791498e-02 1.828578947e-01 9.774202429e-01
 Node:          2
  0.1292E+03  0.1137E+03  0.5052E+03 -0.8793E-01
  -0.1759
  -2.309E-16
  -0.1759
  -1.155E-16
   4.041E-16
  -0.1759
  -2.209434363e-02
  -2.209434363e-02
  -2.209434363e-02
  0.000000000e+00
  -2.209434363e-02
  0.000000000e+00
  5.224178138e-01 -2.407311741e-01 -1.187445344e-01
  3.405815789e-01 5.975785425e-01 2.973471660e-01
  -8.389414980e-04 -4.567473684e-01 8.894643725e-01
 Node:          3
  0.1289E+03  0.1155E+03  0.5194E+03 -0.8793E-01
  -0.1759
   2.887E-16
  -0.1759
   2.309E-16
   1.155E-16
  -0.1759
  -2.209434363e-02
  -2.209434363e-02
  -2.209434363e-02
  0.000000000e+00
  -2.209434363e-02
  0.000000000e+00
  -4.030827935e-01 -8.747963563e-01 -2.670048583e-01
  4.895194332e-01 -4.533157895e-01 7.445629555e-01
  7.726702429e-01 -1.697710526e-01 -6.108398785e-01
 Node:          4
  0.1361E+03  0.1141E+03  0.4915E+03 -0.8793E-01
  -0.1759
  -5.773E-17
  -0.1759
  -5.773E-17
  -1.732E-16
  -0.1759
  -2.209434363e-02
  -2.209434363e-02
  -2.209434363e-02
  0.000000000e+00
  -2.209434363e-02
  0.000000000e+00
  -3.978781377e-02 -8.922546559e-02 9.950769231e-01
  -8.335971660e-01 8.014287449e-02 -2.539267206e-02
  -7.739850202e-02 -8.305838057e-01 -7.685904858e-02
 Node:          5
  0.1341E+03  0.1144E+03  0.5054E+03 -0.8793E-01
  -0.1759
   2.887E-16
  -0.1759
   1.155E-16
  -1.443E-16
  -0.1759
  -2.209434363e-02
  -2.209434363e-02
  -2.209434363e-02
  0.000000000e+00
  -2.209434363e-02
  0.000000000e+00
  1.012850607e-01 -1.767977733e-01 9.789497976e-01
  7.142969636e-01 6.976512146e-01 5.211825911e-02
  -6.922684211e-01 6.940929150e-01 1.971165992e-01
 Node:          6
  0.1323E+03  0.1162E+03  0.5191E+03 -0.8793E-01
  -0.1759
   1.155E-16
  -0.1759
  -1.155E-16
  -5.773E-17
  -0.1759
  -2.209434363e-02
  -2.209434363e-02
  -2.209434363e-02
  0.000000000e+00
  -2.209434363e-02
  0.000000000e+00
  -7.103973684e-01 -6.977534413e-01 8.959921053e-02
  4.016238866e-01 -4.279279352e-01 -2.860453441e-02
  8.360449393e-02 4.213757085e-02 9.953263158e-01
 Node:          7
  0.1408E+03  0.1171E+03  0.4920E+03 -0.8793E-01
  -0.1759
   4.619E-16
  -0.1759
  -1.732E-16
  -2.309E-16
  -0.1759
  -2.209434363e-02
  -2.209434363e-02
  -2.209434363e-02
  0.000000000e+00
  -2.209434363e-02
  0.000000000e+00
  7.305661943e-01 3.942319838e-01 -1.086564777e-01
  -4.870489879e-01 8.647032389e-01 -1.159194332e-01
  5.686977733e-02 1.635135628e-01 9.848117409e-01
 Node:          8
  0.1367E+03  0.1169E+03  0.5055E+03 -0.8793E-01
  -0.1759
   4.041E-16
  -0.1759
  -8.371E-16
  -4.907E-16
  -0.1759
  -2.209434363e-02
  -2.209434363e-02
  -2.209434363e-02
  0.000000000e+00
  -2.209434363e-02
  0.000000000e+00
  -5.185248988e-01 -6.016500000e-01 2.379315789e-01
  6.130078947e-01 -5.621601215e-01 -4.449400810e-02
  2.503378340e-01 8.468400810e-02 9.537093117e-01
 Node:          9
  0.1339E+03  0.1180E+03  0.5191E+03 -0.8793E-01
  -0.1759
   3.464E-16
  -0.1759
  -8.227E-16
  -5.773E-16
  -0.1759
  -2.209434363e-02
  -2.209434363e-02
  -2.209434363e-02
  0.000000000e+00
  -2.209434363e-02
  0.000000000e+00
  2.615372470e-01 1.849325911e-01 -5.738902834e-01
  7.824121457e-01 8.192125506e-02 1.899419028e-01
  -1.558061943e-01 7.497429150e-01 1.668485830e-01
 Node:         10
  0.1294E+03  0.1212E+03  0.4911E+03 -0.8793E-01
  -0.1759
   5.773E-17
  -0.1759
  -2.887E-17
   2.598E-16
  -0.1759
  -2.209434363e-02
  -2.209434363e-02
  -2.209434363e-02
  0.000000000e+00
  -2.209434363e-02
  0.000000000e+00
  2.390236842e-02 5.174285425e-01 5.440813765e-01
  1.563020243e-01 6.769251012e-01 -7.156437247e-01
  -5.760165992e-01 9.974321660e-02 -7.150882591e-02
 Node:         11
  0.1295E+03  0.1214E+03  0.5055E+03 -0.8793E-01
  -0.1759
  -5.773E-17
  -0.1759
  -8.66E-17
   2.887E-17
  -0.1759
  -2.209434363e-02
  -2.209434363e-02
  -2.209434363e-02
  0.000000000e+00
  -2.209434363e-02
  0.000000000e+00
  -2.433617409e-01 1.049019433e-01 8.315840081e-01
  -4.589010121e-01 5.134392713e-01 -2.017568826e-01
  5.724580972e-01 4.121842105e-01 9.414352227e-02
 Node:         12
  0.1295E+03  0.1217E+03  0.5196E+03 -0.8793E-01
  -0.1759
  -1.49E-33
  -0.1759
   1.588E-16
   5.773E-17
  -0.1759
  -2.209434363e-02
  -2.209434363e-02
  -2.209434363e-02
  0.000000000e+00
  -2.209434363e-02
  0.000000000e+00
  -2.426653846e-01 -8.610618219e-02 -9.658779352e-01
  -3.026564777e-01 7.656046559e-01 1.091866618e-02
  5.848704453e-02 7.719392713e-02 -2.609757085e-02
 Node:         13
  0.1361E+03  0.1199E+03  0.4914E+03 -0.8793E-01
  -0.1759
  -2.887E-16
  -0.1759
  -2.021E-16
   5.773E-17
  -0.1759
  -2.209434363e-02
  -2.209434363e-02
  -2.209434363e-02
  0.000000000e+00
  -2.209434363e-02
  0.000000000e+00
  7.702720648e-01 -3.127165992e-01 -1.059315789e-01
  3.719192308e-01 9.277457490e-01 -3.024192308e-02
  1.287267206e-01 -1.927311660e-02 9.914748988e-01
 Node:         14
  0.1342E+03  0.1198E+03  0.5054E+03 -0.8793E-01
  -0.1759
   5.773E-17
  -0.1759
   1.155E-16
  -1.876E-16
  -0.1759
  -2.209434363e-02
  -2.209434363e-02
  -2.209434363e-02
  0.000000000e+00
  -2.209434363e-02
  0.000000000e+00
  9.369346154e-02 -2.669174089e-01 9.589807692e-01
  -2.404836032e-01 -7.787546559e-01 -1.935587045e-01
  -7.986473684e-01 2.128759109e-01 1.362382996e-01
 Node:         15
  0.1330E+03  0.1205E+03  0.5193E+03 -0.8793E-01
  -0.1759
  -1.732E-16
  -0.1759
   2.887E-17
   1.01E-16
  -0.1759
  -2.209434363e-02
  -2.209434363e-02
  -2.209434363e-02
  0.000000000e+00
  -2.209434363e-02
  0.000000000e+00
  8.327514170e-01 -9.295912955e-02 8.677429150e-03
  -1.911779352e-02 -2.474522267e-01 -8.000263158e-01
  1.093860121e-01 9.489329960e-01 -2.942291498e-01
 Node:         16
  0.1404E+03  0.1188E+03  0.4918E+03 -0.8793E-01
  -0.1759
   1.155E-16
  -0.1759
  -1.732E-16
  -3.031E-16
  -0.1759
  -2.209434363e-02
  -2.209434363e-02
  -2.209434363e-02
  0.000000000e+00
  -2.209434363e-02
  0.000000000e+00
  -1.496917004e-01 -2.425526316e-01 9.584273279e-01
  -8.039647773e-01 -5.322961538e-01 -2.598848178e-01
  5.733311741e-01 -8.093678138e-01 -1.155210526e-01
 Node:         17
  0.1365E+03  0.1184E+03  0.5055E+03 -0.8793E-01
  -0.1759
   5.773E-17
  -0.1759
   2.021E-16
   3.536E-16
  -0.1759
  -2.209434363e-02
  -2.209434363e-02
  -2.209434363e-02
  0.000000000e+00
  -2.209434363e-02
  0.000000000e+00
  2.313902834e-01 3.694880567e-01 7.042908907e-01
  7.744564777e-01 -3.023945344e-01 -8.655605263e-02
  -2.530510121e-01 -8.142629555e-01 5.007240891e-01
 Node:         18
  0.1341E+03  0.1191E+03  0.5192E+03 -0.8793E-01
  -0.1759
  -1.981E-33
  -0.1759
   5.503E-17
   2.215E-16
  -0.1759
  -2.209434363e-02
  -2.209434363e-02
  -2.209434363e-02
  0.000000000e+00
  -2.209434363e-02
  0.000000000e+00
  3.189423077e-02 1.098400405e-01 9.919921053e-01
  9.061295547e-01 -1.027299595e-01 -3.164729386e-02
  -2.809957490e-01 -6.303435223e-01 6.431398785e-02
 Node:         19
  0.1301E+03  0.1291E+03  0.4914E+03  0.0000E+00
   4.934E-16
   0.0
   4.934E-16
   3.631E-19
   1.731E-17
  -9.869E-16
  4.936000000e-16
  4.934000000e-16
  -9.871000000e-16
  1.480600010e-15
  -3.333333333e-20
  6.979615383e-16
  -2.097000000e-02 -9.997000000e-01 -1.169000000e-02
  -9.998000000e-01 2.097000000e-02 -8.123000000e-17
  2.452000000e-04 1.169000000e-02 -9.999000000e-01
 Node:         20
  0.1299E+03  0.1291E+03  0.5058E+03  0.0000E+00
   9.869E-16
   0.0
   0.0
   1.799E-17
   3.326E-17
  -2.467E-16
  9.871000000e-16
  4.400000000e-18
  -2.514000000e-16
  1.132478516e-15
  2.467000000e-16
  5.338554923e-16
  -9.999000000e-01 -4.917000000e-04 -1.459000000e-02
  2.401000000e-03 -9.914000000e-01 -1.311000000e-01
  -1.440000000e-02 -1.312000000e-01 9.913000000e-01
 Node:         21
  0.1301E+03  0.1280E+03  0.5197E+03  0.0000E+00
   4.934E-16
   0.0
   0.0
   7.196E-17
   2.549E-17
   4.934E-16
  5.660000000e-16
  4.222000000e-16
  -1.341000000e-18
  5.108528306e-16
  3.289530000e-16
  2.408183338e-16
  -7.039000000e-01 -3.195000000e-02 -7.096000000e-01
  -7.102000000e-01 4.241000000e-02 7.027000000e-01
  -7.642000000e-03 -9.986000000e-01 5.255000000e-02
 Node:         22
  0.1360E+03  0.1256E+03  0.4913E+03  0.0000E+00
  -9.869E-16
   2.399E-17
  -4.934E-16
  -2.399E-17
   1.739E-16
   4.934E-16
  5.234000000e-16
  -5.215000000e-16
  -9.888000000e-16
  1.341069376e-15
  -3.289666667e-16
  6.321861663e-16
  -1.298000000e-02 1.683000000e-01 9.857000000e-01
  5.935000000e-02 9.841000000e-01 -1.672000000e-01
  -9.982000000e-01 5.633000000e-02 -2.276000000e-02
 Node:         23
  0.1343E+03  0.1253E+03  0.5054E+03  0.0000E+00
   0.0
   3.598E-17
  -1.974E-15
   0.0
   2.271E-16
  -7.401E-16
  6.796000000e-19
  -6.997000000e-16
  -2.015000000e-15
  1.772499637e-15
  -9.046734667e-16
  8.355643418e-16
  9.998000000e-01 1.889000000e-02 5.790000000e-03
  -9.011000000e-03 1.753000000e-01 9.845000000e-01
  1.758000000e-02 -9.843000000e-01 1.754000000e-01
 Node:         24
  0.1336E+03  0.1248E+03  0.5194E+03  0.0000E+00
  -9.869E-16
   2.099E-17
   0.0
   2.399E-17
   1.499E-18
  -7.401E-16
  4.516000000e-19
  -7.379000000e-16
  -9.896000000e-16
  8.912682385e-16
  -5.756828000e-16
  4.201478769e-16
  -2.132000000e-02 -9.998000000e-01 -2.714000000e-03
  9.549000000e-02 -4.739000000e-03 9.954000000e-01
  -9.952000000e-01 2.096000000e-02 9.557000000e-02
 Node:         25
  0.1400E+03  0.1206E+03  0.4917E+03  0.0000E+00
   0.0
   4.617E-16
  -4.934E-16
  -1.439E-16
  -2.249E-16
   9.869E-16
  1.067000000e-15
  2.050000000e-16
  -7.785000000e-16
  1.599404030e-15
  1.645000000e-16
  7.539662901e-16
  -2.161000000e-01 -2.016000000e-01 9.553000000e-01
  8.390000000e-01 4.621000000e-01 2.874000000e-01
  -4.994000000e-01 8.636000000e-01 6.929000000e-02
 Node:         26
  0.1363E+03  0.1200E+03  0.5055E+03  0.0000E+00
   9.869E-16
   1.859E-16
  -2.714E-15
   4.797E-17
  -1.943E-15
  -2.467E-16
  1.006000000e-15
  8.090000000e-16
  -3.789000000e-15
  4.699597749e-15
  -6.580000000e-16
  2.215411625e-15
  9.680000000e-01 1.526000000e-01 -1.995000000e-01
  2.481000000e-01 -4.578000000e-01 8.538000000e-01
  -3.892000000e-02 8.759000000e-01 4.809000000e-01
 Node:         27
  0.1343E+03  0.1203E+03  0.5192E+03  0.0000E+00
   9.869E-16
  -3.358E-16
   9.869E-16
  -1.799E-16
   2.27E-15
   0.0
  2.890000000e-15
  9.150000000e-16
  -1.831000000e-15
  4.106639867e-15
  6.580000000e-16
  1.935888599e-15
  -1.931000000e-01 7.658000000e-01 6.135000000e-01
  9.808000000e-01 1.345000000e-01 1.409000000e-01
  2.534000000e-02 6.289000000e-01 -7.771000000e-01
 Node:         28
  0.1155E+03  0.1124E+03  0.4931E+03 -0.5254E+00
  -1.051
   1.462E-16
  -1.051
  -2.126E-16
   2.126E-16
  -1.051
  -1.320493108e-01
  -1.320493108e-01
  -1.320493108e-01
  0.000000000e+00
  -1.320493108e-01
  0.000000000e+00
  2.976036437e-02 9.428657895e-01 2.050414980e-01
  7.409631579e-02 2.240248988e-01 -8.178087045e-01
  -8.339006073e-01 4.674732794e-02 -5.577757085e-02
 Node:         29
  0.1119E+03  0.1139E+03  0.5068E+03 -0.5254E+00
  -1.051
  -7.973E-17
  -1.051
   2.126E-16
   2.658E-17
  -1.051
  -1.320493108e-01
  -1.320493108e-01
  -1.320493108e-01
  0.000000000e+00
  -1.320493108e-01
  0.000000000e+00
  -5.290595142e-02 8.640860324e-01 -4.545518219e-02
  -6.983125506e-01 6.040506073e-03 -1.574456478e-01
  -1.162621457e-01 3.811574899e-02 6.983512146e-01
 Node:         30
  0.1113E+03  0.1159E+03  0.5206E+03 -0.5254E+00
  -1.051
   4.784E-16
  -1.051
   1.457E-32
  -1.063E-16
  -1.051
  -1.320493108e-01
  -1.320493108e-01
  -1.320493108e-01
  0.000000000e+00
  -1.320493108e-01
  0.000000000e+00
  3.886155870e-01 4.528955466e-01 -5.105287449e-02
  -6.196809717e-01 5.693696356e-01 1.558299595e-02
  1.039091093e-02 -4.697165992e-03 8.323257085e-01
 Node:         31
  0.1203E+03  0.1126E+03  0.4920E+03 -0.5254E+00
  -1.051
   3.721E-16
  -1.051
   1.063E-16
   1.595E-16
  -1.051
  -1.320493108e-01
  -1.320493108e-01
  -1.320493108e-01
  0.000000000e+00
  -1.320493108e-01
  0.000000000e+00
  -5.249301619e-01 -3.754425101e-01 -4.480238866e-01
  3.664704453e-01 -3.594615385e-02 -5.793425101e-01
  3.042172065e-01 -6.631797571e-01 -3.020485830e-02
 Node:         32
  0.1188E+03  0.1134E+03  0.5062E+03 -0.5254E+00
  -1.051
  -5.315E-17
  -1.051
  -1.063E-16
   3.721E-16
  -1.051
  -1.320493108e-01
  -1.320493108e-01
  -1.320493108e-01
  0.000000000e+00
  -1.320493108e-01
  0.000000000e+00
  7.206902834e-01 -6.386032389e-04 -1.529479757e-02
  2.034712551e-02 3.756858300e-01 7.977168016e-01
  -3.879470648e-03 -8.911987854e-01 4.468763158e-01
 Node:         33
  0.1183E+03  0.1150E+03  0.5201E+03 -0.5254E+00
  -1.051
   2.126E-16
  -1.051
   3.189E-16
  -1.943E-32
  -1.051
  -1.320493108e-01
  -1.320493108e-01
  -1.320493108e-01
  0.000000000e+00
  -1.320493108e-01
  0.000000000e+00
  6.708226721e-01 1.090342915e-01 1.658194332e-01
  9.203711710e-03 5.619797571e-01 -3.882900810e-01
  -2.362068826e-01 3.405755061e-01 6.385002024e-01
 Node:         34
  0.1255E+03  0.1129E+03  0.4909E+03 -0.5254E+00
  -1.051
  -2.267E-32
  -1.051
   2.126E-16
   3.721E-16
  -1.051
  -1.320493108e-01
  -1.320493108e-01
  -1.320493108e-01
  0.000000000e+00
  -1.320493108e-01
  0.000000000e+00
  1.882720648e-01 1.584870445e-01 2.877562753e-01
  3.515344130e-01 -7.723765182e-02 2.181528699e-02
  -6.749696356e-02 -2.579244939e-01 2.275283401e-01
 Node:         35
  0.1260E+03  0.1135E+03  0.5054E+03 -0.5254E+00
  -1.051
   4.252E-16
  -1.051
   4.252E-16
   9.568E-16
  -1.051
  -1.320493108e-01
  -1.320493108e-01
  -1.320493108e-01
  0.000000000e+00
  -1.320493108e-01
  0.000000000e+00
  6.121338057e-01 3.998698381e-01 4.025006073e-01
  -4.127504049e-01 3.393159919e-01 3.594394737e-01
  1.665833543e-02 -7.182898785e-01 6.898649798e-01
 Node:         36
  0.1257E+03  0.1153E+03  0.5196E+03 -0.5254E+00
  -1.051
  -2.126E-16
  -1.051
  -2.126E-16
   3.189E-16
  -1.051
  -1.320493108e-01
  -1.320493108e-01
  -1.320493108e-01
  0.000000000e+00
  -1.320493108e-01
  0.000000000e+00
  -4.036698381e-01 6.326153846e-01 5.844135628e-01
  6.314886640e-01 1.640647773e-01 2.331533806e-01
  3.414427078e-02 -5.744135628e-01 5.059040486e-01
 Node:         37
  0.1132E+03  0.1210E+03  0.4959E+03 -0.5254E+00
  -1.051
   5.315E-16
  -1.051
  -3.189E-16
   6.91E-16
  -1.051
  -1.320493108e-01
  -1.320493108e-01
  -1.320493108e-01
  0.000000000e+00
  -1.320493108e-01
  0.000000000e+00
  -4.533560729e-01 -6.875461538e-01 -2.934448988e-01
  5.475953441e-01 -1.639119636e-01 -4.373212551e-01
  3.533489879e-01 -5.016477733e-01 6.339811336e-01
 Node:         38
  0.1111E+03  0.1204E+03  0.5085E+03 -0.5254E+00
  -1.051
   3.721E-16
  -1.051
  -1.063E-16
  -3.189E-16
  -1.051
  -1.320493108e-01
  -1.320493108e-01
  -1.320493108e-01
  0.000000000e+00
  -1.320493108e-01
  0.000000000e+00
  1.680635628e-01 8.124985830e-01 -1.152385830e-01
  8.151896761e-01 -1.734034413e-01 -2.479864372e-02
  6.371386640e-02 1.251455466e-01 9.859315789e-01
 Node:         39
  0.1119E+03  0.1201E+03  0.5207E+03 -0.5254E+00
  -1.051
  -3.721E-16
  -1.051
  -3.189E-16
  -2.923E-16
  -1.051
  -1.320493108e-01
  -1.320493108e-01
  -1.320493108e-01
  0.000000000e+00
  -1.320493108e-01
  0.000000000e+00
  7.784204453e-01 -5.394773279e-02 -3.006692308e-01
  3.436540486e-01 -2.167058704e-01 9.095599190e-01
  -1.127499595e-01 -8.117406883e-01 -1.541451417e-01
 Node:         40
  0.1191E+03  0.1220E+03  0.4937E+03 -0.5254E+00
  -1.051
   3.189E-16
  -1.051
   3.189E-16
  -5.315E-17
  -1.051
  -1.320493108e-01
  -1.320493108e-01
  -1.320493108e-01
  0.000000000e+00
  -1.320493108e-01
  0.000000000e+00
  7.267044534e-02 1.519473684e-03 7.592712551e-03
  7.182125733e-03 3.325607287e-02 -6.598137652e-02
  -3.607672065e-02 1.790331984e-01 1.451491903e-01
 Node:         41
  0.1182E+03  0.1217E+03  0.5073E+03 -0.5254E+00
  -1.051
  -1.063E-16
  -1.051
   2.126E-16
   3.721E-16
  -1.051
  -1.320493108e-01
  -1.320493108e-01
  -1.320493108e-01
  0.000000000e+00
  -1.320493108e-01
  0.000000000e+00
  -1.095815789e-01 -1.264699393e-01 -8.124682186e-01
  -5.600008097e-01 1.805111336e-01 7.222004049e-02
  1.971295547e-01 9.507777328e-01 -1.858644737e-01
 Node:         42
  0.1187E+03  0.1212E+03  0.5204E+03 -0.5254E+00
  -1.051
  -2.126E-16
  -1.051
   1.295E-32
   2.126E-16
  -1.051
  -1.320493108e-01
  -1.320493108e-01
  -1.320493108e-01
  0.000000000e+00
  -1.320493108e-01
  0.000000000e+00
  -1.627643725e-02 4.340615385e-02 7.518589069e-01
  -5.752161943e-01 1.268111336e-01 -2.554957490e-02
  -1.286751012e-01 -8.160002024e-01 1.080850202e-01
 Node:         43
  0.1258E+03  0.1217E+03  0.4915E+03 -0.5254E+00
  -1.051
   4.252E-16
  -1.051
  -5.315E-17
   6.476E-33
  -1.051
  -1.320493108e-01
  -1.320493108e-01
  -1.320493108e-01
  0.000000000e+00
  -1.320493108e-01
  0.000000000e+00
  7.772896761e-01 1.638121457e-01 -3.586002024e-02
  -3.545912955e-01 7.297028340e-01 -2.393722672e-02
  1.772251012e-02 -4.595868826e-02 9.927716599e-01
 Node:         44
  0.1259E+03  0.1220E+03  0.5059E+03 -0.5254E+00
  -1.051
   5.315E-16
  -1.051
   3.721E-16
   4.252E-16
  -1.051
  -1.320493108e-01
  -1.320493108e-01
  -1.320493108e-01
  0.000000000e+00
  -1.320493108e-01
  0.000000000e+00
  -2.378002024e-01 -2.134291498e-01 -5.017109312e-01
  -5.564161943e-01 -5.211236842e-01 5.011113360e-01
  5.249696356e-01 -5.338603239e-01 1.461170040e-02
 Node:         45
  0.1261E+03  0.1221E+03  0.5198E+03 -0.5254E+00
  -1.051
  -3.189E-16
  -1.051
   1.063E-16
  -2.658E-17
  -1.051
  -1.320493108e-01
  -1.320493108e-01
  -1.320493108e-01
  0.000000000e+00
  -1.320493108e-01
  0.000000000e+00
  7.156763158e-02 -2.735174089e-02 9.962064777e-01
  -8.264182186e-01 1.218344130e-01 6.426690283e-02
  -1.239566802e-01 -8.279817814e-01 -1.589440283e-02
 Node:         46
  0.1117E+03  0.1296E+03  0.4959E+03  0.0000E+00
  -2.467E-16
   4.797E-17
  -7.401E-16
   1.199E-17
  -4.497E-17
   0.0
  3.057000000e-18
  -2.423000000e-16
  -7.476000000e-16
  6.629532710e-16
  -3.289476667e-16
  3.125191690e-16
  3.676000000e-02 -5.800000000e-02 9.976000000e-01
  9.946000000e-01 9.864000000e-02 -3.092000000e-02
  -9.662000000e-02 9.934000000e-01 6.131000000e-02
 Node:         47
  0.1107E+03  0.1269E+03  0.5087E+03  0.0000E+00
  -7.401E-16
  -5.397E-17
   4.934E-16
  -4.797E-17
   6.896E-17
   0.0
  5.058000000e-16
  -7.273000000e-18
  -7.452000000e-16
  1.089215580e-15
  -8.222433333e-17
  5.134611487e-16
  -4.821000000e-02 9.891000000e-01 1.394000000e-01
  -5.424000000e-02 -1.420000000e-01 9.884000000e-01
  -9.974000000e-01 -4.009000000e-02 -6.049000000e-02
 Node:         48
  0.1125E+03  0.1242E+03  0.5208E+03  0.0000E+00
   4.934E-16
   5.997E-18
   4.934E-16
   0.0
  -2.998E-18
   4.934E-16
  5.001000000e-16
  4.934000000e-16
  4.867000000e-16
  1.160474041e-17
  4.934000000e-16
  5.470527092e-18
  -6.325000000e-01 -7.071000000e-01 3.162000000e-01
  4.472000000e-01 -2.276000000e-15 8.944000000e-01
  6.325000000e-01 -7.071000000e-01 -3.162000000e-01
 Node:         49
  0.1186E+03  0.1311E+03  0.4938E+03  0.0000E+00
  -7.401E-16
  -3.598E-17
   0.0
  -7.196E-17
  -1.049E-17
  -2.467E-16
  1.947000000e-18
  -2.366000000e-16
  -7.523000000e-16
  6.677348644e-16
  -3.289843333e-16
  3.147732338e-16
  4.561000000e-02 -9.985000000e-01 2.894000000e-02
  -1.430000000e-01 2.215000000e-02 9.895000000e-01
  -9.887000000e-01 -4.926000000e-02 -1.418000000e-01
 Node:         50
  0.1180E+03  0.1298E+03  0.5075E+03  0.0000E+00
   0.0
  -2.249E-17
   1.48E-15
  -7.196E-17
   2.155E-17
   9.869E-16
  1.482000000e-15
  9.910000000e-16
  -5.513000000e-18
  1.312785985e-15
  8.224956667e-16
  6.188532481e-16
  1.739000000e-02 -9.988000000e-01 -4.603000000e-02
  -7.128000000e-02 -4.716000000e-02 9.963000000e-01
  9.973000000e-01 1.405000000e-02 7.201000000e-02
 Node:         51
  0.1192E+03  0.1275E+03  0.5206E+03  0.0000E+00
   0.0
  -5.997E-18
  -2.467E-16
   0.0
   2.549E-17
   4.934E-16
  4.943000000e-16
  1.449000000e-19
  -2.477000000e-16
  6.542860068e-16
  8.224830000e-17
  3.084333815e-16
  -4.170000000e-04 3.438000000e-02 9.994000000e-01
  9.997000000e-01 -2.416000000e-02 1.248000000e-03
  2.418000000e-02 9.991000000e-01 -3.436000000e-02
 Node:         52
  0.1262E+03  0.1305E+03  0.4920E+03  0.0000E+00
   4.934E-16
  -2.399E-17
   4.934E-16
   2.249E-18
   8.48E-18
   0.0
  5.175000000e-16
  4.696000000e-16
  -1.600000000e-19
  4.954496661e-16
  3.289800000e-16
  2.335572124e-16
  -7.061000000e-01 7.080000000e-01 8.534000000e-03
  7.081000000e-01 7.060000000e-01 1.614000000e-02
  -5.403000000e-03 -1.744000000e-02 9.998000000e-01
 Node:         53
  0.1258E+03  0.1304E+03  0.5063E+03  0.0000E+00
  -7.401E-16
  -2.998E-18
  -4.934E-16
   4.797E-17
   5.847E-17
  -9.869E-16
  -4.866000000e-16
  -7.314000000e-16
  -1.002000000e-15
  4.465358664e-16
  -7.400000000e-16
  2.104990261e-16
  1.040000000e-02 9.931000000e-01 1.171000000e-01
  -9.836000000e-01 3.123000000e-02 -1.776000000e-01
  -1.800000000e-01 -1.133000000e-01 9.771000000e-01
 Node:         54
  0.1265E+03  0.1288E+03  0.5200E+03  0.0000E+00
  -9.869E-16
   3.598E-17
   4.934E-16
   0.0
  -7.496E-18
   4.934E-16
  5.014000000e-16
  4.864000000e-16
  -9.877000000e-16
  1.481656947e-15
  3.333333333e-20
  6.984597833e-16
  1.758000000e-02 7.272000000e-01 -6.862000000e-01
  1.675000000e-02 6.860000000e-01 7.274000000e-01
  -9.997000000e-01 2.428000000e-02 1.229000000e-04
 Node:         55
  0.1382E+03  0.1167E+03  0.4534E+03  0.1745E-02
   0.01966
  -0.01085
   0.008619
   8.811E-4
   0.01739
   0.005205
  3.873663968e-02
  2.234552227e-02
  -1.823022672e-02
  5.120652137e-02
  1.428397841e-02
  2.413898567e-02
  -3.981074899e-01 4.804467611e-01 3.295536437e-01
  6.326860324e-01 1.930212955e-01 4.018109312e-01
  -1.170344130e-02 -9.226943320e-02 1.040718623e-01
 Node:         56
  0.1314E+03  0.1156E+03  0.4687E+03  0.1745E-02
   0.0197
  -0.001269
   0.006342
   0.009916
   0.002812
   0.003104
  4.061329960e-02
  5.338133603e-03
  -1.247356437e-02
  4.702714888e-02
  1.115928961e-02
  2.216881058e-02
  -8.343477733e-01 9.204759109e-02 -2.294751619e-01
  1.387974899e-01 -4.436165992e-01 3.925502227e-01
  -2.853700405e-01 3.122220648e-02 5.627203644e-01
 Node:         57
  0.1285E+03  0.1140E+03  0.4823E+03  0.1745E-02
   0.0239
   0.003926
   0.003473
   0.003304
  -0.002206
   0.003286
  3.865179150e-02
  4.588168016e-03
  -6.694665992e-03
  4.096044064e-02
  1.218176451e-02
  1.930893689e-02
  -9.429491903e-01 -5.130670040e-02 -4.459329798e-02
  9.736263684e-02 -3.719560729e-01 6.988560729e-01
  -1.816076113e-01 4.002506073e-01 6.281665547e-01
 Node:         58
  0.1482E+03  0.1175E+03  0.4538E+03  0.1745E-02
   0.01942
  -0.02452
   0.01259
  -0.00406
   0.01349
   0.001694
  6.824834008e-02
  3.155733198e-03
  -2.031533765e-02
  7.950667665e-02
  1.702957854e-02
  3.747980681e-02
  -6.833712551e-01 6.744821862e-01 2.784560729e-01
  2.470809717e-01 1.496714575e-01 2.157850202e-01
  -4.495512146e-01 -6.856819838e-01 5.509135628e-01
 Node:         59
  0.1418E+03  0.1165E+03  0.4696E+03  0.1745E-02
   0.02043
  -0.02159
   0.01014
   1.519E-4
   0.00896
   0.001861
  5.702801619e-02
  2.953414980e-03
  -1.847578340e-02
  6.775425922e-02
  1.383521592e-02
  3.193966410e-02
  -7.548398785e-01 5.866463563e-01 7.855058300e-02
  3.041404858e-01 4.212113360e-01 4.399793522e-01
  1.419967611e-01 4.511129555e-02 -1.472297571e-01
 Node:         60
  0.1375E+03  0.1150E+03  0.4832E+03  0.1745E-02
   0.02436
  -0.004449
   0.004577
   0.001372
   6.443E-4
   0.003271
  3.962773279e-02
  1.879506883e-03
  -3.484607287e-03
  4.075012431e-02
  1.267421080e-02
  1.920979282e-02
  -9.085273279e-01 2.142211134e-01 -6.373360324e-03
  1.514182186e-01 6.078838057e-01 -5.537969636e-02
  -1.145556680e-01 4.970804858e-02 7.526759109e-01
 Node:         61
  0.1552E+03  0.1216E+03  0.4541E+03  0.1745E-02
   0.02345
  -0.02234
   0.00733
  -0.01472
   0.01844
  -0.003708
  9.989214575e-02
  -9.543444130e-03
  -3.810100615e-02
  1.262616088e-01
  1.741589849e-02
  5.952029320e-02
  -7.043398785e-01 5.813514170e-01 2.342312955e-01
  6.388521862e-01 4.289291498e-01 3.094702429e-01
  5.379331984e-02 3.378192308e-01 -4.465447368e-02
 Node:         62
  0.1491E+03  0.1200E+03  0.4702E+03  0.1745E-02
   0.02625
  -0.03789
   0.008552
  -0.008932
   0.01385
  -0.001734
  9.982024291e-02
  -7.548061943e-03
  -3.748372672e-02
  1.250859901e-01
  1.826281808e-02
  5.896610120e-02
  -7.647155870e-01 5.920354251e-01 2.303133603e-01
  -1.316733806e-01 -2.715301316e-01 -1.077137652e-01
  -3.933400810e-03 -1.088465587e-01 2.863086538e-01
 Node:         63
  0.1436E+03  0.1181E+03  0.4839E+03  0.1745E-02
   0.0261
  -0.01208
   0.005131
  -2.599E-4
   0.00153
   0.0027
  4.845576923e-02
  4.476927126e-04
  -6.385366194e-03
  5.185580386e-02
  1.417269858e-02
  2.444506037e-02
  -8.721091093e-01 3.878390688e-01 5.322470040e-02
  2.916121457e-01 4.055845445e-01 -1.303607287e-01
  -1.092414980e-01 7.262226721e-02 4.544414980e-01
 Node:         64
  0.1413E+03  0.1253E+03  0.4529E+03  0.1745E-02
   0.02036
   0.004506
   0.009086
  -0.009089
   0.00671
   0.001839
  3.946020243e-02
  1.550922672e-02
  -1.592121923e-02
  4.842286302e-02
  1.301606997e-02
  2.282675654e-02
  1.671991903e-01 3.286285425e-01 -4.628824595e-02
  -4.137931579e-02 5.184193522e-01 6.015712146e-01
  3.043876518e-01 -8.394493927e-02 3.133073259e-01
 Node:         65
  0.1340E+03  0.1229E+03  0.4685E+03  0.1745E-02
   0.02209
  -0.003386
   0.008134
  -0.004127
   0.003104
   0.002362
  3.618331984e-02
  7.441512146e-03
  -5.496163968e-03
  3.708673240e-02
  1.270955601e-02
  1.748285332e-02
  -8.884072874e-01 6.771305668e-02 1.218147773e-01
  1.631913036e-01 -1.218625506e-01 1.540024656e-01
  9.878904858e-02 4.226410931e-01 -3.071261134e-01
 Node:         66
  0.1299E+03  0.1214E+03  0.4825E+03  0.1745E-02
   0.02495
  -0.001899
   0.004321
   8.518E-4
  -5.589E-4
   0.00332
  3.830338866e-02
  2.731481377e-03
  -1.635089069e-03
  3.796673447e-02
  1.313326032e-02
  1.789769027e-02
  -9.509886640e-01 1.408463320e-01 9.623846154e-03
  8.388977733e-02 -1.395937045e-01 4.734016194e-01
  3.678457085e-02 4.497757085e-01 6.133176518e-01
 Node:         67
  0.1499E+03  0.1242E+03  0.4534E+03  0.1745E-02
   0.0206
  -0.01464
   0.008406
  -0.007859
   0.0048
   0.001755
  4.726271255e-02
  -2.468390688e-03
  -5.126268016e-03
  5.113510453e-02
  1.322268462e-02
  2.410531944e-02
  -7.814000000e-01 5.460686235e-01 2.713918016e-01
  -5.463623482e-02 -1.557356680e-01 3.426032389e-02
  -1.192556680e-01 -3.765989879e-01 5.084867206e-01
 Node:         68
  0.1432E+03  0.1223E+03  0.4693E+03  0.1745E-02
   0.02314
  -0.02738
   0.008573
  -0.00948
   0.007549
   0.002491
  6.836105263e-02
  -1.484012348e-03
  -2.081009919e-02
  8.126880405e-02
  1.535564703e-02
  3.831048163e-02
  -7.756101215e-01 5.782495951e-01 2.358979757e-01
  1.971995219e-01 -9.888955263e-02 9.268145749e-01
  5.826631579e-01 7.567552632e-01 -4.591350000e-02
 Node:         69
  0.1380E+03  0.1205E+03  0.4831E+03  0.1745E-02
   0.02538
  -0.008671
   0.00488
  -0.001913
   0.002398
   0.003439
  4.263844130e-02
  1.108207287e-03
  -2.557644453e-03
  4.349020892e-02
  1.372966804e-02
  2.050148110e-02
  -9.065034413e-01 3.300712551e-01 1.085125304e-01
  1.863814980e-01 3.789107692e-01 7.671730769e-01
  -5.911599190e-02 -4.587580972e-01 5.422215182e-01
 Node:         70
  0.1555E+03  0.1237E+03  0.4540E+03  0.1745E-02
   0.02191
  -0.01817
   0.003849
  -0.01859
   0.01308
   0.004676
  7.360184211e-02
  -1.073090263e-02
  -1.748057794e-02
  8.791806568e-02
  1.513012051e-02
  4.144497362e-02
  -7.319815789e-01 4.757469636e-01 4.747289474e-01
  5.457649798e-01 5.122184211e-01 2.958115385e-01
  -1.726030364e-02 -5.272190688e-01 3.935309717e-01
 Node:         71
  0.1493E+03  0.1219E+03  0.4701E+03  0.1745E-02
   0.02528
  -0.03616
   0.006519
  -0.02622
   0.01916
   0.003992
  1.118826923e-01
  -1.570241389e-02
  -3.648328543e-02
  1.392664525e-01
  1.989899767e-02
  6.565083532e-02
  -7.314022267e-01 5.287611336e-01 4.251574899e-01
  -2.095397287e-01 -2.688106478e-01 -1.084433198e-01
  -1.534251012e-02 -3.056101215e-01 3.498907895e-01
 Node:         72
  0.1435E+03  0.1199E+03  0.4838E+03  0.1745E-02
   0.02611
  -0.01322
   0.004703
  -0.006397
   0.004877
   0.003673
  5.040678138e-02
  2.349008097e-04
  -7.258385628e-03
  5.432735483e-02
  1.446109885e-02
  2.561016067e-02
  -8.661178138e-01 4.013570850e-01 2.271902834e-01
  1.871483806e-01 5.560528340e-02 8.285587045e-01
  -2.460850202e-02 -4.738410931e-01 4.789014170e-01
 Node:         73
  0.1444E+03  0.1339E+03  0.4526E+03  0.0000E+00
   0.02401
  -0.006351
  -0.00428
   0.001868
  -0.002163
   0.003342
  4.606228138e-02
  5.917613158e-03
  -9.403848178e-03
  4.962989059e-02
  1.419201545e-02
  2.339575479e-02
  -9.457789474e-01 2.058002024e-01 -2.611987449e-02
  2.376963441e-01 2.657842510e-01 -1.742585020e-01
  1.514834818e-01 4.763829960e-01 3.304763968e-01
 Node:         74
  0.1367E+03  0.1304E+03  0.4684E+03  0.0000E+00
   0.02688
  -0.003597
  -0.002035
   0.001852
  -0.004281
   0.002359
  5.362715992e-02
  7.618563057e-03
  -1.261632186e-02
  5.888715927e-02
  1.620980037e-02
  2.775967310e-02
  -9.174242915e-01 5.216390688e-02 -1.426058502e-01
  -1.060555466e-01 1.900587045e-02 2.948180162e-01
  -6.388056680e-04 8.466706478e-01 3.065155263e-01
 Node:         75
  0.1313E+03  0.1288E+03  0.4826E+03  0.0000E+00
   0.02352
  -0.001533
  -2.446E-4
  -0.001843
  -9.848E-4
   1.625E-4
  4.225745547e-02
  1.586756463e-03
  -3.306245547e-03
  4.335264941e-02
  1.351265546e-02
  2.043663492e-02
  -9.615603239e-01 -1.687433198e-02 2.736407085e-02
  -4.432069838e-02 -3.996844332e-01 7.547157895e-01
  -2.094230769e-03 8.124095142e-01 4.340185223e-01
 Node:         76
  0.1516E+03  0.1309E+03  0.4532E+03  0.0000E+00
   0.02392
  -0.009434
  -0.005777
  -0.002096
   0.009545
   0.005006
  4.911640486e-02
  1.496191437e-02
  -1.822423684e-02
  5.858489858e-02
  1.528469413e-02
  2.761718604e-02
  -4.618789474e-01 1.362869028e-01 1.723168016e-01
  2.959832085e-01 2.748802024e-01 7.938823887e-01
  -3.974908907e-02 -2.960757085e-01 1.465993117e-01
 Node:         77
  0.1446E+03  0.1281E+03  0.4691E+03  0.0000E+00
   0.029
   0.001825
  -0.002773
  -0.001466
   0.007487
   0.00233
  5.551147773e-02
  9.457701660e-03
  -1.255792713e-02
  6.018810286e-02
  1.747041742e-02
  2.837294378e-02
  -9.416619433e-01 -6.066514170e-02 2.648327126e-02
  9.714775304e-02 3.553191296e-01 6.893692308e-01
  -1.588761579e-01 -1.572192308e-01 2.309454453e-01
 Node:         78
  0.1384E+03  0.1261E+03  0.4830E+03  0.0000E+00
   0.02462
   0.002599
  -1.779E-4
  -0.001592
  -2.6E-5
   9.16E-5
  4.428143117e-02
  1.965031579e-04
  -1.658559109e-03
  4.509658453e-02
  1.427312507e-02
  2.125873382e-02
  -9.592797571e-01 -1.370945000e-01 1.840292308e-02
  -2.171000000e-02 -1.821189069e-01 5.526342105e-01
  -1.045488664e-01 8.142263158e-01 3.264325344e-01
 Node:         79
  0.1557E+03  0.1258E+03  0.4539E+03  0.0000E+00
   0.02372
   0.01707
   7.501E-4
   0.002797
   0.001017
  -0.01173
  9.584192105e-02
  -1.241247773e-02
  -2.718234211e-02
  1.164042240e-01
  1.874903374e-02
  5.487347745e-02
  -7.078761134e-01 -3.884143623e-01 -4.155462146e-02
  1.916565992e-01 -4.003618421e-01 4.044512146e-01
  -2.412125506e-02 2.805253036e-01 5.810212551e-02
 Node:         80
  0.1495E+03  0.1238E+03  0.4701E+03  0.0000E+00
   0.02993
   0.01818
   1.288E-4
   0.003705
  -6.263E-4
  -0.009482
  8.775501215e-02
  -9.246524291e-03
  -1.885967814e-02
  1.021607475e-01
  1.988293657e-02
  4.815903824e-02
  -8.957732794e-01 -3.859868421e-01 -1.183822259e-01
  -8.202993927e-02 -6.992072874e-02 4.412246964e-01
  -1.054919433e-01 6.575182186e-02 3.178273684e-01
 Node:         81
  0.1433E+03  0.1217E+03  0.4837E+03  0.0000E+00
   0.02503
   0.005292
  -1.483E-5
   0.001105
   3.724E-4
  -0.001161
  4.697860121e-02
  -9.500591093e-04
  -3.610789474e-03
  4.933279205e-02
  1.413925088e-02
  2.325570119e-02
  -9.434293522e-01 -1.911062753e-01 -8.470840081e-02
  -7.147174462e-02 4.372295547e-01 5.560224696e-02
  -1.252091105e-01 2.409521660e-01 8.415621457e-01
 Node:         82
  0.1267E+03  0.1148E+03  0.4564E+03 -0.5913E-02
   0.008248
  -0.006131
  -0.01027
   0.002153
   0.009804
  -0.01174
  9.072429150e-03
  -8.049595142e-03
  -4.428128482e-02
  4.772505382e-02
  -1.441948360e-02
  2.249780613e-02
  2.397639676e-01 2.074070304e-01 1.853919433e-01
  1.832411336e-01 -2.136436437e-01 1.420165992e-01
  1.017825911e-01 2.231580972e-01 -7.775475709e-02
 Node:         83
  0.1234E+03  0.1129E+03  0.4720E+03 -0.5913E-02
   0.007096
  -8.554E-4
  -0.01118
   0.01661
   0.004567
  -0.01361
  2.598398785e-02
  -2.653962348e-02
  -4.869020000e-02
  6.646125961e-02
  -1.641527854e-02
  3.133013824e-02
  2.652453441e-01 2.095089109e-01 3.763155870e-01
  -1.004268421e-01 5.200143725e-01 2.681947368e-01
  -1.005291498e-01 1.167153846e-01 4.603898785e-01
 Node:         84
  0.1187E+03  0.1123E+03  0.4849E+03 -0.5913E-02
   0.009383
   3.668E-4
  -0.01179
   0.006346
  -2.7E-4
  -0.01343
  1.311805263e-02
  -2.728390283e-02
  -3.244069636e-02
  4.322150600e-02
  -1.553551552e-02
  2.037481332e-02
  3.014967611e-01 3.924325506e-02 2.149159514e-01
  2.628438664e-02 6.311247976e-01 4.449380567e-02
  -1.028710729e-01 1.191769028e-01 6.180864372e-01
 Node:         85
  0.1302E+03  0.1161E+03  0.4552E+03 -0.5913E-02
   0.007766
  -0.005964
  -0.009825
   0.003246
   0.01478
  -0.01112
  1.246773158e-02
  -1.519136640e-03
  -5.103562348e-02
  5.857398214e-02
  -1.336234285e-02
  2.761203998e-02
  2.720479757e-01 3.756836032e-01 3.323168016e-01
  -3.091220688e-01 4.091632591e-01 5.934556680e-01
  2.377327935e-02 -2.417170040e-01 4.629026316e-01
 Node:         86
  0.1252E+03  0.1138E+03  0.4703E+03 -0.5913E-02
   0.00713
   0.00746
  -0.006939
   0.03106
   0.01704
  -0.01287
  7.552827733e-02
  -2.831111741e-02
  -6.959803320e-02
  1.300846611e-01
  -7.460291093e-03
  6.132249733e-02
  3.414406883e-01 3.449340081e-01 4.981123482e-01
  -2.203594130e-01 3.652216599e-01 2.419097186e-02
  -1.797520243e-01 1.135748988e-03 5.711204453e-01
 Node:         87
  0.1217E+03  0.1126E+03  0.4834E+03 -0.5913E-02
   0.009055
   1.505E-4
  -0.01168
   0.007949
  -0.001282
  -0.01326
  1.438086842e-02
  -2.660863563e-02
  -3.469817004e-02
  4.559536727e-02
  -1.564197908e-02
  2.149386226e-02
  2.961417004e-01 1.866515992e-02 2.732306883e-01
  4.734797571e-02 5.523305668e-01 -2.344306397e-01
  -9.846500000e-02 1.037064474e-01 6.514202429e-01
 Node:         88
  0.1338E+03  0.1169E+03  0.4536E+03 -0.5913E-02
   0.005308
  -0.01005
  -0.009999
   0.002958
   0.02108
  -0.008997
  1.810631174e-02
  1.133369231e-04
  -5.813680567e-02
  6.969669147e-02
  -1.330571900e-02
  3.285533544e-02
  -2.634559717e-01 5.441178138e-01 4.465574899e-01
  5.559714575e-02 6.428523279e-02 1.393585830e-01
  -4.255688259e-02 -1.881787449e-01 2.068633198e-01
 Node:         89
  0.1270E+03  0.1150E+03  0.4687E+03 -0.5913E-02
   0.004774
   0.001269
  -0.01075
   0.01343
   0.005815
  -0.01229
  2.065886640e-02
  -2.889789271e-02
  -4.563005425e-02
  5.980831753e-02
  -1.795636019e-02
  2.819391127e-02
  2.482358300e-01 2.958952227e-01 3.961239069e-01
  -1.749914332e-01 6.140799595e-01 2.688450405e-01
  -1.698010121e-01 7.840121457e-02 5.955742915e-01
 Node:         90
  0.1248E+03  0.1132E+03  0.4822E+03 -0.5913E-02
   0.008565
   0.004464
  -0.0121
   0.004123
  -0.002262
  -0.01217
  1.128036235e-02
  -2.404100769e-02
  -3.482175911e-02
  4.182194007e-02
  -1.586080148e-02
  1.971505162e-02
  3.094599190e-01 1.994546336e-01 1.634519636e-01
  4.774486113e-02 3.749587045e-01 -2.042350202e-01
  -1.727635020e-01 4.909959514e-01 6.297647773e-01
 Node:         91
  0.1259E+03  0.1262E+03  0.4550E+03 -0.5913E-02
   0.005679
   0.007463
  -0.006534
  -0.004505
   0.01599
  -0.0121
  2.581327935e-02
  -8.400093320e-03
  -5.334559445e-02
  6.940745110e-02
  -1.197746947e-02
  3.271898623e-02
  -7.133491903e-01 -1.810016194e-01 -6.691255061e-02
  5.167408239e-01 -2.518865182e-01 -2.117461194e-01
  3.360838664e-01 -4.144348178e-01 6.083485830e-01
 Node:         92
  0.1209E+03  0.1234E+03  0.4726E+03 -0.5913E-02
   0.006584
  -0.001064
  -0.009307
   6.228E-4
   0.01141
  -0.01072
  1.214329960e-02
  -1.152437368e-02
  -4.300540040e-02
  4.852678162e-02
  -1.412882483e-02
  2.287574423e-02
  3.018939271e-01 3.984811741e-01 3.671013360e-01
  -2.572060081e-01 3.519475709e-01 6.151342105e-01
  9.588196356e-02 -3.726303644e-01 6.045536437e-01
 Node:         93
  0.1159E+03  0.1217E+03  0.4877E+03 -0.5913E-02
   0.009439
  -0.001121
  -0.01166
   0.001769
   0.002509
  -0.01193
  1.104429069e-02
  -2.233971700e-02
  -3.250151417e-02
  3.951241273e-02
  -1.459898016e-02
  1.862632999e-02
  3.171155870e-01 -3.536928340e-02 2.218627733e-01
  -7.000242915e-03 -3.275020243e-01 -3.948255061e-01
  1.783414348e-02 3.520350202e-01 -5.393354251e-01
 Node:         94
  0.1313E+03  0.1264E+03  0.4541E+03 -0.5913E-02
   0.004772
   0.006842
  -0.005902
  -0.01032
   0.01405
  -0.01079
  2.058910121e-02
  1.626690283e-04
  -5.380913239e-02
  6.751819386e-02
  -1.101912072e-02
  3.182838182e-02
  1.414034413e-01 4.305641700e-01 1.090576518e-01
  -9.677380567e-02 2.990947368e-01 5.471709717e-01
  3.788293522e-01 -2.319985830e-01 4.900342105e-01
 Node:         95
  0.1250E+03  0.1235E+03  0.4707E+03 -0.5913E-02
   0.005545
  -0.002431
  -0.008546
  -0.001655
   0.007722
  -0.009829
  6.470404858e-03
  -1.297852470e-02
  -3.616868563e-02
  3.753938399e-02
  -1.422560182e-02
  1.769623532e-02
  3.441585020e-01 3.056716194e-01 3.018106073e-01
