 Group name: predicted_stress_L1A4
 #Fields=  16
 1) coordinates, coordinate, rectangular cartesian, #Components=3
   x.  Value index= 1, #Derivatives=0
   y.  Value index= 2, #Derivatives=0
   z.  Value index= 3, #Derivatives=0
 2) Tensor_1, field, rectangular cartesian, #Components=1
   Tensor_1.  Value index= 4, #Derivatives=0
 3) Tensor_2, field, rectangular cartesian, #Components=1
   Tensor_2.  Value index= 5, #Derivatives=0
 4) Tensor_3, field, rectangular cartesian, #Components=1
   Tensor_3.  Value index= 6, #Derivatives=0
 5) Tensor_4, field, rectangular cartesian, #Components=1
   Tensor_4.  Value index= 7, #Derivatives=0
 6) Tensor_5, field, rectangular cartesian, #Components=1
   Tensor_5.  Value index= 8, #Derivatives=0
 7) Tensor_6, field, rectangular cartesian, #Components=1
   Tensor_6.  Value index= 9, #Derivatives=0
 8) Principal_1, field, rectangular cartesian, #Components=1
   Principal_1.  Value index= 10, #Derivatives=0
 9) Principal_2, field, rectangular cartesian, #Components=1
   Principal_2.  Value index= 11, #Derivatives=0
 10) Principal_3, field, rectangular cartesian, #Components=1
   Principal_3.  Value index= 12, #Derivatives=0
 11) VonMises, field, rectangular cartesian, #Components=1
   VonMises.  Value index= 13, #Derivatives=0
 12) Hydrostatic, field, rectangular cartesian, #Components=1
   VonMises.  Value index= 14, #Derivatives=0
 13) Octahedral, field, rectangular cartesian, #Components=1
   VonMises.  Value index= 15, #Derivatives=0
 14) PrincipalVector1, field, rectangular cartesian, #Components=3
   x.  Value index= 16, #Derivatives=0
   y.  Value index= 17, #Derivatives=0
   z.  Value index= 18, #Derivatives=0
 15) PrincipalVector2, field, rectangular cartesian, #Components=3
   x.  Value index= 19, #Derivatives=0
   y.  Value index= 20, #Derivatives=0
   z.  Value index= 21, #Derivatives=0
 16) PrincipalVector3, field, rectangular cartesian, #Components=3
   x.  Value index= 22, #Derivatives=0
   y.  Value index= 23, #Derivatives=0
   z.  Value index= 24, #Derivatives=0
 Node:          1
  0.1287E+03  0.1133E+03  0.4908E+03 -0.1079E-04
  -2.157E-5
  -1.439E-16
  -2.157E-5
  -4.797E-17
  -7.196E-17
  -2.157E-5
  -5.576243142e-02
  -5.576243142e-02
  -5.576243142e-02
  0.000000000e+00
  -5.576243142e-02
  0.000000000e+00
  7.373791328e-01 -1.875143631e-01 -2.685327913e-02
  2.348626016e-01 9.427189702e-01 -2.178037940e-01
  8.395208672e-02 2.034449864e-01 9.711997290e-01
 Node:          2
  0.1292E+03  0.1137E+03  0.5052E+03 -0.1079E-04
  -2.157E-5
  -1.919E-16
  -2.157E-5
  -9.595E-17
   3.358E-16
  -2.157E-5
  -5.576243142e-02
  -5.576243142e-02
  -5.576243142e-02
  0.000000000e+00
  -5.576243142e-02
  0.000000000e+00
  1.064509485e-01 -6.805691057e-02 -2.776395664e-02
  1.795048780e-01 2.913585366e-01 1.333536585e-01
  -6.559406504e-04 -4.642875339e-01 8.854414634e-01
 Node:          3
  0.1289E+03  0.1155E+03  0.5194E+03 -0.1079E-04
  -2.157E-5
   2.399E-16
  -2.157E-5
   1.919E-16
   9.595E-17
  -2.157E-5
  -5.576243142e-02
  -5.576243142e-02
  -5.576243142e-02
  0.000000000e+00
  -5.576243142e-02
  0.000000000e+00
  -3.937872629e-01 -8.734170732e-01 -2.830390244e-01
  4.796192412e-01 -4.592926829e-01 7.470474255e-01
  7.830373984e-01 -1.591883469e-01 -5.995479675e-01
 Node:          4
  0.1361E+03  0.1141E+03  0.4915E+03 -0.1079E-04
  -2.157E-5
  -4.797E-17
  -2.157E-5
  -4.797E-17
  -1.439E-16
  -2.157E-5
  -5.576243142e-02
  -5.576243142e-02
  -5.576243142e-02
  0.000000000e+00
  -5.576243142e-02
  0.000000000e+00
  -3.471617886e-02 -8.314609756e-02 9.957008130e-01
  -7.585037940e-01 6.000395664e-02 -1.920140921e-02
  -5.806861789e-02 -7.562010840e-01 -6.262379404e-02
 Node:          5
  0.1341E+03  0.1144E+03  0.5054E+03 -0.1079E-04
  -2.157E-5
   2.399E-16
  -2.157E-5
   9.595E-17
  -1.199E-16
  -2.157E-5
  -5.576243142e-02
  -5.576243142e-02
  -5.576243142e-02
  0.000000000e+00
  -5.576243142e-02
  0.000000000e+00
  1.078327913e-01 -1.728384824e-01 9.788731707e-01
  7.079189702e-01 7.042685637e-01 4.643989160e-02
  -6.975710027e-01 6.881718157e-01 1.986682927e-01
 Node:          6
  0.1323E+03  0.1162E+03  0.5191E+03 -0.1079E-04
  -2.157E-5
   9.595E-17
  -2.157E-5
  -9.595E-17
  -4.797E-17
  -2.157E-5
  -5.576243142e-02
  -5.576243142e-02
  -5.576243142e-02
  0.000000000e+00
  -5.576243142e-02
  0.000000000e+00
  -7.033444444e-01 -7.052669377e-01 8.406195122e-02
  7.511084011e-02 -1.049669377e-01 -2.372829268e-02
  7.089528455e-02 4.691392954e-02 9.958243902e-01
 Node:          7
  0.1408E+03  0.1171E+03  0.4920E+03 -0.1079E-04
  -2.157E-5
   3.838E-16
  -2.157E-5
  -1.439E-16
  -1.919E-16
  -2.157E-5
  -5.576243142e-02
  -5.576243142e-02
  -5.576243142e-02
  0.000000000e+00
  -5.576243142e-02
  0.000000000e+00
  6.741436314e-01 3.358216802e-01 -1.025092141e-01
  -4.663528455e-01 8.754943089e-01 -1.129983198e-01
  6.505897019e-02 1.607588076e-01 9.846260163e-01
 Node:          8
  0.1367E+03  0.1169E+03  0.5055E+03 -0.1079E-04
  -2.157E-5
   3.358E-16
  -2.157E-5
  -6.956E-16
  -4.078E-16
  -2.157E-5
  -5.576243142e-02
  -5.576243142e-02
  -5.576243142e-02
  0.000000000e+00
  -5.576243142e-02
  0.000000000e+00
  -2.102848238e-01 -5.634189702e-01 1.487555556e-01
  5.782972900e-01 -2.481593496e-01 6.277235772e-03
  2.102964770e-01 1.284715447e-02 9.567485095e-01
 Node:          9
  0.1339E+03  0.1180E+03  0.5191E+03 -0.1079E-04
  -2.157E-5
   2.878E-16
  -2.157E-5
  -6.836E-16
  -4.797E-16
  -2.157E-5
  -5.576243142e-02
  -5.576243142e-02
  -5.576243142e-02
  0.000000000e+00
  -5.576243142e-02
  0.000000000e+00
  2.511701897e-01 2.436189702e-01 -1.767485095e-01
  7.094701897e-01 1.400189702e-02 3.712601626e-02
  -1.071938753e-01 4.038368564e-01 2.519205962e-01
 Node:         10
  0.1294E+03  0.1212E+03  0.4911E+03 -0.1079E-04
  -2.157E-5
   4.797E-17
  -2.157E-5
  -2.399E-17
   2.159E-16
  -2.157E-5
  -5.576243142e-02
  -5.576243142e-02
  -5.576243142e-02
  0.000000000e+00
  -5.576243142e-02
  0.000000000e+00
  2.373365854e-02 2.277113821e-01 2.951710027e-01
  1.285464770e-01 6.584726287e-01 -7.351027100e-01
  -1.206579946e-01 6.246601355e-02 -3.563195122e-02
 Node:         11
  0.1295E+03  0.1214E+03  0.5055E+03 -0.1079E-04
  -2.157E-5
  -4.797E-17
  -2.157E-5
  -7.196E-17
   2.399E-17
  -2.157E-5
  -5.576243142e-02
  -5.576243142e-02
  -5.576243142e-02
  0.000000000e+00
  -5.576243142e-02
  0.000000000e+00
  -1.634669377e-01 5.763918699e-02 5.478501355e-01
  -3.163298103e-01 1.863788618e-01 -1.127579946e-01
  4.898953930e-01 2.319506775e-01 8.448482385e-02
 Node:         12
  0.1295E+03  0.1217E+03  0.5196E+03 -0.1079E-04
  -2.157E-5
  -1.828E-37
  -2.157E-5
   1.319E-16
   4.797E-17
  -2.157E-5
  -5.576243142e-02
  -5.576243142e-02
  -5.576243142e-02
  0.000000000e+00
  -5.576243142e-02
  0.000000000e+00
  -2.460021680e-01 -8.074662331e-02 -9.651414634e-01
  -2.712138211e-01 6.830607046e-01 1.880845541e-02
  1.222276423e-02 1.158219512e-01 -2.018590786e-02
 Node:         13
  0.1361E+03  0.1199E+03  0.4914E+03 -0.1079E-04
  -2.157E-5
  -2.399E-16
  -2.157E-5
  -1.679E-16
   4.797E-17
  -2.157E-5
  -5.576243142e-02
  -5.576243142e-02
  -5.576243142e-02
  0.000000000e+00
  -5.576243142e-02
  0.000000000e+00
  6.984845528e-01 -2.879517615e-01 -9.527289973e-02
  3.747872629e-01 9.263360434e-01 -3.555008130e-02
  1.298636856e-01 -1.447513008e-02 9.913672087e-01
 Node:         14
  0.1342E+03  0.1198E+03  0.5054E+03 -0.1079E-04
  -2.157E-5
   4.797E-17
  -2.157E-5
   9.595E-17
  -1.559E-16
  -2.157E-5
  -5.576243142e-02
  -5.576243142e-02
  -5.576243142e-02
  0.000000000e+00
  -5.576243142e-02
  0.000000000e+00
  8.394040650e-02 -2.623476965e-01 9.607352304e-01
  -1.939971274e-01 -7.127476965e-01 -1.768249322e-01
  -7.318783198e-01 1.723427642e-01 1.078297561e-01
 Node:         15
  0.1330E+03  0.1205E+03  0.5193E+03 -0.1079E-04
  -2.157E-5
  -1.439E-16
  -2.157E-5
   2.399E-17
   8.395E-17
  -2.157E-5
  -5.576243142e-02
  -5.576243142e-02
  -5.576243142e-02
  0.000000000e+00
  -5.576243142e-02
  0.000000000e+00
  7.569333333e-01 -8.234224932e-02 2.455420054e-03
  -2.465788618e-02 -2.509872629e-01 -7.161200542e-01
  1.046085095e-01 9.388235772e-01 -3.202271003e-01
 Node:         16
  0.1404E+03  0.1188E+03  0.4918E+03 -0.1079E-04
  -2.157E-5
   9.595E-17
  -2.157E-5
  -1.439E-16
  -2.519E-16
  -2.157E-5
  -5.576243142e-02
  -5.576243142e-02
  -5.576243142e-02
  0.000000000e+00
  -5.576243142e-02
  0.000000000e+00
  -1.490899729e-01 -2.418311653e-01 9.585471545e-01
  -6.614260163e-01 -4.487485095e-01 -2.190663957e-01
  4.842834688e-01 -6.650962060e-01 -9.951815718e-02
 Node:         17
  0.1365E+03  0.1184E+03  0.5055E+03 -0.1079E-04
  -2.157E-5
   4.797E-17
  -2.157E-5
   1.679E-16
   2.938E-16
  -2.157E-5
  -5.576243142e-02
  -5.576243142e-02
  -5.576243142e-02
  0.000000000e+00
  -5.576243142e-02
  0.000000000e+00
  2.426848238e-01 3.932967480e-01 5.830915989e-01
  6.903842818e-01 -3.061178862e-01 -6.267303848e-02
  -2.574604336e-01 -7.538845528e-01 5.655636856e-01
 Node:         18
  0.1341E+03  0.1191E+03  0.5192E+03 -0.1079E-04
  -2.157E-5
  -2.43E-37
  -2.157E-5
   4.573E-17
   1.84E-16
  -2.157E-5
  -5.576243142e-02
  -5.576243142e-02
  -5.576243142e-02
  0.000000000e+00
  -5.576243142e-02
  0.000000000e+00
  2.906983740e-02 9.384319783e-02 8.195146341e-01
  7.330891599e-01 -4.360921409e-02 -3.356961386e-02
  -3.894921409e-01 -2.870512195e-01 3.444482385e-02
 Node:         19
  0.1301E+03  0.1291E+03  0.4914E+03  0.0000E+00
   4.934E-16
   0.0
   4.934E-16
   3.631E-19
   1.731E-17
  -9.869E-16
  4.936000000e-16
  4.934000000e-16
  -9.871000000e-16
  1.480600010e-15
  -3.333333333e-20
  6.979615383e-16
  -2.097000000e-02 -9.997000000e-01 -1.169000000e-02
  -9.998000000e-01 2.097000000e-02 -8.123000000e-17
  2.452000000e-04 1.169000000e-02 -9.999000000e-01
 Node:         20
  0.1299E+03  0.1291E+03  0.5058E+03  0.0000E+00
   9.869E-16
   0.0
   0.0
   1.799E-17
   3.326E-17
  -2.467E-16
  9.871000000e-16
  4.400000000e-18
  -2.514000000e-16
  1.132478516e-15
  2.467000000e-16
  5.338554923e-16
  -9.999000000e-01 -4.917000000e-04 -1.459000000e-02
  2.401000000e-03 -9.914000000e-01 -1.311000000e-01
  -1.440000000e-02 -1.312000000e-01 9.913000000e-01
 Node:         21
  0.1301E+03  0.1280E+03  0.5197E+03  0.0000E+00
   4.934E-16
   0.0
   0.0
   7.196E-17
   2.549E-17
   4.934E-16
  5.660000000e-16
  4.222000000e-16
  -1.341000000e-18
  5.108528306e-16
  3.289530000e-16
  2.408183338e-16
  -7.039000000e-01 -3.195000000e-02 -7.096000000e-01
  -7.102000000e-01 4.241000000e-02 7.027000000e-01
  -7.642000000e-03 -9.986000000e-01 5.255000000e-02
 Node:         22
  0.1360E+03  0.1256E+03  0.4913E+03  0.0000E+00
  -9.869E-16
   2.399E-17
  -4.934E-16
  -2.399E-17
   1.739E-16
   4.934E-16
  5.234000000e-16
  -5.215000000e-16
  -9.888000000e-16
  1.341069376e-15
  -3.289666667e-16
  6.321861663e-16
  -1.298000000e-02 1.683000000e-01 9.857000000e-01
  5.935000000e-02 9.841000000e-01 -1.672000000e-01
  -9.982000000e-01 5.633000000e-02 -2.276000000e-02
 Node:         23
  0.1343E+03  0.1253E+03  0.5054E+03  0.0000E+00
   0.0
   3.598E-17
  -1.974E-15
   0.0
   2.271E-16
  -7.401E-16
  6.796000000e-19
  -6.997000000e-16
  -2.015000000e-15
  1.772499637e-15
  -9.046734667e-16
  8.355643418e-16
  9.998000000e-01 1.889000000e-02 5.790000000e-03
  -9.011000000e-03 1.753000000e-01 9.845000000e-01
  1.758000000e-02 -9.843000000e-01 1.754000000e-01
 Node:         24
  0.1336E+03  0.1248E+03  0.5194E+03  0.0000E+00
  -9.869E-16
   2.099E-17
   0.0
   2.399E-17
   1.499E-18
  -7.401E-16
  4.516000000e-19
  -7.379000000e-16
  -9.896000000e-16
  8.912682385e-16
  -5.756828000e-16
  4.201478769e-16
  -2.132000000e-02 -9.998000000e-01 -2.714000000e-03
  9.549000000e-02 -4.739000000e-03 9.954000000e-01
  -9.952000000e-01 2.096000000e-02 9.557000000e-02
 Node:         25
  0.1400E+03  0.1206E+03  0.4917E+03  0.0000E+00
   0.0
   4.617E-16
  -4.934E-16
  -1.439E-16
  -2.249E-16
   9.869E-16
  1.067000000e-15
  2.050000000e-16
  -7.785000000e-16
  1.599404030e-15
  1.645000000e-16
  7.539662901e-16
  -2.161000000e-01 -2.016000000e-01 9.553000000e-01
  8.390000000e-01 4.621000000e-01 2.874000000e-01
  -4.994000000e-01 8.636000000e-01 6.929000000e-02
 Node:         26
  0.1363E+03  0.1200E+03  0.5055E+03  0.0000E+00
   9.869E-16
   1.859E-16
  -2.714E-15
   4.797E-17
  -1.943E-15
  -2.467E-16
  1.006000000e-15
  8.090000000e-16
  -3.789000000e-15
  4.699597749e-15
  -6.580000000e-16
  2.215411625e-15
  9.680000000e-01 1.526000000e-01 -1.995000000e-01
  2.481000000e-01 -4.578000000e-01 8.538000000e-01
  -3.892000000e-02 8.759000000e-01 4.809000000e-01
 Node:         27
  0.1343E+03  0.1203E+03  0.5192E+03  0.0000E+00
   9.869E-16
  -3.358E-16
   9.869E-16
  -1.799E-16
   2.27E-15
   0.0
  2.890000000e-15
  9.150000000e-16
  -1.831000000e-15
  4.106639867e-15
  6.580000000e-16
  1.935888599e-15
  -1.931000000e-01 7.658000000e-01 6.135000000e-01
  9.808000000e-01 1.345000000e-01 1.409000000e-01
  2.534000000e-02 6.289000000e-01 -7.771000000e-01
 Node:         28
  0.1155E+03  0.1124E+03  0.4931E+03 -0.6374E-04
  -1.275E-4
   6.597E-17
  -1.275E-4
  -9.596E-17
   9.596E-17
  -1.275E-4
  -3.332541017e-01
  -3.332541017e-01
  -3.332541017e-01
  0.000000000e+00
  -3.332541017e-01
  0.000000000e+00
  4.608785908e-02 9.141647696e-01 1.852149051e-01
  6.419002710e-02 2.561552846e-01 -4.981642276e-01
  -7.555888889e-01 6.518102981e-02 -4.990628726e-02
 Node:         29
  0.1119E+03  0.1139E+03  0.5068E+03 -0.6374E-04
  -1.275E-4
  -3.598E-17
  -1.275E-4
   9.596E-17
   1.199E-17
  -1.275E-4
  -3.332541017e-01
  -3.332541017e-01
  -3.332541017e-01
  0.000000000e+00
  -3.332541017e-01
  0.000000000e+00
  -5.407886179e-02 5.651653117e-01 -6.139105691e-02
  -5.356027100e-01 2.609642276e-02 -1.485180217e-01
  -2.893468835e-02 5.521531165e-02 3.355929539e-01
 Node:         30
  0.1113E+03  0.1159E+03  0.5206E+03 -0.6374E-04
  -1.275E-4
   2.159E-16
  -1.275E-4
   1.768E-36
  -4.798E-17
  -1.275E-4
  -3.332541017e-01
  -3.332541017e-01
  -3.332541017e-01
  0.000000000e+00
  -3.332541017e-01
  0.000000000e+00
  2.228807588e-02 1.963357724e-01 -5.995287263e-02
  -4.840119241e-01 3.766609756e-01 2.205252033e-01
  9.022051491e-02 -1.960604336e-01 5.872772358e-01
 Node:         31
  0.1203E+03  0.1126E+03  0.4920E+03 -0.6374E-04
  -1.275E-4
   1.679E-16
  -1.275E-4
   4.798E-17
   7.197E-17
  -1.275E-4
  -3.332541017e-01
  -3.332541017e-01
  -3.332541017e-01
  0.000000000e+00
  -3.332541017e-01
  0.000000000e+00
  -1.908796748e-01 -2.932189702e-01 -3.498609756e-01
  2.285783198e-01 -9.772005420e-02 -3.763138211e-01
  1.897642276e-01 -3.986962060e-01 -9.412547425e-02
 Node:         32
  0.1188E+03  0.1134E+03  0.5062E+03 -0.6374E-04
  -1.275E-4
  -2.399E-17
  -1.275E-4
  -4.798E-17
   1.679E-16
  -1.275E-4
  -3.332541017e-01
  -3.332541017e-01
  -3.332541017e-01
  0.000000000e+00
  -3.332541017e-01
  0.000000000e+00
  5.611536585e-01 3.405582656e-03 -1.885013550e-02
  2.386300813e-02 2.972672087e-01 7.397303523e-01
  -1.252316179e-02 -8.992054201e-01 4.189073171e-01
 Node:         33
  0.1183E+03  0.1150E+03  0.5201E+03 -0.6374E-04
  -1.275E-4
   9.596E-17
  -1.275E-4
   1.439E-16
  -2.357E-36
  -1.275E-4
  -3.332541017e-01
  -3.332541017e-01
  -3.332541017e-01
  0.000000000e+00
  -3.332541017e-01
  0.000000000e+00
  5.842552846e-01 6.640525745e-02 1.584566396e-01
  -2.111133522e-02 3.834211382e-01 -2.589894309e-01
  -1.772926829e-01 1.280731707e-01 5.031940379e-01
 Node:         34
  0.1255E+03  0.1129E+03  0.4909E+03 -0.6374E-04
  -1.275E-4
  -2.75E-36
  -1.275E-4
   9.596E-17
   1.679E-16
  -1.275E-4
  -3.332541017e-01
  -3.332541017e-01
  -3.332541017e-01
  0.000000000e+00
  -3.332541017e-01
  0.000000000e+00
  2.661002710e-01 3.407533875e-02 3.050970190e-01
  5.552772358e-01 -5.100542005e-03 5.529882999e-02
  9.870379404e-02 -1.805395664e-01 3.216287263e-02
 Node:         35
  0.1260E+03  0.1135E+03  0.5054E+03 -0.6374E-04
  -1.275E-4
   1.919E-16
  -1.275E-4
   1.919E-16
   4.318E-16
  -1.275E-4
  -3.332541017e-01
  -3.332541017e-01
  -3.332541017e-01
  0.000000000e+00
  -3.332541017e-01
  0.000000000e+00
  5.201636856e-01 3.862289973e-01 3.826116531e-01
  -1.135037940e-01 1.531062331e-01 1.707674797e-01
  4.070515785e-02 -7.259457995e-01 6.769788618e-01
 Node:         36
  0.1257E+03  0.1153E+03  0.5196E+03 -0.6374E-04
  -1.275E-4
  -9.596E-17
  -1.275E-4
  -9.596E-17
   1.439E-16
  -1.275E-4
  -3.332541017e-01
  -3.332541017e-01
  -3.332541017e-01
  0.000000000e+00
  -3.332541017e-01
  0.000000000e+00
  -3.511476965e-01 6.113601626e-01 5.037791328e-01
  6.080384824e-01 1.319357724e-01 2.506090515e-01
  4.950944298e-02 -4.589170732e-01 3.407365854e-01
 Node:         37
  0.1132E+03  0.1210E+03  0.4959E+03 -0.6374E-04
  -1.275E-4
   2.399E-16
  -1.275E-4
  -1.439E-16
   3.119E-16
  -1.275E-4
  -3.332541017e-01
  -3.332541017e-01
  -3.332541017e-01
  0.000000000e+00
  -3.332541017e-01
  0.000000000e+00
  -3.287395664e-01 -4.702252033e-01 -2.308137669e-01
  3.540476965e-01 -1.097903523e-01 -2.043065041e-01
  2.085308943e-01 -3.674027100e-01 5.065815176e-01
 Node:         38
  0.1111E+03  0.1204E+03  0.5085E+03 -0.6374E-04
  -1.275E-4
   1.679E-16
  -1.275E-4
  -4.798E-17
  -1.439E-16
  -1.275E-4
  -3.332541017e-01
  -3.332541017e-01
  -3.332541017e-01
  0.000000000e+00
  -3.332541017e-01
  0.000000000e+00
  1.371211382e-01 7.416845528e-01 -9.989333333e-02
  7.413371274e-01 -1.347612466e-01 3.005560976e-02
  1.156983740e-02 1.286279133e-01 9.834111111e-01
 Node:         39
  0.1119E+03  0.1201E+03  0.5207E+03 -0.6374E-04
  -1.275E-4
  -1.679E-16
  -1.275E-4
  -1.439E-16
  -1.319E-16
  -1.275E-4
  -3.332541017e-01
  -3.332541017e-01
  -3.332541017e-01
  0.000000000e+00
  -3.332541017e-01
  0.000000000e+00
  7.157314363e-01 -2.925738211e-02 -2.501867209e-01
  3.233230352e-01 -2.553073171e-01 9.037463415e-01
  -9.097677507e-02 -7.254363144e-01 -1.879932249e-01
 Node:         40
  0.1191E+03  0.1220E+03  0.4937E+03 -0.6374E-04
  -1.275E-4
   1.439E-16
  -1.275E-4
   1.439E-16
  -2.399E-17
  -1.275E-4
  -3.332541017e-01
  -3.332541017e-01
  -3.332541017e-01
  0.000000000e+00
  -3.332541017e-01
  0.000000000e+00
  -2.774644986e-01 -5.142975610e-02 -4.285149051e-02
  1.348831303e-02 -2.432926829e-01 1.655216802e-01
  2.367750678e-02 6.311111111e-03 -7.330135501e-02
 Node:         41
  0.1182E+03  0.1217E+03  0.5073E+03 -0.6374E-04
  -1.275E-4
  -4.798E-17
  -1.275E-4
   9.596E-17
   1.679E-16
  -1.275E-4
  -3.332541017e-01
  -3.332541017e-01
  -3.332541017e-01
  0.000000000e+00
  -3.332541017e-01
  0.000000000e+00
  -6.836341463e-02 -5.919902439e-02 -7.419953930e-01
  -1.104772358e-01 1.126108401e-01 4.504769648e-02
  1.540016260e-01 9.584742547e-01 -1.276120325e-01
 Node:         42
  0.1187E+03  0.1212E+03  0.5204E+03 -0.6374E-04
  -1.275E-4
  -9.596E-17
  -1.275E-4
   1.571E-36
   9.596E-17
  -1.275E-4
  -3.332541017e-01
  -3.332541017e-01
  -3.332541017e-01
  0.000000000e+00
  -3.332541017e-01
  0.000000000e+00
  -1.271915989e-02 -6.045718157e-03 5.490588076e-01
  -1.199934959e-01 7.909810298e-02 -1.593655827e-02
  -8.024986450e-02 -7.388815718e-01 1.226552846e-01
 Node:         43
  0.1258E+03  0.1217E+03  0.4915E+03 -0.6374E-04
  -1.275E-4
   1.919E-16
  -1.275E-4
  -2.399E-17
   7.857E-37
  -1.275E-4
  -3.332541017e-01
  -3.332541017e-01
  -3.332541017e-01
  0.000000000e+00
  -3.332541017e-01
  0.000000000e+00
  6.821590786e-01 -2.417046070e-02 -6.805539295e-02
  -4.001905149e-01 3.996588076e-01 -8.053891599e-02
  1.382810298e-02 -1.106080976e-01 9.811436314e-01
 Node:         44
  0.1259E+03  0.1220E+03  0.5059E+03 -0.6374E-04
  -1.275E-4
   2.399E-16
  -1.275E-4
   1.679E-16
   1.919E-16
  -1.275E-4
  -3.332541017e-01
  -3.332541017e-01
  -3.332541017e-01
  0.000000000e+00
  -3.332541017e-01
  0.000000000e+00
  -9.604336043e-02 -3.852818428e-02 -1.066970190e-01
  -5.439140921e-01 -3.828455285e-01 4.500062331e-01
  3.323937669e-01 -4.515387534e-01 4.265818428e-02
 Node:         45
  0.1261E+03  0.1221E+03  0.5198E+03 -0.6374E-04
  -1.275E-4
  -1.439E-16
  -1.275E-4
   4.798E-17
  -1.199E-17
  -1.275E-4
  -3.332541017e-01
  -3.332541017e-01
  -3.332541017e-01
  0.000000000e+00
  -3.332541017e-01
  0.000000000e+00
  7.859037940e-02 -5.082428184e-02 9.938487805e-01
  -7.486512195e-01 1.176327913e-01 7.030398374e-02
  -1.223934959e-01 -7.493791328e-01 -3.689702168e-02
 Node:         46
  0.1117E+03  0.1296E+03  0.4959E+03  0.0000E+00
  -2.467E-16
   4.797E-17
  -7.401E-16
   1.199E-17
  -4.497E-17
   0.0
  3.057000000e-18
  -2.423000000e-16
  -7.476000000e-16
  6.629532710e-16
  -3.289476667e-16
  3.125191690e-16
  3.676000000e-02 -5.800000000e-02 9.976000000e-01
  9.946000000e-01 9.864000000e-02 -3.092000000e-02
  -9.662000000e-02 9.934000000e-01 6.131000000e-02
 Node:         47
  0.1107E+03  0.1269E+03  0.5087E+03  0.0000E+00
  -7.401E-16
  -5.397E-17
   4.934E-16
  -4.797E-17
   6.896E-17
   0.0
  5.058000000e-16
  -7.273000000e-18
  -7.452000000e-16
  1.089215580e-15
  -8.222433333e-17
  5.134611487e-16
  -4.821000000e-02 9.891000000e-01 1.394000000e-01
  -5.424000000e-02 -1.420000000e-01 9.884000000e-01
  -9.974000000e-01 -4.009000000e-02 -6.049000000e-02
 Node:         48
  0.1125E+03  0.1242E+03  0.5208E+03  0.0000E+00
   4.934E-16
   5.997E-18
   4.934E-16
   0.0
  -2.998E-18
   4.934E-16
  5.001000000e-16
  4.934000000e-16
  4.867000000e-16
  1.160474041e-17
  4.934000000e-16
  5.470527092e-18
  -6.325000000e-01 -7.071000000e-01 3.162000000e-01
  4.472000000e-01 -2.276000000e-15 8.944000000e-01
  6.325000000e-01 -7.071000000e-01 -3.162000000e-01
 Node:         49
  0.1186E+03  0.1311E+03  0.4938E+03  0.0000E+00
  -7.401E-16
  -3.598E-17
   0.0
  -7.196E-17
  -1.049E-17
  -2.467E-16
  1.947000000e-18
  -2.366000000e-16
  -7.523000000e-16
  6.677348644e-16
  -3.289843333e-16
  3.147732338e-16
  4.561000000e-02 -9.985000000e-01 2.894000000e-02
  -1.430000000e-01 2.215000000e-02 9.895000000e-01
  -9.887000000e-01 -4.926000000e-02 -1.418000000e-01
 Node:         50
  0.1180E+03  0.1298E+03  0.5075E+03  0.0000E+00
   0.0
  -2.249E-17
   1.48E-15
  -7.196E-17
   2.155E-17
   9.869E-16
  1.482000000e-15
  9.910000000e-16
  -5.513000000e-18
  1.312785985e-15
  8.224956667e-16
  6.188532481e-16
  1.739000000e-02 -9.988000000e-01 -4.603000000e-02
  -7.128000000e-02 -4.716000000e-02 9.963000000e-01
  9.973000000e-01 1.405000000e-02 7.201000000e-02
 Node:         51
  0.1192E+03  0.1275E+03  0.5206E+03  0.0000E+00
   0.0
  -5.997E-18
  -2.467E-16
   0.0
   2.549E-17
   4.934E-16
  4.943000000e-16
  1.449000000e-19
  -2.477000000e-16
  6.542860068e-16
  8.224830000e-17
  3.084333815e-16
  -4.170000000e-04 3.438000000e-02 9.994000000e-01
  9.997000000e-01 -2.416000000e-02 1.248000000e-03
  2.418000000e-02 9.991000000e-01 -3.436000000e-02
 Node:         52
  0.1262E+03  0.1305E+03  0.4920E+03  0.0000E+00
   4.934E-16
  -2.399E-17
   4.934E-16
   2.249E-18
   8.48E-18
   0.0
  5.175000000e-16
  4.696000000e-16
  -1.600000000e-19
  4.954496661e-16
  3.289800000e-16
  2.335572124e-16
  -7.061000000e-01 7.080000000e-01 8.534000000e-03
  7.081000000e-01 7.060000000e-01 1.614000000e-02
  -5.403000000e-03 -1.744000000e-02 9.998000000e-01
 Node:         53
  0.1258E+03  0.1304E+03  0.5063E+03  0.0000E+00
  -7.401E-16
  -2.998E-18
  -4.934E-16
   4.797E-17
   5.847E-17
  -9.869E-16
  -4.866000000e-16
  -7.314000000e-16
  -1.002000000e-15
  4.465358664e-16
  -7.400000000e-16
  2.104990261e-16
  1.040000000e-02 9.931000000e-01 1.171000000e-01
  -9.836000000e-01 3.123000000e-02 -1.776000000e-01
  -1.800000000e-01 -1.133000000e-01 9.771000000e-01
 Node:         54
  0.1265E+03  0.1288E+03  0.5200E+03  0.0000E+00
  -9.869E-16
   3.598E-17
   4.934E-16
   0.0
  -7.496E-18
   4.934E-16
  5.014000000e-16
  4.864000000e-16
  -9.877000000e-16
  1.481656947e-15
  3.333333333e-20
  6.984597833e-16
  1.758000000e-02 7.272000000e-01 -6.862000000e-01
  1.675000000e-02 6.860000000e-01 7.274000000e-01
  -9.997000000e-01 2.428000000e-02 1.229000000e-04
 Node:         55
  0.1382E+03  0.1167E+03  0.4541E+03 -0.2791E-02
   0.02976
  -0.01342
   0.007614
   0.00672
   0.0266
   0.004036
  4.144124661e-02
  2.932192141e-02
  -2.747418428e-02
  6.273053793e-02
  1.442966125e-02
  2.957145917e-02
  -3.752254743e-01 5.233807588e-01 3.626539295e-01
  5.423243902e-01 1.050548347e-01 2.975308943e-01
  7.781219512e-02 1.863666667e-01 -1.848205962e-01
 Node:         56
  0.1314E+03  0.1156E+03  0.4691E+03 -0.2791E-02
   0.02885
   0.009803
   0.001117
   0.03415
  -0.00232
  -0.004463
  4.107578591e-02
  5.607060705e-03
  -2.132200813e-02
  5.335328465e-02
  8.453612827e-03
  2.515097959e-02
  -9.008056911e-01 -1.465784444e-01 -5.736244173e-01
  4.821775068e-02 -3.918897019e-01 1.790747696e-01
  -5.115699187e-01 2.184804878e-02 4.680164228e-01
 Node:         57
  0.1285E+03  0.1140E+03  0.4824E+03 -0.2791E-02
   0.04154
   0.01398
  -0.006061
   0.01068
  -0.00733
  -0.00608
  5.017450949e-02
  -2.345341463e-04
  -1.779562114e-02
  6.112779748e-02
  1.071478473e-02
  2.881592008e-02
  -1.018806504e+00 -3.118324932e-01 -2.326556672e-01
  2.475512195e-02 -6.094571816e-01 7.098230352e-01
  -3.886911924e-01 5.883853659e-01 8.101911491e-01
 Node:         58
  0.1486E+03  0.1175E+03  0.4544E+03 -0.2791E-02
   0.02851
  -0.04842
   0.01828
  -0.006987
   0.02289
  -0.001395
  9.552140921e-02
  -2.388694038e-03
  -3.315531816e-02
  1.161724370e-01
  1.999246567e-02
  5.476421199e-02
  -6.803766938e-01 6.824197832e-01 2.667135501e-01
  2.209086721e-01 7.514444444e-02 3.413861789e-01
  -5.429612466e-01 -7.217262873e-01 4.618479675e-01
 Node:         59
  0.1420E+03  0.1165E+03  0.4700E+03 -0.2791E-02
   0.02868
  -0.03386
   0.01065
   0.02026
   0.004624
  -0.007527
  5.601831978e-02
  6.819284824e-03
  -2.657077236e-02
  7.079877551e-02
  1.208894408e-02
  3.337486284e-02
  -7.899937669e-01 6.204588076e-01 -1.069295501e-01
  7.645311653e-02 1.482750678e-01 4.208864499e-01
  2.797932249e-01 1.742135501e-02 5.023333333e-02
 Node:         60
  0.1375E+03  0.1150E+03  0.4833E+03 -0.2791E-02
   0.04179
  -0.001843
  -0.003679
   0.01271
  -0.004791
  -0.006607
  4.329875881e-02
  -1.807258211e-03
  -8.455788618e-03
  4.883594649e-02
  1.101190399e-02
  2.302148595e-02
  -1.017065041e+00 7.040542005e-02 -2.528235068e-01
  2.224588076e-01 1.167660705e+00 -2.598571274e-01
  -3.784303523e-01 5.519902439e-03 8.604699187e-01
 Node:         61
  0.1557E+03  0.1217E+03  0.4542E+03 -0.2791E-02
   0.03663
  -0.04836
   0.007824
  -0.04211
   0.05933
  -0.01962
  1.487038753e-01
  -2.432224390e-02
  -6.245312293e-02
  1.945976899e-01
  2.064283617e-02
  9.173423076e-02
  -7.208959350e-01 5.953875339e-01 5.706583740e-01
  6.472337940e-01 4.417108401e-01 6.372295393e-01
  3.698959350e-02 -1.875040650e-02 -2.051074797e-01
 Node:         62
  0.1495E+03  0.1201E+03  0.4704E+03 -0.2791E-02
   0.04261
  -0.06102
   0.006943
  -0.003558
   0.02327
  -0.02089
  1.279894580e-01
  -1.752027832e-02
  -5.279836314e-02
  1.659011272e-01
  1.922360551e-02
  7.820654135e-02
  -7.844688347e-01 6.136609756e-01 1.414590786e-01
  -1.940590786e-01 -1.123354336e-01 -4.526279133e-01
  -2.673737127e-01 -3.828880759e-01 2.070249133e-01
 Node:         63
  0.1437E+03  0.1181E+03  0.4839E+03 -0.2791E-02
   0.04683
  -0.01394
  -0.003577
   0.006701
  -0.006889
  -0.008559
  5.326920867e-02
  -4.489203252e-03
  -9.157665854e-03
  6.024507650e-02
  1.320744652e-02
  2.839980142e-02
  -9.875758808e-01 2.771512195e-01 -1.354787317e-01
  2.803287263e-01 5.591143225e-01 -2.712252033e-01
  1.629188076e-01 5.873978320e-01 3.789417344e-01
 Node:         64
  0.1415E+03  0.1253E+03  0.4531E+03 -0.2791E-02
   0.03595
   0.02368
   0.005277
  -0.02136
   0.01479
  -0.006702
  4.433029810e-02
  2.050195935e-02
  -2.757800298e-02
  6.256855068e-02
  1.241808482e-02
  2.949509765e-02
  5.480357724e-01 6.057777778e-02 -1.128548970e-01
  -1.095309404e-01 8.140756911e-01 4.453810840e-01
  6.169945799e-02 -3.715230352e-01 3.711535556e-01
 Node:         65
  0.1342E+03  0.1229E+03  0.4687E+03 -0.2791E-02
   0.03657
   0.01242
   0.003979
  -0.003483
   0.004992
  -0.006564
  2.987666396e-02
  6.817972629e-03
  -3.872118157e-03
  2.997011557e-02
  1.094083948e-02
  1.412804797e-02
  -9.776414634e-01 -1.767233875e-01 9.779821138e-02
  2.113889106e-01 2.488479675e-01 -1.457176694e-01
  -1.809313279e-01 1.566921409e-01 -3.680002710e-01
 Node:         66
  0.1299E+03  0.1214E+03  0.4825E+03 -0.2791E-02
   0.04424
   0.001919
  -0.004246
   0.004706
  -0.003482
  -0.005967
  4.851546612e-02
  -3.606277453e-03
  -8.151742818e-03
  5.448649183e-02
  1.225248195e-02
  2.568517857e-02
  -1.042047696e+00 -6.269211924e-02 -1.280820054e-01
  3.666222222e-02 9.229000000e-02 1.436894309e-01
  -1.641522260e-01 4.325558266e-01 9.291700271e-01
 Node:         67
  0.1502E+03  0.1242E+03  0.4534E+03 -0.2791E-02
   0.03496
  -0.02434
   0.004092
  -0.01765
   0.009848
  -0.001625
  6.037266125e-02
  -9.051582385e-03
  -1.142314905e-02
  7.058001715e-02
  1.329930994e-02
  3.327173916e-02
  -8.295165312e-01 4.632035230e-01 3.494916802e-01
  1.647252575e-01 -4.684295393e-02 4.441013550e-01
  1.255113821e-01 -2.257953930e-01 4.924875339e-01
 Node:         68
  0.1434E+03  0.1223E+03  0.4694E+03 -0.2791E-02
   0.03644
  -0.04338
   0.004787
  -0.00538
   0.01133
  -0.003822
  7.978078320e-02
  -5.756230894e-03
  -2.870895393e-02
  9.905318762e-02
  1.510519946e-02
  4.669412044e-02
  -7.994073171e-01 5.766850949e-01 1.747653117e-01
  3.025834455e-01 1.160569485e-01 9.732688347e-01
  5.321037940e-01 8.355579946e-01 -2.639707724e-01
 Node:         69
  0.1380E+03  0.1205E+03  0.4831E+03 -0.2791E-02
   0.04438
  -0.01138
  -0.002978
   0.002891
   0.00113
  -0.005709
  5.050023035e-02
  -3.883006504e-03
  -7.789815881e-03
  5.642750917e-02
  1.294246932e-02
  2.660018292e-02
  -9.967861789e-01 2.325891599e-01 -4.625078591e-02
  2.277777507e-01 7.958579404e-01 7.799739837e-01
  -3.803398374e-01 -9.742168022e-01 6.649820867e-01
 Node:         70
  0.1559E+03  0.1238E+03  0.4540E+03 -0.2791E-02
   0.03675
  -0.02999
  -0.006307
  -0.03941
   0.02571
   0.008242
  1.008107588e-01
  -1.986447940e-02
  -3.034306396e-02
  1.262554820e-01
  1.686773848e-02
  5.951740499e-02
  -7.498986450e-01 3.944192412e-01 5.506466125e-01
  6.270037940e-01 4.895653117e-01 6.285531165e-01
  1.835872087e-01 -6.986105962e-01 8.674577236e-01
 Node:         71
  0.1496E+03  0.1220E+03  0.4702E+03 -0.2791E-02
   0.03961
  -0.06899
   1.829E-4
  -0.03331
   0.0346
  -9.248E-4
  1.462921409e-01
  -2.963129642e-02
  -4.960103794e-02
  1.865433535e-01
  2.235326885e-02
  8.793738018e-02
  -7.376775068e-01 5.597314363e-01 3.813550136e-01
  -7.725650407e-02 3.067647696e-02 -1.574371274e-01
  -2.572271003e-01 -4.041186992e-01 1.108347425e-01
 Node:         72
  0.1435E+03  0.1199E+03  0.4838E+03 -0.2791E-02
   0.04523
  -0.02194
  -0.00321
  -0.002476
   0.005802
  -0.00547
  5.941837669e-02
  -4.607053930e-03
  -1.316939837e-02
  6.868452833e-02
  1.388064146e-02
  3.237819716e-02
  -9.374246612e-01 3.722550136e-01 9.092108401e-02
  3.852937669e-01 5.178677236e-01 1.001249322e+00
  -3.924615176e-01 -9.105571816e-01 3.819444444e-01
 Node:         73
  0.1448E+03  0.1339E+03  0.4527E+03  0.0000E+00
   0.05366
  -0.01627
  -0.007409
   0.009191
  -0.009627
   0.007485
  7.151192412e-02
  9.470143902e-03
  -1.121506775e-02
  7.435708003e-02
  2.325566676e-02
  3.505226368e-02
  -1.194728455e+00 2.761460705e-01 -1.236795556e-01
  9.715017073e-02 2.959254743e-02 -4.102506775e-01
  1.161585908e-01 1.108233062e+00 1.965594038e-01
 Node:         74
  0.1370E+03  0.1304E+03  0.4685E+03  0.0000E+00
   0.05812
  -0.02508
  -0.004358
   0.001232
  -0.01659
   0.003921
  7.287182927e-02
  1.275793000e-02
  -1.088696206e-02
  7.486753691e-02
  2.491426574e-02
  3.529289536e-02
  -9.945525745e-01 3.516939837e-01 -7.381598916e-02
  1.132423848e-01 2.212600000e-01 -4.463907859e-01
  2.522760163e-01 8.564284553e-01 5.937366396e-01
 Node:         75
  0.1313E+03  0.1289E+03  0.4826E+03  0.0000E+00
   0.05322
  -0.01007
  -7.273E-4
  -0.005722
  -0.00312
   1.678E-4
  6.420814092e-02
  2.792651220e-03
  -2.224831436e-03
  6.394368159e-02
  2.159198690e-02
  3.014334058e-02
  -1.024470461e+00 2.191728997e-01 1.260674444e-01
  1.082024390e-03 -5.842701626e-01 6.585252033e-01
  2.497526287e-01 7.853449864e-01 6.634174797e-01
 Node:         76
  0.1518E+03  0.1310E+03  0.4530E+03  0.0000E+00
   0.05424
  -0.02198
  -0.01085
  -4.504E-5
   0.02288
   0.01231
  7.746353930e-02
  2.680600786e-02
  -2.730231978e-02
  9.048672349e-02
  2.565574246e-02
  4.265585052e-02
  -3.778097561e-01 1.647643360e-01 4.974661247e-02
  3.769065610e-01 6.716267209e-01 9.882571816e-01
  -1.719757182e-01 -3.084016260e-01 -9.377051491e-02
 Node:         77
  0.1448E+03  0.1282E+03  0.4691E+03  0.0000E+00
   0.06235
  -0.0109
  -0.0061
  -0.007487
   0.01532
   0.004484
  7.760161518e-02
  1.694091038e-02
  -1.312651762e-02
  8.007705630e-02
  2.713866931e-02
  3.774868635e-02
  -1.010094851e+00 1.631379675e-01 1.374052033e-01
  1.773967805e-01 6.542921951e-01 6.832842818e-01
  3.851912466e-02 -5.486425474e-01 2.822439837e-01
 Node:         78
  0.1385E+03  0.1261E+03  0.4829E+03  0.0000E+00
   0.0556
  -0.001696
  -6.084E-4
  -0.005767
  -0.001074
   5.889E-5
  6.637395664e-02
  5.792653117e-04
  1.450713008e-03
  6.506685879e-02
  2.280131165e-02
  3.067281139e-02
  -1.028805691e+00 4.992539837e-02 1.241039702e-01
  2.213856369e-02 -2.020276965e-02 2.597604336e-01
  9.994224932e-02 8.430406504e-01 3.507120136e-01
 Node:         79
  0.1561E+03  0.1259E+03  0.4537E+03  0.0000E+00
   0.05515
   0.05069
   0.0128
   0.02025
  -9.927E-4
  -0.03039
  1.570785989e-01
  -1.659867751e-02
  -3.516422764e-02
  1.835377442e-01
  3.510523126e-02
  8.652052236e-02
  -1.213818428e+00 -5.307124878e-01 9.641540108e-02
  2.531885908e-01 -7.833337127e-01 7.183490515e-01
  -3.195531165e-01 3.323024390e-01 -1.572455285e-02
 Node:         80
  0.1498E+03  0.1240E+03  0.4700E+03  0.0000E+00
   0.06327
   0.03966
   0.00624
   0.003179
  -0.006097
  -0.02554
  1.412620542e-01
  -1.354506504e-02
  -2.695456369e-02
  1.618656257e-01
  3.358747516e-02
  7.630418772e-02
  -9.125758808e-01 -4.765119241e-01 3.764271003e-02
  2.477457995e-02 -2.823112737e-01 5.506574526e-01
  -2.004872629e-01 3.323547425e-01 4.826590244e-01
 Node:         81
  0.1433E+03  0.1217E+03  0.4837E+03  0.0000E+00
   0.05601
   0.006226
   3.922E-4
  -0.005835
  -0.001475
  -0.003591
  6.819331436e-02
  3.127901355e-04
  -1.060466125e-03
  6.845735323e-02
  2.248187946e-02
  3.227110579e-02
  -1.022390515e+00 -1.097150678e-01 1.112205149e-01
  -1.694489524e-01 1.162697290e+00 -8.848067751e-02
  1.214991377e-01 8.223371274e-02 9.178360434e-01
 Node:         82
  0.1267E+03  0.1149E+03  0.4571E+03 -0.2542E-01
  -0.008172
  -0.003393
  -0.04505
   0.01033
   0.02614
  -0.04908
  -1.130591409e-02
  -2.807666396e-02
  -8.293057588e-02
  6.431378342e-02
  -4.077105131e-02
  3.031780825e-02
  6.458943089e-01 2.318386992e-02 1.586400000e-01
  2.784469648e-01 2.632292683e-02 -9.692520325e-02
  -1.509978320e-01 -1.714802168e-01 -9.094726287e-02
 Node:         83
  0.1234E+03  0.1130E+03  0.4724E+03 -0.2542E-01
  -0.009518
   0.006844
  -0.04805
   0.05082
   0.01049
  -0.05661
  1.670328726e-02
  -5.975161789e-02
  -8.942740108e-02
  9.476080065e-02
  -4.415857724e-02
  4.467066982e-02
  8.781430894e-01 8.679648509e-02 3.631764228e-01
  -1.423010027e-01 9.015024390e-01 3.446818428e-02
  -3.705913279e-01 -7.252899729e-02 3.482929539e-01
 Node:         84
  0.1187E+03  0.1123E+03  0.4849E+03 -0.2542E-01
  -0.001012
   0.001719
  -0.05063
   0.01803
  -7.418E-4
  -0.05634
  3.504305149e-03
  -6.161418970e-02
  -6.910535501e-02
  6.911791552e-02
  -4.240507986e-02
  3.258249785e-02
  9.742840108e-01 -7.138704607e-03 1.158474255e-01
  2.370908401e-02 1.268181789e+00 -7.347642276e-02
  -3.793146341e-01 1.229564770e-01 7.398732791e-01
 Node:         85
  0.1302E+03  0.1162E+03  0.4559E+03 -0.2542E-01
  -0.009256
  -7.204E-4
  -0.04378
   0.01387
   0.03884
  -0.0467
  -7.445895637e-03
  -1.619138293e-02
  -9.306952304e-02
  8.043098710e-02
  -3.890226720e-02
  3.791553093e-02
  5.984252033e-01 3.381373984e-01 4.129184011e-01
  -3.202603144e-01 7.921371274e-01 4.939121951e-01
  -1.216344173e-01 -5.089978320e-01 5.096683469e-01
 Node:         86
  0.1252E+03  0.1138E+03  0.4707E+03 -0.2542E-01
  -0.005887
   0.03175
  -0.03916
   0.1027
   0.0379
  -0.05408
  9.443302168e-02
  -6.388375610e-02
  -1.167973930e-01
  1.903764821e-01
  -2.874937579e-02
  8.974433431e-02
  8.902455285e-01 3.365100271e-01 4.579336043e-01
  -3.585154472e-01 9.617848238e-01 -1.183780233e-01
  -5.963311653e-01 -1.092737398e-01 5.937311653e-01
 Node:         87
  0.1217E+03  0.1126E+03  0.4834E+03 -0.2542E-01
  -0.002326
   0.001124
  -0.05035
   0.02364
  -0.003726
  -0.05596
  4.393506775e-03
  -6.037886179e-02
  -7.195597561e-02
  7.120302594e-02
  -4.264711021e-02
  3.356542832e-02
  9.544864499e-01 -2.964605149e-02 1.742822222e-01
  1.198719241e-01 1.239846883e+00 -3.779476206e-01
  -3.947168022e-01 1.996657182e-01 7.285075881e-01
 Node:         88
  0.1338E+03  0.1169E+03  0.4543E+03 -0.2542E-01
  -0.01509
  -0.009127
  -0.04546
   0.01194
   0.04842
  -0.04089
  2.440902710e-03
  -1.278967057e-02
  -1.057882818e-01
  9.961895346e-02
  -3.871234990e-02
  4.696082502e-02
  -4.698842818e-02 4.466907859e-01 4.545140921e-01
  2.273810840e-01 1.710245393e-01 -9.002444444e-02
  -1.853376694e-01 -2.966655827e-01 6.838951220e-02
 Node:         89
  0.1270E+03  0.1150E+03  0.4691E+03 -0.2542E-01
  -0.01834
   0.01551
  -0.0477
   0.04415
   0.01187
  -0.05246
  4.565514905e-03
  -6.330614634e-02
  -8.295903794e-02
  7.945468800e-02
  -4.723322313e-02
  3.745529912e-02
  8.544062331e-01 2.042529539e-01 3.931646883e-01
  -3.139684878e-01 1.216742005e+00 4.408308943e-02
  -5.545810298e-01 -2.216294851e-01 7.247924119e-01
 Node:         90
  0.1248E+03  0.1132E+03  0.4822E+03 -0.2542E-01
  -0.004349
   0.01447
  -0.05201
   0.01269
  -0.006971
  -0.05211
  -1.338010569e-03
  -5.539529810e-02
  -7.252297019e-02
  6.435648128e-02
  -4.308542629e-02
  3.033793622e-02
  9.678905149e-01 9.545570461e-02 7.959655827e-02
  -2.905496477e-02 7.148948509e-01 -7.857777778e-01
  -4.359237940e-01 6.315197832e-01 7.594457995e-01
 Node:         91
  0.1261E+03  0.1265E+03  0.4554E+03 -0.2542E-01
  -0.007309
   0.03935
  -0.0387
  -0.002638
   0.03826
  -0.04984
  7.542111111e-03
  -2.621079783e-02
  -9.097669886e-02
  8.684157466e-02
  -3.654846186e-02
  4.093751089e-02
  -7.110953930e-01 -6.586902439e-01 -2.636617886e-01
  7.721151463e-01 -2.885020054e-01 -8.102191463e-01
  1.791747425e-01 -8.962308943e-01 7.830612466e-01
 Node:         92
  0.1210E+03  0.1235E+03  0.4728E+03 -0.2542E-01
  -0.01067
   0.01216
  -0.0431
   0.01301
   0.02703
  -0.04707
  -1.266128022e-02
  -3.254451924e-02
  -7.609570678e-02
  5.615527445e-02
  -4.043383541e-02
  2.647185024e-02
  9.599027100e-01 2.745101897e-01 2.784365583e-01
  -3.656631382e-01 8.618214092e-01 5.546544715e-01
  -1.549431870e-01 -7.066607046e-01 5.362449864e-01
 Node:         93
  0.1159E+03  0.1217E+03  0.4877E+03 -0.2542E-01
  -0.001528
  -0.00282
  -0.05016
   0.01015
   0.008287
  -0.05181
  -2.440155501e-03
  -5.338127371e-02
  -6.683996748e-02
  5.877334920e-02
  -4.088713223e-02
  2.770602252e-02
  9.365693767e-01 2.529790244e-02 3.402761518e-02
  1.356913821e-01 -8.585981030e-01 -5.544195122e-01
  2.462730049e-01 7.436411924e-01 -5.077265583e-01
 Node:         94
  0.1315E+03  0.1266E+03  0.4545E+03 -0.2542E-01
  -0.008947
   0.0377
  -0.03732
  -0.01957
   0.03641
  -0.04497
  -2.779539295e-04
  -1.206429133e-02
  -9.195747832e-02
  8.494230490e-02
  -3.476657453e-02
  4.004218653e-02
  5.884365854e-01 1.698872087e-01 3.203739837e-03
  -7.726254743e-02 4.001130081e-01 1.977698103e-01
  1.119010840e-01 -5.017401084e-01 4.039550136e-01
 Node:         95
  0.1251E+03  0.1237E+03  0.4709E+03 -0.2542E-01
