 Group name: predicted_stress_L4A5
 #Fields=  16
 1) coordinates, coordinate, rectangular cartesian, #Components=3
   x.  Value index= 1, #Derivatives=0
   y.  Value index= 2, #Derivatives=0
   z.  Value index= 3, #Derivatives=0
 2) Tensor_1, field, rectangular cartesian, #Components=1
   Tensor_1.  Value index= 4, #Derivatives=0
 3) Tensor_2, field, rectangular cartesian, #Components=1
   Tensor_2.  Value index= 5, #Derivatives=0
 4) Tensor_3, field, rectangular cartesian, #Components=1
   Tensor_3.  Value index= 6, #Derivatives=0
 5) Tensor_4, field, rectangular cartesian, #Components=1
   Tensor_4.  Value index= 7, #Derivatives=0
 6) Tensor_5, field, rectangular cartesian, #Components=1
   Tensor_5.  Value index= 8, #Derivatives=0
 7) Tensor_6, field, rectangular cartesian, #Components=1
   Tensor_6.  Value index= 9, #Derivatives=0
 8) Principal_1, field, rectangular cartesian, #Components=1
   Principal_1.  Value index= 10, #Derivatives=0
 9) Principal_2, field, rectangular cartesian, #Components=1
   Principal_2.  Value index= 11, #Derivatives=0
 10) Principal_3, field, rectangular cartesian, #Components=1
   Principal_3.  Value index= 12, #Derivatives=0
 11) VonMises, field, rectangular cartesian, #Components=1
   VonMises.  Value index= 13, #Derivatives=0
 12) Hydrostatic, field, rectangular cartesian, #Components=1
   VonMises.  Value index= 14, #Derivatives=0
 13) Octahedral, field, rectangular cartesian, #Components=1
   VonMises.  Value index= 15, #Derivatives=0
 14) PrincipalVector1, field, rectangular cartesian, #Components=3
   x.  Value index= 16, #Derivatives=0
   y.  Value index= 17, #Derivatives=0
   z.  Value index= 18, #Derivatives=0
 15) PrincipalVector2, field, rectangular cartesian, #Components=3
   x.  Value index= 19, #Derivatives=0
   y.  Value index= 20, #Derivatives=0
   z.  Value index= 21, #Derivatives=0
 16) PrincipalVector3, field, rectangular cartesian, #Components=3
   x.  Value index= 22, #Derivatives=0
   y.  Value index= 23, #Derivatives=0
   z.  Value index= 24, #Derivatives=0
 Node:          1
  0.1287E+03  0.1133E+03  0.4908E+03 -0.1669E-04
  -3.339E-5
  -1.439E-16
  -3.339E-5
  -4.797E-17
  -7.196E-17
  -3.339E-5
  -3.417901829e-02
  -3.417901829e-02
  -3.417901829e-02
  0.000000000e+00
  -3.417901829e-02
  0.000000000e+00
  9.262950106e-01 -2.401805732e-01 -2.973823779e-02
  2.391734607e-01 9.465128450e-01 -2.020439490e-01
  7.879808917e-02 1.884174098e-01 9.759438429e-01
 Node:          2
  0.1292E+03  0.1137E+03  0.5052E+03 -0.1669E-04
  -3.339E-5
  -1.919E-16
  -3.339E-5
  -9.595E-17
   3.358E-16
  -3.339E-5
  -3.417901829e-02
  -3.417901829e-02
  -3.417901829e-02
  0.000000000e+00
  -3.417901829e-02
  0.000000000e+00
  5.046333333e-01 -2.372974522e-01 -1.155960722e-01
  2.827524416e-01 4.876633758e-01 2.384950106e-01
  -7.735850318e-04 -4.594644374e-01 8.880203822e-01
 Node:          3
  0.1289E+03  0.1155E+03  0.5194E+03 -0.1669E-04
  -3.339E-5
   2.399E-16
  -3.339E-5
   1.919E-16
   9.595E-17
  -3.339E-5
  -3.417901829e-02
  -3.417901829e-02
  -3.417901829e-02
  0.000000000e+00
  -3.417901829e-02
  0.000000000e+00
  -3.997610403e-01 -8.743012739e-01 -2.727601911e-01
  4.859584926e-01 -4.554611465e-01 7.454677282e-01
  7.763996815e-01 -1.659749469e-01 -6.067807856e-01
 Node:          4
  0.1361E+03  0.1141E+03  0.4915E+03 -0.1669E-04
  -3.339E-5
  -4.797E-17
  -3.339E-5
  -4.797E-17
  -1.439E-16
  -3.339E-5
  -3.417901829e-02
  -3.417901829e-02
  -3.417901829e-02
  0.000000000e+00
  -3.417901829e-02
  0.000000000e+00
  -3.796996815e-02 -8.697504246e-02 9.953050955e-01
  -9.527008493e-01 8.839522293e-02 -2.803407643e-02
  -8.539825902e-02 -9.493593418e-01 -8.612108280e-02
 Node:          5
  0.1341E+03  0.1144E+03  0.5054E+03 -0.1669E-04
  -3.339E-5
   2.399E-16
  -3.339E-5
   9.595E-17
  -1.199E-16
  -3.339E-5
  -3.417901829e-02
  -3.417901829e-02
  -3.417901829e-02
  0.000000000e+00
  -3.417901829e-02
  0.000000000e+00
  1.036356157e-01 -1.753690021e-01 9.789222930e-01
  7.120029724e-01 7.000235669e-01 5.007949045e-02
  -6.941790870e-01 6.919537155e-01 1.976735669e-01
 Node:          6
  0.1323E+03  0.1162E+03  0.5191E+03 -0.1669E-04
  -3.339E-5
   9.595E-17
  -3.339E-5
  -9.595E-17
  -4.797E-17
  -3.339E-5
  -3.417901829e-02
  -3.417901829e-02
  -3.417901829e-02
  0.000000000e+00
  -3.417901829e-02
  0.000000000e+00
  -7.078540340e-01 -7.004446921e-01 8.761166667e-02
  3.862576433e-01 -4.178059448e-01 -3.211994692e-02
  7.904352442e-02 4.385104034e-02 9.955050955e-01
 Node:          7
  0.1408E+03  0.1171E+03  0.4920E+03 -0.1669E-04
  -3.339E-5
   3.838E-16
  -3.339E-5
  -1.439E-16
  -1.919E-16
  -3.339E-5
  -3.417901829e-02
  -3.417901829e-02
  -3.417901829e-02
  0.000000000e+00
  -3.417901829e-02
  0.000000000e+00
  8.372930998e-01 4.448025478e-01 -1.251294055e-01
  -4.796271762e-01 8.685257962e-01 -1.152774310e-01
  5.969463907e-02 1.629163482e-01 9.846942675e-01
 Node:          8
  0.1367E+03  0.1169E+03  0.5055E+03 -0.1669E-04
  -3.339E-5
   3.358E-16
  -3.339E-5
  -6.956E-16
  -4.078E-16
  -3.339E-5
  -3.417901829e-02
  -3.417901829e-02
  -3.417901829e-02
  0.000000000e+00
  -3.417901829e-02
  0.000000000e+00
  -4.078773885e-01 -5.879625265e-01 2.059330149e-01
  6.005815287e-01 -4.494467091e-01 -2.626923567e-02
  2.359535881e-01 5.890360934e-02 9.547915074e-01
 Node:          9
  0.1339E+03  0.1180E+03  0.5191E+03 -0.1669E-04
  -3.339E-5
   2.878E-16
  -3.339E-5
  -6.836E-16
  -4.797E-16
  -3.339E-5
  -3.417901829e-02
  -3.417901829e-02
  -3.417901829e-02
  0.000000000e+00
  -3.417901829e-02
  0.000000000e+00
  3.023168790e-01 2.301967091e-01 -5.693118896e-01
  8.935729299e-01 7.840297240e-02 1.829757962e-01
  -1.383495329e-01 6.255770701e-01 1.973823779e-01
 Node:         10
  0.1294E+03  0.1212E+03  0.4911E+03 -0.1669E-04
  -3.339E-5
   4.797E-17
  -3.339E-5
  -2.399E-17
   2.159E-16
  -3.339E-5
  -3.417901829e-02
  -3.417901829e-02
  -3.417901829e-02
  0.000000000e+00
  -3.417901829e-02
  0.000000000e+00
  2.380109342e-02 4.135554140e-01 4.545592357e-01
  1.462697558e-01 6.704975584e-01 -7.224933121e-01
  -5.572273885e-01 1.069117590e-01 -7.443612527e-02
 Node:         11
  0.1295E+03  0.1214E+03  0.5055E+03 -0.1669E-04
  -3.339E-5
  -4.797E-17
  -3.339E-5
  -7.196E-17
   2.399E-17
  -3.339E-5
  -3.417901829e-02
  -3.417901829e-02
  -3.417901829e-02
  0.000000000e+00
  -3.417901829e-02
  0.000000000e+00
  -2.072783439e-01 8.878477707e-02 7.040640127e-01
  -4.800658174e-01 4.878585987e-01 -2.064621019e-01
  6.736488323e-01 4.551849257e-01 1.166378981e-01
 Node:         12
  0.1295E+03  0.1217E+03  0.5196E+03 -0.1669E-04
  -3.339E-5
  -2.829E-37
  -3.339E-5
   1.319E-16
   4.797E-17
  -3.339E-5
  -3.417901829e-02
  -3.417901829e-02
  -3.417901829e-02
  0.000000000e+00
  -3.417901829e-02
  0.000000000e+00
  -2.435770701e-01 -8.204754140e-02 -9.658523355e-01
  -3.315828025e-01 8.802785563e-01 1.215098239e-02
  1.450520170e-02 7.581454352e-02 -1.490382166e-02
 Node:         13
  0.1361E+03  0.1199E+03  0.4914E+03 -0.1669E-04
  -3.339E-5
  -2.399E-16
  -3.339E-5
  -1.679E-16
   4.797E-17
  -3.339E-5
  -3.417901829e-02
  -3.417901829e-02
  -3.417901829e-02
  0.000000000e+00
  -3.417901829e-02
  0.000000000e+00
  8.797391720e-01 -3.582193206e-01 -1.208033970e-01
  3.729642251e-01 9.272316348e-01 -3.212036093e-02
  1.291150743e-01 -1.757514076e-02 9.914390658e-01
 Node:         14
  0.1342E+03  0.1198E+03  0.5054E+03 -0.1669E-04
  -3.339E-5
   4.797E-17
  -3.339E-5
   9.595E-17
  -1.559E-16
  -3.339E-5
  -3.417901829e-02
  -3.417901829e-02
  -3.417901829e-02
  0.000000000e+00
  -3.417901829e-02
  0.000000000e+00
  9.009854565e-02 -2.649949045e-01 9.597138004e-01
  -2.664816561e-01 -8.917705945e-01 -2.205452229e-01
  -9.145113588e-01 2.360427176e-01 1.507895966e-01
 Node:         15
  0.1330E+03  0.1205E+03  0.5193E+03 -0.1669E-04
  -3.339E-5
  -1.439E-16
  -3.339E-5
   2.399E-17
   8.396E-17
  -3.339E-5
  -3.417901829e-02
  -3.417901829e-02
  -3.417901829e-02
  0.000000000e+00
  -3.417901829e-02
  0.000000000e+00
  9.515135881e-01 -1.058854671e-01 8.530297240e-03
  -2.398880042e-02 -2.915911890e-01 -9.104156051e-01
  1.077000425e-01 9.449975584e-01 -3.044711253e-01
 Node:         16
  0.1404E+03  0.1188E+03  0.4918E+03 -0.1669E-04
  -3.339E-5
   9.595E-17
  -3.339E-5
  -1.439E-16
  -2.519E-16
  -3.339E-5
  -3.417901829e-02
  -3.417901829e-02
  -3.417901829e-02
  0.000000000e+00
  -3.417901829e-02
  0.000000000e+00
  -1.495479830e-01 -2.416784501e-01 9.586400212e-01
  -7.596641189e-01 -5.040167728e-01 -2.463274947e-01
  5.431378981e-01 -7.645727176e-01 -1.103624204e-01
 Node:         17
  0.1365E+03  0.1184E+03  0.5055E+03 -0.1669E-04
  -3.339E-5
   4.797E-17
  -3.339E-5
   1.679E-16
   2.938E-16
  -3.339E-5
  -3.417901829e-02
  -3.417901829e-02
  -3.417901829e-02
  0.000000000e+00
  -3.417901829e-02
  0.000000000e+00
  2.707807856e-01 4.376518047e-01 7.904676221e-01
  8.822805732e-01 -3.522409766e-01 -9.330908875e-02
  -2.548334395e-01 -7.925209130e-01 5.239698514e-01
 Node:         18
  0.1341E+03  0.1191E+03  0.5192E+03 -0.1669E-04
  -3.339E-5
  -3.762E-37
  -3.339E-5
   4.573E-17
   1.84E-16
  -3.339E-5
  -3.417901829e-02
  -3.417901829e-02
  -3.417901829e-02
  0.000000000e+00
  -3.417901829e-02
  0.000000000e+00
  3.156393843e-02 1.058475902e-01 9.368811040e-01
  8.467554140e-01 -7.532898089e-02 -3.420758683e-02
  -3.554006369e-01 -6.491121019e-01 6.758721868e-02
 Node:         19
  0.1301E+03  0.1291E+03  0.4914E+03  0.0000E+00
   4.934E-16
   0.0
   4.934E-16
   3.631E-19
   1.731E-17
  -9.869E-16
  4.936000000e-16
  4.934000000e-16
  -9.871000000e-16
  1.480600010e-15
  -3.333333333e-20
  6.979615383e-16
  -2.097000000e-02 -9.997000000e-01 -1.169000000e-02
  -9.998000000e-01 2.097000000e-02 -8.123000000e-17
  2.452000000e-04 1.169000000e-02 -9.999000000e-01
 Node:         20
  0.1299E+03  0.1291E+03  0.5058E+03  0.0000E+00
   9.869E-16
   0.0
   0.0
   1.799E-17
   3.326E-17
  -2.467E-16
  9.871000000e-16
  4.400000000e-18
  -2.514000000e-16
  1.132478516e-15
  2.467000000e-16
  5.338554923e-16
  -9.999000000e-01 -4.917000000e-04 -1.459000000e-02
  2.401000000e-03 -9.914000000e-01 -1.311000000e-01
  -1.440000000e-02 -1.312000000e-01 9.913000000e-01
 Node:         21
  0.1301E+03  0.1280E+03  0.5197E+03  0.0000E+00
   4.934E-16
   0.0
   0.0
   7.196E-17
   2.549E-17
   4.934E-16
  5.660000000e-16
  4.222000000e-16
  -1.341000000e-18
  5.108528306e-16
  3.289530000e-16
  2.408183338e-16
  -7.039000000e-01 -3.195000000e-02 -7.096000000e-01
  -7.102000000e-01 4.241000000e-02 7.027000000e-01
  -7.642000000e-03 -9.986000000e-01 5.255000000e-02
 Node:         22
  0.1360E+03  0.1256E+03  0.4913E+03  0.0000E+00
  -9.869E-16
   2.399E-17
  -4.934E-16
  -2.399E-17
   1.739E-16
   4.934E-16
  5.234000000e-16
  -5.215000000e-16
  -9.888000000e-16
  1.341069376e-15
  -3.289666667e-16
  6.321861663e-16
  -1.298000000e-02 1.683000000e-01 9.857000000e-01
  5.935000000e-02 9.841000000e-01 -1.672000000e-01
  -9.982000000e-01 5.633000000e-02 -2.276000000e-02
 Node:         23
  0.1343E+03  0.1253E+03  0.5054E+03  0.0000E+00
   0.0
   3.598E-17
  -1.974E-15
   0.0
   2.271E-16
  -7.401E-16
  6.796000000e-19
  -6.997000000e-16
  -2.015000000e-15
  1.772499637e-15
  -9.046734667e-16
  8.355643418e-16
  9.998000000e-01 1.889000000e-02 5.790000000e-03
  -9.011000000e-03 1.753000000e-01 9.845000000e-01
  1.758000000e-02 -9.843000000e-01 1.754000000e-01
 Node:         24
  0.1336E+03  0.1248E+03  0.5194E+03  0.0000E+00
  -9.869E-16
   2.099E-17
   0.0
   2.399E-17
   1.499E-18
  -7.401E-16
  4.516000000e-19
  -7.379000000e-16
  -9.896000000e-16
  8.912682385e-16
  -5.756828000e-16
  4.201478769e-16
  -2.132000000e-02 -9.998000000e-01 -2.714000000e-03
  9.549000000e-02 -4.739000000e-03 9.954000000e-01
  -9.952000000e-01 2.096000000e-02 9.557000000e-02
 Node:         25
  0.1400E+03  0.1206E+03  0.4917E+03  0.0000E+00
   0.0
   4.617E-16
  -4.934E-16
  -1.439E-16
  -2.249E-16
   9.869E-16
  1.067000000e-15
  2.050000000e-16
  -7.785000000e-16
  1.599404030e-15
  1.645000000e-16
  7.539662901e-16
  -2.161000000e-01 -2.016000000e-01 9.553000000e-01
  8.390000000e-01 4.621000000e-01 2.874000000e-01
  -4.994000000e-01 8.636000000e-01 6.929000000e-02
 Node:         26
  0.1363E+03  0.1200E+03  0.5055E+03  0.0000E+00
   9.869E-16
   1.859E-16
  -2.714E-15
   4.797E-17
  -1.943E-15
  -2.467E-16
  1.006000000e-15
  8.090000000e-16
  -3.789000000e-15
  4.699597749e-15
  -6.580000000e-16
  2.215411625e-15
  9.680000000e-01 1.526000000e-01 -1.995000000e-01
  2.481000000e-01 -4.578000000e-01 8.538000000e-01
  -3.892000000e-02 8.759000000e-01 4.809000000e-01
 Node:         27
  0.1343E+03  0.1203E+03  0.5192E+03  0.0000E+00
   9.869E-16
  -3.358E-16
   9.869E-16
  -1.799E-16
   2.27E-15
   0.0
  2.890000000e-15
  9.150000000e-16
  -1.831000000e-15
  4.106639867e-15
  6.580000000e-16
  1.935888599e-15
  -1.931000000e-01 7.658000000e-01 6.135000000e-01
  9.808000000e-01 1.345000000e-01 1.409000000e-01
  2.534000000e-02 6.289000000e-01 -7.771000000e-01
 Node:         28
  0.1155E+03  0.1124E+03  0.4931E+03 -0.9866E-04
  -1.973E-4
   6.598E-17
  -1.973E-4
  -9.597E-17
   9.597E-17
  -1.973E-4
  -2.042789049e-01
  -2.042789049e-01
  -2.042789049e-01
  0.000000000e+00
  -2.042789049e-01
  0.000000000e+00
  3.751470276e-02 9.410313163e-01 1.829552017e-01
  6.722530786e-02 2.256032909e-01 -6.853650743e-01
  -9.524808917e-01 5.781557325e-02 -6.326960722e-02
 Node:         29
  0.1119E+03  0.1139E+03  0.5068E+03 -0.9866E-04
  -1.973E-4
  -3.599E-17
  -1.973E-4
   9.597E-17
   1.2E-17
  -1.973E-4
  -2.042789049e-01
  -2.042789049e-01
  -2.042789049e-01
  0.000000000e+00
  -2.042789049e-01
  0.000000000e+00
  -5.023288747e-02 7.332130573e-01 -5.015830786e-02
  -8.089996815e-01 6.775042463e-03 -1.865653397e-01
  -1.043039278e-01 4.094884289e-02 6.893955414e-01
 Node:         30
  0.1113E+03  0.1159E+03  0.5206E+03 -0.9866E-04
  -1.973E-4
   2.159E-16
  -1.973E-4
   2.736E-36
  -4.798E-17
  -1.973E-4
  -2.042789049e-01
  -2.042789049e-01
  -2.042789049e-01
  0.000000000e+00
  -2.042789049e-01
  0.000000000e+00
  3.607239915e-01 4.645046709e-01 -6.145024416e-02
  -5.710001062e-01 5.001728238e-01 8.915605096e-02
  3.960201699e-02 -7.319851380e-02 7.444355626e-01
 Node:         31
  0.1203E+03  0.1126E+03  0.4920E+03 -0.9866E-04
  -1.973E-4
   1.679E-16
  -1.973E-4
   4.798E-17
   7.198E-17
  -1.973E-4
  -2.042789049e-01
  -2.042789049e-01
  -2.042789049e-01
  0.000000000e+00
  -2.042789049e-01
  0.000000000e+00
  -4.050397028e-01 -3.459287686e-01 -4.127729299e-01
  3.925596603e-01 -4.670254777e-02 -6.286319533e-01
  3.258453291e-01 -7.023380042e-01 -4.044628450e-02
 Node:         32
  0.1188E+03  0.1134E+03  0.5062E+03 -0.9866E-04
  -1.973E-4
  -2.399E-17
  -1.973E-4
  -4.798E-17
   1.679E-16
  -1.973E-4
  -2.042789049e-01
  -2.042789049e-01
  -2.042789049e-01
  0.000000000e+00
  -2.042789049e-01
  0.000000000e+00
  8.343178344e-01 -8.366454352e-03 -3.153955414e-02
  3.227392781e-02 3.569171975e-01 7.984905520e-01
  -7.880275159e-03 -8.964687898e-01 4.316676221e-01
 Node:         33
  0.1183E+03  0.1150E+03  0.5201E+03 -0.9866E-04
  -1.973E-4
   9.597E-17
  -1.973E-4
   1.44E-16
  -3.648E-36
  -1.973E-4
  -2.042789049e-01
  -2.042789049e-01
  -2.042789049e-01
  0.000000000e+00
  -2.042789049e-01
  0.000000000e+00
  7.838787686e-01 1.263270064e-01 1.854222930e-01
  1.981975730e-02 6.583851380e-01 -4.621604034e-01
  -2.251218684e-01 2.781846072e-01 6.194072187e-01
 Node:         34
  0.1255E+03  0.1129E+03  0.4909E+03 -0.9866E-04
  -1.973E-4
  -4.256E-36
  -1.973E-4
   9.597E-17
   1.679E-16
  -1.973E-4
  -2.042789049e-01
  -2.042789049e-01
  -2.042789049e-01
  0.000000000e+00
  -2.042789049e-01
  0.000000000e+00
  2.927245223e-01 2.478104034e-01 4.482660297e-01
  3.047961783e-02 1.740319533e-01 3.383758600e-02
  -3.283078556e-02 -2.738773885e-01 2.078019108e-01
 Node:         35
  0.1260E+03  0.1135E+03  0.5054E+03 -0.9866E-04
  -1.973E-4
   1.919E-16
  -1.973E-4
   1.919E-16
   4.319E-16
  -1.973E-4
  -2.042789049e-01
  -2.042789049e-01
  -2.042789049e-01
  0.000000000e+00
  -2.042789049e-01
  0.000000000e+00
  6.849217622e-01 4.678360934e-01 4.656360934e-01
  -2.213875796e-01 2.140535032e-01 2.249387473e-01
  2.496021517e-02 -7.186550955e-01 6.886410828e-01
 Node:         36
  0.1257E+03  0.1153E+03  0.5196E+03 -0.9866E-04
  -1.973E-4
  -9.597E-17
  -1.973E-4
  -9.597E-17
   1.44E-16
  -1.973E-4
  -2.042789049e-01
  -2.042789049e-01
  -2.042789049e-01
  0.000000000e+00
  -2.042789049e-01
  0.000000000e+00
  -3.800095541e-01 6.274950106e-01 5.574477707e-01
  8.543818471e-01 2.453083864e-01 3.344778344e-01
  4.112339526e-02 -5.294661359e-01 4.408215499e-01
 Node:         37
  0.1132E+03  0.1210E+03  0.4959E+03 -0.9866E-04
  -1.973E-4
   2.399E-16
  -1.973E-4
  -1.44E-16
   3.119E-16
  -1.973E-4
  -2.042789049e-01
  -2.042789049e-01
  -2.042789049e-01
  0.000000000e+00
  -2.042789049e-01
  0.000000000e+00
  -4.297468153e-01 -6.356457537e-01 -2.737911465e-01
  5.916602972e-01 -1.763830786e-01 -4.776035032e-01
  3.274227176e-01 -4.747091295e-01 5.891743312e-01
 Node:         38
  0.1111E+03  0.1204E+03  0.5085E+03 -0.9866E-04
  -1.973E-4
   1.679E-16
  -1.973E-4
  -4.798E-17
  -1.44E-16
  -1.973E-4
  -2.042789049e-01
  -2.042789049e-01
  -2.042789049e-01
  0.000000000e+00
  -2.042789049e-01
  0.000000000e+00
  1.880915074e-01 9.291367304e-01 -1.309176858e-01
  9.315697452e-01 -1.923055202e-01 -1.520059448e-02
  4.502212314e-02 1.265699575e-01 9.850071125e-01
 Node:         39
  0.1119E+03  0.1201E+03  0.5207E+03 -0.9866E-04
  -1.973E-4
  -1.679E-16
  -1.973E-4
  -1.44E-16
  -1.32E-16
  -1.973E-4
  -2.042789049e-01
  -2.042789049e-01
  -2.042789049e-01
  0.000000000e+00
  -2.042789049e-01
  0.000000000e+00
  8.913471338e-01 -5.651301699e-02 -3.383148620e-01
  3.362184713e-01 -2.319714437e-01 9.068644374e-01
  -1.262307113e-01 -9.239466030e-01 -1.891170913e-01
 Node:         40
  0.1191E+03  0.1220E+03  0.4937E+03 -0.9866E-04
  -1.973E-4
   1.44E-16
  -1.973E-4
   1.44E-16
  -2.399E-17
  -1.973E-4
  -2.042789049e-01
  -2.042789049e-01
  -2.042789049e-01
  0.000000000e+00
  -2.042789049e-01
  0.000000000e+00
  3.474712314e-01 3.669481953e-02 4.418163482e-02
  9.983769090e-03 2.205415074e-01 -2.724309979e-01
  -6.349585987e-02 2.993549894e-01 2.461188960e-01
 Node:         41
  0.1182E+03  0.1217E+03  0.5073E+03 -0.9866E-04
  -1.973E-4
  -4.798E-17
  -1.973E-4
   9.597E-17
   1.679E-16
  -1.973E-4
  -2.042789049e-01
  -2.042789049e-01
  -2.042789049e-01
  0.000000000e+00
  -2.042789049e-01
  0.000000000e+00
  -1.174001062e-01 -1.368559660e-01 -9.300318471e-01
  -5.400259023e-01 1.933739915e-01 7.737473461e-02
  1.816263270e-01 9.541104034e-01 -1.705862208e-01
 Node:         42
  0.1187E+03  0.1212E+03  0.5204E+03 -0.9866E-04
  -1.973E-4
  -9.597E-17
  -1.973E-4
   2.432E-36
   9.597E-17
  -1.973E-4
  -2.042789049e-01
  -2.042789049e-01
  -2.042789049e-01
  0.000000000e+00
  -2.042789049e-01
  0.000000000e+00
  -1.499605096e-02 2.430080679e-02 6.722107219e-01
  -5.563318471e-01 1.358566879e-01 -2.737209130e-02
  -1.378397028e-01 -9.320187898e-01 1.279312208e-01
 Node:         43
  0.1258E+03  0.1217E+03  0.4915E+03 -0.9866E-04
  -1.973E-4
   1.919E-16
  -1.973E-4
  -2.399E-17
   1.216E-36
  -1.973E-4
  -2.042789049e-01
  -2.042789049e-01
  -2.042789049e-01
  0.000000000e+00
  -2.042789049e-01
  0.000000000e+00
  8.822941614e-01 1.443954352e-01 -5.026934183e-02
  -3.706957537e-01 6.112725053e-01 -4.485837580e-02
  1.632474522e-02 -6.982697983e-02 9.883668790e-01
 Node:         44
  0.1259E+03  0.1220E+03  0.5059E+03 -0.9866E-04
  -1.973E-4
   2.399E-16
  -1.973E-4
   1.679E-16
   1.919E-16
  -1.973E-4
  -2.042789049e-01
  -2.042789049e-01
  -2.042789049e-01
  0.000000000e+00
  -2.042789049e-01
  0.000000000e+00
  -2.358257962e-01 -2.118459660e-01 -4.828516985e-01
  -5.737609342e-01 -4.598434183e-01 4.792475584e-01
  5.454191083e-01 -6.288666667e-01 4.007541401e-02
 Node:         45
  0.1261E+03  0.1221E+03  0.5198E+03 -0.9866E-04
  -1.973E-4
  -1.44E-16
  -1.973E-4
   4.798E-17
  -1.2E-17
  -1.973E-4
  -2.042789049e-01
  -2.042789049e-01
  -2.042789049e-01
  0.000000000e+00
  -2.042789049e-01
  0.000000000e+00
  7.409698514e-02 -3.574353503e-02 9.953633758e-01
  -9.436560510e-01 1.409803609e-01 7.640618896e-02
  -1.441198514e-01 -9.452618896e-01 -2.382839809e-02
 Node:         46
  0.1117E+03  0.1296E+03  0.4959E+03  0.0000E+00
  -2.467E-16
   4.797E-17
  -7.401E-16
   1.199E-17
  -4.497E-17
   0.0
  3.057000000e-18
  -2.423000000e-16
  -7.476000000e-16
  6.629532710e-16
  -3.289476667e-16
  3.125191690e-16
  3.676000000e-02 -5.800000000e-02 9.976000000e-01
  9.946000000e-01 9.864000000e-02 -3.092000000e-02
  -9.662000000e-02 9.934000000e-01 6.131000000e-02
 Node:         47
  0.1107E+03  0.1269E+03  0.5087E+03  0.0000E+00
  -7.401E-16
  -5.397E-17
   4.934E-16
  -4.797E-17
   6.896E-17
   0.0
  5.058000000e-16
  -7.273000000e-18
  -7.452000000e-16
  1.089215580e-15
  -8.222433333e-17
  5.134611487e-16
  -4.821000000e-02 9.891000000e-01 1.394000000e-01
  -5.424000000e-02 -1.420000000e-01 9.884000000e-01
  -9.974000000e-01 -4.009000000e-02 -6.049000000e-02
 Node:         48
  0.1125E+03  0.1242E+03  0.5208E+03  0.0000E+00
   4.934E-16
   5.997E-18
   4.934E-16
   0.0
  -2.998E-18
   4.934E-16
  5.001000000e-16
  4.934000000e-16
  4.867000000e-16
  1.160474041e-17
  4.934000000e-16
  5.470527092e-18
  -6.325000000e-01 -7.071000000e-01 3.162000000e-01
  4.472000000e-01 -2.276000000e-15 8.944000000e-01
  6.325000000e-01 -7.071000000e-01 -3.162000000e-01
 Node:         49
  0.1186E+03  0.1311E+03  0.4938E+03  0.0000E+00
  -7.401E-16
  -3.598E-17
   0.0
  -7.196E-17
  -1.049E-17
  -2.467E-16
  1.947000000e-18
  -2.366000000e-16
  -7.523000000e-16
  6.677348644e-16
  -3.289843333e-16
  3.147732338e-16
  4.561000000e-02 -9.985000000e-01 2.894000000e-02
  -1.430000000e-01 2.215000000e-02 9.895000000e-01
  -9.887000000e-01 -4.926000000e-02 -1.418000000e-01
 Node:         50
  0.1180E+03  0.1298E+03  0.5075E+03  0.0000E+00
   0.0
  -2.249E-17
   1.48E-15
  -7.196E-17
   2.155E-17
   9.869E-16
  1.482000000e-15
  9.910000000e-16
  -5.513000000e-18
  1.312785985e-15
  8.224956667e-16
  6.188532481e-16
  1.739000000e-02 -9.988000000e-01 -4.603000000e-02
  -7.128000000e-02 -4.716000000e-02 9.963000000e-01
  9.973000000e-01 1.405000000e-02 7.201000000e-02
 Node:         51
  0.1192E+03  0.1275E+03  0.5206E+03  0.0000E+00
   0.0
  -5.997E-18
  -2.467E-16
   0.0
   2.549E-17
   4.934E-16
  4.943000000e-16
  1.449000000e-19
  -2.477000000e-16
  6.542860068e-16
  8.224830000e-17
  3.084333815e-16
  -4.170000000e-04 3.438000000e-02 9.994000000e-01
  9.997000000e-01 -2.416000000e-02 1.248000000e-03
  2.418000000e-02 9.991000000e-01 -3.436000000e-02
 Node:         52
  0.1262E+03  0.1305E+03  0.4920E+03  0.0000E+00
   4.934E-16
  -2.399E-17
   4.934E-16
   2.249E-18
   8.48E-18
   0.0
  5.175000000e-16
  4.696000000e-16
  -1.600000000e-19
  4.954496661e-16
  3.289800000e-16
  2.335572124e-16
  -7.061000000e-01 7.080000000e-01 8.534000000e-03
  7.081000000e-01 7.060000000e-01 1.614000000e-02
  -5.403000000e-03 -1.744000000e-02 9.998000000e-01
 Node:         53
  0.1258E+03  0.1304E+03  0.5063E+03  0.0000E+00
  -7.401E-16
  -2.998E-18
  -4.934E-16
   4.797E-17
   5.847E-17
  -9.869E-16
  -4.866000000e-16
  -7.314000000e-16
  -1.002000000e-15
  4.465358664e-16
  -7.400000000e-16
  2.104990261e-16
  1.040000000e-02 9.931000000e-01 1.171000000e-01
  -9.836000000e-01 3.123000000e-02 -1.776000000e-01
  -1.800000000e-01 -1.133000000e-01 9.771000000e-01
 Node:         54
  0.1265E+03  0.1288E+03  0.5200E+03  0.0000E+00
  -9.869E-16
   3.598E-17
   4.934E-16
   0.0
  -7.496E-18
   4.934E-16
  5.014000000e-16
  4.864000000e-16
  -9.877000000e-16
  1.481656947e-15
  3.333333333e-20
  6.984597833e-16
  1.758000000e-02 7.272000000e-01 -6.862000000e-01
  1.675000000e-02 6.860000000e-01 7.274000000e-01
  -9.997000000e-01 2.428000000e-02 1.229000000e-04
 Node:         55
  0.1382E+03  0.1168E+03  0.4541E+03  0.1732E-02
   0.07958
  -0.03017
   0.02659
   0.006409
   0.06239
   0.01545
  1.015741507e-01
  5.228792251e-02
  -4.202507643e-02
  1.271138486e-01
  3.727899894e-02
  5.992204287e-02
  -3.288790870e-01 4.778428875e-01 3.449446921e-01
  6.357643312e-01 1.451083546e-01 3.111125265e-01
  -1.349754777e-01 -4.196415074e-01 4.532538217e-01
 Node:         56
  0.1314E+03  0.1156E+03  0.4693E+03  0.1732E-02
   0.07938
   0.003034
   0.01442
   0.04247
   0.004381
   0.003873
  8.323032378e-02
  2.232044161e-02
  -1.554074076e-02
  8.637913421e-02
  3.000334154e-02
  4.071951437e-02
  -9.225198514e-01 3.113945011e-02 -3.606275265e-01
  5.051354565e-02 2.765266454e-01 3.651546391e-01
  -7.185350318e-02 2.588291826e-01 -1.855794480e-01
 Node:         57
  0.1285E+03  0.1140E+03  0.4824E+03  0.1732E-02
   0.09782
   0.017
   0.003154
   0.01373
  -0.009425
   0.002764
  8.723641189e-02
  1.402996444e-02
  -4.572493206e-03
  8.426415592e-02
  3.223129437e-02
  3.972250404e-02
  -1.011274204e+00 -1.859212420e-01 -1.505228335e-01
  -5.061405945e-03 -6.136319533e-01 6.324427813e-01
  -2.469146603e-01 5.614552017e-01 7.867651146e-01
 Node:         58
  0.1488E+03  0.1179E+03  0.4538E+03  0.1732E-02
   0.07576
  -0.09724
   0.04992
  -0.01332
   0.05057
   0.004199
  1.677880361e-01
  9.691963907e-03
  -4.347906879e-02
  1.902890780e-01
  4.466697707e-02
  8.970313163e-02
  -6.813873673e-01 6.824529724e-01 2.644436306e-01
  5.362111465e-01 2.278174098e-01 7.935152866e-01
  -4.911113588e-01 -6.955341826e-01 5.359222930e-01
 Node:         59
  0.1422E+03  0.1168E+03  0.4697E+03  0.1732E-02
   0.07942
  -0.08172
   0.03262
   0.01073
   0.02539
  -6.746E-4
  1.421938747e-01
  1.013846656e-02
  -3.787599469e-02
  1.618941797e-01
  3.815211553e-02
  7.631764822e-02
  -7.664373673e-01 6.244020170e-01 8.519784289e-02
  1.548078556e-01 3.886157113e-02 3.941581741e-01
  -2.120726115e-01 -4.662348408e-01 3.020201699e-01
 Node:         60
  0.1375E+03  0.1150E+03  0.4833E+03  0.1732E-02
   0.09913
  -0.01262
   0.007085
   0.01049
  -0.00133
   0.002402
  8.969980892e-02
  1.032701231e-02
  3.484501062e-04
  8.487672433e-02
  3.345842378e-02
  4.001127156e-02
  -9.864661359e-01 1.717073036e-01 -7.166272824e-02
  2.983631635e-01 9.121984076e-01 3.372598726e-01
  -2.100725053e-01 -3.409601911e-01 8.225090234e-01
 Node:         61
  0.1559E+03  0.1225E+03  0.4528E+03  0.1732E-02
   0.08989
  -0.09993
   0.03035
  -0.07081
   0.09198
  -0.02122
  2.192519002e-01
  -1.792546539e-02
  -6.412918900e-02
  2.634529851e-01
  4.573241527e-02
  1.241929282e-01
  -7.512200637e-01 5.817070064e-01 4.219860510e-01
  5.744799682e-01 4.081035032e-01 6.872834395e-01
  -7.821325902e-02 -4.102876858e-01 3.600408068e-01
 Node:         62
  0.1496E+03  0.1206E+03  0.4696E+03  0.1732E-02
   0.1035
  -0.154
   0.02921
  -0.0327
   0.05595
  -0.01829
  2.585082484e-01
  -1.619461051e-02
  -8.367828662e-02
  3.139211068e-01
  5.287845042e-02
  1.479838289e-01
  -7.863964968e-01 5.896988323e-01 1.940455414e-01
  4.467006369e-02 -6.843614119e-02 2.576988323e-01
  1.526819533e-01 2.175335456e-01 3.158736200e-02
 Node:         63
  0.1437E+03  0.1181E+03  0.4838E+03  0.1732E-02
   0.1071
  -0.04011
   0.008895
   7.964E-4
   9.649E-4
  -6.024E-5
  1.138109766e-01
  6.513070064e-03
  -8.837765499e-03
  1.159048256e-01
  3.716209374e-02
  5.463805879e-02
  -9.363153928e-01 3.580009554e-01 1.428280255e-02
  1.057075372e-01 2.438601008e-01 -2.103372611e-01
  -3.388073248e-02 1.835562633e-02 2.820709130e-01
 Node:         64
  0.1415E+03  0.1252E+03  0.4522E+03  0.1732E-02
   0.08329
   0.02244
   0.02637
  -0.03629
   0.02772
  -5.82E-4
  8.256092357e-02
  4.202428769e-02
  -2.256247909e-02
  9.278131798e-02
  3.400757739e-02
  4.373753274e-02
  -2.731654989e-01 1.065006369e-01 1.681348301e-01
  6.018592675e-02 6.961221975e-01 3.070286412e-01
  -6.475679406e-02 -6.031602972e-02 4.108868790e-02
 Node:         65
  0.1343E+03  0.1229E+03  0.4683E+03  0.1732E-02
   0.08949
  -0.006044
   0.02178
  -0.01312
   0.01278
   5.969E-4
  8.526441083e-02
  1.887273832e-02
  -2.746492357e-03
  7.996686806e-02
  3.379688560e-02
  3.769674312e-02
  -9.251372611e-01 1.693384820e-01 1.665133227e-01
  2.522550573e-01 6.054177282e-01 2.724179490e-01
  3.605481953e-02 5.024723992e-02 1.814079618e-01
 Node:         66
  0.1299E+03  0.1214E+03  0.4825E+03  0.1732E-02
   0.1025
  -0.005316
   0.006224
   0.00414
  -0.003071
   0.002882
  8.856502017e-02
  9.925790977e-03
  4.130018577e-03
  8.171584520e-02
  3.420694324e-02
  3.852121885e-02
  -1.013892251e+00 6.112705732e-02 -5.568930998e-02
  3.351583864e-02 5.506306900e-01 -1.870726115e-01
  -1.688036106e-01 9.173779193e-03 9.226180679e-01
 Node:         67
  0.1503E+03  0.1245E+03  0.4521E+03  0.1732E-02
   0.08285
  -0.05401
   0.0246
  -0.0315
   0.02254
   0.005026
  1.150903503e-01
  -2.383780149e-03
  -6.981097028e-03
  1.198342024e-01
  3.524182438e-02
  5.649038477e-02
  -7.986916136e-01 5.264809979e-01 3.006535563e-01
  2.653031423e-01 2.841934501e-01 1.987341826e-01
  -2.994865180e-01 -7.465987261e-01 4.695020594e-01
 Node:         68
  0.1435E+03  0.1225E+03  0.4688E+03  0.1732E-02
   0.09235
  -0.1099
   0.02442
  -0.02846
   0.02963
   0.003528
  1.785484766e-01
  -3.085550743e-03
  -4.699705308e-02
  2.071565379e-01
  4.282195761e-02
  9.765452848e-02
  -7.917094480e-01 5.750009554e-01 2.082289809e-01
  2.508730401e-01 -1.264452229e-02 9.723307856e-01
  5.604411890e-01 8.228525478e-01 -1.329371645e-01
 Node:         69
  0.1380E+03  0.1205E+03  0.4831E+03  0.1732E-02
   0.1041
  -0.03043
   0.008332
  -0.00395
   0.006838
   0.003351
  1.013826911e-01
  7.867207856e-03
  -1.532857601e-03
  9.856826889e-02
  3.590568045e-02
  4.646552756e-02
  -9.556511677e-01 2.999268577e-01 6.243509554e-02
  2.374579724e-01 5.975729512e-01 7.272815287e-01
  -3.277357749e-01 -9.070111465e-01 5.519571444e-01
 Node:         70
  0.1561E+03  0.1246E+03  0.4524E+03  0.1732E-02
   0.08608
  -0.06708
   0.006198
  -0.08646
   0.05465
   0.01792
  1.784527495e-01
  -2.217136720e-02
  -3.619721444e-02
  2.080258457e-01
  4.002805594e-02
  9.806432410e-02
  -7.476855626e-01 4.381058386e-01 5.034267516e-01
  6.984608280e-01 7.802910828e-01 3.386783439e-01
  2.917718790e-01 -5.622853185e-01 9.930176221e-01
 Node:         71
  0.1498E+03  0.1225E+03  0.4694E+03  0.1732E-02
   0.1002
  -0.153
   0.0168
  -0.1078
   0.07788
   0.008655
  2.889372187e-01
  -4.144486779e-02
  -7.681020488e-02
  3.494834051e-01
  5.689404867e-02
  1.647480571e-01
  -7.563840764e-01 5.243217622e-01 3.933175159e-01
  2.911273248e-02 -2.571810085e-01 3.701972399e-01
  1.987470276e-01 1.343971338e-01 2.355519745e-01
 Node:         72
  0.1435E+03  0.1199E+03  0.4837E+03  0.1732E-02
   0.1069
  -0.048
   0.007904
  -0.01949
   0.01579
   0.004015
  1.218857166e-01
  2.731760191e-03
  -1.028406900e-02
  1.262102829e-01
  3.811113592e-02
  5.949609792e-02
  -9.044954352e-01 3.826259023e-01 1.919985138e-01
  2.887070064e-01 3.252526645e-01 7.485845011e-01
  -3.160740977e-01 -8.471537155e-01 3.685011677e-01
 Node:         73
  0.1449E+03  0.1339E+03  0.4513E+03  0.0000E+00
   0.1088
  -0.02823
  -0.01496
   0.009457
  -0.01231
   0.01375
  1.021675924e-01
  1.302872389e-02
  -1.758602760e-02
  1.077058372e-01
  3.253676288e-02
  5.077301856e-02
  -1.069046603e+00 2.100398089e-01 -8.213903185e-02
  1.795410722e-02 -1.381722930e-02 3.076178344e-01
  1.293883652e-01 1.028749257e+00 1.561265817e-01
 Node:         74
  0.1371E+03  0.1304E+03  0.4679E+03  0.0000E+00
   0.122
  -0.02217
  -0.007536
   0.008453
  -0.0188
   0.009164
  1.152238822e-01
  1.452540908e-02
  -1.657311146e-02
  1.196029063e-01
  3.772539326e-02
  5.638135075e-02
  -9.986020170e-01 1.379715711e-01 -8.597647558e-02
  1.314929512e-01 3.398969639e-01 -4.840116773e-01
  7.507816348e-02 8.943835456e-01 4.445138217e-01
 Node:         75
  0.1314E+03  0.1289E+03  0.4826E+03  0.0000E+00
   0.1075
  -0.008451
  -9.797E-4
  -0.005884
  -0.003701
   5.71E-4
  9.273182378e-02
  2.879481353e-03
  -3.884180255e-03
  9.340339576e-02
  3.057570829e-02
  4.403078302e-02
  -1.014649575e+00 8.549335456e-02 6.950968259e-02
  4.048727176e-03 -4.333388641e-01 6.082364119e-01
  1.061705308e-01 8.206026539e-01 5.668587580e-01
 Node:         76
  0.1517E+03  0.1313E+03  0.4512E+03  0.0000E+00
   0.109
  -0.04348
  -0.0202
  -0.009799
   0.04075
   0.02025
  1.127723185e-01
  3.062922792e-02
  -3.786786412e-02
  1.309203704e-01
  3.517789409e-02
  6.171645449e-02
  -1.018182909e+00 3.581562420e-01 2.190743100e-01
  3.708366401e-01 5.463250743e-01 8.848529724e-01
  -8.999755839e-02 -3.885167728e-01 1.224887049e-01
 Node:         77
  0.1448E+03  0.1283E+03  0.4682E+03  0.0000E+00
   0.1336
  -0.001228
  -0.01059
  -0.004347
   0.0297
   0.008389
  1.265991189e-01
  2.302813946e-02
  -2.425792675e-02
  1.336998036e-01
  4.178977720e-02
  6.302669184e-02
  -1.005140658e+00 -6.789278132e-04 3.123969851e-02
  6.925555839e-02 4.986527601e-01 5.083666667e-01
  -2.110225159e-02 2.018192144e-01 -1.920389066e-01
 Node:         78
  0.1385E+03  0.1261E+03  0.4829E+03  0.0000E+00
   0.1128
   0.007284
  -7.777E-4
  -0.003705
   5.262E-5
   3.668E-4
  9.900941826e-02
  6.490981104e-04
  -2.091711996e-03
  9.971389797e-02
  3.252226812e-02
  4.700558229e-02
  -1.009943206e+00 -6.106523142e-02 4.934379936e-02
  -2.951755839e-02 2.820373355e-01 4.361728238e-01
  -4.263599788e-02 9.251964968e-01 -2.291337898e-02
 Node:         79
  0.1561E+03  0.1266E+03  0.4520E+03  0.0000E+00
   0.1092
   0.09934
   0.01459
   0.0132
  -0.003877
  -0.06372
  2.086322389e-01
  -2.776961783e-02
  -5.493744374e-02
  2.511598786e-01
  4.197505909e-02
  1.183979022e-01
  -1.036163588e+00 -4.795657431e-01 7.710105839e-02
  1.212027707e-01 -5.795371550e-02 7.610402335e-01
  -5.964594480e-01 7.573887473e-01 -7.009585987e-02
 Node:         80
  0.1499E+03  0.1244E+03  0.4691E+03  0.0000E+00
   0.138
   0.08224
   0.005457
   0.02477
  -0.002262
  -0.05235
  2.125720340e-01
  -2.242347028e-02
  -3.944362633e-02
  2.439706589e-01
  5.023497912e-02
  1.150088715e-01
  -9.328404459e-01 -3.905839703e-01 -3.875480170e-02
  2.338611040e-01 -6.970412314e-01 8.854685775e-01
  -2.507337792e-01 5.295818471e-01 3.267242251e-01
 Node:         81
  0.1433E+03  0.1218E+03  0.4836E+03  0.0000E+00
   0.1141
   0.01647
   2.379E-4
   0.004204
   8.065E-4
  -0.006859
  1.060132261e-01
  -2.555718365e-03
  -5.798110403e-03
  1.102021495e-01
  3.255313245e-02
  5.194979145e-02
  -9.990529724e-01 -1.454558386e-01 -2.912837580e-02
  -1.236599085e-01 7.963271762e-01 6.801219745e-02
  -2.126125754e-02 2.493148620e-02 9.376484076e-01
 Node:         82
  0.1267E+03  0.1149E+03  0.4574E+03 -0.3181E-01
   0.02304
  -0.02382
  -0.05422
   0.01198
   0.04736
  -0.06147
  3.517122028e-02
  -1.143229193e-02
  -8.284704533e-02
  1.045996860e-01
  -1.970270566e-02
  4.930876486e-02
  -2.025657113e-01 2.160293185e-01 1.322500637e-01
  3.074033652e-01 4.077639490e-01 4.385612527e-01
  -1.786497877e-01 -4.701808917e-01 3.581541401e-01
 Node:         83
  0.1234E+03  0.1130E+03  0.4726E+03 -0.3181E-01
   0.01932
   1.726E-4
  -0.05979
   0.07273
   0.01876
  -0.07284
  5.651932590e-02
  -4.330639172e-02
  -8.557874926e-02
  1.264368248e-01
  -2.412193836e-02
  5.960289082e-02
  1.409950106e-01 8.354686518e-02 7.245541401e-02
  -9.267060510e-02 6.172962845e-01 1.131101911e-01
  -8.364649682e-03 1.495910828e-01 -2.532609342e-01
 Node:         84
  0.1187E+03  0.1123E+03  0.4849E+03 -0.3181E-01
   0.03395
   0.001783
  -0.06337
   0.02637
  -0.001046
  -0.07229
  3.886124947e-02
  -4.834600637e-02
  -5.719955839e-02
  9.195222776e-02
  -2.222810510e-02
  4.334669586e-02
  1.702560510e-01 -4.066753715e-03 -1.101796178e-02
  1.821753715e-03 8.021433121e-01 -1.865370064e-01
  -2.122978344e-01 -3.251163482e-02 4.923495754e-01
 Node:         85
  0.1302E+03  0.1162E+03  0.4561E+03 -0.3181E-01
   0.0225
  -0.02018
  -0.05148
   0.02052
   0.06857
  -0.05971
  3.879846343e-02
  4.979772293e-03
  -9.672516773e-02
  1.240825214e-01
  -1.764897734e-02
  5.849306152e-02
  4.297590234e-02 2.733019108e-01 2.423821125e-01
  5.502529512e-02 6.582644374e-01 5.135148620e-01
  -1.864739915e-01 -5.390092357e-01 4.617027601e-01
 Node:         86
  0.1252E+03  0.1138E+03  0.4709E+03 -0.3181E-01
   0.02347
   0.04376
  -0.03829
   0.1438
   0.06154
  -0.07047
  1.400174512e-01
  -4.228716773e-02
  -1.197790068e-01
  2.321318273e-01
  -7.349574452e-03
  1.094279928e-01
  2.181836518e-01 6.784946921e-02 7.325467091e-02
  4.523386412e-02 4.412681529e-01 -1.177131635e-01
  -2.256511677e-01 1.515680467e-02 1.267223992e-01
 Node:         87
  0.1217E+03  0.1126E+03  0.4834E+03 -0.3181E-01
   0.03192
   0.001019
  -0.06286
   0.03367
  -0.005392
  -0.07148
  4.010971231e-02
  -4.689753291e-02
  -6.045458705e-02
  9.453869412e-02
  -2.241413588e-02
  4.456596780e-02
  1.612717622e-01 -1.023428344e-02 7.702823779e-03
  1.124880998e-01 1.145704671e+00 -2.762575541e-01
  -1.584595117e-01 8.263560510e-02 1.136507431e-02
 Node:         88
  0.1338E+03  0.1169E+03  0.4544E+03 -0.3181E-01
   0.009734
  -0.03055
  -0.05406
   0.01499
   0.09233
  -0.04658
  5.519647611e-02
  9.832842505e-03
  -1.161256072e-01
  1.545857417e-01
  -1.703209620e-02
  7.287241750e-02
  -3.167640658e-01 5.373212314e-01 4.482717622e-01
  4.480245648e-01 2.005279459e-01 3.224509979e-01
  -1.282708068e-01 -2.965059448e-01 1.994405839e-01
 Node:         89
  0.1270E+03  0.1150E+03  0.4693E+03 -0.3181E-01
   0.00571
   0.0124
  -0.05837
   0.0594
   0.02228
  -0.06572
  4.255952760e-02
  -4.447902335e-02
  -7.919304650e-02
  1.090877979e-01
  -2.703751408e-02
  5.142448111e-02
  1.269428875e-01 1.334036518e-01 1.144417304e-01
  -1.522670573e-01 7.795864119e-01 1.978248408e-01
  -2.508935244e-01 -5.386799363e-02 2.617495754e-01
 Node:         90
  0.1248E+03  0.1132E+03  0.4822E+03 -0.3181E-01
   0.02887
   0.01944
  -0.0653
   0.01748
  -0.009575
  -0.06554
  3.406682006e-02
  -4.197845626e-02
  -6.065015287e-02
  8.702441615e-02
  -2.285392969e-02
  4.102370319e-02
  1.629424628e-01 7.004064756e-03 -3.660615711e-04
  -2.487189130e-02 1.957110403e-01 -1.679556263e-01
  -2.643957749e-01 6.200714437e-01 7.394080679e-01
 Node:         91
  0.1261E+03  0.1265E+03  0.4551E+03 -0.3181E-01
   0.01634
   0.0405
  -0.0367
  -0.01188
   0.06856
  -0.06364
  4.899787155e-02
  -5.889607219e-04
  -9.601358955e-02
  1.307360519e-01
  -1.586822624e-02
  6.162956587e-02
  -5.473007431e-01 -1.070443737e-01 5.631953291e-02
  8.095630860e-01 -7.503910828e-02 -3.716842282e-01
  1.134734395e-01 -7.533645435e-01 7.665004246e-01
 Node:         92
  0.1210E+03  0.1235E+03  0.4727E+03 -0.3181E-01
   0.01791
   0.002534
  -0.0502
   0.00693
   0.04664
  -0.05732
  3.131253928e-02
  -1.273358769e-02
  -7.750699342e-02
  9.673832383e-02
  -1.964268061e-02
  4.560288319e-02
  5.696117834e-01 1.483773673e-01 1.467990340e-01
  4.219127601e-02 7.137518047e-01 6.154174098e-01
  -6.462891720e-02 -5.909802548e-01 5.826200637e-01
 Node:         93
  0.1159E+03  0.1217E+03  0.4877E+03 -0.3181E-01
   0.03403
  -0.004469
  -0.06268
   0.009165
   0.01078
  -0.06436
  3.409580584e-02
  -3.950857452e-02
  -5.573686624e-02
  8.301261842e-02
  -2.038321164e-02
  3.913252360e-02
  -6.983630573e-02 3.546843312e-02 1.234497877e-02
  1.044291083e-01 -1.424936306e-01 1.027782378e-01
  1.065934472e-01 2.455397028e-01 -2.126212314e-01
 Node:         94
  0.1316E+03  0.1267E+03  0.4540E+03 -0.3181E-01
   0.01222
   0.03889
  -0.03336
  -0.03844
   0.06433
  -0.05637
  4.396653185e-02
  9.035124735e-03
  -9.538811030e-02
  1.280877290e-01
  -1.412881791e-02
  6.038113450e-02
  2.041614650e-01 -2.881375796e-02 -6.654057325e-02
  3.083904883e-01 4.993792994e-01 2.314448620e-01
  1.958593418e-01 -4.777795117e-01 6.062352442e-01
 Node:         95
  0.1251E+03  0.1237E+03  0.4708E+03 -0.3181E-01
   0.01113
  -0.002485
  -0.04688
  -0.00317
   0.03266
  -0.05112
  2.540245594e-02
