 Group name: predicted_stress_L4A3
 #Fields=  16
 1) coordinates, coordinate, rectangular cartesian, #Components=3
   x.  Value index= 1, #Derivatives=0
   y.  Value index= 2, #Derivatives=0
   z.  Value index= 3, #Derivatives=0
 2) Tensor_1, field, rectangular cartesian, #Components=1
   Tensor_1.  Value index= 4, #Derivatives=0
 3) Tensor_2, field, rectangular cartesian, #Components=1
   Tensor_2.  Value index= 5, #Derivatives=0
 4) Tensor_3, field, rectangular cartesian, #Components=1
   Tensor_3.  Value index= 6, #Derivatives=0
 5) Tensor_4, field, rectangular cartesian, #Components=1
   Tensor_4.  Value index= 7, #Derivatives=0
 6) Tensor_5, field, rectangular cartesian, #Components=1
   Tensor_5.  Value index= 8, #Derivatives=0
 7) Tensor_6, field, rectangular cartesian, #Components=1
   Tensor_6.  Value index= 9, #Derivatives=0
 8) Principal_1, field, rectangular cartesian, #Components=1
   Principal_1.  Value index= 10, #Derivatives=0
 9) Principal_2, field, rectangular cartesian, #Components=1
   Principal_2.  Value index= 11, #Derivatives=0
 10) Principal_3, field, rectangular cartesian, #Components=1
   Principal_3.  Value index= 12, #Derivatives=0
 11) VonMises, field, rectangular cartesian, #Components=1
   VonMises.  Value index= 13, #Derivatives=0
 12) Hydrostatic, field, rectangular cartesian, #Components=1
   VonMises.  Value index= 14, #Derivatives=0
 13) Octahedral, field, rectangular cartesian, #Components=1
   VonMises.  Value index= 15, #Derivatives=0
 14) PrincipalVector1, field, rectangular cartesian, #Components=3
   x.  Value index= 16, #Derivatives=0
   y.  Value index= 17, #Derivatives=0
   z.  Value index= 18, #Derivatives=0
 15) PrincipalVector2, field, rectangular cartesian, #Components=3
   x.  Value index= 19, #Derivatives=0
   y.  Value index= 20, #Derivatives=0
   z.  Value index= 21, #Derivatives=0
 16) PrincipalVector3, field, rectangular cartesian, #Components=3
   x.  Value index= 22, #Derivatives=0
   y.  Value index= 23, #Derivatives=0
   z.  Value index= 24, #Derivatives=0
 Node:          1
  0.1287E+03  0.1133E+03  0.4908E+03 -0.3797E-04
  -7.593E-5
  -1.439E-16
  -7.593E-5
  -4.798E-17
  -7.197E-17
  -7.593E-5
  -1.359304291e-02
  -1.359304291e-02
  -1.359304291e-02
  0.000000000e+00
  -1.359304291e-02
  0.000000000e+00
  9.282009881e-01 -2.451033597e-01 -2.756535573e-02
  2.456911067e-01 9.507001976e-01 -1.826110672e-01
  7.336869565e-02 1.695743083e-01 9.815885375e-01
 Node:          2
  0.1292E+03  0.1137E+03  0.5052E+03 -0.3797E-04
  -7.593E-5
  -1.919E-16
  -7.593E-5
  -9.595E-17
   3.358E-16
  -7.593E-5
  -1.359304291e-02
  -1.359304291e-02
  -1.359304291e-02
  0.000000000e+00
  -1.359304291e-02
  0.000000000e+00
  7.198256917e-01 -3.254478261e-01 -1.624416996e-01
  3.813021739e-01 6.749954545e-01 3.388090909e-01
  -8.852063241e-04 -4.548498024e-01 8.904814229e-01
 Node:          3
  0.1289E+03  0.1155E+03  0.5194E+03 -0.3797E-04
  -7.593E-5
   2.399E-16
  -7.593E-5
   1.919E-16
   9.595E-17
  -7.593E-5
  -1.359304291e-02
  -1.359304291e-02
  -1.359304291e-02
  0.000000000e+00
  -1.359304291e-02
  0.000000000e+00
  -4.054359684e-01 -8.751450593e-01 -2.629511858e-01
  4.920171937e-01 -4.518047431e-01 7.439551383e-01
  7.700602767e-01 -1.724478261e-01 -6.136749012e-01
 Node:          4
  0.1361E+03  0.1141E+03  0.4915E+03 -0.3797E-04
  -7.593E-5
  -4.798E-17
  -7.593E-5
  -4.798E-17
  -1.439E-16
  -7.593E-5
  -1.359304291e-02
  -1.359304291e-02
  -1.359304291e-02
  0.000000000e+00
  -1.359304291e-02
  0.000000000e+00
  -4.103800395e-02 -9.167551383e-02 9.948620553e-01
  -9.550110672e-01 9.641650198e-02 -3.027458498e-02
  -9.307624506e-02 -9.513438735e-01 -9.149966403e-02
 Node:          5
  0.1341E+03  0.1144E+03  0.5054E+03 -0.3797E-04
  -7.593E-5
   2.399E-16
  -7.593E-5
   9.595E-17
  -1.199E-16
  -7.593E-5
  -1.359304291e-02
  -1.359304291e-02
  -1.359304291e-02
  0.000000000e+00
  -1.359304291e-02
  0.000000000e+00
  9.963195652e-02 -1.777958498e-01 9.789691700e-01
  7.159007905e-01 6.959786561e-01 5.355223320e-02
  -6.909330040e-01 6.955782609e-01 1.967243083e-01
 Node:          6
  0.1323E+03  0.1162E+03  0.5191E+03 -0.3797E-04
  -7.593E-5
   9.595E-17
  -7.593E-5
  -9.595E-17
  -4.798E-17
  -7.593E-5
  -1.359304291e-02
  -1.359304291e-02
  -1.359304291e-02
  0.000000000e+00
  -1.359304291e-02
  0.000000000e+00
  -7.121768775e-01 -6.958590909e-01 9.099569170e-02
  5.555990119e-01 -5.837857708e-01 -3.352689723e-02
  8.681559289e-02 4.092853755e-02 9.952003953e-01
 Node:          7
  0.1408E+03  0.1171E+03  0.4920E+03 -0.3797E-04
  -7.593E-5
   3.838E-16
  -7.593E-5
  -1.439E-16
  -1.919E-16
  -7.593E-5
  -1.359304291e-02
  -1.359304291e-02
  -1.359304291e-02
  0.000000000e+00
  -1.359304291e-02
  0.000000000e+00
  8.338762846e-01 4.592450593e-01 -1.232217391e-01
  -4.922733202e-01 8.620393281e-01 -1.161436166e-01
  5.494683794e-02 1.637106719e-01 9.849229249e-01
 Node:          8
  0.1367E+03  0.1169E+03  0.5055E+03 -0.3797E-04
  -7.593E-5
   3.358E-16
  -7.593E-5
  -6.957E-16
  -4.078E-16
  -7.593E-5
  -1.359304291e-02
  -1.359304291e-02
  -1.359304291e-02
  0.000000000e+00
  -1.359304291e-02
  0.000000000e+00
  -5.965221344e-01 -6.114247036e-01 2.605476285e-01
  6.218393281e-01 -6.415278656e-01 -5.767464427e-02
  2.605082806e-01 1.031828063e-01 9.530175889e-01
 Node:          9
  0.1339E+03  0.1180E+03  0.5191E+03 -0.3797E-04
  -7.593E-5
   2.879E-16
  -7.593E-5
  -6.837E-16
  -4.798E-16
  -7.593E-5
  -1.359304291e-02
  -1.359304291e-02
  -1.359304291e-02
  0.000000000e+00
  -1.359304291e-02
  0.000000000e+00
  2.955719368e-01 1.866654150e-01 -7.709207510e-01
  8.970612648e-01 1.139895257e-01 2.617828063e-01
  -1.679617194e-01 8.368998024e-01 1.448533597e-01
 Node:         10
  0.1294E+03  0.1212E+03  0.4911E+03 -0.3797E-04
  -7.593E-5
   4.798E-17
  -7.593E-5
  -2.399E-17
   2.159E-16
  -7.593E-5
  -1.359304291e-02
  -1.359304291e-02
  -1.359304291e-02
  0.000000000e+00
  -1.359304291e-02
  0.000000000e+00
  2.401094862e-02 5.920409091e-01 6.051557312e-01
  1.632603360e-01 6.834428854e-01 -7.093581028e-01
  -7.925970356e-01 1.235814249e-01 -9.161233202e-02
 Node:         11
  0.1295E+03  0.1214E+03  0.5055E+03 -0.3797E-04
  -7.593E-5
  -4.798E-17
  -7.593E-5
  -7.197E-17
   2.399E-17
  -7.593E-5
  -1.359304291e-02
  -1.359304291e-02
  -1.359304291e-02
  0.000000000e+00
  -1.359304291e-02
  0.000000000e+00
  -2.488579051e-01 1.144541107e-01 8.536500000e-01
  -5.320770751e-01 6.354041502e-01 -2.417517787e-01
  7.093579051e-01 5.483754941e-01 1.230507905e-01
 Node:         12
  0.1295E+03  0.1217E+03  0.5196E+03 -0.3797E-04
  -7.593E-5
  -6.434E-37
  -7.593E-5
   1.319E-16
   4.798E-17
  -7.593E-5
  -1.359304291e-02
  -1.359304291e-02
  -1.359304291e-02
  0.000000000e+00
  -1.359304291e-02
  0.000000000e+00
  -2.418079051e-01 -8.602502372e-02 -9.663017787e-01
  -3.313488142e-01 8.946466403e-01 4.463695002e-03
  2.635909091e-02 3.634407115e-02 -1.140177866e-02
 Node:         13
  0.1361E+03  0.1199E+03  0.4914E+03 -0.3797E-04
  -7.593E-5
  -2.399E-16
  -7.593E-5
  -1.679E-16
   4.798E-17
  -7.593E-5
  -1.359304291e-02
  -1.359304291e-02
  -1.359304291e-02
  0.000000000e+00
  -1.359304291e-02
  0.000000000e+00
  8.833644269e-01 -3.568553360e-01 -1.218752964e-01
  3.708774704e-01 9.282116601e-01 -2.928719368e-02
  1.287059289e-01 -2.013694032e-02 9.914640316e-01
 Node:         14
  0.1342E+03  0.1198E+03  0.5054E+03 -0.3797E-04
  -7.593E-5
   4.798E-17
  -7.593E-5
   9.595E-17
  -1.559E-16
  -7.593E-5
  -1.359304291e-02
  -1.359304291e-02
  -1.359304291e-02
  0.000000000e+00
  -1.359304291e-02
  0.000000000e+00
  9.608747036e-02 -2.639577075e-01 9.595675889e-01
  -2.756617787e-01 -8.932355731e-01 -2.176438735e-01
  -9.147039526e-01 2.435758300e-01 1.586708498e-01
 Node:         15
  0.1330E+03  0.1205E+03  0.5193E+03 -0.3797E-04
  -7.593E-5
  -1.439E-16
  -7.593E-5
   2.399E-17
   8.396E-17
  -7.593E-5
  -1.359304291e-02
  -1.359304291e-02
  -1.359304291e-02
  0.000000000e+00
  -1.359304291e-02
  0.000000000e+00
  9.542379447e-01 -1.079854348e-01 1.164154150e-02
  -2.067806324e-02 -2.828867589e-01 -9.168092885e-01
  1.107407510e-01 9.482729249e-01 -2.946302372e-01
 Node:         16
  0.1404E+03  0.1188E+03  0.4918E+03 -0.3797E-04
  -7.593E-5
   9.595E-17
  -7.593E-5
  -1.439E-16
  -2.519E-16
  -7.593E-5
  -1.359304291e-02
  -1.359304291e-02
  -1.359304291e-02
  0.000000000e+00
  -1.359304291e-02
  0.000000000e+00
  -1.499250988e-01 -2.393523715e-01 9.592355731e-01
  -7.533268775e-01 -5.216577075e-01 -2.487606719e-01
  5.602620553e-01 -7.594972332e-01 -1.039114625e-01
 Node:         17
  0.1365E+03  0.1184E+03  0.5055E+03 -0.3797E-04
  -7.593E-5
   4.798E-17
  -7.593E-5
   1.679E-16
   2.939E-16
  -7.593E-5
  -1.359304291e-02
  -1.359304291e-02
  -1.359304291e-02
  0.000000000e+00
  -1.359304291e-02
  0.000000000e+00
  2.512689723e-01 4.072027668e-01 8.251551383e-01
  8.933387352e-01 -3.342193676e-01 -1.008555945e-01
  -2.526003953e-01 -8.282146245e-01 4.849839921e-01
 Node:         18
  0.1341E+03  0.1191E+03  0.5192E+03 -0.3797E-04
  -7.593E-5
  -8.555E-37
  -7.593E-5
   4.573E-17
   1.84E-16
  -7.593E-5
  -1.359304291e-02
  -1.359304291e-02
  -1.359304291e-02
  0.000000000e+00
  -1.359304291e-02
  0.000000000e+00
  2.349320158e-02 9.015646245e-02 9.438339921e-01
  9.092592885e-01 -1.995814229e-01 -5.863939662e-03
  -2.793907115e-01 -8.194618577e-01 8.189126482e-02
 Node:         19
  0.1301E+03  0.1291E+03  0.4914E+03  0.0000E+00
   4.934E-16
   0.0
   4.934E-16
   3.631E-19
   1.731E-17
  -9.869E-16
  4.936000000e-16
  4.934000000e-16
  -9.871000000e-16
  1.480600010e-15
  -3.333333333e-20
  6.979615383e-16
  -2.097000000e-02 -9.997000000e-01 -1.169000000e-02
  -9.998000000e-01 2.097000000e-02 -8.123000000e-17
  2.452000000e-04 1.169000000e-02 -9.999000000e-01
 Node:         20
  0.1299E+03  0.1291E+03  0.5058E+03  0.0000E+00
   9.869E-16
   0.0
   0.0
   1.799E-17
   3.326E-17
  -2.467E-16
  9.871000000e-16
  4.400000000e-18
  -2.514000000e-16
  1.132478516e-15
  2.467000000e-16
  5.338554923e-16
  -9.999000000e-01 -4.917000000e-04 -1.459000000e-02
  2.401000000e-03 -9.914000000e-01 -1.311000000e-01
  -1.440000000e-02 -1.312000000e-01 9.913000000e-01
 Node:         21
  0.1301E+03  0.1280E+03  0.5197E+03  0.0000E+00
   4.934E-16
   0.0
   0.0
   7.196E-17
   2.549E-17
   4.934E-16
  5.660000000e-16
  4.222000000e-16
  -1.341000000e-18
  5.108528306e-16
  3.289530000e-16
  2.408183338e-16
  -7.039000000e-01 -3.195000000e-02 -7.096000000e-01
  -7.102000000e-01 4.241000000e-02 7.027000000e-01
  -7.642000000e-03 -9.986000000e-01 5.255000000e-02
 Node:         22
  0.1360E+03  0.1256E+03  0.4913E+03  0.0000E+00
  -9.869E-16
   2.399E-17
  -4.934E-16
  -2.399E-17
   1.739E-16
   4.934E-16
  5.234000000e-16
  -5.215000000e-16
  -9.888000000e-16
  1.341069376e-15
  -3.289666667e-16
  6.321861663e-16
  -1.298000000e-02 1.683000000e-01 9.857000000e-01
  5.935000000e-02 9.841000000e-01 -1.672000000e-01
  -9.982000000e-01 5.633000000e-02 -2.276000000e-02
 Node:         23
  0.1343E+03  0.1253E+03  0.5054E+03  0.0000E+00
   0.0
   3.598E-17
  -1.974E-15
   0.0
   2.271E-16
  -7.401E-16
  6.796000000e-19
  -6.997000000e-16
  -2.015000000e-15
  1.772499637e-15
  -9.046734667e-16
  8.355643418e-16
  9.998000000e-01 1.889000000e-02 5.790000000e-03
  -9.011000000e-03 1.753000000e-01 9.845000000e-01
  1.758000000e-02 -9.843000000e-01 1.754000000e-01
 Node:         24
  0.1336E+03  0.1248E+03  0.5194E+03  0.0000E+00
  -9.869E-16
   2.099E-17
   0.0
   2.399E-17
   1.499E-18
  -7.401E-16
  4.516000000e-19
  -7.379000000e-16
  -9.896000000e-16
  8.912682385e-16
  -5.756828000e-16
  4.201478769e-16
  -2.132000000e-02 -9.998000000e-01 -2.714000000e-03
  9.549000000e-02 -4.739000000e-03 9.954000000e-01
  -9.952000000e-01 2.096000000e-02 9.557000000e-02
 Node:         25
  0.1400E+03  0.1206E+03  0.4917E+03  0.0000E+00
   0.0
   4.617E-16
  -4.934E-16
  -1.439E-16
  -2.249E-16
   9.869E-16
  1.067000000e-15
  2.050000000e-16
  -7.785000000e-16
  1.599404030e-15
  1.645000000e-16
  7.539662901e-16
  -2.161000000e-01 -2.016000000e-01 9.553000000e-01
  8.390000000e-01 4.621000000e-01 2.874000000e-01
  -4.994000000e-01 8.636000000e-01 6.929000000e-02
 Node:         26
  0.1363E+03  0.1200E+03  0.5055E+03  0.0000E+00
   9.869E-16
   1.859E-16
  -2.714E-15
   4.797E-17
  -1.943E-15
  -2.467E-16
  1.006000000e-15
  8.090000000e-16
  -3.789000000e-15
  4.699597749e-15
  -6.580000000e-16
  2.215411625e-15
  9.680000000e-01 1.526000000e-01 -1.995000000e-01
  2.481000000e-01 -4.578000000e-01 8.538000000e-01
  -3.892000000e-02 8.759000000e-01 4.809000000e-01
 Node:         27
  0.1343E+03  0.1203E+03  0.5192E+03  0.0000E+00
   9.869E-16
  -3.358E-16
   9.869E-16
  -1.799E-16
   2.27E-15
   0.0
  2.890000000e-15
  9.150000000e-16
  -1.831000000e-15
  4.106639867e-15
  6.580000000e-16
  1.935888599e-15
  -1.931000000e-01 7.658000000e-01 6.135000000e-01
  9.808000000e-01 1.345000000e-01 1.409000000e-01
  2.534000000e-02 6.289000000e-01 -7.771000000e-01
 Node:         28
  0.1155E+03  0.1124E+03  0.4931E+03 -0.2244E-03
  -4.487E-4
   6.6E-17
  -4.487E-4
  -9.6E-17
   9.6E-17
  -4.487E-4
  -8.123110808e-02
  -8.123110808e-02
  -8.123110808e-02
  0.000000000e+00
  -8.123110808e-02
  0.000000000e+00
  2.933148221e-02 9.666324111e-01 1.808901186e-01
  7.012693676e-02 1.965343874e-01 -8.640092885e-01
  -9.567845850e-01 4.409486166e-02 -6.376454545e-02
 Node:         29
  0.1119E+03  0.1139E+03  0.5068E+03 -0.2244E-03
  -4.487E-4
  -3.6E-17
  -4.487E-4
   9.6E-17
   1.2E-17
  -4.487E-4
  -8.123110808e-02
  -8.123110808e-02
  -8.123110808e-02
  0.000000000e+00
  -8.123110808e-02
  0.000000000e+00
  -3.967043478e-02 8.937867589e-01 -7.878618577e-03
  -8.919033597e-01 -2.147328063e-02 -1.791198617e-01
  -1.513942688e-01 1.491521739e-03 8.432021739e-01
 Node:         30
  0.1113E+03  0.1159E+03  0.5206E+03 -0.2244E-03
  -4.487E-4
   2.16E-16
  -4.487E-4
   6.222E-36
  -4.8E-17
  -4.487E-4
  -8.123110808e-02
  -8.123110808e-02
  -8.123110808e-02
  0.000000000e+00
  -8.123110808e-02
  0.000000000e+00
  5.508832016e-01 5.979482213e-01 -5.140274704e-02
  -6.539533597e-01 6.181120553e-01 -3.626245059e-02
  -1.732371542e-02 4.095197628e-02 8.933802372e-01
 Node:         31
  0.1203E+03  0.1126E+03  0.4920E+03 -0.2244E-03
  -4.487E-4
   1.68E-16
  -4.487E-4
   4.8E-17
   7.2E-17
  -4.487E-4
  -8.123110808e-02
  -8.123110808e-02
  -8.123110808e-02
  0.000000000e+00
  -8.123110808e-02
  0.000000000e+00
  -6.093857708e-01 -3.962274704e-01 -4.728555336e-01
  4.543588933e-01 7.925237154e-02 -7.530284585e-01
  3.771458498e-01 -7.874037549e-01 8.639762846e-02
 Node:         32
  0.1188E+03  0.1134E+03  0.5062E+03 -0.2244E-03
  -4.487E-4
  -2.4E-17
  -4.487E-4
  -4.8E-17
   1.68E-16
  -4.487E-4
  -8.123110808e-02
  -8.123110808e-02
  -8.123110808e-02
  0.000000000e+00
  -8.123110808e-02
  0.000000000e+00
  9.109015810e-01 -1.534551383e-02 -3.695861660e-02
  4.114559289e-02 4.137667984e-01 8.543632411e-01
  -2.872346047e-03 -8.938978261e-01 4.437051383e-01
 Node:         33
  0.1183E+03  0.1150E+03  0.5201E+03 -0.2244E-03
  -4.487E-4
   9.6E-17
  -4.487E-4
   1.44E-16
  -8.297E-36
  -4.487E-4
  -8.123110808e-02
  -8.123110808e-02
  -8.123110808e-02
  0.000000000e+00
  -8.123110808e-02
  0.000000000e+00
  7.827181818e-01 1.262393676e-01 2.110721344e-01
  -1.054908702e-02 6.421146245e-01 -4.266833992e-01
  -2.373942688e-01 3.747130435e-01 6.329373518e-01
 Node:         34
  0.1255E+03  0.1129E+03  0.4909E+03 -0.2244E-03
  -4.487E-4
  -9.679E-36
  -4.487E-4
   9.6E-17
   1.68E-16
  -4.487E-4
  -8.123110808e-02
  -8.123110808e-02
  -8.123110808e-02
  0.000000000e+00
  -8.123110808e-02
  0.000000000e+00
  2.841177866e-01 3.920705534e-01 5.161794466e-01
  1.184545455e-01 8.329051383e-03 1.332195924e-02
  -1.889037549e-01 -4.163102767e-01 4.368719368e-01
 Node:         35
  0.1260E+03  0.1135E+03  0.5054E+03 -0.2244E-03
  -4.487E-4
   1.92E-16
  -4.487E-4
   1.92E-16
   4.32E-16
  -4.487E-4
  -8.123110808e-02
  -8.123110808e-02
  -8.123110808e-02
  0.000000000e+00
  -8.123110808e-02
  0.000000000e+00
  7.048239130e-01 4.590144269e-01 4.581525692e-01
  -4.518247036e-01 3.731721344e-01 3.775938735e-01
  9.938356387e-03 -7.117201581e-01 6.997472332e-01
 Node:         36
  0.1257E+03  0.1153E+03  0.5196E+03 -0.2244E-03
  -4.487E-4
  -9.6E-17
  -4.487E-4
  -9.6E-17
   1.44E-16
  -4.487E-4
  -8.123110808e-02
  -8.123110808e-02
  -8.123110808e-02
  0.000000000e+00
  -8.123110808e-02
  0.000000000e+00
  -4.818830040e-01 6.039452569e-01 5.785211462e-01
  7.380913043e-01 2.901389328e-01 3.168373715e-01
  9.593698678e-03 -6.516033597e-01 6.254055336e-01
 Node:         37
  0.1132E+03  0.1210E+03  0.4959E+03 -0.2244E-03
  -4.487E-4
   2.4E-16
  -4.487E-4
  -1.44E-16
   3.12E-16
  -4.487E-4
  -8.123110808e-02
  -8.123110808e-02
  -8.123110808e-02
  0.000000000e+00
  -8.123110808e-02
  0.000000000e+00
  -4.582715415e-01 -7.094711462e-01 -3.056671542e-01
  6.712820158e-01 -2.026416601e-01 -5.170361660e-01
  3.570774704e-01 -5.087577075e-01 6.649580237e-01
 Node:         38
  0.1111E+03  0.1204E+03  0.5085E+03 -0.2244E-03
  -4.487E-4
   1.68E-16
  -4.487E-4
  -4.8E-17
  -1.44E-16
  -4.487E-4
  -8.123110808e-02
  -8.123110808e-02
  -8.123110808e-02
  0.000000000e+00
  -8.123110808e-02
  0.000000000e+00
  1.976306324e-01 9.299019763e-01 -1.351545059e-01
  9.341308300e-01 -2.058624506e-01 -4.578031621e-02
  7.706569170e-02 1.255203557e-01 9.864211462e-01
 Node:         39
  0.1119E+03  0.1201E+03  0.5207E+03 -0.2244E-03
  -4.487E-4
  -1.68E-16
  -4.487E-4
  -1.44E-16
  -1.32E-16
  -4.487E-4
  -8.123110808e-02
  -8.123110808e-02
  -8.123110808e-02
  0.000000000e+00
  -8.123110808e-02
  0.000000000e+00
  8.882551383e-01 -6.916226482e-02 -3.561357708e-01
  3.519326087e-01 -2.048345850e-01 9.110828063e-01
  -1.345805138e-01 -9.353737154e-01 -1.580343874e-01
 Node:         40
  0.1191E+03  0.1220E+03  0.4937E+03 -0.2244E-03
  -4.487E-4
   1.44E-16
  -4.487E-4
   1.44E-16
  -2.4E-17
  -4.487E-4
  -8.123110808e-02
  -8.123110808e-02
  -8.123110808e-02
  0.000000000e+00
  -8.123110808e-02
  0.000000000e+00
  3.961824111e-01 5.150505929e-02 5.318735178e-02
  2.873725055e-03 2.757081028e-01 -2.931642292e-01
  -8.103122530e-02 3.159498024e-01 2.981152174e-01
 Node:         41
  0.1182E+03  0.1217E+03  0.5073E+03 -0.2244E-03
  -4.487E-4
  -4.8E-17
  -4.487E-4
   9.6E-17
   1.68E-16
  -4.487E-4
  -8.123110808e-02
  -8.123110808e-02
  -8.123110808e-02
  0.000000000e+00
  -8.123110808e-02
  0.000000000e+00
  -1.358511858e-01 -1.660764032e-01 -9.312055336e-01
  -7.728049407e-01 2.237976285e-01 8.953656126e-02
  2.080102767e-01 9.499418972e-01 -2.029206719e-01
 Node:         42
  0.1187E+03  0.1212E+03  0.5204E+03 -0.2244E-03
  -4.487E-4
  -9.6E-17
  -4.487E-4
   5.531E-36
   9.6E-17
  -4.487E-4
  -8.123110808e-02
  -8.123110808e-02
  -8.123110808e-02
  0.000000000e+00
  -8.123110808e-02
  0.000000000e+00
  -1.717146245e-02 7.425511858e-02 8.955494071e-01
  -7.916596838e-01 1.572193676e-01 -3.167749012e-02
  -1.595318182e-01 -9.391039526e-01 1.004293281e-01
 Node:         43
  0.1258E+03  0.1217E+03  0.4915E+03 -0.2244E-03
  -4.487E-4
   1.92E-16
  -4.487E-4
  -2.4E-17
   2.766E-36
  -4.487E-4
  -8.123110808e-02
  -8.123110808e-02
  -8.123110808e-02
  0.000000000e+00
  -8.123110808e-02
  0.000000000e+00
  8.991792490e-01 2.454873518e-01 -3.008106719e-02
  -3.425156126e-01 8.131918972e-01 -1.078822134e-02
  1.871314229e-02 -3.091739526e-02 9.952654150e-01
 Node:         44
  0.1259E+03  0.1220E+03  0.5059E+03 -0.2244E-03
  -4.487E-4
   2.4E-16
  -4.487E-4
   1.68E-16
   1.92E-16
  -4.487E-4
  -8.123110808e-02
  -8.123110808e-02
  -8.123110808e-02
  0.000000000e+00
  -8.123110808e-02
  0.000000000e+00
  -3.028185771e-01 -3.066053360e-01 -6.852705534e-01
  -6.022679842e-01 -5.333061265e-01 5.071059289e-01
  6.204778656e-01 -6.660440711e-01 3.240249012e-02
 Node:         45
  0.1261E+03  0.1221E+03  0.5198E+03 -0.2244E-03
  -4.487E-4
  -1.44E-16
  -4.487E-4
   4.8E-17
  -1.2E-17
  -4.487E-4
  -8.123110808e-02
  -8.123110808e-02
  -8.123110808e-02
  0.000000000e+00
  -8.123110808e-02
  0.000000000e+00
  6.965642292e-02 -2.185179842e-02 9.967596838e-01
  -9.478023715e-01 1.378033597e-01 6.973353755e-02
  -1.393561265e-01 -9.497571146e-01 -1.128211660e-02
 Node:         46
  0.1117E+03  0.1296E+03  0.4959E+03  0.0000E+00
  -2.467E-16
   4.797E-17
  -7.401E-16
   1.199E-17
  -4.497E-17
   0.0
  3.057000000e-18
  -2.423000000e-16
  -7.476000000e-16
  6.629532710e-16
  -3.289476667e-16
  3.125191690e-16
  3.676000000e-02 -5.800000000e-02 9.976000000e-01
  9.946000000e-01 9.864000000e-02 -3.092000000e-02
  -9.662000000e-02 9.934000000e-01 6.131000000e-02
 Node:         47
  0.1107E+03  0.1269E+03  0.5087E+03  0.0000E+00
  -7.401E-16
  -5.397E-17
   4.934E-16
  -4.797E-17
   6.896E-17
   0.0
  5.058000000e-16
  -7.273000000e-18
  -7.452000000e-16
  1.089215580e-15
  -8.222433333e-17
  5.134611487e-16
  -4.821000000e-02 9.891000000e-01 1.394000000e-01
  -5.424000000e-02 -1.420000000e-01 9.884000000e-01
  -9.974000000e-01 -4.009000000e-02 -6.049000000e-02
 Node:         48
  0.1125E+03  0.1242E+03  0.5208E+03  0.0000E+00
   4.934E-16
   5.997E-18
   4.934E-16
   0.0
  -2.998E-18
   4.934E-16
  5.001000000e-16
  4.934000000e-16
  4.867000000e-16
  1.160474041e-17
  4.934000000e-16
  5.470527092e-18
  -6.325000000e-01 -7.071000000e-01 3.162000000e-01
  4.472000000e-01 -2.276000000e-15 8.944000000e-01
  6.325000000e-01 -7.071000000e-01 -3.162000000e-01
 Node:         49
  0.1186E+03  0.1311E+03  0.4938E+03  0.0000E+00
  -7.401E-16
  -3.598E-17
   0.0
  -7.196E-17
  -1.049E-17
  -2.467E-16
  1.947000000e-18
  -2.366000000e-16
  -7.523000000e-16
  6.677348644e-16
  -3.289843333e-16
  3.147732338e-16
  4.561000000e-02 -9.985000000e-01 2.894000000e-02
  -1.430000000e-01 2.215000000e-02 9.895000000e-01
  -9.887000000e-01 -4.926000000e-02 -1.418000000e-01
 Node:         50
  0.1180E+03  0.1298E+03  0.5075E+03  0.0000E+00
   0.0
  -2.249E-17
   1.48E-15
  -7.196E-17
   2.155E-17
   9.869E-16
  1.482000000e-15
  9.910000000e-16
  -5.513000000e-18
  1.312785985e-15
  8.224956667e-16
  6.188532481e-16
  1.739000000e-02 -9.988000000e-01 -4.603000000e-02
  -7.128000000e-02 -4.716000000e-02 9.963000000e-01
  9.973000000e-01 1.405000000e-02 7.201000000e-02
 Node:         51
  0.1192E+03  0.1275E+03  0.5206E+03  0.0000E+00
   0.0
  -5.997E-18
  -2.467E-16
   0.0
   2.549E-17
   4.934E-16
  4.943000000e-16
  1.449000000e-19
  -2.477000000e-16
  6.542860068e-16
  8.224830000e-17
  3.084333815e-16
  -4.170000000e-04 3.438000000e-02 9.994000000e-01
  9.997000000e-01 -2.416000000e-02 1.248000000e-03
  2.418000000e-02 9.991000000e-01 -3.436000000e-02
 Node:         52
  0.1262E+03  0.1305E+03  0.4920E+03  0.0000E+00
   4.934E-16
  -2.399E-17
   4.934E-16
   2.249E-18
   8.48E-18
   0.0
  5.175000000e-16
  4.696000000e-16
  -1.600000000e-19
  4.954496661e-16
  3.289800000e-16
  2.335572124e-16
  -7.061000000e-01 7.080000000e-01 8.534000000e-03
  7.081000000e-01 7.060000000e-01 1.614000000e-02
  -5.403000000e-03 -1.744000000e-02 9.998000000e-01
 Node:         53
  0.1258E+03  0.1304E+03  0.5063E+03  0.0000E+00
  -7.401E-16
  -2.998E-18
  -4.934E-16
   4.797E-17
   5.847E-17
  -9.869E-16
  -4.866000000e-16
  -7.314000000e-16
  -1.002000000e-15
  4.465358664e-16
  -7.400000000e-16
  2.104990261e-16
  1.040000000e-02 9.931000000e-01 1.171000000e-01
  -9.836000000e-01 3.123000000e-02 -1.776000000e-01
  -1.800000000e-01 -1.133000000e-01 9.771000000e-01
 Node:         54
  0.1265E+03  0.1288E+03  0.5200E+03  0.0000E+00
  -9.869E-16
   3.598E-17
   4.934E-16
   0.0
  -7.496E-18
   4.934E-16
  5.014000000e-16
  4.864000000e-16
  -9.877000000e-16
  1.481656947e-15
  3.333333333e-20
  6.984597833e-16
  1.758000000e-02 7.272000000e-01 -6.862000000e-01
  1.675000000e-02 6.860000000e-01 7.274000000e-01
  -9.997000000e-01 2.428000000e-02 1.229000000e-04
 Node:         55
  0.1382E+03  0.1168E+03  0.4529E+03  0.7131E-02
   0.03327
  -0.01862
   0.01857
  -0.002668
   0.02825
   0.01215
  6.779278656e-02
  3.071840711e-02
  -2.118993281e-02
  7.809276303e-02
  2.577375362e-02
  3.681328153e-02
  -5.095569170e-01 6.143274704e-01 4.296648221e-01
  7.106911067e-01 2.547636957e-01 4.534563241e-01
  -1.442903162e-01 -4.882241107e-01 5.194760870e-01
 Node:         56
  0.1314E+03  0.1156E+03  0.4685E+03  0.7131E-02
   0.03415
  -0.01252
   0.01682
  -0.001108
   0.009728
   0.01235
  5.996826087e-02
  1.371849012e-02
  -3.841208300e-03
  5.787626281e-02
  2.328184756e-02
  2.728313193e-02
  -8.228120553e-01 2.768961976e-01 1.316721344e-02
  1.579918577e-01 -2.863043478e-02 5.426836561e-01
  1.055142292e-01 1.649573320e-01 1.524300000e-01
 Node:         57
  0.1285E+03  0.1140E+03  0.4823E+03  0.7131E-02
   0.0357
  -0.00114
   0.01458
   1.449E-5
   9.914E-5
   0.0141
  5.195597826e-02
  1.396035375e-02
  5.510658498e-03
  4.294536910e-02
  2.380899684e-02
  2.024464114e-02
  -9.064474308e-01 1.256988538e-01 7.821986561e-02
  1.141353217e-01 -3.282130435e-01 6.741600791e-01
  -2.126069170e-02 3.309318182e-01 5.280138024e-01
 Node:         58
  0.1480E+03  0.1177E+03  0.4531E+03  0.7131E-02
   0.033
  -0.02999
   0.02255
  -0.005105
   0.01996
   0.00677
  9.274509881e-02
  1.177309051e-02
  -1.942345929e-02
  1.004612996e-01
  2.836491001e-02
  4.735791078e-02
  -6.849513834e-01 6.708934783e-01 2.833525692e-01
  5.311818182e-01 3.011136364e-01 5.693515810e-01
  -3.798861660e-01 -6.563407115e-01 6.309770751e-01
 Node:         59
  0.1416E+03  0.1166E+03  0.4692E+03  0.7131E-02
   0.03597
  -0.03547
   0.0205
  -0.01841
   0.02234
   0.01136
  9.990646245e-02
  3.631498024e-03
  -1.989778854e-02
  1.105926984e-01
  2.788005731e-02
  5.213389800e-02
  -7.257395257e-01 5.812298419e-01 2.797223597e-01
  3.320324111e-01 3.696312253e-01 1.966612648e-01
  -2.702853755e-01 -3.074750198e-01 1.766916996e-02
 Node:         60
  0.1375E+03  0.1150E+03  0.4832E+03  0.7131E-02
   0.03679
  -0.01203
   0.01573
  -0.007682
   0.006333
   0.01447
  6.061899209e-02
  9.623553557e-03
  4.253920949e-03
  5.392304650e-02
  2.483215553e-02
  2.541956790e-02
  -8.505189723e-01 3.323796245e-01 1.964156324e-01
  1.379264822e-01 2.458061265e-01 3.980742885e-01
  8.767332016e-02 -1.753425138e-01 6.942745059e-01
 Node:         61
  0.1550E+03  0.1220E+03  0.4533E+03  0.7131E-02
   0.03767
  -0.02541
   0.01665
  -0.006317
   0.003885
   0.006094
  1.141704743e-01
  2.141814229e-04
  -2.680443680e-02
  1.301105531e-01
  2.919340631e-02
  6.133470295e-02
  -7.138869565e-01 5.675660079e-01 1.292841897e-02
  6.147773320e-01 4.277964427e-01 1.795128458e-01
  -3.038245059e-02 1.202144269e-01 4.975452569e-01
 Node:         62
  0.1490E+03  0.1202E+03  0.4697E+03  0.7131E-02
   0.04185
  -0.06166
   0.0195
  -0.02655
   0.02019
   0.01221
  1.547239921e-01
  -2.533594269e-03
  -4.582085573e-02
  1.828983338e-01
  3.545651403e-02
  8.621910141e-02
  -7.549772727e-01 5.720632411e-01 3.004245059e-01
  9.719575099e-02 -2.630820850e-01 5.825330040e-01
  4.221142292e-01 4.692863636e-01 1.399822233e-01
 Node:         63
  0.1436E+03  0.1181E+03  0.4838E+03  0.7131E-02
   0.03781
  -0.02433
   0.01729
  -0.007624
   0.0114
   0.01449
  7.618328063e-02
  8.018030830e-03
  -3.778865217e-03
  7.488678684e-02
  2.680748208e-02
  3.530196986e-02
  -7.964602767e-01 4.846721344e-01 2.171060198e-01
  1.872824111e-01 1.360758794e-01 1.415614625e-01
  -2.633903162e-01 -3.408355731e-01 2.964828063e-01
 Node:         64
  0.1412E+03  0.1253E+03  0.4524E+03  0.7131E-02
   0.03005
  -0.008394
   0.02176
  -0.008116
   0.0067
   0.01081
  5.494330040e-02
  2.503248617e-02
  -7.376624308e-03
  5.530491799e-02
  2.419972075e-02
  2.607098836e-02
  -3.306500000e-01 4.273494071e-01 8.108148913e-02
  6.716022530e-02 3.468351383e-01 6.028186166e-01
  3.494071146e-01 2.006343874e-01 1.322737885e-01
 Node:         65
  0.1340E+03  0.1229E+03  0.4683E+03  0.7131E-02
   0.03431
  -0.023
   0.01986
  -0.009231
   0.004883
   0.01205
  6.506521739e-02
  1.498246443e-02
  -4.892523518e-03
  6.284335295e-02
  2.505171943e-02
  2.962464068e-02
  -8.306088933e-01 3.918738142e-01 1.835620553e-01
  1.674071779e-01 1.232887352e-01 5.571895336e-01
  3.450985573e-01 3.619982213e-01 2.055239130e-01
 Node:         66
  0.1299E+03  0.1214E+03  0.4825E+03  0.7131E-02
   0.03654
  -0.007749
   0.01548
  -0.00181
   0.001486
   0.0141
  5.375385771e-02
  1.238121877e-02
  7.980270751e-03
  4.383814165e-02
  2.470511574e-02
  2.066549816e-02
  -8.984086957e-01 2.955670632e-01 1.068336957e-01
  1.128916008e-01 1.804787154e-01 3.045035573e-01
  1.443903951e-01 2.867628458e-01 4.916704743e-01
 Node:         67
  0.1497E+03  0.1243E+03  0.4527E+03  0.7131E-02
   0.03138
  -0.02189
   0.02104
  -0.00716
   0.006498
   0.007379
  6.878324111e-02
  4.126125099e-03
  -8.421343874e-06
  6.689651861e-02
  2.430031495e-02
  3.153532130e-02
  -7.437557312e-01 6.180762846e-01 2.105825099e-01
  -1.294591304e-01 -1.044129644e-01 -2.183889328e-01
  -3.274577075e-01 -5.363879447e-01 5.211524111e-01
 Node:         68
  0.1431E+03  0.1224E+03  0.4689E+03  0.7131E-02
   0.03756
  -0.0454
   0.02074
  -0.02303
   0.0128
   0.01045
  1.134339723e-01
  1.709798617e-03
  -2.616467787e-02
  1.279888228e-01
  2.965969769e-02
  6.033450970e-02
  -7.588735178e-01 5.791371542e-01 2.867288538e-01
  1.239634534e-01 -2.734882549e-01 9.088790514e-01
  6.237662055e-01 7.178353755e-01 1.285619032e-01
 Node:         69
  0.1379E+03  0.1205E+03  0.4831E+03  0.7131E-02
   0.03771
  -0.01612
   0.01606
  -0.008565
   0.00617
   0.01422
  6.453575099e-02
  9.650995652e-03
  3.146582451e-03
  5.842540311e-02
  2.577777636e-02
  2.754199915e-02
  -8.459399209e-01 4.131231225e-01 2.379521146e-01
  1.812681423e-01 8.516118577e-02 7.499300395e-01
  1.121535573e-01 -2.052169960e-01 4.230225099e-01
 Node:         70
  0.1553E+03  0.1240E+03  0.4532E+03  0.7131E-02
   0.03342
  -0.02763
   0.01655
  -0.02331
   0.01727
   0.007925
  1.008067787e-01
  -7.737017194e-03
  -1.459158399e-02
  1.121439715e-01
  2.615939249e-02
  5.286517512e-02
  -7.235446640e-01 5.360274704e-01 4.153333992e-01
  5.403081028e-01 6.583173913e-01 1.393458498e-02
  -6.362177866e-02 -3.856967589e-01 2.386098814e-01
 Node:         71
  0.1492E+03  0.1221E+03  0.4697E+03  0.7131E-02
   0.0415
  -0.04958
   0.01877
  -0.05242
   0.02783
   0.01204
  1.697268972e-01
  -1.628406043e-02
  -4.316501779e-02
  2.011971532e-01
  3.675927300e-02
  9.484524760e-02
  -7.370788538e-01 4.963711462e-01 4.536021739e-01
  -1.154150751e-01 -5.530294071e-01 3.782171937e-01
  4.290195652e-01 1.898284585e-01 4.714212846e-01
 Node:         72
  0.1435E+03  0.1199E+03  0.4837E+03  0.7131E-02
   0.03921
  -0.02024
   0.0158
  -0.01759
   0.00945
   0.01466
  7.765849802e-02
  6.381116403e-03
  -2.781309289e-03
  7.634621368e-02
  2.708610171e-02
  3.598995027e-02
  -8.161328063e-01 4.232335968e-01 3.473104743e-01
  7.204446640e-02 -2.347050791e-01 6.349600791e-01
  1.455600791e-01 -3.084717391e-01 5.119743083e-01
 Node:         73
  0.1442E+03  0.1339E+03  0.4519E+03  0.0000E+00
   0.02699
  -0.004891
  -0.005865
  -0.002978
   0.001923
   0.003144
  4.992962648e-02
  6.183853162e-03
  -1.146267984e-02
  5.492130285e-02
  1.488359993e-02
  2.589015045e-02
  -7.789830040e-01 1.405312253e-01 4.296190909e-02
  2.046521581e-01 2.859321344e-01 4.808667984e-01
  1.766804743e-01 1.522173913e-01 3.714348221e-01
 Node:         74
  0.1365E+03  0.1304E+03  0.4681E+03  0.0000E+00
   0.03219
   0.01227
  -0.001935
   0.00499
   0.002505
   0.003493
  6.528960672e-02
  5.989325791e-03
  -1.485309684e-02
  7.224847404e-02
  1.880861189e-02
  3.405825728e-02
  -8.914715415e-01 -1.906744862e-01 -1.758759684e-01
  -1.354919368e-01 1.121384387e-01 3.451707510e-01
  -2.040723715e-01 8.610851779e-01 1.259270751e-01
 Node:         75
  0.1313E+03  0.1288E+03  0.4826E+03  0.0000E+00
   0.02581
   0.004919
  -4.033E-5
   2.219E-4
   7.43E-5
   3.375E-4
  4.656116403e-02
  1.028287199e-03
  -4.256691502e-03
  4.854273390e-02
  1.444425324e-02
  2.288326421e-02
  -9.304915020e-01 -1.897731028e-01 -4.403248024e-02
  -5.821313241e-02 -2.711838538e-01 7.624579051e-01
  -1.849844862e-01 8.325843874e-01 3.118003953e-01
 Node:         76
  0.1514E+03  0.1310E+03  0.4524E+03  0.0000E+00
   0.02619
  -0.009789
  -0.007018
  -0.007033
   0.008757
   0.003828
  5.446486561e-02
  1.130487767e-02
  -1.907774506e-02
  6.447851232e-02
  1.556399941e-02
  3.039546220e-02
  -7.883727273e-01 2.105819960e-01 3.091452569e-01
  2.597148913e-01 3.550980237e-02 6.577897233e-01
  4.394752964e-02 -3.724241107e-01 3.865600395e-01
 Node:         77
  0.1445E+03  0.1281E+03  0.4688E+03  0.0000E+00
   0.03542
   0.01563
  -0.002585
   0.003001
   0.008963
   0.002691
  6.987420949e-02
  9.602482925e-03
  -1.747330830e-02
  7.748756492e-02
  2.066779470e-02
  3.652798841e-02
  -9.136913043e-01 -2.504198419e-01 -8.092986561e-02
  -2.392379842e-02 1.886431818e-01 6.712652174e-01
  -2.669726206e-01 4.670470356e-01 -8.408152174e-02
 Node:         78
  0.1384E+03  0.1261E+03  0.4829E+03  0.0000E+00
   0.02718
   0.00976
   3.687E-5
   0.001205
   0.001079
   2.277E-4
  5.068185968e-02
  -1.089059289e-05
  -4.489650395e-03
  5.330459218e-02
  1.539377290e-02
  2.512802573e-02
  -9.204227273e-01 -2.793492273e-01 -6.654487747e-02
  -6.466482213e-02 -4.026482213e-04 7.883450593e-01
  -2.784488538e-01 8.681721344e-01 3.311831225e-02
 Node:         79
  0.1555E+03  0.1261E+03  0.4531E+03  0.0000E+00
   0.0248
   0.01008
  -0.007182
  -0.01171
   0.002292
  -0.01084
  9.750847233e-02
  -1.670820751e-02
  -3.299399407e-02
  1.233747582e-01
  1.593542358e-02
  5.815941879e-02
  -3.985302372e-01 -3.021671245e-01 -1.149453735e-01
  3.040877470e-02 2.229479249e-01 2.243984190e-01
  6.374901186e-03 4.298108696e-01 1.070775692e-01
 Node:         80
  0.1494E+03  0.1240E+03  0.4696E+03  0.0000E+00
   0.03783
   0.01881
  -0.004703
   0.01132
   0.003345
  -0.007778
  1.027094032e-01
  -1.192700395e-02
  -2.143318775e-02
  1.197650135e-01
  2.311640382e-02
  5.645776879e-02
  -8.988671937e-01 -3.034482213e-01 -2.275109138e-01
  -4.440316206e-02 -1.528439130e-01 5.579792490e-01
  -1.523607905e-01 1.626191700e-01 3.689098024e-01
 Node:         81
  0.1433E+03  0.1217E+03  0.4837E+03  0.0000E+00
   0.0281
   0.01006
  -4.134E-4
   0.009812
   0.002726
  -5.515E-4
  5.637697036e-02
  -2.931801877e-03
  -6.812207510e-03
  6.145297405e-02
  1.554432032e-02
  2.896920978e-02
  -8.982488142e-01 -2.483994071e-01 -2.461128261e-01
  -1.603766798e-02 -1.845533597e-02 2.463874111e-01
  -2.923491834e-01 1.840614822e-01 8.142075099e-01
 Node:         82
  0.1267E+03  0.1148E+03  0.4561E+03  0.4574E-02
   0.03171
  -0.01586
   0.009645
  -0.002448
   0.007004
   0.008443
  4.150124308e-02
  1.012449209e-02
  -2.613133024e-02
  5.967102772e-02
  8.498134980e-03
  2.812919223e-02
  -4.562920949e-01 3.658467964e-01 1.513342688e-01
  1.464949802e-01 3.018837945e-02 6.485438735e-01
  1.742452569e-01 1.120407115e-01 3.135698617e-01
 Node:         83
  0.1234E+03  0.1129E+03  0.4719E+03  0.4574E-02
   0.02968
  -0.008745
   0.009108
   0.004805
   0.004288
   0.008202
  4.950656126e-02
  -2.642229249e-03
  -2.701667866e-02
  6.782511102e-02
  6.615884453e-03
  3.197306396e-02
  -2.900790514e-01 2.450344387e-01 2.625288538e-01
  -3.164916996e-02 4.347964427e-02 3.686310277e-01
  2.550472332e-01 3.121794466e-01 1.236245059e-01
 Node:         84
  0.1187E+03  0.1123E+03  0.4849E+03  0.4574E-02
   0.03056
  -4.579E-4
   0.009127
   0.002718
  -1.131E-4
   0.008461
  3.560169565e-02
  -4.702541502e-03
  -9.268179842e-03
  4.283076297e-02
  7.210324769e-03
  2.019061529e-02
  -3.101393281e-01 6.002222134e-02 2.084123320e-01
  1.737124704e-02 1.234113636e-01 4.695658103e-02
  9.208017787e-02 4.991810277e-02 5.171166008e-01
 Node:         85
  0.1302E+03  0.1161E+03  0.4548E+03  0.4574E-02
   0.0315
  -0.01715
   0.009998
  -0.00161
   0.01028
   0.008312
  4.351399229e-02
  1.750975198e-02
  -3.315412055e-02
  6.948435626e-02
  9.289874572e-03
  3.275523967e-02
  -2.146996047e-01 3.174498024e-01 1.637776680e-01
  -2.608843083e-02 1.923738142e-01 6.760936759e-01
  7.832806324e-02 -5.587628458e-02 3.403916996e-01
 Node:         86
  0.1252E+03  0.1138E+03  0.4702E+03  0.4574E-02
   0.02793
  -0.002441
   0.01462
   0.005803
   0.01643
   0.008357
  8.827084387e-02
  -1.014102767e-03
  -4.720198063e-02
  1.200333497e-01
  1.335158682e-02
  5.658426369e-02
  -2.182891304e-01 2.178169960e-01 3.347691700e-01
  3.246669960e-02 -1.457760870e-01 9.740683063e-02
  1.692602767e-01 5.925114625e-02 3.998347826e-01
 Node:         87
  0.1217E+03  0.1126E+03  0.4833E+03  0.4574E-02
   0.03051
  -4.975E-4
   0.009212
   0.002566
  -5.431E-4
   0.008656
  3.708402569e-02
  -4.174626482e-03
  -1.132828458e-02
  4.536198465e-02
  7.193704875e-03
  2.138384463e-02
  -3.035944664e-01 4.796677273e-02 2.485396838e-01
  1.090211462e-02 1.952535573e-01 -1.204503320e-01
  1.393107905e-01 3.132564229e-02 3.483371542e-01
 Node:         88
  0.1338E+03  0.1169E+03  0.4531E+03  0.4574E-02
   0.02878
  -0.02082
   0.01049
  -0.001649
   0.02067
   0.01041
  5.154641700e-02
  1.824111486e-02
  -4.112700791e-02
  8.312395843e-02
  9.553507984e-03
  3.918500979e-02
  -5.141366601e-01 5.526624506e-01 3.593804348e-01
  3.082406522e-01 2.097927866e-02 4.755786957e-01
  1.082879447e-01 7.323379447e-02 1.229261660e-01
 Node:         89
  0.1270E+03  0.1150E+03  0.4685E+03  0.4574E-02
   0.02925
  -0.009135
   0.009844
   9.599E-4
   0.005798
   0.00889
  4.592403162e-02
  -2.969486166e-03
  -2.544973202e-02
  6.349935308e-02
  5.834937813e-03
  2.993388211e-02
  -2.995950593e-01 2.870947036e-01 2.776114032e-01
  -6.695722134e-02 1.419725296e-01 4.652030632e-01
  1.392784585e-01 2.166456522e-01 3.705646245e-01
 Node:         90
  0.1248E+03  0.1132E+03  0.4822E+03  0.4574E-02
   0.03046
   4.177E-4
   0.009145
   8.953E-4
  -5.438E-4
   0.009044
  3.503520158e-02
  -2.788071937e-03
  -1.105702569e-02
  4.264075316e-02
  7.063367984e-03
  2.010104381e-02
  -2.951835968e-01 2.064505672e-01 1.672901779e-01
  8.609770593e-02 3.136442688e-02 3.015936759e-01
  2.547057312e-02 4.208403162e-01 5.613527668e-01
 Node:         91
  0.1259E+03  0.1261E+03  0.4546E+03  0.4574E-02
   0.02518
  -0.01237
   0.01533
  -0.01085
   0.01429
   0.008004
  5.226610672e-02
  1.484393419e-02
  -3.758223909e-02
  8.049031478e-02
  9.842600606e-03
  3.794349827e-02
  -6.352118577e-01 2.487648221e-01 1.406683794e-01
  4.243972747e-01 -1.779037945e-01 2.443870968e-01
  3.733868379e-01 -1.242741107e-01 5.281833992e-01
 Node:         92
  0.1209E+03  0.1232E+03  0.4725E+03  0.4574E-02
   0.02926
  -0.01414
   0.0108
  -0.01032
   0.009575
   0.009761
  4.334718972e-02
  1.030477115e-02
  -2.791258893e-02
  6.317941041e-02
  8.579790646e-03
  2.978305969e-02
  -9.523715415e-02 3.311044269e-01 2.933237549e-01
  2.346360870e-02 7.649980237e-02 6.861579051e-01
  2.621310474e-01 -3.582826087e-02 5.239535573e-01
 Node:         93
  0.1159E+03  0.1217E+03  0.4877E+03  0.4574E-02
   0.03101
  -7.734E-4
   0.009153
  -0.003789
  -7.948E-5
   0.009479
  3.575896621e-02
  -1.001773913e-03
  -1.063849012e-02
  4.259462746e-02
  8.039567391e-03
  2.007929995e-02
  -3.641444664e-01 -6.257303953e-02 2.823632609e-01
  -9.592189723e-02 2.599490119e-01 -6.150237154e-02
  -1.615775719e-01 -4.796897233e-02 -4.695507905e-01
 Node:         94
  0.1313E+03  0.1263E+03  0.4537E+03  0.4574E-02
   0.02387
  -0.01257
   0.01627
  -0.01336
   0.01078
   0.008331
  4.966810870e-02
  1.839751877e-02
  -3.689702964e-02
  7.849137880e-02
  1.038953261e-02
  3.700119081e-02
  -1.836241107e-01 3.905778063e-01 5.621707510e-02
  1.012419368e-01 1.130413043e-01 5.504830040e-01
  4.358517787e-01 7.723300395e-02 4.104743083e-01
 Node:         95
  0.1249E+03  0.1234E+03  0.4705E+03  0.4574E-02
   0.02942
  -0.01397
   0.01223
  -0.01374
   0.007439
   0.00897
  4.234093083e-02
  6.071111462e-03
  -2.225742115e-02
