 Group name: predicted_stress_L3A2
 #Fields=  16
 1) coordinates, coordinate, rectangular cartesian, #Components=3
   x.  Value index= 1, #Derivatives=0
   y.  Value index= 2, #Derivatives=0
   z.  Value index= 3, #Derivatives=0
 2) Tensor_1, field, rectangular cartesian, #Components=1
   Tensor_1.  Value index= 4, #Derivatives=0
 3) Tensor_2, field, rectangular cartesian, #Components=1
   Tensor_2.  Value index= 5, #Derivatives=0
 4) Tensor_3, field, rectangular cartesian, #Components=1
   Tensor_3.  Value index= 6, #Derivatives=0
 5) Tensor_4, field, rectangular cartesian, #Components=1
   Tensor_4.  Value index= 7, #Derivatives=0
 6) Tensor_5, field, rectangular cartesian, #Components=1
   Tensor_5.  Value index= 8, #Derivatives=0
 7) Tensor_6, field, rectangular cartesian, #Components=1
   Tensor_6.  Value index= 9, #Derivatives=0
 8) Principal_1, field, rectangular cartesian, #Components=1
   Principal_1.  Value index= 10, #Derivatives=0
 9) Principal_2, field, rectangular cartesian, #Components=1
   Principal_2.  Value index= 11, #Derivatives=0
 10) Principal_3, field, rectangular cartesian, #Components=1
   Principal_3.  Value index= 12, #Derivatives=0
 11) VonMises, field, rectangular cartesian, #Components=1
   VonMises.  Value index= 13, #Derivatives=0
 12) Hydrostatic, field, rectangular cartesian, #Components=1
   VonMises.  Value index= 14, #Derivatives=0
 13) Octahedral, field, rectangular cartesian, #Components=1
   VonMises.  Value index= 15, #Derivatives=0
 14) PrincipalVector1, field, rectangular cartesian, #Components=3
   x.  Value index= 16, #Derivatives=0
   y.  Value index= 17, #Derivatives=0
   z.  Value index= 18, #Derivatives=0
 15) PrincipalVector2, field, rectangular cartesian, #Components=3
   x.  Value index= 19, #Derivatives=0
   y.  Value index= 20, #Derivatives=0
   z.  Value index= 21, #Derivatives=0
 16) PrincipalVector3, field, rectangular cartesian, #Components=3
   x.  Value index= 22, #Derivatives=0
   y.  Value index= 23, #Derivatives=0
   z.  Value index= 24, #Derivatives=0
 Node:          1
  0.1287E+03  0.1133E+03  0.4908E+03 -0.3663E-04
  -7.325E-5
  -1.439E-16
  -7.325E-5
  -4.798E-17
  -7.196E-17
  -7.325E-5
  -1.409991399e-02
  -1.409991399e-02
  -1.409991399e-02
  0.000000000e+00
  -1.409991399e-02
  0.000000000e+00
  8.690973856e-01 -2.299912519e-01 -2.598839115e-02
  2.463478632e-01 9.507902966e-01 -1.815945701e-01
  7.332812971e-02 1.685063851e-01 9.818299145e-01
 Node:          2
  0.1292E+03  0.1137E+03  0.5052E+03 -0.3663E-04
  -7.325E-5
  -1.919E-16
  -7.325E-5
  -9.595E-17
   3.358E-16
  -7.325E-5
  -1.409991399e-02
  -1.409991399e-02
  -1.409991399e-02
  0.000000000e+00
  -1.409991399e-02
  0.000000000e+00
  6.600104575e-01 -2.990084465e-01 -1.490567622e-01
  3.789008044e-01 6.704164404e-01 3.363495726e-01
  -8.820384615e-04 -4.549592257e-01 8.904212670e-01
 Node:          3
  0.1289E+03  0.1155E+03  0.5194E+03 -0.3663E-04
  -7.325E-5
   2.399E-16
  -7.325E-5
   1.919E-16
   9.595E-17
  -7.325E-5
  -1.409991399e-02
  -1.409991399e-02
  -1.409991399e-02
  0.000000000e+00
  -1.409991399e-02
  0.000000000e+00
  -4.052882856e-01 -8.751244344e-01 -2.631909502e-01
  4.918721468e-01 -4.518941176e-01 7.439903972e-01
  7.702132730e-01 -1.722813977e-01 -6.135083459e-01
 Node:          4
  0.1361E+03  0.1141E+03  0.4915E+03 -0.3663E-04
  -7.325E-5
  -4.798E-17
  -7.325E-5
  -4.798E-17
  -1.439E-16
  -7.325E-5
  -1.409991399e-02
  -1.409991399e-02
  -1.409991399e-02
  0.000000000e+00
  -1.409991399e-02
  0.000000000e+00
  -4.095095023e-02 -9.191587733e-02 9.948506787e-01
  -8.943671694e-01 8.990935143e-02 -2.817015083e-02
  -8.679913524e-02 -8.909277024e-01 -8.573426848e-02
 Node:          5
  0.1341E+03  0.1144E+03  0.5054E+03 -0.3663E-04
  -7.325E-5
   2.399E-16
  -7.325E-5
   9.595E-17
  -1.199E-16
  -7.325E-5
  -1.409991399e-02
  -1.409991399e-02
  -1.409991399e-02
  0.000000000e+00
  -1.409991399e-02
  0.000000000e+00
  9.973056812e-02 -1.777350427e-01 9.789680241e-01
  7.158049271e-01 6.960796380e-01 5.346654600e-02
  -6.910093012e-01 6.954938663e-01 1.967475113e-01
 Node:          6
  0.1323E+03  0.1162E+03  0.5191E+03 -0.3663E-04
  -7.325E-5
   9.595E-17
  -7.325E-5
  -9.595E-17
  -4.798E-17
  -7.325E-5
  -1.409991399e-02
  -1.409991399e-02
  -1.409991399e-02
  0.000000000e+00
  -1.409991399e-02
  0.000000000e+00
  -7.120725993e-01 -6.959779286e-01 9.091233283e-02
  5.092227753e-01 -5.358383610e-01 -3.130740070e-02
  8.662478632e-02 4.099976370e-02 9.952078431e-01
 Node:          7
  0.1408E+03  0.1171E+03  0.4920E+03 -0.3663E-04
  -7.325E-5
   3.838E-16
  -7.325E-5
  -1.439E-16
  -1.919E-16
  -7.325E-5
  -1.409991399e-02
  -1.409991399e-02
  -1.409991399e-02
  0.000000000e+00
  -1.409991399e-02
  0.000000000e+00
  7.812853193e-01 4.292443439e-01 -1.154892408e-01
  -4.919518351e-01 8.622533937e-01 -1.156781398e-01
  5.518845148e-02 1.632619407e-01 9.849728507e-01
 Node:          8
  0.1367E+03  0.1169E+03  0.5055E+03 -0.3663E-04
  -7.325E-5
   3.358E-16
  -7.325E-5
  -6.957E-16
  -4.078E-16
  -7.325E-5
  -1.409991399e-02
  -1.409991399e-02
  -1.409991399e-02
  0.000000000e+00
  -1.409991399e-02
  0.000000000e+00
  -5.919416290e-01 -6.108637506e-01 2.592284062e-01
  6.213153846e-01 -6.368374560e-01 -5.702416290e-02
  2.599298844e-01 1.022108095e-01 9.530925591e-01
 Node:          9
  0.1339E+03  0.1180E+03  0.5191E+03 -0.3663E-04
  -7.325E-5
   2.879E-16
  -7.325E-5
  -6.837E-16
  -4.798E-16
  -7.325E-5
  -1.409991399e-02
  -1.409991399e-02
  -1.409991399e-02
  0.000000000e+00
  -1.409991399e-02
  0.000000000e+00
  2.773449472e-01 1.775528406e-01 -7.087094520e-01
  8.399653092e-01 1.045560583e-01 2.398705882e-01
  -1.671947612e-01 8.316389140e-01 1.459706385e-01
 Node:         10
  0.1294E+03  0.1212E+03  0.4911E+03 -0.3663E-04
  -7.325E-5
   4.798E-17
  -7.325E-5
  -2.399E-17
   2.159E-16
  -7.325E-5
  -1.409991399e-02
  -1.409991399e-02
  -1.409991399e-02
  0.000000000e+00
  -1.409991399e-02
  0.000000000e+00
  2.405577174e-02 5.880695324e-01 6.009573152e-01
  1.628713072e-01 6.836254399e-01 -7.093105581e-01
  -7.268410256e-01 1.146510312e-01 -8.461824535e-02
 Node:         11
  0.1295E+03  0.1214E+03  0.5055E+03 -0.3663E-04
  -7.325E-5
  -4.798E-17
  -7.325E-5
  -7.196E-17
   2.399E-17
  -7.325E-5
  -1.409991399e-02
  -1.409991399e-02
  -1.409991399e-02
  0.000000000e+00
  -1.409991399e-02
  0.000000000e+00
  -2.477639517e-01 1.124569532e-01 8.501675716e-01
  -4.963370035e-01 5.853942685e-01 -2.229413273e-01
  6.622539467e-01 5.064051785e-01 1.148542986e-01
 Node:         12
  0.1295E+03  0.1217E+03  0.5196E+03 -0.3663E-04
  -7.325E-5
  -6.208E-37
  -7.325E-5
   1.319E-16
   4.798E-17
  -7.325E-5
  -1.409991399e-02
  -1.409991399e-02
  -1.409991399e-02
  0.000000000e+00
  -1.409991399e-02
  0.000000000e+00
  -2.420361991e-01 -8.685430468e-02 -9.662130719e-01
  -3.122220211e-01 8.367495224e-01 4.194920038e-03
  5.292272499e-02 4.541422826e-02 -1.864464555e-02
 Node:         13
  0.1361E+03  0.1199E+03  0.4914E+03 -0.3663E-04
  -7.325E-5
  -2.399E-16
  -7.325E-5
  -1.679E-16
   4.798E-17
  -7.325E-5
  -1.409991399e-02
  -1.409991399e-02
  -1.409991399e-02
  0.000000000e+00
  -1.409991399e-02
  0.000000000e+00
  8.272135747e-01 -3.342351936e-01 -1.141394168e-01
  3.708122675e-01 9.282302665e-01 -2.950530417e-02
  1.288195576e-01 -1.993959668e-02 9.914486174e-01
 Node:         14
  0.1342E+03  0.1198E+03  0.5054E+03 -0.3663E-04
  -7.325E-5
   4.798E-17
  -7.325E-5
   9.595E-17
  -1.559E-16
  -7.325E-5
  -1.409991399e-02
  -1.409991399e-02
  -1.409991399e-02
  0.000000000e+00
  -1.409991399e-02
  0.000000000e+00
  9.597731021e-02 -2.627723982e-01 9.598524384e-01
  -2.555300452e-01 -8.371397185e-01 -2.029158371e-01
  -8.570775767e-01 2.257218803e-01 1.475019105e-01
 Node:         15
  0.1330E+03  0.1205E+03  0.5193E+03 -0.3663E-04
  -7.325E-5
  -1.439E-16
  -7.325E-5
   2.399E-17
   8.396E-17
  -7.325E-5
  -1.409991399e-02
  -1.409991399e-02
  -1.409991399e-02
  0.000000000e+00
  -1.409991399e-02
  0.000000000e+00
  8.935995978e-01 -1.011956913e-01 1.067580191e-02
  -1.988109603e-02 -2.674331322e-01 -8.573645551e-01
  1.106971443e-01 9.473046254e-01 -2.966353947e-01
 Node:         16
  0.1404E+03  0.1188E+03  0.4918E+03 -0.3663E-04
  -7.325E-5
   9.595E-17
  -7.325E-5
  -1.439E-16
  -2.519E-16
  -7.325E-5
  -1.409991399e-02
  -1.409991399e-02
  -1.409991399e-02
  0.000000000e+00
  -1.409991399e-02
  0.000000000e+00
  -1.498955254e-01 -2.386690297e-01 9.593931121e-01
  -7.195046254e-01 -5.093104575e-01 -2.406936149e-01
  5.465877828e-01 -7.256777778e-01 -9.836591252e-02
 Node:         17
  0.1365E+03  0.1184E+03  0.5055E+03 -0.3663E-04
  -7.325E-5
   4.798E-17
  -7.325E-5
   1.679E-16
   2.939E-16
  -7.325E-5
  -1.409991399e-02
  -1.409991399e-02
  -1.409991399e-02
  0.000000000e+00
  -1.409991399e-02
  0.000000000e+00
  2.364059326e-01 3.838647562e-01 7.702679739e-01
  8.361111614e-01 -3.141142283e-01 -9.348411302e-02
  -2.527426848e-01 -8.269475616e-01 4.861773253e-01
 Node:         18
  0.1341E+03  0.1191E+03  0.5192E+03 -0.3663E-04
  -7.325E-5
  -8.253E-37
  -7.325E-5
   4.573E-17
   1.84E-16
  -7.325E-5
  -1.409991399e-02
  -1.409991399e-02
  -1.409991399e-02
  0.000000000e+00
  -1.409991399e-02
  0.000000000e+00
  2.014281046e-02 8.132366013e-02 9.080012569e-01
  8.921260935e-01 -2.284591252e-01 3.272841071e-03
  -2.668714932e-01 -7.573303167e-01 7.580799899e-02
 Node:         19
  0.1301E+03  0.1291E+03  0.4914E+03  0.0000E+00
   4.934E-16
   0.0
   4.934E-16
   3.631E-19
   1.731E-17
  -9.869E-16
  4.936000000e-16
  4.934000000e-16
  -9.871000000e-16
  1.480600010e-15
  -3.333333333e-20
  6.979615383e-16
  -2.097000000e-02 -9.997000000e-01 -1.169000000e-02
  -9.998000000e-01 2.097000000e-02 -8.123000000e-17
  2.452000000e-04 1.169000000e-02 -9.999000000e-01
 Node:         20
  0.1299E+03  0.1291E+03  0.5058E+03  0.0000E+00
   9.869E-16
   0.0
   0.0
   1.799E-17
   3.326E-17
  -2.467E-16
  9.871000000e-16
  4.400000000e-18
  -2.514000000e-16
  1.132478516e-15
  2.467000000e-16
  5.338554923e-16
  -9.999000000e-01 -4.917000000e-04 -1.459000000e-02
  2.401000000e-03 -9.914000000e-01 -1.311000000e-01
  -1.440000000e-02 -1.312000000e-01 9.913000000e-01
 Node:         21
  0.1301E+03  0.1280E+03  0.5197E+03  0.0000E+00
   4.934E-16
   0.0
   0.0
   7.196E-17
   2.549E-17
   4.934E-16
  5.660000000e-16
  4.222000000e-16
  -1.341000000e-18
  5.108528306e-16
  3.289530000e-16
  2.408183338e-16
  -7.039000000e-01 -3.195000000e-02 -7.096000000e-01
  -7.102000000e-01 4.241000000e-02 7.027000000e-01
  -7.642000000e-03 -9.986000000e-01 5.255000000e-02
 Node:         22
  0.1360E+03  0.1256E+03  0.4913E+03  0.0000E+00
  -9.869E-16
   2.399E-17
  -4.934E-16
  -2.399E-17
   1.739E-16
   4.934E-16
  5.234000000e-16
  -5.215000000e-16
  -9.888000000e-16
  1.341069376e-15
  -3.289666667e-16
  6.321861663e-16
  -1.298000000e-02 1.683000000e-01 9.857000000e-01
  5.935000000e-02 9.841000000e-01 -1.672000000e-01
  -9.982000000e-01 5.633000000e-02 -2.276000000e-02
 Node:         23
  0.1343E+03  0.1253E+03  0.5054E+03  0.0000E+00
   0.0
   3.598E-17
  -1.974E-15
   0.0
   2.271E-16
  -7.401E-16
  6.796000000e-19
  -6.997000000e-16
  -2.015000000e-15
  1.772499637e-15
  -9.046734667e-16
  8.355643418e-16
  9.998000000e-01 1.889000000e-02 5.790000000e-03
  -9.011000000e-03 1.753000000e-01 9.845000000e-01
  1.758000000e-02 -9.843000000e-01 1.754000000e-01
 Node:         24
  0.1336E+03  0.1248E+03  0.5194E+03  0.0000E+00
  -9.869E-16
   2.099E-17
   0.0
   2.399E-17
   1.499E-18
  -7.401E-16
  4.516000000e-19
  -7.379000000e-16
  -9.896000000e-16
  8.912682385e-16
  -5.756828000e-16
  4.201478769e-16
  -2.132000000e-02 -9.998000000e-01 -2.714000000e-03
  9.549000000e-02 -4.739000000e-03 9.954000000e-01
  -9.952000000e-01 2.096000000e-02 9.557000000e-02
 Node:         25
  0.1400E+03  0.1206E+03  0.4917E+03  0.0000E+00
   0.0
   4.617E-16
  -4.934E-16
  -1.439E-16
  -2.249E-16
   9.869E-16
  1.067000000e-15
  2.050000000e-16
  -7.785000000e-16
  1.599404030e-15
  1.645000000e-16
  7.539662901e-16
  -2.161000000e-01 -2.016000000e-01 9.553000000e-01
  8.390000000e-01 4.621000000e-01 2.874000000e-01
  -4.994000000e-01 8.636000000e-01 6.929000000e-02
 Node:         26
  0.1363E+03  0.1200E+03  0.5055E+03  0.0000E+00
   9.869E-16
   1.859E-16
  -2.714E-15
   4.797E-17
  -1.943E-15
  -2.467E-16
  1.006000000e-15
  8.090000000e-16
  -3.789000000e-15
  4.699597749e-15
  -6.580000000e-16
  2.215411625e-15
  9.680000000e-01 1.526000000e-01 -1.995000000e-01
  2.481000000e-01 -4.578000000e-01 8.538000000e-01
  -3.892000000e-02 8.759000000e-01 4.809000000e-01
 Node:         27
  0.1343E+03  0.1203E+03  0.5192E+03  0.0000E+00
   9.869E-16
  -3.358E-16
   9.869E-16
  -1.799E-16
   2.27E-15
   0.0
  2.890000000e-15
  9.150000000e-16
  -1.831000000e-15
  4.106639867e-15
  6.580000000e-16
  1.935888599e-15
  -1.931000000e-01 7.658000000e-01 6.135000000e-01
  9.808000000e-01 1.345000000e-01 1.409000000e-01
  2.534000000e-02 6.289000000e-01 -7.771000000e-01
 Node:         28
  0.1155E+03  0.1124E+03  0.4931E+03 -0.2165E-03
  -4.329E-4
   6.6E-17
  -4.329E-4
  -9.599E-17
   9.599E-17
  -4.329E-4
  -8.424962010e-02
  -8.424962010e-02
  -8.424962010e-02
  0.000000000e+00
  -8.424962010e-02
  0.000000000e+00
  2.953119658e-02 9.659990447e-01 1.809601307e-01
  7.005680744e-02 1.972623932e-01 -8.596426345e-01
  -8.959006033e-01 4.221479638e-02 -5.969400201e-02
 Node:         29
  0.1119E+03  0.1139E+03  0.5068E+03 -0.2165E-03
  -4.329E-4
  -3.6E-17
  -4.329E-4
   9.599E-17
   1.2E-17
  -4.329E-4
  -8.424962010e-02
  -8.424962010e-02
  -8.424962010e-02
  0.000000000e+00
  -8.424962010e-02
  0.000000000e+00
  -3.758932629e-02 8.899321267e-01 1.799892408e-03
  -8.309725490e-01 -2.416679236e-02 -1.647358723e-01
  -1.421061337e-01 -6.334082453e-03 7.785613876e-01
 Node:         30
  0.1113E+03  0.1159E+03  0.5206E+03 -0.2165E-03
  -4.329E-4
   2.16E-16
  -4.329E-4
   6.003E-36
  -4.8E-17
  -4.329E-4
  -8.424962010e-02
  -8.424962010e-02
  -8.424962010e-02
  0.000000000e+00
  -8.424962010e-02
  0.000000000e+00
  5.022474610e-01 5.542035194e-01 -4.782643037e-02
  -6.518985923e-01 6.152554047e-01 -3.321794872e-02
  -1.886084967e-02 3.711166415e-02 8.893897939e-01
 Node:         31
  0.1203E+03  0.1126E+03  0.4920E+03 -0.2165E-03
  -4.329E-4
   1.68E-16
  -4.329E-4
   4.8E-17
   7.199E-17
  -4.329E-4
  -8.424962010e-02
  -8.424962010e-02
  -8.424962010e-02
  0.000000000e+00
  -8.424962010e-02
  0.000000000e+00
  -6.043842132e-01 -3.949904475e-01 -4.713974359e-01
  4.214961790e-01 1.025889894e-01 -7.117934641e-01
  3.498717446e-01 -7.172280040e-01 1.091700352e-01
 Node:         32
  0.1188E+03  0.1134E+03  0.5062E+03 -0.2165E-03
  -4.329E-4
  -2.4E-17
  -4.329E-4
  -4.8E-17
   1.68E-16
  -4.329E-4
  -8.424962010e-02
  -8.424962010e-02
  -8.424962010e-02
  0.000000000e+00
  -8.424962010e-02
  0.000000000e+00
  8.480819005e-01 -1.376220714e-02 -3.461828054e-02
  4.121574158e-02 4.123405732e-01 8.529346405e-01
  -2.799240422e-03 -8.939796380e-01 4.433590749e-01
 Node:         33
  0.1183E+03  0.1150E+03  0.5201E+03 -0.2165E-03
  -4.329E-4
   9.599E-17
  -4.329E-4
   1.44E-16
  -8.004E-36
  -4.329E-4
  -8.424962010e-02
  -8.424962010e-02
  -8.424962010e-02
  0.000000000e+00
  -8.424962010e-02
  0.000000000e+00
  7.147210659e-01 1.062795475e-01 2.096389140e-01
  -3.334277971e-02 5.452682755e-01 -3.480439417e-01
  -2.243641528e-01 3.541139266e-01 5.957970337e-01
 Node:         34
  0.1255E+03  0.1129E+03  0.4909E+03 -0.2165E-03
  -4.329E-4
  -9.338E-36
  -4.329E-4
   9.599E-17
   1.68E-16
  -4.329E-4
  -8.424962010e-02
  -8.424962010e-02
  -8.424962010e-02
  0.000000000e+00
  -8.424962010e-02
  0.000000000e+00
  2.408066365e-01 3.123582705e-01 4.267667672e-01
  3.431215686e-01 -1.173222222e-01 1.382732247e-02
  -1.629008044e-01 -3.740895928e-01 3.866221719e-01
 Node:         35
  0.1260E+03  0.1135E+03  0.5054E+03 -0.2165E-03
  -4.329E-4
   1.92E-16
  -4.329E-4
   1.92E-16
   4.32E-16
  -4.329E-4
  -8.424962010e-02
  -8.424962010e-02
  -8.424962010e-02
  0.000000000e+00
  -8.424962010e-02
  0.000000000e+00
  6.588687280e-01 4.305281549e-01 4.296290598e-01
  -4.853365008e-01 4.002828054e-01 4.048593263e-01
  1.030585713e-02 -7.118907994e-01 6.994726998e-01
 Node:         36
  0.1257E+03  0.1153E+03  0.5196E+03 -0.2165E-03
  -4.329E-4
  -9.599E-17
  -4.329E-4
  -9.599E-17
   1.44E-16
  -4.329E-4
  -8.424962010e-02
  -8.424962010e-02
  -8.424962010e-02
  0.000000000e+00
  -8.424962010e-02
  0.000000000e+00
  -5.046303167e-01 5.913073404e-01 5.677739065e-01
  6.286725490e-01 2.705326797e-01 2.870914329e-01
  2.384343550e-03 -6.672220714e-01 6.511382102e-01
 Node:         37
  0.1132E+03  0.1210E+03  0.4959E+03 -0.2165E-03
  -4.329E-4
   2.4E-16
  -4.329E-4
  -1.44E-16
   3.12E-16
  -4.329E-4
  -8.424962010e-02
  -8.424962010e-02
  -8.424962010e-02
  0.000000000e+00
  -8.424962010e-02
  0.000000000e+00
  -4.345395173e-01 -6.791422826e-01 -3.017842534e-01
  6.205577174e-01 -1.896932026e-01 -4.418701357e-01
  3.278982906e-01 -4.847151332e-01 6.620798190e-01
 Node:         38
  0.1111E+03  0.1204E+03  0.5085E+03 -0.2165E-03
  -4.329E-4
   1.68E-16
  -4.329E-4
  -4.8E-17
  -1.44E-16
  -4.329E-4
  -8.424962010e-02
  -8.424962010e-02
  -8.424962010e-02
  0.000000000e+00
  -8.424962010e-02
  0.000000000e+00
  1.844521368e-01 8.709144294e-01 -1.266597687e-01
  8.748179487e-01 -1.918423328e-01 -4.085920563e-02
  7.632433384e-02 1.258566114e-01 9.863495726e-01
 Node:         39
  0.1119E+03  0.1201E+03  0.5207E+03 -0.2165E-03
  -4.329E-4
  -1.68E-16
  -4.329E-4
  -1.44E-16
  -1.32E-16
  -4.329E-4
  -8.424962010e-02
  -8.424962010e-02
  -8.424962010e-02
  0.000000000e+00
  -8.424962010e-02
  0.000000000e+00
  8.318224736e-01 -6.444271292e-02 -3.337834590e-01
  3.527111614e-01 -2.038400704e-01 9.114016088e-01
  -1.260146254e-01 -8.761810960e-01 -1.480982403e-01
 Node:         40
  0.1191E+03  0.1220E+03  0.4937E+03 -0.2165E-03
  -4.329E-4
   1.44E-16
  -4.329E-4
   1.44E-16
  -2.4E-17
  -4.329E-4
  -8.424962010e-02
  -8.424962010e-02
  -8.424962010e-02
  0.000000000e+00
  -8.424962010e-02
  0.000000000e+00
  2.079784816e-01 2.747192559e-02 2.767913524e-02
  1.774340298e-03 1.420159377e-01 -1.570465561e-01
  -5.780527903e-02 2.244109100e-01 2.091477627e-01
 Node:         41
  0.1182E+03  0.1217E+03  0.5073E+03 -0.2165E-03
  -4.329E-4
  -4.8E-17
  -4.329E-4
   9.599E-17
   1.68E-16
  -4.329E-4
  -8.424962010e-02
  -8.424962010e-02
  -8.424962010e-02
  0.000000000e+00
  -8.424962010e-02
  0.000000000e+00
  -1.260156360e-01 -1.504413072e-01 -8.721544495e-01
  -7.084842634e-01 2.075887883e-01 8.305087984e-02
  2.073537456e-01 9.500475616e-01 -1.991919859e-01
 Node:         42
  0.1187E+03  0.1212E+03  0.5204E+03 -0.2165E-03
  -4.329E-4
  -9.599E-17
  -4.329E-4
   5.336E-36
   9.599E-17
  -4.329E-4
  -8.424962010e-02
  -8.424962010e-02
  -8.424962010e-02
  0.000000000e+00
  -8.424962010e-02
  0.000000000e+00
  -1.711844646e-02 8.016023630e-02 9.260133233e-01
  -7.259638009e-01 1.458389140e-01 -2.938371543e-02
  -1.479956762e-01 -8.802849170e-01 9.019823027e-02
 Node:         43
  0.1258E+03  0.1217E+03  0.4915E+03 -0.2165E-03
  -4.329E-4
   1.92E-16
  -4.329E-4
  -2.4E-17
   2.668E-36
  -4.329E-4
  -8.424962010e-02
  -8.424962010e-02
  -8.424962010e-02
  0.000000000e+00
  -8.424962010e-02
  0.000000000e+00
  8.411166415e-01 2.232412267e-01 -2.951062846e-02
  -3.432095525e-01 8.082489191e-01 -1.161710407e-02
  1.865606335e-02 -3.186777124e-02 9.950986425e-01
 Node:         44
  0.1259E+03  0.1220E+03  0.5059E+03 -0.2165E-03
  -4.329E-4
   2.4E-16
  -4.329E-4
   1.68E-16
   1.92E-16
  -4.329E-4
  -8.424962010e-02
  -8.424962010e-02
  -8.424962010e-02
  0.000000000e+00
  -8.424962010e-02
  0.000000000e+00
  -2.792040724e-01 -2.809153343e-01 -6.284922574e-01
  -6.015821518e-01 -5.315031171e-01 5.064151835e-01
  5.761950226e-01 -6.214219708e-01 3.087274510e-02
 Node:         45
  0.1261E+03  0.1221E+03  0.5198E+03 -0.2165E-03
  -4.329E-4
  -1.44E-16
  -4.329E-4
   4.8E-17
  -1.2E-17
  -4.329E-4
  -8.424962010e-02
  -8.424962010e-02
  -8.424962010e-02
  0.000000000e+00
  -8.424962010e-02
  0.000000000e+00
  6.971280040e-02 -2.235927602e-02 9.967088989e-01
  -8.874656109e-01 1.294569633e-01 6.575939165e-02
  -1.310359980e-01 -8.892494218e-01 -1.156602564e-02
 Node:         46
  0.1117E+03  0.1296E+03  0.4959E+03  0.0000E+00
  -2.467E-16
   4.797E-17
  -7.401E-16
   1.199E-17
  -4.497E-17
   0.0
  3.057000000e-18
  -2.423000000e-16
  -7.476000000e-16
  6.629532710e-16
  -3.289476667e-16
  3.125191690e-16
  3.676000000e-02 -5.800000000e-02 9.976000000e-01
  9.946000000e-01 9.864000000e-02 -3.092000000e-02
  -9.662000000e-02 9.934000000e-01 6.131000000e-02
 Node:         47
  0.1107E+03  0.1269E+03  0.5087E+03  0.0000E+00
  -7.401E-16
  -5.397E-17
   4.934E-16
  -4.797E-17
   6.896E-17
   0.0
  5.058000000e-16
  -7.273000000e-18
  -7.452000000e-16
  1.089215580e-15
  -8.222433333e-17
  5.134611487e-16
  -4.821000000e-02 9.891000000e-01 1.394000000e-01
  -5.424000000e-02 -1.420000000e-01 9.884000000e-01
  -9.974000000e-01 -4.009000000e-02 -6.049000000e-02
 Node:         48
  0.1125E+03  0.1242E+03  0.5208E+03  0.0000E+00
   4.934E-16
   5.997E-18
   4.934E-16
   0.0
  -2.998E-18
   4.934E-16
  5.001000000e-16
  4.934000000e-16
  4.867000000e-16
  1.160474041e-17
  4.934000000e-16
  5.470527092e-18
  -6.325000000e-01 -7.071000000e-01 3.162000000e-01
  4.472000000e-01 -2.276000000e-15 8.944000000e-01
  6.325000000e-01 -7.071000000e-01 -3.162000000e-01
 Node:         49
  0.1186E+03  0.1311E+03  0.4938E+03  0.0000E+00
  -7.401E-16
  -3.598E-17
   0.0
  -7.196E-17
  -1.049E-17
  -2.467E-16
  1.947000000e-18
  -2.366000000e-16
  -7.523000000e-16
  6.677348644e-16
  -3.289843333e-16
  3.147732338e-16
  4.561000000e-02 -9.985000000e-01 2.894000000e-02
  -1.430000000e-01 2.215000000e-02 9.895000000e-01
  -9.887000000e-01 -4.926000000e-02 -1.418000000e-01
 Node:         50
  0.1180E+03  0.1298E+03  0.5075E+03  0.0000E+00
   0.0
  -2.249E-17
   1.48E-15
  -7.196E-17
   2.155E-17
   9.869E-16
  1.482000000e-15
  9.910000000e-16
  -5.513000000e-18
  1.312785985e-15
  8.224956667e-16
  6.188532481e-16
  1.739000000e-02 -9.988000000e-01 -4.603000000e-02
  -7.128000000e-02 -4.716000000e-02 9.963000000e-01
  9.973000000e-01 1.405000000e-02 7.201000000e-02
 Node:         51
  0.1192E+03  0.1275E+03  0.5206E+03  0.0000E+00
   0.0
  -5.997E-18
  -2.467E-16
   0.0
   2.549E-17
   4.934E-16
  4.943000000e-16
  1.449000000e-19
  -2.477000000e-16
  6.542860068e-16
  8.224830000e-17
  3.084333815e-16
  -4.170000000e-04 3.438000000e-02 9.994000000e-01
  9.997000000e-01 -2.416000000e-02 1.248000000e-03
  2.418000000e-02 9.991000000e-01 -3.436000000e-02
 Node:         52
  0.1262E+03  0.1305E+03  0.4920E+03  0.0000E+00
   4.934E-16
  -2.399E-17
   4.934E-16
   2.249E-18
   8.48E-18
   0.0
  5.175000000e-16
  4.696000000e-16
  -1.600000000e-19
  4.954496661e-16
  3.289800000e-16
  2.335572124e-16
  -7.061000000e-01 7.080000000e-01 8.534000000e-03
  7.081000000e-01 7.060000000e-01 1.614000000e-02
  -5.403000000e-03 -1.744000000e-02 9.998000000e-01
 Node:         53
  0.1258E+03  0.1304E+03  0.5063E+03  0.0000E+00
  -7.401E-16
  -2.998E-18
  -4.934E-16
   4.797E-17
   5.847E-17
  -9.869E-16
  -4.866000000e-16
  -7.314000000e-16
  -1.002000000e-15
  4.465358664e-16
  -7.400000000e-16
  2.104990261e-16
  1.040000000e-02 9.931000000e-01 1.171000000e-01
  -9.836000000e-01 3.123000000e-02 -1.776000000e-01
  -1.800000000e-01 -1.133000000e-01 9.771000000e-01
 Node:         54
  0.1265E+03  0.1288E+03  0.5200E+03  0.0000E+00
  -9.869E-16
   3.598E-17
   4.934E-16
   0.0
  -7.496E-18
   4.934E-16
  5.014000000e-16
  4.864000000e-16
  -9.877000000e-16
  1.481656947e-15
  3.333333333e-20
  6.984597833e-16
  1.758000000e-02 7.272000000e-01 -6.862000000e-01
  1.675000000e-02 6.860000000e-01 7.274000000e-01
  -9.997000000e-01 2.428000000e-02 1.229000000e-04
 Node:         55
  0.1381E+03  0.1167E+03  0.4529E+03  0.4974E-02
   0.01671
  -0.009219
   0.01109
  -0.002294
   0.01366
   0.007362
  3.578390146e-02
  1.507473052e-02
  -8.805107089e-03
  3.913252996e-02
  1.401784163e-02
  1.844725153e-02
  -5.440197084e-01 6.079881347e-01 4.144441428e-01
  6.992523379e-01 2.776069331e-01 4.984663147e-01
  -8.268898944e-02 -3.172824535e-01 3.352692308e-01
 Node:         56
  0.1314E+03  0.1156E+03  0.4684E+03  0.4974E-02
   0.01744
  -0.009493
   0.01078
  -0.005774
   0.006344
   0.008535
  3.755346657e-02
  5.751091001e-03
  -2.045960483e-03
  3.684981382e-02
  1.375286569e-02
  1.737116883e-02
  -7.847776269e-01 3.049954882e-01 6.566440925e-02
  1.797532831e-01 -2.950575666e-01 5.730984062e-01
  4.013619910e-02 9.264786828e-02 4.405050176e-01
 Node:         57
  0.1285E+03  0.1140E+03  0.4823E+03  0.4974E-02
   0.01676
  -0.002931
   0.01023
  -0.001657
   0.001179
   0.009908
  2.634749120e-02
  9.335811714e-03
  5.086903570e-03
  1.956829299e-02
  1.359006883e-02
  9.224581780e-03
  -8.767716440e-01 1.757388989e-01 1.183780756e-01
  1.466009355e-01 -2.015029663e-01 6.805743087e-01
  1.845704877e-02 2.904610357e-01 4.662427119e-01
 Node:         58
  0.1479E+03  0.1175E+03  0.4533E+03  0.4974E-02
   0.01652
  -0.01163
   0.01235
  -0.00197
   0.009419
   0.004334
  4.066859226e-02
  8.499667471e-03
  -7.182400905e-03
  4.237263735e-02
  1.399528627e-02
  1.997465280e-02
  -6.870607340e-01 6.661414279e-01 2.895208145e-01
  3.818079940e-01 2.571000503e-01 2.853238311e-01
  -3.640452991e-01 -6.545289090e-01 6.324149321e-01
 Node:         59
  0.1416E+03  0.1165E+03  0.4693E+03  0.4974E-02
   0.01855
  -0.0176
   0.01194
  -0.01504
   0.0133
   0.008278
  5.622603821e-02
  -1.085935143e-04
  -9.697596782e-03
  6.212011246e-02
  1.547328264e-02
  2.928370185e-02
  -7.211313223e-01 5.642305681e-01 2.721377697e-01
  4.047339869e-01 5.617972348e-01 2.502320261e-01
  -1.006547511e-01 -4.408132730e-02 -2.315872298e-01
 Node:         60
  0.1375E+03  0.1150E+03  0.4832E+03  0.4974E-02
   0.01742
  -0.007691
   0.01069
  -0.006883
   0.004823
   0.01022
  3.448844646e-02
  5.839377878e-03
  2.449655606e-03
  3.051404705e-02
  1.425915998e-02
  1.438445973e-02
  -8.177235797e-01 3.508649271e-01 2.210626194e-01
  5.594504776e-02 9.680165913e-02 2.210536652e-01
  1.419005530e-01 7.003312217e-03 6.592744595e-01
 Node:         61
  0.1549E+03  0.1216E+03  0.4538E+03  0.4974E-02
   0.01853
  -0.01017
   0.009823
   0.002665
  -0.006405
   0.006396
  4.932024635e-02
  4.975078331e-03
  -1.175830488e-02
  5.493628744e-02
  1.417900660e-02
  2.589721426e-02
  -6.924772247e-01 5.655778281e-01 -5.833460030e-02
  6.279318703e-01 4.184808446e-01 7.626847662e-02
  4.230278029e-02 4.908903972e-01 2.644138864e-01
 Node:         62
  0.1489E+03  0.1200E+03  0.4700E+03  0.4974E-02
   0.02042
  -0.02997
   0.01161
  -0.01634
   0.009404
   0.01068
  7.137371041e-02
  2.152499095e-03
  -2.133821418e-02
  8.351852342e-02
  1.739599844e-02
  3.937100951e-02
  -7.449720965e-01 5.740667672e-01 3.157306184e-01
  4.376772247e-03 -3.618346330e-01 3.810764203e-01
  3.303172951e-01 2.912509301e-01 2.686239492e-01
 Node:         63
  0.1436E+03  0.1181E+03  0.4839E+03  0.4974E-02
   0.01746
  -0.01365
   0.01169
  -0.005843
   0.008425
   0.01048
  4.225146807e-02
  5.471092308e-03
  -2.567014379e-03
  4.142106227e-02
  1.505184867e-02
  1.952607601e-02
  -7.689189542e-01 4.985752640e-01 2.300032157e-01
  2.743131724e-01 2.279666642e-01 1.413337858e-01
  -3.012302413e-01 -3.294723479e-01 3.891897939e-01
 Node:         64
  0.1411E+03  0.1253E+03  0.4527E+03  0.4974E-02
   0.01365
  -0.009275
   0.01329
  -0.00198
   0.001886
   0.007782
  3.243072398e-02
  1.118392408e-02
  -3.151472046e-03
  3.142029652e-02
  1.348772534e-02
  1.481166983e-02
  -1.358119658e-01 5.229576169e-01 -1.245578834e-02
  4.112516290e-02 2.991849321e-01 7.006255606e-01
  4.992308195e-01 1.537042735e-01 2.869482866e-01
 Node:         65
  0.1339E+03  0.1229E+03  0.4684E+03  0.4974E-02
   0.01646
  -0.01693
   0.0123
  -0.005309
   0.002189
   0.008594
  4.022975113e-02
  8.626820764e-03
  -5.780927300e-03
  4.094055318e-02
  1.435854820e-02
  1.929956185e-02
  -8.132794872e-01 3.388309452e-01 1.630273253e-01
  1.302962504e-01 -2.399987431e-01 4.865614600e-01
  3.679822122e-01 5.531726496e-01 -5.156063348e-02
 Node:         66
  0.1299E+03  0.1214E+03  0.4825E+03  0.4974E-02
   0.01697
  -0.005377
   0.01059
  -0.001928
   0.001508
   0.009893
  2.738718803e-02
  8.998902614e-03
  5.450504022e-03
  2.044010467e-02
  1.394553156e-02
  9.635557747e-03
  -8.722210156e-01 3.264214299e-01 1.319797939e-01
  1.334310206e-01 -1.498809904e-01 6.269455505e-01
  2.113733471e-01 4.164063851e-01 3.793704173e-01
 Node:         67
  0.1496E+03  0.1242E+03  0.4532E+03  0.4974E-02
   0.01462
  -0.01055
   0.01299
  -0.001657
   0.002885
   0.004849
  3.361812971e-02
  4.231167069e-03
  1.288481549e-03
  3.103117241e-02
  1.304592611e-02
  1.462823496e-02
  -7.373893414e-01 6.246494218e-01 1.983615133e-01
  -3.064585319e-01 -3.492876370e-01 -2.982747109e-01
  -2.102784816e-01 -3.118481146e-01 5.238179085e-01
 Node:         68
  0.1430E+03  0.1223E+03  0.4692E+03  0.4974E-02
   0.0186
  -0.02224
   0.01272
  -0.01385
   0.006388
   0.007202
  5.644550277e-02
  2.611681046e-03
  -1.236328406e-02
  6.268988376e-02
  1.556463325e-02
  2.955229461e-02
  -7.514985420e-01 5.811755656e-01 2.986039216e-01
  1.006892425e-01 -3.114971252e-01 8.898510307e-01
  6.343399196e-01 6.894411765e-01 1.667239030e-01
 Node:         69
  0.1379E+03  0.1205E+03  0.4831E+03  0.4974E-02
   0.01771
  -0.008756
   0.01081
  -0.006038
   0.003828
   0.009946
  3.397884615e-02
  6.450344997e-03
  2.916127310e-03
  2.946981417e-02
  1.444843949e-02
  1.389220363e-02
  -8.250026144e-01 4.266839618e-01 2.559353544e-01
  1.619693464e-01 -4.978079437e-04 7.656490196e-01
  1.962044243e-01 -6.806938160e-02 4.293865259e-01
 Node:         70
  0.1552E+03  0.1237E+03  0.4538E+03  0.4974E-02
   0.01569
  -0.01358
   0.01143
  -0.009342
   0.007046
   0.00392
  4.575249874e-02
  -1.567163198e-03
  -4.321355455e-03
  4.876550393e-02
  1.328799336e-02
  2.298827901e-02
  -7.166145299e-01 5.526064354e-01 4.028536953e-01
  4.778585219e-01 5.177867270e-01 3.012277526e-02
  -1.812716290e-01 -3.817512368e-01 2.442951232e-02
 Node:         71
  0.1491E+03  0.1219E+03  0.4700E+03  0.4974E-02
   0.0206
  -0.02143
   0.01201
  -0.02802
   0.01247
   0.007837
  7.700392660e-02
  -2.699378723e-03
  -2.182886828e-02
  9.092836045e-02
  1.749189320e-02
  4.286404019e-02
  -7.244276018e-01 5.004399196e-01 4.679912519e-01
  -2.366815777e-01 -5.554183157e-01 1.306673705e-01
  3.126688286e-01 -4.091116139e-02 5.292290196e-01
 Node:         72
  0.1435E+03  0.1199E+03  0.4838E+03  0.4974E-02
   0.01855
  -0.009858
   0.01066
  -0.01099
   0.005255
   0.0102
  4.059249623e-02
  5.158341629e-03
  -8.121679236e-04
  3.881560399e-02
  1.497955664e-02
  1.829785120e-02
  -7.990125691e-01 4.333236300e-01 3.614717446e-01
  3.874570136e-02 -3.482638864e-01 6.856162393e-01
  2.752886375e-01 -1.185653595e-01 5.445572147e-01
 Node:         73
  0.1441E+03  0.1339E+03  0.4525E+03  0.0000E+00
   0.00935
  -8.525E-4
  -0.002676
  -0.003494
   0.002531
   8.217E-4
  1.991478431e-02
  2.354205581e-03
  -7.092676219e-03
  2.386258835e-02
  5.058771225e-03
  1.124893203e-02
  -7.194289090e-01 1.399001508e-01 5.810891704e-02
  3.078445887e-01 4.153658673e-01 2.291671192e-01
  1.911717547e-01 -3.165319256e-02 4.251269583e-01
 Node:         74
  0.1365E+03  0.1303E+03  0.4683E+03  0.0000E+00
   0.01182
   0.01169
  -5.958E-4
   0.003103
   0.004174
   0.001562
  3.231064404e-02
  2.235726621e-03
  -1.243807843e-02
  3.956587073e-02
  7.369430744e-03
  1.865153033e-02
  -8.572700855e-01 -2.211087682e-01 -1.990892107e-01
  -2.458515938e-01 -5.100080945e-02 7.313512318e-01
  -2.314176823e-01 8.422344897e-01 6.623321267e-02
 Node:         75
  0.1313E+03  0.1288E+03  0.4826E+03  0.0000E+00
   0.008731
   0.00477
   8.844E-5
   0.001095
   5.657E-4
   1.883E-4
  1.954843338e-02
  3.203572917e-04
  -3.838625641e-03
  2.170176785e-02
  5.343388345e-03
  1.023031147e-02
  -9.077362494e-01 -2.285282252e-01 -5.861381951e-02
  -7.626856461e-02 -2.538443238e-01 8.268471594e-01
  -2.259491202e-01 8.300731021e-01 2.515722926e-01
 Node:         76
  0.1514E+03  0.1308E+03  0.4531E+03  0.0000E+00
   0.008735
  -0.003212
  -0.002886
  -0.004613
   0.001866
   4.259E-4
  2.046115234e-02
  2.877443489e-03
  -8.773524384e-03
  2.598013868e-02
  4.855023814e-03
  1.224715483e-02
  -5.130904475e-01 1.029960483e-01 2.813563600e-01
  2.186768401e-01 -9.321148316e-02 6.088823027e-01
  8.577275013e-02 -2.492020111e-01 3.696472499e-01
 Node:         77
  0.1444E+03  0.1280E+03  0.4691E+03  0.0000E+00
   0.01311
   0.01189
  -7.435E-4
   0.003254
   0.00344
   8.746E-4
  3.199501760e-02
  2.448951282e-03
  -1.128350980e-02
  3.834017519e-02
  7.720153025e-03
  1.807373191e-02
  -8.866265963e-01 -2.726616843e-01 -7.805136853e-02
  1.493876722e-02 9.999234289e-02 6.797738562e-01
  -3.264748673e-01 3.538430870e-01 6.042973856e-02
 Node:         78
  0.1384E+03  0.1261E+03  0.4829E+03  0.0000E+00
   0.009248
   0.006646
   1.208E-4
   0.00176
   9.091E-4
   1.283E-4
  2.147496028e-02
  -2.153991654e-04
  -4.284259477e-03
  2.414459947e-02
  5.658433880e-03
  1.138187334e-02
  -8.990205631e-01 -3.093494590e-01 -7.515767873e-02
  -5.930085470e-02 -2.152199296e-01 8.289885872e-01
  -3.003012921e-01 8.125862745e-01 2.005019005e-01
 Node:         79
  0.1554E+03  0.1257E+03  0.4538E+03  0.0000E+00
   0.007746
  -4.815E-4
  -0.006224
  -0.01077
   0.001079
  -0.002575
  3.415061689e-02
  -8.229206637e-03
  -1.769441277e-02
  4.792443093e-02
  2.742332495e-03
  2.259179340e-02
  -2.359259930e-01 -2.714428457e-01 -1.948236295e-01
  5.430197587e-02 1.818667672e-01 4.082724987e-02
  2.588135244e-01 2.068136249e-01 1.107766214e-01
 Node:         80
  0.1493E+03  0.1238E+03  0.4700E+03  0.0000E+00
   0.01436
   0.006184
  -0.003905
   0.007605
   0.003222
  -0.001234
  3.466609251e-02
  -4.982275013e-03
  -1.028342886e-02
  4.260636576e-02
  6.466796213e-03
  2.008483344e-02
  -8.818787330e-01 -3.042974862e-01 -2.576765337e-01
  -1.754534037e-01 1.153804324e-01 3.326290598e-01
  -1.006584515e-01 9.411312217e-03 3.610991755e-01
 Node:         81
  0.1433E+03  0.1217E+03  0.4837E+03  0.0000E+00
   0.009752
   0.005562
  -3.313E-4
   0.007314
   0.00211
   1.583E-4
  2.490867119e-02
  -2.165320412e-03
  -5.586830065e-03
  2.901627976e-02
  5.718840238e-03
  1.367840546e-02
  -8.747287582e-01 -2.694578683e-01 -2.647646003e-01
  3.599433122e-03 -1.863181498e-01 2.601880995e-01
  -3.306171764e-01 2.836836400e-01 7.569128205e-01
 Node:         82
  0.1267E+03  0.1148E+03  0.4559E+03  0.6575E-02
   0.02088
  -0.009419
   0.01289
  -0.002866
   8.077E-4
   0.01257
  2.886986249e-02
  1.209701006e-02
  -4.617180040e-03
  2.960503066e-02
  1.211656417e-02
  1.395594529e-02
  -3.180198592e-01 3.856738281e-01 1.830135445e-01
  1.006721016e-01 -2.584239216e-01 4.860086978e-01
  2.713119658e-01 3.864901961e-01 1.032330317e-01
 Node:         83
  0.1234E+03  0.1129E+03  0.4718E+03  0.6575E-02
   0.01977
  -0.006613
   0.01285
  -0.004215
   0.001265
   0.01318
  3.347497989e-02
  7.408505279e-03
  -6.315659326e-03
  3.508383810e-02
  1.152260861e-02
  1.653867989e-02
  -2.414774258e-01 2.971959583e-01 3.871957768e-01
  -2.234360483e-02 -2.188270488e-02 4.124331825e-01
  2.300128205e-01 3.152702866e-01 3.602650578e-01
 Node:         84
  0.1187E+03  0.1123E+03  0.4849E+03  0.6575E-02
   0.01956
  -5.515E-4
   0.01312
  -9.285E-4
   5.042E-5
   0.01327
  2.252480191e-02
  7.350123680e-03
  4.801446958e-03
  1.664944981e-02
  1.155879085e-02
  7.848625909e-03
  -2.522260935e-01 7.829512016e-02 3.075529110e-01
  2.447848467e-02 9.146802413e-02 1.064926697e-01
  1.584499849e-01 1.732723580e-01 5.558199598e-01
 Node:         85
  0.1302E+03  0.1161E+03  0.4547E+03  0.6575E-02
   0.02099
  -0.01054
   0.01299
  -0.002648
   9.103E-4
   0.01216
  3.099521099e-02
  1.385562066e-02
  -7.847962795e-03
  3.462910833e-02
  1.233428962e-02
  1.632431822e-02
  -1.721279537e-01 3.887030166e-01 2.153279286e-01
  -1.851379467e-01 9.270824535e-02 7.008673203e-01
  1.212430367e-01 -5.329713424e-02 4.340323278e-01
 Node:         86
  0.1252E+03  0.1138E+03  0.4701E+03  0.6575E-02
   0.01848
  -0.005725
   0.01528
  -0.01018
   0.004625
   0.01295
  5.225415133e-02
  8.458830568e-03
  -1.939680251e-02
  6.317602148e-02
  1.377205980e-02
  2.978146213e-02
  -1.139853193e-01 3.489470085e-01 5.355772750e-01
  -9.946852690e-02 -1.274711916e-01 1.637376138e-01
  1.731875817e-01 7.962976370e-02 5.350845651e-01
 Node:         87
  0.1217E+03  0.1126E+03  0.4833E+03  0.6575E-02
   0.01965
  -4.745E-4
   0.01314
  -0.001817
   1.946E-4
   0.01335
  2.396265812e-02
  7.466481649e-03
  3.338449975e-03
  1.897718111e-02
  1.158919658e-02
  8.945928965e-03
  -2.450860231e-01 5.989449321e-02 3.609312117e-01
  -1.029750126e-02 -2.458471594e-03 -1.031287722e-01
  1.630096631e-01 3.489111614e-02 5.641826043e-01
 Node:         88
  0.1338E+03  0.1169E+03  0.4530E+03  0.6575E-02
   0.01984
  -0.01136
   0.0134
  -0.002657
   0.006018
   0.01302
  3.308920739e-02
  1.343897824e-02
  -9.658000503e-03
  3.833126297e-02
  1.229006171e-02
  1.806953065e-02
  -5.208232026e-01 6.280240322e-01 4.228542484e-01
  1.539295726e-01 -2.214637255e-02 4.763555153e-01
  1.631510307e-01 1.222016088e-01 1.531663600e-01
 Node:         89
  0.1270E+03  0.1150E+03  0.4684E+03  0.6575E-02
   0.0204
  -0.007966
   0.01326
  -0.005699
   0.001866
   0.01314
  3.449132479e-02
  6.684454500e-03
  -6.540337557e-03
  3.643306329e-02
  1.154514724e-02
  1.717471074e-02
  -2.525984414e-01 3.579872901e-01 3.974604475e-01
  -6.835963499e-02 1.092780794e-01 4.909536953e-01
  1.605915033e-01 2.804969080e-01 4.834320261e-01
 Node:         90
  0.1248E+03  0.1132E+03  0.4822E+03  0.6575E-02
   0.01981
  -0.001863
   0.01326
  -0.001305
   6.847E-4
   0.01321
  2.353503846e-02
  7.550357265e-03
  3.695529412e-03
  1.829304071e-02
  1.159364171e-02
  8.623422091e-03
  -2.319967320e-01 2.874252574e-01 2.365826596e-01
  1.055846864e-01 4.966988436e-02 2.836637506e-01
  7.303348919e-02 4.316845651e-01 5.126381096e-01
 Node:         91
  0.1258E+03  0.1260E+03  0.4547E+03  0.6575E-02
   0.01693
  -0.01385
   0.0156
  -0.006507
   0.003286
   0.01239
  4.034586476e-02
  1.116741639e-02
  -1.364466057e-02
  4.730159816e-02
  1.262287352e-02
  2.229818721e-02
  -7.121634490e-01 2.146925088e-01 9.094700855e-02
  3.138579894e-01 -2.160453092e-01 2.949625244e-01
  4.511518552e-01 -1.938843640e-02 4.773560583e-01
 Node:         92
  0.1208E+03  0.1232E+03  0.4725E+03  0.6575E-02
   0.01971
  -0.01073
   0.01338
  -0.00868
   0.001805
   0.0132
  3.440981699e-02
  1.096099809e-02
  -8.434258622e-03
  3.764880984e-02
  1.231218549e-02
  1.774781916e-02
  -2.257004525e-01 4.436576873e-01 3.928407592e-01
  -8.721736752e-02 -5.145982906e-02 6.809903972e-01
  3.055263047e-01 5.214720965e-02 4.921651584e-01
 Node:         93
  0.1159E+03  0.1217E+03  0.4877E+03  0.6575E-02
   0.01988
  -5.725E-5
   0.01309
  -0.003939
  -0.001331
   0.01346
  2.412519542e-02
  8.808290799e-03
  2.755825038e-03
  1.919152939e-02
  1.189643709e-02
  9.046973715e-03
  -1.905511312e-01 -9.288669080e-02 3.717107642e-01
  -1.348316440e-01 1.046372549e-01 -2.505166918e-01
  -1.818851780e-01 4.011830065e-02 -5.503934138e-01
 Node:         94
  0.1312E+03  0.1262E+03  0.4538E+03  0.6575E-02
   0.01625
  -0.01379
   0.01604
  -0.005569
   0.00144
   0.01211
  3.831601659e-02
  1.320774032e-02
  -1.334331609e-02
  4.570112071e-02
  1.272681361e-02
  2.154371491e-02
  -2.184613876e-01 5.779800000e-01 1.259740271e-01
  -9.929890397e-02 8.353891403e-02 6.931198994e-01
  5.169132227e-01 1.270685772e-01 4.090704877e-01
 Node:         95
  0.1249E+03  0.1234E+03  0.4705E+03  0.6575E-02
   0.02022
  -0.009921
   0.01418
  -0.01022
   0.00182
   0.01223
  3.380488512e-02
