 Group name: predicted_stress_L5A4
 #Fields=  16
 1) coordinates, coordinate, rectangular cartesian, #Components=3
   x.  Value index= 1, #Derivatives=0
   y.  Value index= 2, #Derivatives=0
   z.  Value index= 3, #Derivatives=0
 2) Tensor_1, field, rectangular cartesian, #Components=1
   Tensor_1.  Value index= 4, #Derivatives=0
 3) Tensor_2, field, rectangular cartesian, #Components=1
   Tensor_2.  Value index= 5, #Derivatives=0
 4) Tensor_3, field, rectangular cartesian, #Components=1
   Tensor_3.  Value index= 6, #Derivatives=0
 5) Tensor_4, field, rectangular cartesian, #Components=1
   Tensor_4.  Value index= 7, #Derivatives=0
 6) Tensor_5, field, rectangular cartesian, #Components=1
   Tensor_5.  Value index= 8, #Derivatives=0
 7) Tensor_6, field, rectangular cartesian, #Components=1
   Tensor_6.  Value index= 9, #Derivatives=0
 8) Principal_1, field, rectangular cartesian, #Components=1
   Principal_1.  Value index= 10, #Derivatives=0
 9) Principal_2, field, rectangular cartesian, #Components=1
   Principal_2.  Value index= 11, #Derivatives=0
 10) Principal_3, field, rectangular cartesian, #Components=1
   Principal_3.  Value index= 12, #Derivatives=0
 11) VonMises, field, rectangular cartesian, #Components=1
   VonMises.  Value index= 13, #Derivatives=0
 12) Hydrostatic, field, rectangular cartesian, #Components=1
   VonMises.  Value index= 14, #Derivatives=0
 13) Octahedral, field, rectangular cartesian, #Components=1
   VonMises.  Value index= 15, #Derivatives=0
 14) PrincipalVector1, field, rectangular cartesian, #Components=3
   x.  Value index= 16, #Derivatives=0
   y.  Value index= 17, #Derivatives=0
   z.  Value index= 18, #Derivatives=0
 15) PrincipalVector2, field, rectangular cartesian, #Components=3
   x.  Value index= 19, #Derivatives=0
   y.  Value index= 20, #Derivatives=0
   z.  Value index= 21, #Derivatives=0
 16) PrincipalVector3, field, rectangular cartesian, #Components=3
   x.  Value index= 22, #Derivatives=0
   y.  Value index= 23, #Derivatives=0
   z.  Value index= 24, #Derivatives=0
 Node:          1
  0.1287E+03  0.1133E+03  0.4908E+03 -0.1819E-04
  -3.638E-5
  -1.439E-16
  -3.638E-5
  -4.797E-17
  -7.196E-17
  -3.638E-5
  -1.389878153e-02
  -1.389878153e-02
  -1.389878153e-02
  0.000000000e+00
  -1.389878153e-02
  0.000000000e+00
  9.864682638e-01 -2.598598660e-01 -2.920860381e-02
  2.448230294e-01 9.504558990e-01 -1.843099433e-01
  7.361405461e-02 1.712993302e-01 9.811459557e-01
 Node:          2
  0.1292E+03  0.1137E+03  0.5052E+03 -0.1819E-04
  -3.638E-5
  -1.919E-16
  -3.638E-5
  -9.595E-17
   3.358E-16
  -3.638E-5
  -1.389878153e-02
  -1.389878153e-02
  -1.389878153e-02
  0.000000000e+00
  -1.389878153e-02
  0.000000000e+00
  7.704706852e-01 -3.481060278e-01 -1.738257084e-01
  3.798236476e-01 6.721976816e-01 3.373176198e-01
  -8.838816074e-04 -4.549230809e-01 8.904446677e-01
 Node:          3
  0.1289E+03  0.1155E+03  0.5194E+03 -0.1819E-04
  -3.638E-5
   2.399E-16
  -3.638E-5
   1.919E-16
   9.595E-17
  -3.638E-5
  -1.389878153e-02
  -1.389878153e-02
  -1.389878153e-02
  0.000000000e+00
  -1.389878153e-02
  0.000000000e+00
  -4.053563627e-01 -8.751324575e-01 -2.630976816e-01
  4.919236991e-01 -4.518593509e-01 7.439909840e-01
  7.701564142e-01 -1.723598660e-01 -6.135704791e-01
 Node:          4
  0.1361E+03  0.1141E+03  0.4915E+03 -0.1819E-04
  -3.638E-5
  -4.797E-17
  -3.638E-5
  -4.797E-17
  -1.439E-16
  -3.638E-5
  -1.389878153e-02
  -1.389878153e-02
  -1.389878153e-02
  0.000000000e+00
  -1.389878153e-02
  0.000000000e+00
  -4.100367852e-02 -9.127026275e-02 9.948896445e-01
  -1.014790469e+00 1.025323545e-01 -3.226273055e-02
  -9.897823802e-02 -1.010910149e+00 -9.699665121e-02
 Node:          5
  0.1341E+03  0.1144E+03  0.5054E+03 -0.1819E-04
  -3.638E-5
   2.399E-16
  -3.638E-5
   9.595E-17
  -1.199E-16
  -3.638E-5
  -1.389878153e-02
  -1.389878153e-02
  -1.389878153e-02
  0.000000000e+00
  -1.389878153e-02
  0.000000000e+00
  9.969112313e-02 -1.777528078e-01 9.789684699e-01
  7.158388975e-01 6.960401340e-01 5.350099433e-02
  -6.909844925e-01 6.955154044e-01 1.967384853e-01
 Node:          6
  0.1323E+03  0.1162E+03  0.5191E+03 -0.1819E-04
  -3.638E-5
   9.595E-17
  -3.638E-5
  -9.595E-17
  -4.797E-17
  -3.638E-5
  -1.389878153e-02
  -1.389878153e-02
  -1.389878153e-02
  0.000000000e+00
  -1.389878153e-02
  0.000000000e+00
  -7.121063885e-01 -6.959150953e-01 9.094506955e-02
  5.947690366e-01 -6.246322514e-01 -3.566366306e-02
  8.669998454e-02 4.097140134e-02 9.952049459e-01
 Node:          7
  0.1408E+03  0.1171E+03  0.4920E+03 -0.1819E-04
  -3.638E-5
   3.838E-16
  -3.638E-5
  -1.439E-16
  -1.919E-16
  -3.638E-5
  -1.389878153e-02
  -1.389878153e-02
  -1.389878153e-02
  0.000000000e+00
  -1.389878153e-02
  0.000000000e+00
  8.859325090e-01 4.883003606e-01 -1.309279238e-01
  -4.920887172e-01 8.620837713e-01 -1.165503040e-01
  5.489906749e-02 1.641042761e-01 9.848670788e-01
 Node:          8
  0.1367E+03  0.1169E+03  0.5055E+03 -0.1819E-04
  -3.638E-5
   3.358E-16
  -3.638E-5
  -6.956E-16
  -4.078E-16
  -3.638E-5
  -1.389878153e-02
  -1.389878153e-02
  -1.389878153e-02
  0.000000000e+00
  -1.389878153e-02
  0.000000000e+00
  -5.936888202e-01 -6.110545080e-01 2.597116950e-01
  6.215172076e-01 -6.386676971e-01 -5.709259660e-02
  2.601227099e-01 1.024126739e-01 9.530168985e-01
 Node:          9
  0.1339E+03  0.1180E+03  0.5191E+03 -0.1819E-04
  -3.638E-5
   2.878E-16
  -3.638E-5
  -6.836E-16
  -4.797E-16
  -3.638E-5
  -1.389878153e-02
  -1.389878153e-02
  -1.389878153e-02
  0.000000000e+00
  -1.389878153e-02
  0.000000000e+00
  3.138263782e-01 1.973466255e-01 -8.244584750e-01
  9.532849562e-01 1.219371973e-01 2.803329212e-01
  -1.675722617e-01 8.338344152e-01 1.457787738e-01
 Node:         10
  0.1294E+03  0.1212E+03  0.4911E+03 -0.1819E-04
  -3.638E-5
   4.797E-17
  -3.638E-5
  -2.399E-17
   2.159E-16
  -3.638E-5
  -1.389878153e-02
  -1.389878153e-02
  -1.389878153e-02
  0.000000000e+00
  -1.389878153e-02
  0.000000000e+00
  2.396000000e-02 5.890140649e-01 6.033863472e-01
  1.629817671e-01 6.827781556e-01 -7.099106131e-01
  -8.483188047e-01 1.317466806e-01 -9.784391036e-02
 Node:         11
  0.1295E+03  0.1214E+03  0.5055E+03 -0.1819E-04
  -3.638E-5
  -4.797E-17
  -3.638E-5
  -7.196E-17
   2.399E-17
  -3.638E-5
  -1.389878153e-02
  -1.389878153e-02
  -1.389878153e-02
  0.000000000e+00
  -1.389878153e-02
  0.000000000e+00
  -2.483106131e-01 1.153671097e-01 8.512516744e-01
  -5.653917053e-01 6.790117465e-01 -2.588967027e-01
  7.544693457e-01 5.861350335e-01 1.308880474e-01
 Node:         12
  0.1295E+03  0.1217E+03  0.5196E+03 -0.1819E-04
  -3.638E-5
  -3.083E-37
  -3.638E-5
   1.319E-16
   4.797E-17
  -3.638E-5
  -1.389878153e-02
  -1.389878153e-02
  -1.389878153e-02
  0.000000000e+00
  -1.389878153e-02
  0.000000000e+00
  -2.416595569e-01 -8.508899742e-02 -9.663684699e-01
  -3.502907264e-01 9.512419371e-01 5.006331723e-03
  9.435826893e-02 6.328052550e-02 -3.103049974e-02
 Node:         13
  0.1361E+03  0.1199E+03  0.4914E+03 -0.1819E-04
  -3.638E-5
  -2.399E-16
  -3.638E-5
  -1.679E-16
   4.797E-17
  -3.638E-5
  -1.389878153e-02
  -1.389878153e-02
  -1.389878153e-02
  0.000000000e+00
  -1.389878153e-02
  0.000000000e+00
  9.386584235e-01 -3.792357548e-01 -1.294726945e-01
  3.710240598e-01 9.281568264e-01 -2.918833076e-02
  1.286141680e-01 -2.022632488e-02 9.914776404e-01
 Node:         14
  0.1342E+03  0.1198E+03  0.5054E+03 -0.1819E-04
  -3.638E-5
   4.797E-17
  -3.638E-5
   9.595E-17
  -1.559E-16
  -3.638E-5
  -1.389878153e-02
  -1.389878153e-02
  -1.389878153e-02
  0.000000000e+00
  -1.389878153e-02
  0.000000000e+00
  9.596214838e-02 -2.651150438e-01 9.593041216e-01
  -2.950974858e-01 -9.485808861e-01 -2.322524472e-01
  -9.715974755e-01 2.608359815e-01 1.693664606e-01
 Node:         15
  0.1330E+03  0.1205E+03  0.5193E+03 -0.1819E-04
  -3.638E-5
  -1.439E-16
  -3.638E-5
   2.399E-17
   8.396E-17
  -3.638E-5
  -1.389878153e-02
  -1.389878153e-02
  -1.389878153e-02
  0.000000000e+00
  -1.389878153e-02
  0.000000000e+00
  1.013995054e+00 -1.146139155e-01 1.247258630e-02
  -2.160587326e-02 -2.985575992e-01 -9.752077795e-01
  1.106663266e-01 9.490629057e-01 -2.931123132e-01
 Node:         16
  0.1404E+03  0.1188E+03  0.4918E+03 -0.1819E-04
  -3.638E-5
   9.595E-17
  -3.638E-5
  -1.439E-16
  -2.519E-16
  -3.638E-5
  -1.389878153e-02
  -1.389878153e-02
  -1.389878153e-02
  0.000000000e+00
  -1.389878153e-02
  0.000000000e+00
  -1.499386914e-01 -2.400861927e-01 9.590641422e-01
  -7.855068006e-01 -5.326459557e-01 -2.562892324e-01
  5.725274086e-01 -7.916299330e-01 -1.093942298e-01
 Node:         17
  0.1365E+03  0.1184E+03  0.5055E+03 -0.1819E-04
  -3.638E-5
   4.797E-17
  -3.638E-5
   1.679E-16
   2.938E-16
  -3.638E-5
  -1.389878153e-02
  -1.389878153e-02
  -1.389878153e-02
  0.000000000e+00
  -1.389878153e-02
  0.000000000e+00
  2.667004122e-01 4.314545595e-01 8.779742401e-01
  9.494119526e-01 -3.547624420e-01 -1.078226922e-01
  -2.525461618e-01 -8.280548686e-01 4.853429160e-01
 Node:         18
  0.1341E+03  0.1191E+03  0.5192E+03 -0.1819E-04
  -3.638E-5
  -4.099E-37
  -3.638E-5
   4.573E-17
   1.84E-16
  -3.638E-5
  -1.389878153e-02
  -1.389878153e-02
  -1.389878153e-02
  0.000000000e+00
  -1.389878153e-02
  0.000000000e+00
  2.696454405e-02 9.909543534e-02 9.774119011e-01
  9.230833591e-01 -1.674886656e-01 -1.558077308e-02
  -2.946373519e-01 -8.742132921e-01 8.734079856e-02
 Node:         19
  0.1301E+03  0.1291E+03  0.4914E+03  0.0000E+00
   4.934E-16
   0.0
   4.934E-16
   3.631E-19
   1.731E-17
  -9.869E-16
  4.936000000e-16
  4.934000000e-16
  -9.871000000e-16
  1.480600010e-15
  -3.333333333e-20
  6.979615383e-16
  -2.097000000e-02 -9.997000000e-01 -1.169000000e-02
  -9.998000000e-01 2.097000000e-02 -8.123000000e-17
  2.452000000e-04 1.169000000e-02 -9.999000000e-01
 Node:         20
  0.1299E+03  0.1291E+03  0.5058E+03  0.0000E+00
   9.869E-16
   0.0
   0.0
   1.799E-17
   3.326E-17
  -2.467E-16
  9.871000000e-16
  4.400000000e-18
  -2.514000000e-16
  1.132478516e-15
  2.467000000e-16
  5.338554923e-16
  -9.999000000e-01 -4.917000000e-04 -1.459000000e-02
  2.401000000e-03 -9.914000000e-01 -1.311000000e-01
  -1.440000000e-02 -1.312000000e-01 9.913000000e-01
 Node:         21
  0.1301E+03  0.1280E+03  0.5197E+03  0.0000E+00
   4.934E-16
   0.0
   0.0
   7.196E-17
   2.549E-17
   4.934E-16
  5.660000000e-16
  4.222000000e-16
  -1.341000000e-18
  5.108528306e-16
  3.289530000e-16
  2.408183338e-16
  -7.039000000e-01 -3.195000000e-02 -7.096000000e-01
  -7.102000000e-01 4.241000000e-02 7.027000000e-01
  -7.642000000e-03 -9.986000000e-01 5.255000000e-02
 Node:         22
  0.1360E+03  0.1256E+03  0.4913E+03  0.0000E+00
  -9.869E-16
   2.399E-17
  -4.934E-16
  -2.399E-17
   1.739E-16
   4.934E-16
  5.234000000e-16
  -5.215000000e-16
  -9.888000000e-16
  1.341069376e-15
  -3.289666667e-16
  6.321861663e-16
  -1.298000000e-02 1.683000000e-01 9.857000000e-01
  5.935000000e-02 9.841000000e-01 -1.672000000e-01
  -9.982000000e-01 5.633000000e-02 -2.276000000e-02
 Node:         23
  0.1343E+03  0.1253E+03  0.5054E+03  0.0000E+00
   0.0
   3.598E-17
  -1.974E-15
   0.0
   2.271E-16
  -7.401E-16
  6.796000000e-19
  -6.997000000e-16
  -2.015000000e-15
  1.772499637e-15
  -9.046734667e-16
  8.355643418e-16
  9.998000000e-01 1.889000000e-02 5.790000000e-03
  -9.011000000e-03 1.753000000e-01 9.845000000e-01
  1.758000000e-02 -9.843000000e-01 1.754000000e-01
 Node:         24
  0.1336E+03  0.1248E+03  0.5194E+03  0.0000E+00
  -9.869E-16
   2.099E-17
   0.0
   2.399E-17
   1.499E-18
  -7.401E-16
  4.516000000e-19
  -7.379000000e-16
  -9.896000000e-16
  8.912682385e-16
  -5.756828000e-16
  4.201478769e-16
  -2.132000000e-02 -9.998000000e-01 -2.714000000e-03
  9.549000000e-02 -4.739000000e-03 9.954000000e-01
  -9.952000000e-01 2.096000000e-02 9.557000000e-02
 Node:         25
  0.1400E+03  0.1206E+03  0.4917E+03  0.0000E+00
   0.0
   4.617E-16
  -4.934E-16
  -1.439E-16
  -2.249E-16
   9.869E-16
  1.067000000e-15
  2.050000000e-16
  -7.785000000e-16
  1.599404030e-15
  1.645000000e-16
  7.539662901e-16
  -2.161000000e-01 -2.016000000e-01 9.553000000e-01
  8.390000000e-01 4.621000000e-01 2.874000000e-01
  -4.994000000e-01 8.636000000e-01 6.929000000e-02
 Node:         26
  0.1363E+03  0.1200E+03  0.5055E+03  0.0000E+00
   9.869E-16
   1.859E-16
  -2.714E-15
   4.797E-17
  -1.943E-15
  -2.467E-16
  1.006000000e-15
  8.090000000e-16
  -3.789000000e-15
  4.699597749e-15
  -6.580000000e-16
  2.215411625e-15
  9.680000000e-01 1.526000000e-01 -1.995000000e-01
  2.481000000e-01 -4.578000000e-01 8.538000000e-01
  -3.892000000e-02 8.759000000e-01 4.809000000e-01
 Node:         27
  0.1343E+03  0.1203E+03  0.5192E+03  0.0000E+00
   9.869E-16
  -3.358E-16
   9.869E-16
  -1.799E-16
   2.27E-15
   0.0
  2.890000000e-15
  9.150000000e-16
  -1.831000000e-15
  4.106639867e-15
  6.580000000e-16
  1.935888599e-15
  -1.931000000e-01 7.658000000e-01 6.135000000e-01
  9.808000000e-01 1.345000000e-01 1.409000000e-01
  2.534000000e-02 6.289000000e-01 -7.771000000e-01
 Node:         28
  0.1155E+03  0.1124E+03  0.4931E+03 -0.1075E-03
  -2.15E-4
   6.598E-17
  -2.15E-4
  -9.597E-17
   9.597E-17
  -2.15E-4
  -8.306903485e-02
  -8.306903485e-02
  -8.306903485e-02
  0.000000000e+00
  -8.306903485e-02
  0.000000000e+00
  2.945580113e-02 9.662617208e-01 1.808914477e-01
  7.008274601e-02 1.969483771e-01 -8.613412674e-01
  -1.016723287e+00 4.648884596e-02 -6.776341061e-02
 Node:         29
  0.1119E+03  0.1139E+03  0.5068E+03 -0.1075E-03
  -2.15E-4
  -3.599E-17
  -2.15E-4
   9.597E-17
   1.2E-17
  -2.15E-4
  -8.306903485e-02
  -8.306903485e-02
  -8.306903485e-02
  0.000000000e+00
  -8.306903485e-02
  0.000000000e+00
  -4.203687790e-02 8.913222050e-01 -1.862872798e-02
  -9.488575992e-01 -1.794353941e-02 -1.934716899e-01
  -1.588651211e-01 1.035197321e-02 9.009670273e-01
 Node:         30
  0.1113E+03  0.1159E+03  0.5206E+03 -0.1075E-03
  -2.15E-4
   2.159E-16
  -2.15E-4
   2.982E-36
  -4.798E-17
  -2.15E-4
  -8.306903485e-02
  -8.306903485e-02
  -8.306903485e-02
  0.000000000e+00
  -8.306903485e-02
  0.000000000e+00
  5.914452344e-01 6.360157651e-01 -5.528568264e-02
  -6.527168985e-01 6.163406491e-01 -3.438299845e-02
  -1.371730036e-02 4.024966512e-02 8.914860896e-01
 Node:         31
  0.1203E+03  0.1126E+03  0.4920E+03 -0.1075E-03
  -2.15E-4
   1.679E-16
  -2.15E-4
   4.798E-17
   7.198E-17
  -2.15E-4
  -8.306903485e-02
  -8.306903485e-02
  -8.306903485e-02
  0.000000000e+00
  -8.306903485e-02
  0.000000000e+00
  -6.063316847e-01 -3.954926842e-01 -4.719534776e-01
  4.843899021e-01 5.274198867e-02 -7.894551777e-01
  4.020639876e-01 -8.527798557e-01 6.041133436e-02
 Node:         32
  0.1188E+03  0.1134E+03  0.5062E+03 -0.1075E-03
  -2.15E-4
  -2.399E-17
  -2.15E-4
  -4.798E-17
   1.679E-16
  -2.15E-4
  -8.306903485e-02
  -8.306903485e-02
  -8.306903485e-02
  0.000000000e+00
  -8.306903485e-02
  0.000000000e+00
  9.699250386e-01 -1.663014941e-02 -3.907229263e-02
  4.074357032e-02 4.129411643e-01 8.535934570e-01
  -3.132766924e-03 -8.939229263e-01 4.435622875e-01
 Node:         33
  0.1183E+03  0.1150E+03  0.5201E+03 -0.1075E-03
  -2.15E-4
   9.597E-17
  -2.15E-4
   1.44E-16
  -3.976E-36
  -2.15E-4
  -8.306903485e-02
  -8.306903485e-02
  -8.306903485e-02
  0.000000000e+00
  -8.306903485e-02
  0.000000000e+00
  8.420083462e-01 1.442208861e-01 2.101459557e-01
  1.217919551e-02 7.297850077e-01 -4.995159196e-01
  -2.468819165e-01 3.864749614e-01 6.612117980e-01
 Node:         34
  0.1255E+03  0.1129E+03  0.4909E+03 -0.1075E-03
  -2.15E-4
  -4.638E-36
  -2.15E-4
   9.597E-17
   1.679E-16
  -2.15E-4
  -8.306903485e-02
  -8.306903485e-02
  -8.306903485e-02
  0.000000000e+00
  -8.306903485e-02
  0.000000000e+00
  3.244361154e-01 4.602662030e-01 5.961965482e-01
  -1.940333849e-01 1.887274601e-01 1.364187148e-02
  -2.056909840e-01 -4.475779495e-01 4.719280783e-01
 Node:         35
  0.1260E+03  0.1135E+03  0.5054E+03 -0.1075E-03
  -2.15E-4
   1.919E-16
  -2.15E-4
   1.919E-16
   4.319E-16
  -2.15E-4
  -8.306903485e-02
  -8.306903485e-02
  -8.306903485e-02
  0.000000000e+00
  -8.306903485e-02
  0.000000000e+00
  7.494205049e-01 4.874743946e-01 4.866004122e-01
  -5.135847501e-01 4.224266358e-01 4.269510046e-01
  1.016845004e-02 -7.118303967e-01 6.995851623e-01
 Node:         36
  0.1257E+03  0.1153E+03  0.5196E+03 -0.1075E-03
  -2.15E-4
  -9.597E-17
  -2.15E-4
  -9.597E-17
   1.44E-16
  -2.15E-4
  -8.306903485e-02
  -8.306903485e-02
  -8.306903485e-02
  0.000000000e+00
  -8.306903485e-02
  0.000000000e+00
  -4.565252447e-01 6.167910355e-01 5.878654817e-01
  8.067902112e-01 2.903330757e-01 3.289961463e-01
  1.760104875e-02 -6.322018547e-01 5.940927357e-01
 Node:         37
  0.1132E+03  0.1210E+03  0.4959E+03 -0.1075E-03
  -2.15E-4
   2.399E-16
  -2.15E-4
  -1.44E-16
   3.119E-16
  -2.15E-4
  -8.306903485e-02
  -8.306903485e-02
  -8.306903485e-02
  0.000000000e+00
  -8.306903485e-02
  0.000000000e+00
  -4.796158166e-01 -7.353078825e-01 -3.081039979e-01
  7.181165894e-01 -2.144780319e-01 -5.881340031e-01
  3.835080371e-01 -5.301623905e-01 6.648061412e-01
 Node:         38
  0.1111E+03  0.1204E+03  0.5085E+03 -0.1075E-03
  -2.15E-4
   1.679E-16
  -2.15E-4
  -4.798E-17
  -1.44E-16
  -2.15E-4
  -8.306903485e-02
  -8.306903485e-02
  -8.306903485e-02
  0.000000000e+00
  -8.306903485e-02
  0.000000000e+00
  2.102675425e-01 9.881051005e-01 -1.433884389e-01
  9.925839773e-01 -2.191749098e-01 -4.943785162e-02
  7.654210201e-02 1.252460072e-01 9.864349820e-01
 Node:         39
  0.1119E+03  0.1201E+03  0.5207E+03 -0.1075E-03
  -2.15E-4
  -1.679E-16
  -2.15E-4
  -1.44E-16
  -1.32E-16
  -2.15E-4
  -8.306903485e-02
  -8.306903485e-02
  -8.306903485e-02
  0.000000000e+00
  -8.306903485e-02
  0.000000000e+00
  9.440822772e-01 -7.334671406e-02 -3.775518290e-01
  3.506018032e-01 -2.068041731e-01 9.106213292e-01
  -1.427308758e-01 -9.933961875e-01 -1.689782586e-01
 Node:         40
  0.1191E+03  0.1220E+03  0.4937E+03 -0.1075E-03
  -2.15E-4
   1.44E-16
  -2.15E-4
   1.44E-16
  -2.399E-17
  -2.15E-4
  -8.306903485e-02
  -8.306903485e-02
  -8.306903485e-02
  0.000000000e+00
  -8.306903485e-02
  0.000000000e+00
  5.119717671e-01 6.540485317e-02 6.870097888e-02
  4.196094112e-03 3.565324575e-01 -3.776869655e-01
  -9.015136528e-02 3.575057702e-01 3.358002576e-01
 Node:         41
  0.1182E+03  0.1217E+03  0.5073E+03 -0.1075E-03
  -2.15E-4
  -4.798E-17
  -2.15E-4
   9.597E-17
   1.679E-16
  -2.15E-4
  -8.306903485e-02
  -8.306903485e-02
  -8.306903485e-02
  0.000000000e+00
  -8.306903485e-02
  0.000000000e+00
  -1.448387944e-01 -1.802543122e-01 -9.894557445e-01
  -8.272222566e-01 2.385841834e-01 9.546141164e-02
  2.076102009e-01 9.500081401e-01 -2.052169088e-01
 Node:         42
  0.1187E+03  0.1212E+03  0.5204E+03 -0.1075E-03
  -2.15E-4
  -9.597E-17
  -2.15E-4
   2.65E-36
   9.597E-17
  -2.15E-4
  -8.306903485e-02
  -8.306903485e-02
  -8.306903485e-02
  0.000000000e+00
  -8.306903485e-02
  0.000000000e+00
  -1.713713035e-02 6.678144256e-02 8.582861927e-01
  -8.473236476e-01 1.676182895e-01 -3.377297269e-02
  -1.700806285e-01 -9.969399794e-01 1.113824111e-01
 Node:         43
  0.1258E+03  0.1217E+03  0.4915E+03 -0.1075E-03
  -2.15E-4
   1.919E-16
  -2.15E-4
  -2.399E-17
   1.325E-36
  -2.15E-4
  -8.306903485e-02
  -8.306903485e-02
  -8.306903485e-02
  0.000000000e+00
  -8.306903485e-02
  0.000000000e+00
  9.558377640e-01 2.635041216e-01 -3.143367336e-02
  -3.429379701e-01 8.101832561e-01 -1.130040701e-02
  1.867683668e-02 -3.149906182e-02 9.951606388e-01
 Node:         44
  0.1259E+03  0.1220E+03  0.5059E+03 -0.1075E-03
  -2.15E-4
   2.399E-16
  -2.15E-4
   1.679E-16
   1.919E-16
  -2.15E-4
  -8.306903485e-02
  -8.306903485e-02
  -8.306903485e-02
  0.000000000e+00
  -8.306903485e-02
  0.000000000e+00
  -3.235164863e-01 -3.282677486e-01 -7.334141680e-01
  -6.018341061e-01 -5.322177743e-01 5.067015971e-01
  6.612702731e-01 -7.086496651e-01 3.421747038e-02
 Node:         45
  0.1261E+03  0.1221E+03  0.5198E+03 -0.1075E-03
  -2.15E-4
  -1.44E-16
  -2.15E-4
   4.798E-17
  -1.2E-17
  -2.15E-4
  -8.306903485e-02
  -8.306903485e-02
  -8.306903485e-02
  0.000000000e+00
  -8.306903485e-02
  0.000000000e+00
  6.977272540e-02 -2.190175167e-02 9.967545595e-01
  -1.007205719e+00 1.461739825e-01 7.391867079e-02
  -1.477638331e-01 -1.009314632e+00 -1.149939001e-02
 Node:         46
  0.1117E+03  0.1296E+03  0.4959E+03  0.0000E+00
  -2.467E-16
   4.797E-17
  -7.401E-16
   1.199E-17
  -4.497E-17
   0.0
  3.057000000e-18
  -2.423000000e-16
  -7.476000000e-16
  6.629532710e-16
  -3.289476667e-16
  3.125191690e-16
  3.676000000e-02 -5.800000000e-02 9.976000000e-01
  9.946000000e-01 9.864000000e-02 -3.092000000e-02
  -9.662000000e-02 9.934000000e-01 6.131000000e-02
 Node:         47
  0.1107E+03  0.1269E+03  0.5087E+03  0.0000E+00
  -7.401E-16
  -5.397E-17
   4.934E-16
  -4.797E-17
   6.896E-17
   0.0
  5.058000000e-16
  -7.273000000e-18
  -7.452000000e-16
  1.089215580e-15
  -8.222433333e-17
  5.134611487e-16
  -4.821000000e-02 9.891000000e-01 1.394000000e-01
  -5.424000000e-02 -1.420000000e-01 9.884000000e-01
  -9.974000000e-01 -4.009000000e-02 -6.049000000e-02
 Node:         48
  0.1125E+03  0.1242E+03  0.5208E+03  0.0000E+00
   4.934E-16
   5.997E-18
   4.934E-16
   0.0
  -2.998E-18
   4.934E-16
  5.001000000e-16
  4.934000000e-16
  4.867000000e-16
  1.160474041e-17
  4.934000000e-16
  5.470527092e-18
  -6.325000000e-01 -7.071000000e-01 3.162000000e-01
  4.472000000e-01 -2.276000000e-15 8.944000000e-01
  6.325000000e-01 -7.071000000e-01 -3.162000000e-01
 Node:         49
  0.1186E+03  0.1311E+03  0.4938E+03  0.0000E+00
  -7.401E-16
  -3.598E-17
   0.0
  -7.196E-17
  -1.049E-17
  -2.467E-16
  1.947000000e-18
  -2.366000000e-16
  -7.523000000e-16
  6.677348644e-16
  -3.289843333e-16
  3.147732338e-16
  4.561000000e-02 -9.985000000e-01 2.894000000e-02
  -1.430000000e-01 2.215000000e-02 9.895000000e-01
  -9.887000000e-01 -4.926000000e-02 -1.418000000e-01
 Node:         50
  0.1180E+03  0.1298E+03  0.5075E+03  0.0000E+00
   0.0
  -2.249E-17
   1.48E-15
  -7.196E-17
   2.155E-17
   9.869E-16
  1.482000000e-15
  9.910000000e-16
  -5.513000000e-18
  1.312785985e-15
  8.224956667e-16
  6.188532481e-16
  1.739000000e-02 -9.988000000e-01 -4.603000000e-02
  -7.128000000e-02 -4.716000000e-02 9.963000000e-01
  9.973000000e-01 1.405000000e-02 7.201000000e-02
 Node:         51
  0.1192E+03  0.1275E+03  0.5206E+03  0.0000E+00
   0.0
  -5.997E-18
  -2.467E-16
   0.0
   2.549E-17
   4.934E-16
  4.943000000e-16
  1.449000000e-19
  -2.477000000e-16
  6.542860068e-16
  8.224830000e-17
  3.084333815e-16
  -4.170000000e-04 3.438000000e-02 9.994000000e-01
  9.997000000e-01 -2.416000000e-02 1.248000000e-03
  2.418000000e-02 9.991000000e-01 -3.436000000e-02
 Node:         52
  0.1262E+03  0.1305E+03  0.4920E+03  0.0000E+00
   4.934E-16
  -2.399E-17
   4.934E-16
   2.249E-18
   8.48E-18
   0.0
  5.175000000e-16
  4.696000000e-16
  -1.600000000e-19
  4.954496661e-16
  3.289800000e-16
  2.335572124e-16
  -7.061000000e-01 7.080000000e-01 8.534000000e-03
  7.081000000e-01 7.060000000e-01 1.614000000e-02
  -5.403000000e-03 -1.744000000e-02 9.998000000e-01
 Node:         53
  0.1258E+03  0.1304E+03  0.5063E+03  0.0000E+00
  -7.401E-16
  -2.998E-18
  -4.934E-16
   4.797E-17
   5.847E-17
  -9.869E-16
  -4.866000000e-16
  -7.314000000e-16
  -1.002000000e-15
  4.465358664e-16
  -7.400000000e-16
  2.104990261e-16
  1.040000000e-02 9.931000000e-01 1.171000000e-01
  -9.836000000e-01 3.123000000e-02 -1.776000000e-01
  -1.800000000e-01 -1.133000000e-01 9.771000000e-01
 Node:         54
  0.1265E+03  0.1288E+03  0.5200E+03  0.0000E+00
  -9.869E-16
   3.598E-17
   4.934E-16
   0.0
  -7.496E-18
   4.934E-16
  5.014000000e-16
  4.864000000e-16
  -9.877000000e-16
  1.481656947e-15
  3.333333333e-20
  6.984597833e-16
  1.758000000e-02 7.272000000e-01 -6.862000000e-01
  1.675000000e-02 6.860000000e-01 7.274000000e-01
  -9.997000000e-01 2.428000000e-02 1.229000000e-04
 Node:         55
  0.1382E+03  0.1168E+03  0.4532E+03  0.8493E-02
   0.05948
  -0.03062
   0.02748
  -0.001945
   0.05015
   0.01745
  9.948732097e-02
  4.633137197e-02
  -3.346852756e-02
  1.167389292e-01
  3.745005513e-02
  5.503125899e-02
  -4.717637816e-01 6.167585265e-01 4.420056672e-01
  7.162534776e-01 2.286386141e-01 4.043724884e-01
  -2.041873261e-01 -6.524650696e-01 6.961733127e-01
 Node:         56
  0.1314E+03  0.1156E+03  0.4687E+03  0.8493E-02
   0.06038
  -0.01295
   0.02251
   0.01034
   0.01264
   0.01503
  8.311896188e-02
  2.110141164e-02
  -5.950782998e-03
  7.987967577e-02
  3.275653017e-02
  3.765564028e-02
  -8.571352396e-01 2.502744369e-01 -3.647724369e-02
  1.361913241e-01 2.028791860e-01 5.063992324e-01
  1.522166924e-01 1.915908655e-01 -5.046071097e-02
 Node:         57
  0.1285E+03  0.1140E+03  0.4823E+03  0.8493E-02
   0.06664
   0.003679
   0.01723
   0.003982
  -0.002554
   0.01662
  7.762303452e-02
  1.851735935e-02
  5.748185162e-03
  6.653598505e-02
  3.396285968e-02
  3.136536415e-02
  -9.369870170e-01 7.152548171e-02 3.502244245e-02
  6.945204513e-02 -3.671535806e-01 6.249572901e-01
  -4.559351365e-02 3.693238022e-01 6.060103132e-01
 Node:         58
  0.1482E+03  0.1179E+03  0.4530E+03  0.8493E-02
   0.05868
  -0.06158
   0.03749
  -0.01016
   0.03635
   0.009229
  1.444336888e-01
  1.512620134e-02
  -3.157737290e-02
  1.580993115e-01
  4.266083909e-02
  7.452873018e-02
  -6.828877383e-01 6.756888202e-01 2.769498197e-01
  6.792844410e-01 3.445476558e-01 8.522615147e-01
  -3.962467800e-01 -6.581721278e-01 6.292109737e-01
 Node:         59
  0.1418E+03  0.1167E+03  0.4692E+03  0.8493E-02
   0.06271
  -0.06246
   0.03119
  -0.01687
   0.03271
   0.01282
  1.436425605e-01
  7.163049717e-03
  -3.018519165e-02
  1.592588685e-01
  4.020680620e-02
  7.507535059e-02
  -7.310795466e-01 5.979378156e-01 2.838795404e-01
  2.394011850e-01 1.675823287e-01 1.158484802e-01
  -4.485086038e-01 -5.540238125e-01 2.325108192e-01
 Node:         60
  0.1375E+03  0.1150E+03  0.4832E+03  0.8493E-02
   0.06821
  -0.01633
   0.01944
  -0.005379
   0.00651
   0.01693
  8.703846471e-02
  1.315264359e-02
  5.833576507e-03
  7.785261035e-02
  3.534156160e-02
  3.670007248e-02
  -8.831001546e-01 3.131318290e-01 1.704421072e-01
  2.098226687e-01 3.892658939e-01 5.563388357e-01
  5.311318908e-02 -3.248253910e-01 7.403134467e-01
 Node:         61
  0.1553E+03  0.1224E+03  0.4526E+03  0.8493E-02
   0.06732
  -0.05338
   0.02588
  -0.02786
   0.02983
   0.00209
  1.796479495e-01
  -4.506508192e-03
  -4.232560971e-02
  2.062061364e-01
  4.427194387e-02
  9.720650493e-02
  -7.354775889e-01 5.691555384e-01 8.867421947e-02
  5.672632818e-01 3.944245234e-01 3.599364245e-01
  -6.038366306e-02 -1.712398764e-01 6.809852859e-01
 Node:         62
  0.1492E+03  0.1204E+03  0.4694E+03  0.8493E-02
   0.07537
  -0.1122
   0.0295
  -0.03896
   0.03825
   0.009248
  2.377375837e-01
  -7.133450335e-03
  -7.039197115e-02
  2.819802744e-01
  5.340405408e-02
  1.329267761e-01
  -7.653932509e-01 5.697616692e-01 2.844598660e-01
  1.840764554e-01 -1.669554740e-01 7.680581659e-01
  5.048345698e-01 6.338473467e-01 1.707621587e-02
 Node:         63
  0.1436E+03  0.1181E+03  0.4838E+03  0.8493E-02
   0.07126
  -0.03791
   0.02165
  -0.008296
   0.01264
   0.01637
  1.103208089e-01
  1.034230665e-02
  -5.149529675e-03
  1.087501275e-01
  3.850452861e-02
  5.126530174e-02
  -8.245744462e-01 4.694346213e-01 2.023692798e-01
  1.408416795e-01 8.573738537e-02 2.443401855e-01
  -2.151808089e-01 -3.233696033e-01 1.964197321e-01
 Node:         64
  0.1413E+03  0.1253E+03  0.4520E+03  0.8493E-02
   0.0572
  -0.002364
   0.03137
  -0.01912
   0.0154
   0.01228
  7.789391551e-02
  3.848084235e-02
  -1.181845538e-02
  7.978687989e-02
  3.485210082e-02
  3.761189588e-02
  -5.003751159e-01 3.309388460e-01 1.653519480e-01
  1.790220211e-01 5.557792427e-01 5.049119423e-01
  1.715072128e-01 2.303212262e-01 -1.858132200e-02
 Node:         65
  0.1341E+03  0.1229E+03  0.4682E+03  0.8493E-02
   0.06321
  -0.02649
   0.02793
  -0.01401
   0.009196
   0.0139
  9.012681350e-02
  2.154193689e-02
  -4.641116332e-03
  8.531870724e-02
  3.567587802e-02
  4.021962430e-02
  -8.493700155e-01 4.381530397e-01 2.023608192e-01
  1.723999505e-01 4.275166924e-01 6.652671242e-01
  3.458955384e-01 2.308865018e-01 4.108998970e-01
 Node:         66
  0.1299E+03  0.1214E+03  0.4825E+03  0.8493E-02
   0.06871
  -0.009854
   0.01899
  -6.857E-4
   6.712E-4
   0.01666
  8.016789748e-02
  1.575363952e-02
  1.028131865e-02
  6.741530360e-02
  3.540095188e-02
  3.177987889e-02
  -9.251390005e-01 2.630712251e-01 8.055300876e-02
  8.667738279e-02 4.925314838e-01 -3.288346213e-02
  4.657230386e-02 9.377918599e-02 6.147177846e-01
 Node:         67
  0.1499E+03  0.1246E+03  0.4521E+03  0.8493E-02
   0.05865
  -0.03927
   0.03002
  -0.01743
   0.01299
   0.009895
  1.037400876e-01
  4.069061875e-03
  -1.409606595e-03
  1.025885061e-01
  3.546651429e-02
  4.836068557e-02
  -7.502770737e-01 6.108099948e-01 2.234505152e-01
  7.180301906e-02 1.548337609e-01 -9.822637816e-02
  -4.378635240e-01 -7.551143225e-01 5.218561257e-01
 Node:         68
  0.1432E+03  0.1225E+03  0.4687E+03  0.8493E-02
   0.06759
  -0.08194
   0.02969
  -0.0337
   0.02275
   0.01282
  1.700317182e-01
  8.555588872e-04
  -4.000694693e-02
  1.929144448e-01
  4.362677671e-02
  9.094074141e-02
  -7.666166924e-01 5.770913962e-01 2.738477074e-01
  1.480943873e-01 -2.329711355e-01 9.281836682e-01
  6.124978877e-01 7.468296239e-01 8.809287017e-02
 Node:         69
  0.1380E+03  0.1205E+03  0.4831E+03  0.8493E-02
   0.07043
  -0.02616
   0.02015
  -0.01032
   0.008663
   0.0169
  9.513035806e-02
  1.270347357e-02
  3.280353189e-03
  8.753675615e-02
  3.703806161e-02
  4.126522258e-02
  -8.673462133e-01 3.985658939e-01 2.185280474e-01
  1.995801185e-01 1.776282432e-01 7.272421947e-01
  -7.548377125e-03 -4.036849047e-01 4.226626636e-01
 Node:         70
  0.1555E+03  0.1245E+03  0.4524E+03  0.8493E-02
   0.06176
  -0.04937
   0.02011
  -0.04952
   0.03471
   0.0136
  1.556664554e-01
  -1.386720500e-02
  -2.487791396e-02
  1.753209324e-01
  3.897377883e-02
  8.264708014e-02
  -7.302973210e-01 5.190416280e-01 4.282052035e-01
  6.091861412e-01 8.003596084e-01 7.739515714e-03
  9.377543019e-02 -3.851427460e-01 5.189505410e-01
 Node:         71
  0.1494E+03  0.1224E+03  0.4693E+03  0.8493E-02
   0.07411
  -0.09827
   0.02541
  -0.08982
   0.05301
   0.01596
  2.618829160e-01
  -2.955845382e-02
  -6.470663730e-02
  3.108969848e-01
  5.587260830e-02
  1.465582442e-01
  -7.498490984e-01 4.926134982e-01 4.386855229e-01
  1.736642968e-03 -5.455476610e-01 6.116456981e-01
  5.346714580e-01 4.061128284e-01 4.127580319e-01
 Node:         72
  0.1435E+03  0.1199E+03  0.4837E+03  0.8493E-02
   0.07285
  -0.03557
   0.01974
  -0.02477
   0.01476
   0.01755
  1.147017646e-01
  7.533850438e-03
  -4.887873261e-03
  1.139710229e-01
  3.911591391e-02
  5.372645544e-02
  -8.337933024e-01 4.127321999e-01 3.315589902e-01
  1.000736734e-01 -1.317586244e-01 5.842575477e-01
  5.658310149e-02 -4.076778465e-01 4.686833591e-01
 Node:         73
  0.1444E+03  0.1339E+03  0.4513E+03  0.0000E+00
   0.05992
  -0.01292
  -0.01072
  -2.995E-4
  -0.001018
   0.007493
  7.999985677e-02
  1.002706229e-02
  -1.595695312e-02
  8.612683673e-02
  2.468998865e-02
  4.060058020e-02
  -8.303431221e-01 1.405416280e-01 1.968071613e-02
  1.024530448e-01 1.571993612e-01 7.178917053e-01
  1.645105307e-01 3.951289541e-01 2.938041010e-01
 Node:         74
  0.1367E+03  0.1304E+03  0.4678E+03  0.0000E+00
   0.06978
   0.007061
  -0.004263
   0.007742
  -0.002756
   0.006653
  9.870157496e-02
  9.818028053e-03
  -1.778448789e-02
  1.056742712e-01
  3.024503837e-02
  4.981532918e-02
  -9.261646574e-01 -1.584755796e-01 -1.518715507e-01
  -1.933578568e-02 3.098595981e-01 -8.464842865e-02
  -1.751263215e-01 8.802710974e-01 1.766157239e-01
 Node:         75
  0.1313E+03  0.1288E+03  0.4826E+03  0.0000E+00
   0.05809
   0.002795
  -3.328E-4
  -0.001593
  -0.001074
   5.42E-4
  7.366821123e-02
  1.749594508e-03
  -4.814837609e-03
  7.555486891e-02
  2.353432271e-02
  3.561690677e-02
  -9.536255538e-01 -1.488119114e-01 -2.830885574e-02
  -3.363764297e-02 -3.462806337e-01 8.336329212e-01
  -1.433161257e-01 8.410770737e-01 3.488442813e-01
 Node:         76
  0.1515E+03  0.1313E+03  0.4515E+03  0.0000E+00
   0.05912
  -0.02239
  -0.01349
  -0.01022
   0.0219
   0.01046
  8.844178465e-02
  1.972384426e-02
  -2.940272437e-02
  1.029699193e-01
  2.625430151e-02
  4.854048545e-02
  -1.063668934e+00 3.178043689e-01 3.361147862e-01
  2.931442272e-01 1.551624008e-01 6.948841834e-01
  1.353869140e-02 -4.652156105e-01 4.080082741e-01
 Node:         77
  0.1446E+03  0.1283E+03  0.4683E+03  0.0000E+00
   0.07689
   0.01639
  -0.005868
   0.00165
   0.01829
   0.005797
  1.079823699e-01
  1.659199772e-02
  -2.381702988e-02
  1.170011001e-01
  3.358577925e-02
  5.515484752e-02
  -9.410090160e-01 -2.266078980e-01 -8.253965688e-02
  -1.544211437e-02 2.120891808e-01 5.126981968e-01
  -2.051158460e-01 5.612567749e-01 -2.181425811e-01
 Node:         78
  0.1384E+03  0.1261E+03  0.4829E+03  0.0000E+00
   0.06108
   0.01256
  -1.921E-4
   2.335E-5
   0.001081
   3.783E-4
  7.996474086e-02
  1.734997012e-04
  -4.793777280e-03
  8.261205931e-02
  2.511482109e-02
  3.894369823e-02
  -9.422491499e-01 -2.478113849e-01 -5.665550747e-02
  -6.979162803e-02 2.129771200e-01 7.367161772e-01
  -2.545738743e-01 9.239151468e-01 -1.270539840e-01
 Node:         79
  0.1556E+03  0.1265E+03  0.4522E+03  0.0000E+00
   0.05755
   0.03709
  -0.004522
  -0.008269
   0.003459
  -0.02833
  1.625355430e-01
  -2.508701185e-02
  -4.897217002e-02
  2.008723695e-01
  2.949212038e-02
  9.469214307e-02
  -5.396813498e-01 -3.398925811e-01 -5.538733282e-02
  3.298624936e-02 3.425189593e-01 4.229852653e-01
  -2.819526533e-01 6.865134467e-01 6.058408037e-02
 Node:         80
  0.1495E+03  0.1243E+03  0.4692E+03  0.0000E+00
   0.08116
   0.04359
  -0.003703
   0.01644
   0.002584
  -0.0221
  1.712815848e-01
  -1.883862597e-02
  -3.270284183e-02
  1.975085606e-01
  3.991337232e-02
  9.310642837e-02
  -9.161996394e-01 -3.020450283e-01 -1.960233146e-01
  9.805747553e-02 -4.388086759e-01 7.811473467e-01
  -2.228146935e-01 3.888535806e-01 3.559464297e-01
 Node:         81
  0.1433E+03  0.1217E+03  0.4836E+03  0.0000E+00
   0.06253
   0.01565
  -3.668E-4
   0.01162
   0.002783
  -0.002289
  8.797928336e-02
  -3.699966873e-03
  -8.211780010e-03
  9.411940534e-02
  2.535584549e-02
  4.436831317e-02
  -9.222237506e-01 -2.267922205e-01 -2.258017671e-01
  -2.178202877e-02 6.915708398e-02 2.573578104e-01
  -2.619795109e-01 1.417926945e-01 8.509452344e-01
 Node:         82
  0.1267E+03  0.1148E+03  0.4565E+03 -0.3509E-02
   0.04289
  -0.02482
  -0.004469
  -6.983E-5
   0.02049
  -0.007469
  5.408176481e-02
  8.246609995e-03
  -4.778721262e-02
  8.993842914e-02
  4.847054061e-03
  4.239738209e-02
  -5.729267388e-01 3.397200866e-01 1.186954560e-01
  1.959739155e-01 3.250573107e-01 8.049522411e-01
  4.602246265e-02 -2.125745492e-01 5.240736218e-01
 Node:         83
  0.1234E+03  0.1129E+03  0.4721E+03 -0.3509E-02
   0.0396
  -0.00961
  -0.00629
   0.02481
   0.009807
  -0.01009
  6.592593766e-02
  -1.286508037e-02
  -4.802174848e-02
  1.011939905e-01
  1.679702937e-03
  4.770330459e-02
  -3.080292117e-01 1.977179325e-01 1.511916538e-01
  -3.094812468e-02 1.184829985e-01 3.123586296e-01
  2.607442555e-01 2.959878928e-01 -1.147581659e-01
 Node:         84
  0.1187E+03  0.1123E+03  0.4849E+03 -0.3509E-02
   0.04347
  -5.959E-6
  -0.006994
   0.0103
  -4.39E-4
  -0.009627
  4.870100103e-02
  -1.679639825e-02
  -2.342298506e-02
  6.910423089e-02
  2.827205908e-03
  3.257604685e-02
  -3.291003606e-01 4.168306131e-02 1.165334261e-01
  5.332551262e-03 1.777919629e-01 -6.149095827e-02
  3.141217929e-02 -1.553645544e-02 5.281708913e-01
 Node:         85
  0.1302E+03  0.1161E+03  0.4552E+03 -0.3509E-02
   0.04221
  -0.02532
  -0.003453
   0.0029
   0.03037
  -0.007003
  5.609115206e-02
  2.122262056e-02
  -5.859734570e-02
  1.047103535e-01
  6.238808973e-03
  4.936093401e-02
  -3.603344668e-01 3.110374034e-01 1.435984802e-01
  1.273709778e-01 3.052063885e-01 6.409761978e-01
  -4.036579083e-04 -1.107524987e-01 2.463870685e-01
 Node:         86
  0.1252E+03  0.1138E+03  0.4704E+03 -0.3509E-02
   0.03803
   0.00828
   0.00529
   0.04307
   0.0357
  -0.00923
  1.249710144e-01
  -1.013072334e-02
  -7.555514292e-02
  1.783575638e-01
  1.309504939e-02
  8.407856190e-02
  -1.924684699e-01 1.493055126e-01 2.075130860e-01
  8.037975270e-02 -1.599974240e-02 5.760924091e-02
  1.281226172e-01 5.190814529e-02 2.461817105e-01
 Node:         87
  0.1217E+03  0.1126E+03  0.4834E+03 -0.3509E-02
   0.04301
  -2.904E-4
  -0.006782
   0.01207
  -0.002076
  -0.009201
  5.027081865e-02
  -1.585879289e-02
  -2.612775425e-02
  7.191562040e-02
  2.761423837e-03
  3.390134857e-02
  -3.246805770e-01 3.533999433e-02 1.417135806e-01
  3.962538382e-02 4.593448738e-01 -1.374881587e-01
  1.015181556e-01 3.956701185e-02 9.894523442e-02
 Node:         88
  0.1338E+03  0.1169E+03  0.4535E+03 -0.3509E-02
   0.03627
  -0.03283
  -0.003179
   0.002024
   0.04888
  -0.001998
  7.000462777e-02
  2.299614386e-02
  -7.262188150e-02
  1.280139176e-01
  6.792963376e-03
  6.034633950e-02
  -5.000543792e-01 4.702142710e-01 2.904985574e-01
  5.013889438e-01 7.095031170e-02 5.603720969e-01
  8.131179804e-02 7.308294693e-02 7.064143740e-02
 Node:         89
  0.1270E+03  0.1150E+03  0.4687E+03 -0.3509E-02
   0.03627
  -0.006982
  -0.005017
   0.01681
   0.01287
  -0.007709
  5.801618496e-02
  -1.312533230e-02
  -4.468212354e-02
  9.149107811e-02
  6.957636957e-05
  4.312930783e-02
  -3.144653272e-01 2.309958372e-01 1.804463730e-01
  -3.973742813e-02 1.921312725e-01 4.313683153e-01
  9.049840289e-02 1.319034261e-01 2.686844410e-01
 Node:         90
  0.1248E+03  0.1132E+03  0.4822E+03 -0.3509E-02
   0.04235
   0.005803
  -0.007348
   0.005817
  -0.003251
  -0.007527
  4.658847218e-02
  -1.320091953e-02
  -2.591620505e-02
  6.714649123e-02
  2.490449201e-03
  3.165315952e-02
  -3.210014426e-01 1.281949711e-01 1.007273931e-01
  5.240204245e-02 -1.721664091e-02 2.888056672e-01
  -7.623142710e-03 4.758018032e-01 6.113552808e-01
 Node:         91
  0.1260E+03  0.1262E+03  0.4546E+03 -0.3509E-02
   0.03296
  -0.002259
   0.006801
  -0.01544
   0.03528
  -0.008548
  6.525767903e-02
  1.773265245e-02
  -6.162262646e-02
  1.147835738e-01
  7.122568339e-03
  5.410949560e-02
  -5.589014941e-01 2.596187017e-01 1.726867079e-01
  5.530429042e-01 -1.273004843e-01 1.608535842e-01
  2.680400721e-01 -2.736128284e-01 5.976871200e-01
 Node:         92
  0.1209E+03  0.1233E+03  0.4725E+03 -0.3509E-02
   0.03858
  -0.01507
  -0.002092
  -0.009197
   0.0242
  -0.00504
  5.268779392e-02
  9.291214013e-03
  -4.745067893e-02
  8.940846749e-02
  4.842776335e-03
  4.214755577e-02
  8.328341061e-02 2.099131788e-01 1.882245183e-01
  1.387784142e-01 2.328090675e-01 6.924897991e-01
  1.890816074e-01 -1.671230809e-01 5.511021123e-01
 Node:         93
  0.1159E+03  0.1217E+03  0.4877E+03 -0.3509E-02
   0.04407
  -0.002136
  -0.006816
  -0.001639
   0.002989
  -0.006773
  4.747186579e-02
  -1.085270283e-02
  -2.414959505e-02
  6.618363776e-02
  4.156522634e-03
  3.119926604e-02
  -5.081986605e-01 -3.272760742e-02 1.934287687e-01
  -4.721074189e-02 2.588504894e-01 1.313633694e-01
  -1.169577568e-01 -1.763039670e-02 -3.596903143e-01
 Node:         94
  0.1314E+03  0.1264E+03  0.4536E+03 -0.3509E-02
   0.03048
  -0.002814
   0.008709
  -0.02567
   0.02994
  -0.006643
  6.159465585e-02
  2.333902447e-02
  -6.053948372e-02
  1.122713243e-01
  8.131398867e-03
  5.292520982e-02
  -1.183544049e-01 1.870232045e-01 -3.551644513e-02
  3.090242865e-01 1.747176198e-01 3.706064194e-01
  3.413109222e-01 1.196249356e-02 4.239238537e-01
 Node:         95
  0.1250E+03  0.1235E+03  0.4705E+03 -0.3509E-02
   0.0376
  -0.01646
   3.972E-4
  -0.01575
   0.01793
  -0.004844
  5.107863550e-02
  2.420546007e-03
  -3.852288290e-02
  7.953080004e-02
