 Group name: predicted_stress_L5A5
 #Fields=  16
 1) coordinates, coordinate, rectangular cartesian, #Components=3
   x.  Value index= 1, #Derivatives=0
   y.  Value index= 2, #Derivatives=0
   z.  Value index= 3, #Derivatives=0
 2) Tensor_1, field, rectangular cartesian, #Components=1
   Tensor_1.  Value index= 4, #Derivatives=0
 3) Tensor_2, field, rectangular cartesian, #Components=1
   Tensor_2.  Value index= 5, #Derivatives=0
 4) Tensor_3, field, rectangular cartesian, #Components=1
   Tensor_3.  Value index= 6, #Derivatives=0
 5) Tensor_4, field, rectangular cartesian, #Components=1
   Tensor_4.  Value index= 7, #Derivatives=0
 6) Tensor_5, field, rectangular cartesian, #Components=1
   Tensor_5.  Value index= 8, #Derivatives=0
 7) Tensor_6, field, rectangular cartesian, #Components=1
   Tensor_6.  Value index= 9, #Derivatives=0
 8) Principal_1, field, rectangular cartesian, #Components=1
   Principal_1.  Value index= 10, #Derivatives=0
 9) Principal_2, field, rectangular cartesian, #Components=1
   Principal_2.  Value index= 11, #Derivatives=0
 10) Principal_3, field, rectangular cartesian, #Components=1
   Principal_3.  Value index= 12, #Derivatives=0
 11) VonMises, field, rectangular cartesian, #Components=1
   VonMises.  Value index= 13, #Derivatives=0
 12) Hydrostatic, field, rectangular cartesian, #Components=1
   VonMises.  Value index= 14, #Derivatives=0
 13) Octahedral, field, rectangular cartesian, #Components=1
   VonMises.  Value index= 15, #Derivatives=0
 14) PrincipalVector1, field, rectangular cartesian, #Components=3
   x.  Value index= 16, #Derivatives=0
   y.  Value index= 17, #Derivatives=0
   z.  Value index= 18, #Derivatives=0
 15) PrincipalVector2, field, rectangular cartesian, #Components=3
   x.  Value index= 19, #Derivatives=0
   y.  Value index= 20, #Derivatives=0
   z.  Value index= 21, #Derivatives=0
 16) PrincipalVector3, field, rectangular cartesian, #Components=3
   x.  Value index= 22, #Derivatives=0
   y.  Value index= 23, #Derivatives=0
   z.  Value index= 24, #Derivatives=0
 Node:          1
  0.1287E+03  0.1133E+03  0.4908E+03 -0.8000E-05
  -1.6E-5
  -1.439E-16
  -1.6E-5
  -4.797E-17
  -7.196E-17
  -1.6E-5
  -2.473872111e-02
  -2.473872111e-02
  -2.473872111e-02
  0.000000000e+00
  -2.473872111e-02
  0.000000000e+00
  9.881020697e-01 -2.579493464e-01 -3.042570806e-02
  2.413681917e-01 9.482458606e-01 -1.945836601e-01
  7.647738562e-02 1.812636166e-01 9.781632898e-01
 Node:          2
  0.1292E+03  0.1137E+03  0.5052E+03 -0.8000E-05
  -1.6E-5
  -1.919E-16
  -1.6E-5
  -9.595E-17
   3.358E-16
  -1.6E-5
  -2.473872111e-02
  -2.473872111e-02
  -2.473872111e-02
  0.000000000e+00
  -2.473872111e-02
  0.000000000e+00
  6.596185185e-01 -3.027836601e-01 -1.497103486e-01
  3.279407407e-01 5.735741830e-01 2.845059913e-01
  -8.251284314e-04 -4.573530501e-01 8.891490196e-01
 Node:          3
  0.1289E+03  0.1155E+03  0.5194E+03 -0.8000E-05
  -1.6E-5
   2.399E-16
  -1.6E-5
   1.919E-16
   9.595E-17
  -1.6E-5
  -2.473872111e-02
  -2.473872111e-02
  -2.473872111e-02
  0.000000000e+00
  -2.473872111e-02
  0.000000000e+00
  -4.023704793e-01 -8.746882353e-01 -2.682617647e-01
  4.887338780e-01 -4.537843137e-01 7.447930283e-01
  7.735081699e-01 -1.689586057e-01 -6.099266885e-01
 Node:          4
  0.1361E+03  0.1141E+03  0.4915E+03 -0.8000E-05
  -1.6E-5
  -4.797E-17
  -1.6E-5
  -4.797E-17
  -1.439E-16
  -1.6E-5
  -2.473872111e-02
  -2.473872111e-02
  -2.473872111e-02
  0.000000000e+00
  -2.473872111e-02
  0.000000000e+00
  -3.938741830e-02 -8.878471678e-02 9.951235294e-01
  -1.016282571e+00 9.859346405e-02 -3.117437908e-02
  -9.521010893e-02 -1.012563508e+00 -9.442111111e-02
 Node:          5
  0.1341E+03  0.1144E+03  0.5054E+03 -0.8000E-05
  -1.6E-5
   2.399E-16
  -1.6E-5
   9.595E-17
  -1.199E-16
  -1.6E-5
  -2.473872111e-02
  -2.473872111e-02
  -2.473872111e-02
  0.000000000e+00
  -2.473872111e-02
  0.000000000e+00
  1.017994880e-01 -1.764766885e-01 9.789437908e-01
  7.137880174e-01 6.981679739e-01 5.167202614e-02
  -6.926935730e-01 6.936080610e-01 1.972382353e-01
 Node:          6
  0.1323E+03  0.1162E+03  0.5191E+03 -0.8000E-05
  -1.6E-5
   9.595E-17
  -1.6E-5
  -9.595E-17
  -4.797E-17
  -1.6E-5
  -2.473872111e-02
  -2.473872111e-02
  -2.473872111e-02
  0.000000000e+00
  -2.473872111e-02
  0.000000000e+00
  -7.098306100e-01 -6.983380174e-01 8.916295207e-02
  5.075055556e-01 -5.392119826e-01 -3.501981481e-02
  8.260701525e-02 4.250949891e-02 9.953653595e-01
 Node:          7
  0.1408E+03  0.1171E+03  0.4920E+03 -0.8000E-05
  -1.6E-5
   3.838E-16
  -1.6E-5
  -1.439E-16
  -1.919E-16
  -1.6E-5
  -2.473872111e-02
  -2.473872111e-02
  -2.473872111e-02
  0.000000000e+00
  -2.473872111e-02
  0.000000000e+00
  8.900844227e-01 4.820228758e-01 -1.322791939e-01
  -4.854331155e-01 8.654970588e-01 -1.161071024e-01
  5.739639434e-02 1.636984749e-01 9.847450980e-01
 Node:          8
  0.1367E+03  0.1169E+03  0.5055E+03 -0.8000E-05
  -1.6E-5
   3.358E-16
  -1.6E-5
  -6.956E-16
  -4.078E-16
  -1.6E-5
  -2.473872111e-02
  -2.473872111e-02
  -2.473872111e-02
  0.000000000e+00
  -2.473872111e-02
  0.000000000e+00
  -4.943852941e-01 -5.986903050e-01 2.309593682e-01
  6.103137255e-01 -5.375557734e-01 -4.055294118e-02
  2.471870806e-01 7.909912854e-02 9.539481481e-01
 Node:          9
  0.1339E+03  0.1180E+03  0.5191E+03 -0.8000E-05
  -1.6E-5
   2.878E-16
  -1.6E-5
  -6.836E-16
  -4.797E-16
  -1.6E-5
  -2.473872111e-02
  -2.473872111e-02
  -2.473872111e-02
  0.000000000e+00
  -2.473872111e-02
  0.000000000e+00
  3.182009804e-01 2.207188453e-01 -7.208925926e-01
  9.539970588e-01 1.036102397e-01 2.397215686e-01
  -1.520088017e-01 7.225692810e-01 1.734276688e-01
 Node:         10
  0.1294E+03  0.1212E+03  0.4911E+03 -0.8000E-05
  -1.6E-5
   4.797E-17
  -1.6E-5
  -2.399E-17
   2.159E-16
  -1.6E-5
  -2.473872111e-02
  -2.473872111e-02
  -2.473872111e-02
  0.000000000e+00
  -2.473872111e-02
  0.000000000e+00
  2.384752723e-02 4.950352941e-01 5.241189542e-01
  1.540360893e-01 6.759484749e-01 -7.168349673e-01
  -7.270875817e-01 1.233517331e-01 -8.909432462e-02
 Node:         11
  0.1295E+03  0.1214E+03  0.5055E+03 -0.8000E-05
  -1.6E-5
  -4.797E-17
  -1.6E-5
  -7.196E-17
   2.399E-17
  -1.6E-5
  -2.473872111e-02
  -2.473872111e-02
  -2.473872111e-02
  0.000000000e+00
  -2.473872111e-02
  0.000000000e+00
  -2.264228758e-01 1.018792810e-01 7.724950980e-01
  -5.395701525e-01 6.034078431e-01 -2.411029412e-01
  7.377396514e-01 5.388374728e-01 1.278715686e-01
 Node:         12
  0.1295E+03  0.1217E+03  0.5196E+03 -0.8000E-05
  -1.6E-5
  -1.356E-37
  -1.6E-5
   1.319E-16
   4.797E-17
  -1.6E-5
  -2.473872111e-02
  -2.473872111e-02
  -2.473872111e-02
  0.000000000e+00
  -2.473872111e-02
  0.000000000e+00
  -2.425856209e-01 -8.296831373e-02 -9.661340959e-01
  -3.512967320e-01 9.462459695e-01 9.065912039e-03
  -1.888881264e-01 -1.662429194e-02 4.510849673e-02
 Node:         13
  0.1361E+03  0.1199E+03  0.4914E+03 -0.8000E-05
  -1.6E-5
  -2.399E-16
  -1.6E-5
  -1.679E-16
   4.797E-17
  -1.6E-5
  -2.473872111e-02
  -2.473872111e-02
  -2.473872111e-02
  0.000000000e+00
  -2.473872111e-02
  0.000000000e+00
  9.392565359e-01 -3.809649237e-01 -1.292538126e-01
  3.721110022e-01 9.276396514e-01 -3.067736383e-02
  1.288265795e-01 -1.887968170e-02 9.914649237e-01
 Node:         14
  0.1342E+03  0.1198E+03  0.5054E+03 -0.8000E-05
  -1.6E-5
   4.797E-17
  -1.6E-5
   9.595E-17
  -1.559E-16
  -1.6E-5
  -2.473872111e-02
  -2.473872111e-02
  -2.473872111e-02
  0.000000000e+00
  -2.473872111e-02
  0.000000000e+00
  9.280903050e-02 -2.656954248e-01 9.593729847e-01
  -2.911245752e-01 -9.503240741e-01 -2.344248366e-01
  -9.740698257e-01 2.576316122e-01 1.656994553e-01
 Node:         15
  0.1330E+03  0.1205E+03  0.5193E+03 -0.8000E-05
  -1.6E-5
  -1.439E-16
  -1.6E-5
   2.399E-17
   8.395E-17
  -1.6E-5
  -2.473872111e-02
  -2.473872111e-02
  -2.473872111e-02
  0.000000000e+00
  -2.473872111e-02
  0.000000000e+00
  1.015268192e+00 -1.138123420e-01 1.087265795e-02
  -2.339386710e-02 -3.038680828e-01 -9.744781046e-01
  1.090646187e-01 9.473641612e-01 -2.982429194e-01
 Node:         16
  0.1404E+03  0.1188E+03  0.4918E+03 -0.8000E-05
  -1.6E-5
   9.595E-17
  -1.6E-5
  -1.439E-16
  -2.519E-16
  -1.6E-5
  -2.473872111e-02
  -2.473872111e-02
  -2.473872111e-02
  0.000000000e+00
  -2.473872111e-02
  0.000000000e+00
  -1.497407407e-01 -2.413321351e-01 9.587456427e-01
  -7.898298475e-01 -5.237041394e-01 -2.552458606e-01
  5.639009804e-01 -7.952746187e-01 -1.129549020e-01
 Node:         17
  0.1365E+03  0.1184E+03  0.5055E+03 -0.8000E-05
  -1.6E-5
   4.797E-17
  -1.6E-5
   1.679E-16
   2.938E-16
  -1.6E-5
  -2.473872111e-02
  -2.473872111e-02
  -2.473872111e-02
  0.000000000e+00
  -2.473872111e-02
  0.000000000e+00
  2.776541394e-01 4.485668845e-01 8.621092593e-01
  9.461375817e-01 -3.651668845e-01 -1.041778571e-01
  -2.537192810e-01 -8.092606754e-01 5.058592593e-01
 Node:         18
  0.1341E+03  0.1191E+03  0.5192E+03 -0.8000E-05
  -1.6E-5
  -1.803E-37
  -1.6E-5
   4.572E-17
   1.84E-16
  -1.6E-5
  -2.473872111e-02
  -2.473872111e-02
  -2.473872111e-02
  0.000000000e+00
  -2.473872111e-02
  0.000000000e+00
  3.131645969e-02 1.076253050e-01 9.747799564e-01
  8.906522876e-01 -1.010800654e-01 -3.079367146e-02
  -3.352274510e-01 -7.871516340e-01 8.006969499e-02
 Node:         19
  0.1301E+03  0.1291E+03  0.4914E+03  0.0000E+00
   4.934E-16
   0.0
   4.934E-16
   3.631E-19
   1.731E-17
  -9.869E-16
  4.936000000e-16
  4.934000000e-16
  -9.871000000e-16
  1.480600010e-15
  -3.333333333e-20
  6.979615383e-16
  -2.097000000e-02 -9.997000000e-01 -1.169000000e-02
  -9.998000000e-01 2.097000000e-02 -8.123000000e-17
  2.452000000e-04 1.169000000e-02 -9.999000000e-01
 Node:         20
  0.1299E+03  0.1291E+03  0.5058E+03  0.0000E+00
   9.869E-16
   0.0
   0.0
   1.799E-17
   3.326E-17
  -2.467E-16
  9.871000000e-16
  4.400000000e-18
  -2.514000000e-16
  1.132478516e-15
  2.467000000e-16
  5.338554923e-16
  -9.999000000e-01 -4.917000000e-04 -1.459000000e-02
  2.401000000e-03 -9.914000000e-01 -1.311000000e-01
  -1.440000000e-02 -1.312000000e-01 9.913000000e-01
 Node:         21
  0.1301E+03  0.1280E+03  0.5197E+03  0.0000E+00
   4.934E-16
   0.0
   0.0
   7.196E-17
   2.549E-17
   4.934E-16
  5.660000000e-16
  4.222000000e-16
  -1.341000000e-18
  5.108528306e-16
  3.289530000e-16
  2.408183338e-16
  -7.039000000e-01 -3.195000000e-02 -7.096000000e-01
  -7.102000000e-01 4.241000000e-02 7.027000000e-01
  -7.642000000e-03 -9.986000000e-01 5.255000000e-02
 Node:         22
  0.1360E+03  0.1256E+03  0.4913E+03  0.0000E+00
  -9.869E-16
   2.399E-17
  -4.934E-16
  -2.399E-17
   1.739E-16
   4.934E-16
  5.234000000e-16
  -5.215000000e-16
  -9.888000000e-16
  1.341069376e-15
  -3.289666667e-16
  6.321861663e-16
  -1.298000000e-02 1.683000000e-01 9.857000000e-01
  5.935000000e-02 9.841000000e-01 -1.672000000e-01
  -9.982000000e-01 5.633000000e-02 -2.276000000e-02
 Node:         23
  0.1343E+03  0.1253E+03  0.5054E+03  0.0000E+00
   0.0
   3.598E-17
  -1.974E-15
   0.0
   2.271E-16
  -7.401E-16
  6.796000000e-19
  -6.997000000e-16
  -2.015000000e-15
  1.772499637e-15
  -9.046734667e-16
  8.355643418e-16
  9.998000000e-01 1.889000000e-02 5.790000000e-03
  -9.011000000e-03 1.753000000e-01 9.845000000e-01
  1.758000000e-02 -9.843000000e-01 1.754000000e-01
 Node:         24
  0.1336E+03  0.1248E+03  0.5194E+03  0.0000E+00
  -9.869E-16
   2.099E-17
   0.0
   2.399E-17
   1.499E-18
  -7.401E-16
  4.516000000e-19
  -7.379000000e-16
  -9.896000000e-16
  8.912682385e-16
  -5.756828000e-16
  4.201478769e-16
  -2.132000000e-02 -9.998000000e-01 -2.714000000e-03
  9.549000000e-02 -4.739000000e-03 9.954000000e-01
  -9.952000000e-01 2.096000000e-02 9.557000000e-02
 Node:         25
  0.1400E+03  0.1206E+03  0.4917E+03  0.0000E+00
   0.0
   4.617E-16
  -4.934E-16
  -1.439E-16
  -2.249E-16
   9.869E-16
  1.067000000e-15
  2.050000000e-16
  -7.785000000e-16
  1.599404030e-15
  1.645000000e-16
  7.539662901e-16
  -2.161000000e-01 -2.016000000e-01 9.553000000e-01
  8.390000000e-01 4.621000000e-01 2.874000000e-01
  -4.994000000e-01 8.636000000e-01 6.929000000e-02
 Node:         26
  0.1363E+03  0.1200E+03  0.5055E+03  0.0000E+00
   9.869E-16
   1.859E-16
  -2.714E-15
   4.797E-17
  -1.943E-15
  -2.467E-16
  1.006000000e-15
  8.090000000e-16
  -3.789000000e-15
  4.699597749e-15
  -6.580000000e-16
  2.215411625e-15
  9.680000000e-01 1.526000000e-01 -1.995000000e-01
  2.481000000e-01 -4.578000000e-01 8.538000000e-01
  -3.892000000e-02 8.759000000e-01 4.809000000e-01
 Node:         27
  0.1343E+03  0.1203E+03  0.5192E+03  0.0000E+00
   9.869E-16
  -3.358E-16
   9.869E-16
  -1.799E-16
   2.27E-15
   0.0
  2.890000000e-15
  9.150000000e-16
  -1.831000000e-15
  4.106639867e-15
  6.580000000e-16
  1.935888599e-15
  -1.931000000e-01 7.658000000e-01 6.135000000e-01
  9.808000000e-01 1.345000000e-01 1.409000000e-01
  2.534000000e-02 6.289000000e-01 -7.771000000e-01
 Node:         28
  0.1155E+03  0.1124E+03  0.4931E+03 -0.4728E-04
  -9.455E-5
   6.597E-17
  -9.455E-5
  -9.596E-17
   9.596E-17
  -9.455E-5
  -1.478623776e-01
  -1.478623776e-01
  -1.478623776e-01
  0.000000000e+00
  -1.478623776e-01
  0.000000000e+00
  3.376652505e-02 9.527837691e-01 1.819631808e-01
  6.855498911e-02 2.122282135e-01 -7.672916122e-01
  -1.017174510e+00 5.381238562e-02 -6.768430283e-02
 Node:         29
  0.1119E+03  0.1139E+03  0.5068E+03 -0.4728E-04
  -9.455E-5
  -3.598E-17
  -9.455E-5
   9.596E-17
   1.199E-17
  -9.455E-5
  -1.478623776e-01
  -1.478623776e-01
  -1.478623776e-01
  0.000000000e+00
  -1.478623776e-01
  0.000000000e+00
  -4.766453159e-02 8.067839869e-01 -4.118674074e-02
  -9.078598039e-01 -3.005348584e-03 -1.979909041e-01
  -1.344726580e-01 3.135593682e-02 8.226993464e-01
 Node:         30
  0.1113E+03  0.1159E+03  0.5206E+03 -0.4728E-04
  -9.455E-5
   2.159E-16
  -9.455E-5
   1.311E-36
  -4.798E-17
  -9.455E-5
  -1.478623776e-01
  -1.478623776e-01
  -1.478623776e-01
  0.000000000e+00
  -1.478623776e-01
  0.000000000e+00
  4.932906318e-01 5.676074074e-01 -6.073005447e-02
  -6.090373638e-01 5.542590414e-01 3.164901961e-02
  1.633076253e-02 -1.980501089e-02 8.130822440e-01
 Node:         31
  0.1203E+03  0.1126E+03  0.4920E+03 -0.4728E-04
  -9.455E-5
   1.679E-16
  -9.455E-5
   4.798E-17
   7.197E-17
  -9.455E-5
  -1.478623776e-01
  -1.478623776e-01
  -1.478623776e-01
  0.000000000e+00
  -1.478623776e-01
  0.000000000e+00
  -4.987466231e-01 -3.690105664e-01 -4.403336601e-01
  4.532697168e-01 -1.421503268e-02 -7.258739651e-01
  3.762255991e-01 -8.108187364e-01 -6.994553377e-03
 Node:         32
  0.1188E+03  0.1134E+03  0.5062E+03 -0.4728E-04
  -9.455E-5
  -2.399E-17
  -9.455E-5
  -4.798E-17
   1.679E-16
  -9.455E-5
  -1.478623776e-01
  -1.478623776e-01
  -1.478623776e-01
  0.000000000e+00
  -1.478623776e-01
  0.000000000e+00
  9.323300654e-01 -1.301884532e-02 -3.632581699e-02
  3.606788671e-02 3.830267974e-01 8.241805011e-01
  -5.774826797e-03 -8.952758170e-01 4.372340959e-01
 Node:         33
  0.1183E+03  0.1150E+03  0.5201E+03 -0.4728E-04
  -9.455E-5
   9.596E-17
  -9.455E-5
   1.439E-16
  -1.748E-36
  -9.455E-5
  -1.478623776e-01
  -1.478623776e-01
  -1.478623776e-01
  0.000000000e+00
  -1.478623776e-01
  0.000000000e+00
  8.427370370e-01 1.445190850e-01 1.961790850e-01
  2.886748597e-02 7.395193900e-01 -5.194574074e-01
  -2.399132898e-01 3.346927015e-01 6.528224401e-01
 Node:         34
  0.1255E+03  0.1129E+03  0.4909E+03 -0.4728E-04
  -9.455E-5
  -2.04E-36
  -9.455E-5
   9.596E-17
   1.679E-16
  -9.455E-5
  -1.478623776e-01
  -1.478623776e-01
  -1.478623776e-01
  0.000000000e+00
  -1.478623776e-01
  0.000000000e+00
  3.298950980e-01 3.859178649e-01 5.622886710e-01
  -8.785686275e-02 1.887988017e-01 2.443802140e-02
  -1.234851852e-01 -3.725173203e-01 3.512607843e-01
 Node:         35
  0.1260E+03  0.1135E+03  0.5054E+03 -0.4728E-04
  -9.455E-5
   1.919E-16
  -9.455E-5
   1.919E-16
   4.318E-16
  -9.455E-5
  -1.478623776e-01
  -1.478623776e-01
  -1.478623776e-01
  0.000000000e+00
  -1.478623776e-01
  0.000000000e+00
  7.409661220e-01 4.934102397e-01 4.918305011e-01
  -2.794415033e-01 2.492960784e-01 2.572351852e-01
  1.807503054e-02 -7.154846405e-01 6.937395425e-01
 Node:         36
  0.1257E+03  0.1153E+03  0.5196E+03 -0.4728E-04
  -9.455E-5
  -9.596E-17
  -9.455E-5
  -9.596E-17
   1.439E-16
  -9.455E-5
  -1.478623776e-01
  -1.478623776e-01
  -1.478623776e-01
  0.000000000e+00
  -1.478623776e-01
  0.000000000e+00
  -4.021699346e-01 6.295628540e-01 5.770699346e-01
  9.035924837e-01 2.809805011e-01 3.529451634e-01
  3.437613693e-02 -5.673900871e-01 4.960044662e-01
 Node:         37
  0.1132E+03  0.1210E+03  0.4959E+03 -0.4728E-04
  -9.455E-5
   2.399E-16
  -9.455E-5
  -1.439E-16
   3.119E-16
  -9.455E-5
  -1.478623776e-01
  -1.478623776e-01
  -1.478623776e-01
  0.000000000e+00
  -1.478623776e-01
  0.000000000e+00
  -4.652813725e-01 -6.972495643e-01 -2.914034641e-01
  6.783259259e-01 -2.012376688e-01 -5.701271242e-01
  3.687154684e-01 -5.129224401e-01 6.249294771e-01
 Node:         38
  0.1111E+03  0.1204E+03  0.5085E+03 -0.4728E-04
  -9.455E-5
   1.679E-16
  -9.455E-5
  -4.798E-17
  -1.439E-16
  -9.455E-5
  -1.478623776e-01
  -1.478623776e-01
  -1.478623776e-01
  0.000000000e+00
  -1.478623776e-01
  0.000000000e+00
  2.058239651e-01 9.903376906e-01 -1.415378867e-01
  9.938918301e-01 -2.126481481e-01 -3.352021786e-02
  5.966708061e-02 1.257881264e-01 9.856916122e-01
 Node:         39
  0.1119E+03  0.1201E+03  0.5207E+03 -0.4728E-04
  -9.455E-5
  -1.679E-16
  -9.455E-5
  -1.439E-16
  -1.319E-16
  -9.455E-5
  -1.478623776e-01
  -1.478623776e-01
  -1.478623776e-01
  0.000000000e+00
  -1.478623776e-01
  0.000000000e+00
  9.482294118e-01 -6.688972331e-02 -3.691708061e-01
  3.422816993e-01 -2.211523965e-01 9.083883442e-01
  -1.387162200e-01 -9.900255991e-01 -1.858051198e-01
 Node:         40
  0.1191E+03  0.1220E+03  0.4937E+03 -0.4728E-04
  -9.455E-5
   1.439E-16
  -9.455E-5
   1.439E-16
  -2.399E-17
  -9.455E-5
  -1.478623776e-01
  -1.478623776e-01
  -1.478623776e-01
  0.000000000e+00
  -1.478623776e-01
  0.000000000e+00
  5.230763617e-01 6.258644880e-02 6.898507625e-02
  7.955589596e-03 3.539602397e-01 -3.931984749e-01
  -8.748267974e-02 3.728296296e-01 3.325265795e-01
 Node:         41
  0.1182E+03  0.1217E+03  0.5073E+03 -0.4728E-04
  -9.455E-5
  -4.798E-17
  -9.455E-5
   9.596E-17
   1.679E-16
  -9.455E-5
  -1.478623776e-01
  -1.478623776e-01
  -1.478623776e-01
  0.000000000e+00
  -1.478623776e-01
  0.000000000e+00
  -1.355438998e-01 -1.654786057e-01 -9.914758170e-01
  -7.072932462e-01 2.232622004e-01 8.933420479e-02
  1.937145969e-01 9.522008715e-01 -1.882658606e-01
 Node:         42
  0.1187E+03  0.1212E+03  0.5204E+03 -0.4728E-04
  -9.455E-5
  -9.596E-17
  -9.455E-5
   1.165E-36
   9.596E-17
  -9.455E-5
  -1.478623776e-01
  -1.478623776e-01
  -1.478623776e-01
  0.000000000e+00
  -1.478623776e-01
  0.000000000e+00
  -1.599222222e-02 4.027971678e-02 7.396704793e-01
  -7.261117647e-01 1.568437908e-01 -3.160364924e-02
  -1.591381264e-01 -9.958480392e-01 1.262694880e-01
 Node:         43
  0.1258E+03  0.1217E+03  0.4915E+03 -0.4728E-04
  -9.455E-5
   1.919E-16
  -9.455E-5
  -2.399E-17
   5.827E-37
  -9.455E-5
  -1.478623776e-01
  -1.478623776e-01
  -1.478623776e-01
  0.000000000e+00
  -1.478623776e-01
  0.000000000e+00
  9.495319172e-01 2.111462963e-01 -4.210945534e-02
  -3.577511983e-01 7.038802832e-01 -2.923035948e-02
  1.742068627e-02 -5.198952179e-02 9.915287582e-01
 Node:         44
  0.1259E+03  0.1220E+03  0.5059E+03 -0.4728E-04
  -9.455E-5
   2.399E-16
  -9.455E-5
   1.679E-16
   1.919E-16
  -9.455E-5
  -1.478623776e-01
  -1.478623776e-01
  -1.478623776e-01
  0.000000000e+00
  -1.478623776e-01
  0.000000000e+00
  -2.892160131e-01 -2.794184096e-01 -6.291785403e-01
  -5.868324619e-01 -4.935347495e-01 4.920220044e-01
  6.236444444e-01 -6.910305011e-01 3.833895425e-02
 Node:         45
  0.1261E+03  0.1221E+03  0.5198E+03 -0.4728E-04
  -9.455E-5
  -1.439E-16
  -9.455E-5
   4.798E-17
  -1.199E-17
  -9.455E-5
  -1.478623776e-01
  -1.478623776e-01
  -1.478623776e-01
  0.000000000e+00
  -1.478623776e-01
  0.000000000e+00
  7.211318083e-02 -2.921316993e-02 9.960199346e-01
  -1.007715033e+00 1.482255991e-01 7.761752723e-02
  -1.506517429e-01 -1.009647168e+00 -1.811015359e-02
 Node:         46
  0.1117E+03  0.1296E+03  0.4959E+03  0.0000E+00
  -2.467E-16
   4.797E-17
  -7.401E-16
   1.199E-17
  -4.497E-17
   0.0
  3.057000000e-18
  -2.423000000e-16
  -7.476000000e-16
  6.629532710e-16
  -3.289476667e-16
  3.125191690e-16
  3.676000000e-02 -5.800000000e-02 9.976000000e-01
  9.946000000e-01 9.864000000e-02 -3.092000000e-02
  -9.662000000e-02 9.934000000e-01 6.131000000e-02
 Node:         47
  0.1107E+03  0.1269E+03  0.5087E+03  0.0000E+00
  -7.401E-16
  -5.397E-17
   4.934E-16
  -4.797E-17
   6.896E-17
   0.0
  5.058000000e-16
  -7.273000000e-18
  -7.452000000e-16
  1.089215580e-15
  -8.222433333e-17
  5.134611487e-16
  -4.821000000e-02 9.891000000e-01 1.394000000e-01
  -5.424000000e-02 -1.420000000e-01 9.884000000e-01
  -9.974000000e-01 -4.009000000e-02 -6.049000000e-02
 Node:         48
  0.1125E+03  0.1242E+03  0.5208E+03  0.0000E+00
   4.934E-16
   5.997E-18
   4.934E-16
   0.0
  -2.998E-18
   4.934E-16
  5.001000000e-16
  4.934000000e-16
  4.867000000e-16
  1.160474041e-17
  4.934000000e-16
  5.470527092e-18
  -6.325000000e-01 -7.071000000e-01 3.162000000e-01
  4.472000000e-01 -2.276000000e-15 8.944000000e-01
  6.325000000e-01 -7.071000000e-01 -3.162000000e-01
 Node:         49
  0.1186E+03  0.1311E+03  0.4938E+03  0.0000E+00
  -7.401E-16
  -3.598E-17
   0.0
  -7.196E-17
  -1.049E-17
  -2.467E-16
  1.947000000e-18
  -2.366000000e-16
  -7.523000000e-16
  6.677348644e-16
  -3.289843333e-16
  3.147732338e-16
  4.561000000e-02 -9.985000000e-01 2.894000000e-02
  -1.430000000e-01 2.215000000e-02 9.895000000e-01
  -9.887000000e-01 -4.926000000e-02 -1.418000000e-01
 Node:         50
  0.1180E+03  0.1298E+03  0.5075E+03  0.0000E+00
   0.0
  -2.249E-17
   1.48E-15
  -7.196E-17
   2.155E-17
   9.869E-16
  1.482000000e-15
  9.910000000e-16
  -5.513000000e-18
  1.312785985e-15
  8.224956667e-16
  6.188532481e-16
  1.739000000e-02 -9.988000000e-01 -4.603000000e-02
  -7.128000000e-02 -4.716000000e-02 9.963000000e-01
  9.973000000e-01 1.405000000e-02 7.201000000e-02
 Node:         51
  0.1192E+03  0.1275E+03  0.5206E+03  0.0000E+00
   0.0
  -5.997E-18
  -2.467E-16
   0.0
   2.549E-17
   4.934E-16
  4.943000000e-16
  1.449000000e-19
  -2.477000000e-16
  6.542860068e-16
  8.224830000e-17
  3.084333815e-16
  -4.170000000e-04 3.438000000e-02 9.994000000e-01
  9.997000000e-01 -2.416000000e-02 1.248000000e-03
  2.418000000e-02 9.991000000e-01 -3.436000000e-02
 Node:         52
  0.1262E+03  0.1305E+03  0.4920E+03  0.0000E+00
   4.934E-16
  -2.399E-17
   4.934E-16
   2.249E-18
   8.48E-18
   0.0
  5.175000000e-16
  4.696000000e-16
  -1.600000000e-19
  4.954496661e-16
  3.289800000e-16
  2.335572124e-16
  -7.061000000e-01 7.080000000e-01 8.534000000e-03
  7.081000000e-01 7.060000000e-01 1.614000000e-02
  -5.403000000e-03 -1.744000000e-02 9.998000000e-01
 Node:         53
  0.1258E+03  0.1304E+03  0.5063E+03  0.0000E+00
  -7.401E-16
  -2.998E-18
  -4.934E-16
   4.797E-17
   5.847E-17
  -9.869E-16
  -4.866000000e-16
  -7.314000000e-16
  -1.002000000e-15
  4.465358664e-16
  -7.400000000e-16
  2.104990261e-16
  1.040000000e-02 9.931000000e-01 1.171000000e-01
  -9.836000000e-01 3.123000000e-02 -1.776000000e-01
  -1.800000000e-01 -1.133000000e-01 9.771000000e-01
 Node:         54
  0.1265E+03  0.1288E+03  0.5200E+03  0.0000E+00
  -9.869E-16
   3.598E-17
   4.934E-16
   0.0
  -7.496E-18
   4.934E-16
  5.014000000e-16
  4.864000000e-16
  -9.877000000e-16
  1.481656947e-15
  3.333333333e-20
  6.984597833e-16
  1.758000000e-02 7.272000000e-01 -6.862000000e-01
  1.675000000e-02 6.860000000e-01 7.274000000e-01
  -9.997000000e-01 2.428000000e-02 1.229000000e-04
 Node:         55
  0.1382E+03  0.1168E+03  0.4539E+03  0.4935E-02
   0.08851
  -0.03543
   0.03189
   0.003517
   0.0696
   0.01896
  1.154100109e-01
  5.634042375e-02
  -4.328422222e-02
  1.398690884e-01
  4.282207081e-02
  6.593492059e-02
  -3.806314815e-01 5.438485839e-01 3.958066449e-01
  6.728745098e-01 1.721581481e-01 3.320154684e-01
  -2.037238562e-01 -6.241059913e-01 6.672238562e-01
 Node:         56
  0.1314E+03  0.1156E+03  0.4692E+03  0.4935E-02
   0.08883
  -0.003149
   0.02028
   0.03548
   0.008831
   0.009474
  9.391768519e-02
  2.583003486e-02
  -1.195012026e-02
  9.348795749e-02
  3.593253326e-02
  4.407064580e-02
  -9.110981481e-01 1.406031874e-01 -2.160796187e-01
  1.105225272e-01 2.319162309e-01 4.207600545e-01
  1.938823529e-02 2.594493573e-01 -1.327134205e-01
 Node:         57
  0.1285E+03  0.1140E+03  0.4824E+03  0.4935E-02
   0.1051
   0.01417
   0.009755
   0.01188
  -0.008079
   0.009224
  9.375867102e-02
  1.863808442e-02
  1.218822658e-03
  8.536818973e-02
  3.787185937e-02
  4.024295057e-02
  -9.912839869e-01 -8.627160131e-02 -8.144387756e-02
  5.769940959e-03 -5.468223312e-01 6.071419390e-01
  -1.588779194e-01 4.981952070e-01 7.377008105e-01
 Node:         58
  0.1488E+03  0.1180E+03  0.4534E+03  0.4935E-02
   0.08516
  -0.1017
   0.05485
  -0.01462
   0.05453
   0.007436
  1.787831808e-01
  1.406455839e-02
  -4.286917908e-02
  1.994274382e-01
  4.999285338e-02
  9.401099595e-02
  -6.818759259e-01 6.808242919e-01 2.671866013e-01
  6.887866013e-01 3.101145969e-01 9.801503268e-01
  -4.525214597e-01 -6.787997821e-01 5.807183007e-01
 Node:         59
  0.1421E+03  0.1168E+03  0.4695E+03  0.4935E-02
   0.08975
  -0.08993
   0.03806
   7.556E-4
   0.03357
   0.005259
  1.633533224e-01
  9.948426471e-03
  -3.860006645e-02
  1.832594473e-01
  4.490056082e-02
  8.638933191e-02
  -7.508043573e-01 6.197079521e-01 1.897223682e-01
  2.202564270e-01 3.203834423e-02 3.441472767e-01
  -4.241418301e-01 -6.428160784e-01 3.803952070e-01
 Node:         60
  0.1375E+03  0.1150E+03  0.4832E+03  0.4935E-02
   0.1067
  -0.0163
   0.01353
   0.005572
   0.001666
   0.00909
  1.004612745e-01
  1.383311035e-02
  3.803295207e-03
  9.212653525e-02
  3.936589336e-02
  4.342886520e-02
  -9.513757081e-01 2.370376253e-01 4.106942266e-02
  3.054746187e-01 7.251591503e-01 5.138071242e-01
  -9.633714597e-02 -3.937448497e-01 8.043850763e-01
 Node:         61
  0.1558E+03  0.1227E+03  0.4524E+03  0.4935E-02
   0.09916
  -0.1005
   0.035
  -0.0681
   0.08361
  -0.01422
  2.259948584e-01
  -1.286825730e-02
  -5.914190427e-02
  2.653540176e-01
  5.132823227e-02
  1.250890835e-01
  -7.567911765e-01 5.747039216e-01 2.970907190e-01
  5.490406209e-01 3.919467320e-01 6.214300654e-01
  -1.036115142e-01 -4.792409586e-01 6.258048148e-01
 Node:         62
  0.1495E+03  0.1207E+03  0.4694E+03  0.4935E-02
   0.113
  -0.1694
   0.0356
  -0.04282
   0.0605
  -0.009236
  2.837027451e-01
  -1.357830425e-02
  -8.769436601e-02
  3.404769290e-01
  6.081002495e-02
  1.605023636e-01
  -7.810120915e-01 5.785706972e-01 2.323663399e-01
  1.576892157e-01 -7.175326253e-02 6.052072985e-01
  3.700808279e-01 5.076161220e-01 -3.519535403e-02
 Node:         63
  0.1437E+03  0.1181E+03  0.4838E+03  0.4935E-02
   0.1139
  -0.04643
   0.01591
  -0.003377
   0.006132
   0.00708
  1.277882898e-01
  9.859706536e-03
  -7.757316231e-03
  1.278851309e-01
  4.329689336e-02
  6.028562884e-02
  -8.934582789e-01 4.094310458e-01 1.039601046e-01
  4.065021786e-02 7.511856754e-02 -9.913562092e-02
  -1.514423203e-01 -2.701030501e-01 2.581570806e-01
 Node:         64
  0.1415E+03  0.1252E+03  0.4520E+03  0.4935E-02
   0.0899
   0.0153
   0.03362
  -0.03557
   0.02809
   0.004978
  9.104722222e-02
  4.586511874e-02
  -1.863723083e-02
  9.707563590e-02
  3.942503671e-02
  4.576189362e-02
  -3.530887800e-01 2.101701307e-01 1.828854434e-01
  1.145526895e-01 5.849948039e-01 3.062993900e-01
  4.045544662e-02 -1.737788671e-02 1.535838366e-01
 Node:         65
  0.1342E+03  0.1229E+03  0.4682E+03  0.4935E-02
   0.09744
  -0.01654
   0.02836
  -0.01609
   0.01411
   0.006511
  9.999132353e-02
  2.248300599e-02
  -3.119847059e-03
  9.374149288e-02
  3.978482749e-02
  4.419016353e-02
  -8.944245098e-01 3.303025599e-01 1.942192266e-01
  2.260268758e-01 6.985946623e-01 5.106676405e-01
  1.821122004e-01 5.830729847e-02 4.125794118e-01
 Node:         66
  0.1299E+03  0.1214E+03  0.4825E+03  0.4935E-02
   0.1095
  -0.008517
   0.01274
   0.002694
  -0.001964
   0.009316
  9.614095534e-02
  1.472578649e-02
  8.596365468e-03
  8.470363536e-02
  3.982103577e-02
  3.992967664e-02
  -9.839946623e-01 1.471042745e-01 -1.212167756e-03
  4.784854031e-02 6.900175708e-01 -2.472313725e-01
  -1.207437436e-01 -1.056210240e-01 8.385433115e-01
 Node:         67
  0.1502E+03  0.1246E+03  0.4518E+03  0.4935E-02
   0.09022
  -0.05815
   0.03179
  -0.03189
   0.02334
   0.008377
  1.252479739e-01
  9.218386710e-04
  -4.548225708e-03
  1.271793630e-01
  4.054052894e-02
  5.995292666e-02
  -7.780417211e-01 5.653844227e-01 2.675732571e-01
  2.097013943e-01 3.214939978e-01 -1.009368192e-03
  -4.455711329e-01 -8.794313725e-01 4.704947930e-01
 Node:         68
  0.1435E+03  0.1226E+03  0.4686E+03  0.4935E-02
   0.1016
  -0.1216
   0.03134
  -0.03655
   0.03306
   0.00831
  1.996844826e-01
  -1.400431808e-03
  -4.963313943e-02
  2.290837073e-01
  4.955030378e-02
  1.079910953e-01
  -7.827018519e-01 5.754120915e-01 2.351055556e-01
  2.103114895e-01 -1.059927255e-01 9.606917211e-01
  5.821520697e-01 7.995911765e-01 -3.918410349e-02
 Node:         69
  0.1380E+03  0.1205E+03  0.4830E+03  0.4935E-02
   0.1115
  -0.03438
   0.01477
  -0.007446
   0.008843
   0.009767
  1.121575000e-01
  1.187148388e-02
  1.180054488e-03
  1.060554487e-01
  4.173634612e-02
  4.999501796e-02
  -9.216126362e-01 3.443700436e-01 1.328988235e-01
  2.316988344e-01 4.348143355e-01 7.138084967e-01
  -2.353504357e-01 -7.647807190e-01 4.846910566e-01
 Node:         70
  0.1559E+03  0.1247E+03  0.4520E+03  0.4935E-02
   0.09379
  -0.07238
   0.01364
  -0.08959
   0.05727
   0.01907
  1.911120044e-01
  -2.064846046e-02
  -3.463631481e-02
  2.191238261e-01
  4.527574303e-02
  1.032959622e-01
  -7.424315904e-01 4.708667756e-01 4.716366013e-01
  6.957467320e-01 8.650928105e-01 1.768901961e-01
  2.722493791e-01 -4.798400980e-01 9.096318083e-01
 Node:         71
  0.1497E+03  0.1226E+03  0.4691E+03  0.4935E-02
   0.1102
  -0.1619
   0.02389
  -0.1255
   0.08347
   0.01344
  3.152988453e-01
  -4.101840695e-02
  -8.045175272e-02
  3.777701646e-01
  6.460956188e-02
  1.780825634e-01
  -7.591535948e-01 5.069824619e-01 4.089558824e-01
  6.897798693e-02 -4.061522113e-01 6.065108932e-01
  4.216057734e-01 3.720343137e-01 3.044383660e-01
 Node:         72
  0.1435E+03  0.1199E+03  0.4837E+03  0.4935E-02
   0.1147
  -0.0515
   0.0143
  -0.02552
   0.01814
   0.01053
  1.352130556e-01
  5.670669935e-03
  -8.285904139e-03
  1.371248915e-01
  4.419927378e-02
  6.464129375e-02
  -8.769842048e-01 3.937965142e-01 2.562187364e-01
  2.139362745e-01 1.522806427e-01 6.371540305e-01
  -2.010459695e-01 -7.152165577e-01 3.866842048e-01
 Node:         73
  0.1447E+03  0.1339E+03  0.4510E+03  0.0000E+00
   0.1107
  -0.02703
  -0.01587
   0.006965
  -0.009781
   0.01387
  1.038430784e-01
  1.312468922e-02
  -1.881989107e-02
  1.102610596e-01
  3.271595886e-02
  5.197756197e-02
  -9.785550109e-01 1.751323529e-01 -4.192218301e-02
  9.352469499e-03 9.502189542e-03 6.345712418e-01
  1.407091721e-01 8.443433551e-01 1.772438126e-01
 Node:         74
  0.1370E+03  0.1304E+03  0.4677E+03  0.0000E+00
   0.1257
  -0.0132
  -0.007517
   0.01034
  -0.01499
   0.01007
  1.213322124e-01
  1.378514493e-02
  -1.850575490e-02
  1.270831706e-01
  3.887053415e-02
  5.990758116e-02
  -9.817288671e-01 2.786318083e-03 -1.058399782e-01
  1.089817865e-01 3.745415577e-01 -3.910936819e-01
  -3.816136166e-02 9.022425926e-01 3.322343791e-01
 Node:         75
  0.1313E+03  0.1289E+03  0.4826E+03  0.0000E+00
   0.109
  -0.004992
  -8.768E-4
  -0.004743
  -0.003172
   6.798E-4
  9.472419826e-02
  2.610966628e-03
  -4.565731373e-03
  9.595415421e-02
  3.092314450e-02
  4.523322208e-02
  -9.970168845e-01 -1.103982571e-02 2.965422985e-02
  -6.508828976e-03 -3.406364161e-01 6.126072985e-01
  3.194923747e-03 8.376465142e-01 4.816050654e-01
 Node:         76
  0.1516E+03  0.1314E+03  0.4508E+03  0.0000E+00
   0.1105
  -0.04337
  -0.02093
  -0.01263
   0.04085
   0.01998
  1.149209935e-01
  2.870253388e-02
  -3.828944880e-02
  1.334176030e-01
  3.511135951e-02
  6.289366119e-02
  -1.194517102e+00 3.980770588e-01 2.935775599e-01
  3.509565850e-01 4.162442919e-01 8.100837691e-01
  -5.308736383e-02 -4.697753813e-01 2.713722004e-01
 Node:         77
  0.1448E+03  0.1284E+03  0.4680E+03  0.0000E+00
   0.1385
   0.005967
  -0.01055
  -0.001892
   0.0305
   0.008958
  1.335166776e-01
  2.280419075e-02
  -2.696981699e-02
  1.423457297e-01
  4.311701711e-02
  6.710242049e-02
  -9.877129630e-01 -1.049879194e-01 -2.781257081e-02
  1.773715468e-02 3.807757081e-01 4.541912854e-01
  -8.075682026e-02 3.310543573e-01 -1.998533224e-01
 Node:         78
  0.1385E+03  0.1261E+03  0.4829E+03  0.0000E+00
   0.1144
   0.01112
  -6.703E-4
  -0.002088
   6.041E-4
   4.687E-4
  1.019733181e-01
  4.971414597e-04
  -3.650844336e-03
  1.036935717e-01
  3.293987174e-02
  4.888161849e-02
  -9.878449891e-01 -1.398257669e-01 2.219767974e-03
  -5.334383442e-02 3.578742593e-01 5.517061002e-01
  -1.376502070e-01 9.564506536e-01 -1.520879183e-01
 Node:         79
  0.1560E+03  0.1268E+03  0.4515E+03  0.0000E+00
   0.11
   0.09567
   0.009295
   0.005548
  -0.001934
  -0.0634
  2.092960098e-01
  -2.959887255e-02
  -5.831537691e-02
  2.546278187e-01
  4.046058678e-02
  1.200327049e-01
  -8.674600218e-01 -4.282880174e-01 4.388970697e-02
  5.771513072e-02 2.548118736e-01 6.749367102e-01
  -5.866283224e-01 8.434557734e-01 -8.117124183e-02
 Node:         80
  0.1498E+03  0.1244E+03  0.4689E+03  0.0000E+00
   0.1442
   0.08393
   0.002694
   0.0273
   3.572E-4
  -0.05172
  2.180991917e-01
  -2.357606754e-02
  -4.069311329e-02
  2.507254197e-01
  5.127667030e-02
  1.181930963e-01
  -9.342741830e-01 -3.451547930e-01 -1.004726972e-01
  2.503056427e-01 -7.384088453e-01 9.487788671e-01
  -2.719937473e-01 5.706892157e-01 3.423999564e-01
 Node:         81
  0.1433E+03  0.1218E+03  0.4836E+03  0.0000E+00
   0.1161
   0.01894
   4.595E-5
   0.008965
   0.001765
  -0.006511
  1.104972190e-01
  -3.588715087e-03
  -7.607266885e-03
  1.161813162e-01
  3.310041233e-02
  5.476839771e-02
  -9.732105664e-01 -1.769167756e-01 -1.184374837e-01
  -8.480945961e-02 5.049723312e-01 1.646565033e-01
  -1.217084649e-01 3.760662309e-02 9.180346405e-01
 Node:         82
  0.1267E+03  0.1149E+03  0.4572E+03 -0.2557E-01
   0.03825
  -0.03035
  -0.04293
   0.008654
   0.04577
  -0.04973
  5.109609858e-02
  -2.264861656e-03
  -7.387519619e-02
  1.106447271e-01
  -8.347986420e-03
  5.215842455e-02
  -3.266530501e-01 2.300046013e-01 1.034030719e-01
  2.780514270e-01 5.234736601e-01 7.057765795e-01
  -1.364164488e-01 -5.153222222e-01 5.514401961e-01
 Node:         83
  0.1234E+03  0.1130E+03  0.4725E+03 -0.2557E-01
   0.03402
  -0.004414
  -0.04803
   0.06482
   0.01851
  -0.05925
  6.876362200e-02
  -3.168366340e-02
  -7.514868780e-02
  1.279588201e-01
  -1.268957640e-02
  6.032036628e-02
  -2.320410675e-01 1.154166786e-01 -1.093660131e-02
  -1.166150654e-01 6.675393246e-01 2.732447712e-01
  7.611535948e-02 1.763575163e-01 -2.012742919e-01
 Node:         84
  0.1187E+03  0.1123E+03  0.4849E+03 -0.2557E-01
   0.04671
   0.001296
  -0.05095
   0.0241
  -9.649E-4
  -0.05868
  4.989598802e-02
  -3.707976471e-02
  -4.568933769e-02
  9.160657598e-02
  -1.095770479e-02
  4.318375405e-02
  -2.376790850e-01 8.017834423e-03 -2.664777778e-02
  -3.144481481e-03 5.125892157e-01 -1.843838562e-01
  -9.724594771e-02 -7.734246187e-02 3.788011983e-01
 Node:         85
  0.1302E+03  0.1162E+03  0.4559E+03 -0.2557E-01
   0.03766
  -0.0276
  -0.0403
   0.01705
   0.06636
  -0.04845
  5.420675300e-02
  1.442928268e-02
  -8.784550545e-02
  1.298703937e-01
  -6.403156590e-03
  6.122149069e-02
  3.988246187e-02 1.776235294e-01 1.492437364e-01
  1.581791983e-01 5.435834423e-01 5.559498911e-01
  -1.181092593e-01 -2.733467320e-01 2.090113290e-01
 Node:         86
  0.1252E+03  0.1138E+03  0.4709E+03 -0.2557E-01
   0.03629
   0.0364
  -0.02589
   0.1249
   0.06083
  -0.05735
  1.481111296e-01
  -2.886747930e-02
  -1.094521429e-01
  2.296598560e-01
  3.263835802e-03
  1.082626944e-01
  -1.128546841e-01 -7.542047930e-03 -2.865435730e-02
  2.000187364e-01 1.374934641e-01 -8.572117887e-02
  -1.505936819e-02 8.646626362e-02 -2.295479303e-02
 Node:         87
  0.1217E+03  0.1126E+03  0.4834E+03 -0.2557E-01
   0.04501
   6.006E-4
  -0.05046
   0.03026
  -0.004888
  -0.05785
  5.132972440e-02
  -3.571650109e-02
  -4.891746514e-02
  9.439934379e-02
  -1.110141394e-02
  4.450027742e-02
  -2.398590414e-01 7.176500000e-03 -1.902311547e-02
  9.227112200e-02 9.480904139e-01 -2.139601830e-01
  -1.730139434e-02 1.924055556e-02 -2.209665577e-01
 Node:         88
  0.1338E+03  0.1169E+03  0.4542E+03 -0.2557E-01
   0.02514
  -0.03761
  -0.04213
   0.01198
   0.09286
  -0.03599
  7.173966176e-02
  1.855805264e-02
  -1.074581656e-01
  1.611092176e-01
  -5.720150392e-03
  7.594761353e-02
  -3.731435185e-01 3.673525054e-01 2.486285403e-01
  8.258861874e-01 2.185336765e-01 6.081244227e-01
  -2.006808279e-02 -2.212178649e-02 1.105837691e-02
 Node:         89
  0.1270E+03  0.1150E+03  0.4692E+03 -0.2557E-01
   0.02246
   0.005831
  -0.0463
   0.05113
   0.0228
  -0.05281
  5.606167211e-02
  -3.226821351e-02
  -6.955254837e-02
  1.122936809e-01
  -1.525302992e-02
  5.293574884e-02
  -2.419409586e-01 1.382882571e-01 3.343543573e-02
  -7.371476471e-02 5.100605664e-01 2.995395425e-01
  -6.744760349e-02 7.317990196e-02 9.276394336e-02
 Node:         90
  0.1248E+03  0.1132E+03  0.4822E+03 -0.2557E-01
   0.04247
   0.0169
  -0.05249
   0.01547
  -0.008479
  -0.05276
  4.581304739e-02
  -3.138737407e-02
  -4.893135294e-02
  8.742947191e-02
  -1.150189321e-02
  4.121464831e-02
  -2.416394336e-01 5.471772331e-03 -4.416220044e-03
  -3.727919172e-03 -4.170958606e-02 1.596801743e-01
  -1.544403704e-01 5.762693900e-01 7.028736383e-01
 Node:         91
  0.1261E+03  0.1264E+03  0.4549E+03 -0.2557E-01
   0.0279
   0.02867
  -0.02388
  -0.01538
   0.06792
  -0.05205
  6.455869826e-02
  9.132959913e-03
  -8.840377307e-02
  1.378975883e-01
  -4.904038301e-03
  6.500554652e-02
  -5.098465142e-01 1.806413943e-01 2.082468410e-01
  7.508464935e-01 -6.750130719e-03 -9.934258061e-02
  1.328806536e-01 -5.946505447e-01 7.200252723e-01
 Node:         92
  0.1210E+03  0.1235E+03  0.4726E+03 -0.2557E-01
   0.03254
  -0.005024
  -0.03879
   8.531E-4
   0.04616
  -0.04558
  4.795843900e-02
  -2.779552070e-03
  -7.017855272e-02
  1.050926557e-01
  -8.333221932e-03
  4.954115300e-02
  2.908552288e-01 1.681366449e-01 1.530868519e-01
  1.583639499e-01 5.490472767e-01 6.495891068e-01
  2.334493464e-02 -4.469745098e-01 5.795120915e-01
 Node:         93
  0.1159E+03  0.1217E+03  0.4877E+03 -0.2557E-01
   0.04716
  -0.004288
  -0.05036
   0.005785
   0.009321
  -0.05147
  4.636614749e-02
  -2.881824575e-02
  -4.500630065e-02
  8.460210559e-02
  -9.152799637e-03
  3.988181504e-02
  -2.363503268e-01 1.419524183e-02 6.685301743e-02
  6.346320261e-02 -1.183333333e-02 1.390482571e-01
  2.979204688e-02 2.005047930e-01 -3.351825708e-01
 Node:         94
  0.1316E+03  0.1266E+03  0.4538E+03 -0.2557E-01
   0.02357
   0.02743
  -0.02042
  -0.04018
   0.06264
  -0.04584
  6.018117320e-02
  1.705219009e-02
  -8.725341906e-02
  1.349292369e-01
  -3.340018591e-03
  6.360625224e-02
  -1.636307190e-02 8.836647059e-02 2.463555556e-02
  4.106708279e-01 2.874395425e-01 1.407259041e-01
  1.793687364e-01 -1.927776688e-01 4.328479303e-01
 Node:         95
  0.1251E+03  0.1236E+03  0.4707E+03 -0.2557E-01
   0.02736
  -0.009296
  -0.03505
  -0.00977
   0.03311
  -0.04113
  4.362368355e-02
  -1.052145381e-02
  -5.783195871e-02
  9.019873009e-02
  -8.243242992e-03
  4.252008913e-02
