 Group name: predicted_stress_L1A2
 #Fields=  16
 1) coordinates, coordinate, rectangular cartesian, #Components=3
   x.  Value index= 1, #Derivatives=0
   y.  Value index= 2, #Derivatives=0
   z.  Value index= 3, #Derivatives=0
 2) Tensor_1, field, rectangular cartesian, #Components=1
   Tensor_1.  Value index= 4, #Derivatives=0
 3) Tensor_2, field, rectangular cartesian, #Components=1
   Tensor_2.  Value index= 5, #Derivatives=0
 4) Tensor_3, field, rectangular cartesian, #Components=1
   Tensor_3.  Value index= 6, #Derivatives=0
 5) Tensor_4, field, rectangular cartesian, #Components=1
   Tensor_4.  Value index= 7, #Derivatives=0
 6) Tensor_5, field, rectangular cartesian, #Components=1
   Tensor_5.  Value index= 8, #Derivatives=0
 7) Tensor_6, field, rectangular cartesian, #Components=1
   Tensor_6.  Value index= 9, #Derivatives=0
 8) Principal_1, field, rectangular cartesian, #Components=1
   Principal_1.  Value index= 10, #Derivatives=0
 9) Principal_2, field, rectangular cartesian, #Components=1
   Principal_2.  Value index= 11, #Derivatives=0
 10) Principal_3, field, rectangular cartesian, #Components=1
   Principal_3.  Value index= 12, #Derivatives=0
 11) VonMises, field, rectangular cartesian, #Components=1
   VonMises.  Value index= 13, #Derivatives=0
 12) Hydrostatic, field, rectangular cartesian, #Components=1
   VonMises.  Value index= 14, #Derivatives=0
 13) Octahedral, field, rectangular cartesian, #Components=1
   VonMises.  Value index= 15, #Derivatives=0
 14) PrincipalVector1, field, rectangular cartesian, #Components=3
   x.  Value index= 16, #Derivatives=0
   y.  Value index= 17, #Derivatives=0
   z.  Value index= 18, #Derivatives=0
 15) PrincipalVector2, field, rectangular cartesian, #Components=3
   x.  Value index= 19, #Derivatives=0
   y.  Value index= 20, #Derivatives=0
   z.  Value index= 21, #Derivatives=0
 16) PrincipalVector3, field, rectangular cartesian, #Components=3
   x.  Value index= 22, #Derivatives=0
   y.  Value index= 23, #Derivatives=0
   z.  Value index= 24, #Derivatives=0
 Node:          1
  0.1287E+03  0.1133E+03  0.4908E+03 -0.2751E-08
  -5.501E-9
  -1.439E-16
  -5.501E-9
  -4.797E-17
  -7.196E-17
  -5.501E-9
  -3.577495488e-02
  -3.577495488e-02
  -3.577495488e-02
  0.000000000e+00
  -3.577495488e-02
  0.000000000e+00
  7.364571816e-01 -1.916308943e-01 -2.466867209e-02
  2.412745257e-01 9.468051491e-01 -1.987804878e-01
  7.866243902e-02 1.849907859e-01 9.767200542e-01
 Node:          2
  0.1292E+03  0.1137E+03  0.5052E+03 -0.2751E-08
  -5.501E-9
  -1.919E-16
  -5.501E-9
  -9.595E-17
   3.358E-16
  -5.501E-9
  -3.577495488e-02
  -3.577495488e-02
  -3.577495488e-02
  0.000000000e+00
  -3.577495488e-02
  0.000000000e+00
  3.128997290e-01 -1.525349593e-01 -7.268915989e-02
  2.752208672e-01 4.733016260e-01 2.307807588e-01
  -7.637333333e-04 -4.598067751e-01 8.878317073e-01
 Node:          3
  0.1289E+03  0.1155E+03  0.5194E+03 -0.2751E-08
  -5.501E-9
   2.399E-16
  -5.501E-9
   1.919E-16
   9.595E-17
  -5.501E-9
  -3.577495488e-02
  -3.577495488e-02
  -3.577495488e-02
  0.000000000e+00
  -3.577495488e-02
  0.000000000e+00
  -3.992924119e-01 -8.742365854e-01 -2.735121951e-01
  4.855037940e-01 -4.557414634e-01 7.455753388e-01
  7.768934959e-01 -1.654636856e-01 -6.062444444e-01
 Node:          4
  0.1361E+03  0.1141E+03  0.4915E+03 -0.2751E-08
  -5.501E-9
  -4.797E-17
  -5.501E-9
  -4.797E-17
  -1.439E-16
  -5.501E-9
  -3.577495488e-02
  -3.577495488e-02
  -3.577495488e-02
  0.000000000e+00
  -3.577495488e-02
  0.000000000e+00
  -3.769487805e-02 -8.774636856e-02 9.952682927e-01
  -7.579119241e-01 6.750552846e-02 -2.127902439e-02
  -6.524693767e-02 -7.553018970e-01 -6.760170732e-02
 Node:          5
  0.1341E+03  0.1144E+03  0.5054E+03 -0.2751E-08
  -5.501E-9
   2.399E-16
  -5.501E-9
   9.595E-17
  -1.199E-16
  -5.501E-9
  -3.577495488e-02
  -3.577495488e-02
  -3.577495488e-02
  0.000000000e+00
  -3.577495488e-02
  0.000000000e+00
  1.039471816e-01 -1.751907859e-01 9.789186992e-01
  7.116978320e-01 7.003455285e-01 4.981065041e-02
  -6.944181572e-01 6.916850949e-01 1.977463415e-01
 Node:          6
  0.1323E+03  0.1162E+03  0.5191E+03 -0.2751E-08
  -5.501E-9
   9.595E-17
  -5.501E-9
  -9.595E-17
  -4.797E-17
  -5.501E-9
  -3.577495488e-02
  -3.577495488e-02
  -3.577495488e-02
  0.000000000e+00
  -3.577495488e-02
  0.000000000e+00
  -7.075444444e-01 -7.008165312e-01 8.734872629e-02
  2.376056911e-01 -2.641192412e-01 -2.499132791e-02
  7.844314363e-02 4.407598916e-02 9.955284553e-01
 Node:          7
  0.1408E+03  0.1171E+03  0.4920E+03 -0.2751E-08
  -5.501E-9
   3.838E-16
  -5.501E-9
  -1.439E-16
  -1.919E-16
  -5.501E-9
  -3.577495488e-02
  -3.577495488e-02
  -3.577495488e-02
  0.000000000e+00
  -3.577495488e-02
  0.000000000e+00
  6.683653117e-01 3.484634146e-01 -1.002897019e-01
  -4.786303523e-01 8.692000000e-01 -1.137950678e-01
  6.046021680e-02 1.614872629e-01 9.848536585e-01
 Node:          8
  0.1367E+03  0.1169E+03  0.5055E+03 -0.2751E-08
  -5.501E-9
   3.358E-16
  -5.501E-9
  -6.956E-16
  -4.078E-16
  -5.501E-9
  -3.577495488e-02
  -3.577495488e-02
  -3.577495488e-02
  0.000000000e+00
  -3.577495488e-02
  0.000000000e+00
  -3.935178862e-01 -5.861807588e-01 2.017924119e-01
  5.989154472e-01 -4.347411924e-01 -2.422951220e-02
  2.341374526e-01 5.585636856e-02 9.550336043e-01
 Node:          9
  0.1339E+03  0.1180E+03  0.5191E+03 -0.2751E-08
  -5.501E-9
   2.878E-16
  -5.501E-9
  -6.836E-16
  -4.797E-16
  -5.501E-9
  -3.577495488e-02
  -3.577495488e-02
  -3.577495488e-02
  0.000000000e+00
  -3.577495488e-02
  0.000000000e+00
  2.437528455e-01 2.008273713e-01 -3.698726287e-01
  7.101796748e-01 4.822140921e-02 1.127260163e-01
  -1.359970190e-01 6.090577236e-01 2.008542005e-01
 Node:         10
  0.1294E+03  0.1212E+03  0.4911E+03 -0.2751E-08
  -5.501E-9
   4.797E-17
  -5.501E-9
  -2.399E-17
   2.159E-16
  -5.501E-9
  -3.577495488e-02
  -3.577495488e-02
  -3.577495488e-02
  0.000000000e+00
  -3.577495488e-02
  0.000000000e+00
  2.394271003e-02 4.011065041e-01 4.413780488e-01
  1.450509214e-01 6.710953930e-01 -7.223130081e-01
  -3.464487805e-01 7.825736856e-02 -5.200360434e-02
 Node:         11
  0.1295E+03  0.1214E+03  0.5055E+03 -0.2751E-08
  -5.501E-9
  -4.797E-17
  -5.501E-9
  -7.196E-17
   2.399E-17
  -5.501E-9
  -3.577495488e-02
  -3.577495488e-02
  -3.577495488e-02
  0.000000000e+00
  -3.577495488e-02
  0.000000000e+00
  -2.038430894e-01 8.243626016e-02 6.931504065e-01
  -3.652818428e-01 3.275170732e-01 -1.461341463e-01
  5.224392954e-01 3.205338753e-01 9.035284553e-02
 Node:         12
  0.1295E+03  0.1217E+03  0.5196E+03 -0.2751E-08
  -5.501E-9
  -4.662E-41
  -5.501E-9
   1.319E-16
   4.797E-17
  -5.501E-9
  -3.577495488e-02
  -3.577495488e-02
  -3.577495488e-02
  0.000000000e+00
  -3.577495488e-02
  0.000000000e+00
  -2.443024390e-01 -8.470287805e-02 -9.655701897e-01
  -2.701894309e-01 6.943062331e-01 1.129804609e-02
  1.701116531e-01 1.305542005e-01 -5.795934959e-02
 Node:         13
  0.1361E+03  0.1199E+03  0.4914E+03 -0.2751E-08
  -5.501E-9
  -2.399E-16
  -5.501E-9
  -1.679E-16
   4.797E-17
  -5.501E-9
  -3.577495488e-02
  -3.577495488e-02
  -3.577495488e-02
  0.000000000e+00
  -3.577495488e-02
  0.000000000e+00
  6.993837398e-01 -2.855615176e-01 -9.595582656e-02
  3.727436314e-01 9.272921409e-01 -3.281230352e-02
  1.294766938e-01 -1.694915285e-02 9.913899729e-01
 Node:         14
  0.1342E+03  0.1198E+03  0.5054E+03 -0.2751E-08
  -5.501E-9
   4.797E-17
  -5.501E-9
   9.595E-17
  -1.559E-16
  -5.501E-9
  -3.577495488e-02
  -3.577495488e-02
  -3.577495488e-02
  0.000000000e+00
  -3.577495488e-02
  0.000000000e+00
  8.975718157e-02 -2.612308943e-01 9.606214092e-01
  -2.018811382e-01 -7.115753388e-01 -1.732585366e-01
  -7.293932249e-01 1.787357182e-01 1.149420596e-01
 Node:         15
  0.1330E+03  0.1205E+03  0.5193E+03 -0.2751E-08
  -5.501E-9
  -1.439E-16
  -5.501E-9
   2.399E-17
   8.395E-17
  -5.501E-9
  -3.577495488e-02
  -3.577495488e-02
  -3.577495488e-02
  0.000000000e+00
  -3.577495488e-02
  0.000000000e+00
  7.567436314e-01 -8.407574526e-02 5.433116531e-03
  -2.141726287e-02 -2.418929539e-01 -7.195081301e-01
  1.075648238e-01 9.419157182e-01 -3.108482385e-01
 Node:         16
  0.1404E+03  0.1188E+03  0.4918E+03 -0.2751E-08
  -5.501E-9
   9.595E-17
  -5.501E-9
  -1.439E-16
  -2.519E-16
  -5.501E-9
  -3.577495488e-02
  -3.577495488e-02
  -3.577495488e-02
  0.000000000e+00
  -3.577495488e-02
  0.000000000e+00
  -1.494542005e-01 -2.394978320e-01 9.591428184e-01
  -6.518726287e-01 -4.646696477e-01 -2.206181572e-01
  4.995772358e-01 -6.567897019e-01 -9.268130081e-02
 Node:         17
  0.1365E+03  0.1184E+03  0.5055E+03 -0.2751E-08
  -5.501E-9
   4.797E-17
  -5.501E-9
   1.679E-16
   2.938E-16
  -5.501E-9
  -3.577495488e-02
  -3.577495488e-02
  -3.577495488e-02
  0.000000000e+00
  -3.577495488e-02
  0.000000000e+00
  2.230127371e-01 3.626257453e-01 6.142230352e-01
  6.984617886e-01 -2.876485095e-01 -6.965347209e-02
  -2.553016260e-01 -7.885127371e-01 5.277433604e-01
 Node:         18
  0.1341E+03  0.1191E+03  0.5192E+03 -0.2751E-08
  -5.501E-9
  -6.198E-41
  -5.501E-9
   4.572E-17
   1.84E-16
  -5.501E-9
  -3.577495488e-02
  -3.577495488e-02
  -3.577495488e-02
  0.000000000e+00
  -3.577495488e-02
  0.000000000e+00
  2.087875339e-02 7.768449864e-02 8.226940379e-01
  7.922886179e-01 -1.672715447e-01 -5.079477994e-03
  -3.147845528e-01 -4.498886179e-01 4.807590786e-02
 Node:         19
  0.1301E+03  0.1291E+03  0.4914E+03  0.0000E+00
   4.934E-16
   0.0
   4.934E-16
   3.631E-19
   1.731E-17
  -9.869E-16
  4.936000000e-16
  4.934000000e-16
  -9.871000000e-16
  1.480600010e-15
  -3.333333333e-20
  6.979615383e-16
  -2.097000000e-02 -9.997000000e-01 -1.169000000e-02
  -9.998000000e-01 2.097000000e-02 -8.123000000e-17
  2.452000000e-04 1.169000000e-02 -9.999000000e-01
 Node:         20
  0.1299E+03  0.1291E+03  0.5058E+03  0.0000E+00
   9.869E-16
   0.0
   0.0
   1.799E-17
   3.326E-17
  -2.467E-16
  9.871000000e-16
  4.400000000e-18
  -2.514000000e-16
  1.132478516e-15
  2.467000000e-16
  5.338554923e-16
  -9.999000000e-01 -4.917000000e-04 -1.459000000e-02
  2.401000000e-03 -9.914000000e-01 -1.311000000e-01
  -1.440000000e-02 -1.312000000e-01 9.913000000e-01
 Node:         21
  0.1301E+03  0.1280E+03  0.5197E+03  0.0000E+00
   4.934E-16
   0.0
   0.0
   7.196E-17
   2.549E-17
   4.934E-16
  5.660000000e-16
  4.222000000e-16
  -1.341000000e-18
  5.108528306e-16
  3.289530000e-16
  2.408183338e-16
  -7.039000000e-01 -3.195000000e-02 -7.096000000e-01
  -7.102000000e-01 4.241000000e-02 7.027000000e-01
  -7.642000000e-03 -9.986000000e-01 5.255000000e-02
 Node:         22
  0.1360E+03  0.1256E+03  0.4913E+03  0.0000E+00
  -9.869E-16
   2.399E-17
  -4.934E-16
  -2.399E-17
   1.739E-16
   4.934E-16
  5.234000000e-16
  -5.215000000e-16
  -9.888000000e-16
  1.341069376e-15
  -3.289666667e-16
  6.321861663e-16
  -1.298000000e-02 1.683000000e-01 9.857000000e-01
  5.935000000e-02 9.841000000e-01 -1.672000000e-01
  -9.982000000e-01 5.633000000e-02 -2.276000000e-02
 Node:         23
  0.1343E+03  0.1253E+03  0.5054E+03  0.0000E+00
   0.0
   3.598E-17
  -1.974E-15
   0.0
   2.271E-16
  -7.401E-16
  6.796000000e-19
  -6.997000000e-16
  -2.015000000e-15
  1.772499637e-15
  -9.046734667e-16
  8.355643418e-16
  9.998000000e-01 1.889000000e-02 5.790000000e-03
  -9.011000000e-03 1.753000000e-01 9.845000000e-01
  1.758000000e-02 -9.843000000e-01 1.754000000e-01
 Node:         24
  0.1336E+03  0.1248E+03  0.5194E+03  0.0000E+00
  -9.869E-16
   2.099E-17
   0.0
   2.399E-17
   1.499E-18
  -7.401E-16
  4.516000000e-19
  -7.379000000e-16
  -9.896000000e-16
  8.912682385e-16
  -5.756828000e-16
  4.201478769e-16
  -2.132000000e-02 -9.998000000e-01 -2.714000000e-03
  9.549000000e-02 -4.739000000e-03 9.954000000e-01
  -9.952000000e-01 2.096000000e-02 9.557000000e-02
 Node:         25
  0.1400E+03  0.1206E+03  0.4917E+03  0.0000E+00
   0.0
   4.617E-16
  -4.934E-16
  -1.439E-16
  -2.249E-16
   9.869E-16
  1.067000000e-15
  2.050000000e-16
  -7.785000000e-16
  1.599404030e-15
  1.645000000e-16
  7.539662901e-16
  -2.161000000e-01 -2.016000000e-01 9.553000000e-01
  8.390000000e-01 4.621000000e-01 2.874000000e-01
  -4.994000000e-01 8.636000000e-01 6.929000000e-02
 Node:         26
  0.1363E+03  0.1200E+03  0.5055E+03  0.0000E+00
   9.869E-16
   1.859E-16
  -2.714E-15
   4.797E-17
  -1.943E-15
  -2.467E-16
  1.006000000e-15
  8.090000000e-16
  -3.789000000e-15
  4.699597749e-15
  -6.580000000e-16
  2.215411625e-15
  9.680000000e-01 1.526000000e-01 -1.995000000e-01
  2.481000000e-01 -4.578000000e-01 8.538000000e-01
  -3.892000000e-02 8.759000000e-01 4.809000000e-01
 Node:         27
  0.1343E+03  0.1203E+03  0.5192E+03  0.0000E+00
   9.869E-16
  -3.358E-16
   9.869E-16
  -1.799E-16
   2.27E-15
   0.0
  2.890000000e-15
  9.150000000e-16
  -1.831000000e-15
  4.106639867e-15
  6.580000000e-16
  1.935888599e-15
  -1.931000000e-01 7.658000000e-01 6.135000000e-01
  9.808000000e-01 1.345000000e-01 1.409000000e-01
  2.534000000e-02 6.289000000e-01 -7.771000000e-01
 Node:         28
  0.1155E+03  0.1124E+03  0.4931E+03 -0.1625E-07
  -3.251E-8
   6.596E-17
  -3.251E-8
  -9.595E-17
   9.595E-17
  -3.251E-8
  -2.137821747e-01
  -2.137821747e-01
  -2.137821747e-01
  0.000000000e+00
  -2.137821747e-01
  0.000000000e+00
  3.814615176e-02 9.390409214e-01 1.831978320e-01
  6.700761518e-02 2.279100271e-01 -6.716693767e-01
  -7.569243902e-01 5.175569106e-02 -5.019728997e-02
 Node:         29
  0.1119E+03  0.1139E+03  0.5068E+03 -0.1625E-07
  -3.251E-8
  -3.598E-17
  -3.251E-8
   9.595E-17
   1.199E-17
  -3.251E-8
  -2.137821747e-01
  -2.137821747e-01
  -2.137821747e-01
  0.000000000e+00
  -2.137821747e-01
  0.000000000e+00
  -4.358607046e-02 7.211268293e-01 -1.925624119e-02
  -6.134146341e-01 -1.790135501e-03 -1.404448509e-01
  -7.448075881e-02 1.597485095e-02 4.820731707e-01
 Node:         30
  0.1113E+03  0.1159E+03  0.5206E+03 -0.1625E-07
  -3.251E-8
   2.159E-16
  -3.251E-8
   4.508E-40
  -4.797E-17
  -3.251E-8
  -2.137821747e-01
  -2.137821747e-01
  -2.137821747e-01
  0.000000000e+00
  -2.137821747e-01
  0.000000000e+00
  2.048937669e-01 3.241720867e-01 -4.996078591e-02
  -5.645555556e-01 4.912257453e-01 9.867723577e-02
  3.461604336e-02 -8.528970190e-02 7.319021680e-01
 Node:         31
  0.1203E+03  0.1126E+03  0.4920E+03 -0.1625E-07
  -3.251E-8
   1.679E-16
  -3.251E-8
   4.797E-17
   7.196E-17
  -3.251E-8
  -2.137821747e-01
  -2.137821747e-01
  -2.137821747e-01
  0.000000000e+00
  -2.137821747e-01
  0.000000000e+00
  -3.893533875e-01 -3.420457995e-01 -4.082032520e-01
  2.871140921e-01 2.765772358e-02 -4.960726287e-01
  2.383620596e-01 -4.774149051e-01 3.206558266e-02
 Node:         32
  0.1188E+03  0.1134E+03  0.5062E+03 -0.1625E-07
  -3.251E-8
  -2.399E-17
  -3.251E-8
  -4.797E-17
   1.679E-16
  -3.251E-8
  -2.137821747e-01
  -2.137821747e-01
  -2.137821747e-01
  0.000000000e+00
  -2.137821747e-01
  0.000000000e+00
  6.326788618e-01 -3.302899729e-03 -2.403252033e-02
  3.251604336e-02 3.524780488e-01 7.939888889e-01
  -7.640559350e-03 -8.967089431e-01 4.306181572e-01
 Node:         33
  0.1183E+03  0.1150E+03  0.5201E+03 -0.1625E-07
  -3.251E-8
   9.595E-17
  -3.251E-8
   1.439E-16
  -6.011E-40
  -3.251E-8
  -2.137821747e-01
  -2.137821747e-01
  -2.137821747e-01
  0.000000000e+00
  -2.137821747e-01
  0.000000000e+00
  5.701035230e-01 6.321658537e-02 1.816747967e-01
  -5.285796116e-02 3.522864499e-01 -2.131972900e-01
  -1.850021680e-01 2.150875339e-01 5.047184282e-01
 Node:         34
  0.1255E+03  0.1129E+03  0.4909E+03 -0.1625E-07
  -3.251E-8
  -7.012E-40
  -3.251E-8
   9.595E-17
   1.679E-16
  -3.251E-8
  -2.137821747e-01
  -2.137821747e-01
  -2.137821747e-01
  0.000000000e+00
  -2.137821747e-01
  0.000000000e+00
  1.552577236e-01 -5.122222222e-03 1.644864499e-01
  4.800000000e-01 -7.415826558e-02 3.535489463e-02
  4.864986450e-02 -1.413154472e-01 5.011138211e-02
 Node:         35
  0.1260E+03  0.1135E+03  0.5054E+03 -0.1625E-07
  -3.251E-8
   1.919E-16
  -3.251E-8
   1.919E-16
   4.318E-16
  -3.251E-8
  -2.137821747e-01
  -2.137821747e-01
  -2.137821747e-01
  0.000000000e+00
  -2.137821747e-01
  0.000000000e+00
  5.373482385e-01 3.763189702e-01 3.740067751e-01
  -3.325601626e-01 3.038674797e-01 3.152785908e-01
  2.612287581e-02 -7.192113821e-01 6.877577236e-01
 Node:         36
  0.1257E+03  0.1153E+03  0.5196E+03 -0.1625E-07
  -3.251E-8
  -9.595E-17
  -3.251E-8
  -9.595E-17
   1.439E-16
  -3.251E-8
  -2.137821747e-01
  -2.137821747e-01
  -2.137821747e-01
  0.000000000e+00
  -2.137821747e-01
  0.000000000e+00
  -4.526154472e-01 5.871945799e-01 5.232121951e-01
  4.096747967e-01 1.420710027e-01 1.989291057e-01
  1.807626098e-02 -5.793891599e-01 5.230590786e-01
 Node:         37
  0.1132E+03  0.1210E+03  0.4959E+03 -0.1625E-07
  -3.251E-8
   2.399E-16
  -3.251E-8
  -1.439E-16
   3.118E-16
  -3.251E-8
  -2.137821747e-01
  -2.137821747e-01
  -2.137821747e-01
  0.000000000e+00
  -2.137821747e-01
  0.000000000e+00
  -3.541910569e-01 -5.390680217e-01 -2.614261789e-01
  4.289067751e-01 -1.348411924e-01 -2.372032520e-01
  2.345035230e-01 -3.981558266e-01 5.800650407e-01
 Node:         38
  0.1111E+03  0.1204E+03  0.5085E+03 -0.1625E-07
  -3.251E-8
   1.679E-16
  -3.251E-8
  -4.797E-17
  -1.439E-16
  -3.251E-8
  -2.137821747e-01
  -2.137821747e-01
  -2.137821747e-01
  0.000000000e+00
  -2.137821747e-01
  0.000000000e+00
  1.457791328e-01 7.396661247e-01 -1.036319783e-01
  7.410601626e-01 -1.472815718e-01 5.653929539e-04
  4.268224932e-02 1.276452575e-01 9.847807588e-01
 Node:         39
  0.1119E+03  0.1201E+03  0.5207E+03 -0.1625E-07
  -3.251E-8
  -1.679E-16
  -3.251E-8
  -1.439E-16
  -1.319E-16
  -3.251E-8
  -2.137821747e-01
  -2.137821747e-01
  -2.137821747e-01
  0.000000000e+00
  -2.137821747e-01
  0.000000000e+00
  7.100707317e-01 -4.135936043e-02 -2.665314363e-01
  3.387040650e-01 -2.287831978e-01 9.078856369e-01
  -9.870620596e-02 -7.338173442e-01 -1.572046070e-01
 Node:         40
  0.1191E+03  0.1220E+03  0.4937E+03 -0.1625E-07
  -3.251E-8
   1.439E-16
  -3.251E-8
   1.439E-16
  -2.399E-17
  -3.251E-8
  -2.137821747e-01
  -2.137821747e-01
  -2.137821747e-01
  0.000000000e+00
  -2.137821747e-01
  0.000000000e+00
  -3.530303523e-01 -5.368493225e-02 -5.090623306e-02
  6.452375068e-03 -2.779794038e-01 2.339834688e-01
  2.972276423e-02 -6.260596206e-02 -1.074834688e-01
 Node:         41
  0.1182E+03  0.1217E+03  0.5073E+03 -0.1625E-07
  -3.251E-8
  -4.797E-17
  -3.251E-8
   9.595E-17
   1.679E-16
  -3.251E-8
  -2.137821747e-01
  -2.137821747e-01
  -2.137821747e-01
  0.000000000e+00
  -2.137821747e-01
  0.000000000e+00
  -8.584254743e-02 -8.672856369e-02 -7.403715447e-01
  -3.338384824e-01 1.414051491e-01 5.658021680e-02
  1.795899729e-01 9.544298103e-01 -1.587269377e-01
 Node:         42
  0.1187E+03  0.1212E+03  0.5204E+03 -0.1625E-07
  -3.251E-8
  -9.595E-17
  -3.251E-8
   4.007E-40
   9.595E-17
  -3.251E-8
  -2.137821747e-01
  -2.137821747e-01
  -2.137821747e-01
  0.000000000e+00
  -2.137821747e-01
  0.000000000e+00
  -1.482739837e-02 4.319441734e-02 7.695720867e-01
  -3.457463415e-01 9.934308943e-02 -2.001338753e-02
  -1.008135501e-01 -7.430739837e-01 9.516214092e-02
 Node:         43
  0.1258E+03  0.1217E+03  0.4915E+03 -0.1625E-07
  -3.251E-8
   1.919E-16
  -3.251E-8
  -2.399E-17
   2.004E-40
  -3.251E-8
  -2.137821747e-01
  -2.137821747e-01
  -2.137821747e-01
  0.000000000e+00
  -2.137821747e-01
  0.000000000e+00
  6.958517615e-01 7.308346883e-02 -4.839986450e-02
  -3.728355014e-01 5.957826558e-01 -4.744341463e-02
  1.615105691e-02 -7.282292412e-02 9.878439024e-01
 Node:         44
  0.1259E+03  0.1220E+03  0.5059E+03 -0.1625E-07
  -3.251E-8
   2.399E-16
  -3.251E-8
   1.679E-16
   1.919E-16
  -3.251E-8
  -2.137821747e-01
  -2.137821747e-01
  -2.137821747e-01
  0.000000000e+00
  -2.137821747e-01
  0.000000000e+00
  -1.600829268e-01 -1.294750678e-01 -3.008644986e-01
  -5.716319783e-01 -4.541848238e-01 4.770653117e-01
  4.032967480e-01 -4.856230352e-01 3.514682927e-02
 Node:         45
  0.1261E+03  0.1221E+03  0.5198E+03 -0.1625E-07
  -3.251E-8
  -1.439E-16
  -3.251E-8
   4.797E-17
  -1.199E-17
  -3.251E-8
  -2.137821747e-01
  -2.137821747e-01
  -2.137821747e-01
  0.000000000e+00
  -2.137821747e-01
  0.000000000e+00
  7.427352304e-02 -3.734975610e-02 9.952032520e-01
  -7.498577236e-01 1.141612466e-01 6.363140921e-02
  -1.173815718e-01 -7.509157182e-01 -2.471926016e-02
 Node:         46
  0.1117E+03  0.1296E+03  0.4959E+03  0.0000E+00
  -2.467E-16
   4.797E-17
  -7.401E-16
   1.199E-17
  -4.497E-17
   0.0
  3.057000000e-18
  -2.423000000e-16
  -7.476000000e-16
  6.629532710e-16
  -3.289476667e-16
  3.125191690e-16
  3.676000000e-02 -5.800000000e-02 9.976000000e-01
  9.946000000e-01 9.864000000e-02 -3.092000000e-02
  -9.662000000e-02 9.934000000e-01 6.131000000e-02
 Node:         47
  0.1107E+03  0.1269E+03  0.5087E+03  0.0000E+00
  -7.401E-16
  -5.397E-17
   4.934E-16
  -4.797E-17
   6.896E-17
   0.0
  5.058000000e-16
  -7.273000000e-18
  -7.452000000e-16
  1.089215580e-15
  -8.222433333e-17
  5.134611487e-16
  -4.821000000e-02 9.891000000e-01 1.394000000e-01
  -5.424000000e-02 -1.420000000e-01 9.884000000e-01
  -9.974000000e-01 -4.009000000e-02 -6.049000000e-02
 Node:         48
  0.1125E+03  0.1242E+03  0.5208E+03  0.0000E+00
   4.934E-16
   5.997E-18
   4.934E-16
   0.0
  -2.998E-18
   4.934E-16
  5.001000000e-16
  4.934000000e-16
  4.867000000e-16
  1.160474041e-17
  4.934000000e-16
  5.470527092e-18
  -6.325000000e-01 -7.071000000e-01 3.162000000e-01
  4.472000000e-01 -2.276000000e-15 8.944000000e-01
  6.325000000e-01 -7.071000000e-01 -3.162000000e-01
 Node:         49
  0.1186E+03  0.1311E+03  0.4938E+03  0.0000E+00
  -7.401E-16
  -3.598E-17
   0.0
  -7.196E-17
  -1.049E-17
  -2.467E-16
  1.947000000e-18
  -2.366000000e-16
  -7.523000000e-16
  6.677348644e-16
  -3.289843333e-16
  3.147732338e-16
  4.561000000e-02 -9.985000000e-01 2.894000000e-02
  -1.430000000e-01 2.215000000e-02 9.895000000e-01
  -9.887000000e-01 -4.926000000e-02 -1.418000000e-01
 Node:         50
  0.1180E+03  0.1298E+03  0.5075E+03  0.0000E+00
   0.0
  -2.249E-17
   1.48E-15
  -7.196E-17
   2.155E-17
   9.869E-16
  1.482000000e-15
  9.910000000e-16
  -5.513000000e-18
  1.312785985e-15
  8.224956667e-16
  6.188532481e-16
  1.739000000e-02 -9.988000000e-01 -4.603000000e-02
  -7.128000000e-02 -4.716000000e-02 9.963000000e-01
  9.973000000e-01 1.405000000e-02 7.201000000e-02
 Node:         51
  0.1192E+03  0.1275E+03  0.5206E+03  0.0000E+00
   0.0
  -5.997E-18
  -2.467E-16
   0.0
   2.549E-17
   4.934E-16
  4.943000000e-16
  1.449000000e-19
  -2.477000000e-16
  6.542860068e-16
  8.224830000e-17
  3.084333815e-16
  -4.170000000e-04 3.438000000e-02 9.994000000e-01
  9.997000000e-01 -2.416000000e-02 1.248000000e-03
  2.418000000e-02 9.991000000e-01 -3.436000000e-02
 Node:         52
  0.1262E+03  0.1305E+03  0.4920E+03  0.0000E+00
   4.934E-16
  -2.399E-17
   4.934E-16
   2.249E-18
   8.48E-18
   0.0
  5.175000000e-16
  4.696000000e-16
  -1.600000000e-19
  4.954496661e-16
  3.289800000e-16
  2.335572124e-16
  -7.061000000e-01 7.080000000e-01 8.534000000e-03
  7.081000000e-01 7.060000000e-01 1.614000000e-02
  -5.403000000e-03 -1.744000000e-02 9.998000000e-01
 Node:         53
  0.1258E+03  0.1304E+03  0.5063E+03  0.0000E+00
  -7.401E-16
  -2.998E-18
  -4.934E-16
   4.797E-17
   5.847E-17
  -9.869E-16
  -4.866000000e-16
  -7.314000000e-16
  -1.002000000e-15
  4.465358664e-16
  -7.400000000e-16
  2.104990261e-16
  1.040000000e-02 9.931000000e-01 1.171000000e-01
  -9.836000000e-01 3.123000000e-02 -1.776000000e-01
  -1.800000000e-01 -1.133000000e-01 9.771000000e-01
 Node:         54
  0.1265E+03  0.1288E+03  0.5200E+03  0.0000E+00
  -9.869E-16
   3.598E-17
   4.934E-16
   0.0
  -7.496E-18
   4.934E-16
  5.014000000e-16
  4.864000000e-16
  -9.877000000e-16
  1.481656947e-15
  3.333333333e-20
  6.984597833e-16
  1.758000000e-02 7.272000000e-01 -6.862000000e-01
  1.675000000e-02 6.860000000e-01 7.274000000e-01
  -9.997000000e-01 2.428000000e-02 1.229000000e-04
 Node:         55
  0.1382E+03  0.1167E+03  0.4533E+03 -0.2009E-03
   0.003951
  -0.002498
   0.001226
   7.127E-4
   0.003878
   6.554E-4
  6.342807588e-03
  6.774086721e-03
  -5.817390244e-03
  1.195432459e-02
  2.433168022e-03
  5.635322655e-03
  -4.161937669e-01 4.624794038e-01 3.128815718e-01
  6.198626016e-01 2.089517344e-01 4.316636856e-01
  -3.438211382e-03 -5.832303523e-02 5.558211382e-02
 Node:         56
  0.1314E+03  0.1156E+03  0.4686E+03 -0.2009E-03
   0.003819
   0.001098
   5.048E-4
   0.004671
  -3.654E-5
  -3.185E-4
  1.879855827e-02
  -3.084992954e-03
  -1.099996098e-02
  2.692573196e-02
  1.571201445e-03
  1.269291177e-02
  -7.921376694e-01 1.544285474e-01 -1.294343360e-01
  1.726218157e-01 -5.652140921e-01 4.473947696e-01
  -2.808195122e-01 -6.621086721e-02 7.461323035e-01
 Node:         57
  0.1285E+03  0.1140E+03  0.4823E+03 -0.2009E-03
   0.005485
   0.001947
  -4.61E-4
   0.001503
  -0.001014
  -4.744E-4
  1.325131165e-02
  -4.554525745e-05
  -7.468699729e-03
  1.800577465e-02
  1.912355556e-03
  8.488003570e-03
  -9.079918699e-01 3.936772358e-02 2.299640867e-02
  1.542756856e-01 -2.212124661e-01 7.275214092e-01
  -1.338397019e-01 2.889173442e-01 5.467780650e-01
 Node:         58
  0.1480E+03  0.1173E+03  0.4540E+03 -0.2009E-03
   0.003946
  -0.006679
   0.002343
  -0.00111
   0.00321
  -1.292E-4
  1.577975068e-02
  -1.337671003e-04
  -8.189091057e-03
  2.113002894e-02
  2.485630840e-03
  9.960791169e-03
  -6.838750678e-01 6.702506775e-01 2.872837398e-01
  2.109528455e-01 1.539070461e-01 9.632682927e-02
  -4.174241192e-01 -6.766970190e-01 5.734292683e-01
 Node:         59
  0.1417E+03  0.1164E+03  0.4696E+03 -0.2009E-03
   0.003944
  -0.00468
   0.001631
   0.002609
   9.858E-4
  -7.408E-4
  1.304572900e-02
  -9.265056911e-04
  -8.360978320e-03
  1.913235527e-02
  1.252748329e-03
  9.019078767e-03
  -7.417466125e-01 5.713921409e-01 1.178206070e-01
  3.528785908e-01 5.665075881e-01 3.636078591e-01
  2.411886179e-01 2.005982114e-01 -2.852476965e-01
 Node:         60
  0.1375E+03  0.1149E+03  0.4832E+03 -0.2009E-03
   0.005539
  -3.209E-4
  -1.286E-4
   0.001655
  -5.705E-4
  -5.36E-4
  1.373289431e-02
  -2.146216531e-03
  -5.438283469e-03
  1.776625232e-02
  2.049464770e-03
  8.375091659e-03
  -8.632785908e-01 2.592630352e-01 6.180555556e-02
  7.255718157e-02 4.061544715e-01 -1.461635772e-01
  -6.038184282e-02 1.361918374e-01 6.878718157e-01
 Node:         61
  0.1551E+03  0.1213E+03  0.4546E+03 -0.2009E-03
   0.005106
  -0.006009
   8.817E-4
  -0.0055
   0.007465
  -0.002444
  3.561011924e-02
  -4.817508401e-03
  -2.404979469e-02
  5.228009388e-02
  2.247605384e-03
  2.464507260e-02
  -6.872276423e-01 5.799756098e-01 1.125827642e-01
  6.588769919e-01 4.283739837e-01 1.144479675e-01
  1.331337940e-01 6.427924119e-01 -1.118844444e-01
 Node:         62
  0.1491E+03  0.1198E+03  0.4705E+03 -0.2009E-03
   0.005768
  -0.0081
   0.001056
  -3.304E-4
   0.003156
  -0.002461
  1.540469919e-02
  -2.879127642e-03
  -1.312774797e-02
  2.475121746e-02
  -2.007254743e-04
  1.166783580e-02
  -7.498691057e-01 5.926685637e-01 2.627056911e-01
  -1.594159350e-01 -3.536268970e-01 -1.493517615e-01
  3.557181572e-03 -1.536574526e-01 3.610089729e-01
 Node:         63
  0.1436E+03  0.1181E+03  0.4839E+03 -0.2009E-03
   0.006166
  -0.002056
  -1.115E-4
   9.494E-4
  -8.813E-4
  -7.967E-4
  1.463041192e-02
  -2.266861789e-03
  -5.304259892e-03
  1.863746548e-02
  2.353096748e-03
  8.785785482e-03
  -8.289498645e-01 4.220951220e-01 1.019766829e-01
  3.835663957e-01 4.474065989e-01 2.100487805e-02
  -1.494415447e-01 5.217127371e-02 4.566818428e-01
 Node:         64
  0.1412E+03  0.1253E+03  0.4532E+03 -0.2009E-03
   0.004789
   0.003284
   0.001017
  -0.002957
   0.002099
  -6.379E-4
  1.736767480e-02
  1.532479133e-03
  -1.220563767e-02
  2.537133602e-02
  2.231505420e-03
  1.196016250e-02
  3.246140921e-01 4.184429268e-01 -1.471312580e-01
  -6.819691870e-02 4.165080488e-01 7.336466125e-01
  4.779907859e-01 -4.451002710e-02 4.198840488e-01
 Node:         65
  0.1340E+03  0.1229E+03  0.4686E+03 -0.2009E-03
   0.004875
   0.001708
   8.76E-4
  -5.858E-4
   7.301E-4
  -5.87E-4
  1.129954472e-02
  1.334220596e-03
  -6.831785366e-03
  1.536241730e-02
  1.933993315e-03
  7.241912964e-03
  -8.628032520e-01 8.726685637e-02 1.162710840e-01
  1.170398699e-01 -3.557010840e-01 1.886232520e-01
  1.778688889e-01 5.753482385e-01 -4.286699187e-01
 Node:         66
  0.1299E+03  0.1214E+03  0.4825E+03 -0.2009E-03
   0.005826
   2.656E-4
  -2.066E-4
   6.576E-4
  -4.659E-4
  -4.574E-4
  1.207160434e-02
  -7.078622222e-04
  -4.365564770e-03
  1.484133536e-02
  2.332725781e-03
  6.996272583e-03
  -9.145859079e-01 2.059371382e-01 5.611070461e-02
  1.279451491e-01 -3.527356369e-01 7.632195122e-01
  1.597960396e-01 6.475907859e-01 4.451373442e-01
 Node:         67
  0.1498E+03  0.1240E+03  0.4539E+03 -0.2009E-03
   0.004711
  -0.003398
   8.105E-4
  -0.00252
   0.001165
  -2.136E-4
  1.194510569e-02
  -2.455620054e-03
  -3.987798916e-03
  1.524770139e-02
  1.833895574e-03
  7.187835367e-03
  -7.678867209e-01 5.674035230e-01 2.470002981e-01
  -2.405657995e-01 -3.723324932e-01 -9.106964770e-02
  -4.026151762e-02 -1.820178862e-01 4.897672087e-01
 Node:         68
  0.1431E+03  0.1222E+03  0.4695E+03 -0.2009E-03
   0.004892
  -0.0058
   9.434E-4
  -0.001054
   0.001553
  -3.155E-4
  1.064418428e-02
  -5.534262873e-04
  -7.050712737e-03
  1.527307245e-02
  1.013348419e-03
  7.199795400e-03
  -7.631468835e-01 5.808260163e-01 2.610260163e-01
  1.568009642e-01 -1.779473496e-01 9.012306233e-01
  6.036425474e-01 7.161569106e-01 3.229969377e-02
 Node:         69
  0.1379E+03  0.1205E+03  0.4831E+03 -0.2009E-03
   0.005843
  -0.00162
  -3.762E-5
   3.449E-4
   2.168E-4
  -4.239E-4
  1.213097561e-02
  -2.201493442e-03
  -2.896364607e-03
  1.469332751e-02
  2.344372520e-03
  6.926501015e-03
  -8.724411924e-01 3.615230352e-01 1.555266667e-01
  1.735509214e-01 2.251351762e-01 7.990016260e-01
  8.805663957e-02 -2.141796748e-01 5.130697832e-01
 Node:         70
  0.1554E+03  0.1233E+03  0.4546E+03 -0.2009E-03
   0.005041
  -0.004078
  -5.167E-4
  -0.00474
   0.003358
   0.001061
  1.827962060e-02
  -4.685890244e-03
  -7.359854743e-03
  2.440912720e-02
  2.077958537e-03
  1.150657291e-02
  -7.225135501e-01 5.037303523e-01 4.530504065e-01
  4.598886179e-01 3.817008130e-01 2.502577236e-01
  -1.803351220e-01 -4.878408943e-01 7.023197832e-02
 Node:         71
  0.1492E+03  0.1217E+03  0.4704E+03 -0.2009E-03
   0.005341
  -0.008907
   3.48E-4
  -0.004266
   0.004618
   1.172E-4
  1.791865583e-02
  -1.927457615e-03
  -1.544627100e-02
  2.786818645e-02
  1.816424029e-04
  1.313718908e-02
  -7.174382114e-01 5.269084011e-01 4.486861789e-01
  -2.781950407e-01 -3.249370461e-01 -2.029794038e-01
  -2.402547425e-02 -4.158390244e-01 4.171959350e-01
 Node:         72
  0.1435E+03  0.1199E+03  0.4838E+03 -0.2009E-03
   0.005955
  -0.003083
  -7.544E-5
  -4.233E-4
   8.806E-4
  -3.829E-4
  1.330422764e-02
  -9.413734959e-04
  -5.545483469e-03
  1.688346928e-02
  2.272456893e-03
  7.958943743e-03
  -8.376647696e-01 4.163311653e-01 2.679579946e-01
  1.362560976e-01 -1.266432791e-01 8.655067751e-01
  1.476344173e-01 -2.511086721e-01 5.295379404e-01
 Node:         73
  0.1443E+03  0.1339E+03  0.4531E+03  0.0000E+00
   0.006749
  -0.002078
  -0.001084
   0.0013
  -0.001167
   0.001033
  1.618293496e-02
  2.121200000e-03
  -5.248833062e-03
  1.884704012e-02
  4.351767299e-03
  8.884579915e-03
  -8.848791328e-01 1.975853659e-01 2.848539837e-02
  3.282156070e-01 3.991283740e-01 -2.663788618e-01
  1.617854201e-01 1.522176152e-01 4.128842818e-01
 Node:         74
  0.1366E+03  0.1303E+03  0.4687E+03  0.0000E+00
   0.00731
  -0.003264
  -6.306E-4
   6.624E-5
  -0.002288
   5.528E-4
  2.099370732e-02
  3.992972114e-03
  -1.075635772e-02
  2.687360181e-02
  4.743440569e-03
  1.266833738e-02
  -8.776100271e-01 -3.188330623e-02 -1.741035230e-01
  -1.947893767e-01 -6.052365312e-02 5.664108401e-01
  -7.287590786e-02 8.272287263e-01 2.149539837e-01
 Node:         75
  0.1313E+03  0.1288E+03  0.4827E+03  0.0000E+00
   0.006671
  -0.001386
  -1.046E-4
  -9.094E-4
  -4.67E-4
   2.41E-5
  1.543733062e-02
  9.111425060e-04
  -3.056509756e-03
  1.678432785e-02
  4.430654458e-03
  7.912208025e-03
  -9.337517615e-01 -9.405241192e-02 -2.747281843e-03
  -6.769081030e-02 -3.633182385e-01 8.250344173e-01
  -8.270482385e-02 8.121758808e-01 3.514147154e-01
 Node:         76
  0.1516E+03  0.1307E+03  0.4538E+03  0.0000E+00
   0.006821
  -0.002703
  -0.001606
   1.363E-4
   0.003059
   0.001708
  1.509599187e-02
  6.596094038e-03
  -8.061067751e-03
  2.022090654e-02
  4.543672719e-03
  9.532226755e-03
  -3.905701897e-01 9.369300813e-02 1.941409214e-01
  2.631188699e-01 1.198957182e-01 7.405897019e-01
  4.173322493e-02 -2.089403794e-02 3.438010840e-02
 Node:         77
  0.1445E+03  0.1280E+03  0.4695E+03  0.0000E+00
   0.007783
  -0.001328
  -8.68E-4
  -0.001192
   0.002072
   6.777E-4
  1.764100271e-02
  2.296358455e-03
  -6.651047154e-03
  2.127325321e-02
  4.428771337e-03
  1.002830774e-02
  -9.087070461e-01 -1.279868564e-01 9.927588076e-04
  8.210209214e-02 2.670657453e-01 7.715710027e-01
  -2.452252927e-01 -1.128119241e-01 2.977229539e-01
 Node:         78
  0.1384E+03  0.1261E+03  0.4830E+03  0.0000E+00
   0.006959
  -2.234E-4
  -8.514E-5
  -9.75E-4
  -1.842E-4
   6.886E-6
  1.520838482e-02
  -4.403262873e-05
  -1.528217615e-03
  1.613690624e-02
  4.545378193e-03
  7.607010554e-03
  -9.302379404e-01 -1.994770298e-01 -9.803715447e-03
  -2.762051491e-02 -3.171382168e-01 6.113224932e-01
  -1.702052304e-01 7.810642276e-01 4.183524309e-01
 Node:         79
  0.1556E+03  0.1254E+03  0.4545E+03  0.0000E+00
   0.006909
   0.005634
   0.001208
   0.002871
   2.053E-4
  -0.003584
  3.289324390e-02
  -4.298146341e-03
  -1.197740921e-02
  4.155467199e-02
  5.539229449e-03
  1.958906024e-02
  -5.296582656e-01 -3.269099946e-01 -8.706425745e-02
  1.424369919e-01 -4.004257453e-01 1.242352304e-01
  2.305352304e-01 7.259241192e-02 3.328447154e-01
 Node:         80
  0.1494E+03  0.1237E+03  0.4704E+03  0.0000E+00
   0.007887
   0.005131
   6.62E-4
  -1.287E-4
  -8.225E-4
  -0.003047
  1.906491599e-02
  -2.271480217e-03
  -7.911452575e-03
  2.445295738e-02
  2.960661066e-03
  1.152723465e-02
  -8.779715447e-01 -3.759940379e-01 -1.775720186e-01
  -1.759916531e-01 9.849116531e-02 3.394295393e-01
  -2.839257453e-02 -2.047560976e-01 2.603091599e-01
 Node:         81
  0.1433E+03  0.1217E+03  0.4837E+03  0.0000E+00
   0.007021
   9.894E-4
   4.722E-5
  -9.394E-4
  -2.119E-4
  -4.298E-4
  1.561447154e-02
  -1.893508672e-04
  -2.513650949e-03
  1.707361070e-02
  4.303823243e-03
  8.048577271e-03
  -9.104994580e-01 -2.256246612e-01 -1.405238211e-01
  -4.067312585e-02 1.844027100e-01 1.318104878e-01
  -1.944056201e-01 2.954714363e-01 7.626300813e-01
 Node:         82
  0.1267E+03  0.1148E+03  0.4562E+03 -0.3207E-02
  -7.489E-4
  -4.471E-4
  -0.00583
   0.001288
   0.003238
  -0.006289
  -3.980189702e-03
  -6.105558266e-03
  -2.344437751e-02
  1.790164306e-02
  -1.117670849e-02
  8.438915470e-03
  2.029176152e-01 2.595803089e-01 2.025944715e-01
  1.192963957e-01 -4.225917073e-01 1.228157182e-01
  2.262208672e-01 4.766715447e-01 -1.778917073e-01
 Node:         83
  0.1234E+03  0.1129E+03  0.4719E+03 -0.3207E-02
  -9.633E-4
   8.621E-4
  -0.006126
   0.006754
   0.001417
  -0.007061
  1.037256369e-02
  -1.713828455e-02
  -2.888569160e-02
  3.492595439e-02
  -1.188380416e-02
  1.646425279e-02
  2.756059621e-01 2.737469079e-01 5.155276423e-01
  -5.307195122e-02 2.344140921e-01 3.276969106e-01
  -1.741382114e-02 1.813349593e-01 6.177135501e-01
 Node:         84
  0.1187E+03  0.1123E+03  0.4849E+03 -0.3207E-02
  -1.481E-4
   2.331E-4
  -0.006393
   0.002478
  -1.09E-4
  -0.007007
  -1.567550136e-04
  -1.563695122e-02
  -1.887802710e-02
  1.730395790e-02
  -1.155724444e-02
  8.157163981e-03
  3.063406504e-01 6.193716531e-02 3.211902439e-01
  4.034842818e-02 5.093200000e-01 1.799840650e-01
  -2.703495935e-02 1.951294851e-01 6.513922493e-01
 Node:         85
  0.1302E+03  0.1161E+03  0.4550E+03 -0.3207E-02
  -9.58E-4
  -2.643E-4
  -0.005703
   0.001544
   0.004968
  -0.005965
  -3.467321409e-04
  -5.227100000e-03
  -2.646068835e-02
  2.420267310e-02
  -1.067817350e-02
  1.140924951e-02
  1.655466125e-01 4.504642276e-01 3.440933604e-01
  -3.976764011e-01 2.599214092e-01 6.616525745e-01
  1.234257453e-01 -1.263739837e-01 5.226683469e-01
 Node:         86
  0.1252E+03  0.1138E+03  0.4702E+03 -0.3207E-02
  -7.401E-4
   0.003544
  -0.00516
   0.013
   0.005591
  -0.006713
  4.176645257e-02
  -2.019736314e-02
  -4.321728238e-02
  7.646432484e-02
  -7.216064318e-03
  3.604562841e-02
  3.655883469e-01 4.872303523e-01 7.080168022e-01
  -3.466925745e-01 2.695617886e-01 1.129178152e-01
  -1.160647696e-01 1.215745257e-03 7.743840108e-01
 Node:         87
  0.1217E+03  0.1126E+03  0.4834E+03 -0.3207E-02
  -2.795E-4
   1.371E-4
  -0.006362
   0.003217
  -5.017E-4
  -0.00696
  1.139940379e-03
  -1.537401897e-02
  -2.061962873e-02
  1.960219478e-02
  -1.161790244e-02
  9.240563237e-03
  3.048173442e-01 3.566527642e-02 3.984117615e-01
  9.099864499e-03 2.096054201e-01 -2.132804878e-01
  -4.193550136e-02 1.000965691e-01 9.550254743e-01
 Node:         88
  0.1338E+03  0.1169E+03  0.4534E+03 -0.3207E-02
  -0.001581
  -0.001712
  -0.005838
   0.001493
   0.006308
  -0.005437
  -7.106878049e-04
  -4.926485637e-03
  -2.721376152e-02
  2.518303083e-02
  -1.095031165e-02
  1.187139458e-02
  -3.211633062e-01 6.120883469e-01 4.814815718e-01
  2.303815718e-02 5.038089431e-03 1.198957182e-01
  3.856802168e-02 -2.288672087e-02 1.100187263e-01
 Node:         89
  0.1270E+03  0.1150E+03  0.4686E+03 -0.3207E-02
  -0.001889
   0.001807
  -0.006057
   0.005889
   0.001755
  -0.006598
  9.744021680e-03
  -2.007363686e-02
  -2.760783252e-02
  3.407515906e-02
  -1.264581590e-02
  1.606318403e-02
  2.596607046e-01 3.750455827e-01 5.254515718e-01
  -1.776815935e-01 4.937466125e-01 3.525484553e-01
  -8.902899729e-02 1.495477236e-01 7.404785908e-01
 Node:         90
  0.1248E+03  0.1132E+03  0.4822E+03 -0.3207E-02
  -4.797E-4
   0.001952
  -0.006532
   0.001736
  -9.493E-4
  -0.006549
  -3.713967480e-04
  -1.404939566e-02
  -2.069356911e-02
  1.783764067e-02
  -1.170478717e-02
  8.408744452e-03
  3.234002710e-01 2.924364255e-01 2.425290786e-01
  9.161797832e-02 4.365501355e-01 -1.726574526e-01
  -1.109267751e-01 4.068482385e-01 5.714710027e-01
 Node:         91
  0.1259E+03  0.1262E+03  0.4551E+03 -0.3207E-02
  -8.94E-4
   0.005078
  -0.005102
  -5.728E-4
   0.005098
  -0.006366
  1.425946883e-02
  -1.222727859e-02
  -3.052534992e-02
  3.750758117e-02
  -9.497719892e-03
  1.768124333e-02
  -7.958108401e-01 -1.774490515e-01 -1.088371274e-01
  3.621875203e-01 -3.341221138e-01 -7.782815989e-02
  4.467013008e-01 -2.120533875e-01 5.287945799e-01
 Node:         92
  0.1209E+03  0.1233E+03  0.4726E+03 -0.3207E-02
  -0.00115
   0.001467
  -0.005584
   0.001739
   0.003788
  -0.00604
  3.020472629e-03
  -1.078742385e-02
  -2.445805637e-02
  2.362626303e-02
  -1.074166920e-02
  1.113752720e-02
  1.309349593e-01 4.847711653e-01 4.406606233e-01
  -3.260322547e-01 1.512964770e-01 6.346224932e-01
  1.969524390e-01 -9.539593496e-02 4.550382114e-01
 Node:         93
  0.1159E+03  0.1217E+03  0.4877E+03 -0.3207E-02
  -1.975E-4
  -4.002E-4
  -0.006342
   0.001352
   0.001154
  -0.006518
  -7.480007046e-04
  -1.277365854e-02
  -1.976896748e-02
  1.644976752e-02
  -1.109687557e-02
  7.754494776e-03
  4.517032520e-01 -7.384323577e-02 3.260515718e-01
  -7.894341463e-02 -3.777528455e-01 -6.287287263e-01
  -4.494407913e-02 3.808972900e-01 -6.845607046e-01
 Node:         94
  0.1313E+03  0.1264E+03  0.4542E+03 -0.3207E-02
  -0.001064
   0.00482
  -0.004979
  -0.002794
   0.004668
  -0.005849
  9.376962602e-03
  -4.766548238e-03
  -3.151306694e-02
  3.594869204e-02
  -8.967550858e-03
  1.694637595e-02
  5.053008130e-02 5.889956098e-01 1.479673984e-01
