 Group name: predicted_stress_L3A5
 #Fields=  16
 1) coordinates, coordinate, rectangular cartesian, #Components=3
   x.  Value index= 1, #Derivatives=0
   y.  Value index= 2, #Derivatives=0
   z.  Value index= 3, #Derivatives=0
 2) Tensor_1, field, rectangular cartesian, #Components=1
   Tensor_1.  Value index= 4, #Derivatives=0
 3) Tensor_2, field, rectangular cartesian, #Components=1
   Tensor_2.  Value index= 5, #Derivatives=0
 4) Tensor_3, field, rectangular cartesian, #Components=1
   Tensor_3.  Value index= 6, #Derivatives=0
 5) Tensor_4, field, rectangular cartesian, #Components=1
   Tensor_4.  Value index= 7, #Derivatives=0
 6) Tensor_5, field, rectangular cartesian, #Components=1
   Tensor_5.  Value index= 8, #Derivatives=0
 7) Tensor_6, field, rectangular cartesian, #Components=1
   Tensor_6.  Value index= 9, #Derivatives=0
 8) Principal_1, field, rectangular cartesian, #Components=1
   Principal_1.  Value index= 10, #Derivatives=0
 9) Principal_2, field, rectangular cartesian, #Components=1
   Principal_2.  Value index= 11, #Derivatives=0
 10) Principal_3, field, rectangular cartesian, #Components=1
   Principal_3.  Value index= 12, #Derivatives=0
 11) VonMises, field, rectangular cartesian, #Components=1
   VonMises.  Value index= 13, #Derivatives=0
 12) Hydrostatic, field, rectangular cartesian, #Components=1
   VonMises.  Value index= 14, #Derivatives=0
 13) Octahedral, field, rectangular cartesian, #Components=1
   VonMises.  Value index= 15, #Derivatives=0
 14) PrincipalVector1, field, rectangular cartesian, #Components=3
   x.  Value index= 16, #Derivatives=0
   y.  Value index= 17, #Derivatives=0
   z.  Value index= 18, #Derivatives=0
 15) PrincipalVector2, field, rectangular cartesian, #Components=3
   x.  Value index= 19, #Derivatives=0
   y.  Value index= 20, #Derivatives=0
   z.  Value index= 21, #Derivatives=0
 16) PrincipalVector3, field, rectangular cartesian, #Components=3
   x.  Value index= 22, #Derivatives=0
   y.  Value index= 23, #Derivatives=0
   z.  Value index= 24, #Derivatives=0
 Node:          1
  0.1287E+03  0.1133E+03  0.4908E+03 -0.1781E-04
  -3.561E-5
  -1.439E-16
  -3.561E-5
  -4.797E-17
  -7.196E-17
  -3.561E-5
  -4.425093295e-02
  -4.425093295e-02
  -4.425093295e-02
  0.000000000e+00
  -4.425093295e-02
  0.000000000e+00
  8.650510616e-01 -2.224334395e-01 -2.913498938e-02
  2.367868365e-01 9.446536093e-01 -2.100847134e-01
  8.128216561e-02 1.961333333e-01 9.735553079e-01
 Node:          2
  0.1292E+03  0.1137E+03  0.5052E+03 -0.1781E-04
  -3.561E-5
  -1.919E-16
  -3.561E-5
  -9.595E-17
   3.358E-16
  -3.561E-5
  -4.425093295e-02
  -4.425093295e-02
  -4.425093295e-02
  0.000000000e+00
  -4.425093295e-02
  0.000000000e+00
  3.436511677e-01 -1.693751592e-01 -8.018014862e-02
  2.345537155e-01 3.960296178e-01 1.894192144e-01
  -7.190945860e-04 -4.617173036e-01 8.868165605e-01
 Node:          3
  0.1289E+03  0.1155E+03  0.5194E+03 -0.1781E-04
  -3.561E-5
   2.399E-16
  -3.561E-5
   1.919E-16
   9.595E-17
  -3.561E-5
  -4.425093295e-02
  -4.425093295e-02
  -4.425093295e-02
  0.000000000e+00
  -4.425093295e-02
  0.000000000e+00
  -3.969776008e-01 -8.738885350e-01 -2.775582803e-01
  4.829979830e-01 -4.572496815e-01 7.462135881e-01
  7.794990446e-01 -1.628169851e-01 -6.034100849e-01
 Node:          4
  0.1361E+03  0.1141E+03  0.4915E+03 -0.1781E-04
  -3.561E-5
  -4.797E-17
  -3.561E-5
  -4.797E-17
  -1.439E-16
  -3.561E-5
  -4.425093295e-02
  -4.425093295e-02
  -4.425093295e-02
  0.000000000e+00
  -4.425093295e-02
  0.000000000e+00
  -3.645729299e-02 -8.502485138e-02 9.955000000e-01
  -8.896893843e-01 7.802101911e-02 -2.484624204e-02
  -7.541851380e-02 -8.867325902e-01 -7.772070064e-02
 Node:          5
  0.1341E+03  0.1144E+03  0.5054E+03 -0.1781E-04
  -3.561E-5
   2.399E-16
  -3.561E-5
   9.595E-17
  -1.199E-16
  -3.561E-5
  -4.425093295e-02
  -4.425093295e-02
  -4.425093295e-02
  0.000000000e+00
  -4.425093295e-02
  0.000000000e+00
  1.055942781e-01 -1.741868365e-01 9.788993631e-01
  7.100978769e-01 7.020031847e-01 4.838076433e-02
  -6.957638004e-01 6.901989384e-01 1.981378981e-01
 Node:          6
  0.1323E+03  0.1162E+03  0.5191E+03 -0.1781E-04
  -3.561E-5
   9.595E-17
  -3.561E-5
  -9.595E-17
  -4.797E-17
  -3.561E-5
  -4.425093295e-02
  -4.425093295e-02
  -4.425093295e-02
  0.000000000e+00
  -4.425093295e-02
  0.000000000e+00
  -7.057457537e-01 -7.026809979e-01 8.595446921e-02
  2.602837580e-01 -2.917938429e-01 -2.920109342e-02
  7.524110403e-02 4.527944798e-02 9.956541401e-01
 Node:          7
  0.1408E+03  0.1171E+03  0.4920E+03 -0.1781E-04
  -3.561E-5
   3.838E-16
  -3.561E-5
  -1.439E-16
  -1.919E-16
  -3.561E-5
  -4.425093295e-02
  -4.425093295e-02
  -4.425093295e-02
  0.000000000e+00
  -4.425093295e-02
  0.000000000e+00
  7.851638004e-01 4.074554140e-01 -1.181192144e-01
  -4.734348195e-01 8.717531847e-01 -1.144173673e-01
  6.214043524e-02 1.621061571e-01 9.846369427e-01
 Node:          8
  0.1367E+03  0.1169E+03  0.5055E+03 -0.1781E-04
  -3.561E-5
   3.358E-16
  -3.561E-5
  -6.956E-16
  -4.078E-16
  -3.561E-5
  -4.425093295e-02
  -4.425093295e-02
  -4.425093295e-02
  0.000000000e+00
  -4.425093295e-02
  0.000000000e+00
  -3.156226115e-01 -5.765020170e-01 1.792368365e-01
  5.901834395e-01 -3.554855626e-01 -1.102382166e-02
  2.239796391e-01 3.735520170e-02 9.556895966e-01
 Node:          9
  0.1339E+03  0.1180E+03  0.5191E+03 -0.1781E-04
  -3.561E-5
   2.878E-16
  -3.561E-5
  -6.836E-16
  -4.797E-16
  -3.561E-5
  -4.425093295e-02
  -4.425093295e-02
  -4.425093295e-02
  0.000000000e+00
  -4.425093295e-02
  0.000000000e+00
  2.868328025e-01 2.411069002e-01 -4.121908705e-01
  8.336429936e-01 5.223290870e-02 1.240178344e-01
  -1.238166030e-01 5.221140127e-01 2.229237792e-01
 Node:         10
  0.1294E+03  0.1212E+03  0.4911E+03 -0.1781E-04
  -3.561E-5
   4.797E-17
  -3.561E-5
  -2.399E-17
   2.159E-16
  -3.561E-5
  -4.425093295e-02
  -4.425093295e-02
  -4.425093295e-02
  0.000000000e+00
  -4.425093295e-02
  0.000000000e+00
  2.374733546e-02 3.266267516e-01 3.803936306e-01
  1.379845966e-01 6.646555202e-01 -7.285500000e-01
  -3.808114650e-01 9.005272081e-02 -5.932173036e-02
 Node:         11
  0.1295E+03  0.1214E+03  0.5055E+03 -0.1781E-04
  -3.561E-5
  -4.797E-17
  -3.561E-5
  -7.196E-17
   2.399E-17
  -3.561E-5
  -4.425093295e-02
  -4.425093295e-02
  -4.425093295e-02
  0.000000000e+00
  -4.425093295e-02
  0.000000000e+00
  -1.868630573e-01 7.488082803e-02 6.310646497e-01
  -4.193607219e-01 3.682942675e-01 -1.709117834e-01
  6.089602972e-01 3.690963907e-01 1.052939490e-01
 Node:         12
  0.1295E+03  0.1217E+03  0.5196E+03 -0.1781E-04
  -3.561E-5
  -3.018E-37
  -3.561E-5
   1.319E-16
   4.797E-17
  -3.561E-5
  -4.425093295e-02
  -4.425093295e-02
  -4.425093295e-02
  0.000000000e+00
  -4.425093295e-02
  0.000000000e+00
  -2.446242038e-01 -8.100927389e-02 -9.655561571e-01
  -3.120904459e-01 8.144868365e-01 1.546526420e-02
  -2.266973461e-01 7.902441614e-03 5.005987261e-02
 Node:         13
  0.1361E+03  0.1199E+03  0.4914E+03 -0.1781E-04
  -3.561E-5
  -2.399E-16
  -3.561E-5
  -1.679E-16
   4.797E-17
  -3.561E-5
  -4.425093295e-02
  -4.425093295e-02
  -4.425093295e-02
  0.000000000e+00
  -4.425093295e-02
  0.000000000e+00
  8.207047771e-01 -3.357530786e-01 -1.124027601e-01
  3.738674098e-01 9.267940552e-01 -3.365259023e-02
  1.294169851e-01 -1.619084650e-02 9.914123142e-01
 Node:         14
  0.1342E+03  0.1198E+03  0.5054E+03 -0.1781E-04
  -3.561E-5
   4.797E-17
  -3.561E-5
   9.595E-17
  -1.559E-16
  -3.561E-5
  -4.425093295e-02
  -4.425093295e-02
  -4.425093295e-02
  0.000000000e+00
  -4.425093295e-02
  0.000000000e+00
  8.720765393e-02 -2.643146497e-01 9.600615711e-01
  -2.417323567e-01 -8.337756900e-01 -2.068904459e-01
  -8.555381104e-01 2.143756476e-01 1.357446921e-01
 Node:         15
  0.1330E+03  0.1205E+03  0.5193E+03 -0.1781E-04
  -3.561E-5
  -1.439E-16
  -3.561E-5
   2.399E-17
   8.396E-17
  -3.561E-5
  -4.425093295e-02
  -4.425093295e-02
  -4.425093295e-02
  0.000000000e+00
  -4.425093295e-02
  0.000000000e+00
  8.883161359e-01 -9.796909766e-02 6.100488323e-03
  -2.470090234e-02 -2.797797240e-01 -8.467678344e-01
  1.062428450e-01 9.425230361e-01 -3.110048832e-01
 Node:         16
  0.1404E+03  0.1188E+03  0.4918E+03 -0.1781E-04
  -3.561E-5
   9.595E-17
  -3.561E-5
  -1.439E-16
  -2.519E-16
  -3.561E-5
  -4.425093295e-02
  -4.425093295e-02
  -4.425093295e-02
  0.000000000e+00
  -4.425093295e-02
  0.000000000e+00
  -1.493435244e-01 -2.420892781e-01 9.585177282e-01
  -7.293921444e-01 -4.836849257e-01 -2.372765393e-01
  5.217468153e-01 -7.337020170e-01 -1.079165605e-01
 Node:         17
  0.1365E+03  0.1184E+03  0.5055E+03 -0.1781E-04
  -3.561E-5
   4.797E-17
  -3.561E-5
   1.679E-16
   2.938E-16
  -3.561E-5
  -4.425093295e-02
  -4.425093295e-02
  -4.425093295e-02
  0.000000000e+00
  -4.425093295e-02
  0.000000000e+00
  2.646629512e-01 4.279307856e-01 7.183179406e-01
  8.186894904e-01 -3.400811040e-01 -8.229071168e-02
  -2.560168790e-01 -7.746616773e-01 5.432743100e-01
 Node:         18
  0.1341E+03  0.1191E+03  0.5192E+03 -0.1781E-04
  -3.561E-5
  -4.012E-37
  -3.561E-5
   4.573E-17
   1.84E-16
  -3.561E-5
  -4.425093295e-02
  -4.425093295e-02
  -4.425093295e-02
  0.000000000e+00
  -4.425093295e-02
  0.000000000e+00
  3.202572187e-02 1.044719214e-01 8.984543524e-01
  8.008331210e-01 -4.595700637e-02 -3.841129511e-02
  -3.779464968e-01 -5.065312102e-01 5.473110403e-02
 Node:         19
  0.1301E+03  0.1291E+03  0.4914E+03  0.0000E+00
   4.934E-16
   0.0
   4.934E-16
   3.631E-19
   1.731E-17
  -9.869E-16
  4.936000000e-16
  4.934000000e-16
  -9.871000000e-16
  1.480600010e-15
  -3.333333333e-20
  6.979615383e-16
  -2.097000000e-02 -9.997000000e-01 -1.169000000e-02
  -9.998000000e-01 2.097000000e-02 -8.123000000e-17
  2.452000000e-04 1.169000000e-02 -9.999000000e-01
 Node:         20
  0.1299E+03  0.1291E+03  0.5058E+03  0.0000E+00
   9.869E-16
   0.0
   0.0
   1.799E-17
   3.326E-17
  -2.467E-16
  9.871000000e-16
  4.400000000e-18
  -2.514000000e-16
  1.132478516e-15
  2.467000000e-16
  5.338554923e-16
  -9.999000000e-01 -4.917000000e-04 -1.459000000e-02
  2.401000000e-03 -9.914000000e-01 -1.311000000e-01
  -1.440000000e-02 -1.312000000e-01 9.913000000e-01
 Node:         21
  0.1301E+03  0.1280E+03  0.5197E+03  0.0000E+00
   4.934E-16
   0.0
   0.0
   7.196E-17
   2.549E-17
   4.934E-16
  5.660000000e-16
  4.222000000e-16
  -1.341000000e-18
  5.108528306e-16
  3.289530000e-16
  2.408183338e-16
  -7.039000000e-01 -3.195000000e-02 -7.096000000e-01
  -7.102000000e-01 4.241000000e-02 7.027000000e-01
  -7.642000000e-03 -9.986000000e-01 5.255000000e-02
 Node:         22
  0.1360E+03  0.1256E+03  0.4913E+03  0.0000E+00
  -9.869E-16
   2.399E-17
  -4.934E-16
  -2.399E-17
   1.739E-16
   4.934E-16
  5.234000000e-16
  -5.215000000e-16
  -9.888000000e-16
  1.341069376e-15
  -3.289666667e-16
  6.321861663e-16
  -1.298000000e-02 1.683000000e-01 9.857000000e-01
  5.935000000e-02 9.841000000e-01 -1.672000000e-01
  -9.982000000e-01 5.633000000e-02 -2.276000000e-02
 Node:         23
  0.1343E+03  0.1253E+03  0.5054E+03  0.0000E+00
   0.0
   3.598E-17
  -1.974E-15
   0.0
   2.271E-16
  -7.401E-16
  6.796000000e-19
  -6.997000000e-16
  -2.015000000e-15
  1.772499637e-15
  -9.046734667e-16
  8.355643418e-16
  9.998000000e-01 1.889000000e-02 5.790000000e-03
  -9.011000000e-03 1.753000000e-01 9.845000000e-01
  1.758000000e-02 -9.843000000e-01 1.754000000e-01
 Node:         24
  0.1336E+03  0.1248E+03  0.5194E+03  0.0000E+00
  -9.869E-16
   2.099E-17
   0.0
   2.399E-17
   1.499E-18
  -7.401E-16
  4.516000000e-19
  -7.379000000e-16
  -9.896000000e-16
  8.912682385e-16
  -5.756828000e-16
  4.201478769e-16
  -2.132000000e-02 -9.998000000e-01 -2.714000000e-03
  9.549000000e-02 -4.739000000e-03 9.954000000e-01
  -9.952000000e-01 2.096000000e-02 9.557000000e-02
 Node:         25
  0.1400E+03  0.1206E+03  0.4917E+03  0.0000E+00
   0.0
   4.617E-16
  -4.934E-16
  -1.439E-16
  -2.249E-16
   9.869E-16
  1.067000000e-15
  2.050000000e-16
  -7.785000000e-16
  1.599404030e-15
  1.645000000e-16
  7.539662901e-16
  -2.161000000e-01 -2.016000000e-01 9.553000000e-01
  8.390000000e-01 4.621000000e-01 2.874000000e-01
  -4.994000000e-01 8.636000000e-01 6.929000000e-02
 Node:         26
  0.1363E+03  0.1200E+03  0.5055E+03  0.0000E+00
   9.869E-16
   1.859E-16
  -2.714E-15
   4.797E-17
  -1.943E-15
  -2.467E-16
  1.006000000e-15
  8.090000000e-16
  -3.789000000e-15
  4.699597749e-15
  -6.580000000e-16
  2.215411625e-15
  9.680000000e-01 1.526000000e-01 -1.995000000e-01
  2.481000000e-01 -4.578000000e-01 8.538000000e-01
  -3.892000000e-02 8.759000000e-01 4.809000000e-01
 Node:         27
  0.1343E+03  0.1203E+03  0.5192E+03  0.0000E+00
   9.869E-16
  -3.358E-16
   9.869E-16
  -1.799E-16
   2.27E-15
   0.0
  2.890000000e-15
  9.150000000e-16
  -1.831000000e-15
  4.106639867e-15
  6.580000000e-16
  1.935888599e-15
  -1.931000000e-01 7.658000000e-01 6.135000000e-01
  9.808000000e-01 1.345000000e-01 1.409000000e-01
  2.534000000e-02 6.289000000e-01 -7.771000000e-01
 Node:         28
  0.1155E+03  0.1124E+03  0.4931E+03 -0.1052E-03
  -2.105E-4
   6.598E-17
  -2.105E-4
  -9.597E-17
   9.597E-17
  -2.105E-4
  -2.644704845e-01
  -2.644704845e-01
  -2.644704845e-01
  0.000000000e+00
  -2.644704845e-01
  0.000000000e+00
  4.151718684e-02 9.285077495e-01 1.839845011e-01
  6.580594480e-02 2.398402335e-01 -5.979809979e-01
  -8.882987261e-01 6.226213376e-02 -5.888279193e-02
 Node:         29
  0.1119E+03  0.1139E+03  0.5068E+03 -0.1052E-03
  -2.105E-4
  -3.599E-17
  -2.105E-4
   9.597E-17
   1.2E-17
  -2.105E-4
  -2.644704845e-01
  -2.644704845e-01
  -2.644704845e-01
  0.000000000e+00
  -2.644704845e-01
  0.000000000e+00
  -5.310186837e-02 6.547372611e-01 -6.031650531e-02
  -7.082480892e-01 1.735185775e-02 -1.754580149e-01
  -7.281985138e-02 5.164317410e-02 5.520178344e-01
 Node:         30
  0.1113E+03  0.1159E+03  0.5206E+03 -0.1052E-03
  -2.105E-4
   2.159E-16
  -2.105E-4
   2.918E-36
  -4.798E-17
  -2.105E-4
  -2.644704845e-01
  -2.644704845e-01
  -2.644704845e-01
  0.000000000e+00
  -2.644704845e-01
  0.000000000e+00
  2.228080679e-01 3.577906582e-01 -6.249935244e-02
  -5.304122081e-01 4.424995754e-01 1.504910828e-01
  6.457851380e-02 -1.300736730e-01 6.712355626e-01
 Node:         31
  0.1203E+03  0.1126E+03  0.4920E+03 -0.1052E-03
  -2.105E-4
   1.679E-16
  -2.105E-4
   4.798E-17
   7.198E-17
  -2.105E-4
  -2.644704845e-01
  -2.644704845e-01
  -2.644704845e-01
  0.000000000e+00
  -2.644704845e-01
  0.000000000e+00
  -3.050779193e-01 -3.213223992e-01 -3.834015924e-01
  3.303176221e-01 -8.266050955e-02 -5.282325902e-01
  2.741854565e-01 -5.917036093e-01 -7.739087049e-02
 Node:         32
  0.1188E+03  0.1134E+03  0.5062E+03 -0.1052E-03
  -2.105E-4
  -2.399E-17
  -2.105E-4
  -4.798E-17
   1.679E-16
  -2.105E-4
  -2.644704845e-01
  -2.644704845e-01
  -2.644704845e-01
  0.000000000e+00
  -2.644704845e-01
  0.000000000e+00
  7.346095541e-01 -3.514925690e-03 -2.662184713e-02
  2.821494692e-02 3.291076433e-01 7.710816348e-01
  -1.013670255e-02 -8.977286624e-01 4.257466030e-01
 Node:         33
  0.1183E+03  0.1150E+03  0.5201E+03 -0.1052E-03
  -2.105E-4
   9.597E-17
  -2.105E-4
   1.44E-16
  -3.891E-36
  -2.105E-4
  -2.644704845e-01
  -2.644704845e-01
  -2.644704845e-01
  0.000000000e+00
  -2.644704845e-01
  0.000000000e+00
  7.221959660e-01 1.075647134e-01 1.732815287e-01
  1.149595287e-02 5.749201699e-01 -4.039374735e-01
  -2.087740977e-01 2.166979830e-01 5.824358811e-01
 Node:         34
  0.1255E+03  0.1129E+03  0.4909E+03 -0.1052E-03
  -2.105E-4
  -4.54E-36
  -2.105E-4
   9.597E-17
   1.679E-16
  -2.105E-4
  -2.644704845e-01
  -2.644704845e-01
  -2.644704845e-01
  0.000000000e+00
  -2.644704845e-01
  0.000000000e+00
  2.550302548e-01 1.038715499e-01 3.305539278e-01
  -3.035732484e-02 2.652434183e-01 4.386153586e-02
  6.356029724e-02 -1.690646497e-01 5.526560510e-02
 Node:         35
  0.1260E+03  0.1135E+03  0.5054E+03 -0.1052E-03
  -2.105E-4
   1.919E-16
  -2.105E-4
   1.919E-16
   4.319E-16
  -2.105E-4
  -2.644704845e-01
  -2.644704845e-01
  -2.644704845e-01
  0.000000000e+00
  -2.644704845e-01
  0.000000000e+00
  6.287491507e-01 4.428469214e-01 4.399749469e-01
  -1.534964968e-01 1.717114650e-01 1.857451168e-01
  3.230554758e-02 -7.220506369e-01 6.832136943e-01
 Node:         36
  0.1257E+03  0.1153E+03  0.5196E+03 -0.1052E-03
  -2.105E-4
  -9.597E-17
  -2.105E-4
  -9.597E-17
   1.44E-16
  -2.105E-4
  -2.644704845e-01
  -2.644704845e-01
  -2.644704845e-01
  0.000000000e+00
  -2.644704845e-01
  0.000000000e+00
  -3.549617834e-01 6.260300425e-01 5.370910828e-01
  8.063608280e-01 2.074650743e-01 3.157339490e-01
  4.871422013e-02 -4.879916136e-01 3.802374735e-01
 Node:         37
  0.1132E+03  0.1210E+03  0.4959E+03 -0.1052E-03
  -2.105E-4
   2.399E-16
  -2.105E-4
  -1.44E-16
   3.119E-16
  -2.105E-4
  -2.644704845e-01
  -2.644704845e-01
  -2.644704845e-01
  0.000000000e+00
  -2.644704845e-01
  0.000000000e+00
  -3.931557325e-01 -5.715196391e-01 -2.551610828e-01
  5.029978769e-01 -1.509014225e-01 -3.839633758e-01
  2.849736730e-01 -4.352645435e-01 5.510938217e-01
 Node:         38
  0.1111E+03  0.1204E+03  0.5085E+03 -0.1052E-03
  -2.105E-4
   1.679E-16
  -2.105E-4
  -4.798E-17
  -1.44E-16
  -2.105E-4
  -2.644704845e-01
  -2.644704845e-01
  -2.644704845e-01
  0.000000000e+00
  -2.644704845e-01
  0.000000000e+00
  1.702042463e-01 8.685354565e-01 -1.202627813e-01
  8.697977707e-01 -1.716915074e-01 4.016985138e-03
  2.939186837e-02 1.273871550e-01 9.842790870e-01
 Node:         39
  0.1119E+03  0.1201E+03  0.5207E+03 -0.1052E-03
  -2.105E-4
  -1.679E-16
  -2.105E-4
  -1.44E-16
  -1.32E-16
  -2.105E-4
  -2.644704845e-01
  -2.644704845e-01
  -2.644704845e-01
  0.000000000e+00
  -2.644704845e-01
  0.000000000e+00
  8.351509554e-01 -4.580139915e-02 -3.071702760e-01
  3.296719745e-01 -2.436185775e-01 9.052153928e-01
  -1.135876539e-01 -8.581561571e-01 -1.934699575e-01
 Node:         40
  0.1191E+03  0.1220E+03  0.4937E+03 -0.1052E-03
  -2.105E-4
   1.44E-16
  -2.105E-4
   1.44E-16
  -2.399E-17
  -2.105E-4
  -2.644704845e-01
  -2.644704845e-01
  -2.644704845e-01
  0.000000000e+00
  -2.644704845e-01
  0.000000000e+00
  1.601814225e-01 8.970997877e-03 1.770902335e-02
  1.220015851e-02 7.817271762e-02 -1.436188960e-01
  -3.691496815e-02 2.176454352e-01 1.505437367e-01
 Node:         41
  0.1182E+03  0.1217E+03  0.5073E+03 -0.1052E-03
  -2.105E-4
  -4.798E-17
  -2.105E-4
   9.597E-17
   1.679E-16
  -2.105E-4
  -2.644704845e-01
  -2.644704845e-01
  -2.644704845e-01
  0.000000000e+00
  -2.644704845e-01
  0.000000000e+00
  -9.879118896e-02 -1.074174947e-01 -8.691872611e-01
  -3.662577495e-01 1.627294055e-01 6.510785563e-02
  1.687397028e-01 9.561473461e-01 -1.518687686e-01
 Node:         42
  0.1187E+03  0.1212E+03  0.5204E+03 -0.1052E-03
  -2.105E-4
  -9.597E-17
  -2.105E-4
   2.594E-36
   9.597E-17
  -2.105E-4
  -2.644704845e-01
  -2.644704845e-01
  -2.644704845e-01
  0.000000000e+00
  -2.644704845e-01
  0.000000000e+00
  -1.393318471e-02 6.862781316e-03 5.982457537e-01
  -3.799968153e-01 1.143076433e-01 -2.303209130e-02
  -1.159715499e-01 -8.686136943e-01 1.304516667e-01
 Node:         43
  0.1258E+03  0.1217E+03  0.4915E+03 -0.1052E-03
  -2.105E-4
   1.919E-16
  -2.105E-4
  -2.399E-17
   1.297E-36
  -2.105E-4
  -2.644704845e-01
  -2.644704845e-01
  -2.644704845e-01
  0.000000000e+00
  -2.644704845e-01
  0.000000000e+00
  8.151744161e-01 7.471581741e-02 -5.905723992e-02
  -3.844518047e-01 5.124960722e-01 -6.151735669e-02
  1.515761146e-02 -8.886265499e-02 9.849942675e-01
 Node:         44
  0.1259E+03  0.1220E+03  0.5059E+03 -0.1052E-03
  -2.105E-4
   2.399E-16
  -2.105E-4
   1.679E-16
   1.919E-16
  -2.105E-4
  -2.644704845e-01
  -2.644704845e-01
  -2.644704845e-01
  0.000000000e+00
  -2.644704845e-01
  0.000000000e+00
  -1.805964968e-01 -1.416128450e-01 -3.309026539e-01
  -5.598099788e-01 -4.239173036e-01 4.656087049e-01
  4.653592357e-01 -5.660195329e-01 4.206089172e-02
 Node:         45
  0.1261E+03  0.1221E+03  0.5198E+03 -0.1052E-03
  -2.105E-4
  -1.44E-16
  -2.105E-4
   4.798E-17
  -1.2E-17
  -2.105E-4
  -2.644704845e-01
  -2.644704845e-01
  -2.644704845e-01
  0.000000000e+00
  -2.644704845e-01
  0.000000000e+00
  7.621755839e-02 -4.270506369e-02 9.946640127e-01
  -8.801070064e-01 1.339243100e-01 7.544408705e-02
  -1.378262208e-01 -8.813771762e-01 -2.993842994e-02
 Node:         46
  0.1117E+03  0.1296E+03  0.4959E+03  0.0000E+00
  -2.467E-16
   4.797E-17
  -7.401E-16
   1.199E-17
  -4.497E-17
   0.0
  3.057000000e-18
  -2.423000000e-16
  -7.476000000e-16
  6.629532710e-16
  -3.289476667e-16
  3.125191690e-16
  3.676000000e-02 -5.800000000e-02 9.976000000e-01
  9.946000000e-01 9.864000000e-02 -3.092000000e-02
  -9.662000000e-02 9.934000000e-01 6.131000000e-02
 Node:         47
  0.1107E+03  0.1269E+03  0.5087E+03  0.0000E+00
  -7.401E-16
  -5.397E-17
   4.934E-16
  -4.797E-17
   6.896E-17
   0.0
  5.058000000e-16
  -7.273000000e-18
  -7.452000000e-16
  1.089215580e-15
  -8.222433333e-17
  5.134611487e-16
  -4.821000000e-02 9.891000000e-01 1.394000000e-01
  -5.424000000e-02 -1.420000000e-01 9.884000000e-01
  -9.974000000e-01 -4.009000000e-02 -6.049000000e-02
 Node:         48
  0.1125E+03  0.1242E+03  0.5208E+03  0.0000E+00
   4.934E-16
   5.997E-18
   4.934E-16
   0.0
  -2.998E-18
   4.934E-16
  5.001000000e-16
  4.934000000e-16
  4.867000000e-16
  1.160474041e-17
  4.934000000e-16
  5.470527092e-18
  -6.325000000e-01 -7.071000000e-01 3.162000000e-01
  4.472000000e-01 -2.276000000e-15 8.944000000e-01
  6.325000000e-01 -7.071000000e-01 -3.162000000e-01
 Node:         49
  0.1186E+03  0.1311E+03  0.4938E+03  0.0000E+00
  -7.401E-16
  -3.598E-17
   0.0
  -7.196E-17
  -1.049E-17
  -2.467E-16
  1.947000000e-18
  -2.366000000e-16
  -7.523000000e-16
  6.677348644e-16
  -3.289843333e-16
  3.147732338e-16
  4.561000000e-02 -9.985000000e-01 2.894000000e-02
  -1.430000000e-01 2.215000000e-02 9.895000000e-01
  -9.887000000e-01 -4.926000000e-02 -1.418000000e-01
 Node:         50
  0.1180E+03  0.1298E+03  0.5075E+03  0.0000E+00
   0.0
  -2.249E-17
   1.48E-15
  -7.196E-17
   2.155E-17
   9.869E-16
  1.482000000e-15
  9.910000000e-16
  -5.513000000e-18
  1.312785985e-15
  8.224956667e-16
  6.188532481e-16
  1.739000000e-02 -9.988000000e-01 -4.603000000e-02
  -7.128000000e-02 -4.716000000e-02 9.963000000e-01
  9.973000000e-01 1.405000000e-02 7.201000000e-02
 Node:         51
  0.1192E+03  0.1275E+03  0.5206E+03  0.0000E+00
   0.0
  -5.997E-18
  -2.467E-16
   0.0
   2.549E-17
   4.934E-16
  4.943000000e-16
  1.449000000e-19
  -2.477000000e-16
  6.542860068e-16
  8.224830000e-17
  3.084333815e-16
  -4.170000000e-04 3.438000000e-02 9.994000000e-01
  9.997000000e-01 -2.416000000e-02 1.248000000e-03
  2.418000000e-02 9.991000000e-01 -3.436000000e-02
 Node:         52
  0.1262E+03  0.1305E+03  0.4920E+03  0.0000E+00
   4.934E-16
  -2.399E-17
   4.934E-16
   2.249E-18
   8.48E-18
   0.0
  5.175000000e-16
  4.696000000e-16
  -1.600000000e-19
  4.954496661e-16
  3.289800000e-16
  2.335572124e-16
  -7.061000000e-01 7.080000000e-01 8.534000000e-03
  7.081000000e-01 7.060000000e-01 1.614000000e-02
  -5.403000000e-03 -1.744000000e-02 9.998000000e-01
 Node:         53
  0.1258E+03  0.1304E+03  0.5063E+03  0.0000E+00
  -7.401E-16
  -2.998E-18
  -4.934E-16
   4.797E-17
   5.847E-17
  -9.869E-16
  -4.866000000e-16
  -7.314000000e-16
  -1.002000000e-15
  4.465358664e-16
  -7.400000000e-16
  2.104990261e-16
  1.040000000e-02 9.931000000e-01 1.171000000e-01
  -9.836000000e-01 3.123000000e-02 -1.776000000e-01
  -1.800000000e-01 -1.133000000e-01 9.771000000e-01
 Node:         54
  0.1265E+03  0.1288E+03  0.5200E+03  0.0000E+00
  -9.869E-16
   3.598E-17
   4.934E-16
   0.0
  -7.496E-18
   4.934E-16
  5.014000000e-16
  4.864000000e-16
  -9.877000000e-16
  1.481656947e-15
  3.333333333e-20
  6.984597833e-16
  1.758000000e-02 7.272000000e-01 -6.862000000e-01
  1.675000000e-02 6.860000000e-01 7.274000000e-01
  -9.997000000e-01 2.428000000e-02 1.229000000e-04
 Node:         55
  0.1383E+03  0.1168E+03  0.4544E+03 -0.1415E-02
   0.0708
  -0.02538
   0.02136
   0.009183
   0.05568
   0.01207
  8.728351380e-02
  4.803568684e-02
  -4.055342675e-02
  1.137636232e-01
  3.158859130e-02
  5.362868629e-02
  -2.761848195e-01 4.073225053e-01 2.904523355e-01
  5.934280255e-01 1.173938004e-01 2.880940552e-01
  -6.641496815e-02 -2.143797240e-01 2.376869427e-01
 Node:         56
  0.1314E+03  0.1156E+03  0.4694E+03 -0.1415E-02
   0.07004
   0.008958
   0.008642
   0.04923
   1.821E-4
  -0.001638
  7.243029193e-02
  1.842562633e-02
  -1.888554268e-02
  7.907967485e-02
  2.399012519e-02
  3.727851623e-02
  -9.329682590e-01 -7.641949257e-02 -5.029596285e-01
  3.090781316e-02 7.940371550e-02 2.522671868e-01
  -2.546891720e-01 1.878673355e-01 -1.164454352e-02
 Node:         57
  0.1285E+03  0.1140E+03  0.4824E+03 -0.1415E-02
   0.09068
   0.01971
  -0.003349
   0.0155
  -0.01071
  -0.003589
  8.034915074e-02
  9.437973992e-03
  -1.029926582e-02
  8.274985845e-02
  2.649595297e-02
  3.900865737e-02
  -1.031421975e+00 -2.846414968e-01 -2.191086399e-01
  -1.617097091e-02 -6.761376858e-01 6.554478769e-01
  -3.349979724e-01 6.199622081e-01 8.365810318e-01
 Node:         58
  0.1489E+03  0.1178E+03  0.4541E+03 -0.1415E-02
   0.06656
  -0.09291
   0.04506
  -0.0121
   0.04673
   0.001274
  1.558217622e-01
  5.315651168e-03
  -4.388651720e-02
  1.800697794e-01
  3.908363206e-02
  8.488570806e-02
  -6.809848195e-01 6.839739915e-01 2.617678344e-01
  3.868990446e-01 1.470174098e-01 6.117910828e-01
  -5.291795117e-01 -7.121679406e-01 4.917929936e-01
 Node:         59
  0.1422E+03  0.1167E+03  0.4699E+03 -0.1415E-02
   0.06925
  -0.07399
   0.02724
   0.02045
   0.01772
  -0.006515
  1.203198620e-01
  1.031050478e-02
  -3.692631953e-02
  1.397022311e-01
  3.123468241e-02
  6.585626333e-02
  -7.818131635e-01 6.297268577e-01 -1.647975584e-02
  1.053314225e-01 5.666157113e-02 4.729855626e-01
  1.572611465e-03 -2.892183439e-01 2.191876858e-01
 Node:         60
  0.1375E+03  0.1150E+03  0.4833E+03 -0.1415E-02
   0.09161
  -0.009134
   7.299E-4
   0.01515
  -0.004182
  -0.004188
  7.861901274e-02
  6.568745117e-03
  -2.839228238e-03
  7.728030464e-02
  2.744950987e-02
  3.643028498e-02
  -1.021159766e+00 1.075868577e-01 -1.827566773e-01
  2.962854565e-01 1.122030255e+00 1.406271975e-01
  -3.194597665e-01 -2.657660255e-01 8.653905520e-01
 Node:         61
  0.1560E+03  0.1224E+03  0.4532E+03 -0.1415E-02
   0.08078
  -0.09875
   0.0259
  -0.07319
   0.09977
  -0.02779
  2.111903397e-01
  -2.282339342e-02
  -6.886212735e-02
  2.600244357e-01
  3.983493965e-02
  1.225766945e-01
  -7.463289809e-01 5.884171975e-01 5.457091720e-01
  5.973955096e-01 4.224818471e-01 7.538101911e-01
  -5.068026539e-02 -3.366208068e-01 9.194061571e-02
 Node:         62
  0.1497E+03  0.1205E+03  0.4699E+03 -0.1415E-02
   0.09437
  -0.1392
   0.02297
  -0.02365
   0.05114
  -0.02718
  2.316373885e-01
  -1.867367611e-02
  -7.925798726e-02
  2.854084897e-01
  4.456857505e-02
  1.345428523e-01
  -7.915328025e-01 6.008415074e-01 1.566117834e-01
  7.888853503e-03 -2.606343418e-02 1.125357749e-01
  4.794883227e-02 1.002042463e-01 2.258420913e-02
 Node:         63
  0.1437E+03  0.1181E+03  0.4838E+03 -0.1415E-02
   0.1003
  -0.0342
   0.001971
   0.004692
  -0.003897
  -0.007092
  9.939642251e-02
  2.935868153e-03
  -9.624834289e-03
  1.034395281e-01
  3.090248546e-02
  4.876186119e-02
  -9.786453291e-01 3.077372611e-01 -7.410287898e-02
  1.387151805e-01 3.511766295e-01 -1.345792994e-01
  8.360207006e-02 2.986957537e-01 2.544269639e-01
 Node:         64
  0.1416E+03  0.1252E+03  0.4525E+03 -0.1415E-02
   0.07696
   0.02939
   0.01929
  -0.03698
   0.02737
  -0.005946
  7.385187898e-02
  3.788180361e-02
  -2.634714724e-02
  8.814977675e-02
  2.846217845e-02
  4.155420327e-02
  3.947144374e-02 3.186974522e-02 7.782843206e-02
  3.821337580e-05 8.001360828e-01 3.064967304e-01
  -8.801348195e-02 -2.185032909e-01 1.453638280e-01
 Node:         65
  0.1343E+03  0.1229E+03  0.4685E+03 -0.1415E-02
   0.08165
   0.003766
   0.01533
  -0.01031
   0.01153
  -0.005158
  7.002950637e-02
  1.548407590e-02
  -2.424517197e-03
  6.575020711e-02
  2.769635502e-02
  3.099494487e-02
  -9.578187898e-01 1.315688960e-02 1.407696921e-01
  2.795454777e-01 5.111540340e-01 3.824259236e-02
  -8.029537155e-02 -3.600498938e-02 1.467570064e-01
 Node:         66
  0.1299E+03  0.1214E+03  0.4825E+03 -0.1415E-02
   0.09561
  -0.002246
  -1.982E-4
   0.005554
  -0.004152
  -0.003441
  8.061624310e-02
  5.167433333e-03
  -3.150833333e-04
  7.832263956e-02
  2.848953103e-02
  3.692164637e-02
  -1.043645754e+00 -2.356329936e-02 -1.095954246e-01
  1.751456476e-02 4.045003079e-01 -1.265312102e-01
  -2.197508851e-01 1.146788747e-01 1.003575456e+00
 Node:         67
  0.1504E+03  0.1245E+03  0.4525E+03 -0.1415E-02
   0.07577
  -0.04989
   0.01762
  -0.03108
   0.02172
   0.002005
  1.043950955e-01
  -5.675577601e-03
  -9.366967728e-03
  1.119203251e-01
  2.978418340e-02
  5.275974724e-02
  -8.191247346e-01 4.882039278e-01 3.331892251e-01
  3.120463270e-01 2.439602654e-01 3.804571125e-01
  -1.582546709e-01 -6.179375796e-01 4.640620594e-01
 Node:         68
  0.1436E+03  0.1225E+03  0.4689E+03 -0.1415E-02
   0.08326
  -0.09874
   0.0177
  -0.02068
   0.02632
  -0.001088
  1.563955149e-01
  -4.731546921e-03
  -4.410359448e-02
  1.840465564e-01
  3.585345782e-02
  8.676037870e-02
  -8.003642251e-01 5.747914013e-01 1.821792994e-01
  2.909699153e-01 7.851426115e-02 9.840842887e-01
  5.394042463e-01 8.460041401e-01 -2.247216677e-01
 Node:         69
  0.1380E+03  0.1205E+03  0.4831E+03 -0.1415E-02
   0.09676
  -0.02667
   0.001998
  -6.115E-4
   0.004918
  -0.002959
  9.018259554e-02
  3.883923779e-03
  -4.198912251e-03
  9.062074938e-02
  2.995586902e-02
  4.271903094e-02
  -9.892339703e-01 2.565631635e-01 -6.757197452e-03
  2.429941507e-01 7.577599575e-01 7.388617834e-01
  -4.206574310e-01 -1.049134076e+00 6.165656794e-01
 Node:         70
  0.1562E+03  0.1244E+03  0.4528E+03 -0.1415E-02
   0.07869
  -0.06165
  -9.589E-4
  -0.08338
   0.05216
   0.01706
  1.648129087e-01
  -2.361869331e-02
  -3.751967622e-02
  1.957841198e-01
  3.455817972e-02
  9.229351915e-02
  -7.528562633e-01 4.059516985e-01 5.347439490e-01
  7.032117834e-01 6.989159236e-01 4.986038217e-01
  3.119287580e-01 -6.445150000e-01 1.078701062e+00
 Node:         71
  0.1499E+03  0.1224E+03  0.4696E+03 -0.1415E-02
   0.09034
  -0.1441
   0.009999
  -0.09124
   0.07258
   0.00395
  2.606965817e-01
  -4.160784856e-02
  -7.282691826e-02
  3.190084986e-01
  4.875393831e-02
  1.503820484e-01
  -7.534503185e-01 5.416071125e-01 3.781519108e-01
  7.817812739e-02 -1.306175053e-01 3.372762208e-01
  9.036486200e-02 8.217611465e-02 1.375771338e-01
 Node:         72
  0.1435E+03  0.1199E+03  0.4837E+03 -0.1415E-02
   0.09911
  -0.04464
   0.00162
  -0.0138
   0.01356
  -0.002402
  1.080478822e-01
  -1.581388535e-04
  -1.223295754e-02
  1.147388128e-01
  3.188559526e-02
  5.408839509e-02
  -9.314699575e-01 3.720462845e-01 1.291800425e-01
  3.604557325e-01 4.936853397e-01 8.540252654e-01
  -4.293721868e-01 -9.753549894e-01 3.492998938e-01
 Node:         73
  0.1450E+03  0.1339E+03  0.4517E+03  0.0000E+00
   0.1071
  -0.02923
  -0.01403
   0.01187
  -0.01466
   0.01358
  9.990976433e-02
  1.287326019e-02
  -1.632872187e-02
  1.045862490e-01
  3.215143422e-02
  4.930243059e-02
  -1.159660616e+00 2.447557325e-01 -1.213293121e-01
  -1.794992463e-02 -9.658627389e-02 1.871643312e-01
  1.178550531e-01 1.210221231e+00 1.343939066e-01
 Node:         74
  0.1371E+03  0.1304E+03  0.4681E+03  0.0000E+00
   0.1186
  -0.0307
  -0.007494
   0.006616
  -0.02245
   0.008279
  1.084743344e-01
  1.523089984e-02
  -1.467118790e-02
  1.115112280e-01
  3.634468211e-02
  5.256689701e-02
  -1.015627495e+00 2.712780042e-01 -6.611539278e-02
  1.534202123e-01 3.045260403e-01 -5.638492569e-01
  1.867728132e-01 8.866300425e-01 5.545941401e-01
 Node:         75
  0.1314E+03  0.1289E+03  0.4826E+03  0.0000E+00
   0.1062
  -0.01174
  -0.001073
  -0.00698
  -0.004208
   4.656E-4
  9.022541614e-02
  3.140721342e-03
  -3.210227389e-03
  9.034613681e-02
  3.005197003e-02
  4.258957733e-02
  -1.032341295e+00 1.808270488e-01 1.091609119e-01
  1.417190552e-02 -5.195912845e-01 5.989587049e-01
  2.079094480e-01 8.045166667e-01 6.492756369e-01
 Node:         76
  0.1518E+03  0.1312E+03  0.4516E+03  0.0000E+00
   0.1076
  -0.04345
  -0.01943
  -0.007006
   0.0408
   0.02052
  1.099464713e-01
  3.236579544e-02
  -3.730486412e-02
  1.277093867e-01
  3.500246755e-02
  6.020278223e-02
  -8.487294055e-01 3.207265605e-01 1.462838641e-01
  3.909385191e-01 6.763343737e-01 9.588345011e-01
  -1.242348195e-01 -2.973989384e-01 -3.197002123e-02
 Node:         77
  0.1449E+03  0.1283E+03  0.4684E+03  0.0000E+00
   0.1291
  -0.008147
  -0.01057
  -0.006794
   0.02889
   0.007846
  1.188654246e-01
  2.315792742e-02
  -2.151176433e-02
  1.242731191e-01
  4.017052924e-02
  5.858291018e-02
  -1.022660403e+00 1.015883333e-01 8.924331635e-02
  1.213314692e-01 6.117381104e-01 5.535673036e-01
  4.425117516e-02 -1.218540340e-01 -3.528062633e-02
 Node:         78
  0.1385E+03  0.1261E+03  0.4829E+03  0.0000E+00
   0.1112
   0.003618
  -8.781E-4
  -0.005305
  -4.924E-4
   2.673E-4
  9.547668577e-02
  7.746812951e-04
  -5.241935244e-04
  9.517641696e-02
  3.190905785e-02
  4.486659323e-02
  -1.031964862e+00 1.642305520e-02 9.609215605e-02
  5.229002123e-03 1.819628132e-01 5.368371550e-01
  4.855005308e-02 9.007066879e-01 7.187675478e-02
 Node:         79
  0.1563E+03  0.1265E+03  0.4524E+03  0.0000E+00
   0.1085
   0.1023
   0.01988
   0.02026
  -0.005599
  -0.06425
  2.061721879e-01
  -2.580275478e-02
  -5.129608068e-02
  2.456938184e-01
  4.302445081e-02
  1.158211767e-01
  -1.204624098e+00 -5.296049469e-01 1.113904915e-01
  1.860344904e-01 -3.650909766e-01 8.397701699e-01
  -6.094900212e-01 6.713078556e-01 -6.038152866e-02
 Node:         80
  0.1500E+03  0.1243E+03  0.4693E+03  0.0000E+00
   0.1326
   0.07978
   0.008145
   0.02233
  -0.004925
  -0.05312
  2.051340276e-01
  -2.118644161e-02
  -3.801116136e-02
  2.351689220e-01
  4.864547488e-02
  1.108596930e-01
  -9.315678344e-01 -4.355648620e-01 2.223398047e-02
  2.197835881e-01 -6.605400849e-01 8.261921444e-01
  -2.283666454e-01 4.844831210e-01 3.053007219e-01
 Node:         81
  0.1434E+03  0.1217E+03  0.4836E+03  0.0000E+00
   0.1123
   0.01409
   4.159E-4
  -2.713E-4
  -1.063E-4
  -0.007215
  1.009317102e-01
  -1.532344958e-03
  -3.974170913e-03
  1.036227386e-01
  3.180839811e-02
  4.884822742e-02
  -1.024700743e+00 -1.148131635e-01 5.887850318e-02
  -1.605373501e-01 1.075702972e+00 -2.446289809e-02
  7.753389597e-02 1.360123142e-02 9.556401274e-01
 Node:         82
  0.1267E+03  0.1149E+03  0.4576E+03 -0.3778E-01
   0.008363
  -0.01756
  -0.06495
   0.01514
   0.04874
  -0.07264
  1.904063747e-02
  -2.037854671e-02
  -9.134450456e-02
  9.800373732e-02
  -3.089413793e-02
  4.619940483e-02
  1.516591295e-01 1.154401401e-01 1.354517834e-01
  3.423496072e-01 2.891580255e-01 1.720752654e-01
  -2.196300425e-01 -4.205433121e-01 1.611761146e-01
 Node:         83
  0.1234E+03  0.1130E+03  0.4726E+03 -0.3778E-01
   0.005164
   0.004643
  -0.07096
   0.08035
   0.01895
  -0.08589
  4.416200106e-02
  -5.468500955e-02
  -9.557629321e-02
  1.244364354e-01
  -3.536643390e-02
  5.865989819e-02
  4.848733546e-01 5.407301805e-02 1.453993631e-01
  -1.237112420e-01 8.209714437e-01 3.967101911e-02
  -1.876582803e-01 3.325286624e-02 -9.376284501e-02
 Node:         84
  0.1187E+03  0.1123E+03  0.4850E+03 -0.3778E-01
   0.02174
   0.002256
  -0.07524
   0.02855
  -0.001125
  -0.08537
  2.767723673e-02
  -5.928345223e-02
  -6.835281953e-02
  9.180529140e-02
  -3.331967834e-02
  4.327742940e-02
  5.471585987e-01 -1.615510403e-02 -9.957324841e-04
  6.344690021e-03 1.079447452e+00 -1.905483439e-01
  -3.249037580e-01 7.499002123e-03 5.907400212e-01
 Node:         85
  0.1302E+03  0.1162E+03  0.4563E+03 -0.3778E-01
   0.007847
  -0.01312
  -0.06214
   0.02375
   0.07049
  -0.07034
  2.260028222e-02
  -3.773416242e-03
  -1.050684098e-01
  1.177018641e-01
  -2.874718126e-02
  5.548519085e-02
  3.042497877e-01 2.491910828e-01 2.877585456e-01
  -2.382952017e-02 7.876201699e-01 4.871753715e-01
  -2.136682590e-01 -6.425289809e-01 5.343205945e-01
 Node:         86
  0.1252E+03  0.1139E+03  0.4710E+03 -0.3778E-01
   0.01125
   0.05117
  -0.05024
   0.1624
   0.06245
  -0.08302
  1.314705531e-01
  -5.549112314e-02
  -1.296052883e-01
  2.337862791e-01
  -1.787528613e-02
  1.102079089e-01
  5.266460722e-01 1.332602972e-01 1.615941614e-01
  -9.212505308e-02 7.269458599e-01 -1.543355144e-01
  -4.267986200e-01 -4.590383227e-02 2.542784501e-01
 Node:         87
  0.1217E+03  0.1126E+03  0.4834E+03 -0.3778E-01
   0.01938
   0.00143
  -0.0747
   0.03695
  -0.005885
  -0.08458
  2.874625372e-02
  -5.775987686e-02
  -7.162578450e-02
  9.419061479e-02
  -3.354646921e-02
  4.440188163e-02
  5.315666667e-01 -2.722834076e-02 2.790715499e-02
  1.329158068e-01 1.343346709e+00 -3.360609172e-01
  -2.944316773e-01 1.383119427e-01 2.146567941e-01
 Node:         88
  0.1338E+03  0.1169E+03  0.4546E+03 -0.3778E-01
  -0.005026
  -0.0239
  -0.06544
   0.01785
   0.09161
  -0.05668
  3.834780414e-02
  1.191948365e-03
  -1.241716008e-01
  1.473205200e-01
  -2.821061611e-02
  6.944755912e-02
  -1.390659766e-01 3.693779193e-01 3.484838641e-01
  3.217664119e-01 2.384321178e-01 1.572877495e-01
  -1.596969214e-01 -2.392053079e-01 4.470453291e-02
 Node:         89
  0.1270E+03  0.1150E+03  0.4694E+03 -0.3778E-01
  -0.0105
   0.01886
  -0.06992
   0.06739
   0.02159
  -0.07816
  2.910965499e-02
  -5.655386412e-02
  -8.838138025e-02
  1.055624768e-01
  -3.860852979e-02
  4.976262877e-02
  4.664384289e-01 1.290639703e-01 1.863330042e-01
  -2.268808726e-01 1.040246285e+00 9.576082803e-02
  -4.275967091e-01 -1.692985669e-01 4.128769639e-01
 Node:         90
  0.1248E+03  0.1132E+03  0.4822E+03 -0.3778E-01
   0.0158
   0.02188
  -0.07757
   0.01941
  -0.01064
  -0.07778
  2.221239013e-02
  -5.226794289e-02
  -7.200491083e-02
  8.617407640e-02
  -3.402015453e-02
  4.062284919e-02
  5.363552017e-01 5.232453291e-03 4.429193206e-04
  -4.589425626e-02 4.140460722e-01 -4.735295117e-01
  -3.736388323e-01 6.609083864e-01 7.761163482e-01
 Node:         91
  0.1262E+03  0.1266E+03  0.4553E+03 -0.3778E-01
   0.005587
   0.05207
  -0.04909
  -0.008557
   0.06916
  -0.0746
  3.380962314e-02
  -1.075096645e-02
  -1.031356041e-01
  1.231440152e-01
  -2.669231580e-02
  5.805064547e-02
  -5.869166667e-01 -3.701125265e-01 -7.681422505e-02
  8.639420096e-01 -1.378924204e-01 -6.361377887e-01
  9.283643312e-02 -9.112976645e-01 8.122271762e-01
 Node:         92
  0.1210E+03  0.1236E+03  0.4728E+03 -0.3778E-01
   0.003793
   0.00985
  -0.0611
   0.01287
   0.04707
  -0.06849
  1.445003928e-02
  -2.235833800e-02
  -8.443858195e-02
  8.802185312e-02
  -3.078229356e-02
  4.149389949e-02
  8.364589172e-01 1.495425902e-01 1.584704989e-01
  -9.169059660e-02 8.788154989e-01 5.840416136e-01
  -1.511730892e-01 -7.292006369e-01 5.817105096e-01
 Node:         93
  0.1159E+03  0.1217E+03  0.4877E+03 -0.3778E-01
   0.02141
  -0.00465
  -0.07444
   0.01248
   0.0122
  -0.07674
  2.171581189e-02
  -4.989924076e-02
  -6.613714650e-02
  8.099841814e-02
  -3.144019179e-02
  3.818302049e-02
  3.450267516e-01 4.796850955e-02 -2.717916136e-02
  1.495345860e-01 -4.590044586e-01 -1.046421444e-01
  2.000163010e-01 4.700779193e-01 -2.837384289e-01
 Node:         94
  0.1316E+03  0.1267E+03  0.4543E+03 -0.3778E-01
   0.001752
   0.05013
  -0.04584
  -0.03679
   0.06595
  -0.06627
  2.748083758e-02
  1.214076964e-03
  -1.030362644e-01
  1.207798357e-01
  -2.478044996e-02
  5.693616057e-02
  6.077633758e-01 1.017745860e-01 -3.457821656e-02
  2.900852017e-01 4.275226115e-01 4.919632696e-02
  7.141539278e-02 -4.728406582e-01 4.355779193e-01
 Node:         95
  0.1252E+03  0.1237E+03  0.4709E+03 -0.3778E-01
  -0.004646
   0.003982
  -0.05823
   0.00305
   0.03229
  -0.06049
