 Group name: predicted_stress_L3A4
 #Fields=  16
 1) coordinates, coordinate, rectangular cartesian, #Components=3
   x.  Value index= 1, #Derivatives=0
   y.  Value index= 2, #Derivatives=0
   z.  Value index= 3, #Derivatives=0
 2) Tensor_1, field, rectangular cartesian, #Components=1
   Tensor_1.  Value index= 4, #Derivatives=0
 3) Tensor_2, field, rectangular cartesian, #Components=1
   Tensor_2.  Value index= 5, #Derivatives=0
 4) Tensor_3, field, rectangular cartesian, #Components=1
   Tensor_3.  Value index= 6, #Derivatives=0
 5) Tensor_4, field, rectangular cartesian, #Components=1
   Tensor_4.  Value index= 7, #Derivatives=0
 6) Tensor_5, field, rectangular cartesian, #Components=1
   Tensor_5.  Value index= 8, #Derivatives=0
 7) Tensor_6, field, rectangular cartesian, #Components=1
   Tensor_6.  Value index= 9, #Derivatives=0
 8) Principal_1, field, rectangular cartesian, #Components=1
   Principal_1.  Value index= 10, #Derivatives=0
 9) Principal_2, field, rectangular cartesian, #Components=1
   Principal_2.  Value index= 11, #Derivatives=0
 10) Principal_3, field, rectangular cartesian, #Components=1
   Principal_3.  Value index= 12, #Derivatives=0
 11) VonMises, field, rectangular cartesian, #Components=1
   VonMises.  Value index= 13, #Derivatives=0
 12) Hydrostatic, field, rectangular cartesian, #Components=1
   VonMises.  Value index= 14, #Derivatives=0
 13) Octahedral, field, rectangular cartesian, #Components=1
   VonMises.  Value index= 15, #Derivatives=0
 14) PrincipalVector1, field, rectangular cartesian, #Components=3
   x.  Value index= 16, #Derivatives=0
   y.  Value index= 17, #Derivatives=0
   z.  Value index= 18, #Derivatives=0
 15) PrincipalVector2, field, rectangular cartesian, #Components=3
   x.  Value index= 19, #Derivatives=0
   y.  Value index= 20, #Derivatives=0
   z.  Value index= 21, #Derivatives=0
 16) PrincipalVector3, field, rectangular cartesian, #Components=3
   x.  Value index= 22, #Derivatives=0
   y.  Value index= 23, #Derivatives=0
   z.  Value index= 24, #Derivatives=0
 Node:          1
  0.1287E+03  0.1133E+03  0.4908E+03 -0.8215E-05
  -1.643E-5
  -1.439E-16
  -1.643E-5
  -4.797E-17
  -7.196E-17
  -1.643E-5
  -3.264626904e-02
  -3.264626904e-02
  -3.264626904e-02
  0.000000000e+00
  -3.264626904e-02
  0.000000000e+00
  8.699525892e-01 -2.261727501e-01 -2.801539467e-02
  2.404001508e-01 9.469999497e-01 -1.992406234e-01
  7.823537456e-02 1.856245349e-01 9.767092509e-01
 Node:          2
  0.1292E+03  0.1137E+03  0.5052E+03 -0.8215E-05
  -1.643E-5
  -1.919E-16
  -1.643E-5
  -9.595E-17
   3.358E-16
  -1.643E-5
  -3.264626904e-02
  -3.264626904e-02
  -3.264626904e-02
  0.000000000e+00
  -3.264626904e-02
  0.000000000e+00
  4.685081951e-01 -2.206464555e-01 -1.073840623e-01
  2.901144796e-01 5.016457014e-01 2.459760181e-01
  -7.816923077e-04 -4.591155857e-01 8.882040724e-01
 Node:          3
  0.1289E+03  0.1155E+03  0.5194E+03 -0.8215E-05
  -1.643E-5
   2.399E-16
  -1.643E-5
   1.919E-16
   9.595E-17
  -1.643E-5
  -3.264626904e-02
  -3.264626904e-02
  -3.264626904e-02
  0.000000000e+00
  -3.264626904e-02
  0.000000000e+00
  -4.001761187e-01 -8.743642534e-01 -2.720280543e-01
  4.864136249e-01 -4.551882353e-01 7.453559075e-01
  7.759251885e-01 -1.664603821e-01 -6.072911011e-01
 Node:          4
  0.1361E+03  0.1141E+03  0.4915E+03 -0.8215E-05
  -1.643E-5
  -4.797E-17
  -1.643E-5
  -4.797E-17
  -1.439E-16
  -1.643E-5
  -3.264626904e-02
  -3.264626904e-02
  -3.264626904e-02
  0.000000000e+00
  -3.264626904e-02
  0.000000000e+00
  -3.818734540e-02 -8.764809955e-02 9.952518854e-01
  -8.949161890e-01 8.295087984e-02 -2.624239316e-02
  -8.014051282e-02 -8.917617898e-01 -8.111490699e-02
 Node:          5
  0.1341E+03  0.1144E+03  0.5054E+03 -0.8215E-05
  -1.643E-5
   2.399E-16
  -1.643E-5
   9.595E-17
  -1.199E-16
  -1.643E-5
  -3.264626904e-02
  -3.264626904e-02
  -3.264626904e-02
  0.000000000e+00
  -3.264626904e-02
  0.000000000e+00
  1.033372650e-01 -1.755530417e-01 9.789257919e-01
  7.122940674e-01 6.997242333e-01 5.033798391e-02
  -6.939338864e-01 6.922293615e-01 1.976027149e-01
 Node:          6
  0.1323E+03  0.1162E+03  0.5191E+03 -0.8215E-05
  -1.643E-5
   9.595E-17
  -1.643E-5
  -9.595E-17
  -4.797E-17
  -1.643E-5
  -3.264626904e-02
  -3.264626904e-02
  -3.264626904e-02
  0.000000000e+00
  -3.264626904e-02
  0.000000000e+00
  -7.081822524e-01 -7.001061337e-01 8.786295626e-02
  3.584922574e-01 -3.882139769e-01 -3.013469080e-02
  7.962226244e-02 4.363280040e-02 9.954823529e-01
 Node:          7
  0.1408E+03  0.1171E+03  0.4920E+03 -0.8215E-05
  -1.643E-5
   3.838E-16
  -1.643E-5
  -1.439E-16
  -1.919E-16
  -1.643E-5
  -3.264626904e-02
  -3.264626904e-02
  -3.264626904e-02
  0.000000000e+00
  -3.264626904e-02
  0.000000000e+00
  7.866508798e-01 4.175178482e-01 -1.175480644e-01
  -4.805631976e-01 8.680920060e-01 -1.149390749e-01
  5.945482152e-02 1.625862242e-01 9.847616893e-01
 Node:          8
  0.1367E+03  0.1169E+03  0.5055E+03 -0.8215E-05
  -1.643E-5
   3.358E-16
  -1.643E-5
  -6.956E-16
  -4.078E-16
  -1.643E-5
  -3.264626904e-02
  -3.264626904e-02
  -3.264626904e-02
  0.000000000e+00
  -3.264626904e-02
  0.000000000e+00
  -4.219854701e-01 -5.897203117e-01 2.100257416e-01
  6.021603821e-01 -4.637822021e-01 -2.871941176e-02
  2.378093715e-01 6.230980392e-02 9.546888889e-01
 Node:          9
  0.1339E+03  0.1180E+03  0.5191E+03 -0.8215E-05
  -1.643E-5
   2.878E-16
  -1.643E-5
  -6.836E-16
  -4.797E-16
  -1.643E-5
  -3.264626904e-02
  -3.264626904e-02
  -3.264626904e-02
  0.000000000e+00
  -3.264626904e-02
  0.000000000e+00
  2.842197084e-01 2.172224233e-01 -5.295727501e-01
  8.393016088e-01 7.286752137e-02 1.697383107e-01
  -1.405304575e-01 6.412572650e-01 1.933103570e-01
 Node:         10
  0.1294E+03  0.1212E+03  0.4911E+03 -0.8215E-05
  -1.643E-5
   4.797E-17
  -1.643E-5
  -2.399E-17
   2.159E-16
  -1.643E-5
  -3.264626904e-02
  -3.264626904e-02
  -3.264626904e-02
  0.000000000e+00
  -3.264626904e-02
  0.000000000e+00
  2.386129713e-02 4.272279035e-01 4.653353947e-01
  1.475617547e-01 6.719165410e-01 -7.211743087e-01
  -5.173970840e-01 1.000029417e-01 -6.943187029e-02
 Node:         11
  0.1295E+03  0.1214E+03  0.5055E+03 -0.8215E-05
  -1.643E-5
  -4.797E-17
  -1.643E-5
  -7.196E-17
   2.399E-17
  -1.643E-5
  -3.264626904e-02
  -3.264626904e-02
  -3.264626904e-02
  0.000000000e+00
  -3.264626904e-02
  0.000000000e+00
  -2.103109603e-01 8.944956259e-02 7.153867773e-01
  -4.509050277e-01 4.544853695e-01 -1.919815485e-01
  6.320845651e-01 4.242240825e-01 1.094295123e-01
 Node:         12
  0.1295E+03  0.1217E+03  0.5196E+03 -0.8215E-05
  -1.643E-5
  -1.392E-37
  -1.643E-5
   1.319E-16
   4.797E-17
  -1.643E-5
  -3.264626904e-02
  -3.264626904e-02
  -3.264626904e-02
  0.000000000e+00
  -3.264626904e-02
  0.000000000e+00
  -2.436128708e-01 -8.318542584e-02 -9.658153846e-01
  -3.131889894e-01 8.263125691e-01 1.116519193e-02
  -9.354087481e-02 3.176530920e-02 1.639406737e-02
 Node:         13
  0.1361E+03  0.1199E+03  0.4914E+03 -0.8215E-05
  -1.643E-5
  -2.399E-16
  -1.643E-5
  -1.679E-16
   4.797E-17
  -1.643E-5
  -3.264626904e-02
  -3.264626904e-02
  -3.264626904e-02
  0.000000000e+00
  -3.264626904e-02
  0.000000000e+00
  8.263794872e-01 -3.364523881e-01 -1.135059326e-01
  3.726951232e-01 9.273433886e-01 -3.204431373e-02
  1.291785319e-01 -1.764452278e-02 9.914275013e-01
 Node:         14
  0.1342E+03  0.1198E+03  0.5054E+03 -0.8215E-05
  -1.643E-5
   4.797E-17
  -1.643E-5
   9.595E-17
  -1.559E-16
  -1.643E-5
  -3.264626904e-02
  -3.264626904e-02
  -3.264626904e-02
  0.000000000e+00
  -3.264626904e-02
  0.000000000e+00
  9.058037707e-02 -2.638211664e-01 9.599580191e-01
  -2.482168225e-01 -8.382271996e-01 -2.062240322e-01
  -8.593827552e-01 2.197861840e-01 1.409045249e-01
 Node:         15
  0.1330E+03  0.1205E+03  0.5193E+03 -0.8215E-05
  -1.643E-5
  -1.439E-16
  -1.643E-5
   2.399E-17
   8.395E-17
  -1.643E-5
  -3.264626904e-02
  -3.264626904e-02
  -3.264626904e-02
  0.000000000e+00
  -3.264626904e-02
  0.000000000e+00
  8.937755656e-01 -9.958769734e-02 7.911845148e-03
  -2.288894419e-02 -2.758690297e-01 -8.542217697e-01
  1.079548617e-01 9.444363499e-01 -3.053352438e-01
 Node:         16
  0.1404E+03  0.1188E+03  0.4918E+03 -0.8215E-05
  -1.643E-5
   9.595E-17
  -1.643E-5
  -1.439E-16
  -2.519E-16
  -1.643E-5
  -3.264626904e-02
  -3.264626904e-02
  -3.264626904e-02
  0.000000000e+00
  -3.264626904e-02
  0.000000000e+00
  -1.495576672e-01 -2.408334339e-01 9.588405732e-01
  -7.283719457e-01 -4.945235797e-01 -2.392486174e-01
  5.323956762e-01 -7.333957265e-01 -1.047077929e-01
 Node:         17
  0.1365E+03  0.1184E+03  0.5055E+03 -0.8215E-05
  -1.643E-5
   4.797E-17
  -1.643E-5
   1.679E-16
   2.938E-16
  -1.643E-5
  -3.264626904e-02
  -3.264626904e-02
  -3.264626904e-02
  0.000000000e+00
  -3.264626904e-02
  0.000000000e+00
  2.546593766e-01 4.123208145e-01 7.413719960e-01
  8.286128708e-01 -3.312520362e-01 -8.702187069e-02
  -2.547507793e-01 -7.948208145e-01 5.212779286e-01
 Node:         18
  0.1341E+03  0.1191E+03  0.5192E+03 -0.8215E-05
  -1.643E-5
  -1.851E-37
  -1.643E-5
   4.572E-17
   1.84E-16
  -1.643E-5
  -3.264626904e-02
  -3.264626904e-02
  -3.264626904e-02
  0.000000000e+00
  -3.264626904e-02
  0.000000000e+00
  2.774327300e-02 9.631729512e-02 9.050520362e-01
  8.372716943e-01 -1.135132227e-01 -2.317999310e-02
  -3.359210659e-01 -6.063411765e-01 6.316729512e-02
 Node:         19
  0.1301E+03  0.1291E+03  0.4914E+03  0.0000E+00
   4.934E-16
   0.0
   4.934E-16
   3.631E-19
   1.731E-17
  -9.869E-16
  4.936000000e-16
  4.934000000e-16
  -9.871000000e-16
  1.480600010e-15
  -3.333333333e-20
  6.979615383e-16
  -2.097000000e-02 -9.997000000e-01 -1.169000000e-02
  -9.998000000e-01 2.097000000e-02 -8.123000000e-17
  2.452000000e-04 1.169000000e-02 -9.999000000e-01
 Node:         20
  0.1299E+03  0.1291E+03  0.5058E+03  0.0000E+00
   9.869E-16
   0.0
   0.0
   1.799E-17
   3.326E-17
  -2.467E-16
  9.871000000e-16
  4.400000000e-18
  -2.514000000e-16
  1.132478516e-15
  2.467000000e-16
  5.338554923e-16
  -9.999000000e-01 -4.917000000e-04 -1.459000000e-02
  2.401000000e-03 -9.914000000e-01 -1.311000000e-01
  -1.440000000e-02 -1.312000000e-01 9.913000000e-01
 Node:         21
  0.1301E+03  0.1280E+03  0.5197E+03  0.0000E+00
   4.934E-16
   0.0
   0.0
   7.196E-17
   2.549E-17
   4.934E-16
  5.660000000e-16
  4.222000000e-16
  -1.341000000e-18
  5.108528306e-16
  3.289530000e-16
  2.408183338e-16
  -7.039000000e-01 -3.195000000e-02 -7.096000000e-01
  -7.102000000e-01 4.241000000e-02 7.027000000e-01
  -7.642000000e-03 -9.986000000e-01 5.255000000e-02
 Node:         22
  0.1360E+03  0.1256E+03  0.4913E+03  0.0000E+00
  -9.869E-16
   2.399E-17
  -4.934E-16
  -2.399E-17
   1.739E-16
   4.934E-16
  5.234000000e-16
  -5.215000000e-16
  -9.888000000e-16
  1.341069376e-15
  -3.289666667e-16
  6.321861663e-16
  -1.298000000e-02 1.683000000e-01 9.857000000e-01
  5.935000000e-02 9.841000000e-01 -1.672000000e-01
  -9.982000000e-01 5.633000000e-02 -2.276000000e-02
 Node:         23
  0.1343E+03  0.1253E+03  0.5054E+03  0.0000E+00
   0.0
   3.598E-17
  -1.974E-15
   0.0
   2.271E-16
  -7.401E-16
  6.796000000e-19
  -6.997000000e-16
  -2.015000000e-15
  1.772499637e-15
  -9.046734667e-16
  8.355643418e-16
  9.998000000e-01 1.889000000e-02 5.790000000e-03
  -9.011000000e-03 1.753000000e-01 9.845000000e-01
  1.758000000e-02 -9.843000000e-01 1.754000000e-01
 Node:         24
  0.1336E+03  0.1248E+03  0.5194E+03  0.0000E+00
  -9.869E-16
   2.099E-17
   0.0
   2.399E-17
   1.499E-18
  -7.401E-16
  4.516000000e-19
  -7.379000000e-16
  -9.896000000e-16
  8.912682385e-16
  -5.756828000e-16
  4.201478769e-16
  -2.132000000e-02 -9.998000000e-01 -2.714000000e-03
  9.549000000e-02 -4.739000000e-03 9.954000000e-01
  -9.952000000e-01 2.096000000e-02 9.557000000e-02
 Node:         25
  0.1400E+03  0.1206E+03  0.4917E+03  0.0000E+00
   0.0
   4.617E-16
  -4.934E-16
  -1.439E-16
  -2.249E-16
   9.869E-16
  1.067000000e-15
  2.050000000e-16
  -7.785000000e-16
  1.599404030e-15
  1.645000000e-16
  7.539662901e-16
  -2.161000000e-01 -2.016000000e-01 9.553000000e-01
  8.390000000e-01 4.621000000e-01 2.874000000e-01
  -4.994000000e-01 8.636000000e-01 6.929000000e-02
 Node:         26
  0.1363E+03  0.1200E+03  0.5055E+03  0.0000E+00
   9.869E-16
   1.859E-16
  -2.714E-15
   4.797E-17
  -1.943E-15
  -2.467E-16
  1.006000000e-15
  8.090000000e-16
  -3.789000000e-15
  4.699597749e-15
  -6.580000000e-16
  2.215411625e-15
  9.680000000e-01 1.526000000e-01 -1.995000000e-01
  2.481000000e-01 -4.578000000e-01 8.538000000e-01
  -3.892000000e-02 8.759000000e-01 4.809000000e-01
 Node:         27
  0.1343E+03  0.1203E+03  0.5192E+03  0.0000E+00
   9.869E-16
  -3.358E-16
   9.869E-16
  -1.799E-16
   2.27E-15
   0.0
  2.890000000e-15
  9.150000000e-16
  -1.831000000e-15
  4.106639867e-15
  6.580000000e-16
  1.935888599e-15
  -1.931000000e-01 7.658000000e-01 6.135000000e-01
  9.808000000e-01 1.345000000e-01 1.409000000e-01
  2.534000000e-02 6.289000000e-01 -7.771000000e-01
 Node:         28
  0.1155E+03  0.1124E+03  0.4931E+03 -0.4855E-04
  -9.71E-5
   6.597E-17
  -9.71E-5
  -9.596E-17
   9.596E-17
  -9.71E-5
  -1.951070778e-01
  -1.951070778e-01
  -1.951070778e-01
  0.000000000e+00
  -1.951070778e-01
  0.000000000e+00
  3.690401709e-02 9.429311212e-01 1.828295123e-01
  6.744359980e-02 2.234610860e-01 -6.986989442e-01
  -8.946617898e-01 5.467223731e-02 -5.942462544e-02
 Node:         29
  0.1119E+03  0.1139E+03  0.5068E+03 -0.4855E-04
  -9.71E-5
  -3.598E-17
  -9.71E-5
   9.596E-17
   1.199E-17
  -9.71E-5
  -1.951070778e-01
  -1.951070778e-01
  -1.951070778e-01
  0.000000000e+00
  -1.951070778e-01
  0.000000000e+00
  -4.732190045e-02 7.452619407e-01 -3.728182353e-02
  -7.587940674e-01 1.701387632e-03 -1.722373806e-01
  -9.987591755e-02 3.006359980e-02 6.426860734e-01
 Node:         30
  0.1113E+03  0.1159E+03  0.5206E+03 -0.4855E-04
  -9.71E-5
   2.159E-16
  -9.71E-5
   1.346E-36
  -4.798E-17
  -9.71E-5
  -1.951070778e-01
  -1.951070778e-01
  -1.951070778e-01
  0.000000000e+00
  -1.951070778e-01
  0.000000000e+00
  3.328916541e-01 4.356055807e-01 -5.708919558e-02
  -5.771694319e-01 5.090016591e-01 7.977888386e-02
  3.269726496e-02 -6.562830568e-02 7.552354449e-01
 Node:         31
  0.1203E+03  0.1126E+03  0.4920E+03 -0.4855E-04
  -9.71E-5
   1.679E-16
  -9.71E-5
   4.798E-17
   7.197E-17
  -9.71E-5
  -1.951070778e-01
  -1.951070778e-01
  -1.951070778e-01
  0.000000000e+00
  -1.951070778e-01
  0.000000000e+00
  -4.202796380e-01 -3.496801911e-01 -4.172717949e-01
  3.671854701e-01 -1.370050277e-02 -6.007049774e-01
  3.047923077e-01 -6.442083962e-01 -7.903418803e-03
 Node:         32
  0.1188E+03  0.1134E+03  0.5062E+03 -0.4855E-04
  -9.71E-5
  -2.399E-17
  -9.71E-5
  -4.798E-17
   1.679E-16
  -9.71E-5
  -1.951070778e-01
  -1.951070778e-01
  -1.951070778e-01
  0.000000000e+00
  -1.951070778e-01
  0.000000000e+00
  7.817349925e-01 -7.543479135e-03 -2.981700352e-02
  3.319692308e-02 3.611436400e-01 8.025987431e-01
  -7.328777677e-03 -8.962897939e-01 4.325256410e-01
 Node:         33
  0.1183E+03  0.1150E+03  0.5201E+03 -0.4855E-04
  -9.71E-5
   9.596E-17
  -9.71E-5
   1.439E-16
  -1.795E-36
  -9.71E-5
  -1.951070778e-01
  -1.951070778e-01
  -1.951070778e-01
  0.000000000e+00
  -1.951070778e-01
  0.000000000e+00
  7.278482655e-01 1.092245450e-01 1.881201106e-01
  -3.824254575e-03 5.740401207e-01 -3.906775264e-01
  -2.172184012e-01 2.735615385e-01 5.942686777e-01
 Node:         34
  0.1255E+03  0.1129E+03  0.4909E+03 -0.4855E-04
  -9.71E-5
  -2.094E-36
  -9.71E-5
   9.596E-17
   1.679E-16
  -9.71E-5
  -1.951070778e-01
  -1.951070778e-01
  -1.951070778e-01
  0.000000000e+00
  -1.951070778e-01
  0.000000000e+00
  2.536740070e-01 1.913149824e-01 3.758768728e-01
  1.903630468e-01 7.400734037e-02 3.229993770e-02
  -2.651141277e-02 -2.530541981e-01 1.886654098e-01
 Node:         35
  0.1260E+03  0.1135E+03  0.5054E+03 -0.4855E-04
  -9.71E-5
   1.919E-16
  -9.71E-5
   1.919E-16
   4.318E-16
  -9.71E-5
  -1.951070778e-01
  -1.951070778e-01
  -1.951070778e-01
  0.000000000e+00
  -1.951070778e-01
  0.000000000e+00
  6.429154852e-01 4.397207139e-01 4.376165410e-01
  -2.821394168e-01 2.604124183e-01 2.708217195e-01
  2.384074543e-02 -7.181488185e-01 6.894630468e-01
 Node:         36
  0.1257E+03  0.1153E+03  0.5196E+03 -0.4855E-04
  -9.71E-5
  -9.596E-17
  -9.71E-5
  -9.596E-17
   1.439E-16
  -9.71E-5
  -1.951070778e-01
  -1.951070778e-01
  -1.951070778e-01
  0.000000000e+00
  -1.951070778e-01
  0.000000000e+00
  -4.104974862e-01 6.137473605e-01 5.497366013e-01
  7.170275515e-01 2.204351433e-01 2.943761488e-01
  3.152904982e-02 -5.554552036e-01 4.820322775e-01
 Node:         37
  0.1132E+03  0.1210E+03  0.4959E+03 -0.4855E-04
  -9.71E-5
   2.399E-16
  -9.71E-5
  -1.439E-16
   3.119E-16
  -9.71E-5
  -1.951070778e-01
  -1.951070778e-01
  -1.951070778e-01
  0.000000000e+00
  -1.951070778e-01
  0.000000000e+00
  -4.109786325e-01 -6.152779789e-01 -2.733529814e-01
  5.510703369e-01 -1.664983811e-01 -4.113901961e-01
  3.038300151e-01 -4.562068879e-01 5.938923881e-01
 Node:         38
  0.1111E+03  0.1204E+03  0.5085E+03 -0.4855E-04
  -9.71E-5
   1.679E-16
  -9.71E-5
  -4.798E-17
  -1.439E-16
  -9.71E-5
  -1.951070778e-01
  -1.951070778e-01
  -1.951070778e-01
  0.000000000e+00
  -1.951070778e-01
  0.000000000e+00
  1.764209653e-01 8.727867270e-01 -1.231917949e-01
  8.750804424e-01 -1.802228758e-01 -1.348924585e-02
  4.745034691e-02 1.267737054e-01 9.850790850e-01
 Node:         39
  0.1119E+03  0.1201E+03  0.5207E+03 -0.4855E-04
  -9.71E-5
  -1.679E-16
  -9.71E-5
  -1.439E-16
  -1.319E-16
  -9.71E-5
  -1.951070778e-01
  -1.951070778e-01
  -1.951070778e-01
  0.000000000e+00
  -1.951070778e-01
  0.000000000e+00
  8.370733534e-01 -5.321338160e-02 -3.186220714e-01
  3.384381096e-01 -2.284494721e-01 9.075619910e-01
  -1.188319708e-01 -8.684068376e-01 -1.766633987e-01
 Node:         40
  0.1191E+03  0.1220E+03  0.4937E+03 -0.4855E-04
  -9.71E-5
   1.439E-16
  -9.71E-5
   1.439E-16
  -2.399E-17
  -9.71E-5
  -1.951070778e-01
  -1.951070778e-01
  -1.951070778e-01
  0.000000000e+00
  -1.951070778e-01
  0.000000000e+00
  1.685021619e-01 1.455176471e-02 2.013866264e-02
  8.290979792e-03 9.529260935e-02 -1.416062846e-01
  -4.219673203e-02 2.108327803e-01 1.633961790e-01
 Node:         41
  0.1182E+03  0.1217E+03  0.5073E+03 -0.4855E-04
  -9.71E-5
  -4.798E-17
  -9.71E-5
   9.596E-17
   1.679E-16
  -9.71E-5
  -1.951070778e-01
  -1.951070778e-01
  -1.951070778e-01
  0.000000000e+00
  -1.951070778e-01
  0.000000000e+00
  -1.098019608e-01 -1.248936953e-01 -8.736607340e-01
  -5.013067873e-01 1.808663147e-01 7.236611362e-02
  1.836051282e-01 9.537991956e-01 -1.703241629e-01
 Node:         42
  0.1187E+03  0.1212E+03  0.5204E+03 -0.4855E-04
  -9.71E-5
  -9.596E-17
  -9.71E-5
   1.197E-36
   9.596E-17
  -9.71E-5
  -1.951070778e-01
  -1.951070778e-01
  -1.951070778e-01
  0.000000000e+00
  -1.951070778e-01
  0.000000000e+00
  -1.515916038e-02 3.449498240e-02 7.214648064e-01
  -5.165550528e-01 1.270596280e-01 -2.560075918e-02
  -1.289207642e-01 -8.763960282e-01 1.157109050e-01
 Node:         43
  0.1258E+03  0.1217E+03  0.4915E+03 -0.4855E-04
  -9.71E-5
   1.919E-16
  -9.71E-5
  -2.399E-17
   5.984E-37
  -9.71E-5
  -1.951070778e-01
  -1.951070778e-01
  -1.951070778e-01
  0.000000000e+00
  -1.951070778e-01
  0.000000000e+00
  8.284208648e-01 1.330043238e-01 -4.774441428e-02
  -3.685785319e-01 6.263369030e-01 -4.230840623e-02
  1.650480141e-02 -6.692556109e-02 9.888834590e-01
 Node:         44
  0.1259E+03  0.1220E+03  0.5059E+03 -0.4855E-04
  -9.71E-5
   2.399E-16
  -9.71E-5
   1.679E-16
   1.919E-16
  -9.71E-5
  -1.951070778e-01
  -1.951070778e-01
  -1.951070778e-01
  0.000000000e+00
  -1.951070778e-01
  0.000000000e+00
  -2.197952740e-01 -1.965472599e-01 -4.483877325e-01
  -5.759005530e-01 -4.653174962e-01 4.813095525e-01
  5.104141277e-01 -5.898293112e-01 3.785451483e-02
 Node:         45
  0.1261E+03  0.1221E+03  0.5198E+03 -0.4855E-04
  -9.71E-5
  -1.439E-16
  -9.71E-5
   4.798E-17
  -1.199E-17
  -9.71E-5
  -1.951070778e-01
  -1.951070778e-01
  -1.951070778e-01
  0.000000000e+00
  -1.951070778e-01
  0.000000000e+00
  7.371879839e-02 -3.486161890e-02 9.954524887e-01
  -8.863464555e-01 1.326771745e-01 7.195111614e-02
  -1.356850679e-01 -8.878240825e-01 -2.286509703e-02
 Node:         46
  0.1117E+03  0.1296E+03  0.4959E+03  0.0000E+00
  -2.467E-16
   4.797E-17
  -7.401E-16
   1.199E-17
  -4.497E-17
   0.0
  3.057000000e-18
  -2.423000000e-16
  -7.476000000e-16
  6.629532710e-16
  -3.289476667e-16
  3.125191690e-16
  3.676000000e-02 -5.800000000e-02 9.976000000e-01
  9.946000000e-01 9.864000000e-02 -3.092000000e-02
  -9.662000000e-02 9.934000000e-01 6.131000000e-02
 Node:         47
  0.1107E+03  0.1269E+03  0.5087E+03  0.0000E+00
  -7.401E-16
  -5.397E-17
   4.934E-16
  -4.797E-17
   6.896E-17
   0.0
  5.058000000e-16
  -7.273000000e-18
  -7.452000000e-16
  1.089215580e-15
  -8.222433333e-17
  5.134611487e-16
  -4.821000000e-02 9.891000000e-01 1.394000000e-01
  -5.424000000e-02 -1.420000000e-01 9.884000000e-01
  -9.974000000e-01 -4.009000000e-02 -6.049000000e-02
 Node:         48
  0.1125E+03  0.1242E+03  0.5208E+03  0.0000E+00
   4.934E-16
   5.997E-18
   4.934E-16
   0.0
  -2.998E-18
   4.934E-16
  5.001000000e-16
  4.934000000e-16
  4.867000000e-16
  1.160474041e-17
  4.934000000e-16
  5.470527092e-18
  -6.325000000e-01 -7.071000000e-01 3.162000000e-01
  4.472000000e-01 -2.276000000e-15 8.944000000e-01
  6.325000000e-01 -7.071000000e-01 -3.162000000e-01
 Node:         49
  0.1186E+03  0.1311E+03  0.4938E+03  0.0000E+00
  -7.401E-16
  -3.598E-17
   0.0
  -7.196E-17
  -1.049E-17
  -2.467E-16
  1.947000000e-18
  -2.366000000e-16
  -7.523000000e-16
  6.677348644e-16
  -3.289843333e-16
  3.147732338e-16
  4.561000000e-02 -9.985000000e-01 2.894000000e-02
  -1.430000000e-01 2.215000000e-02 9.895000000e-01
  -9.887000000e-01 -4.926000000e-02 -1.418000000e-01
 Node:         50
  0.1180E+03  0.1298E+03  0.5075E+03  0.0000E+00
   0.0
  -2.249E-17
   1.48E-15
  -7.196E-17
   2.155E-17
   9.869E-16
  1.482000000e-15
  9.910000000e-16
  -5.513000000e-18
  1.312785985e-15
  8.224956667e-16
  6.188532481e-16
  1.739000000e-02 -9.988000000e-01 -4.603000000e-02
  -7.128000000e-02 -4.716000000e-02 9.963000000e-01
  9.973000000e-01 1.405000000e-02 7.201000000e-02
 Node:         51
  0.1192E+03  0.1275E+03  0.5206E+03  0.0000E+00
   0.0
  -5.997E-18
  -2.467E-16
   0.0
   2.549E-17
   4.934E-16
  4.943000000e-16
  1.449000000e-19
  -2.477000000e-16
  6.542860068e-16
  8.224830000e-17
  3.084333815e-16
  -4.170000000e-04 3.438000000e-02 9.994000000e-01
  9.997000000e-01 -2.416000000e-02 1.248000000e-03
  2.418000000e-02 9.991000000e-01 -3.436000000e-02
 Node:         52
  0.1262E+03  0.1305E+03  0.4920E+03  0.0000E+00
   4.934E-16
  -2.399E-17
   4.934E-16
   2.249E-18
   8.48E-18
   0.0
  5.175000000e-16
  4.696000000e-16
  -1.600000000e-19
  4.954496661e-16
  3.289800000e-16
  2.335572124e-16
  -7.061000000e-01 7.080000000e-01 8.534000000e-03
  7.081000000e-01 7.060000000e-01 1.614000000e-02
  -5.403000000e-03 -1.744000000e-02 9.998000000e-01
 Node:         53
  0.1258E+03  0.1304E+03  0.5063E+03  0.0000E+00
  -7.401E-16
  -2.998E-18
  -4.934E-16
   4.797E-17
   5.847E-17
  -9.869E-16
  -4.866000000e-16
  -7.314000000e-16
  -1.002000000e-15
  4.465358664e-16
  -7.400000000e-16
  2.104990261e-16
  1.040000000e-02 9.931000000e-01 1.171000000e-01
  -9.836000000e-01 3.123000000e-02 -1.776000000e-01
  -1.800000000e-01 -1.133000000e-01 9.771000000e-01
 Node:         54
  0.1265E+03  0.1288E+03  0.5200E+03  0.0000E+00
  -9.869E-16
   3.598E-17
   4.934E-16
   0.0
  -7.496E-18
   4.934E-16
  5.014000000e-16
  4.864000000e-16
  -9.877000000e-16
  1.481656947e-15
  3.333333333e-20
  6.984597833e-16
  1.758000000e-02 7.272000000e-01 -6.862000000e-01
  1.675000000e-02 6.860000000e-01 7.274000000e-01
  -9.997000000e-01 2.428000000e-02 1.229000000e-04
 Node:         55
  0.1382E+03  0.1168E+03  0.4537E+03  0.2733E-02
   0.04431
  -0.02128
   0.01737
   0.002564
   0.03758
   0.01036
  7.048091503e-02
  3.768459980e-02
  -3.038400503e-02
  8.969978920e-02
  2.592716993e-02
  4.228488614e-02
  -3.661096028e-01 4.864337355e-01 3.429919558e-01
  7.325975867e-01 2.006178029e-01 4.164155354e-01
  -1.004610860e-01 -3.387257919e-01 3.670392660e-01
 Node:         56
  0.1314E+03  0.1156E+03  0.4689E+03  0.2733E-02
   0.04435
  -9.107E-4
   0.01164
   0.02259
   0.004808
   0.005077
  6.241251634e-02
  1.358667471e-02
  -1.410328477e-02
  6.728472533e-02
  2.063196876e-02
  3.171832370e-02
  -8.781630468e-01 5.865423630e-02 -2.972766164e-01
  1.017305078e-01 -1.678295123e-01 3.623014228e-01
  -2.083733032e-01 1.292569683e-01 2.631663047e-01
 Node:         57
  0.1285E+03  0.1140E+03  0.4824E+03  0.2733E-02
   0.05387
   0.009047
   0.005369
   0.007474
  -0.005045
   0.005043
  6.368213172e-02
  9.209715686e-03
  -5.948914932e-03
  6.357032462e-02
  2.231431083e-02
  2.996733841e-02
  -9.764315234e-01 -1.181373203e-01 -9.697777154e-02
  4.667510347e-02 -4.961388638e-01 6.678471594e-01
  -2.129143942e-01 4.854082956e-01 7.051138230e-01
 Node:         58
  0.1484E+03  0.1177E+03  0.4537E+03  0.2733E-02
   0.04322
  -0.05489
   0.02768
  -0.008561
   0.0294
   0.003389
  1.194088336e-01
  6.438640221e-03
  -3.222383932e-02
  1.364713254e-01
  3.120787816e-02
  6.433319973e-02
  -6.819376571e-01 6.788524384e-01 2.715843640e-01
  3.938425842e-01 1.897493715e-01 5.060177979e-01
  -4.698524384e-01 -6.899905983e-01 5.443992459e-01
 Node:         59
  0.1419E+03  0.1166E+03  0.4696E+03  0.2733E-02
   0.04534
  -0.04729
   0.02073
   0.002542
   0.01781
   0.002436
  1.002457265e-01
  6.667217446e-03
  -2.845097587e-02
  1.155906825e-01
  2.615398936e-02
  5.448997028e-02
  -7.608543992e-01 6.057991956e-01 8.143196782e-02
  2.129610357e-01 2.163604324e-01 3.803209150e-01
  -4.485002514e-02 -2.184717748e-01 8.582473605e-02
 Node:         60
  0.1375E+03  0.1150E+03  0.4832E+03  0.2733E-02
   0.05478
  -0.008681
   0.007679
   0.00417
   5.366E-4
   0.004942
  6.525488185e-02
  5.875966516e-03
  -1.637963801e-03
  6.354052581e-02
  2.316429486e-02
  2.995329112e-02
  -9.476405732e-01 1.918425540e-01 -4.025721971e-02
  2.213851684e-01 7.634415284e-01 1.258524082e-01
  -1.591133736e-01 -1.299625098e-01 7.931187029e-01
 Node:         61
  0.1555E+03  0.1221E+03  0.4535E+03  0.2733E-02
   0.05163
  -0.05175
   0.01635
  -0.03577
   0.04545
  -0.009381
  1.628295676e-01
  -1.412905339e-02
  -5.212153852e-02
  1.988456086e-01
  3.219299190e-02
  9.373671885e-02
  -7.267244344e-01 5.821659628e-01 3.269409653e-01
  6.096482102e-01 4.201053796e-01 4.959973856e-01
  -1.545594268e-02 -4.574720965e-02 1.703356561e-01
 Node:         62
  0.1493E+03  0.1203E+03  0.4699E+03  0.2733E-02
   0.05832
  -0.08551
   0.01789
  -0.01944
   0.03117
  -0.006166
  1.818571895e-01
  -1.209955923e-02
  -6.138381498e-02
  2.227487581e-01
  3.612460511e-02
  1.050047716e-01
  -7.755324786e-01 5.908757164e-01 2.120008044e-01
  -3.453519356e-02 -1.634158547e-01 9.628632479e-02
  8.601050779e-02 7.256400201e-02 1.483901684e-01
 Node:         63
  0.1437E+03  0.1181E+03  0.4838E+03  0.2733E-02
   0.0588
  -0.02511
   0.008829
  -2.64E-4
   0.002254
   0.003666
  8.184632479e-02
  3.179550830e-03
  -7.563686425e-03
  8.469256947e-02
  2.582072973e-02
  3.992446013e-02
  -9.046418803e-01 3.718769231e-01 3.302570437e-02
  1.960053796e-01 3.205750352e-01 -1.347978884e-01
  -6.066452991e-02 7.269316239e-02 3.555117144e-01
 Node:         64
  0.1414E+03  0.1253E+03  0.4526E+03  0.2733E-02
   0.0461
   0.01104
   0.01798
  -0.02024
   0.01508
   0.002422
  6.144949221e-02
  2.913655354e-02
  -1.968864047e-02
  7.139516143e-02
  2.363246843e-02
  3.365600186e-02
  8.604901961e-02 2.386166415e-01 1.444143942e-02
  6.578260432e-03 6.123138914e-01 4.598278230e-01
  1.696301156e-01 -1.367286073e-01 2.896670598e-01
 Node:         65
  0.1341E+03  0.1229E+03  0.4684E+03  0.2733E-02
   0.0497
  -0.005877
   0.01567
  -0.008451
   0.006955
   0.003357
  6.083903218e-02
  1.348261413e-02
  -4.327677929e-03
  5.871456680e-02
  2.333132279e-02
  2.767831223e-02
  -9.083755656e-01 1.177900704e-01 1.441994721e-01
  2.059799759e-01 2.533119155e-01 2.159924304e-01
  6.924264454e-02 2.225534942e-01 -3.936601307e-02
 Node:         66
  0.1299E+03  0.1214E+03  0.4825E+03  0.2733E-02
   0.05628
  -0.003729
   0.00716
   0.002081
  -0.001464
   0.005111
  6.414021971e-02
  6.186451835e-03
  1.054371292e-03
  6.071519767e-02
  2.379368095e-02
  2.862141866e-02
  -9.821538964e-01 1.005952257e-01 -2.285104575e-02
  5.964744595e-02 2.172027300e-01 1.322021116e-01
  -6.200065038e-02 2.421618904e-01 7.674328607e-01
 Node:         67
  0.1501E+03  0.1244E+03  0.4528E+03  0.2733E-02
   0.04633
  -0.03175
   0.01666
  -0.01764
   0.01138
   0.003613
  8.187731021e-02
  -2.452311564e-03
  -6.296125289e-03
  8.632503319e-02
  2.437629112e-02
  4.069401091e-02
  -7.898195576e-01 5.363329814e-01 2.863809703e-01
  1.474423731e-01 6.744285571e-02 2.268890397e-01
  -1.674082956e-01 -5.121319256e-01 5.123845752e-01
 Node:         68
  0.1433E+03  0.1224E+03  0.4690E+03  0.2733E-02
   0.05174
  -0.06154
   0.01686
  -0.01899
   0.01682
   0.004179
  1.246484188e-01
  -2.356743288e-03
  -3.430499346e-02
  1.456697564e-01
  2.932889402e-02
  6.866938172e-02
  -7.837152338e-01 5.764973353e-01 2.221359980e-01
  2.245002169e-01 -5.498535546e-02 9.493540473e-01
  5.711824032e-01 7.897848668e-01 -9.031649925e-02
 Node:         69
  0.1380E+03  0.1205E+03  0.4831E+03  0.2733E-02
   0.05721
  -0.0184
   0.008362
  -0.003402
   0.004724
   0.00537
  7.269408999e-02
  4.380734842e-03
  -2.210856511e-03
  7.184969388e-02
  2.495465611e-02
  3.387027051e-02
  -9.312885370e-01 3.142810458e-01 8.502191051e-02
  2.111373705e-01 4.877503067e-01 7.493093514e-01
  -1.904312217e-01 -6.805643037e-01 5.483406687e-01
 Node:         70
  0.1557E+03  0.1241E+03  0.4532E+03  0.2733E-02
   0.04874
  -0.03979
   0.006346
  -0.04443
   0.02994
   0.0102
  1.276313072e-01
  -1.666980880e-02
  -2.736855556e-02
  1.499614968e-01
  2.786431428e-02
  7.069252752e-02
  -7.397491202e-01 4.566866264e-01 4.893227250e-01
  6.198074409e-01 6.442455003e-01 3.166583208e-01
  1.358356611e-01 -5.441961337e-01 6.886371041e-01
 Node:         71
  0.1495E+03  0.1222E+03  0.4698E+03  0.2733E-02
   0.05632
  -0.08331
   0.01228
  -0.05969
   0.04324
   0.007315
  2.031363600e-01
  -2.906196600e-02
  -5.722362946e-02
  2.476265057e-01
  3.895025484e-02
  1.167322542e-01
  -7.440221217e-01 5.263154349e-01 4.092053293e-01
  -7.990299548e-02 -2.608090146e-01 1.486553042e-01
  1.027796883e-01 -6.343152338e-02 2.840968125e-01
 Node:         72
  0.1435E+03  0.1199E+03  0.4838E+03  0.2733E-02
   0.0588
  -0.02844
   0.008021
  -0.01293
   0.01003
   0.005828
  8.691853947e-02
  1.430256461e-03
  -8.990194570e-03
  9.118552356e-02
  2.645286712e-02
  4.298526804e-02
  -8.856289090e-01 3.914884364e-01 2.090550025e-01
  2.390248366e-01 1.923298793e-01 7.920615887e-01
  -1.696544997e-01 -6.619195576e-01 4.256483157e-01
 Node:         73
  0.1446E+03  0.1339E+03  0.4520E+03  0.0000E+00
   0.05646
  -0.01484
  -0.009102
   0.004589
  -0.005619
   0.007585
  7.529086777e-02
  9.642069231e-03
  -1.361538864e-02
  7.984694876e-02
  2.377251612e-02
  3.764021261e-02
  -1.004935294e+00 2.076825540e-01 -5.545359678e-02
  1.215232564e-01 1.178971895e-01 8.731543489e-02
  1.412758270e-01 7.518703369e-01 2.464811061e-01
 Node:         74
  0.1368E+03  0.1304E+03  0.4682E+03  0.0000E+00
   0.06332
  -0.009822
  -0.004413
   0.004397
  -0.009969
   0.005266
  8.567601357e-02
  1.120862074e-02
  -1.469916692e-02
  9.048634686e-02
  2.739515580e-02
  4.265567298e-02
  -9.578015586e-01 9.598162896e-02 -1.143182102e-01
  1.438073404e-02 1.851331523e-01 -1.080875314e-01
  3.789819005e-02 8.694690799e-01 3.780100352e-01
 Node:         75
  0.1313E+03  0.1289E+03  0.4826E+03  0.0000E+00
   0.05548
  -0.003966
  -5.474E-4
  -0.003751
  -0.002149
   3.493E-4
  6.854309904e-02
  2.256227863e-03
  -3.626315435e-03
  6.943150962e-02
  2.239100382e-02
  3.273032752e-02
  -9.877231272e-01 3.422817999e-02 4.802932780e-02
  -2.024450377e-02 -4.223233937e-01 6.860837104e-01
  5.185617898e-02 8.152313223e-01 5.025536199e-01
 Node:         76
  0.1517E+03  0.1311E+03  0.4523E+03  0.0000E+00
   0.05638
  -0.02235
  -0.01225
  -0.005011
   0.02214
   0.01141
  8.230721066e-02
  2.313135148e-02
  -2.829297838e-02
  9.614655777e-02
  2.571519459e-02
  4.532392199e-02
  -7.391610860e-01 2.464410960e-01 1.956565108e-01
  3.324628582e-01 4.074486476e-01 8.386168426e-01
  -5.560990447e-02 -3.021975867e-01 1.169830970e-01
 Node:         77
  0.1447E+03  0.1282E+03  0.4687E+03  0.0000E+00
   0.0688
   0.002041
  -0.00609
  -0.00293
   0.01676
   0.005119
  9.249535948e-02
  1.646690227e-02
  -1.854600050e-02
  9.836587435e-02
  3.013875375e-02
  4.637011786e-02
  -9.734038210e-01 -3.014517345e-02 2.894436802e-02
  8.205095928e-02 4.306135747e-01 6.067789341e-01
  -8.826805480e-02 -4.544474610e-02 7.145165913e-02
 Node:         78
  0.1384E+03  0.1261E+03  0.4829E+03  0.0000E+00
   0.05815
   0.00509
  -4.146E-4
  -0.002917
  -2.33E-5
   2.15E-4
  7.275030970e-02
  4.149194369e-04
  -1.847436501e-03
  7.350055806e-02
  2.377259755e-02
  3.464849535e-02
  -9.843926094e-01 -9.882518552e-02 3.347015938e-02
  -2.427446958e-02 4.917178984e-02 5.100283057e-01
  -7.411483660e-02 8.715045249e-01 1.452949930e-01
 Node:         79
  0.1559E+03  0.1262E+03  0.4530E+03  0.0000E+00
   0.05613
   0.04498
   0.004204
   0.007036
   0.001123
  -0.02913
  1.573488120e-01
  -2.031369030e-02
  -4.221001810e-02
  1.896164080e-01
  3.160836786e-02
  8.938603193e-02
  -8.679243338e-01 -4.350498341e-01 1.545275063e-02
  1.270502916e-01 -1.757036702e-01 5.701863751e-01
  -3.047528909e-01 5.134675716e-01 5.330316742e-04
 Node:         80
  0.1497E+03  0.1241E+03  0.4696E+03  0.0000E+00
   0.07109
   0.04282
   0.001441
   0.009538
  -0.00161
  -0.02368
  1.543055043e-01
  -1.605418250e-02
  -2.966587129e-02
  1.775809234e-01
  3.619515016e-02
  8.371245012e-02
  -9.139930116e-01 -3.882606838e-01 -7.930370156e-02
  7.444121669e-02 -3.798863851e-01 6.639567622e-01
  -1.821373856e-01 3.064985923e-01 3.281421116e-01
 Node:         81
  0.1433E+03  0.1217E+03  0.4837E+03  0.0000E+00
   0.05901
   0.01073
   4.206E-5
   0.002411
   5.234E-4
  -0.002943
  7.768848014e-02
  -1.723218049e-03
  -4.768349422e-03
  8.097928772e-02
  2.373230422e-02
  3.817400232e-02
  -9.711426345e-01 -1.677794369e-01 -5.684238813e-02
  -9.760684642e-02 6.183630970e-01 7.513778783e-02
  -7.002671483e-02 1.163736853e-01 8.864442936e-01
 Node:         82
  0.1267E+03  0.1149E+03  0.4568E+03 -0.1498E-01
   0.01643
  -0.01369
  -0.02584
   0.005371
   0.02368
  -0.02937
  2.190392132e-02
  -9.882946204e-03
  -6.477840930e-02
  7.706924797e-02
  -1.758581140e-02
  3.633079190e-02
  9.898687783e-02 1.836215505e-01 1.516274661e-01
  2.425835646e-01 1.076572247e-01 2.986858220e-01
  -3.882242333e-02 -1.317063851e-01 1.524928105e-01
 Node:         83
  0.1234E+03  0.1130E+03  0.4722E+03 -0.1498E-01
   0.01407
  -0.00112
  -0.02826
   0.03825
   0.01026
  -0.0343
  4.157995726e-02
  -3.578534087e-02
  -6.831922544e-02
  9.782233708e-02
  -2.084153635e-02
  4.611389193e-02
  2.249542986e-01 1.461766370e-01 2.344521870e-01
  -1.104334490e-01 6.254048265e-01 2.059653595e-01
  -8.567038713e-02 1.042957265e-01 1.767228758e-01
 Node:         84
  0.1187E+03  0.1123E+03  0.4849E+03 -0.1498E-01
   0.02021
   8.827E-4
  -0.02984
   0.01431
  -5.931E-4
  -0.03396
  2.616296782e-02
  -3.867217898e-02
  -4.575305782e-02
  6.865689342e-02
  -1.942075633e-02
  3.236516994e-02
  2.593764203e-01 1.795780493e-02 1.078127401e-01
  1.427873102e-02 7.228484163e-01 -6.975227753e-02
  -1.579246757e-01 4.730614379e-02 5.689737054e-01
 Node:         85
  0.1302E+03  0.1161E+03  0.4556E+03 -0.1498E-01
   0.01557
  -0.0125
  -0.02465
   0.0088
   0.03516
  -0.02806
  2.524742049e-02
  2.033490950e-03
  -7.521724686e-02
  9.247593282e-02
  -1.597877847e-02
  4.359357280e-02
  1.280726998e-01 3.383812971e-01 2.932638562e-01
  -1.300212448e-01 5.376958270e-01 5.577371041e-01
  -8.309708396e-02 -3.985082453e-01 4.708078934e-01
 Node:         86
  0.1252E+03  0.1138E+03  0.4706E+03 -0.1498E-01
   0.01497
   0.01987
  -0.01781
   0.07319
   0.03631
  -0.03274
  1.094937893e-01
  -3.631028959e-02
  -9.601832137e-02
  1.839359457e-01
  -7.611607206e-03
  8.670823635e-02
  2.961265460e-01 2.140832076e-01 2.971985923e-01
  -1.003564103e-01 4.173375063e-01 -4.388923489e-02
  -2.098854701e-01 1.585233786e-03 3.691865259e-01
 Node:         87
  0.1217E+03  0.1126E+03  0.4834E+03 -0.1498E-01
   0.01934
   4.294E-4
  -0.0296
   0.01807
  -0.002912
  -0.03354
  2.742874158e-02
  -3.759515234e-02
  -4.855078582e-02
  7.116363552e-02
  -1.957239886e-02
  3.354685950e-02
  2.520794369e-01 4.212908497e-03 1.471973253e-01
  7.938480141e-02 8.451858723e-01 -2.560406677e-01
  -1.313476521e-01 9.978512318e-02 3.561854701e-01
 Node:         88
  0.1338E+03  0.1169E+03  0.4539E+03 -0.1498E-01
   0.009514
  -0.02031
  -0.02534
   0.007308
   0.04903
  -0.02244
  3.665516164e-02
  4.983440181e-03
  -8.850712720e-02
  1.134643258e-01
  -1.562284179e-02
  5.348759613e-02
  -2.584225993e-01 4.677459025e-01 3.837373555e-01
  2.677659226e-01 1.290029739e-01 2.301921669e-01
  -7.723373555e-02 -2.135483157e-01 1.762100000e-01
 Node:         89
  0.1270E+03  0.1150E+03  0.4689E+03 -0.1498E-01
   0.008052
   0.004503
  -0.02736
   0.03096
   0.01272
  -0.03099
  3.173238562e-02
  -3.764063348e-02
  -6.352574832e-02
  8.558779831e-02
  -2.314466539e-02
  4.034647505e-02
  2.091308195e-01 2.162754248e-01 2.644116792e-01
  -1.691747632e-01 7.012110608e-01 2.343010558e-01
  -2.139459025e-01 2.723252891e-03 4.452644545e-01
 Node:         90
  0.1248E+03  0.1132E+03  0.4822E+03 -0.1498E-01
   0.01803
   0.01028
  -0.03067
   0.009374
  -0.005148
  -0.03082
  2.276789970e-02
  -3.380386596e-02
  -4.871767823e-02
  6.541469997e-02
  -1.991788150e-02
  3.083678529e-02
  2.598765711e-01 1.070745133e-01 8.518024635e-02
  1.159008607e-02 2.997974862e-01 -2.020875314e-01
  -2.172919356e-01 5.581191051e-01 6.834506285e-01
 Node:         91
  0.1260E+03  0.1263E+03  0.4550E+03 -0.1498E-01
   0.01137
   0.019
  -0.01678
  -0.008666
   0.03683
  -0.03035
  3.755900201e-02
  -4.693282453e-03
  -7.594164338e-02
  1.012491654e-01
  -1.435864127e-02
  4.772931430e-02
  -6.351586224e-01 -1.585963801e-01 -1.603951735e-02
  6.594649879e-01 -1.746699447e-01 -2.987944238e-01
  2.268649271e-01 -5.816494721e-01 6.871290598e-01
 Node:         92
  0.1210E+03  0.1234E+03  0.4726E+03 -0.1498E-01
   0.01302
  -8.507E-4
  -0.02362
   0.002327
   0.02572
  -0.02711
  2.134750025e-02
  -1.223569583e-02
  -6.135083630e-02
  7.330600641e-02
  -1.741301063e-02
  3.455678282e-02
  4.478287582e-01 2.727745802e-01 2.567833987e-01
  -1.144599668e-01 5.337881850e-01 6.157737557e-01
  1.520387632e-02 -5.177517848e-01 6.349240825e-01
 Node:         93
  0.1159E+03  0.1217E+03  0.4877E+03 -0.1498E-01
   0.02031
  -0.00249
  -0.02952
   0.004372
   0.00574
  -0.03025
  2.266963012e-02
  -3.165439899e-02
  -4.504082655e-02
  6.219979910e-02
  -1.800853181e-02
  2.932126649e-02
  1.539970840e-01 -1.711954751e-03 1.184872448e-01
  4.692808446e-02 -2.520928105e-01 -1.674049774e-01
  6.177605382e-02 3.111169432e-01 -3.904094017e-01
 Node:         94
  0.1314E+03  0.1265E+03  0.4540E+03 -0.1498E-01
   0.009186
   0.01786
  -0.01515
  -0.02241
   0.03328
  -0.02702
  3.207909553e-02
  4.877699598e-03
  -7.588263585e-02
  9.897188163e-02
  -1.297528024e-02
  4.665579243e-02
  1.872809955e-01 2.204771845e-01 3.146935143e-02
  1.078820111e-01 2.845016591e-01 2.954138663e-01
  2.355423328e-01 -2.564759678e-01 4.272827049e-01
 Node:         95
  0.1250E+03  0.1236E+03  0.4707E+03 -0.1498E-01
   0.01021
  -0.003814
  -0.02183
  -0.002944
   0.01768
  -0.02461
  1.539668653e-02
