 Group name: predicted_stress_L1A3
 #Fields=  16
 1) coordinates, coordinate, rectangular cartesian, #Components=3
   x.  Value index= 1, #Derivatives=0
   y.  Value index= 2, #Derivatives=0
   z.  Value index= 3, #Derivatives=0
 2) Tensor_1, field, rectangular cartesian, #Components=1
   Tensor_1.  Value index= 4, #Derivatives=0
 3) Tensor_2, field, rectangular cartesian, #Components=1
   Tensor_2.  Value index= 5, #Derivatives=0
 4) Tensor_3, field, rectangular cartesian, #Components=1
   Tensor_3.  Value index= 6, #Derivatives=0
 5) Tensor_4, field, rectangular cartesian, #Components=1
   Tensor_4.  Value index= 7, #Derivatives=0
 6) Tensor_5, field, rectangular cartesian, #Components=1
   Tensor_5.  Value index= 8, #Derivatives=0
 7) Tensor_6, field, rectangular cartesian, #Components=1
   Tensor_6.  Value index= 9, #Derivatives=0
 8) Principal_1, field, rectangular cartesian, #Components=1
   Principal_1.  Value index= 10, #Derivatives=0
 9) Principal_2, field, rectangular cartesian, #Components=1
   Principal_2.  Value index= 11, #Derivatives=0
 10) Principal_3, field, rectangular cartesian, #Components=1
   Principal_3.  Value index= 12, #Derivatives=0
 11) VonMises, field, rectangular cartesian, #Components=1
   VonMises.  Value index= 13, #Derivatives=0
 12) Hydrostatic, field, rectangular cartesian, #Components=1
   VonMises.  Value index= 14, #Derivatives=0
 13) Octahedral, field, rectangular cartesian, #Components=1
   VonMises.  Value index= 15, #Derivatives=0
 14) PrincipalVector1, field, rectangular cartesian, #Components=3
   x.  Value index= 16, #Derivatives=0
   y.  Value index= 17, #Derivatives=0
   z.  Value index= 18, #Derivatives=0
 15) PrincipalVector2, field, rectangular cartesian, #Components=3
   x.  Value index= 19, #Derivatives=0
   y.  Value index= 20, #Derivatives=0
   z.  Value index= 21, #Derivatives=0
 16) PrincipalVector3, field, rectangular cartesian, #Components=3
   x.  Value index= 22, #Derivatives=0
   y.  Value index= 23, #Derivatives=0
   z.  Value index= 24, #Derivatives=0
 Node:          1
  0.1287E+03  0.1133E+03  0.4908E+03  0.1179E-04
   2.357E-5
  -1.439E-16
   2.357E-5
  -4.797E-17
  -7.196E-17
   2.357E-5
  -4.492083784e-02
  -4.492083784e-02
  -4.492083784e-02
  0.000000000e+00
  -4.492083784e-02
  0.000000000e+00
  9.672680851e-01 -2.510021277e-01 -3.213351064e-02
  2.382702128e-01 9.449191489e-01 -2.076127660e-01
  8.109829787e-02 1.935659574e-01 9.741617021e-01
 Node:          2
  0.1292E+03  0.1137E+03  0.5052E+03  0.1179E-04
   2.357E-5
  -1.919E-16
   2.357E-5
  -9.594E-17
   3.358E-16
   2.357E-5
  -4.492083784e-02
  -4.492083784e-02
  -4.492083784e-02
  0.000000000e+00
  -4.492083784e-02
  0.000000000e+00
  4.319021277e-01 -2.089021277e-01 -1.000255319e-01
  2.314351064e-01 3.900723404e-01 1.862138298e-01
  -7.143723404e-04 -4.618563830e-01 8.867382979e-01
 Node:          3
  0.1289E+03  0.1155E+03  0.5194E+03  0.1179E-04
   2.357E-5
   2.399E-16
   2.357E-5
   1.919E-16
   9.594E-17
   2.357E-5
  -4.492083784e-02
  -4.492083784e-02
  -4.492083784e-02
  0.000000000e+00
  -4.492083784e-02
  0.000000000e+00
  -3.967755319e-01 -8.738617021e-01 -2.778702128e-01
  4.828000000e-01 -4.573659574e-01 7.462478723e-01
  7.797085106e-01 -1.625936170e-01 -6.031829787e-01
 Node:          4
  0.1361E+03  0.1141E+03  0.4915E+03  0.1179E-04
   2.357E-5
  -4.797E-17
   2.357E-5
  -4.797E-17
  -1.439E-16
   2.357E-5
  -4.492083784e-02
  -4.492083784e-02
  -4.492083784e-02
  0.000000000e+00
  -4.492083784e-02
  0.000000000e+00
  -3.633351064e-02 -8.561106383e-02 9.954680851e-01
  -9.952106383e-01 8.922340426e-02 -2.821127660e-02
  -8.623063830e-02 -9.917893617e-01 -8.872872340e-02
 Node:          5
  0.1341E+03  0.1144E+03  0.5054E+03  0.1179E-04
   2.357E-5
   2.399E-16
   2.357E-5
   9.594E-17
  -1.199E-16
   2.357E-5
  -4.492083784e-02
  -4.492083784e-02
  -4.492083784e-02
  0.000000000e+00
  -4.492083784e-02
  0.000000000e+00
  1.057247872e-01 -1.741148936e-01 9.788978723e-01
  7.099702128e-01 7.021393617e-01 4.826840426e-02
  -6.958723404e-01 6.900787234e-01 1.981680851e-01
 Node:          6
  0.1323E+03  0.1162E+03  0.5191E+03  0.1179E-04
   2.357E-5
   9.594E-17
   2.357E-5
  -9.594E-17
  -4.797E-17
   2.357E-5
  -4.492083784e-02
  -4.492083784e-02
  -4.492083784e-02
  0.000000000e+00
  -4.492083784e-02
  0.000000000e+00
  -7.056223404e-01 -7.028510638e-01 8.584425532e-02
  3.285404255e-01 -3.630223404e-01 -3.295404255e-02
  7.498957447e-02 4.537287234e-02 9.956638298e-01
 Node:          7
  0.1408E+03  0.1171E+03  0.4920E+03  0.1179E-04
   2.357E-5
   3.838E-16
   2.357E-5
  -1.439E-16
  -1.919E-16
   2.357E-5
  -4.492083784e-02
  -4.492083784e-02
  -4.492083784e-02
  0.000000000e+00
  -4.492083784e-02
  0.000000000e+00
  8.770808511e-01 4.588297872e-01 -1.315489362e-01
  -4.730148936e-01 8.720744681e-01 -1.134693617e-01
  6.255393617e-02 1.611914894e-01 9.847446809e-01
 Node:          8
  0.1367E+03  0.1169E+03  0.5055E+03  0.1179E-04
   2.357E-5
   3.358E-16
   2.357E-5
  -6.956E-16
  -4.078E-16
   2.357E-5
  -4.492083784e-02
  -4.492083784e-02
  -4.492083784e-02
  0.000000000e+00
  -4.492083784e-02
  0.000000000e+00
  -3.097042553e-01 -5.757531915e-01 1.775308511e-01
  5.894702128e-01 -3.494042553e-01 -1.026106383e-02
  2.232312766e-01 3.616170213e-02 9.558148936e-01
 Node:          9
  0.1339E+03  0.1180E+03  0.5191E+03  0.1179E-04
   2.357E-5
   2.878E-16
   2.357E-5
  -6.836E-16
  -4.797E-16
   2.357E-5
  -4.492083784e-02
  -4.492083784e-02
  -4.492083784e-02
  0.000000000e+00
  -4.492083784e-02
  0.000000000e+00
  3.192840426e-01 2.596787234e-01 -5.054191489e-01
  9.327457447e-01 6.642553191e-02 1.559234043e-01
  -1.228519149e-01 5.151840426e-01 2.242053191e-01
 Node:         10
  0.1294E+03  0.1212E+03  0.4911E+03  0.1179E-04
   2.357E-5
   4.797E-17
   2.357E-5
  -2.399E-17
   2.159E-16
   2.357E-5
  -4.492083784e-02
  -4.492083784e-02
  -4.492083784e-02
  0.000000000e+00
  -4.492083784e-02
  0.000000000e+00
  2.384170213e-02 3.217531915e-01 3.745414894e-01
  1.374987234e-01 6.652776596e-01 -7.281957447e-01
  -4.779234043e-01 1.043852766e-01 -7.003659574e-02
 Node:         11
  0.1295E+03  0.1214E+03  0.5055E+03  0.1179E-04
   2.357E-5
  -4.797E-17
   2.357E-5
  -7.196E-17
   2.399E-17
   2.357E-5
  -4.492083784e-02
  -4.492083784e-02
  -4.492083784e-02
  0.000000000e+00
  -4.492083784e-02
  0.000000000e+00
  -1.853797872e-01 7.121361702e-02 6.266680851e-01
  -4.827148936e-01 4.444382979e-01 -1.969723404e-01
  6.890617021e-01 4.315382979e-01 1.191744681e-01
 Node:         12
  0.1295E+03  0.1217E+03  0.5196E+03  0.1179E-04
   2.357E-5
   1.998E-37
   2.357E-5
   1.319E-16
   4.797E-17
   2.357E-5
  -4.492083784e-02
  -4.492083784e-02
  -4.492083784e-02
  0.000000000e+00
  -4.492083784e-02
  0.000000000e+00
  -2.450638298e-01 -8.280895745e-02 -9.653808511e-01
  -3.519957447e-01 9.133117021e-01 1.476849439e-02
  -1.400829787e-01 3.742765957e-02 2.628510638e-02
 Node:         13
  0.1361E+03  0.1199E+03  0.4914E+03  0.1179E-04
   2.357E-5
  -2.399E-16
   2.357E-5
  -1.679E-16
   4.797E-17
   2.357E-5
  -4.492083784e-02
  -4.492083784e-02
  -4.492083784e-02
  0.000000000e+00
  -4.492083784e-02
  0.000000000e+00
  9.184446809e-01 -3.749021277e-01 -1.259978723e-01
  3.736829787e-01 9.268510638e-01 -3.405276596e-02
  1.296446809e-01 -1.582871064e-02 9.913808511e-01
 Node:         14
  0.1342E+03  0.1198E+03  0.5054E+03  0.1179E-04
   2.357E-5
   4.797E-17
   2.357E-5
   9.594E-17
  -1.559E-16
   2.357E-5
  -4.492083784e-02
  -4.492083784e-02
  -4.492083784e-02
  0.000000000e+00
  -4.492083784e-02
  0.000000000e+00
  8.709159574e-02 -2.618521277e-01 9.606489362e-01
  -2.688644681e-01 -9.334723404e-01 -2.287829787e-01
  -9.570989362e-01 2.381395745e-01 1.525287234e-01
 Node:         15
  0.1330E+03  0.1205E+03  0.5193E+03  0.1179E-04
   2.357E-5
  -1.439E-16
   2.357E-5
   2.399E-17
   8.395E-17
   2.357E-5
  -4.492083784e-02
  -4.492083784e-02
  -4.492083784e-02
  0.000000000e+00
  -4.492083784e-02
  0.000000000e+00
  9.937404255e-01 -1.103114894e-01 7.473085106e-03
  -2.736946809e-02 -3.140000000e-01 -9.465489362e-01
  1.062097872e-01 9.405787234e-01 -3.149840426e-01
 Node:         16
  0.1404E+03  0.1188E+03  0.4918E+03  0.1179E-04
   2.357E-5
   9.594E-17
   2.357E-5
  -1.439E-16
  -2.518E-16
   2.357E-5
  -4.492083784e-02
  -4.492083784e-02
  -4.492083784e-02
  0.000000000e+00
  -4.492083784e-02
  0.000000000e+00
  -1.492893617e-01 -2.406297872e-01 9.588553191e-01
  -6.592063830e-01 -4.584223404e-01 -2.206085106e-01
  4.937393617e-01 -6.635553191e-01 -9.630638298e-02
 Node:         17
  0.1365E+03  0.1184E+03  0.5055E+03  0.1179E-04
   2.357E-5
   4.797E-17
   2.357E-5
   1.679E-16
   2.938E-16
   2.357E-5
  -4.492083784e-02
  -4.492083784e-02
  -4.492083784e-02
  0.000000000e+00
  -4.492083784e-02
  0.000000000e+00
  2.911734043e-01 4.724063830e-01 8.102500000e-01
  9.179085106e-01 -3.760223404e-01 -9.286885957e-02
  -2.562808511e-01 -7.727085106e-01 5.450265957e-01
 Node:         18
  0.1341E+03  0.1191E+03  0.5192E+03  0.1179E-04
   2.357E-5
   2.656E-37
   2.357E-5
   4.572E-17
   1.84E-16
   2.357E-5
  -4.492083784e-02
  -4.492083784e-02
  -4.492083784e-02
  0.000000000e+00
  -4.492083784e-02
  0.000000000e+00
  2.493659574e-02 8.588191489e-02 8.243510638e-01
  7.665946809e-01 -1.078063830e-01 -1.898134099e-02
  -4.062787234e-01 -6.056946809e-01 6.443510638e-02
 Node:         19
  0.1301E+03  0.1291E+03  0.4914E+03  0.0000E+00
   4.934E-16
   0.0
   4.934E-16
   3.631E-19
   1.731E-17
  -9.869E-16
  4.936000000e-16
  4.934000000e-16
  -9.871000000e-16
  1.480600010e-15
  -3.333333333e-20
  6.979615383e-16
  -2.097000000e-02 -9.997000000e-01 -1.169000000e-02
  -9.998000000e-01 2.097000000e-02 -8.123000000e-17
  2.452000000e-04 1.169000000e-02 -9.999000000e-01
 Node:         20
  0.1299E+03  0.1291E+03  0.5058E+03  0.0000E+00
   9.869E-16
   0.0
   0.0
   1.799E-17
   3.326E-17
  -2.467E-16
  9.871000000e-16
  4.400000000e-18
  -2.514000000e-16
  1.132478516e-15
  2.467000000e-16
  5.338554923e-16
  -9.999000000e-01 -4.917000000e-04 -1.459000000e-02
  2.401000000e-03 -9.914000000e-01 -1.311000000e-01
  -1.440000000e-02 -1.312000000e-01 9.913000000e-01
 Node:         21
  0.1301E+03  0.1280E+03  0.5197E+03  0.0000E+00
   4.934E-16
   0.0
   0.0
   7.196E-17
   2.549E-17
   4.934E-16
  5.660000000e-16
  4.222000000e-16
  -1.341000000e-18
  5.108528306e-16
  3.289530000e-16
  2.408183338e-16
  -7.039000000e-01 -3.195000000e-02 -7.096000000e-01
  -7.102000000e-01 4.241000000e-02 7.027000000e-01
  -7.642000000e-03 -9.986000000e-01 5.255000000e-02
 Node:         22
  0.1360E+03  0.1256E+03  0.4913E+03  0.0000E+00
  -9.869E-16
   2.399E-17
  -4.934E-16
  -2.399E-17
   1.739E-16
   4.934E-16
  5.234000000e-16
  -5.215000000e-16
  -9.888000000e-16
  1.341069376e-15
  -3.289666667e-16
  6.321861663e-16
  -1.298000000e-02 1.683000000e-01 9.857000000e-01
  5.935000000e-02 9.841000000e-01 -1.672000000e-01
  -9.982000000e-01 5.633000000e-02 -2.276000000e-02
 Node:         23
  0.1343E+03  0.1253E+03  0.5054E+03  0.0000E+00
   0.0
   3.598E-17
  -1.974E-15
   0.0
   2.271E-16
  -7.401E-16
  6.796000000e-19
  -6.997000000e-16
  -2.015000000e-15
  1.772499637e-15
  -9.046734667e-16
  8.355643418e-16
  9.998000000e-01 1.889000000e-02 5.790000000e-03
  -9.011000000e-03 1.753000000e-01 9.845000000e-01
  1.758000000e-02 -9.843000000e-01 1.754000000e-01
 Node:         24
  0.1336E+03  0.1248E+03  0.5194E+03  0.0000E+00
  -9.869E-16
   2.099E-17
   0.0
   2.399E-17
   1.499E-18
  -7.401E-16
  4.516000000e-19
  -7.379000000e-16
  -9.896000000e-16
  8.912682385e-16
  -5.756828000e-16
  4.201478769e-16
  -2.132000000e-02 -9.998000000e-01 -2.714000000e-03
  9.549000000e-02 -4.739000000e-03 9.954000000e-01
  -9.952000000e-01 2.096000000e-02 9.557000000e-02
 Node:         25
  0.1400E+03  0.1206E+03  0.4917E+03  0.0000E+00
   0.0
   4.617E-16
  -4.934E-16
  -1.439E-16
  -2.249E-16
   9.869E-16
  1.067000000e-15
  2.050000000e-16
  -7.785000000e-16
  1.599404030e-15
  1.645000000e-16
  7.539662901e-16
  -2.161000000e-01 -2.016000000e-01 9.553000000e-01
  8.390000000e-01 4.621000000e-01 2.874000000e-01
  -4.994000000e-01 8.636000000e-01 6.929000000e-02
 Node:         26
  0.1363E+03  0.1200E+03  0.5055E+03  0.0000E+00
   9.869E-16
   1.859E-16
  -2.714E-15
   4.797E-17
  -1.943E-15
  -2.467E-16
  1.006000000e-15
  8.090000000e-16
  -3.789000000e-15
  4.699597749e-15
  -6.580000000e-16
  2.215411625e-15
  9.680000000e-01 1.526000000e-01 -1.995000000e-01
  2.481000000e-01 -4.578000000e-01 8.538000000e-01
  -3.892000000e-02 8.759000000e-01 4.809000000e-01
 Node:         27
  0.1343E+03  0.1203E+03  0.5192E+03  0.0000E+00
   9.869E-16
  -3.358E-16
   9.869E-16
  -1.799E-16
   2.27E-15
   0.0
  2.890000000e-15
  9.150000000e-16
  -1.831000000e-15
  4.106639867e-15
  6.580000000e-16
  1.935888599e-15
  -1.931000000e-01 7.658000000e-01 6.135000000e-01
  9.808000000e-01 1.345000000e-01 1.409000000e-01
  2.534000000e-02 6.289000000e-01 -7.771000000e-01
 Node:         28
  0.1155E+03  0.1124E+03  0.4931E+03  0.6966E-04
   1.393E-4
   6.595E-17
   1.393E-4
  -9.593E-17
   9.593E-17
   1.393E-4
  -2.684509954e-01
  -2.684509954e-01
  -2.684509954e-01
  0.000000000e+00
  -2.684509954e-01
  0.000000000e+00
  4.178223404e-02 9.276670213e-01 1.841138298e-01
  6.571787234e-02 2.408244681e-01 -5.923000000e-01
  -9.941042553e-01 6.657500000e-02 -6.594457447e-02
 Node:         29
  0.1119E+03  0.1139E+03  0.5068E+03  0.6966E-04
   1.393E-4
  -3.597E-17
   1.393E-4
   9.593E-17
   1.199E-17
   1.393E-4
  -2.684509954e-01
  -2.684509954e-01
  -2.684509954e-01
  0.000000000e+00
  -2.684509954e-01
  0.000000000e+00
  -4.858904255e-02 6.497765957e-01 -3.946582979e-02
  -8.119500000e-01 3.302446809e-03 -1.886414894e-01
  -9.751914894e-02 3.182031915e-02 6.494851064e-01
 Node:         30
  0.1113E+03  0.1159E+03  0.5206E+03  0.6966E-04
   1.393E-4
   2.158E-16
   1.393E-4
  -1.932E-36
  -4.796E-17
   1.393E-4
  -2.684509954e-01
  -2.684509954e-01
  -2.684509954e-01
  0.000000000e+00
  -2.684509954e-01
  0.000000000e+00
  2.892425532e-01 4.345425532e-01 -6.602191489e-02
  -5.276936170e-01 4.388361702e-01 1.543936170e-01
  6.029670213e-02 -1.358606383e-01 6.657744681e-01
 Node:         31
  0.1203E+03  0.1126E+03  0.4920E+03  0.6966E-04
   1.393E-4
   1.679E-16
   1.393E-4
   4.796E-17
   7.195E-17
   1.393E-4
  -2.684509954e-01
  -2.684509954e-01
  -2.684509954e-01
  0.000000000e+00
  -2.684509954e-01
  0.000000000e+00
  -2.985627660e-01 -3.197063830e-01 -3.815180851e-01
  3.829819149e-01 -3.591489362e-03 -6.425553191e-01
  3.179382979e-01 -6.560053191e-01 2.437234043e-03
 Node:         32
  0.1188E+03  0.1134E+03  0.5062E+03  0.6966E-04
   1.393E-4
  -2.398E-17
   1.393E-4
  -4.796E-17
   1.679E-16
   1.393E-4
  -2.684509954e-01
  -2.684509954e-01
  -2.684509954e-01
  0.000000000e+00
  -2.684509954e-01
  0.000000000e+00
  8.381851064e-01 -5.220957447e-03 -3.155180851e-02
  2.853670213e-02 3.272361702e-01 7.691627660e-01
  -9.891429787e-03 -8.978500000e-01 4.252691489e-01
 Node:         33
  0.1183E+03  0.1150E+03  0.5201E+03  0.6966E-04
   1.393E-4
   9.593E-17
   1.393E-4
   1.439E-16
   2.576E-36
   1.393E-4
  -2.684509954e-01
  -2.684509954e-01
  -2.684509954e-01
  0.000000000e+00
  -2.684509954e-01
  0.000000000e+00
  8.073702128e-01 1.057917021e-01 2.301723404e-01
  -3.634217257e-02 5.713031915e-01 -3.717436170e-01
  -1.833787234e-01 1.784457447e-01 5.092074468e-01
 Node:         34
  0.1255E+03  0.1129E+03  0.4909E+03  0.6966E-04
   1.393E-4
   3.005E-36
   1.393E-4
   9.593E-17
   1.679E-16
   1.393E-4
  -2.684509954e-01
  -2.684509954e-01
  -2.684509954e-01
  0.000000000e+00
  -2.684509954e-01
  0.000000000e+00
  2.477776596e-01 8.606489362e-02 3.131712766e-01
  4.063872340e-01 1.914787234e-02 4.447272031e-02
  1.133648936e-01 -8.607553191e-02 -4.237446809e-02
 Node:         35
  0.1260E+03  0.1135E+03  0.5054E+03  0.6966E-04
   1.393E-4
   1.919E-16
   1.393E-4
   1.919E-16
   4.317E-16
   1.393E-4
  -2.684509954e-01
  -2.684509954e-01
  -2.684509954e-01
  0.000000000e+00
  -2.684509954e-01
  0.000000000e+00
  7.073776596e-01 4.931648936e-01 4.902436170e-01
  -2.312787234e-01 2.340468085e-01 2.483308511e-01
  3.279740933e-02 -7.222904255e-01 6.828287234e-01
 Node:         36
  0.1257E+03  0.1153E+03  0.5196E+03  0.6966E-04
   1.393E-4
  -9.593E-17
   1.393E-4
  -9.593E-17
   1.439E-16
   1.393E-4
  -2.684509954e-01
  -2.684509954e-01
  -2.684509954e-01
  0.000000000e+00
  -2.684509954e-01
  0.000000000e+00
  -4.039968085e-01 5.994074468e-01 5.152159574e-01
  5.153361702e-01 1.412085106e-01 2.274006383e-01
  3.312557102e-02 -5.226638298e-01 4.370095745e-01
 Node:         37
  0.1132E+03  0.1210E+03  0.4959E+03  0.6966E-04
   1.393E-4
   2.398E-16
   1.393E-4
  -1.439E-16
   3.118E-16
   1.393E-4
  -2.684509954e-01
  -2.684509954e-01
  -2.684509954e-01
  0.000000000e+00
  -2.684509954e-01
  0.000000000e+00
  -3.445723404e-01 -5.100553191e-01 -2.476700000e-01
  5.751978723e-01 -1.771668085e-01 -3.718489362e-01
  2.251074468e-01 -3.861170213e-01 5.465368085e-01
 Node:         38
  0.1111E+03  0.1204E+03  0.5085E+03  0.6966E-04
   1.393E-4
   1.679E-16
   1.393E-4
  -4.796E-17
  -1.439E-16
   1.393E-4
  -2.684509954e-01
  -2.684509954e-01
  -2.684509954e-01
  0.000000000e+00
  -2.684509954e-01
  0.000000000e+00
  1.923553191e-01 9.711574468e-01 -1.359731915e-01
  9.730606383e-01 -1.948148936e-01 -2.308085106e-03
  2.843851064e-02 1.280670213e-01 9.841574468e-01
 Node:         39
  0.1119E+03  0.1201E+03  0.5207E+03  0.6966E-04
   1.393E-4
  -1.679E-16
   1.393E-4
  -1.439E-16
  -1.319E-16
   1.393E-4
  -2.684509954e-01
  -2.684509954e-01
  -2.684509954e-01
  0.000000000e+00
  -2.684509954e-01
  0.000000000e+00
  9.324042553e-01 -5.484038298e-02 -3.496978723e-01
  3.315680851e-01 -2.410595745e-01 9.059553191e-01
  -1.297046809e-01 -9.633212766e-01 -2.061223404e-01
 Node:         40
  0.1191E+03  0.1220E+03  0.4937E+03  0.6966E-04
   1.393E-4
   1.439E-16
   1.393E-4
   1.439E-16
  -2.398E-17
   1.393E-4
  -2.684509954e-01
  -2.684509954e-01
  -2.684509954e-01
  0.000000000e+00
  -2.684509954e-01
  0.000000000e+00
  -6.134255319e-02 -1.759617021e-02 -1.202340426e-02
  9.790712189e-03 -7.714787234e-02 1.735851064e-02
  2.265531915e-02 -1.477340426e-02 -7.571170213e-02
 Node:         41
  0.1182E+03  0.1217E+03  0.5073E+03  0.6966E-04
   1.393E-4
  -4.796E-17
   1.393E-4
   9.593E-17
   1.679E-16
   1.393E-4
  -2.684509954e-01
  -2.684509954e-01
  -2.684509954e-01
  0.000000000e+00
  -2.684509954e-01
  0.000000000e+00
  -1.145265957e-01 -1.212782979e-01 -9.720351064e-01
  -4.610872340e-01 1.886723404e-01 7.546914894e-02
  1.678819149e-01 9.562914894e-01 -1.447389362e-01
 Node:         42
  0.1187E+03  0.1212E+03  0.5204E+03  0.6966E-04
   1.393E-4
  -9.593E-17
   1.393E-4
  -1.717E-36
   9.593E-17
   1.393E-4
  -2.684509954e-01
  -2.684509954e-01
  -2.684509954e-01
  0.000000000e+00
  -2.684509954e-01
  0.000000000e+00
  -1.386117021e-02 2.005031915e-02 6.655531915e-01
  -4.770000000e-01 1.325329787e-01 -2.670489362e-02
  -1.344765957e-01 -9.745872340e-01 1.302973404e-01
 Node:         43
  0.1258E+03  0.1217E+03  0.4915E+03  0.6966E-04
   1.393E-4
   1.919E-16
   1.393E-4
  -2.398E-17
  -8.586E-37
   1.393E-4
  -2.684509954e-01
  -2.684509954e-01
  -2.684509954e-01
  0.000000000e+00
  -2.684509954e-01
  0.000000000e+00
  9.151436170e-01 1.059319149e-01 -6.155319149e-02
  -3.853393617e-01 5.060712766e-01 -6.257914894e-02
  1.509053191e-02 -9.011112766e-02 9.847787234e-01
 Node:         44
  0.1259E+03  0.1220E+03  0.5059E+03  0.6966E-04
   1.393E-4
   2.398E-16
   1.393E-4
   1.679E-16
   1.919E-16
   1.393E-4
  -2.684509954e-01
  -2.684509954e-01
  -2.684509954e-01
  0.000000000e+00
  -2.684509954e-01
  0.000000000e+00
  -2.167627660e-01 -1.793074468e-01 -4.148234043e-01
  -5.589648936e-01 -4.215414894e-01 4.646893617e-01
  5.368851064e-01 -6.410968085e-01 4.532489362e-02
 Node:         45
  0.1261E+03  0.1221E+03  0.5198E+03  0.6966E-04
   1.393E-4
  -1.439E-16
   1.393E-4
   4.796E-17
  -1.199E-17
   1.393E-4
  -2.684509954e-01
  -2.684509954e-01
  -2.684509954e-01
  0.000000000e+00
  -2.684509954e-01
  0.000000000e+00
  7.625361702e-02 -4.349957447e-02 9.945851064e-01
  -9.848574468e-01 1.493021277e-01 8.287031915e-02
  -1.533563830e-01 -9.863148936e-01 -3.096993617e-02
 Node:         46
  0.1117E+03  0.1296E+03  0.4959E+03  0.0000E+00
  -2.467E-16
   4.797E-17
  -7.401E-16
   1.199E-17
  -4.497E-17
   0.0
  3.057000000e-18
  -2.423000000e-16
  -7.476000000e-16
  6.629532710e-16
  -3.289476667e-16
  3.125191690e-16
  3.676000000e-02 -5.800000000e-02 9.976000000e-01
  9.946000000e-01 9.864000000e-02 -3.092000000e-02
  -9.662000000e-02 9.934000000e-01 6.131000000e-02
 Node:         47
  0.1107E+03  0.1269E+03  0.5087E+03  0.0000E+00
  -7.401E-16
  -5.397E-17
   4.934E-16
  -4.797E-17
   6.896E-17
   0.0
  5.058000000e-16
  -7.273000000e-18
  -7.452000000e-16
  1.089215580e-15
  -8.222433333e-17
  5.134611487e-16
  -4.821000000e-02 9.891000000e-01 1.394000000e-01
  -5.424000000e-02 -1.420000000e-01 9.884000000e-01
  -9.974000000e-01 -4.009000000e-02 -6.049000000e-02
 Node:         48
  0.1125E+03  0.1242E+03  0.5208E+03  0.0000E+00
   4.934E-16
   5.997E-18
   4.934E-16
   0.0
  -2.998E-18
   4.934E-16
  5.001000000e-16
  4.934000000e-16
  4.867000000e-16
  1.160474041e-17
  4.934000000e-16
  5.470527092e-18
  -6.325000000e-01 -7.071000000e-01 3.162000000e-01
  4.472000000e-01 -2.276000000e-15 8.944000000e-01
  6.325000000e-01 -7.071000000e-01 -3.162000000e-01
 Node:         49
  0.1186E+03  0.1311E+03  0.4938E+03  0.0000E+00
  -7.401E-16
  -3.598E-17
   0.0
  -7.196E-17
  -1.049E-17
  -2.467E-16
  1.947000000e-18
  -2.366000000e-16
  -7.523000000e-16
  6.677348644e-16
  -3.289843333e-16
  3.147732338e-16
  4.561000000e-02 -9.985000000e-01 2.894000000e-02
  -1.430000000e-01 2.215000000e-02 9.895000000e-01
  -9.887000000e-01 -4.926000000e-02 -1.418000000e-01
 Node:         50
  0.1180E+03  0.1298E+03  0.5075E+03  0.0000E+00
   0.0
  -2.249E-17
   1.48E-15
  -7.196E-17
   2.155E-17
   9.869E-16
  1.482000000e-15
  9.910000000e-16
  -5.513000000e-18
  1.312785985e-15
  8.224956667e-16
  6.188532481e-16
  1.739000000e-02 -9.988000000e-01 -4.603000000e-02
  -7.128000000e-02 -4.716000000e-02 9.963000000e-01
  9.973000000e-01 1.405000000e-02 7.201000000e-02
 Node:         51
  0.1192E+03  0.1275E+03  0.5206E+03  0.0000E+00
   0.0
  -5.997E-18
  -2.467E-16
   0.0
   2.549E-17
   4.934E-16
  4.943000000e-16
  1.449000000e-19
  -2.477000000e-16
  6.542860068e-16
  8.224830000e-17
  3.084333815e-16
  -4.170000000e-04 3.438000000e-02 9.994000000e-01
  9.997000000e-01 -2.416000000e-02 1.248000000e-03
  2.418000000e-02 9.991000000e-01 -3.436000000e-02
 Node:         52
  0.1262E+03  0.1305E+03  0.4920E+03  0.0000E+00
   4.934E-16
  -2.399E-17
   4.934E-16
   2.249E-18
   8.48E-18
   0.0
  5.175000000e-16
  4.696000000e-16
  -1.600000000e-19
  4.954496661e-16
  3.289800000e-16
  2.335572124e-16
  -7.061000000e-01 7.080000000e-01 8.534000000e-03
  7.081000000e-01 7.060000000e-01 1.614000000e-02
  -5.403000000e-03 -1.744000000e-02 9.998000000e-01
 Node:         53
  0.1258E+03  0.1304E+03  0.5063E+03  0.0000E+00
  -7.401E-16
  -2.998E-18
  -4.934E-16
   4.797E-17
   5.847E-17
  -9.869E-16
  -4.866000000e-16
  -7.314000000e-16
  -1.002000000e-15
  4.465358664e-16
  -7.400000000e-16
  2.104990261e-16
  1.040000000e-02 9.931000000e-01 1.171000000e-01
  -9.836000000e-01 3.123000000e-02 -1.776000000e-01
  -1.800000000e-01 -1.133000000e-01 9.771000000e-01
 Node:         54
  0.1265E+03  0.1288E+03  0.5200E+03  0.0000E+00
  -9.869E-16
   3.598E-17
   4.934E-16
   0.0
  -7.496E-18
   4.934E-16
  5.014000000e-16
  4.864000000e-16
  -9.877000000e-16
  1.481656947e-15
  3.333333333e-20
  6.984597833e-16
  1.758000000e-02 7.272000000e-01 -6.862000000e-01
  1.675000000e-02 6.860000000e-01 7.274000000e-01
  -9.997000000e-01 2.428000000e-02 1.229000000e-04
 Node:         55
  0.1382E+03  0.1167E+03  0.4536E+03 -0.8612E-03
   0.01308
  -0.00737
   0.003794
   0.002564
   0.01244
   0.002026
  2.426980851e-02
  1.839505319e-02
  -1.691556383e-02
  3.797727090e-02
  8.583099291e-03
  1.790265719e-02
  -3.294265957e-01 4.008244681e-01 2.732457447e-01
  5.873542553e-01 1.557877979e-01 3.652425532e-01
  7.307446809e-03 -1.530531915e-02 1.870531915e-02
 Node:         56
  0.1314E+03  0.1156E+03  0.4688E+03 -0.8612E-03
   0.01267
   0.003896
   0.001243
   0.01524
  -4.46E-4
  -0.001363
  3.060501064e-02
  1.254929787e-03
  -1.657041170e-02
  4.108550794e-02
  5.096509574e-03
  1.936789418e-02
  -8.466712766e-01 1.421127660e-03 -3.542511702e-01
  1.078045745e-01 -4.872734043e-01 3.130853191e-01
  -3.983702128e-01 -1.661659574e-02 6.107878723e-01
 Node:         57
  0.1285E+03  0.1140E+03  0.4823E+03 -0.8612E-03
   0.01816
   0.006324
  -0.001923
   0.00486
  -0.003299
  -0.001953
  3.230260638e-02
  -1.759117021e-04
  -1.290225851e-02
  4.033657816e-02
  6.408145390e-03
  1.901484530e-02
  -9.633914894e-01 -1.377728723e-01 -1.057406468e-01
  8.854822872e-02 -4.202553191e-01 7.189351064e-01
  -2.613351064e-01 4.435159574e-01 6.781910106e-01
 Node:         58
  0.1482E+03  0.1174E+03  0.4541E+03 -0.8612E-03
   0.01289
  -0.02181
   0.007807
  -0.003485
   0.01041
  -4.799E-4
  5.666309574e-02
  -1.246569362e-03
  -2.100030851e-02
  6.985837858e-02
  1.147207262e-02
  3.293155548e-02
  -6.819510638e-01 6.765882979e-01 2.767904255e-01
  2.021212766e-01 1.087861702e-01 1.993787234e-01
  -4.809340426e-01 -6.991734043e-01 5.172000000e-01
 Node:         59
  0.1418E+03  0.1164E+03  0.4698E+03 -0.8612E-03
   0.01291
  -0.01524
   0.005125
   0.008702
   0.002814
  -0.002738
  3.534359574e-02
  2.884297872e-03
  -1.780887234e-02
  4.600570087e-02
  6.806340426e-03
  2.168729537e-02
  -7.664042553e-01 5.955563830e-01 1.732180851e-03
  2.157468085e-01 3.623382979e-01 3.985936170e-01
  2.657478723e-01 1.168424468e-01 -1.274478723e-01
 Node:         60
  0.1375E+03  0.1150E+03  0.4833E+03 -0.8612E-03
   0.01831
  -9.545E-4
  -8.495E-4
   0.005511
  -0.001969
  -0.002167
  2.911390426e-02
  -2.036520106e-03
  -7.194103191e-03
  3.406788521e-02
  6.627760319e-03
  1.605975510e-02
  -9.407106383e-01 1.629569149e-01 -9.813646809e-02
  1.478478723e-01 7.886191489e-01 -2.074774468e-01
  -2.186882979e-01 7.827131915e-02 7.758244681e-01
 Node:         61
  0.1553E+03  0.1214E+03  0.4545E+03 -0.8612E-03
   0.01661
  -0.02029
   0.003064
  -0.01833
   0.02519
  -0.008236
  9.407854255e-02
  -1.481479468e-02
  -4.408200213e-02
  1.259496333e-01
  1.172724858e-02
  5.937322652e-02
  -7.033127660e-01 5.880936170e-01 3.433107447e-01
  6.547761702e-01 4.361957447e-01 3.771234043e-01
  8.453042553e-02 3.176914894e-01 -1.701568085e-01
 Node:         62
  0.1492E+03  0.1199E+03  0.4704E+03 -0.8612E-03
   0.01892
  -0.02676
   0.003321
  -0.001269
   0.01038
  -0.008462
  7.318184043e-02
  -1.037945851e-02
  -3.357900000e-02
  9.724412569e-02
  9.741127305e-03
  4.584132047e-02
  -7.676308511e-01 6.030063830e-01 2.009053191e-01
  -1.807123404e-01 -2.345500000e-01 -3.114734043e-01
  -1.381914894e-01 -2.770276596e-01 2.877344468e-01
 Node:         63
  0.1436E+03  0.1181E+03  0.4839E+03 -0.8612E-03
   0.02042
  -0.006531
  -7.963E-4
   0.003058
  -0.002953
  -0.003021
  3.466098936e-02
  -3.434013830e-03
  -7.497470213e-03
  4.032861139e-02
  7.909835106e-03
  1.901108972e-02
  -9.092148936e-01 3.477117021e-01 -1.883385106e-02
  3.308351064e-01 5.075998936e-01 -1.342851064e-01
  7.699361702e-03 3.255340426e-01 4.244680851e-01
 Node:         64
  0.1414E+03  0.1253E+03  0.4531E+03 -0.8612E-03
   0.01583
   0.01066
   0.00298
  -0.009605
   0.006731
  -0.002394
  3.150440426e-02
  1.113780426e-02
  -2.027889149e-02
  4.487426205e-02
  7.454439007e-03
  2.115393000e-02
  4.448978723e-01 2.423875532e-01 -1.312666106e-01
  -9.039132979e-02 6.173382979e-01 5.909552128e-01
  2.723925532e-01 -2.146510638e-01 4.015161915e-01
 Node:         65
  0.1341E+03  0.1229E+03  0.4686E+03 -0.8612E-03
   0.0161
   0.005568
   0.002476
  -0.001781
   0.002299
  -0.002268
  2.114580851e-02
  4.023840426e-03
  -5.548082979e-03
  2.335605639e-02
  6.540521986e-03
  1.101015057e-02
  -9.206478723e-01 -5.004276596e-02 1.054593617e-01
  1.662206383e-01 -6.755531915e-02 1.147388298e-02
  -5.014148936e-03 3.681329787e-01 -4.068659574e-01
 Node:         66
  0.1299E+03  0.1214E+03  0.4825E+03 -0.8612E-03
   0.0193
   8.658E-4
  -0.001103
   0.002135
  -0.001542
  -0.001901
  3.086125532e-02
  -2.222546383e-03
  -6.433772340e-03
  3.535850808e-02
  7.401645532e-03
  1.666816056e-02
  -9.786372340e-01 6.972046809e-02 -3.690606383e-02
  8.026723404e-02 -1.426338298e-01 4.562382979e-01
  -3.751559574e-03 5.412457447e-01 6.891179787e-01
 Node:         67
  0.1500E+03  0.1241E+03  0.4537E+03 -0.8612E-03
   0.01551
  -0.01106
   0.002354
  -0.008125
   0.004007
  -7.003E-4
  3.680605319e-02
  -5.888409574e-03
  -7.792830851e-03
  4.367137126e-02
  7.708270922e-03
  2.058688184e-02
  -7.990031915e-01 5.143968085e-01 2.990907447e-01
  -4.810638298e-04 -1.552715957e-01 1.923010638e-01
  -6.694680851e-03 -2.867361702e-01 4.838585106e-01
 Node:         68
  0.1432E+03  0.1222E+03  0.4695E+03 -0.8612E-03
   0.01611
  -0.01913
   0.002747
  -0.003058
   0.005071
  -0.001264
  4.611132979e-02
  -3.195607447e-03
  -1.825963830e-02
  5.831003746e-02
  8.218694681e-03
  2.748761527e-02
  -7.817925532e-01 5.785478723e-01 2.166148936e-01
  2.307799830e-01 -2.731474468e-02 9.373148936e-01
  5.668212766e-01 7.763776596e-01 -1.191969787e-01
 Node:         69
  0.1380E+03  0.1205E+03  0.4831E+03 -0.8612E-03
   0.01936
  -0.005214
  -5.469E-4
   0.001193
   6.315E-4
  -0.001789
  3.191505319e-02
  -3.155630426e-03
  -5.478813830e-03
  3.628431183e-02
  7.760202979e-03
  1.710458863e-02
  -9.353680851e-01 2.954744681e-01 5.275117021e-02
  1.992793617e-01 5.145502128e-01 7.873042553e-01
  -1.467255319e-01 -5.952340426e-01 5.918003191e-01
 Node:         70
  0.1556E+03  0.1235E+03  0.4544E+03 -0.8612E-03
   0.01649
  -0.01342
  -0.002122
  -0.01625
   0.01118
   0.003532
  6.073558511e-02
  -1.252075851e-02
  -1.919445745e-02
  7.681898007e-02
  9.673456383e-03
  3.621281449e-02
  -7.362202128e-01 4.481500000e-01 5.026393617e-01
  5.455617021e-01 4.389936170e-01 4.394457447e-01
  4.576489362e-03 -5.949106383e-01 4.734351064e-01
 Node:         71
  0.1494E+03  0.1219E+03  0.4704E+03 -0.8612E-03
   0.01756
  -0.02978
   7.406E-4
  -0.01431
   0.01524
   1.087E-4
  8.382476596e-02
  -1.601573702e-02
  -3.319692553e-02
  1.094115836e-01
  1.153736780e-02
  5.157711513e-02
  -7.279010638e-01 5.434510638e-01 4.142563830e-01
  -1.828432447e-01 -1.445362766e-01 -1.934617021e-01
  -1.470893617e-01 -4.178840426e-01 2.638589362e-01
 Node:         72
  0.1435E+03  0.1199E+03  0.4838E+03 -0.8612E-03
   0.01973
  -0.009975
  -6.653E-4
  -0.001279
   0.002771
  -0.001665
  3.705625532e-02
  -2.866507340e-03
  -9.568029787e-03
  4.363657625e-02
  8.207239397e-03
  2.057047932e-02
  -8.884159574e-01 3.934500000e-01 1.773944681e-01
  2.601494681e-01 2.000727660e-01 9.321989362e-01
  -1.252308511e-01 -5.854468085e-01 4.563234043e-01
 Node:         73
  0.1445E+03  0.1339E+03  0.4530E+03  0.0000E+00
   0.02273
  -0.006975
  -0.003467
   0.004183
  -0.004001
   0.003372
  4.469925532e-02
  5.909769149e-03
  -8.394731915e-03
  4.751161926e-02
  1.407143085e-02
  2.239719211e-02
  -1.038045745e+00 2.370297872e-01 -5.069327660e-02
  2.140187128e-01 2.160514894e-01 -3.488957447e-01
  1.393184043e-01 6.355882979e-01 3.057222340e-01
 Node:         74
  0.1367E+03  0.1304E+03  0.4686E+03  0.0000E+00
   0.02462
  -0.01089
  -0.002024
   3.398E-4
  -0.007466
   0.001795
  4.797936170e-02
  8.514711277e-03
  -1.110120213e-02
  5.204261719e-02
  1.513095695e-02
  2.453312502e-02
  -9.361531915e-01 1.629817021e-01 -1.235781915e-01
  -4.478063830e-02 7.009615957e-02 7.460319149e-02
  9.222957447e-02 8.414074468e-01 4.066157447e-01
 Node:         75
  0.1313E+03  0.1288E+03  0.4827E+03  0.0000E+00
   0.02249
  -0.004528
  -3.362E-4
  -0.002816
  -0.001478
   7.81E-5
  4.059654255e-02
  1.878843464e-03
  -2.710192553e-03
  4.116353442e-02
  1.325506449e-02
  1.940467622e-02
  -9.791829787e-01 6.436829787e-02 6.210393617e-02
  -3.326482979e-02 -4.763482979e-01 7.426978723e-01
  8.530191489e-02 7.983138298e-01 5.092421277e-01
 Node:         76
  0.1517E+03  0.1308E+03  0.4535E+03  0.0000E+00
   0.02297
  -0.009193
  -0.00511
   2.756E-4
   0.0101
   0.005569
  4.716148936e-02
  1.701389574e-02
  -1.796640426e-02
  5.636182369e-02
  1.540299362e-02
  2.656921849e-02
  -4.863234043e-01 1.643209574e-01 1.382829787e-01
  3.193989149e-01 3.962953191e-01 8.643031915e-01
  -3.935170213e-02 -6.205638298e-02 -8.560553191e-02
 Node:         77
  0.1446E+03  0.1280E+03  0.4693E+03  0.0000E+00
   0.02629
  -0.004547
  -0.002801
  -0.003694
   0.006804
   0.002147
  4.865487234e-02
  9.750086702e-03
  -1.008409894e-02
  5.177359516e-02
  1.610695337e-02
  2.440630682e-02
  -9.596680851e-01 2.035659574e-02 7.066548936e-02
  1.313739149e-01 4.624341489e-01 7.288159574e-01
  -1.024050213e-01 -3.397468085e-01 2.953255319e-01
 Node:         78
  0.1384E+03  0.1261E+03  0.4830E+03  0.0000E+00
   0.02347
  -7.444E-4
  -2.764E-4
  -0.002961
  -5.573E-4
   2.467E-5
  4.158976596e-02
  2.752012766e-04
  -7.007872340e-05
  4.141404729e-02
  1.393162950e-02
  1.952276912e-02
  -9.798053191e-01 -7.291312766e-02 5.778370213e-02
  -1.780744681e-03 -1.780449787e-01 4.411308511e-01
  -3.295861702e-02 8.106585106e-01 3.897860106e-01
 Node:         79
  0.1558E+03  0.1256E+03  0.4542E+03  0.0000E+00
   0.0233
   0.01994
   0.004567
   0.009294
   3.439E-4
  -0.01233
  9.676750000e-02
  -1.064517553e-02
  -2.406313830e-02
  1.146851187e-01
  2.068639539e-02
  5.406308342e-02
  -8.711000000e-01 -4.307916170e-01 2.956744681e-03
  1.994157447e-01 -5.913391489e-01 4.278297872e-01
  -9.268085106e-02 2.570170213e-01 2.448646809e-01
 Node:         80
  0.1495E+03  0.1238E+03  0.4703E+03  0.0000E+00
   0.02665
   0.01714
   0.002395
   1.483E-4
  -0.002735
  -0.01043
  8.168562766e-02
  -8.011137234e-03
  -1.774474468e-02
  9.489873948e-02
  1.864324858e-02
  4.473569481e-02
  -8.953606383e-01 -4.263797872e-01 -6.896670894e-02
  -3.032978723e-02 -1.786610638e-01 4.997936170e-01
  -8.459382979e-02 6.003191489e-03 2.658262766e-01
 Node:         81
  0.1433E+03  0.1217E+03  0.4837E+03  0.0000E+00
   0.02367
   0.003064
   1.634E-4
  -0.002907
  -7.013E-4
  -0.001466
  4.274315957e-02
  6.591888298e-05
  -1.860105319e-03
  4.364199009e-02
  1.364965771e-02
  2.057303142e-02
  -9.668946809e-01 -1.664342553e-01 -1.280989362e-02
  -1.051142911e-01 6.794031915e-01 1.905319149e-02
  -3.437352660e-02 1.877255319e-01 8.430212766e-01
 Node:         82
  0.1267E+03  0.1149E+03  0.4565E+03 -0.1080E-01
  -0.00288
  -0.001491
  -0.01945
   0.004319
   0.01098
  -0.02106
  -7.674477660e-03
  -1.738492553e-02
  -5.415784681e-02
  4.195512406e-02
  -2.640575000e-02
  1.977783515e-02
  4.341957447e-01 1.411833404e-01 1.825307447e-01
  2.004478723e-01 -2.082564894e-01 1.378723404e-03
  3.933723404e-02 1.620031915e-01 -1.457261702e-01
 Node:         83
  0.1234E+03  0.1129E+03  0.4721E+03 -0.1080E-01
  -0.003543
   0.002902
  -0.02055
   0.02227
   0.004648
  -0.02387
  1.390421277e-02
  -3.914726596e-02
  -6.021315319e-02
  6.612347177e-02
  -2.848540213e-02
  3.117090352e-02
  5.820297872e-01 1.797645106e-01 4.404085106e-01
  -9.969829787e-02 5.755840426e-01 1.787151064e-01
  -1.992553191e-01 5.063085106e-02 4.901308511e-01
 Node:         84
  0.1187E+03  0.1123E+03  0.4849E+03 -0.1080E-01
  -4.994E-4
   7.63E-4
  -0.02152
   0.008074
  -3.465E-4
  -0.02372
  1.749006383e-03
  -3.930362766e-02
  -4.475642553e-02
  4.401068044e-02
  -2.743701560e-02
  2.074683372e-02
  6.463436170e-01 2.732998936e-02 2.192962766e-01
  3.162514894e-02 8.906693617e-01 4.986531915e-02
  -2.042595745e-01 1.584536170e-01 7.004814894e-01
 Node:         85
  0.1302E+03  0.1161E+03  0.4554E+03 -0.1080E-01
  -0.003514
  -6.417E-4
  -0.01898
   0.005449
   0.01666
  -0.01997
  -3.735605213e-03
  -1.098997766e-02
  -6.084224468e-02
  5.339362472e-02
  -2.518927585e-02
  2.516999607e-02
  3.882510638e-01 3.954393617e-01 3.811923404e-01
  -3.650069787e-01 5.272904255e-01 5.748691489e-01
  -1.373404255e-03 -3.240787234e-01 5.203348936e-01
 Node:         86
  0.1252E+03  0.1138E+03  0.4704E+03 -0.1080E-01
  -0.002495
   0.01257
  -0.01709
   0.0437
   0.01773
  -0.02271
  6.972119149e-02
  -4.281343617e-02
  -8.140169574e-02
  1.361608345e-01
  -1.816464681e-02
  6.418683295e-02
  6.305457447e-01 4.105276596e-01 5.821287234e-01
  -3.524055319e-01 6.215414894e-01 -4.682708511e-03
  -3.595494681e-01 -5.490638298e-02 6.868223404e-01
 Node:         87
  0.1217E+03  0.1126E+03  0.4834E+03 -0.1080E-01
  -9.829E-4
   4.68E-4
  -0.02142
   0.01052
  -0.001648
  -0.02356
  2.868638298e-03
  -3.854246809e-02
  -4.710048936e-02
  4.625297926e-02
  -2.759143972e-02
  2.180386352e-02
  6.355287234e-01 2.851127660e-03 2.870485106e-01
  6.505627660e-02 7.290989362e-01 -2.950083404e-01
  -2.200382979e-01 1.523164681e-01 8.429914894e-01
 Node:         88
  0.1338E+03  0.1169E+03  0.4538E+03 -0.1080E-01
  -0.005744
  -0.005024
  -0.01952
   0.005049
   0.02103
  -0.01795
  1.029145745e-03
  -9.070559362e-03
  -6.764301064e-02
  6.356830333e-02
  -2.522814142e-02
  2.996638557e-02
  -1.787118085e-01 5.323297872e-01 4.718265957e-01
  1.051872340e-01 8.968797872e-02 1.405265957e-02
  -7.474680851e-02 -1.696372340e-01 1.006976596e-01
 Node:         89
  0.1270E+03  0.1150E+03  0.4688E+03 -0.1080E-01
  -0.006878
   0.006295
  -0.02034
   0.01938
   0.005574
  -0.02223
  7.423542553e-03
  -4.247544681e-02
  -5.631164255e-02
  5.795798510e-02
  -3.045451560e-02
  2.732165619e-02
  5.620085106e-01 2.892411702e-01 4.600180851e-01
  -2.461790957e-01 8.572053191e-01 1.931125532e-01
  -3.251106383e-01 -3.657478723e-02 7.350542553e-01
 Node:         90
  0.1248E+03  0.1132E+03  0.4822E+03 -0.1080E-01
  -0.001725
   0.006409
  -0.02203
   0.005665
  -0.003104
  -0.02209
  -8.182712766e-04
  -3.534067021e-02
  -4.743197872e-02
  4.187416277e-02
  -2.786364007e-02
  1.973966964e-02
  6.515308511e-01 1.941980000e-01 1.613512766e-01
  3.036182447e-02 5.779489362e-01 -4.836702128e-01
  -2.733911702e-01 5.223202128e-01 6.655829787e-01
 Node:         91
  0.1259E+03  0.1263E+03  0.4552E+03 -0.1080E-01
  -0.003071
   0.01696
  -0.01687
  -0.001609
   0.01683
  -0.02135
  1.140867021e-02
  -1.963296170e-02
  -6.184653723e-02
  6.355715836e-02
  -2.335694291e-02
  2.996113178e-02
  -7.534308511e-01 -4.213478723e-01 -1.880765957e-01
  5.675037021e-01 -3.131058511e-01 -4.487881064e-01
  3.127023404e-01 -5.567329787e-01 6.559021277e-01
 Node:         92
  0.1209E+03  0.1234E+03  0.4727E+03 -0.1080E-01
  -0.004128
   0.005045
  -0.01861
   0.005724
   0.01226
  -0.02022
  -4.670584043e-03
  -2.215263830e-02
  -5.119284255e-02
  4.080302725e-02
  -2.600535496e-02
  1.923473151e-02
  5.502617021e-01 3.805695745e-01 3.604193617e-01
  -3.504191489e-01 5.083574468e-01 5.935180851e-01
  2.032545745e-02 -4.060691489e-01 5.001904255e-01
 Node:         93
  0.1159E+03  0.1217E+03  0.4877E+03 -0.1080E-01
  -6.848E-4
  -0.001286
  -0.02134
   0.004458
   0.003738
  -0.02197
  -1.552882021e-03
  -3.365643617e-02
  -4.407797872e-02
  3.834800752e-02
  -2.642909897e-02
  1.807742411e-02
  6.995478723e-01 -2.420027660e-02 1.798419149e-01
  2.958765957e-02 -6.209425532e-01 -5.923797872e-01
  1.014625979e-01 5.637404255e-01 -5.990765957e-01
 Node:         94
  0.1314E+03  0.1265E+03  0.4543E+03 -0.1080E-01
  -0.003703
   0.01616
  -0.01639
  -0.008981
   0.01562
  -0.01948
  4.948717021e-03
  -8.619176596e-03
  -6.285049362e-02
  6.175701498e-02
  -2.217365106e-02
  2.911253605e-02
  3.284702128e-01 3.831385106e-01 7.653446809e-02
  -2.018105319e-01 2.595989362e-01 4.262163830e-01
  2.745170213e-01 -2.656414894e-01 3.870191489e-01
