 Group name: predicted_stress_L4A1
 #Fields=  16
 1) coordinates, coordinate, rectangular cartesian, #Components=3
   x.  Value index= 1, #Derivatives=0
   y.  Value index= 2, #Derivatives=0
   z.  Value index= 3, #Derivatives=0
 2) Tensor_1, field, rectangular cartesian, #Components=1
   Tensor_1.  Value index= 4, #Derivatives=0
 3) Tensor_2, field, rectangular cartesian, #Components=1
   Tensor_2.  Value index= 5, #Derivatives=0
 4) Tensor_3, field, rectangular cartesian, #Components=1
   Tensor_3.  Value index= 6, #Derivatives=0
 5) Tensor_4, field, rectangular cartesian, #Components=1
   Tensor_4.  Value index= 7, #Derivatives=0
 6) Tensor_5, field, rectangular cartesian, #Components=1
   Tensor_5.  Value index= 8, #Derivatives=0
 7) Tensor_6, field, rectangular cartesian, #Components=1
   Tensor_6.  Value index= 9, #Derivatives=0
 8) Principal_1, field, rectangular cartesian, #Components=1
   Principal_1.  Value index= 10, #Derivatives=0
 9) Principal_2, field, rectangular cartesian, #Components=1
   Principal_2.  Value index= 11, #Derivatives=0
 10) Principal_3, field, rectangular cartesian, #Components=1
   Principal_3.  Value index= 12, #Derivatives=0
 11) VonMises, field, rectangular cartesian, #Components=1
   VonMises.  Value index= 13, #Derivatives=0
 12) Hydrostatic, field, rectangular cartesian, #Components=1
   VonMises.  Value index= 14, #Derivatives=0
 13) Octahedral, field, rectangular cartesian, #Components=1
   VonMises.  Value index= 15, #Derivatives=0
 14) PrincipalVector1, field, rectangular cartesian, #Components=3
   x.  Value index= 16, #Derivatives=0
   y.  Value index= 17, #Derivatives=0
   z.  Value index= 18, #Derivatives=0
 15) PrincipalVector2, field, rectangular cartesian, #Components=3
   x.  Value index= 19, #Derivatives=0
   y.  Value index= 20, #Derivatives=0
   z.  Value index= 21, #Derivatives=0
 16) PrincipalVector3, field, rectangular cartesian, #Components=3
   x.  Value index= 22, #Derivatives=0
   y.  Value index= 23, #Derivatives=0
   z.  Value index= 24, #Derivatives=0
 Node:          1
  0.1287E+03  0.1133E+03  0.4908E+03 -0.3597E-04
  -7.195E-5
  -1.439E-16
  -7.195E-5
  -4.798E-17
  -7.196E-17
  -7.195E-5
  4.978686219e-03
  4.978686219e-03
  4.978686219e-03
  0.000000000e+00
  4.978686219e-03
  0.000000000e+00
  9.244892781e-01 -2.482432059e-01 -2.545832272e-02
  2.517318471e-01 9.545160297e-01 -1.647849257e-01
  6.843664544e-02 1.522730361e-01 9.867559448e-01
 Node:          2
  0.1292E+03  0.1137E+03  0.5052E+03 -0.3597E-04
  -7.195E-5
  -1.919E-16
  -7.195E-5
  -9.595E-17
   3.358E-16
  -7.195E-5
  4.978686219e-03
  4.978686219e-03
  4.978686219e-03
  0.000000000e+00
  4.978686219e-03
  0.000000000e+00
  9.089836518e-01 -4.027560510e-01 -2.035865180e-01
  4.702101911e-01 8.440168790e-01 4.293270701e-01
  -9.858786624e-04 -4.506884289e-01 8.927019108e-01
 Node:          3
  0.1289E+03  0.1155E+03  0.5194E+03 -0.3597E-04
  -7.195E-5
   2.399E-16
  -7.195E-5
   1.919E-16
   9.595E-17
  -7.195E-5
  4.978686219e-03
  4.978686219e-03
  4.978686219e-03
  0.000000000e+00
  4.978686219e-03
  0.000000000e+00
  -4.105548832e-01 -8.759063694e-01 -2.541009554e-01
  4.974839703e-01 -4.485057325e-01 7.425959660e-01
  7.643391720e-01 -1.782772824e-01 -6.198964968e-01
 Node:          4
  0.1361E+03  0.1141E+03  0.4915E+03 -0.3597E-04
  -7.195E-5
  -4.798E-17
  -7.195E-5
  -4.798E-17
  -1.439E-16
  -7.195E-5
  4.978686219e-03
  4.978686219e-03
  4.978686219e-03
  0.000000000e+00
  4.978686219e-03
  0.000000000e+00
  -4.380404459e-02 -9.598398089e-02 9.944579618e-01
  -9.515416136e-01 1.030877919e-01 -3.210443737e-02
  -9.945770701e-02 -9.475981953e-01 -9.587237792e-02
 Node:          5
  0.1341E+03  0.1144E+03  0.5054E+03 -0.3597E-04
  -7.195E-5
   2.399E-16
  -7.195E-5
   9.595E-17
  -1.199E-16
  -7.195E-5
  4.978686219e-03
  4.978686219e-03
  4.978686219e-03
  0.000000000e+00
  4.978686219e-03
  0.000000000e+00
  9.602026539e-02 -1.799762208e-01 9.790114650e-01
  7.194157113e-01 6.923284501e-01 5.668416136e-02
  -6.880039278e-01 6.988462845e-01 1.958678344e-01
 Node:          6
  0.1323E+03  0.1162E+03  0.5191E+03 -0.3597E-04
  -7.195E-5
   9.595E-17
  -7.195E-5
  -9.595E-17
  -4.798E-17
  -7.195E-5
  4.978686219e-03
  4.978686219e-03
  4.978686219e-03
  0.000000000e+00
  4.978686219e-03
  0.000000000e+00
  -7.160916136e-01 -6.917052017e-01 9.404799363e-02
  7.045083864e-01 -7.295329087e-01 -3.459601911e-02
  9.382789809e-02 3.828921444e-02 9.949254777e-01
 Node:          7
  0.1408E+03  0.1171E+03  0.4920E+03 -0.3597E-04
  -7.195E-5
   3.838E-16
  -7.195E-5
  -1.439E-16
  -1.919E-16
  -7.195E-5
  4.978686219e-03
  4.978686219e-03
  4.978686219e-03
  0.000000000e+00
  4.978686219e-03
  0.000000000e+00
  8.259642251e-01 4.695626327e-01 -1.207822718e-01
  -5.036738854e-01 8.561977707e-01 -1.168379406e-01
  5.068752654e-02 1.643430998e-01 9.851401274e-01
 Node:          8
  0.1367E+03  0.1169E+03  0.5055E+03 -0.3597E-04
  -7.195E-5
   3.358E-16
  -7.195E-5
  -6.957E-16
  -4.078E-16
  -7.195E-5
  4.978686219e-03
  4.978686219e-03
  4.978686219e-03
  0.000000000e+00
  4.978686219e-03
  0.000000000e+00
  -7.667459660e-01 -6.325937367e-01 3.098223992e-01
  6.410142251e-01 -8.148471338e-01 -8.603242038e-02
  2.826599575e-01 1.431528662e-01 9.514326964e-01
 Node:          9
  0.1339E+03  0.1180E+03  0.5191E+03 -0.3597E-04
  -7.195E-5
   2.879E-16
  -7.195E-5
  -6.837E-16
  -4.798E-16
  -7.195E-5
  4.978686219e-03
  4.978686219e-03
  4.978686219e-03
  0.000000000e+00
  4.978686219e-03
  0.000000000e+00
  2.878007431e-01 1.464351380e-01 -9.475645435e-01
  8.949739915e-01 1.453367304e-01 3.310458599e-01
  -1.946747983e-01 1.027549469e+00 9.741380042e-02
 Node:         10
  0.1294E+03  0.1212E+03  0.4911E+03 -0.3597E-04
  -7.195E-5
   4.798E-17
  -7.195E-5
  -2.399E-17
   2.159E-16
  -7.195E-5
  4.978686219e-03
  4.978686219e-03
  4.978686219e-03
  0.000000000e+00
  4.978686219e-03
  0.000000000e+00
  2.421054140e-02 7.531554140e-01 7.409316348e-01
  1.785953397e-01 6.952204883e-01 -6.974319533e-01
  -9.994609342e-01 1.378406868e-01 -1.065016242e-01
 Node:         11
  0.1295E+03  0.1214E+03  0.5055E+03 -0.3597E-04
  -7.195E-5
  -4.798E-17
  -7.195E-5
  -7.196E-17
   2.399E-17
  -7.195E-5
  4.978686219e-03
  4.978686219e-03
  4.978686219e-03
  0.000000000e+00
  4.978686219e-03
  0.000000000e+00
  -2.863590234e-01 1.373408280e-01 9.886489384e-01
  -5.759932059e-01 7.642687898e-01 -2.718325902e-01
  7.373507431e-01 6.287182590e-01 1.280924628e-01
 Node:         12
  0.1295E+03  0.1217E+03  0.5196E+03 -0.3597E-04
  -7.195E-5
  -6.097E-37
  -7.195E-5
   1.319E-16
   4.798E-17
  -7.195E-5
  4.978686219e-03
  4.978686219e-03
  4.978686219e-03
  0.000000000e+00
  4.978686219e-03
  0.000000000e+00
  -2.402479830e-01 -8.979208493e-02 -9.666920382e-01
  -3.295191083e-01 9.023269639e-01 -2.568784280e-03
  1.154391720e-01 2.887420382e-02 -3.023205945e-02
 Node:         13
  0.1361E+03  0.1199E+03  0.4914E+03 -0.3597E-04
  -7.195E-5
  -2.399E-16
  -7.195E-5
  -1.679E-16
   4.798E-17
  -7.195E-5
  4.978686219e-03
  4.978686219e-03
  4.978686219e-03
  0.000000000e+00
  4.978686219e-03
  0.000000000e+00
  8.815003185e-01 -3.535377919e-01 -1.221409766e-01
  3.689886412e-01 9.291042463e-01 -2.675700637e-02
  1.283571125e-01 -2.242575860e-02 9.914836518e-01
 Node:         14
  0.1342E+03  0.1198E+03  0.5054E+03 -0.3597E-04
  -7.195E-5
   4.798E-17
  -7.195E-5
   9.595E-17
  -1.559E-16
  -7.195E-5
  4.978686219e-03
  4.978686219e-03
  4.978686219e-03
  0.000000000e+00
  4.978686219e-03
  0.000000000e+00
  1.014962739e-01 -2.627804671e-01 9.594908705e-01
  -2.819118047e-01 -8.894744161e-01 -2.135600849e-01
  -9.096440552e-01 2.485639490e-01 1.647082803e-01
 Node:         15
  0.1330E+03  0.1205E+03  0.5193E+03 -0.3597E-04
  -7.195E-5
  -1.439E-16
  -7.195E-5
   2.399E-17
   8.396E-17
  -7.195E-5
  4.978686219e-03
  4.978686219e-03
  4.978686219e-03
  0.000000000e+00
  4.978686219e-03
  0.000000000e+00
  9.511420382e-01 -1.092806900e-01 1.436511677e-02
  -1.763901274e-02 -2.737790870e-01 -9.170514862e-01
  1.134902760e-01 9.510538217e-01 -2.861016985e-01
 Node:         16
  0.1404E+03  0.1188E+03  0.4918E+03 -0.3597E-04
  -7.195E-5
   9.595E-17
  -7.195E-5
  -1.439E-16
  -2.519E-16
  -7.195E-5
  4.978686219e-03
  4.978686219e-03
  4.978686219e-03
  0.000000000e+00
  4.978686219e-03
  0.000000000e+00
  -1.502613588e-01 -2.371083864e-01 9.598066879e-01
  -7.409414013e-01 -5.352384289e-01 -2.493782378e-01
  5.731037155e-01 -7.482650743e-01 -9.697176221e-02
 Node:         17
  0.1365E+03  0.1184E+03  0.5055E+03 -0.3597E-04
  -7.195E-5
   4.798E-17
  -7.195E-5
   1.679E-16
   2.939E-16
  -7.195E-5
  4.978686219e-03
  4.978686219e-03
  4.978686219e-03
  0.000000000e+00
  4.978686219e-03
  0.000000000e+00
  2.322395966e-01 3.775681529e-01 8.514686837e-01
  8.981011677e-01 -3.160668790e-01 -1.069538870e-01
  -2.506052017e-01 -8.603436306e-01 4.498564756e-01
 Node:         18
  0.1341E+03  0.1191E+03  0.5192E+03 -0.3597E-04
  -7.195E-5
  -8.106E-37
  -7.195E-5
   4.573E-17
   1.84E-16
  -7.195E-5
  4.978686219e-03
  4.978686219e-03
  4.978686219e-03
  0.000000000e+00
  4.978686219e-03
  0.000000000e+00
  1.551589172e-02 7.419262208e-02 9.431082803e-01
  9.625919321e-01 -3.179567941e-01 2.163867019e-02
  -2.095284501e-01 -9.679452229e-01 9.427889597e-02
 Node:         19
  0.1301E+03  0.1291E+03  0.4914E+03  0.0000E+00
   4.934E-16
   0.0
   4.934E-16
   3.631E-19
   1.731E-17
  -9.869E-16
  4.936000000e-16
  4.934000000e-16
  -9.871000000e-16
  1.480600010e-15
  -3.333333333e-20
  6.979615383e-16
  -2.097000000e-02 -9.997000000e-01 -1.169000000e-02
  -9.998000000e-01 2.097000000e-02 -8.123000000e-17
  2.452000000e-04 1.169000000e-02 -9.999000000e-01
 Node:         20
  0.1299E+03  0.1291E+03  0.5058E+03  0.0000E+00
   9.869E-16
   0.0
   0.0
   1.799E-17
   3.326E-17
  -2.467E-16
  9.871000000e-16
  4.400000000e-18
  -2.514000000e-16
  1.132478516e-15
  2.467000000e-16
  5.338554923e-16
  -9.999000000e-01 -4.917000000e-04 -1.459000000e-02
  2.401000000e-03 -9.914000000e-01 -1.311000000e-01
  -1.440000000e-02 -1.312000000e-01 9.913000000e-01
 Node:         21
  0.1301E+03  0.1280E+03  0.5197E+03  0.0000E+00
   4.934E-16
   0.0
   0.0
   7.196E-17
   2.549E-17
   4.934E-16
  5.660000000e-16
  4.222000000e-16
  -1.341000000e-18
  5.108528306e-16
  3.289530000e-16
  2.408183338e-16
  -7.039000000e-01 -3.195000000e-02 -7.096000000e-01
  -7.102000000e-01 4.241000000e-02 7.027000000e-01
  -7.642000000e-03 -9.986000000e-01 5.255000000e-02
 Node:         22
  0.1360E+03  0.1256E+03  0.4913E+03  0.0000E+00
  -9.869E-16
   2.399E-17
  -4.934E-16
  -2.399E-17
   1.739E-16
   4.934E-16
  5.234000000e-16
  -5.215000000e-16
  -9.888000000e-16
  1.341069376e-15
  -3.289666667e-16
  6.321861663e-16
  -1.298000000e-02 1.683000000e-01 9.857000000e-01
  5.935000000e-02 9.841000000e-01 -1.672000000e-01
  -9.982000000e-01 5.633000000e-02 -2.276000000e-02
 Node:         23
  0.1343E+03  0.1253E+03  0.5054E+03  0.0000E+00
   0.0
   3.598E-17
  -1.974E-15
   0.0
   2.271E-16
  -7.401E-16
  6.796000000e-19
  -6.997000000e-16
  -2.015000000e-15
  1.772499637e-15
  -9.046734667e-16
  8.355643418e-16
  9.998000000e-01 1.889000000e-02 5.790000000e-03
  -9.011000000e-03 1.753000000e-01 9.845000000e-01
  1.758000000e-02 -9.843000000e-01 1.754000000e-01
 Node:         24
  0.1336E+03  0.1248E+03  0.5194E+03  0.0000E+00
  -9.869E-16
   2.099E-17
   0.0
   2.399E-17
   1.499E-18
  -7.401E-16
  4.516000000e-19
  -7.379000000e-16
  -9.896000000e-16
  8.912682385e-16
  -5.756828000e-16
  4.201478769e-16
  -2.132000000e-02 -9.998000000e-01 -2.714000000e-03
  9.549000000e-02 -4.739000000e-03 9.954000000e-01
  -9.952000000e-01 2.096000000e-02 9.557000000e-02
 Node:         25
  0.1400E+03  0.1206E+03  0.4917E+03  0.0000E+00
   0.0
   4.617E-16
  -4.934E-16
  -1.439E-16
  -2.249E-16
   9.869E-16
  1.067000000e-15
  2.050000000e-16
  -7.785000000e-16
  1.599404030e-15
  1.645000000e-16
  7.539662901e-16
  -2.161000000e-01 -2.016000000e-01 9.553000000e-01
  8.390000000e-01 4.621000000e-01 2.874000000e-01
  -4.994000000e-01 8.636000000e-01 6.929000000e-02
 Node:         26
  0.1363E+03  0.1200E+03  0.5055E+03  0.0000E+00
   9.869E-16
   1.859E-16
  -2.714E-15
   4.797E-17
  -1.943E-15
  -2.467E-16
  1.006000000e-15
  8.090000000e-16
  -3.789000000e-15
  4.699597749e-15
  -6.580000000e-16
  2.215411625e-15
  9.680000000e-01 1.526000000e-01 -1.995000000e-01
  2.481000000e-01 -4.578000000e-01 8.538000000e-01
  -3.892000000e-02 8.759000000e-01 4.809000000e-01
 Node:         27
  0.1343E+03  0.1203E+03  0.5192E+03  0.0000E+00
   9.869E-16
  -3.358E-16
   9.869E-16
  -1.799E-16
   2.27E-15
   0.0
  2.890000000e-15
  9.150000000e-16
  -1.831000000e-15
  4.106639867e-15
  6.580000000e-16
  1.935888599e-15
  -1.931000000e-01 7.658000000e-01 6.135000000e-01
  9.808000000e-01 1.345000000e-01 1.409000000e-01
  2.534000000e-02 6.289000000e-01 -7.771000000e-01
 Node:         28
  0.1155E+03  0.1124E+03  0.4931E+03 -0.2126E-03
  -4.252E-4
   6.599E-17
  -4.252E-4
  -9.599E-17
   9.599E-17
  -4.252E-4
  2.977929346e-02
  2.977929346e-02
  2.977929346e-02
  0.000000000e+00
  2.977929346e-02
  0.000000000e+00
  2.194852442e-02 9.897266454e-01 1.790316348e-01
  7.274539278e-02 1.703092357e-01 -1.025192038e+00
  -9.550966030e-01 3.151342887e-02 -6.383841826e-02
 Node:         29
  0.1119E+03  0.1139E+03  0.5068E+03 -0.2126E-03
  -4.252E-4
  -3.6E-17
  -4.252E-4
   9.599E-17
   1.2E-17
  -4.252E-4
  2.977929346e-02
  2.977929346e-02
  2.977929346e-02
  0.000000000e+00
  2.977929346e-02
  0.000000000e+00
  -2.968171975e-02 1.038679087e+00 3.235706369e-02
  -9.614134820e-01 -4.784468153e-02 -1.707147028e-01
  -1.934718684e-01 -3.589903397e-02 9.762915074e-01
 Node:         30
  0.1113E+03  0.1159E+03  0.5206E+03 -0.2126E-03
  -4.252E-4
   2.16E-16
  -4.252E-4
   5.896E-36
  -4.8E-17
  -4.252E-4
  2.977929346e-02
  2.977929346e-02
  2.977929346e-02
  0.000000000e+00
  2.977929346e-02
  0.000000000e+00
  7.183367304e-01 7.148961783e-01 -4.188975584e-02
  -7.287642251e-01 7.245477707e-01 -1.494452229e-01
  -6.926753715e-02 1.437454352e-01 1.027697771e+00
 Node:         31
  0.1203E+03  0.1126E+03  0.4920E+03 -0.2126E-03
  -4.252E-4
   1.68E-16
  -4.252E-4
   4.8E-17
   7.199E-17
  -4.252E-4
  2.977929346e-02
  2.977929346e-02
  2.977929346e-02
  0.000000000e+00
  2.977929346e-02
  0.000000000e+00
  -7.937700637e-01 -4.415765393e-01 -5.270691083e-01
  5.072462845e-01 1.988507431e-01 -8.631799363e-01
  4.210175159e-01 -8.565163482e-01 2.067498938e-01
 Node:         32
  0.1188E+03  0.1134E+03  0.5062E+03 -0.2126E-03
  -4.252E-4
  -2.4E-17
  -4.252E-4
  -4.8E-17
   1.68E-16
  -4.252E-4
  2.977929346e-02
  2.977929346e-02
  2.977929346e-02
  0.000000000e+00
  2.977929346e-02
  0.000000000e+00
  9.744070064e-01 -2.149953291e-02 -4.167976645e-02
  4.920789809e-02 4.650416136e-01 9.047612527e-01
  1.684006369e-03 -8.915906582e-01 4.545544586e-01
 Node:         33
  0.1183E+03  0.1150E+03  0.5201E+03 -0.2126E-03
  -4.252E-4
   9.599E-17
  -4.252E-4
   1.44E-16
  -7.861E-36
  -4.252E-4
  2.977929346e-02
  2.977929346e-02
  2.977929346e-02
  0.000000000e+00
  2.977929346e-02
  0.000000000e+00
  7.561611465e-01 1.201202123e-01 2.308702760e-01
  -4.261258335e-02 5.978038217e-01 -3.718926752e-01
  -2.402216561e-01 4.479971338e-01 6.228148620e-01
 Node:         34
  0.1255E+03  0.1129E+03  0.4909E+03 -0.2126E-03
  -4.252E-4
  -9.172E-36
  -4.252E-4
   9.599E-17
   1.68E-16
  -4.252E-4
  2.977929346e-02
  2.977929346e-02
  2.977929346e-02
  0.000000000e+00
  2.977929346e-02
  0.000000000e+00
  2.655561571e-01 5.033887473e-01 5.557067941e-01
  1.540159236e-01 -1.160476645e-01 -5.187524999e-03
  -3.208825902e-01 -5.293807856e-01 6.257921444e-01
 Node:         35
  0.1260E+03  0.1135E+03  0.5054E+03 -0.2126E-03
  -4.252E-4
   1.92E-16
  -4.252E-4
   1.92E-16
   4.32E-16
  -4.252E-4
  2.977929346e-02
  2.977929346e-02
  2.977929346e-02
  0.000000000e+00
  2.977929346e-02
  0.000000000e+00
  7.186294055e-01 4.484148620e-01 4.487711253e-01
  -6.504196391e-01 5.093728238e-01 5.079894904e-01
  -3.609110786e-03 -7.054765393e-01 7.097525478e-01
 Node:         36
  0.1257E+03  0.1153E+03  0.5196E+03 -0.2126E-03
  -4.252E-4
  -9.599E-17
  -4.252E-4
  -9.599E-17
   1.44E-16
  -4.252E-4
  2.977929346e-02
  2.977929346e-02
  2.977929346e-02
  0.000000000e+00
  2.977929346e-02
  0.000000000e+00
  -5.787326964e-01 5.801372611e-01 5.955208068e-01
  4.658784501e-01 2.652092357e-01 2.331846285e-01
  -2.035847835e-02 -7.654111465e-01 7.979296178e-01
 Node:         37
  0.1132E+03  0.1210E+03  0.4959E+03 -0.2126E-03
  -4.252E-4
   2.4E-16
  -4.252E-4
  -1.44E-16
   3.12E-16
  -4.252E-4
  2.977929346e-02
  2.977929346e-02
  2.977929346e-02
  0.000000000e+00
  2.977929346e-02
  0.000000000e+00
  -4.794960722e-01 -7.704926752e-01 -3.337871125e-01
  7.383562633e-01 -2.253705520e-01 -5.419850318e-01
  3.782656051e-01 -5.349036093e-01 7.331376008e-01
 Node:         38
  0.1111E+03  0.1204E+03  0.5085E+03 -0.2126E-03
  -4.252E-4
   1.68E-16
  -4.252E-4
  -4.8E-17
  -1.44E-16
  -4.252E-4
  2.977929346e-02
  2.977929346e-02
  2.977929346e-02
  0.000000000e+00
  2.977929346e-02
  0.000000000e+00
  2.050490446e-01 9.251834395e-01 -1.382401911e-01
  9.310158174e-01 -2.168278132e-01 -7.298624204e-02
  1.059822930e-01 1.246453291e-01 9.876897028e-01
 Node:         39
  0.1119E+03  0.1201E+03  0.5207E+03 -0.2126E-03
  -4.252E-4
  -1.68E-16
  -4.252E-4
  -1.44E-16
  -1.32E-16
  -4.252E-4
  2.977929346e-02
  2.977929346e-02
  2.977929346e-02
  0.000000000e+00
  2.977929346e-02
  0.000000000e+00
  8.802486200e-01 -8.021864331e-02 -3.703390658e-01
  3.663437367e-01 -1.800213376e-01 9.149716561e-01
  -1.413966348e-01 -9.403616773e-01 -1.288145435e-01
 Node:         40
  0.1191E+03  0.1220E+03  0.4937E+03 -0.2126E-03
  -4.252E-4
   1.44E-16
  -4.252E-4
   1.44E-16
  -2.4E-17
  -4.252E-4
  2.977929346e-02
  2.977929346e-02
  2.977929346e-02
  0.000000000e+00
  2.977929346e-02
  0.000000000e+00
  1.994680467e-01 3.227783439e-02 2.840562633e-02
  -3.761921625e-03 1.524843949e-01 -1.384615711e-01
  -5.164002123e-02 1.644938429e-01 1.790501062e-01
 Node:         41
  0.1182E+03  0.1217E+03  0.5073E+03 -0.2126E-03
  -4.252E-4
  -4.8E-17
  -4.252E-4
   9.599E-17
   1.68E-16
  -4.252E-4
  2.977929346e-02
  2.977929346e-02
  2.977929346e-02
  0.000000000e+00
  2.977929346e-02
  0.000000000e+00
  -1.516461783e-01 -1.907638217e-01 -9.268513800e-01
  -9.774624204e-01 2.498090234e-01 9.994670913e-02
  2.317936306e-01 9.461889597e-01 -2.315163694e-01
 Node:         42
  0.1187E+03  0.1212E+03  0.5204E+03 -0.2126E-03
  -4.252E-4
  -9.599E-17
  -4.252E-4
   5.241E-36
   9.599E-17
  -4.252E-4
  2.977929346e-02
  2.977929346e-02
  2.977929346e-02
  0.000000000e+00
  2.977929346e-02
  0.000000000e+00
  -1.913295117e-02 1.207251805e-01 1.104107749e+00
  -9.984910828e-01 1.754970276e-01 -3.535967091e-02
  -1.781042463e-01 -9.402300425e-01 7.406703822e-02
 Node:         43
  0.1258E+03  0.1217E+03  0.4915E+03 -0.2126E-03
  -4.252E-4
   1.92E-16
  -4.252E-4
  -2.4E-17
   2.62E-36
  -4.252E-4
  2.977929346e-02
  2.977929346e-02
  2.977929346e-02
  0.000000000e+00
  2.977929346e-02
  0.000000000e+00
  9.091126327e-01 3.349039278e-01 -1.176934183e-02
  -3.171182590e-01 9.953733546e-01 1.995128450e-02
  2.086833333e-02 4.190742038e-03 1.001490021e+00
 Node:         44
  0.1259E+03  0.1220E+03  0.5059E+03 -0.2126E-03
  -4.252E-4
   2.4E-16
  -4.252E-4
   1.68E-16
   1.92E-16
  -4.252E-4
  2.977929346e-02
  2.977929346e-02
  2.977929346e-02
  0.000000000e+00
  2.977929346e-02
  0.000000000e+00
  -3.612536093e-01 -3.899744161e-01 -8.631478769e-01
  -6.279876858e-01 -5.995914013e-01 5.322569002e-01
  6.843125265e-01 -6.955740977e-01 2.533065817e-02
 Node:         45
  0.1261E+03  0.1221E+03  0.5198E+03 -0.2126E-03
  -4.252E-4
  -1.44E-16
  -4.252E-4
   4.8E-17
  -1.2E-17
  -4.252E-4
  2.977929346e-02
  2.977929346e-02
  2.977929346e-02
  0.000000000e+00
  2.977929346e-02
  0.000000000e+00
  6.564084926e-02 -9.353492569e-03 9.980162420e-01
  -9.460191083e-01 1.341809979e-01 6.333614650e-02
  -1.343035032e-01 -9.482714437e-01 2.157430998e-05
 Node:         46
  0.1117E+03  0.1296E+03  0.4959E+03  0.0000E+00
  -2.467E-16
   4.797E-17
  -7.401E-16
   1.199E-17
  -4.497E-17
   0.0
  3.057000000e-18
  -2.423000000e-16
  -7.476000000e-16
  6.629532710e-16
  -3.289476667e-16
  3.125191690e-16
  3.676000000e-02 -5.800000000e-02 9.976000000e-01
  9.946000000e-01 9.864000000e-02 -3.092000000e-02
  -9.662000000e-02 9.934000000e-01 6.131000000e-02
 Node:         47
  0.1107E+03  0.1269E+03  0.5087E+03  0.0000E+00
  -7.401E-16
  -5.397E-17
   4.934E-16
  -4.797E-17
   6.896E-17
   0.0
  5.058000000e-16
  -7.273000000e-18
  -7.452000000e-16
  1.089215580e-15
  -8.222433333e-17
  5.134611487e-16
  -4.821000000e-02 9.891000000e-01 1.394000000e-01
  -5.424000000e-02 -1.420000000e-01 9.884000000e-01
  -9.974000000e-01 -4.009000000e-02 -6.049000000e-02
 Node:         48
  0.1125E+03  0.1242E+03  0.5208E+03  0.0000E+00
   4.934E-16
   5.997E-18
   4.934E-16
   0.0
  -2.998E-18
   4.934E-16
  5.001000000e-16
  4.934000000e-16
  4.867000000e-16
  1.160474041e-17
  4.934000000e-16
  5.470527092e-18
  -6.325000000e-01 -7.071000000e-01 3.162000000e-01
  4.472000000e-01 -2.276000000e-15 8.944000000e-01
  6.325000000e-01 -7.071000000e-01 -3.162000000e-01
 Node:         49
  0.1186E+03  0.1311E+03  0.4938E+03  0.0000E+00
  -7.401E-16
  -3.598E-17
   0.0
  -7.196E-17
  -1.049E-17
  -2.467E-16
  1.947000000e-18
  -2.366000000e-16
  -7.523000000e-16
  6.677348644e-16
  -3.289843333e-16
  3.147732338e-16
  4.561000000e-02 -9.985000000e-01 2.894000000e-02
  -1.430000000e-01 2.215000000e-02 9.895000000e-01
  -9.887000000e-01 -4.926000000e-02 -1.418000000e-01
 Node:         50
  0.1180E+03  0.1298E+03  0.5075E+03  0.0000E+00
   0.0
  -2.249E-17
   1.48E-15
  -7.196E-17
   2.155E-17
   9.869E-16
  1.482000000e-15
  9.910000000e-16
  -5.513000000e-18
  1.312785985e-15
  8.224956667e-16
  6.188532481e-16
  1.739000000e-02 -9.988000000e-01 -4.603000000e-02
  -7.128000000e-02 -4.716000000e-02 9.963000000e-01
  9.973000000e-01 1.405000000e-02 7.201000000e-02
 Node:         51
  0.1192E+03  0.1275E+03  0.5206E+03  0.0000E+00
   0.0
  -5.997E-18
  -2.467E-16
   0.0
   2.549E-17
   4.934E-16
  4.943000000e-16
  1.449000000e-19
  -2.477000000e-16
  6.542860068e-16
  8.224830000e-17
  3.084333815e-16
  -4.170000000e-04 3.438000000e-02 9.994000000e-01
  9.997000000e-01 -2.416000000e-02 1.248000000e-03
  2.418000000e-02 9.991000000e-01 -3.436000000e-02
 Node:         52
  0.1262E+03  0.1305E+03  0.4920E+03  0.0000E+00
   4.934E-16
  -2.399E-17
   4.934E-16
   2.249E-18
   8.48E-18
   0.0
  5.175000000e-16
  4.696000000e-16
  -1.600000000e-19
  4.954496661e-16
  3.289800000e-16
  2.335572124e-16
  -7.061000000e-01 7.080000000e-01 8.534000000e-03
  7.081000000e-01 7.060000000e-01 1.614000000e-02
  -5.403000000e-03 -1.744000000e-02 9.998000000e-01
 Node:         53
  0.1258E+03  0.1304E+03  0.5063E+03  0.0000E+00
  -7.401E-16
  -2.998E-18
  -4.934E-16
   4.797E-17
   5.847E-17
  -9.869E-16
  -4.866000000e-16
  -7.314000000e-16
  -1.002000000e-15
  4.465358664e-16
  -7.400000000e-16
  2.104990261e-16
  1.040000000e-02 9.931000000e-01 1.171000000e-01
  -9.836000000e-01 3.123000000e-02 -1.776000000e-01
  -1.800000000e-01 -1.133000000e-01 9.771000000e-01
 Node:         54
  0.1265E+03  0.1288E+03  0.5200E+03  0.0000E+00
  -9.869E-16
   3.598E-17
   4.934E-16
   0.0
  -7.496E-18
   4.934E-16
  5.014000000e-16
  4.864000000e-16
  -9.877000000e-16
  1.481656947e-15
  3.333333333e-20
  6.984597833e-16
  1.758000000e-02 7.272000000e-01 -6.862000000e-01
  1.675000000e-02 6.860000000e-01 7.274000000e-01
  -9.997000000e-01 2.428000000e-02 1.229000000e-04
 Node:         55
  0.1381E+03  0.1168E+03  0.4525E+03  0.7725E-02
   0.0208
  -0.01126
   0.01557
  -0.004071
   0.01669
   0.01068
  3.193638004e-02
  7.124536093e-03
  1.227552017e-03
  2.567776428e-02
  1.342948938e-02
  1.210461417e-02
  -6.949561571e-01 7.378195329e-01 5.003262208e-01
  7.634955414e-01 3.639490977e-01 5.980917197e-01
  -1.493786624e-01 -5.311703822e-01 5.542209130e-01
 Node:         56
  0.1314E+03  0.1156E+03  0.4682E+03  0.7725E-02
   0.02209
  -0.01584
   0.0158
  -0.014
   0.009687
   0.01326
  3.320385881e-02
  6.231791932e-03
  9.020615924e-03
  2.491626595e-02
  1.615208889e-02
  1.174564041e-02
  -7.282627389e-01 5.515005329e-01 4.007511359e-01
  3.199294692e-01 -1.053338641e-01 7.783577601e-01
  2.444662420e-01 -7.377420382e-03 4.090710828e-01
 Node:         57
  0.1285E+03  0.1140E+03  0.4823E+03  0.7725E-02
   0.01926
  -0.006644
   0.01592
  -0.004182
   0.0029
   0.01546
  1.252288747e-02
  1.418272771e-02
  1.756813312e-02
  -3.802370134e-03
  1.475791610e-02
  -1.792454471e-03
  -8.210047771e-01 4.149635775e-01 2.857871240e-01
  2.226489338e-01 1.055483015e-01 6.457351380e-01
  1.497635775e-01 -3.380000000e-02 3.363629278e-01
 Node:         58
  0.1477E+03  0.1176E+03  0.4530E+03  0.7725E-02
   0.02054
  -0.0101
   0.01638
  -0.001554
   0.01087
   0.007036
  1.096606157e-02
  1.382892272e-02
  6.735500212e-03
  2.616232383e-03
  1.051016150e-02
  1.233303773e-03
  -6.915599788e-01 6.570128450e-01 3.005686837e-01
  5.085718684e-01 3.646619958e-01 3.357789809e-01
  -2.766975584e-01 -6.236590234e-01 7.174445860e-01
 Node:         59
  0.1415E+03  0.1165E+03  0.4690E+03  0.7725E-02
   0.02375
  -0.02191
   0.01645
  -0.02632
   0.0193
   0.01328
  5.408727176e-02
  -3.743608811e-03
  1.629840764e-04
  5.468907092e-02
  1.683554901e-02
  2.578067527e-02
  -6.841112527e-01 5.403542463e-01 4.775870998e-01
  5.952023355e-01 7.130641189e-01 2.182583864e-01
  -2.799112527e-01 -1.890732272e-01 -1.952821656e-01
 Node:         60
  0.1374E+03  0.1150E+03  0.4832E+03  0.7725E-02
   0.0202
  -0.01155
   0.01629
  -0.01255
   0.008071
   0.01598
  2.817870488e-02
  9.857807643e-03
  8.755808917e-03
  1.887908324e-02
  1.559744048e-02
  8.899685188e-03
  -7.200812102e-01 5.009797028e-01 4.694992887e-01
  3.753704883e-02 -3.693453291e-01 5.069550743e-01
  3.140291932e-01 -1.354012357e-01 5.343869427e-01
 Node:         61
  0.1548E+03  0.1217E+03  0.4534E+03  0.7725E-02
   0.02242
  -0.008457
   0.01424
   0.0109
  -0.01855
   0.01238
  -5.697080679e-03
  2.020879363e-02
  1.687207172e-02
  -2.252583881e-02
  1.046126156e-02
  -1.061878225e-02
  -6.985098726e-01 5.481600849e-01 -3.614744586e-01
  5.838416454e-01 3.887720807e-01 -2.450868365e-01
  8.498378981e-02 7.347535032e-01 5.409505732e-01
 Node:         62
  0.1488E+03  0.1200E+03  0.4698E+03  0.7725E-02
   0.02474
  -0.0366
   0.01653
  -0.02522
   0.01045
   0.01878
  3.999077495e-02
  1.216915913e-02
  -3.880664544e-03
  3.809169331e-02
  1.609308984e-02
  1.795659643e-02
  -7.241342887e-01 5.568544586e-01 4.041782378e-01
  1.301704883e-01 -4.702366189e-01 8.662502123e-01
  6.655762208e-01 6.865479830e-01 2.712281157e-01
 Node:         63
  0.1436E+03  0.1181E+03  0.4838E+03  0.7725E-02
   0.01963
  -0.01889
   0.01774
  -0.0101
   0.01405
   0.01664
  3.468358811e-02
  1.080547261e-02
  1.415379936e-03
  2.942470708e-02
  1.563481355e-02
  1.387093994e-02
  -6.596727176e-01 6.180576433e-01 4.199786752e-01
  2.609587049e-01 5.134866773e-02 3.783423567e-01
  -5.405099257e-01 -8.331670913e-01 3.754806794e-01
 Node:         64
  0.1410E+03  0.1253E+03  0.4524E+03  0.7725E-02
   0.01545
  -0.01784
   0.01903
   1.279E-4
   5.864E-4
   0.01252
  2.413317410e-02
  5.888824841e-03
  1.101088800e-02
  1.222629023e-02
  1.367762898e-02
  5.763528486e-03
  -5.286022293e-01 7.481027601e-01 6.266985563e-02
  1.351976571e-01 1.273933121e-02 8.186866030e-01
  7.100663482e-01 4.488094480e-01 2.303007686e-01
 Node:         65
  0.1339E+03  0.1229E+03  0.4683E+03  0.7725E-02
   0.01939
  -0.02816
   0.01773
  -0.007479
   0.002511
   0.01364
  4.363796709e-02
  9.346136412e-03
  -5.702509342e-03
  4.401794478e-02
  1.576053139e-02
  2.075025816e-02
  -7.283595541e-01 6.256540870e-01 2.050030255e-01
  8.396333758e-02 -4.431289809e-01 8.502805817e-01
  6.643730786e-01 7.500771762e-01 1.548591295e-01
 Node:         66
  0.1299E+03  0.1214E+03  0.4825E+03  0.7725E-02
   0.0192
  -0.008502
   0.01621
  -0.003627
   0.002784
   0.01542
  1.519651699e-02
  1.538726507e-02
  1.286772240e-02
  1.390704385e-03
  1.448383482e-02
  6.555843340e-04
  -7.949680467e-01 5.242263355e-01 2.587003928e-01
  1.933163482e-01 -1.958844904e-01 8.585363057e-01
  3.875098777e-01 3.964916136e-01 7.178685775e-02
 Node:         67
  0.1495E+03  0.1242E+03  0.4529E+03  0.7725E-02
   0.01694
  -0.01213
   0.01883
   3.564E-4
   0.003186
   0.007867
  1.857606157e-02
  1.109943747e-02
  8.046098301e-03
  9.256582379e-03
  1.257386578e-02
  4.363594781e-03
  -6.932459660e-01 7.059873673e-01 1.234546391e-01
  -5.831070488e-01 -5.345210934e-01 -7.285991507e-01
  -3.564085987e-01 -3.194641189e-01 5.362950531e-01
 Node:         68
  0.1429E+03  0.1223E+03  0.4690E+03  0.7725E-02
   0.02269
  -0.02771
   0.0183
  -0.01985
   0.007988
   0.01133
  4.274056794e-02
  6.789568153e-03
  -3.217966030e-03
  4.186591037e-02
  1.543739002e-02
  1.973577942e-02
  -7.260710191e-01 5.844037155e-01 3.645663482e-01
  -2.737552229e-03 -5.384566921e-01 8.514174098e-01
  6.898186837e-01 6.185096603e-01 3.941597675e-01
 Node:         69
  0.1379E+03  0.1205E+03  0.4831E+03  0.7725E-02
   0.02028
  -0.0117
   0.01638
  -0.009627
   0.005619
   0.01546
  2.409684183e-02
  1.182280828e-02
  8.714236454e-03
  1.402963354e-02
  1.487796219e-02
  6.613632676e-03
  -7.398426752e-01 5.299546709e-01 4.123118259e-01
  1.505935775e-01 -3.981251380e-01 7.727732484e-01
  4.801417197e-01 4.164905520e-01 2.715069321e-01
 Node:         70
  0.1550E+03  0.1238E+03  0.4534E+03  0.7725E-02
   0.01823
  -0.01602
   0.01795
  -0.008889
   0.00698
   0.005291
  1.559294055e-02
  8.037156157e-03
  9.586899788e-03
  6.697989984e-03
  1.107233217e-02
  3.157462758e-03
  -7.019628450e-01 6.312674098e-01 3.299609342e-01
  3.900648620e-01 5.337895966e-01 -2.750053079e-01
  -3.643002017e-01 -1.993000743e-01 -4.117433121e-01
 Node:         71
  0.1490E+03  0.1219E+03  0.4698E+03  0.7725E-02
   0.02541
  -0.0229
   0.0179
  -0.03819
   0.01407
   0.01174
  3.882099788e-02
  1.088664452e-02
  -5.945374735e-03
  3.829784808e-02
  1.458742255e-02
  1.805377872e-02
  -7.165806794e-01 4.720196391e-01 5.127877919e-01
  -2.980117898e-01 -8.691662527e-01 3.411144374e-01
  6.392546709e-01 1.917799363e-01 7.451618259e-01
 Node:         72
  0.1435E+03  0.1199E+03  0.4838E+03  0.7725E-02
   0.02144
  -0.01183
   0.0162
  -0.01647
   0.007132
   0.01578
  2.939177813e-02
  1.003857059e-02
  6.136372611e-03
  2.164089876e-02
  1.518890711e-02
  1.020161751e-02
  -7.285453291e-01 4.677091295e-01 5.031794055e-01
  -1.338021231e-01 -8.073497771e-01 5.311530786e-01
  6.264634820e-01 3.187129512e-01 6.232355626e-01
 Node:         73
  0.1440E+03  0.1339E+03  0.4521E+03  0.0000E+00
   0.006903
   9.477E-4
  -0.002843
  -0.006806
   0.005213
   1.357E-5
  -8.013023355e-03
  -1.521425796e-03
  -4.243743100e-03
  -3.955428686e-03
  -4.592730750e-03
  -1.864606964e-03
  -4.781283439e-01 6.357505308e-02 1.352881868e-01
  4.000157102e-01 5.826675902e-01 6.388301486e-01
  2.031896391e-01 -6.558456476e-01 5.207864544e-01
 Node:         74
  0.1364E+03  0.1303E+03  0.4682E+03  0.0000E+00
   0.01015
   0.02188
  -1.778E-4
   0.004606
   0.00895
   0.001685
  8.964487261e-03
  -3.435985510e-03
  -1.161713482e-02
  1.789232752e-02
  -2.029544356e-03
  8.434524078e-03
  -7.953432059e-01 -5.207740764e-01 -2.596223779e-01
  -4.132539703e-01 -1.512829172e-01 1.296314437e+00
  -4.823583758e-01 8.433238854e-01 -2.153668577e-01
 Node:         75
  0.1313E+03  0.1288E+03  0.4826E+03  0.0000E+00
   0.005991
   0.008858
   2.505E-4
   0.002653
   0.001378
   2.541E-4
  -4.837900212e-03
  -9.999959053e-04
  -4.087742887e-03
  -1.782196465e-03
  -3.308546335e-03
  -8.401354705e-04
  -8.586132696e-01 -4.512139915e-01 -1.451876316e-01
  -1.139619586e-01 -5.378907643e-02 9.097538217e-01
  -4.603008493e-01 8.665192144e-01 2.084238854e-02
 Node:         76
  0.1513E+03  0.1309E+03  0.4528E+03  0.0000E+00
   0.00587
  -0.001896
  -0.00259
  -0.00711
  -3.938E-4
  -0.001271
  -9.984326964e-03
  -1.010522749e-02
  1.647231423e-03
  -8.898786238e-03
  -6.147441012e-03
  -4.194928062e-03
  -5.446328025e-01 6.987895966e-02 3.872157113e-01
  1.701397293e-01 -3.834190870e-01 4.589466030e-01
  1.343056263e-01 -4.262484076e-01 5.968267091e-01
 Node:         77
  0.1443E+03  0.1280E+03  0.4689E+03  0.0000E+00
   0.01161
   0.01985
  -1.417E-4
   0.00616
   0.002985
   5.009E-4
  6.567887473e-03
  -5.124770202e-03
  -9.350412951e-03
  1.429901877e-02
  -2.635765226e-03
  6.740622093e-03
  -8.277005308e-01 -5.016729618e-01 -1.941569045e-01
  -8.742715924e-02 -1.708359873e-01 6.613339703e-01
  -5.044527251e-01 8.701871550e-01 -1.065234713e-01
 Node:         78
  0.1384E+03  0.1261E+03  0.4829E+03  0.0000E+00
   0.006468
   0.0104
   2.78E-4
   0.003688
   0.001573
   1.771E-4
  -2.984360934e-03
  -6.034519958e-04
  -6.809592038e-03
  1.450254949e-03
  -3.465801656e-03
  6.836567391e-04
  -8.399124204e-01 -4.916854650e-01 -1.713573365e-01
  -1.062705945e-01 -2.614400531e-01 1.114157113e+00
  -5.018903291e-01 8.135194268e-01 8.452469958e-02
 Node:         79
  0.1553E+03  0.1259E+03  0.4534E+03  0.0000E+00
   0.004253
  -0.007391
  -0.01079
  -0.02014
   0.001149
  -2.16E-4
  -3.184503291e-02
  -3.395838641e-03
  -6.901159236e-03
  -2.588634760e-02
  -1.404734360e-02
  -1.220294129e-02
  1.163071125e-01 -1.095997134e-01 -2.287698015e-01
  -5.758714437e-02 5.267182590e-01 -2.964011677e-01
  5.663715499e-01 6.889490446e-02 1.318353503e-01
 Node:         80
  0.1492E+03  0.1238E+03  0.4698E+03  0.0000E+00
   0.0135
   0.00292
  -0.006714
   0.01197
   0.005567
   0.001274
  -2.184618259e-02
  -4.526528662e-04
  -8.127813163e-04
  -2.098959738e-02
  -7.703872258e-03
  -9.894591096e-03
  -8.718962845e-01 -2.223731423e-01 -3.988141257e-01
  -2.960698938e-01 3.275422081e-01 2.270142251e-01
  -4.172125265e-02 -1.085546709e-01 3.570017197e-01
 Node:         81
  0.1433E+03  0.1217E+03  0.4837E+03  0.0000E+00
   0.007192
   0.007435
  -5.704E-4
   0.0123
   0.003533
   6.811E-4
  1.140476645e-03
  -3.394208386e-03
  -7.357787686e-03
  6.879824515e-03
  -3.203839809e-03
  3.243180379e-03
  -8.048217622e-01 -3.538685775e-01 -4.558314544e-01
  9.182300017e-02 -9.036150743e-01 4.635447028e-01
  -5.617335059e-01 3.980159448e-01 6.670857749e-01
 Node:         82
  0.1267E+03  0.1148E+03  0.4557E+03  0.1363E-01
   0.0324
  -0.01368
   0.02647
  -0.005693
  -0.002334
   0.02639
  4.891879671e-02
  3.235200743e-02
  3.740297696e-02
  9.717751407e-03
  3.955792703e-02
  4.580991945e-03
  -8.662372611e-01 5.733234586e-01 1.904043312e-01
  2.349412951e-02 -3.447239490e-01 8.413601911e-01
  4.761253715e-01 6.424870488e-01 2.269849257e-01
 Node:         83
  0.1234E+03  0.1129E+03  0.4716E+03  0.1363E-01
   0.03103
  -0.011
   0.02666
  -0.0139
   4.543E-4
   0.02783
  3.980954883e-02
  4.251446815e-02
  3.899517219e-02
  1.830219104e-04
  4.043972972e-02
  8.627735597e-05
  -8.566035032e-01 4.136704002e-01 3.691382166e-01
  5.447107219e-02 -4.910831210e-01 6.403186837e-01
  5.521769639e-01 5.569749469e-01 3.030749469e-01
 Node:         84
  0.1187E+03  0.1123E+03  0.4849E+03  0.1363E-01
   0.03007
  -0.001083
   0.0272
  -0.004069
   2.036E-4
   0.0279
  3.155509023e-02
  4.336624416e-02
  4.387033546e-02
  -1.193590799e-02
  3.959722328e-02
  -5.626640987e-03
  -9.390619958e-01 1.154661762e-01 3.555773673e-01
  3.488292144e-02 -4.597273885e-01 2.664750955e-01
  3.726747771e-01 9.716416136e-02 3.413102972e-01
 Node:         85
  0.1302E+03  0.1161E+03  0.4544E+03  0.1363E-01
   0.03279
  -0.01558
   0.02648
  -0.005554
  -0.004197
   0.02557
  4.976905292e-02
  2.876343153e-02
  3.813958811e-02
  8.355420009e-03
  3.889069085e-02
  3.938782766e-03
  -5.937257962e-01 3.981541401e-01 1.057940234e-01
  -6.092264544e-02 -2.519351380e-01 8.239560510e-01
  2.443457537e-01 2.016049894e-01 3.498925690e-01
 Node:         86
  0.1252E+03  0.1138E+03  0.4700E+03  0.1363E-01
   0.02919
  -0.01206
   0.02916
  -0.02994
   0.001752
   0.02732
  2.501136837e-02
  4.638285350e-02
  3.543401231e-02
  -1.122983596e-02
  3.560941139e-02
  -5.293795442e-03
  -6.478006369e-01 3.701195329e-01 5.627083864e-01
  1.597904459e-02 -7.081925690e-01 3.042236450e-01
  5.768180467e-01 1.597505414e-01 4.927217622e-01
 Node:         87
  0.1217E+03  0.1126E+03  0.4833E+03  0.1363E-01
   0.0303
  -8.579E-4
   0.02721
  -0.006235
   8.207E-4
   0.02796
  3.300759979e-02
  4.288849682e-02
  4.341395860e-02
  -9.938936047e-03
  3.977001840e-02
  -4.685259384e-03
  -9.171906582e-01 1.004764321e-01 4.137157749e-01
  -8.005192144e-02 -6.478583864e-01 1.077042887e-02
  4.207557749e-01 -8.106874735e-02 4.702981953e-01
 Node:         88
  0.1338E+03  0.1169E+03  0.4527E+03  0.1363E-01
   0.03173
  -0.01523
   0.02714
  -0.005666
   0.00214
   0.02629
  4.805374469e-02
  2.658925567e-02
  4.158808705e-02
  4.380810967e-03
  3.874369580e-02
  2.065134095e-03
  -7.892599257e-01 7.127811040e-01 3.969622081e-01
  1.472045648e-01 -1.072967569e-01 6.137070488e-01
  2.415654989e-01 2.313921444e-01 1.731099045e-01
 Node:         89
  0.1270E+03  0.1150E+03  0.4682E+03  0.1363E-01
   0.03278
  -0.01398
   0.02712
  -0.01534
   7.281E-4
   0.02737
  4.760505839e-02
  4.341044586e-02
  3.527586858e-02
  1.012103925e-02
  4.209712427e-02
  4.771103657e-03
  -8.570736730e-01 4.406503609e-01 3.795749575e-01
  7.059248408e-02 -4.485838641e-01 7.593082803e-01
  5.385045648e-01 5.614671444e-01 3.214750531e-01
 Node:         90
  0.1248E+03  0.1132E+03  0.4821E+03  0.1363E-01
   0.03068
  -0.004923
   0.0275
  -0.00385
   0.002033
   0.02744
  3.542940924e-02
  4.045183036e-02
  4.414324416e-02
  -7.274912926e-03
  4.000816125e-02
  -3.429426842e-03
  -9.044919321e-01 3.585341391e-01 2.907750212e-01
  1.931260705e-01 -2.114023355e-01 8.534851380e-01
  2.651948832e-01 1.781357749e-01 4.136946921e-01
 Node:         91
  0.1258E+03  0.1259E+03  0.4545E+03  0.1363E-01
   0.02731
  -0.027
   0.02947
  -0.009435
  -5.518E-4
   0.02624
  5.460917728e-02
  3.022608429e-02
  2.922492000e-02
  2.217036700e-02
  3.802006052e-02
  1.045121123e-02
  -7.105650743e-01 6.810210191e-01 2.990745223e-01
  9.125101592e-02 -1.717546072e-01 8.842420669e-01
  5.872967941e-01 4.389343949e-01 3.185042463e-01
 Node:         92
  0.1208E+03  0.1231E+03  0.4724E+03  0.1363E-01
   0.03113
  -0.01795
   0.02692
  -0.01536
  -0.001444
   0.02705
  5.709895966e-02
  3.324349087e-02
  2.859688556e-02
  2.501260270e-02
  3.964644536e-02
  1.179105399e-02
  -8.622075372e-01 5.251709979e-01 4.455700531e-01
  8.454497452e-02 -5.235467091e-01 7.536012739e-01
  5.427086624e-01 4.627093418e-01 4.504771762e-01
 Node:         93
  0.1159E+03  0.1217E+03  0.4876E+03  0.1363E-01
   0.03054
   3.332E-4
   0.02712
  -0.007438
  -0.003258
   0.02775
  3.698481794e-02
  4.113216858e-02
  3.978504459e-02
  -2.910592146e-03
  3.930067703e-02
  -1.372066296e-03
  -8.226639066e-01 -1.372313121e-01 5.247514544e-01
  -2.637492357e-01 6.108978769e-01 -1.043735669e-01
  -3.864398224e-01 -3.466564756e-01 -5.558989384e-01
 Node:         94
  0.1312E+03  0.1261E+03  0.4536E+03  0.1363E-01
   0.02655
  -0.0266
   0.02999
  -0.005537
  -0.002873
   0.02546
  5.584019002e-02
  2.565415977e-02
  3.018912473e-02
  2.085685433e-02
  3.722782484e-02
  9.832015421e-03
  -6.714251592e-01 7.684985563e-01 2.057170064e-01
  -7.541163482e-02 -1.061754777e-01 9.203716136e-01
  7.190943737e-01 4.724368365e-01 4.045307856e-01
 Node:         95
  0.1249E+03  0.1234E+03  0.4704E+03  0.1363E-01
   0.03218
  -0.01605
   0.02789
  -0.01715
   1.466E-4
   0.0254
  6.172642304e-02
  3.231898386e-02
  2.591671157e-02
  3.193255396e-02
  3.998737282e-02
  1.505315030e-02
  -8.617768577e-01 5.127439278e-01 4.843098089e-01
