 Group name: predicted_stress_L3A3
 #Fields=  16
 1) coordinates, coordinate, rectangular cartesian, #Components=3
   x.  Value index= 1, #Derivatives=0
   y.  Value index= 2, #Derivatives=0
   z.  Value index= 3, #Derivatives=0
 2) Tensor_1, field, rectangular cartesian, #Components=1
   Tensor_1.  Value index= 4, #Derivatives=0
 3) Tensor_2, field, rectangular cartesian, #Components=1
   Tensor_2.  Value index= 5, #Derivatives=0
 4) Tensor_3, field, rectangular cartesian, #Components=1
   Tensor_3.  Value index= 6, #Derivatives=0
 5) Tensor_4, field, rectangular cartesian, #Components=1
   Tensor_4.  Value index= 7, #Derivatives=0
 6) Tensor_5, field, rectangular cartesian, #Components=1
   Tensor_5.  Value index= 8, #Derivatives=0
 7) Tensor_6, field, rectangular cartesian, #Components=1
   Tensor_6.  Value index= 9, #Derivatives=0
 8) Principal_1, field, rectangular cartesian, #Components=1
   Principal_1.  Value index= 10, #Derivatives=0
 9) Principal_2, field, rectangular cartesian, #Components=1
   Principal_2.  Value index= 11, #Derivatives=0
 10) Principal_3, field, rectangular cartesian, #Components=1
   Principal_3.  Value index= 12, #Derivatives=0
 11) VonMises, field, rectangular cartesian, #Components=1
   VonMises.  Value index= 13, #Derivatives=0
 12) Hydrostatic, field, rectangular cartesian, #Components=1
   VonMises.  Value index= 14, #Derivatives=0
 13) Octahedral, field, rectangular cartesian, #Components=1
   VonMises.  Value index= 15, #Derivatives=0
 14) PrincipalVector1, field, rectangular cartesian, #Components=3
   x.  Value index= 16, #Derivatives=0
   y.  Value index= 17, #Derivatives=0
   z.  Value index= 18, #Derivatives=0
 15) PrincipalVector2, field, rectangular cartesian, #Components=3
   x.  Value index= 19, #Derivatives=0
   y.  Value index= 20, #Derivatives=0
   z.  Value index= 21, #Derivatives=0
 16) PrincipalVector3, field, rectangular cartesian, #Components=3
   x.  Value index= 22, #Derivatives=0
   y.  Value index= 23, #Derivatives=0
   z.  Value index= 24, #Derivatives=0
 Node:          1
  0.1287E+03  0.1133E+03  0.4908E+03 -0.1245E-04
  -2.489E-5
  -1.439E-16
  -2.489E-5
  -4.797E-17
  -7.196E-17
  -2.489E-5
  -2.297043707e-02
  -2.297043707e-02
  -2.297043707e-02
  0.000000000e+00
  -2.297043707e-02
  0.000000000e+00
  8.711932806e-01 -2.285837945e-01 -2.700420949e-02
  2.434695652e-01 9.489695652e-01 -1.900956522e-01
  7.568239130e-02 1.767565217e-01 9.793652174e-01
 Node:          2
  0.1292E+03  0.1137E+03  0.5052E+03 -0.1245E-04
  -2.489E-5
  -1.919E-16
  -2.489E-5
  -9.595E-17
   3.358E-16
  -2.489E-5
  -2.297043707e-02
  -2.297043707e-02
  -2.297043707e-02
  0.000000000e+00
  -2.297043707e-02
  0.000000000e+00
  5.699786561e-01 -2.622237154e-01 -1.294754941e-01
  3.364373518e-01 5.897000000e-01 2.931278656e-01
  -8.340628458e-04 -4.569468379e-01 8.893608696e-01
 Node:          3
  0.1289E+03  0.1155E+03  0.5194E+03 -0.1245E-04
  -2.489E-5
   2.399E-16
  -2.489E-5
   1.919E-16
   9.595E-17
  -2.489E-5
  -2.297043707e-02
  -2.297043707e-02
  -2.297043707e-02
  0.000000000e+00
  -2.297043707e-02
  0.000000000e+00
  -4.028413043e-01 -8.747608696e-01 -2.674173913e-01
  4.892614625e-01 -4.534695652e-01 7.446387352e-01
  7.729452569e-01 -1.694976285e-01 -6.105373518e-01
 Node:          4
  0.1361E+03  0.1141E+03  0.4915E+03 -0.1245E-04
  -2.489E-5
  -4.797E-17
  -2.489E-5
  -4.797E-17
  -1.439E-16
  -2.489E-5
  -2.297043707e-02
  -2.297043707e-02
  -2.297043707e-02
  0.000000000e+00
  -2.297043707e-02
  0.000000000e+00
  -3.962958498e-02 -8.985984190e-02 9.950434783e-01
  -8.963581028e-01 8.675988142e-02 -2.730687747e-02
  -8.378679842e-02 -8.930490119e-01 -8.368102767e-02
 Node:          5
  0.1341E+03  0.1144E+03  0.5054E+03 -0.1245E-04
  -2.489E-5
   2.399E-16
  -2.489E-5
   9.595E-17
  -1.199E-16
  -2.489E-5
  -2.297043707e-02
  -2.297043707e-02
  -2.297043707e-02
  0.000000000e+00
  -2.297043707e-02
  0.000000000e+00
  1.014558893e-01 -1.766916996e-01 9.789478261e-01
  7.141237154e-01 6.978250988e-01 5.197063241e-02
  -6.924081028e-01 6.939304348e-01 1.971565217e-01
 Node:          6
  0.1323E+03  0.1162E+03  0.5191E+03 -0.1245E-04
  -2.489E-5
   9.595E-17
  -2.489E-5
  -9.595E-17
  -4.797E-17
  -2.489E-5
  -2.297043707e-02
  -2.297043707e-02
  -2.297043707e-02
  0.000000000e+00
  -2.297043707e-02
  0.000000000e+00
  -7.102144269e-01 -6.979476285e-01 8.945381423e-02
  4.383387352e-01 -4.664899209e-01 -3.080849802e-02
  8.327581028e-02 4.225883399e-02 9.953391304e-01
 Node:          7
  0.1408E+03  0.1171E+03  0.4920E+03 -0.1245E-04
  -2.489E-5
   3.838E-16
  -2.489E-5
  -1.439E-16
  -1.919E-16
  -2.489E-5
  -2.297043707e-02
  -2.297043707e-02
  -2.297043707e-02
  0.000000000e+00
  -2.297043707e-02
  0.000000000e+00
  7.853565217e-01 4.244812253e-01 -1.166964427e-01
  -4.865055336e-01 8.650434783e-01 -1.153430435e-01
  5.722383399e-02 1.629565217e-01 9.848695652e-01
 Node:          8
  0.1367E+03  0.1169E+03  0.5055E+03 -0.1245E-04
  -2.489E-5
   3.358E-16
  -2.489E-5
  -6.956E-16
  -4.078E-16
  -2.489E-5
  -2.297043707e-02
  -2.297043707e-02
  -2.297043707e-02
  0.000000000e+00
  -2.297043707e-02
  0.000000000e+00
  -5.106561265e-01 -6.007494071e-01 2.356942688e-01
  6.121529644e-01 -5.540735178e-01 -4.348187747e-02
  2.493481423e-01 8.312114625e-02 9.538573123e-01
 Node:          9
  0.1339E+03  0.1180E+03  0.5191E+03 -0.1245E-04
  -2.489E-5
   2.878E-16
  -2.489E-5
  -6.836E-16
  -4.797E-16
  -2.489E-5
  -2.297043707e-02
  -2.297043707e-02
  -2.297043707e-02
  0.000000000e+00
  -2.297043707e-02
  0.000000000e+00
  2.811551383e-01 1.968134387e-01 -6.246677866e-01
  8.412729249e-01 8.964841897e-02 2.069029644e-01
  -1.544490514e-01 7.405932806e-01 1.686130435e-01
 Node:         10
  0.1294E+03  0.1212E+03  0.4911E+03 -0.1245E-04
  -2.489E-5
   4.797E-17
  -2.489E-5
  -2.399E-17
   2.159E-16
  -2.489E-5
  -2.297043707e-02
  -2.297043707e-02
  -2.297043707e-02
  0.000000000e+00
  -2.297043707e-02
  0.000000000e+00
  2.396053360e-02 5.111288538e-01 5.361164032e-01
  1.555482609e-01 6.780049407e-01 -7.149996047e-01
  -6.283837945e-01 1.078885257e-01 -7.754339921e-02
 Node:         11
  0.1295E+03  0.1214E+03  0.5055E+03 -0.1245E-04
  -2.489E-5
  -4.797E-17
  -2.489E-5
  -7.196E-17
   2.399E-17
  -2.489E-5
  -2.297043707e-02
  -2.297043707e-02
  -2.297043707e-02
  0.000000000e+00
  -2.297043707e-02
  0.000000000e+00
  -2.298547431e-01 1.015081423e-01 7.857000000e-01
  -4.755709486e-01 5.241138340e-01 -2.086604743e-01
  6.491438735e-01 4.682416996e-01 1.124915020e-01
 Node:         12
  0.1295E+03  0.1217E+03  0.5196E+03 -0.1245E-04
  -2.489E-5
  -2.109E-37
  -2.489E-5
   1.319E-16
   4.797E-17
  -2.489E-5
  -2.297043707e-02
  -2.297043707e-02
  -2.297043707e-02
  0.000000000e+00
  -2.297043707e-02
  0.000000000e+00
  -2.427826087e-01 -8.506246640e-02 -9.660260870e-01
  -3.132223320e-01 8.333950593e-01 7.549599766e-03
  -4.250395257e-03 4.364960474e-02 -5.529249012e-03
 Node:         13
  0.1361E+03  0.1199E+03  0.4914E+03 -0.1245E-04
  -2.489E-5
  -2.399E-16
  -2.489E-5
  -1.679E-16
   4.797E-17
  -2.489E-5
  -2.297043707e-02
  -2.297043707e-02
  -2.297043707e-02
  0.000000000e+00
  -2.297043707e-02
  0.000000000e+00
  8.284134387e-01 -3.359430830e-01 -1.140557312e-01
  3.717181818e-01 9.278043478e-01 -3.071306324e-02
  1.289869565e-01 -1.884770593e-02 9.914391304e-01
 Node:         14
  0.1342E+03  0.1198E+03  0.5054E+03 -0.1245E-04
  -2.489E-5
   4.797E-17
  -2.489E-5
   9.595E-17
  -1.559E-16
  -2.489E-5
  -2.297043707e-02
  -2.297043707e-02
  -2.297043707e-02
  0.000000000e+00
  -2.297043707e-02
  0.000000000e+00
  9.339472332e-02 -2.633282609e-01 9.598913043e-01
  -2.526243874e-01 -8.392521739e-01 -2.049335968e-01
  -8.598205534e-01 2.234074704e-01 1.446666008e-01
 Node:         15
  0.1330E+03  0.1205E+03  0.5193E+03 -0.1245E-04
  -2.489E-5
  -1.439E-16
  -2.489E-5
   2.399E-17
   8.395E-17
  -2.489E-5
  -2.297043707e-02
  -2.297043707e-02
  -2.297043707e-02
  0.000000000e+00
  -2.297043707e-02
  0.000000000e+00
  8.954118577e-01 -1.006166403e-01 9.379802372e-03
  -2.134090909e-02 -2.718922925e-01 -8.575640316e-01
  1.093843478e-01 9.459695652e-01 -3.007227273e-01
 Node:         16
  0.1404E+03  0.1188E+03  0.4918E+03 -0.1245E-04
  -2.489E-5
   9.595E-17
  -2.489E-5
  -1.439E-16
  -2.519E-16
  -2.489E-5
  -2.297043707e-02
  -2.297043707e-02
  -2.297043707e-02
  0.000000000e+00
  -2.297043707e-02
  0.000000000e+00
  -1.497347826e-01 -2.397347826e-01 9.591217391e-01
  -7.251525692e-01 -5.027284585e-01 -2.403357708e-01
  5.403505929e-01 -7.307725296e-01 -1.016347826e-01
 Node:         17
  0.1365E+03  0.1184E+03  0.5055E+03 -0.1245E-04
  -2.489E-5
   4.797E-17
  -2.489E-5
   1.679E-16
   2.938E-16
  -2.489E-5
  -2.297043707e-02
  -2.297043707e-02
  -2.297043707e-02
  0.000000000e+00
  -2.297043707e-02
  0.000000000e+00
  2.455780632e-01 3.981579051e-01 7.579960474e-01
  8.341462451e-01 -3.229005929e-01 -9.059935810e-02
  -2.537019763e-01 -8.115976285e-01 5.029569170e-01
 Node:         18
  0.1341E+03  0.1191E+03  0.5192E+03 -0.1245E-04
  -2.489E-5
  -2.804E-37
  -2.489E-5
   4.573E-17
   1.84E-16
  -2.489E-5
  -2.297043707e-02
  -2.297043707e-02
  -2.297043707e-02
  0.000000000e+00
  -2.297043707e-02
  0.000000000e+00
  2.392486166e-02 8.887638340e-02 9.080652174e-01
  8.665428854e-01 -1.721409091e-01 -9.787215410e-03
  -3.002768775e-01 -6.867658103e-01 6.992628458e-02
 Node:         19
  0.1301E+03  0.1291E+03  0.4914E+03  0.0000E+00
   4.934E-16
   0.0
   4.934E-16
   3.631E-19
   1.731E-17
  -9.869E-16
  4.936000000e-16
  4.934000000e-16
  -9.871000000e-16
  1.480600010e-15
  -3.333333333e-20
  6.979615383e-16
  -2.097000000e-02 -9.997000000e-01 -1.169000000e-02
  -9.998000000e-01 2.097000000e-02 -8.123000000e-17
  2.452000000e-04 1.169000000e-02 -9.999000000e-01
 Node:         20
  0.1299E+03  0.1291E+03  0.5058E+03  0.0000E+00
   9.869E-16
   0.0
   0.0
   1.799E-17
   3.326E-17
  -2.467E-16
  9.871000000e-16
  4.400000000e-18
  -2.514000000e-16
  1.132478516e-15
  2.467000000e-16
  5.338554923e-16
  -9.999000000e-01 -4.917000000e-04 -1.459000000e-02
  2.401000000e-03 -9.914000000e-01 -1.311000000e-01
  -1.440000000e-02 -1.312000000e-01 9.913000000e-01
 Node:         21
  0.1301E+03  0.1280E+03  0.5197E+03  0.0000E+00
   4.934E-16
   0.0
   0.0
   7.196E-17
   2.549E-17
   4.934E-16
  5.660000000e-16
  4.222000000e-16
  -1.341000000e-18
  5.108528306e-16
  3.289530000e-16
  2.408183338e-16
  -7.039000000e-01 -3.195000000e-02 -7.096000000e-01
  -7.102000000e-01 4.241000000e-02 7.027000000e-01
  -7.642000000e-03 -9.986000000e-01 5.255000000e-02
 Node:         22
  0.1360E+03  0.1256E+03  0.4913E+03  0.0000E+00
  -9.869E-16
   2.399E-17
  -4.934E-16
  -2.399E-17
   1.739E-16
   4.934E-16
  5.234000000e-16
  -5.215000000e-16
  -9.888000000e-16
  1.341069376e-15
  -3.289666667e-16
  6.321861663e-16
  -1.298000000e-02 1.683000000e-01 9.857000000e-01
  5.935000000e-02 9.841000000e-01 -1.672000000e-01
  -9.982000000e-01 5.633000000e-02 -2.276000000e-02
 Node:         23
  0.1343E+03  0.1253E+03  0.5054E+03  0.0000E+00
   0.0
   3.598E-17
  -1.974E-15
   0.0
   2.271E-16
  -7.401E-16
  6.796000000e-19
  -6.997000000e-16
  -2.015000000e-15
  1.772499637e-15
  -9.046734667e-16
  8.355643418e-16
  9.998000000e-01 1.889000000e-02 5.790000000e-03
  -9.011000000e-03 1.753000000e-01 9.845000000e-01
  1.758000000e-02 -9.843000000e-01 1.754000000e-01
 Node:         24
  0.1336E+03  0.1248E+03  0.5194E+03  0.0000E+00
  -9.869E-16
   2.099E-17
   0.0
   2.399E-17
   1.499E-18
  -7.401E-16
  4.516000000e-19
  -7.379000000e-16
  -9.896000000e-16
  8.912682385e-16
  -5.756828000e-16
  4.201478769e-16
  -2.132000000e-02 -9.998000000e-01 -2.714000000e-03
  9.549000000e-02 -4.739000000e-03 9.954000000e-01
  -9.952000000e-01 2.096000000e-02 9.557000000e-02
 Node:         25
  0.1400E+03  0.1206E+03  0.4917E+03  0.0000E+00
   0.0
   4.617E-16
  -4.934E-16
  -1.439E-16
  -2.249E-16
   9.869E-16
  1.067000000e-15
  2.050000000e-16
  -7.785000000e-16
  1.599404030e-15
  1.645000000e-16
  7.539662901e-16
  -2.161000000e-01 -2.016000000e-01 9.553000000e-01
  8.390000000e-01 4.621000000e-01 2.874000000e-01
  -4.994000000e-01 8.636000000e-01 6.929000000e-02
 Node:         26
  0.1363E+03  0.1200E+03  0.5055E+03  0.0000E+00
   9.869E-16
   1.859E-16
  -2.714E-15
   4.797E-17
  -1.943E-15
  -2.467E-16
  1.006000000e-15
  8.090000000e-16
  -3.789000000e-15
  4.699597749e-15
  -6.580000000e-16
  2.215411625e-15
  9.680000000e-01 1.526000000e-01 -1.995000000e-01
  2.481000000e-01 -4.578000000e-01 8.538000000e-01
  -3.892000000e-02 8.759000000e-01 4.809000000e-01
 Node:         27
  0.1343E+03  0.1203E+03  0.5192E+03  0.0000E+00
   9.869E-16
  -3.358E-16
   9.869E-16
  -1.799E-16
   2.27E-15
   0.0
  2.890000000e-15
  9.150000000e-16
  -1.831000000e-15
  4.106639867e-15
  6.580000000e-16
  1.935888599e-15
  -1.931000000e-01 7.658000000e-01 6.135000000e-01
  9.808000000e-01 1.345000000e-01 1.409000000e-01
  2.534000000e-02 6.289000000e-01 -7.771000000e-01
 Node:         28
  0.1155E+03  0.1124E+03  0.4931E+03 -0.7355E-04
  -1.471E-4
   6.597E-17
  -1.471E-4
  -9.596E-17
   9.596E-17
  -1.471E-4
  -1.372719721e-01
  -1.372719721e-01
  -1.372719721e-01
  0.000000000e+00
  -1.372719721e-01
  0.000000000e+00
  3.305754941e-02 9.549644269e-01 1.818588933e-01
  6.880719368e-02 2.097972332e-01 -7.826695652e-01
  -8.970418972e-01 4.823642292e-02 -5.968116601e-02
 Node:         29
  0.1119E+03  0.1139E+03  0.5068E+03 -0.7355E-04
  -1.471E-4
  -3.599E-17
  -1.471E-4
   9.596E-17
   1.2E-17
  -1.471E-4
  -1.372719721e-01
  -1.372719721e-01
  -1.372719721e-01
  0.000000000e+00
  -1.372719721e-01
  0.000000000e+00
  -4.234059289e-02 8.207391304e-01 -1.733691700e-02
  -7.981207510e-01 -1.162913043e-02 -1.687808300e-01
  -1.221023715e-01 1.144907115e-02 7.153268775e-01
 Node:         30
  0.1113E+03  0.1159E+03  0.5206E+03 -0.7355E-04
  -1.471E-4
   2.159E-16
  -1.471E-4
   2.04E-36
  -4.798E-17
  -1.471E-4
  -1.372719721e-01
  -1.372719721e-01
  -1.372719721e-01
  0.000000000e+00
  -1.372719721e-01
  0.000000000e+00
  4.225256917e-01 4.985968379e-01 -5.237634387e-02
  -6.161541502e-01 5.644430830e-01 2.081877470e-02
  5.915454545e-03 -1.197786561e-02 8.252434783e-01
 Node:         31
  0.1203E+03  0.1126E+03  0.4920E+03 -0.7355E-04
  -1.471E-4
   1.679E-16
  -1.471E-4
   4.798E-17
   7.197E-17
  -1.471E-4
  -1.372719721e-01
  -1.372719721e-01
  -1.372719721e-01
  0.000000000e+00
  -1.372719721e-01
  0.000000000e+00
  -5.163345850e-01 -3.733231225e-01 -4.455126482e-01
  3.964152174e-01 4.578913043e-02 -6.595806324e-01
  3.290592885e-01 -6.844219368e-01 5.200474308e-02
 Node:         32
  0.1188E+03  0.1134E+03  0.5062E+03 -0.7355E-04
  -1.471E-4
  -2.399E-17
  -1.471E-4
  -4.798E-17
   1.679E-16
  -1.471E-4
  -1.372719721e-01
  -1.372719721e-01
  -1.372719721e-01
  0.000000000e+00
  -1.372719721e-01
  0.000000000e+00
  8.180901186e-01 -1.083069170e-02 -3.238150198e-02
  3.736962451e-02 3.878594862e-01 8.288608696e-01
  -4.973599209e-03 -8.950812253e-01 4.381830040e-01
 Node:         33
  0.1183E+03  0.1150E+03  0.5201E+03 -0.7355E-04
  -1.471E-4
   9.596E-17
  -1.471E-4
   1.439E-16
  -2.72E-36
  -1.471E-4
  -1.372719721e-01
  -1.372719721e-01
  -1.372719721e-01
  0.000000000e+00
  -1.372719721e-01
  0.000000000e+00
  7.253019763e-01 1.087748617e-01 1.997749012e-01
  -1.824387376e-02 5.643383399e-01 -3.726055336e-01
  -2.221810277e-01 3.176009881e-01 5.984349802e-01
 Node:         34
  0.1255E+03  0.1129E+03  0.4909E+03 -0.7355E-04
  -1.471E-4
  -3.173E-36
  -1.471E-4
   9.596E-17
   1.679E-16
  -1.471E-4
  -1.372719721e-01
  -1.372719721e-01
  -1.372719721e-01
  0.000000000e+00
  -1.372719721e-01
  0.000000000e+00
  2.490383399e-01 2.580986166e-01 4.066094862e-01
  1.819292490e-01 2.458083004e-02 2.265887599e-02
  -9.915928854e-02 -3.187505929e-01 2.948972332e-01
 Node:         35
  0.1260E+03  0.1135E+03  0.5054E+03 -0.7355E-04
  -1.471E-4
   1.919E-16
  -1.471E-4
   1.919E-16
   4.318E-16
  -1.471E-4
  -1.372719721e-01
  -1.372719721e-01
  -1.372719721e-01
  0.000000000e+00
  -1.372719721e-01
  0.000000000e+00
  6.525405138e-01 4.357430830e-01 4.342701581e-01
  -3.886189723e-01 3.337513834e-01 3.411256917e-01
  1.678124149e-02 -7.148883399e-01 6.946808300e-01
 Node:         36
  0.1257E+03  0.1153E+03  0.5196E+03 -0.7355E-04
  -1.471E-4
  -9.596E-17
  -1.471E-4
  -9.596E-17
   1.439E-16
  -1.471E-4
  -1.372719721e-01
  -1.372719721e-01
  -1.372719721e-01
  0.000000000e+00
  -1.372719721e-01
  0.000000000e+00
  -4.585602767e-01 6.025928854e-01 5.595650198e-01
  6.290359684e-01 2.275541502e-01 2.720239921e-01
  1.666841472e-02 -6.129826087e-01 5.690233202e-01
 Node:         37
  0.1132E+03  0.1210E+03  0.4959E+03 -0.7355E-04
  -1.471E-4
   2.399E-16
  -1.471E-4
  -1.439E-16
   3.119E-16
  -1.471E-4
  -1.372719721e-01
  -1.372719721e-01
  -1.372719721e-01
  0.000000000e+00
  -1.372719721e-01
  0.000000000e+00
  -4.242302372e-01 -6.497768775e-01 -2.883107115e-01
  5.887480237e-01 -1.789375889e-01 -4.298881423e-01
  3.175683794e-01 -4.720415020e-01 6.295077866e-01
 Node:         38
  0.1111E+03  0.1204E+03  0.5085E+03 -0.7355E-04
  -1.471E-4
   1.679E-16
  -1.471E-4
  -4.798E-17
  -1.439E-16
  -1.471E-4
  -1.372719721e-01
  -1.372719721e-01
  -1.372719721e-01
  0.000000000e+00
  -1.372719721e-01
  0.000000000e+00
  1.809806324e-01 8.734924901e-01 -1.252366008e-01
  8.766353755e-01 -1.866743083e-01 -2.788525692e-02
  6.251019763e-02 1.262847826e-01 9.857434783e-01
 Node:         39
  0.1119E+03  0.1201E+03  0.5207E+03 -0.7355E-04
  -1.471E-4
  -1.679E-16
  -1.471E-4
  -1.439E-16
  -1.319E-16
  -1.471E-4
  -1.372719721e-01
  -1.372719721e-01
  -1.372719721e-01
  0.000000000e+00
  -1.372719721e-01
  0.000000000e+00
  8.359498024e-01 -5.919226087e-02 -3.271416996e-01
  3.458351779e-01 -2.156760870e-01 9.095478261e-01
  -1.228119763e-01 -8.741339921e-01 -1.620899209e-01
 Node:         40
  0.1191E+03  0.1220E+03  0.4937E+03 -0.7355E-04
  -1.471E-4
   1.439E-16
  -1.471E-4
   1.439E-16
  -2.399E-17
  -1.471E-4
  -1.372719721e-01
  -1.372719721e-01
  -1.372719721e-01
  0.000000000e+00
  -1.372719721e-01
  0.000000000e+00
  2.218474308e-01 2.569889328e-02 2.854584980e-02
  4.942761848e-03 1.431618577e-01 -1.732871542e-01
  -5.627826087e-02 2.399171937e-01 2.091258893e-01
 Node:         41
  0.1182E+03  0.1217E+03  0.5073E+03 -0.7355E-04
  -1.471E-4
  -4.798E-17
  -1.471E-4
   9.596E-17
   1.679E-16
  -1.471E-4
  -1.372719721e-01
  -1.372719721e-01
  -1.372719721e-01
  0.000000000e+00
  -1.372719721e-01
  0.000000000e+00
  -1.185294466e-01 -1.386811067e-01 -8.745588933e-01
  -6.110707510e-01 1.952507905e-01 7.812193676e-02
  1.959968379e-01 9.518416996e-01 -1.855048221e-01
 Node:         42
  0.1187E+03  0.1212E+03  0.5204E+03 -0.7355E-04
  -1.471E-4
  -9.596E-17
  -1.471E-4
   1.813E-36
   9.596E-17
  -1.471E-4
  -1.372719721e-01
  -1.372719721e-01
  -1.372719721e-01
  0.000000000e+00
  -1.372719721e-01
  0.000000000e+00
  -1.618061265e-02 5.802660079e-02 8.267005929e-01
  -6.275217391e-01 1.371677866e-01 -2.763656126e-02
  -1.391869565e-01 -8.800845850e-01 1.027787549e-01
 Node:         43
  0.1258E+03  0.1217E+03  0.4915E+03 -0.7355E-04
  -1.471E-4
   1.919E-16
  -1.471E-4
  -2.399E-17
   9.066E-37
  -1.471E-4
  -1.372719721e-01
  -1.372719721e-01
  -1.372719721e-01
  0.000000000e+00
  -1.372719721e-01
  0.000000000e+00
  8.366915020e-01 1.806488142e-01 -3.826148221e-02
  -3.553452569e-01 7.212478261e-01 -2.629478261e-02
  1.762786561e-02 -4.863565810e-02 9.921260870e-01
 Node:         44
  0.1259E+03  0.1220E+03  0.5059E+03 -0.7355E-04
  -1.471E-4
   2.399E-16
  -1.471E-4
   1.679E-16
   1.919E-16
  -1.471E-4
  -1.372719721e-01
  -1.372719721e-01
  -1.372719721e-01
  0.000000000e+00
  -1.372719721e-01
  0.000000000e+00
  -2.514164032e-01 -2.412302372e-01 -5.438355731e-01
  -5.893001976e-01 -4.998543478e-01 4.944067194e-01
  5.459413043e-01 -6.075584980e-01 3.425940711e-02
 Node:         45
  0.1261E+03  0.1221E+03  0.5198E+03 -0.7355E-04
  -1.471E-4
  -1.439E-16
  -1.471E-4
   4.798E-17
  -1.2E-17
  -1.471E-4
  -1.372719721e-01
  -1.372719721e-01
  -1.372719721e-01
  0.000000000e+00
  -1.372719721e-01
  0.000000000e+00
  7.163106719e-02 -2.833223320e-02 9.961086957e-01
  -8.886490119e-01 1.312353755e-01 6.883911067e-02
  -1.334978261e-01 -8.902913043e-01 -1.696915613e-02
 Node:         46
  0.1117E+03  0.1296E+03  0.4959E+03  0.0000E+00
  -2.467E-16
   4.797E-17
  -7.401E-16
   1.199E-17
  -4.497E-17
   0.0
  3.057000000e-18
  -2.423000000e-16
  -7.476000000e-16
  6.629532710e-16
  -3.289476667e-16
  3.125191690e-16
  3.676000000e-02 -5.800000000e-02 9.976000000e-01
  9.946000000e-01 9.864000000e-02 -3.092000000e-02
  -9.662000000e-02 9.934000000e-01 6.131000000e-02
 Node:         47
  0.1107E+03  0.1269E+03  0.5087E+03  0.0000E+00
  -7.401E-16
  -5.397E-17
   4.934E-16
  -4.797E-17
   6.896E-17
   0.0
  5.058000000e-16
  -7.273000000e-18
  -7.452000000e-16
  1.089215580e-15
  -8.222433333e-17
  5.134611487e-16
  -4.821000000e-02 9.891000000e-01 1.394000000e-01
  -5.424000000e-02 -1.420000000e-01 9.884000000e-01
  -9.974000000e-01 -4.009000000e-02 -6.049000000e-02
 Node:         48
  0.1125E+03  0.1242E+03  0.5208E+03  0.0000E+00
   4.934E-16
   5.997E-18
   4.934E-16
   0.0
  -2.998E-18
   4.934E-16
  5.001000000e-16
  4.934000000e-16
  4.867000000e-16
  1.160474041e-17
  4.934000000e-16
  5.470527092e-18
  -6.325000000e-01 -7.071000000e-01 3.162000000e-01
  4.472000000e-01 -2.276000000e-15 8.944000000e-01
  6.325000000e-01 -7.071000000e-01 -3.162000000e-01
 Node:         49
  0.1186E+03  0.1311E+03  0.4938E+03  0.0000E+00
  -7.401E-16
  -3.598E-17
   0.0
  -7.196E-17
  -1.049E-17
  -2.467E-16
  1.947000000e-18
  -2.366000000e-16
  -7.523000000e-16
  6.677348644e-16
  -3.289843333e-16
  3.147732338e-16
  4.561000000e-02 -9.985000000e-01 2.894000000e-02
  -1.430000000e-01 2.215000000e-02 9.895000000e-01
  -9.887000000e-01 -4.926000000e-02 -1.418000000e-01
 Node:         50
  0.1180E+03  0.1298E+03  0.5075E+03  0.0000E+00
   0.0
  -2.249E-17
   1.48E-15
  -7.196E-17
   2.155E-17
   9.869E-16
  1.482000000e-15
  9.910000000e-16
  -5.513000000e-18
  1.312785985e-15
  8.224956667e-16
  6.188532481e-16
  1.739000000e-02 -9.988000000e-01 -4.603000000e-02
  -7.128000000e-02 -4.716000000e-02 9.963000000e-01
  9.973000000e-01 1.405000000e-02 7.201000000e-02
 Node:         51
  0.1192E+03  0.1275E+03  0.5206E+03  0.0000E+00
   0.0
  -5.997E-18
  -2.467E-16
   0.0
   2.549E-17
   4.934E-16
  4.943000000e-16
  1.449000000e-19
  -2.477000000e-16
  6.542860068e-16
  8.224830000e-17
  3.084333815e-16
  -4.170000000e-04 3.438000000e-02 9.994000000e-01
  9.997000000e-01 -2.416000000e-02 1.248000000e-03
  2.418000000e-02 9.991000000e-01 -3.436000000e-02
 Node:         52
  0.1262E+03  0.1305E+03  0.4920E+03  0.0000E+00
   4.934E-16
  -2.399E-17
   4.934E-16
   2.249E-18
   8.48E-18
   0.0
  5.175000000e-16
  4.696000000e-16
  -1.600000000e-19
  4.954496661e-16
  3.289800000e-16
  2.335572124e-16
  -7.061000000e-01 7.080000000e-01 8.534000000e-03
  7.081000000e-01 7.060000000e-01 1.614000000e-02
  -5.403000000e-03 -1.744000000e-02 9.998000000e-01
 Node:         53
  0.1258E+03  0.1304E+03  0.5063E+03  0.0000E+00
  -7.401E-16
  -2.998E-18
  -4.934E-16
   4.797E-17
   5.847E-17
  -9.869E-16
  -4.866000000e-16
  -7.314000000e-16
  -1.002000000e-15
  4.465358664e-16
  -7.400000000e-16
  2.104990261e-16
  1.040000000e-02 9.931000000e-01 1.171000000e-01
  -9.836000000e-01 3.123000000e-02 -1.776000000e-01
  -1.800000000e-01 -1.133000000e-01 9.771000000e-01
 Node:         54
  0.1265E+03  0.1288E+03  0.5200E+03  0.0000E+00
  -9.869E-16
   3.598E-17
   4.934E-16
   0.0
  -7.496E-18
   4.934E-16
  5.014000000e-16
  4.864000000e-16
  -9.877000000e-16
  1.481656947e-15
  3.333333333e-20
  6.984597833e-16
  1.758000000e-02 7.272000000e-01 -6.862000000e-01
  1.675000000e-02 6.860000000e-01 7.274000000e-01
  -9.997000000e-01 2.428000000e-02 1.229000000e-04
 Node:         55
  0.1382E+03  0.1167E+03  0.4532E+03  0.4410E-02
   0.0264
  -0.01461
   0.01354
  -8.662E-4
   0.02265
   0.008576
  5.319116601e-02
  2.645189921e-02
  -1.964671739e-02
  6.451808174e-02
  1.999878261e-02
  3.041411541e-02
  -4.560436759e-01 5.497136364e-01 3.810083004e-01
  6.733102767e-01 2.250102273e-01 4.296306324e-01
  -8.091007905e-02 -2.971873518e-01 3.187059289e-01
 Node:         56
  0.1314E+03  0.1156E+03  0.4686E+03  0.4410E-02
   0.02687
  -0.006731
   0.01153
   0.004454
   0.006202
   0.007669
  5.023941700e-02
  9.451379447e-03
  -8.068849802e-03
  5.232745246e-02
  1.720731555e-02
  2.466739765e-02
  -8.268071146e-01 1.801622411e-01 -1.113096838e-01
  1.441622925e-01 -2.193658103e-01 4.601557708e-01
  -8.975988142e-02 7.228940711e-02 3.655952964e-01
 Node:         57
  0.1285E+03  0.1140E+03  0.4823E+03  0.4410E-02
   0.02975
   0.001434
   0.008975
   0.001686
  -0.001072
   0.008638
  4.515817194e-02
  9.292585968e-03
  -5.284539526e-04
  4.176331886e-02
  1.797410132e-02
  1.968741732e-02
  -9.248420949e-01 3.621717391e-02 1.614890435e-02
  1.062969447e-01 -3.201776680e-01 6.793879447e-01
  -1.021692095e-01 3.542304348e-01 5.817175514e-01
 Node:         58
  0.1481E+03  0.1176E+03  0.4535E+03  0.4410E-02
   0.02613
  -0.02725
   0.0175
  -0.004623
   0.01667
   0.004088
  8.024321146e-02
  7.469040514e-03
  -1.978634111e-02
  8.967891490e-02
  2.264197029e-02
  4.227504590e-02
  -6.842839921e-01 6.726007905e-01 2.808215415e-01
  3.923970356e-01 2.261025692e-01 3.997505929e-01
  -4.152136364e-01 -6.713154150e-01 5.902725296e-01
 Node:         59
  0.1417E+03  0.1165E+03  0.4694E+03  0.4410E-02
   0.02812
  -0.02833
   0.01526
  -0.008812
   0.01546
   0.006554
  7.831907115e-02
  3.289677866e-03
  -1.910700395e-02
  8.898335056e-02
  2.083391502e-02
  4.194715373e-02
  -7.406667984e-01 5.844349802e-01 1.784704565e-01
  2.922023715e-01 3.769100791e-01 2.711021739e-01
  -7.175434783e-02 -1.395974111e-01 -5.642786561e-02
 Node:         60
  0.1375E+03  0.1150E+03  0.4832E+03  0.4410E-02
   0.03052
  -0.008138
   0.01011
  -0.002997
   0.003407
   0.008817
  5.000805336e-02
  5.738579545e-03
  4.514021739e-04
  4.718683718e-02
  1.873267836e-02
  2.224408837e-02
  -8.799932806e-01 2.721552569e-01 9.310584980e-02
  1.434442688e-01 4.313260870e-01 1.762007115e-01
  -1.401996047e-02 -6.780487747e-02 7.263077075e-01
 Node:         61
  0.1551E+03  0.1218E+03  0.4537E+03  0.4410E-02
   0.03046
  -0.02408
   0.01186
  -0.01075
   0.01134
   0.001069
  1.064983498e-01
  -4.562824111e-03
  -3.226151399e-02
  1.274997737e-01
  2.322467057e-02
  6.010396972e-02
  -7.091264822e-01 5.743361660e-01 1.247951976e-01
  6.213965613e-01 4.223160079e-01 2.471630435e-01
  3.015893281e-02 2.486843874e-01 2.286772332e-01
 Node:         62
  0.1491E+03  0.1201E+03  0.4700E+03  0.4410E-02
   0.03387
  -0.04955
   0.01394
  -0.01735
   0.01714
   0.005165
  1.268832312e-01
  -4.984635771e-03
  -4.149844269e-02
  1.534909189e-01
  2.680005092e-02
  7.235631305e-02
  -7.599243083e-01 5.821541502e-01 2.650648221e-01
  -1.120454545e-02 -2.619851581e-01 2.491992095e-01
  2.151126482e-01 1.904875494e-01 2.054237945e-01
 Node:         63
  0.1436E+03  0.1181E+03  0.4838E+03  0.4410E-02
   0.0319
  -0.018
   0.01116
  -0.003806
   0.006302
   0.008539
  6.217419960e-02
  4.233070949e-03
  -5.023695850e-03
  6.319080863e-02
  2.046119157e-02
  2.978843286e-02
  -8.348632411e-01 4.357780632e-01 1.339003834e-01
  2.625138340e-01 2.885857312e-01 8.617845850e-02
  -1.662120553e-01 -9.302608696e-02 3.519739130e-01
 Node:         64
  0.1412E+03  0.1253E+03  0.4526E+03  0.4410E-02
   0.0251
  -0.001827
   0.01534
  -0.008588
   0.006689
   0.006239
  4.710282609e-02
  2.018936364e-02
  -1.154385553e-02
  5.170383415e-02
  1.858277806e-02
  2.437342116e-02
  -1.006205534e-01 4.022390316e-01 2.955596838e-02
  4.395660277e-02 5.004960870e-01 6.180215613e-01
  3.494098814e-01 2.715335968e-02 2.950198182e-01
 Node:         65
  0.1340E+03  0.1229E+03  0.4684E+03  0.4410E-02
   0.02816
  -0.01288
   0.01392
  -0.006607
   0.003958
   0.007136
  5.052484190e-02
  1.131415613e-02
  -5.249204743e-03
  4.985892132e-02
  1.886326443e-02
  2.350372091e-02
  -8.614102767e-01 2.287992095e-01 1.532917984e-01
  1.544189881e-01 -7.904545455e-03 3.800648221e-01
  2.285148814e-01 3.960990119e-01 -5.078853755e-02
 Node:         66
  0.1299E+03  0.1214E+03  0.4825E+03  0.4410E-02
   0.0307
  -0.00477
   0.00985
  -4.636E-4
   4.503E-4
   0.008656
  4.589128063e-02
  7.585650692e-03
  3.205201581e-03
  4.073319981e-02
  1.889404430e-02
  1.920181454e-02
  -9.249703557e-01 2.172286482e-01 5.758009881e-02
  9.781590909e-02 2.904134387e-02 3.654810277e-01
  8.979024822e-02 3.810142292e-01 5.523991897e-01
 Node:         67
  0.1498E+03  0.1242E+03  0.4531E+03  0.4410E-02
   0.02589
  -0.01827
   0.01463
  -0.007533
   0.005625
   0.004431
  5.787625494e-02
  8.580448617e-04
  -2.530727866e-03
  5.883566966e-02
  1.873452398e-02
  2.773540066e-02
  -7.627984190e-01 5.817195652e-01 2.412580040e-01
  -1.087037154e-01 -1.435203360e-01 -1.199930830e-01
  -2.358839921e-01 -4.763187747e-01 5.312630435e-01
 Node:         68
  0.1431E+03  0.1223E+03  0.4691E+03  0.4410E-02
   0.03029
  -0.03612
   0.01457
  -0.01614
   0.01012
   0.006388
  9.069953557e-02
  1.285581028e-04
  -2.340276285e-02
  1.043733459e-01
  2.247511028e-02
  4.920206709e-02
  -7.672950593e-01 5.787715415e-01 2.611650198e-01
  1.612603470e-01 -1.853348775e-01 9.182646245e-01
  6.030418972e-01 7.378916996e-01 4.034945059e-02
 Node:         69
  0.1379E+03  0.1205E+03  0.4831E+03  0.4410E-02
   0.0315
  -0.0123
   0.01042
  -0.005166
   0.004244
   0.008779
  5.344876482e-02
  5.403380632e-03
  3.285750593e-04
  5.079020677e-02
  1.972690684e-02
  2.394273308e-02
  -8.766727273e-01 3.712652174e-01 1.724469960e-01
  1.836480632e-01 2.330937549e-01 7.592158103e-01
  2.403003953e-02 -3.357511858e-01 4.822468577e-01
 Node:         70
  0.1554E+03  0.1239E+03  0.4536E+03  0.4410E-02
   0.02757
  -0.02291
   0.01007
  -0.02095
   0.01511
   0.006155
  8.691222332e-02
  -9.169055929e-03
  -1.594035178e-02
  9.965715528e-02
  2.060093854e-02
  4.697883353e-02
  -7.278547431e-01 5.056758893e-01 4.451920949e-01
  5.436385375e-01 5.840632411e-01 1.566330040e-01
  -4.003385375e-02 -4.576787352e-01 3.181391304e-01
 Node:         71
  0.1492E+03  0.1220E+03  0.4699E+03  0.4410E-02
   0.03323
  -0.04274
   0.01253
  -0.03892
   0.02335
   0.007964
  1.403867391e-01
  -1.589764530e-02
  -3.969330237e-02
  1.696970769e-01
  2.826526382e-02
  7.999596923e-02
  -7.342100791e-01 5.127703557e-01 4.392312253e-01
  -1.535198221e-01 -4.072382806e-01 1.469424901e-01
  2.127142292e-01 -4.375118577e-02 4.026068775e-01
 Node:         72
  0.1435E+03  0.1199E+03  0.4838E+03  0.4410E-02
   0.0326
  -0.01664
   0.01019
  -0.01183
   0.007102
   0.009114
  6.387385375e-02
  3.329963340e-03
  -4.973517787e-03
  6.514345764e-02
  2.074343310e-02
  3.070892043e-02
  -8.414211462e-01 4.123762846e-01 2.867579051e-01
  1.272441700e-01 -9.283557312e-02 7.314978261e-01
  7.616679842e-02 -3.640096838e-01 4.980235178e-01
 Node:         73
  0.1443E+03  0.1339E+03  0.4523E+03  0.0000E+00
   0.02542
  -0.005637
  -0.005081
  -5.152E-4
  -2.01E-4
   0.00327
  4.777575889e-02
  6.019018379e-03
  -1.039981818e-02
  5.204744455e-02
  1.446498636e-02
  2.453540066e-02
  -8.623899209e-01 1.734146245e-01 7.199731225e-03
  2.163136423e-01 2.715349209e-01 1.661713439e-01
  1.639152767e-01 3.196201581e-01 3.487228458e-01
 Node:         74
  0.1366E+03  0.1304E+03  0.4683E+03  0.0000E+00
   0.02939
   0.004059
  -0.002004
   0.003403
  -9.661E-4
   0.002928
  5.923421739e-02
  6.790832016e-03
  -1.372954150e-02
  6.534536672e-02
  1.743183597e-02
  3.080410129e-02
  -9.044656126e-01 -6.703964427e-02 -1.590136561e-01
  -1.152825296e-01 9.094546443e-02 2.724721344e-01
  -1.002699209e-01 8.521954545e-01 2.168643083e-01
 Node:         75
  0.1313E+03  0.1288E+03  0.4826E+03  0.0000E+00
   0.02462
   0.001612
  -1.453E-4
  -8.246E-4
  -4.663E-4
   2.493E-4
  4.421130632e-02
  1.306976399e-03
  -3.780097431e-03
  4.574871537e-02
  1.391272843e-02
  2.156615125e-02
  -9.461436759e-01 -1.022120751e-01 -7.826458498e-03
  -4.810213439e-02 -3.688703953e-01 8.241618577e-01
  -9.252650198e-02 8.221490119e-01 3.681549407e-01
 Node:         76
  0.1515E+03  0.1309E+03  0.4528E+03  0.0000E+00
   0.02499
  -0.009635
  -0.006412
  -0.004535
   0.009091
   0.004427
  5.154942292e-02
  1.305575968e-02
  -1.858169170e-02
  6.126568354e-02
  1.534116364e-02
  2.888092019e-02
  -6.306355731e-01 1.755008103e-01 2.410662055e-01
  2.781192095e-01 1.566000791e-01 7.266316206e-01
  1.203596838e-02 -2.875970356e-01 2.426616996e-01
 Node:         77
  0.1445E+03  0.1281E+03  0.4690E+03  0.0000E+00
   0.03202
   0.008536
  -0.002699
   7.595E-4
   0.008204
   0.002514
  6.244359684e-02
  9.484220336e-03
  -1.497527767e-02
  6.858324121e-02
  1.898417984e-02
  3.233044996e-02
  -9.281505929e-01 -1.538515020e-01 -2.593574704e-02
  4.813211858e-02 2.587113636e-01 6.492962451e-01
  -2.116663715e-01 1.666059289e-01 6.450276680e-02
 Node:         78
  0.1384E+03  0.1261E+03  0.4829E+03  0.0000E+00
   0.02585
   0.006108
  -7.295E-5
  -2.015E-4
   5.211E-4
   1.598E-4
  4.727569960e-02
  8.432833992e-05
  -3.069025494e-03
  4.899619532e-02
  1.476366748e-02
  2.309702798e-02
  -9.401015810e-01 -2.072874427e-01 -2.337612055e-02
  -4.157577075e-02 -8.826233202e-02 6.758735178e-01
  -1.914389921e-01 8.433942688e-01 1.750354130e-01
 Node:         79
  0.1556E+03  0.1259E+03  0.4535E+03  0.0000E+00
   0.02421
   0.01377
  -0.003123
  -0.004155
   0.001675
  -0.01123
  9.602692292e-02
  -1.453907609e-02
  -2.993444466e-02
  1.191508794e-01
  1.718446739e-02
  5.616826319e-02
  -5.548185771e-01 -3.452660672e-01 -7.788756126e-02
  8.446110672e-02 -1.298102767e-02 3.379371542e-01
  -8.313636364e-03 3.451577075e-01 1.275166008e-01
 Node:         80
  0.1494E+03  0.1239E+03  0.4698E+03  0.0000E+00
   0.03362
   0.01877
  -0.002224
   0.00741
   0.001408
  -0.008587
  9.471070553e-02
  -1.055902075e-02
  -2.005466798e-02
  1.103792927e-01
  2.136567227e-02
  5.203329760e-02
  -8.973918972e-01 -3.449915020e-01 -1.720226601e-01
  -5.897604743e-02 -1.181908696e-01 5.013583004e-01
  -1.303230040e-01 1.199379447e-01 3.480444466e-01
 Node:         81
  0.1433E+03  0.1217E+03  0.4837E+03  0.0000E+00
   0.0265
   0.007627
  -2.068E-4
   0.005334
   0.001515
  -8.544E-4
  5.146417589e-02
  -1.950511611e-03
  -5.196761858e-03
  5.517587619e-02
  1.477230081e-02
  2.601015747e-02
  -9.211652174e-01 -2.194430830e-01 -1.642217589e-01
  -5.690428237e-02 2.223861660e-01 2.170998419e-01
  -2.045165883e-01 1.690767589e-01 8.635918972e-01
 Node:         82
  0.1267E+03  0.1148E+03  0.4562E+03 -0.8080E-03
   0.01975
  -0.01093
  -6.187E-4
  -1.15E-4
   0.008481
  -0.001945
  2.532570059e-02
  1.117980237e-03
  -3.494071423e-02
  5.351141056e-02
  -2.832344466e-03
  2.522552085e-02
  -1.229531621e-01 2.863460000e-01 1.654585178e-01
  1.630289328e-01 -8.217128458e-02 4.029418972e-01
  1.340108696e-01 1.562764822e-01 1.256164032e-01
 Node:         83
  0.1234E+03  0.1129E+03  0.4719E+03 -0.8080E-03
   0.01814
  -0.004731
  -0.001337
   0.01077
   0.004445
  -0.002958
  3.770691700e-02
  -1.442030040e-02
  -3.757311383e-02
  6.686024736e-02
  -4.762165744e-03
  3.151822287e-02
  2.837134387e-02 2.283990593e-01 3.409284585e-01
  -5.237849802e-02 2.271102767e-01 3.016475296e-01
  8.430197628e-02 2.163630435e-01 2.777059289e-01
 Node:         84
  0.1187E+03  0.1123E+03  0.4849E+03 -0.8080E-03
   0.0197
  -4.025E-5
  -0.001608
   0.00456
  -1.93E-4
  -0.00274
  2.434969960e-02
  -1.580059881e-02
  -2.064058498e-02
  4.281233803e-02
  -4.030494730e-03
  2.018192969e-02
  4.001363636e-02 4.982172134e-02 2.215713636e-01
  2.175150988e-02 3.815673913e-01 4.412814229e-02
  -1.661011858e-02 8.888306324e-02 6.078636364e-01
 Node:         85
  0.1302E+03  0.1161E+03  0.4550E+03 -0.8080E-03
   0.01941
  -0.01148
  -2.118E-4
   8.76E-4
   0.01266
  -0.001729
  2.798115958e-02
  8.066751976e-03
  -4.179765020e-02
  6.379497113e-02
  -1.916579545e-03
  3.007323779e-02
  -5.050553360e-02 3.811879447e-01 2.592150198e-01
  -1.621372016e-01 3.032298419e-01 6.370217391e-01
  4.820553360e-02 -1.545440711e-01 4.034486166e-01
 Node:         86
  0.1252E+03  0.1138E+03  0.4703E+03 -0.8080E-03
   0.01722
   0.002431
   0.003598
   0.01839
   0.0166
  -0.00255
  8.146837549e-02
  -1.438701383e-02
  -5.805314190e-02
  1.244181564e-01
  3.009406588e-03
  5.865128138e-02
  1.180602767e-01 3.145300395e-01 4.598563241e-01
  -1.437205534e-01 1.712312253e-01 7.551247668e-02
  -2.710247036e-02 1.305675889e-02 5.192498024e-01
 Node:         87
  0.1217E+03  0.1126E+03  0.4834E+03 -0.8080E-03
   0.01951
  -1.721E-4
  -0.001514
   0.005297
  -9.139E-4
  -0.002553
  2.571788142e-02
  -1.520231621e-02
  -2.278897431e-02
  4.525607730e-02
  -4.091136364e-03
  2.133391943e-02
  3.994920949e-02 3.260778261e-02 2.729640711e-01
  2.953120553e-02 3.782660079e-01 -1.785929881e-01
  6.995019763e-03 7.945262846e-02 5.378405138e-01
 Node:         88
  0.1338E+03  0.1169E+03  0.4534E+03 -0.8080E-03
   0.01679
  -0.01533
  -3.87E-5
   7.21E-4
   0.02096
   4.129E-4
  3.481848320e-02
  9.229183360e-03
  -4.932211265e-02
  7.613407126e-02
  -1.758148696e-03
  3.588994538e-02
  -3.902372530e-01 5.503721344e-01 4.049363636e-01
  1.919151779e-01 4.309656126e-02 3.110634980e-01
  2.393142292e-02 -7.447964427e-02 1.769607905e-01
 Node:         89
  0.1270E+03  0.1150E+03  0.4686E+03 -0.8080E-03
   0.01679
  -0.003858
  -7.336E-4
   0.007293
   0.005891
  -0.001962
  3.333478261e-02
  -1.580053360e-02
  -3.526309012e-02
  6.144261624e-02
  -5.909613702e-03
  2.896432707e-02
  1.603557312e-02 2.970785375e-01 3.593528063e-01
  -1.196299625e-01 3.791612648e-01 3.643581028e-01
  -3.100316206e-02 1.250867589e-01 5.173523715e-01
 Node:         90
  0.1248E+03  0.1132E+03  0.4822E+03 -0.8080E-03
   0.01926
   0.002463
  -0.001745
   0.002532
  -0.001408
  -0.001833
  2.316206621e-02
  -1.323858300e-02
  -2.271264625e-02
  4.203166325e-02
  -4.263054348e-03
  1.981391607e-02
  5.158972332e-02 2.095739486e-01 1.715981028e-01
  6.576331621e-02 2.331519763e-01 1.562035573e-02
  -7.398555336e-02 4.578090909e-01 5.964622530e-01
 Node:         91
  0.1259E+03  0.1261E+03  0.4548E+03 -0.8080E-03
   0.01504
  -0.002233
   0.004164
  -0.007578
   0.01514
  -0.002359
  3.900277668e-02
  3.274926482e-03
  -4.515631387e-02
  7.472669931e-02
  -9.595369038e-04
  3.522650388e-02
  -6.759264822e-01 7.219762846e-03 1.657529644e-02
  4.705349684e-01 -2.371071739e-01 -4.162561265e-03
  3.533016996e-01 -2.726081028e-01 5.690602767e-01
 Node:         92
  0.1209E+03  0.1233E+03  0.4725E+03 -0.8080E-03
   0.01768
  -0.007442
   4.513E-4
  -0.004687
   0.01052
  -7.683E-4
  2.773112747e-02
  -4.787869565e-04
  -3.519656047e-02
  5.570651497e-02
  -2.648073320e-03
  2.626030300e-02
  1.464705534e-01 3.501181028e-01 3.193149802e-01
  -1.216043004e-01 2.191262846e-01 6.543197628e-01
  1.786121443e-01 -1.671193676e-01 5.195699605e-01
 Node:         93
  0.1159E+03  0.1217E+03  0.4877E+03 -0.8080E-03
   0.01997
  -9.477E-4
  -0.001535
  -9.689E-4
   0.001231
  -0.001485
  2.340818132e-02
  -1.150477273e-02
  -2.136125296e-02
  4.087062430e-02
  -3.152614789e-03
  1.926659706e-02
  2.221501976e-02 -5.097573518e-02 2.531940316e-01
  -5.228539526e-02 -9.506660079e-02 -2.622620553e-01
  -6.640804743e-02 2.043913043e-01 -5.303855731e-01
 Node:         94
  0.1313E+03  0.1263E+03  0.4539E+03 -0.8080E-03
   0.0139
  -0.00265
   0.00495
  -0.01178
   0.01243
  -0.001569
  3.506425099e-02
  9.337928854e-03
  -4.504278814e-02
  7.278597107e-02
  -2.135361001e-04
  3.431163581e-02
  1.742569170e-02 3.964821739e-01 5.527828063e-02
  -1.882385375e-02 1.649169960e-01 5.198630830e-01
  3.873258893e-01 -4.377114625e-02 4.082225296e-01
 Node:         95
  0.1250E+03  0.1235E+03  0.4706E+03 -0.8080E-03
   0.01727
