 Group name: predicted_stress_L1A1
 #Fields=  16
 1) coordinates, coordinate, rectangular cartesian, #Components=3
   x.  Value index= 1, #Derivatives=0
   y.  Value index= 2, #Derivatives=0
   z.  Value index= 3, #Derivatives=0
 2) Tensor_1, field, rectangular cartesian, #Components=1
   Tensor_1.  Value index= 4, #Derivatives=0
 3) Tensor_2, field, rectangular cartesian, #Components=1
   Tensor_2.  Value index= 5, #Derivatives=0
 4) Tensor_3, field, rectangular cartesian, #Components=1
   Tensor_3.  Value index= 6, #Derivatives=0
 5) Tensor_4, field, rectangular cartesian, #Components=1
   Tensor_4.  Value index= 7, #Derivatives=0
 6) Tensor_5, field, rectangular cartesian, #Components=1
   Tensor_5.  Value index= 8, #Derivatives=0
 7) Tensor_6, field, rectangular cartesian, #Components=1
   Tensor_6.  Value index= 9, #Derivatives=0
 8) Principal_1, field, rectangular cartesian, #Components=1
   Principal_1.  Value index= 10, #Derivatives=0
 9) Principal_2, field, rectangular cartesian, #Components=1
   Principal_2.  Value index= 11, #Derivatives=0
 10) Principal_3, field, rectangular cartesian, #Components=1
   Principal_3.  Value index= 12, #Derivatives=0
 11) VonMises, field, rectangular cartesian, #Components=1
   VonMises.  Value index= 13, #Derivatives=0
 12) Hydrostatic, field, rectangular cartesian, #Components=1
   VonMises.  Value index= 14, #Derivatives=0
 13) Octahedral, field, rectangular cartesian, #Components=1
   VonMises.  Value index= 15, #Derivatives=0
 14) PrincipalVector1, field, rectangular cartesian, #Components=3
   x.  Value index= 16, #Derivatives=0
   y.  Value index= 17, #Derivatives=0
   z.  Value index= 18, #Derivatives=0
 15) PrincipalVector2, field, rectangular cartesian, #Components=3
   x.  Value index= 19, #Derivatives=0
   y.  Value index= 20, #Derivatives=0
   z.  Value index= 21, #Derivatives=0
 16) PrincipalVector3, field, rectangular cartesian, #Components=3
   x.  Value index= 22, #Derivatives=0
   y.  Value index= 23, #Derivatives=0
   z.  Value index= 24, #Derivatives=0
 Node:          1
  0.1287E+03  0.1133E+03  0.4908E+03 -0.1386E-08
  -2.773E-9
  -1.439E-16
  -2.773E-9
  -4.797E-17
  -7.196E-17
  -2.773E-9
  -2.733539976e-02
  -2.733539976e-02
  -2.733539976e-02
  0.000000000e+00
  -2.733539976e-02
  0.000000000e+00
  7.221166667e-01 -1.898626437e-01 -2.336252874e-02
  2.442137931e-01 9.485856322e-01 -1.903229885e-01
  7.637954023e-02 1.767632184e-01 9.791591954e-01
 Node:          2
  0.1292E+03  0.1137E+03  0.5052E+03 -0.1386E-08
  -2.773E-9
  -1.919E-16
  -2.773E-9
  -9.595E-17
   3.358E-16
  -2.773E-9
  -2.733539976e-02
  -2.733539976e-02
  -2.733539976e-02
  0.000000000e+00
  -2.733539976e-02
  0.000000000e+00
  3.872264368e-01 -1.824862069e-01 -8.877643678e-02
  3.156551724e-01 5.501568966e-01 2.719327586e-01
  -8.091086207e-04 -4.579143678e-01 8.888413793e-01
 Node:          3
  0.1289E+03  0.1155E+03  0.5194E+03 -0.1386E-08
  -2.773E-9
   2.399E-16
  -2.773E-9
   1.919E-16
   9.595E-17
  -2.773E-9
  -2.733539976e-02
  -2.733539976e-02
  -2.733539976e-02
  0.000000000e+00
  -2.733539976e-02
  0.000000000e+00
  -4.016132184e-01 -8.745827586e-01 -2.694879310e-01
  4.879902299e-01 -4.542413793e-01 7.449563218e-01
  7.742982759e-01 -1.681126437e-01 -6.090672414e-01
 Node:          4
  0.1361E+03  0.1141E+03  0.4915E+03 -0.1386E-08
  -2.773E-9
  -4.797E-17
  -2.773E-9
  -4.797E-17
  -1.439E-16
  -2.773E-9
  -2.733539976e-02
  -2.733539976e-02
  -2.733539976e-02
  0.000000000e+00
  -2.733539976e-02
  0.000000000e+00
  -3.894913793e-02 -8.978982759e-02 9.950793103e-01
  -7.433574713e-01 6.918988506e-02 -2.167080460e-02
  -6.684689655e-02 -7.406683908e-01 -6.839091954e-02
 Node:          5
  0.1341E+03  0.1144E+03  0.5054E+03 -0.1386E-08
  -2.773E-9
   2.399E-16
  -2.773E-9
   9.595E-17
  -1.199E-16
  -2.773E-9
  -2.733539976e-02
  -2.733539976e-02
  -2.733539976e-02
  0.000000000e+00
  -2.733539976e-02
  0.000000000e+00
  1.023068391e-01 -1.761839080e-01 9.789379310e-01
  7.132908046e-01 6.986908046e-01 5.123402299e-02
  -6.930856322e-01 6.931666667e-01 1.973568966e-01
 Node:          6
  0.1323E+03  0.1162E+03  0.5191E+03 -0.1386E-08
  -2.773E-9
   9.595E-17
  -2.773E-9
  -9.595E-17
  -4.797E-17
  -2.773E-9
  -2.733539976e-02
  -2.733539976e-02
  -2.733539976e-02
  0.000000000e+00
  -2.733539976e-02
  0.000000000e+00
  -7.093212644e-01 -6.989408046e-01 8.873637931e-02
  2.962752874e-01 -3.209873563e-01 -2.500810345e-02
  8.163034483e-02 4.287770115e-02 9.954034483e-01
 Node:          7
  0.1408E+03  0.1171E+03  0.4920E+03 -0.1386E-08
  -2.773E-9
   3.838E-16
  -2.773E-9
  -1.439E-16
  -1.919E-16
  -2.773E-9
  -2.733539976e-02
  -2.733539976e-02
  -2.733539976e-02
  0.000000000e+00
  -2.733539976e-02
  0.000000000e+00
  6.534902299e-01 3.468057471e-01 -9.751321839e-02
  -4.838137931e-01 8.665568966e-01 -1.140059770e-01
  5.855373563e-02 1.616735632e-01 9.849655172e-01
 Node:          8
  0.1367E+03  0.1169E+03  0.5055E+03 -0.1386E-08
  -2.773E-9
   3.358E-16
  -2.773E-9
  -6.956E-16
  -4.078E-16
  -2.773E-9
  -2.733539976e-02
  -2.733539976e-02
  -2.733539976e-02
  0.000000000e+00
  -2.733539976e-02
  0.000000000e+00
  -4.709373563e-01 -5.957925287e-01 2.241959770e-01
  6.076160920e-01 -5.135620690e-01 -3.714689655e-02
  2.442088506e-01 7.405172414e-02 9.543195402e-01
 Node:          9
  0.1339E+03  0.1180E+03  0.5191E+03 -0.1386E-08
  -2.773E-9
   2.878E-16
  -2.773E-9
  -6.836E-16
  -4.797E-16
  -2.773E-9
  -2.733539976e-02
  -2.733539976e-02
  -2.733539976e-02
  0.000000000e+00
  -2.733539976e-02
  0.000000000e+00
  2.362752874e-01 1.803339080e-01 -4.379298851e-01
  6.970132184e-01 6.068390805e-02 1.399310345e-01
  -1.481691954e-01 6.957183908e-01 1.792218391e-01
 Node:         10
  0.1294E+03  0.1212E+03  0.4911E+03 -0.1386E-08
  -2.773E-9
   4.797E-17
  -2.773E-9
  -2.399E-17
   2.159E-16
  -2.773E-9
  -2.733539976e-02
  -2.733539976e-02
  -2.733539976e-02
  0.000000000e+00
  -2.733539976e-02
  0.000000000e+00
  2.404465517e-02 4.744620690e-01 5.029908046e-01
  1.520300575e-01 6.765683908e-01 -7.168063218e-01
  -4.276597701e-01 8.291572989e-02 -5.736465517e-02
 Node:         11
  0.1295E+03  0.1214E+03  0.5055E+03 -0.1386E-08
  -2.773E-9
  -4.797E-17
  -2.773E-9
  -7.196E-17
   2.399E-17
  -2.773E-9
  -2.733539976e-02
  -2.733539976e-02
  -2.733539976e-02
  0.000000000e+00
  -2.733539976e-02
  0.000000000e+00
  -2.208770115e-01 9.251965517e-02 7.545764368e-01
  -3.778747126e-01 3.761862069e-01 -1.559442529e-01
  5.252839080e-01 3.485218391e-01 9.093735632e-02
 Node:         12
  0.1295E+03  0.1217E+03  0.5196E+03 -0.1386E-08
  -2.773E-9
  -2.349E-41
  -2.773E-9
   1.319E-16
   4.797E-17
  -2.773E-9
  -2.733539976e-02
  -2.733539976e-02
  -2.733539976e-02
  0.000000000e+00
  -2.733539976e-02
  0.000000000e+00
  -2.436367816e-01 -8.663774713e-02 -9.657293103e-01
  -2.653310345e-01 6.854540230e-01 7.997740581e-03
  3.189086207e-01 1.661810345e-01 -9.691954023e-02
 Node:         13
  0.1361E+03  0.1199E+03  0.4914E+03 -0.1386E-08
  -2.773E-9
  -2.399E-16
  -2.773E-9
  -1.679E-16
   4.797E-17
  -2.773E-9
  -2.733539976e-02
  -2.733539976e-02
  -2.733539976e-02
  0.000000000e+00
  -2.733539976e-02
  0.000000000e+00
  6.865293103e-01 -2.791988506e-01 -9.442643678e-02
  3.718511494e-01 9.277080460e-01 -3.169827586e-02
  1.293425287e-01 -1.795614828e-02 9.913954023e-01
 Node:         14
  0.1342E+03  0.1198E+03  0.5054E+03 -0.1386E-08
  -2.773E-9
   4.797E-17
  -2.773E-9
   9.595E-17
  -1.559E-16
  -2.773E-9
  -2.733539976e-02
  -2.733539976e-02
  -2.733539976e-02
  0.000000000e+00
  -2.733539976e-02
  0.000000000e+00
  9.222431034e-02 -2.604160920e-01 9.606528736e-01
  -2.004236782e-01 -6.978695402e-01 -1.682091954e-01
  -7.147511494e-01 1.771789655e-01 1.153300000e-01
 Node:         15
  0.1330E+03  0.1205E+03  0.5193E+03 -0.1386E-08
  -2.773E-9
  -1.439E-16
  -2.773E-9
   2.399E-17
   8.395E-17
  -2.773E-9
  -2.733539976e-02
  -2.733539976e-02
  -2.733539976e-02
  0.000000000e+00
  -2.733539976e-02
  0.000000000e+00
  7.423620690e-01 -8.322522989e-02 6.479885057e-03
  -1.985396552e-02 -2.344339080e-01 -7.069005747e-01
  1.088222989e-01 9.429706897e-01 -3.073873563e-01
 Node:         16
  0.1404E+03  0.1188E+03  0.4918E+03 -0.1386E-08
  -2.773E-9
   9.595E-17
  -2.773E-9
  -1.439E-16
  -2.519E-16
  -2.773E-9
  -2.733539976e-02
  -2.733539976e-02
  -2.733539976e-02
  0.000000000e+00
  -2.733539976e-02
  0.000000000e+00
  -1.496022989e-01 -2.383028736e-01 9.594431034e-01
  -6.382310345e-01 -4.680229885e-01 -2.190040230e-01
  5.022833333e-01 -6.436821839e-01 -8.818045977e-02
 Node:         17
  0.1365E+03  0.1184E+03  0.5055E+03 -0.1386E-08
  -2.773E-9
   4.797E-17
  -2.773E-9
   1.679E-16
   2.938E-16
  -2.773E-9
  -2.733539976e-02
  -2.733539976e-02
  -2.733539976e-02
  0.000000000e+00
  -2.733539976e-02
  0.000000000e+00
  2.110752874e-01 3.440068966e-01 6.146005747e-01
  6.884281609e-01 -2.749931034e-01 -7.088210115e-02
  -2.544166667e-01 -8.030224138e-01 5.118390805e-01
 Node:         18
  0.1341E+03  0.1191E+03  0.5192E+03 -0.1386E-08
  -2.773E-9
  -3.124E-41
  -2.773E-9
   4.572E-17
   1.84E-16
  -2.773E-9
  -2.733539976e-02
  -2.733539976e-02
  -2.733539976e-02
  0.000000000e+00
  -2.733539976e-02
  0.000000000e+00
  1.641637931e-02 6.825408046e-02 8.139517241e-01
  8.129057471e-01 -2.284373563e-01 9.725223231e-03
  -2.797494253e-01 -5.050551724e-01 5.248425287e-02
 Node:         19
  0.1301E+03  0.1291E+03  0.4914E+03  0.0000E+00
   4.934E-16
   0.0
   4.934E-16
   3.631E-19
   1.731E-17
  -9.869E-16
  4.936000000e-16
  4.934000000e-16
  -9.871000000e-16
  1.480600010e-15
  -3.333333333e-20
  6.979615383e-16
  -2.097000000e-02 -9.997000000e-01 -1.169000000e-02
  -9.998000000e-01 2.097000000e-02 -8.123000000e-17
  2.452000000e-04 1.169000000e-02 -9.999000000e-01
 Node:         20
  0.1299E+03  0.1291E+03  0.5058E+03  0.0000E+00
   9.869E-16
   0.0
   0.0
   1.799E-17
   3.326E-17
  -2.467E-16
  9.871000000e-16
  4.400000000e-18
  -2.514000000e-16
  1.132478516e-15
  2.467000000e-16
  5.338554923e-16
  -9.999000000e-01 -4.917000000e-04 -1.459000000e-02
  2.401000000e-03 -9.914000000e-01 -1.311000000e-01
  -1.440000000e-02 -1.312000000e-01 9.913000000e-01
 Node:         21
  0.1301E+03  0.1280E+03  0.5197E+03  0.0000E+00
   4.934E-16
   0.0
   0.0
   7.196E-17
   2.549E-17
   4.934E-16
  5.660000000e-16
  4.222000000e-16
  -1.341000000e-18
  5.108528306e-16
  3.289530000e-16
  2.408183338e-16
  -7.039000000e-01 -3.195000000e-02 -7.096000000e-01
  -7.102000000e-01 4.241000000e-02 7.027000000e-01
  -7.642000000e-03 -9.986000000e-01 5.255000000e-02
 Node:         22
  0.1360E+03  0.1256E+03  0.4913E+03  0.0000E+00
  -9.869E-16
   2.399E-17
  -4.934E-16
  -2.399E-17
   1.739E-16
   4.934E-16
  5.234000000e-16
  -5.215000000e-16
  -9.888000000e-16
  1.341069376e-15
  -3.289666667e-16
  6.321861663e-16
  -1.298000000e-02 1.683000000e-01 9.857000000e-01
  5.935000000e-02 9.841000000e-01 -1.672000000e-01
  -9.982000000e-01 5.633000000e-02 -2.276000000e-02
 Node:         23
  0.1343E+03  0.1253E+03  0.5054E+03  0.0000E+00
   0.0
   3.598E-17
  -1.974E-15
   0.0
   2.271E-16
  -7.401E-16
  6.796000000e-19
  -6.997000000e-16
  -2.015000000e-15
  1.772499637e-15
  -9.046734667e-16
  8.355643418e-16
  9.998000000e-01 1.889000000e-02 5.790000000e-03
  -9.011000000e-03 1.753000000e-01 9.845000000e-01
  1.758000000e-02 -9.843000000e-01 1.754000000e-01
 Node:         24
  0.1336E+03  0.1248E+03  0.5194E+03  0.0000E+00
  -9.869E-16
   2.099E-17
   0.0
   2.399E-17
   1.499E-18
  -7.401E-16
  4.516000000e-19
  -7.379000000e-16
  -9.896000000e-16
  8.912682385e-16
  -5.756828000e-16
  4.201478769e-16
  -2.132000000e-02 -9.998000000e-01 -2.714000000e-03
  9.549000000e-02 -4.739000000e-03 9.954000000e-01
  -9.952000000e-01 2.096000000e-02 9.557000000e-02
 Node:         25
  0.1400E+03  0.1206E+03  0.4917E+03  0.0000E+00
   0.0
   4.617E-16
  -4.934E-16
  -1.439E-16
  -2.249E-16
   9.869E-16
  1.067000000e-15
  2.050000000e-16
  -7.785000000e-16
  1.599404030e-15
  1.645000000e-16
  7.539662901e-16
  -2.161000000e-01 -2.016000000e-01 9.553000000e-01
  8.390000000e-01 4.621000000e-01 2.874000000e-01
  -4.994000000e-01 8.636000000e-01 6.929000000e-02
 Node:         26
  0.1363E+03  0.1200E+03  0.5055E+03  0.0000E+00
   9.869E-16
   1.859E-16
  -2.714E-15
   4.797E-17
  -1.943E-15
  -2.467E-16
  1.006000000e-15
  8.090000000e-16
  -3.789000000e-15
  4.699597749e-15
  -6.580000000e-16
  2.215411625e-15
  9.680000000e-01 1.526000000e-01 -1.995000000e-01
  2.481000000e-01 -4.578000000e-01 8.538000000e-01
  -3.892000000e-02 8.759000000e-01 4.809000000e-01
 Node:         27
  0.1343E+03  0.1203E+03  0.5192E+03  0.0000E+00
   9.869E-16
  -3.358E-16
   9.869E-16
  -1.799E-16
   2.27E-15
   0.0
  2.890000000e-15
  9.150000000e-16
  -1.831000000e-15
  4.106639867e-15
  6.580000000e-16
  1.935888599e-15
  -1.931000000e-01 7.658000000e-01 6.135000000e-01
  9.808000000e-01 1.345000000e-01 1.409000000e-01
  2.534000000e-02 6.289000000e-01 -7.771000000e-01
 Node:         28
  0.1155E+03  0.1124E+03  0.4931E+03 -0.8193E-08
  -1.639E-8
   6.596E-17
  -1.639E-8
  -9.595E-17
   9.595E-17
  -1.639E-8
  -1.633327643e-01
  -1.633327643e-01
  -1.633327643e-01
  0.000000000e+00
  -1.633327643e-01
  0.000000000e+00
  3.479316092e-02 9.495454023e-01 1.823528736e-01
  6.819908046e-02 2.159844828e-01 -7.449603448e-01
  -7.431390805e-01 4.556385057e-02 -4.936235632e-02
 Node:         29
  0.1119E+03  0.1139E+03  0.5068E+03 -0.8193E-08
  -1.639E-8
  -3.598E-17
  -1.639E-8
   9.595E-17
   1.199E-17
  -1.639E-8
  -1.633327643e-01
  -1.633327643e-01
  -1.633327643e-01
  0.000000000e+00
  -1.633327643e-01
  0.000000000e+00
  -3.849172414e-02 7.870270115e-01 1.571379310e-03
  -6.324201149e-01 -1.462327586e-02 -1.334445402e-01
  -9.194540230e-02 -3.121781609e-03 5.295287356e-01
 Node:         30
  0.1113E+03  0.1159E+03  0.5206E+03 -0.8193E-08
  -1.639E-8
   2.159E-16
  -1.639E-8
   2.272E-40
  -4.797E-17
  -1.639E-8
  -1.633327643e-01
  -1.633327643e-01
  -1.633327643e-01
  0.000000000e+00
  -1.633327643e-01
  0.000000000e+00
  2.716045977e-01 3.687310345e-01 -4.479270115e-02
  -5.985591954e-01 5.396379310e-01 4.718965517e-02
  1.029080460e-02 -3.878735632e-02 7.928948276e-01
 Node:         31
  0.1203E+03  0.1126E+03  0.4920E+03 -0.8193E-08
  -1.639E-8
   1.679E-16
  -1.639E-8
   4.797E-17
   7.196E-17
  -1.639E-8
  -1.633327643e-01
  -1.633327643e-01
  -1.633327643e-01
  0.000000000e+00
  -1.633327643e-01
  0.000000000e+00
  -4.731896552e-01 -3.626683908e-01 -4.328603448e-01
  3.044459770e-01 8.844252874e-02 -5.382741379e-01
  2.527500000e-01 -4.939563218e-01 9.305402299e-02
 Node:         32
  0.1188E+03  0.1134E+03  0.5062E+03 -0.8193E-08
  -1.639E-8
  -2.399E-17
  -1.639E-8
  -4.797E-17
   1.679E-16
  -1.639E-8
  -1.633327643e-01
  -1.633327643e-01
  -1.633327643e-01
  0.000000000e+00
  -1.633327643e-01
  0.000000000e+00
  6.485000000e-01 -5.798735632e-03 -2.571850575e-02
  3.625517241e-02 3.757919540e-01 8.168890805e-01
  -5.522996552e-03 -8.956574713e-01 4.355534483e-01
 Node:         33
  0.1183E+03  0.1150E+03  0.5201E+03 -0.8193E-08
  -1.639E-8
   9.595E-17
  -1.639E-8
   1.439E-16
  -3.029E-40
  -1.639E-8
  -1.633327643e-01
  -1.633327643e-01
  -1.633327643e-01
  0.000000000e+00
  -1.633327643e-01
  0.000000000e+00
  5.394586207e-01 5.527057471e-02 1.898298851e-01
  -7.290066620e-02 3.068620690e-01 -1.682603448e-01
  -1.820896552e-01 2.422258621e-01 4.881367816e-01
 Node:         34
  0.1255E+03  0.1129E+03  0.4909E+03 -0.8193E-08
  -1.639E-8
  -3.534E-40
  -1.639E-8
   9.595E-17
   1.679E-16
  -1.639E-8
  -1.633327643e-01
  -1.633327643e-01
  -1.633327643e-01
  0.000000000e+00
  -1.633327643e-01
  0.000000000e+00
  1.361097701e-01 2.670229885e-02 1.608287356e-01
  5.438931034e-01 -1.580350575e-01 2.692130149e-02
  -5.214942529e-03 -1.819626437e-01 1.236080460e-01
 Node:         35
  0.1260E+03  0.1135E+03  0.5054E+03 -0.8193E-08
  -1.639E-8
   1.919E-16
  -1.639E-8
   1.919E-16
   4.318E-16
  -1.639E-8
  -1.633327643e-01
  -1.633327643e-01
  -1.633327643e-01
  0.000000000e+00
  -1.633327643e-01
  0.000000000e+00
  5.338752874e-01 3.653574713e-01 3.635977011e-01
  -4.285764368e-01 3.703091954e-01 3.790879310e-01
  1.996649907e-02 -7.163718391e-01 6.923051724e-01
 Node:         36
  0.1257E+03  0.1153E+03  0.5196E+03 -0.8193E-08
  -1.639E-8
  -9.595E-17
  -1.639E-8
  -9.595E-17
   1.439E-16
  -1.639E-8
  -1.633327643e-01
  -1.633327643e-01
  -1.633327643e-01
  0.000000000e+00
  -1.633327643e-01
  0.000000000e+00
  -5.026160920e-01 5.732465517e-01 5.285252874e-01
  2.775201149e-01 1.340293103e-01 1.615311494e-01
  2.512300502e-03 -6.355534483e-01 6.086155172e-01
 Node:         37
  0.1132E+03  0.1210E+03  0.4959E+03 -0.8193E-08
  -1.639E-8
   2.399E-16
  -1.639E-8
  -1.439E-16
   3.118E-16
  -1.639E-8
  -1.633327643e-01
  -1.633327643e-01
  -1.633327643e-01
  0.000000000e+00
  -1.633327643e-01
  0.000000000e+00
  -3.584488506e-01 -5.600741379e-01 -2.734649425e-01
  4.488712644e-01 -1.426008046e-01 -2.318810345e-01
  2.374344828e-01 -4.045839080e-01 6.108102299e-01
 Node:         38
  0.1111E+03  0.1204E+03  0.5085E+03 -0.8193E-08
  -1.639E-8
   1.679E-16
  -1.639E-8
  -4.797E-17
  -1.439E-16
  -1.639E-8
  -1.633327643e-01
  -1.633327643e-01
  -1.633327643e-01
  0.000000000e+00
  -1.633327643e-01
  0.000000000e+00
  1.463793103e-01 7.248896552e-01 -1.032444828e-01
  7.269591954e-01 -1.493321839e-01 -1.090000000e-02
  5.582931034e-02 1.273201149e-01 9.853488506e-01
 Node:         39
  0.1119E+03  0.1201E+03  0.5207E+03 -0.8193E-08
  -1.639E-8
  -1.679E-16
  -1.639E-8
  -1.439E-16
  -1.319E-16
  -1.639E-8
  -1.633327643e-01
  -1.633327643e-01
  -1.633327643e-01
  0.000000000e+00
  -1.633327643e-01
  0.000000000e+00
  6.943229885e-01 -4.544989655e-02 -2.683195402e-01
  3.455252874e-01 -2.171155172e-01 9.097534483e-01
  -1.000178736e-01 -7.234833333e-01 -1.415936782e-01
 Node:         40
  0.1191E+03  0.1220E+03  0.4937E+03 -0.8193E-08
  -1.639E-8
   1.439E-16
  -1.639E-8
   1.439E-16
  -2.399E-17
  -1.639E-8
  -1.633327643e-01
  -1.633327643e-01
  -1.633327643e-01
  0.000000000e+00
  -1.633327643e-01
  0.000000000e+00
  -6.741666667e-02 -1.058137931e-02 -1.070977011e-02
  3.120480840e-03 -6.325000000e-02 3.444712644e-02
  -3.249712644e-02 1.424712644e-01 1.132425287e-01
 Node:         41
  0.1182E+03  0.1217E+03  0.5073E+03 -0.8193E-08
  -1.639E-8
  -4.797E-17
  -1.639E-8
   9.595E-17
   1.679E-16
  -1.639E-8
  -1.633327643e-01
  -1.633327643e-01
  -1.633327643e-01
  0.000000000e+00
  -1.633327643e-01
  0.000000000e+00
  -9.100862069e-02 -9.469379310e-02 -7.257563218e-01
  -4.143448276e-01 1.499201149e-01 5.998850575e-02
  1.903931034e-01 9.527218391e-01 -1.710368966e-01
 Node:         42
  0.1187E+03  0.1212E+03  0.5204E+03 -0.8193E-08
  -1.639E-8
  -9.595E-17
  -1.639E-8
   2.02E-40
   9.595E-17
  -1.639E-8
  -1.633327643e-01
  -1.633327643e-01
  -1.633327643e-01
  0.000000000e+00
  -1.633327643e-01
  0.000000000e+00
  -1.571712644e-02 6.601367816e-02 8.728787356e-01
  -4.269551724e-01 1.053298851e-01 -2.121867816e-02
  -1.069011494e-01 -7.310477011e-01 8.073362069e-02
 Node:         43
  0.1258E+03  0.1217E+03  0.4915E+03 -0.8193E-08
  -1.639E-8
   1.919E-16
  -1.639E-8
  -2.399E-17
   1.01E-40
  -1.639E-8
  -1.633327643e-01
  -1.633327643e-01
  -1.633327643e-01
  0.000000000e+00
  -1.633327643e-01
  0.000000000e+00
  6.880281609e-01 1.094925287e-01 -3.984597701e-02
  -3.612735632e-01 6.786270115e-01 -3.345729885e-02
  1.713454023e-02 -5.686650000e-02 9.906747126e-01
 Node:         44
  0.1259E+03  0.1220E+03  0.5059E+03 -0.8193E-08
  -1.639E-8
   2.399E-16
  -1.639E-8
   1.679E-16
   1.919E-16
  -1.639E-8
  -1.633327643e-01
  -1.633327643e-01
  -1.633327643e-01
  0.000000000e+00
  -1.633327643e-01
  0.000000000e+00
  -1.819408046e-01 -1.623695402e-01 -3.706511494e-01
  -5.833528736e-01 -4.843120690e-01 4.884885057e-01
  4.232183908e-01 -4.897057471e-01 3.157402299e-02
 Node:         45
  0.1261E+03  0.1221E+03  0.5198E+03 -0.8193E-08
  -1.639E-8
  -1.439E-16
  -1.639E-8
   4.797E-17
  -1.199E-17
  -1.639E-8
  -1.633327643e-01
  -1.633327643e-01
  -1.633327643e-01
  0.000000000e+00
  -1.633327643e-01
  0.000000000e+00
  7.243643678e-02 -3.170729885e-02 9.957706897e-01
  -7.361448276e-01 1.107132184e-01 5.983741379e-02
  -1.132810345e-01 -7.373028736e-01 -1.957866092e-02
 Node:         46
  0.1117E+03  0.1296E+03  0.4959E+03  0.0000E+00
  -2.467E-16
   4.797E-17
  -7.401E-16
   1.199E-17
  -4.497E-17
   0.0
  3.057000000e-18
  -2.423000000e-16
  -7.476000000e-16
  6.629532710e-16
  -3.289476667e-16
  3.125191690e-16
  3.676000000e-02 -5.800000000e-02 9.976000000e-01
  9.946000000e-01 9.864000000e-02 -3.092000000e-02
  -9.662000000e-02 9.934000000e-01 6.131000000e-02
 Node:         47
  0.1107E+03  0.1269E+03  0.5087E+03  0.0000E+00
  -7.401E-16
  -5.397E-17
   4.934E-16
  -4.797E-17
   6.896E-17
   0.0
  5.058000000e-16
  -7.273000000e-18
  -7.452000000e-16
  1.089215580e-15
  -8.222433333e-17
  5.134611487e-16
  -4.821000000e-02 9.891000000e-01 1.394000000e-01
  -5.424000000e-02 -1.420000000e-01 9.884000000e-01
  -9.974000000e-01 -4.009000000e-02 -6.049000000e-02
 Node:         48
  0.1125E+03  0.1242E+03  0.5208E+03  0.0000E+00
   4.934E-16
   5.997E-18
   4.934E-16
   0.0
  -2.998E-18
   4.934E-16
  5.001000000e-16
  4.934000000e-16
  4.867000000e-16
  1.160474041e-17
  4.934000000e-16
  5.470527092e-18
  -6.325000000e-01 -7.071000000e-01 3.162000000e-01
  4.472000000e-01 -2.276000000e-15 8.944000000e-01
  6.325000000e-01 -7.071000000e-01 -3.162000000e-01
 Node:         49
  0.1186E+03  0.1311E+03  0.4938E+03  0.0000E+00
  -7.401E-16
  -3.598E-17
   0.0
  -7.196E-17
  -1.049E-17
  -2.467E-16
  1.947000000e-18
  -2.366000000e-16
  -7.523000000e-16
  6.677348644e-16
  -3.289843333e-16
  3.147732338e-16
  4.561000000e-02 -9.985000000e-01 2.894000000e-02
  -1.430000000e-01 2.215000000e-02 9.895000000e-01
  -9.887000000e-01 -4.926000000e-02 -1.418000000e-01
 Node:         50
  0.1180E+03  0.1298E+03  0.5075E+03  0.0000E+00
   0.0
  -2.249E-17
   1.48E-15
  -7.196E-17
   2.155E-17
   9.869E-16
  1.482000000e-15
  9.910000000e-16
  -5.513000000e-18
  1.312785985e-15
  8.224956667e-16
  6.188532481e-16
  1.739000000e-02 -9.988000000e-01 -4.603000000e-02
  -7.128000000e-02 -4.716000000e-02 9.963000000e-01
  9.973000000e-01 1.405000000e-02 7.201000000e-02
 Node:         51
  0.1192E+03  0.1275E+03  0.5206E+03  0.0000E+00
   0.0
  -5.997E-18
  -2.467E-16
   0.0
   2.549E-17
   4.934E-16
  4.943000000e-16
  1.449000000e-19
  -2.477000000e-16
  6.542860068e-16
  8.224830000e-17
  3.084333815e-16
  -4.170000000e-04 3.438000000e-02 9.994000000e-01
  9.997000000e-01 -2.416000000e-02 1.248000000e-03
  2.418000000e-02 9.991000000e-01 -3.436000000e-02
 Node:         52
  0.1262E+03  0.1305E+03  0.4920E+03  0.0000E+00
   4.934E-16
  -2.399E-17
   4.934E-16
   2.249E-18
   8.48E-18
   0.0
  5.175000000e-16
  4.696000000e-16
  -1.600000000e-19
  4.954496661e-16
  3.289800000e-16
  2.335572124e-16
  -7.061000000e-01 7.080000000e-01 8.534000000e-03
  7.081000000e-01 7.060000000e-01 1.614000000e-02
  -5.403000000e-03 -1.744000000e-02 9.998000000e-01
 Node:         53
  0.1258E+03  0.1304E+03  0.5063E+03  0.0000E+00
  -7.401E-16
  -2.998E-18
  -4.934E-16
   4.797E-17
   5.847E-17
  -9.869E-16
  -4.866000000e-16
  -7.314000000e-16
  -1.002000000e-15
  4.465358664e-16
  -7.400000000e-16
  2.104990261e-16
  1.040000000e-02 9.931000000e-01 1.171000000e-01
  -9.836000000e-01 3.123000000e-02 -1.776000000e-01
  -1.800000000e-01 -1.133000000e-01 9.771000000e-01
 Node:         54
  0.1265E+03  0.1288E+03  0.5200E+03  0.0000E+00
  -9.869E-16
   3.598E-17
   4.934E-16
   0.0
  -7.496E-18
   4.934E-16
  5.014000000e-16
  4.864000000e-16
  -9.877000000e-16
  1.481656947e-15
  3.333333333e-20
  6.984597833e-16
  1.758000000e-02 7.272000000e-01 -6.862000000e-01
  1.675000000e-02 6.860000000e-01 7.274000000e-01
  -9.997000000e-01 2.428000000e-02 1.229000000e-04
 Node:         55
  0.1382E+03  0.1167E+03  0.4532E+03 -0.7884E-04
   0.001674
  -0.001088
   5.286E-4
   2.96E-4
   0.001656
   2.825E-4
  -1.392109195e-02
  -6.257178161e-03
  6.664942529e-03
  -1.738989010e-02
  -4.504442529e-03
  -8.197672807e-03
  -5.045580460e-01 5.197666667e-01 3.495235632e-01
  6.479310345e-01 2.643700230e-01 4.986793103e-01
  -2.567758621e-02 -1.341603448e-01 1.255454023e-01
 Node:         56
  0.1314E+03  0.1156E+03  0.4686E+03 -0.7884E-04
   0.001617
   4.56E-4
   2.28E-4
   0.001988
  -4.914E-6
  -1.253E-4
  5.361178161e-03
  -7.971259770e-03
  -4.684489655e-03
  1.080481827e-02
  -2.431523755e-03
  5.093440180e-03
  -7.310775862e-01 3.316607011e-01 1.289566092e-01
  2.495452874e-01 -6.333718391e-01 5.998817816e-01
  -1.436413793e-01 -1.314160345e-01 8.895689655e-01
 Node:         57
  0.1285E+03  0.1140E+03  0.4823E+03 -0.7884E-04
   0.002325
   8.295E-4
  -1.827E-4
   6.411E-4
  -4.316E-4
  -1.888E-4
  -8.123287356e-03
  3.188103448e-05
  -1.394882759e-03
  -7.017460671e-03
  -3.162096360e-03
  -3.308062685e-03
  -8.461017241e-01 2.417947701e-01 1.696225080e-01
  2.299001207e-01 1.215919540e-02 7.364787356e-01
  9.917528736e-03 1.054000000e-01 4.003413563e-01
 Node:         58
  0.1480E+03  0.1172E+03  0.4540E+03 -0.7884E-04
   0.001678
  -0.00284
   9.922E-4
  -4.758E-4
   0.001367
  -5.34E-5
  -3.005264368e-02
  1.093732184e-03
  6.203002299e-03
  -3.351494969e-02
  -7.585303065e-03
  -1.579909880e-02
  -6.857304598e-01 6.632787356e-01 2.994385057e-01
  2.488729885e-01 2.155816092e-01 2.320000000e-02
  -3.442718391e-01 -6.506701149e-01 6.392517241e-01
 Node:         59
  0.1417E+03  0.1164E+03  0.4696E+03 -0.7884E-04
   0.001676
  -0.001993
   7.003E-4
   0.001104
   4.324E-4
  -3.05E-4
  -1.217281609e-02
  -5.206355747e-03
  2.302603448e-03
  -1.127067720e-02
  -5.025522797e-03
  -5.313048183e-03
  -7.128873563e-01 5.450925287e-01 2.552049080e-01
  5.046149425e-01 7.857563218e-01 3.100528736e-01
  2.025229885e-01 2.768560920e-01 -4.418413793e-01
 Node:         60
  0.1375E+03  0.1149E+03  0.4832E+03 -0.7884E-04
   0.002349
  -1.4E-4
  -4.075E-5
   7.006E-4
  -2.391E-4
  -2.147E-4
  -3.596471264e-03
  -2.324803793e-03
  -3.452603448e-03
  -5.829284778e-04
  -3.124626169e-03
  -2.747951197e-04
  -7.754431034e-01 3.710488506e-01 2.469747471e-01
  -1.269022989e-02 -2.653390805e-02 -6.870747126e-02
  1.158660920e-01 1.860734483e-01 5.854810345e-01
 Node:         61
  0.1551E+03  0.1212E+03  0.4547E+03 -0.7884E-04
   0.002173
  -0.002536
   3.698E-4
  -0.002326
   0.003148
  -0.001032
  -2.950390805e-02
  6.286982759e-03
  -1.586556552e-03
  -2.986478356e-02
  -8.267827280e-03
  -1.407839398e-02
  -6.706810345e-01 5.708264368e-01 -1.505303448e-01
  6.598286782e-01 4.156373563e-01 -1.807471264e-01
  1.913901724e-01 9.955862069e-01 -2.140103448e-02
 Node:         62
  0.1490E+03  0.1198E+03  0.4705E+03 -0.7884E-04
   0.00245
  -0.003436
   4.534E-4
  -1.34E-4
   0.001339
  -0.001034
  -4.919885057e-02
  5.431331609e-03
  9.802528736e-03
  -5.632738007e-02
  -1.132166341e-02
  -2.655298161e-02
  -7.292143678e-01 5.812189655e-01 3.341522989e-01
  -1.262854023e-01 -4.831972701e-01 5.398678161e-02
  1.754218391e-01 2.760919540e-03 4.343208908e-01
 Node:         63
  0.1436E+03  0.1180E+03  0.4839E+03 -0.7884E-04
   0.002614
  -8.81E-4
  -3.344E-5
   4.055E-4
  -3.724E-4
  -3.255E-4
  -7.903183908e-03
  -1.018520690e-03
  -2.797701724e-03
  -5.759711181e-03
  -3.906468774e-03
  -2.715153889e-03
  -7.372442529e-01 5.085810345e-01 2.422158621e-01
  4.440545977e-01 3.710416954e-01 2.144672414e-01
  -3.278624713e-01 -2.663919540e-01 4.786977011e-01
 Node:         64
  0.1412E+03  0.1253E+03  0.4532E+03 -0.7884E-04
   0.00203
   0.001399
   4.435E-4
  -0.00126
   8.976E-4
  -2.615E-4
  1.344195402e-03
  -9.224568966e-03
  -3.120745402e-03
  3.322061056e-03
  -3.667039655e-03
  1.566034600e-03
  1.718706897e-01 6.093654023e-01 -1.616408701e-01
  -4.030110920e-02 1.871894828e-01 8.903604598e-01
  7.023649425e-01 1.601522989e-01 4.280268391e-01
 Node:         65
  0.1340E+03  0.1229E+03  0.4686E+03 -0.7884E-04
   0.002067
   7.269E-4
   3.853E-4
  -2.536E-4
   3.141E-4
  -2.385E-4
  -6.821839080e-06
  -1.637141954e-03
  -8.226480460e-03
  6.101373916e-03
  -3.290148084e-03
  2.876215247e-03
  -7.971534483e-01 2.526954598e-01 1.311815517e-01
  5.771282759e-02 -6.486706897e-01 4.083907471e-01
  3.907878161e-01 8.032270115e-01 -4.350890805e-01
 Node:         66
  0.1299E+03  0.1214E+03  0.4825E+03 -0.7884E-04
   0.002469
   1.129E-4
  -7.4E-5
   2.801E-4
  -1.973E-4
  -1.815E-4
  -8.994281609e-03
  9.181101149e-04
  -2.072176437e-03
  -8.118492720e-03
  -3.382782644e-03
  -3.827094170e-03
  -8.421316092e-01 3.627261839e-01 1.626044253e-01
  1.857928736e-01 -5.617522414e-01 1.101489655e+00
  3.467032862e-01 7.644419540e-01 1.674321839e-01
 Node:         67
  0.1498E+03  0.1239E+03  0.4539E+03 -0.7884E-04
   0.001999
  -0.001446
   3.544E-4
  -0.001075
   4.894E-4
  -9.098E-5
  -1.601457471e-02
  1.396704023e-03
  2.271402299e-04
  -1.668123988e-02
  -4.796910153e-03
  -7.863611891e-03
  -7.321959770e-01 6.287373563e-01 1.872859195e-01
  -5.066370115e-01 -5.950858046e-01 -4.310218391e-01
  -1.011155172e-01 -9.987356322e-02 4.925178161e-01
 Node:         68
  0.1431E+03  0.1222E+03  0.4695E+03 -0.7884E-04
   0.002076
  -0.002461
   4.123E-4
  -4.616E-4
   6.608E-4
  -1.267E-4
  -2.922866092e-02
  2.380889655e-03
  5.517850575e-03
  -3.307703847e-02
  -7.109973563e-03
  -1.559266547e-02
  -7.414534483e-01 5.835040230e-01 3.129925287e-01
  7.175470690e-02 -3.529930460e-01 8.602678161e-01
  6.465333333e-01 6.474097701e-01 2.079874655e-01
 Node:         69
  0.1379E+03  0.1205E+03  0.4831E+03 -0.7884E-04
   0.002476
  -6.916E-4
  -2.222E-6
   1.443E-4
   9.488E-5
  -1.673E-4
  -1.007807471e-02
  -1.174320690e-03
  -3.172839080e-05
  -9.505644090e-03
  -3.761374598e-03
  -4.481003597e-03
  -8.004275862e-01 4.381695402e-01 2.746825287e-01
  1.473923563e-01 -1.067721839e-01 8.156586207e-01
  3.530465517e-01 2.160339080e-01 4.199338506e-01
 Node:         70
  0.1553E+03  0.1233E+03  0.4546E+03 -0.7884E-04
   0.002143
  -0.00173
  -2.05E-4
  -0.001992
   0.001421
   4.494E-4
  -2.923022989e-02
  4.043978736e-03
  5.839670115e-03
  -3.419807569e-02
  -6.448860345e-03
  -1.612112748e-02
  -7.069873563e-01 5.673833333e-01 3.964045977e-01
  3.587316092e-01 3.169425287e-01 3.232873563e-02
  -3.872589080e-01 -3.599482184e-01 -3.873103448e-01
 Node:         71
  0.1492E+03  0.1217E+03  0.4705E+03 -0.7884E-04
   0.002268
  -0.003766
   1.614E-4
  -0.001802
   0.001959
   5.865E-5
  -5.589367816e-02
  1.373394655e-02
  4.525132184e-03
  -6.347444036e-02
  -1.254486648e-02
  -2.992213814e-02
  -7.054356322e-01 5.076695402e-01 4.886005747e-01
  -3.744100000e-01 -5.338199425e-01 -1.854609195e-01
  1.284936782e-01 -3.970637931e-01 5.902173563e-01
 Node:         72
  0.1435E+03  0.1199E+03  0.4838E+03 -0.7884E-04
   0.002524
  -0.001315
  -1.844E-5
  -1.836E-4
   3.782E-4
  -1.495E-4
  -1.336593678e-02
  1.170985057e-03
  -1.040868966e-03
  -1.313147287e-02
  -4.411940230e-03
  -6.190235677e-03
  -7.793339080e-01 4.428781609e-01 3.733128736e-01
  -1.848850575e-03 -5.012560345e-01 7.929022989e-01
  4.601942529e-01 1.335333333e-01 6.110522989e-01
 Node:         73
  0.1443E+03  0.1338E+03  0.4532E+03  0.0000E+00
   0.002849
  -8.777E-4
  -4.635E-4
   5.556E-4
  -4.897E-4
   4.397E-4
  -1.567504598e-02
  -2.103063793e-03
  -1.684390805e-03
  -1.321673996e-02
  -6.487500192e-03
  -6.230430969e-03
  -7.170672414e-01 1.528281609e-01 1.240594713e-01
  4.532197759e-01 6.019861494e-01 -1.510114943e-01
  1.856991954e-01 -4.012735632e-01 5.319943678e-01
 Node:         74
  0.1366E+03  0.1303E+03  0.4687E+03  0.0000E+00
   0.003086
  -0.00138
  -2.693E-4
   2.41E-5
  -9.731E-4
   2.354E-4
  -9.250500000e-03
  -1.085808103e-03
  -1.020913218e-02
  -1.459348545e-03
  -6.848480096e-03
  -6.879435014e-04
  -8.121178161e-01 -2.574896552e-01 -2.313557471e-01
  -3.540202299e-01 -1.856569310e-01 1.086445977e+00
  -2.638912069e-01 8.121568966e-01 -4.333563218e-03
 Node:         75
  0.1313E+03  0.1288E+03  0.4827E+03  0.0000E+00
   0.002815
  -5.89E-4
  -4.465E-5
  -3.921E-4
  -2.003E-4
   1.026E-5
  -1.268191954e-02
  -1.800504971e-04
  -3.388688506e-03
  -1.049345921e-02
  -5.416886181e-03
  -4.946664111e-03
  -8.828005747e-01 -2.759383908e-01 -7.687923563e-02
  -1.064268448e-01 -2.310577586e-01 9.155017241e-01
  -2.754295402e-01 8.288718391e-01 1.705684483e-01
 Node:         76
  0.1515E+03  0.1306E+03  0.4539E+03  0.0000E+00
   0.002879
  -0.001138
  -6.873E-4
   6.358E-5
   0.001297
   7.265E-4
  -2.067581609e-02
  -5.082561494e-03
  3.093850575e-03
  -2.019821863e-02
  -7.554842337e-03
  -9.521531574e-03
  -3.404327586e-01 3.401252874e-02 2.685183908e-01
  2.014670517e-01 -1.905959770e-01 6.019304598e-01
  1.395809195e-01 5.703103448e-02 1.461333333e-01
 Node:         77
  0.1445E+03  0.1279E+03  0.4695E+03  0.0000E+00
   0.003283
  -5.573E-4
  -3.702E-4
  -5.136E-4
   8.801E-4
   2.903E-4
  -1.704642529e-02
  -6.011180632e-03
  -2.746091954e-03
  -1.289374964e-02
  -8.601232625e-03
  -6.078171871e-03
  -8.512247126e-01 -3.005453448e-01 -8.113841379e-02
  2.242227586e-02 4.506172414e-02 8.163333333e-01
  -4.073676954e-01 1.609591954e-01 2.895463793e-01
 Node:         78
  0.1384E+03  0.1261E+03  0.4830E+03  0.0000E+00
   0.002936
  -9.435E-5
  -3.626E-5
  -4.223E-4
  -7.981E-5
   2.84E-6
  -1.426387356e-02
  -4.102985057e-04
  -3.109598276e-03
  -1.212419229e-02
  -5.927923448e-03
  -5.715399056e-03
  -8.741465517e-01 -3.453396897e-01 -8.769659195e-02
  -5.903885057e-02 -4.517778506e-01 7.914425287e-01
  -3.292730460e-01 7.520500000e-01 4.378740057e-01
 Node:         79
  0.1556E+03  0.1254E+03  0.4546E+03  0.0000E+00
   0.002915
   0.002346
   4.941E-4
   0.001223
   9.634E-5
  -0.001505
  -3.757023563e-02
  2.765729885e-03
  1.585931034e-03
  -3.928343113e-02
  -1.107285824e-02
  -1.851838703e-02
  -1.481660920e-01 -2.067946207e-01 -1.824849368e-01
  7.224936782e-02 -1.810640230e-01 -2.225143678e-01
  5.727540230e-01 -1.056206897e-01 4.733944828e-01
 Node:         80
  0.1494E+03  0.1236E+03  0.4704E+03  0.0000E+00
   0.003326
   0.00217
   2.738E-4
  -7.19E-5
  -3.473E-4
  -0.001281
  -5.041821839e-02
  4.166724138e-03
  3.099712644e-03
  -5.380171896e-02
  -1.438392720e-02
  -2.536237354e-02
  -8.585304598e-01 -3.186522989e-01 -3.025604230e-01
  -3.247426437e-01 3.710949425e-01 2.003712644e-01
  4.001022989e-02 -4.593005747e-01 2.302634483e-01
 Node:         81
  0.1433E+03  0.1217E+03  0.4837E+03  0.0000E+00
   0.002963
   4.266E-4
   1.975E-5
  -4.048E-4
  -8.933E-5
  -1.81E-4
  -1.469737356e-02
  -4.670009770e-04
  -3.202925287e-03
  -1.263880836e-02
  -6.122433276e-03
  -5.957991398e-03
  -8.464614943e-01 -2.938928736e-01 -2.883335057e-01
  3.282300736e-02 -3.820011494e-01 2.669641954e-01
  -3.782439126e-01 4.152974713e-01 6.672770115e-01
 Node:         82
  0.1267E+03  0.1148E+03  0.4561E+03 -0.1353E-02
  -3.043E-4
  -1.89E-4
  -0.002466
   5.455E-4
   0.001364
  -0.002658
  -1.485114943e-05
  6.478890805e-03
  1.086313161e-02
  -9.101362926e-03
  5.775723755e-03
  -4.290423629e-03
  -7.749482759e-02 3.942584828e-01 2.220389655e-01
  2.681764368e-02 -6.413024138e-01 2.841534483e-01
  4.318454023e-01 8.091390805e-01 -1.901932184e-01
 Node:         83
  0.1234E+03  0.1129E+03  0.4718E+03 -0.1353E-02
  -3.967E-4
   3.64E-4
  -0.002588
   0.002866
   6.022E-4
  -0.002977
  6.234545977e-03
  7.370913793e-03
  6.207785057e-03
  -1.635673103e-04
  6.604414943e-03
  -7.710636953e-05
  -7.827758621e-02 3.801665575e-01 5.966241379e-01
  3.381781609e-03 -1.641189655e-01 5.001178161e-01
  1.984419540e-01 3.355459770e-01 7.460218391e-01
 Node:         84
  0.1187E+03  0.1123E+03  0.4849E+03 -0.1353E-02
  -6.181E-5
   9.916E-5
  -0.002698
   0.001055
  -4.673E-5
  -0.002953
  -2.348998851e-03
  1.072988506e-02
  1.001128736e-02
  -1.255409762e-02
  6.130724521e-03
  -5.918058370e-03
  -8.726781609e-02 1.008103218e-01 4.328614943e-01
  5.092552874e-02 7.788586207e-02 3.329617241e-01
  1.747568966e-01 2.375419540e-01 5.863035632e-01
 Node:         85
  0.1302E+03  0.1161E+03  0.4549E+03 -0.1353E-02
  -3.943E-4
  -1.203E-4
  -0.002414
   6.438E-4
   0.002099
  -0.002522
  3.258583161e-03
  1.214943103e-03
  1.198164368e-02
  -8.567517942e-03
  5.485056648e-03
  -4.038766690e-03
  -9.660517241e-02 5.094482759e-01 2.960154598e-01
  -4.207326437e-01 -4.174252874e-02 7.653448276e-01
  2.681488506e-01 1.091971264e-01 5.168491954e-01
 Node:         86
  0.1252E+03  0.1138E+03  0.4702E+03 -0.1353E-02
  -3.123E-4
   0.001473
  -0.002187
   0.005491
   0.002398
  -0.00283
  1.046245402e-02
  5.015344828e-03
  -2.496459770e-04
  9.504692854e-03
  5.076050958e-03
  4.480555180e-03
  6.392758621e-02 5.757080460e-01 8.497925287e-01
  -3.397144828e-01 -1.371574713e-01 2.479673736e-01
  1.645833333e-01 6.766672414e-02 8.671545977e-01
 Node:         87
  0.1217E+03  0.1126E+03  0.4833E+03 -0.1353E-02
  -1.16E-4
   5.764E-5
  -0.002685
   0.001368
  -2.131E-4
  -0.002934
  -8.773505747e-04
  1.043524138e-02
  8.962948276e-03
  -1.023141586e-02
  6.173613027e-03
  -4.823135690e-03
  -7.793678161e-02 7.282393678e-02 5.207380460e-01
  -5.496856322e-02 -3.820218391e-01 -1.236036322e-01
  1.622425287e-01 3.702263218e-02 1.078127011e+00
 Node:         88
  0.1338E+03  0.1169E+03  0.4534E+03 -0.1353E-02
  -6.531E-4
  -7.475E-4
  -0.002469
   6.296E-4
   0.002668
  -0.002306
  -2.781990230e-03
  -3.507600000e-04
  1.800583908e-02
  -1.787330479e-02
  4.957696284e-03
  -8.425556681e-03
  -4.911021264e-01 6.949057471e-01 4.827321839e-01
  -4.287236782e-01 -5.889066092e-02 1.556587356e-01
  8.449712644e-02 -1.281988506e-01 3.781750000e-01
 Node:         89
  0.1270E+03  0.1150E+03  0.4685E+03 -0.1353E-02
  -7.807E-4
   7.55E-4
  -0.002558
   0.002501
   7.519E-4
  -0.002784
  1.210264943e-02
  4.864206897e-03
  4.543187356e-03
  7.131040879e-03
  7.170014559e-03
  3.361604908e-03
  -8.912528736e-02 4.718435632e-01 5.963783333e-01
  -9.966631034e-02 8.234712644e-02 5.418989655e-01
  1.832925287e-01 3.600837356e-01 7.418867816e-01
 Node:         90
  0.1248E+03  0.1132E+03  0.4822E+03 -0.1353E-02
  -1.983E-4
   8.295E-4
  -0.002756
   7.389E-4
  -4.037E-4
  -0.002763
  3.913620690e-05
  9.654408046e-03
  9.169367816e-03
  -9.075035877e-03
  6.287637356e-03
  -4.278012939e-03
  -5.659195402e-02 4.013615920e-01 3.323717816e-01
  1.622486839e-01 2.734471264e-01 1.854459770e-01
  7.190839080e-02 2.708614943e-01 4.659563218e-01
 Node:         91
  0.1258E+03  0.1261E+03  0.4551E+03 -0.1353E-02
  -3.746E-4
   0.002147
  -0.002164
  -2.528E-4
   0.002163
  -0.002689
  1.718990230e-02
  -3.957735632e-03
  4.631085517e-03
  8.038788398e-03
  5.954417395e-03
  3.789521193e-03
  -8.438511494e-01 1.033862069e-01 -1.598965517e-02
  1.310764310e-01 -3.547750575e-01 3.483170862e-01
  5.966232184e-01 1.797517241e-01 3.867701149e-01
 Node:         92
  0.1209E+03  0.1233E+03  0.4726E+03 -0.1353E-02
  -4.766E-4
   6.154E-4
  -0.002363
   7.386E-4
   0.001615
  -0.002553
  1.132993218e-02
  1.942652874e-03
  5.484474713e-03
  4.143846042e-03
  6.252353257e-03
  1.953427758e-03
  -3.486247126e-01 5.990832184e-01 5.279541954e-01
  -2.881471379e-01 -2.521850575e-01 6.834965517e-01
  3.965254828e-01 2.635804598e-01 3.948614943e-01
 Node:         93
  0.1159E+03  0.1217E+03  0.4877E+03 -0.1353E-02
  -8.206E-5
  -1.711E-4
  -0.002677
   5.736E-4
   4.924E-4
  -0.00275
  7.989218391e-05
  1.047908046e-02
  7.387241379e-03
  -8.064006672e-03
  5.982071341e-03
  -3.801409201e-03
  1.625287356e-01 -1.295528276e-01 4.898048851e-01
  -2.034086207e-01 -9.931609195e-02 -6.678500000e-01
  -2.111312276e-01 1.729160920e-01 -7.741747126e-01
 Node:         94
  0.1313E+03  0.1263E+03  0.4542E+03 -0.1353E-02
  -4.445E-4
   0.002036
  -0.002114
  -0.001194
   0.001973
  -0.002475
  1.405252299e-02
  -4.478649425e-04
  3.678362644e-03
  6.744746918e-03
  5.761006897e-03
  3.179504189e-03
