 Group name: predicted_stress_L2A4
 #Fields=  16
 1) coordinates, coordinate, rectangular cartesian, #Components=3
   x.  Value index= 1, #Derivatives=0
   y.  Value index= 2, #Derivatives=0
   z.  Value index= 3, #Derivatives=0
 2) Tensor_1, field, rectangular cartesian, #Components=1
   Tensor_1.  Value index= 4, #Derivatives=0
 3) Tensor_2, field, rectangular cartesian, #Components=1
   Tensor_2.  Value index= 5, #Derivatives=0
 4) Tensor_3, field, rectangular cartesian, #Components=1
   Tensor_3.  Value index= 6, #Derivatives=0
 5) Tensor_4, field, rectangular cartesian, #Components=1
   Tensor_4.  Value index= 7, #Derivatives=0
 6) Tensor_5, field, rectangular cartesian, #Components=1
   Tensor_5.  Value index= 8, #Derivatives=0
 7) Tensor_6, field, rectangular cartesian, #Components=1
   Tensor_6.  Value index= 9, #Derivatives=0
 8) Principal_1, field, rectangular cartesian, #Components=1
   Principal_1.  Value index= 10, #Derivatives=0
 9) Principal_2, field, rectangular cartesian, #Components=1
   Principal_2.  Value index= 11, #Derivatives=0
 10) Principal_3, field, rectangular cartesian, #Components=1
   Principal_3.  Value index= 12, #Derivatives=0
 11) VonMises, field, rectangular cartesian, #Components=1
   VonMises.  Value index= 13, #Derivatives=0
 12) Hydrostatic, field, rectangular cartesian, #Components=1
   VonMises.  Value index= 14, #Derivatives=0
 13) Octahedral, field, rectangular cartesian, #Components=1
   VonMises.  Value index= 15, #Derivatives=0
 14) PrincipalVector1, field, rectangular cartesian, #Components=3
   x.  Value index= 16, #Derivatives=0
   y.  Value index= 17, #Derivatives=0
   z.  Value index= 18, #Derivatives=0
 15) PrincipalVector2, field, rectangular cartesian, #Components=3
   x.  Value index= 19, #Derivatives=0
   y.  Value index= 20, #Derivatives=0
   z.  Value index= 21, #Derivatives=0
 16) PrincipalVector3, field, rectangular cartesian, #Components=3
   x.  Value index= 22, #Derivatives=0
   y.  Value index= 23, #Derivatives=0
   z.  Value index= 24, #Derivatives=0
 Node:          1
  0.1287E+03  0.1133E+03  0.4908E+03 -0.8793E-01
  -0.1759
  -1.732E-16
  -0.1759
  -5.773E-17
  -8.66E-17
  -0.1759
  -2.882180298e-02
  -2.882180298e-02
  -2.882180298e-02
  0.000000000e+00
  -2.882180298e-02
  0.000000000e+00
  8.071407522e-01 -2.125726945e-01 -2.605532715e-02
  2.448854714e-01 9.509481710e-01 -1.854425554e-01
  7.600295724e-02 1.718464709e-01 9.815386914e-01
 Node:          2
  0.1292E+03  0.1137E+03  0.5052E+03 -0.8793E-01
  -0.1759
  -2.309E-16
  -0.1759
  -1.155E-16
   4.041E-16
  -0.1759
  -2.882180298e-02
  -2.882180298e-02
  -2.882180298e-02
  0.000000000e+00
  -2.882180298e-02
  0.000000000e+00
  4.502867594e-01 -2.111214838e-01 -1.030304997e-01
  3.083491499e-01 5.363128284e-01 2.645425039e-01
  -8.027268934e-04 -4.582556929e-01 8.886595054e-01
 Node:          3
  0.1289E+03  0.1155E+03  0.5194E+03 -0.8793E-01
  -0.1759
   2.887E-16
  -0.1759
   2.309E-16
   1.155E-16
  -0.1759
  -2.882180298e-02
  -2.882180298e-02
  -2.882180298e-02
  0.000000000e+00
  -2.882180298e-02
  0.000000000e+00
  -4.012324060e-01 -8.745204019e-01 -2.702128284e-01
  4.875380732e-01 -4.545115920e-01 7.450563627e-01
  7.747415765e-01 -1.676607934e-01 -6.085884080e-01
 Node:          4
  0.1361E+03  0.1141E+03  0.4915E+03 -0.8793E-01
  -0.1759
  -5.773E-17
  -0.1759
  -5.773E-17
  -1.732E-16
  -0.1759
  -2.882180298e-02
  -2.882180298e-02
  -2.882180298e-02
  0.000000000e+00
  -2.882180298e-02
  0.000000000e+00
  -3.874431221e-02 -8.890174652e-02 9.951459042e-01
  -8.308813498e-01 7.772363730e-02 -2.447832561e-02
  -7.508550232e-02 -8.279001030e-01 -7.612357548e-02
 Node:          5
  0.1341E+03  0.1144E+03  0.5054E+03 -0.8793E-01
  -0.1759
   2.887E-16
  -0.1759
   1.155E-16
  -1.443E-16
  -0.1759
  -2.882180298e-02
  -2.882180298e-02
  -2.882180298e-02
  0.000000000e+00
  -2.882180298e-02
  0.000000000e+00
  1.025930088e-01 -1.760061309e-01 9.789344668e-01
  7.130274601e-01 6.989702731e-01 5.098329727e-02
  -6.933299330e-01 6.929116950e-01 1.974270479e-01
 Node:          6
  0.1323E+03  0.1162E+03  0.5191E+03 -0.8793E-01
  -0.1759
   1.155E-16
  -0.1759
  -1.155E-16
  -5.773E-17
  -0.1759
  -2.882180298e-02
  -2.882180298e-02
  -2.882180298e-02
  0.000000000e+00
  -2.882180298e-02
  0.000000000e+00
  -7.089818135e-01 -6.992492530e-01 8.849429675e-02
  3.448732097e-01 -3.722331788e-01 -2.807673879e-02
  8.106369397e-02 4.309439979e-02 9.954259660e-01
 Node:          7
  0.1408E+03  0.1171E+03  0.4920E+03 -0.8793E-01
  -0.1759
   4.619E-16
  -0.1759
  -1.732E-16
  -2.309E-16
  -0.1759
  -2.882180298e-02
  -2.882180298e-02
  -2.882180298e-02
  0.000000000e+00
  -2.882180298e-02
  0.000000000e+00
  7.299921690e-01 3.885272540e-01 -1.090650180e-01
  -4.829205564e-01 8.667877898e-01 -1.159299639e-01
  5.833883565e-02 1.635308604e-01 9.847001546e-01
 Node:          8
  0.1367E+03  0.1169E+03  0.5055E+03 -0.8793E-01
  -0.1759
   4.041E-16
  -0.1759
  -8.372E-16
  -4.907E-16
  -0.1759
  -2.882180298e-02
  -2.882180298e-02
  -2.882180298e-02
  0.000000000e+00
  -2.882180298e-02
  0.000000000e+00
  -4.568967027e-01 -5.942215868e-01 2.202300876e-01
  6.062215353e-01 -4.992905719e-01 -3.477514683e-02
  2.423789696e-01 7.075316847e-02 9.544196806e-01
 Node:          9
  0.1339E+03  0.1180E+03  0.5191E+03 -0.8793E-01
  -0.1759
   3.464E-16
  -0.1759
  -8.227E-16
  -5.773E-16
  -0.1759
  -2.882180298e-02
  -2.882180298e-02
  -2.882180298e-02
  0.000000000e+00
  -2.882180298e-02
  0.000000000e+00
  2.636594539e-01 1.982744462e-01 -5.059335909e-01
  7.792254508e-01 7.018464709e-02 1.628327666e-01
  -1.457853684e-01 6.802065945e-01 1.833804740e-01
 Node:         10
  0.1294E+03  0.1212E+03  0.4911E+03 -0.8793E-01
  -0.1759
   5.773E-17
  -0.1759
  -2.887E-17
   2.598E-16
  -0.1759
  -2.882180298e-02
  -2.882180298e-02
  -2.882180298e-02
  0.000000000e+00
  -2.882180298e-02
  0.000000000e+00
  2.382557960e-02 4.614808346e-01 4.915065945e-01
  1.504711489e-01 6.760144771e-01 -7.175205049e-01
  -4.971027306e-01 9.401067285e-02 -6.590432767e-02
 Node:         11
  0.1295E+03  0.1214E+03  0.5055E+03 -0.8793E-01
  -0.1759
  -5.773E-17
  -0.1759
  -8.66E-17
   2.887E-17
  -0.1759
  -2.882180298e-02
  -2.882180298e-02
  -2.882180298e-02
  0.000000000e+00
  -2.882180298e-02
  0.000000000e+00
  -1.876837197e-01 9.506442040e-02 6.388240082e-01
  -3.683173622e-01 3.509463679e-01 -1.621767646e-01
  6.667945389e-01 4.570342607e-01 1.287053581e-01
 Node:         12
  0.1295E+03  0.1217E+03  0.5196E+03 -0.8793E-01
  -0.1759
  -1.49E-33
  -0.1759
   1.588E-16
   5.773E-17
  -0.1759
  -2.882180298e-02
  -2.882180298e-02
  -2.882180298e-02
  0.000000000e+00
  -2.882180298e-02
  0.000000000e+00
  -2.424641937e-01 -7.697561875e-02 -9.667265842e-01
  -2.535159196e-01 7.927238537e-01 2.405948410e-03
  -1.157523957e-01 -9.003554869e-03 3.023194230e-02
 Node:         13
  0.1361E+03  0.1199E+03  0.4914E+03 -0.8793E-01
  -0.1759
  -2.887E-16
  -0.1759
  -2.021E-16
   5.773E-17
  -0.1759
  -2.882180298e-02
  -2.882180298e-02
  -2.882180298e-02
  0.000000000e+00
  -2.882180298e-02
  0.000000000e+00
  7.674032457e-01 -3.120960330e-01 -1.055023699e-01
  3.721795466e-01 9.275707367e-01 -3.167911901e-02
  1.292147862e-01 -1.797474250e-02 9.914161257e-01
 Node:         14
  0.1342E+03  0.1198E+03  0.5054E+03 -0.8793E-01
  -0.1759
   5.773E-17
  -0.1759
   1.155E-16
  -1.876E-16
  -0.1759
  -2.882180298e-02
  -2.882180298e-02
  -2.882180298e-02
  0.000000000e+00
  -2.882180298e-02
  0.000000000e+00
  9.138024730e-02 -2.602097888e-01 9.608738279e-01
  -2.242996806e-01 -7.804017517e-01 -1.884607934e-01
  -7.992184956e-01 1.984644822e-01 1.286700155e-01
 Node:         15
  0.1330E+03  0.1205E+03  0.5193E+03 -0.8793E-01
  -0.1759
  -1.732E-16
  -0.1759
   2.887E-17
   1.01E-16
  -0.1759
  -2.882180298e-02
  -2.882180298e-02
  -2.882180298e-02
  0.000000000e+00
  -2.882180298e-02
  0.000000000e+00
  8.297901082e-01 -9.324070067e-02 7.491009789e-03
  -2.201489954e-02 -2.626647089e-01 -7.903878413e-01
  1.086921999e-01 9.421440495e-01 -3.105002576e-01
 Node:         16
  0.1404E+03  0.1188E+03  0.4918E+03 -0.8793E-01
  -0.1759
   1.155E-16
  -0.1759
  -1.732E-16
  -3.031E-16
  -0.1759
  -2.882180298e-02
  -2.882180298e-02
  -2.882180298e-02
  0.000000000e+00
  -2.882180298e-02
  0.000000000e+00
  -1.498839773e-01 -2.365231324e-01 9.599613601e-01
  -6.920578053e-01 -4.826408552e-01 -2.293521381e-01
  5.182009789e-01 -6.978225142e-01 -9.530922205e-02
 Node:         17
  0.1365E+03  0.1184E+03  0.5055E+03 -0.8793E-01
  -0.1759
   5.773E-17
  -0.1759
   2.021E-16
   3.536E-16
  -0.1759
  -2.882180298e-02
  -2.882180298e-02
  -2.882180298e-02
  0.000000000e+00
  -2.882180298e-02
  0.000000000e+00
  2.300450799e-01 3.838156105e-01 6.906133436e-01
  7.721295724e-01 -3.030445131e-01 -7.659020010e-02
  -2.553532715e-01 -8.004459042e-01 5.143838743e-01
 Node:         18
  0.1341E+03  0.1191E+03  0.5192E+03 -0.8793E-01
  -0.1759
  -1.981E-33
  -0.1759
   5.503E-17
   2.215E-16
  -0.1759
  -2.882180298e-02
  -2.882180298e-02
  -2.882180298e-02
  0.000000000e+00
  -2.882180298e-02
  0.000000000e+00
  2.243667697e-02 8.340580629e-02 8.678106646e-01
  8.308944874e-01 -1.711252962e-01 -7.244502587e-03
  -3.076560536e-01 -5.769343122e-01 6.001274601e-02
 Node:         19
  0.1301E+03  0.1291E+03  0.4914E+03  0.0000E+00
   4.934E-16
   0.0
   4.934E-16
   3.631E-19
   1.731E-17
  -9.869E-16
  4.936000000e-16
  4.934000000e-16
  -9.871000000e-16
  1.480600010e-15
  -3.333333333e-20
  6.979615383e-16
  -2.097000000e-02 -9.997000000e-01 -1.169000000e-02
  -9.998000000e-01 2.097000000e-02 -8.123000000e-17
  2.452000000e-04 1.169000000e-02 -9.999000000e-01
 Node:         20
  0.1299E+03  0.1291E+03  0.5058E+03  0.0000E+00
   9.869E-16
   0.0
   0.0
   1.799E-17
   3.326E-17
  -2.467E-16
  9.871000000e-16
  4.400000000e-18
  -2.514000000e-16
  1.132478516e-15
  2.467000000e-16
  5.338554923e-16
  -9.999000000e-01 -4.917000000e-04 -1.459000000e-02
  2.401000000e-03 -9.914000000e-01 -1.311000000e-01
  -1.440000000e-02 -1.312000000e-01 9.913000000e-01
 Node:         21
  0.1301E+03  0.1280E+03  0.5197E+03  0.0000E+00
   4.934E-16
   0.0
   0.0
   7.196E-17
   2.549E-17
   4.934E-16
  5.660000000e-16
  4.222000000e-16
  -1.341000000e-18
  5.108528306e-16
  3.289530000e-16
  2.408183338e-16
  -7.039000000e-01 -3.195000000e-02 -7.096000000e-01
  -7.102000000e-01 4.241000000e-02 7.027000000e-01
  -7.642000000e-03 -9.986000000e-01 5.255000000e-02
 Node:         22
  0.1360E+03  0.1256E+03  0.4913E+03  0.0000E+00
  -9.869E-16
   2.399E-17
  -4.934E-16
  -2.399E-17
   1.739E-16
   4.934E-16
  5.234000000e-16
  -5.215000000e-16
  -9.888000000e-16
  1.341069376e-15
  -3.289666667e-16
  6.321861663e-16
  -1.298000000e-02 1.683000000e-01 9.857000000e-01
  5.935000000e-02 9.841000000e-01 -1.672000000e-01
  -9.982000000e-01 5.633000000e-02 -2.276000000e-02
 Node:         23
  0.1343E+03  0.1253E+03  0.5054E+03  0.0000E+00
   0.0
   3.598E-17
  -1.974E-15
   0.0
   2.271E-16
  -7.401E-16
  6.796000000e-19
  -6.997000000e-16
  -2.015000000e-15
  1.772499637e-15
  -9.046734667e-16
  8.355643418e-16
  9.998000000e-01 1.889000000e-02 5.790000000e-03
  -9.011000000e-03 1.753000000e-01 9.845000000e-01
  1.758000000e-02 -9.843000000e-01 1.754000000e-01
 Node:         24
  0.1336E+03  0.1248E+03  0.5194E+03  0.0000E+00
  -9.869E-16
   2.099E-17
   0.0
   2.399E-17
   1.499E-18
  -7.401E-16
  4.516000000e-19
  -7.379000000e-16
  -9.896000000e-16
  8.912682385e-16
  -5.756828000e-16
  4.201478769e-16
  -2.132000000e-02 -9.998000000e-01 -2.714000000e-03
  9.549000000e-02 -4.739000000e-03 9.954000000e-01
  -9.952000000e-01 2.096000000e-02 9.557000000e-02
 Node:         25
  0.1400E+03  0.1206E+03  0.4917E+03  0.0000E+00
   0.0
   4.617E-16
  -4.934E-16
  -1.439E-16
  -2.249E-16
   9.869E-16
  1.067000000e-15
  2.050000000e-16
  -7.785000000e-16
  1.599404030e-15
  1.645000000e-16
  7.539662901e-16
  -2.161000000e-01 -2.016000000e-01 9.553000000e-01
  8.390000000e-01 4.621000000e-01 2.874000000e-01
  -4.994000000e-01 8.636000000e-01 6.929000000e-02
 Node:         26
  0.1363E+03  0.1200E+03  0.5055E+03  0.0000E+00
   9.869E-16
   1.859E-16
  -2.714E-15
   4.797E-17
  -1.943E-15
  -2.467E-16
  1.006000000e-15
  8.090000000e-16
  -3.789000000e-15
  4.699597749e-15
  -6.580000000e-16
  2.215411625e-15
  9.680000000e-01 1.526000000e-01 -1.995000000e-01
  2.481000000e-01 -4.578000000e-01 8.538000000e-01
  -3.892000000e-02 8.759000000e-01 4.809000000e-01
 Node:         27
  0.1343E+03  0.1203E+03  0.5192E+03  0.0000E+00
   9.869E-16
  -3.358E-16
   9.869E-16
  -1.799E-16
   2.27E-15
   0.0
  2.890000000e-15
  9.150000000e-16
  -1.831000000e-15
  4.106639867e-15
  6.580000000e-16
  1.935888599e-15
  -1.931000000e-01 7.658000000e-01 6.135000000e-01
  9.808000000e-01 1.345000000e-01 1.409000000e-01
  2.534000000e-02 6.289000000e-01 -7.771000000e-01
 Node:         28
  0.1155E+03  0.1124E+03  0.4931E+03 -0.5255E+00
  -1.051
   1.462E-16
  -1.051
  -2.126E-16
   2.126E-16
  -1.051
  -1.722686981e-01
  -1.722686981e-01
  -1.722686981e-01
  0.000000000e+00
  -1.722686981e-01
  0.000000000e+00
  4.306838228e-02 9.820318908e-01 1.217555899e-01
  5.448718187e-02 1.778364760e-01 -6.596335394e-01
  -8.314531170e-01 4.612213807e-02 -5.444469346e-02
 Node:         29
  0.1119E+03  0.1139E+03  0.5068E+03 -0.5255E+00
  -1.051
  -7.973E-17
  -1.051
   2.126E-16
   2.658E-17
  -1.051
  -1.722686981e-01
  -1.722686981e-01
  -1.722686981e-01
  0.000000000e+00
  -1.722686981e-01
  0.000000000e+00
  -2.842268934e-02 6.790852653e-01 -5.432843895e-03
  -8.130699639e-01 -1.736069552e-02 -1.734116435e-01
  -7.055399279e-02 -2.362339001e-04 5.113401340e-01
 Node:         30
  0.1113E+03  0.1159E+03  0.5206E+03 -0.5255E+00
  -1.051
   4.784E-16
  -1.051
   1.457E-32
  -1.063E-16
  -1.051
  -1.722686981e-01
  -1.722686981e-01
  -1.722686981e-01
  0.000000000e+00
  -1.722686981e-01
  0.000000000e+00
  3.211844925e-01 4.173656878e-01 -5.116135497e-02
  -5.925750129e-01 5.307771252e-01 5.662519320e-02
  1.905447707e-02 -4.569314786e-02 7.824262751e-01
 Node:         31
  0.1203E+03  0.1126E+03  0.4920E+03 -0.5255E+00
  -1.051
   3.721E-16
  -1.051
   1.063E-16
   1.595E-16
  -1.051
  -1.722686981e-01
  -1.722686981e-01
  -1.722686981e-01
  0.000000000e+00
  -1.722686981e-01
  0.000000000e+00
  -4.580989181e-01 -3.589999485e-01 -4.283676971e-01
  3.452517259e-01 3.823426069e-02 -5.833117465e-01
  2.866057187e-01 -5.872851108e-01 4.368598660e-02
 Node:         32
  0.1188E+03  0.1134E+03  0.5062E+03 -0.5255E+00
  -1.051
  -5.315E-17
  -1.051
  -1.063E-16
   3.721E-16
  -1.051
  -1.722686981e-01
  -1.722686981e-01
  -1.722686981e-01
  0.000000000e+00
  -1.722686981e-01
  0.000000000e+00
  8.291639876e-01 -3.210761463e-02 -6.478496651e-02
  7.877780526e-02 4.099130345e-01 9.007198867e-01
  -9.691231839e-03 -9.055462648e-01 4.136559505e-01
 Node:         33
  0.1183E+03  0.1150E+03  0.5201E+03 -0.5255E+00
  -1.051
   2.126E-16
  -1.051
   3.189E-16
  -1.943E-32
  -1.051
  -1.722686981e-01
  -1.722686981e-01
  -1.722686981e-01
  0.000000000e+00
  -1.722686981e-01
  0.000000000e+00
  6.752877898e-01 1.151203297e-01 1.471873776e-01
  3.477288088e-02 5.959443586e-01 -4.288112828e-01
  -2.404336940e-01 3.207741886e-01 6.579638846e-01
 Node:         34
  0.1255E+03  0.1129E+03  0.4909E+03 -0.5255E+00
  -1.051
  -2.267E-32
  -1.051
   2.126E-16
   3.721E-16
  -1.051
  -1.722686981e-01
  -1.722686981e-01
  -1.722686981e-01
  0.000000000e+00
  -1.722686981e-01
  0.000000000e+00
  1.855036579e-01 1.015527563e-01 2.543152499e-01
  2.795965997e-01 1.629778465e-03 2.853668928e-02
  -1.156903658e-02 -2.027958784e-01 1.427606904e-01
 Node:         35
  0.1260E+03  0.1135E+03  0.5054E+03 -0.5255E+00
  -1.051
   4.252E-16
  -1.051
   4.252E-16
   9.568E-16
  -1.051
  -1.722686981e-01
  -1.722686981e-01
  -1.722686981e-01
  0.000000000e+00
  -1.722686981e-01
  0.000000000e+00
  5.827222050e-01 4.224488923e-01 4.100263782e-01
  -2.118662030e-01 2.332781041e-01 2.083800618e-01
  1.969354423e-02 -7.071940752e-01 7.053245750e-01
 Node:         36
  0.1257E+03  0.1153E+03  0.5196E+03 -0.5255E+00
  -1.051
  -2.126E-16
  -1.051
  -2.126E-16
   3.189E-16
  -1.051
  -1.722686981e-01
  -1.722686981e-01
  -1.722686981e-01
  0.000000000e+00
  -1.722686981e-01
  0.000000000e+00
  -4.565434827e-01 5.951015456e-01 5.425965482e-01
  6.645985574e-01 2.472765070e-01 2.967265945e-01
  1.726057822e-02 -5.980752705e-01 5.489573416e-01
 Node:         37
  0.1132E+03  0.1210E+03  0.4959E+03 -0.5255E+00
  -1.051
   5.315E-16
  -1.051
  -3.189E-16
   6.91E-16
  -1.051
  -1.722686981e-01
  -1.722686981e-01
  -1.722686981e-01
  0.000000000e+00
  -1.722686981e-01
  0.000000000e+00
  -4.592751674e-01 -6.823159196e-01 -2.850915095e-01
  5.218781041e-01 -1.538875837e-01 -4.475782071e-01
  3.625010819e-01 -5.058951571e-01 6.098897579e-01
 Node:         38
  0.1111E+03  0.1204E+03  0.5085E+03 -0.5255E+00
  -1.051
   3.721E-16
  -1.051
  -1.063E-16
  -3.189E-16
  -1.051
  -1.722686981e-01
  -1.722686981e-01
  -1.722686981e-01
  0.000000000e+00
  -1.722686981e-01
  0.000000000e+00
  1.643417311e-01 8.100837713e-01 -1.160846986e-01
  8.125298815e-01 -1.679222050e-01 -1.476744977e-02
  5.359799073e-02 1.278877383e-01 9.851915507e-01
 Node:         39
  0.1119E+03  0.1201E+03  0.5207E+03 -0.5255E+00
  -1.051
  -3.721E-16
  -1.051
  -3.189E-16
  -2.924E-16
  -1.051
  -1.722686981e-01
  -1.722686981e-01
  -1.722686981e-01
  0.000000000e+00
  -1.722686981e-01
  0.000000000e+00
  7.762422463e-01 -4.994586708e-02 -2.990264812e-01
  3.429664091e-01 -2.260809892e-01 9.066468315e-01
  -1.119159299e-01 -8.058266358e-01 -1.639921690e-01
 Node:         40
  0.1191E+03  0.1220E+03  0.4937E+03 -0.5255E+00
  -1.051
   3.189E-16
  -1.051
   3.189E-16
  -5.315E-17
  -1.051
  -1.722686981e-01
  -1.722686981e-01
  -1.722686981e-01
  0.000000000e+00
  -1.722686981e-01
  0.000000000e+00
  -3.402838743e-02 -1.086791345e-02 -7.262390520e-03
  6.848247076e-03 -5.044714065e-02 3.994178259e-03
  -1.705862957e-02 1.121470376e-01 6.485790829e-02
 Node:         41
  0.1182E+03  0.1217E+03  0.5073E+03 -0.5255E+00
  -1.051
  -1.063E-16
  -1.051
   2.126E-16
   3.721E-16
  -1.051
  -1.722686981e-01
  -1.722686981e-01
  -1.722686981e-01
  0.000000000e+00
  -1.722686981e-01
  0.000000000e+00
  -1.032502318e-01 -1.350243586e-01 -8.133630088e-01
  -4.819802164e-01 1.700744462e-01 6.804781041e-02
  1.885162287e-01 9.553169500e-01 -1.937858733e-01
 Node:         42
  0.1187E+03  0.1212E+03  0.5204E+03 -0.5255E+00
  -1.051
  -2.126E-16
  -1.051
   1.295E-32
   2.126E-16
  -1.051
  -1.722686981e-01
  -1.722686981e-01
  -1.722686981e-01
  0.000000000e+00
  -1.722686981e-01
  0.000000000e+00
  -1.556663575e-02 5.143260175e-02 8.016044307e-01
  -4.963267388e-01 1.194759402e-01 -2.407202988e-02
  -1.212220505e-01 -8.153333333e-01 9.889550232e-02
 Node:         43
  0.1258E+03  0.1217E+03  0.4915E+03 -0.5255E+00
  -1.051
   4.252E-16
  -1.051
  -5.315E-17
   6.477E-33
  -1.051
  -1.722686981e-01
  -1.722686981e-01
  -1.722686981e-01
  0.000000000e+00
  -1.722686981e-01
  0.000000000e+00
  7.709419371e-01 1.322575992e-01 -4.404430706e-02
  -3.623197321e-01 6.637637816e-01 -3.848532200e-02
  1.693870685e-02 -6.239589026e-02 9.892227718e-01
 Node:         44
  0.1259E+03  0.1220E+03  0.5059E+03 -0.5255E+00
  -1.051
   5.315E-16
  -1.051
   3.721E-16
   4.252E-16
  -1.051
  -1.722686981e-01
  -1.722686981e-01
  -1.722686981e-01
  0.000000000e+00
  -1.722686981e-01
  0.000000000e+00
  -1.922503349e-01 -2.088835137e-01 -4.224541989e-01
  -6.700370428e-01 -4.314867079e-01 4.720326636e-01
  4.272011850e-01 -6.281723854e-01 8.033411643e-02
 Node:         45
  0.1261E+03  0.1221E+03  0.5198E+03 -0.5255E+00
  -1.051
  -3.189E-16
  -1.051
   1.063E-16
  -2.658E-17
  -1.051
  -1.722686981e-01
  -1.722686981e-01
  -1.722686981e-01
  0.000000000e+00
  -1.722686981e-01
  0.000000000e+00
  7.283479650e-02 -3.246995878e-02 9.956928903e-01
  -8.230255023e-01 1.231290057e-01 6.630780526e-02
  -1.258248841e-01 -8.243945389e-01 -2.051546883e-02
 Node:         46
  0.1117E+03  0.1296E+03  0.4959E+03  0.0000E+00
  -2.467E-16
   4.797E-17
  -7.401E-16
   1.199E-17
  -4.497E-17
   0.0
  3.057000000e-18
  -2.423000000e-16
  -7.476000000e-16
  6.629532710e-16
  -3.289476667e-16
  3.125191690e-16
  3.676000000e-02 -5.800000000e-02 9.976000000e-01
  9.946000000e-01 9.864000000e-02 -3.092000000e-02
  -9.662000000e-02 9.934000000e-01 6.131000000e-02
 Node:         47
  0.1107E+03  0.1269E+03  0.5087E+03  0.0000E+00
  -7.401E-16
  -5.397E-17
   4.934E-16
  -4.797E-17
   6.896E-17
   0.0
  5.058000000e-16
  -7.273000000e-18
  -7.452000000e-16
  1.089215580e-15
  -8.222433333e-17
  5.134611487e-16
  -4.821000000e-02 9.891000000e-01 1.394000000e-01
  -5.424000000e-02 -1.420000000e-01 9.884000000e-01
  -9.974000000e-01 -4.009000000e-02 -6.049000000e-02
 Node:         48
  0.1125E+03  0.1242E+03  0.5208E+03  0.0000E+00
   4.934E-16
   5.997E-18
   4.934E-16
   0.0
  -2.998E-18
   4.934E-16
  5.001000000e-16
  4.934000000e-16
  4.867000000e-16
  1.160474041e-17
  4.934000000e-16
  5.470527092e-18
  -6.325000000e-01 -7.071000000e-01 3.162000000e-01
  4.472000000e-01 -2.276000000e-15 8.944000000e-01
  6.325000000e-01 -7.071000000e-01 -3.162000000e-01
 Node:         49
  0.1186E+03  0.1311E+03  0.4938E+03  0.0000E+00
  -7.401E-16
  -3.598E-17
   0.0
  -7.196E-17
  -1.049E-17
  -2.467E-16
  1.947000000e-18
  -2.366000000e-16
  -7.523000000e-16
  6.677348644e-16
  -3.289843333e-16
  3.147732338e-16
  4.561000000e-02 -9.985000000e-01 2.894000000e-02
  -1.430000000e-01 2.215000000e-02 9.895000000e-01
  -9.887000000e-01 -4.926000000e-02 -1.418000000e-01
 Node:         50
  0.1180E+03  0.1298E+03  0.5075E+03  0.0000E+00
   0.0
  -2.249E-17
   1.48E-15
  -7.196E-17
   2.155E-17
   9.869E-16
  1.482000000e-15
  9.910000000e-16
  -5.513000000e-18
  1.312785985e-15
  8.224956667e-16
  6.188532481e-16
  1.739000000e-02 -9.988000000e-01 -4.603000000e-02
  -7.128000000e-02 -4.716000000e-02 9.963000000e-01
  9.973000000e-01 1.405000000e-02 7.201000000e-02
 Node:         51
  0.1192E+03  0.1275E+03  0.5206E+03  0.0000E+00
   0.0
  -5.997E-18
  -2.467E-16
   0.0
   2.549E-17
   4.934E-16
  4.943000000e-16
  1.449000000e-19
  -2.477000000e-16
  6.542860068e-16
  8.224830000e-17
  3.084333815e-16
  -4.170000000e-04 3.438000000e-02 9.994000000e-01
  9.997000000e-01 -2.416000000e-02 1.248000000e-03
  2.418000000e-02 9.991000000e-01 -3.436000000e-02
 Node:         52
  0.1262E+03  0.1305E+03  0.4920E+03  0.0000E+00
   4.934E-16
  -2.399E-17
   4.934E-16
   2.249E-18
   8.48E-18
   0.0
  5.175000000e-16
  4.696000000e-16
  -1.600000000e-19
  4.954496661e-16
  3.289800000e-16
  2.335572124e-16
  -7.061000000e-01 7.080000000e-01 8.534000000e-03
  7.081000000e-01 7.060000000e-01 1.614000000e-02
  -5.403000000e-03 -1.744000000e-02 9.998000000e-01
 Node:         53
  0.1258E+03  0.1304E+03  0.5063E+03  0.0000E+00
  -7.401E-16
  -2.998E-18
  -4.934E-16
   4.797E-17
   5.847E-17
  -9.869E-16
  -4.866000000e-16
  -7.314000000e-16
  -1.002000000e-15
  4.465358664e-16
  -7.400000000e-16
  2.104990261e-16
  1.040000000e-02 9.931000000e-01 1.171000000e-01
  -9.836000000e-01 3.123000000e-02 -1.776000000e-01
  -1.800000000e-01 -1.133000000e-01 9.771000000e-01
 Node:         54
  0.1265E+03  0.1288E+03  0.5200E+03  0.0000E+00
  -9.869E-16
   3.598E-17
   4.934E-16
   0.0
  -7.496E-18
   4.934E-16
  5.014000000e-16
  4.864000000e-16
  -9.877000000e-16
  1.481656947e-15
  3.333333333e-20
  6.984597833e-16
  1.758000000e-02 7.272000000e-01 -6.862000000e-01
  1.675000000e-02 6.860000000e-01 7.274000000e-01
  -9.997000000e-01 2.428000000e-02 1.229000000e-04
 Node:         55
  0.1382E+03  0.1167E+03  0.4539E+03 -0.6036E-04
   0.03695
  -0.01717
   0.01245
   0.004682
   0.0319
   0.007127
  5.598605358e-02
  3.348003967e-02
  -2.891132818e-02
  7.625638778e-02
  2.018492169e-02
  3.594760594e-02
  -3.075954663e-01 4.133937661e-01 2.880365791e-01
  7.326945904e-01 1.790538846e-01 4.143729521e-01
  -4.357449768e-02 -1.644442040e-01 1.839028336e-01
 Node:         56
  0.1314E+03  0.1156E+03  0.4690E+03 -0.6036E-04
   0.03652
   0.004571
   0.00633
   0.02849
   0.001153
   2.556E-4
  5.211672076e-02
  9.631564657e-03
  -1.806449675e-02
  6.095080851e-02
  1.456126289e-02
  2.873248668e-02
  -8.883969088e-01 -4.135450902e-02 -4.311650026e-01
  6.477140134e-02 -2.261441525e-01 2.875418135e-01
  -3.330451314e-01 9.577965997e-02 3.140506646e-01
 Node:         57
  0.1285E+03  0.1140E+03  0.4824E+03 -0.6036E-04
   0.04764
   0.01158
  -4.047E-4
   0.009118
  -0.006218
  -5.795E-4
  5.694725399e-02
  4.509322257e-03
  -1.192901669e-02
  6.240884150e-02
  1.650918652e-02
  2.941981002e-02
  -9.961675425e-01 -2.121297733e-01 -1.624671545e-01
  3.630665657e-02 -5.520691911e-01 6.887597630e-01
  -2.978155538e-01 5.369364760e-01 7.542500165e-01
 Node:         58
  0.1485E+03  0.1176E+03  0.4541E+03 -0.6036E-04
   0.03576
  -0.05162
   0.02293
  -0.007757
   0.02609
   8.654E-4
  1.073095157e-01
  2.083760536e-03
  -3.265675899e-02
  1.261371360e-01
  2.557883909e-02
  5.946161614e-02
  -6.812206595e-01 6.805976301e-01 2.690713035e-01
  2.459373004e-01 1.110501288e-01 3.215765070e-01
  -5.060154044e-01 -7.054994848e-01 5.030890263e-01
 Node:         59
  0.1420E+03  0.1166E+03  0.4698E+03 -0.6036E-04
   0.03691
  -0.04036
   0.01564
   0.01155
   0.011
  -0.002595
  7.855897476e-02
  6.504555126e-03
  -2.764273725e-02
  9.377516707e-02
  1.914026421e-02
  4.420603770e-02
  -7.751988666e-01 6.104082947e-01 -1.655016899e-02
  1.230776919e-01 1.752171046e-01 3.520739825e-01
  8.897130345e-02 -1.404842761e-01 8.677310665e-02
 Node:         60
  0.1375E+03  0.1150E+03  0.4833E+03 -0.6036E-04
   0.04822
  -0.005158
   0.001945
   0.008561
  -0.002195
  -8.918E-4
  5.447807831e-02
  2.092466770e-03
  -5.303734158e-03
  5.652274184e-02
  1.708893697e-02
  2.664507603e-02
  -9.803812983e-01 1.315914580e-01 -1.450623751e-01
  2.205256054e-01 9.513898506e-01 -5.124342092e-02
  -2.674678001e-01 -7.118987944e-02 8.197191654e-01
 Node:         61
  0.1556E+03  0.1219E+03  0.4539E+03 -0.6036E-04
   0.04404
  -0.05024
   0.01197
  -0.03909
   0.05263
  -0.01465
  1.556124317e-01
  -1.909896631e-02
  -5.742680884e-02
  1.966390364e-01
  2.636221886e-02
  9.269653072e-02
  -7.225479134e-01 5.888785677e-01 4.448280989e-01
  6.296872076e-01 4.315317877e-01 5.611328697e-01
  1.217404946e-02 4.020015456e-02 -1.045923957e-01
 Node:         62
  0.1494E+03  0.1202E+03  0.4702E+03 -0.6036E-04
   0.05033
  -0.07296
   0.01234
  -0.01107
   0.02729
  -0.01363
  1.547094539e-01
  -1.470117151e-02
  -5.712689541e-02
  1.941102146e-01
  2.762712899e-02
  9.150443271e-02
  -7.803481195e-01 6.015474498e-01 1.763669758e-01
  -9.587176713e-02 -1.385272823e-01 -1.212722823e-01
  -5.689309634e-02 -1.069412159e-01 1.672800644e-01
 Node:         63
  0.1437E+03  0.1181E+03  0.4839E+03 -0.6036E-04
   0.05275
  -0.01933
   0.002569
   0.003331
  -0.00243
  -0.002513
  6.775192169e-02
  -4.414503864e-04
  -8.778056105e-03
  7.281207046e-02
  1.951080507e-02
  3.432393918e-02
  -9.447316332e-01 3.238157651e-01 -5.068577125e-02
  2.387031942e-01 4.485051443e-01 -1.409358578e-01
  8.077637816e-02 4.503280783e-01 4.456865018e-01
 Node:         64
  0.1415E+03  0.1253E+03  0.4528E+03 -0.6036E-04
   0.04091
   0.01747
   0.01154
  -0.0208
   0.01493
  -0.002225
  5.320532200e-02
  2.467166151e-02
  -2.376593545e-02
  6.737449680e-02
  1.803701602e-02
  3.176064238e-02
  2.614803709e-01 1.463077795e-01 -3.091135033e-02
  -4.988173776e-02 7.079691345e-01 4.565403503e-01
  1.020110768e-01 -2.279082947e-01 2.858781278e-01
 Node:         65
  0.1342E+03  0.1229E+03  0.4685E+03 -0.6036E-04
   0.04307
   0.003425
   0.009757
  -0.005895
   0.005945
  -0.001678
  4.597781813e-02
  9.797160999e-03
  -4.312959918e-03
  4.515861542e-02
  1.715400641e-02
  2.128797546e-02
  -9.381556414e-01 -3.217621844e-02 1.184592736e-01
  2.346393539e-01 1.454083462e-01 -1.584875219e-02
  -4.841583720e-02 1.782934570e-01 -1.501058217e-01
 Node:         66
  0.1299E+03  0.1214E+03  0.4825E+03 -0.6036E-04
   0.05021
  -8.391E-4
   0.001399
   0.003414
  -0.002489
  -4.901E-4
  5.634422514e-02
  1.323823751e-03
  -3.620993560e-03
  5.764969921e-02
  1.801568511e-02
  2.717632883e-02
  -1.010635137e+00 2.014026378e-02 -7.411929418e-02
  4.414766100e-02 5.972106646e-02 2.075571870e-01
  -1.121248788e-01 3.371777950e-01 8.440198248e-01
 Node:         67
  0.1502E+03  0.1243E+03  0.4531E+03 -0.6036E-04
   0.04052
  -0.02802
   0.01028
  -0.01767
   0.0106
   8.631E-4
  7.111707367e-02
  -5.727655899e-03
  -8.847540752e-03
  7.842825485e-02
  1.884729234e-02
  3.697143389e-02
  -8.093438434e-01 4.996500258e-01 3.176588614e-01
  2.097369603e-01 3.748581659e-02 4.292167439e-01
  -2.525270479e-02 -3.791028851e-01 5.078292942e-01
 Node:         68
  0.1434E+03  0.1224E+03  0.4692E+03 -0.6036E-04
   0.04401
  -0.05218
   0.01074
  -0.01203
   0.01402
   1.038E-4
  1.022160459e-01
  -4.007142813e-03
  -3.156013704e-02
  1.223855884e-01
  2.221625533e-02
  5.769311964e-02
  -7.920081917e-01 5.762128800e-01 1.970506440e-01
  2.623577765e-01 3.222372694e-02 9.600150438e-01
  5.510331273e-01 8.112096857e-01 -1.779670124e-01
 Node:         69
  0.1380E+03  0.1205E+03  0.4831E+03 -0.6036E-04
   0.05074
  -0.0148
   0.002633
  -1.85E-4
   0.002883
  -2.296E-4
  6.165831788e-02
  1.882744977e-04
  -5.023537012e-03
  6.424017455e-02
  1.894101845e-02
  3.028310870e-02
  -9.631034003e-01 2.728019062e-01 1.927036579e-02
  2.168191602e-01 6.412036991e-01 7.590766615e-01
  -2.801989181e-01 -8.160417826e-01 6.098513498e-01
 Node:         70
  0.1558E+03  0.1240E+03  0.4536E+03 -0.6036E-04
   0.04261
  -0.03491
  -1.129E-4
  -0.0419
   0.02774
   0.009089
  1.141038279e-01
  -1.818410206e-02
  -2.881298042e-02
  1.379314788e-01
  2.236891515e-02
  6.502152267e-02
  -7.444575992e-01 4.257652756e-01 5.197228233e-01
  6.239342092e-01 5.679188047e-01 4.682569809e-01
  1.573971149e-01 -6.211186656e-01 7.717882535e-01
 Node:         71
  0.1496E+03  0.1221E+03  0.4700E+03 -0.6036E-04
   0.04785
  -0.07609
   0.006109
  -0.04604
   0.03878
   0.003156
  1.745148171e-01
  -2.908699440e-02
  -5.357672694e-02
  2.169065319e-01
  3.061703192e-02
  1.022507197e-01
  -7.410520350e-01 5.429179804e-01 3.948696033e-01
  -6.511486553e-02 -1.357468264e-01 4.296671819e-02
  -4.135203503e-02 -1.880568779e-01 2.043077074e-01
 Node:         72
  0.1435E+03  0.1199E+03  0.4838E+03 -0.6036E-04
   0.05195
  -0.02512
   0.002342
  -0.007537
   0.007858
   1.219E-4
  7.322601494e-02
  -1.620978928e-03
  -1.113502009e-02
  8.004026583e-02
  2.015667197e-02
  3.773134316e-02
  -9.112647089e-01 3.810924781e-01 1.489222050e-01
  3.064671819e-01 3.517478053e-01 8.920640392e-01
  -2.769815044e-01 -7.815460072e-01 4.065584750e-01
 Node:         73
  0.1447E+03  0.1339E+03  0.4524E+03  0.0000E+00
   0.05499
  -0.01562
  -0.008255
   0.00694
  -0.007683
   0.007552
  7.333676868e-02
  9.524702782e-03
  -1.248336115e-02
  7.710068198e-02
  2.345937010e-02
  3.634561004e-02
  -1.093910046e+00 2.412561566e-01 -9.104177846e-02
  1.048916337e-01 6.778713550e-02 -1.051916023e-01
  1.292092014e-01 9.228726945e-01 2.252507779e-01
 Node:         74
  0.1369E+03  0.1304E+03  0.4683E+03  0.0000E+00
   0.06058
  -0.01766
  -0.004403
   0.002777
  -0.01336
   0.004582
  7.950218083e-02
  1.197299652e-02
  -1.312697012e-02
  8.315775707e-02
  2.611606908e-02
  3.920094262e-02
  -9.741470376e-01 2.220796909e-01 -9.533476558e-02
  3.101336425e-02 1.437176816e-01 -1.670403916e-01
  1.435759351e-01 8.624547141e-01 4.817228645e-01
 Node:         75
  0.1313E+03  0.1289E+03  0.4826E+03  0.0000E+00
   0.05431
  -0.007101
  -6.411E-4
  -0.004767
  -0.002648
   2.567E-4
  6.634048016e-02
  2.524092406e-03
  -3.027392169e-03
  6.671684416e-02
  2.194572680e-02
  3.145062195e-02
  -1.004853220e+00 1.248499124e-01 8.587174086e-02
  -1.057694745e-02 -5.009634158e-01 6.747771252e-01
  1.486061309e-01 8.007422978e-01 5.795957496e-01
 Node:         76
  0.1517E+03  0.1310E+03  0.4526E+03  0.0000E+00
   0.05524
  -0.02221
  -0.01156
  -0.002493
   0.02246
   0.01186
  7.972237816e-02
  2.494653854e-02
  -2.781092839e-02
  9.320953385e-02
  2.561932943e-02
  4.393939564e-02
  -5.700080371e-01 2.084558063e-01 1.248866564e-01
  3.522551082e-01 5.336628954e-01 9.100152499e-01
  -1.178750644e-01 -3.406156105e-01 3.577652756e-02
 Node:         77
  0.1447E+03  0.1282E+03  0.4689E+03  0.0000E+00
   0.0654
  -0.004547
  -0.006115
  -0.00523
   0.01602
   0.004791
  8.516076249e-02
  1.653861367e-02
  -1.594551520e-02
  8.944030835e-02
  2.858462032e-02
  4.216256570e-02
  -9.899955693e-01 6.639888717e-02 8.335942504e-02
  1.313892241e-01 5.365715611e-01 6.459468830e-01
  -3.102264503e-02 -2.487336425e-01 1.429399536e-01
 Node:         78
  0.1385E+03  0.1261E+03  0.4829E+03  0.0000E+00
   0.05683
   0.001606
  -5.149E-4
  -0.004363
  -5.579E-4
   1.352E-4
  6.951938073e-02
  5.261018032e-04
  -3.324542504e-04
  6.930340416e-02
  2.323767609e-02
  3.266993803e-02
  -1.005469706e+00 -2.523198454e-02 7.793638897e-02
  8.769917568e-03 -6.864513653e-02 5.278154044e-01
  1.118462648e-02 8.542837713e-01 2.341828197e-01
 Node:         79
  0.1560E+03  0.1261E+03  0.4534E+03  0.0000E+00
   0.05559
   0.04812
   0.008512
   0.0139
   2.972E-5
  -0.02971
  1.567795214e-01
  -1.836558990e-02
  -3.887762906e-02
  1.862366566e-01
  3.317876747e-02
  8.779280184e-02
  -1.031631273e+00 -4.820685626e-01 5.195418496e-02
  1.899602215e-01 -4.708475013e-01 6.412863472e-01
  -3.135933024e-01 4.266361669e-01 2.264760433e-03
 Node:         80
  0.1497E+03  0.1240E+03  0.4698E+03  0.0000E+00
   0.06694
   0.04149
   0.003874
   0.00629
  -0.003828
  -0.02458
  1.473029078e-01
  -1.473693818e-02
  -2.832875528e-02
  1.692316318e-01
  3.474573811e-02
  7.977655627e-02
  -9.128902112e-01 -4.312597115e-01 -2.193336775e-02
  5.577549717e-02 -3.388815353e-01 6.063774858e-01
  -2.054128697e-01 3.463821741e-01 4.266731994e-01
 Node:         81
  0.1433E+03  0.1217E+03  0.4837E+03  0.0000E+00
   0.05745
   0.008423
   2.237E-4
  -0.001805
  -5.051E-4
  -0.00327
  7.293222617e-02
  -7.161591448e-04
  -3.041747553e-03
  7.478635799e-02
  2.305810649e-02
  3.525462725e-02
  -9.955795466e-01 -1.386633179e-01 2.650115404e-02
  -1.321083036e-01 8.806675940e-01 -5.741787738e-03
  2.467706162e-02 1.011506852e-01 9.014926842e-01
 Node:         82
  0.1267E+03  0.1149E+03  0.4569E+03 -0.2031E-01
   0.003903
  -0.008425
  -0.03569
   0.007904
   0.02499
  -0.03947
  5.618736991e-03
  -1.901057239e-02
  -7.376591927e-02
  7.086468292e-02
  -2.905258489e-02
  3.340593189e-02
  3.125017002e-01 1.313100216e-01 1.648660742e-01
  2.769164503e-01 -2.179208655e-02 3.041329212e-02
  -7.558001030e-02 -7.010437919e-02 -5.278155590e-02
 Node:         83
  0.1234E+03  0.1130E+03  0.4723E+03 -0.2031E-01
   0.002041
   0.002918
  -0.03841
   0.04466
   0.01038
  -0.04568
  2.945630860e-02
  -4.765087017e-02
  -7.891099547e-02
  9.659590140e-02
  -3.236851901e-02
  4.553574461e-02
  5.428625966e-01 1.185869773e-01 2.991057187e-01
  -1.143973673e-01 7.068845440e-01 1.061549201e-01
  -2.024361154e-01 3.721725914e-02 2.179906749e-01
 Node:         84
  0.1187E+03  0.1123E+03  0.4849E+03 -0.2031E-01
   0.009361
   0.00131
  -0.04048
   0.01622
  -6.709E-4
  -0.04538
  1.490152653e-02
  -4.998083565e-02
  -5.730521690e-02
  6.881812196e-02
  -3.079484201e-02
  3.244117380e-02
  6.077235961e-01 6.229274601e-03 1.140204122e-01
  1.868784029e-02 9.853448223e-01 -7.236117465e-02
  -2.649376816e-01 8.433161257e-02 6.548194230e-01
 Node:         85
  0.1302E+03  0.1161E+03  0.4557E+03 -0.2031E-01
   0.002937
  -0.006468
  -0.03445
   0.01142
   0.03712
  -0.03765
  9.516959789e-03
  -7.408307264e-03
  -8.405735806e-02
  8.667156846e-02
  -2.731623518e-02
  4.085736920e-02
  3.525273570e-01 3.320494590e-01 3.440671046e-01
  -2.159304317e-01 6.525037609e-01 5.235394127e-01
  -9.152668727e-02 -4.158246780e-01 4.514901597e-01
 Node:         86
  0.1252E+03  0.1138E+03  0.4707E+03 -0.2031E-01
   0.004285
   0.0258
  -0.02869
   0.08809
   0.03701
  -0.04365
  1.024558429e-01
  -4.997690263e-02
  -1.066737123e-01
  1.878010374e-01
  -1.806492403e-02
  8.853025803e-02
  5.842811437e-01 2.737769191e-01 3.767137043e-01
  -2.252231839e-01 6.824637816e-01 -8.101603328e-02
  -3.980371973e-01 -5.125420402e-02 4.813299330e-01
 Node:         87
  0.1217E+03  0.1126E+03  0.4834E+03 -0.2031E-01
   0.008272
   7.815E-4
  -0.04021
   0.02092
  -0.003326
  -0.04498
  1.601465791e-02
  -4.882845131e-02
  -6.016066924e-02
  7.117393893e-02
  -3.099148755e-02
  3.355171657e-02
  5.942594539e-01 -1.198127769e-02 1.628561772e-01
  9.889076249e-02 1.034232973e+00 -3.138050613e-01
  -2.593344874e-01 1.492658063e-01 5.398007213e-01
 Node:         88
  0.1338E+03  0.1169E+03  0.4541E+03 -0.2031E-01
  -0.003043
  -0.01455
  -0.03564
   0.00969
   0.0488
  -0.03189
  1.985480088e-02
  -4.029022875e-03
  -9.698319835e-02
  1.065903574e-01
  -2.705247345e-02
  5.024717637e-02
  -1.434951829e-01 4.583025245e-01 4.208970118e-01
  1.269186811e-01 1.652491139e-01 6.576798557e-02
  -1.177817105e-01 -2.190896960e-01 9.220168470e-02
 Node:         89
  0.1270E+03  0.1150E+03  0.4690E+03 -0.2031E-01
  -0.00537
   0.01008
  -0.03776
   0.03769
   0.01235
  -0.04194
  1.856536579e-02
  -5.036397218e-02
  -7.335387130e-02
  8.298166236e-02
  -3.505082590e-02
  3.911793078e-02
  5.231838228e-01 2.115312004e-01 3.285291551e-01
  -2.369807481e-01 9.491731582e-01 1.361385471e-01
  -3.807913962e-01 -1.006820453e-01 5.822428645e-01
 Node:         90
  0.1248E+03  0.1132E+03  0.4822E+03 -0.2031E-01
   0.006608
   0.01242
  -0.04157
   0.01107
  -0.006074
  -0.0417
  1.082875657e-02
  -4.444854827e-02
  -6.052537661e-02
  6.489311798e-02
  -3.138172277e-02
  3.059090918e-02
  6.048579083e-01 1.033247764e-01 8.399975786e-02
  -8.176643174e-03 5.018799588e-01 -4.859753220e-01
  -3.224992169e-01 5.945303967e-01 7.192328697e-01
 Node:         91
  0.1260E+03  0.1264E+03  0.4552E+03 -0.2031E-01
   0.001713
   0.0293
  -0.02794
  -0.005571
   0.03757
  -0.04036
  2.318736991e-02
  -1.555743658e-02
  -8.356283567e-02
  9.471990457e-02
  -2.531096745e-02
  4.465139122e-02
  -6.722798557e-01 -4.019916538e-01 -1.372466770e-01
  7.118138346e-01 -2.299271303e-01 -5.478617295e-01
  2.062918187e-01 -7.332480680e-01 7.309205049e-01
 Node:         92
  0.1210E+03  0.1235E+03  0.4727E+03 -0.2031E-01
   9.609E-4
   0.00576
  -0.0336
   0.007744
   0.02638
  -0.03733
  4.988073673e-03
  -2.261559217e-02
  -6.874171880e-02
  6.528531139e-02
  -2.878974577e-02
  3.077579093e-02
  6.957154044e-01 2.707723442e-01 2.644483823e-01
  -2.332213509e-01 6.902860381e-01 5.861471406e-01
  -6.398700155e-02 -5.708655848e-01 5.471548171e-01
 Node:         93
  0.1159E+03  0.1217E+03  0.4877E+03 -0.2031E-01
   0.009166
  -0.002654
  -0.04008
   0.007303
   0.007034
  -0.04126
  1.024007506e-02
  -4.235764286e-02
  -5.587728594e-02
  6.052527930e-02
  -2.933161791e-02
  2.853189029e-02
  5.359671819e-01 1.117108501e-02 8.007672849e-02
  9.048486862e-02 -5.470881504e-01 -3.564782071e-01
  1.512246767e-01 5.203034518e-01 -4.508637300e-01
 Node:         94
  0.1315E+03  0.1266E+03  0.4543E+03 -0.2031E-01
  -2.225E-4
   0.0279
  -0.02644
  -0.02094
   0.03487
  -0.03627
  1.659458166e-02
  -3.733025760e-03
  -8.404231587e-02
  9.258020254e-02
  -2.372691999e-02
  4.364272601e-02
  5.232939722e-01 2.809251211e-01 2.285137558e-02
  2.578369912e-02 3.446503864e-01 2.530242865e-01
  1.791999485e-01 -3.785701185e-01 4.178980422e-01
 Node:         95
  0.1251E+03  0.1236E+03  0.4708E+03 -0.2031E-01
  -0.002888
   0.002006
  -0.03223
   0.002877
   0.0176
  -0.03352
  -2.909979650e-03
  -2.587980670e-02
  -5.813383993e-02
  4.862392653e-02
  -2.897454209e-02
  2.292153879e-02
  7.292162803e-01 1.526553426e-01 1.572239876e-01
  -1.200416383e-01 6.650623390e-01 5.786748995e-01
