 Group name: predicted_stress_L3A1
 #Fields=  16
 1) coordinates, coordinate, rectangular cartesian, #Components=3
   x.  Value index= 1, #Derivatives=0
   y.  Value index= 2, #Derivatives=0
   z.  Value index= 3, #Derivatives=0
 2) Tensor_1, field, rectangular cartesian, #Components=1
   Tensor_1.  Value index= 4, #Derivatives=0
 3) Tensor_2, field, rectangular cartesian, #Components=1
   Tensor_2.  Value index= 5, #Derivatives=0
 4) Tensor_3, field, rectangular cartesian, #Components=1
   Tensor_3.  Value index= 6, #Derivatives=0
 5) Tensor_4, field, rectangular cartesian, #Components=1
   Tensor_4.  Value index= 7, #Derivatives=0
 6) Tensor_5, field, rectangular cartesian, #Components=1
   Tensor_5.  Value index= 8, #Derivatives=0
 7) Tensor_6, field, rectangular cartesian, #Components=1
   Tensor_6.  Value index= 9, #Derivatives=0
 8) Principal_1, field, rectangular cartesian, #Components=1
   Principal_1.  Value index= 10, #Derivatives=0
 9) Principal_2, field, rectangular cartesian, #Components=1
   Principal_2.  Value index= 11, #Derivatives=0
 10) Principal_3, field, rectangular cartesian, #Components=1
   Principal_3.  Value index= 12, #Derivatives=0
 11) VonMises, field, rectangular cartesian, #Components=1
   VonMises.  Value index= 13, #Derivatives=0
 12) Hydrostatic, field, rectangular cartesian, #Components=1
   VonMises.  Value index= 14, #Derivatives=0
 13) Octahedral, field, rectangular cartesian, #Components=1
   VonMises.  Value index= 15, #Derivatives=0
 14) PrincipalVector1, field, rectangular cartesian, #Components=3
   x.  Value index= 16, #Derivatives=0
   y.  Value index= 17, #Derivatives=0
   z.  Value index= 18, #Derivatives=0
 15) PrincipalVector2, field, rectangular cartesian, #Components=3
   x.  Value index= 19, #Derivatives=0
   y.  Value index= 20, #Derivatives=0
   z.  Value index= 21, #Derivatives=0
 16) PrincipalVector3, field, rectangular cartesian, #Components=3
   x.  Value index= 22, #Derivatives=0
   y.  Value index= 23, #Derivatives=0
   z.  Value index= 24, #Derivatives=0
 Node:          1
  0.1287E+03  0.1133E+03  0.4908E+03 -0.3663E-04
  -7.325E-5
  -1.439E-16
  -7.325E-5
  -4.798E-17
  -7.196E-17
  -7.325E-5
  -5.093333918e-03
  -5.093333918e-03
  -5.093333918e-03
  0.000000000e+00
  -5.093333918e-03
  0.000000000e+00
  8.632453291e-01 -2.304846072e-01 -2.485507431e-02
  2.493452229e-01 9.526567941e-01 -1.728256900e-01
  7.092186837e-02 1.599889597e-01 9.843674098e-01
 Node:          2
  0.1292E+03  0.1137E+03  0.5052E+03 -0.3663E-04
  -7.325E-5
  -1.919E-16
  -7.325E-5
  -9.595E-17
   3.358E-16
  -7.325E-5
  -5.093333918e-03
  -5.093333918e-03
  -5.093333918e-03
  0.000000000e+00
  -5.093333918e-03
  0.000000000e+00
  7.480014862e-01 -3.348337580e-01 -1.681705945e-01
  4.220114650e-01 7.523831210e-01 3.802512739e-01
  -9.310671975e-04 -4.529412951e-01 8.914980892e-01
 Node:          3
  0.1289E+03  0.1155E+03  0.5194E+03 -0.3663E-04
  -7.325E-5
   2.399E-16
  -7.325E-5
   1.919E-16
   9.595E-17
  -7.325E-5
  -5.093333918e-03
  -5.093333918e-03
  -5.093333918e-03
  0.000000000e+00
  -5.093333918e-03
  0.000000000e+00
  -4.077714437e-01 -8.754936306e-01 -2.588990446e-01
  4.945234607e-01 -4.502942675e-01 7.433188960e-01
  7.674385350e-01 -1.751078556e-01 -6.165257962e-01
 Node:          4
  0.1361E+03  0.1141E+03  0.4915E+03 -0.3663E-04
  -7.325E-5
  -4.798E-17
  -7.325E-5
  -4.798E-17
  -1.439E-16
  -7.325E-5
  -5.093333918e-03
  -5.093333918e-03
  -5.093333918e-03
  0.000000000e+00
  -5.093333918e-03
  0.000000000e+00
  -4.229136943e-02 -9.403493631e-02 9.946528662e-01
  -8.885301486e-01 9.271358811e-02 -2.891660297e-02
  -8.947796178e-02 -8.849714437e-01 -8.747314225e-02
 Node:          5
  0.1341E+03  0.1144E+03  0.5054E+03 -0.3663E-04
  -7.325E-5
   2.399E-16
  -7.325E-5
   9.595E-17
  -1.199E-16
  -7.325E-5
  -5.093333918e-03
  -5.093333918e-03
  -5.093333918e-03
  0.000000000e+00
  -5.093333918e-03
  0.000000000e+00
  9.797892781e-02 -1.787940552e-01 9.789885350e-01
  7.174991507e-01 6.943195329e-01 5.498772824e-02
  -6.895886412e-01 6.970685775e-01 1.963321656e-01
 Node:          6
  0.1323E+03  0.1162E+03  0.5191E+03 -0.3663E-04
  -7.325E-5
   9.595E-17
  -7.325E-5
  -9.595E-17
  -4.798E-17
  -7.325E-5
  -5.093333918e-03
  -5.093333918e-03
  -5.093333918e-03
  0.000000000e+00
  -5.093333918e-03
  0.000000000e+00
  -7.139718684e-01 -6.939644374e-01 9.239308917e-02
  5.785459660e-01 -6.035093418e-01 -3.167601911e-02
  9.002547771e-02 3.972106157e-02 9.950745223e-01
 Node:          7
  0.1408E+03  0.1171E+03  0.4920E+03 -0.3663E-04
  -7.325E-5
   3.838E-16
  -7.325E-5
  -1.439E-16
  -1.919E-16
  -7.325E-5
  -5.093333918e-03
  -5.093333918e-03
  -5.093333918e-03
  0.000000000e+00
  -5.093333918e-03
  0.000000000e+00
  7.738349257e-01 4.322154989e-01 -1.137720807e-01
  -4.974815287e-01 8.594251592e-01 -1.159778769e-01
  5.313332272e-02 1.635329087e-01 9.850828025e-01
 Node:          8
  0.1367E+03  0.1169E+03  0.5055E+03 -0.3663E-04
  -7.325E-5
   3.358E-16
  -7.325E-5
  -6.957E-16
  -4.078E-16
  -7.325E-5
  -5.093333918e-03
  -5.093333918e-03
  -5.093333918e-03
  0.000000000e+00
  -5.093333918e-03
  0.000000000e+00
  -6.744797240e-01 -6.211332272e-01 2.831262208e-01
  6.306161359e-01 -7.208745223e-01 -7.078700637e-02
  2.706745435e-01 1.216044586e-01 9.523193206e-01
 Node:          9
  0.1339E+03  0.1180E+03  0.5191E+03 -0.3663E-04
  -7.325E-5
   2.879E-16
  -7.325E-5
  -6.837E-16
  -4.798E-16
  -7.325E-5
  -5.093333918e-03
  -5.093333918e-03
  -5.093333918e-03
  0.000000000e+00
  -5.093333918e-03
  0.000000000e+00
  2.723166667e-01 1.573453291e-01 -7.904435244e-01
  8.350440552e-01 1.191666667e-01 2.720878981e-01
  -1.801418684e-01 9.240864119e-01 1.229552017e-01
 Node:         10
  0.1294E+03  0.1212E+03  0.4911E+03 -0.3663E-04
  -7.325E-5
   4.798E-17
  -7.325E-5
  -2.399E-17
   2.159E-16
  -7.325E-5
  -5.093333918e-03
  -5.093333918e-03
  -5.093333918e-03
  0.000000000e+00
  -5.093333918e-03
  0.000000000e+00
  2.415678344e-02 6.662267516e-01 6.667660297e-01
  1.703101805e-01 6.893899151e-01 -7.034886412e-01
  -8.230450106e-01 1.209816486e-01 -9.138722930e-02
 Node:         11
  0.1295E+03  0.1214E+03  0.5055E+03 -0.3663E-04
  -7.325E-5
  -4.798E-17
  -7.325E-5
  -7.196E-17
   2.399E-17
  -7.325E-5
  -5.093333918e-03
  -5.093333918e-03
  -5.093333918e-03
  0.000000000e+00
  -5.093333918e-03
  0.000000000e+00
  -2.659437367e-01 1.234483439e-01 9.156495754e-01
  -5.152651805e-01 6.447159236e-01 -2.362822718e-01
  6.726736730e-01 5.426067941e-01 1.167599788e-01
 Node:         12
  0.1295E+03  0.1217E+03  0.5196E+03 -0.3663E-04
  -7.325E-5
  -6.207E-37
  -7.325E-5
   1.319E-16
   4.798E-17
  -7.325E-5
  -5.093333918e-03
  -5.093333918e-03
  -5.093333918e-03
  0.000000000e+00
  -5.093333918e-03
  0.000000000e+00
  -2.412951168e-01 -8.876069639e-02 -9.663958599e-01
  -3.100955414e-01 8.365008493e-01 7.554131177e-04
  8.254363057e-02 3.675700637e-02 -2.392314225e-02
 Node:         13
  0.1361E+03  0.1199E+03  0.4914E+03 -0.3663E-04
  -7.325E-5
  -2.399E-16
  -7.325E-5
  -1.679E-16
   4.798E-17
  -7.325E-5
  -5.093333918e-03
  -5.093333918e-03
  -5.093333918e-03
  0.000000000e+00
  -5.093333918e-03
  0.000000000e+00
  8.224659236e-01 -3.310715499e-01 -1.137403397e-01
  3.698918259e-01 9.286666667e-01 -2.828923567e-02
  1.286590234e-01 -2.104031783e-02 9.914569002e-01
 Node:         14
  0.1342E+03  0.1198E+03  0.5054E+03 -0.3663E-04
  -7.325E-5
   4.798E-17
  -7.325E-5
   9.595E-17
  -1.559E-16
  -7.325E-5
  -5.093333918e-03
  -5.093333918e-03
  -5.093333918e-03
  0.000000000e+00
  -5.093333918e-03
  0.000000000e+00
  9.860538217e-02 -2.621002123e-01 9.598386412e-01
  -2.571739703e-01 -8.314795117e-01 -1.999053079e-01
  -8.506708068e-01 2.268968790e-01 1.496748408e-01
 Node:         15
  0.1330E+03  0.1205E+03  0.5193E+03 -0.3663E-04
  -7.325E-5
  -1.439E-16
  -7.325E-5
   2.399E-17
   8.396E-17
  -7.325E-5
  -5.093333918e-03
  -5.093333918e-03
  -5.093333918e-03
  0.000000000e+00
  -5.093333918e-03
  0.000000000e+00
  8.879445860e-01 -1.013643206e-01 1.193530786e-02
  -1.834996815e-02 -2.619676221e-01 -8.534037155e-01
  1.120330786e-01 9.485792994e-01 -2.926354565e-01
 Node:         16
  0.1404E+03  0.1188E+03  0.4918E+03 -0.3663E-04
  -7.325E-5
   9.595E-17
  -7.325E-5
  -1.439E-16
  -2.519E-16
  -7.325E-5
  -5.093333918e-03
  -5.093333918e-03
  -5.093333918e-03
  0.000000000e+00
  -5.093333918e-03
  0.000000000e+00
  -1.500569002e-01 -2.375192144e-01 9.596843949e-01
  -7.106808917e-01 -5.148951168e-01 -2.403272824e-01
  5.517126327e-01 -7.174058386e-01 -9.452590234e-02
 Node:         17
  0.1365E+03  0.1184E+03  0.5055E+03 -0.3663E-04
  -7.325E-5
   4.798E-17
  -7.325E-5
   1.679E-16
   2.939E-16
  -7.325E-5
  -5.093333918e-03
  -5.093333918e-03
  -5.093333918e-03
  0.000000000e+00
  -5.093333918e-03
  0.000000000e+00
  2.261217622e-01 3.678471338e-01 7.793190021e-01
  8.345100849e-01 -3.039070064e-01 -9.593550998e-02
  -2.517886412e-01 -8.424958599e-01 4.691609342e-01
 Node:         18
  0.1341E+03  0.1191E+03  0.5192E+03 -0.3663E-04
  -7.325E-5
  -8.253E-37
  -7.325E-5
   4.573E-17
   1.84E-16
  -7.325E-5
  -5.093333918e-03
  -5.093333918e-03
  -5.093333918e-03
  0.000000000e+00
  -5.093333918e-03
  0.000000000e+00
  1.597882166e-02 7.281466030e-02 9.046815287e-01
  9.166811040e-01 -2.885504246e-01 1.743133899e-02
  -2.320399151e-01 -8.253643312e-01 8.142278132e-02
 Node:         19
  0.1301E+03  0.1291E+03  0.4914E+03  0.0000E+00
   4.934E-16
   0.0
   4.934E-16
   3.631E-19
   1.731E-17
  -9.869E-16
  4.936000000e-16
  4.934000000e-16
  -9.871000000e-16
  1.480600010e-15
  -3.333333333e-20
  6.979615383e-16
  -2.097000000e-02 -9.997000000e-01 -1.169000000e-02
  -9.998000000e-01 2.097000000e-02 -8.123000000e-17
  2.452000000e-04 1.169000000e-02 -9.999000000e-01
 Node:         20
  0.1299E+03  0.1291E+03  0.5058E+03  0.0000E+00
   9.869E-16
   0.0
   0.0
   1.799E-17
   3.326E-17
  -2.467E-16
  9.871000000e-16
  4.400000000e-18
  -2.514000000e-16
  1.132478516e-15
  2.467000000e-16
  5.338554923e-16
  -9.999000000e-01 -4.917000000e-04 -1.459000000e-02
  2.401000000e-03 -9.914000000e-01 -1.311000000e-01
  -1.440000000e-02 -1.312000000e-01 9.913000000e-01
 Node:         21
  0.1301E+03  0.1280E+03  0.5197E+03  0.0000E+00
   4.934E-16
   0.0
   0.0
   7.196E-17
   2.549E-17
   4.934E-16
  5.660000000e-16
  4.222000000e-16
  -1.341000000e-18
  5.108528306e-16
  3.289530000e-16
  2.408183338e-16
  -7.039000000e-01 -3.195000000e-02 -7.096000000e-01
  -7.102000000e-01 4.241000000e-02 7.027000000e-01
  -7.642000000e-03 -9.986000000e-01 5.255000000e-02
 Node:         22
  0.1360E+03  0.1256E+03  0.4913E+03  0.0000E+00
  -9.869E-16
   2.399E-17
  -4.934E-16
  -2.399E-17
   1.739E-16
   4.934E-16
  5.234000000e-16
  -5.215000000e-16
  -9.888000000e-16
  1.341069376e-15
  -3.289666667e-16
  6.321861663e-16
  -1.298000000e-02 1.683000000e-01 9.857000000e-01
  5.935000000e-02 9.841000000e-01 -1.672000000e-01
  -9.982000000e-01 5.633000000e-02 -2.276000000e-02
 Node:         23
  0.1343E+03  0.1253E+03  0.5054E+03  0.0000E+00
   0.0
   3.598E-17
  -1.974E-15
   0.0
   2.271E-16
  -7.401E-16
  6.796000000e-19
  -6.997000000e-16
  -2.015000000e-15
  1.772499637e-15
  -9.046734667e-16
  8.355643418e-16
  9.998000000e-01 1.889000000e-02 5.790000000e-03
  -9.011000000e-03 1.753000000e-01 9.845000000e-01
  1.758000000e-02 -9.843000000e-01 1.754000000e-01
 Node:         24
  0.1336E+03  0.1248E+03  0.5194E+03  0.0000E+00
  -9.869E-16
   2.099E-17
   0.0
   2.399E-17
   1.499E-18
  -7.401E-16
  4.516000000e-19
  -7.379000000e-16
  -9.896000000e-16
  8.912682385e-16
  -5.756828000e-16
  4.201478769e-16
  -2.132000000e-02 -9.998000000e-01 -2.714000000e-03
  9.549000000e-02 -4.739000000e-03 9.954000000e-01
  -9.952000000e-01 2.096000000e-02 9.557000000e-02
 Node:         25
  0.1400E+03  0.1206E+03  0.4917E+03  0.0000E+00
   0.0
   4.617E-16
  -4.934E-16
  -1.439E-16
  -2.249E-16
   9.869E-16
  1.067000000e-15
  2.050000000e-16
  -7.785000000e-16
  1.599404030e-15
  1.645000000e-16
  7.539662901e-16
  -2.161000000e-01 -2.016000000e-01 9.553000000e-01
  8.390000000e-01 4.621000000e-01 2.874000000e-01
  -4.994000000e-01 8.636000000e-01 6.929000000e-02
 Node:         26
  0.1363E+03  0.1200E+03  0.5055E+03  0.0000E+00
   9.869E-16
   1.859E-16
  -2.714E-15
   4.797E-17
  -1.943E-15
  -2.467E-16
  1.006000000e-15
  8.090000000e-16
  -3.789000000e-15
  4.699597749e-15
  -6.580000000e-16
  2.215411625e-15
  9.680000000e-01 1.526000000e-01 -1.995000000e-01
  2.481000000e-01 -4.578000000e-01 8.538000000e-01
  -3.892000000e-02 8.759000000e-01 4.809000000e-01
 Node:         27
  0.1343E+03  0.1203E+03  0.5192E+03  0.0000E+00
   9.869E-16
  -3.358E-16
   9.869E-16
  -1.799E-16
   2.27E-15
   0.0
  2.890000000e-15
  9.150000000e-16
  -1.831000000e-15
  4.106639867e-15
  6.580000000e-16
  1.935888599e-15
  -1.931000000e-01 7.658000000e-01 6.135000000e-01
  9.808000000e-01 1.345000000e-01 1.409000000e-01
  2.534000000e-02 6.289000000e-01 -7.771000000e-01
 Node:         28
  0.1155E+03  0.1124E+03  0.4931E+03 -0.2164E-03
  -4.329E-4
   6.6E-17
  -4.329E-4
  -9.599E-17
   9.599E-17
  -4.329E-4
  -3.041291670e-02
  -3.041291670e-02
  -3.041291670e-02
  0.000000000e+00
  -3.041291670e-02
  0.000000000e+00
  2.595100849e-02 9.772030786e-01 1.800494692e-01
  7.132602972e-02 1.845347134e-01 -9.378079618e-01
  -8.909144374e-01 3.596113588e-02 -5.945160297e-02
 Node:         29
  0.1119E+03  0.1139E+03  0.5068E+03 -0.2164E-03
  -4.329E-4
  -3.6E-17
  -4.329E-4
   9.599E-17
   1.2E-17
  -4.329E-4
  -3.041291670e-02
  -3.041291670e-02
  -3.041291670e-02
  0.000000000e+00
  -3.041291670e-02
  0.000000000e+00
  -3.255070064e-02 9.602032909e-01 2.221881529e-02
  -8.606618896e-01 -3.726557325e-02 -1.596073779e-01
  -1.619992569e-01 -2.522304671e-02 8.389138004e-01
 Node:         30
  0.1113E+03  0.1159E+03  0.5206E+03 -0.2164E-03
  -4.329E-4
   2.16E-16
  -4.329E-4
   6.003E-36
  -4.8E-17
  -4.329E-4
  -3.041291670e-02
  -3.041291670e-02
  -3.041291670e-02
  0.000000000e+00
  -3.041291670e-02
  0.000000000e+00
  5.804093418e-01 6.081936306e-01 -4.293886412e-02
  -6.881877919e-01 6.668630573e-01 -8.809872611e-02
  -4.429218684e-02 8.687027601e-02 9.544977707e-01
 Node:         31
  0.1203E+03  0.1126E+03  0.4920E+03 -0.2164E-03
  -4.329E-4
   1.68E-16
  -4.329E-4
   4.8E-17
   7.199E-17
  -4.329E-4
  -3.041291670e-02
  -3.041291670e-02
  -3.041291670e-02
  0.000000000e+00
  -3.041291670e-02
  0.000000000e+00
  -6.937968153e-01 -4.170160297e-01 -4.976748408e-01
  4.449813163e-01 1.628927813e-01 -7.628035032e-01
  3.693920382e-01 -7.458590234e-01 1.698167728e-01
 Node:         32
  0.1188E+03  0.1134E+03  0.5062E+03 -0.2164E-03
  -4.329E-4
  -2.4E-17
  -4.329E-4
  -4.8E-17
   1.68E-16
  -4.329E-4
  -3.041291670e-02
  -3.041291670e-02
  -3.041291670e-02
  0.000000000e+00
  -3.041291670e-02
  0.000000000e+00
  8.746987261e-01 -1.664800425e-02 -3.676091295e-02
  4.514891720e-02 4.372091295e-01 8.773638004e-01
  -5.729828025e-04 -8.928619958e-01 4.486219745e-01
 Node:         33
  0.1183E+03  0.1150E+03  0.5201E+03 -0.2164E-03
  -4.329E-4
   9.599E-17
  -4.329E-4
   1.44E-16
  -8.004E-36
  -4.329E-4
  -3.041291670e-02
  -3.041291670e-02
  -3.041291670e-02
  0.000000000e+00
  -3.041291670e-02
  0.000000000e+00
  6.944783439e-01 1.013579193e-01 2.187295117e-01
  -5.091726422e-02 5.143044586e-01 -3.137041401e-01
  -2.238738854e-01 3.865563694e-01 5.858091295e-01
 Node:         34
  0.1255E+03  0.1129E+03  0.4909E+03 -0.2164E-03
  -4.329E-4
  -9.338E-36
  -4.329E-4
   9.599E-17
   1.68E-16
  -4.329E-4
  -3.041291670e-02
  -3.041291670e-02
  -3.041291670e-02
  0.000000000e+00
  -3.041291670e-02
  0.000000000e+00
  2.278618896e-01 3.594384289e-01 4.380176221e-01
  2.922222930e-01 -1.386833333e-01 4.862600528e-03
  -2.245029724e-01 -4.245680467e-01 4.732443737e-01
 Node:         35
  0.1260E+03  0.1135E+03  0.5054E+03 -0.2164E-03
  -4.329E-4
   1.92E-16
  -4.329E-4
   1.92E-16
   4.32E-16
  -4.329E-4
  -3.041291670e-02
  -3.041291670e-02
  -3.041291670e-02
  0.000000000e+00
  -3.041291670e-02
  0.000000000e+00
  6.624338641e-01 4.234256900e-01 4.231214437e-01
  -5.825285563e-01 4.670193206e-01 4.687843949e-01
  3.736382133e-03 -7.088606157e-01 7.043251592e-01
 Node:         36
  0.1257E+03  0.1153E+03  0.5196E+03 -0.2164E-03
  -4.329E-4
  -9.599E-17
  -4.329E-4
  -9.599E-17
   1.44E-16
  -4.329E-4
  -3.041291670e-02
  -3.041291670e-02
  -3.041291670e-02
  0.000000000e+00
  -3.041291670e-02
  0.000000000e+00
  -5.536849257e-01 5.786722930e-01 5.751641189e-01
  4.178574310e-01 2.273773885e-01 2.144407431e-01
  -1.276698851e-02 -7.239366242e-01 7.373455414e-01
 Node:         37
  0.1132E+03  0.1210E+03  0.4959E+03 -0.2164E-03
  -4.329E-4
   2.4E-16
  -4.329E-4
  -1.44E-16
   3.12E-16
  -4.329E-4
  -3.041291670e-02
  -3.041291670e-02
  -3.041291670e-02
  0.000000000e+00
  -3.041291670e-02
  0.000000000e+00
  -4.429049894e-01 -7.063665605e-01 -3.151685138e-01
  6.497053079e-01 -1.998888960e-01 -4.483334395e-01
  3.358050955e-01 -4.954590234e-01 6.950570913e-01
 Node:         38
  0.1111E+03  0.1204E+03  0.5085E+03 -0.2164E-03
  -4.329E-4
   1.68E-16
  -4.329E-4
  -4.8E-17
  -1.44E-16
  -4.329E-4
  -3.041291670e-02
  -3.041291670e-02
  -3.041291670e-02
  0.000000000e+00
  -3.041291670e-02
  0.000000000e+00
  1.871617834e-01 8.645821656e-01 -1.275852866e-01
  8.692438429e-01 -1.962252654e-01 -5.376636943e-02
  9.035089172e-02 1.254625265e-01 9.869616773e-01
 Node:         39
  0.1119E+03  0.1201E+03  0.5207E+03 -0.2164E-03
  -4.329E-4
  -1.68E-16
  -4.329E-4
  -1.44E-16
  -1.32E-16
  -4.329E-4
  -3.041291670e-02
  -3.041291670e-02
  -3.041291670e-02
  0.000000000e+00
  -3.041291670e-02
  0.000000000e+00
  8.240639066e-01 -6.950931847e-02 -3.391830149e-01
  3.597972399e-01 -1.916684713e-01 9.133226115e-01
  -1.287535775e-01 -8.745712314e-01 -1.331674098e-01
 Node:         40
  0.1191E+03  0.1220E+03  0.4937E+03 -0.2164E-03
  -4.329E-4
   1.44E-16
  -4.329E-4
   1.44E-16
  -2.4E-17
  -4.329E-4
  -3.041291670e-02
  -3.041291670e-02
  -3.041291670e-02
  0.000000000e+00
  -3.041291670e-02
  0.000000000e+00
  1.217823779e-02 4.554012739e-03 1.933014862e-03
  -1.539364052e-03 1.009267516e-02 -9.672399151e-03
  -2.504766454e-02 8.280721868e-02 8.345201699e-02
 Node:         41
  0.1182E+03  0.1217E+03  0.5073E+03 -0.2164E-03
  -4.329E-4
  -4.8E-17
  -4.329E-4
   9.599E-17
   1.68E-16
  -4.329E-4
  -3.041291670e-02
  -3.041291670e-02
  -3.041291670e-02
  0.000000000e+00
  -3.041291670e-02
  0.000000000e+00
  -1.330372611e-01 -1.613368153e-01 -8.659953291e-01
  -8.037057325e-01 2.191529724e-01 8.767983015e-02
  2.188955414e-01 9.482259023e-01 -2.128103822e-01
 Node:         42
  0.1187E+03  0.1212E+03  0.5204E+03 -0.2164E-03
  -4.329E-4
  -9.599E-17
  -4.329E-4
   5.336E-36
   9.599E-17
  -4.329E-4
  -3.041291670e-02
  -3.041291670e-02
  -3.041291670e-02
  0.000000000e+00
  -3.041291670e-02
  0.000000000e+00
  -1.807008493e-02 1.032905945e-01 1.030142781e+00
  -8.221560510e-01 1.539709130e-01 -3.102196391e-02
  -1.562475584e-01 -8.768249469e-01 7.658977707e-02
 Node:         43
  0.1258E+03  0.1217E+03  0.4915E+03 -0.2164E-03
  -4.329E-4
   1.92E-16
  -4.329E-4
  -2.4E-17
   2.668E-36
  -4.329E-4
  -3.041291670e-02
  -3.041291670e-02
  -3.041291670e-02
  0.000000000e+00
  -3.041291670e-02
  0.000000000e+00
  8.419814225e-01 2.652472399e-01 -2.055609342e-02
  -3.308857749e-01 8.965969214e-01 3.291157113e-03
  1.970119958e-02 -1.484286943e-02 9.981174098e-01
 Node:         44
  0.1259E+03  0.1220E+03  0.5059E+03 -0.2164E-03
  -4.329E-4
   2.4E-16
  -4.329E-4
   1.68E-16
   1.92E-16
  -4.329E-4
  -3.041291670e-02
  -3.041291670e-02
  -3.041291670e-02
  0.000000000e+00
  -3.041291670e-02
  0.000000000e+00
  -3.060357749e-01 -3.197298301e-01 -7.112102972e-01
  -6.140825902e-01 -5.636308917e-01 5.185951168e-01
  6.042182590e-01 -6.327613588e-01 2.733104034e-02
 Node:         45
  0.1261E+03  0.1221E+03  0.5198E+03 -0.2164E-03
  -4.329E-4
  -1.44E-16
  -4.329E-4
   4.8E-17
  -1.2E-17
  -4.329E-4
  -3.041291670e-02
  -3.041291670e-02
  -3.041291670e-02
  0.000000000e+00
  -3.041291670e-02
  0.000000000e+00
  6.776027601e-02 -1.631043524e-02 9.973168790e-01
  -8.824700637e-01 1.271249469e-01 6.237289809e-02
  -1.279984076e-01 -8.843867304e-01 -6.084100849e-03
 Node:         46
  0.1117E+03  0.1296E+03  0.4959E+03  0.0000E+00
  -2.467E-16
   4.797E-17
  -7.401E-16
   1.199E-17
  -4.497E-17
   0.0
  3.057000000e-18
  -2.423000000e-16
  -7.476000000e-16
  6.629532710e-16
  -3.289476667e-16
  3.125191690e-16
  3.676000000e-02 -5.800000000e-02 9.976000000e-01
  9.946000000e-01 9.864000000e-02 -3.092000000e-02
  -9.662000000e-02 9.934000000e-01 6.131000000e-02
 Node:         47
  0.1107E+03  0.1269E+03  0.5087E+03  0.0000E+00
  -7.401E-16
  -5.397E-17
   4.934E-16
  -4.797E-17
   6.896E-17
   0.0
  5.058000000e-16
  -7.273000000e-18
  -7.452000000e-16
  1.089215580e-15
  -8.222433333e-17
  5.134611487e-16
  -4.821000000e-02 9.891000000e-01 1.394000000e-01
  -5.424000000e-02 -1.420000000e-01 9.884000000e-01
  -9.974000000e-01 -4.009000000e-02 -6.049000000e-02
 Node:         48
  0.1125E+03  0.1242E+03  0.5208E+03  0.0000E+00
   4.934E-16
   5.997E-18
   4.934E-16
   0.0
  -2.998E-18
   4.934E-16
  5.001000000e-16
  4.934000000e-16
  4.867000000e-16
  1.160474041e-17
  4.934000000e-16
  5.470527092e-18
  -6.325000000e-01 -7.071000000e-01 3.162000000e-01
  4.472000000e-01 -2.276000000e-15 8.944000000e-01
  6.325000000e-01 -7.071000000e-01 -3.162000000e-01
 Node:         49
  0.1186E+03  0.1311E+03  0.4938E+03  0.0000E+00
  -7.401E-16
  -3.598E-17
   0.0
  -7.196E-17
  -1.049E-17
  -2.467E-16
  1.947000000e-18
  -2.366000000e-16
  -7.523000000e-16
  6.677348644e-16
  -3.289843333e-16
  3.147732338e-16
  4.561000000e-02 -9.985000000e-01 2.894000000e-02
  -1.430000000e-01 2.215000000e-02 9.895000000e-01
  -9.887000000e-01 -4.926000000e-02 -1.418000000e-01
 Node:         50
  0.1180E+03  0.1298E+03  0.5075E+03  0.0000E+00
   0.0
  -2.249E-17
   1.48E-15
  -7.196E-17
   2.155E-17
   9.869E-16
  1.482000000e-15
  9.910000000e-16
  -5.513000000e-18
  1.312785985e-15
  8.224956667e-16
  6.188532481e-16
  1.739000000e-02 -9.988000000e-01 -4.603000000e-02
  -7.128000000e-02 -4.716000000e-02 9.963000000e-01
  9.973000000e-01 1.405000000e-02 7.201000000e-02
 Node:         51
  0.1192E+03  0.1275E+03  0.5206E+03  0.0000E+00
   0.0
  -5.997E-18
  -2.467E-16
   0.0
   2.549E-17
   4.934E-16
  4.943000000e-16
  1.449000000e-19
  -2.477000000e-16
  6.542860068e-16
  8.224830000e-17
  3.084333815e-16
  -4.170000000e-04 3.438000000e-02 9.994000000e-01
  9.997000000e-01 -2.416000000e-02 1.248000000e-03
  2.418000000e-02 9.991000000e-01 -3.436000000e-02
 Node:         52
  0.1262E+03  0.1305E+03  0.4920E+03  0.0000E+00
   4.934E-16
  -2.399E-17
   4.934E-16
   2.249E-18
   8.48E-18
   0.0
  5.175000000e-16
  4.696000000e-16
  -1.600000000e-19
  4.954496661e-16
  3.289800000e-16
  2.335572124e-16
  -7.061000000e-01 7.080000000e-01 8.534000000e-03
  7.081000000e-01 7.060000000e-01 1.614000000e-02
  -5.403000000e-03 -1.744000000e-02 9.998000000e-01
 Node:         53
  0.1258E+03  0.1304E+03  0.5063E+03  0.0000E+00
  -7.401E-16
  -2.998E-18
  -4.934E-16
   4.797E-17
   5.847E-17
  -9.869E-16
  -4.866000000e-16
  -7.314000000e-16
  -1.002000000e-15
  4.465358664e-16
  -7.400000000e-16
  2.104990261e-16
  1.040000000e-02 9.931000000e-01 1.171000000e-01
  -9.836000000e-01 3.123000000e-02 -1.776000000e-01
  -1.800000000e-01 -1.133000000e-01 9.771000000e-01
 Node:         54
  0.1265E+03  0.1288E+03  0.5200E+03  0.0000E+00
  -9.869E-16
   3.598E-17
   4.934E-16
   0.0
  -7.496E-18
   4.934E-16
  5.014000000e-16
  4.864000000e-16
  -9.877000000e-16
  1.481656947e-15
  3.333333333e-20
  6.984597833e-16
  1.758000000e-02 7.272000000e-01 -6.862000000e-01
  1.675000000e-02 6.860000000e-01 7.274000000e-01
  -9.997000000e-01 2.428000000e-02 1.229000000e-04
 Node:         55
  0.1381E+03  0.1167E+03  0.4528E+03  0.5075E-02
   0.0143
  -0.007669
   0.01044
  -0.002596
   0.01135
   0.007027
  1.716306794e-02
  2.881243100e-03
  2.807774947e-03
  1.196668017e-02
  7.617361996e-03
  5.641147133e-03
  -6.376185775e-01 6.684456476e-01 4.478058386e-01
  7.232114650e-01 3.322905945e-01 5.724707006e-01
  -8.123089172e-02 -3.257480892e-01 3.387113588e-01
 Node:         56
  0.1314E+03  0.1156E+03  0.4684E+03  0.5075E-02
   0.01513
  -0.01012
   0.01052
  -0.008445
   0.006321
   0.008695
  2.411669321e-02
  1.701817410e-03
  4.365138854e-03
  2.039143724e-02
  1.006121649e-02
  9.612615702e-03
  -7.366703822e-01 4.397591699e-01 2.559999257e-01
  2.757841189e-01 -3.174300425e-01 6.773732378e-01
  5.783566879e-02 -7.080219745e-02 6.005588535e-01
 Node:         57
  0.1285E+03  0.1140E+03  0.4823E+03  0.5075E-02
   0.01353
  -0.004056
   0.01047
  -0.002519
   0.001755
   0.01015
  6.050658174e-03
  9.466686306e-03
  1.115953885e-02
  -4.416089766e-03
  8.892294444e-03
  -2.081764680e-03
  -8.366697452e-01 3.171719851e-01 2.192076870e-01
  2.050570758e-01 2.967441614e-02 6.675364119e-01
  6.750446921e-02 1.803439490e-02 3.975338641e-01
 Node:         58
  0.1478E+03  0.1175E+03  0.4533E+03  0.5075E-02
   0.01411
  -0.007683
   0.0111
  -0.00127
   0.00758
   0.004391
  -1.764925690e-03
  9.611858386e-03
  6.348459448e-03
  -8.372509158e-03
  4.731797381e-03
  -3.946838668e-03
  -6.908822718e-01 6.588778132e-01 2.976979830e-01
  3.590992569e-01 2.843205945e-01 1.527477707e-01
  -3.140663482e-01 -6.390430998e-01 6.736477707e-01
 Node:         59
  0.1416E+03  0.1165E+03  0.4692E+03  0.5075E-02
   0.01617
  -0.01488
   0.01107
  -0.0166
   0.01266
   0.008656
  3.266383227e-02
  -4.048283970e-03
  6.153089172e-04
  3.345009645e-02
  9.743619073e-03
  1.576852669e-02
  -7.012755839e-01 5.435007431e-01 3.665665839e-01
  5.473309979e-01 7.234348195e-01 2.964093418e-01
  -7.008386412e-02 -1.108564756e-02 -2.732764331e-01
 Node:         60
  0.1375E+03  0.1150E+03  0.4832E+03  0.5075E-02
   0.01416
  -0.007553
   0.01076
  -0.007844
   0.005153
   0.0105
  1.790274947e-02
  5.847712420e-03
  4.657812102e-03
  1.269984655e-02
  9.469424664e-03
  5.986765076e-03
  -7.531009554e-01 4.335458811e-01 3.543696709e-01
  3.497781316e-02 -1.681007431e-01 2.668002335e-01
  2.054903397e-01 -2.311239490e-02 5.712149682e-01
 Node:         61
  0.1549E+03  0.1216E+03  0.4539E+03  0.5075E-02
   0.0155
  -0.0068
   0.00935
   0.006006
  -0.01083
   0.007697
  -1.234845011e-02
  1.540522229e-02
  1.039668752e-02
  -2.342863442e-02
  4.484486568e-03
  -1.104436418e-02
  -6.872671975e-01 5.555352442e-01 -2.411678981e-01
  6.122833015e-01 4.081032909e-01 -1.707639066e-01
  1.036394586e-01 8.066203822e-01 2.765650318e-01
 Node:         62
  0.1489E+03  0.1199E+03  0.4700E+03  0.5075E-02
   0.01702
  -0.02508
   0.01101
  -0.01612
   0.007533
   0.01201
  1.184501062e-02
  9.809329193e-03
  2.759405520e-04
  8.476921119e-03
  7.310093454e-03
  3.996058938e-03
  -7.300616773e-01 5.664493631e-01 3.663202760e-01
  1.400583864e-02 -4.684728291e-01 5.061190021e-01
  4.419857749e-01 3.858135881e-01 3.410695488e-01
 Node:         63
  0.1436E+03  0.1181E+03  0.4839E+03  0.5075E-02
   0.01387
  -0.01249
   0.01173
  -0.006362
   0.008939
   0.01089
  2.094890658e-02
  6.822364968e-03
  9.248726115e-06
  1.816907514e-02
  9.260173425e-03
  8.564984160e-03
  -7.016930998e-01 5.640105096e-01 3.282424713e-01
  3.098453291e-01 1.937021391e-01 2.468939490e-01
  -4.370029193e-01 -5.667569002e-01 4.334456476e-01
 Node:         64
  0.1411E+03  0.1253E+03  0.4527E+03  0.5075E-02
   0.01079
  -0.0112
   0.0127
  -2.914E-4
   6.502E-4
   0.008109
  1.678502123e-02
  1.173321656e-03
  6.156182909e-03
  9.603594269e-03
  8.038175265e-03
  4.527177754e-03
  -2.171003185e-01 6.842718684e-01 -2.649348514e-02
  6.478879724e-02 1.145542357e-01 8.247699788e-01
  6.896873673e-01 2.865635881e-01 3.305390934e-01
 Node:         65
  0.1339E+03  0.1229E+03  0.4684E+03  0.5075E-02
   0.01355
  -0.01796
   0.01181
  -0.004942
   0.001718
   0.008891
  2.935006900e-02
  5.765894374e-03
  -6.484954565e-03
  3.157803766e-02
  9.543669604e-03
  1.488602971e-02
  -7.629901274e-01 4.481499469e-01 1.721625796e-01
  8.897755414e-02 -5.360512739e-01 6.216886645e-01
  5.227884926e-01 7.513829087e-01 -9.080456476e-02
 Node:         66
  0.1299E+03  0.1214E+03  0.4825E+03  0.5075E-02
   0.01355
  -0.005531
   0.01069
  -0.0023
   0.001769
   0.01012
  7.513727176e-03
  1.054429597e-02
  7.873563163e-03
  -1.379367080e-03
  8.643862102e-03
  -6.502398775e-04
  -8.218438429e-01 4.382725393e-01 2.057676539e-01
  1.736118896e-01 -3.514505414e-01 9.120611465e-01
  3.379037752e-01 5.046336518e-01 1.530755839e-01
 Node:         67
  0.1496E+03  0.1241E+03  0.4533E+03  0.5075E-02
   0.01179
  -0.008581
   0.01252
  -1.583E-4
   0.002238
   0.004956
  7.619405520e-03
  7.853843843e-03
  5.406851805e-03
  1.208886759e-03
  6.960033723e-03
  5.698746832e-04
  -7.128650743e-01 6.672058386e-01 1.559341295e-01
  -5.379116348e-01 -5.756714756e-01 -5.456838641e-01
  -2.131245223e-01 -1.889227176e-01 5.328843524e-01
 Node:         68
  0.1430E+03  0.1222E+03  0.4692E+03  0.5075E-02
   0.01569
  -0.01878
   0.01219
  -0.01318
   0.005444
   0.007363
  1.976556794e-02
  5.267966879e-03
  -5.400488323e-04
  1.805196700e-02
  8.164495329e-03
  8.509778851e-03
  -7.355512739e-01 5.839419321e-01 3.362236730e-01
  3.856658408e-02 -4.410044437e-01 8.619785563e-01
  6.666836518e-01 6.410421444e-01 2.967574299e-01
 Node:         69
  0.1379E+03  0.1205E+03  0.4831E+03  0.5075E-02
   0.01428
  -0.007842
   0.01082
  -0.006238
   0.003703
   0.01016
  1.312489915e-02
  7.518493631e-03
  5.737481168e-03
  6.627008313e-03
  8.793624650e-03
  3.124001678e-03
  -7.730012739e-01 4.839998938e-01 3.406912527e-01
  1.485880998e-01 -2.368948195e-01 7.788044586e-01
  3.903843949e-01 2.727281316e-01 3.442211996e-01
 Node:         70
  0.1551E+03  0.1236E+03  0.4539E+03  0.5075E-02
   0.01269
  -0.01126
   0.01168
  -0.00658
   0.005029
   0.003357
  1.632080679e-03
  6.606798195e-03
  8.164715711e-03
  -5.815812932e-03
  5.467864862e-03
  -2.741600508e-03
  -7.059411890e-01 5.994228238e-01 3.608768577e-01
  3.988973461e-01 4.476220807e-01 -1.099320594e-01
  -3.448885456e-01 -2.864367622e-01 -3.302560510e-01
 Node:         71
  0.1491E+03  0.1219E+03  0.4700E+03  0.5075E-02
   0.01743
  -0.01622
   0.01179
  -0.02535
   0.009749
   0.007753
  9.064692144e-03
  1.151451726e-02
  -2.739412951e-03
  6.480750021e-03
  5.946598818e-03
  3.055054858e-03
  -7.141055202e-01 4.891559448e-01 4.967967091e-01
  -3.334890701e-01 -7.084944692e-01 9.625201699e-02
  4.066037155e-01 -5.378630573e-02 6.658049469e-01
 Node:         72
  0.1435E+03  0.1199E+03  0.4838E+03  0.5075E-02
   0.01505
  -0.008124
   0.01069
  -0.01074
   0.004761
   0.01039
  1.566973992e-02
  7.068760722e-03
  3.674426752e-03
  1.062787101e-02
  8.804309130e-03
  5.010026443e-03
  -7.560472399e-01 4.555702760e-01 4.371622081e-01
  -6.655912951e-02 -6.359706051e-01 6.347938429e-01
  5.139679406e-01 1.894454352e-01 6.062240977e-01
 Node:         73
  0.1441E+03  0.1339E+03  0.4525E+03  0.0000E+00
   0.005421
   3.173E-4
  -0.002055
  -0.00427
   0.003177
   2.02E-4
  -1.000268577e-02
  -1.619553185e-03
  -3.461201699e-03
  -6.461786502e-03
  -5.027813553e-03
  -3.046115369e-03
  -5.650162420e-01 1.012718684e-01 9.672847983e-02
  4.086301497e-01 5.647673355e-01 2.942823779e-01
  1.970907219e-01 -4.709227176e-01 5.062079193e-01
 Node:         74
  0.1364E+03  0.1303E+03  0.4684E+03  0.0000E+00
   0.007532
   0.01359
  -2.365E-4
   0.003054
   0.005483
   0.001212
  3.458888535e-03
  -2.599943153e-03
  -1.108986093e-02
  1.194085222e-02
  -3.410305184e-03
  5.628971720e-03
  -8.096400212e-01 -3.824001274e-01 -2.401809130e-01
  -3.878413588e-01 -1.876008471e-01 1.217313800e+00
  -3.670190127e-01 8.327385350e-01 -1.036355839e-01
 Node:         75
  0.1313E+03  0.1288E+03  0.4826E+03  0.0000E+00
   0.004857
   0.005564
   1.48E-4
   0.001615
   8.354E-4
   1.723E-4
  -6.956218684e-03
  -7.184514572e-04
  -3.857942887e-03
  -4.187152813e-03
  -3.844204343e-03
  -1.973842765e-03
  -8.730718684e-01 -3.559101062e-01 -1.069282495e-01
  -1.050177229e-01 -1.432402229e-01 9.002124204e-01
  -3.594584926e-01 8.474294055e-01 1.047485669e-01
 Node:         76
  0.1514E+03  0.1308E+03  0.4532E+03  0.0000E+00
   0.004762
  -0.001665
  -0.001971
  -0.004668
   5.49E-5
  -5.89E-4
  -1.289512951e-02
  -8.179946603e-03
  1.897467091e-03
  -1.193705229e-02
  -6.392536341e-03
  -5.627180413e-03
  -3.744684713e-01 2.795501062e-02 3.155029724e-01
  1.876963854e-01 -2.583626539e-01 5.212109342e-01
  1.009626327e-01 -3.456554140e-01 4.472061996e-01
 Node:         77
  0.1444E+03  0.1280E+03  0.4691E+03  0.0000E+00
   0.008507
   0.0127
  -2.475E-4
   0.003936
   0.002237
   4.425E-4
  -6.200743100e-04
  -5.226276507e-03
  -7.213040340e-03
  5.891490775e-03
  -4.353130386e-03
  2.777275386e-03
  -8.440164544e-01 -3.949974204e-01 -1.320729045e-01
  -2.559341401e-02 -6.205000000e-02 7.062938429e-01
  -4.435090690e-01 5.444960722e-01 5.442869427e-02
 Node:         78
  0.1384E+03  0.1261E+03  0.4830E+03  0.0000E+00
   0.005203
   0.006772
   1.695E-4
   0.002309
   0.001015
   1.203E-4
  -6.223590234e-03
  -5.318344161e-04
  -5.557130892e-03
  -2.565562492e-03
  -4.104185180e-03
  -1.209417757e-03
  -8.598589172e-01 -4.130426561e-01 -1.249724193e-01
  -7.921932059e-02 -3.543489703e-01 9.914609342e-01
  -4.081888641e-01 7.839964968e-01 2.349772537e-01
 Node:         79
  0.1554E+03  0.1257E+03  0.4538E+03  0.0000E+00
   0.00373
  -0.00376
  -0.006886
  -0.01247
   8.636E-4
  -5.224E-4
  -3.235374628e-02
  -1.438950106e-03
  -4.438394904e-03
  -2.869247379e-02
  -1.274369710e-02
  -1.352576186e-02
  -5.258906582e-02 -1.641331847e-01 -1.971024066e-01
  9.892983015e-03 2.067975584e-01 -2.269463907e-01
  5.541893843e-01 -1.640636943e-02 1.486694268e-01
 Node:         80
  0.1492E+03  0.1238E+03  0.4700E+03  0.0000E+00
   0.009675
   0.003118
  -0.00428
   0.007772
   0.003688
   5.182E-4
  -2.983794692e-02
  9.898280255e-04
  2.905244161e-04
  -3.023754720e-02
  -9.519198160e-03
  -1.425411645e-02
  -8.693969214e-01 -2.639604034e-01 -3.398305665e-01
  -3.030161996e-01 3.675057749e-01 1.559747346e-01
  -2.864074310e-02 -1.535272824e-01 3.463667516e-01
 Node:         81
  0.1433E+03  0.1217E+03  0.4837E+03  0.0000E+00
   0.005667
   0.004999
  -3.601E-4
   0.007846
   0.002256
   4.006E-4
  -3.579892781e-03
  -2.412567463e-03
  -5.971236730e-03
  9.325303217e-04
  -3.987898992e-03
  4.395990094e-04
  -8.289790870e-01 -3.216781316e-01 -3.662985881e-01
  5.762836119e-02 -6.246864119e-01 3.627104989e-01
  -4.619411639e-01 3.909357537e-01 6.845730361e-01
 Node:         82
  0.1267E+03  0.1148E+03  0.4558E+03  0.8380E-02
   0.02109
  -0.00906
   0.01624
  -0.003545
  -0.001016
   0.01614
  3.272744958e-02
  2.368779087e-02
  2.809001454e-02
  3.943234835e-03
  2.816841833e-02
  1.858858728e-03
  -5.087449045e-01 4.869737707e-01 2.038832484e-01
  3.844546709e-02 -4.609566242e-01 5.721340764e-01
  4.369565817e-01 6.908634820e-01 3.474193206e-02
 Node:         83
  0.1234E+03  0.1129E+03  0.4717E+03  0.8380E-02
   0.02011
  -0.00708
   0.01634
  -0.008067
   4.883E-4
   0.0171
  2.881884820e-02
  3.061763376e-02
  2.758009958e-02
  6.645086484e-04
  2.900552718e-02
  3.132523810e-04
  -5.127710191e-01 3.849211391e-01 4.473789809e-01
  2.314151805e-02 -2.899302548e-01 5.542909766e-01
  3.717712314e-01 4.429526539e-01 4.658290870e-01
 Node:         84
  0.1187E+03  0.1123E+03  0.4849E+03  0.8380E-02
   0.01953
  -6.806E-4
   0.01672
  -0.002324
   1.156E-4
   0.01716
  2.047426221e-02
  3.219949894e-02
  3.220344374e-02
  -1.157542814e-02
  2.829240163e-02
  -5.456709154e-03
  -5.554639066e-01 1.048258514e-01 3.767550106e-01
  3.823987049e-02 -1.838563694e-01 2.574191720e-01
  2.685529299e-01 1.314767091e-01 4.338994692e-01
 Node:         85
  0.1302E+03  0.1161E+03  0.4546E+03  0.8380E-02
   0.02132
  -0.01027
   0.01627
  -0.003427
  -0.001929
   0.01558
  3.433214559e-02
  1.973275637e-02
  2.885725053e-02
  3.297980811e-03
  2.764071750e-02
  1.554683064e-03
  -3.484111465e-01 4.280089172e-01 1.900206476e-01
  -2.108877792e-01 -1.300201699e-01 7.769452229e-01
  2.147209130e-01 9.583811040e-02 4.260989384e-01
 Node:         86
  0.1252E+03  0.1138E+03  0.4700E+03  0.8380E-02
   0.01879
  -0.007621
   0.01823
  -0.0176
   0.001554
   0.01672
  2.064803715e-02
  3.246921656e-02
  2.292483652e-02
  -3.363572559e-03
  2.534736341e-02
  -1.585603310e-03
  -3.391547771e-01 4.312768577e-01 6.526529724e-01
  -1.141122293e-01 -4.217352442e-01 2.596322584e-01
  3.725979830e-01 1.059128344e-01 6.198077495e-01
 Node:         87
  0.1217E+03  0.1126E+03  0.4833E+03  0.8380E-02
   0.01968
  -5.485E-4
   0.01673
  -0.003629
   4.748E-4
   0.01721
  2.193191189e-02
  3.178997452e-02
  3.153766561e-02
  -9.463974719e-03
  2.841985067e-02
  -4.461360467e-03
  -5.422983015e-01 8.483214544e-02 4.420029087e-01
  -5.890306794e-02 -4.498494692e-01 -4.526095966e-02
  2.895645011e-01 -2.458527601e-02 6.682472399e-01
 Node:         88
  0.1338E+03  0.1169E+03  0.4530E+03  0.8380E-02
   0.0205
  -0.01023
   0.01673
  -0.003465
   0.002382
   0.01618
  3.131398992e-02
  1.777520611e-02
  3.303373673e-02
  -2.252421133e-03
  2.737431092e-02
  -1.061801505e-03
  -6.549911359e-01 7.110225053e-01 4.460927813e-01
  1.391036093e-02 -9.333487792e-02 4.328253291e-01
  1.766731423e-01 1.279195329e-01 1.960407325e-01
 Node:         89
  0.1270E+03  0.1150E+03  0.4683E+03  0.8380E-02
   0.02119
  -0.008938
   0.0167
  -0.009059
   8.473E-4
   0.01683
  3.580384820e-02
  3.044363057e-02
  2.459754756e-02
  9.509836157e-03
  3.028167544e-02
  4.482979756e-03
  -5.189309979e-01 4.375145011e-01 4.552267410e-01
  -2.236579618e-03 -1.878093418e-01 6.405856688e-01
  3.568026539e-01 4.552658705e-01 4.769476645e-01
 Node:         90
  0.1248E+03  0.1132E+03  0.4822E+03  0.8380E-02
   0.01993
  -0.00296
   0.01692
  -0.002281
   0.001216
   0.01688
  2.381001115e-02
  2.992501890e-02
  3.210517410e-02
  -7.369471604e-03
  2.861340138e-02
  -3.474002230e-03
  -5.265276008e-01 3.625638015e-01 2.970298620e-01
  1.632527501e-01 -7.925902335e-03 5.420870488e-01
  1.628652017e-01 2.075306794e-01 4.622577495e-01
 Node:         91
  0.1258E+03  0.1260E+03  0.4547E+03  0.8380E-02
   0.01738
  -0.01679
   0.01847
  -0.006177
   3.281E-4
   0.01602
  4.208424098e-02
  1.906040085e-02
  2.053657070e-02
  1.790821432e-02
  2.722707084e-02
  8.442013189e-03
  -7.535287686e-01 4.208191083e-01 1.655165605e-01
  1.386019140e-01 -2.324754352e-01 6.155235382e-01
  5.692623355e-01 2.792356688e-01 3.619494692e-01
 Node:         92
  0.1208E+03  0.1232E+03  0.4725E+03  0.8380E-02
   0.02016
  -0.0115
   0.01659
  -0.009691
  -4.136E-4
   0.01664
  4.178079087e-02
  2.287305902e-02
  2.049197219e-02
  1.836962582e-02
  2.838194069e-02
  8.659524657e-03
  -6.040049894e-01 5.438661571e-01 4.724326008e-01
  -7.290635032e-02 -3.654537155e-01 7.155414013e-01
  4.567732803e-01 3.239157113e-01 4.504160297e-01
 Node:         93
  0.1159E+03  0.1217E+03  0.4876E+03  0.8380E-02
   0.01986
   1.698E-4
   0.01666
  -0.004689
  -0.001985
   0.01711
  2.483412335e-02
  3.064290361e-02
  2.867737580e-02
  -4.185076815e-03
  2.805146759e-02
  -1.972864130e-03
  -4.035702760e-01 -1.284825732e-01 4.924731741e-01
  -2.182596815e-01 2.938023355e-01 -3.024958599e-01
  -2.957582425e-01 -1.195959660e-01 -6.263511677e-01
 Node:         94
  0.1312E+03  0.1262E+03  0.4538E+03  0.8380E-02
   0.01679
  -0.01659
   0.01884
  -0.003962
  -0.001255
   0.01551
  4.192952760e-02
  1.710657696e-02
  2.090272983e-02
  1.662759834e-02
  2.664627813e-02
  7.838325028e-03
  -4.554589172e-01 7.717569639e-01 2.037648408e-01
  -2.066583227e-01 -4.801942675e-02 8.948491932e-01
  6.655727176e-01 3.357260085e-01 3.982811040e-01
 Node:         95
  0.1249E+03  0.1234E+03  0.4705E+03  0.8380E-02
   0.02086
  -0.01033
   0.01732
  -0.01091
