 Group name: predicted_stress_L4A4
 #Fields=  16
 1) coordinates, coordinate, rectangular cartesian, #Components=3
   x.  Value index= 1, #Derivatives=0
   y.  Value index= 2, #Derivatives=0
   z.  Value index= 3, #Derivatives=0
 2) Tensor_1, field, rectangular cartesian, #Components=1
   Tensor_1.  Value index= 4, #Derivatives=0
 3) Tensor_2, field, rectangular cartesian, #Components=1
   Tensor_2.  Value index= 5, #Derivatives=0
 4) Tensor_3, field, rectangular cartesian, #Components=1
   Tensor_3.  Value index= 6, #Derivatives=0
 5) Tensor_4, field, rectangular cartesian, #Components=1
   Tensor_4.  Value index= 7, #Derivatives=0
 6) Tensor_5, field, rectangular cartesian, #Components=1
   Tensor_5.  Value index= 8, #Derivatives=0
 7) Tensor_6, field, rectangular cartesian, #Components=1
   Tensor_6.  Value index= 9, #Derivatives=0
 8) Principal_1, field, rectangular cartesian, #Components=1
   Principal_1.  Value index= 10, #Derivatives=0
 9) Principal_2, field, rectangular cartesian, #Components=1
   Principal_2.  Value index= 11, #Derivatives=0
 10) Principal_3, field, rectangular cartesian, #Components=1
   Principal_3.  Value index= 12, #Derivatives=0
 11) VonMises, field, rectangular cartesian, #Components=1
   VonMises.  Value index= 13, #Derivatives=0
 12) Hydrostatic, field, rectangular cartesian, #Components=1
   VonMises.  Value index= 14, #Derivatives=0
 13) Octahedral, field, rectangular cartesian, #Components=1
   VonMises.  Value index= 15, #Derivatives=0
 14) PrincipalVector1, field, rectangular cartesian, #Components=3
   x.  Value index= 16, #Derivatives=0
   y.  Value index= 17, #Derivatives=0
   z.  Value index= 18, #Derivatives=0
 15) PrincipalVector2, field, rectangular cartesian, #Components=3
   x.  Value index= 19, #Derivatives=0
   y.  Value index= 20, #Derivatives=0
   z.  Value index= 21, #Derivatives=0
 16) PrincipalVector3, field, rectangular cartesian, #Components=3
   x.  Value index= 22, #Derivatives=0
   y.  Value index= 23, #Derivatives=0
   z.  Value index= 24, #Derivatives=0
 Node:          1
  0.1287E+03  0.1133E+03  0.4908E+03 -0.3079E-04
  -6.159E-5
  -1.439E-16
  -6.159E-5
  -4.798E-17
  -7.196E-17
  -6.159E-5
  -2.310329292e-02
  -2.310329292e-02
  -2.310329292e-02
  0.000000000e+00
  -2.310329292e-02
  0.000000000e+00
  9.279634490e-01 -2.429830065e-01 -2.858623932e-02
  2.426607843e-01 9.487610357e-01 -1.916243338e-01
  7.588078934e-02 1.783159377e-01 9.789716943e-01
 Node:          2
  0.1292E+03  0.1137E+03  0.5052E+03 -0.3079E-04
  -6.159E-5
  -1.919E-16
  -6.159E-5
  -9.595E-17
   3.358E-16
  -6.159E-5
  -2.310329292e-02
  -2.310329292e-02
  -2.310329292e-02
  0.000000000e+00
  -2.310329292e-02
  0.000000000e+00
  6.209920563e-01 -2.849831071e-01 -1.409303670e-01
  3.357687783e-01 5.884420814e-01 2.924610860e-01
  -8.335932127e-04 -4.569760684e-01 8.893443439e-01
 Node:          3
  0.1289E+03  0.1155E+03  0.5194E+03 -0.3079E-04
  -6.159E-5
   2.399E-16
  -6.159E-5
   1.919E-16
   9.595E-17
  -6.159E-5
  -2.310329292e-02
  -2.310329292e-02
  -2.310329292e-02
  0.000000000e+00
  -2.310329292e-02
  0.000000000e+00
  -4.028126194e-01 -8.747552036e-01 -2.674832579e-01
  4.892178482e-01 -4.534941176e-01 7.446547009e-01
  7.729894419e-01 -1.694569130e-01 -6.104894419e-01
 Node:          4
  0.1361E+03  0.1141E+03  0.4915E+03 -0.3079E-04
  -6.159E-5
  -4.798E-17
  -6.159E-5
  -4.798E-17
  -1.439E-16
  -6.159E-5
  -2.310329292e-02
  -2.310329292e-02
  -2.310329292e-02
  0.000000000e+00
  -2.310329292e-02
  0.000000000e+00
  -3.962072398e-02 -8.949589744e-02 9.950672700e-01
  -9.546012569e-01 9.277742584e-02 -2.926194067e-02
  -8.959342383e-02 -9.510824535e-01 -8.907130216e-02
 Node:          5
  0.1341E+03  0.1144E+03  0.5054E+03 -0.3079E-04
  -6.159E-5
   2.399E-16
  -6.159E-5
   9.595E-17
  -1.199E-16
  -6.159E-5
  -2.310329292e-02
  -2.310329292e-02
  -2.310329292e-02
  0.000000000e+00
  -2.310329292e-02
  0.000000000e+00
  1.014808849e-01 -1.766783811e-01 9.789475113e-01
  7.141041730e-01 6.978491202e-01 5.194870789e-02
  -6.924328306e-01 6.939079437e-01 1.971628959e-01
 Node:          6
  0.1323E+03  0.1162E+03  0.5191E+03 -0.3079E-04
  -6.159E-5
   9.595E-17
  -6.159E-5
  -9.595E-17
  -4.798E-17
  -6.159E-5
  -2.310329292e-02
  -2.310329292e-02
  -2.310329292e-02
  0.000000000e+00
  -2.310329292e-02
  0.000000000e+00
  -7.101792358e-01 -6.979770236e-01 8.943214178e-02
  4.778159377e-01 -5.075738562e-01 -3.290110106e-02
  8.322506787e-02 4.227871292e-02 9.953411765e-01
 Node:          7
  0.1408E+03  0.1171E+03  0.4920E+03 -0.3079E-04
  -6.159E-5
   3.838E-16
  -6.159E-5
  -1.439E-16
  -1.919E-16
  -6.159E-5
  -2.310329292e-02
  -2.310329292e-02
  -2.310329292e-02
  0.000000000e+00
  -2.310329292e-02
  0.000000000e+00
  8.360226747e-01 4.528934138e-01 -1.241881850e-01
  -4.864286576e-01 8.650349925e-01 -1.157537355e-01
  5.713758170e-02 1.633536450e-01 9.848159879e-01
 Node:          8
  0.1367E+03  0.1169E+03  0.5055E+03 -0.3079E-04
  -6.159E-5
   3.358E-16
  -6.159E-5
  -6.957E-16
  -4.078E-16
  -6.159E-5
  -2.310329292e-02
  -2.310329292e-02
  -2.310329292e-02
  0.000000000e+00
  -2.310329292e-02
  0.000000000e+00
  -5.093589241e-01 -6.005869784e-01 2.353182001e-01
  6.120207139e-01 -5.527775264e-01 -4.316280543e-02
  2.491676521e-01 8.272624434e-02 9.538382102e-01
 Node:          9
  0.1339E+03  0.1180E+03  0.5191E+03 -0.3079E-04
  -6.159E-5
   2.879E-16
  -6.159E-5
  -6.837E-16
  -4.798E-16
  -6.159E-5
  -2.310329292e-02
  -2.310329292e-02
  -2.310329292e-02
  0.000000000e+00
  -2.310329292e-02
  0.000000000e+00
  2.988919558e-01 2.068937657e-01 -6.783937154e-01
  8.960734037e-01 9.763373555e-02 2.255894419e-01
  -1.542738663e-01 7.392640523e-01 1.691340372e-01
 Node:         10
  0.1294E+03  0.1212E+03  0.4911E+03 -0.3079E-04
  -6.159E-5
   4.798E-17
  -6.159E-5
  -2.399E-17
   2.159E-16
  -6.159E-5
  -2.310329292e-02
  -2.310329292e-02
  -2.310329292e-02
  0.000000000e+00
  -2.310329292e-02
  0.000000000e+00
  2.391277526e-02 5.095675716e-01 5.355857717e-01
  1.554095375e-01 6.774501760e-01 -7.154373555e-01
  -6.844999497e-01 1.159719854e-01 -8.374837104e-02
 Node:         11
  0.1295E+03  0.1214E+03  0.5055E+03 -0.3079E-04
  -6.159E-5
  -4.798E-17
  -6.159E-5
  -7.196E-17
   2.399E-17
  -6.159E-5
  -2.310329292e-02
  -2.310329292e-02
  -2.310329292e-02
  0.000000000e+00
  -2.310329292e-02
  0.000000000e+00
  -2.296485168e-01 1.026250980e-01 7.845324786e-01
  -5.084054801e-01 5.677322775e-01 -2.256551533e-01
  6.933581699e-01 5.057679739e-01 1.201746104e-01
 Node:         12
  0.1295E+03  0.1217E+03  0.5196E+03 -0.3079E-04
  -6.159E-5
  -5.219E-37
  -6.159E-5
   1.319E-16
   4.798E-17
  -6.159E-5
  -2.310329292e-02
  -2.310329292e-02
  -2.310329292e-02
  0.000000000e+00
  -2.310329292e-02
  0.000000000e+00
  -2.426210156e-01 -8.416286476e-02 -9.660959276e-01
  -3.316194570e-01 8.886419809e-01 8.022606293e-03
  -6.238717949e-02 2.432006033e-02 1.041820010e-02
 Node:         13
  0.1361E+03  0.1199E+03  0.4914E+03 -0.3079E-04
  -6.159E-5
  -2.399E-16
  -6.159E-5
  -1.679E-16
   4.798E-17
  -6.159E-5
  -2.310329292e-02
  -2.310329292e-02
  -2.310329292e-02
  0.000000000e+00
  -2.310329292e-02
  0.000000000e+00
  8.822974359e-01 -3.577326295e-01 -1.214630970e-01
  3.718451986e-01 9.277578683e-01 -3.059129713e-02
  1.288925591e-01 -1.895794178e-02 9.914528406e-01
 Node:         14
  0.1342E+03  0.1198E+03  0.5054E+03 -0.3079E-04
  -6.159E-5
   4.798E-17
  -6.159E-5
   9.595E-17
  -1.559E-16
  -6.159E-5
  -2.310329292e-02
  -2.310329292e-02
  -2.310329292e-02
  0.000000000e+00
  -2.310329292e-02
  0.000000000e+00
  9.332030166e-02 -2.644655103e-01 9.596286073e-01
  -2.716595978e-01 -8.931605329e-01 -2.191579688e-01
  -9.152319256e-01 2.403094419e-01 1.551552036e-01
 Node:         15
  0.1330E+03  0.1205E+03  0.5193E+03 -0.3079E-04
  -6.159E-5
  -1.439E-16
  -6.159E-5
   2.399E-17
   8.396E-17
  -6.159E-5
  -2.310329292e-02
  -2.310329292e-02
  -2.310329292e-02
  0.000000000e+00
  -2.310329292e-02
  0.000000000e+00
  9.536368024e-01 -1.070861589e-01 1.021394168e-02
  -2.221331825e-02 -2.870569633e-01 -9.145095525e-01
  1.093351332e-01 9.467802413e-01 -2.991299648e-01
 Node:         16
  0.1404E+03  0.1188E+03  0.4918E+03 -0.3079E-04
  -6.159E-5
   9.595E-17
  -6.159E-5
  -1.439E-16
  -2.519E-16
  -6.159E-5
  -2.310329292e-02
  -2.310329292e-02
  -2.310329292e-02
  0.000000000e+00
  -2.310329292e-02
  0.000000000e+00
  -1.497513323e-01 -2.404442936e-01 9.589564103e-01
  -7.570402715e-01 -5.137876823e-01 -2.478273504e-01
  5.526630970e-01 -7.626258924e-01 -1.070245349e-01
 Node:         17
  0.1365E+03  0.1184E+03  0.5055E+03 -0.3079E-04
  -6.159E-5
   4.798E-17
  -6.159E-5
   1.679E-16
   2.939E-16
  -6.159E-5
  -2.310329292e-02
  -2.310329292e-02
  -2.310329292e-02
  0.000000000e+00
  -2.310329292e-02
  0.000000000e+00
  2.604486677e-01 4.215230769e-01 8.097184515e-01
  8.888469583e-01 -3.427699849e-01 -9.745300312e-02
  -2.536298140e-01 -8.117319759e-01 5.029925591e-01
 Node:         18
  0.1341E+03  0.1191E+03  0.5192E+03 -0.3079E-04
  -6.159E-5
  -6.939E-37
  -6.159E-5
   4.573E-17
   1.84E-16
  -6.159E-5
  -2.310329292e-02
  -2.310329292e-02
  -2.310329292e-02
  0.000000000e+00
  -2.310329292e-02
  0.000000000e+00
  2.730422323e-02 9.761919558e-02 9.414502262e-01
  8.807365510e-01 -1.414512318e-01 -1.918587976e-02
  -3.146820010e-01 -7.413672700e-01 7.534249874e-02
 Node:         19
  0.1301E+03  0.1291E+03  0.4914E+03  0.0000E+00
   4.934E-16
   0.0
   4.934E-16
   3.631E-19
   1.731E-17
  -9.869E-16
  4.936000000e-16
  4.934000000e-16
  -9.871000000e-16
  1.480600010e-15
  -3.333333333e-20
  6.979615383e-16
  -2.097000000e-02 -9.997000000e-01 -1.169000000e-02
  -9.998000000e-01 2.097000000e-02 -8.123000000e-17
  2.452000000e-04 1.169000000e-02 -9.999000000e-01
 Node:         20
  0.1299E+03  0.1291E+03  0.5058E+03  0.0000E+00
   9.869E-16
   0.0
   0.0
   1.799E-17
   3.326E-17
  -2.467E-16
  9.871000000e-16
  4.400000000e-18
  -2.514000000e-16
  1.132478516e-15
  2.467000000e-16
  5.338554923e-16
  -9.999000000e-01 -4.917000000e-04 -1.459000000e-02
  2.401000000e-03 -9.914000000e-01 -1.311000000e-01
  -1.440000000e-02 -1.312000000e-01 9.913000000e-01
 Node:         21
  0.1301E+03  0.1280E+03  0.5197E+03  0.0000E+00
   4.934E-16
   0.0
   0.0
   7.196E-17
   2.549E-17
   4.934E-16
  5.660000000e-16
  4.222000000e-16
  -1.341000000e-18
  5.108528306e-16
  3.289530000e-16
  2.408183338e-16
  -7.039000000e-01 -3.195000000e-02 -7.096000000e-01
  -7.102000000e-01 4.241000000e-02 7.027000000e-01
  -7.642000000e-03 -9.986000000e-01 5.255000000e-02
 Node:         22
  0.1360E+03  0.1256E+03  0.4913E+03  0.0000E+00
  -9.869E-16
   2.399E-17
  -4.934E-16
  -2.399E-17
   1.739E-16
   4.934E-16
  5.234000000e-16
  -5.215000000e-16
  -9.888000000e-16
  1.341069376e-15
  -3.289666667e-16
  6.321861663e-16
  -1.298000000e-02 1.683000000e-01 9.857000000e-01
  5.935000000e-02 9.841000000e-01 -1.672000000e-01
  -9.982000000e-01 5.633000000e-02 -2.276000000e-02
 Node:         23
  0.1343E+03  0.1253E+03  0.5054E+03  0.0000E+00
   0.0
   3.598E-17
  -1.974E-15
   0.0
   2.271E-16
  -7.401E-16
  6.796000000e-19
  -6.997000000e-16
  -2.015000000e-15
  1.772499637e-15
  -9.046734667e-16
  8.355643418e-16
  9.998000000e-01 1.889000000e-02 5.790000000e-03
  -9.011000000e-03 1.753000000e-01 9.845000000e-01
  1.758000000e-02 -9.843000000e-01 1.754000000e-01
 Node:         24
  0.1336E+03  0.1248E+03  0.5194E+03  0.0000E+00
  -9.869E-16
   2.099E-17
   0.0
   2.399E-17
   1.499E-18
  -7.401E-16
  4.516000000e-19
  -7.379000000e-16
  -9.896000000e-16
  8.912682385e-16
  -5.756828000e-16
  4.201478769e-16
  -2.132000000e-02 -9.998000000e-01 -2.714000000e-03
  9.549000000e-02 -4.739000000e-03 9.954000000e-01
  -9.952000000e-01 2.096000000e-02 9.557000000e-02
 Node:         25
  0.1400E+03  0.1206E+03  0.4917E+03  0.0000E+00
   0.0
   4.617E-16
  -4.934E-16
  -1.439E-16
  -2.249E-16
   9.869E-16
  1.067000000e-15
  2.050000000e-16
  -7.785000000e-16
  1.599404030e-15
  1.645000000e-16
  7.539662901e-16
  -2.161000000e-01 -2.016000000e-01 9.553000000e-01
  8.390000000e-01 4.621000000e-01 2.874000000e-01
  -4.994000000e-01 8.636000000e-01 6.929000000e-02
 Node:         26
  0.1363E+03  0.1200E+03  0.5055E+03  0.0000E+00
   9.869E-16
   1.859E-16
  -2.714E-15
   4.797E-17
  -1.943E-15
  -2.467E-16
  1.006000000e-15
  8.090000000e-16
  -3.789000000e-15
  4.699597749e-15
  -6.580000000e-16
  2.215411625e-15
  9.680000000e-01 1.526000000e-01 -1.995000000e-01
  2.481000000e-01 -4.578000000e-01 8.538000000e-01
  -3.892000000e-02 8.759000000e-01 4.809000000e-01
 Node:         27
  0.1343E+03  0.1203E+03  0.5192E+03  0.0000E+00
   9.869E-16
  -3.358E-16
   9.869E-16
  -1.799E-16
   2.27E-15
   0.0
  2.890000000e-15
  9.150000000e-16
  -1.831000000e-15
  4.106639867e-15
  6.580000000e-16
  1.935888599e-15
  -1.931000000e-01 7.658000000e-01 6.135000000e-01
  9.808000000e-01 1.345000000e-01 1.409000000e-01
  2.534000000e-02 6.289000000e-01 -7.771000000e-01
 Node:         28
  0.1155E+03  0.1124E+03  0.4931E+03 -0.1820E-03
  -3.64E-4
   6.599E-17
  -3.64E-4
  -9.599E-17
   9.599E-17
  -3.64E-4
  -1.380767043e-01
  -1.380767043e-01
  -1.380767043e-01
  0.000000000e+00
  -1.380767043e-01
  0.000000000e+00
  3.311167924e-02 9.548044243e-01 1.818492710e-01
  6.878639015e-02 2.099704374e-01 -7.814699849e-01
  -9.554557567e-01 5.045765209e-02 -6.357930116e-02
 Node:         29
  0.1119E+03  0.1139E+03  0.5068E+03 -0.1820E-03
  -3.64E-4
  -3.599E-17
  -3.64E-4
   9.599E-17
   1.2E-17
  -3.64E-4
  -1.380767043e-01
  -1.380767043e-01
  -1.380767043e-01
  0.000000000e+00
  -1.380767043e-01
  0.000000000e+00
  -4.460493213e-02 8.195949723e-01 -2.765978733e-02
  -8.542269482e-01 -8.316546003e-03 -1.827583459e-01
  -1.296814982e-01 1.993329814e-02 7.728115636e-01
 Node:         30
  0.1113E+03  0.1159E+03  0.5206E+03 -0.1820E-03
  -3.64E-4
   2.16E-16
  -3.64E-4
   5.047E-36
  -4.799E-17
  -3.64E-4
  -1.380767043e-01
  -1.380767043e-01
  -1.380767043e-01
  0.000000000e+00
  -1.380767043e-01
  0.000000000e+00
  4.635269482e-01 5.366861237e-01 -5.609878834e-02
  -6.156202614e-01 5.636303167e-01 2.168733032e-02
  9.047626948e-03 -1.176118653e-02 8.245711916e-01
 Node:         31
  0.1203E+03  0.1126E+03  0.4920E+03 -0.1820E-03
  -3.64E-4
   1.68E-16
  -3.64E-4
   4.799E-17
   7.199E-17
  -3.64E-4
  -1.380767043e-01
  -1.380767043e-01
  -1.380767043e-01
  0.000000000e+00
  -1.380767043e-01
  0.000000000e+00
  -5.149588235e-01 -3.729931624e-01 -4.451034691e-01
  4.261525892e-01 2.035922574e-02 -6.957933635e-01
  3.537361991e-01 -7.490023630e-01 2.709084967e-02
 Node:         32
  0.1188E+03  0.1134E+03  0.5062E+03 -0.1820E-03
  -3.64E-4
  -2.4E-17
  -3.64E-4
  -4.799E-17
   1.68E-16
  -3.64E-4
  -1.380767043e-01
  -1.380767043e-01
  -1.380767043e-01
  0.000000000e+00
  -1.380767043e-01
  0.000000000e+00
  8.761796380e-01 -1.213721971e-02 -3.447395676e-02
  3.703883861e-02 3.875012569e-01 8.285498743e-01
  -5.190606184e-03 -8.950855706e-01 4.381393665e-01
 Node:         33
  0.1183E+03  0.1150E+03  0.5201E+03 -0.1820E-03
  -3.64E-4
   9.599E-17
  -3.64E-4
   1.44E-16
  -6.73E-36
  -3.64E-4
  -1.380767043e-01
  -1.380767043e-01
  -1.380767043e-01
  0.000000000e+00
  -1.380767043e-01
  0.000000000e+00
  7.862748115e-01 1.270019507e-01 1.996199598e-01
  3.996614939e-03 6.531984917e-01 -4.456885370e-01
  -2.327031674e-01 3.316583710e-01 6.293878331e-01
 Node:         34
  0.1255E+03  0.1129E+03  0.4909E+03 -0.1820E-03
  -3.64E-4
  -7.851E-36
  -3.64E-4
   9.599E-17
   1.68E-16
  -3.64E-4
  -1.380767043e-01
  -1.380767043e-01
  -1.380767043e-01
  0.000000000e+00
  -1.380767043e-01
  0.000000000e+00
  2.893672197e-01 3.276443942e-01 4.873804927e-01
  -3.746666667e-02 1.507985923e-01 2.280744299e-02
  -1.178577174e-01 -3.523285571e-01 3.331328306e-01
 Node:         35
  0.1260E+03  0.1135E+03  0.5054E+03 -0.1820E-03
  -3.64E-4
   1.92E-16
  -3.64E-4
   1.92E-16
   4.319E-16
  -3.64E-4
  -1.380767043e-01
  -1.380767043e-01
  -1.380767043e-01
  0.000000000e+00
  -1.380767043e-01
  0.000000000e+00
  6.961283057e-01 4.634015586e-01 4.619174460e-01
  -3.464573655e-01 3.005303670e-01 3.079298643e-01
  1.687779356e-02 -7.149269482e-01 6.946203620e-01
 Node:         36
  0.1257E+03  0.1153E+03  0.5196E+03 -0.1820E-03
  -3.64E-4
  -9.599E-17
  -3.64E-4
  -9.599E-17
   1.44E-16
  -3.64E-4
  -1.380767043e-01
  -1.380767043e-01
  -1.380767043e-01
  0.000000000e+00
  -1.380767043e-01
  0.000000000e+00
  -4.342229764e-01 6.151294118e-01 5.690242333e-01
  7.625135244e-01 2.562698341e-01 3.121193766e-01
  2.434839150e-02 -5.947402715e-01 5.394125189e-01
 Node:         37
  0.1132E+03  0.1210E+03  0.4959E+03 -0.1820E-03
  -3.64E-4
   2.4E-16
  -3.64E-4
  -1.44E-16
   3.12E-16
  -3.64E-4
  -1.380767043e-01
  -1.380767043e-01
  -1.380767043e-01
  0.000000000e+00
  -1.380767043e-01
  0.000000000e+00
  -4.456157366e-01 -6.760300151e-01 -2.910051383e-01
  6.350637004e-01 -1.906236903e-01 -5.000702866e-01
  3.440325792e-01 -4.935524384e-01 6.299793565e-01
 Node:         38
  0.1111E+03  0.1204E+03  0.5085E+03 -0.1820E-03
  -3.64E-4
   1.68E-16
  -3.64E-4
  -4.799E-17
  -1.44E-16
  -3.64E-4
  -1.380767043e-01
  -1.380767043e-01
  -1.380767043e-01
  0.000000000e+00
  -1.380767043e-01
  0.000000000e+00
  1.933639517e-01 9.301888386e-01 -1.332842232e-01
  9.335858723e-01 -1.997542484e-01 -3.169734540e-02
  6.226105581e-02 1.259940674e-01 9.857686777e-01
 Node:         39
  0.1119E+03  0.1201E+03  0.5207E+03 -0.1820E-03
  -3.64E-4
  -1.68E-16
  -3.64E-4
  -1.44E-16
  -1.32E-16
  -3.64E-4
  -1.380767043e-01
  -1.380767043e-01
  -1.380767043e-01
  0.000000000e+00
  -1.380767043e-01
  0.000000000e+00
  8.902973353e-01 -6.336234992e-02 -3.481281046e-01
  3.446445953e-01 -2.174116139e-01 9.091239819e-01
  -1.308075968e-01 -9.307241830e-01 -1.725347411e-01
 Node:         40
  0.1191E+03  0.1220E+03  0.4937E+03 -0.1820E-03
  -3.64E-4
   1.44E-16
  -3.64E-4
   1.44E-16
  -2.4E-17
  -3.64E-4
  -1.380767043e-01
  -1.380767043e-01
  -1.380767043e-01
  0.000000000e+00
  -1.380767043e-01
  0.000000000e+00
  3.459048768e-01 4.081203620e-02 4.521377577e-02
  6.172632046e-03 2.302120664e-01 -2.635519859e-01
  -6.738526898e-02 2.881624937e-01 2.539922574e-01
 Node:         41
  0.1182E+03  0.1217E+03  0.5073E+03 -0.1820E-03
  -3.64E-4
  -4.799E-17
  -3.64E-4
   9.599E-17
   1.68E-16
  -3.64E-4
  -1.380767043e-01
  -1.380767043e-01
  -1.380767043e-01
  0.000000000e+00
  -1.380767043e-01
  0.000000000e+00
  -1.274285068e-01 -1.527672398e-01 -9.313097536e-01
  -6.658852187e-01 2.099096028e-01 8.398541981e-02
  1.958279035e-01 9.518697838e-01 -1.880426546e-01
 Node:         42
  0.1187E+03  0.1212E+03  0.5204E+03 -0.1820E-03
  -3.64E-4
  -9.599E-17
  -3.64E-4
   4.486E-36
   9.599E-17
  -3.64E-4
  -1.380767043e-01
  -1.380767043e-01
  -1.380767043e-01
  0.000000000e+00
  -1.380767043e-01
  0.000000000e+00
  -1.616647562e-02 5.100689794e-02 7.915251383e-01
  -6.835812971e-01 1.474602313e-01 -2.971164907e-02
  -1.496236300e-01 -9.364539467e-01 1.133174057e-01
 Node:         43
  0.1258E+03  0.1217E+03  0.4915E+03 -0.1820E-03
  -3.64E-4
   1.92E-16
  -3.64E-4
  -2.4E-17
   2.243E-36
  -3.64E-4
  -1.380767043e-01
  -1.380767043e-01
  -1.380767043e-01
  0.000000000e+00
  -1.380767043e-01
  0.000000000e+00
  8.920081951e-01 1.989838110e-01 -3.941987431e-02
  -3.555269482e-01 7.198988939e-01 -2.653003519e-02
  1.760864756e-02 -4.889448718e-02 9.920780292e-01
 Node:         44
  0.1259E+03  0.1220E+03  0.5059E+03 -0.1820E-03
  -3.64E-4
   2.4E-16
  -3.64E-4
   1.68E-16
   1.92E-16
  -3.64E-4
  -1.380767043e-01
  -1.380767043e-01
  -1.380767043e-01
  0.000000000e+00
  -1.380767043e-01
  0.000000000e+00
  -2.721037205e-01 -2.630783308e-01 -5.923097536e-01
  -5.890818502e-01 -4.993746606e-01 4.942339869e-01
  5.862696330e-01 -6.493311212e-01 3.595778783e-02
 Node:         45
  0.1261E+03  0.1221E+03  0.5198E+03 -0.1820E-03
  -3.64E-4
  -1.44E-16
  -3.64E-4
   4.799E-17
  -1.2E-17
  -3.64E-4
  -1.380767043e-01
  -1.380767043e-01
  -1.380767043e-01
  0.000000000e+00
  -1.380767043e-01
  0.000000000e+00
  7.170905480e-02 -2.826811966e-02 9.961149321e-01
  -9.465407240e-01 1.393607340e-01 7.286131222e-02
  -1.416464555e-01 -9.483362996e-01 -1.707907743e-02
 Node:         46
  0.1117E+03  0.1296E+03  0.4959E+03  0.0000E+00
  -2.467E-16
   4.797E-17
  -7.401E-16
   1.199E-17
  -4.497E-17
   0.0
  3.057000000e-18
  -2.423000000e-16
  -7.476000000e-16
  6.629532710e-16
  -3.289476667e-16
  3.125191690e-16
  3.676000000e-02 -5.800000000e-02 9.976000000e-01
  9.946000000e-01 9.864000000e-02 -3.092000000e-02
  -9.662000000e-02 9.934000000e-01 6.131000000e-02
 Node:         47
  0.1107E+03  0.1269E+03  0.5087E+03  0.0000E+00
  -7.401E-16
  -5.397E-17
   4.934E-16
  -4.797E-17
   6.896E-17
   0.0
  5.058000000e-16
  -7.273000000e-18
  -7.452000000e-16
  1.089215580e-15
  -8.222433333e-17
  5.134611487e-16
  -4.821000000e-02 9.891000000e-01 1.394000000e-01
  -5.424000000e-02 -1.420000000e-01 9.884000000e-01
  -9.974000000e-01 -4.009000000e-02 -6.049000000e-02
 Node:         48
  0.1125E+03  0.1242E+03  0.5208E+03  0.0000E+00
   4.934E-16
   5.997E-18
   4.934E-16
   0.0
  -2.998E-18
   4.934E-16
  5.001000000e-16
  4.934000000e-16
  4.867000000e-16
  1.160474041e-17
  4.934000000e-16
  5.470527092e-18
  -6.325000000e-01 -7.071000000e-01 3.162000000e-01
  4.472000000e-01 -2.276000000e-15 8.944000000e-01
  6.325000000e-01 -7.071000000e-01 -3.162000000e-01
 Node:         49
  0.1186E+03  0.1311E+03  0.4938E+03  0.0000E+00
  -7.401E-16
  -3.598E-17
   0.0
  -7.196E-17
  -1.049E-17
  -2.467E-16
  1.947000000e-18
  -2.366000000e-16
  -7.523000000e-16
  6.677348644e-16
  -3.289843333e-16
  3.147732338e-16
  4.561000000e-02 -9.985000000e-01 2.894000000e-02
  -1.430000000e-01 2.215000000e-02 9.895000000e-01
  -9.887000000e-01 -4.926000000e-02 -1.418000000e-01
 Node:         50
  0.1180E+03  0.1298E+03  0.5075E+03  0.0000E+00
   0.0
  -2.249E-17
   1.48E-15
  -7.196E-17
   2.155E-17
   9.869E-16
  1.482000000e-15
  9.910000000e-16
  -5.513000000e-18
  1.312785985e-15
  8.224956667e-16
  6.188532481e-16
  1.739000000e-02 -9.988000000e-01 -4.603000000e-02
  -7.128000000e-02 -4.716000000e-02 9.963000000e-01
  9.973000000e-01 1.405000000e-02 7.201000000e-02
 Node:         51
  0.1192E+03  0.1275E+03  0.5206E+03  0.0000E+00
   0.0
  -5.997E-18
  -2.467E-16
   0.0
   2.549E-17
   4.934E-16
  4.943000000e-16
  1.449000000e-19
  -2.477000000e-16
  6.542860068e-16
  8.224830000e-17
  3.084333815e-16
  -4.170000000e-04 3.438000000e-02 9.994000000e-01
  9.997000000e-01 -2.416000000e-02 1.248000000e-03
  2.418000000e-02 9.991000000e-01 -3.436000000e-02
 Node:         52
  0.1262E+03  0.1305E+03  0.4920E+03  0.0000E+00
   4.934E-16
  -2.399E-17
   4.934E-16
   2.249E-18
   8.48E-18
   0.0
  5.175000000e-16
  4.696000000e-16
  -1.600000000e-19
  4.954496661e-16
  3.289800000e-16
  2.335572124e-16
  -7.061000000e-01 7.080000000e-01 8.534000000e-03
  7.081000000e-01 7.060000000e-01 1.614000000e-02
  -5.403000000e-03 -1.744000000e-02 9.998000000e-01
 Node:         53
  0.1258E+03  0.1304E+03  0.5063E+03  0.0000E+00
  -7.401E-16
  -2.998E-18
  -4.934E-16
   4.797E-17
   5.847E-17
  -9.869E-16
  -4.866000000e-16
  -7.314000000e-16
  -1.002000000e-15
  4.465358664e-16
  -7.400000000e-16
  2.104990261e-16
  1.040000000e-02 9.931000000e-01 1.171000000e-01
  -9.836000000e-01 3.123000000e-02 -1.776000000e-01
  -1.800000000e-01 -1.133000000e-01 9.771000000e-01
 Node:         54
  0.1265E+03  0.1288E+03  0.5200E+03  0.0000E+00
  -9.869E-16
   3.598E-17
   4.934E-16
   0.0
  -7.496E-18
   4.934E-16
  5.014000000e-16
  4.864000000e-16
  -9.877000000e-16
  1.481656947e-15
  3.333333333e-20
  6.984597833e-16
  1.758000000e-02 7.272000000e-01 -6.862000000e-01
  1.675000000e-02 6.860000000e-01 7.274000000e-01
  -9.997000000e-01 2.428000000e-02 1.229000000e-04
 Node:         55
  0.1382E+03  0.1168E+03  0.4534E+03  0.5590E-02
   0.05184
  -0.02576
   0.02239
   3.589E-4
   0.04367
   0.01379
  8.500853193e-02
  4.196097084e-02
  -3.190832780e-02
  1.032151773e-01
  3.168705832e-02
  4.865610119e-02
  -4.199266466e-01 5.524100553e-01 3.928747612e-01
  6.798993967e-01 2.003904123e-01 3.832696833e-01
  -1.400039216e-01 -4.584723982e-01 4.922134741e-01
 Node:         56
  0.1314E+03  0.1156E+03  0.4688E+03  0.5590E-02
   0.05232
  -0.006734
   0.01704
   0.01652
   0.008649
   0.01001
  7.263981649e-02
  1.745631875e-02
  -1.000048748e-02
  7.343577150e-02
  2.669854925e-02
  3.461795467e-02
  -8.678633484e-01 1.567265832e-01 -1.654077476e-01
  1.236109754e-01 2.358300654e-02 4.327617245e-01
  -2.566395173e-02 1.619175415e-01 9.759357466e-02
 Node:         57
  0.1285E+03  0.1140E+03  0.4823E+03  0.5590E-02
   0.06022
   0.006404
   0.01126
   0.005756
  -0.003819
   0.01079
  7.053359477e-02
  1.387808673e-02
  -6.864856712e-06
  6.487515800e-02
  2.813493888e-02
  3.058244277e-02
  -9.573613876e-01 -2.485508798e-02 -3.217703791e-02
  5.722061900e-02 -4.366267974e-01 6.464059829e-01
  -1.297570488e-01 4.303598793e-01 6.576106616e-01
 Node:         58
  0.1483E+03  0.1178E+03  0.4534E+03  0.5590E-02
   0.05087
  -0.05821
   0.03254
  -0.009391
   0.03283
   0.006155
  1.318144444e-01
  1.077338140e-02
  -3.186145983e-02
  1.471547620e-01
  3.690878867e-02
  6.936942007e-02
  -6.825325289e-01 6.771931624e-01 2.741611362e-01
  5.351638512e-01 2.662861740e-01 6.782292609e-01
  -4.336565108e-01 -6.744553042e-01 5.860470588e-01
 Node:         59
  0.1419E+03  0.1167E+03  0.4694E+03  0.5590E-02
   0.05396
  -0.05466
   0.02592
  -0.006838
   0.02505
   0.007578
  1.219040070e-01
  6.903326043e-03
  -2.926701810e-02
  1.373516591e-01
  3.318010499e-02
  6.474819301e-02
  -7.461445953e-01 6.019405229e-01 1.817669361e-01
  2.056654098e-01 1.750043238e-01 2.092964806e-01
  -2.468243841e-01 -3.883727702e-01 1.623402715e-01
 Node:         60
  0.1375E+03  0.1150E+03  0.4832E+03  0.5590E-02
   0.06146
  -0.01241
   0.01352
  -4.572E-4
   0.003435
   0.01089
  7.604853193e-02
  9.563605732e-03
  2.140812971e-03
  7.055596473e-02
  2.925098354e-02
  3.326040074e-02
  -9.157137255e-01 2.522436702e-01 6.449814982e-02
  2.176073404e-01 5.822003519e-01 3.377170236e-01
  -5.521608849e-02 -2.270514872e-01 7.692828054e-01
 Node:         61
  0.1554E+03  0.1222E+03  0.4530E+03  0.5590E-02
   0.05941
  -0.05287
   0.02098
  -0.03205
   0.03783
  -0.003793
  1.707011513e-01
  -9.280510709e-03
  -4.693993176e-02
  2.018049000e-01
  3.816023629e-02
  9.513174218e-02
  -7.316021116e-01 5.754896430e-01 2.100714027e-01
  5.880478180e-01 4.072450478e-01 4.324560583e-01
  -4.071283560e-02 -1.152749623e-01 4.246920965e-01
 Node:         62
  0.1492E+03  0.1204E+03  0.4697E+03  0.5590E-02
   0.06665
  -0.09869
   0.02361
  -0.02872
   0.03486
   0.001481
  2.095516088e-01
  -9.598620764e-03
  -6.577056913e-02
  2.520394536e-01
  4.472747298e-02
  1.188125378e-01
  -7.705741076e-01 5.804271493e-01 2.478017094e-01
  7.571820010e-02 -1.638734641e-01 4.342069884e-01
  2.961715938e-01 3.550446958e-01 8.120552288e-02
 Node:         63
  0.1436E+03  0.1181E+03  0.4838E+03  0.5590E-02
   0.06499
  -0.0313
   0.0152
  -0.004127
   0.007271
   0.009974
  9.599026144e-02
  6.803780995e-03
  -6.329844495e-03
  9.659981999e-02
  3.215473265e-02
  4.553759185e-02
  -8.649697838e-01 4.204389140e-01 1.170371765e-01
  1.713385621e-01 2.164082479e-01 9.337285068e-02
  -1.200788587e-01 -8.311106083e-02 2.589575666e-01
 Node:         64
  0.1413E+03  0.1253E+03  0.4523E+03  0.5590E-02
   0.05154
   0.00441
   0.02459
  -0.01967
   0.01523
   0.007262
  6.961054801e-02
  3.373655354e-02
  -1.562798195e-02
  7.538524308e-02
  2.923970654e-02
  3.553694439e-02
  -2.095852187e-01 2.849924485e-01 9.145368376e-02
  5.876350478e-02 5.167230618e-01 4.621892710e-01
  1.874734037e-01 1.921256913e-02 1.962043328e-01
 Node:         65
  0.1341E+03  0.1229E+03  0.4683E+03  0.5590E-02
   0.05643
  -0.01584
   0.02174
  -0.01115
   0.008037
   0.008556
  7.548449221e-02
  1.735869256e-02
  -4.320639316e-03
  7.199047485e-02
  2.950751515e-02
  3.393663530e-02
  -8.793399698e-01 2.759897687e-01 1.729525641e-01
  1.909651523e-01 3.454000000e-01 4.361994047e-01
  2.044354349e-01 2.198231775e-01 1.920911513e-01
 Node:         66
  0.1299E+03  0.1214E+03  0.4825E+03  0.5590E-02
   0.06246
  -0.006742
   0.01304
   7.114E-4
  -4.09E-4
   0.01084
  7.205438562e-02
  1.100419633e-02
  5.715238562e-03
  6.392324244e-02
  2.959127350e-02
  3.013370547e-02
  -9.542072901e-01 1.809485651e-01 2.810720463e-02
  7.412574158e-02 3.544764555e-01 6.653846154e-02
  -1.201327572e-02 1.506398693e-01 6.894944897e-01
 Node:         67
  0.1500E+03  0.1245E+03  0.4525E+03  0.5590E-02
   0.05239
  -0.03551
   0.02325
  -0.01756
   0.01218
   0.006608
  9.275682755e-02
  8.138226747e-04
  -3.803690297e-03
  9.437560548e-02
  2.992231998e-02
  4.448908708e-02
  -7.703352438e-01 5.731620915e-01 2.552106838e-01
  1.032651181e-01 1.065292358e-01 5.501724485e-02
  -3.027654600e-01 -6.340035696e-01 5.161096430e-01
 Node:         68
  0.1433E+03  0.1224E+03  0.4689E+03  0.5590E-02
   0.05962
  -0.07146
   0.02319
  -0.02623
   0.01973
   0.008415
  1.472848592e-01
  -7.464390649e-04
  -3.710633886e-02
  1.692041083e-01
  3.647736043e-02
  7.976358158e-02
  -7.752716440e-01 5.768155857e-01 2.477083962e-01
  1.866647152e-01 -1.432236993e-01 9.390484666e-01
  5.916902464e-01 7.686976873e-01 -1.853348416e-03
 Node:         69
  0.1380E+03  0.1205E+03  0.4831E+03  0.5590E-02
   0.06378
  -0.02219
   0.01421
  -0.006783
   0.006652
   0.01109
  8.382967069e-02
  8.566041931e-03
  5.743864153e-04
  7.957779278e-02
  3.099003301e-02
  3.751333127e-02
  -8.996901961e-01 3.561528406e-01 1.511544897e-01
  2.067028004e-01 3.349941378e-01 7.398037707e-01
  -1.023101056e-01 -5.472632479e-01 4.860048316e-01
 Node:         70
  0.1556E+03  0.1243E+03  0.4528E+03  0.5590E-02
   0.05514
  -0.04463
   0.01309
  -0.047
   0.03227
   0.0117
  1.414909150e-01
  -1.523146672e-02
  -2.604304123e-02
  1.624229110e-01
  3.340546903e-02
  7.656689451e-02
  -7.351654098e-01 4.875463550e-01 4.590230266e-01
  6.148240322e-01 7.209907491e-01 1.652510809e-01
  1.159062192e-01 -4.658188487e-01 6.074944193e-01
 Node:         71
  0.1494E+03  0.1223E+03  0.4695E+03  0.5590E-02
   0.06505
  -0.09072
   0.01872
  -0.07432
   0.04798
   0.01158
  2.322992861e-01
  -2.925790579e-02
  -6.088772298e-02
  2.789801387e-01
  4.738455244e-02
  1.315124986e-01
  -7.469379588e-01 5.096727501e-01 4.237237305e-01
  -3.872180090e-02 -4.030494067e-01 3.810168426e-01
  3.193130216e-01 1.727034691e-01 3.480315636e-01
 Node:         72
  0.1435E+03  0.1199E+03  0.4837E+03  0.5590E-02
   0.06578
  -0.03192
   0.01383
  -0.01868
   0.01233
   0.01165
  1.007310282e-01
  4.468432328e-03
  -6.868206637e-03
  1.024659385e-01
  3.277708462e-02
  4.830290665e-02
  -8.599735546e-01 4.021110608e-01 2.697963298e-01
  1.726489693e-01 3.301959276e-02 6.921919055e-01
  -6.168526898e-02 -5.406821518e-01 4.443590246e-01
 Node:         73
  0.1445E+03  0.1339E+03  0.4517E+03  0.0000E+00
   0.0581
  -0.01392
  -0.009929
   0.00217
  -0.003403
   0.007571
  7.749006234e-02
  9.803903620e-03
  -1.473950327e-02
  8.281021061e-02
  2.418482090e-02
  3.903710765e-02
  -9.194114630e-01 1.744256913e-01 -1.814829361e-02
  1.106379955e-01 1.354903419e-01 4.057507290e-01
  1.526512720e-01 5.805092509e-01 2.668239718e-01
 Node:         74
  0.1368E+03  0.1304E+03  0.4680E+03  0.0000E+00
   0.06638
  -0.001595
  -0.004368
   0.006058
  -0.006439
   0.00596
  9.198489140e-02
  1.047847413e-02
  -1.614759527e-02
  9.783363123e-02
  2.877192342e-02
  4.611921605e-02
  -9.423715435e-01 -3.021879336e-02 -1.328080141e-01
  -6.934529915e-03 2.212546305e-01 -3.139160382e-02
  -6.778414781e-02 8.762288084e-01 2.759783007e-01
 Node:         75
  0.1313E+03  0.1288E+03  0.4826E+03  0.0000E+00
   0.05674
  -6.687E-4
  -4.447E-4
  -0.002691
  -0.001625
   4.447E-4
  7.095410055e-02
  1.993840664e-03
  -4.185270789e-03
  7.232565048e-02
  2.292089014e-02
  3.409463861e-02
  -9.711181498e-01 -5.608738562e-02 1.049265812e-02
  -2.996128959e-02 -3.419671041e-01 6.938271493e-01
  -4.449979387e-02 8.295761187e-01 4.257783560e-01
 Node:         76
  0.1516E+03  0.1312E+03  0.4519E+03  0.0000E+00
   0.05767
  -0.02241
  -0.0129
  -0.007595
   0.02195
   0.01094
  8.521299045e-02
  2.138164651e-02
  -2.880645349e-02
  9.938081103e-02
  2.592939449e-02
  4.684856360e-02
  -8.996325792e-01 2.818877627e-01 2.649994972e-01
  3.137183937e-01 2.841623127e-01 7.685204625e-01
  -2.299602815e-02 -3.885945701e-01 2.632246958e-01
 Node:         77
  0.1446E+03  0.1283E+03  0.4685E+03  0.0000E+00
   0.07262
   0.009002
  -0.006011
  -6.319E-4
   0.01752
   0.005456
  1.000548617e-01
  1.650024037e-02
  -2.112544243e-02
  1.074717858e-01
  3.180988656e-02
  5.066268567e-02
  -9.574733534e-01 -1.274224284e-01 -2.620813876e-02
  3.223299246e-02 3.248871795e-01 5.636011061e-01
  -1.455974907e-01 2.611477124e-01 -7.723386124e-02
 Node:         78
  0.1384E+03  0.1261E+03  0.4829E+03  0.0000E+00
   0.05956
   0.008748
  -3.07E-4
  -0.001449
   5.24E-4
   2.963E-4
  7.620847863e-02
  2.947421518e-04
  -3.304718401e-03
  7.789631412e-02
  2.439950079e-02
  3.672067463e-02
  -9.637256410e-01 -1.724592489e-01 -1.091576521e-02
  -4.638917547e-02 1.282731473e-01 6.270890900e-01
  -1.632951383e-01 8.989576169e-01 1.075924032e-02
 Node:         79
  0.1558E+03  0.1264E+03  0.4526E+03  0.0000E+00
   0.05678
   0.04132
  -1.051E-4
  -3.254E-4
   0.002285
  -0.02867
  1.591317863e-01
  -2.249696330e-02
  -4.550085671e-02
  1.942902249e-01
  3.037798877e-02
  9.158929038e-02
  -7.083643037e-01 -3.878256712e-01 -1.830333836e-02
  5.994528406e-02 1.242402212e-01 5.769794369e-01
  -2.952314731e-01 5.974015083e-01 6.043755656e-02
 Node:         80
  0.1496E+03  0.1242E+03  0.4694E+03  0.0000E+00
   0.0758
   0.04356
  -0.001067
   0.0129
   5.416E-4
  -0.02285
  1.622795133e-01
  -1.742485219e-02
  -3.108725591e-02
  1.869680836e-01
  3.792246841e-02
  8.813759984e-02
  -9.152676722e-01 -3.456309703e-01 -1.365810246e-01
  8.683741579e-02 -4.116390548e-01 7.220567622e-01
  -2.035020312e-01 3.512180493e-01 3.454815686e-01
 Node:         81
  0.1433E+03  0.1217E+03  0.4836E+03  0.0000E+00
   0.0607
   0.01314
  -1.545E-4
   0.006886
   0.00162
  -0.002614
  8.267367169e-02
  -2.720941277e-03
  -6.453649573e-03
  8.737349289e-02
  2.449969361e-02
  4.118825955e-02
  -9.470907491e-01 -1.970476119e-01 -1.403627501e-01
  -6.191086862e-02 3.573836099e-01 1.540244696e-01
  -1.664098382e-01 1.358330518e-01 8.728889392e-01
 Node:         82
  0.1267E+03  0.1148E+03  0.4566E+03 -0.9377E-02
   0.02943
  -0.01916
  -0.01544
   0.002704
   0.02219
  -0.01871
  3.805560458e-02
  -8.370201106e-04
  -5.605698487e-02
  8.337183787e-02
  -6.279466801e-03
  3.930186128e-02
  -2.411645551e-01 2.615999879e-01 1.345301961e-01
  2.199180442e-01 2.190385520e-01 5.514586727e-01
  9.100050277e-06 -1.785179990e-01 3.394137758e-01
 Node:         83
  0.1234E+03  0.1129E+03  0.4722E+03 -0.9377E-02
   0.02659
  -0.005294
  -0.01757
   0.03161
   0.01007
  -0.02244
  5.361873555e-02
  -2.415373906e-02
  -5.792277355e-02
  9.916093811e-02
  -9.485925691e-03
  4.674491451e-02
  1.354449472e-04 1.750537908e-01 2.134533937e-01
  -5.914096028e-02 3.275514329e-01 2.475659628e-01
  8.864198089e-02 2.027231775e-01 2.332091503e-02
 Node:         84
  0.1187E+03  0.1123E+03  0.4849E+03 -0.9377E-02
   0.03157
   4.43E-4
  -0.01869
   0.01234
  -5.146E-4
  -0.02204
  3.741441579e-02
  -2.760277325e-02
  -3.442987833e-02
  6.871657710e-02
  -8.206078599e-03
  3.239330510e-02
  1.152121669e-02 3.006482152e-02 1.216198894e-01
  1.182508999e-02 5.711650075e-01 -7.771831071e-02
  -5.135993967e-02 9.469069884e-03 4.757512318e-01
 Node:         85
  0.1302E+03  0.1161E+03  0.4554E+03 -0.9377E-02
   0.02867
  -0.0188
  -0.01433
   0.005959
   0.03292
  -0.01786
  4.071541114e-02
  1.157270211e-02
  -6.665585018e-02
  9.839731485e-02
  -4.789245643e-03
  4.638493905e-02
  -2.569532428e-03 2.676761689e-01 1.956891654e-01
  -5.215404726e-04 4.251801408e-01 6.008251885e-01
  -3.508788336e-02 -2.242756662e-01 3.234348919e-01
 Node:         86
  0.1252E+03  0.1138E+03  0.4705E+03 -0.9377E-02
   0.02621
   0.01401
  -0.00648
   0.05814
   0.03585
  -0.02127
  1.166721634e-01
  -2.291550226e-02
  -8.546154188e-02
  1.803355663e-01
  2.765039752e-03
  8.501100123e-02
  8.740573152e-02 1.952203117e-01 2.738652589e-01
  -2.958159879e-02 2.414370538e-01 5.720193162e-03
  -6.507385621e-02 1.609259427e-02 3.418283057e-01
 Node:         87
  0.1217E+03  0.1126E+03  0.4834E+03 -0.9377E-02
   0.03091
   7.058E-5
  -0.01846
   0.01511
  -0.002493
  -0.02162
  3.881731171e-02
  -2.659679336e-02
  -3.716230618e-02
  7.134994213e-02
  -8.313929278e-03
  3.363468528e-02
  9.322423328e-03 1.903208798e-02 1.562506888e-01
  6.001109100e-02 6.580284062e-01 -1.991884625e-01
  -2.901489191e-02 8.137782303e-02 2.664928607e-01
 Node:         88
  0.1338E+03  0.1169E+03  0.4537E+03 -0.9377E-02
   0.02262
  -0.02642
  -0.01453
   0.004766
   0.04908
  -0.0125
  5.336821745e-02
  1.398078727e-02
  -8.035235495e-02
  1.205574944e-01
  -4.334450079e-03
  5.683134789e-02
  -3.790731272e-01 4.712532931e-01 3.396924082e-01
  3.880510206e-01 1.014184188e-01 3.946995877e-01
  -1.561744595e-02 -1.191944696e-01 1.675136802e-01
 Node:         89
  0.1270E+03  0.1150E+03  0.4688E+03 -0.9377E-02
   0.02194
  -0.001169
  -0.01645
   0.02399
   0.0129
  -0.0196
  4.474146556e-02
  -2.516903469e-02
  -5.386281679e-02
  8.820395956e-02
  -1.143012864e-02
  4.157974529e-02
  -1.252378079e-02 2.336725892e-01 2.446339718e-01
  -1.029645430e-01 4.538247863e-01 3.343339367e-01
  -4.497501257e-02 1.074215938e-01 3.025030669e-01
 Node:         90
  0.1248E+03  0.1132E+03  0.4822E+03 -0.9377E-02
   0.02994
   0.008065
  -0.01927
   0.007619
  -0.004202
  -0.01944
  3.466073831e-02
  -2.338135073e-02
  -3.713825440e-02
  6.610902282e-02
  -8.619622272e-03
  3.116409222e-02
  1.575274007e-02 1.243599915e-01 9.900356461e-02
  3.073101247e-02 1.720255405e-01 8.542483660e-03
  -1.139843338e-01 5.194860734e-01 6.486157868e-01
 Node:         91
  0.1260E+03  0.1263E+03  0.4548E+03 -0.9377E-02
   0.02176
   0.008456
  -0.005203
  -0.01196
   0.03607
  -0.01976
  5.170732780e-02
  6.135953142e-03
  -6.849177140e-02
  1.076989923e-01
  -3.549496819e-03
  5.076979183e-02
  -6.214836601e-01 1.214177979e-02 5.289532428e-02
  5.965952081e-01 -1.554927501e-01 -7.648401207e-02
  2.459340674e-01 -4.315660633e-01 6.445756662e-01
 Node:         92
  0.1209E+03  0.1234E+03  0.4726E+03 -0.9377E-02
   0.02556
  -0.007779
  -0.01313
  -0.003282
   0.02499
  -0.01636
  3.711633886e-02
  -1.562989040e-03
  -5.414966345e-02
  8.120972747e-02
  -6.198771208e-03
  3.828263266e-02
  2.081966315e-01 2.754989241e-01 2.502552690e-01
  6.524310709e-03 3.880126194e-01 6.534101056e-01
  1.008488386e-01 -3.111747109e-01 5.538182001e-01
 Node:         93
  0.1159E+03  0.1217E+03  0.4877E+03 -0.9377E-02
   0.03194
  -0.002319
  -0.01844
   0.001382
   0.004394
  -0.01876
  3.505454143e-02
  -2.116340593e-02
  -3.440970136e-02
  6.402854877e-02
  -6.839521954e-03
  3.018334735e-02
  -1.273371543e-01 -1.852279638e-02 1.584501860e-01
  2.513182504e-03 -3.215887381e-02 -4.907601810e-02
  -2.670542757e-02 9.863278029e-02 -3.229751634e-01
 Node:         94
  0.1314E+03  0.1264E+03  0.4538E+03 -0.9377E-02
   0.01939
   0.007601
  -0.003437
  -0.02399
   0.03164
  -0.01717
  4.683218150e-02
  1.398206159e-02
  -6.789307205e-02
  1.053012859e-01
  -2.359609653e-03
  4.963950221e-02
  -3.790045249e-03 2.486037607e-01 4.364361991e-02
  1.989001408e-01 2.373176471e-01 3.388343489e-01
  2.876459527e-01 -1.285313223e-01 4.301976370e-01
 Node:         95
  0.1250E+03  0.1235E+03  0.4706E+03 -0.9377E-02
   0.02371
  -0.009975
  -0.01096
  -0.009148
   0.0178
  -0.01507
  3.332044520e-02
  -7.091019809e-03
  -4.469401453e-02
  6.919117811e-02
