 Group name: gastroc_stress
 #Fields=  16
 1) coordinates, coordinate, rectangular cartesian, #Components=3
   x.  Value index= 1, #Derivatives=0
   y.  Value index= 2, #Derivatives=0
   z.  Value index= 3, #Derivatives=0
 2) Tensor_1, field, rectangular cartesian, #Components=1
   Tensor_1.  Value index= 4, #Derivatives=0
 3) Tensor_2, field, rectangular cartesian, #Components=1
   Tensor_2.  Value index= 5, #Derivatives=0
 4) Tensor_3, field, rectangular cartesian, #Components=1
   Tensor_3.  Value index= 6, #Derivatives=0
 5) Tensor_4, field, rectangular cartesian, #Components=1
   Tensor_4.  Value index= 7, #Derivatives=0
 6) Tensor_5, field, rectangular cartesian, #Components=1
   Tensor_5.  Value index= 8, #Derivatives=0
 7) Tensor_6, field, rectangular cartesian, #Components=1
   Tensor_6.  Value index= 9, #Derivatives=0
 8) Principal_1, field, rectangular cartesian, #Components=1
   Principal_1.  Value index= 10, #Derivatives=0
 9) Principal_2, field, rectangular cartesian, #Components=1
   Principal_2.  Value index= 11, #Derivatives=0
 10) Principal_3, field, rectangular cartesian, #Components=1
   Principal_3.  Value index= 12, #Derivatives=0
 11) VonMises, field, rectangular cartesian, #Components=1
   VonMises.  Value index= 13, #Derivatives=0
 12) Hydrostatic, field, rectangular cartesian, #Components=1
   VonMises.  Value index= 14, #Derivatives=0
 13) Octahedral, field, rectangular cartesian, #Components=1
   VonMises.  Value index= 15, #Derivatives=0
 14) PrincipalVector1, field, rectangular cartesian, #Components=3
   x.  Value index= 16, #Derivatives=0
   y.  Value index= 17, #Derivatives=0
   z.  Value index= 18, #Derivatives=0
 15) PrincipalVector2, field, rectangular cartesian, #Components=3
   x.  Value index= 19, #Derivatives=0
   y.  Value index= 20, #Derivatives=0
   z.  Value index= 21, #Derivatives=0
 16) PrincipalVector3, field, rectangular cartesian, #Components=3
   x.  Value index= 22, #Derivatives=0
   y.  Value index= 23, #Derivatives=0
   z.  Value index= 24, #Derivatives=0
 Node:          1
  0.1287E+03  0.1133E+03  0.4908E+03 -0.3432E-04
  -6.864E-5
  -1.439E-16
  -6.864E-5
  -4.798E-17
  -7.196E-17
  -6.864E-5
   -6.864E-5
   -6.864E-5
   -6.864E-5
   0.0
   -6.864E-5
   0.0
   0.966    -0.2571    -0.02713
   0.2489    0.9532    -0.1718
   0.07003    0.1592    0.9848
 Node:          2
  0.1292E+03  0.1137E+03  0.5052E+03 -0.3432E-04
  -6.864E-5
  -1.919E-16
  -6.864E-5
  -9.595E-17
   3.358E-16
  -6.864E-5
   -6.864E-5
   -6.864E-5
   -6.864E-5
   0.0
   -6.864E-5
   0.0
   0.895    -0.3984    -0.2008
   0.4461    0.7982    0.4048
   -9.597E-4    -0.4519    0.8921
 Node:          3
  0.1289E+03  0.1155E+03  0.5194E+03 -0.3432E-04
  -6.864E-5
   2.399E-16
  -6.864E-5
   1.919E-16
   9.595E-17
  -6.864E-5
   -6.864E-5
   -6.864E-5
   -6.864E-5
   0.0
   -6.864E-5
   0.0
   -0.4092    -0.8757    -0.2565
   0.496    -0.4494    0.743
   0.7659    -0.1767    -0.6182
 Node:          4
  0.1361E+03  0.1141E+03  0.4915E+03 -0.3432E-04
  -6.864E-5
  -4.798E-17
  -6.864E-5
  -4.798E-17
  -1.439E-16
  -6.864E-5
   -6.864E-5
   -6.864E-5
   -6.864E-5
   0.0
   -6.864E-5
   0.0
   -0.04307    -0.0943    0.9946
   -0.9939    0.1055    -0.03303
   -0.1018    -0.9899    -0.09826
 Node:          5
  0.1341E+03  0.1144E+03  0.5054E+03 -0.3432E-04
  -6.864E-5
   2.399E-16
  -6.864E-5
   9.595E-17
  -1.199E-16
  -6.864E-5
   -6.864E-5
   -6.864E-5
   -6.864E-5
   0.0
   -6.864E-5
   0.0
   0.097    -0.1794    0.979
   0.7185    0.6933    0.05583
   -0.6888    0.698    0.1961
 Node:          6
  0.1323E+03  0.1162E+03  0.5191E+03 -0.3432E-04
  -6.864E-5
   9.595E-17
  -6.864E-5
  -9.595E-17
  -4.798E-17
  -6.864E-5
   -6.864E-5
   -6.864E-5
   -6.864E-5
   0.0
   -6.864E-5
   0.0
   -0.715    -0.6929    0.09322
   0.6931    -0.72    -0.0358
   0.09192    0.03902    0.995
 Node:          7
  0.1408E+03  0.1171E+03  0.4920E+03 -0.3432E-04
  -6.864E-5
   3.838E-16
  -6.864E-5
  -1.439E-16
  -1.919E-16
  -6.864E-5
   -6.864E-5
   -6.864E-5
   -6.864E-5
   0.0
   -6.864E-5
   0.0
   0.8641    0.487    -0.1268
   -0.5006    0.8577    -0.1173
   0.05166    0.1648    0.985
 Node:          8
  0.1367E+03  0.1169E+03  0.5055E+03 -0.3432E-04
  -6.864E-5
   3.358E-16
  -6.864E-5
  -6.957E-16
  -4.078E-16
  -6.864E-5
   -6.864E-5
   -6.864E-5
   -6.864E-5
   0.0
   -6.864E-5
   0.0
   -0.7206    -0.6268    0.2964
   0.6357    -0.7679    -0.07816
   0.2766    0.1321    0.9518
 Node:          9
  0.1339E+03  0.1180E+03  0.5191E+03 -0.3432E-04
  -6.864E-5
   2.879E-16
  -6.864E-5
  -6.837E-16
  -4.798E-16
  -6.864E-5
   -6.864E-5
   -6.864E-5
   -6.864E-5
   0.0
   -6.864E-5
   0.0
   0.3024    0.1643    -0.9389
   0.9345    0.1428    0.326
   -0.1876    0.976    0.1104
 Node:         10
  0.1294E+03  0.1212E+03  0.4911E+03 -0.3432E-04
  -6.864E-5
   4.798E-17
  -6.864E-5
  -2.399E-17
   2.159E-16
  -6.864E-5
   -6.864E-5
   -6.864E-5
   -6.864E-5
   0.0
   -6.864E-5
   0.0
   0.02408    0.7089    0.7048
   0.1744    0.6913    -0.7012
   -0.9844    0.1398    -0.107
 Node:         11
  0.1295E+03  0.1214E+03  0.5055E+03 -0.3432E-04
  -6.864E-5
  -4.798E-17
  -6.864E-5
  -7.196E-17
   2.399E-17
  -6.864E-5
   -6.864E-5
   -6.864E-5
   -6.864E-5
   0.0
   -6.864E-5
   0.0
   -0.2763    0.1331    0.9518
   -0.5866    0.7611    -0.2767
   0.7612    0.6348    0.1322
 Node:         12
  0.1295E+03  0.1217E+03  0.5196E+03 -0.3432E-04
  -6.864E-5
  -5.817E-37
  -6.864E-5
   1.319E-16
   4.798E-17
  -6.864E-5
   -6.864E-5
   -6.864E-5
   -6.864E-5
   0.0
   -6.864E-5
   0.0
   -0.2404    -0.0874    -0.9667
   -0.3416    0.9399    -2.761E-5
   -0.9086    -0.3302    0.2558
 Node:         13
  0.1361E+03  0.1199E+03  0.4914E+03 -0.3432E-04
  -6.864E-5
  -2.399E-16
  -6.864E-5
  -1.679E-16
   4.798E-17
  -6.864E-5
   -6.864E-5
   -6.864E-5
   -6.864E-5
   0.0
   -6.864E-5
   0.0
   0.9203    -0.37    -0.1273
   0.3697    0.9288    -0.02722
   0.1283    -0.02201    0.9915
 Node:         14
  0.1342E+03  0.1198E+03  0.5054E+03 -0.3432E-04
  -6.864E-5
   4.798E-17
  -6.864E-5
   9.595E-17
  -1.559E-16
  -6.864E-5
   -6.864E-5
   -6.864E-5
   -6.864E-5
   0.0
   -6.864E-5
   0.0
   0.09997    -0.2648    0.9591
   -0.2953    -0.9284    -0.2256
   -0.9502    0.2606    0.171
 Node:         15
  0.1330E+03  0.1205E+03  0.5193E+03 -0.3432E-04
  -6.864E-5
  -1.439E-16
  -6.864E-5
   2.399E-17
   8.396E-17
  -6.864E-5
   -6.864E-5
   -6.864E-5
   -6.864E-5
   0.0
   -6.864E-5
   0.0
   0.9934    -0.1134    0.01425
   -0.01885    -0.2856    -0.9582
   0.1127    0.9516    -0.2858
 Node:         16
  0.1404E+03  0.1188E+03  0.4918E+03 -0.3432E-04
  -6.864E-5
   9.595E-17
  -6.864E-5
  -1.439E-16
  -2.519E-16
  -6.864E-5
   -6.864E-5
   -6.864E-5
   -6.864E-5
   0.0
   -6.864E-5
   0.0
   -0.1502    -0.2388    0.9594
   -0.794    -0.549    -0.261
   0.589    -0.801    -0.1072
 Node:         17
  0.1365E+03  0.1184E+03  0.5055E+03 -0.3432E-04
  -6.864E-5
   4.798E-17
  -6.864E-5
   1.679E-16
   2.939E-16
  -6.864E-5
   -6.864E-5
   -6.864E-5
   -6.864E-5
   0.0
   -6.864E-5
   0.0
   0.2481    0.4018    0.8815
   0.9357    -0.3352    -0.1106
   -0.251    -0.8522    0.4591
 Node:         18
  0.1341E+03  0.1191E+03  0.5192E+03 -0.3432E-04
  -6.864E-5
  -7.733E-37
  -6.864E-5
   4.573E-17
   1.84E-16
  -6.864E-5
   -6.864E-5
   -6.864E-5
   -6.864E-5
   0.0
   -6.864E-5
   0.0
   0.02288    0.09201    0.9955
   0.9712    -0.2381    -3.097E-4
   -0.237    -0.9669    0.09481
 Node:         19
  0.1301E+03  0.1291E+03  0.4914E+03  0.0000E+00
   4.934E-16
   0.0
   4.934E-16
   3.631E-19
   1.731E-17
  -9.869E-16
   4.936E-16
   4.934E-16
   -9.871E-16
   1.4806000101310279E-15
   -3.3333333333314155E-20
   6.979615382590138E-16
   -0.02097    -0.9997    -0.01169
   -0.9998    0.02097    -8.123E-17
   2.452E-4    0.01169    -0.9999
 Node:         20
  0.1299E+03  0.1291E+03  0.5058E+03  0.0000E+00
   9.869E-16
   0.0
   0.0
   1.799E-17
   3.326E-17
  -2.467E-16
   9.871E-16
   4.4E-18
   -2.514E-16
   1.1324785163525177E-15
   2.467E-16
   5.338554923072971E-16
   -0.9999    -4.917E-4    -0.01459
   0.002401    -0.9914    -0.1311
   -0.0144    -0.1312    0.9913
 Node:         21
  0.1301E+03  0.1280E+03  0.5197E+03  0.0000E+00
   4.934E-16
   0.0
   0.0
   7.196E-17
   2.549E-17
   4.934E-16
   5.66E-16
   4.222E-16
   -1.341E-18
   5.108528305500519E-16
   3.28953E-16
   2.408183337801893E-16
   -0.7039    -0.03195    -0.7096
   -0.7102    0.04241    0.7027
   -0.007642    -0.9986    0.05255
 Node:         22
  0.1360E+03  0.1256E+03  0.4913E+03  0.0000E+00
  -9.869E-16
   2.399E-17
  -4.934E-16
  -2.399E-17
   1.739E-16
   4.934E-16
   5.234E-16
   -5.215E-16
   -9.888E-16
   1.3410693755358072E-15
   -3.2896666666666662E-16
   6.321861663219854E-16
   -0.01298    0.1683    0.9857
   0.05935    0.9841    -0.1672
   -0.9982    0.05633    -0.02276
 Node:         23
  0.1343E+03  0.1253E+03  0.5054E+03  0.0000E+00
   0.0
   3.598E-17
  -1.974E-15
   0.0
   2.271E-16
  -7.401E-16
   6.796E-19
   -6.997E-16
   -2.015E-15
   1.7724996366646057E-15
   -9.046734666666666E-16
   8.355643418241562E-16
   0.9998    0.01889    0.00579
   -0.009011    0.1753    0.9845
   0.01758    -0.9843    0.1754
 Node:         24
  0.1336E+03  0.1248E+03  0.5194E+03  0.0000E+00
  -9.869E-16
   2.099E-17
   0.0
   2.399E-17
   1.499E-18
  -7.401E-16
   4.516E-19
   -7.379E-16
   -9.896E-16
   8.912682384908372E-16
   -5.756827999999999E-16
   4.2014787686204007E-16
   -0.02132    -0.9998    -0.002714
   0.09549    -0.004739    0.9954
   -0.9952    0.02096    0.09557
 Node:         25
  0.1400E+03  0.1206E+03  0.4917E+03  0.0000E+00
   0.0
   4.617E-16
  -4.934E-16
  -1.439E-16
  -2.249E-16
   9.869E-16
   1.067E-15
   2.05E-16
   -7.785E-16
   1.5994040296310373E-15
   1.6449999999999999E-16
   7.539662901394642E-16
   -0.2161    -0.2016    0.9553
   0.839    0.4621    0.2874
   -0.4994    0.8636    0.06929
 Node:         26
  0.1363E+03  0.1200E+03  0.5055E+03  0.0000E+00
   9.869E-16
   1.859E-16
  -2.714E-15
   4.797E-17
  -1.943E-15
  -2.467E-16
   1.006E-15
   8.09E-16
   -3.789E-15
   4.699597748744035E-15
   -6.579999999999999E-16
   2.215411624657293E-15
   0.968    0.1526    -0.1995
   0.2481    -0.4578    0.8538
   -0.03892    0.8759    0.4809
 Node:         27
  0.1343E+03  0.1203E+03  0.5192E+03  0.0000E+00
   9.869E-16
  -3.358E-16
   9.869E-16
  -1.799E-16
   2.27E-15
   0.0
   2.89E-15
   9.15E-16
   -1.831E-15
   4.1066398673367985E-15
   6.58E-16
   1.9358885987232494E-15
   -0.1931    0.7658    0.6135
   0.9808    0.1345    0.1409
   0.02534    0.6289    -0.7771
 Node:         28
  0.1155E+03  0.1124E+03  0.4931E+03 -0.2028E-03
  -4.056E-4
   6.599E-17
  -4.056E-4
  -9.599E-17
   9.599E-17
  -4.056E-4
   -4.056E-4
   -4.056E-4
   -4.056E-4
   0.0
   -4.0560000000000005E-4
   0.0
   0.02395    0.9834    0.1798
   0.07205    0.1776    -0.9815
   -0.9971    0.03646    -0.0666
 Node:         29
  0.1119E+03  0.1139E+03  0.5068E+03 -0.2028E-03
  -4.056E-4
  -3.6E-17
  -4.056E-4
   9.599E-17
   1.2E-17
  -4.056E-4
   -4.056E-4
   -4.056E-4
   -4.056E-4
   0.0
   -4.0560000000000005E-4
   0.0
   -0.03581    0.9993    0.005769
   -0.9821    -0.03412    -0.1855
   -0.1852    -0.01231    0.9826
 Node:         30
  0.1113E+03  0.1159E+03  0.5206E+03 -0.2028E-03
  -4.056E-4
   2.16E-16
  -4.056E-4
   5.625E-36
  -4.8E-17
  -4.056E-4
   -4.056E-4
   -4.056E-4
   -4.056E-4
   0.0
   -4.0560000000000005E-4
   0.0
   0.7039    0.7087    -0.04777
   -0.7085    0.6957    -0.1188
   -0.05097    0.1175    0.9918
 Node:         31
  0.1203E+03  0.1126E+03  0.4920E+03 -0.2028E-03
  -4.056E-4
   1.68E-16
  -4.056E-4
   4.8E-17
   7.199E-17
  -4.056E-4
   -4.056E-4
   -4.056E-4
   -4.056E-4
   0.0
   -4.0560000000000005E-4
   0.0
   -0.7436    -0.4295    -0.5124
   0.5144    0.122    -0.8488
   0.4271    -0.8948    0.1302
 Node:         32
  0.1188E+03  0.1134E+03  0.5062E+03 -0.2028E-03
  -4.056E-4
  -2.4E-17
  -4.056E-4
  -4.8E-17
   1.68E-16
  -4.056E-4
   -4.056E-4
   -4.056E-4
   -4.056E-4
   0.0
   -4.0560000000000005E-4
   0.0
   0.9989    -0.02092    -0.04167
   0.04662    0.4511    0.8912
   1.558E-4    -0.8922    0.4516
 Node:         33
  0.1183E+03  0.1150E+03  0.5201E+03 -0.2028E-03
  -4.056E-4
   9.599E-17
  -4.056E-4
   1.44E-16
  -7.5E-36
  -4.056E-4
   -4.056E-4
   -4.056E-4
   -4.056E-4
   0.0
   -4.0560000000000005E-4
   0.0
   -0.9536    -0.1669    -0.2505
   0.0    -0.8322    0.5546
   0.3011    -0.5288    -0.7935
 Node:         34
  0.1255E+03  0.1129E+03  0.4909E+03 -0.2028E-03
  -4.056E-4
  -8.75E-36
  -4.056E-4
   9.599E-17
   1.68E-16
  -4.056E-4
   -4.056E-4
   -4.056E-4
   -4.056E-4
   0.0
   -4.0560000000000005E-4
   0.0
   0.3511    0.6139    0.707
   0.8681    -0.4964    -1.594E-4
   -0.3509    -0.6138    0.7072
 Node:         35
  0.1260E+03  0.1135E+03  0.5054E+03 -0.2028E-03
  -4.056E-4
   1.92E-16
  -4.056E-4
   1.92E-16
   4.32E-16
  -4.056E-4
   -4.056E-4
   -4.056E-4
   -4.056E-4
   0.0
   -4.0560000000000005E-4
   0.0
   0.7458    0.471    0.471
   -0.6661    0.5273    0.5274
   6.588E-5    -0.7071    0.7071
 Node:         36
  0.1257E+03  0.1153E+03  0.5196E+03 -0.2028E-03
  -4.056E-4
  -9.599E-17
  -4.056E-4
  -9.599E-17
   1.44E-16
  -4.056E-4
   -4.056E-4
   -4.056E-4
   -4.056E-4
   0.0
   -4.0560000000000005E-4
   0.0
   -0.5156    0.6059    0.6059
   0.8568    0.3639    0.3653
   -8.798E-4    -0.7075    0.7067
 Node:         37
  0.1132E+03  0.1210E+03  0.4959E+03 -0.2028E-03
  -4.056E-4
   2.4E-16
  -4.056E-4
  -1.44E-16
   3.12E-16
  -4.056E-4
   -4.056E-4
   -4.056E-4
   -4.056E-4
   0.0
   -4.0560000000000005E-4
   0.0
   -0.5076    -0.7957    -0.3304
   0.7555    -0.2267    -0.6147
   0.4142    -0.5616    0.7163
 Node:         38
  0.1111E+03  0.1204E+03  0.5085E+03 -0.2028E-03
  -4.056E-4
   1.68E-16
  -4.056E-4
  -4.8E-17
  -1.44E-16
  -4.056E-4
   -4.056E-4
   -4.056E-4
   -4.056E-4
   0.0
   -4.0560000000000005E-4
   0.0
   0.2119    0.9668    -0.1429
   0.9724    -0.2233    -0.06837
   0.09801    0.1245    0.9874
 Node:         39
  0.1119E+03  0.1201E+03  0.5207E+03 -0.2028E-03
  -4.056E-4
  -1.68E-16
  -4.056E-4
  -1.44E-16
  -1.32E-16
  -4.056E-4
   -4.056E-4
   -4.056E-4
   -4.056E-4
   0.0
   -4.0560000000000005E-4
   0.0
   0.9214    -0.07988    -0.3804
   0.3607    -0.1892    0.9133
   -0.1449    -0.9787    -0.1455
 Node:         40
  0.1191E+03  0.1220E+03  0.4937E+03 -0.2028E-03
  -4.056E-4
   1.44E-16
  -4.056E-4
   1.44E-16
  -2.4E-17
  -4.056E-4
   -4.056E-4
   -4.056E-4
   -4.056E-4
   0.0
   -4.0560000000000005E-4
   0.0
   0.9817    0.1345    0.1345
   -1.138E-4    0.7075    -0.7067
   -0.1902    0.6938    0.6946
 Node:         41
  0.1182E+03  0.1217E+03  0.5073E+03 -0.2028E-03
  -4.056E-4
  -4.8E-17
  -4.056E-4
   9.599E-17
   1.68E-16
  -4.056E-4
   -4.056E-4
   -4.056E-4
   -4.056E-4
   0.0
   -4.0560000000000005E-4
   0.0
   -0.1537    -0.1966    -0.9684
   -0.9621    0.2533    0.1013
   0.2253    0.9472    -0.2281
 Node:         42
  0.1187E+03  0.1212E+03  0.5204E+03 -0.2028E-03
  -4.056E-4
  -9.599E-17
  -4.056E-4
   5.0E-36
   9.599E-17
  -4.056E-4
   -4.056E-4
   -4.056E-4
   -4.056E-4
   0.0
   -4.0560000000000005E-4
   0.0
   -0.01859    0.09772    0.995
   -0.9834    0.1779    -0.03585
   -0.1806    -0.9792    0.09279
 Node:         43
  0.1258E+03  0.1217E+03  0.4915E+03 -0.2028E-03
  -4.056E-4
   1.92E-16
  -4.056E-4
  -2.4E-17
   2.5E-36
  -4.056E-4
   -4.056E-4
   -4.056E-4
   -4.056E-4
   0.0
   -4.0560000000000005E-4
   0.0
   0.9458    0.3242    -0.01746
   -0.324    0.946    0.01163
   0.02029    -0.005343    0.9998
 Node:         44
  0.1259E+03  0.1220E+03  0.5059E+03 -0.2028E-03
  -4.056E-4
   2.4E-16
  -4.056E-4
   1.68E-16
   1.92E-16
  -4.056E-4
   -4.056E-4
   -4.056E-4
   -4.056E-4
   0.0
   -4.0560000000000005E-4
   0.0
   -0.3604    -0.3833    -0.8504
   -0.6211    -0.5816    0.5254
   0.696    -0.7175    0.0285
 Node:         45
  0.1261E+03  0.1221E+03  0.5198E+03 -0.2028E-03
  -4.056E-4
  -1.44E-16
  -4.056E-4
   4.8E-17
  -1.2E-17
  -4.056E-4
   -4.056E-4
   -4.056E-4
   -4.056E-4
   0.0
   -4.0560000000000005E-4
   0.0
   0.06681    -0.01251    0.9977
   -0.9877    0.1408    0.06791
   -0.1413    -0.99    -0.002949
 Node:         46
  0.1117E+03  0.1296E+03  0.4959E+03  0.0000E+00
  -2.467E-16
   4.797E-17
  -7.401E-16
   1.199E-17
  -4.497E-17
   0.0
   3.057E-18
   -2.423E-16
   -7.476E-16
   6.629532710146319E-16
   -3.2894766666666664E-16
   3.125191690294995E-16
   0.03676    -0.058    0.9976
   0.9946    0.09864    -0.03092
   -0.09662    0.9934    0.06131
 Node:         47
  0.1107E+03  0.1269E+03  0.5087E+03  0.0000E+00
  -7.401E-16
  -5.397E-17
   4.934E-16
  -4.797E-17
   6.896E-17
   0.0
   5.058E-16
   -7.273E-18
   -7.452E-16
   1.0892155802819752E-15
   -8.222433333333333E-17
   5.1346114866095E-16
   -0.04821    0.9891    0.1394
   -0.05424    -0.142    0.9884
   -0.9974    -0.04009    -0.06049
 Node:         48
  0.1125E+03  0.1242E+03  0.5208E+03  0.0000E+00
   4.934E-16
   5.997E-18
   4.934E-16
   0.0
  -2.998E-18
   4.934E-16
   5.001E-16
   4.934E-16
   4.867E-16
   1.1604740410711462E-17
   4.934E-16
   5.470527092215756E-18
   -0.6325    -0.7071    0.3162
   0.4472    -2.276E-15    0.8944
   0.6325    -0.7071    -0.3162
 Node:         49
  0.1186E+03  0.1311E+03  0.4938E+03  0.0000E+00
  -7.401E-16
  -3.598E-17
   0.0
  -7.196E-17
  -1.049E-17
  -2.467E-16
   1.947E-18
   -2.366E-16
   -7.523E-16
   6.677348643803167E-16
   -3.2898433333333336E-16
   3.1477323375866775E-16
   0.04561    -0.9985    0.02894
   -0.143    0.02215    0.9895
   -0.9887    -0.04926    -0.1418
 Node:         50
  0.1180E+03  0.1298E+03  0.5075E+03  0.0000E+00
   0.0
  -2.249E-17
   1.48E-15
  -7.196E-17
   2.155E-17
   9.869E-16
   1.482E-15
   9.91E-16
   -5.513E-18
   1.3127859849072886E-15
   8.224956666666666E-16
   6.188532481164029E-16
   0.01739    -0.9988    -0.04603
   -0.07128    -0.04716    0.9963
   0.9973    0.01405    0.07201
 Node:         51
  0.1192E+03  0.1275E+03  0.5206E+03  0.0000E+00
   0.0
  -5.997E-18
  -2.467E-16
   0.0
   2.549E-17
   4.934E-16
   4.943E-16
   1.449E-19
   -2.477E-16
   6.54286006770747E-16
   8.22483E-17
   3.0843338148204166E-16
   -4.17E-4    0.03438    0.9994
   0.9997    -0.02416    0.001248
   0.02418    0.9991    -0.03436
 Node:         52
  0.1262E+03  0.1305E+03  0.4920E+03  0.0000E+00
   4.934E-16
  -2.399E-17
   4.934E-16
   2.249E-18
   8.48E-18
   0.0
   5.175E-16
   4.696E-16
   -1.6E-19
   4.95449666061044E-16
   3.2898E-16
   2.335572124055831E-16
   -0.7061    0.708    0.008534
   0.7081    0.706    0.01614
   -0.005403    -0.01744    0.9998
 Node:         53
  0.1258E+03  0.1304E+03  0.5063E+03  0.0000E+00
  -7.401E-16
  -2.998E-18
  -4.934E-16
   4.797E-17
   5.847E-17
  -9.869E-16
   -4.866E-16
   -7.314E-16
   -1.002E-15
   4.465358664206045E-16
   -7.399999999999999E-16
   2.104990261260132E-16
   0.0104    0.9931    0.1171
   -0.9836    0.03123    -0.1776
   -0.18    -0.1133    0.9771
 Node:         54
  0.1265E+03  0.1288E+03  0.5200E+03  0.0000E+00
  -9.869E-16
   3.598E-17
   4.934E-16
   0.0
  -7.496E-18
   4.934E-16
   5.014E-16
   4.864E-16
   -9.877E-16
   1.4816569474746847E-15
   3.3333333333314155E-20
   6.984597833010066E-16
   0.01758    0.7272    -0.6862
   0.01675    0.686    0.7274
   -0.9997    0.02428    1.229E-4
 Node:         55
  0.1381E+03  0.1168E+03  0.4523E+03  0.1040E-01
   0.0274
  -0.01509
   0.02077
  -0.005555
   0.0224
   0.01452
   0.05273
   0.01877
   -0.005838
   0.050936459869134997
   0.02188733333333333
   0.0240116774554012
   -0.5885    0.6592    0.4681
   0.7859    0.3305    0.5226
   -0.1899    -0.6754    0.7126
 Node:         56
  0.1314E+03  0.1156E+03  0.4681E+03  0.1040E-01
   0.02916
  -0.02185
   0.02115
  -0.01979
   0.0132
   0.0179
   0.06349
   0.005971
   0.001419
   0.05992480749239001
   0.02362666666666667
   0.028248825159444935
   -0.707    0.5349    0.4626
   -0.0464    -0.6879    0.7244
   0.7057    0.4907    0.5111
 Node:         57
  0.1285E+03  0.1140E+03  0.4823E+03  0.1040E-01
   0.02501
  -0.009331
   0.02142
  -0.005901
   0.004082
   0.02082
   0.03657
   0.01731
   0.01348
   0.02143320554653456
   0.022453333333333336
   0.010103709989679808
   -0.7128    0.5642    0.4166
   0.2304    -0.3727    0.8989
   0.6624    0.7368    0.1357
 Node:         58
  0.1476E+03  0.1177E+03  0.4526E+03  0.1040E-01
   0.0271
  -0.0125
   0.02177
  -0.001749
   0.01427
   0.01003
   0.04405
   0.01904
   -7.532E-4
   0.038888286131430375
   0.020778933333333336
   0.01833211388817146
   -0.68    0.6652    0.3084
   0.7022    0.4698    0.535
   -0.211    -0.5803    0.7866
 Node:         59
  0.1414E+03  0.1166E+03  0.4688E+03  0.1040E-01
   0.03157
  -0.02937
   0.02191
  -0.0367
   0.02632
   0.01797
   0.0921
   -0.00202
   -0.01197
   0.0994689443997472
   0.02603666666666667
   0.04689011006835261
   -0.6797    0.5166    0.5207
   0.4531    0.854    -0.2557
   -0.5768    0.06213    -0.8145
 Node:         60
  0.1374E+03  0.1150E+03  0.4832E+03  0.1040E-01
   0.02628
  -0.01575
   0.02186
  -0.01758
   0.01115
   0.02152
   0.05486
   0.01049
   0.005388
   0.0471285799064644
   0.02357933333333333
   0.022216625626368697
   -0.6698    0.5173    0.5327
   -0.1509    -0.7973    0.5845
   0.7271    0.3111    0.612
 Node:         61
  0.1546E+03  0.1220E+03  0.4530E+03  0.1040E-01
   0.02949
  -0.009703
   0.01939
   0.01638
  -0.02676
   0.01727
   0.05964
   0.01844
   -0.008694
   0.059595425629824984
   0.02312866666666667
   0.028093553060365217
   -0.5886    0.5631    -0.58
   0.7949    0.5338    -0.2885
   -0.1472    0.6309    0.7618
 Node:         62
  0.1487E+03  0.1201E+03  0.4695E+03  0.1040E-01
   0.0328
  -0.04857
   0.0222
  -0.03519
   0.01323
   0.0257
   0.09957
   0.01157
   -0.02412
   0.11026557078254301
   0.029006666666666667
   0.05197968855449427
   -0.7217    0.5291    0.4462
   0.1114    -0.5475    0.8293
   0.6831    0.6483    0.3362
 Node:         63
  0.1436E+03  0.1181E+03  0.4838E+03  0.1040E-01
   0.02546
  -0.02573
   0.02379
  -0.0141
   0.01949
   0.02244
   0.06616
   0.009783
   -0.002281
   0.06327747113309759
   0.024553999999999996
   0.029829285956366216
   -0.6119    0.6247    0.4851
   -0.5549    0.09789    -0.8261
   -0.5635    -0.7747    0.2868
 Node:         64
  0.1410E+03  0.1253E+03  0.4521E+03  0.1040E-01
   0.02027
  -0.02471
   0.02547
   4.88E-4
   5.684E-4
   0.01705
   0.05039
   0.01663
   -0.001988
   0.04598816373807504
   0.02167733333333333
   0.021679028289006762
   -0.6665    0.7455    0.003743
   0.03232    0.02388    0.9992
   0.7448    0.6661    -0.04
 Node:         65
  0.1338E+03  0.1229E+03  0.4681E+03  0.1040E-01
   0.02525
  -0.03899
   0.02374
  -0.01017
   0.003383
   0.01848
   0.06925
   0.01659
   -0.01472
   0.07349949863774582
   0.023706666666666668
   0.03464799593370766
   -0.722    0.6654    0.1898
   0.03724    -0.2366    0.9709
   0.6909    0.708    0.146
 Node:         66
  0.1299E+03  0.1214E+03  0.4825E+03  0.1040E-01
   0.02488
  -0.01157
   0.02177
  -0.004976
   0.003821
   0.02077
   0.03794
   0.01817
   0.01147
   0.02383698596718973
   0.022526666666666667
   0.011236862946965622
   -0.7142    0.6087    0.3454
   0.2246    -0.268    0.9369
   0.6629    0.7467    0.05471
 Node:         67
  0.1494E+03  0.1243E+03  0.4526E+03  0.1040E-01
   0.02221
  -0.01562
   0.02526
   9.101E-4
   0.004178
   0.01108
   0.04294
   0.01276
   0.005689
   0.03426710114672672
   0.020463
   0.016153666394970522
   -0.6544    0.7518    0.08153
   -0.5072    -0.3564    -0.7846
   -0.5608    -0.5548    0.6146
 Node:         68
  0.1429E+03  0.1223E+03  0.4688E+03  0.1040E-01
   0.02981
  -0.0372
   0.02455
  -0.02671
   0.01064
   0.01544
   0.08205
   0.007993
   -0.01469
   0.08762872057151125
   0.025117666666666667
   0.04130857502854448
   -0.7226    0.5788    0.3778
   -0.03497    -0.5765    0.8163
   0.6903    0.5767    0.4369
 Node:         69
  0.1379E+03  0.1205E+03  0.4831E+03  0.1040E-01
   0.02632
  -0.01577
   0.02198
  -0.01316
   0.007616
   0.02082
   0.04944
   0.0135
   0.006891
   0.03965967651154003
   0.023276999999999996
   0.018695750800649863
   -0.6958    0.5451    0.4677
   0.0629    -0.6025    0.7957
   0.7155    0.583    0.3849
 Node:         70
  0.1549E+03  0.1240E+03  0.4530E+03  0.1040E-01
   0.02391
  -0.02073
   0.02442
  -0.01118
   0.009005
   0.007668
   0.05475
   0.004747
   0.001496
   0.05170521021135104
   0.020331
   0.024374069842081496
   -0.6818    0.6724    0.2882
   0.4538    0.6977    -0.5543
   -0.5738    -0.2471    -0.7808
 Node:         71
  0.1489E+03  0.1220E+03  0.4695E+03  0.1040E-01
   0.03372
  -0.02988
   0.02419
  -0.05179
   0.01872
   0.01582
   0.1019
   0.007248
   -0.02621
   0.11508825085124894
   0.027646000000000004
   0.054253121741211045
   -0.7268    0.4417    0.526
   -0.2532    -0.8841    0.3927
   0.6385    0.1522    0.7544
 Node:         72
  0.1434E+03  0.1199E+03  0.4837E+03  0.1040E-01
   0.02788
  -0.01575
   0.02177
  -0.02253
   0.009637
   0.02122
   0.05865
   0.01255
   0.001075
   0.05278146573372134
   0.024091666666666667
   0.02488142156085317
   -0.7038    0.4564    0.5444
   -0.1931    -0.8604    0.4716
   0.6836    0.2268    0.6937
 Node:         73
  0.1438E+03  0.1339E+03  0.4517E+03  0.0000E+00
   0.008535
   0.001595
  -0.003613
  -0.009417
   0.007397
  -2.28E-4
   0.01549
   0.001947
   -0.0119
   0.023720922810885753
   0.0018456666666666667
   0.01118215025038665
   0.8109    -0.1546    -0.5643
   0.4653    0.7552    0.4617
   0.3548    -0.637    0.6844
 Node:         74
  0.1363E+03  0.1303E+03  0.4680E+03  0.0000E+00
   0.01307
   0.03079
  -8.051E-5
   0.006168
   0.01259
   0.002142
   0.04344
   -5.978E-4
   -0.02492
   0.06001660954135947
   0.0059740666666666655
   0.02829210106034702
   -0.738    -0.6069    -0.295
   -0.3669    -0.005945    0.9302
   -0.5663    0.7948    -0.2183
 Node:         75
  0.1313E+03  0.1288E+03  0.4826E+03  0.0000E+00
   0.007211
   0.01231
   3.579E-4
   0.003707
   0.001937
   3.36E-4
   0.01784
   -5.851E-4
   -0.008875
   0.02368436168677552
   0.0027933000000000003
   0.011164915171195883
   -0.784    -0.5768    -0.2295
   -0.1342    -0.2035    0.9698
   -0.6062    0.7911    0.08218
 Node:         76
  0.1512E+03  0.1310E+03  0.4524E+03  0.0000E+00
   0.007107
  -0.002098
  -0.003178
  -0.009585
  -6.921E-4
  -0.001966
   0.01379
   -0.002689
   -0.008504
   0.020029903918890875
   8.656666666666668E-4
   0.009442187258375161
   -0.8496    0.08447    0.5206
   0.08949    -0.9497    0.3002
   0.5197    0.3016    0.7993
 Node:         77
  0.1443E+03  0.1281E+03  0.4687E+03  0.0000E+00
   0.0151
   0.02737
   5.465E-6
   0.008355
   0.00379
   5.464E-4
   0.03959
   -0.001318
   -0.02016
   0.05290816538115833
   0.006037333333333333
   0.024941148347437592
   -0.7918    -0.5682    -0.2241
   -0.1171    -0.219    0.9687
   -0.5995    0.7932    0.1069
 Node:         78
  0.1384E+03  0.1261E+03  0.4829E+03  0.0000E+00
   0.007833
   0.01416
   3.907E-4
   0.005058
   0.002136
   2.317E-4
   0.02057
   -9.692E-4
   -0.0105
   0.02756916924101994
   0.0030336000000000004
   0.012996231014669858
   -0.779    -0.5734    -0.2536
   -0.1156    -0.2661    0.957
   -0.6163    0.7748    0.141
 Node:         79
  0.1551E+03  0.1260E+03  0.4530E+03  0.0000E+00
   0.004867
  -0.01149
  -0.01483
  -0.02841
   0.001337
  -6.507E-5
   0.03629
   -0.0126
   -0.02994
   0.059486639676485355
   -0.002083333333333333
   0.02804227087016235
   0.7488    -0.1874    -0.6358
   -0.1345    0.8962    -0.4227
   0.6491    0.402    0.6458
 Node:         80
  0.1491E+03  0.1239E+03  0.4695E+03  0.0000E+00
   0.01788
   0.002188
  -0.009253
   0.01635
   0.007322
   0.001895
   0.03129
   -0.00402
   -0.01335
   0.04078341942505557
   0.004639999999999999
   0.019225488290287973
   -0.8402    -0.1433    -0.523
   0.4693    -0.6754    -0.5688
   0.2718    0.7234    -0.6347
 Node:         81
  0.1433E+03  0.1217E+03  0.4837E+03  0.0000E+00
   0.00885
   0.009982
  -7.958E-4
   0.01696
   0.004888
   9.481E-4
   0.02737
   -0.004338
   -0.01289
   0.03673827410208596
   0.0033806666666666655
   0.0173185884977834
   -0.7509    -0.3639    -0.551
   0.1164    -0.8943    0.432
   -0.65    0.2603    0.7139
 Node:         82
  0.1267E+03  0.1148E+03  0.4555E+03  0.1916E-01
   0.04415
  -0.01843
   0.03735
  -0.007909
  -0.00374
   0.03726
   0.06228
   0.03944
   0.01812
   0.03825123265987647
   0.039946666666666665
   0.018031804001695326
   -0.7993    0.5766    0.1694
   -0.1177    -0.4266    0.8968
   0.5893    0.6969    0.4088
 Node:         83
  0.1234E+03  0.1129E+03  0.4716E+03  0.1916E-01
   0.04242
  -0.01505
   0.03759
  -0.01999
   4.399E-4
   0.03906
   0.06788
   0.03726
   0.01516
   0.04585516764771447
   0.0401
   0.021616333330763255
   -0.7434    0.3832    0.5482
   0.03603    -0.7955    0.6049
   0.6679    0.4694    0.5775
 Node:         84
  0.1187E+03  0.1123E+03  0.4849E+03  0.1916E-01
   0.04116
  -0.001492
   0.03824
  -0.005848
   2.96E-4
   0.03913
   0.04662
   0.03791
   0.03387
   0.011286013468005436
   0.039466666666666664
   0.005320277770526231
   -0.7526    0.1585    0.6391
   0.009153    -0.968    0.2508
   0.6584    0.1946    0.7271
 Node:         85
  0.1302E+03  0.1161E+03  0.4542E+03  0.1916E-01
   0.04468
  -0.02106
   0.03734
  -0.007734
  -0.006645
   0.03627
   0.06536
   0.04015
   0.0145
   0.04404660145800128
   0.04000333333333333
   0.020763767052782652
   -0.7957    0.601    0.07456
   -0.2157    -0.3962    0.8925
   0.5659    0.6941    0.4449
 Node:         86
  0.1252E+03  0.1138E+03  0.4699E+03  0.1916E-01
   0.04023
  -0.01639
   0.04061
  -0.04285
   0.002477
   0.03853
   0.0899
   0.0393
   -0.005259
   0.08246544658825294
   0.04131366666666666
   0.038874584330753796
   -0.7201    0.2921    0.6294
   -0.06308    -0.9309    0.3599
   0.691    0.2194    0.6888
 Node:         87
  0.1217E+03  0.1126E+03  0.4833E+03  0.1916E-01
   0.04145
  -0.001171
   0.03825
  -0.00891
   0.001166
   0.0392
   0.05008
   0.03765
   0.03105
   0.016736274973840504
   0.039593333333333335
   0.007889555683870219
   -0.7396    0.1411    0.658
   -0.1139    -0.9899    0.0843
   0.6633    -0.0126    0.7483
 Node:         88
  0.1338E+03  0.1169E+03  0.4525E+03  0.1916E-01
   0.04342
  -0.02041
   0.03814
  -0.007968
   0.001833
   0.03704
   0.06564
   0.03518
   0.01894
   0.041063604323049875
   0.039920000000000004
   0.019357568717859864
   -0.7565    0.6028    0.2536
   0.039    -0.3455    0.9376
   0.6528    0.7192    0.2379
 Node:         89
  0.1270E+03  0.1150E+03  0.4681E+03  0.1916E-01
   0.04479
  -0.01913
   0.03812
  -0.02199
   4.839E-4
   0.03844
   0.07373
   0.03691
   0.01205
   0.053750136744012106
   0.04089666666666667
   0.025338057454263454
   -0.762    0.4223    0.4909
   0.005622    -0.7537    0.6572
   0.6475    0.5035    0.572
 Node:         90
  0.1248E+03  0.1132E+03  0.4821E+03  0.1916E-01
   0.04193
  -0.006928
   0.03861
  -0.005455
   0.002852
   0.03854
   0.05101
   0.03552
   0.03241
   0.017256479942328908
   0.03964666666666666
   0.008134782657753609
   -0.7249    0.5235    0.4478
   0.1247    -0.5395    0.8327
   0.6775    0.6595    0.3258
 Node:         91
  0.1257E+03  0.1258E+03  0.4543E+03  0.1916E-01
   0.03807
  -0.03774
   0.04095
  -0.01291
  -0.00139
   0.03711
   0.08318
   0.03851
   -0.001031
   0.07297394090358558
   0.04021966666666667
   0.034400245641887824
   -0.703    0.6883    0.179
   -0.07051    -0.3179    0.9455
   0.7077    0.652    0.272
 Node:         92
  0.1208E+03  0.1231E+03  0.4723E+03  0.1916E-01
   0.04257
  -0.02467
   0.03788
  -0.02137
  -0.002474
   0.03805
   0.0748
   0.04019
   0.005978
   0.05960193255256075
   0.040322666666666666
   0.028096620453159294
   -0.7602    0.493    0.4231
   -0.006698    -0.6572    0.7537
   0.6496    0.5702    0.5029
 Node:         93
  0.1159E+03  0.1217E+03  0.4876E+03  0.1916E-01
   0.04173
   4.902E-4
   0.03814
  -0.01026
  -0.004552
   0.0389
   0.05227
   0.03806
   0.02848
   0.02073239735293533
   0.03960333333333333
   0.009773345839009734
   -0.7102    -0.247    0.6593
   -0.4082    0.9074    -0.0997
   -0.5736    -0.3399    -0.7453
 Node:         94
  0.1311E+03  0.1261E+03  0.4533E+03  0.1916E-01
   0.0372
  -0.03712
   0.0416
  -0.007246
  -0.004478
   0.03615
   0.08152
   0.03793
   2.668E-4
   0.07042970695835671
   0.0399056
   0.033200882258156934
   -0.6871    0.7259    0.03244
   -0.1483    -0.1838    0.9717
   0.7113    0.6628    0.2339
 Node:         95
  0.1248E+03  0.1233E+03  0.4703E+03  0.1916E-01
   0.04391
  -0.02204
   0.03901
  -0.02377
   3.39E-5
   0.03608
   0.07671
   0.03707
   0.007789
   0.0599116466223388
   0.040522999999999997
   0.02824262106580525
   -0.7601    0.4727    0.4459
   -0.06447    -0.7376    0.6721
   0.6466    0.4821    0.5912
 Node:         96
  0.1205E+03  0.1222E+03  0.4851E+03  0.1916E-01
   0.04238
  -0.001008
   0.03831
  -0.01205
  -9.956E-4
   0.03846
   0.05344
   0.03814
   0.02758
   0.02252047068779869
   0.03972
   0.010616251692570217
   -0.7721    0.008598    0.6355
   0.08144    -0.9903    0.1123
   0.6303    0.1385    0.7639
 Node:         97
  0.1366E+03  0.1259E+03  0.4522E+03  0.1916E-01
   0.03826
  -0.02975
   0.04196
  -0.009101
  -0.003685
   0.03539
   0.07448
   0.03753
   0.007113
   0.05843290630287014
   0.03970766666666666
   0.02754553619413175
   -0.6861    0.7223    0.08662
   -0.1803    -0.2842    0.9416
   0.7048    0.6305    0.3253
 Node:         98
  0.1294E+03  0.1232E+03  0.4683E+03  0.1916E-01
   0.04279
  -0.03641
   0.04005
  -0.01921
  -0.001087
   0.03623
   0.08659
   0.03711
   -7.071E-4
   0.07582607440986247
   0.04099763333333333
   0.03574475427064633
   -0.7411    0.6148    0.2697
   -0.06933    -0.4697    0.8801
   0.6678    0.6336    0.3907
 Node:         99
  0.1260E+03  0.1218E+03  0.4827E+03  0.1916E-01
   0.04214
  -0.009255
   0.03877
  -0.006578
   0.0026
   0.03832
   0.05373
   0.03563
   0.02982
   0.021599238412499642
   0.03972666666666667
   0.010181978633295638
   -0.7316    0.5436    0.4114
   0.06466    -0.5453    0.8357
   0.6787    0.638    0.3638
 Node:        100
  0.1249E+03  0.1370E+03  0.4529E+03  0.0000E+00
   0.01002
   0.005728
  -0.002653
  -0.007956
  -0.003994
   0.003283
   0.01809
   -0.001977
   -0.004796
   0.021614812583041286
   0.003772333333333333
   0.010189320367696538
   -0.7941    -0.3182    0.5179
   -0.5598    0.05101    -0.827
   -0.2367    0.9467    0.2186
 Node:        101
  0.1186E+03  0.1334E+03  0.4715E+03  0.0000E+00
   0.008719
   0.01318
  -1.132E-4
   0.01125
   0.008098
   0.005712
   0.02749
   -0.003198
   -0.009168
   0.034067603437870415
   0.005041333333333333
   0.016059622273128207
   -0.6896    -0.484    -0.5387
   -0.4332    -0.3204    0.8424
   -0.5803    0.8143    0.01126
 Node:        102
  0.1139E+03  0.1312E+03  0.4875E+03  0.0000E+00
   0.004471
   0.01009
   9.556E-4
   0.009059
   0.007427
   0.001058
   0.02044
   -0.006029
   -0.007414
   0.02718797070397127
   0.0023323333333333334
   0.012816532300986184
   0.66    0.5446    0.5174
   -0.3377    -0.4002    0.8519
   -0.6711    0.7371    0.08025
 Node:        103
  0.1321E+03  0.1362E+03  0.4522E+03  0.0000E+00
   0.009834
   0.00387
  -0.004886
  -0.009295
  -0.004184
   0.003781
   0.01856
   -0.002659
   -0.006189
   0.02318641695044752
   0.003237333333333333
   0.010930181771386766
   -0.7851    -0.2332    0.5738
   -0.6194    0.3004    -0.7253
   0.003235    0.9249    0.3803
 Node:        104
  0.1249E+03  0.1328E+03  0.4699E+03  0.0000E+00
   0.01018
   0.01738
  -0.001707
   0.01212
   0.0103
   0.00614
   0.03286
   -0.003334
   -0.01345
   0.0421720001422745
   0.005358666666666667
   0.01988007151786823
   -0.6965    -0.5006    -0.5142
   -0.4745    -0.2162    0.8533
   -0.5383    0.8383    -0.08692
 Node:        105
  0.1200E+03  0.1316E+03  0.4853E+03  0.0000E+00
   0.005506
   0.01092
   6.198E-4
   0.01015
   0.006947
   9.932E-4
   0.02194
   -0.005908
   -0.008296
   0.029115540043076652
   0.002578666666666667
   0.013725197201578644
   -0.6871    -0.5213    -0.5061
   -0.1525    -0.5775    0.802
   -0.7104    0.6283    0.3173
 Node:        106
  0.1394E+03  0.1349E+03  0.4517E+03  0.0000E+00
   0.009072
   0.001572
  -0.006779
  -0.01005
   0.001197
   0.002515
   0.01716
   -0.003616
   -0.007569
   0.023008605194578834
   0.001991666666666667
   0.010846360505820477
   -0.8154    -0.02384    0.5784
   0.4692    0.558    0.6845
   0.339    -0.8295    0.4438
 Node:        107
  0.1319E+03  0.1314E+03  0.4682E+03  0.0000E+00
   0.01221
   0.02544
  -0.002488
   0.01004
   0.01156
   0.00431
   0.03909
   -0.001891
   -0.02076
   0.05299766042949443
   0.005479666666666667
   0.024983336717811642
   -0.73    -0.5551    -0.3987
   -0.4036    -0.1207    0.9069
   -0.5516    0.823    -0.136
 Node:        108
  0.1272E+03  0.1303E+03  0.4831E+03  0.0000E+00
   0.006687
   0.01152
   3.239E-4
   0.006337
   0.003272
   5.234E-4
   0.01854
   -0.002018
   -0.008504
   0.024454830770217977
   0.0026726666666666674
   0.011528117780260382
   -0.7559    -0.5439    -0.3644
   -0.1813    -0.3609    0.9148
   -0.6291    0.7576    0.1742
 Node:        109
  0.1018E+03  0.1092E+03  0.4946E+03 -0.4496E-04
  -8.991E-5
   2.399E-16
  -8.991E-5
   9.596E-17
  -2.399E-17
  -8.991E-5
   -8.991E-5
   -8.991E-5
   -8.991E-5
   0.0
   -8.991E-5
   0.0
   -0.3792    -0.925    -0.02396
   0.4801    -0.2188    0.8495
   0.791    -0.3107    -0.527
 Node:        110
  0.1058E+03  0.1118E+03  0.5081E+03 -0.4496E-04
  -8.991E-5
   4.798E-17
  -8.991E-5
  -2.399E-17
  -8.996E-17
  -8.991E-5
   -8.991E-5
   -8.991E-5
   -8.991E-5
   0.0
   -8.991E-5
   0.0
   -0.02839    -0.09126    0.9954
   0.7346    0.6734    0.08269
   -0.6779    0.7336    0.04792
 Node:        111
  0.1108E+03  0.1137E+03  0.5210E+03 -0.4496E-04
  -8.991E-5
   9.596E-17
  -8.991E-5
  -4.798E-17
   5.637E-16
  -8.991E-5
   -8.991E-5
   -8.991E-5
   -8.991E-5
   0.0
   -8.991E-5
   0.0
   0.9393    0.3169    0.1318
   0.3364    -0.7738    -0.5367
   -0.06808    0.5484    -0.8334
 Node:        112
  0.1072E+03  0.1111E+03  0.4942E+03 -0.4496E-04
  -8.991E-5
   2.399E-16
  -8.991E-5
  -6.926E-37
   2.399E-17
  -8.991E-5
   -8.991E-5
   -8.991E-5
   -8.991E-5
   0.0
   -8.991E-5
   0.0
   0.3759    0.9265    0.01672
   0.9266    -0.3757    -0.01402
   0.006711    -0.02076    0.9998
 Node:        113
  0.1071E+03  0.1139E+03  0.5077E+03 -0.4496E-04
  -8.991E-5
   9.143E-36
  -8.991E-5
   2.879E-16
  -2.639E-16
  -8.991E-5
   -8.991E-5
   -8.991E-5
   -8.991E-5
   0.0
   -8.991E-5
   0.0
   -0.1654    0.6537    -0.7385
   -0.2298    -0.7537    -0.6158
   -0.9591    0.06788    0.2749
 Node:        114
  0.1093E+03  0.1164E+03  0.5209E+03 -0.4496E-04
  -8.991E-5
   1.919E-16
  -8.991E-5
  -4.798E-17
   9.596E-17
  -8.991E-5
   -8.991E-5
   -8.991E-5
   -8.991E-5
   0.0
   -8.991E-5
   0.0
   -0.6573    -0.7285    -0.1931
   -0.4203    0.1416    0.8963
   0.6256    -0.6703    0.3993
 Node:        115
  0.1129E+03  0.1120E+03  0.4932E+03 -0.4496E-04
  -8.991E-5
  -8.312E-37
  -8.991E-5
  -1.439E-16
  -4.798E-17
  -8.991E-5
   -8.991E-5
   -8.991E-5
   -8.991E-5
   0.0
   -8.991E-5
   0.0
   0.6708    0.2235    -0.7072
   0.3161    -0.9487    -3.908E-7
   -0.6709    -0.2236    -0.707
 Node:        116
  0.1092E+03  0.1143E+03  0.5068E+03 -0.4496E-04
  -8.991E-5
   8.996E-17
  -8.991E-5
   2.879E-16
   3.598E-17
  -8.991E-5
   -8.991E-5
   -8.991E-5
   -8.991E-5
   0.0
   -8.991E-5
   0.0
   -0.223    -0.9699    -0.09799
   0.8805    -0.2435    0.4067
   -0.4183    0.004404    0.9083
 Node:        117
  0.1089E+03  0.1172E+03  0.5207E+03 -0.4496E-04
  -8.991E-5
  -1.199E-16
  -8.991E-5
  -2.399E-16
  -2.879E-16
  -8.991E-5
   -8.991E-5
   -8.991E-5
   -8.991E-5
   0.0
   -8.991E-5
