 Group name: gastroc_Strain
 #Fields=  16
 1) coordinates, coordinate, rectangular cartesian, #Components=3
   x.  Value index= 1, #Derivatives=0
   y.  Value index= 2, #Derivatives=0
   z.  Value index= 3, #Derivatives=0
 2) Tensor_1, field, rectangular cartesian, #Components=1
   Tensor_1.  Value index= 4, #Derivatives=0
 3) Tensor_2, field, rectangular cartesian, #Components=1
   Tensor_2.  Value index= 5, #Derivatives=0
 4) Tensor_3, field, rectangular cartesian, #Components=1
   Tensor_3.  Value index= 6, #Derivatives=0
 5) Tensor_4, field, rectangular cartesian, #Components=1
   Tensor_4.  Value index= 7, #Derivatives=0
 6) Tensor_5, field, rectangular cartesian, #Components=1
   Tensor_5.  Value index= 8, #Derivatives=0
 7) Tensor_6, field, rectangular cartesian, #Components=1
   Tensor_6.  Value index= 9, #Derivatives=0
 8) Principal_1, field, rectangular cartesian, #Components=1
   Principal_1.  Value index= 10, #Derivatives=0
 9) Principal_2, field, rectangular cartesian, #Components=1
   Principal_2.  Value index= 11, #Derivatives=0
 10) Principal_3, field, rectangular cartesian, #Components=1
   Principal_3.  Value index= 12, #Derivatives=0
 11) VonMises, field, rectangular cartesian, #Components=1
   VonMises.  Value index= 13, #Derivatives=0
 12) Hydrostatic, field, rectangular cartesian, #Components=1
   VonMises.  Value index= 14, #Derivatives=0
 13) Octahedral, field, rectangular cartesian, #Components=1
   VonMises.  Value index= 15, #Derivatives=0
 14) PrincipalVector1, field, rectangular cartesian, #Components=3
   x.  Value index= 16, #Derivatives=0
   y.  Value index= 17, #Derivatives=0
   z.  Value index= 18, #Derivatives=0
 15) PrincipalVector2, field, rectangular cartesian, #Components=3
   x.  Value index= 19, #Derivatives=0
   y.  Value index= 20, #Derivatives=0
   z.  Value index= 21, #Derivatives=0
 16) PrincipalVector3, field, rectangular cartesian, #Components=3
   x.  Value index= 22, #Derivatives=0
   y.  Value index= 23, #Derivatives=0
   z.  Value index= 24, #Derivatives=0
 Node:          1
  0.1287E+03  0.1133E+03  0.4908E+03 -0.3432E-04
  -1.11E-16
  -8.327E-17
  -2.22E-16
  -2.776E-17
  -4.163E-17
  -3.331E-16
   -6.637E-17
   -2.4E-16
   -3.598E-16
   2.5553921597281306E-16
   -2.2205666666666663E-16
   1.204623416489799E-16
   0.8837    -0.4676    -0.01897
   0.4046    0.7837    -0.4712
   0.2352    0.4088    0.8818
 Node:          2
  0.1292E+03  0.1137E+03  0.5052E+03 -0.3432E-04
  -5.551E-17
  -1.11E-16
  -1.665E-16
  -5.551E-17
   1.943E-16
  -2.776E-16
   8.603E-17
   -1.6E-16
   -4.256E-16
   4.4319260925696854E-16
   -1.6652333333333334E-16
   2.089229995849082E-16
   -0.6554    0.6199    0.4313
   0.7522    0.4849    0.4462
   -0.06744    -0.6169    0.7841
 Node:          3
  0.1289E+03  0.1155E+03  0.5194E+03 -0.3432E-04
   2.22E-16
   1.388E-16
   3.331E-16
   1.11E-16
   5.551E-17
   2.22E-16
   4.753E-16
   2.118E-16
   9.006E-17
   3.4107384479024473E-16
   2.590533333333333E-16
   1.6078375235770005E-16
   -0.5696    -0.7144    -0.4063
   0.2395    -0.6172    0.7494
   -0.7862    0.3296    0.5227
 Node:          4
  0.1361E+03  0.1141E+03  0.4915E+03 -0.3432E-04
   0.0
  -2.776E-17
  -1.11E-16
  -2.776E-17
  -8.327E-17
   2.22E-16
   2.435E-16
   6.328E-18
   -1.388E-16
   3.3426485304919515E-16
   3.700933333333334E-17
   1.5757396286894045E-16
   -0.08549    -0.2215    0.9714
   0.9681    -0.2491    0.0284
   0.2357    0.9428    0.2357
 Node:          5
  0.1341E+03  0.1144E+03  0.5054E+03 -0.3432E-04
   3.331E-16
   1.388E-16
   3.331E-16
   5.551E-17
  -6.939E-17
   4.441E-16
   4.814E-16
   4.627E-16
   1.662E-16
   3.062784517395894E-16
   3.7010000000000004E-16
   1.4438104677092028E-16
   -0.348    -0.6443    0.681
   -0.6589    -0.3487    -0.6665
   0.6669    -0.6807    -0.3032
 Node:          6
  0.1323E+03  0.1162E+03  0.5191E+03 -0.3432E-04
   2.22E-16
   5.551E-17
   2.22E-16
  -5.551E-17
  -2.776E-17
   0.0
   2.897E-16
   1.685E-16
   -1.402E-17
   2.648101478418076E-16
   1.4806E-16
   1.2483270084396958E-16
   -0.715    -0.6696    0.2012
   0.6656    -0.7399    -0.09741
   -0.2141    -0.06426    -0.9747
 Node:          7
  0.1408E+03  0.1171E+03  0.4920E+03 -0.3432E-04
   3.331E-16
   2.22E-16
   2.22E-16
  -8.327E-17
  -1.11E-16
   0.0
   5.398E-16
   6.158E-17
   -4.631E-17
   5.403052621435404E-16
   1.8502333333333335E-16
   2.5470234318164845E-16
   -0.7537    -0.6111    0.2419
   -0.656    0.677    -0.3335
   -0.04004    0.4101    0.9112
 Node:          8
  0.1367E+03  0.1169E+03  0.5055E+03 -0.3432E-04
   2.22E-16
   1.943E-16
   2.22E-16
  -4.025E-16
  -2.359E-16
  -2.22E-16
   6.547E-16
   4.477E-17
   -4.775E-16
   9.814930967154074E-16
   7.399000000000001E-17
   4.626802829168323E-16
   -0.6847    -0.5611    0.4652
   0.5685    -0.8105    -0.1409
   -0.4561    -0.1681    -0.8739
 Node:          9
  0.1339E+03  0.1180E+03  0.5191E+03 -0.3432E-04
   2.22E-16
   1.665E-16
   0.0
  -3.955E-16
  -2.776E-16
   6.661E-16
   1.002E-15
   -9.379E-18
   -1.046E-16
   1.062195387036208E-15
   2.96007E-16
   5.007237074122481E-16
   -0.4817    -0.3073    0.8207
   -0.8565    -0.03292    -0.515
   -0.1853    0.951    0.2474
 Node:         10
  0.1294E+03  0.1212E+03  0.4911E+03 -0.3432E-04
   0.0
   2.776E-17
   1.11E-16
  -1.388E-17
   1.249E-16
   1.11E-16
   2.363E-16
   2.303E-17
   -3.732E-17
   2.48992088026909E-16
   7.400333333333333E-17
   1.173759959370834E-16
   0.0421    0.71    0.703
   -0.7813    -0.4152    0.4661
   -0.6228    0.5688    -0.5372
 Node:         11
  0.1295E+03  0.1214E+03  0.5055E+03 -0.3432E-04
  -2.22E-16
  -2.776E-17
  -2.22E-16
  -4.163E-17
   1.388E-17
  -1.665E-16
   -1.365E-16
   -2.183E-16
   -2.558E-16
   1.0566451627675205E-16
   -2.035333333333333E-16
   4.9810730660058464E-17
   -0.4935    0.2929    0.8189
   0.3541    -0.7924    0.4968
   -0.7944    -0.5351    -0.2873
 Node:         12
  0.1295E+03  0.1217E+03  0.5196E+03 -0.3432E-04
   1.11E-16
   0.0
   1.11E-16
   7.633E-17
   2.776E-17
   2.22E-16
   2.649E-16
   1.11E-16
   6.816E-17
   1.792025435087348E-16
   1.4801999999999999E-16
   8.447688914726913E-17
   -0.4387    -0.1595    -0.8844
   0.3417    -0.9398    -2.255E-17
   0.8311    0.3022    -0.4668
 Node:         13
  0.1361E+03  0.1199E+03  0.4914E+03 -0.3432E-04
   1.11E-16
  -1.388E-16
   0.0
  -9.714E-17
   2.776E-17
  -1.665E-16
   2.285E-16
   -8.52E-17
   -1.988E-16
   3.833392361864358E-16
   -1.849999999999999E-17
   1.807078489348669E-16
   0.8171    -0.5252    -0.2378
   0.4648    0.8442    -0.2671
   0.341    0.1077    0.9339
 Node:         14
  0.1342E+03  0.1198E+03  0.5054E+03 -0.3432E-04
  -5.551E-17
   2.776E-17
   0.0
   5.551E-17
  -9.021E-17
   1.11E-16
   1.672E-16
   -4.94E-18
   -1.068E-16
   2.398787602102362E-16
   1.8486666666666665E-17
   1.130799320048532E-16
   0.1634    -0.4472    0.8794
   -0.6569    -0.7144    -0.2412
   -0.7361    0.5382    0.4105
 Node:         15
  0.1330E+03  0.1205E+03  0.5193E+03 -0.3432E-04
   2.22E-16
  -8.327E-17
  -5.551E-17
   1.388E-17
   4.857E-17
   0.0
   2.451E-16
   2.471E-17
   -1.033E-16
   3.0523832672192397E-16
   5.550333333333333E-17
   1.438907271354049E-16
   -0.9638    0.2667    -0.001723
   0.1157    0.4239    0.8983
   0.2403    0.8656    -0.4394
 Node:         16
  0.1404E+03  0.1188E+03  0.4918E+03 -0.3432E-04
   2.22E-16
   5.551E-17
   2.22E-16
  -8.327E-17
  -1.457E-16
   4.441E-16
   5.466E-16
   1.95E-16
   1.465E-16
   3.7818964819254375E-16
   2.9603333333333337E-16
   1.7828030987433498E-16
   -0.2927    -0.4328    0.8526
   -0.9222    -0.1077    -0.3713
   -0.2526    0.895    0.3676
 Node:         17
  0.1365E+03  0.1184E+03  0.5055E+03 -0.3432E-04
  -1.11E-16
   2.776E-17
  -1.11E-16
   9.714E-17
   1.7E-16
   0.0
   1.573E-16
   -1.341E-16
   -2.452E-16
   3.600440389730123E-16
   -7.400000000000001E-17
   1.697263876557404E-16
   0.3368    0.5285    0.7792
   0.8927    -0.4425    -0.08566
   -0.2996    -0.7244    0.6209
 Node:         18
  0.1341E+03  0.1191E+03  0.5192E+03 -0.3432E-04
   0.0
   0.0
   0.0
   2.645E-17
   1.065E-16
   4.441E-16
   4.697E-16
   -1.672E-33
   -2.562E-17
   4.830198633596759E-16
   1.4802666666666666E-16
   2.2769774721961763E-16
   -0.05484    -0.2207    -0.9738
   0.9705    -0.2411    -6.21E-17
   -0.2348    -0.9451    0.2274
 Node:         19
  0.1301E+03  0.1291E+03  0.4914E+03  0.0000E+00
   1.11E-16
   0.0
   1.11E-16
   2.101E-19
   1.001E-17
  -2.22E-16
   1.113E-16
   1.11E-16
   -2.223E-16
   3.3345010121455954E-16
   0.0
   1.5718988517077046E-16
   -0.02096    -0.9993    -0.03003
   0.9998    -0.02097    1.345E-19
   6.298E-4    0.03003    -0.9995
 Node:         20
  0.1299E+03  0.1291E+03  0.5058E+03  0.0000E+00
   2.22E-16
   0.0
   0.0
   1.041E-17
   1.924E-17
  -5.551E-17
   2.224E-16
   5.975E-18
   -6.188E-17
   2.5715676157744715E-16
   5.549833333333335E-17
   1.2122485995959007E-16
   -0.9993    -0.003257    -0.03765
   0.01428    -0.9549    -0.2965
   -0.03498    -0.2968    0.9543
 Node:         21
  0.1301E+03  0.1280E+03  0.5197E+03  0.0000E+00
   1.11E-16
   0.0
   0.0
   4.163E-17
   1.475E-17
   1.11E-16
   1.534E-16
   7.089E-17
   -2.22E-18
   1.3485280234388901E-16
   7.402333333333333E-17
   6.357022066624871E-17
   -0.6994    -0.0684    -0.7114
   -0.7126    0.1429    0.6869
   -0.05465    -0.9874    0.1487
 Node:         22
  0.1360E+03  0.1256E+03  0.4913E+03  0.0000E+00
  -2.22E-16
   1.388E-17
  -1.11E-16
  -1.388E-17
   1.006E-16
   1.11E-16
   1.5E-16
   -1.456E-16
   -2.264E-16
   3.432090907886911E-16
   -7.4E-17
   1.617903169743686E-16
   -0.02144    0.3586    0.9332
   0.228    0.9106    -0.3447
   -0.9734    0.2054    -0.1013
 Node:         23
  0.1343E+03  0.1253E+03  0.5054E+03  0.0000E+00
   0.0
   2.082E-17
  -4.441E-16
   0.0
   1.314E-16
  -1.665E-16
   1.265E-18
   -1.147E-16
   -4.972E-16
   4.517861703560657E-16
   -2.0354499999999996E-16
   2.1297404313671653E-16
   0.997    0.06061    0.04746
   0.06644    -0.3661    -0.9282
   0.03888    -0.9286    0.369
 Node:         24
  0.1336E+03  0.1248E+03  0.5194E+03  0.0000E+00
  -2.22E-16
   1.214E-17
   0.0
   1.388E-17
   8.674E-19
  -1.665E-16
   6.779E-19
   -1.633E-16
   -2.259E-16
   2.026635838733984E-16
   -1.2950736666666666E-16
   9.553652963763242E-17
   -0.05504    -0.9984    -0.009747
   0.2257    -0.02195    0.974
   -0.9726    0.05141    0.2265
 Node:         25
  0.1400E+03  0.1206E+03  0.4917E+03  0.0000E+00
   0.0
   2.671E-16
  -1.11E-16
  -8.327E-17
  -1.301E-16
   2.22E-16
   3.681E-16
   7.58E-17
   -3.329E-16
   6.098671904603493E-16
   3.699999999999999E-17
   2.8749415066513385E-16
   0.5089    0.4781    -0.7159
   0.6086    0.3883    0.692
   0.6088    -0.7878    -0.09334
 Node:         26
  0.1363E+03  0.1200E+03  0.5055E+03  0.0000E+00
   2.22E-16
   1.076E-16
  -6.106E-16
   2.776E-17
  -1.124E-15
  -5.551E-17
   8.281E-16
   2.248E-16
   -1.497E-15
   2.089815319591662E-15
   -1.4803333333333336E-16
   9.851483892738641E-16
   0.07371    0.6174    -0.7832
   0.9955    0.001018    0.09449
   -0.05914    0.7866    0.6146
 Node:         27
  0.1343E+03  0.1203E+03  0.5192E+03  0.0000E+00
   2.22E-16
  -1.943E-16
   2.22E-16
  -1.041E-16
   1.313E-15
   0.0
   1.466E-15
   1.875E-16
   -1.209E-15
   2.3173691440942246E-15
   1.4816666666666667E-16
   1.0924182908676612E-15
   -0.1693    0.728    0.6643
   0.9848    0.09849    0.1431
   0.03876    0.6785    -0.7336
 Node:         28
  0.1155E+03  0.1124E+03  0.4931E+03 -0.2028E-03
  -2.22E-16
   3.816E-17
   2.22E-16
  -5.551E-17
   5.551E-17
   1.11E-16
   2.455E-16
   1.014E-16
   -2.359E-16
   4.279497984577163E-16
   3.699999999999999E-17
   2.0173746966457835E-16
   0.03184    0.9284    0.3701
   0.1988    0.3571    -0.9127
   0.9795    -0.1026    0.1732
 Node:         29
  0.1119E+03  0.1139E+03  0.5068E+03 -0.2028E-03
  -2.22E-16
  -2.082E-17
   0.0
   5.551E-17
   6.939E-18
  -3.331E-16
   1.944E-18
   -2.004E-16
   -3.566E-16
   3.113642033631998E-16
   -1.8501866666666668E-16
   1.4677849307791052E-16
   -0.09118    0.9958    0.005517
   -0.9179    -0.08189    -0.3884
   -0.3863    -0.04048    0.9215
 Node:         30
  0.1113E+03  0.1159E+03  0.5206E+03 -0.2028E-03
   2.22E-16
   1.249E-16
   2.22E-16
   0.0
  -2.776E-17
   1.11E-16
   3.486E-16
   1.238E-16
   8.277E-17
   2.4787505905193444E-16
   1.8505666666666664E-16
   1.1684942342842583E-16
   -0.7001    -0.7092    0.08287
   -0.4685    0.3686    -0.8029
   -0.5389    0.6009    0.5903
 Node:         31
  0.1203E+03  0.1126E+03  0.4920E+03 -0.2028E-03
  -5.551E-17
   9.714E-17
  -1.11E-16
   2.776E-17
   4.163E-17
  -5.551E-17
   4.114E-17
   -7.661E-17
   -1.866E-16
   1.9726678661143135E-16
   -7.402333333333333E-17
   9.29924550105485E-17
   -0.6956    -0.5654    -0.4433
   0.4358    0.1585    -0.886
   0.5712    -0.8095    0.1362
 Node:         32
  0.1188E+03  0.1134E+03  0.5062E+03 -0.2028E-03
   2.22E-16
  -1.388E-17
  -1.11E-16
  -2.776E-17
   9.714E-17
  -5.551E-17
   2.266E-16
   1.331E-17
   -1.844E-16
   3.5602167644681415E-16
   1.8503333333333345E-17
   1.6783022777663014E-16
   -0.9894    0.07624    0.1236
   0.1445    0.5992    0.7875
   0.01402    -0.797    0.6038
 Node:         33
  0.1183E+03  0.1150E+03  0.5201E+03 -0.2028E-03
   1.11E-16
   5.551E-17
   0.0
   8.327E-17
   0.0
   0.0
   1.7E-16
   0.0
   -5.893E-17
   2.0589037107159722E-16
   3.702333333333333E-17
   9.705765171049398E-17
   -0.8617    -0.2815    -0.4222
   0.0    -0.8321    0.5547
   -0.5074    0.478    0.717
 Node:         34
  0.1255E+03  0.1129E+03  0.4909E+03 -0.2028E-03
   0.0
   0.0
   0.0
   5.551E-17
   9.714E-17
   0.0
   1.119E-16
   3.387E-33
   -1.119E-16
   1.9381648536695736E-16
   0.0
   9.136596740581255E-17
   -0.3508    -0.6139    -0.7071
   0.8682    -0.4961    -4.855E-17
   -0.3508    -0.6139    0.7071
 Node:         35
  0.1260E+03  0.1135E+03  0.5054E+03 -0.2028E-03
   0.0
   1.11E-16
  -1.11E-16
   1.11E-16
   2.498E-16
  -1.11E-16
   2.41E-16
   -1.023E-16
   -3.608E-16
   5.228959647960578E-16
   -7.403333333333333E-17
   2.4649552170824977E-16
   0.5458    0.5925    0.5925
   0.8379    -0.3859    -0.3859
   -4.975E-17    -0.7071    0.7071
 Node:         36
  0.1257E+03  0.1153E+03  0.5196E+03 -0.2028E-03
   0.0
  -5.551E-17
   0.0
  -5.551E-17
   8.327E-17
   0.0
   1.305E-16
   -4.723E-17
   -8.327E-17
   1.982226619234037E-16
   0.0
   9.344305895392481E-17
   -0.5155    0.6059    0.6059
   0.8569    0.3645    0.3645
   -1.256E-16    0.7071    -0.7071
 Node:         37
  0.1132E+03  0.1210E+03  0.4959E+03 -0.2028E-03
  -2.22E-16
   1.388E-16
  -2.22E-16
  -8.327E-17
   1.804E-16
  -2.776E-16
   -4.482E-17
   -1.622E-16
   -5.146E-16
   4.2347200190803645E-16
   -2.4054E-16
   1.9962661612787678E-16
   0.3971    0.7887    0.4693
   -0.7874    0.0301    0.6157
   0.4715    -0.614    0.633
 Node:         38
  0.1111E+03  0.1204E+03  0.5085E+03 -0.2028E-03
  -1.665E-16
   9.714E-17
   0.0
  -2.776E-17
  -8.327E-17
  -2.22E-16
   7.071E-17
   -2.091E-16
   -2.502E-16
   3.0246162913665597E-16
   -1.2953E-16
   1.4258177934084005E-16
   -0.3916    -0.8746    0.2859
   0.9154    -0.3389    0.217
   0.09287    -0.3467    -0.9334
 Node:         39
  0.1119E+03  0.1201E+03  0.5207E+03 -0.2028E-03
  -5.551E-17
  -9.714E-17
  -3.331E-16
  -8.327E-17
  -7.633E-17
  -1.11E-16
   8.934E-18
   -1.105E-16
   -3.981E-16
   3.6239130612640252E-16
   -1.6655533333333335E-16
   1.7083290000335286E-16
   0.851    -0.1281    -0.5092
   0.4076    -0.4503    0.7944
   -0.3311    -0.8836    -0.331
 Node:         40
  0.1191E+03  0.1220E+03  0.4937E+03 -0.2028E-03
   0.0
   8.327E-17
  -2.22E-16
   8.327E-17
  -1.388E-17
  -2.22E-16
   4.872E-17
   -2.082E-16
   -2.846E-16
   3.0244591979393603E-16
   -1.4802666666666666E-16
   1.4257437388566321E-16
   -0.924    -0.2703    -0.2703
   0.0    -0.7071    0.7071
   0.3823    -0.6534    -0.6534
 Node:         41
  0.1182E+03  0.1217E+03  0.5073E+03 -0.2028E-03
   0.0
  -2.776E-17
  -5.551E-17
   5.551E-17
   9.714E-17
   1.11E-16
   1.653E-16
   1.073E-17
   -1.206E-16
   2.478691830381502E-16
   1.8476666666666666E-17
   1.168466534489637E-16
   0.2406    0.3653    0.8993
   -0.8901    0.4526    0.05428
   -0.3871    -0.8135    0.434
 Node:         42
  0.1187E+03  0.1212E+03  0.5204E+03 -0.2028E-03
   0.0
  -5.551E-17
  -1.11E-16
   0.0
   5.551E-17
   1.11E-16
   1.256E-16
   1.887E-17
   -1.444E-16
   2.3552960089975954E-16
   2.3333333333339628E-20
   1.1102971864425409E-16
   0.1113    -0.2517    -0.9614
   0.9295    -0.3159    0.1903
   -0.3516    -0.9148    0.1988
 Node:         43
  0.1258E+03  0.1217E+03  0.4915E+03 -0.2028E-03
   2.22E-16
   1.11E-16
   1.11E-16
  -1.388E-17
   0.0
  -5.551E-17
   2.911E-16
   4.294E-17
   -5.645E-17
   3.1004254562882173E-16
   9.253E-17
   1.4615545764698628E-16
   -0.8507    -0.5246    0.03406
   -0.5213    0.8502    0.07348
   0.06751    -0.04475    0.9967
 Node:         44
  0.1259E+03  0.1220E+03  0.5059E+03 -0.2028E-03
  -2.22E-16
   1.388E-16
  -2.22E-16
   9.714E-17
   1.11E-16
  -1.11E-16
   5.081E-17
   -2.445E-16
   -3.614E-16
   3.679610646522265E-16
   -1.8503E-16
   1.7345850935214064E-16
   -0.5113    -0.534    -0.6733
   -0.5198    -0.4318    0.7372
   -0.6844    0.7269    -0.05679
 Node:         45
  0.1261E+03  0.1221E+03  0.5198E+03 -0.2028E-03
  -5.551E-17
  -8.327E-17
  -2.776E-16
   2.776E-17
  -6.939E-18
   1.11E-16
   1.167E-16
   -3.339E-17
   -3.053E-16
   3.7050374910383835E-16
   -7.399666666666666E-17
   1.7465714229757554E-16
   0.1854    -0.05643    0.981
   0.9302    -0.3117    -0.1938
   -0.3167    -0.9485    0.005308
 Node:         46
  0.1117E+03  0.1296E+03  0.4959E+03  0.0000E+00
  -5.551E-17
   2.776E-17
  -1.665E-16
   6.939E-18
  -2.602E-17
   0.0
   4.101E-18
   -4.897E-17
   -1.772E-16
   1.6144583695778595E-16
   -7.402300000000001E-17
   7.610629740479211E-17
   0.04856    -0.1429    0.9886
   0.9724    0.2327    -0.01414
   -0.228    0.962    0.1502
 Node:         47
  0.1107E+03  0.1269E+03  0.5087E+03  0.0000E+00
  -1.665E-16
  -3.123E-17
   1.11E-16
  -2.776E-17
   3.99E-17
   0.0
   1.289E-16
   -1.114E-17
   -1.732E-16
   2.6185783853075704E-16
   -1.8479999999999997E-17
   1.2344096888796688E-16
   -0.1292    0.939    0.3186
   -0.1008    -0.3321    0.9379
   -0.9865    -0.08906    -0.1376
 Node:         48
  0.1125E+03  0.1242E+03  0.5208E+03  0.0000E+00
   1.11E-16
   3.469E-18
   1.11E-16
   0.0
  -1.735E-18
   1.11E-16
   1.149E-16
   1.11E-16
   1.071E-16
   6.75499814951862E-18
   1.1099999999999999E-16
   3.1843366656181307E-18
   -0.6325    -0.7071    0.3162
   0.4472    -4.455E-15    0.8944
   -0.6325    0.7071    0.3162
 Node:         49
  0.1186E+03  0.1311E+03  0.4938E+03  0.0000E+00
  -1.665E-16
  -2.082E-17
   0.0
  -4.163E-17
  -6.072E-18
  -5.551E-17
   2.581E-18
   -4.165E-17
   -1.83E-16
   1.6789358448433935E-16
   -7.402300000000001E-17
   7.914579473772858E-17
   0.1174    -0.9929    0.01965
   -0.3135    -0.01827    0.9494
   -0.9423    -0.1176    -0.3134
 Node:         50
  0.1180E+03  0.1298E+03  0.5075E+03  0.0000E+00
   0.0
  -1.301E-17
   3.331E-16
  -4.163E-17
   1.247E-17
   2.22E-16
   3.354E-16
   2.276E-16
   -7.879E-18
   3.040655120874448E-16
   1.8504033333333332E-16
   1.4333785701466156E-16
   0.05441    -0.9902    -0.1289
   -0.1707    -0.1364    0.9758
   0.9838    0.03109    0.1765
 Node:         51
  0.1192E+03  0.1275E+03  0.5206E+03  0.0000E+00
   0.0
  -3.469E-18
  -5.551E-17
   0.0
   1.475E-17
   1.11E-16
   1.123E-16
   2.087E-19
   -5.702E-17
   1.491791641607165E-16
   1.849623333333333E-17
   7.03237323931892E-17
   -0.002705    0.08758    0.9962
   0.9982    -0.06004    0.007989
   -0.06051    -0.9943    0.08725
 Node:         52
  0.1262E+03  0.1305E+03  0.4920E+03  0.0000E+00
   1.11E-16
  -1.388E-17
   1.11E-16
   1.301E-18
   4.906E-18
   0.0
   1.25E-16
   9.734E-17
   -2.497E-19
   1.1396559238686912E-16
   7.403009999999999E-17
   5.372389546579809E-17
   -0.7047    0.7092    0.02051
   0.7093    0.7034    0.04493
   -0.01744    -0.04621    0.9988
 Node:         53
  0.1258E+03  0.1304E+03  0.5063E+03  0.0000E+00
  -1.665E-16
  -1.735E-18
  -1.11E-16
   2.776E-17
   3.383E-17
  -2.22E-16
   -1.01E-16
   -1.572E-16
   -2.414E-16
   1.2239330047024632E-16
   -1.6653333333333332E-16
   5.769675515620921E-17
   0.09684    0.9526    0.2883
   -0.9346    0.1866    -0.3027
   -0.3422    -0.2402    0.9084
 Node:         54
  0.1265E+03  0.1288E+03  0.5200E+03  0.0000E+00
  -2.22E-16
   2.082E-17
   1.11E-16
   0.0
  -4.337E-18
   1.11E-16
   1.16E-16
   1.073E-16
   -2.233E-16
   3.350347295430729E-16
   0.0
   1.5793688612860518E-16
   -0.04656    -0.7562    0.6527
   -0.04117    -0.6514    -0.7576
   -0.9981    0.06215    8.061E-4
 Node:         55
  0.1381E+03  0.1168E+03  0.4523E+03  0.1040E-01
   0.02033
  -0.008715
  -2.842E-4
  -0.00326
   0.01282
  -0.03554
   0.02452
   -3.02E-4
   -0.03971
   0.05610086919112752
   -0.005164000000000001
   0.02644620335700382
   0.9117    -0.3888    -0.1325
   0.4107    0.8684    0.278
   0.006973    -0.3078    0.9514
 Node:         56
  0.1314E+03  0.1156E+03  0.4681E+03  0.1040E-01
   0.02887
  -0.01248
   0.001784
  -0.01135
   0.007655
  -0.01627
   0.0371
   -0.002603
   -0.02011
   0.0507730605636493
   0.004795666666666667
   0.02393465028410113
   -0.8967    0.3696    0.2437
   0.413    0.8967    0.1594
   0.1596    -0.2435    0.9567
 Node:         57
  0.1285E+03  0.1140E+03  0.4823E+03  0.1040E-01
   0.008118
  -0.005443
   0.003384
  -0.003462
   0.002402
   5.236E-5
   0.01305
   -1.744E-4
   -0.001322
   0.01383394602273697
   0.0038512000000000004
   0.00652138469549732
   -0.7942    0.5237    0.3083
   0.5717    0.8158    0.08691
   0.206    -0.2453    0.9473
 Node:         58
  0.1476E+03  0.1177E+03  0.4526E+03  0.1040E-01
   0.01883
  -0.007247
   0.005227
  -0.001033
   0.008284
  -0.06169
   0.02219
   0.002879
   -0.0627
   0.07707085072191691
   -0.012543666666666668
   0.03633154745152238
   0.9089    -0.4138    -0.05207
   0.4171    0.9023    0.1091
   0.001837    -0.1209    0.9927
 Node:         59
  0.1414E+03  0.1166E+03  0.4688E+03  0.1040E-01
   0.03996
  -0.01655
   0.005833
  -0.02048
   0.01494
  -0.0161
   0.05523
   4.046E-4
   -0.02594
   0.07172318779279126
   0.0098982
   0.033810634971065935
   -0.8612    0.3879    0.3285
   0.4654    0.8616    0.2026
   0.2044    -0.3273    0.9225
 Node:         60
  0.1374E+03  0.1150E+03  0.4832E+03  0.1040E-01
   0.01463
  -0.009087
   0.005691
  -0.01011
   0.006482
   0.003845
   0.02662
   4.214E-5
   -0.002497
   0.027934115013001578
   0.008055046666666668
   0.013168268101425573
   -0.7495    0.4698    0.4664
   0.5517    0.8326    0.0479
   0.3659    -0.2933    0.8833
 Node:         61
  0.1546E+03  0.1220E+03  0.4530E+03  0.1040E-01
   0.03048
  -0.005648
  -0.007977
   0.009443
  -0.0152
  -0.01992
   0.03397
   -7.353E-4
   -0.03065
   0.05601379974693736
   8.615666666666662E-4
   0.026405158427389816
   -0.9512    0.21    -0.2259
   0.2981    0.8141    -0.4985
   -0.07926    0.5415    0.837
 Node:         62
  0.1487E+03  0.1201E+03  0.4695E+03  0.1040E-01
   0.04536
  -0.0266
   0.007263
  -0.01965
   0.007643
   0.02531
   0.06909
   0.01544
   -0.006592
   0.06742216493112632
   0.02597933333333333
   0.0317831133500515
   -0.8076    0.4009    0.4325
   -0.3431    0.277    -0.8975
   -0.4796    -0.8732    -0.08616
 Node:         63
  0.1436E+03  0.1181E+03  0.4838E+03  0.1040E-01
   0.01035
  -0.01461
   0.01576
  -0.008149
   0.01117
   0.008761
   0.03514
   0.001712
   -0.001977
   0.03541688576089094
   0.011624999999999998
   0.016695680060023508
   -0.558    0.6881    0.4639
   -0.4574    0.2114    -0.8638
   -0.6924    -0.6941    0.1968
 Node:         64
  0.1410E+03  0.1253E+03  0.4521E+03  0.1040E-01
  -0.01805
  -0.01407
   0.02423
   2.899E-4
   3.368E-4
  -0.02102
   0.02848
   -0.02091
   -0.0224
   0.050151603164804215
   -0.004943333333333334
   0.02364169245680652
   -0.2894    0.9572    0.004819
   -0.2514    -0.07113    -0.9653
   0.9236    0.2805    -0.2612
 Node:         65
  0.1338E+03  0.1229E+03  0.4681E+03  0.1040E-01
   0.009174
  -0.02169
   0.01544
  -0.005926
   0.001988
  -0.01296
   0.03483
   -0.007865
   -0.01532
   0.046869299920096946
   0.0038816666666666665
   0.02209439986864444
   0.6566    -0.7459    -0.1124
   -0.621    -0.6191    0.4806
   -0.4281    -0.2457    -0.8697
 Node:         66
  0.1299E+03  0.1214E+03  0.4825E+03  0.1040E-01
   0.007402
  -0.006725
   0.005248
  -0.002924
   0.002249
  -2.115E-4
   0.01409
   -4.413E-4
   -0.001206
   0.0149283465557978
   0.004147566666666666
   0.00703729005433831
   -0.7389    0.6258    0.2496
   0.5813    0.7795    -0.2334
   0.3406    0.0274    0.9398
 Node:         67
  0.1494E+03  0.1243E+03  0.4526E+03  0.1040E-01
  -0.007192
  -0.009017
   0.02323
   5.418E-4
   0.002464
  -0.05543
   0.02576
   -0.009634
   -0.05552
   0.07058575859194262
   -0.013131333333333333
   0.033274445703706156
   -0.2634    0.9643    0.02751
   0.9645    0.2627    0.02555
   -0.01741    -0.03326    0.9993
 Node:         68
  0.1429E+03  0.1223E+03  0.4688E+03  0.1040E-01
   0.03184
  -0.02073
   0.01956
  -0.01515
   0.006189
  -0.03029
   0.05044
   0.004499
   -0.03383
   0.07307913731702093
   0.0070363333333333345
   0.034449835706752245
   -0.7962    0.5732    0.1934
   0.5651    0.8189    -0.1005
   0.216    -0.02929    0.976
 Node:         69
  0.1379E+03  0.1205E+03  0.4831E+03  0.1040E-01
   0.01487
  -0.009097
   0.006382
  -0.007625
   0.004453
   2.477E-5
   0.02392
   6.124E-4
   -0.00326
   0.02546558559625127
   0.0070908
   0.012004592174663828
   -0.7939    0.4997    0.3464
   0.5072    0.8585    -0.07596
   0.3354    -0.1154    0.935
 Node:         70
  0.1549E+03  0.1240E+03  0.4530E+03  0.1040E-01
   0.002117
  -0.01186
   0.01904
  -0.006529
   0.005272
  -0.07591
   0.02573
   -0.003838
   -0.07665
   0.0912620358308974
   -0.018252666666666667
   0.04302133626727816
   0.4643    -0.8825    -0.0756
   -0.8825    -0.4682    0.04569
   0.07571    -0.0455    0.9961
 Node:         71
  0.1489E+03  0.1220E+03  0.4695E+03  0.1040E-01
   0.04939
  -0.01682
   0.0178
  -0.02827
   0.01074
  -0.02843
   0.0663
   0.01055
   -0.0381
   0.09048271934463507
   0.012916666666666667
   0.04265396295252711
   -0.8773    0.3715    0.3039
   -0.383    -0.9235    0.02318
   0.2892    -0.09605    0.9524
 Node:         72
  0.1434E+03  0.1199E+03  0.4837E+03  0.1040E-01
   0.02267
  -0.009084
   0.005207
  -0.01286
   0.005615
   0.002215
   0.03294
   0.001341
   -0.004193
   0.03469857090717138
   0.010029333333333333
   0.016357063190628757
   -0.8363    0.358    0.4153
   0.4012    0.9158    0.0185
   0.3737    -0.1821    0.9095
 Node:         73
  0.1438E+03  0.1339E+03  0.4517E+03  0.0000E+00
   0.02504
   9.203E-4
  -0.01626
  -0.005367
   0.00423
  -0.001026
   0.0261
   -8.705E-4
   -0.01747
   0.038087374354896134
   0.0025865000000000007
   0.017954560455958442
   -0.981    -0.001962    0.1938
   -0.186    -0.2708    -0.9445
   -0.05433    0.9626    -0.2653
 Node:         74
  0.1363E+03  0.1303E+03  0.4680E+03  0.0000E+00
   0.04314
   0.01698
  -3.623E-4
   0.003534
   0.007138
   0.009485
   0.04979
   0.01052
   -0.008053
   0.05115125549778812
   0.017419
   0.024112933085794434
   -0.9314    -0.3354    -0.1411
   -0.2331    0.2522    0.9392
   -0.2795    0.9077    -0.3131
 Node:         75
  0.1313E+03  0.1288E+03  0.4826E+03  0.0000E+00
   0.01954
   0.006983
   0.001606
   0.002132
   0.001117
   0.001508
   0.02221
   0.001297
   -8.548E-4
   0.02206772316393334
   0.007550733333333334
   0.010402824463043145
   -0.939    -0.3244    -0.1142
   -0.1621    0.1247    0.9789
   -0.3033    0.9377    -0.1696
 Node:         76
  0.1512E+03  0.1310E+03  0.4524E+03  0.0000E+00
   0.0191
  -0.00121
  -0.0143
  -0.005462
  -4.0E-4
  -0.008846
   0.02017
   -0.009792
   -0.01442
   0.03252389835182739
   -0.0013473333333333334
   0.015331912716799415
   -0.9823    0.03234    0.1845
   0.1786    -0.1344    0.9747
   -0.05631    -0.9904    -0.1263
 Node:         77
  0.1443E+03  0.1281E+03  0.4687E+03  0.0000E+00
   0.05089
   0.01517
   2.459E-5
   0.00477
   0.00218
   0.002449
   0.05557
   0.002055
   -0.004268
   0.05694041533919471
   0.01778566666666667
   0.026841969206615388
   -0.9591    -0.2658    -0.09702
   -0.1281    0.102    0.9865
   -0.2523    0.9586    -0.1319
 Node:         78
  0.1384E+03  0.1261E+03  0.4829E+03  0.0000E+00
   0.02214
   0.00801
   0.001753
   0.002903
   0.001232
   0.001041
   0.02532
   6.603E-4
   -0.001045
   0.025555058962757258
   0.008311766666666666
   0.012046770324125143
   -0.9369    -0.3252    -0.1285
   -0.1618    0.07743    0.9838
   -0.31    0.9425    -0.1252
 Node:         79
  0.1551E+03  0.1260E+03  0.4530E+03  0.0000E+00
   0.009547
  -0.006527
  -0.06675
  -0.01573
   7.718E-4
  -2.928E-4
   0.02148
   -0.01167
   -0.06731
   0.07771227766575883
   -0.019166666666666665
   0.03663391901260663
   0.8078    -0.06488    -0.5859
   0.5831    -0.05774    0.8103
   -0.0864    -0.9962    -0.008806
 Node:         80
  0.1491E+03  0.1239E+03  0.4695E+03  0.0000E+00
   0.06114
   0.001262
  -0.04164
   0.009219
   0.004187
   0.008407
   0.06274
   0.007156
   -0.04199
   0.09075594545813515
   0.009302
   0.0427827629776292
   -0.9855    -0.01868    -0.1687
   -0.1696    0.0799    0.9823
   0.00487    -0.9966    0.08191
 Node:         81
  0.1433E+03  0.1217E+03  0.4837E+03  0.0000E+00
   0.02633
   0.005684
  -0.003581
   0.009554
   0.002806
   0.004236
   0.03104
   7.519E-4
   -0.004803
   0.033413669093800516
   0.0089963
   0.01575135466703314
   -0.9206    -0.1793    -0.3469
   -0.3695    0.1126    0.9224
   0.1263    -0.9773    0.1699
 Node:         82
  0.1267E+03  0.1148E+03  0.4555E+03  0.1916E-01
   0.01981
  -0.0108
  -0.006789
  -0.00472
  -0.002257
  -0.007309
   0.02408
   -0.005233
   -0.01314
   0.03396395897123891
   0.001902333333333334
   0.01601076380300314
   -0.9399    0.3202    0.1183
   -0.08971    -0.5661    0.8195
   0.3294    0.7596    0.5608
 Node:         83
  0.1234E+03  0.1129E+03  0.4716E+03  0.1916E-01
   0.009105
  -0.008877
  -0.005043
  -0.01168
   2.567E-4
   0.004923
   0.02085
   -5.359E-4
   -0.01133
   0.028367425981396337
   0.0029947000000000007
   0.013372532850835202
   -0.7741    0.2711    0.5721
   0.327    -0.6026    0.728
   0.5421    0.7506    0.3778
 Node:         84
  0.1187E+03  0.1123E+03  0.4849E+03  0.1916E-01
   0.001014
  -9.01E-4
  -4.801E-4
  -0.003502
   1.787E-4
   0.005527
   0.00748
   1.81E-5
   -0.001437
   0.008285836005497574
   0.0020203666666666668
   0.0039059805515246596
   -0.4829    0.07425    0.8725
   -0.5056    0.7899    -0.3471
   -0.715    -0.6087    -0.3439
 Node:         85
  0.1302E+03  0.1161E+03  0.4542E+03  0.1916E-01
   0.02291
  -0.01228
  -0.006876
  -0.004621
  -0.00399
  -0.01427
   0.02754
   -0.00735
   -0.01842
   0.04154623087597718
   5.900000000000002E-4
   0.019585081056763588
   -0.942    0.3278    0.07283
   0.2229    0.7726    -0.5945
   0.2511    0.5438    0.8008
 Node:         86
  0.1252E+03  0.1138E+03  0.4699E+03  0.1916E-01
  -0.006119
  -0.009639
   0.01487
  -0.02417
   0.00147
   9.055E-4
   0.02675
   0.01089
   -0.02799
   0.048783509508849396
   0.0032166666666666663
   0.02299676692252389
   -0.5927    0.5529    0.5856
   0.2605    0.8197    -0.5102
   0.7621    0.1498    0.6299
 Node:         87
  0.1217E+03  0.1126E+03  0.4833E+03  0.1916E-01
   0.002954
  -7.07E-4
  -4.444E-4
  -0.005307
   7.037E-4
   0.005966
   0.01007
   -5.023E-4
   -0.001092
   0.0108791432884212
   0.002825233333333333
   0.0051284773284951644
   -0.6012    0.09354    0.7936
   0.1393    -0.9657    0.2193
   0.7869    0.2424    0.5675
 Node:         88
  0.1338E+03  0.1169E+03  0.4525E+03  0.1916E-01
   0.0154
  -0.01192
  -0.001339
  -0.004754
   0.001102
  -0.008811
   0.02231
   -0.00697
   -0.01009
   0.03095813947898032
   0.0017499999999999998
   0.014593806905670637
   -0.88    0.4505    0.1504
   0.3559    0.8353    -0.4191
   0.3144    0.3153    0.8954
 Node:         89
  0.1270E+03  0.1150E+03  0.4681E+03  0.1916E-01
   0.02347
  -0.01119
  -0.001456
  -0.0128
   2.8E-4
   7.345E-4
   0.03241
   -6.864E-4
   -0.008977
   0.0379274933941066
   0.007582200000000002
   0.01787919184825384
   -0.8849    0.2954    0.3601
   0.06536    -0.6868    0.7239
   0.4611    0.6641    0.5884
 Node:         90
  0.1248E+03  0.1132E+03  0.4821E+03  0.1916E-01
   0.00611
  -0.00414
   0.001994
  -0.003268
   0.001716
   0.001557
   0.01024
   8.417E-5
   -6.61E-4
   0.010548174304537255
   0.0032210566666666667
   0.0049724570532506595
   -0.7874    0.4768    0.3907
   0.1322    -0.4885    0.8625
   0.6021    0.7308    0.3216
 Node:         91
  0.1257E+03  0.1258E+03  0.4543E+03  0.1916E-01
  -0.0211
  -0.02146
   0.01662
  -0.007664
  -8.543E-4
  -0.008429
   0.0265
   -0.006399
   -0.03301
   0.05163298181395298
   -0.004302999999999999
   0.02434002104901856
   -0.4193    0.9051    0.06987
   -0.2329    -0.1816    0.9554
   -0.8775    -0.3844    -0.2869
 Node:         92
  0.1208E+03  0.1231E+03  0.4723E+03  0.1916E-01
   0.009874
  -0.01431
  -0.003203
  -0.01247
  -0.001508
  -0.001957
   0.0231
   -9.959E-4
   -0.01739
   0.035276188935456164
   0.0015713666666666664
   0.016629354940452607
   -0.8205    0.4246    0.3827
   0.01969    -0.6481    0.7613
   0.5713    0.6322    0.5234
 Node:         93
  0.1159E+03  0.1217E+03  0.4876E+03  0.1916E-01
   0.004784
   2.949E-4
  -0.001175
  -0.006099
  -0.002733
   0.003955
   0.01085
   1.284E-4
   -0.003415
   0.012864653417795599
   0.0025211333333333336
   0.006064455779558642
   -0.7024    -0.1741    0.6902
   0.5726    -0.7142    0.4025
   -0.4229    -0.6779    -0.6013
 Node:         94
  0.1311E+03  0.1261E+03  0.4533E+03  0.1916E-01
  -0.02732
  -0.02113
   0.02059
  -0.004355
  -0.002698
  -0.01514
   0.0286
   -0.01397
   -0.03649
   0.05725409766994848
   -0.007286666666666667
   0.02698984047542499
   -0.3519    0.9358    -0.02268
   -0.2225    -0.06007    0.9731
   -0.9092    -0.3474    -0.2293
 Node:         95
  0.1248E+03  0.1233E+03  0.4703E+03  0.1916E-01
   0.0182
  -0.01283
   0.004586
  -0.01382
   4.271E-6
  -0.01578
   0.02915
   -6.468E-4
   -0.0215
   0.04409153966737837
   0.0023344000000000004
   0.020784951127839263
   -0.8552    0.4466    0.2631
   -0.357    -0.8755    0.3257
   0.3758    0.1847    0.9081
 Node:         96
  0.1205E+03  0.1222E+03  0.4851E+03  0.1916E-01
   0.008953
  -6.089E-4
  -2.851E-5
  -0.007141
  -6.021E-4
   9.825E-4
   0.01315
   1.703E-4
   -0.003412
   0.015093133030951526
   0.0033027666666666667
   0.007114971143690995
   -0.8627    0.01677    0.5055
   0.1062    -0.9712    0.2134
   0.4945    0.2377    0.836
 Node:         97
  0.1366E+03  0.1259E+03  0.4522E+03  0.1916E-01
  -0.01949
  -0.01713
   0.02286
  -0.005448
  -0.002225
  -0.02056
   0.02892
   -0.01667
   -0.02944
   0.05313854815480002
   -0.00573
   0.025049751828444666
   -0.3329    0.9429    -0.005755
   -0.5221    -0.1792    0.8339
   -0.7852    -0.2806    -0.552
 Node:         98
  0.1294E+03  0.1232E+03  0.4683E+03  0.1916E-01
   0.01115
  -0.0207
   0.01107
  -0.01126
  -6.786E-4
  -0.01471
   0.03303
   -0.003867
   -0.02165
   0.04830903692892252
   0.002504333333333333
   0.022773098403354976
   -0.7207    0.6745    0.1603
   0.4974    0.6641    -0.5581
   0.483    0.3225    0.8141
 Node:         99
  0.1260E+03  0.1218E+03  0.4827E+03  0.1916E-01
   0.007458
  -0.005508
   0.003069
  -0.003933
   0.001564
   5.187E-5
   0.01256
   -6.93E-5
   -0.001917
   0.01364728439617201
   0.0035245666666666666
   0.006433391560876391
   -0.7975    0.5145    0.315
   -0.2976    -0.7898    0.5364
   0.5248    0.334    0.783
 Node:        100
  0.1249E+03  0.1370E+03  0.4529E+03  0.0000E+00
   0.03108
   0.003284
  -0.01194
  -0.004545
  -0.002296
   0.01442
   0.03256
   0.01334
   -0.01233
   0.0390094180935835
   0.011189999999999999
   0.01838921604274273
   -0.964    -0.08416    0.2522
   -0.2571    0.05425    -0.9649
   -0.06752    0.995    0.07394
 Node:        101
  0.1186E+03  0.1334E+03  0.4715E+03  0.0000E+00
   0.0258
   0.007468
  -5.095E-4
   0.006393
   0.004625
   0.02465
   0.03382
   0.01891
   -0.002796
   0.03189192681541835
   0.016644666666666665
   0.015033998477524941
   -0.7331    -0.2449    -0.6345
   0.6407    0.06419    -0.7651
   -0.2281    0.9674    -0.1099
 Node:        102
  0.1139E+03  0.1312E+03  0.4875E+03  0.0000E+00
   0.007824
   0.005742
   0.004269
   0.005166
   0.004246
   0.004723
   0.01601
   8.798E-4
   -7.453E-5
   0.015629232276567522
   0.00560509
   0.007367690751667037
   -0.6859    -0.5197    -0.5094
   0.5886    0.0153    -0.8083
   -0.4278    0.8542    -0.2954
 Node:        103
  0.1321E+03  0.1362E+03  0.4522E+03  0.0000E+00
   0.03034
   0.002225
  -0.02199
  -0.005299
  -0.002404
   0.01655
   0.03229
   0.01481
   -0.02221
   0.048198966793905444
   0.008296666666666667
   0.022721210844103844
   -0.944    -0.05312    0.3257
   -0.328    0.04184    -0.9438
   -0.03651    0.9977    0.05692
 Node:        104
  0.1249E+03  0.1328E+03  0.4699E+03  0.0000E+00
   0.03175
   0.009785
  -0.007681
   0.006879
   0.00586
   0.02642
   0.03923
   0.02172
   -0.01046
   0.04365345690778681
   0.01683
   0.02057843693448719
   -0.807    -0.236    -0.5414
   -0.5533    -0.01819    0.8328
   -0.2064    0.9716    -0.1159
 Node:        105
  0.1200E+03  0.1316E+03  0.4853E+03  0.0000E+00
   0.01231
   0.006211
   0.002776
   0.00578
   0.003975
   0.004437
   0.01875
   0.00152
   -7.501E-4
   0.01846997772088532
   0.0065066333333333335
   0.008706830996534975
   -0.7959    -0.4184    -0.4376
   -0.5571    0.2231    0.7999
   0.2371    -0.8805    0.4106
 Node:        106
  0.1394E+03  0.1349E+03  0.4517E+03  0.0000E+00
   0.02724
   9.073E-4
  -0.03051
  -0.00572
   6.91E-4
   0.01111
   0.02907
   0.009307
   -0.03054
   0.05259140461140014
   0.002612333333333331
   0.024791825888564337
   0.9529    0.011    -0.303
   -0.3027    -0.02344    -0.9528
   -0.01758    0.9997    -0.019
 Node:        107
  0.1319E+03  0.1314E+03  0.4682E+03  0.0000E+00
   0.0398
   0.01415
  -0.0112
   0.005718
   0.006567
   0.01879
   0.04543
   0.01755
   -0.01558
   0.05290137710872941
   0.015799999999999998
   0.024937948325126236
   -0.9281    -0.2625    -0.2639
   -0.2921    0.07408    0.9535
   -0.2307    0.9621    -0.1454
 Node:        108
  0.1272E+03  0.1303E+03  0.4831E+03  0.0000E+00
   0.01734
   0.006544
   0.001454
   0.003629
   0.001883
   0.002346
   0.02059
   0.001561
   -0.001011
   0.020436746634432793
   0.007046666666666666
   0.009633974753732519
   -0.9169    -0.335    -0.217
   0.2723    -0.1276    -0.9537
   -0.2918    0.9336    -0.2082
 Node:        109
  0.1018E+03  0.1092E+03  0.4946E+03 -0.4496E-04
   0.0
   1.388E-16
   1.11E-16
   5.551E-17
  -1.388E-17
   0.0
   2.069E-16
   2.266E-17
   -1.186E-16
   2.827092280064448E-16
   3.698666666666666E-17
   1.3327040815158061E-16
   -0.5724    -0.814    -0.09897
   0.2904    -0.3141    0.9039
   0.7668    -0.4887    -0.4162
 Node:        110
  0.1058E+03  0.1118E+03  0.5081E+03 -0.4496E-04
   0.0
   2.776E-17
   0.0
  -1.388E-17
  -5.204E-17
   2.22E-16
   2.353E-16
   1.788E-17
   -3.112E-17
   2.456135916434593E-16
   7.402E-17
   1.157833574684491E-16
   -0.08376    -0.2246    0.9708
   0.7726    0.6007    0.2056
   0.6293    -0.7673    -0.1232
 Node:        111
  0.1108E+03  0.1137E+03  0.5210E+03 -0.4496E-04
   0.0
   5.551E-17
  -1.11E-16
  -2.776E-17
   3.261E-16
  -2.22E-16
   1.68E-16
   2.779E-18
   -5.038E-16
   6.063148942925615E-16
   -1.1100700000000001E-16
   2.8581958219244996E-16
   0.1486    0.7638    0.6281
   0.9825    -0.0417    -0.1818
   0.1126    -0.6441    0.7566
 Node:        112
