 Group name: gastroc_Strain
 #Fields=  16
 1) coordinates, coordinate, rectangular cartesian, #Components=3
   x.  Value index= 1, #Derivatives=0
   y.  Value index= 2, #Derivatives=0
   z.  Value index= 3, #Derivatives=0
 2) Tensor_1, field, rectangular cartesian, #Components=1
   Tensor_1.  Value index= 4, #Derivatives=0
 3) Tensor_2, field, rectangular cartesian, #Components=1
   Tensor_2.  Value index= 5, #Derivatives=0
 4) Tensor_3, field, rectangular cartesian, #Components=1
   Tensor_3.  Value index= 6, #Derivatives=0
 5) Tensor_4, field, rectangular cartesian, #Components=1
   Tensor_4.  Value index= 7, #Derivatives=0
 6) Tensor_5, field, rectangular cartesian, #Components=1
   Tensor_5.  Value index= 8, #Derivatives=0
 7) Tensor_6, field, rectangular cartesian, #Components=1
   Tensor_6.  Value index= 9, #Derivatives=0
 8) Principal_1, field, rectangular cartesian, #Components=1
   Principal_1.  Value index= 10, #Derivatives=0
 9) Principal_2, field, rectangular cartesian, #Components=1
   Principal_2.  Value index= 11, #Derivatives=0
 10) Principal_3, field, rectangular cartesian, #Components=1
   Principal_3.  Value index= 12, #Derivatives=0
 11) VonMises, field, rectangular cartesian, #Components=1
   VonMises.  Value index= 13, #Derivatives=0
 12) Hydrostatic, field, rectangular cartesian, #Components=1
   VonMises.  Value index= 14, #Derivatives=0
 13) Octahedral, field, rectangular cartesian, #Components=1
   VonMises.  Value index= 15, #Derivatives=0
 14) PrincipalVector1, field, rectangular cartesian, #Components=3
   x.  Value index= 16, #Derivatives=0
   y.  Value index= 17, #Derivatives=0
   z.  Value index= 18, #Derivatives=0
 15) PrincipalVector2, field, rectangular cartesian, #Components=3
   x.  Value index= 19, #Derivatives=0
   y.  Value index= 20, #Derivatives=0
   z.  Value index= 21, #Derivatives=0
 16) PrincipalVector3, field, rectangular cartesian, #Components=3
   x.  Value index= 22, #Derivatives=0
   y.  Value index= 23, #Derivatives=0
   z.  Value index= 24, #Derivatives=0
 Node:          1
  0.1287E+03  0.1133E+03  0.4908E+03 -0.8791E-01
  -1.11E-16
  -8.327E-17
  -2.22E-16
  -2.776E-17
  -4.163E-17
  -3.331E-16
   -6.637E-17
   -2.4E-16
   -3.598E-16
   2.5553921597281306E-16
   -2.2205666666666663E-16
   1.204623416489799E-16
   0.8837    -0.4676    -0.01897
   0.4046    0.7837    -0.4712
   0.2352    0.4088    0.8818
 Node:          2
  0.1292E+03  0.1137E+03  0.5052E+03 -0.8791E-01
  -5.551E-17
  -1.11E-16
  -1.665E-16
  -5.551E-17
   1.943E-16
  -2.776E-16
   8.603E-17
   -1.6E-16
   -4.256E-16
   4.4319260925696854E-16
   -1.6652333333333334E-16
   2.089229995849082E-16
   -0.6554    0.6199    0.4313
   0.7522    0.4849    0.4462
   -0.06744    -0.6169    0.7841
 Node:          3
  0.1289E+03  0.1155E+03  0.5194E+03 -0.8791E-01
   2.22E-16
   1.388E-16
   3.331E-16
   1.11E-16
   5.551E-17
   2.22E-16
   4.753E-16
   2.118E-16
   9.006E-17
   3.4107384479024473E-16
   2.590533333333333E-16
   1.6078375235770005E-16
   -0.5696    -0.7144    -0.4063
   0.2395    -0.6172    0.7494
   -0.7862    0.3296    0.5227
 Node:          4
  0.1361E+03  0.1141E+03  0.4915E+03 -0.8791E-01
   0.0
  -2.776E-17
  -1.11E-16
  -2.776E-17
  -8.327E-17
   2.22E-16
   2.435E-16
   6.328E-18
   -1.388E-16
   3.3426485304919515E-16
   3.700933333333334E-17
   1.5757396286894045E-16
   -0.08549    -0.2215    0.9714
   0.9681    -0.2491    0.0284
   0.2357    0.9428    0.2357
 Node:          5
  0.1341E+03  0.1144E+03  0.5054E+03 -0.8791E-01
   3.331E-16
   1.388E-16
   3.331E-16
   5.551E-17
  -6.939E-17
   4.441E-16
   4.814E-16
   4.627E-16
   1.662E-16
   3.062784517395894E-16
   3.7010000000000004E-16
   1.4438104677092028E-16
   -0.348    -0.6443    0.681
   -0.6589    -0.3487    -0.6665
   0.6669    -0.6807    -0.3032
 Node:          6
  0.1323E+03  0.1162E+03  0.5191E+03 -0.8791E-01
   2.22E-16
   5.551E-17
   2.22E-16
  -5.551E-17
  -2.776E-17
   0.0
   2.897E-16
   1.685E-16
   -1.402E-17
   2.648101478418076E-16
   1.4806E-16
   1.2483270084396958E-16
   -0.715    -0.6696    0.2012
   0.6656    -0.7399    -0.09741
   -0.2141    -0.06426    -0.9747
 Node:          7
  0.1408E+03  0.1171E+03  0.4920E+03 -0.8791E-01
   3.331E-16
   2.22E-16
   2.22E-16
  -8.327E-17
  -1.11E-16
   0.0
   5.398E-16
   6.158E-17
   -4.631E-17
   5.403052621435404E-16
   1.8502333333333335E-16
   2.5470234318164845E-16
   -0.7537    -0.6111    0.2419
   -0.656    0.677    -0.3335
   -0.04004    0.4101    0.9112
 Node:          8
  0.1367E+03  0.1169E+03  0.5055E+03 -0.8791E-01
   2.22E-16
   1.943E-16
   2.22E-16
  -4.025E-16
  -2.359E-16
  -2.22E-16
   6.547E-16
   4.477E-17
   -4.775E-16
   9.814930967154074E-16
   7.399000000000001E-17
   4.626802829168323E-16
   -0.6847    -0.5611    0.4652
   0.5685    -0.8105    -0.1409
   -0.4561    -0.1681    -0.8739
 Node:          9
  0.1339E+03  0.1180E+03  0.5191E+03 -0.8791E-01
   2.22E-16
   1.665E-16
   0.0
  -3.955E-16
  -2.776E-16
   6.661E-16
   1.002E-15
   -9.379E-18
   -1.046E-16
   1.062195387036208E-15
   2.96007E-16
   5.007237074122481E-16
   -0.4817    -0.3073    0.8207
   -0.8565    -0.03292    -0.515
   -0.1853    0.951    0.2474
 Node:         10
  0.1294E+03  0.1212E+03  0.4911E+03 -0.8791E-01
   0.0
   2.776E-17
   1.11E-16
  -1.388E-17
   1.249E-16
   1.11E-16
   2.363E-16
   2.303E-17
   -3.732E-17
   2.48992088026909E-16
   7.400333333333333E-17
   1.173759959370834E-16
   0.0421    0.71    0.703
   -0.7813    -0.4152    0.4661
   -0.6228    0.5688    -0.5372
 Node:         11
  0.1295E+03  0.1214E+03  0.5055E+03 -0.8791E-01
  -2.22E-16
  -2.776E-17
  -2.22E-16
  -4.163E-17
   1.388E-17
  -1.665E-16
   -1.365E-16
   -2.183E-16
   -2.558E-16
   1.0566451627675205E-16
   -2.035333333333333E-16
   4.9810730660058464E-17
   -0.4935    0.2929    0.8189
   0.3541    -0.7924    0.4968
   -0.7944    -0.5351    -0.2873
 Node:         12
  0.1295E+03  0.1217E+03  0.5196E+03 -0.8791E-01
   1.11E-16
   0.0
   1.11E-16
   7.633E-17
   2.776E-17
   2.22E-16
   2.649E-16
   1.11E-16
   6.816E-17
   1.792025435087348E-16
   1.4801999999999999E-16
   8.447688914726913E-17
   -0.4387    -0.1595    -0.8844
   0.3417    -0.9398    -2.255E-17
   0.8311    0.3022    -0.4668
 Node:         13
  0.1361E+03  0.1199E+03  0.4914E+03 -0.8791E-01
   1.11E-16
  -1.388E-16
   0.0
  -9.714E-17
   2.776E-17
  -1.665E-16
   2.285E-16
   -8.52E-17
   -1.988E-16
   3.833392361864358E-16
   -1.849999999999999E-17
   1.807078489348669E-16
   0.8171    -0.5252    -0.2378
   0.4648    0.8442    -0.2671
   0.341    0.1077    0.9339
 Node:         14
  0.1342E+03  0.1198E+03  0.5054E+03 -0.8791E-01
  -5.551E-17
   2.776E-17
   0.0
   5.551E-17
  -9.021E-17
   1.11E-16
   1.672E-16
   -4.94E-18
   -1.068E-16
   2.398787602102362E-16
   1.8486666666666665E-17
   1.130799320048532E-16
   0.1634    -0.4472    0.8794
   -0.6569    -0.7144    -0.2412
   -0.7361    0.5382    0.4105
 Node:         15
  0.1330E+03  0.1205E+03  0.5193E+03 -0.8791E-01
   2.22E-16
  -8.327E-17
  -5.551E-17
   1.388E-17
   4.857E-17
   0.0
   2.451E-16
   2.471E-17
   -1.033E-16
   3.0523832672192397E-16
   5.550333333333333E-17
   1.438907271354049E-16
   -0.9638    0.2667    -0.001723
   0.1157    0.4239    0.8983
   0.2403    0.8656    -0.4394
 Node:         16
  0.1404E+03  0.1188E+03  0.4918E+03 -0.8791E-01
   2.22E-16
   5.551E-17
   2.22E-16
  -8.327E-17
  -1.457E-16
   4.441E-16
   5.466E-16
   1.95E-16
   1.465E-16
   3.7818964819254375E-16
   2.9603333333333337E-16
   1.7828030987433498E-16
   -0.2927    -0.4328    0.8526
   -0.9222    -0.1077    -0.3713
   -0.2526    0.895    0.3676
 Node:         17
  0.1365E+03  0.1184E+03  0.5055E+03 -0.8791E-01
  -1.11E-16
   2.776E-17
  -1.11E-16
   9.714E-17
   1.7E-16
   0.0
   1.573E-16
   -1.341E-16
   -2.452E-16
   3.600440389730123E-16
   -7.400000000000001E-17
   1.697263876557404E-16
   0.3368    0.5285    0.7792
   0.8927    -0.4425    -0.08566
   -0.2996    -0.7244    0.6209
 Node:         18
  0.1341E+03  0.1191E+03  0.5192E+03 -0.8791E-01
   0.0
   0.0
   0.0
   2.645E-17
   1.065E-16
   4.441E-16
   4.697E-16
   -1.672E-33
   -2.562E-17
   4.830198633596759E-16
   1.4802666666666666E-16
   2.2769774721961763E-16
   -0.05484    -0.2207    -0.9738
   0.9705    -0.2411    -6.21E-17
   -0.2348    -0.9451    0.2274
 Node:         19
  0.1301E+03  0.1291E+03  0.4914E+03  0.0000E+00
   1.11E-16
   0.0
   1.11E-16
   2.101E-19
   1.001E-17
  -2.22E-16
   1.113E-16
   1.11E-16
   -2.223E-16
   3.3345010121455954E-16
   0.0
   1.5718988517077046E-16
   -0.02096    -0.9993    -0.03003
   0.9998    -0.02097    1.345E-19
   6.298E-4    0.03003    -0.9995
 Node:         20
  0.1299E+03  0.1291E+03  0.5058E+03  0.0000E+00
   2.22E-16
   0.0
   0.0
   1.041E-17
   1.924E-17
  -5.551E-17
   2.224E-16
   5.975E-18
   -6.188E-17
   2.5715676157744715E-16
   5.549833333333335E-17
   1.2122485995959007E-16
   -0.9993    -0.003257    -0.03765
   0.01428    -0.9549    -0.2965
   -0.03498    -0.2968    0.9543
 Node:         21
  0.1301E+03  0.1280E+03  0.5197E+03  0.0000E+00
   1.11E-16
   0.0
   0.0
   4.163E-17
   1.475E-17
   1.11E-16
   1.534E-16
   7.089E-17
   -2.22E-18
   1.3485280234388901E-16
   7.402333333333333E-17
   6.357022066624871E-17
   -0.6994    -0.0684    -0.7114
   -0.7126    0.1429    0.6869
   -0.05465    -0.9874    0.1487
 Node:         22
  0.1360E+03  0.1256E+03  0.4913E+03  0.0000E+00
  -2.22E-16
   1.388E-17
  -1.11E-16
  -1.388E-17
   1.006E-16
   1.11E-16
   1.5E-16
   -1.456E-16
   -2.264E-16
   3.432090907886911E-16
   -7.4E-17
   1.617903169743686E-16
   -0.02144    0.3586    0.9332
   0.228    0.9106    -0.3447
   -0.9734    0.2054    -0.1013
 Node:         23
  0.1343E+03  0.1253E+03  0.5054E+03  0.0000E+00
   0.0
   2.082E-17
  -4.441E-16
   0.0
   1.314E-16
  -1.665E-16
   1.265E-18
   -1.147E-16
   -4.972E-16
   4.517861703560657E-16
   -2.0354499999999996E-16
   2.1297404313671653E-16
   0.997    0.06061    0.04746
   0.06644    -0.3661    -0.9282
   0.03888    -0.9286    0.369
 Node:         24
  0.1336E+03  0.1248E+03  0.5194E+03  0.0000E+00
  -2.22E-16
   1.214E-17
   0.0
   1.388E-17
   8.674E-19
  -1.665E-16
   6.779E-19
   -1.633E-16
   -2.259E-16
   2.026635838733984E-16
   -1.2950736666666666E-16
   9.553652963763242E-17
   -0.05504    -0.9984    -0.009747
   0.2257    -0.02195    0.974
   -0.9726    0.05141    0.2265
 Node:         25
  0.1400E+03  0.1206E+03  0.4917E+03  0.0000E+00
   0.0
   2.671E-16
  -1.11E-16
  -8.327E-17
  -1.301E-16
   2.22E-16
   3.681E-16
   7.58E-17
   -3.329E-16
   6.098671904603493E-16
   3.699999999999999E-17
   2.8749415066513385E-16
   0.5089    0.4781    -0.7159
   0.6086    0.3883    0.692
   0.6088    -0.7878    -0.09334
 Node:         26
  0.1363E+03  0.1200E+03  0.5055E+03  0.0000E+00
   2.22E-16
   1.076E-16
  -6.106E-16
   2.776E-17
  -1.124E-15
  -5.551E-17
   8.281E-16
   2.248E-16
   -1.497E-15
   2.089815319591662E-15
   -1.4803333333333336E-16
   9.851483892738641E-16
   0.07371    0.6174    -0.7832
   0.9955    0.001018    0.09449
   -0.05914    0.7866    0.6146
 Node:         27
  0.1343E+03  0.1203E+03  0.5192E+03  0.0000E+00
   2.22E-16
  -1.943E-16
   2.22E-16
  -1.041E-16
   1.313E-15
   0.0
   1.466E-15
   1.875E-16
   -1.209E-15
   2.3173691440942246E-15
   1.4816666666666667E-16
   1.0924182908676612E-15
   -0.1693    0.728    0.6643
   0.9848    0.09849    0.1431
   0.03876    0.6785    -0.7336
 Node:         28
  0.1155E+03  0.1124E+03  0.4931E+03 -0.5253E+00
  -2.22E-16
   3.816E-17
   2.22E-16
  -5.551E-17
   5.551E-17
   1.11E-16
   2.455E-16
   1.014E-16
   -2.359E-16
   4.279497984577163E-16
   3.699999999999999E-17
   2.0173746966457835E-16
   0.03184    0.9284    0.3701
   0.1988    0.3571    -0.9127
   0.9795    -0.1026    0.1732
 Node:         29
  0.1119E+03  0.1139E+03  0.5068E+03 -0.5253E+00
  -2.22E-16
  -2.082E-17
   0.0
   5.551E-17
   6.939E-18
  -3.331E-16
   1.944E-18
   -2.004E-16
   -3.566E-16
   3.113642033631998E-16
   -1.8501866666666668E-16
   1.4677849307791052E-16
   -0.09118    0.9958    0.005517
   -0.9179    -0.08189    -0.3884
   -0.3863    -0.04048    0.9215
 Node:         30
  0.1113E+03  0.1159E+03  0.5206E+03 -0.5253E+00
   2.22E-16
   1.249E-16
   2.22E-16
   0.0
  -2.776E-17
   1.11E-16
   3.486E-16
   1.238E-16
   8.277E-17
   2.4787505905193444E-16
   1.8505666666666664E-16
   1.1684942342842583E-16
   -0.7001    -0.7092    0.08287
   -0.4685    0.3686    -0.8029
   -0.5389    0.6009    0.5903
 Node:         31
  0.1203E+03  0.1126E+03  0.4920E+03 -0.5253E+00
  -5.551E-17
   9.714E-17
  -1.11E-16
   2.776E-17
   4.163E-17
  -5.551E-17
   4.114E-17
   -7.661E-17
   -1.866E-16
   1.9726678661143135E-16
   -7.402333333333333E-17
   9.29924550105485E-17
   -0.6956    -0.5654    -0.4433
   0.4358    0.1585    -0.886
   0.5712    -0.8095    0.1362
 Node:         32
  0.1188E+03  0.1134E+03  0.5062E+03 -0.5253E+00
   2.22E-16
  -1.388E-17
  -1.11E-16
  -2.776E-17
   9.714E-17
  -5.551E-17
   2.266E-16
   1.331E-17
   -1.844E-16
   3.5602167644681415E-16
   1.8503333333333345E-17
   1.6783022777663014E-16
   -0.9894    0.07624    0.1236
   0.1445    0.5992    0.7875
   0.01402    -0.797    0.6038
 Node:         33
  0.1183E+03  0.1150E+03  0.5201E+03 -0.5253E+00
   1.11E-16
   5.551E-17
   0.0
   8.327E-17
   0.0
   0.0
   1.7E-16
   0.0
   -5.893E-17
   2.0589037107159722E-16
   3.702333333333333E-17
   9.705765171049398E-17
   -0.8617    -0.2815    -0.4222
   0.0    -0.8321    0.5547
   -0.5074    0.478    0.717
 Node:         34
  0.1255E+03  0.1129E+03  0.4909E+03 -0.5253E+00
   0.0
   0.0
   0.0
   5.551E-17
   9.714E-17
   0.0
   1.119E-16
   3.387E-33
   -1.119E-16
   1.9381648536695736E-16
   0.0
   9.136596740581255E-17
   -0.3508    -0.6139    -0.7071
   0.8682    -0.4961    -4.855E-17
   -0.3508    -0.6139    0.7071
 Node:         35
  0.1260E+03  0.1135E+03  0.5054E+03 -0.5253E+00
   0.0
   1.11E-16
  -1.11E-16
   1.11E-16
   2.498E-16
  -1.11E-16
   2.41E-16
   -1.023E-16
   -3.608E-16
   5.228959647960578E-16
   -7.403333333333333E-17
   2.4649552170824977E-16
   0.5458    0.5925    0.5925
   0.8379    -0.3859    -0.3859
   -4.975E-17    -0.7071    0.7071
 Node:         36
  0.1257E+03  0.1153E+03  0.5196E+03 -0.5253E+00
   0.0
  -5.551E-17
   0.0
  -5.551E-17
   8.327E-17
   0.0
   1.305E-16
   -4.723E-17
   -8.327E-17
   1.982226619234037E-16
   0.0
   9.344305895392481E-17
   -0.5155    0.6059    0.6059
   0.8569    0.3645    0.3645
   -1.256E-16    0.7071    -0.7071
 Node:         37
  0.1132E+03  0.1210E+03  0.4959E+03 -0.5253E+00
  -2.22E-16
   1.388E-16
  -2.22E-16
  -8.327E-17
   1.804E-16
  -2.776E-16
   -4.482E-17
   -1.622E-16
   -5.146E-16
   4.2347200190803645E-16
   -2.4054E-16
   1.9962661612787678E-16
   0.3971    0.7887    0.4693
   -0.7874    0.0301    0.6157
   0.4715    -0.614    0.633
 Node:         38
  0.1111E+03  0.1204E+03  0.5085E+03 -0.5253E+00
  -1.665E-16
   9.714E-17
   0.0
  -2.776E-17
  -8.327E-17
  -2.22E-16
   7.071E-17
   -2.091E-16
   -2.502E-16
   3.0246162913665597E-16
   -1.2953E-16
   1.4258177934084005E-16
   -0.3916    -0.8746    0.2859
   0.9154    -0.3389    0.217
   0.09287    -0.3467    -0.9334
 Node:         39
  0.1119E+03  0.1201E+03  0.5207E+03 -0.5253E+00
  -5.551E-17
  -9.714E-17
  -3.331E-16
  -8.327E-17
  -7.633E-17
  -1.11E-16
   8.934E-18
   -1.105E-16
   -3.981E-16
   3.6239130612640252E-16
   -1.6655533333333335E-16
   1.7083290000335286E-16
   0.851    -0.1281    -0.5092
   0.4076    -0.4503    0.7944
   -0.3311    -0.8836    -0.331
 Node:         40
  0.1191E+03  0.1220E+03  0.4937E+03 -0.5253E+00
   0.0
   8.327E-17
  -2.22E-16
   8.327E-17
  -1.388E-17
  -2.22E-16
   4.872E-17
   -2.082E-16
   -2.846E-16
   3.0244591979393603E-16
   -1.4802666666666666E-16
   1.4257437388566321E-16
   -0.924    -0.2703    -0.2703
   0.0    -0.7071    0.7071
   0.3823    -0.6534    -0.6534
 Node:         41
  0.1182E+03  0.1217E+03  0.5073E+03 -0.5253E+00
   0.0
  -2.776E-17
  -5.551E-17
   5.551E-17
   9.714E-17
   1.11E-16
   1.653E-16
   1.073E-17
   -1.206E-16
   2.478691830381502E-16
   1.8476666666666666E-17
   1.168466534489637E-16
   0.2406    0.3653    0.8993
   -0.8901    0.4526    0.05428
   -0.3871    -0.8135    0.434
 Node:         42
  0.1187E+03  0.1212E+03  0.5204E+03 -0.5253E+00
   0.0
  -5.551E-17
  -1.11E-16
   0.0
   5.551E-17
   1.11E-16
   1.256E-16
   1.887E-17
   -1.444E-16
   2.3552960089975954E-16
   2.3333333333339628E-20
   1.1102971864425409E-16
   0.1113    -0.2517    -0.9614
   0.9295    -0.3159    0.1903
   -0.3516    -0.9148    0.1988
 Node:         43
  0.1258E+03  0.1217E+03  0.4915E+03 -0.5253E+00
   2.22E-16
   1.11E-16
   1.11E-16
  -1.388E-17
   0.0
  -5.551E-17
   2.911E-16
   4.294E-17
   -5.645E-17
   3.1004254562882173E-16
   9.253E-17
   1.4615545764698628E-16
   -0.8507    -0.5246    0.03406
   -0.5213    0.8502    0.07348
   0.06751    -0.04475    0.9967
 Node:         44
  0.1259E+03  0.1220E+03  0.5059E+03 -0.5253E+00
  -2.22E-16
   1.388E-16
  -2.22E-16
   9.714E-17
   1.11E-16
  -1.11E-16
   5.081E-17
   -2.445E-16
   -3.614E-16
   3.679610646522265E-16
   -1.8503E-16
   1.7345850935214064E-16
   -0.5113    -0.534    -0.6733
   -0.5198    -0.4318    0.7372
   -0.6844    0.7269    -0.05679
 Node:         45
  0.1261E+03  0.1221E+03  0.5198E+03 -0.5253E+00
  -5.551E-17
  -8.327E-17
  -2.776E-16
   2.776E-17
  -6.939E-18
   1.11E-16
   1.167E-16
   -3.339E-17
   -3.053E-16
   3.7050374910383835E-16
   -7.399666666666666E-17
   1.7465714229757554E-16
   0.1854    -0.05643    0.981
   0.9302    -0.3117    -0.1938
   -0.3167    -0.9485    0.005308
 Node:         46
  0.1117E+03  0.1296E+03  0.4959E+03  0.0000E+00
  -5.551E-17
   2.776E-17
  -1.665E-16
   6.939E-18
  -2.602E-17
   0.0
   4.101E-18
   -4.897E-17
   -1.772E-16
   1.6144583695778595E-16
   -7.402300000000001E-17
   7.610629740479211E-17
   0.04856    -0.1429    0.9886
   0.9724    0.2327    -0.01414
   -0.228    0.962    0.1502
 Node:         47
  0.1107E+03  0.1269E+03  0.5087E+03  0.0000E+00
  -1.665E-16
  -3.123E-17
   1.11E-16
  -2.776E-17
   3.99E-17
   0.0
   1.289E-16
   -1.114E-17
   -1.732E-16
   2.6185783853075704E-16
   -1.8479999999999997E-17
   1.2344096888796688E-16
   -0.1292    0.939    0.3186
   -0.1008    -0.3321    0.9379
   -0.9865    -0.08906    -0.1376
 Node:         48
  0.1125E+03  0.1242E+03  0.5208E+03  0.0000E+00
   1.11E-16
   3.469E-18
   1.11E-16
   0.0
  -1.735E-18
   1.11E-16
   1.149E-16
   1.11E-16
   1.071E-16
   6.75499814951862E-18
   1.1099999999999999E-16
   3.1843366656181307E-18
   -0.6325    -0.7071    0.3162
   0.4472    -4.455E-15    0.8944
   -0.6325    0.7071    0.3162
 Node:         49
  0.1186E+03  0.1311E+03  0.4938E+03  0.0000E+00
  -1.665E-16
  -2.082E-17
   0.0
  -4.163E-17
  -6.072E-18
  -5.551E-17
   2.581E-18
   -4.165E-17
   -1.83E-16
   1.6789358448433935E-16
   -7.402300000000001E-17
   7.914579473772858E-17
   0.1174    -0.9929    0.01965
   -0.3135    -0.01827    0.9494
   -0.9423    -0.1176    -0.3134
 Node:         50
  0.1180E+03  0.1298E+03  0.5075E+03  0.0000E+00
   0.0
  -1.301E-17
   3.331E-16
  -4.163E-17
   1.247E-17
   2.22E-16
   3.354E-16
   2.276E-16
   -7.879E-18
   3.040655120874448E-16
   1.8504033333333332E-16
   1.4333785701466156E-16
   0.05441    -0.9902    -0.1289
   -0.1707    -0.1364    0.9758
   0.9838    0.03109    0.1765
 Node:         51
  0.1192E+03  0.1275E+03  0.5206E+03  0.0000E+00
   0.0
  -3.469E-18
  -5.551E-17
   0.0
   1.475E-17
   1.11E-16
   1.123E-16
   2.087E-19
   -5.702E-17
   1.491791641607165E-16
   1.849623333333333E-17
   7.03237323931892E-17
   -0.002705    0.08758    0.9962
   0.9982    -0.06004    0.007989
   -0.06051    -0.9943    0.08725
 Node:         52
  0.1262E+03  0.1305E+03  0.4920E+03  0.0000E+00
   1.11E-16
  -1.388E-17
   1.11E-16
   1.301E-18
   4.906E-18
   0.0
   1.25E-16
   9.734E-17
   -2.497E-19
   1.1396559238686912E-16
   7.403009999999999E-17
   5.372389546579809E-17
   -0.7047    0.7092    0.02051
   0.7093    0.7034    0.04493
   -0.01744    -0.04621    0.9988
 Node:         53
  0.1258E+03  0.1304E+03  0.5063E+03  0.0000E+00
  -1.665E-16
  -1.735E-18
  -1.11E-16
   2.776E-17
   3.383E-17
  -2.22E-16
   -1.01E-16
   -1.572E-16
   -2.414E-16
   1.2239330047024632E-16
   -1.6653333333333332E-16
   5.769675515620921E-17
   0.09684    0.9526    0.2883
   -0.9346    0.1866    -0.3027
   -0.3422    -0.2402    0.9084
 Node:         54
  0.1265E+03  0.1288E+03  0.5200E+03  0.0000E+00
  -2.22E-16
   2.082E-17
   1.11E-16
   0.0
  -4.337E-18
   1.11E-16
   1.16E-16
   1.073E-16
   -2.233E-16
   3.350347295430729E-16
   0.0
   1.5793688612860518E-16
   -0.04656    -0.7562    0.6527
   -0.04117    -0.6514    -0.7576
   -0.9981    0.06215    8.061E-4
 Node:         55
  0.1383E+03  0.1168E+03  0.4551E+03 -0.1083E-01
  -0.1166
  -0.01442
   0.1052
   0.01389
   0.04481
   0.08738
   0.142
   0.05295
   -0.1189
   0.22970756953135002
   0.025349999999999994
   0.10828518673699865
   -0.009173    0.7743    0.6328
   -0.1165    0.6277    -0.7697
   0.9932    0.08077    -0.08443
 Node:         56
  0.1315E+03  0.1156E+03  0.4698E+03 -0.1083E-01
  -0.1248
   0.01015
   0.05912
   0.04211
  -0.01421
   0.0213
   0.06395
   0.02866
   -0.137
   0.1858353063871341
   -0.014796666666666666
   0.0876036035534815
   0.02479    -0.9409    0.3379
   0.27    0.3317    0.9039
   -0.9625    0.06883    0.2623
 Node:         57
  0.1285E+03  0.1140E+03  0.4824E+03 -0.1083E-01
  -0.03373
   0.01666
  -0.004391
   0.0133
  -0.01009
  -0.002992
   0.006574
   -4.07E-4
   -0.04728
   0.05072507173972256
   -0.013704333333333334
   0.023912028135554615
   -0.09005    -0.7451    0.6609
   0.5289    0.5265    0.6656
   -0.8439    0.4095    0.3467
 Node:         58
  0.1491E+03  0.1178E+03  0.4544E+03 -0.1083E-01
  -0.09553
  -0.05444
   0.1595
   0.0216
   0.01882
   0.08237
   0.1729
   0.08336
   -0.1099
   0.25034244466330513
   0.048786666666666666
   0.11801256016016072
   -0.1841    0.9702    0.1578
   -0.1576    0.1293    -0.979
   0.9702    0.2051    -0.1291
 Node:         59
  0.1427E+03  0.1169E+03  0.4703E+03 -0.1083E-01
  -0.1135
  -0.06378
   0.1366
   0.06139
  -0.009146
   0.02912
   0.1566
   0.04338
   -0.1477
   0.2663914645779778
   0.017426666666666663
   0.12557814070220272
   0.2675    -0.9433    0.1965
   0.2556    0.2661    0.9294
   -0.9291    -0.1984    0.3123
 Node:         60
  0.1376E+03  0.1150E+03  0.4833E+03 -0.1083E-01
  -0.03114
  -0.009388
   0.02312
   0.02173
  -0.006824
  -0.007023
   0.02841
   8.016E-4
   -0.04426
   0.06353621189967183
   -0.005016133333333333
   0.029951257523442243
   -0.2653    0.9035    -0.3367
   -0.4216    -0.4227    -0.8022
   -0.8671    -0.07089    0.493
 Node:         61
  0.1564E+03  0.1223E+03  0.4525E+03 -0.1083E-01
  -0.2232
  -0.07635
   0.3059
  -0.08019
   0.1137
  -0.1621
   0.3472
   -0.1481
   -0.2784
   0.5716972712896222
   -0.026433333333333326
   0.2695006782098248
   -0.1618    0.9574    0.2392
   0.5463    0.2888    -0.7862
   -0.8218    0.003477    -0.5698
 Node:         62
  0.1506E+03  0.1206E+03  0.4695E+03 -0.1083E-01
  -0.07615
  -0.06273
   0.3489
  -0.01699
   0.127
  -0.1917
   0.3863
   -0.08521
   -0.2202
   0.5515370478036811
   0.026963333333333322
   0.2599970577183946
   0.139    -0.9663    -0.2164
   0.9901    0.1403    0.009423
   0.02126    -0.2156    0.9763
 Node:         63
  0.1438E+03  0.1181E+03  0.4838E+03 -0.1083E-01
   0.02633
  -0.02967
   0.04159
   0.003127
  -0.003542
  -0.04182
   0.06481
   0.003327
   -0.04203
   0.09287680641042736
   0.008702333333333334
   0.043782546418508934
   -0.6124    0.7893    -0.04418
   0.7899    0.6132    0.006599
   0.0323    -0.03086    -0.999
 Node:         64
  0.1417E+03  0.1252E+03  0.4525E+03 -0.1083E-01
  -0.1253
   0.02792
   0.1231
  -0.02099
   0.02047
  -0.0238
   0.1283
   -0.02103
   -0.1334
   0.22739102422918983
   -0.008709999999999996
   0.1071931568089431
   0.09888    0.9879    0.1193
   -0.2208    -0.09512    0.9707
   -0.9703    0.1223    -0.2088
 Node:         65
  0.1343E+03  0.1229E+03  0.4685E+03 -0.1083E-01
  -0.09052
   0.008337
   0.0968
  -0.005976
   0.008802
   2.615E-4
   0.09791
   -4.136E-5
   -0.09134
   0.16392905949174968
   0.0021762133333333294
   0.07727689973343278
   -0.04127    -0.9953    -0.08719
   -0.07337    -0.08401    0.9938
   -0.9965    0.04741    -0.06956
 Node:         66
  0.1299E+03  0.1214E+03  0.4825E+03 -0.1083E-01
  -0.008221
  -2.869E-4
   0.01305
   0.003116
  -0.002373
  -0.001256
   0.01347
   -4.624E-4
   -0.009427
   0.019984349275370464
   0.0011935333333333333
   0.009420712593476615
   -0.03697    0.9853    -0.1666
   -0.3619    -0.1686    -0.9168
   0.9315    -0.02641    -0.3628
 Node:         67
  0.1506E+03  0.1243E+03  0.4519E+03 -0.1083E-01
  -0.1369
  -0.004107
   0.1399
  -0.04834
   0.01559
   0.01069
   0.1421
   0.02289
   -0.1514
   0.2556660695125577
   0.004529999999999997
   0.12052214098109387
   0.03733    -0.9906    -0.1313
   -0.2835    -0.1365    0.9492
   -0.9582    0.001799    -0.286
 Node:         68
  0.1440E+03  0.1225E+03  0.4686E+03 -0.1083E-01
  -0.1131
  -0.07404
   0.1549
  -0.02751
  -0.003947
   0.04713
   0.1741
   0.05121
   -0.1364
   0.2708410181268709
   0.029636666666666672
   0.1276756803606527
   0.2517    -0.9675    -0.02446
   -0.138    -0.06091    0.9886
   -0.9579    -0.2455    -0.1489
 Node:         69
  0.1380E+03  0.1205E+03  0.4831E+03 -0.1083E-01
  -0.003667
  -0.02524
   0.03562
   4.818E-4
  -1.602E-5
   0.001794
   0.04796
   0.001803
   -0.01602
   0.05719077013819626
   0.011247666666666668
   0.02695998759066645
   -0.4393    0.8983    -0.004896
   0.01932    0.0149    0.9997
   0.8982    0.439    -0.0239
 Node:         70
  0.1566E+03  0.1246E+03  0.4519E+03 -0.1083E-01
  -0.04893
   0.06329
   0.1038
  -0.06144
   0.01348
   0.07472
   0.1286
   0.09579
   -0.09474
   0.20887667725239215
   0.04321666666666666
   0.09846540994458691
   0.3965    0.8888    -0.2299
   0.2371    -0.341    -0.9097
   0.8869    -0.3062    0.3459
 Node:         71
  0.1508E+03  0.1226E+03  0.4691E+03 -0.1083E-01
  -0.0112
  -0.09318
   0.1612
  -0.04325
   0.02605
   0.04718
   0.2124
   0.04514
   -0.06037
   0.2382349057128279
   0.06572333333333333
   0.11230501156325225
   0.413    -0.8768    -0.2464
   -0.1582    -0.3355    0.9287
   0.8969    0.3446    0.2772
 Node:         72
  0.1436E+03  0.1199E+03  0.4837E+03 -0.1083E-01
   0.01909
  -0.04447
   0.04259
  -0.003847
   0.008057
   7.236E-4
   0.07783
   -3.71E-5
   -0.01538
   0.08656440938058782
   0.0208043
   0.040806853921614684
   -0.6045    0.7886    0.1126
   0.1649    -0.01439    0.9862
   0.7794    0.6147    -0.1213
 Node:         73
  0.1455E+03  0.1335E+03  0.4513E+03  0.0000E+00
   0.0335
  -0.0504
  -0.09299
   0.01615
  -0.01464
   0.01202
   0.05966
   0.004079
   -0.1112
   0.1509497184528676
   -0.01582033333333333
   0.07115837969081519
   -0.8621    0.3221    -0.3911
   -0.392    0.06516    0.9177
   -0.3211    -0.9444    -0.0701
 Node:         74
  0.1374E+03  0.1305E+03  0.4679E+03  0.0000E+00
   0.08597
  -0.04127
  -0.05827
   0.001061
  -0.02187
   0.06446
   0.09835
   0.06624
   -0.07243
   0.15720405433703036
   0.030720000000000008
   0.0741067019011551
   0.9384    -0.2763    0.2077
   -0.2405    -0.0901    0.9665
   -0.2483    -0.9568    -0.151
 Node:         75
  0.1314E+03  0.1289E+03  0.4826E+03  0.0000E+00
   0.0296
  -0.009601
  -0.006545
  -0.00714
  -0.003591
   0.005241
   0.03333
   0.0057
   -0.01073
   0.038565822952453636
   0.009433333333333332
   0.01818010328781318
   -0.9536    0.2102    0.2155
   0.1267    -0.3693    0.9206
   0.2731    0.9052    0.3256
 Node:         76
  0.1522E+03  0.1308E+03  0.4505E+03  0.0000E+00
  -0.002171
  -0.06131
  -0.1288
   0.01254
   0.005477
   0.0237
   0.03303
   0.01386
   -0.1541
   0.17831949893379578
   -0.03573666666666666
   0.08406061794258289
   0.6422    -0.2184    0.7348
   -0.6672    0.3127    0.6761
   -0.3775    -0.9244    0.05507
 Node:         77
  0.1452E+03  0.1282E+03  0.4676E+03  0.0000E+00
   0.1531
  -0.04403
  -0.03676
   0.02109
  -0.01306
   0.01769
   0.1665
   0.01507
   -0.04755
   0.19061703989937523
   0.044673333333333336
   0.08985773434836995
   -0.9633    0.2187    -0.1557
   -0.1797    -0.09419    0.9792
   0.1995    0.9712    0.13
 Node:         78
  0.1385E+03  0.1261E+03  0.4828E+03  0.0000E+00
   0.07184
  -5.555E-4
  -0.002245
   0.001185
  -0.002813
  -3.349E-5
   0.07187
   0.00186
   -0.004163
   0.07320756012188906
   0.023189
   0.03451037479753975
   -0.9998    0.008131    -0.01679
   0.01845    0.5635    -0.8259
   -0.002746    0.8261    0.5636
 Node:         79
  0.1564E+03  0.1266E+03  0.4513E+03  0.0000E+00
  -0.01315
   0.1374
  -0.01728
  -0.0794
   0.01377
  -0.2623
   0.1281
   -0.1236
   -0.2973
   0.37046574740453403
   -0.0976
   0.17463922812472576
   -0.7269    -0.6754    0.124
   0.5846    -0.7034    -0.4043
   0.3603    -0.2214    0.9062
 Node:         80
  0.1506E+03  0.1244E+03  0.4686E+03  0.0000E+00
   0.168
   0.09169
   0.006658
   0.1193
  -0.0046
  -0.3273
   0.2303
   -0.02664
   -0.3564
   0.5093999956811935
   -0.05091333333333333
   0.24013346085504664
   -0.9095    -0.3689    -0.1916
   0.3441    -0.9267    0.1508
   0.2332    -0.07119    -0.9698
 Node:         81
  0.1434E+03  0.1218E+03  0.4836E+03  0.0000E+00
   0.0815
   0.007757
  -3.855E-4
   0.01134
   0.006782
  -0.1585
   0.08282
   -9.103E-4
   -0.1593
   0.21297905366981515
   -0.025796766666666665
   0.10039928873374664
   -0.9941    -0.0967    -0.04941
   0.09852    -0.9945    -0.03571
   0.04569    0.04036    -0.9981
 Node:         82
  0.1267E+03  0.1149E+03  0.4583E+03 -0.8336E-01
  -0.05995
  -0.008837
   0.05046
   0.01833
   0.04001
   0.01165
   0.07556
   -0.005853
   -0.06754
   0.12432009599819331
   7.22333333333334E-4
   0.058605055278723374
   0.01714    0.8453    0.5341
   -0.3499    0.5054    -0.7887
   0.9366    0.1733    -0.3044
 Node:         83
  0.1234E+03  0.1130E+03  0.4730E+03 -0.8336E-01
  -0.05942
   0.00646
   0.02126
   0.05784
   0.01737
  -0.03515
   0.03487
   -0.001524
   -0.1067
   0.12733534291782467
   -0.024451333333333335
   0.060026456307938826
   0.3557    0.7952    0.491
   -0.5283    0.6045    -0.5963
   -0.771    -0.04731    0.6351
 Node:         84
  0.1187E+03  0.1123E+03  0.4850E+03 -0.8336E-01
  -0.008298
   0.001932
   0.001473
   0.02088
  -3.556E-4
  -0.03535
   0.003992
   5.671E-4
   -0.04674
   0.04910920216425838
   -0.014060299999999998
   0.023150299912672118
   -0.7549    -0.5229    -0.3959
   0.4489    -0.852    0.2694
   0.4782    -0.02564    -0.8779
 Node:         85
  0.1303E+03  0.1162E+03  0.4570E+03 -0.8336E-01
  -0.05751
  -0.006308
   0.06056
   0.02736
   0.05644
   0.01203
   0.09837
   -0.01063
   -0.07265
   0.14995886235898165
   0.005029999999999997
   0.07069128564870401
   0.06497    0.8257    0.5604
   -0.4823    0.5176    -0.7068
   0.8736    0.2243    -0.4318
 Node:         86
  0.1252E+03  0.1139E+03  0.4714E+03 -0.8336E-01
  -0.01973
   0.04788
   0.09515
   0.1124
   0.05267
  -0.0142
   0.1664
   0.02417
   -0.1294
   0.2562330558300392
   0.020390000000000002
   0.12078942089438129
   -0.4899    -0.7065    -0.5107
   0.5017    -0.7076    0.4976
   0.7129    0.01243    -0.7011
 Node:         87
  0.1217E+03  0.1126E+03  0.4834E+03 -0.8336E-01
  -0.01602
   0.001111
   0.002888
   0.02635
  -0.004234
  -0.03203
   0.004984
   0.001719
   -0.05187
   0.055293844422322456
   -0.015055666666666667
   0.026065768232598777
   -0.567    0.6693    -0.4802
   0.5726    0.7393    0.3543
   0.5922    -0.07406    -0.8024
 Node:         88
  0.1338E+03  0.1169E+03  0.4553E+03 -0.8336E-01
  -0.09071
  -0.009112
   0.03598
   0.01378
   0.06169
   0.08091
   0.1243
   -0.004474
   -0.09361
   0.18975344222437707
   0.008738666666666664
   0.08945063050023118
   0.02843    0.5706    0.8208
   -0.1749    0.8113    -0.5579
   0.9842    0.1277    -0.1228
 Node:         89
  0.1270E+03  0.1150E+03  0.4698E+03 -0.8336E-01
  -0.1032
   0.01685
   0.01385
   0.0455
   0.01317
  -0.004818
   0.03224
   -0.004502
   -0.1219
   0.13944784790020964
   -0.03138733333333333
   0.065736345914739
   0.2994    0.7217    0.6242
   0.2039    -0.6874    0.697
   -0.9321    0.08143    0.3529
 Node:         90
  0.1248E+03  0.1132E+03  0.4823E+03 -0.8336E-01
  -0.02806
   0.0163
  -0.008512
   0.01415
  -0.007988
  -0.007911
   7.174E-4
   -6.944E-4
   -0.04451
   0.04453828517893342
   -0.014829
   0.020995548981629416
   0.4977    0.8672    0.01348
   0.3459    -0.2127    0.9138
   -0.7954    0.4502    0.4058
 Node:         91
  0.1263E+03  0.1270E+03  0.4555E+03 -0.8336E-01
  -0.04149
   0.04905
   0.1016
   0.005395
   0.04706
   0.009858
   0.1343
   -0.006223
   -0.05807
   0.17239640634015546
   0.023335666666666668
   0.08126844531687696
   -0.2616    -0.899    -0.3513
   -0.2567    -0.2861    0.9232
   -0.9304    0.3317    -0.1559
 Node:         92
  0.1211E+03  0.1239E+03  0.4730E+03 -0.8336E-01
  -0.063
   0.01383
   0.0574
   0.01806
   0.03843
   0.02905
   0.08732
   0.002927
   -0.0668
   0.1336731225377787
   0.007815666666666665
   0.06301411427256241
   -0.1432    -0.8052    -0.5754
   0.09582    -0.5899    0.8017
   -0.985    0.0597    0.1617
 Node:         93
  0.1160E+03  0.1217E+03  0.4877E+03 -0.8336E-01
  -0.01204
  -0.003461
   0.004865
   0.01193
   0.011
  -0.003778
   0.01313
   -3.975E-4
   -0.02368
   0.032249373346624886
   -0.003649166666666667
   0.015202500388276774
   0.1936    0.7542    0.6274
   -0.6639    0.5715    -0.4822
   -0.7223    -0.3232    0.6114
 Node:         94
  0.1319E+03  0.1270E+03  0.4545E+03 -0.8336E-01
  -0.06034
   0.03961
   0.1077
  -0.01721
   0.04994
   0.05748
   0.1417
   0.03865
   -0.07547
   0.18815616625558673
   0.03496
   0.08869766738759255
   0.128    0.8643    0.4863
   0.3185    0.4286    -0.8455
   0.9392    -0.2631    0.2204
 Node:         95
  0.1253E+03  0.1239E+03  0.4710E+03 -0.8336E-01
  -0.1004
  -0.002497
   0.05342
   0.0113
   0.02653
   0.08635
   0.1015
   0.03908
   -0.1012
   0.1798082656609534
   0.01312666666666667
   0.08476242930816826
   0.04307    0.4811    0.8756
   -0.05447    0.8762    -0.4788
   -0.9976    -0.02708    0.06394
 Node:         96
  0.1205E+03  0.1223E+03  0.4852E+03 -0.8336E-01
  -0.01922
  -0.003141
   0.004028
   0.01323
   0.006596
  -3.16E-4
   0.01022
   0.001403
   -0.02713
   0.03381489374521233
   -0.005169000000000001
   0.015940493781561472
   0.2567    0.6407    0.7236
   -0.4369    0.7447    -0.5044
   -0.8621    -0.1866    0.4712
 Node:         97
  0.1374E+03  0.1262E+03  0.4531E+03 -0.8336E-01
  -0.1203
   0.02734
   0.1127
  -0.006658
   0.05457
   0.02989
   0.1416
   0.005339
   -0.1246
   0.23055763253685616
   0.007446333333333337
   0.10868591028075146
   -0.08265    -0.8974    -0.4335
   -0.139    -0.4203    0.8967
   -0.9868    0.1344    -0.08998
 Node:         98
  0.1299E+03  0.1234E+03  0.4688E+03 -0.8336E-01
  -0.09034
   0.01369
   0.07371
   0.021
   0.03847
   0.02132
   0.09665
   0.00248
   -0.09444
   0.16549450655535367
   0.0015633333333333332
   0.07801485855627474
   -0.1174    -0.8708    -0.4774
   0.123    -0.4898    0.8631
   -0.9854    0.04258    0.1646
 Node:         99
  0.1260E+03  0.1218E+03  0.4827E+03 -0.8336E-01
  -0.01282
   0.003242
   0.007536
   0.007286
   6.157E-4
  -0.002799
   0.008377
   4.676E-4
   -0.01693
   0.02242408686123027
   -0.0026951333333333333
   0.010570815920994724
   -0.2123    -0.9583    -0.1912
   0.413    -0.2653    0.8712
   -0.8856    0.106    0.4521
 Node:        100
  0.1259E+03  0.1386E+03  0.4532E+03  0.0000E+00
   0.02857
  -0.007481
   0.04115
  -7.381E-4
   0.002683
  -0.04714
   0.04472
   0.02509
   -0.04722
   0.08386607359355748
   0.007530000000000005
   0.039534846232996364
   -0.4214    0.9064    0.02986
   0.9069    0.4214    0.006387
   0.006795    -0.02977    0.9995
 Node:        101
  0.1191E+03  0.1345E+03  0.4716E+03  0.0000E+00
   0.03786
   3.107E-4
   0.04213
  -0.01755
  -0.003715
  -0.05748
   0.04277
   0.04047
   -0.06074
   0.10237937829465464
   0.007500000000000002
   0.048262101763875416
   -0.461    -0.8801    0.1133
   0.87    -0.4734    -0.1379
   -0.175    -0.03501    -0.9839
 Node:        102
  0.1139E+03  0.1313E+03  0.4875E+03  0.0000E+00
   0.01384
  -0.002062
  -0.0038
  -0.007906
  -0.009527
  -0.01096
   0.01617
   0.002256
   -0.01935
   0.03100071799168529
   -3.0799999999999925E-4
   0.014613878609048317
   -0.9553    -0.041    0.2927
   0.1887    -0.8468    0.4974
   -0.2275    -0.5304    -0.8167
 Node:        103
  0.1337E+03  0.1375E+03  0.4525E+03  0.0000E+00
   0.03556
  -0.02025
   0.07618
  -0.01308
   0.006791
  -0.04244
   0.08555
   0.02842
   -0.04468
   0.11306480398426383
   0.023096666666666668
   0.053299259740533816
   -0.3938    0.9149    0.08878
   0.9063    0.4026    -0.1287
   0.1535    -0.02979    0.9877
 Node:        104
  0.1257E+03  0.1338E+03  0.4701E+03  0.0000E+00
   0.04936
  -0.01238
   0.04121
  -0.03153
  -0.004772
  -0.02085
   0.06556
   0.03815
   -0.03399
   0.08906652064608789
   0.02324
   0.04198636048369359
   0.8733    -0.3858    -0.2973
   -0.3207    -0.9149    0.2453
   -0.3667    -0.1189    -0.9227
 Node:        105
  0.1201E+03  0.1317E+03  0.4854E+03  0.0000E+00
   0.01319
  -0.005852
  -0.007867
  -0.01212
  -0.01006
  -0.007086
   0.0189
   0.001499
   -0.02216
   0.035696405155141324
   -5.869999999999995E-4
   0.01682744676612191
   -0.9121    0.04634    0.4073
   0.2245    -0.7748    0.5909
   -0.343    -0.6305    -0.6963
 Node:        106
  0.1413E+03  0.1353E+03  0.4517E+03  0.0000E+00
   0.03789
  -0.01443
   0.001956
  -0.002217
  -0.02599
  -0.02106
   0.0438
   0.01422
   -0.03923
   0.07288984771557695
   0.006263333333333333
   0.034360603732892826
   -0.9111    0.3925    -0.1261
   0.3917    0.7289    -0.5615
   0.1284    0.561    0.8178
 Node:        107
  0.1330E+03  0.1320E+03  0.4683E+03  0.0000E+00
   0.07165
  -0.01578
  -0.01406
  -0.02184
  -0.0334
   0.03552
   0.08193
   0.04743
   -0.03625
   0.10525945278216109
   0.031036666666666667
   0.04961978189750088
   0.905    -7.201E-4    -0.4253
   0.3643    -0.515    0.776
   -0.2196    -0.8572    -0.4658
 Node:        108
  0.1273E+03  0.1304E+03  0.4831E+03  0.0000E+00
   0.01879
  -0.008199
  -0.007875
  -0.01206
  -0.007052
   0.002452
   0.0257
   0.004064
   -0.01639
   0.036455800032367966
   0.004458
   0.0171854289443121
   -0.8958    0.1294    0.4252
   0.2625    -0.618    0.7411
   0.3587    0.7754    0.5196
 Node:        109
  0.1018E+03  0.1092E+03  0.4946E+03 -0.1180E+00
   0.0
   1.388E-16
   1.11E-16
   5.551E-17
  -1.388E-17
   0.0
   2.069E-16
   2.266E-17
   -1.186E-16
   2.827092280064448E-16
   3.698666666666666E-17
   1.3327040815158061E-16
   -0.5724    -0.814    -0.09897
   0.2904    -0.3141    0.9039
   0.7668    -0.4887    -0.4162
 Node:        110
  0.1058E+03  0.1118E+03  0.5081E+03 -0.1180E+00
   0.0
   2.776E-17
   0.0
  -1.388E-17
  -5.204E-17
   2.22E-16
   2.353E-16
   1.788E-17
   -3.112E-17
   2.456135916434593E-16
   7.402E-17
   1.157833574684491E-16
   -0.08376    -0.2246    0.9708
   0.7726    0.6007    0.2056
   0.6293    -0.7673    -0.1232
 Node:        111
  0.1108E+03  0.1137E+03  0.5210E+03 -0.1180E+00
   0.0
   5.551E-17
  -1.11E-16
  -2.776E-17
   3.261E-16
  -2.22E-16
   1.68E-16
   2.779E-18
   -5.038E-16
   6.063148942925615E-16
   -1.1100700000000001E-16
   2.8581958219244996E-16
   0.1486    0.7638    0.6281
   0.9825    -0.0417    -0.1818
   0.1126    -0.6441    0.7566
 Node:        112
  0.1072E+03  0.1111E+03  0.4942E+03 -0.1180E+00
   0.0
   1.388E-16
   1.11E-16
   0.0
   1.388E-17
  -1.665E-16
   2.053E-16
   -9.314E-17
   -1.677E-16
   3.4187324200644896E-16
   -1.851333333333333E-17
   1.6116059181932647E-16
   0.5597    0.8281    0.0309
