 Group name: gastroc_stress
 #Fields=  16
 1) coordinates, coordinate, rectangular cartesian, #Components=3
   x.  Value index= 1, #Derivatives=0
   y.  Value index= 2, #Derivatives=0
   z.  Value index= 3, #Derivatives=0
 2) Tensor_1, field, rectangular cartesian, #Components=1
   Tensor_1.  Value index= 4, #Derivatives=0
 3) Tensor_2, field, rectangular cartesian, #Components=1
   Tensor_2.  Value index= 5, #Derivatives=0
 4) Tensor_3, field, rectangular cartesian, #Components=1
   Tensor_3.  Value index= 6, #Derivatives=0
 5) Tensor_4, field, rectangular cartesian, #Components=1
   Tensor_4.  Value index= 7, #Derivatives=0
 6) Tensor_5, field, rectangular cartesian, #Components=1
   Tensor_5.  Value index= 8, #Derivatives=0
 7) Tensor_6, field, rectangular cartesian, #Components=1
   Tensor_6.  Value index= 9, #Derivatives=0
 8) Principal_1, field, rectangular cartesian, #Components=1
   Principal_1.  Value index= 10, #Derivatives=0
 9) Principal_2, field, rectangular cartesian, #Components=1
   Principal_2.  Value index= 11, #Derivatives=0
 10) Principal_3, field, rectangular cartesian, #Components=1
   Principal_3.  Value index= 12, #Derivatives=0
 11) VonMises, field, rectangular cartesian, #Components=1
   VonMises.  Value index= 13, #Derivatives=0
 12) Hydrostatic, field, rectangular cartesian, #Components=1
   VonMises.  Value index= 14, #Derivatives=0
 13) Octahedral, field, rectangular cartesian, #Components=1
   VonMises.  Value index= 15, #Derivatives=0
 14) PrincipalVector1, field, rectangular cartesian, #Components=3
   x.  Value index= 16, #Derivatives=0
   y.  Value index= 17, #Derivatives=0
   z.  Value index= 18, #Derivatives=0
 15) PrincipalVector2, field, rectangular cartesian, #Components=3
   x.  Value index= 19, #Derivatives=0
   y.  Value index= 20, #Derivatives=0
   z.  Value index= 21, #Derivatives=0
 16) PrincipalVector3, field, rectangular cartesian, #Components=3
   x.  Value index= 22, #Derivatives=0
   y.  Value index= 23, #Derivatives=0
   z.  Value index= 24, #Derivatives=0
 Node:          1
  0.1287E+03  0.1133E+03  0.4908E+03 -0.8791E-01
  -0.1758
  -1.732E-16
  -0.1758
  -5.773E-17
  -8.66E-17
  -0.1758
   -0.1758
   -0.1758
   -0.1758
   0.0
   -0.17580000000000004
   0.0
   0.9627    -0.2663    -0.04862
   0.2513    0.9458    -0.206
   0.1008    0.186    0.9774
 Node:          2
  0.1292E+03  0.1137E+03  0.5052E+03 -0.8791E-01
  -0.1758
  -2.309E-16
  -0.1758
  -1.155E-16
   4.041E-16
  -0.1758
   -0.1758
   -0.1758
   -0.1758
   0.0
   -0.17580000000000004
   0.0
   0.8756    -0.4252    -0.229
   -0.483    -0.7709    -0.4152
   0.0    -0.4742    0.8804
 Node:          3
  0.1289E+03  0.1155E+03  0.5194E+03 -0.8791E-01
  -0.1758
   2.887E-16
  -0.1758
   2.309E-16
   1.155E-16
  -0.1758
   -0.1758
   -0.1758
   -0.1758
   0.0
   -0.17580000000000004
   0.0
   -0.3606    -0.8685    -0.3402
   0.4443    -0.4806    0.756
   0.8201    -0.1215    -0.5592
 Node:          4
  0.1361E+03  0.1141E+03  0.4915E+03 -0.8791E-01
  -0.1758
  -5.773E-17
  -0.1758
  -5.773E-17
  -1.732E-16
  -0.1758
   -0.1758
   -0.1758
   -0.1758
   0.0
   -0.17580000000000004
   0.0
   -0.01625    -0.07306    0.9972
   -0.9989    0.04608    -0.0129
   -0.04501    -0.9963    -0.07372
 Node:          5
  0.1341E+03  0.1144E+03  0.5054E+03 -0.8791E-01
  -0.1758
   2.887E-16
  -0.1758
   1.155E-16
  -1.443E-16
  -0.1758
   -0.1758
   -0.1758
   -0.1758
   0.0
   -0.17580000000000004
   0.0
   0.1419    -0.1357    0.9805
   0.619    0.7852    0.01904
   -0.7725    0.6042    0.1954
 Node:          6
  0.1323E+03  0.1162E+03  0.5191E+03 -0.8791E-01
  -0.1758
   1.155E-16
  -0.1758
  -1.155E-16
  -5.773E-17
  -0.1758
   -0.1758
   -0.1758
   -0.1758
   0.0
   -0.17580000000000004
   0.0
   -0.6782    -0.7321    0.06434
   -0.7345    0.6782    -0.02468
   0.02557    0.06399    0.9976
 Node:          7
  0.1408E+03  0.1171E+03  0.4920E+03 -0.8791E-01
  -0.1758
   4.619E-16
  -0.1758
  -1.732E-16
  -2.309E-16
  -0.1758
   -0.1758
   -0.1758
   -0.1758
   0.0
   -0.17580000000000004
   0.0
   0.8992    0.4109    -0.1504
   -0.4272    0.8988    -0.09808
   0.09492    0.1525    0.9837
 Node:          8
  0.1367E+03  0.1169E+03  0.5055E+03 -0.8791E-01
  -0.1758
   4.041E-16
  -0.1758
  -8.371E-16
  -4.907E-16
  -0.1758
   -0.1758
   -0.1758
   -0.1758
   0.0
   -0.17580000000000004
   0.0
   0.889    -0.4249    -0.1706
   0.4529    0.8707    0.1916
   0.06712    -0.2476    0.9665
 Node:          9
  0.1339E+03  0.1180E+03  0.5191E+03 -0.8791E-01
  -0.1758
   3.464E-16
  -0.1758
  -8.227E-16
  -5.773E-16
  -0.1758
   -0.1758
   -0.1758
   -0.1758
   0.0
   -0.17580000000000004
   0.0
   0.3644    0.5411    0.7579
   0.9291    -0.1559    -0.3354
   0.06327    -0.8264    0.5595
 Node:         10
  0.1294E+03  0.1212E+03  0.4911E+03 -0.8791E-01
  -0.1758
   5.773E-17
  -0.1758
  -2.887E-17
   2.598E-16
  -0.1758
   -0.1758
   -0.1758
   -0.1758
   0.0
   -0.17580000000000004
   0.0
   0.02653    -0.8449    -0.5342
   0.03937    0.5349    -0.844
   0.9989    0.001361    0.04746
 Node:         11
  0.1295E+03  0.1214E+03  0.5055E+03 -0.8791E-01
  -0.1758
  -5.773E-17
  -0.1758
  -8.66E-17
   2.887E-17
  -0.1758
   -0.1758
   -0.1758
   -0.1758
   0.0
   -0.17580000000000004
   0.0
   -0.2342    0.2117    0.9489
   0.05909    -0.9711    0.2313
   -0.9704    -0.1102    -0.2149
 Node:         12
  0.1295E+03  0.1217E+03  0.5196E+03 -0.8791E-01
  -0.1758
  -1.49E-33
  -0.1758
   1.588E-16
   5.773E-17
  -0.1758
   -0.1758
   -0.1758
   -0.1758
   0.0
   -0.17580000000000004
   0.0
   -0.2552    -0.08778    -0.9629
   -0.6446    0.7578    0.1018
   0.7207    0.6466    -0.25
 Node:         13
  0.1361E+03  0.1199E+03  0.4914E+03 -0.8791E-01
  -0.1758
  -2.887E-16
  -0.1758
  -2.021E-16
   5.773E-17
  -0.1758
   -0.1758
   -0.1758
   -0.1758
   0.0
   -0.17580000000000004
   0.0
   0.9124    -0.391    -0.1213
   0.3876    0.9204    -0.05128
   0.1317    -2.437E-4    0.9913
 Node:         14
  0.1342E+03  0.1198E+03  0.5054E+03 -0.8791E-01
  -0.1758
   5.773E-17
  -0.1758
   1.155E-16
  -1.876E-16
  -0.1758
   -0.1758
   -0.1758
   -0.1758
   0.0
   -0.17580000000000004
   0.0
   0.05313    -0.3005    0.9523
   -0.2799    -0.9199    -0.2747
   -0.9586    0.2519    0.133
 Node:         15
  0.1330E+03  0.1205E+03  0.5193E+03 -0.8791E-01
  -0.1758
  -1.732E-16
  -0.1758
   2.887E-17
   1.01E-16
  -0.1758
   -0.1758
   -0.1758
   -0.1758
   0.0
   -0.17580000000000004
   0.0
   0.9938    -0.1102    -0.01334
   -0.06605    -0.4903    -0.8691
   0.08926    0.8646    -0.4945
 Node:         16
  0.1404E+03  0.1188E+03  0.4918E+03 -0.8791E-01
  -0.1758
   1.155E-16
  -0.1758
  -1.732E-16
  -3.031E-16
  -0.1758
   -0.1758
   -0.1758
   -0.1758
   0.0
   -0.17580000000000004
   0.0
   -0.166    -0.2601    0.9512
   -0.8595    -0.4348    -0.2688
   0.4835    -0.8622    -0.1514
 Node:         17
  0.1365E+03  0.1184E+03  0.5055E+03 -0.8791E-01
  -0.1758
   5.773E-17
  -0.1758
   2.021E-16
   3.536E-16
  -0.1758
   -0.1758
   -0.1758
   -0.1758
   0.0
   -0.17580000000000004
   0.0
   0.3304    0.7207    0.6094
   0.9078    -0.4195    0.003871
   -0.2584    -0.5519    0.7928
 Node:         18
  0.1341E+03  0.1191E+03  0.5192E+03 -0.8791E-01
  -0.1758
  -1.981E-33
  -0.1758
   5.503E-17
   2.215E-16
  -0.1758
   -0.1758
   -0.1758
   -0.1758
   0.0
   -0.17580000000000004
   0.0
   0.09458    0.2346    0.9675
   0.4642    0.8493    -0.2513
   -0.8807    0.4729    -0.02857
 Node:         19
  0.1301E+03  0.1291E+03  0.4914E+03  0.0000E+00
   4.934E-16
   0.0
   4.934E-16
   3.631E-19
   1.731E-17
  -9.869E-16
   4.936E-16
   4.934E-16
   -9.871E-16
   1.4806000101310279E-15
   -3.3333333333314155E-20
   6.979615382590138E-16
   -0.02097    -0.9997    -0.01169
   -0.9998    0.02097    -8.123E-17
   2.452E-4    0.01169    -0.9999
 Node:         20
  0.1299E+03  0.1291E+03  0.5058E+03  0.0000E+00
   9.869E-16
   0.0
   0.0
   1.799E-17
   3.326E-17
  -2.467E-16
   9.871E-16
   4.4E-18
   -2.514E-16
   1.1324785163525177E-15
   2.467E-16
   5.338554923072971E-16
   -0.9999    -4.917E-4    -0.01459
   0.002401    -0.9914    -0.1311
   -0.0144    -0.1312    0.9913
 Node:         21
  0.1301E+03  0.1280E+03  0.5197E+03  0.0000E+00
   4.934E-16
   0.0
   0.0
   7.196E-17
   2.549E-17
   4.934E-16
   5.66E-16
   4.222E-16
   -1.341E-18
   5.108528305500519E-16
   3.28953E-16
   2.408183337801893E-16
   -0.7039    -0.03195    -0.7096
   -0.7102    0.04241    0.7027
   -0.007642    -0.9986    0.05255
 Node:         22
  0.1360E+03  0.1256E+03  0.4913E+03  0.0000E+00
  -9.869E-16
   2.399E-17
  -4.934E-16
  -2.399E-17
   1.739E-16
   4.934E-16
   5.234E-16
   -5.215E-16
   -9.888E-16
   1.3410693755358072E-15
   -3.2896666666666662E-16
   6.321861663219854E-16
   -0.01298    0.1683    0.9857
   0.05935    0.9841    -0.1672
   -0.9982    0.05633    -0.02276
 Node:         23
  0.1343E+03  0.1253E+03  0.5054E+03  0.0000E+00
   0.0
   3.598E-17
  -1.974E-15
   0.0
   2.271E-16
  -7.401E-16
   6.796E-19
   -6.997E-16
   -2.015E-15
   1.7724996366646057E-15
   -9.046734666666666E-16
   8.355643418241562E-16
   0.9998    0.01889    0.00579
   -0.009011    0.1753    0.9845
   0.01758    -0.9843    0.1754
 Node:         24
  0.1336E+03  0.1248E+03  0.5194E+03  0.0000E+00
  -9.869E-16
   2.099E-17
   0.0
   2.399E-17
   1.499E-18
  -7.401E-16
   4.516E-19
   -7.379E-16
   -9.896E-16
   8.912682384908372E-16
   -5.756827999999999E-16
   4.2014787686204007E-16
   -0.02132    -0.9998    -0.002714
   0.09549    -0.004739    0.9954
   -0.9952    0.02096    0.09557
 Node:         25
  0.1400E+03  0.1206E+03  0.4917E+03  0.0000E+00
   0.0
   4.617E-16
  -4.934E-16
  -1.439E-16
  -2.249E-16
   9.869E-16
   1.067E-15
   2.05E-16
   -7.785E-16
   1.5994040296310373E-15
   1.6449999999999999E-16
   7.539662901394642E-16
   -0.2161    -0.2016    0.9553
   0.839    0.4621    0.2874
   -0.4994    0.8636    0.06929
 Node:         26
  0.1363E+03  0.1200E+03  0.5055E+03  0.0000E+00
   9.869E-16
   1.859E-16
  -2.714E-15
   4.797E-17
  -1.943E-15
  -2.467E-16
   1.006E-15
   8.09E-16
   -3.789E-15
   4.699597748744035E-15
   -6.579999999999999E-16
   2.215411624657293E-15
   0.968    0.1526    -0.1995
   0.2481    -0.4578    0.8538
   -0.03892    0.8759    0.4809
 Node:         27
  0.1343E+03  0.1203E+03  0.5192E+03  0.0000E+00
   9.869E-16
  -3.358E-16
   9.869E-16
  -1.799E-16
   2.27E-15
   0.0
   2.89E-15
   9.15E-16
   -1.831E-15
   4.1066398673367985E-15
   6.58E-16
   1.9358885987232494E-15
   -0.1931    0.7658    0.6135
   0.9808    0.1345    0.1409
   0.02534    0.6289    -0.7771
 Node:         28
  0.1155E+03  0.1124E+03  0.4931E+03 -0.5253E+00
  -1.051
   1.462E-16
  -1.051
  -2.126E-16
   2.126E-16
  -1.051
   -1.051
   -1.051
   -1.051
   0.0
   -1.051
   0.0
   0.0    0.3455    0.9384
   0.212    0.9171    -0.3376
   -0.9773    0.1989    -0.07323
 Node:         29
  0.1119E+03  0.1139E+03  0.5068E+03 -0.5253E+00
  -1.051
  -7.972E-17
  -1.051
   2.126E-16
   2.657E-17
  -1.051
   -1.051
   -1.051
   -1.051
   0.0
   -1.051
   0.0
   -0.05615    -0.9644    -0.2585
   -0.8193    0.1925    -0.5402
   0.5707    0.1815    -0.8009
 Node:         30
  0.1113E+03  0.1159E+03  0.5206E+03 -0.5253E+00
  -1.051
   4.783E-16
  -1.051
   1.457E-32
  -1.063E-16
  -1.051
   -1.051
   -1.051
   -1.051
   0.0
   -1.051
   0.0
   -0.8995    -0.4153    -0.1354
   0.0    -0.31    0.9507
   0.4369    -0.8552    -0.2788
 Node:         31
  0.1203E+03  0.1126E+03  0.4920E+03 -0.5253E+00
  -1.051
   3.72E-16
  -1.051
   1.063E-16
   1.594E-16
  -1.051
   -1.051
   -1.051
   -1.051
   0.0
   -1.051
   0.0
   1.0    0.0    0.0
   0.0    -0.9791    0.2035
   0.0    -0.2035    -0.9791
 Node:         32
  0.1188E+03  0.1134E+03  0.5062E+03 -0.5253E+00
  -1.051
  -5.315E-17
  -1.051
  -1.063E-16
   3.72E-16
  -1.051
   -1.051
   -1.051
   -1.051
   0.0
   -1.051
   0.0
   0.9693    -0.1134    -0.218
   0.2372    0.2003    0.9506
   -0.06413    -0.9731    0.2211
 Node:         33
  0.1183E+03  0.1150E+03  0.5201E+03 -0.5253E+00
  -1.051
   2.126E-16
  -1.051
   3.189E-16
  -1.943E-32
  -1.051
   -1.051
   -1.051
   -1.051
   0.0
   -1.051
   0.0
   -0.638    0.2543    -0.7268
   0.7538    0.3988    -0.5222
   0.1571    -0.8811    -0.4461
 Node:         34
  0.1255E+03  0.1129E+03  0.4909E+03 -0.5253E+00
  -1.051
  -2.266E-32
  -1.051
   2.126E-16
   3.72E-16
  -1.051
   -1.051
   -1.051
   -1.051
   0.0
   -1.051
   0.0
   0.5972    0.5072    0.6214
   -0.6544    0.756    0.01197
   -0.4637    -0.4138    0.7834
 Node:         35
  0.1260E+03  0.1135E+03  0.5054E+03 -0.5253E+00
  -1.051
   4.252E-16
  -1.051
   4.252E-16
   9.567E-16
  -1.051
   -1.051
   -1.051
   -1.051
   0.0
   -1.051
   0.0
   0.8089    0.3897    0.4402
   -0.5747    0.3665    0.7317
   0.1238    -0.8449    0.5204
 Node:         36
  0.1257E+03  0.1153E+03  0.5196E+03 -0.5253E+00
  -1.051
  -2.126E-16
  -1.051
  -2.126E-16
   3.189E-16
  -1.051
   -1.051
   -1.051
   -1.051
   0.0
   -1.051
   0.0
   -0.9876    0.104    -0.1173
   0.0    0.7482    0.6635
   -0.1567    -0.6553    0.7389
 Node:         37
  0.1132E+03  0.1210E+03  0.4959E+03 -0.5253E+00
  -1.051
   5.315E-16
  -1.051
  -3.189E-16
   6.909E-16
  -1.051
   -1.051
   -1.051
   -1.051
   0.0
   -1.051
   0.0
   -0.7005    -0.7041    -0.1163
   0.1452    0.01895    -0.9892
   0.6987    -0.7098    0.08894
 Node:         38
  0.1111E+03  0.1204E+03  0.5085E+03 -0.5253E+00
  -1.051
   3.72E-16
  -1.051
  -1.063E-16
  -3.189E-16
  -1.051
   -1.051
   -1.051
   -1.051
   0.0
   -1.051
   0.0
   0.1354    0.9839    -0.1163
   0.9752    -0.1117    0.191
   -0.1749    0.1392    0.9747
 Node:         39
  0.1119E+03  0.1201E+03  0.5207E+03 -0.5253E+00
  -1.051
  -3.72E-16
  -1.051
  -3.189E-16
  -2.923E-16
  -1.051
   -1.051
   -1.051
   -1.051
   0.0
   -1.051
   0.0
   0.9637    0.03212    -0.265
   0.2598    -0.3417    0.9032
   -0.06155    -0.9393    -0.3376
 Node:         40
  0.1191E+03  0.1220E+03  0.4937E+03 -0.5253E+00
  -1.051
   3.189E-16
  -1.051
   3.189E-16
  -5.315E-17
  -1.051
   -1.051
   -1.051
   -1.051
   0.0
   -1.051
   0.0
   -0.9842    -0.1084    -0.1397
   0.0    -0.79    0.6131
   0.1769    -0.6035    -0.7775
 Node:         41
  0.1182E+03  0.1217E+03  0.5073E+03 -0.5253E+00
  -1.051
  -1.063E-16
  -1.051
   2.126E-16
   3.72E-16
  -1.051
   -1.051
   -1.051
   -1.051
   0.0
   -1.051
   0.0
   0.0    -0.08075    -0.9967
   1.0    0.0    0.0
   0.0    0.9967    -0.08075
 Node:         42
  0.1187E+03  0.1212E+03  0.5204E+03 -0.5253E+00
  -1.051
  -2.126E-16
  -1.051
   1.295E-32
   2.126E-16
  -1.051
   -1.051
   -1.051
   -1.051
   0.0
   -1.051
   0.0
   0.0    0.0236    0.9997
   1.0    0.0    0.0
   0.0    -0.9997    0.0236
 Node:         43
  0.1258E+03  0.1217E+03  0.4915E+03 -0.5253E+00
  -1.051
   4.252E-16
  -1.051
  -5.315E-17
   6.475E-33
  -1.051
   -1.051
   -1.051
   -1.051
   0.0
   -1.051
   0.0
   0.8302    -0.5213    -0.1973
   -0.5574    -0.7765    -0.2939
   0.0    -0.354    0.9352
 Node:         44
  0.1259E+03  0.1220E+03  0.5059E+03 -0.5253E+00
  -1.051
   5.315E-16
  -1.051
   3.72E-16
   4.252E-16
  -1.051
   -1.051
   -1.051
   -1.051
   0.0
   -1.051
   0.0
   0.8126    -0.5082    -0.2854
   0.4335    0.1996    0.8788
   0.3896    0.8378    -0.3825
 Node:         45
  0.1261E+03  0.1221E+03  0.5198E+03 -0.5253E+00
  -1.051
  -3.189E-16
  -1.051
   1.063E-16
  -2.657E-17
  -1.051
   -1.051
   -1.051
   -1.051
   0.0
   -1.051
   0.0
   0.08655    0.002426    0.9962
   -0.9833    0.1612    0.08503
   -0.1604    -0.9869    0.01633
 Node:         46
  0.1117E+03  0.1296E+03  0.4959E+03  0.0000E+00
  -2.467E-16
   4.797E-17
  -7.401E-16
   1.199E-17
  -4.497E-17
   0.0
   3.057E-18
   -2.423E-16
   -7.476E-16
   6.629532710146319E-16
   -3.2894766666666664E-16
   3.125191690294995E-16
   0.03676    -0.058    0.9976
   0.9946    0.09864    -0.03092
   -0.09662    0.9934    0.06131
 Node:         47
  0.1107E+03  0.1269E+03  0.5087E+03  0.0000E+00
  -7.401E-16
  -5.397E-17
   4.934E-16
  -4.797E-17
   6.896E-17
   0.0
   5.058E-16
   -7.273E-18
   -7.452E-16
   1.0892155802819752E-15
   -8.222433333333333E-17
   5.1346114866095E-16
   -0.04821    0.9891    0.1394
   -0.05424    -0.142    0.9884
   -0.9974    -0.04009    -0.06049
 Node:         48
  0.1125E+03  0.1242E+03  0.5208E+03  0.0000E+00
   4.934E-16
   5.997E-18
   4.934E-16
   0.0
  -2.998E-18
   4.934E-16
   5.001E-16
   4.934E-16
   4.867E-16
   1.1604740410711462E-17
   4.934E-16
   5.470527092215756E-18
   -0.6325    -0.7071    0.3162
   0.4472    -2.276E-15    0.8944
   0.6325    -0.7071    -0.3162
 Node:         49
  0.1186E+03  0.1311E+03  0.4938E+03  0.0000E+00
  -7.401E-16
  -3.598E-17
   0.0
  -7.196E-17
  -1.049E-17
  -2.467E-16
   1.947E-18
   -2.366E-16
   -7.523E-16
   6.677348643803167E-16
   -3.2898433333333336E-16
   3.1477323375866775E-16
   0.04561    -0.9985    0.02894
   -0.143    0.02215    0.9895
   -0.9887    -0.04926    -0.1418
 Node:         50
  0.1180E+03  0.1298E+03  0.5075E+03  0.0000E+00
   0.0
  -2.249E-17
   1.48E-15
  -7.196E-17
   2.155E-17
   9.869E-16
   1.482E-15
   9.91E-16
   -5.513E-18
   1.3127859849072886E-15
   8.224956666666666E-16
   6.188532481164029E-16
   0.01739    -0.9988    -0.04603
   -0.07128    -0.04716    0.9963
   0.9973    0.01405    0.07201
 Node:         51
  0.1192E+03  0.1275E+03  0.5206E+03  0.0000E+00
   0.0
  -5.997E-18
  -2.467E-16
   0.0
   2.549E-17
   4.934E-16
   4.943E-16
   1.449E-19
   -2.477E-16
   6.54286006770747E-16
   8.22483E-17
   3.0843338148204166E-16
   -4.17E-4    0.03438    0.9994
   0.9997    -0.02416    0.001248
   0.02418    0.9991    -0.03436
 Node:         52
  0.1262E+03  0.1305E+03  0.4920E+03  0.0000E+00
   4.934E-16
  -2.399E-17
   4.934E-16
   2.249E-18
   8.48E-18
   0.0
   5.175E-16
   4.696E-16
   -1.6E-19
   4.95449666061044E-16
   3.2898E-16
   2.335572124055831E-16
   -0.7061    0.708    0.008534
   0.7081    0.706    0.01614
   -0.005403    -0.01744    0.9998
 Node:         53
  0.1258E+03  0.1304E+03  0.5063E+03  0.0000E+00
  -7.401E-16
  -2.998E-18
  -4.934E-16
   4.797E-17
   5.847E-17
  -9.869E-16
   -4.866E-16
   -7.314E-16
   -1.002E-15
   4.465358664206045E-16
   -7.399999999999999E-16
   2.104990261260132E-16
   0.0104    0.9931    0.1171
   -0.9836    0.03123    -0.1776
   -0.18    -0.1133    0.9771
 Node:         54
  0.1265E+03  0.1288E+03  0.5200E+03  0.0000E+00
  -9.869E-16
   3.598E-17
   4.934E-16
   0.0
  -7.496E-18
   4.934E-16
   5.014E-16
   4.864E-16
   -9.877E-16
   1.4816569474746847E-15
   3.3333333333314155E-20
   6.984597833010066E-16
   0.01758    0.7272    -0.6862
   0.01675    0.686    0.7274
   -0.9997    0.02428    1.229E-4
 Node:         55
  0.1383E+03  0.1168E+03  0.4551E+03 -0.1083E-01
   0.1073
  -0.02668
   0.01022
   0.02569
   0.08938
   0.004103
   0.1192
   0.0865
   -0.09182
   0.19671902907446448
   0.03796
   0.09273423963132495
   -0.04924    0.749    0.6607
   0.9852    -0.07235    0.1554
   0.1642    0.6586    -0.7343
 Node:         56
  0.1315E+03  0.1156E+03  0.4698E+03 -0.1083E-01
   0.1036
   0.01864
  -0.004839
   0.08442
  -0.02614
  -0.01608
   0.1379
   0.01138
   -0.07186
   0.1829418836680108
   0.02580666666666667
   0.0862396310031273
   -0.8945    0.01074    -0.4469
   -0.2015    -0.9021    0.3816
   -0.3991    0.4314    0.8091
 Node:         57
  0.1285E+03  0.1140E+03  0.4824E+03 -0.1083E-01
   0.139
   0.03098
  -0.02286
   0.0245
  -0.01841
  -0.02248
   0.1463
   -0.004618
   -0.049
   0.17732469462542438
   0.030894
   0.08359166269431421
   -0.9806    -0.1567    -0.1177
   0.02452    -0.6939    0.7197
   -0.1944    0.7028    0.6843
 Node:         58
  0.1491E+03  0.1178E+03  0.4544E+03 -0.1083E-01
   0.1155
  -0.1122
   0.03109
   0.04076
   0.03492
   0.002508
   0.1855
   0.03685
   -0.07064
   0.22277637015626228
   0.050570000000000004
   0.10501778801707833
   -0.8136    0.5811    -0.01732
   0.3166    0.4678    0.8252
   0.4877    0.6659    -0.5646
 Node:         59
  0.1427E+03  0.1169E+03  0.4703E+03 -0.1083E-01
   0.1076
  -0.1353
   0.02169
   0.1299
  -0.01618
  -0.01405
   0.2804
   -0.01362
   -0.1043
   0.3483279437541582
   0.054159999999999986
   0.16420336740355437
   -0.811    0.469    -0.3496
   0.1191    0.7175    0.6863
   0.5727    0.515    -0.6378
 Node:         60
  0.1376E+03  0.1150E+03  0.4833E+03 -0.1083E-01
   0.1399
  -0.01706
  -0.01537
   0.04095
  -0.01229
  -0.02358
   0.1493
   -0.01493
   -0.03625
   0.1758619313552538
   0.03270666666666666
   0.08290210947590872
   -0.966    0.122    -0.2278
   0.2027    0.9044    -0.3754
   -0.1602    0.4089    0.8984
 Node:         61
  0.1564E+03  0.1223E+03  0.4525E+03 -0.1083E-01
   0.05369
  -0.1673
   0.1152
  -0.184
   0.2789
  -0.07164
   0.8837
   -0.06249
   -0.2655
   1.0623439217598039
   0.18523666666666663
   0.5007937273524455
   0.5562    -0.7313    -0.3948
   0.8258    0.4329    0.3614
   -0.09339    -0.527    0.8447
 Node:         62
  0.1506E+03  0.1206E+03  0.4695E+03 -0.1083E-01
   0.123
  -0.1317
   0.1529
  -0.03148
   0.3256
  -0.08007
   0.7283
   0.06982
   -0.2302
   0.8492143901277226
   0.18930666666666665
   0.4003235026270073
   0.386    -0.8341    -0.394
   0.9087    0.2702    0.3183
   -0.159    -0.4809    0.8623
 Node:         63
  0.1438E+03  0.1181E+03  0.4838E+03 -0.1083E-01
   0.1599
  -0.05691
  -0.01013
   0.005584
  -0.00633
  -0.03293
   0.1893
   -0.02466
   -0.03316
   0.21833412834460855
   0.043826666666666673
   0.1029236951446178
   -0.9584    0.2835    -0.03195
   0.2396    0.7392    -0.6294
   0.1548    0.6109    0.7764
 Node:         64
  0.1417E+03  0.1252E+03  0.4525E+03 -0.1083E-01
   0.1035
   0.05357
   0.01672
  -0.03983
   0.0383
  -0.02812
   0.1217
   0.03836
   -0.0706
   0.16702863107862675
   0.029820000000000003
   0.07873805179200206
   -0.8853    -0.4618    0.0548
   -0.3331    0.712    0.6181
   -0.3245    0.529    -0.7842
 Node:         65
  0.1343E+03  0.1229E+03  0.4685E+03 -0.1083E-01
   0.1178
   0.01512
   0.007399
  -0.01083
   0.01592
  -0.0216
   0.1011
   0.016
   -0.03113
   0.11607760292149386
   0.028656666666666664
   0.054719506779778465
   -0.9872    -0.1503    0.0538
   -0.1124    0.8936    0.4345
   -0.1134    0.4229    -0.8991
 Node:         66
  0.1299E+03  0.1214E+03  0.4825E+03 -0.1083E-01
   0.148
  -5.079E-4
  -0.01814
   0.005569
  -0.004229
  -0.02199
   0.1453
   -0.01578
   -0.02478
   0.1657633445608528
   0.034913333333333345
   0.07814159000742747
   -0.9995    0.004171    -0.03216
   0.02123    0.8339    -0.5514
   0.02452    -0.5518    -0.8336
 Node:         67
  0.1506E+03  0.1243E+03  0.4519E+03 -0.1083E-01
   0.09839
  -0.007304
   0.02324
  -0.09876
   0.02866
  -0.01907
   0.1461
   0.03083
   -0.07083
   0.1879900973455783
   0.035366666666666664
   0.08861938175265173
   -0.8427    0.2411    0.4814
   -0.3175    -0.9447    -0.08256
   0.4348    -0.2224    0.8726
 Node:         68
  0.1440E+03  0.1225E+03  0.4686E+03 -0.1083E-01
   0.108
  -0.1618
   0.029
  -0.05285
  -0.007183
  -0.008512
   0.2543
   5.312E-4
   -0.09513
   0.3127706779246418
   0.053233733333333345
   0.14744151154455187
   -0.8046    0.5817    0.1196
   -0.1283    -0.3669    0.9214
   0.5798    0.7259    0.3699
 Node:         69
  0.1380E+03  0.1205E+03  0.4831E+03 -0.1083E-01
   0.1495
  -0.04788
  -0.01186
   8.548E-4
  -2.734E-5
  -0.02118
   0.1613
   -0.0206
   -0.02511
   0.1841964144602169
   0.03853
   0.0868310224900448
   -0.965    0.2623    -0.004327
   0.006595    0.04075    0.9991
   0.2622    0.9641    -0.04105
 Node:         70
  0.1566E+03  0.1246E+03  0.4519E+03 -0.1083E-01
   0.1328
   0.1339
   0.009551
  -0.1294
   0.02491
  -2.201E-4
   0.2647
   0.03223
   -0.1172
   0.3333310935091415
   0.05990999999999999
   0.1571337844004274
   -0.8634    -0.3737    0.339
   -0.03443    0.714    0.6993
   -0.5034    0.5921    -0.6293
 Node:         71
  0.1508E+03  0.1226E+03  0.4691E+03 -0.1083E-01
   0.1462
  -0.2145
   0.03154
  -0.08621
   0.049
  -0.008579
   0.3799
   -0.03162
   -0.1127
   0.4574808393801865
   0.07852666666666668
   0.21565853585909578
   -0.8017    0.5465    0.2422
   0.1542    -0.2025    0.9671
   0.5775    0.8126    0.07812
 Node:         72
  0.1436E+03  0.1199E+03  0.4837E+03 -0.1083E-01
   0.1573
  -0.08896
  -0.009923
  -0.006855
   0.01455
  -0.02147
   0.2062
   -0.01746
   -0.04943
   0.2412390654516801
   0.04643666666666666
   0.11372118604532559
   -0.923    0.381    0.05469
   0.1745    0.2875    0.9417
   0.343    0.8788    -0.3318
 Node:         73
  0.1455E+03  0.1335E+03  0.4513E+03  0.0000E+00
   0.1829
  -0.1006
  -0.02067
   0.0292
  -0.02636
   0.002725
   0.2733
   -5.469E-4
   -0.05415
   0.3042112090877159
   0.0728677
   0.14340653923925503
   -0.9304    0.3329    -0.1534
   0.2201    0.1725    -0.9601
   0.2931    0.9271    0.2337
 Node:         74
  0.1374E+03  0.1305E+03  0.4679E+03  0.0000E+00
   0.2007
  -0.08021
  -0.01295
   0.00184
  -0.04021
   0.01603
   0.2534
   0.03489
   -0.04806
   0.2697271345267287
   0.08007666666666667
   0.1271505905959107
   -0.9563    0.2848    -0.06587
   -0.1925    -0.444    0.8751
   0.2199    0.8496    0.4794
 Node:         75
  0.1314E+03  0.1289E+03  0.4826E+03  0.0000E+00
   0.1816
  -0.01705
  -0.001454
  -0.01259
  -0.006269
   0.001175
   0.1904
   0.006144
   -0.008526
   0.19201176514995116
   0.06267266666666667
   0.09051521413675286
   -0.9944    0.08488    0.06333
   -0.004053    -0.6281    0.7782
   0.1058    0.7735    0.6249
 Node:         76
  0.1522E+03  0.1308E+03  0.4505E+03  0.0000E+00
   0.1719
  -0.1264
  -0.02862
   0.02244
   0.009612
   0.005483
   0.2813
   0.009312
   -0.07475
   0.3223472463726036
   0.071954
   0.15195594920458583
   -0.9295    0.3618    -0.07205
   0.01518    0.2327    0.9724
   0.3686    0.9028    -0.2218
 Node:         77
  0.1452E+03  0.1282E+03  0.4676E+03  0.0000E+00
   0.2274
  -0.08627
  -0.008168
   0.03869
  -0.02342
   0.004049
   0.3137
   -5.49E-4
   -0.03201
   0.3311024257099304
   0.09371366666666665
   0.1560831803245379
   -0.9526    0.2662    -0.1471
   0.2125    0.2363    -0.9482
   0.2176    0.9345    0.2817
 Node:         78
  0.1385E+03  0.1261E+03  0.4828E+03  0.0000E+00
   0.1956
  -9.616E-4
  -4.989E-4
   0.002054
  -0.004901
  -7.441E-6
   0.2097
   0.004354
   -0.0048
   0.2100726367616687
   0.06975133333333333
   0.09902919066394289
   -0.9999    0.004894    -0.009944
   0.01057    0.6918    -0.722
   -0.003346    0.7221    0.6918
 Node:         79
  0.1564E+03  0.1266E+03  0.4513E+03  0.0000E+00
   0.1685
   0.3579
  -0.003839
  -0.1727
   0.02473
  -0.0583
   0.9604
   -0.02392
   -0.3136
   1.1566927778801077
   0.20762666666666665
   0.5452702046590194
   -0.876    -0.4628    -0.1356
   0.054    -0.3735    0.926
   -0.4792    0.8039    0.3522
 Node:         80
  0.1506E+03  0.1244E+03  0.4686E+03  0.0000E+00
   0.2341
   0.207
   0.001496
   0.2935
  -0.008053
  -0.07274
   1.029
   -0.01429
   -0.2126
   1.155281662669325
   0.26737
   0.5446049985692994
   -0.9178    -0.3154    0.2413
   -0.04264    0.6824    0.7297
   -0.3948    0.6594    -0.6398
 Node:         81
  0.1434E+03  0.1218E+03  0.4836E+03  0.0000E+00
   0.1991
   0.0137
  -8.566E-5
   0.02023
   0.01195
  -0.03523
   0.2641
   0.001978
   -0.03127
   0.2802292001986945
   0.07826933333333333
   0.13210131183131968
   -0.9953    -0.06765    -0.06987
   -0.08525    0.9526    0.292
   -0.04681    -0.2966    0.9539
 Node:         82
  0.1267E+03  0.1149E+03  0.4583E+03 -0.8336E-01
  -0.03573
  -0.01922
  -0.1401
   0.04045
   0.08951
  -0.1615
   -0.02132
   -0.07299
   -0.2414
   0.19933254049452137
   -0.11190333333333334
   0.09396626072987875
   0.9615    0.09534    0.2579
   0.2374    -0.761    -0.6038
   0.1387    0.6417    -0.7543
 Node:         83
  0.1234E+03  0.1130E+03  0.4730E+03 -0.8336E-01
  -0.03813
   0.01296
  -0.1552
   0.1419
   0.03731
  -0.1903
   0.05598
   -0.1726
   -0.2509
   0.2761838525330545
   -0.12250666666666667
   0.13019431665356554
   0.8892    0.141    0.4353
   -0.2459    0.9495    0.1947
   -0.3858    -0.2802    0.879
 Node:         84
  0.1187E+03  0.1123E+03  0.4850E+03 -0.8336E-01
   1.488E-4
   0.004017
  -0.1659
   0.04591
  -7.721E-4
  -0.1876
   0.01133
   -0.1739
   -0.1895
   0.19350219869551868
   -0.11735666666666666
   0.09121781124807199
   0.9812    0.0175    0.1923
   -0.001462    0.9965    -0.08324
   -0.1931    0.08139    0.9778
 Node:         85
  0.1303E+03  0.1162E+03  0.4570E+03 -0.8336E-01
  -0.03424
  -0.01428
  -0.1355
   0.06155
   0.1314
  -0.1625
   0.0112
   -0.05012
   -0.2727
   0.25874814859241024
   -0.10387333333333333
   0.1219750469927718
   0.707    0.4769    0.5222
   0.6927    -0.6156    -0.3758
   0.1422    0.6274    -0.7656
 Node:         86
  0.1252E+03  0.1139E+03  0.4714E+03 -0.8336E-01
  -0.01783
   0.106
  -0.1171
   0.3118
   0.1187
  -0.1857
   0.3538
   -0.1855
   -0.3171
   0.615739336083054
   -0.0496
   0.29026230665842007
   0.8037    0.3612    0.473
   -0.3815    0.9227    -0.05637
   -0.4567    -0.1351    0.8793
 Node:         87
  0.1217E+03  0.1126E+03  0.4834E+03 -0.8336E-01
  -0.005099
   0.00239
  -0.1651
   0.05879
  -0.00893
  -0.1858
   0.01286
   -0.1716
   -0.1965
   0.1980872423958696
   -0.11841333333333333
   0.09337922157644185
   0.9703    -0.003694    0.2419
   0.0804    0.948    -0.3081
   -0.2281    0.3184    0.9201
 Node:         88
  0.1338E+03  0.1169E+03  0.4553E+03 -0.8336E-01
  -0.05976
  -0.02023
  -0.149
   0.03003
   0.1441
  -0.1247
   0.01094
   -0.04598
   -0.2796
   0.2666755354358551
   -0.10488000000000001
   0.12571205298883106
   0.1511    0.7116    0.6861
   -0.984    0.1743    0.036
   -0.09395    -0.6806    0.7266
 Node:         89
  0.1270E+03  0.1150E+03  0.4698E+03 -0.8336E-01
  -0.07255
   0.03701
  -0.1594
   0.1089
   0.02735
  -0.1713
   0.01064
   -0.19
   -0.2319
   0.22454138950313815
   -0.13708666666666666
   0.10584982611647924
   0.878    0.2214    0.4243
   -0.2854    0.9539    0.09291
   -0.3842    -0.2027    0.9007
 Node:         90
  0.1248E+03  0.1132E+03  0.4823E+03 -0.8336E-01
  -0.013
   0.03544
  -0.1717
   0.03064
  -0.01705
  -0.1714
   -0.001283
   -0.1618
   -0.1985
   0.181668850354154
   -0.12052766666666666
   0.08563951734385761
   0.9802    0.1509    0.1282
   -0.01397    0.6984    -0.7155
   -0.1975    0.6996    0.6867
 Node:         91
  0.1263E+03  0.1270E+03  0.4555E+03 -0.8336E-01
  -0.02356
   0.1124
  -0.1137
   0.01003
   0.1058
  -0.1625
   0.08041
   -0.1026
   -0.2457
   0.2831236498422553
   -0.08929666666666668
   0.13346576847849623
   0.7757    0.561    0.289
   -0.5863    0.4711    0.6591
   0.2336    -0.6807    0.6943
 Node:         92
  0.1211E+03  0.1239E+03  0.4730E+03 -0.8336E-01
  -0.03805
   0.02917
  -0.1363
   0.03905
   0.08486
  -0.1518
   7.669E-4
   -0.09686
   -0.2284
   0.1991874133312896
   -0.10816436666666666
   0.09389784712904171
   0.8366    0.3973    0.3772
   -0.5471    0.6413    0.538
   -0.02817    -0.6565    0.7538
 Node:         93
  0.1160E+03  0.1217E+03  0.4877E+03 -0.8336E-01
  -0.002065
  -0.007301
  -0.1641
   0.02545
   0.02331
  -0.169
   0.001807
   -0.1489
   -0.1899
   0.1748501840119135
   -0.112331
   0.08242516720435979
   0.9926    -0.01605    0.1201
   0.06719    -0.752    -0.6557
   0.1009    0.659    -0.7454
 Node:         94
  0.1319E+03  0.1270E+03  0.4545E+03 -0.8336E-01
  -0.03711
   0.08964
  -0.11
  -0.03829
   0.1124
  -0.1368
   0.03333
   -0.04483
   -0.2465
   0.2500845890893719
   -0.08600000000000001
   0.11789100587689744
   -0.7382    -0.609    -0.29
   -0.6214    0.4469    0.6435
   -0.2623    0.6552    -0.7084
 Node:         95
  0.1253E+03  0.1239E+03  0.4710E+03 -0.8336E-01
  -0.06776
  -0.005482
  -0.1379
   0.02424
   0.05628
  -0.1202
   -0.04646
   -0.08904
   -0.1994
   0.13671691482768325
   -0.11163333333333332
   0.06444897171837231
   0.9441    0.1507    0.2932
   0.3139    -0.6826    -0.6599
   0.1007    0.7151    -0.6918
 Node:         96
  0.1205E+03  0.1223E+03  0.4852E+03 -0.8336E-01
  -0.006822
  -0.006618
  -0.1645
   0.02833
   0.01383
  -0.167
   -0.001826
   -0.158
   -0.1832
   0.1701791499449918
   -0.114342
   0.08022322062844399
   0.9903    -0.01908    0.1377
   0.07364    -0.7682    -0.6359
   0.1179    0.6399    -0.7594
 Node:         97
  0.1374E+03  0.1262E+03  0.4531E+03 -0.8336E-01
  -0.08601
   0.06121
  -0.1071
  -0.01554
   0.1246
  -0.1518
   0.01515
   -0.07291
   -0.2698
   0.2527021351314626
   -0.10918666666666665
   0.11912492891451766
   -0.458    -0.7256    -0.5135
   0.8738    -0.2613    -0.4101
   -0.1634    0.6365    -0.7537
 Node:         98
  0.1299E+03  0.1234E+03  0.4688E+03 -0.8336E-01
  -0.05974
   0.02893
  -0.1275
   0.04641
   0.08478
  -0.1561
   -0.005217
   -0.105
   -0.2339
   0.19857967113730451
   -0.11470566666666666
   0.09361135471132169
   0.7824    0.4545    0.4257
   -0.6205    0.6271    0.4709
   -0.05289    -0.6326    0.7727
 Node:         99
  0.1260E+03  0.1218E+03  0.4827E+03 -0.8336E-01
  -0.002509
   0.006744
  -0.1626
   0.01536
   0.001253
  -0.1683
   -7.98E-4
   -0.1665
   -0.1699
   0.16742789374533742
   -0.11239933333333334
   0.07892626601807257
   0.9965    0.03487    0.0759
   -0.04881    0.9805    0.1904
   -0.06778    -0.1935    0.9788
 Node:        100
  0.1259E+03  0.1386E+03  0.4532E+03  0.0000E+00
   0.1813
  -0.0132
   0.009812
  -0.001278
   0.004673
  -0.01047
   0.1898
   0.01036
   -0.01031
   0.190617384569194
   0.06328333333333334
   0.0898578968272807
   -0.9969    0.07823    0.008166
   0.07813    0.973    0.2172
   -0.009042    -0.2171    0.9761
 Node:        101
  0.1191E+03  0.1345E+03  0.4716E+03  0.0000E+00
   0.1843
   5.375E-4
   0.01006
  -0.03187
  -0.006488
  -0.01277
   0.2017
   0.01211
   -0.0167
   0.2055151383718484
   0.06570333333333334
   0.09688076531948375
   -0.99    -0.009903    0.1408
   -0.03941    0.9773    -0.2084
   -0.1355    -0.2118    -0.9679
 Node:        102
  0.1139E+03  0.1313E+03  0.4875E+03  0.0000E+00
   0.1767
  -0.003585
  -8.444E-4
  -0.01397
  -0.01691
  -0.002436
   0.1834
   0.01508
   -0.01872
   0.18751874146335348
   0.05992000000000001
   0.08839718245886952
   -0.9972    0.01009    0.0738
   0.04219    -0.74    0.6713
   0.06138    0.6726    0.7375
 Node:        103
  0.1337E+03  0.1375E+03  0.4525E+03  0.0000E+00
   0.1835
  -0.03706
   0.01935
  -0.02345
   0.01196
  -0.009432
   0.201
   0.01376
   -0.01248
   0.20164457046992365
   0.06742666666666668
   0.09505616211248778
   -0.968    0.2232    0.1143
   0.2451    0.9382    0.2441
   0.0528    -0.2643    0.963
 Node:        104
  0.1257E+03  0.1338E+03  0.4701E+03  0.0000E+00
   0.188
  -0.02216
   0.009829
  -0.05958
  -0.008359
  -0.004633
   0.2184
   0.01365
   -0.02405
   0.22597107668903116
   0.06933333333333334
   0.10652378711922621
   -0.9656    0.09183    0.2434
   0.008781    -0.9236    0.3833
   0.26    0.3723    0.891
 Node:        105
  0.1201E+03  0.1317E+03  0.4854E+03  0.0000E+00
   0.1765
  -0.01028
  -0.001748
  -0.02167
  -0.01788
  -0.001575
   0.1857
   0.01596
   -0.02129
   0.1911074177000987
   0.060123333333333334
   0.09008890066052655
   -0.993    0.0399    0.1108
   0.04638    -0.7322    0.6795
   0.1082    0.6799    0.7253
 Node:        106
  0.1413E+03  0.1353E+03  0.4517E+03  0.0000E+00
   0.1843
  -0.02597
   4.36E-4
  -0.003856
  -0.04834
  -0.00468
   0.2004
   0.04508
   -0.04771
   0.21713228525486486
   0.06592333333333333
   0.10235714087883117
   -0.9903    0.1378    -0.01894
   -0.1135    -0.7221    0.6825
   0.08036    0.678    0.7307
 Node:        107
  0.1330E+03  0.1320E+03  0.4683E+03  0.0000E+00
   0.1956
  -0.0285
  -0.003124
  -0.04014
  -0.06346
   0.008386
   0.2184
   0.06567
   -0.06027
   0.2417067493885928
   0.07460000000000001
   0.11394165436748759
   -0.9842    0.05704    0.1677
   0.07672    -0.7159    0.6939
   0.1596    0.6958    0.7002
 Node:        108
  0.1273E+03  0.1304E+03  0.4831E+03  0.0000E+00
   0.1782
  -0.0145
  -0.00175
  -0.02155
  -0.01243
   5.472E-4
   0.1874
   0.01164
   -0.01575
   0.1909341669267185
   0.06109666666666667
   0.09000722946272459
   -0.9918    0.06559    0.11
   0.03236    -0.7028    0.7106
   0.1239    0.7083    0.6949
 Node:        109
  0.1018E+03  0.1092E+03  0.4946E+03 -0.1180E+00
  -0.2361
   3.054E-16
  -0.2361
   1.222E-16
  -3.054E-17
  -0.2361
   -0.2361
   -0.2361
   -0.2361
   0.0
   -0.2361
   0.0
   -0.3089    -0.9499    0.04831
   0.3373    -0.06191    0.9394
   0.8893    -0.3064    -0.3395
 Node:        110
  0.1058E+03  0.1118E+03  0.5081E+03 -0.1180E+00
  -0.2361
   6.108E-17
  -0.2361
  -3.054E-17
  -1.145E-16
  -0.2361
   -0.2361
   -0.2361
   -0.2361
   0.0
   -0.2361
   0.0
   -0.0491    -0.02766    0.9984
   -0.8019    -0.5948    -0.05591
   0.5954    -0.8034    0.007023
 Node:        111
  0.1108E+03  0.1137E+03  0.5210E+03 -0.1180E+00
  -0.2361
   1.222E-16
  -0.2361
  -6.108E-17
   7.176E-16
  -0.2361
   -0.2361
   -0.2361
   -0.2361
   0.0
   -0.2361
   0.0
   0.0611    0.9185    0.3907
   -0.9723    -0.03379    0.2315
   0.2258    -0.394    0.8909
 Node:        112
  0.1072E+03  0.1111E+03  0.4942E+03 -0.1180E+00
  -0.2361
   3.054E-16
  -0.2361
  -1.818E-33
   3.054E-17
  -0.2361
   -0.2361
   -0.2361
   -0.2361
   0.0
   -0.2361
   0.0
   0.4646    0.8809    0.09023
   -0.8855    0.4622    0.04734
   0.0    -0.1019    0.9948
 Node:        113
  0.1071E+03  0.1139E+03  0.5077E+03 -0.1180E+00
  -0.2361
   2.4E-32
  -0.2361
   3.665E-16
  -3.359E-16
  -0.2361
   -0.2361
   -0.2361
   -0.2361
   0.0
   -0.2361
   0.0
   -0.03155    -0.7612    0.6478
   0.2173    0.6274    0.7478
   -0.9756    0.1643    0.1456
 Node:        114
  0.1093E+03  0.1164E+03  0.5209E+03 -0.1180E+00
  -0.2361
   2.443E-16
  -0.2361
  -6.108E-17
   1.222E-16
  -0.2361
   -0.2361
   -0.2361
   -0.2361
   0.0
   -0.2361
   0.0
   -0.5695    -0.8219    -0.009218
   -0.3329    0.2204    0.9168
   0.7515    -0.5252    0.3992
 Node:        115
  0.1129E+03  0.1120E+03  0.4932E+03 -0.1180E+00
  -0.2361
  -2.182E-33
  -0.2361
  -1.832E-16
  -6.108E-17
  -0.2361
   -0.2361
   -0.2361
   -0.2361
   0.0
   -0.2361
   0.0
   -0.4742    0.0    0.8804
   0.0    -1.0    0.0
   -0.8804    0.0    -0.4742
 Node:        116
  0.1092E+03  0.1143E+03  0.5068E+03 -0.1180E+00
  -0.2361
   1.145E-16
  -0.2361
   3.665E-16
   4.581E-17
  -0.2361
   -0.2361
   -0.2361
   -0.2361
   0.0
   -0.2361
   0.0
   -0.3619    -0.9314    -0.03989
   -0.8994    0.3601    -0.2478
   0.2451    -0.0538    -0.968
 Node:        117
  0.1089E+03  0.1172E+03  0.5207E+03 -0.1180E+00
  -0.2361
  -1.527E-16
  -0.2361
  -3.054E-16
  -3.665E-16
  -0.2361
   -0.2361
   -0.2361
   -0.2361
   0.0
   -0.2361
   0.0
   -0.1428    -0.2074    0.9678
   -0.9063    0.4204    -0.04369
   -0.3978    -0.8833    -0.248
 Node:        118
  0.1017E+03  0.1094E+03  0.4948E+03 -0.1180E+00
  -0.2361
   1.832E-16
  -0.2361
  -3.054E-16
  -3.97E-16
  -0.2361
   -0.2361
   -0.2361
   -0.2361
   0.0
   -0.2361
   0.0
   -0.2981    -0.4444    0.8448
   0.5062    0.6767    0.5346
   0.8093    -0.587    -0.02326
 Node:        119
  0.1058E+03  0.1120E+03  0.5082E+03 -0.1180E+00
  -0.2361
  -7.635E-17
  -0.2361
   1.222E-16
  -6.489E-17
  -0.2361
   -0.2361
   -0.2361
   -0.2361
   0.0
   -0.2361
   0.0
   0.8471    0.3309    -0.4159
   -0.5307    0.5671    -0.6298
   0.02746    0.7542    0.656
 Node:        120
  0.1109E+03  0.1138E+03  0.5210E+03 -0.1180E+00
  -0.2361
   3.97E-16
  -0.2361
  -4.275E-16
   2.443E-16
  -0.2361
   -0.2361
   -0.2361
   -0.2361
   0.0
   -0.2361
   0.0
   0.9136    0.3371    -0.2273
   -0.1161    -0.3194    -0.9405
   -0.3896    0.8856    -0.2527
 Node:        121
  0.1062E+03  0.1147E+03  0.4959E+03 -0.1180E+00
  -0.2361
  -6.108E-17
  -0.2361
   6.108E-17
  -1.222E-16
  -0.2361
   -0.2361
   -0.2361
   -0.2361
   0.0
   -0.2361
   0.0
